[
  {
    "timeStamp": 14276,
    "rotation": [
      [
        -0.999968231,
        0.007947137,
        0.0005833301
      ],
      [
        0.000248089549,
        -0.04211967,
        0.999112546
      ],
      [
        0.007964653,
        0.999080956,
        0.0421163626
      ]
    ],
    "translation": [
      1.76875734,
      0.7005881,
      -0.6234572
    ]
  },
  {
    "timeStamp": 14321,
    "rotation": [
      [
        -0.999439657,
        -0.00773079274,
        -0.0325661339
      ],
      [
        -0.032211367,
        -0.042271588,
        0.9985868
      ],
      [
        -0.009096487,
        0.999076247,
        0.04199888
      ]
    ],
    "translation": [
      1.76927292,
      0.703841567,
      -0.6237374
    ]
  },
  {
    "timeStamp": 14378,
    "rotation": [
      [
        -0.9998562,
        -0.00708000967,
        -0.0154106431
      ],
      [
        -0.0150879407,
        -0.043570634,
        0.9989364
      ],
      [
        -0.007743929,
        0.9990253,
        0.04345755
      ]
    ],
    "translation": [
      1.769264,
      0.7041987,
      -0.6237201
    ]
  },
  {
    "timeStamp": 14421,
    "rotation": [
      [
        -0.9880871,
        0.034709055,
        -0.14993012
      ],
      [
        -0.150273234,
        -0.0074822437,
        0.988616168
      ],
      [
        0.0331921168,
        0.999369442,
        0.012608951
      ]
    ],
    "translation": [
      1.80778825,
      0.7145369,
      -0.6167579
    ]
  },
  {
    "timeStamp": 14476,
    "rotation": [
      [
        -0.9895223,
        0.04227605,
        -0.1380517
      ],
      [
        -0.137785032,
        0.009171973,
        0.9904197
      ],
      [
        0.04313724,
        0.999063849,
        -0.0032508655
      ]
    ],
    "translation": [
      1.81353557,
      0.7246726,
      -0.615064859
    ]
  },
  {
    "timeStamp": 14521,
    "rotation": [
      [
        -0.990937769,
        0.06485287,
        -0.117628574
      ],
      [
        -0.117131613,
        0.0114257429,
        0.9930507
      ],
      [
        0.06574617,
        0.9978294,
        -0.003725879
      ]
    ],
    "translation": [
      1.81736541,
      0.733785033,
      -0.617121637
    ]
  },
  {
    "timeStamp": 14576,
    "rotation": [
      [
        -0.992262065,
        0.108104758,
        -0.0610679276
      ],
      [
        -0.0622493178,
        -0.007584373,
        0.9980318
      ],
      [
        0.107428819,
        0.9941105,
        0.0142551335
      ]
    ],
    "translation": [
      1.81662786,
      0.750475049,
      -0.624667943
    ]
  },
  {
    "timeStamp": 14621,
    "rotation": [
      [
        -0.988332868,
        0.151236877,
        -0.0180409737
      ],
      [
        -0.0211590659,
        -0.0190332867,
        0.9995949
      ],
      [
        0.150832236,
        0.9883143,
        0.022011254
      ]
    ],
    "translation": [
      1.81875718,
      0.767663,
      -0.62853837
    ]
  },
  {
    "timeStamp": 14676,
    "rotation": [
      [
        -0.9696089,
        0.232948512,
        0.07479063
      ],
      [
        0.0617172569,
        -0.06292359,
        0.996108234
      ],
      [
        0.236748025,
        0.970451236,
        0.0466343239
      ]
    ],
    "translation": [
      1.81777644,
      0.7978348,
      -0.6353151
    ]
  },
  {
    "timeStamp": 14720,
    "rotation": [
      [
        -0.950475752,
        0.2827383,
        0.129054159
      ],
      [
        0.111336537,
        -0.07793135,
        0.9907224
      ],
      [
        0.290172517,
        0.9560261,
        0.0425927565
      ]
    ],
    "translation": [
      1.82369637,
      0.824255,
      -0.63820374
    ]
  },
  {
    "timeStamp": 14776,
    "rotation": [
      [
        -0.9044073,
        0.374300659,
        0.20480831
      ],
      [
        0.1731354,
        -0.116771378,
        0.9779512
      ],
      [
        0.3899635,
        0.9199258,
        0.0408041961
      ]
    ],
    "translation": [
      1.83853507,
      0.8572263,
      -0.638232768
    ]
  },
  {
    "timeStamp": 14821,
    "rotation": [
      [
        -0.855042636,
        0.44518736,
        0.2659141
      ],
      [
        0.224015623,
        -0.145363957,
        0.9636837
      ],
      [
        0.467674136,
        0.8835596,
        0.02456346
      ]
    ],
    "translation": [
      1.85112667,
      0.8844737,
      -0.637921333
    ]
  },
  {
    "timeStamp": 14876,
    "rotation": [
      [
        -0.788299143,
        0.5520713,
        0.271665066
      ],
      [
        0.24833484,
        -0.118492968,
        0.9613996
      ],
      [
        0.5629515,
        0.82533437,
        -0.0436906181
      ]
    ],
    "translation": [
      1.88896573,
      0.908707,
      -0.6269276
    ]
  },
  {
    "timeStamp": 14921,
    "rotation": [
      [
        -0.7106246,
        0.635301352,
        0.302332461
      ],
      [
        0.2849028,
        -0.13306722,
        0.949275255
      ],
      [
        0.6433064,
        0.7607137,
        -0.0864383057
      ]
    ],
    "translation": [
      1.91620445,
      0.930022538,
      -0.6210944
    ]
  },
  {
    "timeStamp": 14976,
    "rotation": [
      [
        -0.619618058,
        0.7338417,
        0.2784776
      ],
      [
        0.29087916,
        -0.114842013,
        0.9498424
      ],
      [
        0.729014933,
        0.669542849,
        -0.142301083
      ]
    ],
    "translation": [
      1.96103942,
      0.9460314,
      -0.6177864
    ]
  },
  {
    "timeStamp": 15021,
    "rotation": [
      [
        -0.5389821,
        0.8093277,
        0.23342447
      ],
      [
        0.2895785,
        -0.0821920857,
        0.953618765
      ],
      [
        0.790975749,
        0.581578135,
        -0.190063849
      ]
    ],
    "translation": [
      2.003281,
      0.953927934,
      -0.614989758
    ]
  },
  {
    "timeStamp": 15076,
    "rotation": [
      [
        -0.446484447,
        0.8721952,
        0.199817836
      ],
      [
        0.286976576,
        -0.0719357058,
        0.9552328
      ],
      [
        0.8475235,
        0.4838396,
        -0.218181416
      ]
    ],
    "translation": [
      2.04339862,
      0.961749256,
      -0.6218727
    ]
  },
  {
    "timeStamp": 15121,
    "rotation": [
      [
        -0.389429778,
        0.9097655,
        0.143774644
      ],
      [
        0.273622334,
        -0.03477894,
        0.9612082
      ],
      [
        0.8794744,
        0.413663059,
        -0.2353882
      ]
    ],
    "translation": [
      2.07596827,
      0.9642506,
      -0.6286734
    ]
  },
  {
    "timeStamp": 15173,
    "rotation": [
      [
        -0.324879467,
        0.940915167,
        0.09556167
      ],
      [
        0.2636305,
        -0.006940616,
        0.9645988
      ],
      [
        0.908268869,
        0.3385713,
        -0.24579908
      ]
    ],
    "translation": [
      2.10670042,
      0.9642348,
      -0.635320246
    ]
  },
  {
    "timeStamp": 15226,
    "rotation": [
      [
        -0.217528045,
        0.9754638,
        0.0339405574
      ],
      [
        0.229264081,
        0.0172636211,
        0.973211169
      ],
      [
        0.9487463,
        0.219482064,
        -0.227394134
      ]
    ],
    "translation": [
      2.14854956,
      0.956828,
      -0.6517688
    ]
  },
  {
    "timeStamp": 15271,
    "rotation": [
      [
        -0.181099266,
        0.9834647,
        0.000379406876
      ],
      [
        0.223878622,
        0.0408502743,
        0.973760545
      ],
      [
        0.9576437,
        0.176432267,
        -0.227574691
      ]
    ],
    "translation": [
      2.16987324,
      0.949927866,
      -0.6575646
    ]
  },
  {
    "timeStamp": 15326,
    "rotation": [
      [
        -0.130909741,
        0.9890872,
        -0.0675955042
      ],
      [
        0.190183789,
        0.09197051,
        0.9774311
      ],
      [
        0.9729814,
        0.1150997,
        -0.2001482
      ]
    ],
    "translation": [
      2.20150876,
      0.9335813,
      -0.6668492
    ]
  },
  {
    "timeStamp": 15371,
    "rotation": [
      [
        -0.0657101348,
        0.9974799,
        -0.0267565381
      ],
      [
        0.175288811,
        0.0379365571,
        0.983785868
      ],
      [
        0.982321739,
        0.0599545762,
        -0.1773399
      ]
    ],
    "translation": [
      2.20683718,
      0.917637467,
      -0.6726316
    ]
  },
  {
    "timeStamp": 15426,
    "rotation": [
      [
        -0.0366574153,
        0.9974434,
        -0.06134304
      ],
      [
        0.16892013,
        0.06668565,
        0.983371258
      ],
      [
        0.9849478,
        0.02568578,
        -0.170932785
      ]
    ],
    "translation": [
      2.22157288,
      0.8967466,
      -0.670938432
    ]
  },
  {
    "timeStamp": 15471,
    "rotation": [
      [
        0.0156828575,
        0.9951361,
        -0.09725362
      ],
      [
        0.128556445,
        0.09445147,
        0.987194061
      ],
      [
        0.9915782,
        -0.0279846266,
        -0.126449883
      ]
    ],
    "translation": [
      2.24347448,
      0.875381052,
      -0.678061366
    ]
  },
  {
    "timeStamp": 15527,
    "rotation": [
      [
        0.0590831,
        0.998002768,
        -0.0223529637
      ],
      [
        0.08674439,
        0.0171745718,
        0.996082544
      ],
      [
        0.994477034,
        -0.06079064,
        -0.08555642
      ]
    ],
    "translation": [
      2.2328763,
      0.8444981,
      -0.6833013
    ]
  },
  {
    "timeStamp": 15571,
    "rotation": [
      [
        0.02287446,
        0.995571554,
        -0.09118193
      ],
      [
        0.05854672,
        0.08971527,
        0.9942452
      ],
      [
        0.9980226,
        -0.02808122,
        -0.0562352538
      ]
    ],
    "translation": [
      2.25084066,
      0.827614546,
      -0.685851336
    ]
  },
  {
    "timeStamp": 15627,
    "rotation": [
      [
        0.0658996254,
        0.9967296,
        -0.04676867
      ],
      [
        0.02862569,
        0.04496281,
        0.9985784
      ],
      [
        0.997415543,
        -0.0671447441,
        -0.0255690422
      ]
    ],
    "translation": [
      2.24163961,
      0.8042792,
      -0.6869966
    ]
  },
  {
    "timeStamp": 15672,
    "rotation": [
      [
        0.05588885,
        0.9939622,
        -0.09442199
      ],
      [
        0.0187738668,
        0.0935069,
        0.9954416
      ],
      [
        0.9982605,
        -0.0574067533,
        -0.0134345219
      ]
    ],
    "translation": [
      2.24953675,
      0.79205215,
      -0.684220731
    ]
  },
  {
    "timeStamp": 15718,
    "rotation": [
      [
        0.0307361018,
        0.994532764,
        -0.0997989848
      ],
      [
        0.00602205424,
        0.09966009,
        0.995003343
      ],
      [
        0.9995094,
        -0.0311835147,
        -0.0029259678
      ]
    ],
    "translation": [
      2.2510345,
      0.7846589,
      -0.6834605
    ]
  },
  {
    "timeStamp": 15775,
    "rotation": [
      [
        0.0201205648,
        0.997015953,
        -0.0745282844
      ],
      [
        -0.0126518169,
        0.07479131,
        0.99711895
      ],
      [
        0.999717534,
        -0.01911968,
        0.0141189052
      ]
    ],
    "translation": [
      2.2510438,
      0.76763016,
      -0.679543436
    ]
  },
  {
    "timeStamp": 15820,
    "rotation": [
      [
        0.032848902,
        0.9959891,
        -0.08322741
      ],
      [
        -0.0212977063,
        0.083951,
        0.9962423
      ],
      [
        0.9992334,
        -0.030952923,
        0.02396998
      ]
    ],
    "translation": [
      2.25063014,
      0.7619605,
      -0.6773256
    ]
  },
  {
    "timeStamp": 15876,
    "rotation": [
      [
        0.0268793665,
        0.9958705,
        -0.08671526
      ],
      [
        -0.0288149342,
        0.08748244,
        0.995749235
      ],
      [
        0.9992233,
        -0.02426642,
        0.031047415
      ]
    ],
    "translation": [
      2.25088048,
      0.754161656,
      -0.6742809
    ]
  },
  {
    "timeStamp": 15920,
    "rotation": [
      [
        0.0291702952,
        0.996043,
        -0.0839486942
      ],
      [
        -0.0308899116,
        0.08484259,
        0.9959154
      ],
      [
        0.999097049,
        -0.0264579654,
        0.0332425646
      ]
    ],
    "translation": [
      2.25071788,
      0.7506764,
      -0.671613634
    ]
  },
  {
    "timeStamp": 15976,
    "rotation": [
      [
        0.03418275,
        0.9957332,
        -0.08571396
      ],
      [
        -0.0304155368,
        0.08676082,
        0.995764732
      ],
      [
        0.9989527,
        -0.0314309224,
        0.033251483
      ]
    ],
    "translation": [
      2.250536,
      0.7460237,
      -0.668700159
    ]
  },
  {
    "timeStamp": 16020,
    "rotation": [
      [
        0.0188141819,
        0.995886,
        -0.08864019
      ],
      [
        -0.0181328654,
        0.0889811739,
        0.995868266
      ],
      [
        0.9996585,
        -0.0171291567,
        0.0197323747
      ]
    ],
    "translation": [
      2.25118,
      0.739820838,
      -0.6634446
    ]
  },
  {
    "timeStamp": 16075,
    "rotation": [
      [
        0.00524019264,
        0.996828,
        -0.07941356
      ],
      [
        -0.0158029962,
        0.07948729,
        0.9967106
      ],
      [
        0.9998614,
        -0.00396797946,
        0.0161693972
      ]
    ],
    "translation": [
      2.24509645,
      0.7347252,
      -0.658762634
    ]
  },
  {
    "timeStamp": 16120,
    "rotation": [
      [
        -0.00122893439,
        0.9969562,
        -0.0779538
      ],
      [
        -0.0148815354,
        0.07792699,
        0.996848
      ],
      [
        0.999888539,
        0.00238513551,
        0.0147404717
      ]
    ],
    "translation": [
      2.24209619,
      0.7323481,
      -0.6576141
    ]
  },
  {
    "timeStamp": 16175,
    "rotation": [
      [
        -0.00607243553,
        0.997927,
        -0.06406847
      ],
      [
        -0.01785305,
        0.06395124,
        0.9977933
      ],
      [
        0.99982214,
        0.007202854,
        0.0174277
      ]
    ],
    "translation": [
      2.235302,
      0.7283597,
      -0.656712949
    ]
  },
  {
    "timeStamp": 16220,
    "rotation": [
      [
        -0.00573516125,
        0.9972257,
        -0.07421558
      ],
      [
        -0.02627599,
        0.0740409,
        0.996908963
      ],
      [
        0.999638259,
        0.007667534,
        0.0257784575
      ]
    ],
    "translation": [
      2.234925,
      0.7251333,
      -0.658382535
    ]
  },
  {
    "timeStamp": 16275,
    "rotation": [
      [
        -0.0109261926,
        0.9969596,
        -0.07714969
      ],
      [
        -0.0230063368,
        0.07688323,
        0.9967746
      ],
      [
        0.999675632,
        0.0126658957,
        0.0220963489
      ]
    ],
    "translation": [
      2.23582745,
      0.7242962,
      -0.658382
    ]
  },
  {
    "timeStamp": 16320,
    "rotation": [
      [
        -0.00964951,
        0.997071564,
        -0.07586323
      ],
      [
        -0.0224131253,
        0.07563204,
        0.996883869
      ],
      [
        0.9997022,
        0.0113197714,
        0.0216176771
      ]
    ],
    "translation": [
      2.23576355,
      0.7242006,
      -0.65839076
    ]
  },
  {
    "timeStamp": 16375,
    "rotation": [
      [
        -0.011220214,
        0.996811,
        -0.07900633
      ],
      [
        -0.0213232748,
        0.07875483,
        0.996665955
      ],
      [
        0.999709666,
        0.0128674712,
        0.0203716271
      ]
    ],
    "translation": [
      2.23583674,
      0.724186063,
      -0.6583634
    ]
  },
  {
    "timeStamp": 16420,
    "rotation": [
      [
        -0.009271702,
        0.996939957,
        -0.07761942
      ],
      [
        -0.0187084544,
        0.07743623,
        0.996821761
      ],
      [
        0.999782,
        0.0106943743,
        0.01793324
      ]
    ],
    "translation": [
      2.23573351,
      0.7238718,
      -0.658382
    ]
  },
  {
    "timeStamp": 16475,
    "rotation": [
      [
        0.0012535014,
        0.997952342,
        -0.0639498159
      ],
      [
        -0.0172111858,
        0.06396192,
        0.9978039
      ],
      [
        0.9998511,
        -0.0001501035,
        0.01725612
      ]
    ],
    "translation": [
      2.23518729,
      0.72362566,
      -0.658566356
    ]
  },
  {
    "timeStamp": 16520,
    "rotation": [
      [
        0.00478909072,
        0.998115659,
        -0.0611730665
      ],
      [
        -0.0143450256,
        0.0612360425,
        0.998020232
      ],
      [
        0.9998856,
        -0.00390208373,
        0.01461126
      ]
    ],
    "translation": [
      2.235029,
      0.7234643,
      -0.6586434
    ]
  },
  {
    "timeStamp": 16575,
    "rotation": [
      [
        0.0118483128,
        0.998429656,
        -0.0547518
      ],
      [
        -0.0113275629,
        0.05488615,
        0.998428345
      ],
      [
        0.9998656,
        -0.0112094795,
        0.0119600827
      ]
    ],
    "translation": [
      2.23470044,
      0.7232469,
      -0.658769369
    ]
  },
  {
    "timeStamp": 16620,
    "rotation": [
      [
        0.00922532,
        0.9982506,
        -0.0584003963
      ],
      [
        -0.008610422,
        0.05848002,
        0.998251438
      ],
      [
        0.999920368,
        -0.008706335,
        0.009134856
      ]
    ],
    "translation": [
      2.23483562,
      0.7231686,
      -0.658732057
    ]
  }
]