[
  {
    "timeStamp": 51970,
    "rotation": [
      [
        0.994523466,
        -0.09886968,
        0.03388005
      ],
      [
        0.0486224927,
        0.150742292,
        -0.98737663
      ],
      [
        0.0925144553,
        0.983616531,
        0.154724047
      ]
    ],
    "translation": [
      1.57758093,
      0.693726242,
      -0.7471349
    ]
  },
  {
    "timeStamp": 52028,
    "rotation": [
      [
        0.9935164,
        -0.100891605,
        0.0524035841
      ],
      [
        0.0646086559,
        0.121779315,
        -0.9904522
      ],
      [
        0.09354664,
        0.987416148,
        0.127508208
      ]
    ],
    "translation": [
      1.57762086,
      0.6978273,
      -0.747162342
    ]
  },
  {
    "timeStamp": 52070,
    "rotation": [
      [
        0.9938504,
        -0.0959756747,
        0.0552259758
      ],
      [
        0.0604102463,
        0.0519759,
        -0.9968195
      ],
      [
        0.0928000063,
        0.9940257,
        0.0574541837
      ]
    ],
    "translation": [
      1.577939,
      0.6995666,
      -0.747243345
    ]
  },
  {
    "timeStamp": 52126,
    "rotation": [
      [
        0.9998133,
        0.0154798236,
        -0.0115592824
      ],
      [
        -0.0118507445,
        0.0188710745,
        -0.9997517
      ],
      [
        -0.015257841,
        0.999702036,
        0.0190509986
      ]
    ],
    "translation": [
      1.57941532,
      0.7053234,
      -0.742052257
    ]
  },
  {
    "timeStamp": 52170,
    "rotation": [
      [
        0.9801529,
        0.106307238,
        -0.167328864
      ],
      [
        -0.172208935,
        0.0384516381,
        -0.9843097
      ],
      [
        -0.09820517,
        0.9935895,
        0.0559955463
      ]
    ],
    "translation": [
      1.5638938,
      0.722173035,
      -0.734207153
    ]
  },
  {
    "timeStamp": 52226,
    "rotation": [
      [
        0.965664,
        0.111299612,
        -0.234745309
      ],
      [
        -0.238843992,
        0.024855718,
        -0.9707398
      ],
      [
        -0.1022082,
        0.993476033,
        0.0505855158
      ]
    ],
    "translation": [
      1.56374049,
      0.746256351,
      -0.7308122
    ]
  },
  {
    "timeStamp": 52270,
    "rotation": [
      [
        0.953351,
        0.100309581,
        -0.284710079
      ],
      [
        -0.291492581,
        0.06080749,
        -0.9546384
      ],
      [
        -0.07844687,
        0.9930964,
        0.08721038
      ]
    ],
    "translation": [
      1.56786478,
      0.7668475,
      -0.723648
    ]
  },
  {
    "timeStamp": 52326,
    "rotation": [
      [
        0.9247768,
        0.136173472,
        -0.355309069
      ],
      [
        -0.3683957,
        0.0866735056,
        -0.92561996
      ],
      [
        -0.095249,
        0.9868862,
        0.130319372
      ]
    ],
    "translation": [
      1.57457972,
      0.800766,
      -0.710869849
    ]
  },
  {
    "timeStamp": 52370,
    "rotation": [
      [
        0.8939957,
        0.185562029,
        -0.407845944
      ],
      [
        -0.4294023,
        0.09477426,
        -0.898126662
      ],
      [
        -0.128004909,
        0.978051364,
        0.16440855
      ]
    ],
    "translation": [
      1.583892,
      0.830362737,
      -0.6986685
    ]
  },
  {
    "timeStamp": 52426,
    "rotation": [
      [
        0.85259825,
        0.2537286,
        -0.456834823
      ],
      [
        -0.494523168,
        0.109220915,
        -0.8622747
      ],
      [
        -0.168887839,
        0.9610893,
        0.21859622
      ]
    ],
    "translation": [
      1.60301,
      0.867277741,
      -0.6831499
    ]
  },
  {
    "timeStamp": 52470,
    "rotation": [
      [
        0.809580445,
        0.32415235,
        -0.489392281
      ],
      [
        -0.542382658,
        0.09422237,
        -0.834831238
      ],
      [
        -0.2245008,
        0.941301,
        0.2520952
      ]
    ],
    "translation": [
      1.62284279,
      0.8971401,
      -0.669921458
    ]
  },
  {
    "timeStamp": 52526,
    "rotation": [
      [
        0.7511439,
        0.418559879,
        -0.5104806
      ],
      [
        -0.5891136,
        0.0760894,
        -0.8044598
      ],
      [
        -0.297872424,
        0.9049961,
        0.3037334
      ]
    ],
    "translation": [
      1.65473306,
      0.930267632,
      -0.653695941
    ]
  },
  {
    "timeStamp": 52570,
    "rotation": [
      [
        0.701124847,
        0.491726369,
        -0.5163615
      ],
      [
        -0.617716,
        0.0571505837,
        -0.784321845
      ],
      [
        -0.356161356,
        0.8688722,
        0.343816936
      ]
    ],
    "translation": [
      1.685399,
      0.953555,
      -0.642201841
    ]
  },
  {
    "timeStamp": 52625,
    "rotation": [
      [
        0.6184421,
        0.595768034,
        -0.5124352
      ],
      [
        -0.6400651,
        0.00358012086,
        -0.768312335
      ],
      [
        -0.455901355,
        0.8031486,
        0.383544415
      ]
    ],
    "translation": [
      1.72838974,
      0.9791565,
      -0.627565265
    ]
  },
  {
    "timeStamp": 52670,
    "rotation": [
      [
        0.559477031,
        0.666111946,
        -0.493234545
      ],
      [
        -0.652532,
        -0.0129449693,
        -0.7576506
      ],
      [
        -0.511065066,
        0.7457394,
        0.42741695
      ]
    ],
    "translation": [
      1.76523733,
      0.9962017,
      -0.618117869
    ]
  },
  {
    "timeStamp": 52726,
    "rotation": [
      [
        0.464599937,
        0.7544763,
        -0.46358645
      ],
      [
        -0.6615854,
        -0.05223806,
        -0.748048067
      ],
      [
        -0.5886014,
        0.654245138,
        0.474880755
      ]
    ],
    "translation": [
      1.81379,
      1.0158813,
      -0.6093278
    ]
  },
  {
    "timeStamp": 52770,
    "rotation": [
      [
        0.382481277,
        0.813344359,
        -0.4383823
      ],
      [
        -0.6694779,
        -0.0830404758,
        -0.738175869
      ],
      [
        -0.6367946,
        0.5758257,
        0.5127546
      ]
    ],
    "translation": [
      1.853076,
      1.03148913,
      -0.6050864
    ]
  },
  {
    "timeStamp": 52825,
    "rotation": [
      [
        0.260042667,
        0.8770668,
        -0.4038956
      ],
      [
        -0.6562086,
        -0.1463325,
        -0.7402547
      ],
      [
        -0.708355844,
        0.4575376,
        0.5374861
      ]
    ],
    "translation": [
      1.9019444,
      1.04589117,
      -0.604004562
    ]
  },
  {
    "timeStamp": 52870,
    "rotation": [
      [
        0.1420563,
        0.906402647,
        -0.39781177
      ],
      [
        -0.6500999,
        -0.217632115,
        -0.7280154
      ],
      [
        -0.746451735,
        0.362036556,
        0.5583362
      ]
    ],
    "translation": [
      1.938877,
      1.05917656,
      -0.6062231
    ]
  },
  {
    "timeStamp": 52919,
    "rotation": [
      [
        0.124837533,
        0.9234819,
        -0.362762868
      ],
      [
        -0.6551476,
        -0.1978549,
        -0.72913307
      ],
      [
        -0.7451156,
        0.328686416,
        0.5803172
      ]
    ],
    "translation": [
      1.96957576,
      1.06391692,
      -0.616462469
    ]
  },
  {
    "timeStamp": 52969,
    "rotation": [
      [
        0.161634758,
        0.945057,
        -0.2841506
      ],
      [
        -0.644972265,
        -0.116765395,
        -0.7552329
      ],
      [
        -0.746917,
        0.305341125,
        0.5906622
      ]
    ],
    "translation": [
      2.004813,
      1.05851,
      -0.634312868
    ]
  },
  {
    "timeStamp": 53024,
    "rotation": [
      [
        0.176065415,
        0.95678097,
        -0.231454372
      ],
      [
        -0.608936846,
        -0.07888031,
        -0.7892869
      ],
      [
        -0.7734319,
        0.279907227,
        0.5687311
      ]
    ],
    "translation": [
      2.0366385,
      1.04947889,
      -0.6566939
    ]
  },
  {
    "timeStamp": 53068,
    "rotation": [
      [
        0.153880849,
        0.967383,
        -0.2012231
      ],
      [
        -0.571803033,
        -0.07890033,
        -0.816588044
      ],
      [
        -0.80583,
        0.240717232,
        0.541011333
      ]
    ],
    "translation": [
      2.06140518,
      1.04171729,
      -0.6750058
    ]
  },
  {
    "timeStamp": 53123,
    "rotation": [
      [
        0.130712941,
        0.97527647,
        -0.1781853
      ],
      [
        -0.517140448,
        -0.08626816,
        -0.8515419
      ],
      [
        -0.8458605,
        0.203454375,
        0.4930785
      ]
    ],
    "translation": [
      2.08272982,
      1.0299,
      -0.69544965
    ]
  },
  {
    "timeStamp": 53175,
    "rotation": [
      [
        0.136624441,
        0.982085,
        -0.129780248
      ],
      [
        -0.3859299,
        -0.06789008,
        -0.92002666
      ],
      [
        -0.9123552,
        0.1757842,
        0.369740516
      ]
    ],
    "translation": [
      2.10440564,
      0.999736845,
      -0.72915
    ]
  },
  {
    "timeStamp": 53220,
    "rotation": [
      [
        0.0941023454,
        0.991597,
        -0.08877065
      ],
      [
        -0.3153843,
        -0.05488193,
        -0.9473757
      ],
      [
        -0.9442868,
        0.11714714,
        0.3075696
      ]
    ],
    "translation": [
      2.11927843,
      0.9814328,
      -0.743194461
    ]
  },
  {
    "timeStamp": 53275,
    "rotation": [
      [
        0.0583564,
        0.9890707,
        -0.1354019
      ],
      [
        -0.240096986,
        -0.117746457,
        -0.963581443
      ],
      [
        -0.9689933,
        0.0887407362,
        0.230601639
      ]
    ],
    "translation": [
      2.11815667,
      0.9671336,
      -0.757195652
    ]
  },
  {
    "timeStamp": 53320,
    "rotation": [
      [
        0.0413237363,
        0.9822019,
        -0.183225885
      ],
      [
        -0.237149313,
        -0.1685002,
        -0.9567486
      ],
      [
        -0.97059387,
        0.0829883143,
        0.225965455
      ]
    ],
    "translation": [
      2.10980177,
      0.9624704,
      -0.756712735
    ]
  },
  {
    "timeStamp": 53376,
    "rotation": [
      [
        -0.1201801,
        0.9559818,
        -0.2676854
      ],
      [
        -0.142381892,
        -0.2834501,
        -0.9483583
      ],
      [
        -0.982488751,
        -0.07586025,
        0.170179561
      ]
    ],
    "translation": [
      2.108628,
      0.9531247,
      -0.75071156
    ]
  },
  {
    "timeStamp": 53420,
    "rotation": [
      [
        -0.236067817,
        0.9080046,
        -0.346120775
      ],
      [
        -0.07028234,
        -0.371209145,
        -0.9258856
      ],
      [
        -0.969191551,
        -0.194245622,
        0.151447222
      ]
    ],
    "translation": [
      2.10706258,
      0.9504178,
      -0.744147241
    ]
  },
  {
    "timeStamp": 53475,
    "rotation": [
      [
        -0.256568462,
        0.8882207,
        -0.3810992
      ],
      [
        -0.07974565,
        -0.412407279,
        -0.907502532
      ],
      [
        -0.9632306,
        -0.202445522,
        0.176642448
      ]
    ],
    "translation": [
      2.098941,
      0.955518067,
      -0.7340872
    ]
  },
  {
    "timeStamp": 53520,
    "rotation": [
      [
        -0.254470766,
        0.901168466,
        -0.350913256
      ],
      [
        -0.07577305,
        -0.380322337,
        -0.921744764
      ],
      [
        -0.9641074,
        -0.207967326,
        0.1650652
      ]
    ],
    "translation": [
      2.09928775,
      0.9515899,
      -0.731287539
    ]
  },
  {
    "timeStamp": 53576,
    "rotation": [
      [
        -0.251827836,
        0.913141668,
        -0.320554376
      ],
      [
        -0.057901822,
        -0.344852179,
        -0.936869442
      ],
      [
        -0.9660384,
        -0.217369124,
        0.13971594
      ]
    ],
    "translation": [
      2.10298872,
      0.9447968,
      -0.7304065
    ]
  },
  {
    "timeStamp": 53622,
    "rotation": [
      [
        -0.228714123,
        0.936892331,
        -0.264428735
      ],
      [
        -0.06940173,
        -0.286629766,
        -0.9555243
      ],
      [
        -0.971016645,
        -0.200190082,
        0.130578235
      ]
    ],
    "translation": [
      2.10847425,
      0.9382771,
      -0.731063068
    ]
  },
  {
    "timeStamp": 53668,
    "rotation": [
      [
        -0.2672239,
        0.930435359,
        -0.250761837
      ],
      [
        -0.0618912727,
        -0.276259452,
        -0.9590882
      ],
      [
        -0.9616449,
        -0.240771309,
        0.131408945
      ]
    ],
    "translation": [
      2.116828,
      0.9331401,
      -0.730511546
    ]
  },
  {
    "timeStamp": 53724,
    "rotation": [
      [
        -0.3256325,
        0.919807553,
        -0.218900815
      ],
      [
        -0.0701881945,
        -0.254396945,
        -0.964549541
      ],
      [
        -0.942887664,
        -0.298724443,
        0.14739956
      ]
    ],
    "translation": [
      2.13067365,
      0.929506,
      -0.728438437
    ]
  },
  {
    "timeStamp": 53770,
    "rotation": [
      [
        -0.3338358,
        0.919031,
        -0.209608242
      ],
      [
        -0.077593796,
        -0.248402461,
        -0.9655441
      ],
      [
        -0.9394322,
        -0.306068927,
        0.154236764
      ]
    ],
    "translation": [
      2.134455,
      0.928051233,
      -0.7272305
    ]
  },
  {
    "timeStamp": 53825,
    "rotation": [
      [
        -0.3473851,
        0.915965736,
        -0.200823992
      ],
      [
        -0.08261171,
        -0.243222684,
        -0.9664461
      ],
      [
        -0.9340764,
        -0.3191386,
        0.160161436
      ]
    ],
    "translation": [
      2.13707185,
      0.927080154,
      -0.724726439
    ]
  },
  {
    "timeStamp": 53869,
    "rotation": [
      [
        -0.360269457,
        0.9101136,
        -0.204693049
      ],
      [
        -0.0793608055,
        -0.248534992,
        -0.965366364
      ],
      [
        -0.9294664,
        -0.3315474,
        0.161766917
      ]
    ],
    "translation": [
      2.135964,
      0.9251702,
      -0.723586857
    ]
  },
  {
    "timeStamp": 53925,
    "rotation": [
      [
        -0.3907126,
        0.8966977,
        -0.208031163
      ],
      [
        -0.06962663,
        -0.254135966,
        -0.964659035
      ],
      [
        -0.9178757,
        -0.362419933,
        0.161728159
      ]
    ],
    "translation": [
      2.134248,
      0.9217864,
      -0.7216983
    ]
  },
  {
    "timeStamp": 53969,
    "rotation": [
      [
        -0.387666672,
        0.9008327,
        -0.1954866
      ],
      [
        -0.0731409043,
        -0.241462052,
        -0.96765
      ],
      [
        -0.918893337,
        -0.3608276,
        0.1594945
      ]
    ],
    "translation": [
      2.131416,
      0.9184551,
      -0.721163
    ]
  },
  {
    "timeStamp": 54025,
    "rotation": [
      [
        -0.396006823,
        0.9002901,
        -0.180710763
      ],
      [
        -0.07255849,
        -0.226864144,
        -0.971219838
      ],
      [
        -0.9153763,
        -0.3714976,
        0.155163437
      ]
    ],
    "translation": [
      2.130105,
      0.9140974,
      -0.7215552
    ]
  },
  {
    "timeStamp": 54069,
    "rotation": [
      [
        -0.402799666,
        0.8977589,
        -0.178273544
      ],
      [
        -0.06551536,
        -0.222553328,
        -0.9727167
      ],
      [
        -0.912940443,
        -0.3801303,
        0.148461387
      ]
    ],
    "translation": [
      2.12835455,
      0.9103867,
      -0.7231112
    ]
  },
  {
    "timeStamp": 54125,
    "rotation": [
      [
        -0.402860463,
        0.8993151,
        -0.170105264
      ],
      [
        -0.06660114,
        -0.214165926,
        -0.97452414
      ],
      [
        -0.912835,
        -0.381268054,
        0.1461744
      ]
    ],
    "translation": [
      2.12621641,
      0.905004,
      -0.724741638
    ]
  },
  {
    "timeStamp": 54169,
    "rotation": [
      [
        -0.419309855,
        0.892171741,
        -0.167954981
      ],
      [
        -0.0539687723,
        -0.209173739,
        -0.9763881
      ],
      [
        -0.906237662,
        -0.400344819,
        0.135858014
      ]
    ],
    "translation": [
      2.12639856,
      0.898606956,
      -0.726435244
    ]
  },
  {
    "timeStamp": 54225,
    "rotation": [
      [
        -0.432566077,
        0.883869,
        -0.1779389
      ],
      [
        -0.0360344239,
        -0.2141492,
        -0.9761361
      ],
      [
        -0.9008818,
        -0.415831417,
        0.124483392
      ]
    ],
    "translation": [
      2.125099,
      0.8920959,
      -0.7278682
    ]
  },
  {
    "timeStamp": 54269,
    "rotation": [
      [
        -0.4449983,
        0.8787588,
        -0.172509551
      ],
      [
        -0.0336252339,
        -0.208893642,
        -0.9773601
      ],
      [
        -0.8948999,
        -0.429122925,
        0.122505784
      ]
    ],
    "translation": [
      2.125112,
      0.887864,
      -0.7276922
    ]
  },
  {
    "timeStamp": 54325,
    "rotation": [
      [
        -0.483519167,
        0.858114541,
        -0.1727676
      ],
      [
        -0.0149686364,
        -0.2054503,
        -0.978553057
      ],
      [
        -0.8752058,
        -0.470563054,
        0.112183958
      ]
    ],
    "translation": [
      2.12824917,
      0.8819656,
      -0.727999151
    ]
  },
  {
    "timeStamp": 54369,
    "rotation": [
      [
        -0.4833796,
        0.8573341,
        -0.176981539
      ],
      [
        -0.005089109,
        -0.204918325,
        -0.978765845
      ],
      [
        -0.8753961,
        -0.472214758,
        0.1034164
      ]
    ],
    "translation": [
      2.12700415,
      0.877962053,
      -0.7283129
    ]
  },
  {
    "timeStamp": 54425,
    "rotation": [
      [
        -0.4774457,
        0.8613895,
        -0.173360229
      ],
      [
        -0.00426306343,
        -0.199569017,
        -0.9798745
      ],
      [
        -0.878650963,
        -0.4670978,
        0.09895552
      ]
    ],
    "translation": [
      2.12482262,
      0.873618364,
      -0.7276697
    ]
  },
  {
    "timeStamp": 54469,
    "rotation": [
      [
        -0.482827574,
        0.858744562,
        -0.171567351
      ],
      [
        0.008109119,
        -0.191524029,
        -0.981454432
      ],
      [
        -0.8756779,
        -0.475264519,
        0.08550943
      ]
    ],
    "translation": [
      2.12592578,
      0.869011641,
      -0.7287824
    ]
  },
  {
    "timeStamp": 54525,
    "rotation": [
      [
        -0.468436152,
        0.865060151,
        -0.179551169
      ],
      [
        0.0178108644,
        -0.193940073,
        -0.9808517
      ],
      [
        -0.8833178,
        -0.462664366,
        0.07544107
      ]
    ],
    "translation": [
      2.12146115,
      0.8641648,
      -0.729929864
    ]
  },
  {
    "timeStamp": 54569,
    "rotation": [
      [
        -0.4639976,
        0.869678855,
        -0.168418884
      ],
      [
        0.0201766342,
        -0.179699138,
        -0.983514667
      ],
      [
        -0.8856067,
        -0.459746569,
        0.06583277
      ]
    ],
    "translation": [
      2.120205,
      0.860082865,
      -0.731740355
    ]
  },
  {
    "timeStamp": 54624,
    "rotation": [
      [
        -0.4697403,
        0.86418134,
        -0.1803739
      ],
      [
        0.03902115,
        -0.18379432,
        -0.9821899
      ],
      [
        -0.881941855,
        -0.468412578,
        0.05261425
      ]
    ],
    "translation": [
      2.11731553,
      0.854955256,
      -0.7342672
    ]
  },
  {
    "timeStamp": 54669,
    "rotation": [
      [
        -0.4742872,
        0.86131376,
        -0.182181686
      ],
      [
        0.05184135,
        -0.179254249,
        -0.982435942
      ],
      [
        -0.8788425,
        -0.475401342,
        0.04036633
      ]
    ],
    "translation": [
      2.11544561,
      0.8496527,
      -0.736281157
    ]
  },
  {
    "timeStamp": 54724,
    "rotation": [
      [
        -0.4777687,
        0.862072051,
        -0.1690232
      ],
      [
        0.05131279,
        -0.164689109,
        -0.9850099
      ],
      [
        -0.8769858,
        -0.479279935,
        0.03444798
      ]
    ],
    "translation": [
      2.11581016,
      0.8431268,
      -0.7372004
    ]
  },
  {
    "timeStamp": 54769,
    "rotation": [
      [
        -0.482084364,
        0.861431062,
        -0.159784988
      ],
      [
        0.04500551,
        -0.157787383,
        -0.986447
      ],
      [
        -0.8749681,
        -0.482741863,
        0.03729769
      ]
    ],
    "translation": [
      2.117547,
      0.83834213,
      -0.7364603
    ]
  },
  {
    "timeStamp": 54824,
    "rotation": [
      [
        -0.5078055,
        0.8469437,
        -0.1575434
      ],
      [
        0.06622467,
        -0.143957227,
        -0.9873655
      ],
      [
        -0.8589225,
        -0.511822939,
        0.0170137063
      ]
    ],
    "translation": [
      2.1204772,
      0.829401,
      -0.7399376
    ]
  },
  {
    "timeStamp": 54869,
    "rotation": [
      [
        -0.513374567,
        0.843533456,
        -0.157790869
      ],
      [
        0.07454352,
        -0.139341757,
        -0.9874346
      ],
      [
        -0.854921,
        -0.5186861,
        0.008654556
      ]
    ],
    "translation": [
      2.12097144,
      0.826212168,
      -0.740513563
    ]
  },
  {
    "timeStamp": 54925,
    "rotation": [
      [
        -0.496227831,
        0.852267861,
        -0.1655219
      ],
      [
        0.09936407,
        -0.133647189,
        -0.9860351
      ],
      [
        -0.862487555,
        -0.505745,
        -0.0183653515
      ]
    ],
    "translation": [
      2.1176517,
      0.8221945,
      -0.743032336
    ]
  },
  {
    "timeStamp": 54969,
    "rotation": [
      [
        -0.49423945,
        0.852153063,
        -0.171937332
      ],
      [
        0.115708888,
        -0.131537884,
        -0.984535038
      ],
      [
        -0.8615908,
        -0.506490767,
        -0.0335904658
      ]
    ],
    "translation": [
      2.11705947,
      0.8203527,
      -0.7448226
    ]
  },
  {
    "timeStamp": 55025,
    "rotation": [
      [
        -0.497777164,
        0.8436318,
        -0.201254055
      ],
      [
        0.15900211,
        -0.139346421,
        -0.977394938
      ],
      [
        -0.8526055,
        -0.518524766,
        -0.06477577
      ]
    ],
    "translation": [
      2.11583972,
      0.818588,
      -0.7466634
    ]
  },
  {
    "timeStamp": 55069,
    "rotation": [
      [
        -0.512752056,
        0.8338396,
        -0.204442531
      ],
      [
        0.172505483,
        -0.133209184,
        -0.9759596
      ],
      [
        -0.8410274,
        -0.535692751,
        -0.07553863
      ]
    ],
    "translation": [
      2.11747932,
      0.8178268,
      -0.747535169
    ]
  },
  {
    "timeStamp": 55125,
    "rotation": [
      [
        -0.518197536,
        0.8310585,
        -0.2020222
      ],
      [
        0.170407355,
        -0.131147966,
        -0.976607144
      ],
      [
        -0.8381125,
        -0.540501535,
        -0.07365793
      ]
    ],
    "translation": [
      2.11813831,
      0.817948341,
      -0.7475972
    ]
  }
]