[
  {
    "timeStamp": 0,
    "rotation": [
      [
        0.7853664,
        -0.34620434,
        -0.5131687
      ],
      [
        -0.0553351752,
        0.7864054,
        -0.6152272
      ],
      [
        0.616553,
        0.5115751,
        0.5984591
      ]
    ],
    "translation": [
      1.66016948,
      1.64855278,
      -0.916677952
    ]
  },
  {
    "timeStamp": 13,
    "rotation": [
      [
        0.7856458,
        -0.345392257,
        -0.5132884
      ],
      [
        -0.0549731925,
        0.787400663,
        -0.6139854
      ],
      [
        0.6162294,
        0.510592163,
        0.5996307
      ]
    ],
    "translation": [
      1.660593,
      1.64862049,
      -0.916962445
    ]
  },
  {
    "timeStamp": 47,
    "rotation": [
      [
        0.7442757,
        -0.356373727,
        -0.5648464
      ],
      [
        -0.0134075657,
        0.8375968,
        -0.5461244
      ],
      [
        0.6677379,
        0.414040357,
        0.6186248
      ]
    ],
    "translation": [
      1.64004827,
      1.65814543,
      -0.9155886
    ]
  },
  {
    "timeStamp": 100,
    "rotation": [
      [
        0.7312003,
        -0.356772929,
        -0.5814286
      ],
      [
        0.00184769917,
        0.8533638,
        -0.5213126
      ],
      [
        0.6821604,
        0.3801096,
        0.624639034
      ]
    ],
    "translation": [
      1.63591933,
      1.66260087,
      -0.9173822
    ]
  },
  {
    "timeStamp": 144,
    "rotation": [
      [
        0.719396949,
        -0.35485214,
        -0.5971165
      ],
      [
        0.0129590174,
        0.8663632,
        -0.4992463
      ],
      [
        0.6944783,
        0.3514182,
        0.627857566
      ]
    ],
    "translation": [
      1.63271713,
      1.66734707,
      -0.91947484
    ]
  },
  {
    "timeStamp": 200,
    "rotation": [
      [
        0.704312861,
        -0.343008548,
        -0.6215212
      ],
      [
        0.02195145,
        0.885622561,
        -0.463886678
      ],
      [
        0.709550261,
        0.313078046,
        0.631284833
      ]
    ],
    "translation": [
      1.62978578,
      1.67401993,
      -0.922786951
    ]
  },
  {
    "timeStamp": 244,
    "rotation": [
      [
        0.6911851,
        -0.329108477,
        -0.64339
      ],
      [
        0.0306217354,
        0.9028241,
        -0.428918332
      ],
      [
        0.7220287,
        0.27676025,
        0.634096444
      ]
    ],
    "translation": [
      1.62814212,
      1.67955911,
      -0.9254281
    ]
  },
  {
    "timeStamp": 372,
    "rotation": [
      [
        0.6867312,
        -0.3250245,
        -0.6501994
      ],
      [
        0.0337367952,
        0.9077556,
        -0.4181405
      ],
      [
        0.7261281,
        0.2652145,
        0.634349465
      ]
    ],
    "translation": [
      1.62780809,
      1.680923,
      -0.9264364
    ]
  },
  {
    "timeStamp": 374,
    "rotation": [
      [
        0.6867312,
        -0.3250245,
        -0.6501994
      ],
      [
        0.0337367952,
        0.9077556,
        -0.4181405
      ],
      [
        0.7261281,
        0.2652145,
        0.634349465
      ]
    ],
    "translation": [
      1.62780809,
      1.680923,
      -0.9264364
    ]
  },
  {
    "timeStamp": 413,
    "rotation": [
      [
        0.647109568,
        -0.3024601,
        -0.6998336
      ],
      [
        0.0641974062,
        0.936295748,
        -0.345295429
      ],
      [
        0.759689331,
        0.178516462,
        0.6253031
      ]
    ],
    "translation": [
      1.62816644,
      1.69231451,
      -0.9348141
    ]
  },
  {
    "timeStamp": 466,
    "rotation": [
      [
        0.6619969,
        -0.319110185,
        -0.678180456
      ],
      [
        0.0430044457,
        0.919517159,
        -0.3906902
      ],
      [
        0.7482718,
        0.229470924,
        0.622440636
      ]
    ],
    "translation": [
      1.63256049,
      1.68593562,
      -0.9319483
    ]
  },
  {
    "timeStamp": 511,
    "rotation": [
      [
        0.686310768,
        -0.356234968,
        -0.6340932
      ],
      [
        0.0267959516,
        0.883628249,
        -0.46742174
      ],
      [
        0.7268146,
        0.303805441,
        0.615989268
      ]
    ],
    "translation": [
      1.63785219,
      1.67411959,
      -0.926774442
    ]
  },
  {
    "timeStamp": 567,
    "rotation": [
      [
        0.7143398,
        -0.4125528,
        -0.565259933
      ],
      [
        0.0192358941,
        0.8190167,
        -0.5734471
      ],
      [
        0.6995346,
        0.398762822,
        0.592992
      ]
    ],
    "translation": [
      1.64398682,
      1.65441036,
      -0.9191328
    ]
  },
  {
    "timeStamp": 612,
    "rotation": [
      [
        0.721549869,
        -0.438654,
        -0.535675764
      ],
      [
        0.00411726534,
        0.7763974,
        -0.6302302
      ],
      [
        0.692350268,
        0.45253697,
        0.5620155
      ]
    ],
    "translation": [
      1.64743447,
      1.64105737,
      -0.914235353
    ]
  },
  {
    "timeStamp": 667,
    "rotation": [
      [
        0.724529,
        -0.465293854,
        -0.5084874
      ],
      [
        -0.0165946241,
        0.7257561,
        -0.6877519
      ],
      [
        0.689044535,
        0.5067344,
        0.51811
      ]
    ],
    "translation": [
      1.652328,
      1.62801445,
      -0.9114538
    ]
  },
  {
    "timeStamp": 712,
    "rotation": [
      [
        0.7018503,
        -0.4862994,
        -0.520498931
      ],
      [
        -0.03657869,
        0.7051359,
        -0.7081281
      ],
      [
        0.7113847,
        0.5160391,
        0.4771116
      ]
    ],
    "translation": [
      1.65314794,
      1.62390614,
      -0.911891043
    ]
  },
  {
    "timeStamp": 768,
    "rotation": [
      [
        0.693311453,
        -0.5033645,
        -0.515697062
      ],
      [
        -0.0334512331,
        0.692360759,
        -0.7207757
      ],
      [
        0.7198613,
        0.5169728,
        0.463183433
      ]
    ],
    "translation": [
      1.65674233,
      1.62084329,
      -0.9114431
    ]
  },
  {
    "timeStamp": 813,
    "rotation": [
      [
        0.698667347,
        -0.51704365,
        -0.494499534
      ],
      [
        -0.0261429064,
        0.672264338,
        -0.739849448
      ],
      [
        0.71496886,
        0.5298363,
        0.4561721
      ]
    ],
    "translation": [
      1.66458416,
      1.61716783,
      -0.909992158
    ]
  },
  {
    "timeStamp": 859,
    "rotation": [
      [
        0.703393,
        -0.5275457,
        -0.476375759
      ],
      [
        -0.0161092728,
        0.6581919,
        -0.7526778
      ],
      [
        0.7106186,
        0.537102342,
        0.454469234
      ]
    ],
    "translation": [
      1.67241263,
      1.61431861,
      -0.908034444
    ]
  },
  {
    "timeStamp": 916,
    "rotation": [
      [
        0.725040436,
        -0.5295924,
        -0.440282017
      ],
      [
        -0.007036791,
        0.6335586,
        -0.7736627
      ],
      [
        0.688670337,
        0.5640349,
        0.455628961
      ]
    ],
    "translation": [
      1.685106,
      1.60871446,
      -0.904272258
    ]
  },
  {
    "timeStamp": 960,
    "rotation": [
      [
        0.745765,
        -0.5312183,
        -0.402047
      ],
      [
        0.0009433628,
        0.6043261,
        -0.796736538
      ],
      [
        0.6662085,
        0.593798935,
        0.451186359
      ]
    ],
    "translation": [
      1.69747543,
      1.60299218,
      -0.9016683
    ]
  },
  {
    "timeStamp": 1017,
    "rotation": [
      [
        0.777709961,
        -0.521897852,
        -0.350413829
      ],
      [
        0.01286423,
        0.570526958,
        -0.8211781
      ],
      [
        0.62849164,
        0.634130538,
        0.450418323
      ]
    ],
    "translation": [
      1.7144978,
      1.59555733,
      -0.897398
    ]
  },
  {
    "timeStamp": 1060,
    "rotation": [
      [
        0.802594841,
        -0.5130181,
        -0.304391176
      ],
      [
        0.02871012,
        0.5429036,
        -0.8393041
      ],
      [
        0.595833242,
        0.664882064,
        0.450460434
      ]
    ],
    "translation": [
      1.72937489,
      1.58983028,
      -0.8947388
    ]
  },
  {
    "timeStamp": 1116,
    "rotation": [
      [
        0.820777237,
        -0.505897164,
        -0.2653164
      ],
      [
        0.043913763,
        0.518953443,
        -0.8536738
      ],
      [
        0.569557965,
        0.689025,
        0.448161
      ]
    ],
    "translation": [
      1.74587893,
      1.58414471,
      -0.8920864
    ]
  },
  {
    "timeStamp": 1160,
    "rotation": [
      [
        0.8380557,
        -0.4912999,
        -0.237249047
      ],
      [
        0.04870108,
        0.5004818,
        -0.8643762
      ],
      [
        0.5434068,
        0.7128411,
        0.443358421
      ]
    ],
    "translation": [
      1.75922585,
      1.57924712,
      -0.890209734
    ]
  },
  {
    "timeStamp": 1216,
    "rotation": [
      [
        0.8499232,
        -0.482932568,
        -0.210729167
      ],
      [
        0.05131101,
        0.473894984,
        -0.8790852
      ],
      [
        0.5244023,
        0.736342132,
        0.427554071
      ]
    ],
    "translation": [
      1.77401567,
      1.57421362,
      -0.8899848
    ]
  },
  {
    "timeStamp": 1260,
    "rotation": [
      [
        0.852263331,
        -0.479625344,
        -0.208822221
      ],
      [
        0.04995975,
        0.4719953,
        -0.880184352
      ],
      [
        0.520721853,
        0.7397161,
        0.426226228
      ]
    ],
    "translation": [
      1.78260493,
      1.572359,
      -0.8889893
    ]
  },
  {
    "timeStamp": 1316,
    "rotation": [
      [
        0.85440284,
        -0.4743081,
        -0.212197
      ],
      [
        0.039916914,
        0.467083067,
        -0.883312
      ],
      [
        0.518075645,
        0.746234059,
        0.418010026
      ]
    ],
    "translation": [
      1.79291224,
      1.57078278,
      -0.8888035
    ]
  },
  {
    "timeStamp": 1360,
    "rotation": [
      [
        0.854775369,
        -0.471451074,
        -0.217009246
      ],
      [
        0.0320767574,
        0.465321273,
        -0.884560466
      ],
      [
        0.518005967,
        0.749139547,
        0.412867785
      ]
    ],
    "translation": [
      1.79997241,
      1.57054138,
      -0.8894084
    ]
  },
  {
    "timeStamp": 1416,
    "rotation": [
      [
        0.8527729,
        -0.469300866,
        -0.229205385
      ],
      [
        0.0237208437,
        0.473202944,
        -0.880634
      ],
      [
        0.521743,
        0.745543838,
        0.414666861
      ]
    ],
    "translation": [
      1.80629241,
      1.57065392,
      -0.88923943
    ]
  },
  {
    "timeStamp": 1460,
    "rotation": [
      [
        0.853707135,
        -0.4650635,
        -0.234307632
      ],
      [
        0.018520657,
        0.476770252,
        -0.8788328
      ],
      [
        0.520423949,
        0.7459263,
        0.415635437
      ]
    ],
    "translation": [
      1.81093633,
      1.57058132,
      -0.8890591
    ]
  },
  {
    "timeStamp": 1515,
    "rotation": [
      [
        0.855019867,
        -0.460453659,
        -0.2385864
      ],
      [
        0.0139506115,
        0.480318338,
        -0.8769833
      ],
      [
        0.5184076,
        0.7465097,
        0.417105317
      ]
    ],
    "translation": [
      1.81559682,
      1.56978738,
      -0.888997257
    ]
  },
  {
    "timeStamp": 1560,
    "rotation": [
      [
        0.857173,
        -0.4562617,
        -0.238913387
      ],
      [
        0.009794829,
        0.478241533,
        -0.8781737
      ],
      [
        0.5149354,
        0.750406742,
        0.41440478
      ]
    ],
    "translation": [
      1.818512,
      1.56837726,
      -0.8891458
    ]
  },
  {
    "timeStamp": 1615,
    "rotation": [
      [
        0.8587197,
        -0.4550503,
        -0.235647336
      ],
      [
        0.00694708247,
        0.470143855,
        -0.882562459
      ],
      [
        0.5123985,
        0.756236732,
        0.406883061
      ]
    ],
    "translation": [
      1.82065415,
      1.56591308,
      -0.8893048
    ]
  },
  {
    "timeStamp": 1660,
    "rotation": [
      [
        0.85822,
        -0.455797523,
        -0.2360234
      ],
      [
        0.00548078,
        0.467943251,
        -0.8837415
      ],
      [
        0.5132528,
        0.757151,
        0.404096365
      ]
    ],
    "translation": [
      1.82073426,
      1.56424093,
      -0.8885156
    ]
  },
  {
    "timeStamp": 1715,
    "rotation": [
      [
        0.857490659,
        -0.45773083,
        -0.234930187
      ],
      [
        0.006608145,
        0.4663795,
        -0.884560049
      ],
      [
        0.514457047,
        0.756949544,
        0.40294084
      ]
    ],
    "translation": [
      1.81931567,
      1.562916,
      -0.8864179
    ]
  },
  {
    "timeStamp": 1760,
    "rotation": [
      [
        0.8568344,
        -0.4603467,
        -0.232197568
      ],
      [
        0.0104481122,
        0.46576187,
        -0.8848484
      ],
      [
        0.5154858,
        0.75574255,
        0.40389055
      ]
    ],
    "translation": [
      1.81795573,
      1.56259,
      -0.8843499
    ]
  },
  {
    "timeStamp": 1815,
    "rotation": [
      [
        0.857199252,
        -0.4613051,
        -0.228925988
      ],
      [
        0.0154116563,
        0.467309326,
        -0.883959532
      ],
      [
        0.5147543,
        0.754201353,
        0.407686681
      ]
    ],
    "translation": [
      1.81596637,
      1.56145847,
      -0.881942451
    ]
  },
  {
    "timeStamp": 1860,
    "rotation": [
      [
        0.855998,
        -0.4662712,
        -0.223290622
      ],
      [
        0.0198446456,
        0.461231053,
        -0.887058139
      ],
      [
        0.5165982,
        0.754888833,
        0.404065818
      ]
    ],
    "translation": [
      1.81488228,
      1.55974221,
      -0.8807965
    ]
  },
  {
    "timeStamp": 1918,
    "rotation": [
      [
        0.8550079,
        -0.4697256,
        -0.2198168
      ],
      [
        0.0209170654,
        0.454742461,
        -0.890377343
      ],
      [
        0.518193066,
        0.75668174,
        0.398633659
      ]
    ],
    "translation": [
      1.81385386,
      1.55822635,
      -0.880011
    ]
  },
  {
    "timeStamp": 1960,
    "rotation": [
      [
        0.8544073,
        -0.4692755,
        -0.223088965
      ],
      [
        0.0160232224,
        0.452935785,
        -0.891399145
      ],
      [
        0.5193568,
        0.758043349,
        0.394510925
      ]
    ],
    "translation": [
      1.81242919,
      1.55779386,
      -0.8785618
    ]
  },
  {
    "timeStamp": 2015,
    "rotation": [
      [
        0.853743,
        -0.46644938,
        -0.231403947
      ],
      [
        0.0102084661,
        0.45932287,
        -0.8882107
      ],
      [
        0.5205945,
        0.755941451,
        0.396905422
      ]
    ],
    "translation": [
      1.81157267,
      1.55886316,
      -0.8762918
    ]
  },
  {
    "timeStamp": 2060,
    "rotation": [
      [
        0.8568659,
        -0.461117864,
        -0.230545267
      ],
      [
        0.0112054329,
        0.463745,
        -0.8858979
      ],
      [
        0.5154175,
        0.7565123,
        0.4025343
      ]
    ],
    "translation": [
      1.81242847,
      1.559737,
      -0.8740829
    ]
  },
  {
    "timeStamp": 2115,
    "rotation": [
      [
        0.8659487,
        -0.4506692,
        -0.216864347
      ],
      [
        0.0192792322,
        0.463370562,
        -0.885954857
      ],
      [
        0.4997611,
        0.763010442,
        0.40994367
      ]
    ],
    "translation": [
      1.81511211,
      1.56000531,
      -0.87112844
    ]
  },
  {
    "timeStamp": 2160,
    "rotation": [
      [
        0.8774133,
        -0.438190371,
        -0.195281908
      ],
      [
        0.03353736,
        0.462092429,
        -0.8861974
      ],
      [
        0.478561461,
        0.7710121,
        0.420141816
      ]
    ],
    "translation": [
      1.81910229,
      1.56010878,
      -0.8677269
    ]
  },
  {
    "timeStamp": 2215,
    "rotation": [
      [
        0.900372148,
        -0.409455448,
        -0.147228673
      ],
      [
        0.06506576,
        0.46125403,
        -0.8848792
      ],
      [
        0.4302284,
        0.787141,
        0.441941828
      ]
    ],
    "translation": [
      1.82778859,
      1.56008422,
      -0.861584246
    ]
  },
  {
    "timeStamp": 2260,
    "rotation": [
      [
        0.9192299,
        -0.38011533,
        -0.102609314
      ],
      [
        0.09085953,
        0.458380938,
        -0.884099245
      ],
      [
        0.383093834,
        0.8033675,
        0.4558946
      ]
    ],
    "translation": [
      1.83675218,
      1.55966938,
      -0.8563085
    ]
  },
  {
    "timeStamp": 2315,
    "rotation": [
      [
        0.9384416,
        -0.341585934,
        -0.05144345
      ],
      [
        0.117878206,
        0.4566488,
        -0.881803036
      ],
      [
        0.3247031,
        0.8214566,
        0.468803763
      ]
    ],
    "translation": [
      1.84848785,
      1.55942,
      -0.8504811
    ]
  },
  {
    "timeStamp": 2360,
    "rotation": [
      [
        0.9492293,
        -0.3139615,
        -0.0197984856
      ],
      [
        0.131675482,
        0.453686833,
        -0.8813795
      ],
      [
        0.285701543,
        0.834024251,
        0.471993834
      ]
    ],
    "translation": [
      1.85731781,
      1.55975139,
      -0.847295
    ]
  },
  {
    "timeStamp": 2415,
    "rotation": [
      [
        0.959358,
        -0.281930417,
        0.0121402824
      ],
      [
        0.144892126,
        0.455211639,
        -0.878515
      ],
      [
        0.2421537,
        0.844569445,
        0.477560461
      ]
    ],
    "translation": [
      1.86781263,
      1.56068718,
      -0.843021631
    ]
  },
  {
    "timeStamp": 2459,
    "rotation": [
      [
        0.9668207,
        -0.252575964,
        0.0382505059
      ],
      [
        0.154750586,
        0.4599465,
        -0.87435776
      ],
      [
        0.203248575,
        0.851266444,
        0.4837721
      ]
    ],
    "translation": [
      1.87643218,
      1.56198943,
      -0.839749038
    ]
  },
  {
    "timeStamp": 2515,
    "rotation": [
      [
        0.9716906,
        -0.224693283,
        0.07300997
      ],
      [
        0.172855884,
        0.4654719,
        -0.868018866
      ],
      [
        0.161053911,
        0.8560659,
        0.491134167
      ]
    ],
    "translation": [
      1.88705349,
      1.563666,
      -0.8362234
    ]
  },
  {
    "timeStamp": 2560,
    "rotation": [
      [
        0.9743517,
        -0.2022458,
        0.09866792
      ],
      [
        0.1845863,
        0.467520237,
        -0.864495635
      ],
      [
        0.128711358,
        0.860535562,
        0.492860943
      ]
    ],
    "translation": [
      1.89525783,
      1.56468678,
      -0.834048748
    ]
  },
  {
    "timeStamp": 2615,
    "rotation": [
      [
        0.976642251,
        -0.1767434,
        0.122194931
      ],
      [
        0.192974374,
        0.471358865,
        -0.8605706
      ],
      [
        0.09450253,
        0.8640501,
        0.494455963
      ]
    ],
    "translation": [
      1.90441573,
      1.56541526,
      -0.831803739
    ]
  },
  {
    "timeStamp": 2659,
    "rotation": [
      [
        0.978220463,
        -0.159015045,
        0.133412808
      ],
      [
        0.194425359,
        0.47686702,
        -0.857202768
      ],
      [
        0.07268795,
        0.8644721,
        0.497397631
      ]
    ],
    "translation": [
      1.91083241,
      1.56635487,
      -0.83045
    ]
  },
  {
    "timeStamp": 2725,
    "rotation": [
      [
        0.97966975,
        -0.142951414,
        0.140755475
      ],
      [
        0.193052515,
        0.480902344,
        -0.8552565
      ],
      [
        0.0545705,
        0.8650421,
        0.4987226
      ]
    ],
    "translation": [
      1.91651189,
      1.56727231,
      -0.830154657
    ]
  },
  {
    "timeStamp": 2766,
    "rotation": [
      [
        0.981529534,
        -0.12261869,
        0.146848515
      ],
      [
        0.188355431,
        0.4849829,
        -0.8539987
      ],
      [
        0.03349719,
        0.865884662,
        0.499120921
      ]
    ],
    "translation": [
      1.9241817,
      1.56857288,
      -0.8301677
    ]
  },
  {
    "timeStamp": 2810,
    "rotation": [
      [
        0.9826081,
        -0.112277739,
        0.147902057
      ],
      [
        0.184226379,
        0.489588171,
        -0.852269948
      ],
      [
        0.023279842,
        0.864694834,
        0.5017578
      ]
    ],
    "translation": [
      1.92879379,
      1.56920052,
      -0.8304698
    ]
  },
  {
    "timeStamp": 2865,
    "rotation": [
      [
        0.984067142,
        -0.0985896,
        0.1479589
      ],
      [
        0.177480534,
        0.495077819,
        -0.8505284
      ],
      [
        0.0106020821,
        0.8632369,
        0.5046876
      ]
    ],
    "translation": [
      1.93458843,
      1.57011867,
      -0.830603361
    ]
  },
  {
    "timeStamp": 2910,
    "rotation": [
      [
        0.9852856,
        -0.09116386,
        0.144573361
      ],
      [
        0.170836508,
        0.49948135,
        -0.8493134
      ],
      [
        0.00521497335,
        0.8615146,
        0.5077059
      ]
    ],
    "translation": [
      1.93898249,
      1.57084787,
      -0.830541134
    ]
  },
  {
    "timeStamp": 2965,
    "rotation": [
      [
        0.9867878,
        -0.0837954357,
        0.138665557
      ],
      [
        0.162011981,
        0.503010154,
        -0.8489599
      ],
      [
        0.00138879847,
        0.86020875,
        0.509940147
      ]
    ],
    "translation": [
      1.94395947,
      1.57149911,
      -0.8297638
    ]
  },
  {
    "timeStamp": 3010,
    "rotation": [
      [
        0.987374365,
        -0.0826370046,
        0.135140955
      ],
      [
        0.158392891,
        0.5047802,
        -0.848592162
      ],
      [
        0.00190862757,
        0.8592835,
        0.511496067
      ]
    ],
    "translation": [
      1.94737363,
      1.5712074,
      -0.82885325
    ]
  },
  {
    "timeStamp": 3066,
    "rotation": [
      [
        0.9887236,
        -0.08585494,
        0.122696966
      ],
      [
        0.149324059,
        0.503344536,
        -0.851085544
      ],
      [
        0.0113110514,
        0.859809935,
        0.5104888
      ]
    ],
    "translation": [
      1.95065844,
      1.5702163,
      -0.8273398
    ]
  },
  {
    "timeStamp": 3110,
    "rotation": [
      [
        0.990291238,
        -0.08742249,
        0.108077109
      ],
      [
        0.13750267,
        0.501921,
        -0.853913546
      ],
      [
        0.020405082,
        0.860484,
        0.5090688
      ]
    ],
    "translation": [
      1.95253992,
      1.56894052,
      -0.8255187
    ]
  },
  {
    "timeStamp": 3165,
    "rotation": [
      [
        0.991220653,
        -0.0925072,
        0.09446697
      ],
      [
        0.128285959,
        0.49994278,
        -0.8565045
      ],
      [
        0.032004755,
        0.8611037,
        0.507420957
      ]
    ],
    "translation": [
      1.95498228,
      1.566804,
      -0.822123468
    ]
  },
  {
    "timeStamp": 3211,
    "rotation": [
      [
        0.991743147,
        -0.098961,
        0.0815620944
      ],
      [
        0.120241746,
        0.496469975,
        -0.859685659
      ],
      [
        0.0445822142,
        0.8623945,
        0.5042699
      ]
    ],
    "translation": [
      1.956681,
      1.56401861,
      -0.8187506
    ]
  },
  {
    "timeStamp": 3268,
    "rotation": [
      [
        0.9925728,
        -0.101829812,
        0.06655731
      ],
      [
        0.1083733,
        0.491598874,
        -0.864051938
      ],
      [
        0.05526674,
        0.8648475,
        0.498983324
      ]
    ],
    "translation": [
      1.958517,
      1.55999053,
      -0.8148397
    ]
  },
  {
    "timeStamp": 3313,
    "rotation": [
      [
        0.9927962,
        -0.106569938,
        0.0547590367
      ],
      [
        0.09983153,
        0.483047336,
        -0.869884431
      ],
      [
        0.06625232,
        0.8690846,
        0.490206569
      ]
    ],
    "translation": [
      1.96155024,
      1.55582535,
      -0.8104931
    ]
  },
  {
    "timeStamp": 3359,
    "rotation": [
      [
        0.992576838,
        -0.111891612,
        0.0476599
      ],
      [
        0.09593327,
        0.479455918,
        -0.8723066
      ],
      [
        0.07475297,
        0.870403469,
        0.486630976
      ]
    ],
    "translation": [
      1.96466,
      1.5540489,
      -0.8072334
    ]
  },
  {
    "timeStamp": 3415,
    "rotation": [
      [
        0.992924035,
        -0.112530127,
        0.03793295
      ],
      [
        0.0878088847,
        0.4806855,
        -0.8724856
      ],
      [
        0.0799471,
        0.869642735,
        0.4871653
      ]
    ],
    "translation": [
      1.96808124,
      1.55175066,
      -0.8025038
    ]
  },
  {
    "timeStamp": 3459,
    "rotation": [
      [
        0.9926053,
        -0.117625639,
        0.0299815144
      ],
      [
        0.08296254,
        0.477083325,
        -0.874933541
      ],
      [
        0.08861093,
        0.870951056,
        0.483313978
      ]
    ],
    "translation": [
      1.97070718,
      1.54974043,
      -0.799079835
    ]
  },
  {
    "timeStamp": 3518,
    "rotation": [
      [
        0.992525935,
        -0.12023697,
        0.0208636057
      ],
      [
        0.07555275,
        0.471179724,
        -0.878795445
      ],
      [
        0.09583319,
        0.873803556,
        0.476742357
      ]
    ],
    "translation": [
      1.97289658,
      1.54728758,
      -0.796142
    ]
  },
  {
    "timeStamp": 3559,
    "rotation": [
      [
        0.992724538,
        -0.119577058,
        0.0141171142
      ],
      [
        0.0688725561,
        0.467747122,
        -0.881174862
      ],
      [
        0.09876506,
        0.8757362,
        0.472579628
      ]
    ],
    "translation": [
      1.97570038,
      1.544108,
      -0.7922342
    ]
  },
  {
    "timeStamp": 3614,
    "rotation": [
      [
        0.9922059,
        -0.124235041,
        0.009646005
      ],
      [
        0.06725306,
        0.4687318,
        -0.880776644
      ],
      [
        0.104901932,
        0.874560535,
        0.473433644
      ]
    ],
    "translation": [
      1.97872233,
      1.54100692,
      -0.7885116
    ]
  },
  {
    "timeStamp": 3659,
    "rotation": [
      [
        0.991345346,
        -0.130902156,
        0.009951907
      ],
      [
        0.073134914,
        0.487727016,
        -0.869927347
      ],
      [
        0.109021559,
        0.8631263,
        0.493079454
      ]
    ],
    "translation": [
      1.98129213,
      1.53952682,
      -0.7838125
    ]
  },
  {
    "timeStamp": 3714,
    "rotation": [
      [
        0.9908938,
        -0.1340636,
        0.0125083607
      ],
      [
        0.07796845,
        0.495570451,
        -0.8650612
      ],
      [
        0.109774448,
        0.858159,
        0.5015104
      ]
    ],
    "translation": [
      1.98503447,
      1.53655922,
      -0.7803062
    ]
  },
  {
    "timeStamp": 3759,
    "rotation": [
      [
        0.9915408,
        -0.128922984,
        0.0150258075
      ],
      [
        0.07669268,
        0.488539845,
        -0.8691646
      ],
      [
        0.104714595,
        0.8629645,
        0.494294643
      ]
    ],
    "translation": [
      1.98797727,
      1.53410316,
      -0.7791331
    ]
  },
  {
    "timeStamp": 3814,
    "rotation": [
      [
        0.9922381,
        -0.123135261,
        0.0173579864
      ],
      [
        0.07499447,
        0.481193542,
        -0.873400569
      ],
      [
        0.0991938561,
        0.8679231,
        0.486693025
      ]
    ],
    "translation": [
      1.99087262,
      1.53193867,
      -0.7782056
    ]
  },
  {
    "timeStamp": 3859,
    "rotation": [
      [
        0.9928249,
        -0.118518047,
        0.0158795416
      ],
      [
        0.0709732547,
        0.4771812,
        -0.8759343
      ],
      [
        0.0962366,
        0.8707764,
        0.482168972
      ]
    ],
    "translation": [
      1.99237227,
      1.53087711,
      -0.7774307
    ]
  },
  {
    "timeStamp": 3914,
    "rotation": [
      [
        0.99312973,
        -0.116550431,
        0.0104558375
      ],
      [
        0.06466143,
        0.472111464,
        -0.8791642
      ],
      [
        0.09753065,
        0.8738002,
        0.47640425
      ]
    ],
    "translation": [
      1.99300277,
      1.52972114,
      -0.7762203
    ]
  },
  {
    "timeStamp": 3959,
    "rotation": [
      [
        0.993425965,
        -0.114356451,
        0.00524404459
      ],
      [
        0.0583715066,
        0.4666087,
        -0.8825356
      ],
      [
        0.09847672,
        0.87703985,
        0.470216334
      ]
    ],
    "translation": [
      1.99320686,
      1.52884924,
      -0.7753116
    ]
  },
  {
    "timeStamp": 4014,
    "rotation": [
      [
        0.9940211,
        -0.109014608,
        0.006145587
      ],
      [
        0.0561143421,
        0.461760074,
        -0.8852281
      ],
      [
        0.09366501,
        0.8802803,
        0.4651166
      ]
    ],
    "translation": [
      1.99334931,
      1.52771854,
      -0.77394
    ]
  },
  {
    "timeStamp": 4059,
    "rotation": [
      [
        0.9940998,
        -0.107544109,
        0.0141370846
      ],
      [
        0.06237212,
        0.460122168,
        -0.8856621
      ],
      [
        0.08874295,
        0.8813182,
        0.4641151
      ]
    ],
    "translation": [
      1.99378347,
      1.52719569,
      -0.772746742
    ]
  },
  {
    "timeStamp": 4114,
    "rotation": [
      [
        0.9941633,
        -0.104959488,
        0.02495634
      ],
      [
        0.07043788,
        0.456263334,
        -0.887052536
      ],
      [
        0.0817179158,
        0.8836329,
        0.4609934
      ]
    ],
    "translation": [
      1.99394286,
      1.5265981,
      -0.7714714
    ]
  },
  {
    "timeStamp": 4162,
    "rotation": [
      [
        0.9940421,
        -0.104392573,
        0.03134343
      ],
      [
        0.0756698847,
        0.453984916,
        -0.8877904
      ],
      [
        0.07844928,
        0.8848728,
        0.459179521
      ]
    ],
    "translation": [
      1.99325144,
      1.52606118,
      -0.7703217
    ]
  },
  {
    "timeStamp": 4214,
    "rotation": [
      [
        0.993786454,
        -0.105079748,
        0.0366986766
      ],
      [
        0.08059476,
        0.451953143,
        -0.8883934
      ],
      [
        0.07676607,
        0.885831058,
        0.457613766
      ]
    ],
    "translation": [
      1.99142647,
      1.525859,
      -0.768809259
    ]
  },
  {
    "timeStamp": 4259,
    "rotation": [
      [
        0.9934787,
        -0.107326083,
        0.0384860672
      ],
      [
        0.08310166,
        0.450489134,
        -0.8889059
      ],
      [
        0.07806523,
        0.8863073,
        0.45647034
      ]
    ],
    "translation": [
      1.98946953,
      1.52644455,
      -0.767938554
    ]
  },
  {
    "timeStamp": 4314,
    "rotation": [
      [
        0.9930513,
        -0.11029499,
        0.04103848
      ],
      [
        0.0867707,
        0.45066902,
        -0.888464034
      ],
      [
        0.0794983655,
        0.885851264,
        0.4571078
      ]
    ],
    "translation": [
      1.98650789,
      1.5277307,
      -0.7672904
    ]
  },
  {
    "timeStamp": 4359,
    "rotation": [
      [
        0.9924814,
        -0.114513457,
        0.0432135761
      ],
      [
        0.09085986,
        0.452755243,
        -0.886993349
      ],
      [
        0.082007505,
        0.88425076,
        0.4597558
      ]
    ],
    "translation": [
      1.9838593,
      1.52929461,
      -0.7666172
    ]
  },
  {
    "timeStamp": 4414,
    "rotation": [
      [
        0.9919282,
        -0.119856857,
        0.0413853377
      ],
      [
        0.09213902,
        0.457079947,
        -0.8846402
      ],
      [
        0.08711378,
        0.881312847,
        0.464433968
      ]
    ],
    "translation": [
      1.97945952,
      1.53117478,
      -0.765625834
    ]
  },
  {
    "timeStamp": 4458,
    "rotation": [
      [
        0.991165042,
        -0.127724171,
        0.03575451
      ],
      [
        0.09095231,
        0.45830977,
        -0.8841266
      ],
      [
        0.0965376943,
        0.8795674,
        0.4658774
      ]
    ],
    "translation": [
      1.97500134,
      1.53252375,
      -0.7652148
    ]
  },
  {
    "timeStamp": 4514,
    "rotation": [
      [
        0.9887864,
        -0.148806363,
        0.0125739109
      ],
      [
        0.07985748,
        0.455725372,
        -0.886531
      ],
      [
        0.1261912,
        0.877593935,
        0.462498337
      ]
    ],
    "translation": [
      1.96695,
      1.533801,
      -0.7649068
    ]
  },
  {
    "timeStamp": 4559,
    "rotation": [
      [
        0.986046,
        -0.165384009,
        -0.0190090146
      ],
      [
        0.0586075559,
        0.451748163,
        -0.8902184
      ],
      [
        0.155815169,
        0.8766822,
        0.455137223
      ]
    ],
    "translation": [
      1.95827937,
      1.5343188,
      -0.764901638
    ]
  },
  {
    "timeStamp": 4614,
    "rotation": [
      [
        0.9810773,
        -0.18400979,
        -0.0602298975
      ],
      [
        0.0269263126,
        0.437725246,
        -0.8987055
      ],
      [
        0.191734761,
        0.8800778,
        0.434397
      ]
    ],
    "translation": [
      1.94608772,
      1.5338465,
      -0.766204834
    ]
  },
  {
    "timeStamp": 4659,
    "rotation": [
      [
        0.974352241,
        -0.20514667,
        -0.09247994
      ],
      [
        0.005667505,
        0.4332117,
        -0.9012744
      ],
      [
        0.224956825,
        0.8776346,
        0.4232635
      ]
    ],
    "translation": [
      1.93566954,
      1.53368366,
      -0.7664601
    ]
  },
  {
    "timeStamp": 4714,
    "rotation": [
      [
        0.965062,
        -0.230585888,
        -0.124440208
      ],
      [
        -0.0121975644,
        0.4348734,
        -0.900409
      ],
      [
        0.261737347,
        0.8704684,
        0.416867256
      ]
    ],
    "translation": [
      1.92237878,
      1.53451312,
      -0.7664808
    ]
  },
  {
    "timeStamp": 4764,
    "rotation": [
      [
        0.9560669,
        -0.2529414,
        -0.1481783
      ],
      [
        -0.0229082387,
        0.4394607,
        -0.897969663
      ],
      [
        0.292252243,
        0.861913562,
        0.414359361
      ]
    ],
    "translation": [
      1.91210663,
      1.53634059,
      -0.7667588
    ]
  },
  {
    "timeStamp": 4809,
    "rotation": [
      [
        0.944495142,
        -0.279693276,
        -0.172338516
      ],
      [
        -0.032687474,
        0.4419725,
        -0.8964328
      ],
      [
        0.326895118,
        0.8523097,
        0.4082984
      ]
    ],
    "translation": [
      1.90032625,
      1.53828609,
      -0.7683213
    ]
  },
  {
    "timeStamp": 4864,
    "rotation": [
      [
        0.9341984,
        -0.3025084,
        -0.189108491
      ],
      [
        -0.03828319,
        0.4420146,
        -0.8961905
      ],
      [
        0.354693919,
        0.8444594,
        0.401348352
      ]
    ],
    "translation": [
      1.89004946,
      1.54006135,
      -0.770497262
    ]
  },
  {
    "timeStamp": 4909,
    "rotation": [
      [
        0.926960468,
        -0.318368226,
        -0.198459059
      ],
      [
        -0.04066931,
        0.440606236,
        -0.896778762
      ],
      [
        0.37294817,
        0.8393497,
        0.395476729
      ]
    ],
    "translation": [
      1.88234878,
      1.54124057,
      -0.772709131
    ]
  },
  {
    "timeStamp": 4964,
    "rotation": [
      [
        0.918317437,
        -0.339766532,
        -0.20310542
      ],
      [
        -0.0369962864,
        0.437179238,
        -0.898613155
      ],
      [
        0.39411217,
        0.83272624,
        0.388899177
      ]
    ],
    "translation": [
      1.87306786,
      1.54202783,
      -0.775406957
    ]
  },
  {
    "timeStamp": 5009,
    "rotation": [
      [
        0.9112836,
        -0.358852565,
        -0.201957747
      ],
      [
        -0.03211185,
        0.427027255,
        -0.9036684
      ],
      [
        0.410525173,
        0.8299835,
        0.377619535
      ]
    ],
    "translation": [
      1.86454582,
      1.54123008,
      -0.7779454
    ]
  },
  {
    "timeStamp": 5064,
    "rotation": [
      [
        0.8998969,
        -0.3884373,
        -0.198247388
      ],
      [
        -0.02525945,
        0.4073997,
        -0.912900567
      ],
      [
        0.435370564,
        0.826524,
        0.35680604
      ]
    ],
    "translation": [
      1.85253882,
      1.538169,
      -0.7817422
    ]
  },
  {
    "timeStamp": 5109,
    "rotation": [
      [
        0.885777056,
        -0.415580153,
        -0.206620529
      ],
      [
        -0.020525,
        0.409684181,
        -0.9119965
      ],
      [
        0.4636568,
        0.812066436,
        0.3543591
      ]
    ],
    "translation": [
      1.8420707,
      1.538246,
      -0.7835182
    ]
  },
  {
    "timeStamp": 5165,
    "rotation": [
      [
        0.8742116,
        -0.4350673,
        -0.215570152
      ],
      [
        -0.0157444011,
        0.4183417,
        -0.908153236
      ],
      [
        0.485289782,
        0.79731214,
        0.358869284
      ]
    ],
    "translation": [
      1.83012271,
      1.54146254,
      -0.7857752
    ]
  },
  {
    "timeStamp": 5209,
    "rotation": [
      [
        0.868422747,
        -0.444450736,
        -0.219785035
      ],
      [
        -0.0110144885,
        0.425869733,
        -0.904717445
      ],
      [
        0.495702118,
        0.788098037,
        0.36493957
      ]
    ],
    "translation": [
      1.82170546,
      1.54360712,
      -0.787271
    ]
  },
  {
    "timeStamp": 5266,
    "rotation": [
      [
        0.8653292,
        -0.451802582,
        -0.216978773
      ],
      [
        -0.002788625,
        0.428568453,
        -0.903505
      ],
      [
        0.501196146,
        0.782434344,
        0.369592875
      ]
    ],
    "translation": [
      1.81253386,
      1.54474306,
      -0.7892287
    ]
  },
  {
    "timeStamp": 5312,
    "rotation": [
      [
        0.862578154,
        -0.458388716,
        -0.214099988
      ],
      [
        0.00560931861,
        0.431825221,
        -0.901939869
      ],
      [
        0.5058928,
        0.776792645,
        0.3750542
      ]
    ],
    "translation": [
      1.8046571,
      1.54574883,
      -0.789401054
    ]
  },
  {
    "timeStamp": 5369,
    "rotation": [
      [
        0.8591622,
        -0.466696382,
        -0.209844559
      ],
      [
        0.0181233417,
        0.437586129,
        -0.89899385
