[
  {
    "timeStamp": 17592,
    "rotation": [
      [
        -0.0477268249,
        0.99886,
        -0.000964024162
      ],
      [
        -0.009053685,
        0.000532487931,
        0.9999589
      ],
      [
        0.9988194,
        0.04773359,
        0.009017949
      ]
    ],
    "translation": [
      2.22505641,
      0.7219106,
      -0.6175799
    ]
  },
  {
    "timeStamp": 17649,
    "rotation": [
      [
        -0.0477596968,
        0.998828053,
        -0.007844791
      ],
      [
        0.000451270229,
        0.007875329,
        0.9999689
      ],
      [
        0.9988588,
        0.0477546677,
        -0.0008268646
      ]
    ],
    "translation": [
      2.225001,
      0.721832633,
      -0.6175494
    ]
  },
  {
    "timeStamp": 17692,
    "rotation": [
      [
        -0.04868524,
        0.9987074,
        -0.01460262
      ],
      [
        -0.0117358342,
        0.0140469689,
        0.999832451
      ],
      [
        0.998745263,
        0.0488484725,
        0.0110367844
      ]
    ],
    "translation": [
      2.22486067,
      0.7223059,
      -0.6174489
    ]
  },
  {
    "timeStamp": 17748,
    "rotation": [
      [
        -0.0476477258,
        0.9986815,
        -0.01910372
      ],
      [
        -0.0110794613,
        0.0185958538,
        0.9997657
      ],
      [
        0.9988027,
        0.04784822,
        0.0101788025
      ]
    ],
    "translation": [
      2.22491574,
      0.7224373,
      -0.617533445
    ]
  },
  {
    "timeStamp": 17792,
    "rotation": [
      [
        -0.0575071163,
        0.99831605,
        -0.007610557
      ],
      [
        -0.0119890263,
        0.006932046,
        0.9999041
      ],
      [
        0.9982731,
        0.0575928465,
        0.0115701957
      ]
    ],
    "translation": [
      2.22198319,
      0.722296834,
      -0.617353141
    ]
  },
  {
    "timeStamp": 17848,
    "rotation": [
      [
        -0.0459574126,
        0.998490155,
        0.0300880373
      ],
      [
        -0.012612571,
        -0.0306974519,
        0.999449134
      ],
      [
        0.998863757,
        0.0455526,
        0.0140043041
      ]
    ],
    "translation": [
      2.209582,
      0.7241627,
      -0.6164617
    ]
  },
  {
    "timeStamp": 17893,
    "rotation": [
      [
        -0.0446384735,
        0.998322964,
        0.03686083
      ],
      [
        0.006948882,
        -0.03658643,
        0.9993063
      ],
      [
        0.9989791,
        0.0448636562,
        -0.00530406553
      ]
    ],
    "translation": [
      2.20666337,
      0.726619,
      -0.6110895
    ]
  },
  {
    "timeStamp": 17950,
    "rotation": [
      [
        -0.03439721,
        0.9977989,
        0.0566930547
      ],
      [
        0.019018719,
        -0.05606283,
        0.9982461
      ],
      [
        0.9992272,
        0.03541512,
        -0.017048452
      ]
    ],
    "translation": [
      2.20166731,
      0.7321936,
      -0.603537858
    ]
  },
  {
    "timeStamp": 17995,
    "rotation": [
      [
        -0.0192625541,
        0.997581244,
        0.066788435
      ],
      [
        0.0188644025,
        -0.06642631,
        0.997613
      ],
      [
        0.9996365,
        0.0204764865,
        -0.0175392311
      ]
    ],
    "translation": [
      2.19870043,
      0.736480534,
      -0.599545658
    ]
  },
  {
    "timeStamp": 18039,
    "rotation": [
      [
        -0.0158334672,
        0.997326136,
        0.07134354
      ],
      [
        0.0328882523,
        -0.0707944,
        0.9969486
      ],
      [
        0.9993336,
        0.0181315187,
        -0.0316793956
      ]
    ],
    "translation": [
      2.19847751,
      0.738940954,
      -0.5931116
    ]
  },
  {
    "timeStamp": 18095,
    "rotation": [
      [
        -0.009042214,
        0.9971072,
        0.07546853
      ],
      [
        0.0353557952,
        -0.07510563,
        0.9965486
      ],
      [
        0.9993339,
        0.011679261,
        -0.0345743969
      ]
    ],
    "translation": [
      2.19822073,
      0.737513363,
      -0.589418769
    ]
  },
  {
    "timeStamp": 18140,
    "rotation": [
      [
        0.01716324,
        0.998249531,
        0.0565966628
      ],
      [
        0.04767584,
        -0.057357695,
        0.9972147
      ],
      [
        0.998715341,
        -0.0144171389,
        -0.0485768281
      ]
    ],
    "translation": [
      2.20245934,
      0.7318166,
      -0.583594
    ]
  },
  {
    "timeStamp": 18195,
    "rotation": [
      [
        -0.00609411625,
        0.9997445,
        0.0217685737
      ],
      [
        0.09148318,
        -0.0211203,
        0.99558264
      ],
      [
        0.995788038,
        0.008058647,
        -0.0913311
      ]
    ],
    "translation": [
      2.20927382,
      0.727193952,
      -0.573224545
    ]
  },
  {
    "timeStamp": 18240,
    "rotation": [
      [
        -0.008866181,
        0.999945164,
        0.005564278
      ],
      [
        0.08510752,
        -0.004789709,
        0.996360242
      ],
      [
        0.9963323,
        0.009307474,
        -0.08506039
      ]
    ],
    "translation": [
      2.21201515,
      0.7227183,
      -0.5732825
    ]
  },
  {
    "timeStamp": 18295,
    "rotation": [
      [
        -0.009938556,
        0.999945045,
        -0.00333716231
      ],
      [
        0.07953958,
        0.00411729561,
        0.9968232
      ],
      [
        0.9967821,
        0.009641545,
        -0.07957613
      ]
    ],
    "translation": [
      2.21201968,
      0.722545564,
      -0.5733482
    ]
  },
  {
    "timeStamp": 18339,
    "rotation": [
      [
        -0.0095510995,
        0.9998986,
        -0.0105607454
      ],
      [
        0.07942089,
        0.0112864124,
        0.9967773
      ],
      [
        0.9967954,
        0.00868158,
        -0.0795206353
      ]
    ],
    "translation": [
      2.21199942,
      0.7226185,
      -0.5732868
    ]
  },
  {
    "timeStamp": 18395,
    "rotation": [
      [
        -0.008511722,
        0.999805033,
        -0.0178162549
      ],
      [
        0.09042036,
        0.01851345,
        0.9957316
      ],
      [
        0.9958673,
        0.00686443737,
        -0.09056031
      ]
    ],
    "translation": [
      2.21171117,
      0.722833037,
      -0.573215246
    ]
  },
  {
    "timeStamp": 18439,
    "rotation": [
      [
        -0.007916496,
        0.999724567,
        -0.022090869
      ],
      [
        0.08965546,
        0.0227121953,
        0.99571383
      ],
      [
        0.995941341,
        0.00590199232,
        -0.08981057
      ]
    ],
    "translation": [
      2.21171856,
      0.7228975,
      -0.573078632
    ]
  }
]