[
  {
    "timeStamp": 23212,
    "rotation": [
      [
        -0.0115835294,
        0.999928236,
        -0.00306100422
      ],
      [
        -0.157472149,
        0.00119881413,
        0.9875227
      ],
      [
        0.9874555,
        0.01192102,
        0.157446951
      ]
    ],
    "translation": [
      1.30894363,
      0.705827653,
      -0.6193257
    ]
  },
  {
    "timeStamp": 23255,
    "rotation": [
      [
        -0.0160311386,
        0.999871254,
        0.0006904563
      ],
      [
        -0.16621168,
        -0.00334584177,
        0.9860844
      ],
      [
        0.985959768,
        0.0156932939,
        0.166243926
      ]
    ],
    "translation": [
      1.30844033,
      0.705844164,
      -0.620413
    ]
  },
  {
    "timeStamp": 23311,
    "rotation": [
      [
        -0.0209840834,
        0.999711037,
        0.0117277782
      ],
      [
        -0.174356118,
        -0.0152098611,
        0.9845652
      ],
      [
        0.984459043,
        0.01861539,
        0.17462489
      ]
    ],
    "translation": [
      1.30878186,
      0.7057909,
      -0.620212257
    ]
  },
  {
    "timeStamp": 23356,
    "rotation": [
      [
        -0.02314499,
        0.9997181,
        0.00529050175
      ],
      [
        -0.175246149,
        -0.00926708151,
        0.984481037
      ],
      [
        0.9842526,
        0.0218586642,
        0.175411239
      ]
    ],
    "translation": [
      1.30993891,
      0.7059497,
      -0.6200378
    ]
  },
  {
    "timeStamp": 23411,
    "rotation": [
      [
        -0.0178840067,
        0.9996601,
        0.0189731047
      ],
      [
        -0.18651101,
        -0.0219785515,
        0.982207
      ],
      [
        0.9822901,
        0.0140271047,
        0.186840668
      ]
    ],
    "translation": [
      1.30744207,
      0.7069088,
      -0.6220612
    ]
  },
  {
    "timeStamp": 23455,
    "rotation": [
      [
        -0.008673108,
        0.9995495,
        0.0287321471
      ],
      [
        -0.195598021,
        -0.0298739858,
        0.980229
      ],
      [
        0.9806458,
        0.00288167759,
        0.195769012
      ]
    ],
    "translation": [
      1.30636716,
      0.709045,
      -0.625372231
    ]
  },
  {
    "timeStamp": 23511,
    "rotation": [
      [
        0.007121359,
        0.9985124,
        0.05405916
      ],
      [
        -0.2137727,
        -0.0512906052,
        0.975536
      ],
      [
        0.9768575,
        -0.0185035244,
        0.213089421
      ]
    ],
    "translation": [
      1.30281734,
      0.715286434,
      -0.630386233
    ]
  },
  {
    "timeStamp": 23555,
    "rotation": [
      [
        0.0312243253,
        0.9957178,
        0.08701142
      ],
      [
        -0.235904709,
        -0.07725286,
        0.968700647
      ],
      [
        0.971274436,
        -0.0507734343,
        0.232482359
      ]
    ],
    "translation": [
      1.29844618,
      0.7217643,
      -0.6358053
    ]
  },
  {
    "timeStamp": 23611,
    "rotation": [
      [
        0.07049287,
        0.9859905,
        0.151173577
      ],
      [
        -0.275598884,
        -0.1264003,
        0.952926159
      ],
      [
        0.958684564,
        -0.108837746,
        0.262827575
      ]
    ],
    "translation": [
      1.28928459,
      0.7352329,
      -0.643101335
    ]
  },
  {
    "timeStamp": 23656,
    "rotation": [
      [
        0.107496969,
        0.9718969,
        0.2094298
      ],
      [
        -0.309509426,
        -0.1674683,
        0.936033249
      ],
      [
        0.9448007,
        -0.16544126,
        0.2828089
      ]
    ],
    "translation": [
      1.28323388,
      0.748072863,
      -0.648011267
    ]
  },
  {
    "timeStamp": 23711,
    "rotation": [
      [
        0.158176392,
        0.946664155,
        0.280726254
      ],
      [
        -0.357358456,
        -0.210148677,
        0.910017848
      ],
      [
        0.9204755,
        -0.244263217,
        0.3050579
      ]
    ],
    "translation": [
      1.279186,
      0.7703899,
      -0.6527639
    ]
  },
  {
    "timeStamp": 23755,
    "rotation": [
      [
        0.2064064,
        0.915523231,
        0.3452732
      ],
      [
        -0.40228352,
        -0.242266357,
        0.8828788
      ],
      [
        0.8919441,
        -0.3211296,
        0.318294585
      ]
    ],
    "translation": [
      1.27912533,
      0.7880819,
      -0.6558466
    ]
  },
  {
    "timeStamp": 23811,
    "rotation": [
      [
        0.269187629,
        0.858539939,
        0.43640247
      ],
      [
        -0.4701919,
        -0.2783018,
        0.837536633
      ],
      [
        0.840510249,
        -0.430647463,
        0.328763127
      ]
    ],
    "translation": [
      1.27922928,
      0.8149768,
      -0.6578833
    ]
  },
  {
    "timeStamp": 23855,
    "rotation": [
      [
        0.321440279,
        0.7916831,
        0.5195326
      ],
      [
        -0.534283936,
        -0.301344633,
        0.789767146
      ],
      [
        0.7818036,
        -0.531440854,
        0.3261192
      ]
    ],
    "translation": [
      1.28001189,
      0.832913935,
      -0.6617897
    ]
  },
  {
    "timeStamp": 23911,
    "rotation": [
      [
        0.376116127,
        0.6930819,
        0.614958644
      ],
      [
        -0.6148016,
        -0.309871882,
        0.7252575
      ],
      [
        0.6932213,
        -0.6508586,
        0.309560031
      ]
    ],
    "translation": [
      1.28426135,
      0.8634761,
      -0.661968648
    ]
  },
  {
    "timeStamp": 23955,
    "rotation": [
      [
        0.401584059,
        0.596134245,
        0.6952368
      ],
      [
        -0.677281737,
        -0.317675382,
        0.663605154
      ],
      [
        0.6164574,
        -0.7373645,
        0.276177466
      ]
    ],
    "translation": [
      1.29131842,
      0.888743,
      -0.6603932
    ]
  },
  {
    "timeStamp": 24011,
    "rotation": [
      [
        0.4112538,
        0.466606021,
        0.783038437
      ],
      [
        -0.7479023,
        -0.318339884,
        0.5824963
      ],
      [
        0.521068633,
        -0.82519,
        0.218057215
      ]
    ],
    "translation": [
      1.30142713,
      0.923535347,
      -0.652906954
    ]
  },
  {
    "timeStamp": 24055,
    "rotation": [
      [
        0.402986437,
        0.3587847,
        0.8419474
      ],
      [
        -0.7935943,
        -0.321238041,
        0.5167342
      ],
      [
        0.4558619,
        -0.876401544,
        0.155274913
      ]
    ],
    "translation": [
      1.31464911,
      0.9488907,
      -0.645415246
    ]
  },
  {
    "timeStamp": 24111,
    "rotation": [
      [
        0.380620569,
        0.2187753,
        0.898479462
      ],
      [
        -0.8423353,
        -0.318894446,
        0.434485555
      ],
      [
        0.3815748,
        -0.9221951,
        0.0629043654
      ]
    ],
    "translation": [
      1.33507931,
      0.981740832,
      -0.6296386
    ]
  },
  {
    "timeStamp": 24155,
    "rotation": [
      [
        0.35444048,
        0.103196964,
        0.929366648
      ],
      [
        -0.875255942,
        -0.313172519,
        0.3685785
      ],
      [
        0.329088271,
        -0.9440728,
        -0.02067726
      ]
    ],
    "translation": [
      1.3584882,
      1.00792277,
      -0.616768062
    ]
  },
  {
    "timeStamp": 24211,
    "rotation": [
      [
        0.311825126,
        -0.04945358,
        0.948851645
      ],
      [
        -0.910216749,
        -0.301987052,
        0.283389
      ],
      [
        0.2725263,
        -0.952028453,
        -0.13918063
      ]
    ],
    "translation": [
      1.39415,
      1.04092813,
      -0.595860541
    ]
  },
  {
    "timeStamp": 24255,
    "rotation": [
      [
        0.2777472,
        -0.166169062,
        0.9461735
      ],
      [
        -0.930240631,
        -0.29239127,
        0.221719787
      ],
      [
        0.2398099,
        -0.941751063,
        -0.235788092
      ]
    ],
    "translation": [
      1.42744684,
      1.06468546,
      -0.579866946
    ]
  },
  {
    "timeStamp": 24311,
    "rotation": [
      [
        0.223060876,
        -0.3227979,
        0.919807255
      ],
      [
        -0.950530946,
        -0.281283319,
        0.131797835
      ],
      [
        0.216182351,
        -0.903704166,
        -0.369572669
      ]
    ],
    "translation": [
      1.47471988,
      1.09275544,
      -0.557094753
    ]
  },
  {
    "timeStamp": 24355,
    "rotation": [
      [
        0.178067178,
        -0.428531945,
        0.885806143
      ],
      [
        -0.9635468,
        -0.2585977,
        0.0685914
      ],
      [
        0.199673817,
        -0.8657296,
        -0.458958358
      ]
    ],
    "translation": [
      1.51616669,
      1.11410558,
      -0.544135332
    ]
  },
  {
    "timeStamp": 24411,
    "rotation": [
      [
        0.135112077,
        -0.5514474,
        0.8231953
      ],
      [
        -0.97110045,
        -0.238670737,
        -0.0004943609
      ],
      [
        0.196745247,
        -0.7993385,
        -0.5677581
      ]
    ],
    "translation": [
      1.57573414,
      1.13675058,
      -0.5282189
    ]
  },
  {
    "timeStamp": 24455,
    "rotation": [
      [
        0.09866179,
        -0.6334958,
        0.7674301
      ],
      [
        -0.9771037,
        -0.207757726,
        -0.04588151
      ],
      [
        0.188505277,
        -0.745332062,
        -0.6394889
      ]
    ],
    "translation": [
      1.62326586,
      1.151557,
      -0.5198652
    ]
  },
  {
    "timeStamp": 24510,
    "rotation": [
      [
        0.07927629,
        -0.713784158,
        0.6958645
      ],
      [
        -0.979489565,
        -0.185496077,
        -0.07868466
      ],
      [
        0.185244,
        -0.6753542,
        -0.7138496
      ]
    ],
    "translation": [
      1.68381846,
      1.16102886,
      -0.5126972
    ]
  },
  {
    "timeStamp": 24555,
    "rotation": [
      [
        0.06587012,
        -0.762206137,
        0.643974364
      ],
      [
        -0.9822007,
        -0.163300663,
        -0.09281594
      ],
      [
        0.175906315,
        -0.6263982,
        -0.759396
      ]
    ],
    "translation": [
      1.73159289,
      1.16430175,
      -0.5115898
    ]
  },
  {
    "timeStamp": 24611,
    "rotation": [
      [
        0.0563683771,
        -0.818856955,
        0.57122314
      ],
      [
        -0.9864959,
        -0.133802444,
        -0.0944602638
      ],
      [
        0.15378049,
        -0.5581847,
        -0.8153413
      ]
    ],
    "translation": [
      1.79262328,
      1.16354847,
      -0.510248661
    ]
  },
  {
    "timeStamp": 24655,
    "rotation": [
      [
        0.0505017452,
        -0.84930855,
        0.525475562
      ],
      [
        -0.989980638,
        -0.1120384,
        -0.08594009
      ],
      [
        0.1318631,
        -0.5158705,
        -0.8464571
      ]
    ],
    "translation": [
      1.84002411,
      1.16102993,
      -0.513149559
    ]
  },
  {
    "timeStamp": 24711,
    "rotation": [
      [
        0.049614124,
        -0.8848505,
        0.463225663
      ],
      [
        -0.991644442,
        -0.09893792,
        -0.08277972
      ],
      [
        0.119078264,
        -0.455248147,
        -0.8823658
      ]
    ],
    "translation": [
      1.8966012,
      1.15871465,
      -0.514088869
    ]
  },
  {
    "timeStamp": 24755,
    "rotation": [
      [
        0.0460399427,
        -0.907785237,
        0.416900724
      ],
      [
        -0.9928677,
        -0.0875297,
        -0.08094637
      ],
      [
        0.109973118,
        -0.410200477,
        -0.9053405
      ]
    ],
    "translation": [
      1.93885338,
      1.15403354,
      -0.516458035
    ]
  },
  {
    "timeStamp": 24811,
    "rotation": [
      [
        0.0426709428,
        -0.932011,
        0.3599092
      ],
      [
        -0.993455231,
        -0.07778437,
        -0.0836439058
      ],
      [
        0.105952352,
        -0.3539845,
        -0.9292304
      ]
    ],
    "translation": [
      1.99046719,
      1.14571071,
      -0.5181412
    ]
  },
  {
    "timeStamp": 24855,
    "rotation": [
      [
        0.0435022339,
        -0.9482048,
        0.314666748
      ],
      [
        -0.99461174,
        -0.07077122,
        -0.075755626
      ],
      [
        0.0941012,
        -0.3096757,
        -0.9461744
      ]
    ],
    "translation": [
      2.02777076,
      1.13333714,
      -0.5197611
    ]
  },
  {
    "timeStamp": 24910,
    "rotation": [
      [
        0.02661354,
        -0.962941,
        0.268395871
      ],
      [
        -0.997580349,
        -0.04283398,
        -0.05476035
      ],
      [
        0.0642274544,
        -0.266289115,
        -0.9617509
      ]
    ],
    "translation": [
      2.07025981,
      1.11017632,
      -0.523907542
    ]
  },
  {
    "timeStamp": 24955,
    "rotation": [
      [
        0.0181122813,
        -0.973140955,
        0.2294962
      ],
      [
        -0.998814464,
        -0.0279835146,
        -0.0398311466
      ],
      [
        0.04518343,
        -0.228502691,
        -0.9724942
      ]
    ],
    "translation": [
      2.10017323,
      1.08797264,
      -0.527262151
    ]
  },
  {
    "timeStamp": 25011,
    "rotation": [
      [
        -0.013232437,
        -0.9834488,
        0.180702642
      ],
      [
        -0.9996733,
        0.00905959,
        -0.0238982216
      ],
      [
        0.021865584,
        -0.180959851,
        -0.9832474
      ]
    ],
    "translation": [
      2.13379359,
      1.06045389,
      -0.5310167
    ]
  },
  {
    "timeStamp": 25066,
    "rotation": [
      [
        -0.03559696,
        -0.989687,
        0.138753384
      ],
      [
        -0.999366164,
        0.0353102051,
        -0.00452850759
      ],
      [
        -0.0004176049,
        -0.138826638,
        -0.9903166
      ]
    ],
    "translation": [
      2.157944,
      1.03210068,
      -0.5356449
    ]
  },
  {
    "timeStamp": 25110,
    "rotation": [
      [
        -0.04120553,
        -0.9933076,
        0.107898347
      ],
      [
        -0.998993933,
        0.04287084,
        0.0131591968
      ],
      [
        -0.0176968239,
        -0.107247569,
        -0.994074762
      ]
    ],
    "translation": [
      2.17386723,
      1.008535,
      -0.5379907
    ]
  },
  {
    "timeStamp": 25155,
    "rotation": [
      [
        -0.0304238461,
        -0.995076835,
        0.09432158
      ],
      [
        -0.999401748,
        0.0318368152,
        0.0135115488
      ],
      [
        -0.0164479278,
        -0.09385408,
        -0.9954501
      ]
    ],
    "translation": [
      2.18237448,
      0.9878226,
      -0.538493752
    ]
  },
  {
    "timeStamp": 25211,
    "rotation": [
      [
        -0.01241436,
        -0.995942,
        0.08913731
      ],
      [
        -0.9988259,
        0.0165259615,
        0.0455377549
      ],
      [
        -0.0468260422,
        -0.08846733,
        -0.994977832
      ]
    ],
    "translation": [
      2.188107,
      0.9597155,
      -0.539004862
    ]
  },
  {
    "timeStamp": 25266,
    "rotation": [
      [
        -0.0155642936,
        -0.996601939,
        0.08088397
      ],
      [
        -0.9983191,
        0.0200057086,
        0.0543939136
      ],
      [
        -0.0558272228,
        -0.07990141,
        -0.9952382
      ]
    ],
    "translation": [
      2.19168139,
      0.935313,
      -0.535527349
    ]
  },
  {
    "timeStamp": 25310,
    "rotation": [
      [
        -0.0196541678,
        -0.99751246,
        0.06769421
      ],
      [
        -0.9976195,
        0.0240423661,
        0.06463151
      ],
      [
        -0.0660982653,
        -0.06626278,
        -0.9956105
      ]
    ],
    "translation": [
      2.19590688,
      0.9187024,
      -0.531086564
    ]
  },
  {
    "timeStamp": 25366,
    "rotation": [
      [
        -0.01951841,
        -0.9983833,
        0.0533833876
      ],
      [
        -0.9964756,
        0.0237823129,
        0.08044156
      ],
      [
        -0.0815810859,
        -0.0516251475,
        -0.9953288
      ]
    ],
    "translation": [
      2.202037,
      0.898431063,
      -0.526201844
    ]
  },
  {
    "timeStamp": 25410,
    "rotation": [
      [
        -0.009065414,
        -0.9987835,
        0.0484699644
      ],
      [
        -0.9956365,
        0.013517634,
        0.0923320949
      ],
      [
        -0.092874974,
        -0.0474214368,
        -0.994547844
      ]
    ],
    "translation": [
      2.20616484,
      0.8846179,
      -0.52225405
    ]
  },
  {
    "timeStamp": 25466,
    "rotation": [
      [
        -0.0113041811,
        -0.99927634,
        0.03631864
      ],
      [
        -0.994609833,
        0.0149803916,
        0.102600254
      ],
      [
        -0.103070073,
        -0.0349630676,
        -0.994059443
      ]
    ],
    "translation": [
      2.211098,
      0.87126863,
      -0.517257
    ]
  },
  {
    "timeStamp": 25510,
    "rotation": [
      [
        0.00150401227,
        -0.9996068,
        0.0280001033
      ],
      [
        -0.9940479,
        0.00155567774,
        0.108932681
      ],
      [
        -0.108933404,
        -0.02799728,
        -0.9936547
      ]
    ],
    "translation": [
      2.216011,
      0.861140549,
      -0.513381064
    ]
  },
  {
    "timeStamp": 25566,
    "rotation": [
      [
        -0.00265871687,
        -0.9999269,
        0.0117922761
      ],
      [
        -0.993981838,
        0.003933962,
        0.10947492
      ],
      [
        -0.109513313,
        -0.0114302449,
        -0.9939196
      ]
    ],
    "translation": [
      2.22116947,
      0.852229953,
      -0.5083063
    ]
  },
  {
    "timeStamp": 25610,
    "rotation": [
      [
        -0.005030493,
        -0.9999525,
        0.008354771
      ],
      [
        -0.9943423,
        0.00588841736,
        0.1060598
      ],
      [
        -0.106103949,
        -0.00777396932,
        -0.9943246
      ]
    ],
    "translation": [
      2.22208023,
      0.846589148,
      -0.504987061
    ]
  },
  {
    "timeStamp": 25666,
    "rotation": [
      [
        -0.00192882714,
        -0.9999962,
        0.00198549055
      ],
      [
        -0.9936883,
        0.00213934644,
        0.11215625
      ],
      [
        -0.112160072,
        -0.00175662863,
        -0.993688643
      ]
    ],
    "translation": [
      2.22240543,
      0.8378891,
      -0.5017739
    ]
  },
  {
    "timeStamp": 25710,
    "rotation": [
      [
        -0.007299477,
        -0.99994427,
        -0.007619725
      ],
      [
        -0.9932476,
        0.00636788458,
        0.115838543
      ],
      [
        -0.115783565,
        0.0084138345,
        -0.9932388
      ]
    ],
    "translation": [
      2.221885,
      0.8319523,
      -0.4999739
    ]
  },
  {
    "timeStamp": 25766,
    "rotation": [
      [
        0.009702743,
        -0.999949455,
        -0.00263821171
      ],
      [
        -0.993316948,
        -0.009941769,
        0.114989758
      ],
      [
        -0.115010172,
        0.00150486443,
        -0.993363142
      ]
    ],
    "translation": [
      2.21978021,
      0.8256311,
      -0.498626232
    ]
  },
  {
    "timeStamp": 25810,
    "rotation": [
      [
        0.0160313435,
        -0.9998689,
        -0.002236259
      ],
      [
        -0.9933216,
        -0.0161818676,
        0.114238478
      ],
      [
        -0.11425969,
        0.000389927678,
        -0.9934508
      ]
    ],
    "translation": [
      2.21901655,
      0.821515262,
      -0.4974132
    ]
  },
  {
    "timeStamp": 25866,
    "rotation": [
      [
        0.0146913668,
        -0.999889553,
        0.00224562129
      ],
      [
        -0.9962135,
        -0.0144448122,
        0.0857322961
      ],
      [
        -0.08569039,
        -0.003496643,
        -0.996315658
      ]
    ],
    "translation": [
      2.21911,
      0.819203138,
      -0.496661723
    ]
  },
  {
    "timeStamp": 25910,
    "rotation": [
      [
        0.01601629,
        -0.9998668,
        0.00313323061
      ],
      [
        -0.9986667,
        -0.0158431083,
        0.0491305068
      ],
      [
        -0.049074322,
        -0.00391594134,
        -0.9987874
      ]
    ],
    "translation": [
      2.21911716,
      0.819147944,
      -0.496192068
    ]
  },
  {
    "timeStamp": 25966,
    "rotation": [
      [
        0.0162300318,
        -0.999865949,
        -0.00216301857
      ],
      [
        -0.9998681,
        -0.0162312854,
        0.0005639235
      ],
      [
        -0.0005989565,
        0.002153581,
        -0.9999975
      ]
    ],
    "translation": [
      2.21909046,
      0.81908524,
      -0.4954912
    ]
  },
  {
    "timeStamp": 26010,
    "rotation": [
      [
        0.0165534839,
        -0.9998602,
        -0.00236978149
      ],
      [
        -0.999685347,
        -0.0165058263,
        -0.01888695
      ],
      [
        0.018845195,
        0.00268168072,
        -0.9998188
      ]
    ],
    "translation": [
      2.21907353,
      0.8189608,
      -0.49528867
    ]
  },
  {
    "timeStamp": 26066,
    "rotation": [
      [
        0.01716487,
        -0.999827266,
        -0.00712095341
      ],
      [
        -0.999532163,
        -0.016978614,
        -0.0254400745
      ],
      [
        0.0253147762,
        0.00755429734,
        -0.999650955
      ]
    ],
    "translation": [
      2.21902,
      0.8189007,
      -0.4951494
    ]
  },
  {
    "timeStamp": 26110,
    "rotation": [
      [
        0.0177587681,
        -0.999762952,
        -0.0125976689
      ],
      [
        -0.999329031,
        -0.0173445735,
        -0.03225924
      ],
      [
        0.0320330933,
        0.0131621007,
        -0.999400139
      ]
    ],
    "translation": [
      2.21893787,
      0.8188431,
      -0.494994581
    ]
  },
  {
    "timeStamp": 26166,
    "rotation": [
      [
        0.0185597818,
        -0.9996699,
        -0.01776645
      ],
      [
        -0.999519944,
        -0.0181102231,
        -0.0251387432
      ],
      [
        0.02480869,
        0.0182244889,
        -0.9995261
      ]
    ],
    "translation": [
      2.21887445,
      0.8187755,
      -0.495055467
    ]
  },
  {
    "timeStamp": 26210,
    "rotation": [
      [
        0.0189736523,
        -0.9996453,
        -0.01868857
      ],
      [
        -0.9995069,
        -0.0184966419,
        -0.0253746361
      ],
      [
        0.02501996,
        0.0191608053,
        -0.9995033
      ]
    ],
    "translation": [
      2.21886921,
      0.8187262,
      -0.4950569
    ]
  },
  {
    "timeStamp": 26266,
    "rotation": [
      [
        0.01981791,
        -0.9996233,
        -0.0189880952
      ],
      [
        -0.9994158,
        -0.019277744,
        -0.0282202624
      ],
      [
        0.0278435834,
        0.01953627,
        -0.999421358
      ]
    ],
    "translation": [
      2.2188766,
      0.8186515,
      -0.494957
    ]
  },
  {
    "timeStamp": 26310,
    "rotation": [
      [
        0.0195357762,
        -0.9996789,
        -0.0161382
      ],
      [
        -0.999420643,
        -0.019075701,
        -0.0281866938
      ],
      [
        0.0278697945,
        0.0166795,
        -0.9994724
      ]
    ],
    "translation": [
      2.21892667,
      0.8186827,
      -0.49498868
    ]
  },
  {
    "timeStamp": 26366,
    "rotation": [
      [
        0.01963632,
        -0.999665141,
        -0.0168512
      ],
      [
        -0.999407,
        -0.0191488564,
        -0.02861706
      ],
      [
        0.0282847974,
        0.01740314,
        -0.9994484
      ]
    ],
    "translation": [
      2.21891356,
      0.818670869,
      -0.494973332
    ]
  }
]