[
  {
    "timeStamp": 31774,
    "rotation": [
      [
        0.9998318,
        0.0174486041,
        0.00565149961
      ],
      [
        -0.00445738668,
        -0.06773197,
        0.9976936
      ],
      [
        0.0177911483,
        -0.997550964,
        -0.0676428
      ]
    ],
    "translation": [
      1.77205157,
      0.700573444,
      -0.7480048
    ]
  },
  {
    "timeStamp": 31818,
    "rotation": [
      [
        0.998446,
        0.0498603731,
        0.024890624
      ],
      [
        -0.0210715439,
        -0.07570839,
        0.996907353
      ],
      [
        0.0515905879,
        -0.99588263,
        -0.0745401
      ]
    ],
    "translation": [
      1.77225959,
      0.7051672,
      -0.748976052
    ]
  },
  {
    "timeStamp": 31874,
    "rotation": [
      [
        0.999137,
        0.0316228755,
        0.0269323122
      ],
      [
        -0.0241590776,
        -0.08502308,
        0.996086061
      ],
      [
        0.0337889642,
        -0.995877,
        -0.08418573
      ]
    ],
    "translation": [
      1.77220845,
      0.705245,
      -0.7485359
    ]
  },
  {
    "timeStamp": 31919,
    "rotation": [
      [
        0.998774469,
        -0.0168384742,
        0.04654049
      ],
      [
        -0.04812915,
        -0.111212835,
        0.9926305
      ],
      [
        -0.0115384758,
        -0.993653953,
        -0.111886963
      ]
    ],
    "translation": [
      1.77158284,
      0.7061629,
      -0.7464493
    ]
  },
  {
    "timeStamp": 31974,
    "rotation": [
      [
        0.9896813,
        0.0391249731,
        0.137840942
      ],
      [
        -0.119733676,
        -0.3026056,
        0.9455653
      ],
      [
        0.07870666,
        -0.952312469,
        -0.294798523
      ]
    ],
    "translation": [
      1.75960314,
      0.73030293,
      -0.7065389
    ]
  },
  {
    "timeStamp": 32018,
    "rotation": [
      [
        0.9875207,
        0.0238114055,
        0.155678883
      ],
      [
        -0.141380757,
        -0.301474124,
        0.942934155
      ],
      [
        0.0693857446,
        -0.953177,
        -0.294345468
      ]
    ],
    "translation": [
      1.76383293,
      0.7584959,
      -0.7045922
    ]
  },
  {
    "timeStamp": 32074,
    "rotation": [
      [
        0.9840777,
        -0.0371085033,
        0.173822314
      ],
      [
        -0.177103192,
        -0.287382245,
        0.9413001
      ],
      [
        0.0150232268,
        -0.9570969,
        -0.2893785
      ]
    ],
    "translation": [
      1.77678537,
      0.799368262,
      -0.700537264
    ]
  },
  {
    "timeStamp": 32118,
    "rotation": [
      [
        0.9743651,
        -0.097186096,
        0.202897638
      ],
      [
        -0.221613526,
        -0.2593693,
        0.940008
      ],
      [
        -0.0387302861,
        -0.960875869,
        -0.274258167
      ]
    ],
    "translation": [
      1.78775012,
      0.8360635,
      -0.6993354
    ]
  },
  {
    "timeStamp": 32174,
    "rotation": [
      [
        0.9646879,
        -0.131856859,
        0.228015363
      ],
      [
        -0.2552979,
        -0.2550778,
        0.932608366
      ],
      [
        -0.06480917,
        -0.9578878,
        -0.279733241
      ]
    ],
    "translation": [
      1.8082484,
      0.880632639,
      -0.695797265
    ]
  },
  {
    "timeStamp": 32218,
    "rotation": [
      [
        0.957872033,
        -0.166081831,
        0.234303325
      ],
      [
        -0.271939754,
        -0.2621419,
        0.9259214
      ],
      [
        -0.09235801,
        -0.950630546,
        -0.296262652
      ]
    ],
    "translation": [
      1.829011,
      0.9109729,
      -0.6916316
    ]
  },
  {
    "timeStamp": 32274,
    "rotation": [
      [
        0.950457036,
        -0.19397749,
        0.242907882
      ],
      [
        -0.288644433,
        -0.260643184,
        0.921276033
      ],
      [
        -0.115394533,
        -0.945747256,
        -0.303720653
      ]
    ],
    "translation": [
      1.85994923,
      0.94347614,
      -0.6910696
    ]
  },
  {
    "timeStamp": 32319,
    "rotation": [
      [
        0.951679945,
        -0.222058237,
        0.212121442
      ],
      [
        -0.270821333,
        -0.2812284,
        0.9206337
      ],
      [
        -0.144779712,
        -0.9335956,
        -0.327777535
      ]
    ],
    "translation": [
      1.89326572,
      0.9606767,
      -0.686273456
    ]
  },
  {
    "timeStamp": 32374,
    "rotation": [
      [
        0.9497604,
        -0.252548218,
        0.18486397
      ],
      [
        -0.253768831,
        -0.275684953,
        0.9271457
      ],
      [
        -0.183184788,
        -0.927478969,
        -0.3259235
      ]
    ],
    "translation": [
      1.93429828,
      0.974832237,
      -0.688046157
    ]
  },
  {
    "timeStamp": 32418,
    "rotation": [
      [
        0.9471703,
        -0.277419567,
        0.160955831
      ],
      [
        -0.235337928,
        -0.2601816,
        0.9364409
      ],
      [
        -0.217909262,
        -0.924848,
        -0.31172365
      ]
    ],
    "translation": [
      1.96708536,
      0.982165754,
      -0.69357723
    ]
  },
  {
    "timeStamp": 32473,
    "rotation": [
      [
        0.9411584,
        -0.308290958,
        0.138482973
      ],
      [
        -0.213083237,
        -0.223235682,
        0.951189458
      ],
      [
        -0.262328774,
        -0.924728334,
        -0.275791764
      ]
    ],
    "translation": [
      2.00527334,
      0.986838341,
      -0.7048791
    ]
  },
  {
    "timeStamp": 32518,
    "rotation": [
      [
        0.938187838,
        -0.327259541,
        0.11271546
      ],
      [
        -0.187087044,
        -0.205485329,
        0.9606114
      ],
      [
        -0.2912079,
        -0.922321558,
        -0.254009843
      ]
    ],
    "translation": [
      2.036692,
      0.9891793,
      -0.7121792
    ]
  },
  {
    "timeStamp": 32573,
    "rotation": [
      [
        0.931582451,
        -0.352933168,
        0.0871342644
      ],
      [
        -0.156472147,
        -0.172937065,
        0.9724244
      ],
      [
        -0.328132063,
        -0.9195276,
        -0.216329336
      ]
    ],
    "translation": [
      2.071633,
      0.989269137,
      -0.721841931
    ]
  },
  {
    "timeStamp": 32621,
    "rotation": [
      [
        0.931547046,
        -0.3595389,
        0.05433099
      ],
      [
        -0.120364405,
        -0.163902462,
        0.9791059
      ],
      [
        -0.343121678,
        -0.918622732,
        -0.19595854
      ]
    ],
    "translation": [
      2.10045218,
      0.9850184,
      -0.7275973
    ]
  },
  {
    "timeStamp": 32673,
    "rotation": [
      [
        0.924953163,
        -0.37825498,
        0.0372119434
      ],
      [
        -0.09406585,
        -0.1329564,
        0.986647964
      ],
      [
        -0.368256927,
        -0.916103542,
        -0.158559322
      ]
    ],
    "translation": [
      2.1263957,
      0.97495234,
      -0.7364121
    ]
  },
  {
    "timeStamp": 32718,
    "rotation": [
      [
        0.9265373,
        -0.376066983,
        0.0101092719
      ],
      [
        -0.06295398,
        -0.1284983,
        0.989709556
      ],
      [
        -0.370898068,
        -0.917639256,
        -0.14273338
      ]
    ],
    "translation": [
      2.14394641,
      0.961266637,
      -0.7408861
    ]
  },
  {
    "timeStamp": 32773,
    "rotation": [
      [
        0.9287859,
        -0.3705196,
        -0.00848089252
      ],
      [
        -0.04125128,
        -0.126091927,
        0.9911605
      ],
      [
        -0.3683138,
        -0.9202261,
        -0.132396817
      ]
    ],
    "translation": [
      2.16198754,
      0.9387982,
      -0.7417123
    ]
  },
  {
    "timeStamp": 32818,
    "rotation": [
      [
        0.926537633,
        -0.376042038,
        -0.010971644
      ],
      [
        -0.0323324464,
        -0.108653143,
        0.993553758
      ],
      [
        -0.37481007,
        -0.920210242,
        -0.112829581
      ]
    ],
    "translation": [
      2.16643262,
      0.917341053,
      -0.7461379
    ]
  },
  {
    "timeStamp": 32873,
    "rotation": [
      [
        0.9267853,
        -0.374269515,
        -0.0314866267
      ],
      [
        -0.008980538,
        -0.105889887,
        0.9943373
      ],
      [
        -0.375484258,
        -0.9212544,
        -0.101498336
      ]
    ],
    "translation": [
      2.17869449,
      0.887897253,
      -0.7464639
    ]
  },
  {
    "timeStamp": 32918,
    "rotation": [
      [
        0.924594,
        -0.3785446,
        -0.0427771658
      ],
      [
        0.009605282,
        -0.08908885,
        0.995977342
      ],
      [
        -0.380832851,
        -0.92128557,
        -0.07873499
      ]
    ],
    "translation": [
      2.18157,
      0.8649651,
      -0.750465453
    ]
  },
  {
    "timeStamp": 32973,
    "rotation": [
      [
        0.928218365,
        -0.368614823,
        -0.050336957
      ],
      [
        0.02207274,
        -0.08049859,
        0.996510267
      ],
      [
        -0.371380538,
        -0.92609024,
        -0.06658393
      ]
    ],
    "translation": [
      2.18453646,
      0.8404794,
      -0.752127945
    ]
  },
  {
    "timeStamp": 33018,
    "rotation": [
      [
        0.9276503,
        -0.37104243,
        -0.0423375145
      ],
      [
        0.0209388621,
        -0.06151343,
        0.9978866
      ],
      [
        -0.3728626,
        -0.9265763,
        -0.04929375
      ]
    ],
    "translation": [
      2.180894,
      0.8214264,
      -0.7561839
    ]
  },
  {
    "timeStamp": 33073,
    "rotation": [
      [
        0.933772743,
        -0.355830938,
        -0.03811673
      ],
      [
        0.0220035,
        -0.0492228642,
        0.9985454
      ],
      [
        -0.3571896,
        -0.933253169,
        -0.0381334424
      ]
    ],
    "translation": [
      2.17879057,
      0.798874557,
      -0.756719351
    ]
  },
  {
    "timeStamp": 33118,
    "rotation": [
      [
        0.9371175,
        -0.3472047,
        -0.035490673
      ],
      [
        0.0193206426,
        -0.0499246344,
        0.9985661
      ],
      [
        -0.3484787,
        -0.9364595,
        -0.0400770344
      ]
    ],
    "translation": [
      2.17701459,
      0.7819525,
      -0.755345047
    ]
  },
  {
    "timeStamp": 33173,
    "rotation": [
      [
        0.9364253,
        -0.347352833,
        -0.0495332442
      ],
      [
        0.0359909162,
        -0.0453354046,
        0.998323262
      ],
      [
        -0.349016041,
        -0.936638,
        -0.0299516749
      ]
    ],
    "translation": [
      2.18132639,
      0.7623053,
      -0.753162265
    ]
  },
  {
    "timeStamp": 33218,
    "rotation": [
      [
        0.936028659,
        -0.349071324,
        -0.04471643
      ],
      [
        0.03177171,
        -0.04272414,
        0.9985816
      ],
      [
        -0.350486666,
        -0.9361217,
        -0.0289004259
      ]
    ],
    "translation": [
      2.18046284,
      0.7508944,
      -0.7514588
    ]
  },
  {
    "timeStamp": 33273,
    "rotation": [
      [
        0.93291235,
        -0.3572326,
        -0.0453800969
      ],
      [
        0.03164012,
        -0.04421633,
        0.9985208
      ],
      [
        -0.358710736,
        -0.932968259,
        -0.02994708
      ]
    ],
    "translation": [
      2.18150353,
      0.7412478,
      -0.74525857
    ]
  },
  {
    "timeStamp": 33318,
    "rotation": [
      [
        0.9297539,
        -0.3672242,
        -0.026535714
      ],
      [
        0.0146745984,
        -0.0350542851,
        0.999277651
      ],
      [
        -0.367889136,
        -0.9294717,
        -0.0272029918
      ]
    ],
    "translation": [
      2.175607,
      0.7373886,
      -0.7412065
    ]
  },
  {
    "timeStamp": 33373,
    "rotation": [
      [
        0.9270888,
        -0.374696761,
        -0.0104247639
      ],
      [
        -0.00338974851,
        -0.0361905247,
        0.999339163
      ],
      [
        -0.374826431,
        -0.926440835,
        -0.0348219573
      ]
    ],
    "translation": [
      2.1704154,
      0.7337614,
      -0.733210266
    ]
  },
  {
    "timeStamp": 33418,
    "rotation": [
      [
        0.925688446,
        -0.378199875,
        -0.008113211
      ],
      [
        -0.00686144,
        -0.03823017,
        0.9992454
      ],
      [
        -0.378224641,
        -0.924934268,
        -0.03798422
      ]
    ],
    "translation": [
      2.16861343,
      0.7306853,
      -0.727609754
    ]
  },
  {
    "timeStamp": 33473,
    "rotation": [
      [
        0.923807859,
        -0.382844716,
        0.002998972
      ],
      [
        -0.0189906619,
        -0.0379983224,
        0.999097347
      ],
      [
        -0.3823852,
        -0.9230309,
        -0.04237362
      ]
    ],
    "translation": [
      2.164911,
      0.728037059,
      -0.720040262
    ]
  },
  {
    "timeStamp": 33518,
    "rotation": [
      [
        0.9253086,
        -0.37918964,
        0.004380344
      ],
      [
        -0.01973143,
        -0.0366072953,
        0.9991349
      ],
      [
        -0.37870124,
        -0.9245946,
        -0.041355
      ]
    ],
    "translation": [
      2.16439414,
      0.7257282,
      -0.716714561
    ]
  },
  {
    "timeStamp": 33573,
    "rotation": [
      [
        0.924880445,
        -0.380251646,
        0.00221215747
      ],
      [
        -0.009152992,
        -0.0164461024,
        0.999822855
      ],
      [
        -0.3801479,
        -0.924736857,
        -0.0186911188
      ]
    ],
    "translation": [
      2.164397,
      0.725258,
      -0.716781735
    ]
  },
  {
    "timeStamp": 33617,
    "rotation": [
      [
        0.9235927,
        -0.383372515,
        -0.00140395924
      ],
      [
        -0.00401842548,
        -0.0133426655,
        0.9999029
      ],
      [
        -0.383354,
        -0.9234974,
        -0.0138637433
      ]
    ],
    "translation": [
      2.16439676,
      0.72511667,
      -0.7165943
    ]
  },
  {
    "timeStamp": 33673,
    "rotation": [
      [
        0.922912061,
        -0.384979278,
        -0.00492274249
      ],
      [
        0.00283738226,
        -0.00598468538,
        0.999978065
      ],
      [
        -0.3850003,
        -0.922905743,
        -0.004431005
      ]
    ],
    "translation": [
      2.16439176,
      0.725004435,
      -0.7164664
    ]
  },
  {
    "timeStamp": 33718,
    "rotation": [
      [
        0.921786666,
        -0.38762182,
        -0.00766122
      ],
      [
        0.008051558,
        -0.000616971753,
        0.9999674
      ],
      [
        -0.387613922,
        -0.921818256,
        0.00255224318
      ]
    ],
    "translation": [
      2.164289,
      0.724915266,
      -0.7164249
    ]
  },
  {
    "timeStamp": 33773,
    "rotation": [
      [
        0.920931935,
        -0.389581442,
        -0.010524774
      ],
      [
        0.0112775918,
        -0.000354764459,
        0.999936342
      ],
      [
        -0.389560372,
        -0.920991957,
        0.00406682631
      ]
    ],
    "translation": [
      2.16423345,
      0.724844,
      -0.716412842
    ]
  },
  {
    "timeStamp": 33817,
    "rotation": [
      [
        0.9205941,
        -0.390227735,
        -0.015129569
      ],
      [
        0.0157055072,
        -0.00171511271,
        0.9998752
      ],
      [
        -0.390205,
        -0.9207168,
        0.004549802
      ]
    ],
    "translation": [
      2.16419673,
      0.72475636,
      -0.7164021
    ]
  },
  {
    "timeStamp": 33873,
    "rotation": [
      [
        0.920411944,
        -0.390529156,
        -0.01813505
      ],
      [
        0.0190023761,
        -0.00164325244,
        0.9998181
      ],
      [
        -0.3904879,
        -0.9205891,
        0.00590851251
      ]
    ],
    "translation": [
      2.16417933,
      0.7246965,
      -0.716393232
    ]
  },
  {
    "timeStamp": 33917,
    "rotation": [
      [
        0.9203521,
        -0.3905451,
        -0.0206541643
      ],
      [
        0.0222831,
        -0.00036036392,
        0.9997516
      ],
      [
        -0.390455544,
        -0.9205837,
        0.008370893
      ]
    ],
    "translation": [
      2.16416335,
      0.7246412,
      -0.7163805
    ]
  }
]