[
  {
    "timeStamp": 35806,
    "rotation": [
      [
        0.9997715,
        0.009076988,
        -0.0193545222
      ],
      [
        0.0197786856,
        -0.0492352471,
        0.998591363
      ],
      [
        0.008111283,
        -0.998746,
        -0.04940353
      ]
    ],
    "translation": [
      1.464435,
      0.701596,
      -0.484526038
    ]
  },
  {
    "timeStamp": 35861,
    "rotation": [
      [
        0.980398536,
        0.180551216,
        0.07886718
      ],
      [
        -0.08211492,
        0.0105728125,
        0.9965668
      ],
      [
        0.179097489,
        -0.983508766,
        0.0251915175
      ]
    ],
    "translation": [
      1.461891,
      0.716626048,
      -0.487111866
    ]
  },
  {
    "timeStamp": 35906,
    "rotation": [
      [
        0.9823493,
        0.105789043,
        0.154267982
      ],
      [
        -0.151266471,
        -0.0358810239,
        0.9878416
      ],
      [
        0.110038109,
        -0.993741,
        -0.01924536
      ]
    ],
    "translation": [
      1.45080662,
      0.683766246,
      -0.495553255
    ]
  },
  {
    "timeStamp": 35961,
    "rotation": [
      [
        0.995506644,
        0.0252440851,
        0.09126453
      ],
      [
        -0.0905689448,
        -0.0274493042,
        0.99551183
      ],
      [
        0.027635932,
        -0.999304354,
        -0.0250396337
      ]
    ],
    "translation": [
      1.45257592,
      0.7045743,
      -0.492126
    ]
  },
  {
    "timeStamp": 36005,
    "rotation": [
      [
        0.966264963,
        0.0224992782,
        0.2565654
      ],
      [
        -0.253394544,
        -0.09517684,
        0.9626695
      ],
      [
        0.04607846,
        -0.9952061,
        -0.08626485
      ]
    ],
    "translation": [
      1.43783629,
      0.7169162,
      -0.485858083
    ]
  },
  {
    "timeStamp": 36061,
    "rotation": [
      [
        0.9541306,
        0.012556389,
        0.29912734
      ],
      [
        -0.295672029,
        -0.11746563,
        0.94804
      ],
      [
        0.0470411442,
        -0.9929975,
        -0.108364977
      ]
    ],
    "translation": [
      1.43369162,
      0.7478517,
      -0.484807849
    ]
  },
  {
    "timeStamp": 36105,
    "rotation": [
      [
        0.9515683,
        0.0241929125,
        0.306484
      ],
      [
        -0.301064044,
        -0.128605276,
        0.9448921
      ],
      [
        0.0622751676,
        -0.9914007,
        -0.1150931
      ]
    ],
    "translation": [
      1.44619775,
      0.7758436,
      -0.491969377
    ]
  },
  {
    "timeStamp": 36161,
    "rotation": [
      [
        0.9475465,
        0.00357260229,
        0.319598168
      ],
      [
        -0.31643787,
        -0.130222708,
        0.9396325
      ],
      [
        0.044975847,
        -0.9914784,
        -0.122261554
      ]
    ],
    "translation": [
      1.46701539,
      0.8147654,
      -0.498897433
    ]
  },
  {
    "timeStamp": 36205,
    "rotation": [
      [
        0.9433406,
        -0.017209271,
        0.3313795
      ],
      [
        -0.3306691,
        -0.132074028,
        0.9344594
      ],
      [
        0.0276852772,
        -0.9910905,
        -0.130281359
      ]
    ],
    "translation": [
      1.48685861,
      0.848903954,
      -0.5036073
    ]
  },
  {
    "timeStamp": 36261,
    "rotation": [
      [
        0.944549561,
        -0.0417093039,
        0.3257091
      ],
      [
        -0.3283263,
        -0.1359219,
        0.9347337
      ],
      [
        0.00528390566,
        -0.989841163,
        -0.142079234
      ]
    ],
    "translation": [
      1.52067745,
      0.8870473,
      -0.50949645
    ]
  },
  {
    "timeStamp": 36305,
    "rotation": [
      [
        0.948072135,
        -0.05597172,
        0.313091666
      ],
      [
        -0.317908973,
        -0.136902019,
        0.938185334
      ],
      [
        -0.009648966,
        -0.989002049,
        -0.1475869
      ]
    ],
    "translation": [
      1.55345464,
      0.9160744,
      -0.516599536
    ]
  },
  {
    "timeStamp": 36361,
    "rotation": [
      [
        0.9545014,
        -0.07459426,
        0.288726121
      ],
      [
        -0.297098577,
        -0.154494718,
        0.9422653
      ],
      [
        -0.0256809331,
        -0.985173643,
        -0.169627279
      ]
    ],
    "translation": [
      1.59917855,
      0.9526889,
      -0.522989
    ]
  },
  {
    "timeStamp": 36405,
    "rotation": [
      [
        0.9588781,
        -0.0955645442,
        0.267245561
      ],
      [
        -0.279893816,
        -0.162356779,
        0.9462028
      ],
      [
        -0.04703433,
        -0.9820935,
        -0.182428285
      ]
    ],
    "translation": [
      1.63935709,
      0.979526639,
      -0.5299026
    ]
  },
  {
    "timeStamp": 36461,
    "rotation": [
      [
        0.963405848,
        -0.136135235,
        0.230903313
      ],
      [
        -0.253291339,
        -0.18049,
        0.9504035
      ],
      [
        -0.08770766,
        -0.974110067,
        -0.208367
      ]
    ],
    "translation": [
      1.69263721,
      1.012397,
      -0.536762655
    ]
  },
  {
    "timeStamp": 36505,
    "rotation": [
      [
        0.9662066,
        -0.174893558,
        0.189359412
      ],
      [
        -0.223077968,
        -0.199259892,
        0.954217851
      ],
      [
        -0.129154816,
        -0.9642135,
        -0.231541127
      ]
    ],
    "translation": [
      1.73888135,
      1.03392482,
      -0.539975941
    ]
  },
  {
    "timeStamp": 36561,
    "rotation": [
      [
        0.96641326,
        -0.2196216,
        0.133460745
      ],
      [
        -0.185628191,
        -0.237395,
        0.9535124
      ],
      [
        -0.177729011,
        -0.946261048,
        -0.270189643
      ]
    ],
    "translation": [
      1.79463565,
      1.05802751,
      -0.545360565
    ]
  },
  {
    "timeStamp": 36605,
    "rotation": [
      [
        0.962162256,
        -0.253883481,
        0.09892925
      ],
      [
        -0.164964154,
        -0.253793865,
        0.95308733
      ],
      [
        -0.216865465,
        -0.9333444,
        -0.286072552
      ]
    ],
    "translation": [
      1.83585954,
      1.07249,
      -0.55167973
    ]
  },
  {
    "timeStamp": 36660,
    "rotation": [
      [
        0.95011276,
        -0.305857122,
        0.061131753
      ],
      [
        -0.1499613,
        -0.276089877,
        0.949360847
      ],
      [
        -0.273490936,
        -0.911167264,
        -0.308183253
      ]
    ],
    "translation": [
      1.88235641,
      1.08618569,
      -0.5597647
    ]
  },
  {
    "timeStamp": 36705,
    "rotation": [
      [
        0.941133738,
        -0.33555606,
        0.0408586077
      ],
      [
        -0.144794181,
        -0.290949762,
        0.945718169
      ],
      [
        -0.305453658,
        -0.8959634,
        -0.3224092
      ]
    ],
    "translation": [
      1.91449261,
      1.09335637,
      -0.566274762
    ]
  },
  {
    "timeStamp": 36761,
    "rotation": [
      [
        0.9289678,
        -0.369221717,
        0.0263476856
      ],
      [
        -0.149140567,
        -0.308192968,
        0.939560652
      ],
      [
        -0.338786036,
        -0.876751065,
        -0.341367275
      ]
    ],
    "translation": [
      1.94469965,
      1.098359,
      -0.5734903
    ]
  },
  {
    "timeStamp": 36805,
    "rotation": [
      [
        0.9185286,
        -0.394341081,
        0.0282895658
      ],
      [
        -0.162761062,
        -0.311964184,
        0.9360487
      ],
      [
        -0.3602971,
        -0.8643919,
        -0.3507314
      ]
    ],
    "translation": [
      1.96189868,
      1.10051215,
      -0.5798024
    ]
  },
  {
    "timeStamp": 36860,
    "rotation": [
      [
        0.9080568,
        -0.4174934,
        0.03364638
      ],
      [
        -0.178257272,
        -0.312518567,
        0.933036149
      ],
      [
        -0.379021317,
        -0.8532475,
        -0.358205825
      ]
    ],
    "translation": [
      1.97706,
      1.100238,
      -0.588050246
    ]
  },
  {
    "timeStamp": 36916,
    "rotation": [
      [
        0.8977054,
        -0.438387156,
        0.0440662242
      ],
      [
        -0.194165468,
        -0.3038448,
        0.932726145
      ],
      [
        -0.395505846,
        -0.845869362,
        -0.357882738
      ]
    ],
    "translation": [
      1.9873662,
      1.09801507,
      -0.5962628
    ]
  },
  {
    "timeStamp": 36960,
    "rotation": [
      [
        0.8925182,
        -0.448526233,
        0.04728043
      ],
      [
        -0.200444937,
        -0.3005704,
        0.9324587
      ],
      [
        -0.404021084,
        -0.8417135,
        -0.358169377
      ]
    ],
    "translation": [
      1.99441123,
      1.09622979,
      -0.6003574
    ]
  },
  {
    "timeStamp": 37016,
    "rotation": [
      [
        0.886044145,
        -0.46078378,
        0.0510300174
      ],
      [
        -0.207440972,
        -0.295617521,
        0.9325119
      ],
      [
        -0.414601,
        -0.836832464,
        -0.357515633
      ]
    ],
    "translation": [
      2.00111485,
      1.094242,
      -0.6035704
    ]
  },
  {
    "timeStamp": 37060,
    "rotation": [
      [
        0.8821017,
        -0.468705028,
        0.04703478
      ],
      [
        -0.208104,
        -0.298169583,
        0.9315512
      ],
      [
        -0.4225984,
        -0.831511,
        -0.360555261
      ]
    ],
    "translation": [
      2.006357,
      1.09289432,
      -0.603914857
    ]
  },
  {
    "timeStamp": 37116,
    "rotation": [
      [
        0.879009664,
        -0.474606633,
        0.0457230844
      ],
      [
        -0.209891826,
        -0.29905802,
        0.930865049
      ],
      [
        -0.428120881,
        -0.8278363,
        -0.362490922
      ]
    ],
    "translation": [
      2.009369,
      1.093036,
      -0.6041523
    ]
  },
  {
    "timeStamp": 37160,
    "rotation": [
      [
        0.8788685,
        -0.475037217,
        0.043928802
      ],
      [
        -0.210368216,
        -0.303257674,
        0.929397643
      ],
      [
        -0.428176731,
        -0.8260595,
        -0.36645636
      ]
    ],
    "translation": [
      2.01073384,
      1.09462714,
      -0.604925632
    ]
  },
  {
    "timeStamp": 37216,
    "rotation": [
      [
        0.875942051,
        -0.480592638,
        0.04190785
      ],
      [
        -0.214861885,
        -0.3108795,
        0.9258446
      ],
      [
        -0.4319258,
        -0.819990635,
        -0.3755735
      ]
    ],
    "translation": [
      2.01206064,
      1.09971952,
      -0.6051182
    ]
  },
  {
    "timeStamp": 37260,
    "rotation": [
      [
        0.874338746,
        -0.483497322,
        0.0419769138
      ],
      [
        -0.219918281,
        -0.317612976,
        0.9223654
      ],
      [
        -0.4326288,
        -0.815691352,
        -0.384031236
      ]
    ],
    "translation": [
      2.012951,
      1.105045,
      -0.6072935
    ]
  },
  {
    "timeStamp": 37305,
    "rotation": [
      [
        0.8732791,
        -0.485881269,
        0.0360963233
      ],
      [
        -0.220674723,
        -0.328392416,
        0.918401361
      ],
      [
        -0.434380233,
        -0.8099863,
        -0.393999964
      ]
    ],
    "translation": [
      2.016727,
      1.111693,
      -0.6096941
    ]
  },
  {
    "timeStamp": 37360,
    "rotation": [
      [
        0.86809057,
        -0.495529383,
        0.02948657
      ],
      [
        -0.22265169,
        -0.335584968,
        0.915319
      ],
      [
        -0.4436722,
        -0.8011451,
        -0.401648581
      ]
    ],
    "translation": [
      2.02334142,
      1.11914229,
      -0.6155789
    ]
  },
  {
    "timeStamp": 37416,
    "rotation": [
      [
        0.859607,
        -0.5108049,
        0.012416848
      ],
      [
        -0.220201984,
        -0.348418921,
        0.911106646
      ],
      [
        -0.4610715,
        -0.785927832,
        -0.411983579
      ]
    ],
    "translation": [
      2.036772,
      1.1262095,
      -0.620376647
    ]
  },
  {
    "timeStamp": 37460,
    "rotation": [
      [
        0.849505961,
        -0.5275664,
        0.00364643265
      ],
      [
        -0.222743541,
        -0.352386951,
        0.9089602
      ],
      [
        -0.478251874,
        -0.7729793,
        -0.416866839
      ]
    ],
    "translation": [
      2.04746771,
      1.12944758,
      -0.625296
    ]
  },
  {
    "timeStamp": 37516,
    "rotation": [
      [
        0.836022556,
        -0.548598766,
        -0.0102836536
      ],
      [
        -0.222281381,
        -0.355756074,
        0.9077602
      ],
      [
        -0.501654565,
        -0.756622136,
        -0.419363379
      ]
    ],
    "translation": [
      2.064654,
      1.1305455,
      -0.6322943
    ]
  },
  {
    "timeStamp": 37561,
    "rotation": [
      [
        0.8260014,
        -0.5631059,
        -0.0251684673
      ],
      [
        -0.215805,
        -0.3571752,
        0.908765137
      ],
      [
        -0.520720541,
        -0.7452098,
        -0.416548282
      ]
    ],
    "translation": [
      2.07890534,
      1.12681937,
      -0.6394759
    ]
  },
  {
    "timeStamp": 37616,
    "rotation": [
      [
        0.814973831,
        -0.578506351,
        -0.0338839628
      ],
      [
        -0.209471419,
        -0.3486027,
        0.9135633
      ],
      [
        -0.5403142,
        -0.7374325,
        -0.405282617
      ]
    ],
    "translation": [
      2.09724665,
      1.11797523,
      -0.6511382
    ]
  },
  {
    "timeStamp": 37660,
    "rotation": [
      [
        0.8046772,
        -0.5922894,
        -0.04108411
      ],
      [
        -0.2005701,
        -0.336317718,
        0.9201424
      ],
      [
        -0.5588079,
        -0.7321774,
        -0.389422745
      ]
    ],
    "translation": [
      2.112602,
      1.10630393,
      -0.6600597
    ]
  },
  {
    "timeStamp": 37716,
    "rotation": [
      [
        0.7843411,
        -0.6180338,
        -0.053322345
      ],
      [
        -0.19272919,
        -0.324487776,
        0.926047
      ],
      [
        -0.589630842,
        -0.7160599,
        -0.373622268
      ]
    ],
    "translation": [
      2.13498068,
      1.08943594,
      -0.669251144
    ]
  },
  {
    "timeStamp": 37760,
    "rotation": [
      [
        0.765077055,
        -0.6416627,
        -0.0540932156
      ],
      [
        -0.193661,
        -0.3093941,
        0.931005239
      ],
      [
        -0.614127457,
        -0.701815,
        -0.360975385
      ]
    ],
    "translation": [
      2.15096641,
      1.072818,
      -0.6740986
    ]
  },
  {
    "timeStamp": 37816,
    "rotation": [
      [
        0.7374153,
        -0.673171937,
        -0.05530051
      ],
      [
        -0.1911721,
        -0.286538184,
        0.938801944
      ],
      [
        -0.64782083,
        -0.681715,
        -0.339989334
      ]
    ],
    "translation": [
      2.16989422,
      1.047192,
      -0.68130213
    ]
  },
  {
    "timeStamp": 37860,
    "rotation": [
      [
        0.71595037,
        -0.696662843,
        -0.04556339
      ],
      [
        -0.188822627,
        -0.2560544,
        0.9480412
      ],
      [
        -0.6721318,
        -0.670147,
        -0.314867944
      ]
    ],
    "translation": [
      2.18187,
      1.02298427,
      -0.688044369
    ]
  },
  {
    "timeStamp": 37916,
    "rotation": [
      [
        0.692828655,
        -0.7202679,
        -0.03467851
      ],
      [
        -0.1823279,
        -0.221504673,
        0.9579625
      ],
      [
        -0.6976711,
        -0.657381,
        -0.2847897
      ]
    ],
    "translation": [
      2.19320416,
      0.9917063,
      -0.6984422
    ]
  },
  {
    "timeStamp": 37960,
    "rotation": [
      [
        0.68041414,
        -0.7324202,
        -0.0244391616
      ],
      [
        -0.173765108,
        -0.1936453,
        0.965560555
      ],
      [
        -0.7119286,
        -0.6527344,
        -0.259028047
      ]
    ],
    "translation": [
      2.20125747,
      0.967707,
      -0.705251753
    ]
  },
  {
    "timeStamp": 38005,
    "rotation": [
      [
        0.654604435,
        -0.755952954,
        0.005315313
      ],
      [
        -0.17998381,
        -0.149017259,
        0.9723167
      ],
      [
        -0.7342336,
        -0.6374395,
        -0.233606637
      ]
    ],
    "translation": [
      2.203129,
      0.9469484,
      -0.7122853
    ]
  },
  {
    "timeStamp": 38060,
    "rotation": [
      [
        0.653807044,
        -0.756651044,
        0.00393677223
      ],
      [
        -0.156471312,
        -0.130109727,
        0.9790752
      ],
      [
        -0.740306,
        -0.640742242,
        -0.203460842
      ]
    ],
    "translation": [
      2.213002,
      0.9230572,
      -0.720914245
    ]
  },
  {
    "timeStamp": 38116,
    "rotation": [
      [
        0.6392884,
        -0.7688677,
        0.0123632876
      ],
      [
        -0.1472358,
        -0.106609814,
        0.9833392
      ],
      [
        -0.754739642,
        -0.6304577,
        -0.181359261
      ]
    ],
    "translation": [
      2.221314,
      0.9025594,
      -0.728202462
    ]
  },
  {
    "timeStamp": 38160,
    "rotation": [
      [
        0.6305941,
        -0.775792539,
        0.022291543
      ],
      [
        -0.143341169,
        -0.0881891847,
        0.985736251
      ],
      [
        -0.762761,
        -0.6247948,
        -0.1668146
      ]
    ],
    "translation": [
      2.22617769,
      0.88838315,
      -0.7321221
    ]
  },
  {
    "timeStamp": 38215,
    "rotation": [
      [
        0.6255396,
        -0.779813468,
        0.0243111085
      ],
      [
        -0.133047342,
        -0.07591842,
        0.988197744
      ],
      [
        -0.768764257,
        -0.621391356,
        -0.1512421
      ]
    ],
    "translation": [
      2.23166037,
      0.87254107,
      -0.73629576
    ]
  },
  {
    "timeStamp": 38260,
    "rotation": [
      [
        0.6192681,
        -0.784342349,
        0.03624954
      ],
      [
        -0.13274321,
        -0.05907977,
        0.9893881
      ],
      [
        -0.7738774,
        -0.6175084,
        -0.140702337
      ]
    ],
    "translation": [
      2.232778,
      0.860710263,
      -0.738087356
    ]
  },
  {
    "timeStamp": 38315,
    "rotation": [
      [
        0.6068434,
        -0.793881059,
        0.03865109
      ],
      [
        -0.130620942,
        -0.0516431779,
        0.990086436
      ],
      [
        -0.7840148,
        -0.6058761,
        -0.135036811
      ]
    ],
    "translation": [
      2.23590565,
      0.8474085,
      -0.7377767
    ]
  },
  {
    "timeStamp": 38360,
    "rotation": [
      [
        0.5961093,
        -0.8011895,
        0.05243224
      ],
      [
        -0.132971123,
        -0.03411112,
        0.990532756
      ],
      [
        -0.7918159,
        -0.597437739,
        -0.126869008
      ]
    ],
    "translation": [
      2.23512363,
      0.8370179,
      -0.738016367
    ]
  },
  {
    "timeStamp": 38416,
    "rotation": [
      [
        0.5841975,
        -0.8093103,
        0.0610743
      ],
      [
        -0.134199962,
        -0.0221083425,
        0.990707636
      ],
      [
        -0.800439656,
        -0.5869651,
        -0.121525057
      ]
    ],
    "translation": [
      2.2330327,
      0.8254289,
      -0.7368431
    ]
  },
  {
    "timeStamp": 38460,
    "rotation": [
      [
        0.584032059,
        -0.8094033,
        0.0614238121
      ],
      [
        -0.13041237,
        -0.01887415,
        0.9912802
      ],
      [
        -0.801186144,
        -0.5869498,
        -0.116579309
      ]
    ],
    "translation": [
      2.232927,
      0.816038966,
      -0.735729933
    ]
  },
  {
    "timeStamp": 38516,
    "rotation": [
      [
        0.5716723,
        -0.817269,
        0.07254026
      ],
      [
        -0.138386011,
        -0.008897988,
        0.9903384
      ],
      [
        -0.808727443,
        -0.5761876,
        -0.118185341
      ]
    ],
    "translation": [
      2.22952676,
      0.806941152,
      -0.7320154
    ]
  },
  {
    "timeStamp": 38560,
    "rotation": [
      [
        0.5732087,
        -0.8164334,
        0.0697733
      ],
      [
        -0.137498215,
        -0.011892654,
        0.9904306
      ],
      [
        -0.8077908,
        -0.5773171,
        -0.119075112
      ]
    ],
    "translation": [
      2.22910619,
      0.7999759,
      -0.729497
    ]
  },
  {
    "timeStamp": 38615,
    "rotation": [
      [
        0.569794834,
        -0.819192231,
        0.065253444
      ],
      [
        -0.13192898,
        -0.0128111225,
        0.991176367
      ],
      [
        -0.811128,
        -0.573376,
        -0.115374908
      ]
    ],
    "translation": [
      2.22852969,
      0.790649652,
      -0.7267956
    ]
  },
  {
    "timeStamp": 38660,
    "rotation": [
      [
        0.5744938,
        -0.8163931,
        0.0588152073
      ],
      [
        -0.1264225,
        -0.01750961,
        0.991821945
      ],
      [
        -0.808686733,
        -0.5772311,
        -0.113269605
      ]
    ],
    "translation": [
      2.22846556,
      0.783764362,
      -0.724440932
    ]
  },
  {
    "timeStamp": 38715,
    "rotation": [
      [
        0.5777579,
        -0.8145327,
        0.05227162
      ],
      [
        -0.11301741,
        -0.0164107233,
        0.9934575
      ],
      [
        -0.8083458,
        -0.5798855,
        -0.101537809
      ]
    ],
    "translation": [
      2.229045,
      0.773994446,
      -0.7235889
    ]
  },
  {
    "timeStamp": 38760,
    "rotation": [
      [
        0.5792906,
        -0.8136848,
        0.04836707
      ],
      [
        -0.09694238,
        -0.009857518,
        0.995241165
      ],
      [
        -0.8093358,
        -0.5812227,
        -0.08459091
      ]
    ],
    "translation": [
      2.229814,
      0.7660689,
      -0.725005031
    ]
  },
  {
    "timeStamp": 38815,
    "rotation": [
      [
        0.580152333,
        -0.8132754,
        0.0447929241
      ],
      [
        -0.0787013844,
        -0.00123555143,
        0.996897459
      ],
      [
        -0.81069684,
        -0.5818777,
        -0.06472271
      ]
    ],
    "translation": [
      2.23128915,
      0.7575436,
      -0.7291036
    ]
  },
  {
    "timeStamp": 38860,
    "rotation": [
      [
        0.581367552,
        -0.8121851,
        0.04865352
      ],
      [
        -0.0738951862,
        0.0068446123,
        0.9972425
      ],
      [
        -0.8102785,
        -0.5833597,
        -0.0560373366
      ]
    ],
    "translation": [
      2.23101544,
      0.7519091,
      -0.72986877
    ]
  },
  {
    "timeStamp": 38915,
    "rotation": [
      [
        0.582801163,
        -0.8112501,
        0.0470758565
      ],
      [
        -0.06188739,
        0.0134524591,
        0.997992456
      ],
      [
        -0.8102548,
        -0.5845446,
        -0.0423660427
      ]
    ],
    "translation": [
      2.23175383,
      0.745846033,
      -0.731768966
    ]
  },
  {
    "timeStamp": 38960,
    "rotation": [
      [
        0.590948045,
        -0.8054497,
        0.0450692065
      ],
      [
        -0.0555461459,
        0.0151090613,
        0.9983418
      ],
      [
        -0.8047951,
        -0.5924716,
        -0.0358109549
      ]
    ],
    "translation": [
      2.23153329,
      0.741627932,
      -0.73171556
    ]
  },
  {
    "timeStamp": 39015,
    "rotation": [
      [
        0.5871583,
        -0.808094561,
        0.0472037829
      ],
      [
        -0.0561250076,
        0.01753241,
        0.9982698
      ],
      [
        -0.807524,
        -0.5887917,
        -0.0350600146
      ]
    ],
    "translation": [
      2.23144746,
      0.7384918,
      -0.7300218
    ]
  },
  {
    "timeStamp": 39059,
    "rotation": [
      [
        0.588621855,
        -0.8070984,
        0.0460050963
      ],
      [
        -0.0531069562,
        0.0181795,
        0.998423338
      ],
      [
        -0.806662261,
        -0.590137,
        -0.03216169
      ]
    ],
    "translation": [
      2.23223925,
      0.734982252,
      -0.7293827
    ]
  },
  {
    "timeStamp": 39115,
    "rotation": [
      [
        0.5893844,
        -0.8066861,
        0.0433999151
      ],
      [
        -0.0547706857,
        0.0136976531,
        0.998405
      ],
      [
        -0.8059939,
        -0.5908214,
        -0.0361095667
      ]
    ],
    "translation": [
      2.23312855,
      0.7318927,
      -0.7265681
    ]
  },
  {
    "timeStamp": 39159,
    "rotation": [
      [
        0.597228765,
        -0.8010478,
        0.0405001938
      ],
      [
        -0.0581838079,
        0.00709261373,
        0.9982807
      ],
      [
        -0.7999578,
        -0.598558366,
        -0.0423720963
      ]
    ],
    "translation": [
      2.233453,
      0.7298003,
      -0.7245
    ]
  },
  {
    "timeStamp": 39215,
    "rotation": [
      [
        0.5924354,
        -0.8045839,
        0.0408047847
      ],
      [
        -0.0580645,
        0.00787389,
        0.9982818
      ],
      [
        -0.803522766,
        -0.593786836,
        -0.04205299
      ]
    ],
    "translation": [
      2.23292279,
      0.7277267,
      -0.7227826
    ]
  },
  {
    "timeStamp": 39260,
    "rotation": [
      [
        0.595242143,
        -0.802962244,
        0.03063346
      ],
      [
        -0.04849607,
        0.00215506949,
        0.998821
      ],
      [
        -0.8020816,
        -0.596026,
        -0.0376577228
      ]
    ],
    "translation": [
      2.23281169,
      0.7270044,
      -0.7228097
    ]
  },
  {
    "timeStamp": 39315,
    "rotation": [
      [
        0.5965889,
        -0.8023373,
        0.0183426421
      ],
      [
        -0.03894567,
        -0.006114852,
        0.999222636
      ],
      [
        -0.80160147,
        -0.5968395,
        -0.0348956175
      ]
    ],
    "translation": [
      2.232742,
      0.7262253,
      -0.722816944
    ]
  },
  {
    "timeStamp": 39359,
    "rotation": [
      [
        0.6003129,
        -0.799667239,
        0.0125231268
      ],
      [
        -0.0257468987,
        -0.00367315859,
        0.999661744
      ],
      [
        -0.799350739,
        -0.6004323,
        -0.0227939952
      ]
    ],
    "translation": [
      2.23263359,
      0.7257499,
      -0.7228627
    ]
  },
  {
    "timeStamp": 39415,
    "rotation": [
      [
        0.6101328,
        -0.7922734,
        0.00639175531
      ],
      [
        -0.016669156,
        -0.00477058,
        0.9998497
      ],
      [
        -0.7921238,
        -0.610147655,
        -0.0161172152
      ]
    ],
    "translation": [
      2.23237276,
      0.7255099,
      -0.7231337
    ]
  },
  {
    "timeStamp": 39460,
    "rotation": [
      [
        0.61487186,
        -0.7886265,
        0.0009313715
      ],
      [
        -0.0113774985,
        -0.007689851,
        0.9999057
      ],
      [
        -0.788544953,
        -0.6148245,
        -0.01370087
      ]
    ],
    "translation": [
      2.232469,
      0.7253363,
      -0.723188162
    ]
  },
  {
    "timeStamp": 39515,
    "rotation": [
      [
        0.615549564,
        -0.788098156,
        0.000138005213
      ],
      [
        -0.00663745776,
        -0.005009127,
        0.9999654
      ],
      [
        -0.788070261,
        -0.6155292,
        -0.008314334
      ]
    ],
    "translation": [
      2.23248315,
      0.7252538,
      -0.7231726
    ]
  },
  {
    "timeStamp": 39559,
    "rotation": [
      [
        0.616093159,
        -0.787673235,
        0.000448171777
      ],
      [
        -0.00742646353,
        -0.005239787,
        0.9999587
      ],
      [
        -0.7876383,
        -0.616071045,
        -0.009077823
      ]
    ],
    "translation": [
      2.23248,
      0.7252696,
      -0.7231764
    ]
  }
]