[
  {
    "timeStamp": 61816,
    "rotation": [
      [
        -0.294239134,
        0.9541625,
        -0.0547471046
      ],
      [
        -0.08208098,
        0.0318426639,
        0.9961168
      ],
      [
        0.9522006,
        0.297590256,
        0.06894924
      ]
    ],
    "translation": [
      1.61553967,
      0.701711357,
      -0.4950075
    ]
  },
  {
    "timeStamp": 61871,
    "rotation": [
      [
        -0.315933824,
        0.948512256,
        -0.0225892365
      ],
      [
        -0.06495558,
        0.00212946045,
        0.9978859
      ],
      [
        0.946555138,
        0.316733181,
        0.0609383881
      ]
    ],
    "translation": [
      1.61595786,
      0.7023846,
      -0.49478513
    ]
  },
  {
    "timeStamp": 61916,
    "rotation": [
      [
        -0.310424834,
        0.950278,
        -0.0246592723
      ],
      [
        -0.07314791,
        0.00198493013,
        0.9973191
      ],
      [
        0.947779357,
        0.31139642,
        0.06889468
      ]
    ],
    "translation": [
      1.61681736,
      0.7025895,
      -0.4951507
    ]
  },
  {
    "timeStamp": 61971,
    "rotation": [
      [
        -0.293788046,
        0.9391247,
        -0.178138673
      ],
      [
        -0.249088436,
        0.104707509,
        0.9628039
      ],
      [
        0.922845364,
        0.3272325,
        0.203163281
      ]
    ],
    "translation": [
      1.62986267,
      0.7281925,
      -0.5067593
    ]
  },
  {
    "timeStamp": 62023,
    "rotation": [
      [
        -0.329435438,
        0.931242347,
        -0.155756339
      ],
      [
        -0.196598113,
        0.09369353,
        0.975997269
      ],
      [
        0.9234834,
        0.352149516,
        0.152214512
      ]
    ],
    "translation": [
      1.63258386,
      0.762257,
      -0.5121133
    ]
  },
  {
    "timeStamp": 62068,
    "rotation": [
      [
        -0.364922583,
        0.920750558,
        -0.138021871
      ],
      [
        -0.142613813,
        0.0912155,
        0.9855664
      ],
      [
        0.9200505,
        0.379339218,
        0.0980251357
      ]
    ],
    "translation": [
      1.63783121,
      0.7975169,
      -0.5219701
    ]
  },
  {
    "timeStamp": 62123,
    "rotation": [
      [
        -0.3982742,
        0.9131912,
        -0.08636853
      ],
      [
        -0.07549712,
        0.06120416,
        0.9952659
      ],
      [
        0.9141542,
        0.402909338,
        0.0445672646
      ]
    ],
    "translation": [
      1.649939,
      0.846669555,
      -0.5419742
    ]
  },
  {
    "timeStamp": 62168,
    "rotation": [
      [
        -0.428032219,
        0.902726531,
        -0.04328021
      ],
      [
        -0.0305499118,
        0.0334093273,
        0.998974741
      ],
      [
        0.903246939,
        0.4289156,
        0.013277946
      ]
    ],
    "translation": [
      1.66532052,
      0.888151169,
      -0.5651005
    ]
  },
  {
    "timeStamp": 62223,
    "rotation": [
      [
        -0.439332,
        0.89831835,
        -0.00339457882
      ],
      [
        0.0132055916,
        0.0102366209,
        0.9998604
      ],
      [
        0.8982277,
        0.439225852,
        -0.0163601
      ]
    ],
    "translation": [
      1.6936506,
      0.9329953,
      -0.5962487
    ]
  },
  {
    "timeStamp": 62268,
    "rotation": [
      [
        -0.450250417,
        0.8927075,
        0.0186501015
      ],
      [
        0.0225382261,
        -0.009517867,
        0.999700665
      ],
      [
        0.8926178,
        0.450535983,
        -0.0158346221
      ]
    ],
    "translation": [
      1.72315061,
      0.961365938,
      -0.6241361
    ]
  },
  {
    "timeStamp": 62323,
    "rotation": [
      [
        -0.424807429,
        0.904890656,
        0.026674293
      ],
      [
        0.03434361,
        -0.0133350519,
        0.9993211
      ],
      [
        0.904632032,
        0.425435156,
        -0.0254123826
      ]
    ],
    "translation": [
      1.767545,
      0.9874383,
      -0.6566948
    ]
  },
  {
    "timeStamp": 62369,
    "rotation": [
      [
        -0.415786147,
        0.9085183,
        0.0414287448
      ],
      [
        0.01941687,
        -0.03667487,
        0.9991386
      ],
      [
        0.909255147,
        0.4162324,
        -0.002391681
      ]
    ],
    "translation": [
      1.80944109,
      1.00816667,
      -0.6859969
    ]
  },
  {
    "timeStamp": 62425,
    "rotation": [
      [
        -0.379342526,
        0.924960732,
        0.0233839341
      ],
      [
        0.01821055,
        -0.0178043358,
        0.999675632
      ],
      [
        0.9250771,
        0.379645318,
        -0.0100901034
      ]
    ],
    "translation": [
      1.8624543,
      1.026926,
      -0.7151459
    ]
  },
  {
    "timeStamp": 62470,
    "rotation": [
      [
        -0.3440832,
        0.938536167,
        0.0275077689
      ],
      [
        -0.00396776432,
        -0.0307497848,
        0.9995192
      ],
      [
        0.9389308,
        0.3438086,
        0.0143043734
      ]
    ],
    "translation": [
      1.90725362,
      1.03815508,
      -0.739288568
    ]
  },
  {
    "timeStamp": 62516,
    "rotation": [
      [
        -0.319874942,
        0.947291434,
        -0.0178591534
      ],
      [
        -0.0217097029,
        0.0115163811,
        0.999698
      ],
      [
        0.947210968,
        0.320166081,
        0.0168816131
      ]
    ],
    "translation": [
      1.95514381,
      1.04483473,
      -0.7629588
    ]
  },
  {
    "timeStamp": 62571,
    "rotation": [
      [
        -0.2616588,
        0.9648509,
        -0.0244428869
      ],
      [
        -0.04736282,
        0.0124585656,
        0.998800039
      ],
      [
        0.963997662,
        0.2625025,
        0.0424381681
      ]
    ],
    "translation": [
      2.00851274,
      1.04988015,
      -0.78585124
    ]
  },
  {
    "timeStamp": 62615,
    "rotation": [
      [
        -0.218295947,
        0.974568546,
        -0.05062697
      ],
      [
        -0.06192334,
        0.03794056,
        0.9973595
      ],
      [
        0.973916,
        0.220854536,
        0.05206627
      ]
    ],
    "translation": [
      2.05088615,
      1.04934955,
      -0.8001741
    ]
  },
  {
    "timeStamp": 62671,
    "rotation": [
      [
        -0.163679138,
        0.9855639,
        -0.04327802
      ],
      [
        -0.07333157,
        0.03159307,
        0.9968071
      ],
      [
        0.9837844,
        0.166330159,
        0.06710182
      ]
    ],
    "translation": [
      2.0946157,
      1.04258537,
      -0.8116203
    ]
  },
  {
    "timeStamp": 62715,
    "rotation": [
      [
        -0.1278477,
        0.9905056,
        -0.0505337864
      ],
      [
        -0.08938446,
        0.0392373763,
        0.995224
      ],
      [
        0.987757742,
        0.131754056,
        0.08351939
      ]
    ],
    "translation": [
      2.12523341,
      1.03104389,
      -0.816789746
    ]
  },
  {
    "timeStamp": 62771,
    "rotation": [
      [
        -0.09001795,
        0.995400369,
        -0.032783024
      ],
      [
        -0.11021018,
        0.02275856,
        0.9936477
      ],
      [
        0.9898234,
        0.09305916,
        0.107654586
      ]
    ],
    "translation": [
      2.15171218,
      1.009801,
      -0.8170123
    ]
  },
  {
    "timeStamp": 62815,
    "rotation": [
      [
        -0.06801187,
        0.9969829,
        -0.0374105275
      ],
      [
        -0.141972676,
        0.0274443217,
        0.989490032
      ],
      [
        0.987531364,
        0.07260835,
        0.1396778
      ]
    ],
    "translation": [
      2.167922,
      0.986202,
      -0.8159182
    ]
  },
  {
    "timeStamp": 62871,
    "rotation": [
      [
        -0.03825742,
        0.9989463,
        -0.0253526624
      ],
      [
        -0.160835147,
        0.0188847855,
        0.9868006
      ],
      [
        0.986239552,
        0.04183004,
        0.159943178
      ]
    ],
    "translation": [
      2.18104362,
      0.9548029,
      -0.810209334
    ]
  },
  {
    "timeStamp": 62915,
    "rotation": [
      [
        -0.01796406,
        0.9997201,
        -0.0153975412
      ],
      [
        -0.189321056,
        0.011720309,
        0.98184526
      ],
      [
        0.981750846,
        0.02055301,
        0.189057514
      ]
    ],
    "translation": [
      2.18874931,
      0.9288383,
      -0.8066277
    ]
  },
  {
    "timeStamp": 62971,
    "rotation": [
      [
        0.00346399052,
        0.999907255,
        0.0131699219
      ],
      [
        -0.219412938,
        -0.0120890886,
        0.9755572
      ],
      [
        0.975625932,
        -0.00626896927,
        0.219350725
      ]
    ],
    "translation": [
      2.193691,
      0.89928937,
      -0.802045166
    ]
  },
  {
    "timeStamp": 63016,
    "rotation": [
      [
        0.0151435742,
        0.9998747,
        0.00460917177
      ],
      [
        -0.241823435,
        -0.000810401631,
        0.9703199
      ],
      [
        0.9702021,
        -0.0158087183,
        0.241780862
      ]
    ],
    "translation": [
      2.197082,
      0.8774199,
      -0.801159859
    ]
  },
  {
    "timeStamp": 63071,
    "rotation": [
      [
        0.02971472,
        0.99925524,
        0.0246167909
      ],
      [
        -0.2800963,
        -0.0153168431,
        0.9598497
      ],
      [
        0.959511936,
        -0.0354167372,
        0.279432565
      ]
    ],
    "translation": [
      2.19693613,
      0.8545971,
      -0.8014133
    ]
  },
  {
    "timeStamp": 63116,
    "rotation": [
      [
        0.0365009122,
        0.999134,
        0.01997332
      ],
      [
        -0.290858477,
        -0.008499804,
        0.956728339
      ],
      [
        0.9560696,
        -0.0407308675,
        0.290296346
      ]
    ],
    "translation": [
      2.19652748,
      0.8392237,
      -0.8012984
    ]
  },
  {
    "timeStamp": 63171,
    "rotation": [
      [
        0.0524216928,
        0.9980806,
        0.03297021
      ],
      [
        -0.311112076,
        -0.0150499381,
        0.9502541
      ],
      [
        0.9489264,
        -0.0600713529,
        0.309726
      ]
    ],
    "translation": [
      2.19561267,
      0.8233479,
      -0.801296532
    ]
  },
  {
    "timeStamp": 63215,
    "rotation": [
      [
        0.0588202029,
        0.9979576,
        0.0249170866
      ],
      [
        -0.31487602,
        -0.005138701,
        0.9491189
      ],
      [
        0.9473084,
        -0.06367316,
        0.31393066
      ]
    ],
    "translation": [
      2.195074,
      0.8134994,
      -0.800834239
    ]
  },
  {
    "timeStamp": 63271,
    "rotation": [
      [
        0.06584189,
        0.997012436,
        0.0403861254
      ],
      [
        -0.322754949,
        -0.017018633,
        0.946329534
      ],
      [
        0.9441896,
        -0.07534295,
        0.320670158
      ]
    ],
    "translation": [
      2.192681,
      0.804637432,
      -0.7990794
    ]
  },
  {
    "timeStamp": 63316,
    "rotation": [
      [
        0.06570235,
        0.9972983,
        0.03285205
      ],
      [
        -0.324262619,
        -0.009796945,
        0.945916355
      ],
      [
        0.9436826,
        -0.07280162,
        0.322742879
      ]
    ],
    "translation": [
      2.19158387,
      0.798073053,
      -0.797716
    ]
  },
  {
    "timeStamp": 63370,
    "rotation": [
      [
        0.07735807,
        0.996493161,
        0.0318923146
      ],
      [
        -0.328913659,
        -0.00468977774,
        0.944348335
      ],
      [
        0.9411862,
        -0.08354278,
        0.3273974
      ]
    ],
    "translation": [
      2.1909802,
      0.791293263,
      -0.7958244
    ]
  },
  {
    "timeStamp": 63415,
    "rotation": [
      [
        0.0826826245,
        0.9960803,
        0.0314278044
      ],
      [
        -0.330783665,
        -0.00231756014,
        0.9437038
      ],
      [
        0.940077543,
        -0.08842371,
        0.3292955
      ]
    ],
    "translation": [
      2.18963218,
      0.785826266,
      -0.7952039
    ]
  },
  {
    "timeStamp": 63471,
    "rotation": [
      [
        0.0883047357,
        0.9955502,
        0.03289407
      ],
      [
        -0.3355628,
        -0.00136103854,
        0.94201684
      ],
      [
        0.937869847,
        -0.09422258,
        0.333949447
      ]
    ],
    "translation": [
      2.18756557,
      0.77871263,
      -0.79467535
    ]
  },
  {
    "timeStamp": 63516,
    "rotation": [
      [
        0.0998076946,
        0.994466841,
        0.03277483
      ],
      [
        -0.341024518,
        0.00324488524,
        0.9400488
      ],
      [
        0.934741,
        -0.105001122,
        0.339461446
      ]
    ],
    "translation": [
      2.186684,
      0.774002969,
      -0.794516265
    ]
  },
  {
    "timeStamp": 63571,
    "rotation": [
      [
        0.104036711,
        0.993908763,
        0.0363562927
      ],
      [
        -0.346844584,
        0.00199742173,
        0.9379205
      ],
      [
        0.9321348,
        -0.110188141,
        0.344939679
      ]
    ],
    "translation": [
      2.183974,
      0.770821631,
      -0.7935658
    ]
  },
  {
    "timeStamp": 63616,
    "rotation": [
      [
        0.1148501,
        0.9928126,
        0.0336538963
      ],
      [
        -0.344577551,
        0.008040859,
        0.938723445
      ],
      [
        0.931705832,
        -0.119408853,
        0.343024433
      ]
    ],
    "translation": [
      2.182815,
      0.769237459,
      -0.7922972
    ]
  },
  {
    "timeStamp": 63671,
    "rotation": [
      [
        0.113739647,
        0.993107557,
        0.02829576
      ],
      [
        -0.36821723,
        0.01568506,
        0.929607451
      ],
      [
        0.9227563,
        -0.116152212,
        0.36746335
      ]
    ],
    "translation": [
      2.18182659,
      0.7652216,
      -0.792694747
    ]
  },
  {
    "timeStamp": 63715,
    "rotation": [
      [
        0.1184665,
        0.9925205,
        0.029473599
      ],
      [
        -0.354265749,
        0.0145184519,
        0.93503207
      ],
      [
        0.927610636,
        -0.121211462,
        0.353335977
      ]
    ],
    "translation": [
      2.18083525,
      0.7614932,
      -0.7908667
    ]
  },
  {
    "timeStamp": 63771,
    "rotation": [
      [
        0.114479825,
        0.9931909,
        0.021593485
      ],
      [
        -0.33914876,
        0.0186429229,
        0.940548
      ],
      [
        0.933741152,
        -0.114997178,
        0.338973671
      ]
    ],
    "translation": [
      2.18026662,
      0.7575075,
      -0.7895074
    ]
  },
  {
    "timeStamp": 63826,
    "rotation": [
      [
        0.116717175,
        0.9930575,
        0.0146288928
      ],
      [
        -0.368884176,
        0.029670842,
        0.9290017
      ],
      [
        0.922118,
        -0.113826819,
        0.369786263
      ]
    ],
    "translation": [
      2.18011427,
      0.7562856,
      -0.7895083
    ]
  },
  {
    "timeStamp": 63870,
    "rotation": [
      [
        0.119259454,
        0.9928631,
        0.000251203659
      ],
      [
        -0.346688658,
        0.0414060168,
        0.9370659
      ],
      [
        0.930367768,
        -0.111841053,
        0.349152446
      ]
    ],
    "translation": [
      2.18085957,
      0.754631341,
      -0.7887827
    ]
  },
  {
    "timeStamp": 63916,
    "rotation": [
      [
        0.126034826,
        0.99199605,
        0.00768448832
      ],
      [
        -0.328624755,
        0.03444096,
        0.9438324
      ],
      [
        0.936013341,
        -0.121481068,
        0.3303352
      ]
    ],
    "translation": [
      2.18028879,
      0.7527665,
      -0.7875027
    ]
  },
  {
    "timeStamp": 63970,
    "rotation": [
      [
        0.104144752,
        0.9945371,
        -0.007055615
      ],
      [
        -0.329035968,
        0.04114857,
        0.94342047
      ],
      [
        0.938556969,
        -0.09593074,
        0.3315239
      ]
    ],
    "translation": [
      2.180161,
      0.752236068,
      -0.7886568
    ]
  },
  {
    "timeStamp": 64016,
    "rotation": [
      [
        0.09970822,
        0.99437207,
        -0.03581027
      ],
      [
        -0.411997974,
        0.07401809,
        0.908173442
      ],
      [
        0.9057129,
        -0.0757986,
        0.4170595
      ]
    ],
    "translation": [
      2.18201256,
      0.756873846,
      -0.790079236
    ]
  }
]