[
  {
    "timeStamp": 13782,
    "rotation": [
      [
        -0.9999845,
        0.00268720021,
        -0.004880586
      ],
      [
        0.002725253,
        0.999965847,
        -0.007806969
      ],
      [
        0.00485944049,
        -0.007820149,
        -0.9999576
      ]
    ],
    "translation": [
      1.77019382,
      0.7310302,
      -0.621569455
    ]
  },
  {
    "timeStamp": 13826,
    "rotation": [
      [
        -0.9999723,
        0.00556352641,
        -0.0049443813
      ],
      [
        0.005553429,
        0.9999825,
        0.00205356139
      ],
      [
        0.004955719,
        0.00202604616,
        -0.9999857
      ]
    ],
    "translation": [
      1.77030659,
      0.7337957,
      -0.6211668
    ]
  },
  {
    "timeStamp": 13882,
    "rotation": [
      [
        -0.999968,
        0.00627281331,
        -0.00496822642
      ],
      [
        0.00626466051,
        0.999979,
        0.00165492622
      ],
      [
        0.00497850357,
        0.001623749,
        -0.9999863
      ]
    ],
    "translation": [
      1.77033007,
      0.7338299,
      -0.6211705
    ]
  },
  {
    "timeStamp": 13927,
    "rotation": [
      [
        -0.9999741,
        0.00514113158,
        -0.005040529
      ],
      [
        0.00509812171,
        0.9999508,
        0.008508882
      ],
      [
        0.0050840266,
        0.008482964,
        -0.9999511
      ]
    ],
    "translation": [
      1.770295,
      0.733740032,
      -0.6209002
    ]
  },
  {
    "timeStamp": 13982,
    "rotation": [
      [
        -0.99853766,
        -0.0204593763,
        -0.05004016
      ],
      [
        -0.0177368168,
        0.998369336,
        -0.05425912
      ],
      [
        0.05106867,
        -0.0532922223,
        -0.997272253
      ]
    ],
    "translation": [
      1.77227068,
      0.7368397,
      -0.610281169
    ]
  },
  {
    "timeStamp": 14026,
    "rotation": [
      [
        -0.997671664,
        -0.01565734,
        -0.06637888
      ],
      [
        -0.0120432023,
        0.9984411,
        -0.0545018278
      ],
      [
        0.06712875,
        -0.053575512,
        -0.99630487
      ]
    ],
    "translation": [
      1.77358055,
      0.7511481,
      -0.608933032
    ]
  },
  {
    "timeStamp": 14082,
    "rotation": [
      [
        -0.9909206,
        -0.005753816,
        -0.134325087
      ],
      [
        0.0007508085,
        0.998831451,
        -0.0483236946
      ],
      [
        0.134446159,
        -0.0479857959,
        -0.9897584
      ]
    ],
    "translation": [
      1.77679253,
      0.779482,
      -0.6007794
    ]
  },
  {
    "timeStamp": 14126,
    "rotation": [
      [
        -0.9809852,
        0.0151393162,
        -0.193490833
      ],
      [
        0.021724876,
        0.999253035,
        -0.0319590122
      ],
      [
        0.192862451,
        -0.0355548821,
        -0.9805814
      ]
    ],
    "translation": [
      1.7782321,
      0.8088937,
      -0.593694746
    ]
  },
  {
    "timeStamp": 14182,
    "rotation": [
      [
        -0.956032,
        0.0462536551,
        -0.2895919
      ],
      [
        0.0528387167,
        0.998491049,
        -0.0149577437
      ],
      [
        0.288463056,
        -0.0296017453,
        -0.9570333
      ]
    ],
    "translation": [
      1.78106439,
      0.8554398,
      -0.5836745
    ]
  },
  {
    "timeStamp": 14226,
    "rotation": [
      [
        -0.9342023,
        0.06283147,
        -0.351166934
      ],
      [
        0.07108844,
        0.997413039,
        -0.0106560607
      ],
      [
        0.34958896,
        -0.0349188261,
        -0.936252236
      ]
    ],
    "translation": [
      1.78756583,
      0.8971833,
      -0.5773954
    ]
  },
  {
    "timeStamp": 14282,
    "rotation": [
      [
        -0.8702827,
        0.08753565,
        -0.484711736
      ],
      [
        0.101589136,
        0.9948226,
        -0.00274146721
      ],
      [
        0.481962234,
        -0.051627297,
        -0.8746697
      ]
    ],
    "translation": [
      1.80463731,
      0.949604869,
      -0.5594675
    ]
  },
  {
    "timeStamp": 14327,
    "rotation": [
      [
        -0.8136569,
        0.115773417,
        -0.5697006
      ],
      [
        0.128440022,
        0.99155277,
        0.018060958
      ],
      [
        0.5669792,
        -0.0584769361,
        -0.8216538
      ]
    ],
    "translation": [
      1.82571185,
      0.991476059,
      -0.54773
    ]
  },
  {
    "timeStamp": 14382,
    "rotation": [
      [
        -0.7247599,
        0.14832072,
        -0.6728477
      ],
      [
        0.170912,
        0.984734356,
        0.03297381
      ],
      [
        0.667466938,
        -0.09109964,
        -0.7390458
      ]
    ],
    "translation": [
      1.8613596,
      1.03657722,
      -0.530834
    ]
  },
  {
    "timeStamp": 14426,
    "rotation": [
      [
        -0.6476613,
        0.1581236,
        -0.745340049
      ],
      [
        0.197226956,
        0.9796797,
        0.03645882
      ],
      [
        0.73595953,
        -0.123388171,
        -0.665686846
      ]
    ],
    "translation": [
      1.89684558,
      1.06278372,
      -0.518583655
    ]
  },
  {
    "timeStamp": 14482,
    "rotation": [
      [
        -0.5096022,
        0.162453473,
        -0.844934642
      ],
      [
        0.206996724,
        0.976319551,
        0.06286937
      ],
      [
        0.8351395,
        -0.142860338,
        -0.5311619
      ]
    ],
    "translation": [
      1.95033717,
      1.07845008,
      -0.503286839
    ]
  },
  {
    "timeStamp": 14526,
    "rotation": [
      [
        -0.409353018,
        0.117494613,
        -0.904779
      ],
      [
        0.202750951,
        0.9785921,
        0.0353485048
      ],
      [
        0.8895629,
        -0.1689748,
        -0.4244118
      ]
    ],
    "translation": [
      1.99554479,
      1.07988751,
      -0.496076643
    ]
  },
  {
    "timeStamp": 14582,
    "rotation": [
      [
        -0.2768182,
        0.09578189,
        -0.9561368
      ],
      [
        0.176577345,
        0.9831465,
        0.0473654047
      ],
      [
        0.9445592,
        -0.155720487,
        -0.289065748
      ]
    ],
    "translation": [
      2.04608035,
      1.06973863,
      -0.4962414
    ]
  },
  {
    "timeStamp": 14626,
    "rotation": [
      [
        -0.2016348,
        0.0705242455,
        -0.9769185
      ],
      [
        0.157367945,
        0.9867793,
        0.0387555473
      ],
      [
        0.9667361,
        -0.145921186,
        -0.210067287
      ]
    ],
    "translation": [
      2.07772446,
      1.05567908,
      -0.500440538
    ]
  },
  {
    "timeStamp": 14682,
    "rotation": [
      [
        -0.129017308,
        0.04830624,
        -0.990465045
      ],
      [
        0.11370039,
        0.9929462,
        0.03361671
      ],
      [
        0.9851025,
        -0.108279131,
        -0.133599669
      ]
    ],
    "translation": [
      2.10866332,
      1.02665317,
      -0.5081481
    ]
  },
  {
    "timeStamp": 14726,
    "rotation": [
      [
        -0.0849855244,
        0.036777854,
        -0.9957032
      ],
      [
        0.08438532,
        0.995993853,
        0.029586114
      ],
      [
        0.9928024,
        -0.08150834,
        -0.08774857
      ]
    ],
    "translation": [
      2.127543,
      1.0037142,
      -0.5150635
    ]
  },
  {
    "timeStamp": 14782,
    "rotation": [
      [
        -0.0498697,
        0.0463203266,
        -0.997681
      ],
      [
        0.0409529433,
        0.9981787,
        0.0442963727
      ],
      [
        0.9979158,
        -0.0386489257,
        -0.0516758263
      ]
    ],
    "translation": [
      2.14009619,
      0.97397846,
      -0.524348
    ]
  },
  {
    "timeStamp": 14826,
    "rotation": [
      [
        -0.0492565,
        0.0272415821,
        -0.9984146
      ],
      [
        0.02481064,
        0.9993529,
        0.0260431562
      ],
      [
        0.998478,
        -0.0234885123,
        -0.0499005057
      ]
    ],
    "translation": [
      2.14455414,
      0.9544536,
      -0.529014
    ]
  },
  {
    "timeStamp": 14882,
    "rotation": [
      [
        -0.03814717,
        0.0682948753,
        -0.9969356
      ],
      [
        0.007842046,
        0.9976515,
        0.06804384
      ],
      [
        0.999241352,
        -0.005222335,
        -0.0385931544
      ]
    ],
    "translation": [
      2.1438787,
      0.931634068,
      -0.5314175
    ]
  },
  {
    "timeStamp": 14926,
    "rotation": [
      [
        -0.04122839,
        0.052225545,
        -0.9977839
      ],
      [
        -0.008604704,
        0.9985774,
        0.0526226237
      ],
      [
        0.999112666,
        0.0107551813,
        -0.0407203548
      ]
    ],
    "translation": [
      2.14406586,
      0.9106114,
      -0.531688333
    ]
  },
  {
    "timeStamp": 14982,
    "rotation": [
      [
        -0.0293062516,
        0.08448691,
        -0.9959935
      ],
      [
        -0.017878687,
        0.996217847,
        0.085032
      ],
      [
        0.99941057,
        0.0202990249,
        -0.0276848935
      ]
    ],
    "translation": [
      2.142012,
      0.887276053,
      -0.529013455
    ]
  },
  {
    "timeStamp": 15026,
    "rotation": [
      [
        -0.0356982052,
        0.0514638051,
        -0.998036563
      ],
      [
        -0.0336224027,
        0.9980459,
        0.0526669063
      ],
      [
        0.9987969,
        0.0354365036,
        -0.03389811
      ]
    ],
    "translation": [
      2.14211249,
      0.8670379,
      -0.5273291
    ]
  },
  {
    "timeStamp": 15085,
    "rotation": [
      [
        -0.0140840532,
        0.07007242,
        -0.9974425
      ],
      [
        -0.0416719876,
        0.9966336,
        0.07060401
      ],
      [
        0.999032,
        0.0425598025,
        -0.0111165829
      ]
    ],
    "translation": [
      2.14220572,
      0.849150538,
      -0.5235784
    ]
  },
  {
    "timeStamp": 15126,
    "rotation": [
      [
        -0.0164662916,
        0.033425048,
        -0.999305546
      ],
      [
        -0.04623051,
        0.9983467,
        0.03415475
      ],
      [
        0.9987951,
        0.04676081,
        -0.01489381
      ]
    ],
    "translation": [
      2.143671,
      0.838489652,
      -0.52069205
    ]
  },
  {
    "timeStamp": 15181,
    "rotation": [
      [
        -0.00931542553,
        0.0380081274,
        -0.999234
      ],
      [
        -0.0308741722,
        0.99879,
        0.038279064
      ],
      [
        0.9994799,
        0.0312071089,
        -0.00813068449
      ]
    ],
    "translation": [
      2.14180255,
      0.8322624,
      -0.514824
    ]
  },
  {
    "timeStamp": 15226,
    "rotation": [
      [
        0.005840802,
        0.0294716842,
        -0.999548554
      ],
      [
        -0.0316010341,
        0.999071836,
        0.0292729679
      ],
      [
        0.9994835,
        0.03141579,
        0.00676671648
      ]
    ],
    "translation": [
      2.1442883,
      0.8268754,
      -0.510879159
    ]
  },
  {
    "timeStamp": 15282,
    "rotation": [
      [
        0.0266517233,
        0.0316792279,
        -0.9991427
      ],
      [
        -0.0246293675,
        0.9992151,
        0.0310245473
      ],
      [
        0.999341369,
        0.0237813946,
        0.0274110455
      ]
    ],
    "translation": [
      2.14401126,
      0.8217237,
      -0.50677675
    ]
  },
  {
    "timeStamp": 15326,
    "rotation": [
      [
        0.02701278,
        0.0063479594,
        -0.9996149
      ],
      [
        -0.003421058,
        0.999974549,
        0.00625779526
      ],
      [
        0.999629259,
        0.00325070019,
        0.0270338077
      ]
    ],
    "translation": [
      2.14380813,
      0.8210677,
      -0.5036346
    ]
  },
  {
    "timeStamp": 15381,
    "rotation": [
      [
        0.0253649261,
        -0.0188283771,
        -0.99950093
      ],
      [
        0.00200779526,
        0.999821544,
        -0.018783465
      ],
      [
        0.9996762,
        -0.00153035216,
        0.0253982041
      ]
    ],
    "translation": [
      2.14044237,
      0.819813669,
      -0.5015309
    ]
  },
  {
    "timeStamp": 15426,
    "rotation": [
      [
        0.0177658983,
        -0.03077542,
        -0.99936837
      ],
      [
        0.0166057255,
        0.9993974,
        -0.03048111
      ],
      [
        0.9997043,
        -0.0160537139,
        0.01826624
      ]
    ],
    "translation": [
      2.13695049,
      0.81964606,
      -0.499314249
    ]
  },
  {
    "timeStamp": 15481,
    "rotation": [
      [
        0.02797697,
        0.00159516244,
        -0.9996073
      ],
      [
        0.0305407159,
        0.999530554,
        0.00244981213
      ],
      [
        0.999141932,
        -0.03059726,
        0.0279151164
      ]
    ],
    "translation": [
      2.136516,
      0.820260465,
      -0.4988195
    ]
  },
  {
    "timeStamp": 15526,
    "rotation": [
      [
        0.0113134906,
        0.0631435141,
        -0.997940361
      ],
      [
        0.00120255142,
        0.998002648,
        0.06316109
      ],
      [
        0.9999353,
        -0.001914647,
        0.0112149594
      ]
    ],
    "translation": [
      2.12977481,
      0.81608516,
      -0.501675963
    ]
  },
  {
    "timeStamp": 15581,
    "rotation": [
      [
        0.009077153,
        0.06416529,
        -0.997898
      ],
      [
        0.000485025317,
        0.9979387,
        0.06417231
      ],
      [
        0.9999587,
        -0.00106650777,
        0.009027321
      ]
    ],
    "translation": [
      2.124767,
      0.817458749,
      -0.500026166
    ]
  },
  {
    "timeStamp": 15626,
    "rotation": [
      [
        0.007861665,
        0.0509741977,
        -0.9986691
      ],
      [
        0.0006282441,
        0.9986995,
        0.0509806946
      ],
      [
        0.999968946,
        -0.00102820108,
        0.007819417
      ]
    ],
    "translation": [
      2.12349367,
      0.817343056,
      -0.500592947
    ]
  },
  {
    "timeStamp": 15681,
    "rotation": [
      [
        0.005868129,
        0.04313516,
        -0.999052
      ],
      [
        0.0013075415,
        0.999068,
        0.04314353
      ],
      [
        0.99998194,
        -0.00155947381,
        0.005806259
      ]
    ],
    "translation": [
      2.12182474,
      0.8177872,
      -0.500778139
    ]
  },
  {
    "timeStamp": 15726,
    "rotation": [
      [
        0.0008992705,
        0.0328020379,
        -0.9994615
      ],
      [
        0.004255032,
        0.9994527,
        0.03280558
      ],
      [
        0.9999905,
        -0.00428224169,
        0.0007592046
      ]
    ],
    "translation": [
      2.120592,
      0.8183639,
      -0.501026452
    ]
  },
  {
    "timeStamp": 15781,
    "rotation": [
      [
        -0.0008109651,
        0.0297272485,
        -0.999557734
      ],
      [
        0.005904866,
        0.999540746,
        0.029721953
      ],
      [
        0.999982238,
        -0.005878151,
        -0.0009861281
      ]
    ],
    "translation": [
      2.119744,
      0.8182038,
      -0.500892639
    ]
  },
  {
    "timeStamp": 15826,
    "rotation": [
      [
        -0.0151918754,
        0.0226097442,
        -0.999629
      ],
      [
        0.00680560339,
        0.9997235,
        0.0225084536
      ],
      [
        0.9998614,
        -0.00646113232,
        -0.0153415482
      ]
    ],
    "translation": [
      2.11826277,
      0.818298936,
      -0.500916541
    ]
  },
  {
    "timeStamp": 15881,
    "rotation": [
      [
        -0.0116784032,
        0.0288992841,
        -0.9995141
      ],
      [
        0.006325044,
        0.9995644,
        0.0288268365
      ],
      [
        0.9999118,
        -0.00598531961,
        -0.0118561061
      ]
    ],
    "translation": [
      2.118764,
      0.8184154,
      -0.501146436
    ]
  }
]