[
  {
    "timeStamp": 41902,
    "rotation": [
      [
        -0.990287364,
        0.00238422025,
        0.139015019
      ],
      [
        0.001284446,
        0.999967158,
        -0.008000367
      ],
      [
        -0.139029533,
        -0.00774410553,
        -0.9902579
      ]
    ],
    "translation": [
      1.15136707,
      0.7302746,
      -0.495062172
    ]
  },
  {
    "timeStamp": 41947,
    "rotation": [
      [
        -0.9903464,
        0.004633474,
        0.138537362
      ],
      [
        0.0024432193,
        0.9998694,
        -0.01597573
      ],
      [
        -0.1385933,
        -0.0154830292,
        -0.990228355
      ]
    ],
    "translation": [
      1.15142584,
      0.7338511,
      -0.495261371
    ]
  },
  {
    "timeStamp": 42002,
    "rotation": [
      [
        -0.990305543,
        0.0057375296,
        0.138787478
      ],
      [
        0.000178764312,
        0.999198437,
        -0.0400317
      ],
      [
        -0.138905913,
        -0.0396188051,
        -0.989512742
      ]
    ],
    "translation": [
      1.15144885,
      0.7339752,
      -0.496187568
    ]
  },
  {
    "timeStamp": 42048,
    "rotation": [
      [
        -0.9902779,
        0.0051488,
        0.139007553
      ],
      [
        -0.00188331748,
        0.998726845,
        -0.0504091531
      ],
      [
        -0.139090121,
        -0.0501808673,
        -0.9890075
      ]
    ],
    "translation": [
      1.15141726,
      0.733956158,
      -0.496596932
    ]
  },
  {
    "timeStamp": 42102,
    "rotation": [
      [
        -0.9963306,
        0.02319799,
        0.0823844
      ],
      [
        0.0233921111,
        0.9997254,
        0.00139171234
      ],
      [
        -0.0823295,
        0.00331375073,
        -0.9965997
      ]
    ],
    "translation": [
      1.14887762,
      0.736526966,
      -0.494565547
    ]
  },
  {
    "timeStamp": 42147,
    "rotation": [
      [
        -0.9970766,
        0.03833432,
        0.0660970062
      ],
      [
        0.0396845862,
        0.999027,
        0.0192375872
      ],
      [
        -0.0652952343,
        0.02180438,
        -0.997627735
      ]
    ],
    "translation": [
      1.14881027,
      0.753269434,
      -0.496826351
    ]
  },
  {
    "timeStamp": 42202,
    "rotation": [
      [
        -0.998360038,
        0.0417787544,
        0.03913794
      ],
      [
        0.04269782,
        0.9988245,
        0.0229484588
      ],
      [
        -0.0381331742,
        0.02458193,
        -0.99897027
      ]
    ],
    "translation": [
      1.15128767,
      0.7767057,
      -0.493407041
    ]
  },
  {
    "timeStamp": 42247,
    "rotation": [
      [
        -0.998550355,
        0.0532666668,
        0.00774098933
      ],
      [
        0.05359892,
        0.9971997,
        0.0521531068
      ],
      [
        -0.00494129024,
        0.05249241,
        -0.9986091
      ]
    ],
    "translation": [
      1.15433526,
      0.8010966,
      -0.492762685
    ]
  },
  {
    "timeStamp": 42302,
    "rotation": [
      [
        -0.998097,
        0.05987277,
        -0.0147509966
      ],
      [
        0.0589673743,
        0.996708751,
        0.05562705
      ],
      [
        0.0180329941,
        0.0546513647,
        -0.998342633
      ]
    ],
    "translation": [
      1.16201091,
      0.8352533,
      -0.493875265
    ]
  },
  {
    "timeStamp": 42347,
    "rotation": [
      [
        -0.9973693,
        0.0636857152,
        -0.0346207246
      ],
      [
        0.06156443,
        0.9963444,
        0.0592255145
      ],
      [
        0.0382659845,
        0.0569383055,
        -0.9976441
      ]
    ],
    "translation": [
      1.17150629,
      0.86354816,
      -0.495924145
    ]
  },
  {
    "timeStamp": 42402,
    "rotation": [
      [
        -0.994766235,
        0.0713494942,
        -0.07314035
      ],
      [
        0.0670428351,
        0.9959602,
        0.059738636
      ],
      [
        0.07710719,
        0.05452244,
        -0.995530963
      ]
    ],
    "translation": [
      1.1888262,
      0.9038165,
      -0.4966212
    ]
  },
  {
    "timeStamp": 42447,
    "rotation": [
      [
        -0.9914499,
        0.07915711,
        -0.103736624
      ],
      [
        0.07400723,
        0.99587,
        0.0525921471
      ],
      [
        0.107471228,
        0.0444652177,
        -0.9932134
      ]
    ],
    "translation": [
      1.20750177,
      0.9357731,
      -0.498121679
    ]
  },
  {
    "timeStamp": 42502,
    "rotation": [
      [
        -0.981972635,
        0.06580035,
        -0.177200943
      ],
      [
        0.0528766364,
        0.9956514,
        0.07669712
      ],
      [
        0.181477055,
        0.06594468,
        -0.9811817
      ]
    ],
    "translation": [
      1.24288809,
      0.972159863,
      -0.4986979
    ]
  },
  {
    "timeStamp": 42547,
    "rotation": [
      [
        -0.969685,
        0.0565826856,
        -0.237717032
      ],
      [
        0.0405951738,
        0.996605337,
        0.07162328
      ],
      [
        0.240962684,
        0.0598018579,
        -0.9686902
      ]
    ],
    "translation": [
      1.27840054,
      1.00000572,
      -0.4976469
    ]
  },
  {
    "timeStamp": 42602,
    "rotation": [
      [
        -0.9508263,
        0.055774793,
        -0.3046613
      ],
      [
        0.0330548249,
        0.99630785,
        0.07923378
      ],
      [
        0.3079557,
        0.0652670339,
        -0.9491593
      ]
    ],
    "translation": [
      1.329896,
      1.03322315,
      -0.4984624
    ]
  },
  {
    "timeStamp": 42647,
    "rotation": [
      [
        -0.9258141,
        0.06275165,
        -0.372733772
      ],
      [
        0.0350641757,
        0.996128857,
        0.08060933
      ],
      [
        0.376349241,
        0.0615596548,
        -0.92443043
      ]
    ],
    "translation": [
      1.378007,
      1.05854535,
      -0.497038484
    ]
  },
  {
    "timeStamp": 42702,
    "rotation": [
      [
        -0.890382469,
        0.0568031743,
        -0.451655179
      ],
      [
        0.02665206,
        0.996987,
        0.0728465
      ],
      [
        0.454432219,
        0.05282371,
        -0.889213741
      ]
    ],
    "translation": [
      1.44395065,
      1.08240211,
      -0.494645357
    ]
  },
  {
    "timeStamp": 42747,
    "rotation": [
      [
        -0.846948862,
        0.05119126,
        -0.529204249
      ],
      [
        0.0250580423,
        0.9980912,
        0.0564444959
      ],
      [
        0.5310836,
        0.0345447771,
        -0.846614957
      ]
    ],
    "translation": [
      1.50311875,
      1.09952962,
      -0.488828719
    ]
  },
  {
    "timeStamp": 42803,
    "rotation": [
      [
        -0.779413939,
        0.0384523049,
        -0.6253281
      ],
      [
        0.0231015049,
        0.999199867,
        0.0326483063
      ],
      [
        0.6260832,
        0.0110005252,
        -0.779678643
      ]
    ],
    "translation": [
      1.57892668,
      1.1162678,
      -0.481369644
    ]
  },
  {
    "timeStamp": 42847,
    "rotation": [
      [
        -0.7091274,
        0.0180144943,
        -0.7048502
      ],
      [
        0.0210537352,
        0.9997688,
        0.004370501
      ],
      [
        0.704766,
        -0.011740488,
        -0.7093428
      ]
    ],
    "translation": [
      1.64336443,
      1.12782574,
      -0.474897683
    ]
  },
  {
    "timeStamp": 42902,
    "rotation": [
      [
        -0.6161663,
        -0.0172002222,
        -0.7874282
      ],
      [
        0.0255923,
        0.998796344,
        -0.0418433473
      ],
      [
        0.787200153,
        -0.04593456,
        -0.614984453
      ]
    ],
    "translation": [
      1.724188,
      1.14583063,
      -0.470708817
    ]
  },
  {
    "timeStamp": 42947,
    "rotation": [
      [
        -0.543141,
        -0.0205644649,
        -0.8393896
      ],
      [
        0.03633483,
        0.9981879,
        -0.04796597
      ],
      [
        0.8388549,
        -0.0565513633,
        -0.541409552
      ]
    ],
    "translation": [
      1.77884018,
      1.15667152,
      -0.472460181
    ]
  },
  {
    "timeStamp": 43002,
    "rotation": [
      [
        -0.464019269,
        -0.0523925647,
        -0.884274364
      ],
      [
        0.0536289252,
        0.994756758,
        -0.08708011
      ],
      [
        0.8842003,
        -0.08782953,
        -0.458776534
      ]
    ],
    "translation": [
      1.8451457,
      1.16553283,
      -0.476804942
    ]
  },
  {
    "timeStamp": 43047,
    "rotation": [
      [
        -0.405190349,
        -0.0553196222,
        -0.9125572
      ],
      [
        0.0562221,
        0.994770646,
        -0.08526697
      ],
      [
        0.91250205,
        -0.08585523,
        -0.399961263
      ]
    ],
    "translation": [
      1.89188468,
      1.16383374,
      -0.482337445
    ]
  },
  {
    "timeStamp": 43102,
    "rotation": [
      [
        -0.3399989,
        -0.0605931729,
        -0.938471735
      ],
      [
        0.0510627367,
        0.995260537,
        -0.0827593058
      ],
      [
        0.9390385,
        -0.0760590062,
        -0.335293442
      ]
    ],
    "translation": [
      1.94374573,
      1.15239656,
      -0.489804626
    ]
  },
  {
    "timeStamp": 43146,
    "rotation": [
      [
        -0.295552939,
        -0.05086902,
        -0.953971
      ],
      [
        0.0356766321,
        0.997297,
        -0.06423241
      ],
      [
        0.954659939,
        -0.053018555,
        -0.292939246
      ]
    ],
    "translation": [
      1.98055422,
      1.136381,
      -0.496125877
    ]
  },
  {
    "timeStamp": 43202,
    "rotation": [
      [
        -0.251938343,
        -0.06433914,
        -0.9656022
      ],
      [
        0.02046603,
        0.997210145,
        -0.07178506
      ],
      [
        0.9675269,
        -0.0378474519,
        -0.249918684
      ]
    ],
    "translation": [
      2.02036357,
      1.1133132,
      -0.500807166
    ]
  },
  {
    "timeStamp": 43246,
    "rotation": [
      [
        -0.212804765,
        -0.0352067947,
        -0.9764603
      ],
      [
        0.008432336,
        0.999247253,
        -0.03786609
      ],
      [
        0.977058351,
        -0.0162919257,
        -0.2123477
      ]
    ],
    "translation": [
      2.046622,
      1.092944,
      -0.503876865
    ]
  },
  {
    "timeStamp": 43302,
    "rotation": [
      [
        -0.18477273,
        -0.0361536779,
        -0.982116044
      ],
      [
        -0.005824936,
        0.999345839,
        -0.03569205
      ],
      [
        0.982764065,
        -0.000874154444,
        -0.18486245
      ]
    ],
    "translation": [
      2.07381225,
      1.07088029,
      -0.504812062
    ]
  },
  {
    "timeStamp": 43346,
    "rotation": [
      [
        -0.14792189,
        -0.0242905635,
        -0.9887007
      ],
      [
        -0.0173721369,
        0.9996079,
        -0.0219594464
      ],
      [
        0.9888465,
        0.0139275622,
        -0.148285881
      ]
    ],
    "translation": [
      2.09436774,
      1.05016637,
      -0.5047473
    ]
  },
  {
    "timeStamp": 43402,
    "rotation": [
      [
        -0.116493337,
        -0.010169792,
        -0.993139446
      ],
      [
        -0.0378681719,
        0.999265969,
        -0.005790665
      ],
      [
        0.9924693,
        0.0369338,
        -0.11679294
      ]
    ],
    "translation": [
      2.11157966,
      1.02506328,
      -0.5060605
    ]
  },
  {
    "timeStamp": 43446,
    "rotation": [
      [
        -0.101146735,
        0.000943951833,
        -0.994871
      ],
      [
        -0.0484214574,
        0.998809755,
        0.00587061048
      ],
      [
        0.993692458,
        0.0487669,
        -0.100980639
      ]
    ],
    "translation": [
      2.120215,
      1.00657308,
      -0.50638777
    ]
  },
  {
    "timeStamp": 43502,
    "rotation": [
      [
        -0.07239467,
        0.0110146413,
        -0.9973152
      ],
      [
        -0.061773058,
        0.9979698,
        0.0155059481
      ],
      [
        0.9954613,
        0.06272976,
        -0.07156728
      ]
    ],
    "translation": [
      2.129916,
      0.9848269,
      -0.5059501
    ]
  },
  {
    "timeStamp": 43546,
    "rotation": [
      [
        -0.04329807,
        0.03015796,
        -0.9986069
      ],
      [
        -0.06767717,
        0.9971597,
        0.0330486335
      ],
      [
        0.9967673,
        0.069013834,
        -0.04113409
      ]
    ],
    "translation": [
      2.1351347,
      0.971509,
      -0.5049291
    ]
  },
  {
    "timeStamp": 43602,
    "rotation": [
      [
        -0.0414316356,
        0.01704607,
        -0.99899596
      ],
      [
        -0.0705723763,
        0.997307241,
        0.0199441239
      ],
      [
        0.996645868,
        0.0713278353,
        -0.0401170924
      ]
    ],
    "translation": [
      2.13792825,
      0.9556314,
      -0.503764033
    ]
  },
  {
    "timeStamp": 43647,
    "rotation": [
      [
        -0.0127964877,
        0.0300430451,
        -0.999466658
      ],
      [
        -0.08235621,
        0.996120751,
        0.0309969038
      ],
      [
        0.9965208,
        0.08270894,
        -0.0102726165
      ]
    ],
    "translation": [
      2.14345,
      0.9423349,
      -0.5032524
    ]
  },
  {
    "timeStamp": 43702,
    "rotation": [
      [
        -0.006868541,
        0.0150429932,
        -0.999863267
      ],
      [
        -0.0946937948,
        0.9953838,
        0.0156260971
      ],
      [
        0.995482743,
        0.09478817,
        -0.00541235646
      ]
    ],
    "translation": [
      2.14746976,
      0.92696923,
      -0.5042878
    ]
  },
  {
    "timeStamp": 43747,
    "rotation": [
      [
        0.00208497955,
        0.0143982135,
        -0.999894142
      ],
      [
        -0.10469228,
        0.9944047,
        0.0141008627
      ],
      [
        0.9945024,
        0.104651794,
        0.00358069525
      ]
    ],
    "translation": [
      2.15056038,
      0.915980458,
      -0.504924655
    ]
  },
  {
    "timeStamp": 43802,
    "rotation": [
      [
        -0.008524707,
        0.0189768448,
        -0.9997836
      ],
      [
        -0.11025428,
        0.9937061,
        0.0198015776
      ],
      [
        0.993866861,
        0.110399224,
        -0.00637877453
      ]
    ],
    "translation": [
      2.14694881,
      0.9052378,
      -0.5055082
    ]
  },
  {
    "timeStamp": 43846,
    "rotation": [
      [
        -0.0298846737,
        0.00298920181,
        -0.999548852
      ],
      [
        -0.115355417,
        0.9933035,
        0.00641944
      ],
      [
        0.9928746,
        0.11549522,
        -0.02933973
      ]
    ],
    "translation": [
      2.14281344,
      0.896465063,
      -0.5059104
    ]
  },
  {
    "timeStamp": 43902,
    "rotation": [
      [
        -0.0466539226,
        0.00281209382,
        -0.9989072
      ],
      [
        -0.112553447,
        0.993613,
        0.008053995
      ],
      [
        0.992549837,
        0.112806194,
        -0.046039436
      ]
    ],
    "translation": [
      2.136639,
      0.8882758,
      -0.5048697
    ]
  },
  {
    "timeStamp": 43946,
    "rotation": [
      [
        -0.0472531244,
        -0.007853254,
        -0.9988521
      ],
      [
        -0.0705538243,
        0.9974978,
        -0.00450488552
      ],
      [
        0.996388137,
        0.070259966,
        -0.0476889648
      ]
    ],
    "translation": [
      2.13486624,
      0.8864133,
      -0.502296746
    ]
  },
  {
    "timeStamp": 44002,
    "rotation": [
      [
        -0.0437735356,
        -0.0318154246,
        -0.9985348
      ],
      [
        -0.0289505757,
        0.999113441,
        -0.0305647328
      ],
      [
        0.998621941,
        0.027570229,
        -0.0446558036
      ]
    ],
    "translation": [
      2.131815,
      0.8848954,
      -0.499823481
    ]
  },
  {
    "timeStamp": 44047,
    "rotation": [
      [
        -0.01719632,
        -0.0161194187,
        -0.9997222
      ],
      [
        0.0172626246,
        0.999716163,
        -0.01641626
      ],
      [
        0.9997031,
        -0.0175401289,
        -0.0169131756
      ]
    ],
    "translation": [
      2.13012171,
      0.8862148,
      -0.498285174
    ]
  },
  {
    "timeStamp": 44102,
    "rotation": [
      [
        -0.0247671679,
        -0.0102237146,
        -0.999640942
      ],
      [
        0.06450863,
        0.9978473,
        -0.01180364
      ],
      [
        0.9976098,
        -0.0647778139,
        -0.0240543336
      ]
    ],
    "translation": [
      2.127153,
      0.8864967,
      -0.498755068
    ]
  },
  {
    "timeStamp": 44146,
    "rotation": [
      [
        -0.0155748762,
        -0.00552802766,
        -0.999863446
      ],
      [
        0.1050796,
        0.9944382,
        -0.00713485852
      ],
      [
        0.99434185,
        -0.105176374,
        -0.01490737
      ]
    ],
    "translation": [
      2.12719512,
      0.8863528,
      -0.498994529
    ]
  },
  {
    "timeStamp": 44202,
    "rotation": [
      [
        0.004928736,
        -0.0177902151,
        -0.9998296
      ],
      [
        0.0510560535,
        0.99854213,
        -0.0175156239
      ],
      [
        0.998683631,
        -0.0509610251,
        0.00582984928
      ]
    ],
    "translation": [
      2.126977,
      0.8865786,
      -0.498454
    ]
  },
  {
    "timeStamp": 44246,
    "rotation": [
      [
        0.0113248685,
        -0.0254335478,
        -0.9996124
      ],
      [
        0.0561111048,
        0.9981175,
        -0.0247598141
      ],
      [
        0.998360336,
        -0.0558089539,
        0.0127306534
      ]
    ],
    "translation": [
      2.12690449,
      0.886798263,
      -0.498649478
    ]
  },
  {
    "timeStamp": 44302,
    "rotation": [
      [
        0.0236307178,
        -0.03325152,
        -0.9991676
      ],
      [
        0.0605571233,
        0.997659,
        -0.0317691155
      ],
      [
        0.997885,
        -0.0597559921,
        0.0255890153
      ]
    ],
    "translation": [
      2.126837,
      0.8870507,
      -0.498982519
    ]
  },
  {
    "timeStamp": 44347,
    "rotation": [
      [
        0.0375619,
        -0.0451692641,
        -0.998272955
      ],
      [
        0.0627616942,
        0.997112334,
        -0.04275522
      ],
      [
        0.9973215,
        -0.0610473342,
        0.0402883328
      ]
    ],
    "translation": [
      2.1267302,
      0.8874555,
      -0.499326557
    ]
  },
  {
    "timeStamp": 44401,
    "rotation": [
      [
        0.0641422048,
        -0.06080262,
        -0.9960867
      ],
      [
        0.06062131,
        0.996536255,
        -0.0569263957
      ],
      [
        0.9960978,
        -0.0567326955,
        0.0676059648
      ]
    ],
    "translation": [
      2.12650681,
      0.887954652,
      -0.500155
    ]
  },
  {
    "timeStamp": 44447,
    "rotation": [
      [
        0.0832699,
        -0.04975656,
        -0.99528414
      ],
      [
        0.0294272583,
        0.998439968,
        -0.047452312
      ],
      [
        0.9960925,
        -0.0253371336,
        0.0846041963
      ]
    ],
    "translation": [
      2.123976,
      0.885670364,
      -0.499928534
    ]
  },
  {
    "timeStamp": 44502,
    "rotation": [
      [
        0.004083799,
        -0.03220965,
        -0.999472737
      ],
      [
        0.0306534488,
        0.99901545,
        -0.0320696644
      ],
      [
        0.999521732,
        -0.0305063222,
        0.005067115
      ]
    ],
    "translation": [
      2.11781478,
      0.8856501,
      -0.499385476
    ]
  },
  {
    "timeStamp": 44546,
    "rotation": [
      [
        -0.005381735,
        -0.02559251,
        -0.9996579
      ],
      [
        0.0333603024,
        0.999111354,
        -0.0257581156
      ],
      [
        0.999428868,
        -0.0334875137,
        -0.004523179
      ]
    ],
    "translation": [
      2.11844373,
      0.8850986,
      -0.499615252
    ]
  }
]