[
  {
    "timeStamp": 72645,
    "rotation": [
      [
        0.994152963,
        -0.09511376,
        0.051119443
      ],
      [
        0.06338047,
        0.130714148,
        -0.9893921
      ],
      [
        0.08742277,
        0.986847043,
        0.135978222
      ]
    ],
    "translation": [
      1.77149367,
      0.6971154,
      -0.4852902
    ]
  },
  {
    "timeStamp": 72688,
    "rotation": [
      [
        0.9937691,
        -0.09624234,
        0.0562169179
      ],
      [
        0.06516805,
        0.0925407,
        -0.993574
      ],
      [
        0.0904215351,
        0.9910467,
        0.0982360244
      ]
    ],
    "translation": [
      1.771526,
      0.6985602,
      -0.485417128
    ]
  },
  {
    "timeStamp": 72744,
    "rotation": [
      [
        0.983657658,
        -0.100227132,
        0.149573222
      ],
      [
        0.158354536,
        0.08625717,
        -0.9836074
      ],
      [
        0.0856823847,
        0.991218567,
        0.100718945
      ]
    ],
    "translation": [
      1.77148,
      0.695350766,
      -0.48531875
    ]
  },
  {
    "timeStamp": 72789,
    "rotation": [
      [
        0.995725751,
        -0.09235565,
        -0.000740712741
      ],
      [
        0.000672556867,
        0.0152704064,
        -0.9998832
      ],
      [
        0.0923561752,
        0.9956089,
        0.0152672529
      ]
    ],
    "translation": [
      1.77173972,
      0.7044865,
      -0.486081272
    ]
  },
  {
    "timeStamp": 72844,
    "rotation": [
      [
        0.991984,
        -0.114871487,
        0.0526524372
      ],
      [
        0.06349203,
        0.09284069,
        -0.993654549
      ],
      [
        0.109254286,
        0.989032447,
        0.0993898958
      ]
    ],
    "translation": [
      1.77917016,
      0.698578238,
      -0.488499522
    ]
  },
  {
    "timeStamp": 72888,
    "rotation": [
      [
        0.976878047,
        -0.181128547,
        0.11358577
      ],
      [
        0.141834781,
        0.151509166,
        -0.9782269
      ],
      [
        0.159975529,
        0.9717188,
        0.173696309
      ]
    ],
    "translation": [
      1.79643178,
      0.7015071,
      -0.484175831
    ]
  },
  {
    "timeStamp": 72944,
    "rotation": [
      [
        0.905899644,
        -0.3703658,
        0.205365464
      ],
      [
        0.32759878,
        0.305550635,
        -0.89404577
      ],
      [
        0.2683744,
        0.8771932,
        0.3981296
      ]
    ],
    "translation": [
      1.81523728,
      0.722915351,
      -0.479390949
    ]
  },
  {
    "timeStamp": 72988,
    "rotation": [
      [
        0.7914556,
        -0.5607183,
        0.243296266
      ],
      [
        0.5117915,
        0.390320957,
        -0.7653228
      ],
      [
        0.334166855,
        0.730236,
        0.5958926
      ]
    ],
    "translation": [
      1.83371437,
      0.7529367,
      -0.47423318
    ]
  },
  {
    "timeStamp": 73044,
    "rotation": [
      [
        0.7162371,
        -0.674740732,
        0.178127438
      ],
      [
        0.600329757,
        0.4655861,
        -0.6502567
      ],
      [
        0.355821,
        0.5726732,
        0.738536954
      ]
    ],
    "translation": [
      1.84065771,
      0.8013824,
      -0.476367146
    ]
  },
  {
    "timeStamp": 73088,
    "rotation": [
      [
        0.639414,
        -0.75879997,
        0.123984985
      ],
      [
        0.689615548,
        0.4946995,
        -0.5288693
      ],
      [
        0.339970678,
        0.423668385,
        0.83959806
      ]
    ],
    "translation": [
      1.84652388,
      0.847542167,
      -0.482064456
    ]
  },
  {
    "timeStamp": 73144,
    "rotation": [
      [
        0.55756,
        -0.829097867,
        0.04151494
      ],
      [
        0.7758491,
        0.50265795,
        -0.381304443
      ],
      [
        0.2952709,
        0.244809449,
        0.92351687
      ]
    ],
    "translation": [
      1.85396087,
      0.908521,
      -0.494012326
    ]
  },
  {
    "timeStamp": 73189,
    "rotation": [
      [
        0.4927245,
        -0.8685059,
        -0.0540385619
      ],
      [
        0.8330719,
        0.488741934,
        -0.25908035
      ],
      [
        0.251423717,
        0.0826372355,
        0.9643429
      ]
    ],
    "translation": [
      1.85849106,
      0.960274,
      -0.5070631
    ]
  },
  {
    "timeStamp": 73244,
    "rotation": [
      [
        0.455681115,
        -0.875291646,
        -0.161923692
      ],
      [
        0.866936,
        0.477662832,
        -0.142337918
      ],
      [
        0.201932117,
        -0.07551679,
        0.976483762
      ]
    ],
    "translation": [
      1.86923385,
      1.02012181,
      -0.526358664
    ]
  },
  {
    "timeStamp": 73288,
    "rotation": [
      [
        0.445033967,
        -0.85304147,
        -0.272516
      ],
      [
        0.8712022,
        0.48284474,
        -0.0886995345
      ],
      [
        0.207247317,
        -0.197942257,
        0.958053946
      ]
    ],
    "translation": [
      1.87712622,
      1.05829215,
      -0.5446286
    ]
  },
  {
    "timeStamp": 73344,
    "rotation": [
      [
        0.380767584,
        -0.8322676,
        -0.402922779
      ],
      [
        0.900709,
        0.4323922,
        -0.04195653
      ],
      [
        0.20913972,
        -0.346940458,
        0.914271832
      ]
    ],
    "translation": [
      1.89295733,
      1.09866238,
      -0.573298454
    ]
  },
  {
    "timeStamp": 73389,
    "rotation": [
      [
        0.33996582,
        -0.7943605,
        -0.5034031
      ],
      [
        0.9238665,
        0.3821436,
        0.0209042747
      ],
      [
        0.175766736,
        -0.472184032,
        0.8637988
      ]
    ],
    "translation": [
      1.90915585,
      1.128537,
      -0.597155631
    ]
  },
  {
    "timeStamp": 73444,
    "rotation": [
      [
        0.2772838,
        -0.751878738,
        -0.5981572
      ],
      [
        0.9466724,
        0.32013014,
        0.0364416651
      ],
      [
        0.164088443,
        -0.5763636,
        0.8005498
      ]
    ],
    "translation": [
      1.93894041,
      1.15125608,
      -0.625906467
    ]
  },
  {
    "timeStamp": 73488,
    "rotation": [
      [
        0.210845888,
        -0.711589634,
        -0.67021203
      ],
      [
        0.9665225,
        0.2543123,
        0.03405086
      ],
      [
        0.146212921,
        -0.6549545,
        0.741388142
      ]
    ],
    "translation": [
      1.96349335,
      1.16110969,
      -0.647339642
    ]
  },
  {
    "timeStamp": 73544,
    "rotation": [
      [
        0.129335091,
        -0.6638641,
        -0.7365846
      ],
      [
        0.9843546,
        0.17559433,
        0.014581942
      ],
      [
        0.119659655,
        -0.7269464,
        0.6761882
      ]
    ],
    "translation": [
      1.99493814,
      1.16286612,
      -0.670358658
    ]
  },
  {
    "timeStamp": 73588,
    "rotation": [
      [
        0.06061312,
        -0.6414144,
        -0.7647965
      ],
      [
        0.9944782,
        0.104566738,
        -0.00888103247
      ],
      [
        0.0856687,
        -0.760035157,
        0.644210756
      ]
    ],
    "translation": [
      2.020341,
      1.158277,
      -0.6841341
    ]
  },
  {
    "timeStamp": 73644,
    "rotation": [
      [
        0.0207617078,
        -0.615154743,
        -0.788132966
      ],
      [
        0.996089935,
        0.08043392,
        -0.03654051
      ],
      [
        0.08587069,
        -0.784292638,
        0.6144194
      ]
    ],
    "translation": [
      2.04892468,
      1.14549863,
      -0.6972752
    ]
  },
  {
    "timeStamp": 73688,
    "rotation": [
      [
        -0.01658734,
        -0.6078799,
        -0.7938557
      ],
      [
        0.9980824,
        0.037287876,
        -0.0494070649
      ],
      [
        0.0596347563,
        -0.793153,
        0.606095731
      ]
    ],
    "translation": [
      2.06956267,
      1.13303435,
      -0.703291833
    ]
  },
  {
    "timeStamp": 73744,
    "rotation": [
      [
        -0.02192226,
        -0.607715,
        -0.7938525
      ],
      [
        0.9988493,
        0.0205643531,
        -0.04332581
      ],
      [
        0.0426548123,
        -0.7938888,
        0.606564939
      ]
    ],
    "translation": [
      2.08910871,
      1.11996388,
      -0.7062517
    ]
  },
  {
    "timeStamp": 73788,
    "rotation": [
      [
        -0.0181441456,
        -0.6079173,
        -0.793792963
      ],
      [
        0.999283969,
        0.0153371757,
        -0.034586966
      ],
      [
        0.03320056,
        -0.79385215,
        0.6072038
      ]
    ],
    "translation": [
      2.10022259,
      1.10593081,
      -0.7062086
    ]
  },
  {
    "timeStamp": 73844,
    "rotation": [
      [
        -0.009902308,
        -0.590985954,
        -0.806621
      ],
      [
        0.998924255,
        0.030699065,
        -0.03475532
      ],
      [
        0.0453024171,
        -0.806097448,
        0.5900462
      ]
    ],
    "translation": [
      2.108257,
      1.08508086,
      -0.706674933
    ]
  },
  {
    "timeStamp": 73888,
    "rotation": [
      [
        -0.0112958606,
        -0.5671515,
        -0.8235361
      ],
      [
        0.998641253,
        0.0355031453,
        -0.0381479
      ],
      [
        0.05087376,
        -0.822847962,
        0.5659798
      ]
    ],
    "translation": [
      2.110506,
      1.068736,
      -0.709062934
    ]
  },
  {
    "timeStamp": 73944,
    "rotation": [
      [
        -0.0123719787,
        -0.522151053,
        -0.852763236
      ],
      [
        0.9979025,
        0.04774602,
        -0.0437127948
      ],
      [
        0.0635407344,
        -0.8515155,
        0.520465136
      ]
    ],
    "translation": [
      2.11094165,
      1.04914951,
      -0.713605642
    ]
  },
  {
    "timeStamp": 73988,
    "rotation": [
      [
        -0.0229366757,
        -0.493545979,
        -0.86941725
      ],
      [
        0.9986127,
        0.0299202334,
        -0.0433300175
      ],
      [
        0.0473985225,
        -0.869204938,
        0.492174983
      ]
    ],
    "translation": [
      2.11050129,
      1.03596711,
      -0.716618061
    ]
  },
  {
    "timeStamp": 74043,
    "rotation": [
      [
        -0.00701230951,
        -0.458475769,
        -0.888679266
      ],
      [
        0.998261333,
        0.0488029532,
        -0.03305477
      ],
      [
        0.0585249849,
        -0.887365937,
        0.4573364
      ]
    ],
    "translation": [
      2.10805726,
      1.02147079,
      -0.720242441
    ]
  },
  {
    "timeStamp": 74088,
    "rotation": [
      [
        0.00132052973,
        -0.434665471,
        -0.9005911
      ],
      [
        0.9985178,
        0.04957402,
        -0.022462517
      ],
      [
        0.0544095971,
        -0.899226546,
        0.43408668
      ]
    ],
    "translation": [
      2.10499835,
      1.01185465,
      -0.7210098
    ]
  },
  {
    "timeStamp": 74143,
    "rotation": [
      [
        0.0268043689,
        -0.419126034,
        -0.9075323
      ],
      [
        0.9983521,
        0.05730509,
        0.00302153756
      ],
      [
        0.0507398173,
        -0.9061178,
        0.419971377
      ]
    ],
    "translation": [
      2.10132432,
      1.00301,
      -0.7203591
    ]
  },
  {
    "timeStamp": 74188,
    "rotation": [
      [
        0.0421216562,
        -0.4149446,
        -0.9088712
      ],
      [
        0.9980891,
        0.05863866,
        0.01948502
      ],
      [
        0.04520978,
        -0.9079551,
        0.416621655
      ]
    ],
    "translation": [
      2.09901333,
      0.995291,
      -0.718382835
    ]
  },
  {
    "timeStamp": 74244,
    "rotation": [
      [
        0.0361020751,
        -0.404169917,
        -0.9139712
      ],
      [
        0.999221146,
        0.0291780755,
        0.0265665427
      ],
      [
        0.0159305222,
        -0.9142184,
        0.4049085
      ]
    ],
    "translation": [
      2.096655,
      0.984950662,
      -0.7161977
    ]
  },
  {
    "timeStamp": 74287,
    "rotation": [
      [
        0.0347068831,
        -0.395795971,
        -0.91768235
      ],
      [
        0.9993911,
        0.0170354135,
        0.0304497536
      ],
      [
        0.00358120934,
        -0.9181804,
        0.3961462
      ]
    ],
    "translation": [
      2.09539843,
      0.978338,
      -0.7129227
    ]
  },
  {
    "timeStamp": 74343,
    "rotation": [
      [
        0.025590077,
        -0.37229234,
        -0.9277626
      ],
      [
        0.999644458,
        0.0164897423,
        0.0209557619
      ],
      [
        0.007496896,
        -0.927969,
        0.372581929
      ]
    ],
    "translation": [
      2.091685,
      0.9694376,
      -0.7126625
    ]
  },
  {
    "timeStamp": 74387,
    "rotation": [
      [
        0.0106255431,
        -0.344657183,
        -0.9386685
      ],
      [
        0.9999243,
        -0.00216806144,
        0.0121150073
      ],
      [
        -0.006210615,
        -0.9387262,
        0.344608039
      ]
    ],
    "translation": [
      2.08798265,
      0.96325177,
      -0.7147027
    ]
  },
  {
    "timeStamp": 74442,
    "rotation": [
      [
        0.0100120353,
        -0.3163508,
        -0.9485895
      ],
      [
        0.9999458,
        0.0004665162,
        0.0103985025
      ],
      [
        -0.00284704217,
        -0.9486422,
        0.316338331
      ]
    ],
    "translation": [
      2.082898,
      0.957770944,
      -0.7182674
    ]
  },
  {
    "timeStamp": 74487,
    "rotation": [
      [
        0.0167744253,
        -0.3025985,
        -0.9529705
      ],
      [
        0.9998553,
        0.00778454542,
        0.0151278609
      ],
      [
        0.00284077413,
        -0.9530864,
        0.3026853
      ]
    ],
    "translation": [
      2.078711,
      0.955423057,
      -0.7214408
    ]
  },
  {
    "timeStamp": 74542,
    "rotation": [
      [
        0.00796990748,
        -0.271837443,
        -0.9623102
      ],
      [
        0.9997063,
        -0.0198595934,
        0.0138896452
      ],
      [
        -0.0228868127,
        -0.962138236,
        0.271599323
      ]
    ],
    "translation": [
      2.0735023,
      0.9522585,
      -0.7265139
    ]
  },
  {
    "timeStamp": 74586,
    "rotation": [
      [
        -0.00305504515,
        -0.243745923,
        -0.9698343
      ],
      [
        0.999519765,
        -0.03065162,
        0.004555035
      ],
      [
        -0.0308372658,
        -0.9693547,
        0.2437225
      ]
    ],
    "translation": [
      2.07159185,
      0.9492764,
      -0.728366256
    ]
  },
  {
    "timeStamp": 74643,
    "rotation": [
      [
        -0.0209950488,
        -0.208563253,
        -0.9777835
      ],
      [
        0.9986683,
        -0.05047443,
        -0.0106771886
      ],
      [
        -0.0471261963,
        -0.976705551,
        0.2093452
      ]
    ],
    "translation": [
      2.06969976,
      0.94377315,
      -0.729685545
    ]
  },
  {
    "timeStamp": 74688,
    "rotation": [
      [
        -0.0410914943,
        -0.1811686,
        -0.982593238
      ],
      [
        0.997016549,
        -0.07174792,
        -0.0284659266
      ],
      [
        -0.06534189,
        -0.9808314,
        0.1835763
      ]
    ],
    "translation": [
      2.068497,
      0.9370668,
      -0.7308542
    ]
  },
  {
    "timeStamp": 74743,
    "rotation": [
      [
        -0.0623979121,
        -0.156717926,
        -0.9856703
      ],
      [
        0.9951412,
        -0.08513243,
        -0.0494617261
      ],
      [
        -0.0761609748,
        -0.9839675,
        0.161268547
      ]
    ],
    "translation": [
      2.06763244,
      0.92835927,
      -0.730871
    ]
  },
  {
    "timeStamp": 74788,
    "rotation": [
      [
        -0.06973554,
        -0.15292944,
        -0.985773563
      ],
      [
        0.9951349,
        -0.07960469,
        -0.05804819
      ],
      [
        -0.06959493,
        -0.9850257,
        0.1577367
      ]
    ],
    "translation": [
      2.06799841,
      0.922362864,
      -0.7307435
    ]
  },
  {
    "timeStamp": 74843,
    "rotation": [
      [
        -0.07464736,
        -0.134873658,
        -0.988047
      ],
      [
        0.994688034,
        -0.08049243,
        -0.06416145
      ],
      [
        -0.07087661,
        -0.987588,
        0.140165761
      ]
    ],
    "translation": [
      2.06794047,
      0.916569769,
      -0.730827034
    ]
  },
  {
    "timeStamp": 74888,
    "rotation": [
      [
        -0.08190872,
        -0.127696738,
        -0.988425255
      ],
      [
        0.9936404,
        -0.0873478,
        -0.07105625
      ],
      [
        -0.07726312,
        -0.987959445,
        0.1340392
      ]
    ],
    "translation": [
      2.068327,
      0.911111057,
      -0.731227458
    ]
  },
  {
    "timeStamp": 74944,
    "rotation": [
      [
        -0.09015702,
        -0.11657647,
        -0.9890812
      ],
      [
        0.993049264,
        -0.08597217,
        -0.0803857446
      ],
      [
        -0.07566237,
        -0.989453733,
        0.123517178
      ]
    ],
    "translation": [
      2.06864643,
      0.9055683,
      -0.73078835
    ]
  },
  {
    "timeStamp": 74988,
    "rotation": [
      [
        -0.09163391,
        -0.113586,
        -0.9892934
      ],
      [
        0.9928452,
        -0.08680524,
        -0.08199632
      ],
      [
        -0.07656222,
        -0.9897288,
        0.120727614
      ]
    ],
    "translation": [
      2.06921077,
      0.901311159,
      -0.730416954
    ]
  },
  {
    "timeStamp": 75044,
    "rotation": [
      [
        -0.0888144448,
        -0.1144847,
        -0.989446938
      ],
      [
        0.993269145,
        -0.08433336,
        -0.0793996751
      ],
      [
        -0.07435334,
        -0.989838958,
        0.121204138
      ]
    ],
    "translation": [
      2.069884,
      0.8974765,
      -0.7297499
    ]
  },
  {
    "timeStamp": 75088,
    "rotation": [
      [
        -0.08420848,
        -0.139291659,
        -0.9866645
      ],
      [
        0.9937327,
        -0.08479046,
        -0.0728414953
      ],
      [
        -0.07351352,
        -0.986614645,
        0.14555876
      ]
    ],
    "translation": [
      2.070961,
      0.89596796,
      -0.7296239
    ]
  },
  {
    "timeStamp": 75143,
    "rotation": [
      [
        -0.08286362,
        -0.157187641,
        -0.9840862
      ],
      [
        0.9941663,
        -0.0814528,
        -0.07070199
      ],
      [
        -0.0690431,
        -0.984204,
        0.163020134
      ]
    ],
    "translation": [
      2.07173777,
      0.8944022,
      -0.729533732
    ]
  },
  {
    "timeStamp": 75188,
    "rotation": [
      [
        -0.0733136162,
        -0.123388425,
        -0.9896466
      ],
      [
        0.99575454,
        -0.0644375756,
        -0.06573206
      ],
      [
        -0.0556598529,
        -0.9902641,
        0.127588734
      ]
    ],
    "translation": [
      2.07099152,
      0.8918404,
      -0.728812158
    ]
  },
  {
    "timeStamp": 75243,
    "rotation": [
      [
        -0.06663664,
        -0.144594982,
        -0.987244546
      ],
      [
        0.9960785,
        -0.06735326,
        -0.05736813
      ],
      [
        -0.0581990033,
        -0.987195969,
        0.148516148
      ]
    ],
    "translation": [
      2.07175255,
      0.8914786,
      -0.728859961
    ]
  },
  {
    "timeStamp": 75288,
    "rotation": [
      [
        -0.06463829,
        -0.08426296,
        -0.994344831
      ],
      [
        0.9964343,
        -0.0595972948,
        -0.0597237051
      ],
      [
        -0.0542277656,
        -0.9946597,
        0.08781476
      ]
    ],
    "translation": [
      2.069933,
      0.8910421,
      -0.728663743
    ]
  },
  {
    "timeStamp": 75343,
    "rotation": [
      [
        -0.0580154769,
        -0.0422472134,
        -0.9974214
      ],
      [
        0.99698025,
        -0.05411134,
        -0.05569786
      ],
      [
        -0.0516187251,
        -0.9976408,
        0.0452589355
      ]
    ],
    "translation": [
      2.06867886,
      0.8907633,
      -0.7285917
    ]
  },
  {
    "timeStamp": 75388,
    "rotation": [
      [
        -0.049451258,
        -0.016350124,
        -0.998642743
      ],
      [
        0.997455955,
        -0.0522092134,
        -0.0485377
      ],
      [
        -0.0513447523,
        -0.9985023,
        0.01889034
      ]
    ],
    "translation": [
      2.06802988,
      0.889749169,
      -0.7285015
    ]
  }
]