[
  {
    "id": "100 half egg carton(Clone)-59120",
    "pickRotation": [
      [
        0.0981999338,
        -0.138286442,
        0.9855119
      ],
      [
        0.123981535,
        -0.980882943,
        -0.149990872
      ],
      [
        0.987413466,
        0.136914372,
        -0.07917768
      ]
    ],
    "pickTranslation": [
      -0.0624783337,
      0.0289315842,
      -0.010113704
    ],
    "placeRotation": [
      [
        0.0007456265,
        -0.0652506,
        -0.997868657
      ],
      [
        -0.005845728,
        0.9978516,
        -0.0652538538
      ],
      [
        0.999982655,
        0.00588192325,
        0.0003625874
      ]
    ],
    "placeTranslation": [
      -0.9271775,
      0.187770858,
      -0.5095446
    ]
  },
  {
    "id": "100 half egg carton(Clone)-59132",
    "pickRotation": [
      [
        -0.009765163,
        -0.05958107,
        0.99817574
      ],
      [
        -0.0314370729,
        -0.9977116,
        -0.0598609149
      ],
      [
        0.9994581,
        -0.0319642723,
        0.007869762
      ]
    ],
    "pickTranslation": [
      -0.06963465,
      0.0346209258,
      -0.000686273153
    ],
    "placeRotation": [
      [
        -0.0114438105,
        0.03186131,
        -0.9994268
      ],
      [
        0.006035011,
        0.9994762,
        0.0317937844
      ],
      [
        0.999916255,
        -0.00566770975,
        -0.0116300993
      ]
    ],
    "placeTranslation": [
      -0.9719265,
      0.5830072,
      -0.5506614
    ]
  },
  {
    "id": "100 half egg carton(Clone)-59156",
    "pickRotation": [
      [
        0.062261682,
        -0.0967867,
        0.9933559
      ],
      [
        0.0870974138,
        -0.990962863,
        -0.102012649
      ],
      [
        0.9942522,
        0.0928702,
        -0.0532691479
      ]
    ],
    "pickTranslation": [
      -0.0592728332,
      0.0353116542,
      -0.00513171544
    ],
    "placeRotation": [
      [
        0.12162073,
        -0.0388371646,
        -0.9918166
      ],
      [
        0.07727976,
        0.996571541,
        -0.0295469854
      ],
      [
        0.9895637,
        -0.07305382,
        0.124205083
      ]
    ],
    "placeTranslation": [
      -0.9636899,
      0.26644972,
      0.51126343
    ]
  },
  {
    "id": "004 sugar box(Clone)-59168",
    "pickRotation": [
      [
        -0.0436886474,
        0.9990018,
        -0.009309805
      ],
      [
        0.9985808,
        0.04338234,
        -0.0308931284
      ],
      [
        -0.03045841,
        -0.0106462715,
        -0.9994793
      ]
    ],
    "pickTranslation": [
      -0.0217742249,
      -0.018566899,
      0.07374773
    ],
    "placeRotation": [
      [
        0.0195679273,
        -0.999658644,
        -0.0173095055
      ],
      [
        -0.9994268,
        -0.0190791544,
        -0.0279654376
      ],
      [
        0.02762564,
        0.01784681,
        -0.999458969
      ]
    ],
    "placeTranslation": [
      -1.00691879,
      0.584751666,
      0.3237681
    ]
  },
  {
    "id": "006 mustard bottle(Clone)-59084",
    "pickRotation": [
      [
        -0.4454816,
        0.187078342,
        -0.875527143
      ],
      [
        0.887172759,
        -0.03915423,
        -0.4597733
      ],
      [
        -0.120294221,
        -0.9815644,
        -0.148528308
      ]
    ],
    "pickTranslation": [
      0.0120551456,
      -0.025318142,
      0.157305256
    ],
    "placeRotation": [
      [
        0.8341174,
        -0.551461041,
        -0.0117843049
      ],
      [
        0.00307313981,
        -0.01671785,
        0.9998555
      ],
      [
        -0.551578343,
        -0.834033132,
        -0.0122499326
      ]
    ],
    "placeTranslation": [
      0.240720049,
      0.0122100441,
      -0.819335938
    ]
  },
  {
    "id": "006 mustard bottle(Clone)-59072",
    "pickRotation": [
      [
        -0.6606254,
        0.249580562,
        -0.7080139
      ],
      [
        0.7474348,
        0.3067478,
        -0.589276731
      ],
      [
        0.0701096654,
        -0.918485343,
        -0.389190584
      ]
    ],
    "pickTranslation": [
      0.002361508,
      -0.0278786533,
      0.166535869
    ],
    "placeRotation": [
      [
        0.9202466,
        -0.390758,
        -0.0213180948
      ],
      [
        0.0230122972,
        -0.0003466598,
        0.9997351
      ],
      [
        -0.3906619,
        -0.9204934,
        0.008673226
      ]
    ],
    "placeTranslation": [
      0.2741783,
      0.009942809,
      -0.156521738
    ]
  },
  {
    "id": "006 mustard bottle(Clone)-59568",
    "pickRotation": [
      [
        -0.5080113,
        0.437239826,
        -0.742122531
      ],
      [
        0.8555055,
        0.155926928,
        -0.493758082
      ],
      [
        -0.100173794,
        -0.885724664,
        -0.4532737
      ]
    ],
    "pickTranslation": [
      0.0170106553,
      -0.0263635851,
      0.172036111
    ],
    "placeRotation": [
      [
        0.6164044,
        -0.787429333,
        -0.0007978802
      ],
      [
        -0.00897921,
        -0.008042178,
        0.999927342
      ],
      [
        -0.7873785,
        -0.616352439,
        -0.0120277274
      ]
    ],
    "placeTranslation": [
      0.3136746,
      0.01400547,
      0.442942083
    ]
  },
  {
    "id": "100 half egg carton(Clone)-59592",
    "pickRotation": [
      [
        0.0365551561,
        -0.1606732,
        0.9863305
      ],
      [
        -0.0262499712,
        -0.986803949,
        -0.159777462
      ],
      [
        0.9989868,
        -0.0200504567,
        -0.04029044
      ]
    ],
    "pickTranslation": [
      -0.07126442,
      0.0309414435,
      -0.00171745592
    ],
    "placeRotation": [
      [
        -0.00230235467,
        -0.0136467582,
        -0.9999043
      ],
      [
        0.03866961,
        0.9991578,
        -0.01372561
      ],
      [
        0.9992494,
        -0.0386975072,
        -0.00177270081
      ]
    ],
    "placeTranslation": [
      -0.9721,
      0.9886868,
      -0.541593134
    ]
  },
  {
    "id": "007 tuna fish can(Clone)-59184",
    "pickRotation": [
      [
        -0.4438416,
        -0.108348027,
        -0.889530957
      ],
      [
        0.895665765,
        -0.02255135,
        -0.444155782
      ],
      [
        0.02806328,
        -0.9938572,
        0.10705284
      ]
    ],
    "pickTranslation": [
      0.023957,
      -0.0183571875,
      0.0182613917
    ],
    "placeRotation": [
      [
        0.7476078,
        -0.6640719,
        -0.009536186
      ],
      [
        0.02249341,
        0.0109672612,
        0.999686837
      ],
      [
        -0.6637594,
        -0.7475882,
        0.0231364537
      ]
    ],
    "placeTranslation": [
      0.7313619,
      0.0108022671,
      -0.8861349
    ]
  },
  {
    "id": "005 tomato soup can(Clone)-59108",
    "pickRotation": [
      [
        -0.2380222,
        -0.02840054,
        -0.9708444
      ],
      [
        0.971174836,
        0.00625862,
        -0.238286272
      ],
      [
        0.0128436051,
        -0.999577045,
        0.0260922
      ]
    ],
    "pickTranslation": [
      0.00651502144,
      0.08198575,
      0.0844959244
    ],
    "placeRotation": [
      [
        0.415044725,
        -0.909415841,
        -0.02646923
      ],
      [
        0.0374361575,
        -0.0119979084,
        0.999227
      ],
      [
        -0.909030437,
        -0.4157148,
        0.02906537
      ]
    ],
    "placeTranslation": [
      0.4666823,
      0.1800995,
      0.0558924936
    ]
  },
  {
    "id": "015 peach(Clone)-59580",
    "pickRotation": [
      [
        -0.881938159,
        0.130708992,
        -0.452879936
      ],
      [
        0.4561966,
        -0.00508453976,
        -0.8898645
      ],
      [
        -0.118615985,
        -0.9914077,
        -0.0551447533
      ]
    ],
    "pickTranslation": [
      0.0137836663,
      0.00536131533,
      0.0317422077
    ],
    "placeRotation": [
      [
        0.9608712,
        -0.239859939,
        0.138541415
      ],
      [
        -0.126224682,
        0.066049695,
        0.9898004
      ],
      [
        -0.24656406,
        -0.968558,
        0.0331890061
      ]
    ],
    "placeTranslation": [
      0.7443055,
      0.00562875858,
      -0.030942
    ]
  },
  {
    "id": "015 peach(Clone)-59556",
    "pickRotation": [
      [
        -0.2438246,
        0.2696766,
        0.931570768
      ],
      [
        -0.967752039,
        -0.00496995775,
        -0.251855761
      ],
      [
        -0.06328974,
        -0.96293813,
        0.262191862
      ]
    ],
    "pickTranslation": [
      0.0172034372,
      0.007040511,
      0.0270011239
    ],
    "placeRotation": [
      [
        0.0470711,
        0.9926122,
        -0.111826956
      ],
      [
        -0.3255465,
        0.121083096,
        0.9377411
      ],
      [
        0.9443536,
        -0.007735635,
        0.328840971
      ]
    ],
    "placeTranslation": [
      0.6924439,
      0.174522668,
      0.0400732756
    ]
  },
  {
    "id": "014 lemon(Clone)-59096",
    "pickRotation": [
      [
        0.380190283,
        -0.4712259,
        -0.7958653
      ],
      [
        -0.247200876,
        -0.880947769,
        0.403513044
      ],
      [
        -0.8912615,
        0.0433268473,
        -0.451415241
      ]
    ],
    "pickTranslation": [
      0.00685405452,
      0.0180535521,
      0.0262058564
    ],
    "placeRotation": [
      [
        -0.383142,
        0.1627165,
        0.9092445
      ],
      [
        0.5964688,
        0.7951955,
        0.10903649
      ],
      [
        -0.705285132,
        0.584112465,
        -0.401728123
      ]
    ],
    "placeTranslation": [
      0.773409247,
      -0.00608850876,
      0.461572319
    ]
  },
  {
    "id": "012 strawberry(Clone)-59144",
    "pickRotation": [
      [
        0.4155696,
        0.714458644,
        0.5628951
      ],
      [
        0.398017853,
        0.413623035,
        -0.8188393
      ],
      [
        -0.817853153,
        0.564327,
        -0.112478137
      ]
    ],
    "pickTranslation": [
      -0.000939744757,
      0.0126285264,
      0.0216140319
    ],
    "placeRotation": [
      [
        -0.303404719,
        -0.108494,
        0.946665
      ],
      [
        -0.8156896,
        -0.4839719,
        -0.316893637
      ],
      [
        0.492540359,
        -0.8683319,
        0.05834192
      ]
    ],
    "placeTranslation": [
      0.566214144,
      0.324175864,
      0.3043289
    ]
  },
  {
    "id": "103 toothpaste(Clone)-59520",
    "pickRotation": [
      [
        -0.109909527,
        -0.7386486,
        0.66507
      ],
      [
        0.9932406,
        -0.05649504,
        0.101397775
      ],
      [
        -0.0373241641,
        0.6717191,
        0.739865065
      ]
    ],
    "pickTranslation": [
      0.0473856181,
      0.02727681,
      -0.0230886247
    ],
    "placeRotation": [
      [
        -0.0247571748,
        0.02530017,
        -0.9993733
      ],
      [
        0.9981587,
        -0.0547481477,
        -0.0261130929
      ],
      [
        -0.0553745,
        -0.9981796,
        -0.0238981731
      ]
    ],
    "placeTranslation": [
      0.3454901,
      1.01616251,
      -1.008793
    ]
  }
]