[
  {
    "timeStamp": 30541,
    "rotation": [
      [
        0.997447968,
        -0.041044984,
        -0.0584194921
      ],
      [
        0.0591565631,
        0.0169776417,
        0.998104334
      ],
      [
        -0.03997535,
        -0.999013066,
        0.0193623956
      ]
    ],
    "translation": [
      1.46561229,
      0.6982534,
      -0.360533118
    ]
  },
  {
    "timeStamp": 30586,
    "rotation": [
      [
        0.997184336,
        -0.0595669039,
        -0.0455547646
      ],
      [
        0.04528698,
        -0.005838564,
        0.998957
      ],
      [
        -0.05977074,
        -0.9982073,
        -0.00312451972
      ]
    ],
    "translation": [
      1.467948,
      0.7062038,
      -0.356446147
    ]
  },
  {
    "timeStamp": 30642,
    "rotation": [
      [
        0.9982902,
        -0.05822662,
        -0.005144113
      ],
      [
        0.00329204346,
        -0.0318593,
        0.9994869
      ],
      [
        -0.05836064,
        -0.997794867,
        -0.03161314
      ]
    ],
    "translation": [
      1.4649539,
      0.724168241,
      -0.356911
    ]
  },
  {
    "timeStamp": 30686,
    "rotation": [
      [
        0.998224735,
        -0.0491949171,
        0.0335742235
      ],
      [
        -0.03695211,
        -0.06944472,
        0.9969012
      ],
      [
        -0.0467109419,
        -0.9963721,
        -0.0711393
      ]
    ],
    "translation": [
      1.46522176,
      0.746212363,
      -0.3611042
    ]
  },
  {
    "timeStamp": 30742,
    "rotation": [
      [
        0.9934714,
        -0.0510676354,
        0.102013387
      ],
      [
        -0.106548235,
        -0.09578935,
        0.989682734
      ],
      [
        -0.04076898,
        -0.9940908,
        -0.100605138
      ]
    ],
    "translation": [
      1.46827471,
      0.776350141,
      -0.37460497
    ]
  },
  {
    "timeStamp": 30786,
    "rotation": [
      [
        0.9885155,
        -0.0213812217,
        0.149599388
      ],
      [
        -0.151102066,
        -0.124764524,
        0.980613053
      ],
      [
        -0.00230199913,
        -0.991956,
        -0.1265624
      ]
    ],
    "translation": [
      1.47196054,
      0.800449669,
      -0.39593488
    ]
  },
  {
    "timeStamp": 30841,
    "rotation": [
      [
        0.9768947,
        0.0316548161,
        0.211363971
      ],
      [
        -0.20621109,
        -0.12025971,
        0.971089363
      ],
      [
        0.0561582446,
        -0.9922377,
        -0.110953487
      ]
    ],
    "translation": [
      1.475972,
      0.8200972,
      -0.437992334
    ]
  },
  {
    "timeStamp": 30886,
    "rotation": [
      [
        0.964305043,
        0.08511628,
        0.250740975
      ],
      [
        -0.239301324,
        -0.1252617,
        0.962831438
      ],
      [
        0.113360874,
        -0.988465846,
        -0.10042204
      ]
    ],
    "translation": [
      1.48472643,
      0.8324085,
      -0.475613922
    ]
  },
  {
    "timeStamp": 30941,
    "rotation": [
      [
        0.9497315,
        0.139447391,
        0.2802935
      ],
      [
        -0.265791327,
        -0.113931477,
        0.957274556
      ],
      [
        0.1654237,
        -0.9836534,
        -0.0711404
      ]
    ],
    "translation": [
      1.50420308,
      0.839464545,
      -0.5222385
    ]
  },
  {
    "timeStamp": 30986,
    "rotation": [
      [
        0.947669864,
        0.131203383,
        0.291045666
      ],
      [
        -0.278894961,
        -0.1034356,
        0.954734862
      ],
      [
        0.155368924,
        -0.9859446,
        -0.0614308342
      ]
    ],
    "translation": [
      1.53483808,
      0.8411186,
      -0.548432946
    ]
  },
  {
    "timeStamp": 31041,
    "rotation": [
      [
        0.9526146,
        0.08153938,
        0.2930473
      ],
      [
        -0.286593467,
        -0.08223433,
        0.9545165
      ],
      [
        0.101929225,
        -0.993271768,
        -0.05496897
      ]
    ],
    "translation": [
      1.58418775,
      0.8415974,
      -0.5700478
    ]
  },
  {
    "timeStamp": 31086,
    "rotation": [
      [
        0.9560706,
        0.00757601671,
        0.2930385
      ],
      [
        -0.2912464,
        -0.08878494,
        0.9525192
      ],
      [
        0.0332337,
        -0.996022,
        -0.08267819
      ]
    ],
    "translation": [
      1.63223934,
      0.8504969,
      -0.576664746
    ]
  },
  {
    "timeStamp": 31142,
    "rotation": [
      [
        0.946782351,
        -0.124811947,
        0.296690255
      ],
      [
        -0.3094848,
        -0.09972045,
        0.9456611
      ],
      [
        -0.08844371,
        -0.9871564,
        -0.133040965
      ]
    ],
    "translation": [
      1.70349777,
      0.869094253,
      -0.5747292
    ]
  },
  {
    "timeStamp": 31186,
    "rotation": [
      [
        0.927924,
        -0.249031872,
        0.277381033
      ],
      [
        -0.3176732,
        -0.138950735,
        0.937963963
      ],
      [
        -0.195040613,
        -0.958475769,
        -0.208046466
      ]
    ],
    "translation": [
      1.76964879,
      0.891004562,
      -0.569310069
    ]
  },
  {
    "timeStamp": 31241,
    "rotation": [
      [
        0.8879848,
        -0.406332642,
        0.2153528
      ],
      [
        -0.317141354,
        -0.201966971,
        0.9266233
      ],
      [
        -0.333023131,
        -0.891124666,
        -0.308208466
      ]
    ],
    "translation": [
      1.864738,
      0.9235618,
      -0.561588168
    ]
  },
  {
    "timeStamp": 31286,
    "rotation": [
      [
        0.8320571,
        -0.531803668,
        0.157688811
      ],
      [
        -0.3348857,
        -0.254989564,
        0.9071008
      ],
      [
        -0.442190558,
        -0.8075674,
        -0.390259355
      ]
    ],
    "translation": [
      1.94205546,
      0.953083,
      -0.56375885
    ]
  },
  {
    "timeStamp": 31341,
    "rotation": [
      [
        0.765978634,
        -0.6417524,
        0.0378217027
      ],
      [
        -0.328749657,
        -0.340470344,
        0.8809107
      ],
      [
        -0.5524494,
        -0.6871926,
        -0.471768916
      ]
    ],
    "translation": [
      2.03954935,
      0.990157366,
      -0.573077
    ]
  },
  {
    "timeStamp": 31386,
    "rotation": [
      [
        0.70588547,
        -0.7060202,
        -0.0571066476
      ],
      [
        -0.3234413,
        -0.393003643,
        0.8607752
      ],
      [
        -0.6301677,
        -0.589138031,
        -0.505771637
      ]
    ],
    "translation": [
      2.10768247,
      1.01149368,
      -0.5889522
    ]
  },
  {
    "timeStamp": 31441,
    "rotation": [
      [
        0.643204451,
        -0.7486939,
        -0.160454288
      ],
      [
        -0.264989346,
        -0.4142608,
        0.8707288
      ],
      [
        -0.718379259,
        -0.517537951,
        -0.464850247
      ]
    ],
    "translation": [
      2.18125582,
      1.01140785,
      -0.6122486
    ]
  },
  {
    "timeStamp": 31486,
    "rotation": [
      [
        0.6151719,
        -0.768958151,
        -0.173973933
      ],
      [
        -0.204092711,
        -0.368471771,
        0.906959057
      ],
      [
        -0.761518,
        -0.52242893,
        -0.383612216
      ]
    ],
    "translation": [
      2.218435,
      0.9847409,
      -0.625063658
    ]
  },
  {
    "timeStamp": 31536,
    "rotation": [
      [
        0.6078592,
        -0.7781017,
        -0.158319324
      ],
      [
        -0.123834431,
        -0.2898384,
        0.9490304
      ],
      [
        -0.7843292,
        -0.5572715,
        -0.272536725
      ]
    ],
    "translation": [
      2.24441934,
      0.9365834,
      -0.6401379
    ]
  },
  {
    "timeStamp": 31592,
    "rotation": [
      [
        0.654024839,
        -0.7429773,
        -0.142254
      ],
      [
        -0.0432897843,
        -0.224500224,
        0.973512
      ],
      [
        -0.7552334,
        -0.6305429,
        -0.178992033
      ]
    ],
    "translation": [
      2.244666,
      0.8881151,
      -0.6489258
    ]
  },
  {
    "timeStamp": 31636,
    "rotation": [
      [
        0.6865801,
        -0.7223167,
        -0.08286387
      ],
      [
        -0.055957742,
        -0.166132331,
        0.9845145
      ],
      [
        -0.724897563,
        -0.6713112,
        -0.154482365
      ]
    ],
    "translation": [
      2.234054,
      0.8559127,
      -0.6484488
    ]
  },
  {
    "timeStamp": 31691,
    "rotation": [
      [
        0.7239133,
        -0.6851009,
        -0.08115581
      ],
      [
        -0.0326883122,
        -0.15156579,
        0.9879065
      ],
      [
        -0.6891161,
        -0.7125059,
        -0.13211529
      ]
    ],
    "translation": [
      2.224253,
      0.8264649,
      -0.64661
    ]
  },
  {
    "timeStamp": 31736,
    "rotation": [
      [
        0.7438233,
        -0.666940153,
        -0.043791607
      ],
      [
        -0.0577697232,
        -0.129426882,
        0.9899047
      ],
      [
        -0.665875,
        -0.7337844,
        -0.134799674
      ]
    ],
    "translation": [
      2.21445227,
      0.807914138,
      -0.641576052
    ]
  },
  {
    "timeStamp": 31791,
    "rotation": [
      [
        0.7512469,
        -0.656846464,
        -0.06465933
      ],
      [
        -0.04053381,
        -0.143694937,
        0.9887916
      ],
      [
        -0.658775449,
        -0.740205765,
        -0.13457486
      ]
    ],
    "translation": [
      2.21404743,
      0.793285,
      -0.6350438
    ]
  },
  {
    "timeStamp": 31836,
    "rotation": [
      [
        0.75492835,
        -0.6546477,
        -0.03898204
      ],
      [
        -0.0457429029,
        -0.111860074,
        0.9926706
      ],
      [
        -0.654210031,
        -0.747612059,
        -0.114391826
      ]
    ],
    "translation": [
      2.21067071,
      0.7778712,
      -0.63087523
    ]
  },
  {
    "timeStamp": 31892,
    "rotation": [
      [
        0.757929146,
        -0.6517122,
        -0.0285433847
      ],
      [
        -0.0397660621,
        -0.08983286,
        0.995162666
      ],
      [
        -0.651123762,
        -0.7531277,
        -0.09400296
      ]
    ],
    "translation": [
      2.20949531,
      0.7627946,
      -0.6256745
    ]
  },
  {
    "timeStamp": 31937,
    "rotation": [
      [
        0.762376845,
        -0.6465141,
        -0.0283029042
      ],
      [
        -0.0171887018,
        -0.0639507249,
        0.997805
      ],
      [
        -0.646905,
        -0.7602169,
        -0.0598672926
      ]
    ],
    "translation": [
      2.20867777,
      0.7499211,
      -0.6238388
    ]
  },
  {
    "timeStamp": 31982,
    "rotation": [
      [
        0.767388642,
        -0.640640736,
        -0.0263474118
      ],
      [
        -0.0102280714,
        -0.0533176549,
        0.9985252
      ],
      [
        -0.6411007,
        -0.7659874,
        -0.04746788
      ]
    ],
    "translation": [
      2.20803237,
      0.743029833,
      -0.620894432
    ]
  },
  {
    "timeStamp": 32039,
    "rotation": [
      [
        0.771630347,
        -0.635695755,
        -0.0218491927
      ],
      [
        -0.0187926218,
        -0.05711948,
        0.998190463
      ],
      [
        -0.6357935,
        -0.7698235,
        -0.05602152
      ]
    ],
    "translation": [
      2.20763874,
      0.740291,
      -0.6147062
    ]
  },
  {
    "timeStamp": 32084,
    "rotation": [
      [
        0.781808555,
        -0.622811258,
        -0.0296886154
      ],
      [
        -0.0135382162,
        -0.06455928,
        0.997822046
      ],
      [
        -0.6233715,
        -0.7797039,
        -0.0589047559
      ]
    ],
    "translation": [
      2.20499516,
      0.7397595,
      -0.60994947
    ]
  }
]