[
  {
    "timeStamp": 48889,
    "rotation": [
      [
        0.996340752,
        -0.001254483,
        0.08546059
      ],
      [
        -0.08545006,
        -0.0361053832,
        0.995688
      ],
      [
        0.00183653261,
        -0.9993472,
        -0.03608046
      ]
    ],
    "translation": [
      1.30796349,
      0.70281446,
      -0.489966035
    ]
  },
  {
    "timeStamp": 48933,
    "rotation": [
      [
        0.9957131,
        -0.00194544357,
        0.09247436
      ],
      [
        -0.0924883038,
        -0.0328030549,
        0.9951733
      ],
      [
        0.00109739543,
        -0.9994599,
        -0.0328423642
      ]
    ],
    "translation": [
      1.3080765,
      0.703568041,
      -0.489780217
    ]
  },
  {
    "timeStamp": 48989,
    "rotation": [
      [
        0.990190446,
        -0.04578086,
        0.1320108
      ],
      [
        -0.132993236,
        -0.0191087481,
        0.9909327
      ],
      [
        -0.04284319,
        -0.9987687,
        -0.0250098463
      ]
    ],
    "translation": [
      1.31410229,
      0.7083985,
      -0.4941314
    ]
  },
  {
    "timeStamp": 49033,
    "rotation": [
      [
        0.979510963,
        -0.0650206,
        0.1906063
      ],
      [
        -0.189917609,
        0.0166706629,
        0.9816585
      ],
      [
        -0.06700555,
        -0.9977447,
        0.00398054
      ]
    ],
    "translation": [
      1.31622219,
      0.7230369,
      -0.5080107
    ]
  },
  {
    "timeStamp": 49088,
    "rotation": [
      [
        0.9615213,
        -0.0724537447,
        0.265003979
      ],
      [
        -0.2615584,
        0.05367274,
        0.963694155
      ],
      [
        -0.0840467438,
        -0.995926559,
        0.0326565951
      ]
    ],
    "translation": [
      1.32704628,
      0.744337,
      -0.5344433
    ]
  },
  {
    "timeStamp": 49133,
    "rotation": [
      [
        0.9516879,
        -0.0769342,
        0.297273129
      ],
      [
        -0.2906625,
        0.0864911154,
        0.9529085
      ],
      [
        -0.09902273,
        -0.9932776,
        0.05995066
      ]
    ],
    "translation": [
      1.34595382,
      0.758151054,
      -0.5620342
    ]
  },
  {
    "timeStamp": 49189,
    "rotation": [
      [
        0.93629,
        -0.0904301,
        0.3393869
      ],
      [
        -0.323608875,
        0.1534874,
        0.9336589
      ],
      [
        -0.136522487,
        -0.9840041,
        0.11444474
      ]
    ],
    "translation": [
      1.378275,
      0.7744827,
      -0.605574846
    ]
  },
  {
    "timeStamp": 49233,
    "rotation": [
      [
        0.931555,
        -0.103177078,
        0.34865436
      ],
      [
        -0.322871119,
        0.206240773,
        0.923698545
      ],
      [
        -0.167211249,
        -0.973046362,
        0.158811718
      ]
    ],
    "translation": [
      1.41053665,
      0.782479465,
      -0.6453597
    ]
  },
  {
    "timeStamp": 49289,
    "rotation": [
      [
        0.924940944,
        -0.113945305,
        0.3626303
      ],
      [
        -0.3220499,
        0.271845728,
        0.9068538
      ],
      [
        -0.201911226,
        -0.955571234,
        0.214745179
      ]
    ],
    "translation": [
      1.45450914,
      0.791605353,
      -0.6940587
    ]
  },
  {
    "timeStamp": 49333,
    "rotation": [
      [
        0.908091843,
        -0.1621325,
        0.386111736
      ],
      [
        -0.318894237,
        0.329887778,
        0.888527155
      ],
      [
        -0.2714327,
        -0.9299931,
        0.247865289
      ]
    ],
    "translation": [
      1.48842621,
      0.800474942,
      -0.726466656
    ]
  },
  {
    "timeStamp": 49388,
    "rotation": [
      [
        0.864925444,
        -0.245205581,
        0.4379249
      ],
      [
        -0.331887335,
        0.375111282,
        0.8655301
      ],
      [
        -0.376503378,
        -0.8939607,
        0.24306266
      ]
    ],
    "translation": [
      1.52578819,
      0.8161314,
      -0.755591333
    ]
  },
  {
    "timeStamp": 49433,
    "rotation": [
      [
        0.8264375,
        -0.296026856,
        0.47892502
      ],
      [
        -0.345888466,
        0.404237956,
        0.846730649
      ],
      [
        -0.444254726,
        -0.8654246,
        0.2316851
      ]
    ],
    "translation": [
      1.55181575,
      0.8326232,
      -0.776108265
    ]
  },
  {
    "timeStamp": 49489,
    "rotation": [
      [
        0.763242245,
        -0.3697393,
        0.5298624
      ],
      [
        -0.3785998,
        0.408607781,
        0.83048296
      ],
      [
        -0.523568034,
        -0.834465444,
        0.1718835
      ]
    ],
    "translation": [
      1.58263159,
      0.8565419,
      -0.7849006
    ]
  },
  {
    "timeStamp": 49533,
    "rotation": [
      [
        0.6899775,
        -0.455411136,
        0.562611461
      ],
      [
        -0.414352536,
        0.3888125,
        0.8228832
      ],
      [
        -0.593500555,
        -0.8008904,
        0.0795711353
      ]
    ],
    "translation": [
      1.60916138,
      0.8775406,
      -0.776944935
    ]
  },
  {
    "timeStamp": 49588,
    "rotation": [
      [
        0.5835035,
        -0.559399366,
        0.5887241
      ],
      [
        -0.4656244,
        0.363496155,
        0.80688566
      ],
      [
        -0.6653702,
        -0.7449449,
        -0.04836871
      ]
    ],
    "translation": [
      1.64852011,
      0.9069005,
      -0.7606969
    ]
  },
  {
    "timeStamp": 49633,
    "rotation": [
      [
        0.5086683,
        -0.6393697,
        0.576595843
      ],
      [
        -0.5081033,
        0.317718685,
        0.800553441
      ],
      [
        -0.695044935,
        -0.7001865,
        -0.163252458
      ]
    ],
    "translation": [
      1.68749094,
      0.930681348,
      -0.7436682
    ]
  },
  {
    "timeStamp": 49688,
    "rotation": [
      [
        0.4307099,
        -0.735896,
        0.522442341
      ],
      [
        -0.5524241,
        0.2427944,
        0.7974199
      ],
      [
        -0.713664234,
        -0.6320664,
        -0.30195272
      ]
    ],
    "translation": [
      1.74702489,
      0.9592235,
      -0.7229143
    ]
  },
  {
    "timeStamp": 49733,
    "rotation": [
      [
        0.4018086,
        -0.7999228,
        0.445727944
      ],
      [
        -0.566874444,
        0.164988428,
        0.807113469
      ],
      [
        -0.7191684,
        -0.5769769,
        -0.38716206
      ]
    ],
    "translation": [
      1.801987,
      0.97666496,
      -0.710867941
    ]
  },
  {
    "timeStamp": 49788,
    "rotation": [
      [
        0.3707649,
        -0.8664189,
        0.334442377
      ],
      [
        -0.555042744,
        0.08200525,
        0.8277697
      ],
      [
        -0.744621336,
        -0.4925378,
        -0.450494856
      ]
    ],
    "translation": [
      1.87779319,
      0.9910176,
      -0.701972961
    ]
  },
  {
    "timeStamp": 49833,
    "rotation": [
      [
        0.345725745,
        -0.905968249,
        0.244326279
      ],
      [
        -0.519939065,
        0.0317929462,
        0.853611469
      ],
      [
        -0.781112731,
        -0.422150254,
        -0.460056633
      ]
    ],
    "translation": [
      1.94060743,
      0.9962821,
      -0.701293
    ]
  },
  {
    "timeStamp": 49888,
    "rotation": [
      [
        0.314089656,
        -0.9379561,
        0.146921873
      ],
      [
        -0.451614827,
        -0.0114854043,
        0.8921391
      ],
      [
        -0.8350998,
        -0.346563756,
        -0.427202344
      ]
    ],
    "translation": [
      2.01594329,
      0.994637668,
      -0.707315266
    ]
  },
  {
    "timeStamp": 49933,
    "rotation": [
      [
        0.303073853,
        -0.9506942,
        0.06577823
      ],
      [
        -0.3254451,
        -0.03838019,
        0.9447817
      ],
      [
        -0.895673931,
        -0.307745844,
        -0.3210308
      ]
    ],
    "translation": [
      2.069719,
      0.9780667,
      -0.722623646
    ]
  },
  {
    "timeStamp": 49988,
    "rotation": [
      [
        0.343651116,
        -0.938830554,
        -0.0223837439
      ],
      [
        -0.151623651,
        -0.0789916962,
        0.9852769
      ],
      [
        -0.9267762,
        -0.335197568,
        -0.1694945
      ]
    ],
    "translation": [
      2.12290883,
      0.9519932,
      -0.746913
    ]
  },
  {
    "timeStamp": 50039,
    "rotation": [
      [
        0.315530151,
        -0.9477832,
        -0.04634361
      ],
      [
        -0.0292146541,
        -0.058518108,
        0.997858763
      ],
      [
        -0.9484657,
        -0.3135006,
        -0.0461533852
      ]
    ],
    "translation": [
      2.1581018,
      0.92469,
      -0.7645376
    ]
  },
  {
    "timeStamp": 50083,
    "rotation": [
      [
        0.331166744,
        -0.9420188,
        -0.0541225448
      ],
      [
        0.0521213338,
        -0.0390086472,
        0.9978786
      ],
      [
        -0.942131639,
        -0.333285123,
        0.036180906
      ]
    ],
    "translation": [
      2.17387748,
      0.9023989,
      -0.7761922
    ]
  },
  {
    "timeStamp": 50139,
    "rotation": [
      [
        0.3518714,
        -0.9357862,
        -0.0221528411
      ],
      [
        0.115870126,
        0.020060394,
        0.9930618
      ],
      [
        -0.9288491,
        -0.351996869,
        0.115488335
      ]
    ],
    "translation": [
      2.17765117,
      0.8744766,
      -0.7857536
    ]
  },
  {
    "timeStamp": 50183,
    "rotation": [
      [
        0.36398834,
        -0.930716932,
        -0.0357546434
      ],
      [
        0.138183624,
        0.0159986466,
        0.9902774
      ],
      [
        -0.921095967,
        -0.365390122,
        0.134433165
      ]
    ],
    "translation": [
      2.18261385,
      0.8584422,
      -0.7843788
    ]
  },
  {
    "timeStamp": 50239,
    "rotation": [
      [
        0.3666011,
        -0.9302982,
        -0.0122004971
      ],
      [
        0.207603887,
        0.0690132156,
        0.9757755
      ],
      [
        -0.9069202,
        -0.360253245,
        0.218433857
      ]
    ],
    "translation": [
      2.18541718,
      0.83952713,
      -0.7925031
    ]
  },
  {
    "timeStamp": 50283,
    "rotation": [
      [
        0.372692734,
        -0.927853048,
        -0.0137451487
      ],
      [
        0.2722333,
        0.09516399,
        0.957513869
      ],
      [
        -0.8871241,
        -0.360600352,
        0.2880594
      ]
    ],
    "translation": [
      2.18811512,
      0.8299054,
      -0.798454762
    ]
  },
  {
    "timeStamp": 50338,
    "rotation": [
      [
        0.376611739,
        -0.9261569,
        0.01992588
      ],
      [
        0.3088209,
        0.145799816,
        0.939878762
      ],
      [
        -0.873380363,
        -0.347815871,
        0.340926528
      ]
    ],
    "translation": [
      2.18484855,
      0.8212092,
      -0.8040217
    ]
  }
]