[
  {
    "timeStamp": 51887,
    "rotation": [
      [
        0.9999977,
        0.0003100943,
        0.00214671856
      ],
      [
        -0.002139094,
        -0.02279032,
        0.999738
      ],
      [
        0.000358937541,
        -0.999740243,
        -0.022789605
      ]
    ],
    "translation": [
      1.15400279,
      0.7012006,
      -0.619981
    ]
  },
  {
    "timeStamp": 51931,
    "rotation": [
      [
        0.9998555,
        0.0109644141,
        0.012988152
      ],
      [
        -0.012746254,
        -0.0218509529,
        0.99968
      ],
      [
        0.0112447087,
        -0.9997011,
        -0.0217080414
      ]
    ],
    "translation": [
      1.15160859,
      0.701591432,
      -0.62093097
    ]
  },
  {
    "timeStamp": 51987,
    "rotation": [
      [
        0.999558,
        -0.00221587066,
        0.0296461843
      ],
      [
        -0.02972547,
        -0.0593878031,
        0.9977923
      ],
      [
        -0.000450355146,
        -0.9982325,
        -0.0594274178
      ]
    ],
    "translation": [
      1.15560472,
      0.711300135,
      -0.6177395
    ]
  },
  {
    "timeStamp": 52033,
    "rotation": [
      [
        0.997464359,
        -0.00744718732,
        0.070777446
      ],
      [
        -0.07107588,
        -0.05361024,
        0.9960292
      ],
      [
        -0.0036232206,
        -0.9985342,
        -0.05400362
      ]
    ],
    "translation": [
      1.16264272,
      0.727384865,
      -0.6211
    ]
  },
  {
    "timeStamp": 52087,
    "rotation": [
      [
        0.9903089,
        -0.0077478406,
        0.1386664
      ],
      [
        -0.138880879,
        -0.0603441447,
        0.9884689
      ],
      [
        0.000709187239,
        -0.998147547,
        -0.0608353652
      ]
    ],
    "translation": [
      1.18096232,
      0.7535075,
      -0.6299275
    ]
  },
  {
    "timeStamp": 52132,
    "rotation": [
      [
        0.9840503,
        0.0146702863,
        0.177284524
      ],
      [
        -0.176087514,
        -0.0611989833,
        0.9824703
      ],
      [
        0.0252627637,
        -0.9980177,
        -0.0576396249
      ]
    ],
    "translation": [
      1.20193291,
      0.772576,
      -0.6431258
    ]
  },
  {
    "timeStamp": 52187,
    "rotation": [
      [
        0.9776256,
        0.0493442751,
        0.204482839
      ],
      [
        -0.201038614,
        -0.06687913,
        0.9772976
      ],
      [
        0.06189969,
        -0.9965402,
        -0.0554626472
      ]
    ],
    "translation": [
      1.24132347,
      0.7893938,
      -0.664181
    ]
  },
  {
    "timeStamp": 52232,
    "rotation": [
      [
        0.9731742,
        0.08109645,
        0.215302736
      ],
      [
        -0.21041289,
        -0.06476157,
        0.9754652
      ],
      [
        0.0930501148,
        -0.994600058,
        -0.0459605567
      ]
    ],
    "translation": [
      1.27875519,
      0.7978565,
      -0.684526742
    ]
  },
  {
    "timeStamp": 52287,
    "rotation": [
      [
        0.971536934,
        0.121259525,
        0.2034994
      ],
      [
        -0.200560391,
        -0.03609909,
        0.979016
      ],
      [
        0.126061171,
        -0.9919642,
        -0.0107517457
      ]
    ],
    "translation": [
      1.33196366,
      0.8004161,
      -0.712832451
    ]
  },
  {
    "timeStamp": 52332,
    "rotation": [
      [
        0.974979639,
        0.126565158,
        0.182745382
      ],
      [
        -0.184700221,
        0.00378515921,
        0.9827876
      ],
      [
        0.123694941,
        -0.991951048,
        0.0270670652
      ]
    ],
    "translation": [
      1.37882936,
      0.7989061,
      -0.7336041
    ]
  },
  {
    "timeStamp": 52387,
    "rotation": [
      [
        0.979883432,
        0.1113969,
        0.165587083
      ],
      [
        -0.173219889,
        0.06267634,
        0.982886851
      ],
      [
        0.09911216,
        -0.9917975,
        0.08071167
      ]
    ],
    "translation": [
      1.43537223,
      0.797348261,
      -0.755526841
    ]
  },
  {
    "timeStamp": 52432,
    "rotation": [
      [
        0.985944331,
        0.05840065,
        0.156534836
      ],
      [
        -0.160898849,
        0.07952488,
        0.983761847
      ],
      [
        0.04500392,
        -0.995120645,
        0.08780371
      ]
    ],
    "translation": [
      1.48147714,
      0.7983629,
      -0.7631957
    ]
  },
  {
    "timeStamp": 52487,
    "rotation": [
      [
        0.986089349,
        -0.0417712741,
        0.160881981
      ],
      [
        -0.155651927,
        0.107502721,
        0.9819448
      ],
      [
        -0.0583123639,
        -0.993326962,
        0.09950551
      ]
    ],
    "translation": [
      1.53552508,
      0.8022126,
      -0.7668167
    ]
  },
  {
    "timeStamp": 52532,
    "rotation": [
      [
        0.977409,
        -0.134219915,
        0.163268566
      ],
      [
        -0.151189223,
        0.09580047,
        0.9838517
      ],
      [
        -0.147693679,
        -0.986309946,
        0.07334364
      ]
    ],
    "translation": [
      1.57966268,
      0.808303058,
      -0.761991
    ]
  },
  {
    "timeStamp": 52590,
    "rotation": [
      [
        0.9468242,
        -0.266477942,
        0.180314586
      ],
      [
        -0.163264528,
        0.08500095,
        0.9829138
      ],
      [
        -0.27725175,
        -0.9600856,
        0.0369745679
      ]
    ],
    "translation": [
      1.63450074,
      0.821057856,
      -0.7532163
    ]
  },
  {
    "timeStamp": 52632,
    "rotation": [
      [
        0.9041245,
        -0.3769176,
        0.201226085
      ],
      [
        -0.187375292,
        0.0734844357,
        0.9795359
      ],
      [
        -0.3839913,
        -0.9233272,
        -0.00418597
      ]
    ],
    "translation": [
      1.6776458,
      0.8350116,
      -0.7420979
    ]
  },
  {
    "timeStamp": 52687,
    "rotation": [
      [
        0.824243069,
        -0.518766046,
        0.226947635
      ],
      [
        -0.2300931,
        0.0593608841,
        0.9713565
      ],
      [
        -0.517378569,
        -0.852852941,
        -0.0704366937
      ]
    ],
    "translation": [
      1.73508835,
      0.8552354,
      -0.728676736
    ]
  },
  {
    "timeStamp": 52732,
    "rotation": [
      [
        0.7414371,
        -0.628046155,
        0.236281559
      ],
      [
        -0.2696138,
        0.0436216965,
        0.96198
      ],
      [
        -0.614474833,
        -0.776952446,
        -0.13698718
      ]
    ],
    "translation": [
      1.78321528,
      0.8727804,
      -0.7166623
    ]
  },
  {
    "timeStamp": 52788,
    "rotation": [
      [
        0.636828959,
        -0.7374401,
        0.225013241
      ],
      [
        -0.315982372,
        0.0165781248,
        0.9486202
      ],
      [
        -0.703280866,
        -0.675209045,
        -0.222460642
      ]
    ],
    "translation": [
      1.84486258,
      0.8926669,
      -0.7076271
    ]
  },
  {
    "timeStamp": 52842,
    "rotation": [
      [
        0.5272483,
        -0.8264079,
        0.197634026
      ],
      [
        -0.35991326,
        -0.00650819251,
        0.9329631
      ],
      [
        -0.7697218,
        -0.563034356,
        -0.300866574
      ]
    ],
    "translation": [
      1.90819216,
      0.910843,
      -0.699961066
    ]
  },
  {
    "timeStamp": 52886,
    "rotation": [
      [
        0.436596334,
        -0.8823569,
        0.175584435
      ],
      [
        -0.3933344,
        -0.0116844466,
        0.919321239
      ],
      [
        -0.809117854,
        -0.470435679,
        -0.352162719
      ]
    ],
    "translation": [
      1.95675015,
      0.922521,
      -0.699060261
    ]
  },
  {
    "timeStamp": 52931,
    "rotation": [
      [
        0.356798172,
        -0.92527777,
        0.128670692
      ],
      [
        -0.423640758,
        -0.0375026539,
        0.9050536
      ],
      [
        -0.8326005,
        -0.377431631,
        -0.405366242
      ]
    ],
    "translation": [
      2.00634432,
      0.9335582,
      -0.697214067
    ]
  },
  {
    "timeStamp": 52985,
    "rotation": [
      [
        0.270569444,
        -0.9616294,
        0.0453999937
      ],
      [
        -0.4560536,
        -0.0865007341,
        0.885738552
      ],
      [
        -0.84782505,
        -0.2603586,
        -0.461959
      ]
    ],
    "translation": [
      2.06525683,
      0.945305,
      -0.6996342
    ]
  },
  {
    "timeStamp": 53037,
    "rotation": [
      [
        0.182665423,
        -0.98045,
        -0.07315109
      ],
      [
        -0.477281839,
        -0.1534769,
        0.8652438
      ],
      [
        -0.859555244,
        -0.123136431,
        -0.495985925
      ]
    ],
    "translation": [
      2.12582541,
      0.95269,
      -0.7048295
    ]
  },
  {
    "timeStamp": 53082,
    "rotation": [
      [
        0.09857597,
        -0.984025657,
        -0.1482439
      ],
      [
        -0.477715224,
        -0.177475557,
        0.8604014
      ],
      [
        -0.872966766,
        -0.0139965173,
        -0.487578839
      ]
    ],
    "translation": [
      2.175587,
      0.9505993,
      -0.7133223
    ]
  },
  {
    "timeStamp": 53137,
    "rotation": [
      [
        0.02294416,
        -0.9804949,
        -0.19520101
      ],
      [
        -0.4158847,
        -0.186917081,
        0.8900011
      ],
      [
        -0.909127951,
        0.0607607625,
        -0.412061453
      ]
    ],
    "translation": [
      2.220113,
      0.9310245,
      -0.72546196
    ]
  },
  {
    "timeStamp": 53182,
    "rotation": [
      [
        -0.00765116839,
        -0.976238132,
        -0.216565534
      ],
      [
        -0.3889194,
        -0.196615368,
        0.9000467
      ],
      [
        -0.921240032,
        0.09111296,
        -0.37817362
      ]
    ],
    "translation": [
      2.243916,
      0.9132166,
      -0.7331166
    ]
  },
  {
    "timeStamp": 53237,
    "rotation": [
      [
        0.03337811,
        -0.9824595,
        -0.183464587
      ],
      [
        -0.313485026,
        -0.1845947,
        0.9314784
      ],
      [
        -0.9490064,
        0.02642239,
        -0.31414777
      ]
    ],
    "translation": [
      2.25057483,
      0.881899655,
      -0.734789252
    ]
  },
  {
    "timeStamp": 53282,
    "rotation": [
      [
        0.08068621,
        -0.980273843,
        -0.180424437
      ],
      [
        -0.274756432,
        -0.19587566,
        0.941351
      ],
      [
        -0.9581225,
        -0.0263812989,
        -0.285141
      ]
    ],
    "translation": [
      2.25060487,
      0.8607435,
      -0.734011769
    ]
  },
  {
    "timeStamp": 53337,
    "rotation": [
      [
        0.122001305,
        -0.9832132,
        -0.1356739
      ],
      [
        -0.244695827,
        -0.162271246,
        0.9559247
      ],
      [
        -0.961893737,
        -0.08342523,
        -0.260385484
      ]
    ],
    "translation": [
      2.24339414,
      0.835210562,
      -0.7303017
    ]
  },
  {
    "timeStamp": 53382,
    "rotation": [
      [
        0.149729043,
        -0.97938,
        -0.135631934
      ],
      [
        -0.22049503,
        -0.166798934,
        0.9610203
      ],
      [
        -0.9638273,
        -0.113986455,
        -0.240923077
      ]
    ],
    "translation": [
      2.24250555,
      0.816560745,
      -0.7284913
    ]
  },
  {
    "timeStamp": 53439,
    "rotation": [
      [
        0.167004853,
        -0.9816446,
        -0.09210484
      ],
      [
        -0.222143009,
        -0.128477678,
        0.966512263
      ],
      [
        -0.9606049,
        -0.140951782,
        -0.239521876
      ]
    ],
    "translation": [
      2.2367425,
      0.7956451,
      -0.722984254
    ]
  },
  {
    "timeStamp": 53485,
    "rotation": [
      [
        0.1819622,
        -0.978170037,
        -0.100365192
      ],
      [
        -0.19506821,
        -0.135949716,
        0.9713218
      ],
      [
        -0.9637625,
        -0.15716581,
        -0.215547577
      ]
    ],
    "translation": [
      2.23765135,
      0.7794997,
      -0.7214988
    ]
  },
  {
    "timeStamp": 53541,
    "rotation": [
      [
        0.171253726,
        -0.9804865,
        -0.0965317339
      ],
      [
        -0.1869558,
        -0.128539562,
        0.973922551
      ],
      [
        -0.9673261,
        -0.148740709,
        -0.2053205
      ]
    ],
    "translation": [
      2.23958158,
      0.7648585,
      -0.718306541
    ]
  },
  {
    "timeStamp": 53587,
    "rotation": [
      [
        0.169699863,
        -0.9791443,
        -0.11170613
      ],
      [
        -0.1777457,
        -0.141901374,
        0.9737918
      ],
      [
        -0.969333947,
        -0.145397022,
        -0.198119342
      ]
    ],
    "translation": [
      2.243761,
      0.7581116,
      -0.715523362
    ]
  },
  {
    "timeStamp": 53631,
    "rotation": [
      [
        0.143907428,
        -0.9813792,
        -0.1272224
      ],
      [
        -0.160610572,
        -0.1500184,
        0.9755505
      ],
      [
        -0.976470649,
        -0.1199557,
        -0.179208621
      ]
    ],
    "translation": [
      2.2505424,
      0.7518331,
      -0.7152398
    ]
  }
]