[
  {
    "timeStamp": 26599,
    "rotation": [
      [
        -0.999784768,
        0.009637246,
        -0.0183741171
      ],
      [
        -0.0181046128,
        0.0273439419,
        0.9994621
      ],
      [
        0.0101344772,
        0.999579668,
        -0.0271635763
      ]
    ],
    "translation": [
      1.46176159,
      0.699596643,
      -0.617512763
    ]
  },
  {
    "timeStamp": 26643,
    "rotation": [
      [
        -0.9957971,
        0.08063637,
        -0.0434278
      ],
      [
        -0.0420653969,
        0.0185190011,
        0.9989432
      ],
      [
        0.08135539,
        0.9965716,
        -0.0150491651
      ]
    ],
    "translation": [
      1.4658072,
      0.7054388,
      -0.616446
    ]
  },
  {
    "timeStamp": 26699,
    "rotation": [
      [
        -0.981591046,
        0.1563609,
        -0.109682322
      ],
      [
        -0.107570842,
        0.0219285749,
        0.993955553
      ],
      [
        0.157820955,
        0.9874565,
        -0.00470501976
      ]
    ],
    "translation": [
      1.49859154,
      0.731413364,
      -0.620849133
    ]
  },
  {
    "timeStamp": 26743,
    "rotation": [
      [
        -0.981450856,
        0.187426612,
        -0.0403170735
      ],
      [
        -0.0381373465,
        0.0152226994,
        0.999156535
      ],
      [
        0.187882274,
        0.9821606,
        -0.007792378
      ]
    ],
    "translation": [
      1.494802,
      0.756396055,
      -0.6219216
    ]
  },
  {
    "timeStamp": 26799,
    "rotation": [
      [
        -0.966900468,
        0.248135746,
        0.05943228
      ],
      [
        0.06406214,
        0.01061866,
        0.9978894
      ],
      [
        0.24698092,
        0.9686671,
        -0.026163293
      ]
    ],
    "translation": [
      1.49748588,
      0.7955512,
      -0.6175611
    ]
  },
  {
    "timeStamp": 26843,
    "rotation": [
      [
        -0.933273435,
        0.33025974,
        0.141170859
      ],
      [
        0.15238449,
        0.00817238353,
        0.9882875
      ],
      [
        0.32523787,
        0.943854749,
        -0.05795353
      ]
    ],
    "translation": [
      1.50813282,
      0.8310982,
      -0.6061781
    ]
  },
  {
    "timeStamp": 26899,
    "rotation": [
      [
        -0.8632584,
        0.4518689,
        0.2249431
      ],
      [
        0.269491076,
        0.03578295,
        0.962337852
      ],
      [
        0.4268014,
        0.8913664,
        -0.152664572
      ]
    ],
    "translation": [
      1.53809464,
      0.881450355,
      -0.5769987
    ]
  },
  {
    "timeStamp": 26943,
    "rotation": [
      [
        -0.7743202,
        0.575653136,
        0.262776941
      ],
      [
        0.368439764,
        0.07251532,
        0.9268191
      ],
      [
        0.514470935,
        0.814472258,
        -0.268243581
      ]
    ],
    "translation": [
      1.57984972,
      0.9252959,
      -0.5456973
    ]
  },
  {
    "timeStamp": 26999,
    "rotation": [
      [
        -0.608927667,
        0.742883861,
        0.2780839
      ],
      [
        0.510054231,
        0.09821014,
        0.854517043
      ],
      [
        0.607496262,
        0.662176967,
        -0.438713938
      ]
    ],
    "translation": [
      1.6515671,
      0.9855901,
      -0.506042957
    ]
  },
  {
    "timeStamp": 27043,
    "rotation": [
      [
        -0.444053322,
        0.8653397,
        0.232387334
      ],
      [
        0.6177553,
        0.107818455,
        0.7789439
      ],
      [
        0.6489954,
        0.48945114,
        -0.582445264
      ]
    ],
    "translation": [
      1.72763121,
      1.03694129,
      -0.4803152
    ]
  },
  {
    "timeStamp": 27099,
    "rotation": [
      [
        -0.297561944,
        0.947596431,
        0.116266355
      ],
      [
        0.6720175,
        0.121393673,
        0.7305177
      ],
      [
        0.678122,
        0.295507282,
        -0.672923565
      ]
    ],
    "translation": [
      1.83263683,
      1.07382667,
      -0.476625472
    ]
  },
  {
    "timeStamp": 27143,
    "rotation": [
      [
        -0.212300181,
        0.9770136,
        0.0193166435
      ],
      [
        0.674496651,
        0.132204115,
        0.7263446
      ],
      [
        0.7070948,
        0.1672321,
        -0.6870593
      ]
    ],
    "translation": [
      1.91127133,
      1.08393764,
      -0.491367668
    ]
  },
  {
    "timeStamp": 27199,
    "rotation": [
      [
        -0.121721454,
        0.987400949,
        -0.101110414
      ],
      [
        0.653314352,
        0.156391084,
        0.7407579
      ],
      [
        0.7472378,
        0.0241092481,
        -0.664119363
      ]
    ],
    "translation": [
      1.99931657,
      1.08109164,
      -0.522474647
    ]
  },
  {
    "timeStamp": 27243,
    "rotation": [
      [
        -0.0681017041,
        0.976704955,
        -0.203493565
      ],
      [
        0.605794132,
        0.202543572,
        0.7694086
      ],
      [
        0.7927015,
        -0.07087717,
        -0.605475664
      ]
    ],
    "translation": [
      2.06601119,
      1.06674623,
      -0.5562833
    ]
  },
  {
    "timeStamp": 27299,
    "rotation": [
      [
        -0.0009454706,
        0.961696744,
        -0.2741141
      ],
      [
        0.55045855,
        0.229348153,
        0.802742064
      ],
      [
        0.834862,
        -0.150129482,
        -0.529591
      ]
    ],
    "translation": [
      2.13066173,
      1.0441153,
      -0.598904
    ]
  },
  {
    "timeStamp": 27343,
    "rotation": [
      [
        0.0419932157,
        0.954936266,
        -0.293825239
      ],
      [
        0.485575259,
        0.23751083,
        0.841311634
      ],
      [
        0.8731857,
        -0.178003639,
        -0.453719616
      ]
    ],
    "translation": [
      2.16753316,
      1.01876462,
      -0.630601048
    ]
  },
  {
    "timeStamp": 27399,
    "rotation": [
      [
        0.0617646873,
        0.9649422,
        -0.255091429
      ],
      [
        0.268333524,
        0.230115965,
        0.935437739
      ],
      [
        0.961344,
        -0.1262266,
        -0.244713292
      ]
    ],
    "translation": [
      2.191529,
      0.9537897,
      -0.6842727
    ]
  },
  {
    "timeStamp": 27443,
    "rotation": [
      [
        0.0241146684,
        0.9664626,
        -0.2556727
      ],
      [
        0.139692709,
        0.24998042,
        0.958120942
      ],
      [
        0.9899012,
        -0.058820378,
        -0.128979579
      ]
    ],
    "translation": [
      2.20464563,
      0.91284585,
      -0.7189355
    ]
  },
  {
    "timeStamp": 27494,
    "rotation": [
      [
        -0.07187919,
        0.9654539,
        -0.2504636
      ],
      [
        0.04683468,
        0.254103184,
        0.966042459
      ],
      [
        0.9963131,
        0.05770796,
        -0.06348146
      ]
    ],
    "translation": [
      2.21847,
      0.8804513,
      -0.742305636
    ]
  },
  {
    "timeStamp": 27549,
    "rotation": [
      [
        -0.1635236,
        0.960002661,
        -0.227277234
      ],
      [
        -0.0306301061,
        0.225326672,
        0.9738017
      ],
      [
        0.9860638,
        0.16620107,
        -0.00744124455
      ]
    ],
    "translation": [
      2.22210884,
      0.8499166,
      -0.7531163
    ]
  },
  {
    "timeStamp": 27594,
    "rotation": [
      [
        -0.244074151,
        0.939566553,
        -0.240088582
      ],
      [
        -0.06777599,
        0.230443522,
        0.9707225
      ],
      [
        0.9673853,
        0.253200531,
        0.007434739
      ]
    ],
    "translation": [
      2.233975,
      0.8348615,
      -0.749745369
    ]
  },
  {
    "timeStamp": 27649,
    "rotation": [
      [
        -0.3809833,
        0.896408856,
        -0.226501316
      ],
      [
        -0.04050803,
        0.22855866,
        0.972687
      ],
      [
        0.923694134,
        0.379752636,
        -0.0507652722
      ]
    ],
    "translation": [
      2.238687,
      0.825372458,
      -0.727123559
    ]
  },
  {
    "timeStamp": 27693,
    "rotation": [
      [
        -0.463559568,
        0.855592251,
        -0.230378672
      ],
      [
        -0.06702752,
        0.225396276,
        0.971958756
      ],
      [
        0.883526862,
        0.4660025,
        -0.0471363775
      ]
    ],
    "translation": [
      2.24232388,
      0.8157199,
      -0.71596
    ]
  },
  {
    "timeStamp": 27749,
    "rotation": [
      [
        -0.61286664,
        0.7456048,
        -0.261663675
      ],
      [
        -0.0840966254,
        0.267715842,
        0.9598208
      ],
      [
        0.785698533,
        0.6102472,
        -0.101371258
      ]
    ],
    "translation": [
      2.2537148,
      0.8084731,
      -0.692659736
    ]
  },
  {
    "timeStamp": 27793,
    "rotation": [
      [
        -0.694277346,
        0.6895693,
        -0.206090137
      ],
      [
        -0.08726022,
        0.203588128,
        0.975160241
      ],
      [
        0.7143981,
        0.695015132,
        -0.08117466
      ]
    ],
    "translation": [
      2.24724722,
      0.797331333,
      -0.687824965
    ]
  },
  {
    "timeStamp": 27842,
    "rotation": [
      [
        -0.765692,
        0.611321568,
        -0.200004265
      ],
      [
        -0.105256446,
        0.187667951,
        0.976576567
      ],
      [
        0.6345367,
        0.7688086,
        -0.07935031
      ]
    ],
    "translation": [
      2.248943,
      0.787534356,
      -0.6853793
    ]
  },
  {
    "timeStamp": 27896,
    "rotation": [
      [
        -0.8264946,
        0.524526238,
        -0.2043988
      ],
      [
        -0.13346979,
        0.170153558,
        0.976336837
      ],
      [
        0.5468934,
        0.834218144,
        -0.07062259
      ]
    ],
    "translation": [
      2.25821829,
      0.7755356,
      -0.6826894
    ]
  },
  {
    "timeStamp": 27952,
    "rotation": [
      [
        -0.8903593,
        0.4078717,
        -0.20223996
      ],
      [
        -0.132210925,
        0.19343175,
        0.9721648
      ],
      [
        0.43563813,
        0.8923143,
        -0.118298672
      ]
    ],
    "translation": [
      2.26051831,
      0.7664481,
      -0.671246
    ]
  },
  {
    "timeStamp": 27997,
    "rotation": [
      [
        -0.9475834,
        0.2700526,
        -0.170755163
      ],
      [
        -0.09456586,
        0.2734388,
        0.9572296
      ],
      [
        0.305193424,
        0.923202455,
        -0.233568326
      ]
    ],
    "translation": [
      2.25800061,
      0.765314162,
      -0.6494619
    ]
  },
  {
    "timeStamp": 28043,
    "rotation": [
      [
        -0.969175339,
        0.224213317,
        -0.102114849
      ],
      [
        -0.0466209128,
        0.240083784,
        0.969632
      ],
      [
        0.241920531,
        0.944504142,
        -0.222230271
      ]
    ],
    "translation": [
      2.2348125,
      0.7588564,
      -0.6509038
    ]
  },
  {
    "timeStamp": 28099,
    "rotation": [
      [
        -0.979556143,
        0.160740048,
        -0.120964505
      ],
      [
        -0.0811399147,
        0.234534547,
        0.968715549
      ],
      [
        0.184081763,
        0.958726346,
        -0.21669732
      ]
    ],
    "translation": [
      2.240919,
      0.747311,
      -0.649345636
    ]
  },
  {
    "timeStamp": 28143,
    "rotation": [
      [
        -0.9846736,
        0.128164768,
        -0.118286178
      ],
      [
        -0.0882195756,
        0.219041839,
        0.9717191
      ],
      [
        0.150449783,
        0.9672613,
        -0.204378083
      ]
    ],
    "translation": [
      2.24211049,
      0.7404938,
      -0.64683044
    ]
  },
  {
    "timeStamp": 28198,
    "rotation": [
      [
        -0.9886441,
        0.0867780745,
        -0.122687869
      ],
      [
        -0.10383115,
        0.195742548,
        0.975143
      ],
      [
        0.1086363,
        0.97680825,
        -0.184509441
      ]
    ],
    "translation": [
      2.2432487,
      0.7347423,
      -0.6499057
    ]
  },
  {
    "timeStamp": 28243,
    "rotation": [
      [
        -0.991988242,
        0.0624469519,
        -0.109816894
      ],
      [
        -0.0974687561,
        0.174696,
        0.9797863
      ],
      [
        0.08036924,
        0.982640147,
        -0.167209744
      ]
    ],
    "translation": [
      2.241464,
      0.734484255,
      -0.653020442
    ]
  },
  {
    "timeStamp": 28298,
    "rotation": [
      [
        -0.9937395,
        0.0367080159,
        -0.105519414
      ],
      [
        -0.09896397,
        0.149071231,
        0.983861744
      ],
      [
        0.0518455058,
        0.9881449,
        -0.1445052
      ]
    ],
    "translation": [
      2.24462676,
      0.7385315,
      -0.653707147
    ]
  },
  {
    "timeStamp": 28343,
    "rotation": [
      [
        -0.9945926,
        0.01820926,
        -0.102244832
      ],
      [
        -0.09889643,
        0.134473264,
        0.9859698
      ],
      [
        0.0317029878,
        0.9907499,
        -0.131945282
      ]
    ],
    "translation": [
      2.24664617,
      0.743195653,
      -0.6568986
    ]
  },
  {
    "timeStamp": 28398,
    "rotation": [
      [
        -0.9939626,
        0.00459753256,
        -0.109622985
      ],
      [
        -0.107752711,
        0.147418424,
        0.983187258
      ],
      [
        0.0206806734,
        0.989063561,
        -0.146033
      ]
    ],
    "translation": [
      2.253437,
      0.7481961,
      -0.6515953
    ]
  },
  {
    "timeStamp": 28443,
    "rotation": [
      [
        -0.9953055,
        0.007993342,
        -0.09645234
      ],
      [
        -0.09459685,
        0.13027516,
        0.9869548
      ],
      [
        0.0204544235,
        0.991445661,
        -0.128907442
      ]
    ],
    "translation": [
      2.2536335,
      0.749876559,
      -0.6529226
    ]
  },
  {
    "timeStamp": 28498,
    "rotation": [
      [
        -0.9937747,
        -0.006193393,
        -0.111236
      ],
      [
        -0.111068614,
        0.132986173,
        0.984874845
      ],
      [
        0.008693124,
        0.9910985,
        -0.132846192
      ]
    ],
    "translation": [
      2.25949383,
      0.7475141,
      -0.650147438
    ]
  },
  {
    "timeStamp": 28543,
    "rotation": [
      [
        -0.9938283,
        -0.011701148,
        -0.110310882
      ],
      [
        -0.110906743,
        0.125060871,
        0.985930741
      ],
      [
        0.0022590782,
        0.9920801,
        -0.125586763
      ]
    ],
    "translation": [
      2.260118,
      0.7445389,
      -0.649788141
    ]
  },
  {
    "timeStamp": 28598,
    "rotation": [
      [
        -0.9925581,
        -0.0246533882,
        -0.119249992
      ],
      [
        -0.121327043,
        0.116601966,
        0.9857402
      ],
      [
        -0.0103970421,
        0.9928727,
        -0.118725352
      ]
    ],
    "translation": [
      2.26049924,
      0.740544,
      -0.649666846
    ]
  },
  {
    "timeStamp": 28642,
    "rotation": [
      [
        -0.991484642,
        -0.0403355137,
        -0.123819456
      ],
      [
        -0.127726167,
        0.115888938,
        0.985015631
      ],
      [
        -0.0253818128,
        0.992442846,
        -0.120054007
      ]
    ],
    "translation": [
      2.25954533,
      0.7381564,
      -0.650506258
    ]
  },
  {
    "timeStamp": 28698,
    "rotation": [
      [
        -0.9915719,
        -0.0526974052,
        -0.11835584
      ],
      [
        -0.123485304,
        0.108022638,
        0.9864494
      ],
      [
        -0.0391982,
        0.992750764,
        -0.113619573
      ]
    ],
    "translation": [
      2.25668335,
      0.735582232,
      -0.6516578
    ]
  },
  {
    "timeStamp": 28742,
    "rotation": [
      [
        -0.991492033,
        -0.0712251,
        -0.108951725
      ],
      [
        -0.116245531,
        0.107878141,
        0.987344563
      ],
      [
        -0.0585702062,
        0.991609454,
        -0.115239926
      ]
    ],
    "translation": [
      2.25431085,
      0.7335685,
      -0.6491737
    ]
  }
]