[
  {
    "timeStamp": 14549,
    "rotation": [
      [
        1.0,
        -2.92920631E-05,
        3.49304353E-13
      ],
      [
        0.0,
        1.19248806E-08,
        1.0
      ],
      [
        -2.92920631E-05,
        -1.0,
        1.19248806E-08
      ]
    ],
    "translation": [
      1.77001679,
      0.702112854,
      -0.7500052
    ]
  },
  {
    "timeStamp": 14593,
    "rotation": [
      [
        0.9998179,
        -0.0111070005,
        0.0155163435
      ],
      [
        -0.0154904174,
        0.00241653621,
        0.9998771
      ],
      [
        -0.0111431312,
        -0.9999354,
        0.002244044
      ]
    ],
    "translation": [
      1.77185249,
      0.7080437,
      -0.7476
    ]
  },
  {
    "timeStamp": 14649,
    "rotation": [
      [
        0.996254742,
        -0.04964734,
        0.07079322
      ],
      [
        -0.0725551248,
        -0.0346307456,
        0.996763
      ],
      [
        -0.0470350049,
        -0.998166263,
        -0.03810321
      ]
    ],
    "translation": [
      1.77319908,
      0.734672666,
      -0.7350782
    ]
  },
  {
    "timeStamp": 14695,
    "rotation": [
      [
        0.9877165,
        -0.09741893,
        0.122170307
      ],
      [
        -0.129094914,
        -0.06824559,
        0.989281058
      ],
      [
        -0.0880371,
        -0.992900848,
        -0.0799835846
      ]
    ],
    "translation": [
      1.77817082,
      0.766034961,
      -0.720665455
    ]
  },
  {
    "timeStamp": 14749,
    "rotation": [
      [
        0.953811944,
        -0.210806862,
        0.214016974
      ],
      [
        -0.2400502,
        -0.106535479,
        0.9648969
      ],
      [
        -0.18060647,
        -0.9717051,
        -0.152219027
      ]
    ],
    "translation": [
      1.79532027,
      0.8201883,
      -0.697235167
    ]
  },
  {
    "timeStamp": 14793,
    "rotation": [
      [
        0.895513237,
        -0.346503854,
        0.27926892
      ],
      [
        -0.3407069,
        -0.130078167,
        0.9311275
      ],
      [
        -0.286312461,
        -0.9289859,
        -0.234542981
      ]
    ],
    "translation": [
      1.822438,
      0.869860053,
      -0.6726892
    ]
  },
  {
    "timeStamp": 14849,
    "rotation": [
      [
        0.8069842,
        -0.5143944,
        0.290129334
      ],
      [
        -0.4350617,
        -0.1855862,
        0.881067038
      ],
      [
        -0.399371922,
        -0.837231338,
        -0.3735584
      ]
    ],
    "translation": [
      1.87708759,
      0.9275936,
      -0.644225955
    ]
  },
  {
    "timeStamp": 14893,
    "rotation": [
      [
        0.707668364,
        -0.6613208,
        0.2487173
      ],
      [
        -0.503216743,
        -0.2246549,
        0.8344478
      ],
      [
        -0.495962143,
        -0.715671,
        -0.491768867
      ]
    ],
    "translation": [
      1.93589258,
      0.967179358,
      -0.6249162
    ]
  },
  {
    "timeStamp": 14949,
    "rotation": [
      [
        0.574087739,
        -0.8082158,
        0.131188765
      ],
      [
        -0.557259262,
        -0.268278569,
        0.7858045
      ],
      [
        -0.5999045,
        -0.5242269,
        -0.6044012
      ]
    ],
    "translation": [
      2.02205467,
      1.00108564,
      -0.6113784
    ]
  },
  {
    "timeStamp": 14993,
    "rotation": [
      [
        0.472679973,
        -0.8812335,
        0.00106170063
      ],
      [
        -0.5402804,
        -0.2888458,
        0.790357649
      ],
      [
        -0.696182966,
        -0.374159843,
        -0.612644851
      ]
    ],
    "translation": [
      2.0936408,
      1.00741267,
      -0.6124897
    ]
  },
  {
    "timeStamp": 15044,
    "rotation": [
      [
        0.416144848,
        -0.9078119,
        -0.0519716479
      ],
      [
        -0.4730276,
        -0.264942676,
        0.840267956
      ],
      [
        -0.776574731,
        -0.325089157,
        -0.5396746
      ]
    ],
    "translation": [
      2.152674,
      0.983955145,
      -0.623489141
    ]
  },
  {
    "timeStamp": 15099,
    "rotation": [
      [
        0.4677539,
        -0.8830425,
        -0.0379754454
      ],
      [
        -0.295660317,
        -0.1968146,
        0.9347989
      ],
      [
        -0.8329413,
        -0.426027983,
        -0.353141427
      ]
    ],
    "translation": [
      2.17383456,
      0.922113657,
      -0.6433977
    ]
  },
  {
    "timeStamp": 15144,
    "rotation": [
      [
        0.5297048,
        -0.847889662,
        0.0222705342
      ],
      [
        -0.18622686,
        -0.090645805,
        0.978316367
      ],
      [
        -0.827485561,
        -0.5223662,
        -0.205915347
      ]
    ],
    "translation": [
      2.164728,
      0.8749716,
      -0.6651681
    ]
  },
  {
    "timeStamp": 15199,
    "rotation": [
      [
        0.597738147,
        -0.8016914,
        3.6788515E-05
      ],
      [
        -0.0960171446,
        -0.07154447,
        0.9928052
      ],
      [
        -0.7959207,
        -0.593441069,
        -0.119740978
      ]
    ],
    "translation": [
      2.15654135,
      0.8359766,
      -0.682359338
    ]
  },
  {
    "timeStamp": 15243,
    "rotation": [
      [
        0.588934,
        -0.8079303,
        0.0201342534
      ],
      [
        -0.08115365,
        -0.03433243,
        0.996110141
      ],
      [
        -0.8040963,
        -0.5882771,
        -0.08578603
      ]
    ],
    "translation": [
      2.15081477,
      0.811092556,
      -0.686033249
    ]
  },
  {
    "timeStamp": 15299,
    "rotation": [
      [
        0.5994925,
        -0.799774,
        -0.031149298
      ],
      [
        -0.0272814818,
        -0.0593141131,
        0.9978665
      ],
      [
        -0.799915254,
        -0.597363651,
        -0.0573773831
      ]
    ],
    "translation": [
      2.14982653,
      0.785501,
      -0.6830331
    ]
  },
  {
    "timeStamp": 15343,
    "rotation": [
      [
        0.560138,
        -0.8283651,
        -0.00753350649
      ],
      [
        -0.05946672,
        -0.0492784828,
        0.9970132
      ],
      [
        -0.8262622,
        -0.558017,
        -0.0768629
      ]
    ],
    "translation": [
      2.14634657,
      0.777200043,
      -0.6702018
    ]
  },
  {
    "timeStamp": 15399,
    "rotation": [
      [
        0.500699639,
        -0.8652141,
        -0.02654077
      ],
      [
        -0.0519507267,
        -0.0606413223,
        0.9968068
      ],
      [
        -0.86406076,
        -0.49772203,
        -0.07531159
      ]
    ],
    "translation": [
      2.15085936,
      0.76615274,
      -0.6569701
    ]
  },
  {
    "timeStamp": 15444,
    "rotation": [
      [
        0.463572621,
        -0.885941863,
        -0.0144057013
      ],
      [
        -0.06406022,
        -0.0497265346,
        0.996706367
      ],
      [
        -0.883740246,
        -0.46112296,
        -0.0798054859
      ]
    ],
    "translation": [
      2.14816713,
      0.762871742,
      -0.645967841
    ]
  },
  {
    "timeStamp": 15502,
    "rotation": [
      [
        0.4589439,
        -0.8884652,
        0.000210654573
      ],
      [
        -0.0814382359,
        -0.0418314748,
        0.995800138
      ],
      [
        -0.884725,
        -0.457033575,
        -0.0915533453
      ]
    ],
    "translation": [
      2.13846135,
      0.761514366,
      -0.63218385
    ]
  },
  {
    "timeStamp": 15547,
    "rotation": [
      [
        0.44345057,
        -0.896085143,
        0.0195701849
      ],
      [
        -0.0919339,
        -0.0237548631,
        0.9954817
      ],
      [
        -0.8915715,
        -0.4432461,
        -0.0929147154
      ]
    ],
    "translation": [
      2.1333003,
      0.758374631,
      -0.6244864
    ]
  },
  {
    "timeStamp": 15595,
    "rotation": [
      [
        0.443056643,
        -0.895698965,
        0.03773891
      ],
      [
        -0.09396073,
        -0.00453094672,
        0.9955656
      ],
      [
        -0.8915561,
        -0.444637924,
        -0.086168
      ]
    ],
    "translation": [
      2.12764668,
      0.7545199,
      -0.618726552
    ]
  },
  {
    "timeStamp": 15646,
    "rotation": [
      [
        0.428656071,
        -0.9023971,
        0.0439722538
      ],
      [
        -0.09786829,
        0.00200491934,
        0.995197356
      ],
      [
        -0.898151338,
        -0.430900872,
        -0.0874566361
      ]
    ],
    "translation": [
      2.126169,
      0.7521475,
      -0.6118435
    ]
  },
  {
    "timeStamp": 15702,
    "rotation": [
      [
        0.423679262,
        -0.904497743,
        0.04878147
      ],
      [
        -0.09447731,
        0.009433977,
        0.9954823
      ],
      [
        -0.900871754,
        -0.426373959,
        -0.08145754
      ]
    ],
    "translation": [
      2.124955,
      0.7481601,
      -0.6078696
    ]
  },
  {
    "timeStamp": 15746,
    "rotation": [
      [
        0.4144048,
        -0.9085916,
        0.0522480235
      ],
      [
        -0.09338727,
        0.0146533633,
        0.995522
      ],
      [
        -0.9052886,
        -0.4174284,
        -0.07877847
      ]
    ],
    "translation": [
      2.12505817,
      0.746283,
      -0.605003655
    ]
  },
  {
    "timeStamp": 15802,
    "rotation": [
      [
        0.4039318,
        -0.913315535,
        0.0519016
      ],
      [
        -0.0957181454,
        0.0142277358,
        0.9953068
      ],
      [
        -0.9097676,
        -0.407003969,
        -0.08167384
      ]
    ],
    "translation": [
      2.12455773,
      0.7419578,
      -0.6036128
    ]
  },
  {
    "timeStamp": 15846,
    "rotation": [
      [
        0.393806815,
        -0.917502046,
        0.0557344481
      ],
      [
        -0.0991387,
        0.0178848952,
        0.994912863
      ],
      [
        -0.913831353,
        -0.397328943,
        -0.08391676
      ]
    ],
    "translation": [
      2.1236167,
      0.740804,
      -0.6009637
    ]
  },
  {
    "timeStamp": 15902,
    "rotation": [
      [
        0.40313077,
        -0.9138288,
        0.0490149558
      ],
      [
        -0.09219297,
        0.0127336718,
        0.9956597
      ],
      [
        -0.9104867,
        -0.4058999,
        -0.07911526
      ]
    ],
    "translation": [
      2.121564,
      0.738849,
      -0.5984559
    ]
  },
  {
    "timeStamp": 15946,
    "rotation": [
      [
        0.406184584,
        -0.9126497,
        0.04565708
      ],
      [
        -0.08764204,
        0.010825472,
        0.9960932
      ],
      [
        -0.909578443,
        -0.408599168,
        -0.07558934
      ]
    ],
    "translation": [
      2.120691,
      0.737716556,
      -0.597500145
    ]
  },
  {
    "timeStamp": 15992,
    "rotation": [
      [
        0.408901185,
        -0.911328852,
        0.04774442
      ],
      [
        -0.08649569,
        0.01337937,
        0.996162355
      ],
      [
        -0.9084703,
        -0.411461681,
        -0.0733551756
      ]
    ],
    "translation": [
      2.12045431,
      0.7367284,
      -0.597216845
    ]
  },
  {
    "timeStamp": 16048,
    "rotation": [
      [
        0.42255643,
        -0.9050742,
        0.0478201732
      ],
      [
        -0.08353232,
        0.0136469,
        0.9964116
      ],
      [
        -0.902479,
        -0.425034672,
        -0.0698363557
      ]
    ],
    "translation": [
      2.119836,
      0.736524045,
      -0.5964627
    ]
  },
  {
    "timeStamp": 16092,
    "rotation": [
      [
        0.4320341,
        -0.900657535,
        0.046502497
      ],
      [
        -0.0908471048,
        0.007838408,
        0.995834
      ],
      [
        -0.8972699,
        -0.434458882,
        -0.0784356743
      ]
    ],
    "translation": [
      2.11928034,
      0.73669827,
      -0.595436931
    ]
  },
  {
    "timeStamp": 16148,
    "rotation": [
      [
        0.44833684,
        -0.893379331,
        0.029453529
      ],
      [
        -0.105226308,
        -0.0200281758,
        0.9942466
      ],
      [
        -0.8876494,
        -0.448856682,
        -0.102986373
      ]
    ],
    "translation": [
      2.11928916,
      0.736756444,
      -0.5923708
    ]
  },
  {
    "timeStamp": 16193,
    "rotation": [
      [
        0.4666329,
        -0.8841326,
        0.02373389
      ],
      [
        -0.117881738,
        -0.0355763547,
        0.992390156
      ],
      [
        -0.876560152,
        -0.4658797,
        -0.120824188
      ]
    ],
    "translation": [
      2.11851668,
      0.736980557,
      -0.5900135
    ]
  },
  {
    "timeStamp": 16248,
    "rotation": [
      [
        0.490241081,
        -0.8713981,
        0.0181398727
      ],
      [
        -0.116882384,
        -0.045104064,
        0.992121041
      ],
      [
        -0.863714159,
        -0.488498718,
        -0.123962954
      ]
    ],
    "translation": [
      2.117774,
      0.7370263,
      -0.5883197
    ]
  },
  {
    "timeStamp": 16293,
    "rotation": [
      [
        0.492673367,
        -0.869990349,
        0.019742636
      ],
      [
        -0.116581582,
        -0.0435032919,
        0.9922279
      ],
      [
        -0.862369835,
        -0.491145879,
        -0.122857764
      ]
    ],
    "translation": [
      2.11764121,
      0.736929655,
      -0.5882311
    ]
  }
]