[
  {
    "timeStamp": 60772,
    "rotation": [
      [
        0.9930163,
        0.06593539,
        0.0978321
      ],
      [
        -0.117709257,
        0.609567,
        0.7839469
      ],
      [
        -0.007945364,
        -0.789987743,
        0.613071144
      ]
    ],
    "translation": [
      1.31114173,
      0.725851059,
      -0.3572846
    ]
  },
  {
    "timeStamp": 60816,
    "rotation": [
      [
        0.992660463,
        0.0501943678,
        0.110025562
      ],
      [
        -0.118712306,
        0.5780385,
        0.8073282
      ],
      [
        -0.0230756775,
        -0.8144642,
        0.5797547
      ]
    ],
    "translation": [
      1.31510007,
      0.727692068,
      -0.354117364
    ]
  },
  {
    "timeStamp": 60872,
    "rotation": [
      [
        0.9850597,
        0.07018056,
        0.157264546
      ],
      [
        -0.169332176,
        0.5610606,
        0.8102701
      ],
      [
        -0.0313697457,
        -0.824794352,
        0.564562
      ]
    ],
    "translation": [
      1.31495976,
      0.739426255,
      -0.3598564
    ]
  },
  {
    "timeStamp": 60917,
    "rotation": [
      [
        0.9785718,
        0.126522824,
        0.162448
      ],
      [
        -0.205115676,
        0.529924333,
        0.8228656
      ],
      [
        0.01802614,
        -0.838553667,
        0.544520736
      ]
    ],
    "translation": [
      1.3139329,
      0.75561434,
      -0.3761422
    ]
  },
  {
    "timeStamp": 60972,
    "rotation": [
      [
        0.9596012,
        0.230564609,
        0.1612622
      ],
      [
        -0.25699538,
        0.484928459,
        0.835941255
      ],
      [
        0.114537843,
        -0.843613863,
        0.524592
      ]
    ],
    "translation": [
      1.31447053,
      0.7797252,
      -0.412514031
    ]
  },
  {
    "timeStamp": 61016,
    "rotation": [
      [
        0.9383391,
        0.3123839,
        0.148108229
      ],
      [
        -0.293310583,
        0.4925725,
        0.8193542
      ],
      [
        0.182999,
        -0.8122738,
        0.5538255
      ]
    ],
    "translation": [
      1.3211956,
      0.7934903,
      -0.453750581
    ]
  },
  {
    "timeStamp": 61072,
    "rotation": [
      [
        0.910659134,
        0.403314441,
        0.08965153
      ],
      [
        -0.311207443,
        0.52687645,
        0.7909179
      ],
      [
        0.2717533,
        -0.7481568,
        0.6053193
      ]
    ],
    "translation": [
      1.33809853,
      0.8014009,
      -0.517255366
    ]
  },
  {
    "timeStamp": 61116,
    "rotation": [
      [
        0.886337638,
        0.462471128,
        0.022936115
      ],
      [
        -0.310536236,
        0.556947231,
        0.7703097
      ],
      [
        0.3434718,
        -0.689877,
        0.637257338
      ]
    ],
    "translation": [
      1.35849237,
      0.8037141,
      -0.5710194
    ]
  },
  {
    "timeStamp": 61172,
    "rotation": [
      [
        0.854490042,
        0.5162392,
        -0.05782579
      ],
      [
        -0.3219894,
        0.613712847,
        0.7208879
      ],
      [
        0.407639027,
        -0.597372234,
        0.6906351
      ]
    ],
    "translation": [
      1.39300537,
      0.8029422,
      -0.6387873
    ]
  },
  {
    "timeStamp": 61216,
    "rotation": [
      [
        0.847072065,
        0.5233645,
        -0.0925124
      ],
      [
        -0.310572445,
        0.628689468,
        0.712947667
      ],
      [
        0.431293041,
        -0.575186253,
        0.69508785
      ]
    ],
    "translation": [
      1.42654192,
      0.801317751,
      -0.6800232
    ]
  },
  {
    "timeStamp": 61272,
    "rotation": [
      [
        0.8775112,
        0.4759092,
        -0.05902988
      ],
      [
        -0.32005924,
        0.6728698,
        0.6669395
      ],
      [
        0.357122064,
        -0.5663538,
        0.742769957
      ]
    ],
    "translation": [
      1.47326255,
      0.7999558,
      -0.719543457
    ]
  },
  {
    "timeStamp": 61316,
    "rotation": [
      [
        0.895880461,
        0.441296428,
        -0.0515337773
      ],
      [
        -0.310784936,
        0.7053295,
        0.6371209
      ],
      [
        0.317507476,
        -0.554768264,
        0.769039154
      ]
    ],
    "translation": [
      1.51171589,
      0.799747646,
      -0.7464526
    ]
  },
  {
    "timeStamp": 61372,
    "rotation": [
      [
        0.9253594,
        0.377916038,
        0.0298218671
      ],
      [
        -0.3136329,
        0.7190158,
        0.6202022
      ],
      [
        0.21294196,
        -0.58326304,
        0.7838749
      ]
    ],
    "translation": [
      1.55869174,
      0.8052145,
      -0.7657226
    ]
  },
  {
    "timeStamp": 61416,
    "rotation": [
      [
        0.943093657,
        0.319670051,
        0.0915720761
      ],
      [
        -0.3044298,
        0.71923244,
        0.6245216
      ],
      [
        0.133779243,
        -0.6168597,
        0.775620639
      ]
    ],
    "translation": [
      1.59645164,
      0.8102927,
      -0.77392596
    ]
  },
  {
    "timeStamp": 61472,
    "rotation": [
      [
        0.955822,
        0.241173014,
        0.1680472
      ],
      [
        -0.291755527,
        0.708712,
        0.6423442
      ],
      [
        0.0358190127,
        -0.6629954,
        0.7477661
      ]
    ],
    "translation": [
      1.642985,
      0.8190858,
      -0.776201367
    ]
  },
  {
    "timeStamp": 61516,
    "rotation": [
      [
        0.9539666,
        0.165941983,
        0.249821946
      ],
      [
        -0.294859171,
        0.671208441,
        0.6801009
      ],
      [
        -0.0548253171,
        -0.722455859,
        0.68924
      ]
    ],
    "translation": [
      1.68022561,
      0.8319825,
      -0.7702887
    ]
  },
  {
    "timeStamp": 61572,
    "rotation": [
      [
        0.934879243,
        0.0511258952,
        0.3512647
      ],
      [
        -0.30781728,
        0.609577954,
        0.7305226
      ],
      [
        -0.176774591,
        -0.7910757,
        0.5856193
      ]
    ],
    "translation": [
      1.72998679,
      0.8540058,
      -0.757248
    ]
  },
  {
    "timeStamp": 61616,
    "rotation": [
      [
        0.90584,
        -0.04636413,
        0.421075076
      ],
      [
        -0.3314588,
        0.5414072,
        0.772666335
      ],
      [
        -0.263797075,
        -0.8394811,
        0.475060523
      ]
    ],
    "translation": [
      1.77279,
      0.8765017,
      -0.747228265
    ]
  },
  {
    "timeStamp": 61672,
    "rotation": [
      [
        0.8617436,
        -0.187854066,
        0.471284121
      ],
      [
        -0.358349353,
        0.432202578,
        0.8275184
      ],
      [
        -0.3591429,
        -0.881993055,
        0.305130452
      ]
    ],
    "translation": [
      1.83187115,
      0.907868862,
      -0.7346726
    ]
  },
  {
    "timeStamp": 61716,
    "rotation": [
      [
        0.8077316,
        -0.325189084,
        0.491753578
      ],
      [
        -0.384091765,
        0.3425354,
        0.857404768
      ],
      [
        -0.447261721,
        -0.8814315,
        0.151774243
      ]
    ],
    "translation": [
      1.88371384,
      0.9330601,
      -0.7311013
    ]
  },
  {
    "timeStamp": 61772,
    "rotation": [
      [
        0.7342129,
        -0.467948973,
        0.491889477
      ],
      [
        -0.419382274,
        0.257155865,
        0.870625854
      ],
      [
        -0.533900738,
        -0.8455144,
        -0.00744237052
      ]
    ],
    "translation": [
      1.95000863,
      0.9591453,
      -0.7334163
    ]
  },
  {
    "timeStamp": 61816,
    "rotation": [
      [
        0.655904531,
        -0.5752857,
        0.488708168
      ],
      [
        -0.4445116,
        0.228896648,
        0.8660345
      ],
      [
        -0.6100809,
        -0.78527236,
        -0.105586804
      ]
    ],
    "translation": [
      2.00144172,
      0.970277965,
      -0.741615
    ]
  },
  {
    "timeStamp": 61872,
    "rotation": [
      [
        0.5221786,
        -0.668988466,
        0.5289461
      ],
      [
        -0.485285223,
        0.2769403,
        0.8293385
      ],
      [
        -0.7013044,
        -0.6897525,
        -0.180037931
      ]
    ],
    "translation": [
      2.06386876,
      0.968780041,
      -0.7552868
    ]
  },
  {
    "timeStamp": 61917,
    "rotation": [
      [
        0.475136966,
        -0.713879764,
        0.5144129
      ],
      [
        -0.441382855,
        0.312379718,
        0.8411897
      ],
      [
        -0.7612004,
        -0.626733363,
        -0.166671112
      ]
    ],
    "translation": [
      2.104764,
      0.954504,
      -0.7666644
    ]
  },
  {
    "timeStamp": 61978,
    "rotation": [
      [
        0.425134867,
        -0.7281798,
        0.5376007
      ],
      [
        -0.393928528,
        0.385892868,
        0.834210455
      ],
      [
        -0.8149115,
        -0.5664282,
        -0.122794285
      ]
    ],
    "translation": [
      2.14287925,
      0.9287665,
      -0.777674
    ]
  },
  {
    "timeStamp": 62012,
    "rotation": [
      [
        0.390219539,
        -0.7398743,
        0.548009932
      ],
      [
        -0.3773668,
        0.414386243,
        0.82817775
      ],
      [
        -0.839835167,
        -0.529971838,
        -0.117502384
      ]
    ],
    "translation": [
      2.168506,
      0.911924839,
      -0.7829166
    ]
  },
  {
    "timeStamp": 62066,
    "rotation": [
      [
        0.438552082,
        -0.6797322,
        0.5879083
      ],
      [
        -0.351004422,
        0.472664654,
        0.8083217
      ],
      [
        -0.8273258,
        -0.5608496,
        -0.0313009545
      ]
    ],
    "translation": [
      2.18048716,
      0.8884379,
      -0.7814996
    ]
  },
  {
    "timeStamp": 62122,
    "rotation": [
      [
        0.477673054,
        -0.6371866,
        0.604831934
      ],
      [
        -0.36166656,
        0.4847889,
        0.7963523
      ],
      [
        -0.8006408,
        -0.599143565,
        0.00112151506
      ]
    ],
    "translation": [
      2.18455029,
      0.872683167,
      -0.774446249
    ]
  },
  {
    "timeStamp": 62166,
    "rotation": [
      [
        0.533283532,
        -0.6001742,
        0.596154
      ],
      [
        -0.361406446,
        0.475532174,
        0.802031457
      ],
      [
        -0.764849,
        -0.6431641,
        0.0366866663
      ]
    ],
    "translation": [
      2.18421316,
      0.8647651,
      -0.768826842
    ]
  },
  {
    "timeStamp": 62222,
    "rotation": [
      [
        0.5655729,
        -0.5515978,
        0.613079965
      ],
      [
        -0.388574153,
        0.477473259,
        0.788054168
      ],
      [
        -0.727418244,
        -0.683929145,
        0.0557093
      ]
    ],
    "translation": [
      2.18241334,
      0.86008054,
      -0.7601467
    ]
  },
  {
    "timeStamp": 62266,
    "rotation": [
      [
        0.5706162,
        -0.5300759,
        0.627229452
      ],
      [
        -0.411520064,
        0.476394743,
        0.776980937
      ],
      [
        -0.71066767,
        -0.7014754,
        0.0537016839
      ]
    ],
    "translation": [
      2.181723,
      0.857854247,
      -0.7536567
    ]
  },
  {
    "timeStamp": 62322,
    "rotation": [
      [
        0.5790161,
        -0.52759,
        0.6216021
      ],
      [
        -0.389481068,
        0.490802139,
        0.7793701
      ],
      [
        -0.71627146,
        -0.693370044,
        0.078696005
      ]
    ],
    "translation": [
      2.18256664,
      0.850940943,
      -0.7482981
    ]
  }
]