[
  {
    "timeStamp": 35962,
    "rotation": [
      [
        0.998415649,
        -0.03180136,
        0.04642124
      ],
      [
        0.05224885,
        0.217700824,
        -0.974616051
      ],
      [
        0.0208881833,
        0.975497365,
        0.219017491
      ]
    ],
    "translation": [
      1.30888021,
      0.6938408,
      -0.745249569
    ]
  },
  {
    "timeStamp": 36019,
    "rotation": [
      [
        0.9976544,
        -0.027775947,
        0.06256376
      ],
      [
        0.06652183,
        0.177869618,
        -0.98180306
      ],
      [
        0.016142318,
        0.98366195,
        0.179300115
      ]
    ],
    "translation": [
      1.31129038,
      0.696517646,
      -0.745333731
    ]
  },
  {
    "timeStamp": 36061,
    "rotation": [
      [
        0.998673439,
        0.0341074578,
        0.0385747254
      ],
      [
        0.0320783034,
        0.173894584,
        -0.984241664
      ],
      [
        -0.0402779169,
        0.9841735,
        0.172569782
      ]
    ],
    "translation": [
      1.31658685,
      0.7053827,
      -0.742467761
    ]
  },
  {
    "timeStamp": 36117,
    "rotation": [
      [
        0.997681439,
        0.05676801,
        0.0375401974
      ],
      [
        0.0275631957,
        0.167301014,
        -0.9855205
      ],
      [
        -0.0622265525,
        0.9842702,
        0.1653484
      ]
    ],
    "translation": [
      1.33484244,
      0.716977358,
      -0.7441843
    ]
  },
  {
    "timeStamp": 36161,
    "rotation": [
      [
        0.99502635,
        0.08599712,
        0.0502696075
      ],
      [
        0.0374022238,
        0.145182163,
        -0.9886977
      ],
      [
        -0.09232342,
        0.985660434,
        0.141243592
      ]
    ],
    "translation": [
      1.35725856,
      0.724324048,
      -0.7481315
    ]
  },
  {
    "timeStamp": 36217,
    "rotation": [
      [
        0.990059853,
        0.126810789,
        0.0608309768
      ],
      [
        0.04380634,
        0.132962212,
        -0.990152538
      ],
      [
        -0.133650258,
        0.982975066,
        0.126085445
      ]
    ],
    "translation": [
      1.39220691,
      0.7348901,
      -0.752554
    ]
  },
  {
    "timeStamp": 36261,
    "rotation": [
      [
        0.9825862,
        0.172967866,
        0.06787142
      ],
      [
        0.0480462164,
        0.116334423,
        -0.9920473
      ],
      [
        -0.1794881,
        0.978032947,
        0.105998144
      ]
    ],
    "translation": [
      1.42418742,
      0.7447604,
      -0.756216
    ]
  },
  {
    "timeStamp": 36317,
    "rotation": [
      [
        0.9665088,
        0.247395128,
        0.06823839
      ],
      [
        0.0457987972,
        0.09535588,
        -0.9943891
      ],
      [
        -0.252513975,
        0.964211047,
        0.08083189
      ]
    ],
    "translation": [
      1.46718574,
      0.7582636,
      -0.761290133
    ]
  },
  {
    "timeStamp": 36372,
    "rotation": [
      [
        0.9407226,
        0.333882838,
        0.0596934073
      ],
      [
        0.0346727259,
        0.080407545,
        -0.996158838
      ],
      [
        -0.337400138,
        0.9391788,
        0.06406456
      ]
    ],
    "translation": [
      1.511178,
      0.7736761,
      -0.764321566
    ]
  },
  {
    "timeStamp": 36417,
    "rotation": [
      [
        0.9069094,
        0.419114619,
        0.04310771
      ],
      [
        0.0149094015,
        0.0703261048,
        -0.9974126
      ],
      [
        -0.4210618,
        0.9052056,
        0.05753066
      ]
    ],
    "translation": [
      1.54657376,
      0.7879852,
      -0.7641478
    ]
  },
  {
    "timeStamp": 36462,
    "rotation": [
      [
        0.8551208,
        0.517740548,
        0.0267056245
      ],
      [
        -0.0136283292,
        0.07394417,
        -0.997169256
      ],
      [
        -0.5182497,
        0.852336168,
        0.07028713
      ]
    ],
    "translation": [
      1.58334148,
      0.804796,
      -0.7582726
    ]
  },
  {
    "timeStamp": 36516,
    "rotation": [
      [
        0.7529051,
        0.6580727,
        -0.008614919
      ],
      [
        -0.06988203,
        0.06692275,
        -0.9953079
      ],
      [
        -0.654408455,
        0.74997437,
        0.09637393
      ]
    ],
    "translation": [
      1.63200974,
      0.830083847,
      -0.749283135
    ]
  },
  {
    "timeStamp": 36572,
    "rotation": [
      [
        0.605533,
        0.7950667,
        -0.0346220955
      ],
      [
        -0.139194235,
        0.06297717,
        -0.9882605
      ],
      [
        -0.783552647,
        0.6032435,
        0.148803458
      ]
    ],
    "translation": [
      1.688023,
      0.8605678,
      -0.7340278
    ]
  },
  {
    "timeStamp": 36616,
    "rotation": [
      [
        0.4711129,
        0.8812129,
        -0.0389431827
      ],
      [
        -0.205530852,
        0.0667320862,
        -0.976372838
      ],
      [
        -0.85779357,
        0.467985868,
        0.212554783
      ]
    ],
    "translation": [
      1.73772037,
      0.8866979,
      -0.72573036
    ]
  },
  {
    "timeStamp": 36672,
    "rotation": [
      [
        0.267969877,
        0.9632759,
        -0.0170787536
      ],
      [
        -0.299623519,
        0.06647687,
        -0.9517387
      ],
      [
        -0.9156516,
        0.2601545,
        0.306433916
      ]
    ],
    "translation": [
      1.81035388,
      0.9238573,
      -0.714767337
    ]
  },
  {
    "timeStamp": 36716,
    "rotation": [
      [
        0.11178083,
        0.993441463,
        0.0240650028
      ],
      [
        -0.378237933,
        0.0649279,
        -0.923428655
      ],
      [
        -0.918934762,
        0.0941193253,
        0.383014917
      ]
    ],
    "translation": [
      1.8682338,
      0.951837659,
      -0.7150601
    ]
  },
  {
    "timeStamp": 36772,
    "rotation": [
      [
        -0.0756191239,
        0.9900707,
        0.11849793
      ],
      [
        -0.483323365,
        0.06755101,
        -0.8728318
      ],
      [
        -0.872169852,
        -0.123275593,
        0.473416179
      ]
    ],
    "translation": [
      1.9466939,
      0.9881066,
      -0.719512939
    ]
  },
  {
    "timeStamp": 36816,
    "rotation": [
      [
        -0.2271631,
        0.9537699,
        0.19677341
      ],
      [
        -0.560042,
        0.0373601355,
        -0.827621341
      ],
      [
        -0.7967118,
        -0.298206419,
        0.525664449
      ]
    ],
    "translation": [
      2.00489473,
      1.01246178,
      -0.7313986
    ]
  },
  {
    "timeStamp": 36872,
    "rotation": [
      [
        -0.399315029,
        0.8796135,
        0.258510262
      ],
      [
        -0.6010018,
        -0.0382117778,
        -0.7983337
      ],
      [
        -0.692347,
        -0.47415176,
        0.5439079
      ]
    ],
    "translation": [
      2.07277179,
      1.03126025,
      -0.750031769
    ]
  },
  {
    "timeStamp": 36916,
    "rotation": [
      [
        -0.502934456,
        0.8173211,
        0.2811462
      ],
      [
        -0.6191271,
        -0.113694564,
        -0.7770169
      ],
      [
        -0.6031075,
        -0.5648538,
        0.563206553
      ]
    ],
    "translation": [
      2.11200142,
      1.03729,
      -0.7637953
    ]
  },
  {
    "timeStamp": 36972,
    "rotation": [
      [
        -0.6375889,
        0.7362903,
        0.226620838
      ],
      [
        -0.566874,
        -0.2492065,
        -0.785207
      ],
      [
        -0.5216649,
        -0.629104733,
        0.57627517
      ]
    ],
    "translation": [
      2.148643,
      1.02747118,
      -0.7739767
    ]
  },
  {
    "timeStamp": 37016,
    "rotation": [
      [
        -0.7319335,
        0.665135562,
        0.147878468
      ],
      [
        -0.486473739,
        -0.358152866,
        -0.79691267
      ],
      [
        -0.477091879,
        -0.655226052,
        0.585715055
      ]
    ],
    "translation": [
      2.16733646,
      1.01171076,
      -0.77581054
    ]
  },
  {
    "timeStamp": 37072,
    "rotation": [
      [
        -0.7626325,
        0.6354696,
        0.12070632
      ],
      [
        -0.4634919,
        -0.406703174,
        -0.7872533
      ],
      [
        -0.451183915,
        -0.65633136,
        0.6047001
      ]
    ],
    "translation": [
      2.173836,
      1.0018667,
      -0.771308541
    ]
  },
  {
    "timeStamp": 37116,
    "rotation": [
      [
        -0.788964033,
        0.6084574,
        0.08552952
      ],
      [
        -0.431331247,
        -0.4493184,
        -0.782346666
      ],
      [
        -0.437594622,
        -0.6541349,
        0.616942763
      ]
    ],
    "translation": [
      2.17286444,
      0.9927777,
      -0.7651068
    ]
  },
  {
    "timeStamp": 37167,
    "rotation": [
      [
        -0.846585631,
        0.531487465,
        0.02852695
      ],
      [
        -0.342048436,
        -0.502206564,
        -0.7942238
      ],
      [
        -0.407793581,
        -0.682136,
        0.606955349
      ]
    ],
    "translation": [
      2.17238188,
      0.973307,
      -0.7564913
    ]
  },
  {
    "timeStamp": 37212,
    "rotation": [
      [
        -0.875113845,
        0.483783722,
        0.011361449
      ],
      [
        -0.276052117,
        -0.4797907,
        -0.8328242
      ],
      [
        -0.397455662,
        -0.7319523,
        0.553421
      ]
    ],
    "translation": [
      2.17265439,
      0.9505071,
      -0.7512417
    ]
  },
  {
    "timeStamp": 37267,
    "rotation": [
      [
        -0.912528753,
        0.40816462,
        0.0263250321
      ],
      [
        -0.2476822,
        -0.500226736,
        -0.829714835
      ],
      [
        -0.325491756,
        -0.7636589,
        0.5575664
      ]
    ],
    "translation": [
      2.17473078,
      0.9340166,
      -0.7508482
    ]
  },
  {
    "timeStamp": 37312,
    "rotation": [
      [
        -0.9264752,
        0.375057429,
        0.0312347412
      ],
      [
        -0.219592288,
        -0.4713044,
        -0.85419637
      ],
      [
        -0.305651635,
        -0.7982507,
        0.519011557
      ]
    ],
    "translation": [
      2.173615,
      0.9178592,
      -0.7517723
    ]
  },
  {
    "timeStamp": 37367,
    "rotation": [
      [
        -0.949135661,
        0.314387053,
        0.0173870511
      ],
      [
        -0.173371553,
        -0.4757178,
        -0.862342656
      ],
      [
        -0.262838036,
        -0.8214946,
        0.5060265
      ]
    ],
    "translation": [
      2.17024922,
      0.8999369,
      -0.7521423
    ]
  },
  {
    "timeStamp": 37412,
    "rotation": [
      [
        -0.9623796,
        0.271659017,
        0.00519202324
      ],
      [
        -0.136694729,
        -0.467563659,
        -0.8733263
      ],
      [
        -0.234819368,
        -0.8411811,
        0.487108082
      ]
    ],
    "translation": [
      2.16861677,
      0.8837113,
      -0.7534108
    ]
  },
  {
    "timeStamp": 37467,
    "rotation": [
      [
        -0.9686986,
        0.2482345,
        -0.00162410189
      ],
      [
        -0.109509878,
        -0.433199346,
        -0.894620538
      ],
      [
        -0.222779244,
        -0.8664398,
        0.446823716
      ]
    ],
    "translation": [
      2.165967,
      0.8650246,
      -0.752768755
    ]
  },
  {
    "timeStamp": 37513,
    "rotation": [
      [
        -0.9761098,
        0.217028111,
        -0.0104161073
      ],
      [
        -0.07575549,
        -0.384867281,
        -0.91985774
      ],
      [
        -0.2036438,
        -0.8970931,
        0.392113775
      ]
    ],
    "translation": [
      2.16642165,
      0.846518636,
      -0.755206466
    ]
  },
  {
    "timeStamp": 37569,
    "rotation": [
      [
        -0.9822896,
        0.187068969,
        -0.0105954688
      ],
      [
        -0.0529847071,
        -0.331570953,
        -0.941941261
      ],
      [
        -0.179721132,
        -0.924697757,
        0.3356105
      ]
    ],
    "translation": [
      2.16804957,
      0.8265172,
      -0.756647348
    ]
  },
  {
    "timeStamp": 37615,
    "rotation": [
      [
        -0.986537337,
        0.163525254,
        -0.00189889246
      ],
      [
        -0.0477214269,
        -0.29896754,
        -0.95306927
      ],
      [
        -0.156418592,
        -0.9401478,
        0.3027463
      ]
    ],
    "translation": [
      2.17192,
      0.8154793,
      -0.7571703
    ]
  },
  {
    "timeStamp": 37671,
    "rotation": [
      [
        -0.9910361,
        0.132874683,
        0.0138482805
      ],
      [
        -0.04616874,
        -0.2433738,
        -0.968833148
      ],
      [
        -0.1253631,
        -0.960787952,
        0.247326881
      ]
    ],
    "translation": [
      2.17817259,
      0.8021328,
      -0.7607284
    ]
  },
  {
    "timeStamp": 37716,
    "rotation": [
      [
        -0.993257642,
        0.114308879,
        0.0193044618
      ],
      [
        -0.04021008,
        -0.183522642,
        -0.982192755
      ],
      [
        -0.108730547,
        -0.976346731,
        0.186881647
      ]
    ],
    "translation": [
      2.1820848,
      0.7919987,
      -0.763042331
    ]
  }
]