[
  {
    "timeStamp": 4418,
    "rotation": [
      [
        0.0376151241,
        0.9992845,
        -0.003947976
      ],
      [
        -0.0178261362,
        0.00462114532,
        0.9998304
      ],
      [
        0.999133348,
        -0.03753837,
        0.0179872066
      ]
    ],
    "translation": [
      1.4609586,
      0.7058142,
      -0.6204389
    ]
  },
  {
    "timeStamp": 4462,
    "rotation": [
      [
        0.054455623,
        0.9984482,
        0.0116540194
      ],
      [
        -0.0119368993,
        -0.0110195512,
        0.999868035
      ],
      [
        0.998444855,
        -0.0545875467,
        0.0113182981
      ]
    ],
    "translation": [
      1.45939207,
      0.70619005,
      -0.6182645
    ]
  },
  {
    "timeStamp": 4518,
    "rotation": [
      [
        0.025480777,
        0.996711,
        0.07692751
      ],
      [
        -0.0253659673,
        -0.07628308,
        0.996763468
      ],
      [
        0.9993534,
        -0.0273496639,
        0.0233387873
      ]
    ],
    "translation": [
      1.45261478,
      0.71912986,
      -0.6259492
    ]
  },
  {
    "timeStamp": 4564,
    "rotation": [
      [
        0.0582727343,
        0.9882759,
        0.141120866
      ],
      [
        -0.05367199,
        -0.138055146,
        0.9889692
      ],
      [
        0.996856868,
        -0.06520418,
        0.0449978821
      ]
    ],
    "translation": [
      1.454135,
      0.7457897,
      -0.628983
    ]
  },
  {
    "timeStamp": 4618,
    "rotation": [
      [
        0.1127335,
        0.9694008,
        0.218066916
      ],
      [
        -0.06961337,
        -0.211221129,
        0.9749562
      ],
      [
        0.991183639,
        -0.1250906,
        0.04367156
      ]
    ],
    "translation": [
      1.4663763,
      0.785289764,
      -0.626713455
    ]
  },
  {
    "timeStamp": 4662,
    "rotation": [
      [
        0.1786022,
        0.935531437,
        0.304765731
      ],
      [
        -0.12060345,
        -0.286594957,
        0.9504305
      ],
      [
        0.976501942,
        -0.206504777,
        0.0616418235
      ]
    ],
    "translation": [
      1.4816035,
      0.825787842,
      -0.6228363
    ]
  },
  {
    "timeStamp": 4718,
    "rotation": [
      [
        0.260351837,
        0.8698398,
        0.419041485
      ],
      [
        -0.211196229,
        -0.372192383,
        0.903808057
      ],
      [
        0.942132235,
        -0.323808044,
        0.0868059
      ]
    ],
    "translation": [
      1.51071775,
      0.879953265,
      -0.6161918
    ]
  },
  {
    "timeStamp": 4762,
    "rotation": [
      [
        0.315456629,
        0.7914062,
        0.523606062
      ],
      [
        -0.310360849,
        -0.4353883,
        0.8450521
      ],
      [
        0.896751463,
        -0.429084152,
        0.108275384
      ]
    ],
    "translation": [
      1.54102468,
      0.9226446,
      -0.610408962
    ]
  },
  {
    "timeStamp": 4817,
    "rotation": [
      [
        0.342638165,
        0.6649621,
        0.6636449
      ],
      [
        -0.480195582,
        -0.483193785,
        0.7320765
      ],
      [
        0.8074722,
        -0.569516659,
        0.153751224
      ]
    ],
    "translation": [
      1.58677459,
      0.970924735,
      -0.605685532
    ]
  },
  {
    "timeStamp": 4862,
    "rotation": [
      [
        0.3133874,
        0.554908037,
        0.7706266
      ],
      [
        -0.6150006,
        -0.4997379,
        0.6099478
      ],
      [
        0.723576248,
        -0.6650858,
        0.1846572
      ]
    ],
    "translation": [
      1.6294688,
      1.00445116,
      -0.603427231
    ]
  },
  {
    "timeStamp": 4917,
    "rotation": [
      [
        0.292770445,
        0.3831984,
        0.8760391
      ],
      [
        -0.7384772,
        -0.491376758,
        0.461736321
      ],
      [
        0.607401848,
        -0.7821176,
        0.1391227
      ]
    ],
    "translation": [
      1.69409335,
      1.0352931,
      -0.593191743
    ]
  },
  {
    "timeStamp": 4962,
    "rotation": [
      [
        0.256338269,
        0.2827267,
        0.924313962
      ],
      [
        -0.8172025,
        -0.447304845,
        0.363453627
      ],
      [
        0.5162082,
        -0.8485187,
        0.11638362
      ]
    ],
    "translation": [
      1.75013316,
      1.048798,
      -0.5892858
    ]
  },
  {
    "timeStamp": 5017,
    "rotation": [
      [
        0.2257814,
        0.174358428,
        0.958447635
      ],
      [
        -0.8791095,
        -0.3874508,
        0.277575821
      ],
      [
        0.419749022,
        -0.9052519,
        0.0658009648
      ]
    ],
    "translation": [
      1.818304,
      1.05460572,
      -0.587637663
    ]
  },
  {
    "timeStamp": 5062,
    "rotation": [
      [
        0.213409349,
        0.08048905,
        0.973641634
      ],
      [
        -0.9048521,
        -0.3594938,
        0.228050262
      ],
      [
        0.368373662,
        -0.9296697,
        -0.00388866
      ]
    ],
    "translation": [
      1.874682,
      1.05593061,
      -0.5860534
    ]
  },
  {
    "timeStamp": 5117,
    "rotation": [
      [
        0.247804567,
        0.006083099,
        0.968790948
      ],
      [
        -0.9231686,
        -0.3018301,
        0.238030151
      ],
      [
        0.29385823,
        -0.9533423,
        -0.0691791549
      ]
    ],
    "translation": [
      1.93507373,
      1.04392076,
      -0.5885312
    ]
  },
  {
    "timeStamp": 5162,
    "rotation": [
      [
        0.252726823,
        -0.0548164733,
        0.96598357
      ],
      [
        -0.93757385,
        -0.260418028,
        0.23051621
      ],
      [
        0.23892346,
        -0.963938534,
        -0.117209122
      ]
    ],
    "translation": [
      1.97436333,
      1.03175116,
      -0.5912813
    ]
  },
  {
    "timeStamp": 5214,
    "rotation": [
      [
        0.239007473,
        -0.05409331,
        0.96950984
      ],
      [
        -0.954538047,
        -0.196257,
        0.2243665
      ],
      [
        0.178136364,
        -0.979059339,
        -0.09854101
      ]
    ],
    "translation": [
      2.00459123,
      1.01369011,
      -0.6003697
    ]
  },
  {
    "timeStamp": 5268,
    "rotation": [
      [
        0.205009371,
        -0.0429767445,
        0.977816045
      ],
      [
        -0.9703668,
        -0.139478192,
        0.197317258
      ],
      [
        0.127903953,
        -0.9892921,
        -0.07029755
      ]
    ],
    "translation": [
      2.02252913,
      0.9993311,
      -0.609115362
    ]
  },
  {
    "timeStamp": 5312,
    "rotation": [
      [
        0.167339534,
        -0.0225288961,
        0.9856419
      ],
      [
        -0.980775535,
        -0.105596393,
        0.164099723
      ],
      [
        0.100383244,
        -0.9941538,
        -0.0397662446
      ]
    ],
    "translation": [
      2.02980781,
      0.992214561,
      -0.6155185
    ]
  },
  {
    "timeStamp": 5368,
    "rotation": [
      [
        0.119393893,
        0.0111447759,
        0.992784441
      ],
      [
        -0.9926538,
        -0.0183859169,
        0.119584575
      ],
      [
        0.019585995,
        -0.999768853,
        0.008867738
      ]
    ],
    "translation": [
      2.03583336,
      0.976792,
      -0.6229897
    ]
  },
  {
    "timeStamp": 5412,
    "rotation": [
      [
        0.07268221,
        0.0274129268,
        0.9969784
      ],
      [
        -0.9973484,
        -0.00167305476,
        0.0727551952
      ],
      [
        0.00366243231,
        -0.999622762,
        0.02721864
      ]
    ],
    "translation": [
      2.04191422,
      0.9741367,
      -0.62648344
    ]
  },
  {
    "timeStamp": 5468,
    "rotation": [
      [
        0.0846230239,
        0.0386145338,
        0.995664537
      ],
      [
        -0.9963657,
        0.0130186081,
        0.084177725
      ],
      [
        -0.009711682,
        -0.99916935,
        0.03957587
      ]
    ],
    "translation": [
      2.04646778,
      0.9624549,
      -0.6297679
    ]
  },
  {
    "timeStamp": 5512,
    "rotation": [
      [
        0.0936796,
        0.0304498486,
        0.9951367
      ],
      [
        -0.995593548,
        0.007087465,
        0.09350574
      ],
      [
        -0.00420576,
        -0.9995112,
        0.0309796222
      ]
    ],
    "translation": [
      2.053246,
      0.9557632,
      -0.6291638
    ]
  },
  {
    "timeStamp": 5568,
    "rotation": [
      [
        0.07997958,
        0.00398827,
        0.9967885
      ],
      [
        -0.996769547,
        -0.007026892,
        0.08000618
      ],
      [
        0.00732341176,
        -0.9999674,
        0.00341337849
      ]
    ],
    "translation": [
      2.06405187,
      0.950873733,
      -0.625156462
    ]
  },
  {
    "timeStamp": 5614,
    "rotation": [
      [
        0.0628406256,
        -0.0123517681,
        0.997947156
      ],
      [
        -0.9979888,
        -0.009117116,
        0.06273041
      ],
      [
        0.008323569,
        -0.999882162,
        -0.0128998514
      ]
    ],
    "translation": [
      2.07088852,
      0.946230352,
      -0.6216627
    ]
  },
  {
    "timeStamp": 5670,
    "rotation": [
      [
        0.0473048426,
        -0.00524117239,
        0.998866737
      ],
      [
        -0.998867154,
        0.004912102,
        0.0473306365
      ],
      [
        -0.005154604,
        -0.9999742,
        -0.005002869
      ]
    ],
    "translation": [
      2.07236481,
      0.9375263,
      -0.620666146
    ]
  },
  {
    "timeStamp": 5716,
    "rotation": [
      [
        0.03148377,
        -0.00389737426,
        0.999496639
      ],
      [
        -0.9994247,
        0.0124951871,
        0.0315302238
      ],
      [
        -0.0126117831,
        -0.999914348,
        -0.00350173633
      ]
    ],
    "translation": [
      2.0720408,
      0.931178749,
      -0.618815
    ]
  },
  {
    "timeStamp": 5761,
    "rotation": [
      [
        0.0241517872,
        0.000418253,
        0.999708235
      ],
      [
        -0.999378562,
        0.0256945565,
        0.0241330713
      ],
      [
        -0.0256769657,
        -0.9996698,
        0.00103856251
      ]
    ],
    "translation": [
      2.0711596,
      0.922576,
      -0.617963552
    ]
  },
  {
    "timeStamp": 5817,
    "rotation": [
      [
        -0.0188785475,
        0.00403202651,
        0.9998136
      ],
      [
        -0.999219,
        0.034642864,
        -0.0190070271
      ],
      [
        -0.0347130448,
        -0.9993916,
        0.0033748704
      ]
    ],
    "translation": [
      2.07211256,
      0.9203915,
      -0.6167432
    ]
  },
  {
    "timeStamp": 5862,
    "rotation": [
      [
        -0.0227656122,
        0.00305512734,
        0.99973613
      ],
      [
        -0.998949468,
        0.03970972,
        -0.02286905
      ],
      [
        -0.0397691131,
        -0.999206543,
        0.0021479018
      ]
    ],
    "translation": [
      2.07216144,
      0.914752841,
      -0.6135824
    ]
  },
  {
    "timeStamp": 5917,
    "rotation": [
      [
        0.00105010951,
        -0.01014984,
        0.999947965
      ],
      [
        -0.9994371,
        0.0335191637,
        0.001389805
      ],
      [
        -0.033531528,
        -0.999386549,
        -0.0101089291
      ]
    ],
    "translation": [
      2.07348967,
      0.9030894,
      -0.607854
    ]
  },
  {
    "timeStamp": 5965,
    "rotation": [
      [
        -0.00258482015,
        -0.0176573172,
        0.999840736
      ],
      [
        -0.9996872,
        0.0249164086,
        -0.00214439631
      ],
      [
        -0.0248745773,
        -0.9995336,
        -0.0177162
      ]
    ],
    "translation": [
      2.07601213,
      0.897133,
      -0.604546249
    ]
  },
  {
    "timeStamp": 6017,
    "rotation": [
      [
        -0.005794706,
        -0.0151766026,
        0.999868035
      ],
      [
        -0.9992357,
        0.03874282,
        -0.005202979
      ],
      [
        -0.0386587456,
        -0.999134,
        -0.0153895048
      ]
    ],
    "translation": [
      2.077451,
      0.8863218,
      -0.6027977
    ]
  },
  {
    "timeStamp": 6061,
    "rotation": [
      [
        -0.01019319,
        -0.0191427935,
        0.9997648
      ],
      [
        -0.999346256,
        0.0348767638,
        -0.009521127
      ],
      [
        -0.0346862972,
        -0.9992083,
        -0.0194857847
      ]
    ],
    "translation": [
      2.08022714,
      0.8818357,
      -0.600979745
    ]
  },
  {
    "timeStamp": 6117,
    "rotation": [
      [
        -0.01591599,
        -0.0162316039,
        0.999741554
      ],
      [
        -0.999265969,
        0.035102,
        -0.01533851
      ],
      [
        -0.03484396,
        -0.9992519,
        -0.0167783741
      ]
    ],
    "translation": [
      2.08232522,
      0.876536131,
      -0.5991994
    ]
  },
  {
    "timeStamp": 6161,
    "rotation": [
      [
        -0.02029325,
        -0.0159978252,
        0.999666035
      ],
      [
        -0.999148369,
        0.036252778,
        -0.0197025836
      ],
      [
        -0.0359254777,
        -0.9992146,
        -0.0167198889
      ]
    ],
    "translation": [
      2.083639,
      0.872532,
      -0.5979094
    ]
  },
  {
    "timeStamp": 6217,
    "rotation": [
      [
        -0.0201415159,
        -0.009055983,
        0.9997561
      ],
      [
        -0.9987221,
        0.0465420671,
        -0.0196990967
      ],
      [
        -0.0463523231,
        -0.9988753,
        -0.009981838
      ]
    ],
    "translation": [
      2.08393764,
      0.866131663,
      -0.596637547
    ]
  },
  {
    "timeStamp": 6261,
    "rotation": [
      [
        -0.00154503924,
        -0.0141059,
        0.9998993
      ],
      [
        -0.9991904,
        0.04021894,
        -0.000976562442
      ],
      [
        -0.0402011126,
        -0.9990913,
        -0.0141566209
      ]
    ],
    "translation": [
      2.08465123,
      0.859834433,
      -0.5954714
    ]
  },
  {
    "timeStamp": 6317,
    "rotation": [
      [
        -0.00490078935,
        -0.008354358,
        0.9999531
      ],
      [
        -0.9982823,
        0.0584202,
        -0.004404515
      ],
      [
        -0.0583806634,
        -0.9982571,
        -0.008626314
      ]
    ],
    "translation": [
      2.08511019,
      0.853897,
      -0.593045056
    ]
  },
  {
    "timeStamp": 6361,
    "rotation": [
      [
        -0.0180873238,
        0.0008894488,
        0.999836
      ],
      [
        -0.9983965,
        0.0536325276,
        -0.0181089938
      ],
      [
        -0.05363984,
        -0.9985603,
        -8.204625E-05
      ]
    ],
    "translation": [
      2.08467841,
      0.8501748,
      -0.592985332
    ]
  }
]