[
  {
    "timeStamp": 18323,
    "rotation": [
      [
        0.9972242,
        -0.0005665616,
        0.07445512
      ],
      [
        -0.07440059,
        -0.0465952121,
        0.9961393
      ],
      [
        0.00290485867,
        -0.9989137,
        -0.0465080254
      ]
    ],
    "translation": [
      1.15803337,
      0.7025873,
      -0.6156948
    ]
  },
  {
    "timeStamp": 18378,
    "rotation": [
      [
        0.9927913,
        0.009186168,
        0.119503684
      ],
      [
        -0.118985146,
        -0.04445269,
        0.991900444
      ],
      [
        0.0144240251,
        -0.9989693,
        -0.043039225
      ]
    ],
    "translation": [
      1.1531893,
      0.7102781,
      -0.6178985
    ]
  },
  {
    "timeStamp": 18422,
    "rotation": [
      [
        0.985177934,
        0.05520376,
        0.162410051
      ],
      [
        -0.159815848,
        -0.04857156,
        0.9859512
      ],
      [
        0.06231671,
        -0.997293055,
        -0.0390291922
      ]
    ],
    "translation": [
      1.14907146,
      0.72622323,
      -0.6276291
    ]
  },
  {
    "timeStamp": 18478,
    "rotation": [
      [
        0.953645766,
        0.18509604,
        0.237274691
      ],
      [
        -0.215598971,
        -0.129836366,
        0.967811763
      ],
      [
        0.209945008,
        -0.9741058,
        -0.08391138
      ]
    ],
    "translation": [
      1.1471951,
      0.758904636,
      -0.6476896
    ]
  },
  {
    "timeStamp": 18522,
    "rotation": [
      [
        0.900782347,
        0.316227049,
        0.297643721
      ],
      [
        -0.2507556,
        -0.180837929,
        0.951009631
      ],
      [
        0.354560226,
        -0.9312885,
        -0.0835998952
      ]
    ],
    "translation": [
      1.15383661,
      0.785598636,
      -0.674436033
    ]
  },
  {
    "timeStamp": 18578,
    "rotation": [
      [
        0.7935683,
        0.497656047,
        0.3501254
      ],
      [
        -0.284809023,
        -0.204695433,
        0.936474
      ],
      [
        0.537711,
        -0.842874944,
        -0.0207028668
      ]
    ],
    "translation": [
      1.17917609,
      0.809033632,
      -0.720280468
    ]
  },
  {
    "timeStamp": 18622,
    "rotation": [
      [
        0.6512399,
        0.6697635,
        0.356796116
      ],
      [
        -0.325656176,
        -0.178021923,
        0.928577542
      ],
      [
        0.6854449,
        -0.7209196,
        0.102177657
      ]
    ],
    "translation": [
      1.20856476,
      0.8189702,
      -0.7685131
    ]
  },
  {
    "timeStamp": 18678,
    "rotation": [
      [
        0.509904,
        0.8043299,
        0.305043161
      ],
      [
        -0.310354263,
        -0.158715129,
        0.937277853
      ],
      [
        0.802295566,
        -0.572593153,
        0.16869773
      ]
    ],
    "translation": [
      1.26840687,
      0.8218013,
      -0.813336253
    ]
  },
  {
    "timeStamp": 18722,
    "rotation": [
      [
        0.4756658,
        0.8380807,
        0.267138362
      ],
      [
        -0.2742421,
        -0.147263691,
        0.9503182
      ],
      [
        0.8357831,
        -0.5252944,
        0.1597887
      ]
    ],
    "translation": [
      1.32223916,
      0.819720864,
      -0.822479844
    ]
  },
  {
    "timeStamp": 18777,
    "rotation": [
      [
        0.5377483,
        0.808191836,
        0.240109742
      ],
      [
        -0.26137048,
        -0.110957876,
        0.958839834
      ],
      [
        0.8015686,
        -0.578372061,
        0.1515701
      ]
    ],
    "translation": [
      1.39155257,
      0.816907346,
      -0.812182
    ]
  },
  {
    "timeStamp": 18822,
    "rotation": [
      [
        0.63298434,
        0.7371901,
        0.2363926
      ],
      [
        -0.2662403,
        -0.0794359446,
        0.9606279
      ],
      [
        0.7269435,
        -0.6709997,
        0.145988017
      ]
    ],
    "translation": [
      1.4457978,
      0.818282,
      -0.793903053
    ]
  },
  {
    "timeStamp": 18878,
    "rotation": [
      [
        0.727513134,
        0.641129136,
        0.2442907
      ],
      [
        -0.233841285,
        -0.103033282,
        0.9668001
      ],
      [
        0.6450138,
        -0.760485,
        0.0749644041
      ]
    ],
    "translation": [
      1.5120542,
      0.8297769,
      -0.763785541
    ]
  },
  {
    "timeStamp": 18922,
    "rotation": [
      [
        0.79053247,
        0.558940768,
        0.250287324
      ],
      [
        -0.206005916,
        -0.142172039,
        0.9681677
      ],
      [
        0.5767322,
        -0.8169287,
        0.002753479
      ]
    ],
    "translation": [
      1.56400311,
      0.845456,
      -0.739103138
    ]
  },
  {
    "timeStamp": 18978,
    "rotation": [
      [
        0.854865432,
        0.4415345,
        0.2724931
      ],
      [
        -0.196873724,
        -0.209874257,
        0.9577022
      ],
      [
        0.480047852,
        -0.872353256,
        -0.09248771
      ]
    ],
    "translation": [
      1.63048339,
      0.873133957,
      -0.7071728
    ]
  },
  {
    "timeStamp": 19022,
    "rotation": [
      [
        0.8963761,
        0.339798957,
        0.2846869
      ],
      [
        -0.198834851,
        -0.265790015,
        0.9433029
      ],
      [
        0.39620024,
        -0.90215987,
        -0.17068395
      ]
    ],
    "translation": [
      1.68636107,
      0.898861051,
      -0.68469
    ]
  },
  {
    "timeStamp": 19077,
    "rotation": [
      [
        0.937240243,
        0.239242062,
        0.253661245
      ],
      [
        -0.167418435,
        -0.329375029,
        0.929237962
      ],
      [
        0.305862457,
        -0.913386762,
        -0.26865
      ]
    ],
    "translation": [
      1.7578485,
      0.9297172,
      -0.6630456
    ]
  },
  {
    "timeStamp": 19123,
    "rotation": [
      [
        0.9631878,
        0.166199446,
        0.211298332
      ],
      [
        -0.138571,
        -0.366584539,
        0.9200075
      ],
      [
        0.230363443,
        -0.9154198,
        -0.33005935
      ]
    ],
    "translation": [
      1.81719255,
      0.95118016,
      -0.6499609
    ]
  },
  {
    "timeStamp": 19177,
    "rotation": [
      [
        0.9864133,
        0.07226248,
        0.147536322
      ],
      [
        -0.105144531,
        -0.412334055,
        0.9049449
      ],
      [
        0.126227811,
        -0.9081623,
        -0.399133772
      ]
    ],
    "translation": [
      1.89443338,
      0.9778551,
      -0.635843754
    ]
  },
  {
    "timeStamp": 19222,
    "rotation": [
      [
        0.99438554,
        0.0550135449,
        0.090392895
      ],
      [
        -0.0580650754,
        -0.430463046,
        0.9007386
      ],
      [
        0.08846362,
        -0.9009301,
        -0.424851865
      ]
    ],
    "translation": [
      1.95005131,
      0.99263823,
      -0.6306534
    ]
  },
  {
    "timeStamp": 19277,
    "rotation": [
      [
        0.9949313,
        0.090824604,
        -0.04315749
      ],
      [
        0.0769887343,
        -0.4119294,
        0.907957554
      ],
      [
        0.06468704,
        -0.906678,
        -0.416833937
      ]
    ],
    "translation": [
      2.01537156,
      0.9964952,
      -0.6263461
    ]
  },
  {
    "timeStamp": 19322,
    "rotation": [
      [
        0.9871954,
        0.118666939,
        -0.106599458
      ],
      [
        0.143863767,
        -0.37364772,
        0.9163463
      ],
      [
        0.06890936,
        -0.919948637,
        -0.3859352
      ]
    ],
    "translation": [
      2.06021237,
      0.9931716,
      -0.6240541
    ]
  },
  {
    "timeStamp": 19372,
    "rotation": [
      [
        0.979051232,
        0.1772719,
        -0.100166909
      ],
      [
        0.147952512,
        -0.281392634,
        0.948118269
      ],
      [
        0.1398885,
        -0.9430763,
        -0.301725626
      ]
    ],
    "translation": [
      2.09865427,
      0.980955064,
      -0.62579906
    ]
  },
  {
    "timeStamp": 19428,
    "rotation": [
      [
        0.9476905,
        0.2880395,
        -0.137535438
      ],
      [
        0.210869879,
        -0.24151,
        0.94721
      ],
      [
        0.239617735,
        -0.926664,
        -0.2896156
      ]
    ],
    "translation": [
      2.124231,
      0.9698267,
      -0.6198195
    ]
  },
  {
    "timeStamp": 19472,
    "rotation": [
      [
        0.928711534,
        0.339510858,
        -0.149088174
      ],
      [
        0.221422151,
        -0.185259014,
        0.9574191
      ],
      [
        0.29743427,
        -0.922177553,
        -0.24722743
      ]
    ],
    "translation": [
      2.14206386,
      0.956220031,
      -0.616067469
    ]
  },
  {
    "timeStamp": 19528,
    "rotation": [
      [
        0.8933908,
        0.4217194,
        -0.15493755
      ],
      [
        0.219782948,
        -0.109450072,
        0.969389558
      ],
      [
        0.391852438,
        -0.9000963,
        -0.190468431
      ]
    ],
    "translation": [
      2.15728831,
      0.935921431,
      -0.6128788
    ]
  },
  {
    "timeStamp": 19573,
    "rotation": [
      [
        0.856836438,
        0.477288336,
        -0.195005521
      ],
      [
        0.2565252,
        -0.06655806,
        0.9642432
      ],
      [
        0.447242826,
        -0.876222432,
        -0.17946586
      ]
    ],
    "translation": [
      2.16956544,
      0.9231486,
      -0.607646048
    ]
  },
  {
    "timeStamp": 19628,
    "rotation": [
      [
        0.827990234,
        0.5299714,
        -0.1832004
      ],
      [
        0.240263328,
        -0.0401030853,
        0.969879
      ],
      [
        0.506661236,
        -0.8470667,
        -0.160537675
      ]
    ],
    "translation": [
      2.17402768,
      0.910382,
      -0.6032734
    ]
  },
  {
    "timeStamp": 19672,
    "rotation": [
      [
        0.8064893,
        0.5601576,
        -0.189204767
      ],
      [
        0.238506451,
        -0.0154091222,
        0.9710187
      ],
      [
        0.541008055,
        -0.8282427,
        -0.1460285
      ]
    ],
    "translation": [
      2.176969,
      0.902035,
      -0.5990654
    ]
  },
  {
    "timeStamp": 19729,
    "rotation": [
      [
        0.7760188,
        0.59461844,
        -0.210294574
      ],
      [
        0.245951086,
        0.0217297636,
        0.969038665
      ],
      [
        0.5807779,
        -0.803714335,
        -0.129384339
      ]
    ],
    "translation": [
      2.1825974,
      0.8913489,
      -0.5953561
    ]
  },
  {
    "timeStamp": 19774,
    "rotation": [
      [
        0.7599676,
        0.6134398,
        -0.214804277
      ],
      [
        0.240436465,
        0.0417098142,
        0.969768345
      ],
      [
        0.603853941,
        -0.7886393,
        -0.115795188
      ]
    ],
    "translation": [
      2.18483186,
      0.886693358,
      -0.5929893
    ]
  },
  {
    "timeStamp": 19831,
    "rotation": [
      [
        0.7352737,
        0.638937652,
        -0.2261222
      ],
      [
        0.243670925,
        0.0621207,
        0.9678665
      ],
      [
        0.6324532,
        -0.766746163,
        -0.110014819
      ]
    ],
    "translation": [
      2.18584418,
      0.8812923,
      -0.5919285
    ]
  },
  {
    "timeStamp": 19876,
    "rotation": [
      [
        0.71551,
        0.6558348,
        -0.24067831
      ],
      [
        0.249414533,
        0.081997,
        0.9649191
      ],
      [
        0.652562439,
        -0.7504379,
        -0.104905069
      ]
    ],
    "translation": [
      2.18837786,
      0.8766612,
      -0.591425359
    ]
  },
  {
    "timeStamp": 19921,
    "rotation": [
      [
        0.695895255,
        0.673091948,
        -0.250353724
      ],
      [
        0.251903057,
        0.0976761952,
        0.9628106
      ],
      [
        0.672513664,
        -0.733080149,
        -0.101581521
      ]
    ],
    "translation": [
      2.18959236,
      0.8723182,
      -0.5914119
    ]
  },
  {
    "timeStamp": 19977,
    "rotation": [
      [
        0.66560936,
        0.6876628,
        -0.289972633
      ],
      [
        0.275357366,
        0.134843081,
        0.9518381
      ],
      [
        0.6936444,
        -0.7133984,
        -0.0996002
      ]
    ],
    "translation": [
      2.19502044,
      0.8646578,
      -0.5905645
    ]
  }
]