[
  {
    "timeStamp": 34465,
    "rotation": [
      [
        0.8211517,
        -0.5703873,
        0.01918921
      ],
      [
        -0.08270749,
        -0.0856658444,
        0.9928851
      ],
      [
        -0.5646852,
        -0.8168964,
        -0.117519952
      ]
    ],
    "translation": [
      1.61380935,
      0.7047602,
      -0.754062951
    ]
  },
  {
    "timeStamp": 34510,
    "rotation": [
      [
        0.7793954,
        -0.6196412,
        0.09266921
      ],
      [
        -0.1477589,
        -0.0380517766,
        0.988291144
      ],
      [
        -0.608859658,
        -0.78396225,
        -0.121214889
      ]
    ],
    "translation": [
      1.6087575,
      0.7165282,
      -0.7477534
    ]
  },
  {
    "timeStamp": 34569,
    "rotation": [
      [
        0.725681543,
        -0.67211175,
        0.147146508
      ],
      [
        -0.187405467,
        0.0126923909,
        0.9822006
      ],
      [
        -0.6620162,
        -0.740340948,
        -0.116746776
      ]
    ],
    "translation": [
      1.6135608,
      0.738663554,
      -0.738742769
    ]
  },
  {
    "timeStamp": 34612,
    "rotation": [
      [
        0.636085868,
        -0.7401549,
        0.2180952
      ],
      [
        -0.274076045,
        0.0474929027,
        0.960534632
      ],
      [
        -0.72130245,
        -0.6707571,
        -0.172649175
      ]
    ],
    "translation": [
      1.62441409,
      0.7734213,
      -0.722186565
    ]
  },
  {
    "timeStamp": 34669,
    "rotation": [
      [
        0.469799,
        -0.835220337,
        0.285824925
      ],
      [
        -0.418867052,
        0.0741045,
        0.905018747
      ],
      [
        -0.77707094,
        -0.5448996,
        -0.315032065
      ]
    ],
    "translation": [
      1.66088438,
      0.838263333,
      -0.694505036
    ]
  },
  {
    "timeStamp": 34715,
    "rotation": [
      [
        0.288971,
        -0.91659224,
        0.27632305
      ],
      [
        -0.5394132,
        0.0825659856,
        0.8379834
      ],
      [
        -0.790904,
        -0.391205221,
        -0.4705628
      ]
    ],
    "translation": [
      1.71576631,
      0.8967125,
      -0.6714478
    ]
  },
  {
    "timeStamp": 34771,
    "rotation": [
      [
        0.07003307,
        -0.9825961,
        0.1720472
      ],
      [
        -0.64206624,
        0.0875946656,
        0.761628568
      ],
      [
        -0.7634437,
        -0.163804889,
        -0.624757349
      ]
    ],
    "translation": [
      1.80939579,
      0.9576586,
      -0.654202342
    ]
  },
  {
    "timeStamp": 34815,
    "rotation": [
      [
        -0.0478452444,
        -0.9986396,
        0.0207321551
      ],
      [
        -0.7034745,
        0.0484243147,
        0.7090689
      ],
      [
        -0.7091082,
        0.0193410311,
        -0.7048344
      ]
    ],
    "translation": [
      1.887944,
      0.9911369,
      -0.6574038
    ]
  },
  {
    "timeStamp": 34870,
    "rotation": [
      [
        -0.161871433,
        -0.9709303,
        -0.17632927
      ],
      [
        -0.7373698,
        0.0002580871,
        0.675489247
      ],
      [
        -0.6558075,
        0.239362285,
        -0.7159765
      ]
    ],
    "translation": [
      1.98903191,
      1.0132544,
      -0.673411846
    ]
  },
  {
    "timeStamp": 34915,
    "rotation": [
      [
        -0.2220573,
        -0.9227685,
        -0.314942628
      ],
      [
        -0.7240199,
        -0.0602919422,
        0.6871391
      ],
      [
        -0.6530588,
        0.380608976,
        -0.654714465
      ]
    ],
    "translation": [
      2.056894,
      1.00973809,
      -0.6923437
    ]
  },
  {
    "timeStamp": 34971,
    "rotation": [
      [
        -0.3074194,
        -0.85921675,
        -0.408949852
      ],
      [
        -0.6665386,
        -0.112282783,
        0.736966
      ],
      [
        -0.679131567,
        0.499138474,
        -0.5381832
      ]
    ],
    "translation": [
      2.12926984,
      0.9824233,
      -0.72022593
    ]
  },
  {
    "timeStamp": 35015,
    "rotation": [
      [
        -0.335918039,
        -0.825858831,
        -0.4528977
      ],
      [
        -0.604592443,
        -0.179644421,
        0.776012838
      ],
      [
        -0.7222376,
        0.5344952,
        -0.438962162
      ]
    ],
    "translation": [
      2.16830683,
      0.951731563,
      -0.7367773
    ]
  },
  {
    "timeStamp": 35067,
    "rotation": [
      [
        -0.373780549,
        -0.8067876,
        -0.457582623
      ],
      [
        -0.490429431,
        -0.24682267,
        0.835797548
      ],
      [
        -0.7872529,
        0.536816835,
        -0.303414881
      ]
    ],
    "translation": [
      2.20094323,
      0.9047583,
      -0.7531681
    ]
  },
  {
    "timeStamp": 35121,
    "rotation": [
      [
        -0.388213873,
        -0.798035562,
        -0.460900456
      ],
      [
        -0.422742,
        -0.2901921,
        0.8585323
      ],
      [
        -0.818889,
        0.528136134,
        -0.224706545
      ]
    ],
    "translation": [
      2.218852,
      0.8660729,
      -0.7664298
    ]
  },
  {
    "timeStamp": 35165,
    "rotation": [
      [
        -0.3714636,
        -0.7961259,
        -0.4777011
      ],
      [
        -0.343033582,
        -0.360425472,
        0.8674223
      ],
      [
        -0.862753,
        0.486083329,
        -0.139212981
      ]
    ],
    "translation": [
      2.22871065,
      0.836522937,
      -0.7732754
    ]
  },
  {
    "timeStamp": 35221,
    "rotation": [
      [
        -0.41508022,
        -0.784973,
        -0.4599192
      ],
      [
        -0.307320625,
        -0.354833841,
        0.8829762
      ],
      [
        -0.856307447,
        0.5078486,
        -0.09395391
      ]
    ],
    "translation": [
      2.23723173,
      0.81366384,
      -0.7797305
    ]
  }
]