[
  {
    "timeStamp": 23561,
    "rotation": [
      [
        -0.8948177,
        0.440809667,
        -0.0706269
      ],
      [
        0.445511937,
        0.8715782,
        -0.204622865
      ],
      [
        -0.0286428649,
        -0.214565292,
        -0.9762896
      ]
    ],
    "translation": [
      1.61631215,
      0.7309714,
      -0.753395259
    ]
  },
  {
    "timeStamp": 23617,
    "rotation": [
      [
        -0.88683337,
        0.455294669,
        -0.07895128
      ],
      [
        0.457511276,
        0.841145337,
        -0.288371235
      ],
      [
        -0.0648843944,
        -0.291858345,
        -0.9542582
      ]
    ],
    "translation": [
      1.61706722,
      0.741690934,
      -0.7416629
    ]
  },
  {
    "timeStamp": 23661,
    "rotation": [
      [
        -0.872552,
        0.4755922,
        -0.11164698
      ],
      [
        0.486583,
        0.825751,
        -0.2852583
      ],
      [
        -0.0434740074,
        -0.3032282,
        -0.951925755
      ]
    ],
    "translation": [
      1.61720562,
      0.756059945,
      -0.738499463
    ]
  },
  {
    "timeStamp": 23716,
    "rotation": [
      [
        -0.840884745,
        0.512030065,
        -0.175322592
      ],
      [
        0.541134,
        0.7898474,
        -0.2886436
      ],
      [
        -0.009316114,
        -0.337589025,
        -0.9412475
      ]
    ],
    "translation": [
      1.62023377,
      0.788131,
      -0.7323092
    ]
  },
  {
    "timeStamp": 23761,
    "rotation": [
      [
        -0.794886053,
        0.5411939,
        -0.2743454
      ],
      [
        0.604054332,
        0.7484747,
        -0.2736859
      ],
      [
        0.05722347,
        -0.383268654,
        -0.9218626
      ]
    ],
    "translation": [
      1.63099945,
      0.8226818,
      -0.724768341
    ]
  },
  {
    "timeStamp": 23816,
    "rotation": [
      [
        -0.72029835,
        0.5600536,
        -0.409280121
      ],
      [
        0.6782747,
        0.692250967,
        -0.246438891
      ],
      [
        0.145305559,
        -0.455113858,
        -0.878497362
      ]
    ],
    "translation": [
      1.6543597,
      0.8711913,
      -0.7134001
    ]
  },
  {
    "timeStamp": 23861,
    "rotation": [
      [
        -0.638641655,
        0.555935264,
        -0.532045841
      ],
      [
        0.7382266,
        0.6377603,
        -0.2197345
      ],
      [
        0.217159584,
        -0.533102036,
        -0.8177065
      ]
    ],
    "translation": [
      1.686322,
      0.911101937,
      -0.7043697
    ]
  },
  {
    "timeStamp": 23916,
    "rotation": [
      [
        -0.5197047,
        0.5135307,
        -0.682783544
      ],
      [
        0.7936733,
        0.585996568,
        -0.163373217
      ],
      [
        0.316211641,
        -0.6268129,
        -0.7121207
      ]
    ],
    "translation": [
      1.73780227,
      0.953889132,
      -0.6921334
    ]
  },
  {
    "timeStamp": 23961,
    "rotation": [
      [
        -0.418099374,
        0.4494363,
        -0.789430141
      ],
      [
        0.8197779,
        0.5610681,
        -0.114746392
      ],
      [
        0.3913529,
        -0.6951328,
        -0.6030202
      ]
    ],
    "translation": [
      1.78929913,
      0.9788448,
      -0.6854576
    ]
  },
  {
    "timeStamp": 24016,
    "rotation": [
      [
        -0.268187,
        0.354222447,
        -0.8958807
      ],
      [
        0.839883268,
        0.541482031,
        -0.03732717
      ],
      [
        0.471881151,
        -0.762445867,
        -0.44272393
      ]
    ],
    "translation": [
      1.86152828,
      1.002124,
      -0.680151641
    ]
  },
  {
    "timeStamp": 24061,
    "rotation": [
      [
        -0.165681481,
        0.2592563,
        -0.951491356
      ],
      [
        0.8436759,
        0.53685236,
        -0.000629663467
      ],
      [
        0.5106471,
        -0.802854657,
        -0.307674825
      ]
    ],
    "translation": [
      1.922139,
      1.01463,
      -0.681424558
    ]
  },
  {
    "timeStamp": 24117,
    "rotation": [
      [
        -0.07206329,
        0.143111974,
        -0.9870795
      ],
      [
        0.833328366,
        0.5524428,
        0.01925761
      ],
      [
        0.5480609,
        -0.821173549,
        -0.1590701
      ]
    ],
    "translation": [
      1.99409878,
      1.01992011,
      -0.6883917
    ]
  },
  {
    "timeStamp": 24161,
    "rotation": [
      [
        -0.0103785545,
        0.07380925,
        -0.9972184
      ],
      [
        0.822759569,
        0.567405343,
        0.0334337056
      ],
      [
        0.568294764,
        -0.82012403,
        -0.06661611
      ]
    ],
    "translation": [
      2.04197025,
      1.01714575,
      -0.696656644
    ]
  },
  {
    "timeStamp": 24216,
    "rotation": [
      [
        0.0295135956,
        0.002091711,
        -0.9995622
      ],
      [
        0.7970254,
        0.6034366,
        0.0247961544
      ],
      [
        0.6032243,
        -0.7974083,
        0.0161424354
      ]
    ],
    "translation": [
      2.09028172,
      1.00501907,
      -0.7076533
    ]
  },
  {
    "timeStamp": 24261,
    "rotation": [
      [
        0.05020869,
        -0.0112996791,
        -0.9986748
      ],
      [
        0.7654505,
        0.642737448,
        0.0312109012
      ],
      [
        0.641533,
        -0.7660032,
        0.04092035
      ]
    ],
    "translation": [
      2.11305666,
      0.9872888,
      -0.7137968
    ]
  },
  {
    "timeStamp": 24315,
    "rotation": [
      [
        0.0365781,
        -0.0420722961,
        -0.9984448
      ],
      [
        0.7361142,
        0.676855564,
        -0.00155362487
      ],
      [
        0.6758683,
        -0.7349126,
        0.055728104
      ]
    ],
    "translation": [
      2.12820029,
      0.9683861,
      -0.7182199
    ]
  },
  {
    "timeStamp": 24367,
    "rotation": [
      [
        0.06769999,
        -0.02166312,
        -0.9974705
      ],
      [
        0.6992513,
        0.714161634,
        0.03194915
      ],
      [
        0.711663067,
        -0.6996455,
        0.0634967
      ]
    ],
    "translation": [
      2.135934,
      0.938714,
      -0.719187
    ]
  },
  {
    "timeStamp": 24411,
    "rotation": [
      [
        0.0583771467,
        -0.0192491766,
        -0.998109043
      ],
      [
        0.655370057,
        0.7549338,
        0.023771733
      ],
      [
        0.7530486,
        -0.6555185,
        0.0566862151
      ]
    ],
    "translation": [
      2.13608432,
      0.912255645,
      -0.7174542
    ]
  },
  {
    "timeStamp": 24467,
    "rotation": [
      [
        0.0314492844,
        -0.0215802174,
        -0.999272346
      ],
      [
        0.6256708,
        0.780082,
        0.002844632
      ],
      [
        0.779453,
        -0.625305,
        0.0380351357
      ]
    ],
    "translation": [
      2.137848,
      0.8848867,
      -0.7144023
    ]
  },
  {
    "timeStamp": 24511,
    "rotation": [
      [
        0.0573022924,
        0.0250780266,
        -0.998041868
      ],
      [
        0.580034,
        0.8128186,
        0.0537263677
      ],
      [
        0.8125743,
        -0.581976831,
        0.0320302621
      ]
    ],
    "translation": [
      2.132522,
      0.861471653,
      -0.712486565
    ]
  },
  {
    "timeStamp": 24567,
    "rotation": [
      [
        0.0296446327,
        0.0136216506,
        -0.9994677
      ],
      [
        0.567550361,
        0.8228607,
        0.0280484762
      ],
      [
        0.8228048,
        -0.56807977,
        0.0166624319
      ]
    ],
    "translation": [
      2.13153768,
      0.8427223,
      -0.707483947
    ]
  },
  {
    "timeStamp": 24611,
    "rotation": [
      [
        0.04491799,
        0.0266954042,
        -0.9986339
      ],
      [
        0.5488264,
        0.8346143,
        0.0469967425
      ],
      [
        0.8347287,
        -0.550187647,
        0.0228380524
      ]
    ],
    "translation": [
      2.13110757,
      0.8289028,
      -0.704189956
    ]
  },
  {
    "timeStamp": 24666,
    "rotation": [
      [
        0.057471808,
        0.0299025215,
        -0.997899234
      ],
      [
        0.547026932,
        0.835204,
        0.0565320924
      ],
      [
        0.8351399,
        -0.549126744,
        0.0316431969
      ]
    ],
    "translation": [
      2.133109,
      0.8186046,
      -0.698487639
    ]
  },
  {
    "timeStamp": 24711,
    "rotation": [
      [
        0.0793800652,
        0.0499843471,
        -0.995590448
      ],
      [
        0.538272738,
        0.8384719,
        0.08501347
      ],
      [
        0.839023948,
        -0.5426476,
        0.0396527462
      ]
    ],
    "translation": [
      2.13385844,
      0.8102435,
      -0.6950201
    ]
  },
  {
    "timeStamp": 24767,
    "rotation": [
      [
        0.07066497,
        0.04444729,
        -0.996509433
      ],
      [
        0.536122739,
        0.840755343,
        0.075518
      ],
      [
        0.8411771,
        -0.5395878,
        0.03558275
      ]
    ],
    "translation": [
      2.13629985,
      0.8033991,
      -0.689916849
    ]
  },
  {
    "timeStamp": 24812,
    "rotation": [
      [
        0.06787919,
        0.0473026149,
        -0.996571541
      ],
      [
        0.5321473,
        0.8432095,
        0.0762692243
      ],
      [
        0.84392637,
        -0.5355,
        0.03206442
      ]
    ],
    "translation": [
      2.135352,
      0.79889,
      -0.686665356
    ]
  },
  {
    "timeStamp": 24858,
    "rotation": [
      [
        0.0340962969,
        0.034543097,
        -0.9988214
      ],
      [
        0.5329555,
        0.844814,
        0.04741018
      ],
      [
        0.845456,
        -0.5339439,
        0.0103950929
      ]
    ],
    "translation": [
      2.13525248,
      0.795500159,
      -0.683361
    ]
  },
  {
    "timeStamp": 24915,
    "rotation": [
      [
        -0.000771254534,
        0.0168323573,
        -0.999858
      ],
      [
        0.531117857,
        0.8471847,
        0.0138524557
      ],
      [
        0.8472976,
        -0.5310318,
        -0.00959336
      ]
    ],
    "translation": [
      2.13390684,
      0.79252553,
      -0.6808938
    ]
  },
  {
    "timeStamp": 24961,
    "rotation": [
      [
        -0.0198108573,
        -0.00369998324,
        -0.999796867
      ],
      [
        0.5314867,
        0.846956432,
        -0.0136657059
      ],
      [
        0.846834958,
        -0.5316495,
        -0.0148124387
      ]
    ],
    "translation": [
      2.13395786,
      0.790178835,
      -0.679777741
    ]
  },
  {
    "timeStamp": 25007,
    "rotation": [
      [
        -0.0299726669,
        -0.00377213815,
        -0.9995436
      ],
      [
        0.5283257,
        0.8488282,
        -0.01904592
      ],
      [
        0.8485126,
        -0.5286554,
        -0.0234487262
      ]
    ],
    "translation": [
      2.13252354,
      0.787477136,
      -0.679208159
    ]
  },
  {
    "timeStamp": 25059,
    "rotation": [
      [
        -0.0109748235,
        0.0593842827,
        -0.998174846
      ],
      [
        0.5280381,
        0.848046243,
        0.04464698
      ],
      [
        0.849149764,
        -0.5265843,
        -0.04066432
      ]
    ],
    "translation": [
      2.12558675,
      0.783279657,
      -0.678284049
    ]
  },
  {
    "timeStamp": 25114,
    "rotation": [
      [
        0.0204666331,
        0.122957118,
        -0.9922009
      ],
      [
        0.5342098,
        0.8375195,
        0.114807867
      ],
      [
        0.8451041,
        -0.5323932,
        -0.0485436954
      ]
    ],
    "translation": [
      2.11798024,
      0.7797451,
      -0.677091837
    ]
  },
  {
    "timeStamp": 25158,
    "rotation": [
      [
        0.0472599268,
        0.192486644,
        -0.980160952
      ],
      [
        0.529747963,
        0.8270651,
        0.187963858
      ],
      [
        0.8468374,
        -0.5281214,
        -0.06288237
      ]
    ],
    "translation": [
      2.10994649,
      0.776714742,
      -0.6765766
    ]
  },
  {
    "timeStamp": 25214,
    "rotation": [
      [
        0.05731019,
        0.198004127,
        -0.9785243
      ],
      [
        0.519903064,
        0.830826,
        0.198567092
      ],
      [
        0.8523006,
        -0.5201177,
        -0.0553281568
      ]
    ],
    "translation": [
      2.109175,
      0.7752261,
      -0.676403165
    ]
  },
  {
    "timeStamp": 25258,
    "rotation": [
      [
        0.05463814,
        0.200657412,
        -0.978136659
      ],
      [
        0.5146035,
        0.8338249,
        0.199798375
      ],
      [
        0.855685651,
        -0.5142691,
        -0.0577003621
      ]
    ],
    "translation": [
      2.10911918,
      0.7742834,
      -0.6760386
    ]
  },
  {
    "timeStamp": 25314,
    "rotation": [
      [
        0.0557615124,
        0.196838856,
        -0.978848934
      ],
      [
        0.497695684,
        0.8444128,
        0.198156744
      ],
      [
        0.8655575,
        -0.498218358,
        -0.05088011
      ]
    ],
    "translation": [
      2.10928226,
      0.772707,
      -0.6755236
    ]
  },
  {
    "timeStamp": 25359,
    "rotation": [
      [
        0.06018943,
        0.187842876,
        -0.9803532
      ],
      [
        0.50704813,
        0.8402322,
        0.192125216
      ],
      [
        0.859813631,
        -0.5086501,
        -0.0446722731
      ]
    ],
    "translation": [
      2.10981917,
      0.772849,
      -0.6745038
    ]
  },
  {
    "timeStamp": 25414,
    "rotation": [
      [
        0.0553226657,
        0.139949948,
        -0.9886119
      ],
      [
        0.5347283,
        0.8320149,
        0.147705123
      ],
      [
        0.8432112,
        -0.53681016,
        -0.02880591
      ]
    ],
    "translation": [
      2.11528659,
      0.7758549,
      -0.6720074
    ]
  },
  {
    "timeStamp": 25459,
    "rotation": [
      [
        0.0359481759,
        0.07971352,
        -0.9961694
      ],
      [
        0.549006641,
        0.831347,
        0.0863361061
      ],
      [
        0.835044563,
        -0.5500072,
        -0.0138778444
      ]
    ],
    "translation": [
      2.12233162,
      0.778942943,
      -0.6713856
    ]
  },
  {
    "timeStamp": 25516,
    "rotation": [
      [
        0.0106569827,
        -0.02673421,
        -0.9995858
      ],
      [
        0.5459171,
        0.837675035,
        -0.0165836215
      ],
      [
        0.8377714,
        -0.5455142,
        0.0235217512
      ]
    ],
    "translation": [
      2.13363671,
      0.781627536,
      -0.6737819
    ]
  },
  {
    "timeStamp": 25560,
    "rotation": [
      [
        -0.02345637,
        -0.09569325,
        -0.9951345
      ],
      [
        0.5442269,
        0.833766937,
        -0.09300397
      ],
      [
        0.838610053,
        -0.5437605,
        0.0325216949
      ]
    ],
    "translation": [
      2.14400387,
      0.7832647,
      -0.6754665
    ]
  },
  {
    "timeStamp": 25615,
    "rotation": [
      [
        -0.0274735019,
        -0.10598886,
        -0.993987739
      ],
      [
        0.547017455,
        0.830674052,
        -0.103694126
      ],
      [
        0.8366702,
        -0.5465775,
        0.03515624
      ]
    ],
    "translation": [
      2.144274,
      0.7831415,
      -0.6767827
    ]
  },
  {
    "timeStamp": 25660,
    "rotation": [
      [
        -0.03158106,
        -0.111043178,
        -0.9933137
      ],
      [
        0.5495877,
        0.8281555,
        -0.110053435
      ],
      [
        0.834838867,
        -0.549388647,
        0.03487394
      ]
    ],
    "translation": [
      2.14427447,
      0.7818091,
      -0.67658484
    ]
  },
  {
    "timeStamp": 25715,
    "rotation": [
      [
        -0.0270061418,
        -0.103129439,
        -0.99430126
      ],
      [
        0.5496069,
        0.829302549,
        -0.100943521
      ],
      [
        0.8349868,
        -0.5492009,
        0.03428439
      ]
    ],
    "translation": [
      2.14187956,
      0.77880466,
      -0.6758311
    ]
  },
  {
    "timeStamp": 25760,
    "rotation": [
      [
        -0.0192741118,
        -0.0615389645,
        -0.997918546
      ],
      [
        0.551467359,
        0.831892848,
        -0.0619518161
      ],
      [
        0.833973765,
        -0.551513553,
        0.0179027319
      ]
    ],
    "translation": [
      2.137573,
      0.7763527,
      -0.674474955
    ]
  },
  {
    "timeStamp": 25816,
    "rotation": [
      [
        -0.010105188,
        -0.03535039,
        -0.9993239
      ],
      [
        0.560893059,
        0.827151,
        -0.03493166
      ],
      [
        0.82782656,
        -0.5608668,
        0.0114692729
      ]
    ],
    "translation": [
      2.13455939,
      0.7750178,
      -0.672738433
    ]
  },
  {
    "timeStamp": 25860,
    "rotation": [
      [
        -0.00232327916,
        -0.009357597,
        -0.9999535
      ],
      [
        0.571169,
        0.820783,
        -0.009007961
      ],
      [
        0.8208292,
        -0.5711634,
        0.00343786157
      ]
    ],
    "translation": [
      2.13208485,
      0.7739536,
      -0.6708018
    ]
  },
  {
    "timeStamp": 25915,
    "rotation": [
      [
        0.00401520031,
        0.0243839379,
        -0.9996946
      ],
      [
        0.5792031,
        0.814880848,
        0.0222024
      ],
      [
        0.8151734,
        -0.5791154,
        -0.0108513432
      ]
    ],
    "translation": [
      2.12844014,
      0.772371948,
      -0.66876
    ]
  },
  {
    "timeStamp": 25960,
    "rotation": [
      [
        0.0176085029,
        0.04075015,
        -0.9990142
      ],
      [
        0.583965,
        0.81062007,
        0.04335838
      ],
      [
        0.81158787,
        -0.5841528,
        -0.009522854
      ]
    ],
    "translation": [
      2.12679625,
      0.771916866,
      -0.6674519
    ]
  },
  {
    "timeStamp": 26015,
    "rotation": [
      [
        0.0205428023,
        0.0242152754,
        -0.9994957
      ],
      [
        0.5818126,
        0.812706947,
        0.031647943
      ],
      [
        0.813063443,
        -0.582169354,
        0.002606525
      ]
    ],
    "translation": [
      2.128359,
      0.77047205,
      -0.666499853
    ]
  },
  {
    "timeStamp": 26060,
    "rotation": [
      [
        0.0138312168,
        -0.009883721,
        -0.9998555
      ],
      [
        0.576330841,
        0.817216456,
        -0.000105798244
      ],
      [
        0.8170994,
        -0.5762461,
        0.0169993918
      ]
    ],
    "translation": [
      2.13188887,
      0.768698156,
      -0.66667825
    ]
  },
  {
    "timeStamp": 26115,
    "rotation": [
      [
        -8.495412E-05,
        -0.06147266,
        -0.998108745
      ],
      [
        0.5697927,
        0.820231259,
        -0.05056584
      ],
      [
        0.82178843,
        -0.5687194,
        0.03495699
      ]
    ],
    "translation": [
      2.13724518,
      0.768501043,
      -0.666837752
    ]
  },
  {
    "timeStamp": 26160,
    "rotation": [
      [
        -0.0139199756,
        -0.124264866,
        -0.992151439
      ],
      [
        0.5567562,
        0.823237062,
        -0.110920042
      ],
      [
        0.8305593,
        -0.553930461,
        0.0577257946
      ]
    ],
    "translation": [
      2.14337015,
      0.7685454,
      -0.668400764
    ]
  },
  {
    "timeStamp": 26215,
    "rotation": [
      [
        -0.0151459957,
        -0.133168384,
        -0.9909777
      ],
      [
        0.557202339,
        0.8218126,
        -0.118952066
      ],
      [
        0.83023864,
        -0.5539767,
        0.06175456
      ]
    ],
    "translation": [
      2.14646077,
      0.7684425,
      -0.6689511
    ]
  },
  {
    "timeStamp": 26260,
    "rotation": [
      [
        -0.0106727,
        -0.128701761,
        -0.9916259
      ],
      [
        0.5571966,
        0.8226872,
        -0.11277245
      ],
      [
        0.830311954,
        -0.553734243,
        0.0629318953
      ]
    ],
    "translation": [
      2.14630866,
      0.767310739,
      -0.668975
    ]
  },
  {
    "timeStamp": 26315,
    "rotation": [
      [
        -0.008573726,
        -0.125744581,
        -0.992025554
      ],
      [
        0.5568163,
        0.823428154,
        -0.109186321
      ],
      [
        0.83059144,
        -0.5533121,
        0.06295679
      ]
    ],
    "translation": [
      2.14600849,
      0.7663032,
      -0.6685504
    ]
  },
  {
    "timeStamp": 26360,
    "rotation": [
      [
        -0.009695539,
        -0.123087108,
        -0.992348552
      ],
      [
        0.558983,
        0.8221886,
        -0.107442558
      ],
      [
        0.8291224,
        -0.5557477,
        0.0608320422
      ]
    ],
    "translation": [
      2.14593816,
      0.7665622,
      -0.6674951
    ]
  },
  {
    "timeStamp": 26415,
    "rotation": [
      [
        -0.002969703,
        -0.117954388,
        -0.9930146
      ],
      [
        0.56077373,
        0.821990967,
        -0.09931654
      ],
      [
        0.827963769,
        -0.5571514,
        0.0637046546
      ]
    ],
    "translation": [
      2.14581561,
      0.7665743,
      -0.666966259
    ]
  },
  {
    "timeStamp": 26460,
    "rotation": [
      [
        -0.002151428,
        -0.115883335,
        -0.993260562
      ],
      [
        0.561670065,
        0.821646333,
        -0.09707776
      ],
      [
        0.827358544,
        -0.558093548,
        0.06332048
      ]
    ],
    "translation": [
      2.145736,
      0.7666994,
      -0.6656164
    ]
  },
  {
    "timeStamp": 26515,
    "rotation": [
      [
        -0.0009515423,
        -0.110728875,
        -0.9938502
      ],
      [
        0.562152863,
        0.8218882,
        -0.0921081156
      ],
      [
        0.827032745,
        -0.5587834,
        0.0614644922
      ]
    ],
    "translation": [
      2.144869,
      0.7660936,
      -0.6642864
    ]
  },
  {
    "timeStamp": 26560,
    "rotation": [
      [
        0.004147649,
        -0.105895735,
        -0.9943686
      ],
      [
        0.5610277,
        0.8233856,
        -0.0853467
      ],
      [
        0.8277866,
        -0.557514369,
        0.06282555
      ]
    ],
    "translation": [
      2.14414358,
      0.7650895,
      -0.6639052
    ]
  },
  {
    "timeStamp": 26615,
    "rotation": [
      [
        0.009184889,
        -0.09467974,
        -0.9954654
      ],
      [
        0.5634581,
        0.822907,
        -0.07306866
      ],
      [
        0.826093554,
        -0.560231864,
        0.0609063767
      ]
    ],
    "translation": [
      2.14245939,
      0.7651703,
      -0.6625326
    ]
  },
  {
    "timeStamp": 26660,
    "rotation": [
      [
        0.009037979,
        -0.0960462,
        -0.9953358
      ],
      [
        0.5623087,
        0.823576748,
        -0.07436614
      ],
      [
        0.826878,
        -0.5590139,
        0.0614510849
      ]
    ],
    "translation": [
      2.1424408,
      0.764847338,
      -0.6624094
    ]
  },
  {
    "timeStamp": 26715,
    "rotation": [
      [
        0.02569375,
        -0.07964442,
        -0.9964922
      ],
      [
        0.5579881,
        0.828230143,
        -0.0518088341
      ],
      [
        0.829451144,
        -0.5546996,
        0.0657209754
      ]
    ],
    "translation": [
      2.14064431,
      0.76397,
      -0.6625507
    ]
  },
  {
    "timeStamp": 26759,
    "rotation": [
      [
        0.015475818,
        -0.0885536745,
        -0.9959512
      ],
      [
        0.5608056,
        0.825417459,
        -0.06467669
      ],
      [
        0.827802837,
        -0.5575341,
        0.06243541
      ]
    ],
    "translation": [
      2.14055586,
      0.7642391,
      -0.6618418
    ]
  },
  {
    "timeStamp": 26815,
    "rotation": [
      [
        0.0160679817,
        -0.0874947,
        -0.9960354
      ],
      [
        0.5595518,
        0.8263544,
        -0.0635627657
      ],
      [
        0.8286396,
        -0.556312,
        0.0622356646
      ]
    ],
    "translation": [
      2.14012384,
      0.763099968,
      -0.661689162
    ]
  },
  {
    "timeStamp": 26860,
    "rotation": [
      [
        0.0205512736,
        -0.0841469839,
        -0.9962414
      ],
      [
        0.5580478,
        0.8277509,
        -0.05840367
      ],
      [
        0.82955426,
        -0.55475,
        0.06396937
      ]
    ],
    "translation": [
      2.13920712,
      0.762103558,
      -0.661634445
    ]
  },
  {
    "timeStamp": 26915,
    "rotation": [
      [
        0.0171559546,
        -0.084721975,
        -0.996256948
      ],
      [
        0.557932,
        0.8276582,
        -0.0607764721
      ],
      [
        0.8297093,
        -0.554801,
        0.06146837
      ]
    ],
    "translation": [
      2.13887,
      0.7614947,
      -0.6612518
    ]
  }
]