[
  {
    "timeStamp": 15042,
    "rotation": [
      [
        -0.8925625,
        0.4508917,
        0.00535607757
      ],
      [
        0.445681125,
        0.8839294,
        -0.141552582
      ],
      [
        -0.06855928,
        -0.123957425,
        -0.9899162
      ]
    ],
    "translation": [
      1.15387177,
      0.7315249,
      -0.363018364
    ]
  },
  {
    "timeStamp": 15086,
    "rotation": [
      [
        -0.886502147,
        0.462712765,
        -0.00328957732
      ],
      [
        0.4583586,
        0.8771414,
        -0.143284485
      ],
      [
        -0.0634141341,
        -0.128529817,
        -0.989676058
      ]
    ],
    "translation": [
      1.15524793,
      0.7347232,
      -0.35925144
    ]
  },
  {
    "timeStamp": 15143,
    "rotation": [
      [
        -0.8587703,
        0.508981943,
        -0.0587454028
      ],
      [
        0.512219965,
        0.8501838,
        -0.121730372
      ],
      [
        -0.0120141748,
        -0.134629,
        -0.990823269
      ]
    ],
    "translation": [
      1.15553868,
      0.7540777,
      -0.357601225
    ]
  },
  {
    "timeStamp": 15186,
    "rotation": [
      [
        -0.8289463,
        0.5537176,
        -0.07902431
      ],
      [
        0.5591943,
        0.8235258,
        -0.0954308
      ],
      [
        0.0122368382,
        -0.123296946,
        -0.9922944
      ]
    ],
    "translation": [
      1.16048408,
      0.777006149,
      -0.363055229
    ]
  },
  {
    "timeStamp": 15241,
    "rotation": [
      [
        -0.802883565,
        0.590445161,
        -0.08217349
      ],
      [
        0.595823944,
        0.7992615,
        -0.0785795748
      ],
      [
        0.0192811843,
        -0.112051181,
        -0.9935154
      ]
    ],
    "translation": [
      1.17589378,
      0.806802869,
      -0.379195154
    ]
  },
  {
    "timeStamp": 15286,
    "rotation": [
      [
        -0.7806674,
        0.620148242,
        -0.07729579
      ],
      [
        0.6238416,
        0.780655563,
        -0.0373973921
      ],
      [
        0.03714946,
        -0.07741525,
        -0.9963066
      ]
    ],
    "translation": [
      1.19605768,
      0.831427157,
      -0.4013383
    ]
  },
  {
    "timeStamp": 15341,
    "rotation": [
      [
        -0.746388,
        0.661876,
        -0.0694627
      ],
      [
        0.6613073,
        0.749335349,
        0.0341943
      ],
      [
        0.07468324,
        -0.02041397,
        -0.99699837
      ]
    ],
    "translation": [
      1.233029,
      0.860789,
      -0.438471228
    ]
  },
  {
    "timeStamp": 15386,
    "rotation": [
      [
        -0.7128563,
        0.6972392,
        -0.07545374
      ],
      [
        0.6862498,
        0.715676069,
        0.129880413
      ],
      [
        0.144558161,
        0.0408059545,
        -0.9886545
      ]
    ],
    "translation": [
      1.26749134,
      0.8821793,
      -0.473715365
    ]
  },
  {
    "timeStamp": 15441,
    "rotation": [
      [
        -0.6700531,
        0.736508667,
        -0.092649
      ],
      [
        0.7093261,
        0.6720637,
        0.212572157
      ],
      [
        0.218827263,
        0.07671628,
        -0.972743154
      ]
    ],
    "translation": [
      1.31944084,
      0.903651059,
      -0.5174328
    ]
  },
  {
    "timeStamp": 15486,
    "rotation": [
      [
        -0.6385883,
        0.7597806,
        -0.122222818
      ],
      [
        0.7199067,
        0.645931661,
        0.2539817
      ],
      [
        0.271917939,
        0.07420073,
        -0.9594555
      ]
    ],
    "translation": [
      1.36375391,
      0.9167107,
      -0.5492402
    ]
  },
  {
    "timeStamp": 15542,
    "rotation": [
      [
        -0.5695192,
        0.7969317,
        -0.201364875
      ],
      [
        0.7192022,
        0.601739466,
        0.347358167
      ],
      [
        0.397989929,
        0.05300508,
        -0.915857255
      ]
    ],
    "translation": [
      1.42296994,
      0.930112,
      -0.5815108
    ]
  },
  {
    "timeStamp": 15586,
    "rotation": [
      [
        -0.514117539,
        0.8149603,
        -0.267437637
      ],
      [
        0.7133812,
        0.579395056,
        0.394193649
      ],
      [
        0.476204216,
        0.0118768951,
        -0.8792545
      ]
    ],
    "translation": [
      1.47256231,
      0.9411812,
      -0.6018237
    ]
  },
  {
    "timeStamp": 15642,
    "rotation": [
      [
        -0.386232227,
        0.849280238,
        -0.3599274
      ],
      [
        0.7106439,
        0.5227428,
        0.4708771
      ],
      [
        0.5880561,
        -0.07391227,
        -0.805435956
      ]
    ],
    "translation": [
      1.53638208,
      0.9608022,
      -0.6158249
    ]
  },
  {
    "timeStamp": 15686,
    "rotation": [
      [
        -0.254069954,
        0.859764,
        -0.443006
      ],
      [
        0.7113557,
        0.476447076,
        0.5166926
      ],
      [
        0.6553026,
        -0.1838588,
        -0.7326489
      ]
    ],
    "translation": [
      1.59287918,
      0.979890347,
      -0.6156304
    ]
  },
  {
    "timeStamp": 15742,
    "rotation": [
      [
        -0.0164255761,
        0.8500491,
        -0.5264473
      ],
      [
        0.7087115,
        0.381305337,
        0.5935775
      ],
      [
        0.7053072,
        -0.363349378,
        -0.6087027
      ]
    ],
    "translation": [
      1.67155123,
      1.01011348,
      -0.603893638
    ]
  },
  {
    "timeStamp": 15786,
    "rotation": [
      [
        0.204222336,
        0.7877469,
        -0.581160963
      ],
      [
        0.7025173,
        0.29550457,
        0.64741534
      ],
      [
        0.681735158,
        -0.540492237,
        -0.493057162
      ]
    ],
    "translation": [
      1.74417138,
      1.03749609,
      -0.5902125
    ]
  },
  {
    "timeStamp": 15842,
    "rotation": [
      [
        0.441564739,
        0.660960555,
        -0.6067551
      ],
      [
        0.688343048,
        0.184209079,
        0.7016059
      ],
      [
        0.575503647,
        -0.7274601,
        -0.3736274
      ]
    ],
    "translation": [
      1.8406142,
      1.07148266,
      -0.5794118
    ]
  },
  {
    "timeStamp": 15886,
    "rotation": [
      [
        0.6023091,
        0.5379001,
        -0.5898197
      ],
      [
        0.650395155,
        0.09771881,
        0.7532843
      ],
      [
        0.46282813,
        -0.8373258,
        -0.29099068
      ]
    ],
    "translation": [
      1.91832435,
      1.09299529,
      -0.5769564
    ]
  },
  {
    "timeStamp": 15941,
    "rotation": [
      [
        0.7641365,
        0.347804368,
        -0.5432564
      ],
      [
        0.57521,
        0.0137580205,
        0.8178901
      ],
      [
        0.291939884,
        -0.937466145,
        -0.189547539
      ]
    ],
    "translation": [
      2.013684,
      1.10753119,
      -0.58222723
    ]
  },
  {
    "timeStamp": 15986,
    "rotation": [
      [
        0.8392782,
        0.207289085,
        -0.5026363
      ],
      [
        0.5173161,
        -0.0199517123,
        0.8555618
      ],
      [
        0.167320162,
        -0.9780762,
        -0.123979025
      ]
    ],
    "translation": [
      2.08211184,
      1.10476744,
      -0.5897851
    ]
  },
  {
    "timeStamp": 16042,
    "rotation": [
      [
        0.8861261,
        0.087164484,
        -0.455173433
      ],
      [
        0.4568251,
        0.001118981,
        0.8895558
      ],
      [
        0.078047,
        -0.9961933,
        -0.0388273634
      ]
    ],
    "translation": [
      2.14193439,
      1.08067536,
      -0.59744966
    ]
  },
  {
    "timeStamp": 16086,
    "rotation": [
      [
        0.894853354,
        0.03390564,
        -0.445070684
      ],
      [
        0.444005549,
        0.0346712172,
        0.895353
      ],
      [
        0.0457886569,
        -0.998823464,
        0.0159713645
      ]
    ],
    "translation": [
      2.17118,
      1.05054188,
      -0.597839534
    ]
  },
  {
    "timeStamp": 16141,
    "rotation": [
      [
        0.924155831,
        0.05307829,
        -0.378310323
      ],
      [
        0.37250936,
        0.09433848,
        0.923221
      ],
      [
        0.08469222,
        -0.9941242,
        0.06741129
      ]
    ],
    "translation": [
      2.17959762,
      1.004632,
      -0.5942673
    ]
  },
  {
    "timeStamp": 16186,
    "rotation": [
      [
        0.944394,
        0.0322151519,
        -0.327234328
      ],
      [
        0.321216464,
        0.122338839,
        0.9390704
      ],
      [
        0.07028575,
        -0.9919655,
        0.105188027
      ]
    ],
    "translation": [
      2.18516,
      0.9688079,
      -0.5901582
    ]
  },
  {
    "timeStamp": 16238,
    "rotation": [
      [
        0.9444195,
        0.007322128,
        -0.328661174
      ],
      [
        0.322170615,
        0.178292334,
        0.9297408
      ],
      [
        0.06540545,
        -0.9839503,
        0.166023791
      ]
    ],
    "translation": [
      2.18780375,
      0.932786942,
      -0.5880286
    ]
  },
  {
    "timeStamp": 16292,
    "rotation": [
      [
        0.9654598,
        -0.0377237238,
        -0.2578066
      ],
      [
        0.259489238,
        0.2284887,
        0.9383274
      ],
      [
        0.0235086884,
        -0.9728154,
        0.230385557
      ]
    ],
    "translation": [
      2.187092,
      0.8852105,
      -0.585477948
    ]
  },
  {
    "timeStamp": 16336,
    "rotation": [
      [
        0.968963,
        -0.0819004849,
        -0.233244583
      ],
      [
        0.246897623,
        0.273520976,
        0.929638565
      ],
      [
        -0.0123405727,
        -0.9583729,
        0.28525272
      ]
    ],
    "translation": [
      2.187395,
      0.8564653,
      -0.585652649
    ]
  },
  {
    "timeStamp": 16392,
    "rotation": [
      [
        0.9792076,
        -0.128588766,
        -0.1568993
      ],
      [
        0.19039762,
        0.31564635,
        0.9295785
      ],
      [
        -0.0700086653,
        -0.940123558,
        0.3335663
      ]
    ],
    "translation": [
      2.1851778,
      0.8249718,
      -0.5856323
    ]
  },
  {
    "timeStamp": 16436,
    "rotation": [
      [
        0.986569047,
        -0.136161,
        -0.09023158
      ],
      [
        0.131397873,
        0.333383,
        0.933590055
      ],
      [
        -0.09703688,
        -0.9329073,
        0.3467966
      ]
    ],
    "translation": [
      2.177728,
      0.8052136,
      -0.583272
    ]
  },
  {
    "timeStamp": 16492,
    "rotation": [
      [
        0.9883669,
        -0.147457778,
        -0.0372431576
      ],
      [
        0.0878104046,
        0.353334,
        0.9313669
      ],
      [
        -0.124178015,
        -0.923802555,
        0.362171978
      ]
    ],
    "translation": [
      2.16637325,
      0.7892232,
      -0.579925954
    ]
  },
  {
    "timeStamp": 16536,
    "rotation": [
      [
        0.9867488,
        -0.160748959,
        -0.0220562574
      ],
      [
        0.07661304,
        0.341766983,
        0.9366567
      ],
      [
        -0.1430285,
        -0.925934732,
        0.349553645
      ]
    ],
    "translation": [
      2.158315,
      0.783070862,
      -0.5778204
    ]
  },
  {
    "timeStamp": 16591,
    "rotation": [
      [
        0.9792579,
        -0.199827269,
        -0.0335111879
      ],
      [
        0.101564482,
        0.3409919,
        0.934563637
      ],
      [
        -0.175324261,
        -0.9185824,
        0.3542144
      ]
    ],
    "translation": [
      2.15547776,
      0.780324757,
      -0.577562034
    ]
  },
  {
    "timeStamp": 16636,
    "rotation": [
      [
        0.9681313,
        -0.248769313,
        -0.0289064348
      ],
      [
        0.114615843,
        0.337481678,
        0.934328258
      ],
      [
        -0.222676814,
        -0.9078655,
        0.355239481
      ]
    ],
    "translation": [
      2.15778136,
      0.7776128,
      -0.580154538
    ]
  },
  {
    "timeStamp": 16691,
    "rotation": [
      [
        0.952892959,
        -0.301641345,
        -0.0317411348
      ],
      [
        0.139604658,
        0.3432789,
        0.928800344
      ],
      [
        -0.2692685,
        -0.889478564,
        0.369218618
      ]
    ],
    "translation": [
      2.16248441,
      0.776894033,
      -0.5818117
    ]
  },
  {
    "timeStamp": 16737,
    "rotation": [
      [
        0.9476939,
        -0.3187285,
        -0.0169835314
      ],
      [
        0.132561,
        0.3446316,
        0.9293313
      ],
      [
        -0.290351331,
        -0.882972956,
        0.368856221
      ]
    ],
    "translation": [
      2.162752,
      0.7727972,
      -0.5811848
    ]
  },
  {
    "timeStamp": 16783,
    "rotation": [
      [
        0.9402029,
        -0.34016186,
        -0.0175591372
      ],
      [
        0.140707776,
        0.340933859,
        0.9294974
      ],
      [
        -0.310193062,
        -0.8763869,
        0.368410438
      ]
    ],
    "translation": [
      2.162524,
      0.771064758,
      -0.5782226
    ]
  },
  {
    "timeStamp": 16840,
    "rotation": [
      [
        0.9346872,
        -0.3551199,
        -0.0158031415
      ],
      [
        0.1468201,
        0.3451839,
        0.92698
      ],
      [
        -0.323734075,
        -0.8687566,
        0.3747777
      ]
    ],
    "translation": [
      2.15864372,
      0.7671273,
      -0.5746836
    ]
  },
  {
    "timeStamp": 16885,
    "rotation": [
      [
        0.935570538,
        -0.35279417,
        -0.0156202326
      ],
      [
        0.144616246,
        0.3424023,
        0.928357065
      ],
      [
        -0.322170556,
        -0.870802462,
        0.3713613
      ]
    ],
    "translation": [
      2.155577,
      0.7664455,
      -0.569462538
    ]
  },
  {
    "timeStamp": 16941,
    "rotation": [
      [
        0.9308597,
        -0.365029126,
        -0.0159349013
      ],
      [
        0.151255488,
        0.345282733,
        0.9262298
      ],
      [
        -0.3325988,
        -0.8646002,
        0.376622438
      ]
    ],
    "translation": [
      2.15376115,
      0.7647428,
      -0.5666547
    ]
  },
  {
    "timeStamp": 16985,
    "rotation": [
      [
        0.924211144,
        -0.3817444,
        -0.0102461744
      ],
      [
        0.153010175,
        0.345591247,
        0.92582643
      ],
      [
        -0.3498881,
        -0.857226849,
        0.377810061
      ]
    ],
    "translation": [
      2.15472865,
      0.764535546,
      -0.56537056
    ]
  },
  {
    "timeStamp": 17041,
    "rotation": [
      [
        0.9178583,
        -0.39690727,
        0.0008875429
      ],
      [
        0.152687013,
        0.355154961,
        0.922253549
      ],
      [
        -0.36636433,
        -0.8463626,
        0.38658452
      ]
    ],
    "translation": [
      2.15418673,
      0.761390448,
      -0.5658695
    ]
  },
  {
    "timeStamp": 17085,
    "rotation": [
      [
        0.9165243,
        -0.399585277,
        0.017746957
      ],
      [
        0.139094114,
        0.360010922,
        0.922521
      ],
      [
        -0.3750149,
        -0.8430444,
        0.3855387
      ]
    ],
    "translation": [
      2.15276575,
      0.759631932,
      -0.564392567
    ]
  },
  {
    "timeStamp": 17141,
    "rotation": [
      [
        0.9136307,
        -0.4061753,
        0.0173354112
      ],
      [
        0.144039765,
        0.3632816,
        0.9204776
      ],
      [
        -0.3801729,
        -0.838479638,
        0.390410632
      ]
    ],
    "translation": [
      2.14967561,
      0.7583879,
      -0.563606739
    ]
  },
  {
    "timeStamp": 17185,
    "rotation": [
      [
        0.913605154,
        -0.406189024,
        0.0183326639
      ],
      [
        0.143835381,
        0.365030646,
        0.9198174
      ],
      [
        -0.380311728,
        -0.837713,
        0.3919182
      ]
    ],
    "translation": [
      2.146315,
      0.758376539,
      -0.5611606
    ]
  },
  {
    "timeStamp": 17241,
    "rotation": [
      [
        0.915772,
        -0.401412517,
        0.0151538746
      ],
      [
        0.145210937,
        0.365982354,
        0.9192229
      ],
      [
        -0.374533623,
        -0.8395981,
        0.393445879
      ]
    ],
    "translation": [
      2.1410203,
      0.7580577,
      -0.5581227
    ]
  },
  {
    "timeStamp": 17285,
    "rotation": [
      [
        0.915192,
        -0.40297544,
        0.005868541
      ],
      [
        0.1561896,
        0.368068337,
        0.916586339
      ],
      [
        -0.3715218,
        -0.837935865,
        0.399793774
      ]
    ],
    "translation": [
      2.1386292,
      0.759162,
      -0.556098163
    ]
  },
  {
    "timeStamp": 17341,
    "rotation": [
      [
        0.912158132,
        -0.409612566,
        0.0136036454
      ],
      [
        0.153826013,
        0.3729407,
        0.915015161
      ],
      [
        -0.379875064,
        -0.832545936,
        0.40319
      ]
    ],
    "translation": [
      2.13637877,
      0.75770694,
      -0.5558928
    ]
  },
  {
    "timeStamp": 17385,
    "rotation": [
      [
        0.9078116,
        -0.418957561,
        0.0187797081
      ],
      [
        0.156666979,
        0.3803286,
        0.9114854
      ],
      [
        -0.389016151,
        -0.8245148,
        0.410903484
      ]
    ],
    "translation": [
      2.135893,
      0.7574247,
      -0.555773139
    ]
  },
  {
    "timeStamp": 17440,
    "rotation": [
      [
        0.9081631,
        -0.417761117,
        0.02674952
      ],
      [
        0.145979658,
        0.375935316,
        0.9150752
      ],
      [
        -0.3923389,
        -0.8271326,
        0.4023952
      ]
    ],
    "translation": [
      2.13407731,
      0.7562729,
      -0.554775059
    ]
  },
  {
    "timeStamp": 17485,
    "rotation": [
      [
        0.911540151,
        -0.410996616,
        0.0132818436
      ],
      [
        0.153013363,
        0.368990779,
        0.916751146
      ],
      [
        -0.381682515,
        -0.8336232,
        0.399237871
      ]
    ],
    "translation": [
      2.13394356,
      0.756671667,
      -0.5537655
    ]
  },
  {
    "timeStamp": 17541,
    "rotation": [
      [
        0.915240765,
        -0.4025237,
        0.01758165
      ],
      [
        0.1443656,
        0.3683667,
        0.918403268
      ],
      [
        -0.376155555,
        -0.8380219,
        0.3952548
      ]
    ],
    "translation": [
      2.13331151,
      0.756193757,
      -0.553196847
    ]
  },
  {
    "timeStamp": 17585,
    "rotation": [
      [
        0.917702556,
        -0.396862745,
        0.01794257
      ],
      [
        0.1420506,
        0.3699856,
        0.9181134
      ],
      [
        -0.3710035,
        -0.840006232,
        0.395911336
      ]
    ],
    "translation": [
      2.13320971,
      0.7559397,
      -0.552769
    ]
  },
  {
    "timeStamp": 17641,
    "rotation": [
      [
        0.9152635,
        -0.401925385,
        0.0273629352
      ],
      [
        0.147818968,
        0.3982448,
        0.905290365
      ],
      [
        -0.3747563,
        -0.8245344,
        0.423911124
      ]
    ],
    "translation": [
      2.1327374,
      0.7546575,
      -0.5533719
    ]
  },
  {
    "timeStamp": 17685,
    "rotation": [
      [
        0.9121207,
        -0.409113646,
        0.0257264934
      ],
      [
        0.149527952,
        0.39049533,
        0.9083803
      ],
      [
        -0.381676883,
        -0.82470566,
        0.4173528
      ]
    ],
    "translation": [
      2.13356066,
      0.7532593,
      -0.5522223
    ]
  },
  {
    "timeStamp": 17740,
    "rotation": [
      [
        0.9104285,
        -0.4112372,
        0.0447632559
      ],
      [
        0.135180831,
        0.398039341,
        0.907353759
      ],
      [
        -0.39095518,
        -0.8200296,
        0.4179778
      ]
    ],
    "translation": [
      2.133156,
      0.7520029,
      -0.552696943
    ]
  },
  {
    "timeStamp": 17788,
    "rotation": [
      [
        0.902846634,
        -0.42801246,
        0.04090552
      ],
      [
        0.142701045,
        0.388032883,
        0.9105311
      ],
      [
        -0.405591339,
        -0.8162327,
        0.41141203
      ]
    ],
    "translation": [
      2.13401341,
      0.7499176,
      -0.5501525
    ]
  },
  {
    "timeStamp": 17838,
    "rotation": [
      [
        0.9005745,
        -0.432168752,
        0.04685808
      ],
      [
        0.139002681,
        0.388429016,
        0.9109342
      ],
      [
        -0.411878347,
        -0.81385076,
        0.40988192
      ]
    ],
    "translation": [
      2.13508725,
      0.7477533,
      -0.550043464
    ]
  },
  {
    "timeStamp": 17894,
    "rotation": [
      [
        0.8996384,
        -0.433536679,
        0.0519298166
      ],
      [
        0.136531666,
        0.3922793,
        0.9096571
      ],
      [
        -0.4147407,
        -0.811272442,
        0.412101
      ]
    ],
    "translation": [
      2.13574767,
      0.746213436,
      -0.5492888
    ]
  },
  {
    "timeStamp": 17938,
    "rotation": [
      [
        0.901149035,
        -0.4315577,
        0.04108997
      ],
      [
        0.145080909,
        0.389545172,
        0.9095087
      ],
      [
        -0.408511847,
        -0.813641548,
        0.413649052
      ]
    ],
    "translation": [
      2.13594532,
      0.7459999,
      -0.547552943
    ]
  },
  {
    "timeStamp": 17994,
    "rotation": [
      [
        0.9026082,
        -0.428861946,
        0.0370922647
      ],
      [
        0.146087915,
        0.386236668,
        0.910757661
      ],
      [
        -0.4049157,
        -0.8166386,
        0.41127196
      ]
    ],
    "translation": [
      2.1360364,
      0.7454019,
      -0.5450917
    ]
  },
  {
    "timeStamp": 18038,
    "rotation": [
      [
        0.904684,
        -0.424306184,
        0.0388748124
      ],
      [
        0.141162366,
        0.384558648,
        0.9122433
      ],
      [
        -0.402020127,
        -0.819804251,
        0.4078001
      ]
    ],
    "translation": [
      2.135553,
      0.7436697,
      -0.543786764
    ]
  },
  {
    "timeStamp": 18083,
    "rotation": [
      [
        0.905918539,
        -0.4221727,
        0.0328901373
      ],
      [
        0.145398527,
        0.383070141,
        0.9122042
      ],
      [
        -0.397706926,
        -0.821600556,
        0.408413619
      ]
    ],
    "translation": [
      2.135935,
      0.7432506,
      -0.5428419
    ]
  },
  {
    "timeStamp": 18138,
    "rotation": [
      [
        0.907749832,
        -0.418169618,
        0.0335315354
      ],
      [
        0.142574579,
        0.382691443,
        0.9128087
      ],
      [
        -0.3945411,
        -0.823821247,
        0.407008469
      ]
    ],
    "translation": [
      2.1353972,
      0.7411438,
      -0.5431447
    ]
  },
  {
    "timeStamp": 18183,
    "rotation": [
      [
        0.9088313,
        -0.415817,
        0.03349561
      ],
      [
        0.142257124,
        0.384400845,
        0.9121397
      ],
      [
        -0.392158955,
        -0.8242161,
        0.40850842
      ]
    ],
    "translation": [
      2.134851,
      0.7398969,
      -0.5432776
    ]
  },
  {
    "timeStamp": 18240,
    "rotation": [
      [
        0.9086672,
        -0.415429056,
        0.04174564
      ],
      [
        0.136250883,
        0.389552832,
        0.9108701
      ],
      [
        -0.394664019,
        -0.821989834,
        0.410576433
      ]
    ],
    "translation": [
      2.13424563,
      0.737057,
      -0.5447411
    ]
  },
  {
    "timeStamp": 18284,
    "rotation": [
      [
        0.9078787,
        -0.417611837,
        0.0368329175
      ],
      [
        0.1393009,
        0.3833654,
        0.91303134
      ],
      [
        -0.39541316,
        -0.823790848,
        0.406222969
      ]
    ],
    "translation": [
      2.1341536,
      0.7360631,
      -0.544427633
    ]
  },
  {
    "timeStamp": 18340,
    "rotation": [
      [
        0.908502758,
        -0.416871727,
        0.0289948862
      ],
      [
        0.1435619,
        0.37652573,
        0.915214956
      ],
      [
        -0.392444581,
        -0.827312768,
        0.40192154
      ]
    ],
    "translation": [
      2.13411784,
      0.7357567,
      -0.543757558
    ]
  },
  {
    "timeStamp": 18385,
    "rotation": [
      [
        0.911468744,
        -0.41087088,
        0.0202443134
      ],
      [
        0.147402883,
        0.372148275,
        0.916394055
      ],
      [
        -0.384053528,
        -0.832280457,
        0.399765074
      ]
    ],
    "translation": [
      2.13410521,
      0.735472441,
      -0.542469859
    ]
  }
]