[
  {
    "timeStamp": 78524,
    "rotation": [
      [
        -0.759180963,
        0.15006052,
        -0.6333452
      ],
      [
        0.302167743,
        0.9431027,
        -0.1387514
      ],
      [
        0.576488435,
        -0.296713918,
        -0.761329055
      ]
    ],
    "translation": [
      1.173696,
      0.7087087,
      -0.5820616
    ]
  },
  {
    "timeStamp": 78579,
    "rotation": [
      [
        -0.764323056,
        0.15871042,
        -0.624997
      ],
      [
        0.3019151,
        0.944516063,
        -0.129370466
      ],
      [
        0.569787264,
        -0.287576884,
        -0.769832432
      ]
    ],
    "translation": [
      1.17537475,
      0.708544135,
      -0.583826363
    ]
  },
  {
    "timeStamp": 78624,
    "rotation": [
      [
        -0.7649924,
        0.183984607,
        -0.617200434
      ],
      [
        0.324105978,
        0.9381124,
        -0.122067913
      ],
      [
        0.5565447,
        -0.293419361,
        -0.7772793
      ]
    ],
    "translation": [
      1.18273377,
      0.7165655,
      -0.58836174
    ]
  },
  {
    "timeStamp": 78679,
    "rotation": [
      [
        -0.7564855,
        0.2336308,
        -0.6108571
      ],
      [
        0.344914228,
        0.936085641,
        -0.06912283
      ],
      [
        0.5556653,
        -0.2629837,
        -0.788717747
      ]
    ],
    "translation": [
      1.19556713,
      0.731572568,
      -0.598403156
    ]
  },
  {
    "timeStamp": 78723,
    "rotation": [
      [
        -0.746999741,
        0.279571056,
        -0.603184342
      ],
      [
        0.371932983,
        0.927754939,
        -0.0306049138
      ],
      [
        0.551051,
        -0.247206017,
        -0.797014356
      ]
    ],
    "translation": [
      1.21214092,
      0.7491613,
      -0.611138
    ]
  },
  {
    "timeStamp": 78779,
    "rotation": [
      [
        -0.7478208,
        0.3331174,
        -0.574279368
      ],
      [
        0.390692949,
        0.920181334,
        0.02500542
      ],
      [
        0.53677094,
        -0.205667332,
        -0.8182774
      ]
    ],
    "translation": [
      1.24293125,
      0.7709528,
      -0.6339501
    ]
  },
  {
    "timeStamp": 78823,
    "rotation": [
      [
        -0.7505078,
        0.377383441,
        -0.542512536
      ],
      [
        0.409901351,
        0.9097541,
        0.06579013
      ],
      [
        0.5183811,
        -0.173000619,
        -0.837467551
      ]
    ],
    "translation": [
      1.27442169,
      0.7907235,
      -0.656328738
    ]
  },
  {
    "timeStamp": 78879,
    "rotation": [
      [
        -0.7554918,
        0.4165002,
        -0.505726933
      ],
      [
        0.419304818,
        0.900502145,
        0.115236066
      ],
      [
        0.503404,
        -0.124993838,
        -0.8549625
      ]
    ],
    "translation": [
      1.3246007,
      0.812791944,
      -0.682850659
    ]
  },
  {
    "timeStamp": 78924,
    "rotation": [
      [
        -0.7459759,
        0.4412332,
        -0.498831958
      ],
      [
        0.424567729,
        0.892163336,
        0.15422985
      ],
      [
        0.5130909,
        -0.09673619,
        -0.8528657
      ]
    ],
    "translation": [
      1.3703419,
      0.8297125,
      -0.700422168
    ]
  },
  {
    "timeStamp": 78979,
    "rotation": [
      [
        -0.734544337,
        0.445591271,
        -0.5117549
      ],
      [
        0.43298918,
        0.8884714,
        0.152114585
      ],
      [
        0.5224605,
        -0.109849423,
        -0.8455578
      ]
    ],
    "translation": [
      1.43372107,
      0.847336769,
      -0.7124214
    ]
  },
  {
    "timeStamp": 79024,
    "rotation": [
      [
        -0.704889834,
        0.446182638,
        -0.5514085
      ],
      [
        0.429807,
        0.887085438,
        0.1683607
      ],
      [
        0.5642661,
        -0.1183235,
        -0.81707
      ]
    ],
    "translation": [
      1.48702872,
      0.858736932,
      -0.7151874
    ]
  },
  {
    "timeStamp": 79079,
    "rotation": [
      [
        -0.6538644,
        0.428082347,
        -0.6238645
      ],
      [
        0.454001069,
        0.881598532,
        0.1291012
      ],
      [
        0.6052639,
        -0.198820427,
        -0.7707957
      ]
    ],
    "translation": [
      1.55772078,
      0.8749207,
      -0.708708465
    ]
  },
  {
    "timeStamp": 79123,
    "rotation": [
      [
        -0.595520854,
        0.3912271,
        -0.7016383
      ],
      [
        0.471943974,
        0.877171636,
        0.0885368362
      ],
      [
        0.6500952,
        -0.2784084,
        -0.7070113
      ]
    ],
    "translation": [
      1.61898685,
      0.8882964,
      -0.695451
    ]
  },
  {
    "timeStamp": 79179,
    "rotation": [
      [
        -0.494138926,
        0.3297229,
        -0.80443114
      ],
      [
        0.498606354,
        0.8654727,
        0.04846325
      ],
      [
        0.7121926,
        -0.3771469,
        -0.5920657
      ]
    ],
    "translation": [
      1.698951,
      0.905316651,
      -0.678603
    ]
  },
  {
    "timeStamp": 79224,
    "rotation": [
      [
        -0.416236818,
        0.2606923,
        -0.8710835
      ],
      [
        0.5346885,
        0.8450453,
        -0.00259472453
      ],
      [
        0.7354286,
        -0.4668383,
        -0.491128117
      ]
    ],
    "translation": [
      1.76610339,
      0.9215863,
      -0.663292646
    ]
  },
  {
    "timeStamp": 79279,
    "rotation": [
      [
        -0.3050863,
        0.158766061,
        -0.938997149
      ],
      [
        0.581696868,
        0.811758041,
        -0.0517447
      ],
      [
        0.754023254,
        -0.5619983,
        -0.34001
      ]
    ],
    "translation": [
      1.8503592,
      0.9412876,
      -0.6517969
    ]
  },
  {
    "timeStamp": 79324,
    "rotation": [
      [
        -0.229415953,
        0.06483254,
        -0.9711668
      ],
      [
        0.6099217,
        0.7871578,
        -0.0915314853
      ],
      [
        0.758527339,
        -0.613334537,
        -0.220129356
      ]
    ],
    "translation": [
      1.91764784,
      0.953327954,
      -0.645735562
    ]
  },
  {
    "timeStamp": 79379,
    "rotation": [
      [
        -0.142507792,
        -0.0380894244,
        -0.9890606
      ],
      [
        0.6388388,
        0.7597173,
        -0.121303707
      ],
      [
        0.756026745,
        -0.649137,
        -0.08393263
      ]
    ],
    "translation": [
      1.99240971,
      0.9626454,
      -0.64578104
    ]
  },
  {
    "timeStamp": 79423,
    "rotation": [
      [
        -0.0989215,
        -0.108791351,
        -0.989130437
      ],
      [
        0.629469454,
        0.763017833,
        -0.146874264
      ],
      [
        0.7707028,
        -0.637156367,
        -0.00699803745
      ]
    ],
    "translation": [
      2.045188,
      0.958517551,
      -0.648301661
    ]
  },
  {
    "timeStamp": 79479,
    "rotation": [
      [
        -0.04209398,
        -0.1728069,
        -0.9840558
      ],
      [
        0.618208766,
        0.7692377,
        -0.161527887
      ],
      [
        0.784886,
        -0.6151513,
        0.07445047
      ]
    ],
    "translation": [
      2.0997715,
      0.9458661,
      -0.652837455
    ]
  },
  {
    "timeStamp": 79524,
    "rotation": [
      [
        -0.0160082728,
        -0.21413523,
        -0.9766728
      ],
      [
        0.5891578,
        0.7871964,
        -0.182249248
      ],
      [
        0.807859361,
        -0.578332,
        0.1135578
      ]
    ],
    "translation": [
      2.136001,
      0.929957151,
      -0.656817138
    ]
  },
  {
    "timeStamp": 79574,
    "rotation": [
      [
        0.0106579764,
        -0.208019584,
        -0.978066564
      ],
      [
        0.520360768,
        0.8364002,
        -0.172218978
      ],
      [
        0.853880048,
        -0.507111967,
        0.117159553
      ]
    ],
    "translation": [
      2.16419053,
      0.901969552,
      -0.660273
    ]
  },
  {
    "timeStamp": 79629,
    "rotation": [
      [
        -0.0268424377,
        -0.2157406,
        -0.9760817
      ],
      [
        0.47870785,
        0.854417443,
        -0.202014044
      ],
      [
        0.877563834,
        -0.472680539,
        0.08034208
      ]
    ],
    "translation": [
      2.17584682,
      0.8823236,
      -0.660206437
    ]
  },
  {
    "timeStamp": 79674,
    "rotation": [
      [
        -0.0483862236,
        -0.2022349,
        -0.978141
      ],
      [
        0.4667983,
        0.8611852,
        -0.201145127
      ],
      [
        0.8830392,
        -0.46632725,
        0.0527334027
      ]
    ],
    "translation": [
      2.177619,
      0.8713655,
      -0.6602903
    ]
  },
  {
    "timeStamp": 79729,
    "rotation": [
      [
        -0.07323433,
        -0.192268476,
        -0.9786059
      ],
      [
        0.409450442,
        0.888935,
        -0.205292046
      ],
      [
        0.909388244,
        -0.415725052,
        0.0136238532
      ]
    ],
    "translation": [
      2.17647481,
      0.851595461,
      -0.6620777
    ]
  },
  {
    "timeStamp": 79774,
    "rotation": [
      [
        -0.0736456662,
        -0.1798097,
        -0.980940759
      ],
      [
        0.380032033,
        0.904336,
        -0.194299281
      ],
      [
        0.9220369,
        -0.3870982,
        0.00173302367
      ]
    ],
    "translation": [
      2.17551231,
      0.8360672,
      -0.665014744
    ]
  }
]