[
  {
    "timeStamp": 44957,
    "rotation": [
      [
        0.999354661,
        0.0189921111,
        -0.0304877665
      ],
      [
        0.0312073547,
        -0.03882103,
        0.998758733
      ],
      [
        0.01778496,
        -0.999065638,
        -0.03938867
      ]
    ],
    "translation": [
      1.46258438,
      0.7011267,
      -0.623077035
    ]
  },
  {
    "timeStamp": 45012,
    "rotation": [
      [
        0.999776363,
        0.0126683358,
        -0.0169330873
      ],
      [
        0.0172379389,
        -0.02435482,
        0.999554753
      ],
      [
        0.0122502968,
        -0.9996231,
        -0.02456775
      ]
    ],
    "translation": [
      1.46245074,
      0.7043375,
      -0.6230784
    ]
  },
  {
    "timeStamp": 45057,
    "rotation": [
      [
        0.999776542,
        0.0159307551,
        -0.0138920583
      ],
      [
        0.0144342883,
        -0.03444254,
        0.999302447
      ],
      [
        0.0154411709,
        -0.9992797,
        -0.0346647948
      ]
    ],
    "translation": [
      1.46252131,
      0.704346538,
      -0.6231445
    ]
  },
  {
    "timeStamp": 45112,
    "rotation": [
      [
        0.9997948,
        0.01740258,
        -0.0103719542
      ],
      [
        0.0109696481,
        -0.03460868,
        0.9993407
      ],
      [
        0.0170321353,
        -0.9992494,
        -0.03479248
      ]
    ],
    "translation": [
      1.46265352,
      0.704412162,
      -0.623092353
    ]
  },
  {
    "timeStamp": 45157,
    "rotation": [
      [
        0.998928368,
        -0.0340835564,
        -0.03131131
      ],
      [
        0.03132628,
        -9.48438E-05,
        0.9995092
      ],
      [
        -0.0340698,
        -0.999419,
        0.000972968934
      ]
    ],
    "translation": [
      1.46973526,
      0.7094468,
      -0.629638731
    ]
  },
  {
    "timeStamp": 45212,
    "rotation": [
      [
        0.9976699,
        -0.0675460845,
        0.009607218
      ],
      [
        -0.00856395252,
        0.0157178752,
        0.9998398
      ],
      [
        -0.0676862746,
        -0.9975923,
        0.01510279
      ]
    ],
    "translation": [
      1.46973932,
      0.7284044,
      -0.6305413
    ]
  },
  {
    "timeStamp": 45257,
    "rotation": [
      [
        0.9946315,
        -0.0910601839,
        0.049155347
      ],
      [
        -0.04616244,
        0.0346882,
        0.9983315
      ],
      [
        -0.0926133543,
        -0.9952411,
        0.0302984174
      ]
    ],
    "translation": [
      1.47262573,
      0.746451139,
      -0.634109259
    ]
  },
  {
    "timeStamp": 45312,
    "rotation": [
      [
        0.9872618,
        -0.12572901,
        0.09750089
      ],
      [
        -0.0908331,
        0.0577312671,
        0.994191349
      ],
      [
        -0.130627558,
        -0.990383446,
        0.04557552
      ]
    ],
    "translation": [
      1.47986472,
      0.7707064,
      -0.6402587
    ]
  },
  {
    "timeStamp": 45356,
    "rotation": [
      [
        0.978347242,
        -0.154185787,
        0.138070434
      ],
      [
        -0.127570212,
        0.0760826543,
        0.9889071
      ],
      [
        -0.162980184,
        -0.985108256,
        0.0547657423
      ]
    ],
    "translation": [
      1.48885894,
      0.7905619,
      -0.6441399
    ]
  },
  {
    "timeStamp": 45412,
    "rotation": [
      [
        0.9562289,
        -0.210849583,
        0.202900618
      ],
      [
        -0.182098821,
        0.113990463,
        0.9766505
      ],
      [
        -0.2290551,
        -0.970849454,
        0.07060552
      ]
    ],
    "translation": [
      1.50324738,
      0.8202373,
      -0.650520265
    ]
  },
  {
    "timeStamp": 45456,
    "rotation": [
      [
        0.9354448,
        -0.256630182,
        0.2430719
      ],
      [
        -0.215885386,
        0.129710242,
        0.9677648
      ],
      [
        -0.279886574,
        -0.957766235,
        0.06593407
      ]
    ],
    "translation": [
      1.52150273,
      0.8424115,
      -0.653139055
    ]
  },
  {
    "timeStamp": 45512,
    "rotation": [
      [
        0.8984345,
        -0.3227766,
        0.297709048
      ],
      [
        -0.260006636,
        0.15530391,
        0.953035831
      ],
      [
        -0.353853,
        -0.93364656,
        0.0556063466
      ]
    ],
    "translation": [
      1.54964924,
      0.871172547,
      -0.6563964
    ]
  },
  {
    "timeStamp": 45558,
    "rotation": [
      [
        0.8684161,
        -0.379348636,
        0.31929335
      ],
      [
        -0.279857725,
        0.156577751,
        0.947186947
      ],
      [
        -0.409308285,
        -0.911909,
        0.0298109818
      ]
    ],
    "translation": [
      1.58101511,
      0.889492452,
      -0.656205237
    ]
  },
  {
    "timeStamp": 45611,
    "rotation": [
      [
        0.815668643,
        -0.463087022,
        0.346749216
      ],
      [
        -0.304043263,
        0.166779429,
        0.9379458
      ],
      [
        -0.492181152,
        -0.870479763,
        -0.004761736
      ]
    ],
    "translation": [
      1.62513268,
      0.9119307,
      -0.655779064
    ]
  },
  {
    "timeStamp": 45656,
    "rotation": [
      [
        0.7681756,
        -0.5319864,
        0.356225759
      ],
      [
        -0.314498246,
        0.1710984,
        0.933711
      ],
      [
        -0.5576712,
        -0.829286337,
        -0.0358751751
      ]
    ],
    "translation": [
      1.66485751,
      0.9262924,
      -0.6546699
    ]
  },
  {
    "timeStamp": 45711,
    "rotation": [
      [
        0.7067238,
        -0.6155365,
        0.348792523
      ],
      [
        -0.323678523,
        0.157074854,
        0.9330379
      ],
      [
        -0.629105449,
        -0.7722967,
        -0.08822742
      ]
    ],
    "translation": [
      1.72028685,
      0.9414632,
      -0.654144168
    ]
  },
  {
    "timeStamp": 45756,
    "rotation": [
      [
        0.652196646,
        -0.680410862,
        0.334186375
      ],
      [
        -0.32594043,
        0.146312654,
        0.9339997
      ],
      [
        -0.684399247,
        -0.718076348,
        -0.1263488
      ]
    ],
    "translation": [
      1.76809239,
      0.9513794,
      -0.654247
    ]
  },
  {
    "timeStamp": 45811,
    "rotation": [
      [
        0.5790642,
        -0.756923854,
        0.3029042
      ],
      [
        -0.332731724,
        0.119772747,
        0.935384452
      ],
      [
        -0.744294465,
        -0.642433465,
        -0.182496473
      ]
    ],
    "translation": [
      1.82915068,
      0.9633615,
      -0.6536575
    ]
  },
  {
    "timeStamp": 45856,
    "rotation": [
      [
        0.527840555,
        -0.804769,
        0.271535128
      ],
      [
        -0.331834674,
        0.09888826,
        0.9381401
      ],
      [
        -0.7818377,
        -0.5852932,
        -0.214852989
      ]
    ],
    "translation": [
      1.87756252,
      0.9710667,
      -0.6558538
    ]
  },
  {
    "timeStamp": 45911,
    "rotation": [
      [
        0.4596942,
        -0.8585146,
        0.227230877
      ],
      [
        -0.332754046,
        0.070719026,
        0.9403582
      ],
      [
        -0.823380768,
        -0.5078892,
        -0.253165066
      ]
    ],
    "translation": [
      1.93649364,
      0.9793929,
      -0.659147263
    ]
  },
  {
    "timeStamp": 45957,
    "rotation": [
      [
        0.4285954,
        -0.8840827,
        0.186289474
      ],
      [
        -0.319037825,
        0.0448133834,
        0.9466819
      ],
      [
        -0.845293343,
        -0.46517688,
        -0.262849
      ]
    ],
    "translation": [
      1.97992551,
      0.9812023,
      -0.665374637
    ]
  },
  {
    "timeStamp": 46012,
    "rotation": [
      [
        0.38510263,
        -0.912048,
        0.140941232
      ],
      [
        -0.313140869,
        0.01452314,
        0.94959563
      ],
      [
        -0.868123651,
        -0.409826249,
        -0.280006617
      ]
    ],
    "translation": [
      2.02747226,
      0.980793059,
      -0.668922067
    ]
  },
  {
    "timeStamp": 46056,
    "rotation": [
      [
        0.3658977,
        -0.924681664,
        0.105274178
      ],
      [
        -0.29324472,
        -0.0071963924,
        0.956010342
      ],
      [
        -0.8832477,
        -0.380673051,
        -0.2737912
      ]
    ],
    "translation": [
      2.060532,
      0.9737614,
      -0.673244357
    ]
  },
  {
    "timeStamp": 46106,
    "rotation": [
      [
        0.368588239,
        -0.927027643,
        0.06901061
      ],
      [
        -0.269722641,
        -0.0356074572,
        0.9622795
      ],
      [
        -0.8896024,
        -0.373298615,
        -0.263164818
      ]
    ],
    "translation": [
      2.08613467,
      0.962784469,
      -0.676150739
    ]
  },
  {
    "timeStamp": 46162,
    "rotation": [
      [
        0.375293016,
        -0.926126659,
        0.0380072147
      ],
      [
        -0.231958747,
        -0.054138612,
        0.9712179
      ],
      [
        -0.897413135,
        -0.373307377,
        -0.235141024
      ]
    ],
    "translation": [
      2.11324,
      0.940208852,
      -0.678912759
    ]
  },
  {
    "timeStamp": 46207,
    "rotation": [
      [
        0.382438272,
        -0.9239695,
        0.004613855
      ],
      [
        -0.196758762,
        -0.07655905,
        0.9774583
      ],
      [
        -0.90278846,
        -0.374725282,
        -0.2110782
      ]
    ],
    "translation": [
      2.13037324,
      0.9192581,
      -0.679162562
    ]
  },
  {
    "timeStamp": 46262,
    "rotation": [
      [
        0.3853582,
        -0.922639132,
        -0.01536309
      ],
      [
        -0.165344179,
        -0.08541956,
        0.9825298
      ],
      [
        -0.907832742,
        -0.376085728,
        -0.185470134
      ]
    ],
    "translation": [
      2.14463139,
      0.893977463,
      -0.678192258
    ]
  },
  {
    "timeStamp": 46306,
    "rotation": [
      [
        0.3856855,
        -0.922543347,
        -0.0126654226
      ],
      [
        -0.136695027,
        -0.07071301,
        0.9880861
      ],
      [
        -0.91244787,
        -0.3793592,
        -0.153380066
      ]
    ],
    "translation": [
      2.14991069,
      0.8729097,
      -0.6791324
    ]
  },
  {
    "timeStamp": 46362,
    "rotation": [
      [
        0.403114349,
        -0.914674163,
        -0.02949503
      ],
      [
        -0.110763408,
        -0.08075763,
        0.9905603
      ],
      [
        -0.9084219,
        -0.3960421,
        -0.133867
      ]
    ],
    "translation": [
      2.15480185,
      0.8495508,
      -0.6769614
    ]
  },
  {
    "timeStamp": 46406,
    "rotation": [
      [
        0.398032278,
        -0.9170126,
        -0.02565925
      ],
      [
        -0.08623973,
        -0.06524989,
        0.9941354
      ],
      [
        -0.913308859,
        -0.3934851,
        -0.105054475
      ]
    ],
    "translation": [
      2.15728736,
      0.8314501,
      -0.676315367
    ]
  },
  {
    "timeStamp": 46462,
    "rotation": [
      [
        0.393640429,
        -0.9188264,
        -0.0283780824
      ],
      [
        -0.07835074,
        -0.06429285,
        0.9948505
      ],
      [
        -0.9159194,
        -0.389389932,
        -0.0972989947
      ]
    ],
    "translation": [
      2.157582,
      0.8161131,
      -0.6712105
    ]
  },
  {
    "timeStamp": 46507,
    "rotation": [
      [
        0.399540335,
        -0.916242361,
        -0.0294531547
      ],
      [
        -0.06867103,
        -0.06195278,
        0.9957139
      ],
      [
        -0.9141399,
        -0.395805269,
        -0.08767194
      ]
    ],
    "translation": [
      2.156913,
      0.805994749,
      -0.667018533
    ]
  },
  {
    "timeStamp": 46562,
    "rotation": [
      [
        0.393021345,
        -0.918809235,
        -0.0363844
      ],
      [
        -0.0608938672,
        -0.065488264,
        0.9959936
      ],
      [
        -0.917510867,
        -0.389231175,
        -0.08168813
      ]
    ],
    "translation": [
      2.15716434,
      0.796075165,
      -0.660939
    ]
  },
  {
    "timeStamp": 46608,
    "rotation": [
      [
        0.398986042,
        -0.91602844,
        -0.0412542038
      ],
      [
        -0.05515928,
        -0.06888545,
        0.9960985
      ],
      [
        -0.915296435,
        -0.39515385,
        -0.0780118
      ]
    ],
    "translation": [
      2.15784121,
      0.790353239,
      -0.6562957
    ]
  },
  {
    "timeStamp": 46665,
    "rotation": [
      [
        0.3860939,
        -0.921592832,
        -0.0399759933
      ],
      [
        -0.0570969172,
        -0.06712859,
        0.9961093
      ],
      [
        -0.9206907,
        -0.382309258,
        -0.07853805
      ]
    ],
    "translation": [
      2.15756655,
      0.787856,
      -0.6517047
    ]
  },
  {
    "timeStamp": 46711,
    "rotation": [
      [
        0.383108616,
        -0.9223626,
        -0.0497483425
      ],
      [
        -0.0595336519,
        -0.07840143,
        0.9951427
      ],
      [
        -0.9217828,
        -0.378286064,
        -0.0849478841
      ]
    ],
    "translation": [
      2.15816045,
      0.7889643,
      -0.6496918
    ]
  },
  {
    "timeStamp": 46756,
    "rotation": [
      [
        0.371639937,
        -0.927385151,
        -0.04290125
      ],
      [
        -0.0684958249,
        -0.07347545,
        0.994942069
      ],
      [
        -0.9258467,
        -0.366821676,
        -0.0908284262
      ]
    ],
    "translation": [
      2.15584683,
      0.792535067,
      -0.650324643
    ]
  },
  {
    "timeStamp": 46811,
    "rotation": [
      [
        0.399640352,
        -0.9144987,
        -0.06308515
      ],
      [
        -0.06404686,
        -0.09650781,
        0.993269444
      ],
      [
        -0.9144318,
        -0.392910123,
        -0.09713919
      ]
    ],
    "translation": [
      2.15518022,
      0.7961573,
      -0.657614052
    ]
  },
  {
    "timeStamp": 46856,
    "rotation": [
      [
        0.427304178,
        -0.899746,
        -0.08870322
      ],
      [
        -0.05174643,
        -0.122289166,
        0.9911446
      ],
      [
        -0.902625859,
        -0.418930143,
        -0.09881332
      ]
    ],
    "translation": [
      2.15842938,
      0.7977739,
      -0.665411651
    ]
  },
  {
    "timeStamp": 46911,
    "rotation": [
      [
        0.49481076,
        -0.8570755,
        -0.14347066
      ],
      [
        -0.0124691334,
        -0.172083944,
        0.985003352
      ],
      [
        -0.868911266,
        -0.4856013,
        -0.09583598
      ]
    ],
    "translation": [
      2.16740417,
      0.7952604,
      -0.677587
    ]
  },
  {
    "timeStamp": 46956,
    "rotation": [
      [
        0.5819399,
        -0.7904743,
        -0.191040382
      ],
      [
        0.0197773278,
        -0.221089154,
        0.9750531
      ],
      [
        -0.812991261,
        -0.57120055,
        -0.113027133
      ]
    ],
    "translation": [
      2.17593718,
      0.7936046,
      -0.682014763
    ]
  },
  {
    "timeStamp": 47012,
    "rotation": [
      [
        0.6382614,
        -0.748094261,
        -0.181596756
      ],
      [
        0.0338043459,
        -0.208431244,
        0.977452636
      ],
      [
        -0.7690772,
        -0.630009,
        -0.107744776
      ]
    ],
    "translation": [
      2.17723536,
      0.789626241,
      -0.6855461
    ]
  },
  {
    "timeStamp": 47056,
    "rotation": [
      [
        0.667163134,
        -0.7221058,
        -0.182911247
      ],
      [
        0.0482735634,
        -0.203119963,
        0.97796315
      ],
      [
        -0.743345857,
        -0.6612907,
        -0.100655526
      ]
    ],
    "translation": [
      2.17669678,
      0.785990238,
      -0.685217738
    ]
  },
  {
    "timeStamp": 47112,
    "rotation": [
      [
        0.694595635,
        -0.701111138,
        -0.161183745
      ],
      [
        0.0329472534,
        -0.1928153,
        0.9806818
      ],
      [
        -0.7186456,
        -0.686487854,
        -0.110828981
      ]
    ],
    "translation": [
      2.17282653,
      0.7853352,
      -0.6760755
    ]
  },
  {
    "timeStamp": 47156,
    "rotation": [
      [
        0.706589,
        -0.6854007,
        -0.175948456
      ],
      [
        0.0476840772,
        -0.20196262,
        0.9782317
      ],
      [
        -0.706015766,
        -0.6995977,
        -0.110021852
      ]
    ],
    "translation": [
      2.172199,
      0.780938864,
      -0.6714297
    ]
  },
  {
    "timeStamp": 47212,
    "rotation": [
      [
        0.709405661,
        -0.6852334,
        -0.164920732
      ],
      [
        0.0393083431,
        -0.1951654,
        0.9799823
      ],
      [
        -0.7037034,
        -0.701687753,
        -0.111516044
      ]
    ],
    "translation": [
      2.17086673,
      0.777633846,
      -0.664420366
    ]
  },
  {
    "timeStamp": 47256,
    "rotation": [
      [
        0.6933532,
        -0.7023272,
        -0.161238551
      ],
      [
        0.0332900919,
        -0.192298412,
        0.980771661
      ],
      [
        -0.719828546,
        -0.6853888,
        -0.109950192
      ]
    ],
    "translation": [
      2.170917,
      0.7748392,
      -0.658410847
    ]
  },
  {
    "timeStamp": 47311,
    "rotation": [
      [
        0.6693731,
        -0.728800833,
        -0.144184083
      ],
      [
        0.0197492,
        -0.17655167,
        0.984093249
      ],
      [
        -0.7426639,
        -0.661573052,
        -0.103785694
      ]
    ],
    "translation": [
      2.1698432,
      0.7708305,
      -0.653293133
    ]
  },
  {
    "timeStamp": 47356,
    "rotation": [
      [
        0.652905643,
        -0.7473712,
        -0.123087078
      ],
      [
        0.004862746,
        -0.158364952,
        0.987368643
      ],
      [
        -0.757423639,
        -0.6452571,
        -0.0997630954
      ]
    ],
    "translation": [
      2.165243,
      0.7681942,
      -0.651014864
    ]
  },
  {
    "timeStamp": 47411,
    "rotation": [
      [
        0.624254465,
        -0.7747824,
        -0.100092746
      ],
      [
        -0.004666077,
        -0.131819,
        0.9912628
      ],
      [
        -0.781207144,
        -0.618333161,
        -0.0859037861
      ]
    ],
    "translation": [
      2.15969348,
      0.76495266,
      -0.6511965
    ]
  },
  {
    "timeStamp": 47456,
    "rotation": [
      [
        0.598219752,
        -0.79665035,
        -0.086495474
      ],
      [
        -0.00700183865,
        -0.113132045,
        0.9935553
      ],
      [
        -0.801301539,
        -0.5937588,
        -0.07325584
      ]
    ],
    "translation": [
      2.15824032,
      0.7608999,
      -0.6523006
    ]
  },
  {
    "timeStamp": 47511,
    "rotation": [
      [
        0.5615979,
        -0.8243473,
        -0.0711299852
      ],
      [
        -0.0178742614,
        -0.09803403,
        0.995022535
      ],
      [
        -0.8272173,
        -0.5575311,
        -0.0697902963
      ]
    ],
    "translation": [
      2.156992,
      0.7567471,
      -0.6516155
    ]
  },
  {
    "timeStamp": 47556,
    "rotation": [
      [
        0.5318747,
        -0.8444371,
        -0.0635232851
      ],
      [
        -0.0233363472,
        -0.08960101,
        0.9957043
      ],
      [
        -0.84650147,
        -0.5281076,
        -0.06736259
      ]
    ],
    "translation": [
      2.15742922,
      0.7540171,
      -0.6511896
    ]
  },
  {
    "timeStamp": 47611,
    "rotation": [
      [
        0.492685616,
        -0.868021667,
        -0.061638318
      ],
      [
        -0.0311549567,
        -0.08838106,
        0.9955994
      ],
      [
        -0.86964947,
        -0.488597155,
        -0.0705872551
      ]
    ],
    "translation": [
      2.15919,
      0.7498783,
      -0.6508037
    ]
  },
  {
    "timeStamp": 47656,
    "rotation": [
      [
        0.472150922,
        -0.8793066,
        -0.06239718
      ],
      [
        -0.0326117165,
        -0.08815874,
        0.995572448
      ],
      [
        -0.8809143,
        -0.468025565,
        -0.07029993
      ]
    ],
    "translation": [
      2.16112947,
      0.7461373,
      -0.650837
    ]
  },
  {
    "timeStamp": 47711,
    "rotation": [
      [
        0.4587961,
        -0.8857475,
        -0.07040911
      ],
      [
        -0.03776957,
        -0.09861048,
        0.9944091
      ],
      [
        -0.887738466,
        -0.4535717,
        -0.07869641
      ]
    ],
    "translation": [
      2.16299677,
      0.7429464,
      -0.6493267
    ]
  },
  {
    "timeStamp": 47755,
    "rotation": [
      [
        0.435557276,
        -0.8979234,
        -0.06343072
      ],
      [
        -0.04464941,
        -0.09192986,
        0.994764
      ],
      [
        -0.899053037,
        -0.430444539,
        -0.08013247
      ]
    ],
    "translation": [
      2.163777,
      0.740499,
      -0.648074031
    ]
  },
  {
    "timeStamp": 47811,
    "rotation": [
      [
        0.420624,
        -0.904912,
        -0.06488257
      ],
      [
        -0.045323018,
        -0.09238696,
        0.994691133
      ],
      [
        -0.90610224,
        -0.415450275,
        -0.07987352
      ]
    ],
    "translation": [
      2.163864,
      0.737878263,
      -0.646928966
    ]
  },
  {
    "timeStamp": 47855,
    "rotation": [
      [
        0.414825737,
        -0.907505751,
        -0.06597658
      ],
      [
        -0.04662918,
        -0.09361675,
        0.9945158
      ],
      [
        -0.9087053,
        -0.4094743,
        -0.08115088
      ]
    ],
    "translation": [
      2.16377187,
      0.736198366,
      -0.6452309
    ]
  },
  {
    "timeStamp": 47911,
    "rotation": [
      [
        0.4057111,
        -0.9114726,
        -0.06794261
      ],
      [
        -0.0489497036,
        -0.09589657,
        0.994187
      ],
      [
        -0.9126897,
        -0.400026947,
        -0.08352262
      ]
    ],
    "translation": [
      2.16337967,
      0.734380066,
      -0.6430276
    ]
  },
  {
    "timeStamp": 47955,
    "rotation": [
      [
        0.40028125,
        -0.9138969,
        -0.06758206
      ],
      [
        -0.04974298,
        -0.09530786,
        0.9942042
      ],
      [
        -0.915041268,
        -0.394599557,
        -0.08360991
      ]
    ],
    "translation": [
      2.162771,
      0.733267248,
      -0.6411301
    ]
  },
  {
    "timeStamp": 48011,
    "rotation": [
      [
        0.394600838,
        -0.9159714,
        -0.07270898
      ],
      [
        -0.0496581681,
        -0.100273341,
        0.993719935
      ],
      [
        -0.917509854,
        -0.3885121,
        -0.08505341
      ]
    ],
    "translation": [
      2.16349673,
      0.731891751,
      -0.6387743
    ]
  },
  {
    "timeStamp": 48060,
    "rotation": [
      [
        0.393955261,
        -0.9162199,
        -0.07307785
      ],
      [
        -0.0509352349,
        -0.101148121,
        0.993566632
      ],
      [
        -0.9177172,
        -0.387698561,
        -0.08651571
      ]
    ],
    "translation": [
      2.16218448,
      0.7309993,
      -0.6369004
    ]
  },
  {
    "timeStamp": 48110,
    "rotation": [
      [
        0.396702051,
        -0.914702237,
        -0.0771186054
      ],
      [
        -0.04285208,
        -0.102373987,
        0.9938226
      ],
      [
        -0.91694665,
        -0.390946776,
        -0.07980887
      ]
    ],
    "translation": [
      2.16144919,
      0.730074763,
      -0.636505365
    ]
  },
  {
    "timeStamp": 48154,
    "rotation": [
      [
        0.388714463,
        -0.918337047,
        -0.07455289
      ],
      [
        -0.0414663777,
        -0.0982712954,
        0.994295359
      ],
      [
        -0.9204247,
        -0.383405536,
        -0.07627959
      ]
    ],
    "translation": [
      2.16067624,
      0.729650438,
      -0.636058867
    ]
  },
  {
    "timeStamp": 48210,
    "rotation": [
      [
        0.389263779,
        -0.9180131,
        -0.07566823
      ],
      [
        -0.0332602933,
        -0.09610208,
        0.994815648
      ],
      [
        -0.92052567,
        -0.384728968,
        -0.06794244
      ]
    ],
    "translation": [
      2.159649,
      0.7286866,
      -0.6359864
    ]
  },
  {
    "timeStamp": 48265,
    "rotation": [
      [
        0.38929534,
        -0.9174817,
        -0.08170875
      ],
      [
        -0.02836629,
        -0.100605823,
        0.9945219
      ],
      [
        -0.920676053,
        -0.384845,
        -0.06519093
      ]
    ],
    "translation": [
      2.16050673,
      0.7281219,
      -0.635964
    ]
  },
  {
    "timeStamp": 48309,
    "rotation": [
      [
        0.388030171,
        -0.9178905,
        -0.08312423
      ],
      [
        -0.027410198,
        -0.101644263,
        0.9944431
      ],
      [
        -0.921238959,
        -0.383595467,
        -0.0646006
      ]
    ],
    "translation": [
      2.16072488,
      0.727641046,
      -0.6359871
    ]
  },
  {
    "timeStamp": 48365,
    "rotation": [
      [
        0.389901936,
        -0.916806161,
        -0.086272344
      ],
      [
        -0.0203246865,
        -0.102232121,
        0.9945529
      ],
      [
        -0.920632064,
        -0.386024654,
        -0.0584943034
      ]
    ],
    "translation": [
      2.16109967,
      0.7261533,
      -0.636179149
    ]
  },
  {
    "timeStamp": 48410,
    "rotation": [
      [
        0.3897508,
        -0.917038262,
        -0.08446964
      ],
      [
        -0.0195778087,
        -0.09995311,
        0.9947995
      ],
      [
        -0.9207123,
        -0.3860702,
        -0.0569104031
      ]
    ],
    "translation": [
      2.16036534,
      0.7255371,
      -0.636253834
    ]
  },
  {
    "timeStamp": 48466,
    "rotation": [
      [
        0.3892647,
        -0.9172671,
        -0.0842264444
      ],
      [
        -0.0174041539,
        -0.09874638,
        0.9949604
      ],
      [
        -0.9209615,
        -0.3858371,
        -0.05440274
      ]
    ],
    "translation": [
      2.16037226,
      0.7254833,
      -0.6362414
    ]
  }
]