[
  {
    "timeStamp": 50728,
    "rotation": [
      [
        -0.8909715,
        0.453509182,
        -0.0223438814
      ],
      [
        0.453596354,
        0.886763334,
        -0.0888881
      ],
      [
        -0.0204978324,
        -0.0893318653,
        -0.995790958
      ]
    ],
    "translation": [
      1.15397966,
      0.7299416,
      -0.751878262
    ]
  },
  {
    "timeStamp": 50784,
    "rotation": [
      [
        -0.8894207,
        0.456575036,
        -0.0216822345
      ],
      [
        0.456773549,
        0.8860416,
        -0.0792984143
      ],
      [
        -0.0169943161,
        -0.08043352,
        -0.996615052
      ]
    ],
    "translation": [
      1.15417051,
      0.731417537,
      -0.75175494
    ]
  },
  {
    "timeStamp": 50829,
    "rotation": [
      [
        -0.8878705,
        0.46005258,
        -0.006134014
      ],
      [
        0.459401935,
        0.8857266,
        -0.06662124
      ],
      [
        -0.0252162125,
        -0.06196901,
        -0.9977595
      ]
    ],
    "translation": [
      1.15719986,
      0.7313902,
      -0.7538027
    ]
  },
  {
    "timeStamp": 50875,
    "rotation": [
      [
        -0.880377769,
        0.473275185,
        -0.0307497587
      ],
      [
        0.4742564,
        0.877951145,
        -0.0654416159
      ],
      [
        -0.00397510733,
        -0.07219661,
        -0.997382462
      ]
    ],
    "translation": [
      1.15826368,
      0.738475561,
      -0.74977833
    ]
  },
  {
    "timeStamp": 50931,
    "rotation": [
      [
        -0.8594051,
        0.502913654,
        -0.09219938
      ],
      [
        0.507126,
        0.8614055,
        -0.0283517744
      ],
      [
        0.0651625544,
        -0.0711223558,
        -0.9953369
      ]
    ],
    "translation": [
      1.16148019,
      0.7549566,
      -0.7434436
    ]
  },
  {
    "timeStamp": 50976,
    "rotation": [
      [
        -0.835375667,
        0.5314927,
        -0.1402249
      ],
      [
        0.5356812,
        0.844370842,
        0.00914162
      ],
      [
        0.12326052,
        -0.067479156,
        -0.9900775
      ]
    ],
    "translation": [
      1.1658237,
      0.773085833,
      -0.7402994
    ]
  },
  {
    "timeStamp": 51031,
    "rotation": [
      [
        -0.7954718,
        0.5745234,
        -0.192736924
      ],
      [
        0.5737565,
        0.8163989,
        0.06554604
      ],
      [
        0.19500795,
        -0.058444038,
        -0.9790588
      ]
    ],
    "translation": [
      1.17663348,
      0.801538,
      -0.738877
    ]
  },
  {
    "timeStamp": 51076,
    "rotation": [
      [
        -0.7544434,
        0.611559033,
        -0.23834987
      ],
      [
        0.6063788,
        0.788406253,
        0.103538886
      ],
      [
        0.251236677,
        -0.06641608,
        -0.9656443
      ]
    ],
    "translation": [
      1.19056344,
      0.8286967,
      -0.736231267
    ]
  },
  {
    "timeStamp": 51131,
    "rotation": [
      [
        -0.7059882,
        0.643081665,
        -0.296692669
      ],
      [
        0.632720947,
        0.760924637,
        0.1437283
      ],
      [
        0.3181898,
        -0.08625317,
        -0.944095135
      ]
    ],
    "translation": [
      1.21846592,
      0.861995041,
      -0.732429564
    ]
  },
  {
    "timeStamp": 51176,
    "rotation": [
      [
        -0.6677209,
        0.6602641,
        -0.3438024
      ],
      [
        0.6528733,
        0.7413002,
        0.155661449
      ],
      [
        0.357638448,
        -0.120520979,
        -0.9260505
      ]
    ],
    "translation": [
      1.24678981,
      0.8885275,
      -0.7287396
    ]
  },
  {
    "timeStamp": 51232,
    "rotation": [
      [
        -0.617535651,
        0.66603446,
        -0.4183873
      ],
      [
        0.6656061,
        0.7259304,
        0.173186809
      ],
      [
        0.419068456,
        -0.171532109,
        -0.891604364
      ]
    ],
    "translation": [
      1.29251659,
      0.9187587,
      -0.72356236
    ]
  },
  {
    "timeStamp": 51276,
    "rotation": [
      [
        -0.575564146,
        0.660535932,
        -0.482097626
      ],
      [
        0.6714127,
        0.7182557,
        0.18252033
      ],
      [
        0.4668306,
        -0.2186343,
        -0.8568945
      ]
    ],
    "translation": [
      1.33578658,
      0.940827847,
      -0.7207995
    ]
  },
  {
    "timeStamp": 51332,
    "rotation": [
      [
        -0.5373269,
        0.631821,
        -0.5586431
      ],
      [
        0.681067348,
        0.7157507,
        0.154428661
      ],
      [
        0.49742046,
        -0.297494918,
        -0.814904749
      ]
    ],
    "translation": [
      1.39650178,
      0.9639962,
      -0.71797514
    ]
  },
  {
    "timeStamp": 51376,
    "rotation": [
      [
        -0.4942959,
        0.5921178,
        -0.6364496
      ],
      [
        0.680932343,
        0.7188523,
        0.139937535
      ],
      [
        0.5403727,
        -0.364208519,
        -0.7585179
      ]
    ],
    "translation": [
      1.45233607,
      0.9792923,
      -0.716671646
    ]
  },
  {
    "timeStamp": 51432,
    "rotation": [
      [
        -0.431938678,
        0.524350643,
        -0.7338156
      ],
      [
        0.6825069,
        0.7219162,
        0.114110574
      ],
      [
        0.589587331,
        -0.451545447,
        -0.6696965
      ]
    ],
    "translation": [
      1.52680123,
      0.99563545,
      -0.7170669
    ]
  },
  {
    "timeStamp": 51476,
    "rotation": [
      [
        -0.378811866,
        0.454268038,
        -0.8063139
      ],
      [
        0.6834207,
        0.7247905,
        0.0872629061
      ],
      [
        0.6240494,
        -0.5179954,
        -0.5850155
      ]
    ],
    "translation": [
      1.58824968,
      1.00640106,
      -0.719407439
    ]
  },
  {
    "timeStamp": 51531,
    "rotation": [
      [
        -0.287050635,
        0.3633341,
        -0.8863353
      ],
      [
        0.6850813,
        0.7245795,
        0.0751537755
      ],
      [
        0.6695264,
        -0.5856388,
        -0.4569044
      ]
    ],
    "translation": [
      1.6648947,
      1.0183152,
      -0.7269631
    ]
  },
  {
    "timeStamp": 51576,
    "rotation": [
      [
        -0.214165747,
        0.290555418,
        -0.932582736
      ],
      [
        0.689947069,
        0.720832169,
        0.06613746
      ],
      [
        0.6914522,
        -0.6292683,
        -0.3548454
      ]
    ],
    "translation": [
      1.72285426,
      1.02540421,
      -0.736020148
    ]
  },
  {
    "timeStamp": 51632,
    "rotation": [
      [
        -0.137813687,
        0.211368367,
        -0.9676419
      ],
      [
        0.6948631,
        0.716830134,
        0.0576179847
      ],
      [
        0.7058135,
        -0.664438069,
        -0.24566108
      ]
    ],
    "translation": [
      1.78826332,
      1.03043461,
      -0.7503737
    ]
  },
  {
    "timeStamp": 51676,
    "rotation": [
      [
        -0.07757039,
        0.157858521,
        -0.9844102
      ],
      [
        0.6939176,
        0.7175184,
        0.06038025
      ],
      [
        0.715864,
        -0.678415835,
        -0.165198982
      ]
    ],
    "translation": [
      1.8342036,
      1.03019488,
      -0.7621057
    ]
  },
  {
    "timeStamp": 51731,
    "rotation": [
      [
        -0.02016381,
        0.123273246,
        -0.9921679
      ],
      [
        0.690891564,
        0.7190267,
        0.07529547
      ],
      [
        0.7226771,
        -0.683962166,
        -0.09966677
      ]
    ],
    "translation": [
      1.88133359,
      1.02627158,
      -0.775302231
    ]
  },
  {
    "timeStamp": 51776,
    "rotation": [
      [
        -0.0008887651,
        0.11798235,
        -0.9930153
      ],
      [
        0.6895972,
        0.7192073,
        0.0848334059
      ],
      [
        0.7241926,
        -0.684705138,
        -0.0819994956
      ]
    ],
    "translation": [
      1.9104532,
      1.021484,
      -0.7819517
    ]
  },
  {
    "timeStamp": 51831,
    "rotation": [
      [
        -0.0218246486,
        0.1298981,
        -0.9912871
      ],
      [
        0.681354463,
        0.7275318,
        0.08033461
      ],
      [
        0.7316282,
        -0.6736646,
        -0.104384765
      ]
    ],
    "translation": [
      1.93982184,
      1.01161468,
      -0.787546158
    ]
  },
  {
    "timeStamp": 51876,
    "rotation": [
      [
        -0.0316579044,
        0.143995568,
        -0.989071846
      ],
      [
        0.677382648,
        0.7307379,
        0.0847041756
      ],
      [
        0.73494935,
        -0.667298555,
        -0.120673738
      ]
    ],
    "translation": [
      1.96078408,
      1.0046469,
      -0.790430665
    ]
  },
  {
    "timeStamp": 51932,
    "rotation": [
      [
        -0.0421901047,
        0.1658477,
        -0.985248446
      ],
      [
        0.6756139,
        0.7312186,
        0.09415565
      ],
      [
        0.736047447,
        -0.6616751,
        -0.1428992
      ]
    ],
    "translation": [
      1.98289251,
      0.9995404,
      -0.792447031
    ]
  },
  {
    "timeStamp": 51976,
    "rotation": [
      [
        -0.0593759045,
        0.185527682,
        -0.9808435
      ],
      [
        0.686316848,
        0.721091449,
        0.0948487148
      ],
      [
        0.7248749,
        -0.6675377,
        -0.170146227
      ]
    ],
    "translation": [
      1.99689353,
      0.998857,
      -0.7920107
    ]
  },
  {
    "timeStamp": 52031,
    "rotation": [
      [
        -0.0525616556,
        0.193540573,
        -0.9796833
      ],
      [
        0.6845225,
        0.7212784,
        0.10576582
      ],
      [
        0.7270944,
        -0.665056,
        -0.17039445
      ]
    ],
    "translation": [
      2.016865,
      0.9941796,
      -0.792775154
    ]
  },
  {
    "timeStamp": 52076,
    "rotation": [
      [
        -0.04009067,
        0.193797946,
        -0.9802219
      ],
      [
        0.678842068,
        0.7251277,
        0.115599357
      ],
      [
        0.733189046,
        -0.6607815,
        -0.160629064
      ]
    ],
    "translation": [
      2.03243637,
      0.991583169,
      -0.794402242
    ]
  },
  {
    "timeStamp": 52131,
    "rotation": [
      [
        -0.0141087649,
        0.202141091,
        -0.9792548
      ],
      [
        0.6784117,
        0.7213865,
        0.139136732
      ],
      [
        0.7345464,
        -0.662374854,
        -0.14731276
      ]
    ],
    "translation": [
      2.04887819,
      0.993884,
      -0.7955795
    ]
  },
  {
    "timeStamp": 52178,
    "rotation": [
      [
        -0.00780838728,
        0.212834433,
        -0.97705704
      ],
      [
        0.67837435,
        0.718990564,
        0.151197866
      ],
      [
        0.734674931,
        -0.661629856,
        -0.14999558
      ]
    ],
    "translation": [
      2.05929923,
      0.9955556,
      -0.796761334
    ]
  },
  {
    "timeStamp": 52226,
    "rotation": [
      [
        0.000689338951,
        0.220147878,
        -0.975466251
      ],
      [
        0.6771438,
        0.7176948,
        0.162451312
      ],
      [
        0.7358504,
        -0.6606429,
        -0.148577034
      ]
    ],
    "translation": [
      2.07104325,
      0.9953433,
      -0.797743559
    ]
  },
  {
    "timeStamp": 52282,
    "rotation": [
      [
        0.008348186,
        0.222798586,
        -0.9748287
      ],
      [
        0.6751996,
        0.717815936,
        0.169840157
      ],
      [
        0.73758775,
        -0.6596219,
        -0.144441068
      ]
    ],
    "translation": [
      2.08236885,
      0.9942571,
      -0.797235548
    ]
  },
  {
    "timeStamp": 52326,
    "rotation": [
      [
        0.0113822324,
        0.214187816,
        -0.9767262
      ],
      [
        0.680228353,
        0.714288354,
        0.164564431
      ],
      [
        0.7329118,
        -0.666269958,
        -0.137566432
      ]
    ],
    "translation": [
      2.091957,
      0.9950093,
      -0.794318736
    ]
  },
  {
    "timeStamp": 52381,
    "rotation": [
      [
        0.0322979242,
        0.2028655,
        -0.9786739
      ],
      [
        0.6822163,
        0.7111311,
        0.16992192
      ],
      [
        0.7304367,
        -0.673155367,
        -0.115430087
      ]
    ],
    "translation": [
      2.105152,
      0.9971301,
      -0.788465261
    ]
  },
  {
    "timeStamp": 52429,
    "rotation": [
      [
        0.0413901322,
        0.192342415,
        -0.9804546
      ],
      [
        0.687522054,
        0.706549942,
        0.16763258
      ],
      [
        0.724983,
        -0.681022465,
        -0.102995448
      ]
    ],
    "translation": [
      2.11453652,
      0.999159455,
      -0.78261
    ]
  },
  {
    "timeStamp": 52482,
    "rotation": [
      [
        0.0616886728,
        0.172611043,
        -0.9830564
      ],
      [
        0.6835604,
        0.710384369,
        0.167628348
      ],
      [
        0.7272824,
        -0.682319164,
        -0.07416741
      ]
    ],
    "translation": [
      2.12748146,
      0.9972611,
      -0.7751332
    ]
  },
  {
    "timeStamp": 52526,
    "rotation": [
      [
        0.0772709,
        0.169614285,
        -0.9824766
      ],
      [
        0.6774663,
        0.714050233,
        0.1765554
      ],
      [
        0.731483936,
        -0.6792373,
        -0.05973265
      ]
    ],
    "translation": [
      2.13432765,
      0.992935359,
      -0.7693481
    ]
  },
  {
    "timeStamp": 52581,
    "rotation": [
      [
        0.06739252,
        0.148462653,
        -0.986619
      ],
      [
        0.678152859,
        0.718510032,
        0.15444091
      ],
      [
        0.731824338,
        -0.6794867,
        -0.0522581674
      ]
    ],
    "translation": [
      2.143427,
      0.9851055,
      -0.761047959
    ]
  },
  {
    "timeStamp": 52627,
    "rotation": [
      [
        0.08084454,
        0.152309626,
        -0.985020757
      ],
      [
        0.6601832,
        0.732212067,
        0.1674027
      ],
      [
        0.7467411,
        -0.6638278,
        -0.0413569137
      ]
    ],
    "translation": [
      2.14683652,
      0.972607732,
      -0.756268442
    ]
  },
  {
    "timeStamp": 52684,
    "rotation": [
      [
        0.0894592255,
        0.161359817,
        -0.9828326
      ],
      [
        0.6169053,
        0.765736,
        0.18186909
      ],
      [
        0.7819367,
        -0.6225845,
        -0.03104157
      ]
    ],
    "translation": [
      2.14866877,
      0.9503711,
      -0.753264666
    ]
  },
  {
    "timeStamp": 52729,
    "rotation": [
      [
        0.09471587,
        0.165167943,
        -0.981706858
      ],
      [
        0.5934031,
        0.7824273,
        0.188892022
      ],
      [
        0.799313247,
        -0.600439,
        -0.0239028838
      ]
    ],
    "translation": [
      2.14909649,
      0.932550669,
      -0.7520498
    ]
  },
  {
    "timeStamp": 52775,
    "rotation": [
      [
        0.105437756,
        0.1625607,
        -0.9810489
      ],
      [
        0.5792595,
        0.7918518,
        0.1934662
      ],
      [
        0.8082953,
        -0.5886805,
        -0.0106737474
      ]
    ],
    "translation": [
      2.150455,
      0.918093562,
      -0.749358356
    ]
  },
  {
    "timeStamp": 52831,
    "rotation": [
      [
        0.115748562,
        0.178208709,
        -0.977161169
      ],
      [
        0.5437611,
        0.811896741,
        0.212479427
      ],
      [
        0.8312197,
        -0.5559364,
        -0.00292707467
      ]
    ],
    "translation": [
      2.14665318,
      0.8982306,
      -0.7479613
    ]
  },
  {
    "timeStamp": 52875,
    "rotation": [
      [
        0.120095342,
        0.187080711,
        -0.9749759
      ],
      [
        0.5202124,
        0.8245968,
        0.22230421
      ],
      [
        0.845550835,
        -0.5338922,
        0.00170853827
      ]
    ],
    "translation": [
      2.14281559,
      0.884061456,
      -0.746832132
    ]
  },
  {
    "timeStamp": 52931,
    "rotation": [
      [
        0.115963668,
        0.198851511,
        -0.97314465
      ],
      [
        0.502405167,
        0.8334328,
        0.230171442
      ],
      [
        0.8568206,
        -0.515604436,
        -0.00325610978
      ]
    ],
    "translation": [
      2.13710761,
      0.86985606,
      -0.744540334
    ]
  },
  {
    "timeStamp": 52975,
    "rotation": [
      [
        0.123335928,
        0.201001808,
        -0.971795559
      ],
      [
        0.481167138,
        0.8443458,
        0.235708252
      ],
      [
        0.867909253,
        -0.496667355,
        0.00742270844
      ]
    ],
    "translation": [
      2.13530445,
      0.859793961,
      -0.742711365
    ]
  },
  {
    "timeStamp": 53031,
    "rotation": [
      [
        0.129795849,
        0.206063122,
        -0.969892263
      ],
      [
        0.458624274,
        0.8547661,
        0.242978841
      ],
      [
        0.879099965,
        -0.476353765,
        0.0164395366
      ]
    ],
    "translation": [
      2.13367438,
      0.8501246,
      -0.7408213
    ]
  },
  {
    "timeStamp": 53075,
    "rotation": [
      [
        0.142170846,
        0.207947761,
        -0.967752635
      ],
      [
        0.443938,
        0.8604447,
        0.2501079
      ],
      [
        0.884707034,
        -0.465180218,
        0.0300142486
      ]
    ],
    "translation": [
      2.13275981,
      0.843406737,
      -0.739288449
    ]
  },
  {
    "timeStamp": 53131,
    "rotation": [
      [
        0.134734631,
        0.195302561,
        -0.971444
      ],
      [
        0.434434146,
        0.8694907,
        0.23505944
      ],
      [
        0.8905692,
        -0.453699082,
        0.03230441
      ]
    ],
    "translation": [
      2.13361526,
      0.835588455,
      -0.736071
    ]
  },
  {
    "timeStamp": 53175,
    "rotation": [
      [
        0.133683845,
        0.191690028,
        -0.9723084
      ],
      [
        0.420570761,
        0.877410352,
        0.230805725
      ],
      [
        0.89735657,
        -0.43977946,
        0.0366763733
      ]
    ],
    "translation": [
      2.133743,
      0.8289786,
      -0.734978437
    ]
  },
  {
    "timeStamp": 53231,
    "rotation": [
      [
        0.127091631,
        0.186492786,
        -0.974201262
      ],
      [
        0.4067241,
        0.8859991,
        0.222668216
      ],
      [
        0.9046675,
        -0.4245304,
        0.03675196
      ]
    ],
    "translation": [
      2.13309813,
      0.821709454,
      -0.734177947
    ]
  },
  {
    "timeStamp": 53275,
    "rotation": [
      [
        0.0975215361,
        0.175082371,
        -0.979712069
      ],
      [
        0.40107134,
        0.8940164,
        0.199690923
      ],
      [
        0.910841,
        -0.4124086,
        0.0169653334
      ]
    ],
    "translation": [
      2.13205886,
      0.816161036,
      -0.735155344
    ]
  },
  {
    "timeStamp": 53331,
    "rotation": [
      [
        0.08427766,
        0.168081611,
        -0.9821639
      ],
      [
        0.387090355,
        0.9027338,
        0.187703922
      ],
      [
        0.9181821,
        -0.396005422,
        0.0110175209
      ]
    ],
    "translation": [
      2.13049531,
      0.809391439,
      -0.736088455
    ]
  },
  {
    "timeStamp": 53375,
    "rotation": [
      [
        0.07491682,
        0.165781572,
        -0.9833127
      ],
      [
        0.380985767,
        0.9065188,
        0.181861117
      ],
      [
        0.921540737,
        -0.388252616,
        0.004753086
      ]
    ],
    "translation": [
      2.12897253,
      0.805585742,
      -0.737465
    ]
  },
  {
    "timeStamp": 53431,
    "rotation": [
      [
        0.06157761,
        0.168115243,
        -0.983842134
      ],
      [
        0.3809148,
        0.9071473,
        0.178850964
      ],
      [
        0.922557354,
        -0.385773271,
        -0.008177625
      ]
    ],
    "translation": [
      2.12539673,
      0.8028828,
      -0.7378794
    ]
  },
  {
    "timeStamp": 53475,
    "rotation": [
      [
        0.0568523221,
        0.16902411,
        -0.9839709
      ],
      [
        0.380025923,
        0.9077105,
        0.177881613
      ],
      [
        0.923227,
        -0.384047419,
        -0.0126280962
      ]
    ],
    "translation": [
      2.12346077,
      0.801132858,
      -0.738357365
    ]
  },
  {
    "timeStamp": 53531,
    "rotation": [
      [
        0.0592884123,
        0.1678745,
        -0.9840239
      ],
      [
        0.375646979,
        0.909547031,
        0.177801847
      ],
      [
        0.9248644,
        -0.380187184,
        -0.009135948
      ]
    ],
    "translation": [
      2.12266088,
      0.797700942,
      -0.7387707
    ]
  },
  {
    "timeStamp": 53575,
    "rotation": [
      [
        0.0548824519,
        0.164727151,
        -0.984811068
      ],
      [
        0.374353349,
        0.910960257,
        0.1732366
      ],
      [
        0.925660551,
        -0.378175,
        -0.0116704274
      ]
    ],
    "translation": [
      2.12196374,
      0.7949965,
      -0.739287555
    ]
  },
  {
    "timeStamp": 53631,
    "rotation": [
      [
        0.05738995,
        0.160502613,
        -0.98536557
      ],
      [
        0.378601372,
        0.9097689,
        0.170239568
      ],
      [
        0.923778832,
        -0.382830828,
        -0.008554924
      ]
    ],
    "translation": [
      2.121819,
      0.7930315,
      -0.738026738
    ]
  },
  {
    "timeStamp": 53675,
    "rotation": [
      [
        0.0620205142,
        0.1597492,
        -0.9852074
      ],
      [
        0.379015565,
        0.9093943,
        0.171315953
      ],
      [
        0.9233096,
        -0.384034038,
        -0.004146322
      ]
    ],
    "translation": [
      2.12136221,
      0.7915477,
      -0.7372017
    ]
  },
  {
    "timeStamp": 53730,
    "rotation": [
      [
        0.06396724,
        0.154925585,
        -0.985853
      ],
      [
        0.382018775,
        0.9088284,
        0.1676086
      ],
      [
        0.921938062,
        -0.3873358,
        -0.00104923255
      ]
    ],
    "translation": [
      2.12206388,
      0.7900206,
      -0.7356265
    ]
  },
  {
    "timeStamp": 53775,
    "rotation": [
      [
        0.07001827,
        0.153378084,
        -0.9856838
      ],
      [
        0.381125242,
        0.9090342,
        0.168524265
      ],
      [
        0.9218682,
        -0.387468785,
        0.00519273756
      ]
    ],
    "translation": [
      2.122254,
      0.789149642,
      -0.7344034
    ]
  },
  {
    "timeStamp": 53830,
    "rotation": [
      [
        0.0629302561,
        0.15559116,
        -0.985815
      ],
      [
        0.382960975,
        0.9083931,
        0.167818263
      ],
      [
        0.9216185,
        -0.388089478,
        -0.00241993
      ]
    ],
    "translation": [
      2.12037921,
      0.7883703,
      -0.7330771
    ]
  },
  {
    "timeStamp": 53875,
    "rotation": [
      [
        0.06262659,
        0.157767668,
        -0.9854883
      ],
      [
        0.381755561,
        0.9085489,
        0.169710472
      ],
      [
        0.922139168,
        -0.386844039,
        -0.003329366
      ]
    ],
    "translation": [
      2.11915469,
      0.7876078,
      -0.732609451
    ]
  },
  {
    "timeStamp": 53931,
    "rotation": [
      [
        0.06420987,
        0.157071218,
        -0.9854977
      ],
      [
        0.381277233,
        0.908755064,
        0.1696818
      ],
      [
        0.922228158,
        -0.386643082,
        -0.00153663417
      ]
    ],
    "translation": [
      2.11878729,
      0.786356,
      -0.731851637
    ]
  },
  {
    "timeStamp": 53975,
    "rotation": [
      [
        0.06185899,
        0.157302275,
        -0.98561126
      ],
      [
        0.381573,
        0.9087607,
        0.168985337
      ],
      [
        0.922266543,
        -0.386535883,
        -0.00380728347
      ]
    ],
    "translation": [
      2.11825061,
      0.785705268,
      -0.7309904
    ]
  },
  {
    "timeStamp": 54030,
    "rotation": [
      [
        0.0569825061,
        0.156301349,
        -0.9860644
      ],
      [
        0.3822751,
        0.908984,
        0.166174173
      ],
      [
        0.9222899,
        -0.386416852,
        -0.007953931
      ]
    ],
    "translation": [
      2.11766315,
      0.7844846,
      -0.7305955
    ]
  },
  {
    "timeStamp": 54076,
    "rotation": [
      [
        0.0553578772,
        0.157844648,
        -0.9859111
      ],
      [
        0.382006,
        0.9089508,
        0.166972533
      ],
      [
        0.9225004,
        -0.385867178,
        -0.009980016
      ]
    ],
    "translation": [
      2.117012,
      0.7839248,
      -0.73037827
    ]
  },
  {
    "timeStamp": 54131,
    "rotation": [
      [
        0.0536624566,
        0.162285462,
        -0.9852836
      ],
      [
        0.379923254,
        0.9091796,
        0.170442551
      ],
      [
        0.9234602,
        -0.383478522,
        -0.0128672058
      ]
    ],
    "translation": [
      2.11586475,
      0.7830976,
      -0.7301803
    ]
  },
  {
    "timeStamp": 54175,
    "rotation": [
      [
        0.0471468419,
        0.162401721,
        -0.98559767
      ],
      [
        0.3798995,
        0.909633458,
        0.168057516
      ],
      [
        0.9238255,
        -0.382351428,
        -0.0188099854
      ]
    ],
    "translation": [
      2.11484075,
      0.7798179,
      -0.730874538
    ]
  },
  {
    "timeStamp": 54230,
    "rotation": [
      [
        0.0457590036,
        0.161600992,
        -0.9857947
      ],
      [
        0.377645463,
        0.9107961,
        0.166836187
      ],
      [
        0.924818933,
        -0.379915178,
        -0.01935076
      ]
    ],
    "translation": [
      2.11542177,
      0.7784127,
      -0.730751932
    ]
  },
  {
    "timeStamp": 54275,
    "rotation": [
      [
        0.0485876463,
        0.16293624,
        -0.9854395
      ],
      [
        0.374442756,
        0.911681354,
        0.169202924
      ],
      [
        0.925976157,
        -0.377211869,
        -0.0167138465
      ]
    ],
    "translation": [
      2.11578822,
      0.777602434,
      -0.730965853
    ]
  },
  {
    "timeStamp": 54330,
    "rotation": [
      [
        0.0411035679,
        0.165123388,
        -0.985416055
      ],
      [
        0.373028845,
        0.9124005,
        0.16844812
      ],
      [
        0.926908851,
        -0.374512434,
        -0.024092868
      ]
    ],
    "translation": [
      2.11539483,
      0.77718997,
      -0.731130362
    ]
  },
  {
    "timeStamp": 54375,
    "rotation": [
      [
        0.03871247,
        0.165040389,
        -0.9855268
      ],
      [
        0.3748035,
        0.9118611,
        0.167426676
      ],
      [
        0.9262957,
        -0.3758604,
        -0.0265573151
      ]
    ],
    "translation": [
      2.11488724,
      0.77593267,
      -0.7311609
    ]
  },
  {
    "timeStamp": 54430,
    "rotation": [
      [
        0.03781132,
        0.166753441,
        -0.985273361
      ],
      [
        0.373906642,
        0.911994457,
        0.168700516
      ],
      [
        0.9266953,
        -0.374779046,
        -0.0278665014
      ]
    ],
    "translation": [
      2.11441255,
      0.775782049,
      -0.7309021
    ]
  }
]