[
  {
    "timeStamp": 65303,
    "rotation": [
      [
        0.636999667,
        0.0422654,
        0.7697046
      ],
      [
        -0.573518932,
        0.6931649,
        0.436575919
      ],
      [
        -0.5150801,
        -0.719538867,
        0.4657858
      ]
    ],
    "translation": [
      1.62596583,
      0.710235953,
      -0.781232238
    ]
  },
  {
    "timeStamp": 65347,
    "rotation": [
      [
        0.626282,
        0.0358380936,
        0.7787725
      ],
      [
        -0.578118145,
        0.691526353,
        0.433094382
      ],
      [
        -0.5230204,
        -0.721461654,
        0.4538091
      ]
    ],
    "translation": [
      1.62606514,
      0.710668445,
      -0.7809875
    ]
  },
  {
    "timeStamp": 65396,
    "rotation": [
      [
        0.613824964,
        0.0384818,
        0.788503647
      ],
      [
        -0.5820239,
        0.6968659,
        0.419077575
      ],
      [
        -0.533354461,
        -0.7161683,
        0.4501511
      ]
    ],
    "translation": [
      1.62621891,
      0.7109493,
      -0.7807527
    ]
  },
  {
    "timeStamp": 65453,
    "rotation": [
      [
        0.588419259,
        0.05062484,
        0.806969643
      ],
      [
        -0.585034966,
        0.7155692,
        0.38169992
      ],
      [
        -0.5581191,
        -0.696705,
        0.450671971
      ]
    ],
    "translation": [
      1.6266588,
      0.7115103,
      -0.780327857
    ]
  },
  {
    "timeStamp": 65498,
    "rotation": [
      [
        0.5819338,
        0.0263153557,
        0.8128103
      ],
      [
        -0.5814704,
        0.7122143,
        0.393246859
      ],
      [
        -0.568546653,
        -0.7014687,
        0.429763168
      ]
    ],
    "translation": [
      1.63024211,
      0.711255,
      -0.778939843
    ]
  },
  {
    "timeStamp": 65553,
    "rotation": [
      [
        0.5534748,
        0.0273823217,
        0.83241564
      ],
      [
        -0.6088393,
        0.695292354,
        0.3819467
      ],
      [
        -0.5683137,
        -0.7182052,
        0.4014982
      ]
    ],
    "translation": [
      1.63413441,
      0.723417,
      -0.7739325
    ]
  },
  {
    "timeStamp": 65597,
    "rotation": [
      [
        0.515588641,
        0.029252341,
        0.8563368
      ],
      [
        -0.6299623,
        0.6903759,
        0.355708539
      ],
      [
        -0.58078897,
        -0.722859144,
        0.374377847
      ]
    ],
    "translation": [
      1.63596392,
      0.7381781,
      -0.7697633
    ]
  },
  {
    "timeStamp": 65653,
    "rotation": [
      [
        0.446917683,
        0.0345624574,
        0.8939071
      ],
      [
        -0.6679355,
        0.67761153,
        0.307741433
      ],
      [
        -0.5950855,
        -0.7346074,
        0.325922072
      ]
    ],
    "translation": [
      1.63897359,
      0.7623422,
      -0.761795163
    ]
  },
  {
    "timeStamp": 65697,
    "rotation": [
      [
        0.375018448,
        0.0363241136,
        0.9263055
      ],
      [
        -0.6968058,
        0.6700849,
        0.2558279
      ],
      [
        -0.611410558,
        -0.7413952,
        0.27660507
      ]
    ],
    "translation": [
      1.64378524,
      0.78528,
      -0.7548599
    ]
  },
  {
    "timeStamp": 65753,
    "rotation": [
      [
        0.269590318,
        0.0358859934,
        0.9623062
      ],
      [
        -0.7284859,
        0.6611452,
        0.179430321
      ],
      [
        -0.6297851,
        -0.7493992,
        0.2043808
      ]
    ],
    "translation": [
      1.655259,
      0.8169472,
      -0.7461029
    ]
  },
  {
    "timeStamp": 65798,
    "rotation": [
      [
        0.198124051,
        0.0248671044,
        0.979861438
      ],
      [
        -0.7461861,
        0.6520447,
        0.134328127
      ],
      [
        -0.6355731,
        -0.7577726,
        0.147741228
      ]
    ],
    "translation": [
      1.67119992,
      0.8407628,
      -0.74040097
    ]
  },
  {
    "timeStamp": 65855,
    "rotation": [
      [
        0.141786441,
        -0.005176081,
        0.9898837
      ],
      [
        -0.772877,
        0.624237657,
        0.113967508
      ],
      [
        -0.6185126,
        -0.7812174,
        0.08450796
      ]
    ],
    "translation": [
      1.69884038,
      0.8676301,
      -0.7332374
    ]
  },
  {
    "timeStamp": 65900,
    "rotation": [
      [
        0.09228092,
        -0.0434568673,
        0.9947843
      ],
      [
        -0.785682261,
        0.6105669,
        0.09955606
      ],
      [
        -0.61170876,
        -0.790771544,
        0.0222003814
      ]
    ],
    "translation": [
      1.72734618,
      0.8870582,
      -0.730337441
    ]
  },
  {
    "timeStamp": 65946,
    "rotation": [
      [
        0.0441637859,
        -0.09138164,
        0.994836152
      ],
      [
        -0.798900247,
        0.594678164,
        0.0900903344
      ],
      [
        -0.5998399,
        -0.7987536,
        -0.046741575
      ]
    ],
    "translation": [
      1.759261,
      0.9046663,
      -0.7284827
    ]
  },
  {
    "timeStamp": 66003,
    "rotation": [
      [
        0.0019757608,
        -0.158031166,
        0.9874321
      ],
      [
        -0.8122985,
        0.5756571,
        0.09375498
      ],
      [
        -0.5832386,
        -0.8022749,
        -0.127231121
      ]
    ],
    "translation": [
      1.80459976,
      0.922299,
      -0.730486333
    ]
  },
  {
    "timeStamp": 66047,
    "rotation": [
      [
        -0.0308078788,
        -0.219396919,
        0.975149155
      ],
      [
        -0.8209295,
        0.562110245,
        0.100532472
      ],
      [
        -0.5701978,
        -0.7974315,
        -0.197426826
      ]
    ],
    "translation": [
      1.84349132,
      0.9341338,
      -0.733816862
    ]
  },
  {
    "timeStamp": 66103,
    "rotation": [
      [
        -0.0559665821,
        -0.29429704,
        0.9540739
      ],
      [
        -0.831080139,
        0.5433076,
        0.118838906
      ],
      [
        -0.5533295,
        -0.786260843,
        -0.274991482
      ]
    ],
    "translation": [
      1.89399338,
      0.94579345,
      -0.7409214
    ]
  },
  {
    "timeStamp": 66147,
    "rotation": [
      [
        -0.08044362,
        -0.357163131,
        0.930571556
      ],
      [
        -0.8379253,
        0.529848456,
        0.130926639
      ],
      [
        -0.539824069,
        -0.7692172,
        -0.341898978
      ]
    ],
    "translation": [
      1.9347254,
      0.952798963,
      -0.747092843
    ]
  },
  {
    "timeStamp": 66202,
    "rotation": [
      [
        -0.09708193,
        -0.4297083,
        0.897733748
      ],
      [
        -0.8450531,
        0.512103558,
        0.153737962
      ],
      [
        -0.5257951,
        -0.7437074,
        -0.4128423
      ]
    ],
    "translation": [
      1.98401463,
      0.958668,
      -0.75603354
    ]
  },
  {
    "timeStamp": 66247,
    "rotation": [
      [
        -0.110076509,
        -0.480656445,
        0.8699727
      ],
      [
        -0.8503267,
        0.498733252,
        0.1679574
      ],
      [
        -0.5146141,
        -0.7212729,
        -0.4636138
      ]
    ],
    "translation": [
      2.02121449,
      0.9618415,
      -0.762403965
    ]
  },
  {
    "timeStamp": 66303,
    "rotation": [
      [
        -0.117603257,
        -0.5331457,
        0.837809741
      ],
      [
        -0.8555507,
        0.482730269,
        0.187095016
      ],
      [
        -0.504185,
        -0.6947857,
        -0.5129038
      ]
    ],
    "translation": [
      2.06351233,
      0.9626589,
      -0.7680104
    ]
  },
  {
    "timeStamp": 66347,
    "rotation": [
      [
        -0.116258666,
        -0.5665043,
        0.815816641
      ],
      [
        -0.8566398,
        0.472876847,
        0.206290215
      ],
      [
        -0.502645135,
        -0.674878,
        -0.5402662
      ]
    ],
    "translation": [
      2.09319258,
      0.9585982,
      -0.769305944
    ]
  },
  {
    "timeStamp": 66402,
    "rotation": [
      [
        -0.100773014,
        -0.5957203,
        0.796845138
      ],
      [
        -0.8559943,
        0.460115224,
        0.235728174
      ],
      [
        -0.507068634,
        -0.6583398,
        -0.556300342
      ]
    ],
    "translation": [
      2.12412643,
      0.9502782,
      -0.7652952
    ]
  },
  {
    "timeStamp": 66447,
    "rotation": [
      [
        -0.07785335,
        -0.602532148,
        0.7942883
      ],
      [
        -0.85209775,
        0.453813583,
        0.260734826
      ],
      [
        -0.5175599,
        -0.656512141,
        -0.548747241
      ]
    ],
    "translation": [
      2.14105678,
      0.939249933,
      -0.7573304
    ]
  },
  {
    "timeStamp": 66496,
    "rotation": [
      [
        -0.06882591,
        -0.601860464,
        0.79563
      ],
      [
        -0.83719945,
        0.468568146,
        0.282030135
      ],
      [
        -0.54254967,
        -0.646689951,
        -0.536126852
      ]
    ],
    "translation": [
      2.15371513,
      0.9208547,
      -0.7482186
    ]
  },
  {
    "timeStamp": 66553,
    "rotation": [
      [
        -0.0488569252,
        -0.594504058,
        0.80260694
      ],
      [
        -0.806868434,
        0.497123241,
        0.31911096
      ],
      [
        -0.5887073,
        -0.6320075,
        -0.5039745
      ]
    ],
    "translation": [
      2.16722584,
      0.8879905,
      -0.7341818
    ]
  },
  {
    "timeStamp": 66597,
    "rotation": [
      [
        -0.04255423,
        -0.5935667,
        0.803658962
      ],
      [
        -0.782697439,
        0.5197399,
        0.3424254
      ],
      [
        -0.62094593,
        -0.6144501,
        -0.4867003
      ]
    ],
    "translation": [
      2.17354321,
      0.8655344,
      -0.7253078
    ]
  },
  {
    "timeStamp": 66653,
    "rotation": [
      [
        -0.0292123016,
        -0.57831043,
        0.81529367
      ],
      [
        -0.74833566,
        0.553390563,
        0.36572212
      ],
      [
        -0.662676752,
        -0.5994297,
        -0.448936075
      ]
    ],
    "translation": [
      2.1743052,
      0.8415235,
      -0.7179439
    ]
  },
  {
    "timeStamp": 66697,
    "rotation": [
      [
        0.005320614,
        -0.5635397,
        0.826071858
      ],
      [
        -0.717152953,
        0.5735517,
        0.395891547
      ],
      [
        -0.69689554,
        -0.594526231,
        -0.4010925
      ]
    ],
    "translation": [
      2.17229223,
      0.8237078,
      -0.717003167
    ]
  },
  {
    "timeStamp": 66753,
    "rotation": [
      [
        0.0288685262,
        -0.5445351,
        0.838241041
      ],
      [
        -0.6881145,
        0.5974287,
        0.4117977
      ],
      [
        -0.7250276,
        -0.588693857,
        -0.3574556
      ]
    ],
    "translation": [
      2.16812968,
      0.8084899,
      -0.7167425
    ]
  },
  {
    "timeStamp": 66797,
    "rotation": [
      [
        0.0602112263,
        -0.5268575,
        0.847818255
      ],
      [
        -0.670703351,
        0.6076999,
        0.425273985
      ],
      [
        -0.73927784,
        -0.594240844,
        -0.3167747
      ]
    ],
    "translation": [
      2.16434526,
      0.7986449,
      -0.7173228
    ]
  },
  {
    "timeStamp": 66852,
    "rotation": [
      [
        0.08195244,
        -0.519933,
        0.8502667
      ],
      [
        -0.6513983,
        0.6177467,
        0.440533
      ],
      [
        -0.7542971,
        -0.589965045,
        -0.2880576
      ]
    ],
    "translation": [
      2.16333413,
      0.788760543,
      -0.7174955
    ]
  },
  {
    "timeStamp": 66897,
    "rotation": [
      [
        0.09049099,
        -0.528578,
        0.8440477
      ],
      [
        -0.6421911,
        0.616809964,
        0.455122
      ],
      [
        -0.7611846,
        -0.5832244,
        -0.283632338
      ]
    ],
    "translation": [
      2.16541076,
      0.782765746,
      -0.7162767
    ]
  },
  {
    "timeStamp": 66953,
    "rotation": [
      [
        0.09071565,
        -0.5372515,
        0.8385294
      ],
      [
        -0.6330371,
        0.618891835,
        0.465012819
      ],
      [
        -0.7687878,
        -0.5730042,
        -0.283956945
      ]
    ],
    "translation": [
      2.16868663,
      0.777373433,
      -0.713615358
    ]
  },
  {
    "timeStamp": 66999,
    "rotation": [
      [
        0.08196572,
        -0.5502547,
        0.8309641
      ],
      [
        -0.627002239,
        0.619626164,
        0.4721563
      ],
      [
        -0.7746933,
        -0.559717,
        -0.294222832
      ]
    ],
    "translation": [
      2.17187762,
      0.7746824,
      -0.710845351
    ]
  },
  {
    "timeStamp": 67045,
    "rotation": [
      [
        0.07713832,
        -0.5544398,
        0.828641236
      ],
      [
        -0.6221458,
        0.6226846,
        0.474550873
      ],
      [
        -0.779092,
        -0.552141666,
        -0.296909541
      ]
    ],
    "translation": [
      2.17315865,
      0.7718787,
      -0.708787739
    ]
  },
  {
    "timeStamp": 67101,
    "rotation": [
      [
        0.0779241,
        -0.5580432,
        0.826145053
      ],
      [
        -0.61558944,
        0.624892652,
        0.480165482
      ],
      [
        -0.784205,
        -0.5459826,
        -0.294831276
      ]
    ],
    "translation": [
      2.17470312,
      0.768318,
      -0.7067585
    ]
  },
  {
    "timeStamp": 67147,
    "rotation": [
      [
        0.07763687,
        -0.568419755,
        0.8190675
      ],
      [
        -0.6138286,
        0.620119,
        0.488535553
      ],
      [
        -0.7856125,
        -0.540695369,
        -0.3007682
      ]
    ],
    "translation": [
      2.177646,
      0.765925467,
      -0.704761565
    ]
  },
  {
    "timeStamp": 67202,
    "rotation": [
      [
        0.0763643458,
        -0.576614857,
        0.8134395
      ],
      [
        -0.6110195,
        0.617625,
        0.495171219
      ],
      [
        -0.787923634,
        -0.5348408,
        -0.305158377
      ]
    ],
    "translation": [
      2.1805346,
      0.7638302,
      -0.7028932
    ]
  },
  {
    "timeStamp": 67247,
    "rotation": [
      [
        0.0813973844,
        -0.5822696,
        0.8089107
      ],
      [
        -0.608828664,
        0.613532841,
        0.5028967
      ],
      [
        -0.7891148,
        -0.5334225,
        -0.304562449
      ]
    ],
    "translation": [
      2.18230867,
      0.7624593,
      -0.7018839
    ]
  },
  {
    "timeStamp": 67302,
    "rotation": [
      [
        0.0900872,
        -0.589270651,
        0.8028975
      ],
      [
        -0.609786034,
        0.6047624,
        0.5122729
      ],
      [
        -0.7874296,
        -0.5357449,
        -0.304847658
      ]
    ],
    "translation": [
      2.185018,
      0.762642264,
      -0.700101
    ]
  },
  {
    "timeStamp": 67347,
    "rotation": [
      [
        0.09265487,
        -0.584463239,
        0.806112766
      ],
      [
        -0.6082537,
        0.607750237,
        0.510555565
      ],
      [
        -0.7883162,
        -0.537626565,
        -0.299190938
      ]
    ],
    "translation": [
      2.18426752,
      0.762850642,
      -0.699651
    ]
  },
  {
    "timeStamp": 67402,
    "rotation": [
      [
        0.106575131,
        -0.579584062,
        0.8079134
      ],
      [
        -0.603541732,
        0.60802,
        0.5157994
      ],
      [
        -0.79017663,
        -0.542580843,
        -0.285003334
      ]
    ],
    "translation": [
      2.18296933,
      0.7629125,
      -0.700085044
    ]
  },
  {
    "timeStamp": 67446,
    "rotation": [
      [
        0.110292375,
        -0.5793563,
        0.8075778
      ],
      [
        -0.6032941,
        0.6067003,
        0.5176398
      ],
      [
        -0.7898556,
        -0.5442986,
        -0.282607824
      ]
    ],
    "translation": [
      2.183045,
      0.763177156,
      -0.699902833
    ]
  },
  {
    "timeStamp": 67502,
    "rotation": [
      [
        0.106915437,
        -0.585289955,
        0.8037442
      ],
      [
        -0.603332758,
        0.604344964,
        0.520342946
      ],
      [
        -0.790290236,
        -0.5405579,
        -0.2885108
      ]
    ],
    "translation": [
      2.18437648,
      0.763473153,
      -0.699516833
    ]
  },
  {
    "timeStamp": 67547,
    "rotation": [
      [
        0.107411,
        -0.586998641,
        0.802431
      ],
      [
        -0.603414834,
        0.6029602,
        0.521852
      ],
      [
        -0.790160358,
        -0.5402514,
        -0.289439142
      ]
    ],
    "translation": [
      2.18441081,
      0.764063835,
      -0.6996031
    ]
  }
]