[
  {
    "timeStamp": 36562,
    "rotation": [
      [
        -0.477924675,
        0.8783871,
        0.00490263524
      ],
      [
        0.00215880363,
        -0.00440674741,
        0.99998796
      ],
      [
        0.8783981,
        0.4779295,
        0.000209828228
      ]
    ],
    "translation": [
      1.31412888,
      0.700223446,
      -0.6202881
    ]
  },
  {
    "timeStamp": 36609,
    "rotation": [
      [
        -0.448824674,
        0.8933967,
        0.0199712086
      ],
      [
        0.052317,
        0.0039595617,
        0.998622656
      ],
      [
        0.8920871,
        0.449251324,
        -0.04851698
      ]
    ],
    "translation": [
      1.31394613,
      0.7014827,
      -0.6127401
    ]
  },
  {
    "timeStamp": 36662,
    "rotation": [
      [
        -0.4023681,
        0.9132349,
        0.06404672
      ],
      [
        0.06734397,
        -0.040244028,
        0.996917844
      ],
      [
        0.912997663,
        0.4054411,
        -0.04530795
      ]
    ],
    "translation": [
      1.314999,
      0.709421158,
      -0.6133436
    ]
  },
  {
    "timeStamp": 36707,
    "rotation": [
      [
        -0.363978982,
        0.9215447,
        0.135184154
      ],
      [
        0.120540991,
        -0.09731239,
        0.9879272
      ],
      [
        0.92357415,
        0.375879973,
        -0.0756642446
      ]
    ],
    "translation": [
      1.31697249,
      0.7238298,
      -0.6122647
    ]
  },
  {
    "timeStamp": 36762,
    "rotation": [
      [
        -0.286123,
        0.9231776,
        0.256664664
      ],
      [
        0.198267668,
        -0.205025613,
        0.9584646
      ],
      [
        0.9374559,
        0.325127065,
        -0.124373727
      ]
    ],
    "translation": [
      1.326875,
      0.7539785,
      -0.6113359
    ]
  },
  {
    "timeStamp": 36807,
    "rotation": [
      [
        -0.204284325,
        0.9142876,
        0.349780083
      ],
      [
        0.256250024,
        -0.294910461,
        0.920523643
      ],
      [
        0.944777131,
        0.277679682,
        -0.17404063
      ]
    ],
    "translation": [
      1.34634912,
      0.7841925,
      -0.6137578
    ]
  },
  {
    "timeStamp": 36862,
    "rotation": [
      [
        -0.113865972,
        0.8945455,
        0.432230055
      ],
      [
        0.298816264,
        -0.384077877,
        0.8736092
      ],
      [
        0.9474932,
        0.228631735,
        -0.223571345
      ]
    ],
    "translation": [
      1.38495314,
      0.820879936,
      -0.625421762
    ]
  },
  {
    "timeStamp": 36907,
    "rotation": [
      [
        -0.0494883247,
        0.8842082,
        0.464463919
      ],
      [
        0.3327878,
        -0.4238627,
        0.842373252
      ],
      [
        0.941702247,
        0.196255565,
        -0.273277462
      ]
    ],
    "translation": [
      1.42697358,
      0.848879,
      -0.6387989
    ]
  },
  {
    "timeStamp": 36962,
    "rotation": [
      [
        0.06670095,
        0.882027566,
        0.466452956
      ],
      [
        0.345006883,
        -0.459045678,
        0.818686366
      ],
      [
        0.9362271,
        0.106322281,
        -0.33492437
      ]
    ],
    "translation": [
      1.49364042,
      0.8771998,
      -0.6562535
    ]
  },
  {
    "timeStamp": 37007,
    "rotation": [
      [
        0.1712139,
        0.8727534,
        0.457151353
      ],
      [
        0.337619483,
        -0.48788178,
        0.8049748
      ],
      [
        0.9255803,
        0.01652035,
        -0.3781907
      ]
    ],
    "translation": [
      1.553737,
      0.896424234,
      -0.672495365
    ]
  },
  {
    "timeStamp": 37062,
    "rotation": [
      [
        0.298781961,
        0.8782966,
        0.37326172
      ],
      [
        0.363550454,
        -0.4663889,
        0.8064195
      ],
      [
        0.8823607,
        -0.105244108,
        -0.458653748
      ]
    ],
    "translation": [
      1.63909519,
      0.914669,
      -0.6919957
    ]
  },
  {
    "timeStamp": 37107,
    "rotation": [
      [
        0.378569633,
        0.8842266,
        0.273547471
      ],
      [
        0.401266247,
        -0.423116744,
        0.812377751
      ],
      [
        0.834068537,
        -0.197776183,
        -0.5149895
      ]
    ],
    "translation": [
      1.71075666,
      0.9257891,
      -0.7086464
    ]
  },
  {
    "timeStamp": 37162,
    "rotation": [
      [
        0.443978041,
        0.8880885,
        0.1190897
      ],
      [
        0.45612976,
        -0.3384007,
        0.8230617
      ],
      [
        0.7712517,
        -0.31110096,
        -0.555326045
      ]
    ],
    "translation": [
      1.80113018,
      0.935708761,
      -0.7294015
    ]
  },
  {
    "timeStamp": 37207,
    "rotation": [
      [
        0.521809757,
        0.8523396,
        0.03509614
      ],
      [
        0.4588766,
        -0.315134853,
        0.830736
      ],
      [
        0.7191292,
        -0.417381346,
        -0.555559158
      ]
    ],
    "translation": [
      1.87124872,
      0.939895,
      -0.7462473
    ]
  },
  {
    "timeStamp": 37262,
    "rotation": [
      [
        0.6222892,
        0.7787283,
        -0.0796142742
      ],
      [
        0.466822863,
        -0.287542522,
        0.8362988
      ],
      [
        0.6283571,
        -0.5575855,
        -0.542462766
      ]
    ],
    "translation": [
      1.95597243,
      0.9383132,
      -0.764765739
    ]
  },
  {
    "timeStamp": 37307,
    "rotation": [
      [
        0.6495936,
        0.742104232,
        -0.165255472
      ],
      [
        0.490613967,
        -0.2431169,
        0.8367748
      ],
      [
        0.5807978,
        -0.6246402,
        -0.5220139
      ]
    ],
    "translation": [
      2.01284313,
      0.9346768,
      -0.7757448
    ]
  },
  {
    "timeStamp": 37362,
    "rotation": [
      [
        0.691390157,
        0.694889367,
        -0.197758585
      ],
      [
        0.474467576,
        -0.230285823,
        0.849616945
      ],
      [
        0.5448488,
        -0.6812469,
        -0.4889198
      ]
    ],
    "translation": [
      2.06378055,
      0.9238092,
      -0.779605031
    ]
  },
  {
    "timeStamp": 37410,
    "rotation": [
      [
        0.73519516,
        0.654726863,
        -0.175558627
      ],
      [
        0.431280345,
        -0.25199315,
        0.866312146
      ],
      [
        0.5229583,
        -0.7126235,
        -0.467634976
      ]
    ],
    "translation": [
      2.09306145,
      0.9107919,
      -0.7758672
    ]
  },
  {
    "timeStamp": 37457,
    "rotation": [
      [
        0.7494381,
        0.635971665,
        -0.184071988
      ],
      [
        0.405983031,
        -0.221817657,
        0.886552155
      ],
      [
        0.522991657,
        -0.739146054,
        -0.424432337
      ]
    ],
    "translation": [
      2.122645,
      0.8939934,
      -0.7671652
    ]
  },
  {
    "timeStamp": 37512,
    "rotation": [
      [
        0.7558523,
        0.645508766,
        -0.10957098
      ],
      [
        0.3186268,
        -0.216447353,
        0.922836661
      ],
      [
        0.5719828,
        -0.7324404,
        -0.3692786
      ]
    ],
    "translation": [
      2.12960649,
      0.872915566,
      -0.755928338
    ]
  },
  {
    "timeStamp": 37557,
    "rotation": [
      [
        0.758889735,
        0.647580147,
        -0.06874817
      ],
      [
        0.2581887,
        -0.202278689,
        0.94468087
      ],
      [
        0.597850263,
        -0.7346586,
        -0.3207051
      ]
    ],
    "translation": [
      2.13071275,
      0.8579512,
      -0.749619
    ]
  },
  {
    "timeStamp": 37612,
    "rotation": [
      [
        0.7237626,
        0.689890862,
        -0.01477429
      ],
      [
        0.164916709,
        -0.1521443,
        0.9745022
      ],
      [
        0.6700523,
        -0.7077448,
        -0.223890886
      ]
    ],
    "translation": [
      2.12546563,
      0.8404872,
      -0.7495978
    ]
  }
]