[
  {
    "timeStamp": 38839,
    "rotation": [
      [
        0.9992113,
        -0.0282287,
        0.0279261451
      ],
      [
        -0.0133833131,
        0.4227201,
        0.9061615
      ],
      [
        -0.0373847,
        -0.905820549,
        0.422008932
      ]
    ],
    "translation": [
      1.30702579,
      0.7163917,
      -0.753339946
    ]
  },
  {
    "timeStamp": 38883,
    "rotation": [
      [
        0.9971715,
        -0.0485047251,
        0.0574134067
      ],
      [
        -0.030216204,
        0.4407186,
        0.8971366
      ],
      [
        -0.06881852,
        -0.896333933,
        0.4380064
      ]
    ],
    "translation": [
      1.30623853,
      0.7177268,
      -0.7527695
    ]
  },
  {
    "timeStamp": 38941,
    "rotation": [
      [
        0.98827225,
        -0.0177521147,
        0.151666462
      ],
      [
        -0.129442111,
        0.429522961,
        0.8937308
      ],
      [
        -0.081009835,
        -0.9028814,
        0.422187775
      ]
    ],
    "translation": [
      1.30820227,
      0.718106747,
      -0.752848864
    ]
  },
  {
    "timeStamp": 38983,
    "rotation": [
      [
        0.994135439,
        -0.0823969,
        0.0700388
      ],
      [
        -0.0302633233,
        0.40980354,
        0.911671638
      ],
      [
        -0.103821069,
        -0.9084447,
        0.40490666
      ]
    ],
    "translation": [
      1.32251918,
      0.7206674,
      -0.749568939
    ]
  },
  {
    "timeStamp": 39039,
    "rotation": [
      [
        0.984110653,
        -0.0989462659,
        0.147430584
      ],
      [
        -0.09597233,
        0.402158,
        0.9105264
      ],
      [
        -0.149383545,
        -0.910208,
        0.3862719
      ]
    ],
    "translation": [
      1.33539653,
      0.7347437,
      -0.7449884
    ]
  },
  {
    "timeStamp": 39084,
    "rotation": [
      [
        0.968296349,
        -0.124304146,
        0.216680959
      ],
      [
        -0.153845638,
        0.386642754,
        0.9093068
      ],
      [
        -0.196808726,
        -0.913813949,
        0.355261147
      ]
    ],
    "translation": [
      1.35215378,
      0.7507896,
      -0.7389664
    ]
  },
  {
    "timeStamp": 39139,
    "rotation": [
      [
        0.9283146,
        -0.183154166,
        0.323552728
      ],
      [
        -0.238124266,
        0.375439763,
        0.8957353
      ],
      [
        -0.285532236,
        -0.90857,
        0.3049128
      ]
    ],
    "translation": [
      1.38415372,
      0.77727145,
      -0.7285021
    ]
  },
  {
    "timeStamp": 39184,
    "rotation": [
      [
        0.8849979,
        -0.239874974,
        0.399047345
      ],
      [
        -0.2994066,
        0.3631505,
        0.882313669
      ],
      [
        -0.356559217,
        -0.900323153,
        0.249567285
      ]
    ],
    "translation": [
      1.4186033,
      0.801063955,
      -0.720415235
    ]
  },
  {
    "timeStamp": 39239,
    "rotation": [
      [
        0.817463636,
        -0.333165467,
        0.46984458
      ],
      [
        -0.3645235,
        0.3323293,
        0.869873464
      ],
      [
        -0.445954949,
        -0.8823593,
        0.150220484
      ]
    ],
    "translation": [
      1.47582316,
      0.832602143,
      -0.710210443
    ]
  },
  {
    "timeStamp": 39283,
    "rotation": [
      [
        0.753224134,
        -0.422567546,
        0.504073441
      ],
      [
        -0.407448322,
        0.301865429,
        0.8618951
      ],
      [
        -0.51637125,
        -0.854584038,
        0.0551978722
      ]
    ],
    "translation": [
      1.530125,
      0.857529044,
      -0.7029652
    ]
  },
  {
    "timeStamp": 39339,
    "rotation": [
      [
        0.6766978,
        -0.544689953,
        0.49537164
      ],
      [
        -0.4408343,
        0.239139915,
        0.8651458
      ],
      [
        -0.5896993,
        -0.803819,
        -0.07829257
      ]
    ],
    "translation": [
      1.60913932,
      0.8870414,
      -0.697781265
    ]
  },
  {
    "timeStamp": 39383,
    "rotation": [
      [
        0.6144559,
        -0.644513547,
        0.455023319
      ],
      [
        -0.4554648,
        0.181142822,
        0.871630132
      ],
      [
        -0.644201636,
        -0.7428254,
        -0.18224895
      ]
    ],
    "translation": [
      1.67862368,
      0.907221,
      -0.695474446
    ]
  },
  {
    "timeStamp": 39439,
    "rotation": [
      [
        0.5214999,
        -0.772794247,
        0.3617
      ],
      [
        -0.462929726,
        0.0998341441,
        0.8807549
      ],
      [
        -0.71675235,
        -0.626755238,
        -0.305685937
      ]
    ],
    "translation": [
      1.77309084,
      0.927741349,
      -0.6931349
    ]
  },
  {
    "timeStamp": 39483,
    "rotation": [
      [
        0.440654367,
        -0.8519691,
        0.28279382
      ],
      [
        -0.459739953,
        0.05639035,
        0.8862614
      ],
      [
        -0.7710142,
        -0.5205466,
        -0.366835564
      ]
    ],
    "translation": [
      1.8492384,
      0.9392182,
      -0.6928102
    ]
  },
  {
    "timeStamp": 39539,
    "rotation": [
      [
        0.328259856,
        -0.925907433,
        0.186924949
      ],
      [
        -0.4634806,
        0.0145491054,
        0.885987639
      ],
      [
        -0.8230621,
        -0.377470255,
        -0.4243642
      ]
    ],
    "translation": [
      1.93851113,
      0.9463144,
      -0.69100076
    ]
  },
  {
    "timeStamp": 39583,
    "rotation": [
      [
        0.242081821,
        -0.9623787,
        0.123384118
      ],
      [
        -0.4801662,
        -0.008327915,
        0.877138
      ],
      [
        -0.8431114,
        -0.271584034,
        -0.464117765
      ]
    ],
    "translation": [
      2.00011849,
      0.9495946,
      -0.6886618
    ]
  },
  {
    "timeStamp": 39639,
    "rotation": [
      [
        0.177582085,
        -0.9798897,
        0.090999
      ],
      [
        -0.437587351,
        0.004200001,
        0.8991661
      ],
      [
        -0.8814658,
        -0.199495792,
        -0.428041518
      ]
    ],
    "translation": [
      2.05744648,
      0.9384447,
      -0.685598135
    ]
  },
  {
    "timeStamp": 39683,
    "rotation": [
      [
        0.153707162,
        -0.9852433,
        0.07529758
      ],
      [
        -0.401030481,
        0.00744376658,
        0.91603446
      ],
      [
        -0.903077364,
        -0.170997679,
        -0.393968433
      ]
    ],
    "translation": [
      2.090127,
      0.9239715,
      -0.6827643
    ]
  },
  {
    "timeStamp": 39740,
    "rotation": [
      [
        0.134286508,
        -0.9852572,
        0.105996594
      ],
      [
        -0.364160657,
        0.0504151173,
        0.9299706
      ],
      [
        -0.9216041,
        -0.163482279,
        -0.352021843
      ]
    ],
    "translation": [
      2.11331248,
      0.9028418,
      -0.6775908
    ]
  },
  {
    "timeStamp": 39789,
    "rotation": [
      [
        0.138600588,
        -0.983145,
        0.11922989
      ],
      [
        -0.335531563,
        0.06665509,
        0.9396678
      ],
      [
        -0.931777,
        -0.170243934,
        -0.320637733
      ]
    ],
    "translation": [
      2.12671447,
      0.8855232,
      -0.67347753
    ]
  },
  {
    "timeStamp": 39833,
    "rotation": [
      [
        0.143728137,
        -0.977663755,
        0.153349116
      ],
      [
        -0.352565557,
        0.0942037255,
        0.931033432
      ],
      [
        -0.9246837,
        -0.187881291,
        -0.3311508
      ]
    ],
    "translation": [
      2.12853479,
      0.8788077,
      -0.6680201
    ]
  }
]