[
  {
    "timeStamp": 41149,
    "rotation": [
      [
        0.9978018,
        -0.0234428886,
        -0.06198331
      ],
      [
        0.06534961,
        0.5032973,
        0.861638665
      ],
      [
        0.0109967366,
        -0.8637952,
        0.503723
      ]
    ],
    "translation": [
      1.30587018,
      0.719212949,
      -0.49463743
    ]
  },
  {
    "timeStamp": 41193,
    "rotation": [
      [
        0.9970033,
        -0.0131635834,
        -0.07623009
      ],
      [
        0.0734062642,
        0.4719238,
        0.878578067
      ],
      [
        0.0244095586,
        -0.881541,
        0.4714759
      ]
    ],
    "translation": [
      1.30735314,
      0.7188443,
      -0.493130565
    ]
  },
  {
    "timeStamp": 41249,
    "rotation": [
      [
        0.99871397,
        -0.000158119787,
        -0.05069899
      ],
      [
        0.0441532433,
        0.4941956,
        0.8682288
      ],
      [
        0.0249179285,
        -0.8693508,
        0.49356705
      ]
    ],
    "translation": [
      1.3062371,
      0.723671,
      -0.499217838
    ]
  },
  {
    "timeStamp": 41293,
    "rotation": [
      [
        0.999965549,
        0.008284426,
        -0.0005022685
      ],
      [
        -0.00344230817,
        0.469045937,
        0.883167
      ],
      [
        0.00755211944,
        -0.883134842,
        0.4690583
      ]
    ],
    "translation": [
      1.30505919,
      0.7353031,
      -0.499860048
    ]
  },
  {
    "timeStamp": 41349,
    "rotation": [
      [
        0.9958885,
        0.0332342945,
        0.08427085
      ],
      [
        -0.09028964,
        0.439541817,
        0.893672645
      ],
      [
        -0.00733997347,
        -0.8976071,
        0.44073537
      ]
    ],
    "translation": [
      1.306747,
      0.7597727,
      -0.5027896
    ]
  },
  {
    "timeStamp": 41394,
    "rotation": [
      [
        0.986910343,
        0.07184292,
        0.144383028
      ],
      [
        -0.161069974,
        0.394581437,
        0.9046336
      ],
      [
        0.00802063849,
        -0.91604805,
        0.400988281
      ]
    ],
    "translation": [
      1.31365061,
      0.7858227,
      -0.5098492
    ]
  },
  {
    "timeStamp": 41449,
    "rotation": [
      [
        0.959816933,
        0.09134942,
        0.265342623
      ],
      [
        -0.280515432,
        0.338953882,
        0.898009658
      ],
      [
        -0.007906251,
        -0.936357558,
        0.3509586
      ]
    ],
    "translation": [
      1.33399069,
      0.8294647,
      -0.5224639
    ]
  },
  {
    "timeStamp": 41493,
    "rotation": [
      [
        0.928813636,
        0.09505003,
        0.3581491
      ],
      [
        -0.369518518,
        0.3095635,
        0.876143
      ],
      [
        -0.0275924634,
        -0.946116269,
        0.322649539
      ]
    ],
    "translation": [
      1.36087918,
      0.864888132,
      -0.538408041
    ]
  },
  {
    "timeStamp": 41549,
    "rotation": [
      [
        0.8945559,
        0.0531097054,
        0.443789572
      ],
      [
        -0.441214651,
        0.2635691,
        0.857823431
      ],
      [
        -0.07141043,
        -0.963177443,
        0.25921005
      ]
    ],
    "translation": [
      1.41016233,
      0.9036389,
      -0.5621524
    ]
  },
  {
    "timeStamp": 41593,
    "rotation": [
      [
        0.859312236,
        -0.00258739456,
        0.511444867
      ],
      [
        -0.492274374,
        0.267077476,
        0.8284537
      ],
      [
        -0.138738945,
        -0.9636716,
        0.228229225
      ]
    ],
    "translation": [
      1.457572,
      0.9288838,
      -0.5836539
    ]
  },
  {
    "timeStamp": 41649,
    "rotation": [
      [
        0.845219731,
        -0.08326753,
        0.527892053
      ],
      [
        -0.4980263,
        0.235553727,
        0.8345563
      ],
      [
        -0.193838418,
        -0.968287647,
        0.157625243
      ]
    ],
    "translation": [
      1.525282,
      0.9507648,
      -0.6128939
    ]
  },
  {
    "timeStamp": 41693,
    "rotation": [
      [
        0.808955431,
        -0.1883522,
        0.5568793
      ],
      [
        -0.511438251,
        0.241594717,
        0.8246593
      ],
      [
        -0.289865464,
        -0.95192194,
        0.099108845
      ]
    ],
    "translation": [
      1.58759892,
      0.965188,
      -0.634523869
    ]
  },
  {
    "timeStamp": 41749,
    "rotation": [
      [
        0.741807163,
        -0.344120115,
        0.5755897
      ],
      [
        -0.52080363,
        0.245099619,
        0.81773454
      ],
      [
        -0.4224757,
        -0.9063705,
        0.0025976433
      ]
    ],
    "translation": [
      1.67282164,
      0.980125666,
      -0.660572231
    ]
  },
  {
    "timeStamp": 41793,
    "rotation": [
      [
        0.6905975,
        -0.457320541,
        0.560297251
      ],
      [
        -0.507781565,
        0.2450654,
        0.825893939
      ],
      [
        -0.515007734,
        -0.8548689,
        -0.062977396
      ]
    ],
    "translation": [
      1.74146616,
      0.985811055,
      -0.682843
    ]
  },
  {
    "timeStamp": 41849,
    "rotation": [
      [
        0.595905364,
        -0.5539511,
        0.5814078
      ],
      [
        -0.5158682,
        0.2908019,
        0.805800438
      ],
      [
        -0.615448534,
        -0.780110538,
        -0.112475306
      ]
    ],
    "translation": [
      1.81950891,
      0.9860295,
      -0.705668032
    ]
  },
  {
    "timeStamp": 41893,
    "rotation": [
      [
        0.5761789,
        -0.601604939,
        0.553253531
      ],
      [
        -0.475495,
        0.303833067,
        0.82558465
      ],
      [
        -0.6647725,
        -0.738753736,
        -0.110997908
      ]
    ],
    "translation": [
      1.8774066,
      0.9801471,
      -0.7218448
    ]
  },
  {
    "timeStamp": 41949,
    "rotation": [
      [
        0.543758631,
        -0.69215,
        0.47461015
      ],
      [
        -0.419151783,
        0.265962154,
        0.8680875
      ],
      [
        -0.7270751,
        -0.670963764,
        -0.1454967
      ]
    ],
    "translation": [
      1.94782484,
      0.9747108,
      -0.7331201
    ]
  },
  {
    "timeStamp": 41993,
    "rotation": [
      [
        0.503689051,
        -0.7381616,
        0.448792577
      ],
      [
        -0.391782641,
        0.2678234,
        0.880214155
      ],
      [
        -0.7699375,
        -0.6191834,
        -0.154299185
      ]
    ],
    "translation": [
      1.99721384,
      0.9710766,
      -0.735434949
    ]
  },
  {
    "timeStamp": 42058,
    "rotation": [
      [
        0.485813379,
        -0.778535,
        0.397326738
      ],
      [
        -0.364253461,
        0.232891589,
        0.90171
      ],
      [
        -0.794546843,
        -0.582790434,
        -0.170442238
      ]
    ],
    "translation": [
      2.042667,
      0.962130666,
      -0.727959752
    ]
  },
  {
    "timeStamp": 42099,
    "rotation": [
      [
        0.4657633,
        -0.8025945,
        0.372701764
      ],
      [
        -0.320422143,
        0.2396315,
        0.9164641
      ],
      [
        -0.8248601,
        -0.5462772,
        -0.145557478
      ]
    ],
    "translation": [
      2.07883668,
      0.947302,
      -0.717184246
    ]
  },
  {
    "timeStamp": 42144,
    "rotation": [
      [
        0.456261277,
        -0.8212979,
        0.342484355
      ],
      [
        -0.300333142,
        0.2201656,
        0.9280771
      ],
      [
        -0.837631047,
        -0.5263051,
        -0.146209925
      ]
    ],
    "translation": [
      2.09962416,
      0.93258965,
      -0.704896748
    ]
  },
  {
    "timeStamp": 42199,
    "rotation": [
      [
        0.435894281,
        -0.8061364,
        0.400175244
      ],
      [
        -0.266530663,
        0.309069246,
        0.912928045
      ],
      [
        -0.8596264,
        -0.504599035,
        -0.0801385641
      ]
    ],
    "translation": [
      2.113628,
      0.9080532,
      -0.692833
    ]
  },
  {
    "timeStamp": 42244,
    "rotation": [
      [
        0.434473664,
        -0.800814152,
        0.412224859
      ],
      [
        -0.249666274,
        0.332664251,
        0.9093961
      ],
      [
        -0.865389764,
        -0.498027265,
        -0.0554024279
      ]
    ],
    "translation": [
      2.12161231,
      0.889673054,
      -0.6851929
    ]
  },
  {
    "timeStamp": 42299,
    "rotation": [
      [
        0.4298042,
        -0.795534253,
        0.427075565
      ],
      [
        -0.221689492,
        0.365537852,
        0.904010952
      ],
      [
        -0.875284,
        -0.483225882,
        -0.01925189
      ]
    ],
    "translation": [
      2.12746572,
      0.8716801,
      -0.6791457
    ]
  },
  {
    "timeStamp": 42344,
    "rotation": [
      [
        0.43219474,
        -0.773180842,
        0.464111149
      ],
      [
        -0.223783821,
        0.4066046,
        0.8857728
      ],
      [
        -0.8735723,
        -0.486686945,
        0.00270701852
      ]
    ],
    "translation": [
      2.12488031,
      0.861939251,
      -0.676390767
    ]
  },
  {
    "timeStamp": 42399,
    "rotation": [
      [
        0.444726646,
        -0.7732409,
        0.45201388
      ],
      [
        -0.20646593,
        0.402572,
        0.891800165
      ],
      [
        -0.87154454,
        -0.489932775,
        0.0193865839
      ]
    ],
    "translation": [
      2.125278,
      0.8546378,
      -0.6737636
    ]
  }
]