[
  {
    "timeStamp": 58825,
    "rotation": [
      [
        0.9994961,
        0.0104643088,
        -0.0299693774
      ],
      [
        0.03121361,
        -0.152159125,
        0.987863
      ],
      [
        0.00577719,
        -0.9883006,
        -0.152409077
      ]
    ],
    "translation": [
      1.30752075,
      0.7004839,
      -0.7517126
    ]
  },
  {
    "timeStamp": 58882,
    "rotation": [
      [
        0.9997872,
        -0.0170292649,
        0.0116348257
      ],
      [
        -0.0125517845,
        -0.0547686554,
        0.9984202
      ],
      [
        -0.0163651388,
        -0.9983538,
        -0.0549707524
      ]
    ],
    "translation": [
      1.30783772,
      0.701582134,
      -0.7516763
    ]
  },
  {
    "timeStamp": 58925,
    "rotation": [
      [
        0.9990013,
        -0.04465457,
        -0.00156390178
      ],
      [
        -0.00202256,
        -0.08015767,
        0.996780157
      ],
      [
        -0.04463615,
        -0.9957815,
        -0.08016793
      ]
    ],
    "translation": [
      1.31519246,
      0.7019482,
      -0.7469327
    ]
  },
  {
    "timeStamp": 58980,
    "rotation": [
      [
        0.9984155,
        -0.0518185347,
        0.0219370965
      ],
      [
        -0.0281680375,
        -0.1227551,
        0.9920372
      ],
      [
        -0.0487130247,
        -0.991083264,
        -0.124020219
      ]
    ],
    "translation": [
      1.33588,
      0.7231201,
      -0.731855869
    ]
  },
  {
    "timeStamp": 59025,
    "rotation": [
      [
        0.9910341,
        -0.111035094,
        0.07431428
      ],
      [
        -0.0855972245,
        -0.100566156,
        0.9912414
      ],
      [
        -0.102589056,
        -0.9887152,
        -0.109168783
      ]
    ],
    "translation": [
      1.35708237,
      0.747375846,
      -0.7218892
    ]
  },
  {
    "timeStamp": 59080,
    "rotation": [
      [
        0.968884945,
        -0.213246,
        0.125650361
      ],
      [
        -0.148762956,
        -0.09598634,
        0.984203339
      ],
      [
        -0.197816715,
        -0.9722719,
        -0.124722838
      ]
    ],
    "translation": [
      1.40128326,
      0.78404516,
      -0.7052429
    ]
  },
  {
    "timeStamp": 59125,
    "rotation": [
      [
        0.935341358,
        -0.318460763,
        0.154010564
      ],
      [
        -0.189984351,
        -0.0849777758,
        0.9781026
      ],
      [
        -0.298399836,
        -0.944119453,
        -0.1399858
      ]
    ],
    "translation": [
      1.45072985,
      0.8143037,
      -0.690706
    ]
  },
  {
    "timeStamp": 59180,
    "rotation": [
      [
        0.8755687,
        -0.460754573,
        0.14520587
      ],
      [
        -0.2218437,
        -0.116472952,
        0.968100965
      ],
      [
        -0.4291444,
        -0.8798519,
        -0.204195559
      ]
    ],
    "translation": [
      1.53112483,
      0.850152254,
      -0.671741247
    ]
  },
  {
    "timeStamp": 59225,
    "rotation": [
      [
        0.817836344,
        -0.569198132,
        0.0846002549
      ],
      [
        -0.21952121,
        -0.172697634,
        0.960201
      ],
      [
        -0.5319344,
        -0.8038588,
        -0.2661895
      ]
    ],
    "translation": [
      1.60838771,
      0.8743681,
      -0.6594973
    ]
  },
  {
    "timeStamp": 59281,
    "rotation": [
      [
        0.7187628,
        -0.6939715,
        -0.042232208
      ],
      [
        -0.195599183,
        -0.260129243,
        0.945554733
      ],
      [
        -0.667173862,
        -0.671368957,
        -0.322711468
      ]
    ],
    "translation": [
      1.716361,
      0.8983785,
      -0.6545703
    ]
  },
  {
    "timeStamp": 59325,
    "rotation": [
      [
        0.633535862,
        -0.7587907,
        -0.151224762
      ],
      [
        -0.168525711,
        -0.326092064,
        0.930195153
      ],
      [
        -0.7551366,
        -0.56382674,
        -0.334466755
      ]
    ],
    "translation": [
      1.797749,
      0.915153146,
      -0.663336933
    ]
  },
  {
    "timeStamp": 59381,
    "rotation": [
      [
        0.5523116,
        -0.7931987,
        -0.256491154
      ],
      [
        -0.132845476,
        -0.3874901,
        0.9122519
      ],
      [
        -0.8229848,
        -0.46977365,
        -0.319388151
      ]
    ],
    "translation": [
      1.87934232,
      0.9306066,
      -0.6868496
    ]
  },
  {
    "timeStamp": 59425,
    "rotation": [
      [
        0.49398163,
        -0.8095895,
        -0.317091584
      ],
      [
        -0.109734349,
        -0.419828683,
        0.9009452
      ],
      [
        -0.8625199,
        -0.410254538,
        -0.296227425
      ]
    ],
    "translation": [
      1.929568,
      0.940771341,
      -0.7090053
    ]
  },
  {
    "timeStamp": 59480,
    "rotation": [
      [
        0.407616824,
        -0.8399284,
        -0.3582859
      ],
      [
        -0.108978279,
        -0.4343024,
        0.894150555
      ],
      [
        -0.9066268,
        -0.325425446,
        -0.2685629
      ]
    ],
    "translation": [
      1.98025119,
      0.950833142,
      -0.7343001
    ]
  },
  {
    "timeStamp": 59525,
    "rotation": [
      [
        0.321572661,
        -0.8706868,
        -0.372149825
      ],
      [
        -0.125638112,
        -0.428784847,
        0.894627631
      ],
      [
        -0.938512743,
        -0.240931571,
        -0.247276917
      ]
    ],
    "translation": [
      2.01579857,
      0.956040442,
      -0.750859261
    ]
  },
  {
    "timeStamp": 59580,
    "rotation": [
      [
        0.219694734,
        -0.8931648,
        -0.392416656
      ],
      [
        -0.147973448,
        -0.428098351,
        0.8915356
      ],
      [
        -0.9642811,
        -0.137798429,
        -0.226215631
      ]
    ],
    "translation": [
      2.055147,
      0.958512664,
      -0.7672529
    ]
  },
  {
    "timeStamp": 59625,
    "rotation": [
      [
        0.150382459,
        -0.911931455,
        -0.3817933
      ],
      [
        -0.161897823,
        -0.403687745,
        0.9004584
      ],
      [
        -0.9752816,
        -0.07360165,
        -0.208347276
      ]
    ],
    "translation": [
      2.080148,
      0.954833269,
      -0.776628435
    ]
  },
  {
    "timeStamp": 59674,
    "rotation": [
      [
        0.103235729,
        -0.9128107,
        -0.395119071
      ],
      [
        -0.165573642,
        -0.40747,
        0.89808327
      ],
      [
        -0.9807792,
        -0.02729297,
        -0.193202838
      ]
    ],
    "translation": [
      2.10225677,
      0.9484904,
      -0.780418634
    ]
  },
  {
    "timeStamp": 59731,
    "rotation": [
      [
        0.07818635,
        -0.922142565,
        -0.378866822
      ],
      [
        -0.16716744,
        -0.386776179,
        0.9068954
      ],
      [
        -0.982823431,
        -0.00757265557,
        -0.18439284
      ]
    ],
    "translation": [
      2.12450862,
      0.9341494,
      -0.777306139
    ]
  },
  {
    "timeStamp": 59775,
    "rotation": [
      [
        0.0645825937,
        -0.918977261,
        -0.388985634
      ],
      [
        -0.156159714,
        -0.394304,
        0.905615
      ],
      [
        -0.9856182,
        0.00225692871,
        -0.1689724
      ]
    ],
    "translation": [
      2.13926744,
      0.9213655,
      -0.773363
    ]
  },
  {
    "timeStamp": 59830,
    "rotation": [
      [
        0.0534395948,
        -0.9385076,
        -0.3410977
      ],
      [
        -0.127946973,
        -0.3452056,
        0.929764867
      ],
      [
        -0.990340233,
        -0.006043853,
        -0.138526857
      ]
    ],
    "translation": [
      2.149008,
      0.8985352,
      -0.769920766
    ]
  },
  {
    "timeStamp": 59875,
    "rotation": [
      [
        0.054646045,
        -0.9542294,
        -0.294040948
      ],
      [
        -0.08767059,
        -0.297928929,
        0.950553656
      ],
      [
        -0.9946495,
        -0.0261652637,
        -0.0999385
      ]
    ],
    "translation": [
      2.14929533,
      0.879962444,
      -0.7710154
    ]
  },
  {
    "timeStamp": 59931,
    "rotation": [
      [
        0.0930805951,
        -0.9452607,
        -0.312759072
      ],
      [
        -0.0484022424,
        -0.3180473,
        0.9468385
      ],
      [
        -0.9944814,
        -0.07299405,
        -0.07535677
      ]
    ],
    "translation": [
      2.14973283,
      0.868309736,
      -0.7733369
    ]
  },
  {
    "timeStamp": 59975,
    "rotation": [
      [
        0.08886926,
        -0.9591573,
        -0.268550843
      ],
      [
        -0.0375664458,
        -0.272653431,
        0.961378634
      ],
      [
        -0.9953346,
        -0.0753485039,
        -0.0602626428
      ]
    ],
    "translation": [
      2.14431953,
      0.860754251,
      -0.7778677
    ]
  },
  {
    "timeStamp": 60031,
    "rotation": [
      [
        0.09005324,
        -0.9669796,
        -0.238413125
      ],
      [
        -0.017715469,
        -0.240903139,
        0.970387459
      ],
      [
        -0.995779335,
        -0.0831629261,
        -0.0388246067
      ]
    ],
    "translation": [
      2.13780165,
      0.8516253,
      -0.7858308
    ]
  },
  {
    "timeStamp": 60075,
    "rotation": [
      [
        0.0996946543,
        -0.966075242,
        -0.238242492
      ],
      [
        0.007236337,
        -0.238725051,
        0.9710602
      ],
      [
        -0.9949917,
        -0.09853351,
        -0.016808765
      ]
    ],
    "translation": [
      2.13346624,
      0.843106151,
      -0.7935603
    ]
  },
  {
    "timeStamp": 60132,
    "rotation": [
      [
        0.09072696,
        -0.9716445,
        -0.218347117
      ],
      [
        0.0296823625,
        -0.216515616,
        0.9758278
      ],
      [
        -0.9954334,
        -0.09501495,
        0.009196902
      ]
    ],
    "translation": [
      2.13005161,
      0.8324285,
      -0.8010716
    ]
  },
  {
    "timeStamp": 60178,
    "rotation": [
      [
        0.09177922,
        -0.9715833,
        -0.218180016
      ],
      [
        0.044733,
        -0.2148608,
        0.9756197
      ],
      [
        -0.994774163,
        -0.09930147,
        0.023742076
      ]
    ],
    "translation": [
      2.12816167,
      0.8258346,
      -0.804938257
    ]
  },
  {
    "timeStamp": 60224,
    "rotation": [
      [
        0.09236139,
        -0.9734616,
        -0.209384546
      ],
      [
        0.05048206,
        -0.205435067,
        0.9773679
      ],
      [
        -0.994445,
        -0.100841224,
        0.030168077
      ]
    ],
    "translation": [
      2.12581372,
      0.8214659,
      -0.8056437
    ]
  }
]