[
  {
    "timeStamp": 11980,
    "rotation": [
      [
        -0.999999344,
        -0.0007329669,
        0.0008572991
      ],
      [
        0.0008543099,
        0.004068823,
        0.999991357
      ],
      [
        -0.000736448739,
        0.9999915,
        -0.00406819442
      ]
    ],
    "translation": [
      1.77013016,
      0.701928139,
      -0.489966452
    ]
  },
  {
    "timeStamp": 12025,
    "rotation": [
      [
        -0.9999922,
        2.6785603E-05,
        -0.00394873647
      ],
      [
        -0.003948616,
        0.00357455737,
        0.9999858
      ],
      [
        4.09014938E-05,
        0.9999936,
        -0.00357442372
      ]
    ],
    "translation": [
      1.770168,
      0.7019286,
      -0.489970148
    ]
  },
  {
    "timeStamp": 12082,
    "rotation": [
      [
        -0.999898851,
        0.000270118559,
        -0.01422284
      ],
      [
        -0.0142178778,
        0.013544606,
        0.9998072
      ],
      [
        0.0004627095,
        0.999908268,
        -0.0135393953
      ]
    ],
    "translation": [
      1.77007532,
      0.7020984,
      -0.490028
    ]
  },
  {
    "timeStamp": 12124,
    "rotation": [
      [
        -0.9997505,
        -0.00129036268,
        -0.02229976
      ],
      [
        -0.0223186668,
        0.0171984565,
        0.999603
      ],
      [
        -0.00090633583,
        0.9998513,
        -0.0172229651
      ]
    ],
    "translation": [
      1.77000868,
      0.7022052,
      -0.490024656
    ]
  },
  {
    "timeStamp": 12180,
    "rotation": [
      [
        -0.9988372,
        -0.0473109856,
        -0.009273254
      ],
      [
        -0.0103293769,
        0.0221275464,
        0.9997018
      ],
      [
        -0.0470916852,
        0.9986351,
        -0.0225905087
      ]
    ],
    "translation": [
      1.770209,
      0.702334166,
      -0.4889495
    ]
  },
  {
    "timeStamp": 12224,
    "rotation": [
      [
        -0.998983145,
        -0.04471107,
        0.00579271326
      ],
      [
        0.00370423123,
        0.04665291,
        0.9989043
      ],
      [
        -0.04493233,
        0.99791,
        -0.0464398526
      ]
    ],
    "translation": [
      1.77321529,
      0.717332,
      -0.483290821
    ]
  },
  {
    "timeStamp": 12280,
    "rotation": [
      [
        -0.998356938,
        -0.05267961,
        0.0225442275
      ],
      [
        0.0179659165,
        0.08582075,
        0.9961486
      ],
      [
        -0.0544114858,
        0.994916856,
        -0.0847333
      ]
    ],
    "translation": [
      1.78551912,
      0.7452961,
      -0.476853341
    ]
  },
  {
    "timeStamp": 12324,
    "rotation": [
      [
        -0.9986084,
        -0.0462371334,
        0.0253667068
      ],
      [
        0.0194724333,
        0.123743869,
        0.9921231
      ],
      [
        -0.0490119,
        0.991236448,
        -0.122671314
      ]
    ],
    "translation": [
      1.80861211,
      0.7741555,
      -0.47468546
    ]
  },
  {
    "timeStamp": 12380,
    "rotation": [
      [
        -0.99881804,
        -0.032151252,
        0.03645436
      ],
      [
        0.0306274276,
        0.166075975,
        0.985637248
      ],
      [
        -0.0377436541,
        0.9855887,
        -0.164894953
      ]
    ],
    "translation": [
      1.846065,
      0.812785864,
      -0.476120234
    ]
  },
  {
    "timeStamp": 12424,
    "rotation": [
      [
        -0.9988627,
        -0.0413247757,
        0.0237827841
      ],
      [
        0.0149782123,
        0.201589167,
        0.979355633
      ],
      [
        -0.0452660024,
        0.978598,
        -0.200740919
      ]
    ],
    "translation": [
      1.88376021,
      0.844648957,
      -0.480293334
    ]
  },
  {
    "timeStamp": 12480,
    "rotation": [
      [
        -0.999083757,
        -0.04279375,
        0.0005780604
      ],
      [
        -0.009329386,
        0.230950654,
        0.9729207
      ],
      [
        -0.0417684279,
        0.9720239,
        -0.2311383
      ]
    ],
    "translation": [
      1.93848574,
      0.8801251,
      -0.493699
    ]
  },
  {
    "timeStamp": 12524,
    "rotation": [
      [
        -0.998638153,
        -0.03803396,
        -0.0357097276
      ],
      [
        -0.0440837033,
        0.249140859,
        0.967463434
      ],
      [
        -0.027899716,
        0.9677201,
        -0.250478268
      ]
    ],
    "translation": [
      1.98708153,
      0.9052558,
      -0.506976366
    ]
  },
  {
    "timeStamp": 12580,
    "rotation": [
      [
        -0.996199131,
        0.000100442012,
        -0.0871049538
      ],
      [
        -0.08421721,
        0.254245758,
        0.9634659
      ],
      [
        0.0222428236,
        0.967139661,
        -0.253270954
      ]
    ],
    "translation": [
      2.05155563,
      0.9262848,
      -0.528107166
    ]
  },
  {
    "timeStamp": 12624,
    "rotation": [
      [
        -0.9923801,
        0.017304359,
        -0.121993132
      ],
      [
        -0.114020146,
        0.246311143,
        0.9624605
      ],
      [
        0.046703022,
        0.969036341,
        -0.242461219
      ]
    ],
    "translation": [
      2.094551,
      0.9339313,
      -0.546643555
    ]
  },
  {
    "timeStamp": 12680,
    "rotation": [
      [
        -0.987756,
        0.0189695247,
        -0.154849261
      ],
      [
        -0.1458548,
        0.239921078,
        0.959773
      ],
      [
        0.05535806,
        0.9706071,
        -0.234216675
      ]
    ],
    "translation": [
      2.1378572,
      0.933640361,
      -0.5660575
    ]
  },
  {
    "timeStamp": 12725,
    "rotation": [
      [
        -0.9861081,
        0.0189065132,
        -0.1650251
      ],
      [
        -0.157295987,
        0.212945983,
        0.964319468
      ],
      [
        0.0533733256,
        0.976881,
        -0.207013845
      ]
    ],
    "translation": [
      2.16126919,
      0.9226798,
      -0.580683351
    ]
  },
  {
    "timeStamp": 12774,
    "rotation": [
      [
        -0.9837542,
        -0.00147569808,
        -0.1795146
      ],
      [
        -0.176075861,
        0.202885374,
        0.9632418
      ],
      [
        0.0349994451,
        0.9792014,
        -0.199849173
      ]
    ],
    "translation": [
      2.18539214,
      0.905068338,
      -0.589888453
    ]
  },
  {
    "timeStamp": 12830,
    "rotation": [
      [
        -0.9760906,
        0.00660408847,
        -0.217263788
      ],
      [
        -0.2124504,
        0.182342634,
        0.9600083
      ],
      [
        0.0459564365,
        0.9832129,
        -0.1765799
      ]
    ],
    "translation": [
      2.21320581,
      0.880687654,
      -0.5950586
    ]
  },
  {
    "timeStamp": 12874,
    "rotation": [
      [
        -0.9774496,
        -0.0153635349,
        -0.210609421
      ],
      [
        -0.209818989,
        0.18325682,
        0.9604129
      ],
      [
        0.0238402542,
        0.9829451,
        -0.182347864
      ]
    ],
    "translation": [
      2.224979,
      0.859697342,
      -0.5903426
    ]
  },
  {
    "timeStamp": 12930,
    "rotation": [
      [
        -0.9659749,
        -0.08453064,
        -0.244431973
      ],
      [
        -0.255501568,
        0.165204018,
        0.9525894
      ],
      [
        -0.0401418321,
        0.982630253,
        -0.181180656
      ]
    ],
    "translation": [
      2.24168372,
      0.834008038,
      -0.58334744
    ]
  },
  {
    "timeStamp": 12974,
    "rotation": [
      [
        -0.9618432,
        -0.133926108,
        -0.238582283
      ],
      [
        -0.257521331,
        0.148606643,
        0.9547768
      ],
      [
        -0.09241462,
        0.9797856,
        -0.1774251
      ]
    ],
    "translation": [
      2.24695468,
      0.8122185,
      -0.577383757
    ]
  },
  {
    "timeStamp": 13030,
    "rotation": [
      [
        -0.9611822,
        -0.126056686,
        -0.2454355
      ],
      [
        -0.260604054,
        0.1225691,
        0.957633734
      ],
      [
        -0.09063334,
        0.9844219,
        -0.150662124
      ]
    ],
    "translation": [
      2.26030421,
      0.788683355,
      -0.5723407
    ]
  },
  {
    "timeStamp": 13074,
    "rotation": [
      [
        -0.9610839,
        -0.130105883,
        -0.243700862
      ],
      [
        -0.259593755,
        0.1235958,
        0.9577761
      ],
      [
        -0.09449189,
        0.9837665,
        -0.1525606
      ]
    ],
    "translation": [
      2.26773357,
      0.7754304,
      -0.5638778
    ]
  },
  {
    "timeStamp": 13131,
    "rotation": [
      [
        -0.9696029,
        -0.107522525,
        -0.219793439
      ],
      [
        -0.232352212,
        0.123029478,
        0.964819252
      ],
      [
        -0.07669873,
        0.98656106,
        -0.144272834
      ]
    ],
    "translation": [
      2.26926732,
      0.7627217,
      -0.554696143
    ]
  },
  {
    "timeStamp": 13177,
    "rotation": [
      [
        -0.97303617,
        -0.0916823149,
        -0.211648062
      ],
      [
        -0.222270444,
        0.12759465,
        0.966599941
      ],
      [
        -0.0616149567,
        0.9875798,
        -0.144532472
      ]
    ],
    "translation": [
      2.272528,
      0.758734,
      -0.5474649
    ]
  },
  {
    "timeStamp": 13222,
    "rotation": [
      [
        -0.9789548,
        -0.08375008,
        -0.186100826
      ],
      [
        -0.196367577,
        0.138283178,
        0.9707304
      ],
      [
        -0.05556414,
        0.9868453,
        -0.151818782
      ]
    ],
    "translation": [
      2.26684284,
      0.75470674,
      -0.5402388
    ]
  },
  {
    "timeStamp": 13278,
    "rotation": [
      [
        -0.9779364,
        -0.100219995,
        -0.1832931
      ],
      [
        -0.19535926,
        0.127960861,
        0.9723481
      ],
      [
        -0.0739944,
        0.986702561,
        -0.144716486
      ]
    ],
    "translation": [
      2.26400185,
      0.7513505,
      -0.5376971
    ]
  },
  {
    "timeStamp": 13324,
    "rotation": [
      [
        -0.9802077,
        -0.08992288,
        -0.176370963
      ],
      [
        -0.186420381,
        0.11938709,
        0.975189269
      ],
      [
        -0.06663539,
        0.9887672,
        -0.1337876
      ]
    ],
    "translation": [
      2.26122832,
      0.741845846,
      -0.537847638
    ]
  },
  {
    "timeStamp": 13379,
    "rotation": [
      [
        -0.9812982,
        -0.08675401,
        -0.171835676
      ],
      [
        -0.181485772,
        0.119420178,
        0.976115644
      ],
      [
        -0.06416131,
        0.9890462,
        -0.132931441
      ]
    ],
    "translation": [
      2.26025,
      0.7397965,
      -0.5378431
    ]
  },
  {
    "timeStamp": 13424,
    "rotation": [
      [
        -0.9822705,
        -0.085530214,
        -0.166820884
      ],
      [
        -0.175811291,
        0.111379005,
        0.9781028
      ],
      [
        -0.06507699,
        0.990090549,
        -0.12444149
      ]
    ],
    "translation": [
      2.25955129,
      0.738108754,
      -0.5379374
    ]
  },
  {
    "timeStamp": 13479,
    "rotation": [
      [
        -0.9810306,
        -0.100225337,
        -0.165933371
      ],
      [
        -0.176552579,
        0.108470783,
        0.9782961
      ],
      [
        -0.0800511241,
        0.989034355,
        -0.1241082
      ]
    ],
    "translation": [
      2.26064444,
      0.734499633,
      -0.537882864
    ]
  },
  {
    "timeStamp": 13524,
    "rotation": [
      [
        -0.9830474,
        -0.09831883,
        -0.1547614
      ],
      [
        -0.164715827,
        0.102801353,
        0.9809692
      ],
      [
        -0.08053806,
        0.9898309,
        -0.117253274
      ]
    ],
    "translation": [
      2.26122952,
      0.73336035,
      -0.537852645
    ]
  },
  {
    "timeStamp": 13579,
    "rotation": [
      [
        -0.985098243,
        -0.0955335349,
        -0.143020287
      ],
      [
        -0.152141973,
        0.0962038,
        0.9836654
      ],
      [
        -0.0802139342,
        0.990766466,
        -0.109304853
      ]
    ],
    "translation": [
      2.26133633,
      0.7324867,
      -0.5379508
    ]
  },
  {
    "timeStamp": 13624,
    "rotation": [
      [
        -0.9873755,
        -0.08487597,
        -0.133737415
      ],
      [
        -0.141404152,
        0.09185857,
        0.985680938
      ],
      [
        -0.07137571,
        0.9921482,
        -0.102700718
      ]
    ],
    "translation": [
      2.26166153,
      0.7316885,
      -0.538273036
    ]
  },
  {
    "timeStamp": 13679,
    "rotation": [
      [
        -0.9897729,
        -0.06621835,
        -0.126351744
      ],
      [
        -0.131746829,
        0.08467134,
        0.987660646
      ],
      [
        -0.05470289,
        0.9942062,
        -0.09252946
      ]
    ],
    "translation": [
      2.261969,
      0.731107,
      -0.539194465
    ]
  },
  {
    "timeStamp": 13725,
    "rotation": [
      [
        -0.9912867,
        -0.0473434143,
        -0.122920044
      ],
      [
        -0.126452237,
        0.08071725,
        0.9886832
      ],
      [
        -0.0368858539,
        0.9956121,
        -0.0860006139
      ]
    ],
    "translation": [
      2.26222563,
      0.730635,
      -0.54038465
    ]
  },
  {
    "timeStamp": 13779,
    "rotation": [
      [
        -0.992235065,
        -0.03395777,
        -0.119651251
      ],
      [
        -0.121811882,
        0.07096149,
        0.9900133
      ],
      [
        -0.0251280125,
        0.996900856,
        -0.07454694
      ]
    ],
    "translation": [
      2.26233435,
      0.730216861,
      -0.541188359
    ]
  },
  {
    "timeStamp": 13823,
    "rotation": [
      [
        -0.9929919,
        -0.02068828,
        -0.116357543
      ],
      [
        -0.117532879,
        0.0697895,
        0.9906137
      ],
      [
        -0.0123735834,
        0.997347236,
        -0.07173197
      ]
    ],
    "translation": [
      2.26245213,
      0.7299086,
      -0.5420555
    ]
  },
  {
    "timeStamp": 13878,
    "rotation": [
      [
        -0.9938368,
        -0.004859745,
        -0.11074654
      ],
      [
        -0.110831007,
        0.06351172,
        0.9918078
      ],
      [
        0.00221377,
        0.99796927,
        -0.06365889
      ]
    ],
    "translation": [
      2.2626133,
      0.7294129,
      -0.543066263
    ]
  }
]