[
  {
    "timeStamp": 45953,
    "rotation": [
      [
        0.997577846,
        -0.00557691371,
        0.069335565
      ],
      [
        0.0695587546,
        0.07540821,
        -0.9947237
      ],
      [
        0.0003190243,
        0.9971372,
        0.0756134838
      ]
    ],
    "translation": [
      1.61615622,
      0.6988494,
      -0.7507534
    ]
  },
  {
    "timeStamp": 45998,
    "rotation": [
      [
        0.997994542,
        -0.00474940659,
        0.06312149
      ],
      [
        0.06328695,
        0.0546858944,
        -0.996495962
      ],
      [
        0.00128090347,
        0.9984923,
        0.0548768
      ]
    ],
    "translation": [
      1.61613381,
      0.6995047,
      -0.750810742
    ]
  },
  {
    "timeStamp": 46053,
    "rotation": [
      [
        0.997963548,
        -0.00475095864,
        0.0636102855
      ],
      [
        0.06378738,
        0.07270946,
        -0.99531126
      ],
      [
        0.000103612721,
        0.9973419,
        0.07286444
      ]
    ],
    "translation": [
      1.61838961,
      0.6990476,
      -0.751278758
    ]
  },
  {
    "timeStamp": 46097,
    "rotation": [
      [
        0.9987,
        -0.0252877045,
        0.044258818
      ],
      [
        0.0452551879,
        0.0402906649,
        -0.9981626
      ],
      [
        0.0234580245,
        0.998868,
        0.0413826853
      ]
    ],
    "translation": [
      1.62019455,
      0.7099835,
      -0.7560449
    ]
  },
  {
    "timeStamp": 46142,
    "rotation": [
      [
        0.9997204,
        -0.0136244455,
        -0.0193255786
      ],
      [
        -0.0188795179,
        0.0321413726,
        -0.999305
      ],
      [
        0.0142361242,
        0.9993904,
        0.0318751633
      ]
    ],
    "translation": [
      1.61336231,
      0.7346938,
      -0.757793844
    ]
  },
  {
    "timeStamp": 46198,
    "rotation": [
      [
        0.9920078,
        0.0364670269,
        -0.120791517
      ],
      [
        -0.121644244,
        0.02214002,
        -0.9923268
      ],
      [
        -0.0335128754,
        0.999089539,
        0.026399076
      ]
    ],
    "translation": [
      1.608192,
      0.7817891,
      -0.7558553
    ]
  },
  {
    "timeStamp": 46253,
    "rotation": [
      [
        0.9747116,
        0.07773798,
        -0.20950897
      ],
      [
        -0.213151664,
        0.0418741666,
        -0.976121366
      ],
      [
        -0.06710869,
        0.996094048,
        0.0573852137
      ]
    ],
    "translation": [
      1.6150521,
      0.8343414,
      -0.7524498
    ]
  },
  {
    "timeStamp": 46297,
    "rotation": [
      [
        0.958147645,
        0.115890533,
        -0.261767924
      ],
      [
        -0.270647675,
        0.06872965,
        -0.9602219
      ],
      [
        -0.0932894051,
        0.9908812,
        0.09721865
      ]
    ],
    "translation": [
      1.63253355,
      0.875960052,
      -0.748717248
    ]
  },
  {
    "timeStamp": 46353,
    "rotation": [
      [
        0.9465788,
        0.169030011,
        -0.274622262
      ],
      [
        -0.298037082,
        0.133381858,
        -0.9451895
      ],
      [
        -0.123135746,
        0.976543963,
        0.176633656
      ]
    ],
    "translation": [
      1.67000759,
      0.919230759,
      -0.741103351
    ]
  },
  {
    "timeStamp": 46397,
    "rotation": [
      [
        0.948140144,
        0.201765984,
        -0.245602891
      ],
      [
        -0.285879821,
        0.203568652,
        -0.9363934
      ],
      [
        -0.1389353,
        0.958045065,
        0.250692427
      ]
    ],
    "translation": [
      1.71313345,
      0.945559144,
      -0.7359157
    ]
  },
  {
    "timeStamp": 46453,
    "rotation": [
      [
        0.957748532,
        0.241057634,
        -0.156872556
      ],
      [
        -0.223046035,
        0.278194249,
        -0.934268951
      ],
      [
        -0.181571648,
        0.9297845,
        0.3202071
      ]
    ],
    "translation": [
      1.78177071,
      0.9667943,
      -0.72930634
    ]
  },
  {
    "timeStamp": 46497,
    "rotation": [
      [
        0.9671802,
        0.247506857,
        -0.05746973
      ],
      [
        -0.141432136,
        0.336499423,
        -0.9310022
      ],
      [
        -0.211090907,
        0.908574939,
        0.360461026
      ]
    ],
    "translation": [
      1.84379935,
      0.9744407,
      -0.7268113
    ]
  },
  {
    "timeStamp": 46553,
    "rotation": [
      [
        0.966215551,
        0.244954333,
        0.08015565
      ],
      [
        -0.0247642919,
        0.397795,
        -0.917140067
      ],
      [
        -0.256542951,
        0.88417,
        0.3904218
      ]
    ],
    "translation": [
      1.92630243,
      0.980337441,
      -0.7265988
    ]
  },
  {
    "timeStamp": 46597,
    "rotation": [
      [
        0.959742248,
        0.2227977,
        0.171043724
      ],
      [
        0.06425135,
        0.4186656,
        -0.9058647
      ],
      [
        -0.2734347,
        0.8803865,
        0.387496024
      ]
    ],
    "translation": [
      1.98521292,
      0.9822886,
      -0.7326767
    ]
  },
  {
    "timeStamp": 46657,
    "rotation": [
      [
        0.9489042,
        0.201313287,
        0.243009761
      ],
      [
        0.137596548,
        0.429065526,
        -0.8927317
      ],
      [
        -0.283985883,
        0.8805542,
        0.379442066
      ]
    ],
    "translation": [
      2.046204,
      0.985060453,
      -0.740321338
    ]
  },
  {
    "timeStamp": 46697,
    "rotation": [
      [
        0.9432636,
        0.184295118,
        0.276204646
      ],
      [
        0.178021282,
        0.421484262,
        -0.8891903
      ],
      [
        -0.280289352,
        0.8879112,
        0.364762336
      ]
    ],
    "translation": [
      2.08421779,
      0.983392537,
      -0.7446471
    ]
  },
  {
    "timeStamp": 46758,
    "rotation": [
      [
        0.94490397,
        0.142101035,
        0.294896036
      ],
      [
        0.218121424,
        0.3984205,
        -0.8908895
      ],
      [
        -0.244088933,
        0.9061282,
        0.345473856
      ]
    ],
    "translation": [
      2.12027121,
      0.976770759,
      -0.7482052
    ]
  },
  {
    "timeStamp": 46792,
    "rotation": [
      [
        0.9486068,
        0.105932713,
        0.29820025
      ],
      [
        0.23851639,
        0.379959464,
        -0.893722951
      ],
      [
        -0.207978517,
        0.9189173,
        0.335165441
      ]
    ],
    "translation": [
      2.14274263,
      0.9679608,
      -0.7486511
    ]
  },
  {
    "timeStamp": 46848,
    "rotation": [
      [
        0.9529839,
        0.0537813827,
        0.298209876
      ],
      [
        0.26134792,
        0.352185369,
        -0.8987006
      ],
      [
        -0.1533585,
        0.93438375,
        0.32157135
      ]
    ],
    "translation": [
      2.16443348,
      0.9527366,
      -0.7453963
    ]
  },
  {
    "timeStamp": 46892,
    "rotation": [
      [
        0.9567923,
        0.0143746445,
        0.290416569
      ],
      [
        0.2687642,
        0.3374507,
        -0.9021601
      ],
      [
        -0.110969491,
        0.9412334,
        0.31900686
      ]
    ],
    "translation": [
      2.178774,
      0.9393822,
      -0.739024341
    ]
  },
  {
    "timeStamp": 46948,
    "rotation": [
      [
        0.961445868,
        0.007408491,
        0.274894357
      ],
      [
        0.257855862,
        0.3230928,
        -0.910561
      ],
      [
        -0.09556228,
        0.9463383,
        0.3087259
      ]
    ],
    "translation": [
      2.191336,
      0.9235002,
      -0.726902
    ]
  },
  {
    "timeStamp": 46992,
    "rotation": [
      [
        0.963470042,
        -0.00626901956,
        0.267742932
      ],
      [
        0.2557152,
        0.318651229,
        -0.9127273
      ],
      [
        -0.0795947239,
        0.94785136,
        0.308613956
      ]
    ],
    "translation": [
      2.19867659,
      0.9116145,
      -0.7165939
    ]
  },
  {
    "timeStamp": 47048,
    "rotation": [
      [
        0.969682336,
        0.0154378368,
        0.243880808
      ],
      [
        0.226862565,
        0.314067066,
        -0.92189765
      ],
      [
        -0.0908270255,
        0.949275255,
        0.301043
      ]
    ],
    "translation": [
      2.200809,
      0.8974722,
      -0.7063424
    ]
  },
  {
    "timeStamp": 47092,
    "rotation": [
      [
        0.975007355,
        0.0245498028,
        0.220812127
      ],
      [
        0.202718481,
        0.308408737,
        -0.929402649
      ],
      [
        -0.0909170359,
        0.9509371,
        0.295724064
      ]
    ],
    "translation": [
      2.20051169,
      0.885738134,
      -0.7019231
    ]
  },
  {
    "timeStamp": 47149,
    "rotation": [
      [
        0.979695261,
        0.0248984061,
        0.198940471
      ],
      [
        0.1833872,
        0.2897572,
        -0.939366758
      ],
      [
        -0.08103316,
        0.956776261,
        0.2793077
      ]
    ],
    "translation": [
      2.20077467,
      0.8710243,
      -0.7012103
    ]
  },
  {
    "timeStamp": 47194,
    "rotation": [
      [
        0.982463539,
        0.0230558515,
        0.185023561
      ],
      [
        0.17188859,
        0.272508234,
        -0.946675
      ],
      [
        -0.07224685,
        0.961877167,
        0.263766378
      ]
    ],
    "translation": [
      2.20000434,
      0.85950774,
      -0.702966
    ]
  },
  {
    "timeStamp": 47251,
    "rotation": [
      [
        0.9850818,
        -1.02135482E-05,
        0.172087073
      ],
      [
        0.166169152,
        0.260048,
        -0.951190233
      ],
      [
        -0.04474118,
        0.9655957,
        0.256170243
      ]
    ],
    "translation": [
      2.20004773,
      0.8479136,
      -0.7060102
    ]
  },
  {
    "timeStamp": 47296,
    "rotation": [
      [
        0.986998737,
        0.005936401,
        0.160617828
      ],
      [
        0.154209137,
        0.246728614,
        -0.9567364
      ],
      [
        -0.04530859,
        0.9690664,
        0.2426054
      ]
    ],
    "translation": [
      2.19915056,
      0.8395501,
      -0.7064912
    ]
  },
  {
    "timeStamp": 47353,
    "rotation": [
      [
        0.98929584,
        0.0139899524,
        0.145251647
      ],
      [
        0.137826458,
        0.23738797,
        -0.961587667
      ],
      [
        -0.04793355,
        0.9713142,
        0.232918724
      ]
    ],
    "translation": [
      2.19746137,
      0.829719961,
      -0.705474436
    ]
  },
  {
    "timeStamp": 47397,
    "rotation": [
      [
        0.990203261,
        0.0150436219,
        0.138820633
      ],
      [
        0.131511,
        0.233655676,
        -0.963384569
      ],
      [
        -0.0469290465,
        0.972203,
        0.2293882
      ]
    ],
    "translation": [
      2.19692945,
      0.821404,
      -0.704404
    ]
  },
  {
    "timeStamp": 47452,
    "rotation": [
      [
        0.99073565,
        0.003066399,
        0.135770023
      ],
      [
        0.131400064,
        0.230906352,
        -0.9640624
      ],
      [
        -0.0343063548,
        0.972971141,
        0.228364214
      ]
    ],
    "translation": [
      2.196689,
      0.8107799,
      -0.7030817
    ]
  },
  {
    "timeStamp": 47497,
    "rotation": [
      [
        0.991552949,
        0.00409815041,
        0.129637748
      ],
      [
        0.125314236,
        0.227519974,
        -0.9656764
      ],
      [
        -0.0334526822,
        0.9737647,
        0.225084543
      ]
    ],
    "translation": [
      2.195525,
      0.8037245,
      -0.700760245
    ]
  },
  {
    "timeStamp": 47552,
    "rotation": [
      [
        0.9922231,
        0.000690803165,
        0.124470443
      ],
      [
        0.121227629,
        0.221473157,
        -0.967601955
      ],
      [
        -0.028235266,
        0.9751662,
        0.219667032
      ]
    ],
    "translation": [
      2.19426417,
      0.795834839,
      -0.699024
    ]
  },
  {
    "timeStamp": 47597,
    "rotation": [
      [
        0.992839754,
        -0.00364043633,
        0.119398326
      ],
      [
        0.117385648,
        0.214923486,
        -0.969550669
      ],
      [
        -0.02213192,
        0.976624131,
        0.213811919
      ]
    ],
    "translation": [
      2.193764,
      0.7906122,
      -0.6985349
    ]
  },
  {
    "timeStamp": 47653,
    "rotation": [
      [
        0.993412,
        -0.006438772,
        0.114415951
      ],
      [
        0.112998061,
        0.2212387,
        -0.968651056
      ],
      [
        -0.0190763157,
        0.9751984,
        0.220508754
      ]
    ],
    "translation": [
      2.19338,
      0.7859393,
      -0.6966978
    ]
  },
  {
    "timeStamp": 47697,
    "rotation": [
      [
        0.993751168,
        -0.0139715951,
        0.110739835
      ],
      [
        0.111053541,
        0.223389655,
        -0.968382239
      ],
      [
        -0.0112082921,
        0.974629045,
        0.223545343
      ]
    ],
    "translation": [
      2.1932435,
      0.784216166,
      -0.696122348
    ]
  },
  {
    "timeStamp": 47752,
    "rotation": [
      [
        0.9941203,
        -0.0272734817,
        0.104790129
      ],
      [
        0.108266056,
        0.234183982,
        -0.9661451
      ],
      [
        0.00180997991,
        0.9718097,
        0.235759825
      ]
    ],
    "translation": [
      2.1929152,
      0.7833826,
      -0.695789635
    ]
  },
  {
    "timeStamp": 47797,
    "rotation": [
      [
        0.994241357,
        -0.0305312481,
        0.10272257
      ],
      [
        0.107021995,
        0.23358725,
        -0.9664281
      ],
      [
        0.005511568,
        0.971856356,
        0.235509619
      ]
    ],
    "translation": [
      2.19332314,
      0.78332597,
      -0.6958262
    ]
  }
]