[
  {
    "timeStamp": 27909,
    "rotation": [
      [
        0.999998,
        -0.002007982,
        3.983148E-06
      ],
      [
        0.0,
        0.00198365329,
        0.999998033
      ],
      [
        -0.002007986,
        -0.999996,
        0.00198364933
      ]
    ],
    "translation": [
      1.76834071,
      0.699927747,
      -0.6202937
    ]
  },
  {
    "timeStamp": 27954,
    "rotation": [
      [
        0.9987418,
        -0.009787991,
        0.0491825379
      ],
      [
        -0.0492178351,
        -0.00339816441,
        0.9987823
      ],
      [
        -0.00960894,
        -0.9999463,
        -0.00387563254
      ]
    ],
    "translation": [
      1.76524138,
      0.7106241,
      -0.6187046
    ]
  },
  {
    "timeStamp": 28009,
    "rotation": [
      [
        0.9938135,
        -0.0251034442,
        0.108187042
      ],
      [
        -0.109156542,
        -0.0411428958,
        0.993172765
      ],
      [
        -0.0204809383,
        -0.9988378,
        -0.0436285734
      ]
    ],
    "translation": [
      1.76488435,
      0.7398294,
      -0.6169565
    ]
  },
  {
    "timeStamp": 28054,
    "rotation": [
      [
        0.9827554,
        -0.05483071,
        0.17659384
      ],
      [
        -0.1803707,
        -0.07394304,
        0.9808154
      ],
      [
        -0.0407209322,
        -0.995754,
        -0.08255778
      ]
    ],
    "translation": [
      1.76989591,
      0.7763508,
      -0.617820263
    ]
  },
  {
    "timeStamp": 28110,
    "rotation": [
      [
        0.9574992,
        -0.115365721,
        0.264359742
      ],
      [
        -0.27779308,
        -0.1221662,
        0.9528412
      ],
      [
        -0.07762938,
        -0.985782,
        -0.149021834
      ]
    ],
    "translation": [
      1.78713739,
      0.8319634,
      -0.618645132
    ]
  },
  {
    "timeStamp": 28155,
    "rotation": [
      [
        0.9245209,
        -0.18179661,
        0.3349792
      ],
      [
        -0.361109227,
        -0.136700049,
        0.9224496
      ],
      [
        -0.121906541,
        -0.973788,
        -0.192030489
      ]
    ],
    "translation": [
      1.81124842,
      0.876323044,
      -0.621941
    ]
  },
  {
    "timeStamp": 28210,
    "rotation": [
      [
        0.8876004,
        -0.273235261,
        0.37082085
      ],
      [
        -0.424670935,
        -0.173661083,
        0.888536155
      ],
      [
        -0.178382277,
        -0.946141839,
        -0.2701767
      ]
    ],
    "translation": [
      1.8562057,
      0.927575231,
      -0.6247262
    ]
  },
  {
    "timeStamp": 28255,
    "rotation": [
      [
        0.87444973,
        -0.3436456,
        0.34241116
      ],
      [
        -0.427872717,
        -0.21372433,
        0.8782066
      ],
      [
        -0.228610232,
        -0.9144559,
        -0.333927751
      ]
    ],
    "translation": [
      1.900893,
      0.9585148,
      -0.627015948
    ]
  },
  {
    "timeStamp": 28310,
    "rotation": [
      [
        0.8451645,
        -0.442939848,
        0.299167663
      ],
      [
        -0.435094357,
        -0.245010868,
        0.8664079
      ],
      [
        -0.310467243,
        -0.8624233,
        -0.399795115
      ]
    ],
    "translation": [
      1.963072,
      0.98667717,
      -0.628450036
    ]
  },
  {
    "timeStamp": 28355,
    "rotation": [
      [
        0.836971045,
        -0.497963578,
        0.22696206
      ],
      [
        -0.396898836,
        -0.266825885,
        0.878222764
      ],
      [
        -0.376763582,
        -0.825128,
        -0.4209667
      ]
    ],
    "translation": [
      2.01231956,
      0.992290854,
      -0.629412949
    ]
  },
  {
    "timeStamp": 28410,
    "rotation": [
      [
        0.822696865,
        -0.54294306,
        0.16847153
      ],
      [
        -0.330536962,
        -0.215749547,
        0.9188022
      ],
      [
        -0.4625096,
        -0.8115818,
        -0.356959224
      ]
    ],
    "translation": [
      2.06163526,
      0.974482834,
      -0.6335401
    ]
  },
  {
    "timeStamp": 28455,
    "rotation": [
      [
        0.8092905,
        -0.5649866,
        0.160745159
      ],
      [
        -0.300313,
        -0.162772357,
        0.9398496
      ],
      [
        -0.5048376,
        -0.8088853,
        -0.301402956
      ]
    ],
    "translation": [
      2.08546042,
      0.951700151,
      -0.635659
    ]
  },
  {
    "timeStamp": 28510,
    "rotation": [
      [
        0.831710935,
        -0.543567955,
        0.113096491
      ],
      [
        -0.213402241,
        -0.124924138,
        0.9689445
      ],
      [
        -0.512558639,
        -0.8300168,
        -0.219899386
      ]
    ],
    "translation": [
      2.100778,
      0.922137737,
      -0.6391378
    ]
  },
  {
    "timeStamp": 28554,
    "rotation": [
      [
        0.838642955,
        -0.5297348,
        0.1267242
      ],
      [
        -0.211003959,
        -0.101475783,
        0.9722037
      ],
      [
        -0.5021507,
        -0.842071056,
        -0.196878091
      ]
    ],
    "translation": [
      2.09964585,
      0.912247837,
      -0.6391825
    ]
  },
  {
    "timeStamp": 28605,
    "rotation": [
      [
        0.86214,
        -0.498886138,
        0.08847161
      ],
      [
        -0.143038273,
        -0.07214085,
        0.987084448
      ],
      [
        -0.486060321,
        -0.863659859,
        -0.133555323
      ]
    ],
    "translation": [
      2.098819,
      0.889412642,
      -0.6359192
    ]
  },
  {
    "timeStamp": 28660,
    "rotation": [
      [
        0.8747792,
        -0.480178982,
        0.0647256
      ],
      [
        -0.101045415,
        -0.05014789,
        0.9936171
      ],
      [
        -0.4738682,
        -0.8757359,
        -0.09238822
      ]
    ],
    "translation": [
      2.09872222,
      0.8719183,
      -0.635011554
    ]
  },
  {
    "timeStamp": 28705,
    "rotation": [
      [
        0.872943759,
        -0.483515084,
        0.06467115
      ],
      [
        -0.08998506,
        -0.0293082986,
        0.9955118
      ],
      [
        -0.47944957,
        -0.874845266,
        -0.06909363
      ]
    ],
    "translation": [
      2.09677315,
      0.8604938,
      -0.6344937
    ]
  },
  {
    "timeStamp": 28760,
    "rotation": [
      [
        0.8824971,
        -0.468790621,
        0.03787307
      ],
      [
        -0.0534943119,
        -0.0200459473,
        0.998366952
      ],
      [
        -0.467265874,
        -0.883081853,
        -0.04276812
      ]
    ],
    "translation": [
      2.09842682,
      0.848029,
      -0.6350598
    ]
  },
  {
    "timeStamp": 28805,
    "rotation": [
      [
        0.8801991,
        -0.472651243,
        0.0430152081
      ],
      [
        -0.0544923544,
        -0.0106108943,
        0.9984578
      ],
      [
        -0.4714659,
        -0.881185651,
        -0.0350955762
      ]
    ],
    "translation": [
      2.09785628,
      0.8420589,
      -0.6347167
    ]
  },
  {
    "timeStamp": 28860,
    "rotation": [
      [
        0.882817268,
        -0.467845857,
        0.0418807119
      ],
      [
        -0.0554877333,
        -0.0153346919,
        0.9983416
      ],
      [
        -0.466427773,
        -0.883677065,
        -0.03949744
      ]
    ],
    "translation": [
      2.09818888,
      0.8380685,
      -0.633163452
    ]
  },
  {
    "timeStamp": 28905,
    "rotation": [
      [
        0.8838186,
        -0.467046857,
        0.0270526055
      ],
      [
        -0.03752546,
        -0.0131346285,
        0.999209344
      ],
      [
        -0.466322243,
        -0.884135,
        -0.0291347783
      ]
    ],
    "translation": [
      2.099696,
      0.8332037,
      -0.6327464
    ]
  },
  {
    "timeStamp": 28960,
    "rotation": [
      [
        0.883159,
        -0.466860682,
        0.0455133952
      ],
      [
        -0.0575773045,
        -0.0115989307,
        0.9982737
      ],
      [
        -0.465526819,
        -0.8842549,
        -0.0371242762
      ]
    ],
    "translation": [
      2.09652734,
      0.83136183,
      -0.630017757
    ]
  },
  {
    "timeStamp": 29005,
    "rotation": [
      [
        0.886024952,
        -0.462159455,
        0.03699242
      ],
      [
        -0.05023624,
        -0.0163792334,
        0.998603046
      ],
      [
        -0.460907936,
        -0.886645555,
        -0.03772956
      ]
    ],
    "translation": [
      2.09518051,
      0.82913655,
      -0.6291594
    ]
  },
  {
    "timeStamp": 29062,
    "rotation": [
      [
        0.8899897,
        -0.455023617,
        0.0295273326
      ],
      [
        -0.0394420363,
        -0.0123090073,
        0.999146044
      ],
      [
        -0.4542716,
        -0.8903943,
        -0.0289019477
      ]
    ],
    "translation": [
      2.09218144,
      0.8252781,
      -0.628773868
    ]
  },
  {
    "timeStamp": 29108,
    "rotation": [
      [
        0.890480459,
        -0.4540129,
        0.0302813649
      ],
      [
        -0.0360565037,
        -0.004066372,
        0.9993415
      ],
      [
        -0.45359078,
        -0.890985847,
        -0.01999114
      ]
    ],
    "translation": [
      2.09078264,
      0.8247398,
      -0.629124463
    ]
  }
]