[
  {
    "timeStamp": 14060,
    "rotation": [
      [
        -0.00676403148,
        0.999976635,
        0.00099629
      ],
      [
        -0.005039856,
        -0.00103039062,
        0.999986768
      ],
      [
        0.9999644,
        0.00675892038,
        0.00504670758
      ]
    ],
    "translation": [
      1.47024059,
      0.703199267,
      -0.620596945
    ]
  },
  {
    "timeStamp": 14104,
    "rotation": [
      [
        -0.00479177665,
        0.9997552,
        0.0215996951
      ],
      [
        -0.0219184887,
        -0.02169976,
        0.999524236
      ],
      [
        0.9997483,
        0.004316063,
        0.0220171027
      ]
    ],
    "translation": [
      1.46875739,
      0.7076583,
      -0.6227258
    ]
  },
  {
    "timeStamp": 14160,
    "rotation": [
      [
        0.008407889,
        0.9930495,
        0.117397465
      ],
      [
        -0.04221108,
        -0.1169445,
        0.992241
      ],
      [
        0.9990734,
        -0.0132981129,
        0.0409344323
      ]
    ],
    "translation": [
      1.44856143,
      0.735708535,
      -0.631560564
    ]
  },
  {
    "timeStamp": 14204,
    "rotation": [
      [
        0.036027737,
        0.9766447,
        0.211818561
      ],
      [
        -0.05251674,
        -0.209813029,
        0.9763301
      ],
      [
        0.9979699,
        -0.04629899,
        0.04373111
      ]
    ],
    "translation": [
      1.43214893,
      0.7728916,
      -0.635894954
    ]
  },
  {
    "timeStamp": 14260,
    "rotation": [
      [
        0.06067398,
        0.9481242,
        0.312056541
      ],
      [
        -0.0237714611,
        -0.311171323,
        0.9500565
      ],
      [
        0.997874558,
        -0.06506175,
        0.00365829444
      ]
    ],
    "translation": [
      1.42741179,
      0.826671243,
      -0.631776631
    ]
  },
  {
    "timeStamp": 14305,
    "rotation": [
      [
        0.111367315,
        0.908777654,
        0.4021448
      ],
      [
        0.00732743228,
        -0.405401975,
        0.9141092
      ],
      [
        0.993752241,
        -0.0988552,
        -0.0518075377
      ]
    ],
    "translation": [
      1.43215287,
      0.8783176,
      -0.619974852
    ]
  },
  {
    "timeStamp": 14361,
    "rotation": [
      [
        0.214722931,
        0.8251528,
        0.522510231
      ],
      [
        0.029445719,
        -0.540214956,
        0.841011763
      ],
      [
        0.976231039,
        -0.165198833,
        -0.140293762
      ]
    ],
    "translation": [
      1.45055223,
      0.954213,
      -0.5992581
    ]
  },
  {
    "timeStamp": 14406,
    "rotation": [
      [
        0.3204319,
        0.746583,
        0.5830414
      ],
      [
        0.0603731833,
        -0.630339861,
        0.77396816
      ],
      [
        0.9453457,
        -0.212804,
        -0.247054577
      ]
    ],
    "translation": [
      1.4833864,
      1.01573253,
      -0.57517457
    ]
  },
  {
    "timeStamp": 14461,
    "rotation": [
      [
        0.4602753,
        0.6409516,
        0.61427
      ],
      [
        0.101637594,
        -0.725414753,
        0.6807666
      ],
      [
        0.881939,
        -0.2509071,
        -0.399035275
      ]
    ],
    "translation": [
      1.54664254,
      1.08788168,
      -0.5460916
    ]
  },
  {
    "timeStamp": 14506,
    "rotation": [
      [
        0.5713602,
        0.5668569,
        0.593481958
      ],
      [
        0.130867079,
        -0.7768171,
        0.6159781
      ],
      [
        0.810198367,
        -0.2742781,
        -0.5180252
      ]
    ],
    "translation": [
      1.61184287,
      1.13621128,
      -0.526326239
    ]
  },
  {
    "timeStamp": 14561,
    "rotation": [
      [
        0.7055238,
        0.4777745,
        0.5234192
      ],
      [
        0.145335644,
        -0.82042253,
        0.5529778
      ],
      [
        0.6936236,
        -0.314067543,
        -0.648265243
      ]
    ],
    "translation": [
      1.70633876,
      1.181282,
      -0.511367559
    ]
  },
  {
    "timeStamp": 14606,
    "rotation": [
      [
        0.8010913,
        0.418871,
        0.427551031
      ],
      [
        0.153782725,
        -0.8343802,
        0.529302061
      ],
      [
        0.5784493,
        -0.358269334,
        -0.7328298
      ]
    ],
    "translation": [
      1.78897643,
      1.20315123,
      -0.5041472
    ]
  },
  {
    "timeStamp": 14661,
    "rotation": [
      [
        0.890870869,
        0.3614339,
        0.275163
      ],
      [
        0.149551272,
        -0.8053373,
        0.573642969
      ],
      [
        0.428933024,
        -0.469890833,
        -0.7715044
      ]
    ],
    "translation": [
      1.89528584,
      1.20005584,
      -0.5086849
    ]
  },
  {
    "timeStamp": 14706,
    "rotation": [
      [
        0.93913126,
        0.329271317,
        0.0980457142
      ],
      [
        0.200962752,
        -0.7579609,
        0.6205717
      ],
      [
        0.2786513,
        -0.5630947,
        -0.777996
      ]
    ],
    "translation": [
      1.98906183,
      1.1811893,
      -0.5173241
    ]
  },
  {
    "timeStamp": 14761,
    "rotation": [
      [
        0.968950331,
        0.247245029,
        -0.00227152533
      ],
      [
        0.185057536,
        -0.7190843,
        0.6698294
      ],
      [
        0.163978577,
        -0.6494518,
        -0.7425115
      ]
    ],
    "translation": [
      2.07333446,
      1.15878379,
      -0.5387251
    ]
  },
  {
    "timeStamp": 14805,
    "rotation": [
      [
        0.982767761,
        0.18077676,
        -0.0385646224
      ],
      [
        0.15282923,
        -0.677315235,
        0.719643831
      ],
      [
        0.103974469,
        -0.713136554,
        -0.693271637
      ]
    ],
    "translation": [
      2.121867,
      1.13423991,
      -0.5552676
    ]
  },
  {
    "timeStamp": 14861,
    "rotation": [
      [
        0.986049354,
        0.134742066,
        -0.09773067
      ],
      [
        0.1591614,
        -0.59135133,
        0.790551245
      ],
      [
        0.04872735,
        -0.7950775,
        -0.6045473
      ]
    ],
    "translation": [
      2.17444444,
      1.08783317,
      -0.578711569
    ]
  },
  {
    "timeStamp": 14905,
    "rotation": [
      [
        0.994838834,
        0.0824124143,
        -0.05919325
      ],
      [
        0.09342622,
        -0.516375065,
        0.851251066
      ],
      [
        0.0395877436,
        -0.852387846,
        -0.521409452
      ]
    ],
    "translation": [
      2.19398522,
      1.04627013,
      -0.593517661
    ]
  },
  {
    "timeStamp": 14961,
    "rotation": [
      [
        0.997360051,
        0.0592008866,
        -0.04204915
      ],
      [
        0.0625488,
        -0.406263053,
        0.911612868
      ],
      [
        0.0368852764,
        -0.9118364,
        -0.4088935
      ]
    ],
    "translation": [
      2.20970917,
      0.9870546,
      -0.6106357
    ]
  },
  {
    "timeStamp": 15016,
    "rotation": [
      [
        0.9992794,
        0.035925243,
        0.0122521333
      ],
      [
        0.000692722446,
        -0.3399964,
        0.940426469
      ],
      [
        0.03795073,
        -0.939740241,
        -0.339776278
      ]
    ],
    "translation": [
      2.208773,
      0.94495976,
      -0.6188391
    ]
  },
  {
    "timeStamp": 15059,
    "rotation": [
      [
        0.996918261,
        0.0345796943,
        0.07041428
      ],
      [
        -0.0588862,
        -0.2631777,
        0.962948561
      ],
      [
        0.05182993,
        -0.9641274,
        -0.260330379
      ]
    ],
    "translation": [
      2.20256519,
      0.9008111,
      -0.621235967
    ]
  },
  {
    "timeStamp": 15111,
    "rotation": [
      [
        0.995721,
        0.0346747041,
        0.0856586844
      ],
      [
        -0.07753624,
        -0.190837651,
        0.9785546
      ],
      [
        0.0502779968,
        -0.981009,
        -0.187332511
      ]
    ],
    "translation": [
      2.20476675,
      0.8607069,
      -0.6249831
    ]
  },
  {
    "timeStamp": 15156,
    "rotation": [
      [
        0.99120003,
        0.00776819373,
        0.132144481
      ],
      [
        -0.128992021,
        -0.16748482,
        0.9773995
      ],
      [
        0.0297248513,
        -0.9858441,
        -0.165008917
      ]
    ],
    "translation": [
      2.19702983,
      0.840601,
      -0.618398666
    ]
  },
  {
    "timeStamp": 15211,
    "rotation": [
      [
        0.994296253,
        -0.004523242,
        0.106557317
      ],
      [
        -0.106482215,
        -0.09866626,
        0.9894071
      ],
      [
        0.006038312,
        -0.995110333,
        -0.09858513
      ]
    ],
    "translation": [
      2.2088666,
      0.8104526,
      -0.6203965
    ]
  },
  {
    "timeStamp": 15255,
    "rotation": [
      [
        0.9935521,
        -0.0109902741,
        0.112842321
      ],
      [
        -0.113369845,
        -0.08572489,
        0.9898477
      ],
      [
        -0.00120529684,
        -0.9962582,
        -0.0864181146
      ]
    ],
    "translation": [
      2.21169662,
      0.795400739,
      -0.6139007
    ]
  },
  {
    "timeStamp": 15311,
    "rotation": [
      [
        0.997364342,
        -0.0101041989,
        0.07184864
      ],
      [
        -0.0723035857,
        -0.0559402853,
        0.995812654
      ],
      [
        -0.00604263972,
        -0.998383,
        -0.0565234125
      ]
    ],
    "translation": [
      2.222765,
      0.7771311,
      -0.609466434
    ]
  },
  {
    "timeStamp": 15355,
    "rotation": [
      [
        0.9986035,
        -0.0115274834,
        0.0515560135
      ],
      [
        -0.0520181023,
        -0.04422025,
        0.9976666
      ],
      [
        -0.009220742,
        -0.99895525,
        -0.0447581336
      ]
    ],
    "translation": [
      2.23024869,
      0.7668637,
      -0.6053804
    ]
  },
  {
    "timeStamp": 15411,
    "rotation": [
      [
        0.9981975,
        -0.0137331942,
        0.05842313
      ],
      [
        -0.058723364,
        -0.0225821678,
        0.998018861
      ],
      [
        -0.0123866778,
        -0.999650657,
        -0.0233479235
      ]
    ],
    "translation": [
      2.22962451,
      0.7551784,
      -0.603275061
    ]
  },
  {
    "timeStamp": 15456,
    "rotation": [
      [
        0.999773741,
        -0.0103063714,
        0.0186079275
      ],
      [
        -0.0186308045,
        -0.00212820736,
        0.999824166
      ],
      [
        -0.0102649583,
        -0.9999446,
        -0.00231974176
      ]
    ],
    "translation": [
      2.23940516,
      0.7458801,
      -0.6051965
    ]
  },
  {
    "timeStamp": 15512,
    "rotation": [
      [
        0.9996728,
        -0.0176952016,
        0.0184704084
      ],
      [
        -0.01846197,
        0.000640066632,
        0.999829352
      ],
      [
        -0.0177040044,
        -0.99984324,
        0.0003131689
      ]
    ],
    "translation": [
      2.23931527,
      0.7383988,
      -0.6019183
    ]
  }
]