[
  {
    "timeStamp": 34353,
    "rotation": [
      [
        0.972291768,
        -0.233745277,
        0.003432744
      ],
      [
        -0.000926945067,
        0.0108292243,
        0.999940932
      ],
      [
        -0.233768642,
        -0.9722375,
        0.0103124976
      ]
    ],
    "translation": [
      1.28532684,
      0.704918265,
      -0.624950469
    ]
  },
  {
    "timeStamp": 34396,
    "rotation": [
      [
        0.9723501,
        -0.233378723,
        0.00834166352
      ],
      [
        -0.005221866,
        0.0139826443,
        0.9998886
      ],
      [
        -0.233469367,
        -0.9722854,
        0.0123773543
      ]
    ],
    "translation": [
      1.28526211,
      0.7051974,
      -0.6249229
    ]
  },
  {
    "timeStamp": 34454,
    "rotation": [
      [
        0.9707429,
        -0.2357809,
        0.04545007
      ],
      [
        -0.041837953,
        0.0203027688,
        0.9989181
      ],
      [
        -0.236448571,
        -0.971594155,
        0.009844178
      ]
    ],
    "translation": [
      1.28566992,
      0.707739,
      -0.624790132
    ]
  },
  {
    "timeStamp": 34496,
    "rotation": [
      [
        0.971867561,
        -0.231518477,
        0.04327276
      ],
      [
        -0.03985257,
        0.0194316488,
        0.9990166
      ],
      [
        -0.23213169,
        -0.9726364,
        0.009658383
      ]
    ],
    "translation": [
      1.2935822,
      0.714961,
      -0.628802
    ]
  },
  {
    "timeStamp": 34552,
    "rotation": [
      [
        0.9715412,
        -0.216719881,
        0.09560423
      ],
      [
        -0.08922265,
        0.0390651524,
        0.995245337
      ],
      [
        -0.219424233,
        -0.9754519,
        0.0186170861
      ]
    ],
    "translation": [
      1.300791,
      0.7399831,
      -0.6392803
    ]
  },
  {
    "timeStamp": 34596,
    "rotation": [
      [
        0.970508,
        -0.185736254,
        0.153675854
      ],
      [
        -0.139674768,
        0.0863295,
        0.98642695
      ],
      [
        -0.196482033,
        -0.978799939,
        0.0578407981
      ]
    ],
    "translation": [
      1.30971909,
      0.7673129,
      -0.656946361
    ]
  },
  {
    "timeStamp": 34652,
    "rotation": [
      [
        0.9659898,
        -0.12440896,
        0.226685137
      ],
      [
        -0.21584262,
        0.09480227,
        0.97181505
      ],
      [
        -0.142392769,
        -0.98769176,
        0.0647252649
      ]
    ],
    "translation": [
      1.3291291,
      0.808145761,
      -0.68637675
    ]
  },
  {
    "timeStamp": 34696,
    "rotation": [
      [
        0.961692035,
        -0.08135659,
        0.2617815
      ],
      [
        -0.253635257,
        0.098244,
        0.9622979
      ],
      [
        -0.104007743,
        -0.991831243,
        0.07384557
      ]
    ],
    "translation": [
      1.35444939,
      0.8390327,
      -0.711151361
    ]
  },
  {
    "timeStamp": 34753,
    "rotation": [
      [
        0.951043367,
        -0.06612526,
        0.301900655
      ],
      [
        -0.294294775,
        0.104537524,
        0.949980259
      ],
      [
        -0.0943776444,
        -0.99232024,
        0.0799594
      ]
    ],
    "translation": [
      1.3952409,
      0.873838246,
      -0.7360599
    ]
  },
  {
    "timeStamp": 34796,
    "rotation": [
      [
        0.9437844,
        -0.09172361,
        0.317580938
      ],
      [
        -0.30929023,
        0.09403943,
        0.9463066
      ],
      [
        -0.116663784,
        -0.9913341,
        0.0603837371
      ]
    ],
    "translation": [
      1.43483949,
      0.895328641,
      -0.7470547
    ]
  },
  {
    "timeStamp": 34845,
    "rotation": [
      [
        0.9352378,
        -0.1415315,
        0.324498117
      ],
      [
        -0.312120855,
        0.102914058,
        0.9444518
      ],
      [
        -0.167065114,
        -0.9845697,
        0.05207419
      ]
    ],
    "translation": [
      1.478756,
      0.911643744,
      -0.750700533
    ]
  },
  {
    "timeStamp": 34895,
    "rotation": [
      [
        0.905787468,
        -0.25422737,
        0.338994622
      ],
      [
        -0.3190711,
        0.1172118,
        0.940454662
      ],
      [
        -0.278823525,
        -0.9600155,
        0.0250523668
      ]
    ],
    "translation": [
      1.54023588,
      0.9281505,
      -0.7438294
    ]
  },
  {
    "timeStamp": 34951,
    "rotation": [
      [
        0.859826148,
        -0.384811521,
        0.3355878
      ],
      [
        -0.312783,
        0.122521155,
        0.9418893
      ],
      [
        -0.40356645,
        -0.9148271,
        -0.0150156068
      ]
    ],
    "translation": [
      1.60718179,
      0.9397825,
      -0.7293267
    ]
  },
  {
    "timeStamp": 34995,
    "rotation": [
      [
        0.805267155,
        -0.497026682,
        0.323278934
      ],
      [
        -0.312271416,
        0.107964091,
        0.94383806
      ],
      [
        -0.5040152,
        -0.8609926,
        -0.06826729
      ]
    ],
    "translation": [
      1.665206,
      0.950104654,
      -0.7152324
    ]
  },
  {
    "timeStamp": 35051,
    "rotation": [
      [
        0.7217781,
        -0.62792635,
        0.29110983
      ],
      [
        -0.3198916,
        0.07032916,
        0.9448403
      ],
      [
        -0.61376363,
        -0.7750886,
        -0.150106326
      ]
    ],
    "translation": [
      1.74151075,
      0.965722561,
      -0.6979331
    ]
  },
  {
    "timeStamp": 35095,
    "rotation": [
      [
        0.623827755,
        -0.736176968,
        0.2624547
      ],
      [
        -0.342052341,
        0.04477429,
        0.9386136
      ],
      [
        -0.7027369,
        -0.675306439,
        -0.2238796
      ]
    ],
    "translation": [
      1.80805123,
      0.982376933,
      -0.6843114
    ]
  },
  {
    "timeStamp": 35151,
    "rotation": [
      [
        0.479710758,
        -0.854622245,
        0.198742375
      ],
      [
        -0.37181896,
        0.007164048,
        0.9282776
      ],
      [
        -0.794750452,
        -0.5192009,
        -0.314328045
      ]
    ],
    "translation": [
      1.8954736,
      1.00312674,
      -0.673127
    ]
  },
  {
    "timeStamp": 35195,
    "rotation": [
      [
        0.359934449,
        -0.9253435,
        0.119106986
      ],
      [
        -0.3840995,
        -0.030627206,
        0.922783554
      ],
      [
        -0.850243866,
        -0.377890527,
        -0.3664478
      ]
    ],
    "translation": [
      1.96515965,
      1.01487935,
      -0.6702686
    ]
  },
  {
    "timeStamp": 35251,
    "rotation": [
      [
        0.2049325,
        -0.9779486,
        0.0402382649
      ],
      [
        -0.412895,
        -0.04910355,
        0.909454
      ],
      [
        -0.8874234,
        -0.202990845,
        -0.413853019
      ]
    ],
    "translation": [
      2.04572654,
      1.02634192,
      -0.6747003
    ]
  },
  {
    "timeStamp": 35296,
    "rotation": [
      [
        0.101352021,
        -0.993178,
        -0.05766482
      ],
      [
        -0.381434351,
        -0.09232757,
        0.9197736
      ],
      [
        -0.918822944,
        -0.07122556,
        -0.3881898
      ]
    ],
    "translation": [
      2.10226178,
      1.01790893,
      -0.6812558
    ]
  },
  {
    "timeStamp": 35351,
    "rotation": [
      [
        0.00769374333,
        -0.99742943,
        -0.0712419152
      ],
      [
        -0.282668471,
        -0.07050767,
        0.956622839
      ],
      [
        -0.959186852,
        0.01277782,
        -0.2824843
      ]
    ],
    "translation": [
      2.15154719,
      0.9842423,
      -0.687795758
    ]
  },
  {
    "timeStamp": 35395,
    "rotation": [
      [
        -0.0101572657,
        -0.9999469,
        -0.00175168575
      ],
      [
        -0.192539841,
        0.0002367808,
        0.981289148
      ],
      [
        -0.981236637,
        0.0103044836,
        -0.192532033
      ]
    ],
    "translation": [
      2.16242623,
      0.95273757,
      -0.6896472
    ]
  },
  {
    "timeStamp": 35446,
    "rotation": [
      [
        -0.0567873456,
        -0.9970843,
        0.0509707928
      ],
      [
        -0.154430643,
        0.0592111573,
        0.986227751
      ],
      [
        -0.986370265,
        0.04813379,
        -0.1573428
      ]
    ],
    "translation": [
      2.177483,
      0.9184334,
      -0.686624348
    ]
  },
  {
    "timeStamp": 35502,
    "rotation": [
      [
        0.0298124459,
        -0.998238862,
        0.0512871854
      ],
      [
        -0.109758906,
        0.04773039,
        0.992811561
      ],
      [
        -0.9935111,
        -0.0352273658,
        -0.108142644
      ]
    ],
    "translation": [
      2.164539,
      0.8916712,
      -0.6801824
    ]
  },
  {
    "timeStamp": 35546,
    "rotation": [
      [
        0.0211605541,
        -0.997929633,
        0.0607343167
      ],
      [
        -0.09234435,
        0.0585373454,
        0.994004965
      ],
      [
        -0.995502234,
        -0.026642181,
        -0.09091449
      ]
    ],
    "translation": [
      2.16129565,
      0.875166237,
      -0.674998641
    ]
  },
  {
    "timeStamp": 35602,
    "rotation": [
      [
        0.0182873458,
        -0.9970872,
        0.0740454942
      ],
      [
        -0.08021236,
        0.07235608,
        0.9941482
      ],
      [
        -0.99661,
        -0.0241196658,
        -0.07865552
      ]
    ],
    "translation": [
      2.16007042,
      0.859621167,
      -0.66752243
    ]
  },
  {
    "timeStamp": 35646,
    "rotation": [
      [
        -0.00500656525,
        -0.9959276,
        0.0900178254
      ],
      [
        -0.09060923,
        0.09010046,
        0.991802335
      ],
      [
        -0.9958739,
        -0.00319092441,
        -0.09069133
      ]
    ],
    "translation": [
      2.16192555,
      0.853916645,
      -0.6605025
    ]
  },
  {
    "timeStamp": 35702,
    "rotation": [
      [
        -0.00292858318,
        -0.9959652,
        0.089692615
      ],
      [
        -0.0831957459,
        0.08962472,
        0.992494762
      ],
      [
        -0.9965289,
        -0.00455545355,
        -0.08312254
      ]
    ],
    "translation": [
      2.16210771,
      0.8462477,
      -0.652562439
    ]
  },
  {
    "timeStamp": 35746,
    "rotation": [
      [
        -0.007381826,
        -0.9936431,
        0.11233373
      ],
      [
        -0.07894688,
        0.112565249,
        0.990503132
      ],
      [
        -0.9968515,
        -0.00155667542,
        -0.0792759657
      ]
    ],
    "translation": [
      2.16087461,
      0.8402758,
      -0.6466219
    ]
  },
  {
    "timeStamp": 35802,
    "rotation": [
      [
        0.00688470667,
        -0.992568552,
        0.121491648
      ],
      [
        -0.0705113262,
        0.120710246,
        0.9901804
      ],
      [
        -0.997487247,
        -0.0153836468,
        -0.0691562742
      ]
    ],
    "translation": [
      2.15662956,
      0.8341328,
      -0.64111346
    ]
  },
  {
    "timeStamp": 35846,
    "rotation": [
      [
        0.015636066,
        -0.9928849,
        0.1180469
      ],
      [
        -0.0672025457,
        0.116750821,
        0.990885
      ],
      [
        -0.9976168,
        -0.0234265719,
        -0.06489887
      ]
    ],
    "translation": [
      2.15399432,
      0.830743849,
      -0.6376705
    ]
  },
  {
    "timeStamp": 35903,
    "rotation": [
      [
        0.0167215951,
        -0.995702,
        0.09109249
      ],
      [
        -0.0588233471,
        0.08996776,
        0.994206
      ],
      [
        -0.998128355,
        -0.0219830852,
        -0.0570661239
      ]
    ],
    "translation": [
      2.15485358,
      0.8265585,
      -0.6347982
    ]
  },
  {
    "timeStamp": 35948,
    "rotation": [
      [
        0.0210096762,
        -0.996576548,
        0.07996074
      ],
      [
        -0.0586550422,
        0.0786119848,
        0.9951782
      ],
      [
        -0.9980572,
        -0.0255984962,
        -0.05680263
      ]
    ],
    "translation": [
      2.154372,
      0.82290864,
      -0.632779539
    ]
  },
  {
    "timeStamp": 35994,
    "rotation": [
      [
        0.0347760469,
        -0.9982217,
        0.04841628
      ],
      [
        -0.046306707,
        0.0467841029,
        0.9978311
      ],
      [
        -0.9983218,
        -0.03694263,
        -0.04459739
      ]
    ],
    "translation": [
      2.15384817,
      0.8177558,
      -0.6311358
    ]
  },
  {
    "timeStamp": 36051,
    "rotation": [
      [
        0.0298977159,
        -0.9982954,
        0.0501234345
      ],
      [
        -0.0453817956,
        0.04873843,
        0.9977801
      ],
      [
        -0.9985222,
        -0.0321060158,
        -0.04384727
      ]
    ],
    "translation": [
      2.154065,
      0.81373024,
      -0.6287182
    ]
  },
  {
    "timeStamp": 36096,
    "rotation": [
      [
        0.0394375324,
        -0.998129845,
        0.04670631
      ],
      [
        -0.04587559,
        0.0448847339,
        0.9979383
      ],
      [
        -0.998168349,
        -0.0414989,
        -0.0440196544
      ]
    ],
    "translation": [
      2.15242338,
      0.8123573,
      -0.626356
    ]
  }
]