[
  {
    "timeStamp": 50140,
    "rotation": [
      [
        0.9992793,
        0.0325925648,
        -0.0194589943
      ],
      [
        0.0194689948,
        1.05174013E-05,
        0.999810457
      ],
      [
        0.0325865932,
        -0.9994688,
        -0.0006240346
      ]
    ],
    "translation": [
      1.61082506,
      0.7000417,
      -0.749681056
    ]
  },
  {
    "timeStamp": 50186,
    "rotation": [
      [
        0.997267962,
        0.0299901329,
        -0.0675067
      ],
      [
        0.0668090358,
        0.0236870386,
        0.997484565
      ],
      [
        0.0315137357,
        -0.9992695,
        0.0216187127
      ]
    ],
    "translation": [
      1.61068439,
      0.7007883,
      -0.7496706
    ]
  },
  {
    "timeStamp": 50241,
    "rotation": [
      [
        0.9980394,
        0.0229512416,
        -0.0582285747
      ],
      [
        0.05791797,
        0.0139737651,
        0.998223543
      ],
      [
        0.0237241425,
        -0.9996389,
        0.01261708
      ]
    ],
    "translation": [
      1.61061633,
      0.7010066,
      -0.750483751
    ]
  },
  {
    "timeStamp": 50287,
    "rotation": [
      [
        0.9949105,
        0.09214627,
        0.0407717563
      ],
      [
        -0.0448254719,
        0.04235859,
        0.9980964
      ],
      [
        0.09024383,
        -0.994844139,
        0.0462735
      ]
    ],
    "translation": [
      1.60785866,
      0.714509666,
      -0.763121247
    ]
  },
  {
    "timeStamp": 50344,
    "rotation": [
      [
        0.9916517,
        0.0728895441,
        0.106367312
      ],
      [
        -0.104112253,
        -0.03407969,
        0.9939815
      ],
      [
        0.07607583,
        -0.996757567,
        -0.0262064859
      ]
    ],
    "translation": [
      1.6211915,
      0.7562291,
      -0.7549105
    ]
  },
  {
    "timeStamp": 50389,
    "rotation": [
      [
        0.989720762,
        0.0406392366,
        0.137117371
      ],
      [
        -0.132238522,
        -0.105038993,
        0.9856367
      ],
      [
        0.0544582233,
        -0.9936373,
        -0.0985852
      ]
    ],
    "translation": [
      1.64496851,
      0.7936199,
      -0.747968137
    ]
  },
  {
    "timeStamp": 50434,
    "rotation": [
      [
        0.9879906,
        0.004920589,
        0.154435232
      ],
      [
        -0.150970891,
        -0.182060108,
        0.9716285
      ],
      [
        0.0328974761,
        -0.983275056,
        -0.179130808
      ]
    ],
    "translation": [
      1.67576468,
      0.8307888,
      -0.7392587
    ]
  },
  {
    "timeStamp": 50489,
    "rotation": [
      [
        0.987282038,
        -0.08810242,
        0.132333487
      ],
      [
        -0.151033536,
        -0.259932369,
        0.953742146
      ],
      [
        -0.0496292524,
        -0.9615993,
        -0.269932956
      ]
    ],
    "translation": [
      1.72881281,
      0.8721627,
      -0.7285155
    ]
  },
  {
    "timeStamp": 50533,
    "rotation": [
      [
        0.975024,
        -0.188027263,
        0.118211441
      ],
      [
        -0.169376731,
        -0.285214961,
        0.943379
      ],
      [
        -0.143665284,
        -0.9398394,
        -0.309938848
      ]
    ],
    "translation": [
      1.77818239,
      0.9032437,
      -0.7194828
    ]
  },
  {
    "timeStamp": 50589,
    "rotation": [
      [
        0.95209223,
        -0.299340785,
        0.06257377
      ],
      [
        -0.167720959,
        -0.3400269,
        0.9253385
      ],
      [
        -0.255714774,
        -0.891502559,
        -0.373942673
      ]
    ],
    "translation": [
      1.84471166,
      0.939054668,
      -0.713788748
    ]
  },
  {
    "timeStamp": 50634,
    "rotation": [
      [
        0.9259455,
        -0.377385646,
        0.0143146031
      ],
      [
        -0.169643372,
        -0.381771058,
        0.9085549
      ],
      [
        -0.3374107,
        -0.8437007,
        -0.417520165
      ]
    ],
    "translation": [
      1.89950883,
      0.965372145,
      -0.7102632
    ]
  },
  {
    "timeStamp": 50689,
    "rotation": [
      [
        0.8849505,
        -0.457079649,
        -0.08911105
      ],
      [
        -0.134007022,
        -0.433211118,
        0.8912745
      ],
      [
        -0.445987344,
        -0.776792347,
        -0.4446223
      ]
    ],
    "translation": [
      1.96641243,
      0.988320231,
      -0.7137286
    ]
  },
  {
    "timeStamp": 50734,
    "rotation": [
      [
        0.8399951,
        -0.516168535,
        -0.167267159
      ],
      [
        -0.108121879,
        -0.4613233,
        0.8806194
      ],
      [
        -0.531712234,
        -0.721630752,
        -0.443318427
      ]
    ],
    "translation": [
      2.02008271,
      0.997751355,
      -0.7173525
    ]
  },
  {
    "timeStamp": 50789,
    "rotation": [
      [
        0.779132843,
        -0.5722958,
        -0.2557918
      ],
      [
        -0.05233687,
        -0.466016859,
        0.8832265
      ],
      [
        -0.624670148,
        -0.674763441,
        -0.393041223
      ]
    ],
    "translation": [
      2.07721472,
      0.993879855,
      -0.7274572
    ]
  },
  {
    "timeStamp": 50836,
    "rotation": [
      [
        0.723450959,
        -0.625542,
        -0.292089015
      ],
      [
        -0.03439894,
        -0.4552232,
        0.889712632
      ],
      [
        -0.689518332,
        -0.633615851,
        -0.350849628
      ]
    ],
    "translation": [
      2.11573434,
      0.9844813,
      -0.734849632
    ]
  },
  {
    "timeStamp": 50884,
    "rotation": [
      [
        0.681999564,
        -0.6770026,
        -0.276666045
      ],
      [
        -0.0249696244,
        -0.399627358,
        0.91633755
      ],
      [
        -0.7309262,
        -0.6180335,
        -0.2894502
      ]
    ],
    "translation": [
      2.14983058,
      0.9650477,
      -0.7429913
    ]
  },
  {
    "timeStamp": 50940,
    "rotation": [
      [
        0.6588514,
        -0.72454375,
        -0.202364
      ],
      [
        -0.0449339,
        -0.3064262,
        0.950833261
      ],
      [
        -0.750929952,
        -0.6173648,
        -0.2344459
      ]
    ],
    "translation": [
      2.164384,
      0.9368304,
      -0.748873949
    ]
  },
  {
    "timeStamp": 50984,
    "rotation": [
      [
        0.6493495,
        -0.7325111,
        -0.204383761
      ],
      [
        -0.007427781,
        -0.2748488,
        0.961458743
      ],
      [
        -0.7604539,
        -0.622804642,
        -0.183913857
      ]
    ],
    "translation": [
      2.17517424,
      0.9126275,
      -0.750563741
    ]
  },
  {
    "timeStamp": 51039,
    "rotation": [
      [
        0.6756753,
        -0.7241742,
        -0.13796635
      ],
      [
        -0.004069505,
        -0.190810412,
        0.981618464
      ],
      [
        -0.73718816,
        -0.662693858,
        -0.1318729
      ]
    ],
    "translation": [
      2.17208719,
      0.882382631,
      -0.753576756
    ]
  },
  {
    "timeStamp": 51084,
    "rotation": [
      [
        0.69413954,
        -0.7046254,
        -0.147218853
      ],
      [
        0.0227679722,
        -0.1829226,
        0.982863665
      ],
      [
        -0.7194804,
        -0.6855964,
        -0.110930905
      ]
    ],
    "translation": [
      2.1723032,
      0.865851,
      -0.756103933
    ]
  },
  {
    "timeStamp": 51139,
    "rotation": [
      [
        0.7121935,
        -0.700081646,
        -0.05163417
      ],
      [
        -0.0592028648,
        -0.133193925,
        0.989320159
      ],
      [
        -0.699482262,
        -0.701530457,
        -0.136306688
      ]
    ],
    "translation": [
      2.170095,
      0.8524004,
      -0.7542616
    ]
  },
  {
    "timeStamp": 51184,
    "rotation": [
      [
        0.7225845,
        -0.691253841,
        -0.0063070613
      ],
      [
        -0.123779051,
        -0.138354748,
        0.982617259
      ],
      [
        -0.6801106,
        -0.7092433,
        -0.185535744
      ]
    ],
    "translation": [
      2.1700387,
      0.848394,
      -0.751984954
    ]
  },
  {
    "timeStamp": 51239,
    "rotation": [
      [
        0.722146749,
        -0.6897659,
        0.0522218831
      ],
      [
        -0.183996409,
        -0.11876227,
        0.9757258
      ],
      [
        -0.6668204,
        -0.7142259,
        -0.212678224
      ]
    ],
    "translation": [
      2.169671,
      0.842588663,
      -0.7506157
    ]
  },
  {
    "timeStamp": 51284,
    "rotation": [
      [
        0.7195104,
        -0.6908105,
        0.07131399
      ],
      [
        -0.200212136,
        -0.108004242,
        0.9737814
      ],
      [
        -0.6649962,
        -0.714923739,
        -0.216018811
      ]
    ],
    "translation": [
      2.16952372,
      0.840495944,
      -0.7504786
    ]
  },
  {
    "timeStamp": 51341,
    "rotation": [
      [
        0.727688432,
        -0.677846432,
        0.104851119
      ],
      [
        -0.232085213,
        -0.0994802043,
        0.967595041
      ],
      [
        -0.645450234,
        -0.7284421,
        -0.229708731
      ]
    ],
    "translation": [
      2.16885138,
      0.837790668,
      -0.7481235
    ]
  }
]