[
  {
    "timeStamp": 40971,
    "rotation": [
      [
        0.996614933,
        -0.0017931934,
        0.08219149
      ],
      [
        -0.0819518343,
        0.05766034,
        0.9949669
      ],
      [
        -0.00652335864,
        -0.9983346,
        0.0573182
      ]
    ],
    "translation": [
      1.61377072,
      0.8454191,
      -0.75058496
    ]
  },
  {
    "timeStamp": 41027,
    "rotation": [
      [
        0.9973159,
        0.05676405,
        0.04624784
      ],
      [
        -0.0494926274,
        0.05715439,
        0.997137845
      ],
      [
        0.05395833,
        -0.9967503,
        0.0598103851
      ]
    ],
    "translation": [
      1.61012673,
      0.848233,
      -0.7525914
    ]
  },
  {
    "timeStamp": 41071,
    "rotation": [
      [
        0.997903049,
        0.05876049,
        0.0271409657
      ],
      [
        -0.0307451785,
        0.0613283962,
        0.997644
      ],
      [
        0.05695754,
        -0.996386468,
        0.0630064
      ]
    ],
    "translation": [
      1.60900676,
      0.847011447,
      -0.7539178
    ]
  },
  {
    "timeStamp": 41126,
    "rotation": [
      [
        0.997921467,
        0.0606245771,
        0.0218480621
      ],
      [
        -0.0261819642,
        0.07163975,
        0.9970869
      ],
      [
        0.05888278,
        -0.995586455,
        0.07307811
      ]
    ],
    "translation": [
      1.60849893,
      0.8469393,
      -0.75562197
    ]
  },
  {
    "timeStamp": 41171,
    "rotation": [
      [
        0.9977732,
        0.0397596024,
        0.0535523854
      ],
      [
        -0.05691889,
        0.0890237838,
        0.9944018
      ],
      [
        0.03476957,
        -0.9952356,
        0.0910886154
      ]
    ],
    "translation": [
      1.60968161,
      0.8517746,
      -0.756483436
    ]
  },
  {
    "timeStamp": 41226,
    "rotation": [
      [
        0.9971027,
        0.0282474738,
        0.07062795
      ],
      [
        -0.07199223,
        0.050614614,
        0.9961201
      ],
      [
        0.0245630536,
        -0.998318732,
        0.0525015667
      ]
    ],
    "translation": [
      1.613495,
      0.8761733,
      -0.748879969
    ]
  },
  {
    "timeStamp": 41270,
    "rotation": [
      [
        0.9964374,
        0.0109281056,
        0.08362519
      ],
      [
        -0.0836766,
        0.00433398969,
        0.996483564
      ],
      [
        0.0105272494,
        -0.999930859,
        0.00523297628
      ]
    ],
    "translation": [
      1.62382352,
      0.906769037,
      -0.74250865
    ]
  },
  {
    "timeStamp": 41326,
    "rotation": [
      [
        0.9915036,
        -0.0611293837,
        0.1148211
      ],
      [
        -0.116857633,
        -0.0308417566,
        0.9926697
      ],
      [
        -0.0571400151,
        -0.997653246,
        -0.0377231464
      ]
    ],
    "translation": [
      1.65581727,
      0.9484842,
      -0.7373339
    ]
  },
  {
    "timeStamp": 41370,
    "rotation": [
      [
        0.987964153,
        -0.101660714,
        0.116584331
      ],
      [
        -0.123498544,
        -0.0645830557,
        0.990240932
      ],
      [
        -0.09313922,
        -0.992720544,
        -0.0763606951
      ]
    ],
    "translation": [
      1.6899941,
      0.9838013,
      -0.7352649
    ]
  },
  {
    "timeStamp": 41426,
    "rotation": [
      [
        0.982688248,
        -0.156285077,
        0.0994922
      ],
      [
        -0.1147612,
        -0.0919059,
        0.9891325
      ],
      [
        -0.145442724,
        -0.98342675,
        -0.108250313
      ]
    ],
    "translation": [
      1.74459386,
      1.02138865,
      -0.7314834
    ]
  },
  {
    "timeStamp": 41471,
    "rotation": [
      [
        0.975390732,
        -0.203842282,
        0.08403117
      ],
      [
        -0.11069262,
        -0.123120189,
        0.986199
      ],
      [
        -0.190683112,
        -0.971231043,
        -0.142654136
      ]
    ],
    "translation": [
      1.79428267,
      1.05141878,
      -0.727200568
    ]
  },
  {
    "timeStamp": 41526,
    "rotation": [
      [
        0.9697671,
        -0.242087975,
        0.0307445526
      ],
      [
        -0.0761240348,
        -0.18040204,
        0.980642736
      ],
      [
        -0.231855422,
        -0.953335464,
        -0.193376675
      ]
    ],
    "translation": [
      1.85747778,
      1.0892961,
      -0.7187769
    ]
  },
  {
    "timeStamp": 41571,
    "rotation": [
      [
        0.962662,
        -0.2706648,
        0.004743237
      ],
      [
        -0.06506151,
        -0.214322329,
        0.974593759
      ],
      [
        -0.262771636,
        -0.938513,
        -0.223929837
      ]
    ],
    "translation": [
      1.90473735,
      1.11380315,
      -0.7133244
    ]
  },
  {
    "timeStamp": 41630,
    "rotation": [
      [
        0.9559538,
        -0.292008,
        -0.0297280438
      ],
      [
        -0.0468070619,
        -0.2516475,
        0.9666864
      ],
      [
        -0.289761156,
        -0.9227161,
        -0.2542314
      ]
    ],
    "translation": [
      1.95891857,
      1.13765883,
      -0.706374
    ]
  },
  {
    "timeStamp": 41669,
    "rotation": [
      [
        0.949154437,
        -0.3076791,
        -0.06663
      ],
      [
        -0.0226279,
        -0.277780831,
        0.960377932
      ],
      [
        -0.313996762,
        -0.910039246,
        -0.270619
      ]
    ],
    "translation": [
      2.00206351,
      1.149879,
      -0.7015096
    ]
  },
  {
    "timeStamp": 41725,
    "rotation": [
      [
        0.939885139,
        -0.331463337,
        -0.0821453556
      ],
      [
        -0.0150096314,
        -0.280414939,
        0.9597615
      ],
      [
        -0.341160536,
        -0.9008326,
        -0.268533021
      ]
    ],
    "translation": [
      2.05210161,
      1.151093,
      -0.6947845
    ]
  },
  {
    "timeStamp": 41769,
    "rotation": [
      [
        0.933092833,
        -0.346062779,
        -0.09786886
      ],
      [
        -0.00297822431,
        -0.2795596,
        0.9601237
      ],
      [
        -0.359623253,
        -0.8955931,
        -0.261885732
      ]
    ],
    "translation": [
      2.090773,
      1.1450448,
      -0.688609958
    ]
  },
  {
    "timeStamp": 41825,
    "rotation": [
      [
        0.926408231,
        -0.366430819,
        -0.0865809843
      ],
      [
        -0.01034141,
        -0.254626,
        0.966984332
      ],
      [
        -0.376378626,
        -0.894926846,
        -0.239677042
      ]
    ],
    "translation": [
      2.13156867,
      1.12648094,
      -0.6803488
    ]
  },
  {
    "timeStamp": 41869,
    "rotation": [
      [
        0.926227,
        -0.366330624,
        -0.0889124945
      ],
      [
        -0.0007786568,
        -0.23772198,
        0.9713329
      ],
      [
        -0.376965463,
        -0.8996055,
        -0.220469758
      ]
    ],
    "translation": [
      2.15719485,
      1.10917389,
      -0.673092246
    ]
  },
  {
    "timeStamp": 41923,
    "rotation": [
      [
        0.9280872,
        -0.368327618,
        -0.0546711981
      ],
      [
        -0.02720646,
        -0.213505134,
        0.976563036
      ],
      [
        -0.371367723,
        -0.9048482,
        -0.208172262
      ]
    ],
    "translation": [
      2.18042374,
      1.08937085,
      -0.6624112
    ]
  },
  {
    "timeStamp": 41976,
    "rotation": [
      [
        0.928524137,
        -0.3672968,
        -0.05418514
      ],
      [
        -0.025070196,
        -0.207638845,
        0.977884233
      ],
      [
        -0.3704247,
        -0.9066307,
        -0.202005878
      ]
    ],
    "translation": [
      2.20030069,
      1.07195437,
      -0.649941742
    ]
  },
  {
    "timeStamp": 42020,
    "rotation": [
      [
        0.9263084,
        -0.3742517,
        -0.04345543
      ],
      [
        -0.0318207741,
        -0.192637563,
        0.9807539
      ],
      [
        -0.375419945,
        -0.9070978,
        -0.190350771
      ]
    ],
    "translation": [
      2.21467686,
      1.05827308,
      -0.6398556
    ]
  },
  {
    "timeStamp": 42076,
    "rotation": [
      [
        0.9268605,
        -0.374942124,
        -0.0186530985
      ],
      [
        -0.05407662,
        -0.182517484,
        0.981714368
      ],
      [
        -0.3714906,
        -0.9089036,
        -0.189443856
      ]
    ],
    "translation": [
      2.22484422,
      1.04362178,
      -0.6254424
    ]
  },
  {
    "timeStamp": 42121,
    "rotation": [
      [
        0.9355467,
        -0.351079,
        -0.0386764519
      ],
      [
        -0.02786485,
        -0.182523981,
        0.982806444
      ],
      [
        -0.3521021,
        -0.918383658,
        -0.180542469
      ]
    ],
    "translation": [
      2.23177338,
      1.032472,
      -0.612808347
    ]
  },
  {
    "timeStamp": 42176,
    "rotation": [
      [
        0.9404684,
        -0.3370945,
        -0.0434354767
      ],
      [
        -0.02212104,
        -0.188233152,
        0.981875241
      ],
      [
        -0.3391607,
        -0.922461748,
        -0.184484214
      ]
    ],
    "translation": [
      2.23972654,
      1.02103233,
      -0.5970515
    ]
  },
  {
    "timeStamp": 42220,
    "rotation": [
      [
        0.9455865,
        -0.324817955,
        -0.0189602245
      ],
      [
        -0.036642395,
        -0.164210424,
        0.985744536
      ],
      [
        -0.323301,
        -0.931412,
        -0.167177275
      ]
    ],
    "translation": [
      2.24030113,
      1.00690866,
      -0.5872189
    ]
  },
  {
    "timeStamp": 42276,
    "rotation": [
      [
        0.952409863,
        -0.304809,
        0.00261782436
      ],
      [
        -0.0494695455,
        -0.1460875,
        0.988034
      ],
      [
        -0.300779253,
        -0.941142857,
        -0.154213935
      ]
    ],
    "translation": [
      2.23694515,
      0.9910123,
      -0.5761775
    ]
  },
  {
    "timeStamp": 42321,
    "rotation": [
      [
        0.9523837,
        -0.304897726,
        0.00163085561
      ],
      [
        -0.0452204049,
        -0.135957554,
        0.9896821
      ],
      [
        -0.301530063,
        -0.9426308,
        -0.143271357
      ]
    ],
    "translation": [
      2.24028683,
      0.98023665,
      -0.568979263
    ]
  },
  {
    "timeStamp": 42367,
    "rotation": [
      [
        0.95753336,
        -0.287647128,
        0.0197243281
      ],
      [
        -0.0575075969,
        -0.123502053,
        0.9906766
      ],
      [
        -0.282529265,
        -0.9497402,
        -0.134799227
      ]
    ],
    "translation": [
      2.2356534,
      0.9695798,
      -0.561109245
    ]
  },
  {
    "timeStamp": 42424,
    "rotation": [
      [
        0.964605749,
        -0.2625861,
        0.024171887
      ],
      [
        -0.0560281351,
        -0.114516392,
        0.9918401
      ],
      [
        -0.25767535,
        -0.958089,
        -0.125175387
      ]
    ],
    "translation": [
      2.2301302,
      0.9570321,
      -0.552426338
    ]
  },
  {
    "timeStamp": 42469,
    "rotation": [
      [
        0.9751922,
        -0.220097944,
        0.0236035567
      ],
      [
        -0.0472377278,
        -0.102743849,
        0.9935856
      ],
      [
        -0.216261029,
        -0.9700519,
        -0.110591926
      ]
    ],
    "translation": [
      2.22209024,
      0.947336137,
      -0.5475446
    ]
  },
  {
    "timeStamp": 42526,
    "rotation": [
      [
        0.981380343,
        -0.190159783,
        0.02705252
      ],
      [
        -0.04928422,
        -0.113172896,
        0.992352247
      ],
      [
        -0.185643882,
        -0.9752083,
        -0.120437525
      ]
    ],
    "translation": [
      2.21660566,
      0.9423082,
      -0.537648857
    ]
  },
  {
    "timeStamp": 42570,
    "rotation": [
      [
        0.9867155,
        -0.16157797,
        0.0168848466
      ],
      [
        -0.03360038,
        -0.101285987,
        0.994289756
      ],
      [
        -0.158945113,
        -0.981648445,
        -0.105369531
      ]
    ],
    "translation": [
      2.21384382,
      0.933680832,
      -0.533832669
    ]
  },
  {
    "timeStamp": 42625,
    "rotation": [
      [
        0.9904414,
        -0.137927249,
        0.00140759768
      ],
      [
        -0.014430359,
        -0.0934633,
        0.995518148
      ],
      [
        -0.137177512,
        -0.9860227,
        -0.09456026
      ]
    ],
    "translation": [
      2.213011,
      0.9234516,
      -0.5279278
    ]
  },
  {
    "timeStamp": 42670,
    "rotation": [
      [
        0.989611745,
        -0.143672466,
        0.00517863827
      ],
      [
        -0.0173358284,
        -0.0834952146,
        0.9963574
      ],
      [
        -0.142716736,
        -0.98609674,
        -0.0851185247
      ]
    ],
    "translation": [
      2.215968,
      0.914631665,
      -0.5235772
    ]
  },
  {
    "timeStamp": 42725,
    "rotation": [
      [
        0.990443468,
        -0.136781663,
        0.0176793635
      ],
      [
        -0.0280184019,
        -0.07403594,
        0.9968619
      ],
      [
        -0.1350435,
        -0.9878307,
        -0.07716081
      ]
    ],
    "translation": [
      2.21418262,
      0.904346943,
      -0.519848049
    ]
  },
  {
    "timeStamp": 42770,
    "rotation": [
      [
        0.991300762,
        -0.131247476,
        0.009838553
      ],
      [
        -0.0185556076,
        -0.06536027,
        0.9976892
      ],
      [
        -0.130301133,
        -0.989192665,
        -0.0672270656
      ]
    ],
    "translation": [
      2.21513748,
      0.896896,
      -0.517967463
    ]
  },
  {
    "timeStamp": 42826,
    "rotation": [
      [
        0.991087556,
        -0.126428828,
        0.0419668481
      ],
      [
        -0.04939231,
        -0.05618052,
        0.997198164
      ],
      [
        -0.123716891,
        -0.9903835,
        -0.0619244277
      ]
    ],
    "translation": [
      2.20900869,
      0.891199231,
      -0.515247941
    ]
  },
  {
    "timeStamp": 42870,
    "rotation": [
      [
        0.9927474,
        -0.112090029,
        0.0434565246
      ],
      [
        -0.0487155579,
        -0.0446126722,
        0.997815847
      ],
      [
        -0.109906472,
        -0.9926961,
        -0.0497496426
      ]
    ],
    "translation": [
      2.204261,
      0.885216,
      -0.514924169
    ]
  },
  {
    "timeStamp": 42925,
    "rotation": [
      [
        0.9945214,
        -0.09354387,
        0.04665626
      ],
      [
        -0.05063412,
        -0.0406102538,
        0.997891247
      ],
      [
        -0.09145186,
        -0.9947866,
        -0.0451242737
      ]
    ],
    "translation": [
      2.19719863,
      0.8798842,
      -0.5141372
    ]
  },
  {
    "timeStamp": 42970,
    "rotation": [
      [
        0.994605064,
        -0.09179549,
        0.0483155251
      ],
      [
        -0.0522586629,
        -0.0410477743,
        0.9977896
      ],
      [
        -0.08960935,
        -0.9949315,
        -0.0456234366
      ]
    ],
    "translation": [
      2.19679427,
      0.8779993,
      -0.512069464
    ]
  },
  {
    "timeStamp": 43025,
    "rotation": [
      [
        0.9959144,
        -0.081981346,
        0.0378623456
      ],
      [
        -0.0402372442,
        -0.02751251,
        0.9988113
      ],
      [
        -0.0808422044,
        -0.996254,
        -0.030698806
      ]
    ],
    "translation": [
      2.19386721,
      0.874881,
      -0.5115552
    ]
  },
  {
    "timeStamp": 43070,
    "rotation": [
      [
        0.996548533,
        -0.0787443,
        0.02627527
      ],
      [
        -0.0282812323,
        -0.0244681668,
        0.9993005
      ],
      [
        -0.07804629,
        -0.996594548,
        -0.0266107
      ]
    ],
    "translation": [
      2.1934998,
      0.874097645,
      -0.5115797
    ]
  },
  {
    "timeStamp": 43125,
    "rotation": [
      [
        0.996491134,
        -0.0826558,
        0.013167331
      ],
      [
        -0.0135591915,
        -0.00418130634,
        0.9998993
      ],
      [
        -0.08259243,
        -0.9965694,
        -0.005287381
      ]
    ],
    "translation": [
      2.19394827,
      0.8714014,
      -0.5114888
    ]
  },
  {
    "timeStamp": 43170,
    "rotation": [
      [
        0.997154832,
        -0.07523816,
        0.00463864347
      ],
      [
        -0.005112437,
        -0.006105872,
        0.9999683
      ],
      [
        -0.07520745,
        -0.997146964,
        -0.00647315
      ]
    ],
    "translation": [
      2.19310975,
      0.87148726,
      -0.511523366
    ]
  },
  {
    "timeStamp": 43226,
    "rotation": [
      [
        0.9975495,
        -0.0690546855,
        -0.0112468051
      ],
      [
        0.0115660457,
        0.00422491925,
        0.9999242
      ],
      [
        -0.0690019354,
        -0.9976039,
        0.005013256
      ]
    ],
    "translation": [
      2.19241452,
      0.870420456,
      -0.511512458
    ]
  },
  {
    "timeStamp": 43270,
    "rotation": [
      [
        0.99730134,
        -0.0731147751,
        -0.0066569834
      ],
      [
        0.006652472,
        -0.000305224734,
        0.9999778
      ],
      [
        -0.0731151849,
        -0.9973235,
        0.000181992931
      ]
    ],
    "translation": [
      2.191749,
      0.870861,
      -0.5107682
    ]
  },
  {
    "timeStamp": 43325,
    "rotation": [
      [
        0.9996527,
        -0.0204147473,
        0.0166692473
      ],
      [
        -0.01703897,
        -0.018072471,
        0.9996915
      ],
      [
        -0.0201071985,
        -0.9996283,
        -0.01841404
      ]
    ],
    "translation": [
      2.18202448,
      0.8732927,
      -0.507282555
    ]
  },
  {
    "timeStamp": 43369,
    "rotation": [
      [
        0.9993558,
        -0.027035404,
        0.0236008521
      ],
      [
        -0.024322534,
        -0.0266836267,
        0.999348
      ],
      [
        -0.0263880175,
        -0.999278247,
        -0.0273240078
      ]
    ],
    "translation": [
      2.18075752,
      0.874145031,
      -0.50537014
    ]
  },
  {
    "timeStamp": 43426,
    "rotation": [
      [
        0.9996191,
        -0.0241474565,
        0.0133609595
      ],
      [
        -0.0137405125,
        -0.0156211145,
        0.9997836
      ],
      [
        -0.0239335261,
        -0.9995864,
        -0.0159469619
      ]
    ],
    "translation": [
      2.18044949,
      0.8726258,
      -0.505385
    ]
  },
  {
    "timeStamp": 43470,
    "rotation": [
      [
        0.999709368,
        -0.0214498248,
        0.01100144
      ],
      [
        -0.0111675886,
        -0.007641564,
        0.999908447
      ],
      [
        -0.0213637985,
        -0.9997407,
        -0.007878886
      ]
    ],
    "translation": [
      2.180162,
      0.8716623,
      -0.5054148
    ]
  },
  {
    "timeStamp": 43525,
    "rotation": [
      [
        0.99964267,
        -0.02263721,
        0.0142202694
      ],
      [
        -0.0144009143,
        -0.007837109,
        0.9998656
      ],
      [
        -0.0225227252,
        -0.999713063,
        -0.008160305
      ]
    ],
    "translation": [
      2.18029547,
      0.8717143,
      -0.5054029
    ]
  }
]