[
  {
    "timeStamp": 74078,
    "rotation": [
      [
        0.993726254,
        -0.108580336,
        -0.026804626
      ],
      [
        0.0265745837,
        -0.003565365,
        0.999640465
      ],
      [
        -0.108636871,
        -0.9940813,
        -0.000657519442
      ]
    ],
    "translation": [
      1.61921144,
      0.853731334,
      -0.357256085
    ]
  },
  {
    "timeStamp": 74133,
    "rotation": [
      [
        0.9955045,
        -0.09305959,
        -0.0176270436
      ],
      [
        0.0184519347,
        0.008011059,
        0.999797642
      ],
      [
        -0.09289954,
        -0.9956283,
        0.009692174
      ]
    ],
    "translation": [
      1.619947,
      0.8539605,
      -0.3570539
    ]
  },
  {
    "timeStamp": 74177,
    "rotation": [
      [
        0.995923162,
        -0.0898548141,
        -0.0079448
      ],
      [
        0.00948101748,
        0.016682785,
        0.9998159
      ],
      [
        -0.08970573,
        -0.9958151,
        0.0174666867
      ]
    ],
    "translation": [
      1.62009239,
      0.853962064,
      -0.3569869
    ]
  },
  {
    "timeStamp": 74233,
    "rotation": [
      [
        0.9969685,
        -0.0775364,
        -0.00647323765
      ],
      [
        0.008353859,
        0.0239549484,
        0.999678135
      ],
      [
        -0.0773563758,
        -0.9967017,
        0.0245300569
      ]
    ],
    "translation": [
      1.62070155,
      0.8541486,
      -0.356819063
    ]
  },
  {
    "timeStamp": 74278,
    "rotation": [
      [
        0.9968225,
        -0.07955938,
        -0.003903972
      ],
      [
        0.00553039461,
        0.0202327985,
        0.99978
      ],
      [
        -0.0794628859,
        -0.996624768,
        0.0206085034
      ]
    ],
    "translation": [
      1.62058759,
      0.8539132,
      -0.356849223
    ]
  },
  {
    "timeStamp": 74333,
    "rotation": [
      [
        0.9972671,
        -0.07291308,
        -0.0119136022
      ],
      [
        0.0124673219,
        0.0071438225,
        0.999896765
      ],
      [
        -0.07282045,
        -0.9973127,
        0.008033331
      ]
    ],
    "translation": [
      1.62089932,
      0.853752434,
      -0.35680297
    ]
  },
  {
    "timeStamp": 74378,
    "rotation": [
      [
        0.9970018,
        -0.07735799,
        -0.001768003
      ],
      [
        0.00138996937,
        -0.004940378,
        0.9999868
      ],
      [
        -0.07736571,
        -0.996991158,
        -0.004818041
      ]
    ],
    "translation": [
      1.61939311,
      0.853263557,
      -0.3560962
    ]
  },
  {
    "timeStamp": 74433,
    "rotation": [
      [
        0.994415343,
        -0.0890321359,
        0.056670472
      ],
      [
        -0.0619462542,
        -0.0576546155,
        0.9964129
      ],
      [
        -0.0854454562,
        -0.9943588,
        -0.06284784
      ]
    ],
    "translation": [
      1.60797083,
      0.863826931,
      -0.34736982
    ]
  },
  {
    "timeStamp": 74477,
    "rotation": [
      [
        0.9953132,
        -0.07677155,
        0.0588022545
      ],
      [
        -0.06449808,
        -0.07395085,
        0.995174
      ],
      [
        -0.0720525756,
        -0.994302452,
        -0.0785558745
      ]
    ],
    "translation": [
      1.60839021,
      0.872069,
      -0.350076
    ]
  },
  {
    "timeStamp": 74533,
    "rotation": [
      [
        0.9932205,
        -0.09090889,
        0.07244729
      ],
      [
        -0.08006679,
        -0.08317243,
        0.9933135
      ],
      [
        -0.08427543,
        -0.992379963,
        -0.08988735
      ]
    ],
    "translation": [
      1.60982621,
      0.8865712,
      -0.350781918
    ]
  },
  {
    "timeStamp": 74577,
    "rotation": [
      [
        0.9882518,
        -0.118107148,
        0.09700045
      ],
      [
        -0.107272439,
        -0.08395698,
        0.9906785
      ],
      [
        -0.108862355,
        -0.989445269,
        -0.09564028
      ]
    ],
    "translation": [
      1.61232543,
      0.9025749,
      -0.348840952
    ]
  },
  {
    "timeStamp": 74633,
    "rotation": [
      [
        0.985649168,
        -0.120923705,
        0.117784388
      ],
      [
        -0.127104744,
        -0.07247456,
        0.989238
      ],
      [
        -0.111085974,
        -0.9900126,
        -0.0868044645
      ]
    ],
    "translation": [
      1.61323857,
      0.9196659,
      -0.353912354
    ]
  },
  {
    "timeStamp": 74677,
    "rotation": [
      [
        0.9875609,
        -0.118866973,
        0.102927387
      ],
      [
        -0.112515055,
        -0.07696795,
        0.9906646
      ],
      [
        -0.109835215,
        -0.9899225,
        -0.08938486
      ]
    ],
    "translation": [
      1.61871588,
      0.9281206,
      -0.358141
    ]
  },
  {
    "timeStamp": 74733,
    "rotation": [
      [
        0.973059952,
        -0.166868687,
        0.159088567
      ],
      [
        -0.166114986,
        -0.02893989,
        0.985681653
      ],
      [
        -0.1598754,
        -0.9855543,
        -0.0558796376
      ]
    ],
    "translation": [
      1.62324488,
      0.9484442,
      -0.3637864
    ]
  },
  {
    "timeStamp": 74778,
    "rotation": [
      [
        0.9596651,
        -0.197838783,
        0.199756667
      ],
      [
        -0.199856177,
        0.0196734928,
        0.9796277
      ],
      [
        -0.19773826,
        -0.980037153,
        -0.0206593368
      ]
    ],
    "translation": [
      1.62822759,
      0.9659559,
      -0.372486949
    ]
  },
  {
    "timeStamp": 74833,
    "rotation": [
      [
        0.947732449,
        -0.217810944,
        0.233155668
      ],
      [
        -0.233447492,
        0.0247652382,
        0.972054
      ],
      [
        -0.217498153,
        -0.9756767,
        -0.0273765977
      ]
    ],
    "translation": [
      1.63692176,
      0.990149856,
      -0.386258
    ]
  },
  {
    "timeStamp": 74877,
    "rotation": [
      [
        0.933213532,
        -0.24796024,
        0.260054439
      ],
      [
        -0.2580361,
        0.04120184,
        0.965256333
      ],
      [
        -0.2500599,
        -0.96789366,
        -0.02553258
      ]
    ],
    "translation": [
      1.64930117,
      1.00951266,
      -0.3997842
    ]
  },
  {
    "timeStamp": 74933,
    "rotation": [
      [
        0.916012466,
        -0.2812111,
        0.286079645
      ],
      [
        -0.2839068,
        0.0493652932,
        0.957580268
      ],
      [
        -0.283404619,
        -0.9583754,
        -0.03461852
      ]
    ],
    "translation": [
      1.66863024,
      1.035157,
      -0.421031535
    ]
  },
  {
    "timeStamp": 74977,
    "rotation": [
      [
        0.904383957,
        -0.3078833,
        0.295461744
      ],
      [
        -0.296622068,
        0.044179555,
        0.9539725
      ],
      [
        -0.3067656,
        -0.950397849,
        -0.0513697043
      ]
    ],
    "translation": [
      1.68596327,
      1.05491376,
      -0.4411416
    ]
  },
  {
    "timeStamp": 75033,
    "rotation": [
      [
        0.8978161,
        -0.33059898,
        0.290913165
      ],
      [
        -0.2964332,
        0.034816917,
        0.9544187
      ],
      [
        -0.32565856,
        -0.9431289,
        -0.066741325
      ]
    ],
    "translation": [
      1.70885825,
      1.07367468,
      -0.471062124
    ]
  },
  {
    "timeStamp": 75077,
    "rotation": [
      [
        0.8903228,
        -0.3503585,
        0.2908165
      ],
      [
        -0.298518032,
        0.0331420153,
        0.9538284
      ],
      [
        -0.3438201,
        -0.936029136,
        -0.07508124
      ]
    ],
    "translation": [
      1.72699428,
      1.08720434,
      -0.496415645
    ]
  },
  {
    "timeStamp": 75133,
    "rotation": [
      [
        0.8800133,
        -0.375129461,
        0.291298032
      ],
      [
        -0.30325985,
        0.0282189585,
        0.95249
      ],
      [
        -0.365527183,
        -0.9265428,
        -0.08892865
      ]
    ],
    "translation": [
      1.7505095,
      1.10359073,
      -0.5270037
    ]
  },
  {
    "timeStamp": 75177,
    "rotation": [
      [
        0.8686147,
        -0.395380229,
        0.298635483
      ],
      [
        -0.317005515,
        0.019767819,
        0.9482177
      ],
      [
        -0.3808099,
        -0.9183048,
        -0.1081671
      ]
    ],
    "translation": [
      1.76908147,
      1.11906111,
      -0.5502312
    ]
  },
  {
    "timeStamp": 75233,
    "rotation": [
      [
        0.8562319,
        -0.419609964,
        0.3013211
      ],
      [
        -0.329621375,
        0.00534853432,
        0.944098055
      ],
      [
        -0.397764564,
        -0.9076888,
        -0.133732826
      ]
    ],
    "translation": [
      1.79243088,
      1.13947928,
      -0.577253044
    ]
  },
  {
    "timeStamp": 75277,
    "rotation": [
      [
        0.845765769,
        -0.452600867,
        0.282547
      ],
      [
        -0.3250858,
        -0.0172124188,
        0.945527852
      ],
      [
        -0.423083425,
        -0.891547143,
        -0.161691785
      ]
    ],
    "translation": [
      1.81665277,
      1.15428245,
      -0.5950073
    ]
  },
  {
    "timeStamp": 75333,
    "rotation": [
      [
        0.817159832,
        -0.5008015,
        0.2853904
      ],
      [
        -0.3416607,
        -0.0220621116,
        0.9395644
      ],
      [
        -0.464238942,
        -0.8652809,
        -0.189132452
      ]
    ],
    "translation": [
      1.84829509,
      1.17583179,
      -0.6152743
    ]
  },
  {
    "timeStamp": 75377,
    "rotation": [
      [
        0.801171,
        -0.5423057,
        0.2530406
      ],
      [
        -0.3298052,
        -0.0472935364,
        0.942863643
      ],
      [
        -0.49935317,
        -0.8388491,
        -0.216745451
      ]
    ],
    "translation": [
      1.8787812,
      1.18906236,
      -0.629587
    ]
  },
  {
    "timeStamp": 75433,
    "rotation": [
      [
        0.7675983,
        -0.6011891,
        0.2221815
      ],
      [
        -0.32027036,
        -0.0595092773,
        0.9454552
      ],
      [
        -0.5551754,
        -0.796887934,
        -0.238222241
      ]
    ],
    "translation": [
      1.918771,
      1.20123255,
      -0.6462379
    ]
  },
  {
    "timeStamp": 75477,
    "rotation": [
      [
        0.746091247,
        -0.637419164,
        0.192469865
      ],
      [
        -0.3111908,
        -0.07826052,
        0.9471196
      ],
      [
        -0.5886494,
        -0.76653254,
        -0.256748468
      ]
    ],
    "translation": [
      1.94946194,
      1.209615,
      -0.6607053
    ]
  },
  {
    "timeStamp": 75533,
    "rotation": [
      [
        0.7202274,
        -0.6809949,
        0.132357135
      ],
      [
        -0.271377116,
        -0.100978896,
        0.9571613
      ],
      [
        -0.638456762,
        -0.7252925,
        -0.2575342
      ]
    ],
    "translation": [
      1.98864,
      1.20837677,
      -0.680063546
    ]
  },
  {
    "timeStamp": 75577,
    "rotation": [
      [
        0.691410959,
        -0.715463936,
        0.100310512
      ],
      [
        -0.243140653,
        -0.0996906459,
        0.9648546
      ],
      [
        -0.6803186,
        -0.6915006,
        -0.242885575
      ]
    ],
    "translation": [
      2.01774621,
      1.20256162,
      -0.696864843
    ]
  },
  {
    "timeStamp": 75632,
    "rotation": [
      [
        0.6647862,
        -0.743539035,
        0.0721731
      ],
      [
        -0.210804433,
        -0.09403112,
        0.972995162
      ],
      [
        -0.7166734,
        -0.6620482,
        -0.219251931
      ]
    ],
    "translation": [
      2.04693317,
      1.19007134,
      -0.716697633
    ]
  },
  {
    "timeStamp": 75677,
    "rotation": [
      [
        0.6453576,
        -0.762024939,
        0.05321205
      ],
      [
        -0.180581957,
        -0.0845067352,
        0.979922831
      ],
      [
        -0.742228866,
        -0.6420098,
        -0.19214502
      ]
    ],
    "translation": [
      2.06695628,
      1.17561054,
      -0.730661631
    ]
  },
  {
    "timeStamp": 75732,
    "rotation": [
      [
        0.6325204,
        -0.773338854,
        0.0431859419
      ],
      [
        -0.152038276,
        -0.06929492,
        0.9859425
      ],
      [
        -0.759475052,
        -0.6301946,
        -0.16140756
      ]
    ],
    "translation": [
      2.08581686,
      1.15505612,
      -0.7441056
    ]
  },
  {
    "timeStamp": 75777,
    "rotation": [
      [
        0.6260046,
        -0.7786479,
        0.04272795
      ],
      [
        -0.13239415,
        -0.0521238446,
        0.989825666
      ],
      [
        -0.76849854,
        -0.6252923,
        -0.1357182
      ]
    ],
    "translation": [
      2.097727,
      1.13779211,
      -0.7520414
    ]
  },
  {
    "timeStamp": 75840,
    "rotation": [
      [
        0.617705,
        -0.7844632,
        0.05529924
      ],
      [
        -0.122876473,
        -0.026822513,
        0.9920594
      ],
      [
        -0.7767508,
        -0.619595051,
        -0.112960473
      ]
    ],
    "translation": [
      2.109161,
      1.11733818,
      -0.7575364
    ]
  },
  {
    "timeStamp": 75882,
    "rotation": [
      [
        0.613485754,
        -0.7868817,
        0.0667269
      ],
      [
        -0.109627515,
        -0.00118217943,
        0.993972063
      ],
      [
        -0.78205955,
        -0.617102742,
        -0.08698913
      ]
    ],
    "translation": [
      2.11666965,
      1.09973609,
      -0.7603201
    ]
  },
  {
    "timeStamp": 75927,
    "rotation": [
      [
        0.6288083,
        -0.7757425,
        0.0531392
      ],
      [
        -0.07577669,
        0.006878752,
        0.997101068
      ],
      [
        -0.773859143,
        -0.631012142,
        -0.05445778
      ]
    ],
    "translation": [
      2.124042,
      1.07500279,
      -0.7634349
    ]
  },
  {
    "timeStamp": 75983,
    "rotation": [
      [
        0.6312729,
        -0.773489535,
        0.05664343
      ],
      [
        -0.06103917,
        0.0232583452,
        0.997864366
      ],
      [
        -0.773155034,
        -0.6333822,
        -0.0325307921
      ]
    ],
    "translation": [
      2.12982726,
      1.05299354,
      -0.76248014
    ]
  },
  {
    "timeStamp": 76027,
    "rotation": [
      [
        0.6323626,
        -0.7694418,
        0.08987094
      ],
      [
        -0.06997125,
        0.0588056855,
        0.9958142
      ],
      [
        -0.771506,
        -0.636004031,
        -0.01665229
      ]
    ],
    "translation": [
      2.12897563,
      1.03663564,
      -0.760984659
    ]
  },
  {
    "timeStamp": 76083,
    "rotation": [
      [
        0.628352,
        -0.766616046,
        0.132188126
      ],
      [
        -0.08326537,
        0.102669567,
        0.9912244
      ],
      [
        -0.7734602,
        -0.6338445,
        0.0006800547
      ]
    ],
    "translation": [
      2.12202454,
      1.01758432,
      -0.758614
    ]
  },
  {
    "timeStamp": 76127,
    "rotation": [
      [
        0.6422301,
        -0.755610049,
        0.12881805
      ],
      [
        -0.07197475,
        0.107867837,
        0.991556466
      ],
      [
        -0.7631253,
        -0.646079,
        0.01489113
      ]
    ],
    "translation": [
      2.1203053,
      1.000411,
      -0.7580114
    ]
  },
  {
    "timeStamp": 76183,
    "rotation": [
      [
        0.6209335,
        -0.7693473,
        0.150154814
      ],
      [
        -0.07509568,
        0.132291242,
        0.988362134
      ],
      [
        -0.7802579,
        -0.6249831,
        0.0243693981
      ]
    ],
    "translation": [
      2.11878753,
      0.982353032,
      -0.754666567
    ]
  },
  {
    "timeStamp": 76227,
    "rotation": [
      [
        0.5887134,
        -0.787750244,
        0.181290343
      ],
      [
        -0.07803284,
        0.167843491,
        0.982720435
      ],
      [
        -0.8045666,
        -0.592687249,
        0.03734133
      ]
    ],
    "translation": [
      2.11687422,
      0.9698237,
      -0.7524131
    ]
  },
  {
    "timeStamp": 76283,
    "rotation": [
      [
        0.5803759,
        -0.7972856,
        0.165829465
      ],
      [
        -0.0652884,
        0.15742372,
        0.9853706
      ],
      [
        -0.8117273,
        -0.582712054,
        0.0393114276
      ]
    ],
    "translation": [
      2.11210227,
      0.9572327,
      -0.750499
    ]
  },
  {
    "timeStamp": 76327,
    "rotation": [
      [
        0.588632,
        -0.793894649,
        0.152458638
      ],
      [
        -0.05651431,
        0.1477193,
        0.987413347
      ],
      [
        -0.806423247,
        -0.58983916,
        0.0420858972
      ]
    ],
    "translation": [
      2.10757136,
      0.9484294,
      -0.7503795
    ]
  },
  {
    "timeStamp": 76384,
    "rotation": [
      [
        0.590185165,
        -0.7947287,
        0.14173165
      ],
      [
        -0.05591974,
        0.1349005,
        0.98928
      ],
      [
        -0.8053288,
        -0.591783941,
        0.03517525
      ]
    ],
    "translation": [
      2.10193586,
      0.9425186,
      -0.7473787
    ]
  },
  {
    "timeStamp": 76430,
    "rotation": [
      [
        0.5919539,
        -0.7955982,
        0.12889564
      ],
      [
        -0.05378892,
        0.120571882,
        0.9912463
      ],
      [
        -0.80417496,
        -0.593705237,
        0.028578626
      ]
    ],
    "translation": [
      2.10054731,
      0.939355731,
      -0.744573653
    ]
  },
  {
    "timeStamp": 76476,
    "rotation": [
      [
        0.582025468,
        -0.803566933,
        0.124605522
      ],
      [
        -0.0516476668,
        0.116394632,
        0.991859257
      ],
      [
        -0.811528742,
        -0.583722949,
        0.0262422822
      ]
    ],
    "translation": [
      2.099968,
      0.937153041,
      -0.7421715
    ]
  },
  {
    "timeStamp": 76532,
    "rotation": [
      [
        0.5764325,
        -0.808227062,
        0.12039341
      ],
      [
        -0.0517637134,
        0.110921539,
        0.9924802
      ],
      [
        -0.815503538,
        -0.578329861,
        0.0221019443
      ]
    ],
    "translation": [
      2.09876132,
      0.9353722,
      -0.7404707
    ]
  },
  {
    "timeStamp": 76577,
    "rotation": [
      [
        0.5678066,
        -0.816846967,
        0.101768129
      ],
      [
        -0.04556055,
        0.09225524,
        0.9946925
      ],
      [
        -0.821900249,
        -0.569429636,
        0.01516714
      ]
    ],
    "translation": [
      2.10145473,
      0.9336083,
      -0.7389163
    ]
  },
  {
    "timeStamp": 76632,
    "rotation": [
      [
        0.545783639,
        -0.8296265,
        0.117644154
      ],
      [
        -0.0514293,
        0.106967792,
        0.9929315
      ],
      [
        -0.8363464,
        -0.547976136,
        0.01571416
      ]
    ],
    "translation": [
      2.101382,
      0.930573,
      -0.737413645
    ]
  },
  {
    "timeStamp": 76677,
    "rotation": [
      [
        0.5323722,
        -0.8408357,
        0.09785335
      ],
      [
        -0.04081633,
        0.08996431,
        0.995108247
      ],
      [
        -0.845525861,
        -0.533762,
        0.0135746691
      ]
    ],
    "translation": [
      2.10363245,
      0.9276674,
      -0.7364378
    ]
  },
  {
    "timeStamp": 76732,
    "rotation": [
      [
        0.5168129,
        -0.8504329,
        0.0983274356
      ],
      [
        -0.045368623,
        0.08748684,
        0.995132
      ],
      [
        -0.854895353,
        -0.518758059,
        0.00663135853
      ]
    ],
    "translation": [
      2.102276,
      0.925685048,
      -0.7341047
    ]
  },
  {
    "timeStamp": 76777,
    "rotation": [
      [
        0.5076311,
        -0.857303143,
        0.08568581
      ],
      [
        -0.0448194668,
        0.07304166,
        0.9963213
      ],
      [
        -0.860407948,
        -0.5096041,
        -0.00134564564
      ]
    ],
    "translation": [
      2.09982944,
      0.9235321,
      -0.7312071
    ]
  },
  {
    "timeStamp": 76832,
    "rotation": [
      [
        0.498507,
        -0.8630093,
        0.08188921
      ],
      [
        -0.04910998,
        0.06619732,
        0.9965973
      ],
      [
        -0.8654935,
        -0.50083226,
        -0.00938254
      ]
    ],
    "translation": [
      2.09487939,
      0.921371639,
      -0.7281301
    ]
  },
  {
    "timeStamp": 76877,
    "rotation": [
      [
        0.490408957,
        -0.8668114,
        0.09020574
      ],
      [
        -0.0546800047,
        0.0726988241,
        0.9958539
      ],
      [
        -0.869775355,
        -0.493308127,
        -0.0117450962
      ]
    ],
    "translation": [
      2.08855271,
      0.9185413,
      -0.725711644
    ]
  },
  {
    "timeStamp": 76932,
    "rotation": [
      [
        0.484850377,
        -0.871102035,
        0.07811111
      ],
      [
        -0.0473751128,
        0.06302146,
        0.9968871
      ],
      [
        -0.873313069,
        -0.487041622,
        -0.01071258
      ]
    ],
    "translation": [
      2.082783,
      0.9139667,
      -0.7236728
    ]
  },
  {
    "timeStamp": 76977,
    "rotation": [
      [
        0.474431574,
        -0.8782941,
        0.0592806861
      ],
      [
        -0.0366603956,
        0.0475704372,
        0.998194933
      ],
      [
        -0.8795287,
        -0.47574842,
        -0.009629692
      ]
    ],
    "translation": [
      2.082489,
      0.910044849,
      -0.7223339
    ]
  },
  {
    "timeStamp": 77032,
    "rotation": [
      [
        0.451082647,
        -0.890946746,
        0.0523291156
      ],
      [
        -0.0310813189,
        0.0429154225,
        0.9985951
      ],
      [
        -0.891940832,
        -0.4520754,
        -0.008333397
      ]
    ],
    "translation": [
      2.08294058,
      0.9050752,
      -0.7207455
    ]
  },
  {
    "timeStamp": 77076,
    "rotation": [
      [
        0.444676846,
        -0.8945889,
        0.0444219448
      ],
      [
        -0.0310716983,
        0.0341583677,
        0.9989333
      ],
      [
        -0.895152032,
        -0.445582777,
        -0.0126069607
      ]
    ],
    "translation": [
      2.08240962,
      0.902423739,
      -0.718956
    ]
  },
  {
    "timeStamp": 77132,
    "rotation": [
      [
        0.441429377,
        -0.896688759,
        0.0330039151
      ],
      [
        -0.0244624112,
        0.0247415863,
        0.999394536
      ],
      [
        -0.8969624,
        -0.441969454,
        -0.0110135078
      ]
    ],
    "translation": [
      2.080937,
      0.898146033,
      -0.7168721
    ]
  },
  {
    "timeStamp": 77176,
    "rotation": [
      [
        0.44055298,
        -0.897259831,
        0.0289449673
      ],
      [
        -0.0173272081,
        0.0237377267,
        0.999568045
      ],
      [
        -0.897559345,
        -0.440864235,
        -0.005089282
      ]
    ],
    "translation": [
      2.07854843,
      0.893777847,
      -0.7164016
    ]
  },
  {
    "timeStamp": 77232,
    "rotation": [
      [
        0.4342238,
        -0.900586,
        0.0198620819
      ],
      [
        -0.015343124,
        0.014651862,
        0.999774933
      ],
      [
        -0.900674343,
        -0.4344308,
        -0.00745561672
      ]
    ],
    "translation": [
      2.07767129,
      0.891082168,
      -0.7150506
    ]
  },
  {
    "timeStamp": 77276,
    "rotation": [
      [
        0.4252506,
        -0.905023336,
        0.009730231
      ],
      [
        -0.0122315018,
        0.005003106,
        0.9999127
      ],
      [
        -0.904993,
        -0.425332457,
        -0.00894222
      ]
    ],
    "translation": [
      2.078081,
      0.889887,
      -0.713503
    ]
  },
  {
    "timeStamp": 77332,
    "rotation": [
      [
        0.40956682,
        -0.912228167,
        0.009735245
      ],
      [
        -0.0124094617,
        0.005099454,
        0.99991
      ],
      [
        -0.912195742,
        -0.409650773,
        -0.009231693
      ]
    ],
    "translation": [
      2.07887,
      0.8879862,
      -0.7124795
    ]
  },
  {
    "timeStamp": 77377,
    "rotation": [
      [
        0.401054949,
        -0.9159599,
        0.0131281549
      ],
      [
        -0.011432169,
        0.00932551548,
        0.999891162
      ],
      [
        -0.915982664,
        -0.4011614,
        -0.006731364
      ]
    ],
    "translation": [
      2.077565,
      0.885546267,
      -0.711757958
    ]
  },
  {
    "timeStamp": 77432,
    "rotation": [
      [
        0.385194242,
        -0.9226774,
        0.01708261
      ],
      [
        -0.0132021895,
        0.0129994182,
        0.999828339
      ],
      [
        -0.922741055,
        -0.385353655,
        -0.007174061
      ]
    ],
    "translation": [
      2.07836676,
      0.8832755,
      -0.7107613
    ]
  },
  {
    "timeStamp": 77476,
    "rotation": [
      [
        0.373239577,
        -0.9274757,
        0.0219296347
      ],
      [
        -0.013947105,
        0.0180256218,
        0.999740243
      ],
      [
        -0.927630067,
        -0.3734485,
        -0.0062077255
      ]
    ],
    "translation": [
      2.078002,
      0.8809733,
      -0.7097857
    ]
  },
  {
    "timeStamp": 77532,
    "rotation": [
      [
        0.3685938,
        -0.9291203,
        0.0295645464
      ],
      [
        -0.01278068,
        0.0267357025,
        0.999560833
      ],
      [
        -0.9295027,
        -0.3688098,
        -0.002020175
      ]
    ],
    "translation": [
      2.0756793,
      0.8780663,
      -0.708497345
    ]
  },
  {
    "timeStamp": 77576,
    "rotation": [
      [
        0.372374058,
        -0.9277422,
        0.02513805
      ],
      [
        -0.0052066166,
        0.0249972939,
        0.999673963
      ],
      [
        -0.9280681,
        -0.372383535,
        0.004477946
      ]
    ],
    "translation": [
      2.07470083,
      0.875126362,
      -0.708115637
    ]
  },
  {
    "timeStamp": 77632,
    "rotation": [
      [
        0.356800646,
        -0.933462739,
        0.03661413
      ],
      [
        -0.006956005,
        0.0365380272,
        0.99930805
      ],
      [
        -0.9341546,
        -0.356808454,
        0.006543621
      ]
    ],
    "translation": [
      2.07519341,
      0.8755497,
      -0.707363069
    ]
  },
  {
    "timeStamp": 77676,
    "rotation": [
      [
        0.352521241,
        -0.934709549,
        0.0452418141
      ],
      [
        -0.022484567,
        0.03987132,
        0.9989518
      ],
      [
        -0.935533643,
        -0.353169,
        -0.00696105231
      ]
    ],
    "translation": [
      2.075485,
      0.8762768,
      -0.7072671
    ]
  }
]