[
  {
    "timeStamp": 31997,
    "rotation": [
      [
        -0.8908813,
        0.454236,
        0.000310229254
      ],
      [
        0.453369826,
        0.8892243,
        -0.06112224
      ],
      [
        -0.0280397851,
        -0.0543120131,
        -0.9981302
      ]
    ],
    "translation": [
      1.30790687,
      0.8798019,
      -0.7517642
    ]
  },
  {
    "timeStamp": 32053,
    "rotation": [
      [
        -0.871762156,
        0.489625245,
        0.0172601715
      ],
      [
        0.4848864,
        0.867295,
        -0.112625405
      ],
      [
        -0.0701139048,
        -0.0898133442,
        -0.9934876
      ]
    ],
    "translation": [
      1.3067764,
      0.88561213,
      -0.746876359
    ]
  },
  {
    "timeStamp": 32103,
    "rotation": [
      [
        -0.8658948,
        0.498798937,
        0.03776024
      ],
      [
        0.492913,
        0.8636618,
        -0.105475448
      ],
      [
        -0.085223116,
        -0.07271813,
        -0.9937047
      ]
    ],
    "translation": [
      1.3085171,
      0.8865238,
      -0.7523642
    ]
  },
  {
    "timeStamp": 32148,
    "rotation": [
      [
        -0.8525421,
        0.522494555,
        0.0130927432
      ],
      [
        0.5162942,
        0.845793843,
        -0.1344363
      ],
      [
        -0.0813159943,
        -0.107852891,
        -0.990835667
      ]
    ],
    "translation": [
      1.30827212,
      0.8941286,
      -0.7478592
    ]
  },
  {
    "timeStamp": 32203,
    "rotation": [
      [
        -0.8316033,
        0.5543248,
        -0.0340579636
      ],
      [
        0.553477347,
        0.822150648,
        -0.133158326
      ],
      [
        -0.0458121859,
        -0.129585221,
        -0.9905094
      ]
    ],
    "translation": [
      1.31185114,
      0.912949443,
      -0.7450301
    ]
  },
  {
    "timeStamp": 32247,
    "rotation": [
      [
        -0.801213443,
        0.592858553,
        -0.08109038
      ],
      [
        0.598109663,
        0.7894029,
        -0.138231471
      ],
      [
        -0.01793873,
        -0.159253851,
        -0.9870747
      ]
    ],
    "translation": [
      1.31898928,
      0.940105736,
      -0.74584496
    ]
  },
  {
    "timeStamp": 32303,
    "rotation": [
      [
        -0.7398758,
        0.646407366,
        -0.1863902
      ],
      [
        0.6703707,
        0.731653631,
        -0.123637214
      ],
      [
        0.0564530641,
        -0.216426715,
        -0.974665344
      ]
    ],
    "translation": [
      1.3411603,
      0.988060653,
      -0.749287963
    ]
  },
  {
    "timeStamp": 32347,
    "rotation": [
      [
        -0.6983865,
        0.64872,
        -0.30235514
      ],
      [
        0.703936756,
        0.698929131,
        -0.12637648
      ],
      [
        0.129341871,
        -0.301098526,
        -0.9447806
      ]
    ],
    "translation": [
      1.37980986,
      1.02518022,
      -0.7516537
    ]
  },
  {
    "timeStamp": 32403,
    "rotation": [
      [
        -0.639781833,
        0.6109568,
        -0.466273516
      ],
      [
        0.718301535,
        0.6911137,
        -0.08002949
      ],
      [
        0.2733535,
        -0.3861264,
        -0.881013155
      ]
    ],
    "translation": [
      1.45691085,
      1.05766249,
      -0.7601306
    ]
  },
  {
    "timeStamp": 32449,
    "rotation": [
      [
        -0.5537443,
        0.5123744,
        -0.6563839
      ],
      [
        0.710907936,
        0.7013396,
        -0.05227545
      ],
      [
        0.433563352,
        -0.4955757,
        -0.752613842
      ]
    ],
    "translation": [
      1.54451346,
      1.07531524,
      -0.7588251
    ]
  },
  {
    "timeStamp": 32505,
    "rotation": [
      [
        -0.360949159,
        0.3352095,
        -0.870258749
      ],
      [
        0.702920258,
        0.711049438,
        -0.0176590681
      ],
      [
        0.6128775,
        -0.61809653,
        -0.492278248
      ]
    ],
    "translation": [
      1.675028,
      1.100005,
      -0.7594253
    ]
  },
  {
    "timeStamp": 32551,
    "rotation": [
      [
        -0.2292802,
        0.172494143,
        -0.9579542
      ],
      [
        0.7057669,
        0.7072231,
        -0.0415745676
      ],
      [
        0.670316041,
        -0.685624659,
        -0.28389293
      ]
    ],
    "translation": [
      1.78101635,
      1.12598646,
      -0.7703234
    ]
  },
  {
    "timeStamp": 32607,
    "rotation": [
      [
        -0.12561731,
        -0.0149486391,
        -0.9919661
      ],
      [
        0.7225598,
        0.683771133,
        -0.101805359
      ],
      [
        0.6797997,
        -0.7295434,
        -0.0750922039
      ]
    ],
    "translation": [
      1.8985635,
      1.16146386,
      -0.7924675
    ]
  },
  {
    "timeStamp": 32652,
    "rotation": [
      [
        -0.08155964,
        -0.129555821,
        -0.988212168
      ],
      [
        0.7221378,
        0.6756911,
        -0.1481838
      ],
      [
        0.6869243,
        -0.725711167,
        0.03844803
      ]
    ],
    "translation": [
      1.9719348,
      1.18094647,
      -0.811244965
    ]
  },
  {
    "timeStamp": 32697,
    "rotation": [
      [
        -0.0461438261,
        -0.21348989,
        -0.975854933
      ],
      [
        0.727858245,
        0.661892951,
        -0.179220915
      ],
      [
        0.684173346,
        -0.71855396,
        0.124848105
      ]
    ],
    "translation": [
      2.034179,
      1.19628143,
      -0.8269439
    ]
  },
  {
    "timeStamp": 32752,
    "rotation": [
      [
        0.007478517,
        -0.2332614,
        -0.9723853
      ],
      [
        0.739194751,
        0.656179249,
        -0.151723
      ],
      [
        0.673450232,
        -0.7176475,
        0.177332863
      ]
    ],
    "translation": [
      2.08830118,
      1.20398283,
      -0.835674942
    ]
  },
  {
    "timeStamp": 32797,
    "rotation": [
      [
        0.0182736,
        -0.23513937,
        -0.971789837
      ],
      [
        0.746391654,
        0.649913251,
        -0.143221229
      ],
      [
        0.6652561,
        -0.7227186,
        0.187382311
      ]
    ],
    "translation": [
      2.120666,
      1.20347619,
      -0.8316015
    ]
  },
  {
    "timeStamp": 32852,
    "rotation": [
      [
        0.04861608,
        -0.211458549,
        -0.9761771
      ],
      [
        0.7359592,
        0.66833663,
        -0.108121812
      ],
      [
        0.6752782,
        -0.71317,
        0.188116744
      ]
    ],
    "translation": [
      2.15493965,
      1.19135284,
      -0.817891657
    ]
  },
  {
    "timeStamp": 32899,
    "rotation": [
      [
        0.08155997,
        -0.193018422,
        -0.9777995
      ],
      [
        0.7275951,
        0.6820105,
        -0.07393944
      ],
      [
        0.6811412,
        -0.7054117,
        0.19606401
      ]
    ],
    "translation": [
      2.18070674,
      1.1769805,
      -0.8015952
    ]
  },
  {
    "timeStamp": 32947,
    "rotation": [
      [
        0.104089744,
        -0.149466634,
        -0.9832726
      ],
      [
        0.700337946,
        0.7129896,
        -0.0342429578
      ],
      [
        0.706181347,
        -0.6850588,
        0.178892061
      ]
    ],
    "translation": [
      2.2053268,
      1.1516037,
      -0.777661741
    ]
  },
  {
    "timeStamp": 33002,
    "rotation": [
      [
        0.109354533,
        -0.132624239,
        -0.9851154
      ],
      [
        0.6768549,
        0.735727966,
        -0.0239141583
      ],
      [
        0.727948546,
        -0.6641651,
        0.170222536
      ]
    ],
    "translation": [
      2.2257545,
      1.12794518,
      -0.752082348
    ]
  },
  {
    "timeStamp": 33047,
    "rotation": [
      [
        0.111242,
        -0.08942437,
        -0.9897618
      ],
      [
        0.6533001,
        0.7570823,
        0.005024237
      ],
      [
        0.748881936,
        -0.6471705,
        0.142640308
      ]
    ],
    "translation": [
      2.232782,
      1.1059922,
      -0.7329557
    ]
  },
  {
    "timeStamp": 33102,
    "rotation": [
      [
        0.15792264,
        -0.0401083641,
        -0.986636639
      ],
      [
        0.6081195,
        0.7911656,
        0.06517443
      ],
      [
        0.7779789,
        -0.610285461,
        0.149333641
      ]
    ],
    "translation": [
      2.24115753,
      1.07766306,
      -0.7144563
    ]
  },
  {
    "timeStamp": 33147,
    "rotation": [
      [
        0.103993051,
        -0.06541858,
        -0.99242425
      ],
      [
        0.589325666,
        0.807850838,
        0.008501729
      ],
      [
        0.8011746,
        -0.585745156,
        0.122563727
      ]
    ],
    "translation": [
      2.249015,
      1.06108749,
      -0.7018842
    ]
  },
  {
    "timeStamp": 33202,
    "rotation": [
      [
        0.124862246,
        -0.05815815,
        -0.9904681
      ],
      [
        0.566235,
        0.8239229,
        0.0230028052
      ],
      [
        0.8147315,
        -0.563709855,
        0.135808036
      ]
    ],
    "translation": [
      2.2541368,
      1.04116511,
      -0.685833931
    ]
  },
  {
    "timeStamp": 33247,
    "rotation": [
      [
        0.0898073,
        -0.09426799,
        -0.991487861
      ],
      [
        0.546436667,
        0.8369601,
        -0.0300805885
      ],
      [
        0.8326714,
        -0.539083838,
        0.1266766
      ]
    ],
    "translation": [
      2.26087523,
      1.0262996,
      -0.676326632
    ]
  },
  {
    "timeStamp": 33302,
    "rotation": [
      [
        0.09408922,
        -0.0809514448,
        -0.992267132
      ],
      [
        0.5283499,
        0.8488108,
        -0.0191484988
      ],
      [
        0.843797147,
        -0.5224626,
        0.122634634
      ]
    ],
    "translation": [
      2.26060939,
      1.00905144,
      -0.6647235
    ]
  },
  {
    "timeStamp": 33348,
    "rotation": [
      [
        0.091689,
        -0.09307592,
        -0.9914282
      ],
      [
        0.5120077,
        0.8583378,
        -0.0332299471
      ],
      [
        0.8540733,
        -0.5045721,
        0.126355723
      ]
    ],
    "translation": [
      2.262042,
      0.9980157,
      -0.6584243
    ]
  },
  {
    "timeStamp": 33405,
    "rotation": [
      [
        0.07235962,
        -0.10250359,
        -0.9920973
      ],
      [
        0.50133425,
        0.8636493,
        -0.0526670069
      ],
      [
        0.862222731,
        -0.493561447,
        0.1138819
      ]
    ],
    "translation": [
      2.26492548,
      0.9880097,
      -0.650387168
    ]
  },
  {
    "timeStamp": 33451,
    "rotation": [
      [
        0.0787861,
        -0.08357,
        -0.9933825
      ],
      [
        0.487499148,
        0.8724324,
        -0.03473085
      ],
      [
        0.8695616,
        -0.481536835,
        0.109475851
      ]
    ],
    "translation": [
      2.26284385,
      0.9786976,
      -0.64544785
    ]
  },
  {
    "timeStamp": 33496,
    "rotation": [
      [
        0.07479314,
        -0.09749463,
        -0.9924217
      ],
      [
        0.4737644,
        0.879192948,
        -0.0506662279
      ],
      [
        0.877469838,
        -0.4663846,
        0.111947082
      ]
    ],
    "translation": [
      2.26730728,
      0.970357,
      -0.6400506
    ]
  },
  {
    "timeStamp": 33552,
    "rotation": [
      [
        0.05346737,
        -0.102430955,
        -0.993302166
      ],
      [
        0.460091949,
        0.8853747,
        -0.06653552
      ],
      [
        0.8862599,
        -0.453452855,
        0.09446632
      ]
    ],
    "translation": [
      2.27165,
      0.9601825,
      -0.6316575
    ]
  },
  {
    "timeStamp": 33597,
    "rotation": [
      [
        0.0454795621,
        -0.106860712,
        -0.993233263
      ],
      [
        0.459495872,
        0.8850764,
        -0.07418421
      ],
      [
        0.887014747,
        -0.453012735,
        0.08935494
      ]
    ],
    "translation": [
      2.275749,
      0.9535629,
      -0.6243765
    ]
  },
  {
    "timeStamp": 33652,
    "rotation": [
      [
        0.0315478556,
        -0.100939751,
        -0.9943922
      ],
      [
        0.452999741,
        0.888282657,
        -0.07579692
      ],
      [
        0.8909522,
        -0.448068142,
        0.0737490952
      ]
    ],
    "translation": [
      2.28027,
      0.9453899,
      -0.616776
    ]
  },
  {
    "timeStamp": 33697,
    "rotation": [
      [
        0.012452052,
        -0.101548329,
        -0.9947527
      ],
      [
        0.456826329,
        0.8855164,
        -0.08467862
      ],
      [
        0.8894688,
        -0.453374773,
        0.0574164465
      ]
    ],
    "translation": [
      2.285144,
      0.942873836,
      -0.611282349
    ]
  },
  {
    "timeStamp": 33752,
    "rotation": [
      [
        0.00402259966,
        -0.08551684,
        -0.9963286
      ],
      [
        0.457864851,
        0.885920644,
        -0.07419171
      ],
      [
        0.8890127,
        -0.4558854,
        0.04271886
      ]
    ],
    "translation": [
      2.28719234,
      0.9400936,
      -0.605922
    ]
  },
  {
    "timeStamp": 33797,
    "rotation": [
      [
        -0.0146859344,
        -0.08412987,
        -0.996346533
      ],
      [
        0.4594894,
        0.8844404,
        -0.08145347
      ],
      [
        0.8880618,
        -0.4590069,
        0.0256679486
      ]
    ],
    "translation": [
      2.289241,
      0.937995732,
      -0.602702
    ]
  },
  {
    "timeStamp": 33852,
    "rotation": [
      [
        -0.0193492211,
        -0.06537598,
        -0.997673035
      ],
      [
        0.460576415,
        0.8850929,
        -0.06693137
      ],
      [
        0.8874091,
        -0.460799754,
        0.0129847778
      ]
    ],
    "translation": [
      2.28876233,
      0.9346519,
      -0.5996316
    ]
  },
  {
    "timeStamp": 33897,
    "rotation": [
      [
        -0.0200237539,
        -0.0545327328,
        -0.9983112
      ],
      [
        0.456614763,
        0.887794435,
        -0.0576543659
      ],
      [
        0.889439166,
        -0.45699808,
        0.007123474
      ]
    ],
    "translation": [
      2.287616,
      0.9306816,
      -0.59771204
    ]
  },
  {
    "timeStamp": 33952,
    "rotation": [
      [
        -0.0189629048,
        -0.0490487665,
        -0.998616338
      ],
      [
        0.452686638,
        0.89013356,
        -0.05231659
      ],
      [
        0.891468048,
        -0.453052372,
        0.005324201
      ]
    ],
    "translation": [
      2.28817177,
      0.9258534,
      -0.5956761
    ]
  },
  {
    "timeStamp": 33996,
    "rotation": [
      [
        -0.009566617,
        -0.0375188552,
        -0.9992501
      ],
      [
        0.457278967,
        0.888522148,
        -0.0377392471
      ],
      [
        0.889271855,
        -0.457297146,
        0.008656433
      ]
    ],
    "translation": [
      2.28746533,
      0.9231643,
      -0.592922032
    ]
  },
  {
    "timeStamp": 34052,
    "rotation": [
      [
        -0.007957175,
        -0.0253949855,
        -0.99964577
      ],
      [
        0.4566386,
        0.8892656,
        -0.02622573
      ],
      [
        0.889616668,
        -0.456685543,
        0.004520288
      ]
    ],
    "translation": [
      2.28615713,
      0.920053244,
      -0.5900307
    ]
  },
  {
    "timeStamp": 34097,
    "rotation": [
      [
        -0.003061256,
        -0.0278973449,
        -0.9996061
      ],
      [
        0.4565551,
        0.8893088,
        -0.0262173116
      ],
      [
        0.889689863,
        -0.456455529,
        0.0100142732
      ]
    ],
    "translation": [
      2.2881577,
      0.917689145,
      -0.5878674
    ]
  },
  {
    "timeStamp": 34152,
    "rotation": [
      [
        -0.00246944535,
        -0.03202375,
        -0.9994841
      ],
      [
        0.464531153,
        0.885065138,
        -0.0295054615
      ],
      [
        0.88555336,
        -0.46436435,
        0.01269041
      ]
    ],
    "translation": [
      2.29063749,
      0.9174853,
      -0.584035039
    ]
  },
  {
    "timeStamp": 34208,
    "rotation": [
      [
        -0.00273787277,
        -0.0368736126,
        -0.999316156
      ],
      [
        0.4613588,
        0.8865628,
        -0.03397715
      ],
      [
        0.8872094,
        -0.461136341,
        0.01458467
      ]
    ],
    "translation": [
      2.29237819,
      0.9164784,
      -0.5816464
    ]
  },
  {
    "timeStamp": 34252,
    "rotation": [
      [
        -0.00326180528,
        -0.024386052,
        -0.999697268
      ],
      [
        0.4615704,
        0.8868017,
        -0.02313815
      ],
      [
        0.8870976,
        -0.4615062,
        0.008363306
      ]
    ],
    "translation": [
      2.29456043,
      0.9157769,
      -0.579829156
    ]
  },
  {
    "timeStamp": 34307,
    "rotation": [
      [
        -0.0222380217,
        -0.0132283419,
        -0.999665141
      ],
      [
        0.4594287,
        0.887942851,
        -0.0219701547
      ],
      [
        0.887936234,
        -0.459763467,
        -0.0136686135
      ]
    ],
    "translation": [
      2.29561043,
      0.915645063,
      -0.578244746
    ]
  },
  {
    "timeStamp": 34352,
    "rotation": [
      [
        -0.0173319,
        -0.0163272657,
        -0.999716461
      ],
      [
        0.4611111,
        0.8870576,
        -0.02248153
      ],
      [
        0.8871731,
        -0.46137,
        -0.00784571
      ]
    ],
    "translation": [
      2.29533529,
      0.9156032,
      -0.576880336
    ]
  },
  {
    "timeStamp": 34400,
    "rotation": [
      [
        -0.0162427183,
        -0.01610111,
        -0.999738455
      ],
      [
        0.4636204,
        0.885765731,
        -0.02179797
      ],
      [
        0.88588506,
        -0.46385318,
        -0.00692244
      ]
    ],
    "translation": [
      2.29532647,
      0.915095,
      -0.5746539
    ]
  },
  {
    "timeStamp": 34450,
    "rotation": [
      [
        -0.0195046756,
        -0.0146680679,
        -0.999702156
      ],
      [
        0.466253161,
        0.884376,
        -0.0220727772
      ],
      [
        0.8844363,
        -0.466544777,
        -0.0104104327
      ]
    ],
    "translation": [
      2.29545784,
      0.914763749,
      -0.571295261
    ]
  },
  {
    "timeStamp": 34506,
    "rotation": [
      [
        -0.0218461342,
        -0.0132362815,
        -0.9996737
      ],
      [
        0.4667254,
        0.884130955,
        -0.021905899
      ],
      [
        0.884132445,
        -0.4670517,
        -0.0131371347
      ]
    ],
    "translation": [
      2.295572,
      0.9140546,
      -0.56762594
    ]
  },
  {
    "timeStamp": 34550,
    "rotation": [
      [
        -0.02076772,
        -0.01369998,
        -0.9996904
      ],
      [
        0.466819137,
        0.884083748,
        -0.0218134522
      ],
      [
        0.8841089,
        -0.467127651,
        -0.01196499
      ]
    ],
    "translation": [
      2.29551,
      0.9128083,
      -0.5645838
    ]
  },
  {
    "timeStamp": 34606,
    "rotation": [
      [
        -0.0193202272,
        -0.0168855023,
        -0.999670744
      ],
      [
        0.4715524,
        0.881511331,
        -0.024003163
      ],
      [
        0.881626368,
        -0.4718609,
        -0.009068601
      ]
    ],
    "translation": [
      2.29531074,
      0.912004352,
      -0.561131835
    ]
  },
  {
    "timeStamp": 34650,
    "rotation": [
      [
        -0.0186922643,
        -0.0108580887,
        -0.99976635
      ],
      [
        0.471959352,
        0.881428361,
        -0.018396914
      ],
      [
        0.881422162,
        -0.472192943,
        -0.0113513153
      ]
    ],
    "translation": [
      2.29424,
      0.9108231,
      -0.558741033
    ]
  },
  {
    "timeStamp": 34705,
    "rotation": [
      [
        -0.0257766079,
        -0.0171221942,
        -0.9995211
      ],
      [
        0.471818417,
        0.881274045,
        -0.0272642821
      ],
      [
        0.881318867,
        -0.472295254,
        -0.01463769
      ]
    ],
    "translation": [
      2.29472923,
      0.909090042,
      -0.5560198
    ]
  },
  {
    "timeStamp": 34750,
    "rotation": [
      [
        -0.0275407564,
        -0.0171756651,
        -0.9994731
      ],
      [
        0.467933029,
        0.8833179,
        -0.028073594
      ],
      [
        0.8833347,
        -0.468459636,
        -0.0162901822
      ]
    ],
    "translation": [
      2.29479,
      0.9067051,
      -0.554669738
    ]
  },
  {
    "timeStamp": 34806,
    "rotation": [
      [
        -0.0294495542,
        -0.0169022661,
        -0.9994233
      ],
      [
        0.4659916,
        0.884323955,
        -0.0286868662
      ],
      [
        0.8842989,
        -0.4665677,
        -0.0181666315
      ]
    ],
    "translation": [
      2.29477644,
      0.9037322,
      -0.5524613
    ]
  },
  {
    "timeStamp": 34851,
    "rotation": [
      [
        -0.03558346,
        -0.0149170766,
        -0.999255359
      ],
      [
        0.465640932,
        0.8844723,
        -0.029785037
      ],
      [
        0.8842581,
        -0.4663541,
        -0.0245265849
      ]
    ],
    "translation": [
      2.295852,
      0.9019533,
      -0.55056417
    ]
  },
  {
    "timeStamp": 34896,
    "rotation": [
      [
        -0.0372892469,
        -0.0121328589,
        -0.999230862
      ],
      [
        0.4658801,
        0.884400845,
        -0.0281242579
      ],
      [
        0.8840618,
        -0.4665705,
        -0.0273261815
      ]
    ],
    "translation": [
      2.296029,
      0.900648952,
      -0.548348069
    ]
  },
  {
    "timeStamp": 34952,
    "rotation": [
      [
        -0.0437823646,
        -0.0162462872,
        -0.998909
      ],
      [
        0.460609645,
        0.886927664,
        -0.0346136242
      ],
      [
        0.886522353,
        -0.461622566,
        -0.0313485935
      ]
    ],
    "translation": [
      2.29615951,
      0.8996147,
      -0.5462815
    ]
  },
  {
    "timeStamp": 34996,
    "rotation": [
      [
        -0.0464284942,
        -0.00475676265,
        -0.9989103
      ],
      [
        0.456158,
        0.8895351,
        -0.0254377574
      ],
      [
        0.888686836,
        -0.456842,
        -0.0391299427
      ]
    ],
    "translation": [
      2.296678,
      0.8988536,
      -0.546088934
    ]
  },
  {
    "timeStamp": 35052,
    "rotation": [
      [
        -0.0487739444,
        -0.0005138212,
        -0.9988097
      ],
      [
        0.4561177,
        0.889629066,
        -0.0227308273
      ],
      [
        0.8885819,
        -0.456683457,
        -0.04315636
      ]
    ],
    "translation": [
      2.29668427,
      0.8988392,
      -0.546075761
    ]
  },
  {
    "timeStamp": 35107,
    "rotation": [
      [
        -0.0485654734,
        -0.000492068066,
        -0.9988199
      ],
      [
        0.456183165,
        0.8895984,
        -0.0226191878
      ],
      [
        0.8885597,
        -0.4567433,
        -0.0429792963
      ]
    ],
    "translation": [
      2.2966826,
      0.8988307,
      -0.546077251
    ]
  },
  {
    "timeStamp": 35152,
    "rotation": [
      [
        -0.0485237725,
        -0.000622964464,
        -0.998821855
      ],
      [
        0.456121236,
        0.889627755,
        -0.022713691
      ],
      [
        0.888593733,
        -0.456686,
        -0.04288395
      ]
    ],
    "translation": [
      2.2966876,
      0.8988406,
      -0.546075463
    ]
  }
]