[
  {
    "timeStamp": 136880,
    "rotation": [
      [
        -0.4196189,
        0.905685,
        -0.060453523
      ],
      [
        0.185142,
        0.150599509,
        0.9711036
      ],
      [
        0.888618231,
        0.396300942,
        -0.230874732
      ]
    ],
    "translation": [
      1.47042072,
      0.8481515,
      -0.7598207
    ]
  },
  {
    "timeStamp": 136925,
    "rotation": [
      [
        -0.433698058,
        0.8997362,
        -0.0487937219
      ],
      [
        0.0854372457,
        0.09496998,
        0.991807044
      ],
      [
        0.896998644,
        0.425975978,
        -0.118059278
      ]
    ],
    "translation": [
      1.47018743,
      0.85404,
      -0.7677104
    ]
  },
  {
    "timeStamp": 136979,
    "rotation": [
      [
        -0.4405755,
        0.8963903,
        -0.0487604663
      ],
      [
        0.09998609,
        0.102976359,
        0.9896457
      ],
      [
        0.89213,
        0.4311383,
        -0.134995416
      ]
    ],
    "translation": [
      1.47186255,
      0.8570245,
      -0.767431557
    ]
  },
  {
    "timeStamp": 137035,
    "rotation": [
      [
        -0.4267895,
        0.903338969,
        -0.04277129
      ],
      [
        0.133333415,
        0.10963165,
        0.984988868
      ],
      [
        0.89446795,
        0.414680034,
        -0.1672349
      ]
    ],
    "translation": [
      1.47462034,
      0.8667202,
      -0.764479
    ]
  },
  {
    "timeStamp": 137079,
    "rotation": [
      [
        -0.4162622,
        0.909070551,
        -0.017792888
      ],
      [
        0.172578558,
        0.09820638,
        0.9800878
      ],
      [
        0.892716348,
        0.404902846,
        -0.197765678
      ]
    ],
    "translation": [
      1.47588563,
      0.8828627,
      -0.760672331
    ]
  },
  {
    "timeStamp": 137135,
    "rotation": [
      [
        -0.415190876,
        0.9097099,
        0.00666815042
      ],
      [
        0.234671429,
        0.100016393,
        0.9669157
      ],
      [
        0.8789458,
        0.403019428,
        -0.255008817
      ]
    ],
    "translation": [
      1.48012471,
      0.913098752,
      -0.755495131
    ]
  },
  {
    "timeStamp": 137179,
    "rotation": [
      [
        -0.414908946,
        0.909577549,
        0.0227867812
      ],
      [
        0.281039834,
        0.104297966,
        0.9540118
      ],
      [
        0.8653711,
        0.402232021,
        -0.2989017
      ]
    ],
    "translation": [
      1.48776388,
      0.941785336,
      -0.7528662
    ]
  },
  {
    "timeStamp": 137234,
    "rotation": [
      [
        -0.396156073,
        0.917348,
        0.0391538143
      ],
      [
        0.330052257,
        0.102481209,
        0.9383832
      ],
      [
        0.856811464,
        0.384669036,
        -0.343371332
      ]
    ],
    "translation": [
      1.50462472,
      0.981462359,
      -0.7508023
    ]
  },
  {
    "timeStamp": 137279,
    "rotation": [
      [
        -0.387302876,
        0.920815349,
        0.045777414
      ],
      [
        0.365427554,
        0.107737228,
        0.9245839
      ],
      [
        0.8464391,
        0.374822348,
        -0.378218234
      ]
    ],
    "translation": [
      1.52259469,
      1.01453614,
      -0.750129461
    ]
  },
  {
    "timeStamp": 137336,
    "rotation": [
      [
        -0.374176532,
        0.926685154,
        0.03530539
      ],
      [
        0.418547481,
        0.134783134,
        0.8981378
      ],
      [
        0.8275324,
        0.350839049,
        -0.438294441
      ]
    ],
    "translation": [
      1.55476141,
      1.05762839,
      -0.7476357
    ]
  },
  {
    "timeStamp": 137381,
    "rotation": [
      [
        -0.3633866,
        0.9315708,
        0.0112205343
      ],
      [
        0.436124176,
        0.159455672,
        0.8856464
      ],
      [
        0.823253155,
        0.3267256,
        -0.4642246
      ]
    ],
    "translation": [
      1.58808458,
      1.08902407,
      -0.7483542
    ]
  },
  {
    "timeStamp": 137426,
    "rotation": [
      [
        -0.3117872,
        0.950092852,
        -0.0105970055
      ],
      [
        0.457184732,
        0.159790337,
        0.8748995
      ],
      [
        0.8329291,
        0.26793766,
        -0.484188527
      ]
    ],
    "translation": [
      1.62885523,
      1.11517751,
      -0.7502054
    ]
  },
  {
    "timeStamp": 137482,
    "rotation": [
      [
        -0.25984183,
        0.964810252,
        -0.0402906574
      ],
      [
        0.486934125,
        0.166943178,
        0.857336044
      ],
      [
        0.8338929,
        0.20315288,
        -0.5131779
      ]
    ],
    "translation": [
      1.68860769,
      1.14326417,
      -0.754360735
    ]
  },
  {
    "timeStamp": 137526,
    "rotation": [
      [
        -0.209174156,
        0.974815547,
        -0.07733557
      ],
      [
        0.514717937,
        0.17699936,
        0.838890135
      ],
      [
        0.831451535,
        0.135668129,
        -0.5387787
      ]
    ],
    "translation": [
      1.74297929,
      1.16114283,
      -0.7602383
    ]
  },
  {
    "timeStamp": 137582,
    "rotation": [
      [
        -0.177758351,
        0.9736827,
        -0.142632052
      ],
      [
        0.5189924,
        0.215902865,
        0.8270627
      ],
      [
        0.83609134,
        0.07299233,
        -0.5437125
      ]
    ],
    "translation": [
      1.81540763,
      1.17373,
      -0.7697375
    ]
  },
  {
    "timeStamp": 137626,
    "rotation": [
      [
        -0.154195219,
        0.9707196,
        -0.184194028
      ],
      [
        0.516070366,
        0.238099873,
        0.8227878
      ],
      [
        0.8425528,
        0.0318128578,
        -0.5376735
      ]
    ],
    "translation": [
      1.87362838,
      1.17595625,
      -0.77854
    ]
  },
  {
    "timeStamp": 137682,
    "rotation": [
      [
        -0.1322806,
        0.964679,
        -0.227807552
      ],
      [
        0.502211,
        0.2633718,
        0.8236622
      ],
      [
        0.854567766,
        -0.005452911,
        -0.519311368
      ]
    ],
    "translation": [
      1.9443922,
      1.16786861,
      -0.7878677
    ]
  },
  {
    "timeStamp": 137726,
    "rotation": [
      [
        -0.0893976837,
        0.9689414,
        -0.230566084
      ],
      [
        0.484374851,
        0.244568959,
        0.839980364
      ],
      [
        0.870281041,
        -0.0365881249,
        -0.491194725
      ]
    ],
    "translation": [
      1.995736,
      1.15484,
      -0.794693947
    ]
  },
  {
    "timeStamp": 137782,
    "rotation": [
      [
        -0.05700388,
        0.968248248,
        -0.243404746
      ],
      [
        0.475155771,
        0.240730271,
        0.8463309
      ],
      [
        0.8780533,
        -0.06741101,
        -0.473791331
      ]
    ],
    "translation": [
      2.05293274,
      1.13638282,
      -0.7976546
    ]
  },
  {
    "timeStamp": 137826,
    "rotation": [
      [
        -0.0605953671,
        0.967348456,
        -0.246100053
      ],
      [
        0.4735364,
        0.244901434,
        0.8460417
      ],
      [
        0.8786874,
        -0.06527115,
        -0.472914577
      ]
    ],
    "translation": [
      2.09094238,
      1.11838508,
      -0.7948015
    ]
  },
  {
    "timeStamp": 137889,
    "rotation": [
      [
        -0.0507338829,
        0.9588619,
        -0.279302567
      ],
      [
        0.447893351,
        0.2718066,
        0.851770341
      ],
      [
        0.892646432,
        -0.08188414,
        -0.4432577
      ]
    ],
    "translation": [
      2.13307381,
      1.09106266,
      -0.791556537
    ]
  },
  {
    "timeStamp": 137932,
    "rotation": [
      [
        -0.0263066385,
        0.971965,
        -0.2336492
      ],
      [
        0.444980174,
        0.220682487,
        0.8679239
      ],
      [
        0.89515394,
        -0.08113708,
        -0.4383106
      ]
    ],
    "translation": [
      2.15976787,
      1.06111336,
      -0.7880285
    ]
  },
  {
    "timeStamp": 137976,
    "rotation": [
      [
        -0.04579015,
        0.965366,
        -0.256849617
      ],
      [
        0.4006798,
        0.25327903,
        0.8805143
      ],
      [
        0.9150732,
        -0.06259555,
        -0.398400366
      ]
    ],
    "translation": [
      2.17567062,
      1.03704548,
      -0.7899871
    ]
  },
  {
    "timeStamp": 138032,
    "rotation": [
      [
        -0.037285082,
        0.9786124,
        -0.202305749
      ],
      [
        0.3702118,
        0.201568335,
        0.906815
      ],
      [
        0.9281989,
        -0.0410853066,
        -0.369809359
      ]
    ],
    "translation": [
      2.182335,
      1.011231,
      -0.7931799
    ]
  },
  {
    "timeStamp": 138077,
    "rotation": [
      [
        -0.04591059,
        0.98087883,
        -0.189126685
      ],
      [
        0.360017926,
        0.192850187,
        0.912795663
      ],
      [
        0.931815,
        -0.0261820033,
        -0.361987829
      ]
    ],
    "translation": [
      2.18365431,
      0.9988603,
      -0.794863
    ]
  },
  {
    "timeStamp": 138132,
    "rotation": [
      [
        -0.07388028,
        0.9814725,
        -0.176786646
      ],
      [
        0.338755757,
        0.191428989,
        0.9211946
      ],
      [
        0.9379692,
        0.008170628,
        -0.3466223
      ]
    ],
    "translation": [
      2.183422,
      0.984931231,
      -0.796500444
    ]
  },
  {
    "timeStamp": 138176,
    "rotation": [
      [
        -0.05119787,
        0.9877272,
        -0.1475591
      ],
      [
        0.332074672,
        0.156182662,
        0.930233
      ],
      [
        0.9418626,
        -0.00137467321,
        -0.3359954
      ]
    ],
    "translation": [
      2.18247223,
      0.973297954,
      -0.7976902
    ]
  },
  {
    "timeStamp": 138232,
    "rotation": [
      [
        -0.07250734,
        0.985314131,
        -0.154592589
      ],
      [
        0.30890128,
        0.169564337,
        0.93585676
      ],
      [
        0.9483263,
        0.0201026071,
        -0.316659451
      ]
    ],
    "translation": [
      2.18249822,
      0.958931863,
      -0.7995673
    ]
  },
  {
    "timeStamp": 138276,
    "rotation": [
      [
        -0.0413244665,
        0.9923368,
        -0.116447471
      ],
      [
        0.3082207,
        0.12352404,
        0.943261266
      ],
      [
        0.9504169,
        0.00308824726,
        -0.3109633
      ]
    ],
    "translation": [
      2.18021369,
      0.9504114,
      -0.799194157
    ]
  },
  {
    "timeStamp": 138333,
    "rotation": [
      [
        -0.06134807,
        0.988195062,
        -0.140381649
      ],
      [
        0.291719615,
        0.152257323,
        0.944307864
      ],
      [
        0.9545345,
        0.016979374,
        -0.297616571
      ]
    ],
    "translation": [
      2.18062186,
      0.9441692,
      -0.799492359
    ]
  },
  {
    "timeStamp": 138378,
    "rotation": [
      [
        -0.0310542472,
        0.9922959,
        -0.119935453
      ],
      [
        0.2924126,
        0.123762906,
        0.948249757
      ],
      [
        0.9557879,
        -0.00562346028,
        -0.2940032
      ]
    ],
    "translation": [
      2.1800518,
      0.9402605,
      -0.8000182
    ]
  },
  {
    "timeStamp": 138436,
    "rotation": [
      [
        -0.0154266255,
        0.993098259,
        -0.116266273
      ],
      [
        0.2889913,
        0.11574588,
        0.950308859
      ],
      [
        0.957207441,
        -0.01893988,
        -0.288782328
      ]
    ],
    "translation": [
      2.17918,
      0.9365979,
      -0.801148355
    ]
  },
  {
    "timeStamp": 138481,
    "rotation": [
      [
        -0.0166098364,
        0.993488,
        -0.112719841
      ],
      [
        0.308503479,
        0.112327196,
        0.94456774
      ],
      [
        0.951078236,
        -0.0190853458,
        -0.308360219
      ]
    ],
    "translation": [
      2.17801952,
      0.9379893,
      -0.799410641
    ]
  }
]