[
  {
    "timeStamp": 106940,
    "rotation": [
      [
        -0.9949024,
        0.0104008233,
        0.100305215
      ],
      [
        0.008221852,
        0.9997217,
        -0.0221124049
      ],
      [
        -0.100507282,
        -0.02117499,
        -0.994711
      ]
    ],
    "translation": [
      1.444056,
      0.8831678,
      -0.370643467
    ]
  },
  {
    "timeStamp": 106985,
    "rotation": [
      [
        -0.995806754,
        0.0138698956,
        0.09042442
      ],
      [
        0.0123769892,
        0.999778032,
        -0.0170499012
      ],
      [
        -0.0906408355,
        -0.0158592239,
        -0.995757341
      ]
    ],
    "translation": [
      1.44387794,
      0.883582354,
      -0.3685469
    ]
  },
  {
    "timeStamp": 107041,
    "rotation": [
      [
        -0.9955616,
        0.0122457109,
        0.09331212
      ],
      [
        0.009245205,
        0.9994283,
        -0.0325203128
      ],
      [
        -0.09365701,
        -0.0315132849,
        -0.9951057
      ]
    ],
    "translation": [
      1.44425082,
      0.8849863,
      -0.367847443
    ]
  },
  {
    "timeStamp": 107085,
    "rotation": [
      [
        -0.9967917,
        0.01647654,
        0.07832492
      ],
      [
        0.0138281519,
        0.9993181,
        -0.0342358053
      ],
      [
        -0.0788356,
        -0.0330428779,
        -0.996339858
      ]
    ],
    "translation": [
      1.44603586,
      0.8855934,
      -0.365627
    ]
  },
  {
    "timeStamp": 107140,
    "rotation": [
      [
        -0.9969273,
        0.016051691,
        0.07666998
      ],
      [
        0.0134902215,
        0.999337256,
        -0.0338109173
      ],
      [
        -0.07716189,
        -0.0326727331,
        -0.9964831
      ]
    ],
    "translation": [
      1.44704139,
      0.884997368,
      -0.3647437
    ]
  },
  {
    "timeStamp": 107185,
    "rotation": [
      [
        -0.9967491,
        0.0127754686,
        0.07954896
      ],
      [
        0.0103809955,
        0.9994826,
        -0.03044176
      ],
      [
        -0.07989672,
        -0.0295169987,
        -0.996366
      ]
    ],
    "translation": [
      1.44760609,
      0.8835819,
      -0.3650916
    ]
  },
  {
    "timeStamp": 107240,
    "rotation": [
      [
        -0.996502638,
        0.0171097443,
        0.08179167
      ],
      [
        0.0144992843,
        0.9993697,
        -0.0324041
      ],
      [
        -0.08229454,
        -0.0311048478,
        -0.996122539
      ]
    ],
    "translation": [
      1.44793,
      0.8842065,
      -0.3662552
    ]
  },
  {
    "timeStamp": 107285,
    "rotation": [
      [
        -0.9960888,
        0.01503812,
        0.08706815
      ],
      [
        0.0117547847,
        0.999204755,
        -0.0381006263
      ],
      [
        -0.08757187,
        -0.03692814,
        -0.995473444
      ]
    ],
    "translation": [
      1.44852257,
      0.885848761,
      -0.368008018
    ]
  },
  {
    "timeStamp": 107340,
    "rotation": [
      [
        -0.995502,
        0.02106452,
        0.09236917
      ],
      [
        0.0166826267,
        0.9987101,
        -0.0479571335
      ],
      [
        -0.0932602137,
        -0.04620046,
        -0.9945693
      ]
    ],
    "translation": [
      1.44943106,
      0.891801655,
      -0.371123433
    ]
  },
  {
    "timeStamp": 107396,
    "rotation": [
      [
        -0.9948305,
        0.0303507764,
        0.09690835
      ],
      [
        0.0242264476,
        0.9976712,
        -0.0637600943
      ],
      [
        -0.09861784,
        -0.06108274,
        -0.99324894
      ]
    ],
    "translation": [
      1.45033288,
      0.9023255,
      -0.374377668
    ]
  },
  {
    "timeStamp": 107440,
    "rotation": [
      [
        -0.9942116,
        0.0425493047,
        0.09865512
      ],
      [
        0.03569662,
        0.9968929,
        -0.07021541
      ],
      [
        -0.101336211,
        -0.0662873238,
        -0.9926414
      ]
    ],
    "translation": [
      1.45134,
      0.913968742,
      -0.378002733
    ]
  },
  {
    "timeStamp": 107485,
    "rotation": [
      [
        -0.9923206,
        0.061988622,
        0.107038267
      ],
      [
        0.05426146,
        0.9958065,
        -0.07365501
      ],
      [
        -0.111155175,
        -0.06728133,
        -0.9915229
      ]
    ],
    "translation": [
      1.45089829,
      0.9307356,
      -0.382991672
    ]
  },
  {
    "timeStamp": 107540,
    "rotation": [
      [
        -0.9895196,
        0.07887325,
        0.120954916
      ],
      [
        0.06750388,
        0.993149638,
        -0.09537873
      ],
      [
        -0.127649158,
        -0.08621419,
        -0.988065243
      ]
    ],
    "translation": [
      1.45128608,
      0.959113061,
      -0.390817463
    ]
  },
  {
    "timeStamp": 107585,
    "rotation": [
      [
        -0.986162663,
        0.105879873,
        0.127564177
      ],
      [
        0.09233012,
        0.989872754,
        -0.107828751
      ],
      [
        -0.1376892,
        -0.09455867,
        -0.9859515
      ]
    ],
    "translation": [
      1.45189786,
      0.988292158,
      -0.398774356
    ]
  },
  {
    "timeStamp": 107640,
    "rotation": [
      [
        -0.981356,
        0.130288675,
        0.1412982
      ],
      [
        0.112085991,
        0.9851666,
        -0.129936457
      ],
      [
        -0.156131521,
        -0.11167638,
        -0.981402755
      ]
    ],
    "translation": [
      1.4552356,
      1.02874589,
      -0.4125548
    ]
  },
  {
    "timeStamp": 107685,
    "rotation": [
      [
        -0.9752815,
        0.1461421,
        0.165736586
      ],
      [
        0.125002563,
        0.9833964,
        -0.1315517
      ],
      [
        -0.182210013,
        -0.107582435,
        -0.9773564
      ]
    ],
    "translation": [
      1.45742941,
      1.06123185,
      -0.427818239
    ]
  },
  {
    "timeStamp": 107740,
    "rotation": [
      [
        -0.9721076,
        0.143630072,
        0.185410962
      ],
      [
        0.111836366,
        0.9787554,
        -0.1718439
      ],
      [
        -0.206153944,
        -0.146315068,
        -0.9675187
      ]
    ],
    "translation": [
      1.46485841,
      1.10613692,
      -0.448254317
    ]
  },
  {
    "timeStamp": 107796,
    "rotation": [
      [
        -0.9657193,
        0.174261644,
        0.192403585
      ],
      [
        0.137954637,
        0.972380638,
        -0.188266754
      ],
      [
        -0.2198972,
        -0.155269876,
        -0.963086963
      ]
    ],
    "translation": [
      1.47442055,
      1.15350151,
      -0.471861482
    ]
  },
  {
    "timeStamp": 107840,
    "rotation": [
      [
        -0.96454215,
        0.178295627,
        0.194600061
      ],
      [
        0.133851916,
        0.9659192,
        -0.221548468
      ],
      [
        -0.227469072,
        -0.187645242,
        -0.955534935
      ]
    ],
    "translation": [
      1.48499107,
      1.189225,
      -0.492435157
    ]
  },
  {
    "timeStamp": 107896,
    "rotation": [
      [
        -0.9622317,
        0.195506915,
        0.189439341
      ],
      [
        0.143356338,
        0.9554727,
        -0.257916421
      ],
      [
        -0.231428578,
        -0.221018016,
        -0.9474132
      ]
    ],
    "translation": [
      1.50044751,
      1.23394191,
      -0.51947546
    ]
  },
  {
    "timeStamp": 107940,
    "rotation": [
      [
        -0.9641226,
        0.205210492,
        0.168393433
      ],
      [
        0.151718646,
        0.946505845,
        -0.284794778
      ],
      [
        -0.217828259,
        -0.249028653,
        -0.9436819
      ]
    ],
    "translation": [
      1.515914,
      1.26568139,
      -0.541836441
    ]
  },
  {
    "timeStamp": 107996,
    "rotation": [
      [
        -0.9679847,
        0.2045556,
        0.145473927
      ],
      [
        0.152983159,
        0.9402536,
        -0.304169863
      ],
      [
        -0.199002028,
        -0.2721767,
        -0.9414447
      ]
    ],
    "translation": [
      1.53787363,
      1.29835308,
      -0.568969369
    ]
  },
  {
    "timeStamp": 108040,
    "rotation": [
      [
        -0.9717983,
        0.194607139,
        0.13317731
      ],
      [
        0.142969623,
        0.9353507,
        -0.323540837
      ],
      [
        -0.18753086,
        -0.295376122,
        -0.9367952
      ]
    ],
    "translation": [
      1.55592752,
      1.31931329,
      -0.5913935
    ]
  },
  {
    "timeStamp": 108096,
    "rotation": [
      [
        -0.974992156,
        0.1942212,
        0.10802076
      ],
      [
        0.149712279,
        0.93321985,
        -0.326629668
      ],
      [
        -0.164245531,
        -0.302289337,
        -0.93895936
      ]
    ],
    "translation": [
      1.58210444,
      1.34083474,
      -0.617398858
    ]
  },
  {
    "timeStamp": 108140,
    "rotation": [
      [
        -0.9793943,
        0.185755819,
        0.07925584
      ],
      [
        0.150696918,
        0.93344295,
        -0.3255375
      ],
      [
        -0.1344513,
        -0.306885958,
        -0.942201555
      ]
    ],
    "translation": [
      1.60538328,
      1.35423362,
      -0.6368388
    ]
  },
  {
    "timeStamp": 108185,
    "rotation": [
      [
        -0.9819816,
        0.1805894,
        0.0556739755
      ],
      [
        0.154722,
        0.9374569,
        -0.311826378
      ],
      [
        -0.108504489,
        -0.297593772,
        -0.948506534
      ]
    ],
    "translation": [
      1.63126254,
      1.3631618,
      -0.6582301
    ]
  },
  {
    "timeStamp": 108240,
    "rotation": [
      [
        -0.989387035,
        0.141246915,
        0.03409677
      ],
      [
        0.123618819,
        0.9415533,
        -0.3133621
      ],
      [
        -0.07636536,
        -0.3058214,
        -0.9490214
      ]
    ],
    "translation": [
      1.66428709,
      1.37121451,
      -0.684315443
    ]
  },
  {
    "timeStamp": 108295,
    "rotation": [
      [
        -0.9909125,
        0.134394765,
        -0.00552494964
      ],
      [
        0.129885465,
        0.945372939,
        -0.2989981
      ],
      [
        -0.0349606425,
        -0.29699856,
        -0.954237759
      ]
    ],
    "translation": [
      1.70311534,
      1.3800925,
      -0.709782958
    ]
  },
  {
    "timeStamp": 108340,
    "rotation": [
      [
        -0.992765248,
        0.117286742,
        -0.0257113
      ],
      [
        0.119787849,
        0.952725,
        -0.279223949
      ],
      [
        -0.008253468,
        -0.280283749,
        -0.9598817
      ]
    ],
    "translation": [
      1.734147,
      1.38200068,
      -0.7301844
    ]
  },
  {
    "timeStamp": 108400,
    "rotation": [
      [
        -0.9948529,
        0.08462325,
        -0.05573677
      ],
      [
        0.09610212,
        0.962359548,
        -0.254221469
      ],
      [
        0.0321257636,
        -0.2582694,
        -0.9655386
      ]
    ],
    "translation": [
      1.7770009,
      1.38114512,
      -0.7542474
    ]
  },
  {
    "timeStamp": 108438,
    "rotation": [
      [
        -0.9952249,
        0.07213063,
        -0.06576205
      ],
      [
        0.08528572,
        0.9702836,
        -0.226442277
      ],
      [
        0.0474744141,
        -0.230969548,
        -0.971802056
      ]
    ],
    "translation": [
      1.810044,
      1.37941909,
      -0.774535656
    ]
  },
  {
    "timeStamp": 108493,
    "rotation": [
      [
        -0.9957976,
        0.036248222,
        -0.08410265
      ],
      [
        0.05306492,
        0.9768404,
        -0.207284689
      ],
      [
        0.07464117,
        -0.2108765,
        -0.9746588
      ]
    ],
    "translation": [
      1.85368371,
      1.37539756,
      -0.796291
    ]
  },
  {
    "timeStamp": 108537,
    "rotation": [
      [
        -0.9956715,
        0.0259806626,
        -0.0892372653
      ],
      [
        0.04302094,
        0.9799159,
        -0.194715291
      ],
      [
        0.08238619,
        -0.197711527,
        -0.976792037
      ]
    ],
    "translation": [
      1.88614476,
      1.37356651,
      -0.812686443
    ]
  },
  {
    "timeStamp": 108593,
    "rotation": [
      [
        -0.996066332,
        0.003697529,
        -0.08853365
      ],
      [
        0.0201741047,
        0.982352853,
        -0.185945913
      ],
      [
        0.0862837359,
        -0.187000543,
        -0.9785632
      ]
    ],
    "translation": [
      1.92499,
      1.36989141,
      -0.8302828
    ]
  },
  {
    "timeStamp": 108637,
    "rotation": [
      [
        -0.996110559,
        0.003573757,
        -0.08803974
      ],
      [
        0.0188947,
        0.9845973,
        -0.173813537
      ],
      [
        0.08606253,
        -0.174800992,
        -0.9808353
      ]
    ],
    "translation": [
      1.95333326,
      1.367427,
      -0.840997934
    ]
  },
  {
    "timeStamp": 108693,
    "rotation": [
      [
        -0.9972268,
        -0.007222469,
        -0.07407135
      ],
      [
        0.004750935,
        0.9870718,
        -0.160208434
      ],
      [
        0.07427084,
        -0.160116047,
        -0.9843001
      ]
    ],
    "translation": [
      1.98351169,
      1.36096191,
      -0.8505904
    ]
  },
  {
    "timeStamp": 108737,
    "rotation": [
      [
        -0.997776449,
        -0.007578956,
        -0.06621761
      ],
      [
        0.00216558063,
        0.9893025,
        -0.145862192
      ],
      [
        0.06661473,
        -0.145681262,
        -0.9870863
      ]
    ],
    "translation": [
      2.003586,
      1.35462773,
      -0.8535286
    ]
  },
  {
    "timeStamp": 108793,
    "rotation": [
      [
        -0.998237848,
        0.0168307777,
        -0.05690244
      ],
      [
        0.0239597615,
        0.9916103,
        -0.127023891
      ],
      [
        0.0542871319,
        -0.128163427,
        -0.990266144
      ]
    ],
    "translation": [
      2.023301,
      1.34501243,
      -0.8522032
    ]
  },
  {
    "timeStamp": 108838,
    "rotation": [
      [
        -0.9988312,
        0.0223242082,
        -0.0428687371
      ],
      [
        0.0270479713,
        0.993229032,
        -0.112979934
      ],
      [
        0.0400562845,
        -0.1140074,
        -0.992672
      ]
    ],
    "translation": [
      2.034889,
      1.33125532,
      -0.8473849
    ]
  },
  {
    "timeStamp": 108894,
    "rotation": [
      [
        -0.998161435,
        0.04848872,
        -0.03636713
      ],
      [
        0.0513534881,
        0.9952682,
        -0.08248627
      ],
      [
        0.032195393,
        -0.08420219,
        -0.995928466
      ]
    ],
    "translation": [
      2.04555941,
      1.30998445,
      -0.838259935
    ]
  },
  {
    "timeStamp": 108939,
    "rotation": [
      [
        -0.996327758,
        0.0773162246,
        -0.0367876329
      ],
      [
        0.079711,
        0.994439,
        -0.06882766
      ],
      [
        0.0312615633,
        -0.07150728,
        -0.9969501
      ]
    ],
    "translation": [
      2.05121374,
      1.29137373,
      -0.830448747
    ]
  },
  {
    "timeStamp": 108995,
    "rotation": [
      [
        -0.995338559,
        0.09052078,
        -0.0332739726
      ],
      [
        0.09158478,
        0.9952837,
        -0.0319771543
      ],
      [
        0.0302224457,
        -0.0348754823,
        -0.998934567
      ]
    ],
    "translation": [
      2.05883241,
      1.26158,
      -0.822214842
    ]
  },
  {
    "timeStamp": 109039,
    "rotation": [
      [
        -0.9946681,
        0.09653608,
        -0.0362782925
      ],
      [
        0.09691077,
        0.995254934,
        -0.008711681
      ],
      [
        0.03526516,
        -0.0121809887,
        -0.9993037
      ]
    ],
    "translation": [
      2.06750131,
      1.23651576,
      -0.8148233
    ]
  },
  {
    "timeStamp": 109095,
    "rotation": [
      [
        -0.993073,
        0.103502154,
        -0.055616837
      ],
      [
        0.1030952,
        0.9946198,
        0.0101448381
      ],
      [
        0.0563676171,
        0.004340736,
        -0.9984006
      ]
    ],
    "translation": [
      2.08248544,
      1.20582736,
      -0.8054049
    ]
  },
  {
    "timeStamp": 109140,
    "rotation": [
      [
        -0.991618752,
        0.107780837,
        -0.0712433159
      ],
      [
        0.106111236,
        0.993992269,
        0.0268296618
      ],
      [
        0.07370702,
        0.01904508,
        -0.9970981
      ]
    ],
    "translation": [
      2.09472,
      1.181863,
      -0.798653066
    ]
  },
  {
    "timeStamp": 109195,
    "rotation": [
      [
        -0.990029454,
        0.111070372,
        -0.0866313949
      ],
      [
        0.109521605,
        0.9937309,
        0.02244505
      ],
      [
        0.08858128,
        0.01273325,
        -0.995987535
      ]
    ],
    "translation": [
      2.10893416,
      1.15367734,
      -0.790876
    ]
  },
  {
    "timeStamp": 109240,
    "rotation": [
      [
        -0.991012156,
        0.09957732,
        -0.0893268138
      ],
      [
        0.0991898552,
        0.9950298,
        0.008777331
      ],
      [
        0.08975687,
        -0.000161872609,
        -0.995963752
      ]
    ],
    "translation": [
      2.11952353,
      1.13168967,
      -0.785649359
    ]
  },
  {
    "timeStamp": 109285,
    "rotation": [
      [
        -0.988007545,
        0.108402334,
        -0.109954365
      ],
      [
        0.107745737,
        0.994107068,
        0.01191332
      ],
      [
        0.110597849,
        -7.666488E-05,
        -0.9938652
      ]
    ],
    "translation": [
      2.12893462,
      1.11059964,
      -0.7810755
    ]
  },
  {
    "timeStamp": 109345,
    "rotation": [
      [
        -0.9910106,
        0.08405818,
        -0.104078114
      ],
      [
        0.0872145,
        0.995846331,
        -0.0261483081
      ],
      [
        0.101447828,
        -0.03499037,
        -0.9942253
      ]
    ],
    "translation": [
      2.13869953,
      1.08333123,
      -0.7769487
    ]
  },
  {
    "timeStamp": 109390,
    "rotation": [
      [
        -0.9926651,
        0.0736607,
        -0.09586449
      ],
      [
        0.0774810538,
        0.9963161,
        -0.0367539451
      ],
      [
        0.09280402,
        -0.0439120419,
        -0.9947156
      ]
    ],
    "translation": [
      2.14321423,
      1.06619275,
      -0.7759803
    ]
  },
  {
    "timeStamp": 109445,
    "rotation": [
      [
        -0.995407045,
        0.0577796027,
        -0.07633023
      ],
      [
        0.0618765019,
        0.996705,
        -0.0524443127
      ],
      [
        0.07304851,
        -0.05692649,
        -0.995702446
      ]
    ],
    "translation": [
      2.148812,
      1.05088687,
      -0.775707364
    ]
  },
  {
    "timeStamp": 109490,
    "rotation": [
      [
        -0.9977665,
        0.029702343,
        -0.059831053
      ],
      [
        0.0346070677,
        0.9959749,
        -0.08268259
      ],
      [
        0.0571343563,
        -0.08456849,
        -0.994778335
      ]
    ],
    "translation": [
      2.15176487,
      1.04088223,
      -0.7755992
    ]
  },
  {
    "timeStamp": 109545,
    "rotation": [
      [
        -0.997893035,
        -0.00203097938,
        -0.06484886
      ],
      [
        0.00370471459,
        0.9960955,
        -0.08820445
      ],
      [
        0.0647748038,
        -0.088258855,
        -0.9939892
      ]
    ],
    "translation": [
      2.15221667,
      1.03587914,
      -0.774445832
    ]
  },
  {
    "timeStamp": 109590,
    "rotation": [
      [
        -0.9968825,
        -0.0193435084,
        -0.07649269
      ],
      [
        -0.0131972823,
        0.9967031,
        -0.08005464
      ],
      [
        0.07778904,
        -0.0787955746,
        -0.9938512
      ]
    ],
    "translation": [
      2.15077949,
      1.02998126,
      -0.77304107
    ]
  },
  {
    "timeStamp": 109645,
    "rotation": [
      [
        -0.997375369,
        -0.0678767338,
        -0.0252013616
      ],
      [
        -0.06534226,
        0.9937475,
        -0.09053371
      ],
      [
        0.031188922,
        -0.08864938,
        -0.9955745
      ]
    ],
    "translation": [
      2.1505332,
      1.02216721,
      -0.779755
    ]
  },
  {
    "timeStamp": 109690,
    "rotation": [
      [
        -0.9972291,
        -0.0589297526,
        -0.0454037935
      ],
      [
        -0.0558169261,
        0.996189237,
        -0.06701906
      ],
      [
        0.0491801873,
        -0.0642990544,
        -0.9967181
      ]
    ],
    "translation": [
      2.150355,
      1.02329361,
      -0.7771096
    ]
  },
  {
    "timeStamp": 109735,
    "rotation": [
      [
        -0.9935488,
        -0.09650102,
        -0.05956786
      ],
      [
        -0.0915117562,
        0.9924663,
        -0.08146358
      ],
      [
        0.06698041,
        -0.07548688,
        -0.9948947
      ]
    ],
    "translation": [
      2.15053916,
      1.017581,
      -0.7744654
    ]
  },
  {
    "timeStamp": 109792,
    "rotation": [
      [
        -0.987058938,
        -0.156303525,
        -0.03583063
      ],
      [
        -0.15331988,
        0.985347152,
        -0.07472612
      ],
      [
        0.0469855666,
        -0.0682655349,
        -0.9965601
      ]
    ],
    "translation": [
      2.15206885,
      1.00882673,
      -0.777397156
    ]
  },
  {
    "timeStamp": 109838,
    "rotation": [
      [
        -0.9696081,
        -0.236790046,
        -0.0615680255
      ],
      [
        -0.23331672,
        0.9706313,
        -0.0586352423
      ],
      [
        0.0736441,
        -0.0424883552,
        -0.9963791
      ]
    ],
    "translation": [
      2.15656948,
      0.9994014,
      -0.77419734
    ]
  },
  {
    "timeStamp": 109894,
    "rotation": [
      [
        -0.969411,
        -0.244748875,
        -0.0184469335
      ],
      [
        -0.238863423,
        0.958041,
        -0.158435121
      ],
      [
        0.0564497374,
        -0.149182454,
        -0.9871971
      ]
    ],
    "translation": [
      2.156175,
      0.999192238,
      -0.776875257
    ]
  },
  {
    "timeStamp": 109939,
    "rotation": [
      [
        -0.9629229,
        -0.2691717,
        -0.0180595256
      ],
      [
        -0.2623381,
        0.9498827,
        -0.170004845
      ],
      [
        0.06291492,
        -0.158963844,
        -0.9852777
      ]
    ],
    "translation": [
      2.15814853,
      0.9969373,
      -0.7774834
    ]
  },
  {
    "timeStamp": 109995,
    "rotation": [
      [
        -0.9658453,
        -0.247855872,
        -0.07556602
      ],
      [
        -0.23223123,
        0.9573566,
        -0.171863064
      ],
      [
        0.114940904,
        -0.14844434,
        -0.9822183
      ]
    ],
    "translation": [
      2.15744233,
      1.0016762,
      -0.770888746
    ]
  },
  {
    "timeStamp": 110039,
    "rotation": [
      [
        -0.9699683,
        -0.238083914,
        -0.04977444
      ],
      [
        -0.2300112,
        0.964384258,
        -0.130605519
      ],
      [
        0.07909676,
        -0.115234531,
        -0.9901841
      ]
    ],
    "translation": [
      2.15703917,
      1.00156939,
      -0.7768562
    ]
  },
  {
    "timeStamp": 110095,
    "rotation": [
      [
        -0.978829563,
        -0.202672452,
        -0.0285753943
      ],
      [
        -0.197483376,
        0.97186625,
        -0.1283602
      ],
      [
        0.05378654,
        -0.119999595,
        -0.991315842
      ]
    ],
    "translation": [
      2.15407276,
      1.00454915,
      -0.780713558
    ]
  },
  {
    "timeStamp": 110139,
    "rotation": [
      [
        -0.9853261,
        -0.164983645,
        -0.043736238
      ],
      [
        -0.156758413,
        0.9761016,
        -0.150507808
      ],
      [
        0.06752233,
        -0.141443253,
        -0.9876409
      ]
    ],
    "translation": [
      2.15308046,
      1.00993907,
      -0.77864033
    ]
  },
  {
    "timeStamp": 110194,
    "rotation": [
      [
        -0.989563763,
        -0.128886119,
        -0.06443532
      ],
      [
        -0.117939211,
        0.981363,
        -0.151713282
      ],
      [
        0.08278818,
        -0.142530516,
        -0.986322045
      ]
    ],
    "translation": [
      2.15249348,
      1.01516485,
      -0.7763587
    ]
  },
  {
    "timeStamp": 110239,
    "rotation": [
      [
        -0.991342962,
        -0.108160183,
        -0.0744345
      ],
      [
        -0.0958766937,
        0.9836539,
        -0.152422652
      ],
      [
        0.08970384,
        -0.143966585,
        -0.985508442
      ]
    ],
    "translation": [
      2.15206647,
      1.018343,
      -0.7753443
    ]
  },
  {
    "timeStamp": 110295,
    "rotation": [
      [
        -0.9929053,
        -0.08214937,
        -0.08596784
      ],
      [
        -0.06802859,
        0.98542124,
        -0.155939564
      ],
      [
        0.0975248739,
        -0.148984954,
        -0.9840185
      ]
    ],
    "translation": [
      2.15164614,
      1.02236593,
      -0.7741905
    ]
  },
  {
    "timeStamp": 110339,
    "rotation": [
      [
        -0.9945863,
        -0.05136513,
        -0.0903313
      ],
      [
        -0.0376279019,
        0.9883179,
        -0.147688344
      ],
      [
        0.09686207,
        -0.143489823,
        -0.9849002
      ]
    ],
    "translation": [
      2.15122247,
      1.0269078,
      -0.7743089
    ]
  },
  {
    "timeStamp": 110394,
    "rotation": [
      [
        -0.9966671,
        -0.0265540965,
        -0.07713369
      ],
      [
        -0.018609494,
        0.9946156,
        -0.101948306
      ],
      [
        0.07942552,
        -0.1001731,
        -0.9917948
      ]
    ],
    "translation": [
      2.15082741,
      1.03049242,
      -0.7769813
    ]
  },
  {
    "timeStamp": 110439,
    "rotation": [
      [
        -0.9920441,
        0.07437728,
        -0.101570114
      ],
      [
        0.08077273,
        0.9949025,
        -0.060371723
      ],
      [
        0.09656207,
        -0.0680955052,
        -0.992994845
      ]
    ],
    "translation": [
      2.14886427,
      1.03685069,
      -0.7769414
    ]
  },
  {
    "timeStamp": 110494,
    "rotation": [
      [
        -0.9877291,
        0.104869574,
        -0.115731046
      ],
      [
        0.110721812,
        0.9928168,
        -0.0453367345
      ],
      [
        0.110145286,
        -0.05759436,
        -0.9922454
      ]
    ],
    "translation": [
      2.143718,
      1.03626716,
      -0.778636456
    ]
  },
  {
    "timeStamp": 110539,
    "rotation": [
      [
        -0.9878097,
        0.102909796,
        -0.116796695
      ],
      [
        0.108646668,
        0.993113,
        -0.0438470058
      ],
      [
        0.11148002,
        -0.05600207,
        -0.9921875
      ]
    ],
    "translation": [
      2.141645,
      1.04087627,
      -0.7788631
    ]
  },
  {
    "timeStamp": 110594,
    "rotation": [
      [
        -0.988127232,
        0.0919434354,
        -0.12308915
      ],
      [
        0.0990577,
        0.9936708,
        -0.0529705472
      ],
      [
        0.117439806,
        -0.06453457,
        -0.9909809
      ]
    ],
    "translation": [
      2.14036632,
      1.04654789,
      -0.777075648
    ]
  },
  {
    "timeStamp": 110639,
    "rotation": [
      [
        -0.986840248,
        0.09381217,
        -0.131702811
      ],
      [
        0.101071067,
        0.993644834,
        -0.04954349
      ],
      [
        0.126218036,
        -0.0622028522,
        -0.990050435
      ]
    ],
    "translation": [
      2.14009929,
      1.04989994,
      -0.7756374
    ]
  },
  {
    "timeStamp": 110694,
    "rotation": [
      [
        -0.989551544,
        0.0848853439,
        -0.1165428
      ],
      [
        0.0904542,
        0.9949568,
        -0.0433474965
      ],
      [
        0.112275489,
        -0.05343637,
        -0.9922393
      ]
    ],
    "translation": [
      2.13782144,
      1.04747486,
      -0.7758388
    ]
  },
  {
    "timeStamp": 110739,
    "rotation": [
      [
        -0.9905102,
        0.08143801,
        -0.1107129
      ],
      [
        0.0852389559,
        0.9959078,
        -0.03003545
      ],
      [
        0.107813805,
        -0.0391874723,
        -0.9933985
      ]
    ],
    "translation": [
      2.13834953,
      1.04237974,
      -0.776472449
    ]
  },
  {
    "timeStamp": 110794,
    "rotation": [
      [
        -0.9929352,
        0.0803058445,
        -0.08735391
      ],
      [
        0.08020863,
        0.996767342,
        0.00462799
      ],
      [
        0.08744318,
        -0.002411244,
        -0.9961666
      ]
    ],
    "translation": [
      2.13746476,
      1.0289588,
      -0.7800325
    ]
  },
  {
    "timeStamp": 110839,
    "rotation": [
      [
        -0.993240654,
        0.07752635,
        -0.08638652
      ],
      [
        0.07654505,
        0.9969589,
        0.0146196084
      ],
      [
        0.0872572139,
        0.007908329,
        -0.9961544
      ]
    ],
    "translation": [
      2.14006233,
      1.02274418,
      -0.78089
    ]
  },
  {
    "timeStamp": 110894,
    "rotation": [
      [
        -0.992799163,
        0.07640206,
        -0.09226313
      ],
      [
        0.07508579,
        0.997020662,
        0.0176595245
      ],
      [
        0.09333747,
        0.0106047112,
        -0.995578051
      ]
    ],
    "translation": [
      2.14294767,
      1.01827049,
      -0.7797179
    ]
  },
  {
    "timeStamp": 110938,
    "rotation": [
      [
        -0.9920013,
        0.08337293,
        -0.09477491
      ],
      [
        0.08256003,
        0.996508,
        0.012473085
      ],
      [
        0.09548388,
        0.004548697,
        -0.9954206
      ]
    ],
    "translation": [
      2.14437151,
      1.01779664,
      -0.7787132
    ]
  },
  {
    "timeStamp": 110994,
    "rotation": [
      [
        -0.992007256,
        0.0855199,
        -0.09277896
      ],
      [
        0.08538574,
        0.9963332,
        0.00542191369
      ],
      [
        0.09290244,
        -0.00254342263,
        -0.9956719
      ]
    ],
    "translation": [
      2.14444184,
      1.01654243,
      -0.777299464
    ]
  },
  {
    "timeStamp": 111038,
    "rotation": [
      [
        -0.9918502,
        0.09173422,
        -0.08841904
      ],
      [
        0.09154737,
        0.995781541,
        0.006174827
      ],
      [
        0.0886125,
        -0.00197002687,
        -0.9960642
      ]
    ],
    "translation": [
      2.14357114,
      1.014269,
      -0.776635766
    ]
  },
  {
    "timeStamp": 111093,
    "rotation": [
      [
        -0.9938323,
        0.0883530155,
        -0.06701572
      ],
      [
        0.08835478,
        0.9960847,
        0.00294333673
      ],
      [
        0.06701339,
        -0.00299597671,
        -0.99774754
      ]
    ],
    "translation": [
      2.13936377,
      1.0103935,
      -0.7771302
    ]
  },
  {
    "timeStamp": 111138,
    "rotation": [
      [
        -0.9936009,
        0.0940072,
        -0.0626085
      ],
      [
        0.09338742,
        0.995548069,
        0.0127596408
      ],
      [
        0.0635292754,
        0.006831144,
        -0.9979566
      ]
    ],
    "translation": [
      2.13720226,
      1.007084,
      -0.7765602
    ]
  },
  {
    "timeStamp": 111193,
    "rotation": [
      [
        -0.9932153,
        0.09844045,
        -0.0619098358
      ],
      [
        0.09740639,
        0.9950534,
        0.0195121933
      ],
      [
        0.06352438,
        0.0133493962,
        -0.997891
      ]
    ],
    "translation": [
      2.135445,
      1.00315821,
      -0.775036931
    ]
  },
  {
    "timeStamp": 111237,
    "rotation": [
      [
        -0.9942759,
        0.08822026,
        -0.0602705479
      ],
      [
        0.08692121,
        0.9959296,
        0.0238508657
      ],
      [
        0.062129356,
        0.018475553,
        -0.9978971
      ]
    ],
    "translation": [
      2.136015,
      0.9984124,
      -0.7737969
    ]
  },
  {
    "timeStamp": 111293,
    "rotation": [
      [
        -0.992579341,
        0.0950905,
        -0.07578925
      ],
      [
        0.09217112,
        0.9948931,
        0.0411368757
      ],
      [
        0.07931393,
        0.0338460319,
        -0.9962749
      ]
    ],
    "translation": [
      2.14015341,
      0.991158664,
      -0.7715791
    ]
  },
  {
    "timeStamp": 111337,
    "rotation": [
      [
        -0.992798746,
        0.09056851,
        -0.07840921
      ],
      [
        0.08643718,
        0.9947613,
        0.0545767471
      ],
      [
        0.0829413757,
        0.0474062562,
        -0.995426238
      ]
    ],
    "translation": [
      2.14393735,
      0.982672751,
      -0.771782756
    ]
  },
  {
    "timeStamp": 111393,
    "rotation": [
      [
        -0.992682159,
        0.09111682,
        -0.07924566
      ],
      [
        0.08686717,
        0.9946715,
        0.0555213578
      ],
      [
        0.08388233,
        0.0482312143,
        -0.995307744
      ]
    ],
    "translation": [
      2.14589763,
      0.977390945,
      -0.7712131
    ]
  },
  {
    "timeStamp": 111438,
    "rotation": [
      [
        -0.9937133,
        0.08546479,
        -0.07231628
      ],
      [
        0.08160454,
        0.9951596,
        0.054753866
      ],
      [
        0.07664577,
        0.04850831,
        -0.9958777
      ]
    ],
    "translation": [
      2.14561915,
      0.9738045,
      -0.771577835
    ]
  },
  {
    "timeStamp": 111493,
    "rotation": [
      [
        -0.9934549,
        0.08846817,
        -0.0722547844
      ],
      [
        0.08394982,
        0.9944543,
        0.0633481145
      ],
      [
        0.0774583742,
        0.05686772,
        -0.9953724
      ]
    ],
    "translation": [
      2.14510822,
      0.9682511,
      -0.770788252
    ]
  },
  {
    "timeStamp": 111538,
    "rotation": [
      [
        -0.9943555,
        0.08100931,
        -0.06851746
      ],
      [
        0.0771662146,
        0.995388,
        0.0569934025
      ],
      [
        0.07281845,
        0.05138447,
        -0.9960207
      ]
    ],
    "translation": [
      2.14485979,
      0.9638831,
      -0.7697961
    ]
  },
  {
    "timeStamp": 111594,
    "rotation": [
      [
        -0.9936907,
        0.0819683447,
        -0.07655006
      ],
      [
        0.07698658,
        0.994851232,
        0.06591051
      ],
      [
        0.0815584958,
        0.0596013367,
        -0.9948849
      ]
    ],
    "translation": [
      2.144717,
      0.958255649,
      -0.7683402
    ]
  },
  {
    "timeStamp": 111638,
    "rotation": [
      [
        -0.9929846,
        0.08390921,
        -0.08331214
      ],
      [
        0.07860265,
        0.994780958,
        0.0650573745
      ],
      [
        0.0883362442,
        0.0580524169,
        -0.99439764
      ]
    ],
    "translation": [
      2.1438098,
      0.956190467,
      -0.767908156
    ]
  },
  {
    "timeStamp": 111694,
    "rotation": [
      [
        -0.994303465,
        0.0796102,
        -0.0708721
      ],
      [
        0.07491711,
        0.9949643,
        0.06658423
      ],
      [
        0.075816,
        0.0608954,
        -0.9952606
      ]
    ],
    "translation": [
      2.13963747,
      0.9524648,
      -0.771878064
    ]
  },
  {
    "timeStamp": 111738,
    "rotation": [
      [
        -0.9942725,
        0.08330725,
        -0.06694864
      ],
      [
        0.07912731,
        0.9948821,
        0.06283606
      ],
      [
        0.0718407,
        0.0571787,
        -0.9957759
      ]
    ],
    "translation": [
      2.13689351,
      0.949784338,
      -0.7751611
    ]
  },
  {
    "timeStamp": 111794,
    "rotation": [
      [
        -0.9918801,
        0.1003091,
        -0.07817892
      ],
      [
        0.09823793,
        0.994713247,
        0.0299126022
      ],
      [
        0.08076612,
        0.02198958,
        -0.9964905
      ]
    ],
    "translation": [
      2.136105,
      0.948792338,
      -0.77508837
    ]
  },
  {
    "timeStamp": 111838,
    "rotation": [
      [
        -0.9897197,
        0.110742807,
        -0.09050378
      ],
      [
        0.108938888,
        0.993742764,
        0.02464981
      ],
      [
        0.09266727,
        0.0145370215,
        -0.995591
      ]
    ],
    "translation": [
      2.13792562,
      0.948642433,
      -0.7759709
    ]
  },
  {
    "timeStamp": 111894,
    "rotation": [
      [
        -0.987853765,
        0.120441377,
        -0.0981771648
      ],
      [
        0.120079994,
        0.992717743,
        0.009603178
      ],
      [
        0.0986188352,
        -0.00230257865,
        -0.9951226
      ]
    ],
    "translation": [
      2.13994837,
      0.948224,
      -0.777452946
    ]
  },
  {
    "timeStamp": 111938,
    "rotation": [
      [
        -0.983276665,
        0.151547536,
        -0.1009968
      ],
      [
        0.1540897,
        0.9878962,
        -0.0178182051
      ],
      [
        0.09707405,
        -0.03308279,
        -0.994727254
      ]
    ],
    "translation": [
      2.139949,
      0.947823048,
      -0.778403163
    ]
  },
  {
    "timeStamp": 111994,
    "rotation": [
      [
        -0.978925943,
        0.172066987,
        -0.109985925
      ],
      [
        0.177248,
        0.983387947,
        -0.0391328968
      ],
      [
        0.10142535,
        -0.0578029938,
        -0.993162453
      ]
    ],
    "translation": [
      2.14203167,
      0.9471484,
      -0.7785851
    ]
  },
  {
    "timeStamp": 112038,
    "rotation": [
      [
        -0.982553661,
        0.152935758,
        -0.105825469
      ],
      [
        0.155907243,
        0.98756206,
        -0.0203513056
      ],
      [
        0.101396777,
        -0.03649521,
        -0.994176447
      ]
    ],
    "translation": [
      2.14287972,
      0.9476016,
      -0.7795113
    ]
  },
  {
    "timeStamp": 112094,
    "rotation": [
      [
        -0.9883645,
        0.118376188,
        -0.0955124348
      ],
      [
        0.117927358,
        0.992968261,
        0.0103503447
      ],
      [
        0.09606606,
        -0.00103361579,
        -0.9953744
      ]
    ],
    "translation": [
      2.14511847,
      0.9475028,
      -0.782454669
    ]
  },
  {
    "timeStamp": 112138,
    "rotation": [
      [
        -0.993345737,
        0.07829036,
        -0.08446858
      ],
      [
        0.07354838,
        0.9956115,
        0.0578655265
      ],
      [
        0.08862821,
        0.051267948,
        -0.994744539
      ]
    ],
    "translation": [
      2.14828968,
      0.9459132,
      -0.7838119
    ]
  },
  {
    "timeStamp": 112194,
    "rotation": [
      [
        -0.9954517,
        0.063360855,
        -0.07114397
      ],
      [
        0.05826898,
        0.995737135,
        0.0715001
      ],
      [
        0.0753710046,
        0.06702941,
        -0.9949001
      ]
    ],
    "translation": [
      2.14940023,
      0.9437781,
      -0.7855643
    ]
  },
  {
    "timeStamp": 112238,
    "rotation": [
      [
        -0.99701196,
        0.052446533,
        -0.0567145273
      ],
      [
        0.0475718081,
        0.995318651,
        0.08412926
      ],
      [
        0.0608613156,
        0.0811798647,
        -0.9948395
      ]
    ],
    "translation": [
