[
  {
    "timeStamp": 140703,
    "rotation": [
      [
        0.9990137,
        0.00424758252,
        0.044198323
      ],
      [
        -0.00379810133,
        0.9999403,
        -0.0102486517
      ],
      [
        -0.0442392156,
        0.0100706741,
        0.9989702
      ]
    ],
    "translation": [
      1.76701188,
      0.8481322,
      -0.74826324
    ]
  },
  {
    "timeStamp": 140747,
    "rotation": [
      [
        0.998501241,
        -0.005977481,
        0.0544011444
      ],
      [
        0.005757173,
        0.9999746,
        0.00420551654
      ],
      [
        -0.0544249,
        -0.00388601678,
        0.9985103
      ]
    ],
    "translation": [
      1.76811755,
      0.84885633,
      -0.747859955
    ]
  },
  {
    "timeStamp": 140803,
    "rotation": [
      [
        0.99731797,
        -0.0489839055,
        0.0543819666
      ],
      [
        0.0488877,
        0.998799443,
        0.003098785
      ],
      [
        -0.05446847,
        -0.000431864755,
        0.998515368
      ]
    ],
    "translation": [
      1.76816964,
      0.848716557,
      -0.747932
    ]
  },
  {
    "timeStamp": 140847,
    "rotation": [
      [
        0.9999244,
        -0.0122673251,
        0.000752819469
      ],
      [
        0.0122681763,
        0.999924064,
        -0.00113730179
      ],
      [
        -0.000738810631,
        0.00114645157,
        0.999999046
      ]
    ],
    "translation": [
      1.76403284,
      0.849207938,
      -0.7492175
    ]
  },
  {
    "timeStamp": 140902,
    "rotation": [
      [
        0.999987066,
        0.003846632,
        0.00333211687
      ],
      [
        -0.00393561134,
        0.9996244,
        0.0271218568
      ],
      [
        -0.00322653749,
        -0.02713462,
        0.9996266
      ]
    ],
    "translation": [
      1.76397276,
      0.862423539,
      -0.74659127
    ]
  },
  {
    "timeStamp": 140947,
    "rotation": [
      [
        0.999927,
        0.0119546438,
        -0.00180373073
      ],
      [
        -0.0117741376,
        0.9967856,
        0.07924613
      ],
      [
        0.00274529215,
        -0.07921911,
        0.9968535
      ]
    ],
    "translation": [
      1.76524782,
      0.886692166,
      -0.740314066
    ]
  },
  {
    "timeStamp": 141002,
    "rotation": [
      [
        0.999695837,
        0.0136005264,
        -0.0205701012
      ],
      [
        -0.0100491624,
        0.9864377,
        0.163828313
      ],
      [
        0.0225192737,
        -0.163571775,
        0.986274362
      ]
    ],
    "translation": [
      1.76859224,
      0.9320053,
      -0.7327247
    ]
  },
  {
    "timeStamp": 141047,
    "rotation": [
      [
        0.99926585,
        0.0238790475,
        -0.02995925
      ],
      [
        -0.0161229856,
        0.9714846,
        0.236553863
      ],
      [
        0.03475363,
        -0.235897169,
        0.971156359
      ]
    ],
    "translation": [
      1.77507257,
      0.977758348,
      -0.7281352
    ]
  },
  {
    "timeStamp": 141103,
    "rotation": [
      [
        0.998795569,
        0.0483377352,
        -0.008417062
      ],
      [
        -0.04328766,
        0.948886037,
        0.312636346
      ],
      [
        0.0230989661,
        -0.31189543,
        0.9498356
      ]
    ],
    "translation": [
      1.79635358,
      1.03609943,
      -0.726045132
    ]
  },
  {
    "timeStamp": 141147,
    "rotation": [
      [
        0.9991961,
        0.0372724049,
        0.014761202
      ],
      [
        -0.04008858,
        0.9306112,
        0.3638072
      ],
      [
        -0.000176970745,
        -0.3641065,
        0.931357265
      ]
    ],
    "translation": [
      1.82468843,
      1.08015347,
      -0.725094855
    ]
  },
  {
    "timeStamp": 141202,
    "rotation": [
      [
        0.998794436,
        0.0301638674,
        0.03872752
      ],
      [
        -0.0434122235,
        0.9110383,
        0.410030127
      ],
      [
        -0.0229141545,
        -0.411217064,
        0.9112494
      ]
    ],
    "translation": [
      1.86622846,
      1.12741375,
      -0.726810336
    ]
  },
  {
    "timeStamp": 141247,
    "rotation": [
      [
        0.9994962,
        -0.00842951,
        0.03059709
      ],
      [
        -0.006226363,
        0.8932649,
        0.449487567
      ],
      [
        -0.0311202668,
        -0.449451625,
        0.8927624
      ]
    ],
    "translation": [
      1.902732,
      1.1600455,
      -0.729362249
    ]
  },
  {
    "timeStamp": 141302,
    "rotation": [
      [
        0.999197543,
        -0.03479241,
        0.0198436882
      ],
      [
        0.02181785,
        0.888265,
        0.458812833
      ],
      [
        -0.0335896574,
        -0.458011717,
        0.8883113
      ]
    ],
    "translation": [
      1.9501003,
      1.18381691,
      -0.73433286
    ]
  },
  {
    "timeStamp": 141347,
    "rotation": [
      [
        0.9967154,
        -0.08059929,
        0.007881773
      ],
      [
        0.06743373,
        0.8799012,
        0.4703474
      ],
      [
        -0.04484485,
        -0.468271017,
        0.88244617
      ]
    ],
    "translation": [
      1.99153364,
      1.19584966,
      -0.738461256
    ]
  },
  {
    "timeStamp": 141403,
    "rotation": [
      [
        0.990860045,
        -0.133327067,
        -0.0205013938
      ],
      [
        0.128286064,
        0.8843894,
        0.44877395
      ],
      [
        -0.041702494,
        -0.447302222,
        0.8934101
      ]
    ],
    "translation": [
      2.041691,
      1.19375336,
      -0.7426161
    ]
  },
  {
    "timeStamp": 141447,
    "rotation": [
      [
        0.985944331,
        -0.165188864,
        -0.0250291415
      ],
      [
        0.159981862,
        0.89025104,
        0.426449239
      ],
      [
        -0.0481624454,
        -0.424459428,
        0.904165149
      ]
    ],
    "translation": [
      2.08245,
      1.18224573,
      -0.74513185
    ]
  },
  {
    "timeStamp": 141502,
    "rotation": [
      [
        0.9796601,
        -0.194101885,
        -0.0508973673
      ],
      [
        0.198449329,
        0.8995826,
        0.3890616
      ],
      [
        -0.029731201,
        -0.391248673,
        0.9198046
      ]
    ],
    "translation": [
      2.12644839,
      1.16384888,
      -0.746772945
    ]
  },
  {
    "timeStamp": 141553,
    "rotation": [
      [
        0.974827647,
        -0.207940429,
        -0.08044858
      ],
      [
        0.222959459,
        0.910000265,
        0.349554926
      ],
      [
        0.000521629467,
        -0.358692557,
        0.933455646
      ]
    ],
    "translation": [
      2.16165018,
      1.14234614,
      -0.7460026
    ]
  },
  {
    "timeStamp": 141597,
    "rotation": [
      [
        0.9759631,
        -0.188736856,
        -0.108969733
      ],
      [
        0.214218363,
        0.92274487,
        0.3203941
      ],
      [
        0.0400810838,
        -0.336036146,
        0.9409959
      ]
    ],
    "translation": [
      2.180753,
      1.12376487,
      -0.7431139
    ]
  },
  {
    "timeStamp": 141658,
    "rotation": [
      [
        0.972761869,
        -0.18875365,
        -0.1345599
      ],
      [
        0.21991767,
        0.934983134,
        0.278285354
      ],
      [
        0.07328386,
        -0.300297469,
        0.951026261
      ]
    ],
    "translation": [
      2.200753,
      1.09752536,
      -0.7386994
    ]
  },
  {
    "timeStamp": 141697,
    "rotation": [
      [
        0.9734485,
        -0.172333717,
        -0.150662363
      ],
      [
        0.206928,
        0.943916738,
        0.257297635
      ],
      [
        0.09787167,
        -0.281642258,
        0.954515
      ]
    ],
    "translation": [
      2.21233058,
      1.07871389,
      -0.7341758
    ]
  },
  {
    "timeStamp": 141752,
    "rotation": [
      [
        0.9730035,
        -0.1568371,
        -0.1693114
      ],
      [
        0.192154139,
        0.956865847,
        0.217909545
      ],
      [
        0.127832,
        -0.244560629,
        0.9611707
      ]
    ],
    "translation": [
      2.22042966,
      1.05355775,
      -0.7310811
    ]
  },
  {
    "timeStamp": 141797,
    "rotation": [
      [
        0.9690089,
        -0.1509449,
        -0.195543751
      ],
      [
        0.190713868,
        0.9602497,
        0.203834876
      ],
      [
        0.157003,
        -0.23481071,
        0.959277868
      ]
    ],
    "translation": [
      2.22307324,
      1.04059362,
      -0.7282552
    ]
  },
  {
    "timeStamp": 141852,
    "rotation": [
      [
        0.961155355,
        -0.144340515,
        -0.235258
      ],
      [
        0.1888184,
        0.965557456,
        0.17901516
      ],
      [
        0.201315969,
        -0.216482416,
        0.9553048
      ]
    ],
    "translation": [
      2.22206259,
      1.02438855,
      -0.726730049
    ]
  },
  {
    "timeStamp": 141897,
    "rotation": [
      [
        0.958692968,
        -0.126949564,
        -0.254541755
      ],
      [
        0.172541857,
        0.9709842,
        0.165586382
      ],
      [
        0.226134926,
        -0.202665612,
        0.9527799
      ]
    ],
    "translation": [
      2.22231317,
      1.0138247,
      -0.725759447
    ]
  },
  {
    "timeStamp": 141954,
    "rotation": [
      [
        0.94625324,
        -0.139096618,
        -0.291987926
      ],
      [
        0.186113566,
        0.9725238,
        0.139854431
      ],
      [
        0.264511943,
        -0.18668063,
        0.946141541
      ]
    ],
    "translation": [
      2.223306,
      1.0009445,
      -0.727256358
    ]
  },
  {
    "timeStamp": 142000,
    "rotation": [
      [
        0.9548695,
        -0.105113439,
        -0.277804673
      ],
      [
        0.149349436,
        0.9783664,
        0.143157288
      ],
      [
        0.256747,
        -0.178186491,
        0.9499108
      ]
    ],
    "translation": [
      2.226316,
      0.9982294,
      -0.726408
    ]
  },
  {
    "timeStamp": 142045,
    "rotation": [
      [
        0.9493046,
        -0.109302588,
        -0.2947437
      ],
      [
        0.157433152,
        0.976856,
        0.144800812
      ],
      [
        0.272095025,
        -0.183862492,
        0.944541633
      ]
    ],
    "translation": [
      2.2272253,
      0.998289347,
      -0.725785732
    ]
  },
  {
    "timeStamp": 142101,
    "rotation": [
      [
        0.9523975,
        -0.09332687,
        -0.2902225
      ],
      [
        0.1437641,
        0.9769805,
        0.157610252
      ],
      [
        0.268832445,
        -0.191831186,
        0.94389087
      ]
    ],
    "translation": [
      2.22766876,
      1.0022018,
      -0.72350657
    ]
  },
  {
    "timeStamp": 142146,
    "rotation": [
      [
        0.95022136,
        -0.08948029,
        -0.2984503
      ],
      [
        0.141942173,
        0.9770224,
        0.15899542
      ],
      [
        0.277365685,
        -0.193443522,
        0.9410886
      ]
    ],
    "translation": [
      2.22666478,
      1.0035758,
      -0.7224236
    ]
  },
  {
    "timeStamp": 142202,
    "rotation": [
      [
        0.950368464,
        -0.09270748,
        -0.296993434
      ],
      [
        0.142454728,
        0.978297055,
        0.150471464
      ],
      [
        0.276597947,
        -0.185311452,
        0.942949235
      ]
    ],
    "translation": [
      2.227718,
      1.00114274,
      -0.7215345
    ]
  },
  {
    "timeStamp": 142246,
    "rotation": [
      [
        0.952231646,
        -0.07928628,
        -0.294904262
      ],
      [
        0.12828739,
        0.980220735,
        0.150697261
      ],
      [
        0.277123034,
        -0.1813312,
        0.9435687
      ]
    ],
    "translation": [
      2.22714949,
      0.999752462,
      -0.720872045
    ]
  },
  {
    "timeStamp": 142302,
    "rotation": [
      [
        0.9502866,
        -0.0824617,
        -0.300258964
      ],
      [
        0.1297894,
        0.9814316,
        0.141233459
      ],
      [
        0.283037245,
        -0.1731827,
        0.943343937
      ]
    ],
    "translation": [
      2.2269578,
      0.9963074,
      -0.7209231
    ]
  },
  {
    "timeStamp": 142346,
    "rotation": [
      [
        0.955348969,
        -0.07828235,
        -0.284921557
      ],
      [
        0.121706918,
        0.982922,
        0.138027921
      ],
      [
        0.2692505,
        -0.166541755,
        0.948561
      ]
    ],
    "translation": [
      2.22861767,
      0.996645331,
      -0.718605161
    ]
  },
  {
    "timeStamp": 142402,
    "rotation": [
      [
        0.959317446,
        -0.07928549,
        -0.270968318
      ],
      [
        0.122804232,
        0.9813918,
        0.147611752
      ],
      [
        0.254222631,
        -0.174882576,
        0.951202869
      ]
    ],
    "translation": [
      2.22963214,
      1.00286162,
      -0.7105761
    ]
  },
  {
    "timeStamp": 142446,
    "rotation": [
      [
        0.9614231,
        -0.0911331847,
        -0.2595388
      ],
      [
        0.1338725,
        0.9792634,
        0.152057081
      ],
      [
        0.240299389,
        -0.180936292,
        0.953686655
      ]
    ],
    "translation": [
      2.22865915,
      1.00819421,
      -0.7001194
    ]
  },
  {
    "timeStamp": 142502,
    "rotation": [
      [
        0.974620759,
        -0.103188492,
        -0.198661745
      ],
      [
        0.13544178,
        0.9783826,
        0.156278461
      ],
      [
        0.178241059,
        -0.179219335,
        0.9675281
      ]
    ],
    "translation": [
      2.23236,
      1.01429534,
      -0.6817679
    ]
  },
  {
    "timeStamp": 142546,
    "rotation": [
      [
        0.981633246,
        -0.106622681,
        -0.158201873
      ],
      [
        0.129514217,
        0.9813209,
        0.142251134
      ],
      [
        0.1400796,
        -0.160127833,
        0.977106333
      ]
    ],
    "translation": [
      2.23337078,
      1.01564682,
      -0.6666305
    ]
  },
  {
    "timeStamp": 142602,
    "rotation": [
      [
        0.9903884,
        -0.09912723,
        -0.096460104
      ],
      [
        0.109977327,
        0.9873093,
        0.114565812
      ],
      [
        0.08387937,
        -0.124073073,
        0.98872143
      ]
    ],
    "translation": [
      2.235303,
      1.01207578,
      -0.6493003
    ]
  },
  {
    "timeStamp": 142646,
    "rotation": [
      [
        0.996012032,
        -0.074739486,
        -0.0487232767
      ],
      [
        0.07918635,
        0.99214536,
        0.09683509
      ],
      [
        0.04110317,
        -0.100307137,
        0.9941071
      ]
    ],
    "translation": [
      2.23743224,
      1.0098474,
      -0.6360072
    ]
  },
  {
    "timeStamp": 142702,
    "rotation": [
      [
        0.9966788,
        -0.0691246837,
        -0.0430483334
      ],
      [
        0.07297258,
        0.992763,
        0.09537656
      ],
      [
        0.0361439176,
        -0.09820115,
        0.994510055
      ]
    ],
    "translation": [
      2.23300838,
      1.00898814,
      -0.620125055
    ]
  },
  {
    "timeStamp": 142746,
    "rotation": [
      [
        0.995590568,
        -0.08879708,
        -0.030241482
      ],
      [
        0.09097678,
        0.992588043,
        0.08057511
      ],
      [
        0.0228624977,
        -0.08297109,
        0.9962897
      ]
    ],
    "translation": [
      2.23584986,
      1.00573647,
      -0.610294461
    ]
  },
  {
    "timeStamp": 142802,
    "rotation": [
      [
        0.9979529,
        -0.06373932,
        0.005218885
      ],
      [
        0.06324004,
        0.9956901,
        0.0678369
      ],
      [
        -0.00952027,
        -0.06736799,
        0.99768275
      ]
    ],
    "translation": [
      2.238937,
      1.00150573,
      -0.600881457
    ]
  },
  {
    "timeStamp": 142846,
    "rotation": [
      [
        0.998276532,
        -0.0552651,
        -0.0197416935
      ],
      [
        0.0564572625,
        0.9962181,
        0.06604659
      ],
      [
        0.0160169583,
        -0.06704732,
        0.997621238
      ]
    ],
    "translation": [
      2.233386,
      1.00037074,
      -0.595826447
    ]
  },
  {
    "timeStamp": 142902,
    "rotation": [
      [
        0.9977089,
        -0.06646087,
        -0.0126426881
      ],
      [
        0.0669852942,
        0.9966482,
        0.0469614975
      ],
      [
        0.00947921,
        -0.0477007776,
        0.998816669
      ]
    ],
    "translation": [
      2.23412967,
      0.994830847,
      -0.5936436
    ]
  },
  {
    "timeStamp": 142946,
    "rotation": [
      [
        0.9975046,
        -0.07005854,
        -0.008744375
      ],
      [
        0.07032236,
        0.996917069,
        0.0348019078
      ],
      [
        0.00627924548,
        -0.0353299864,
        0.999356
      ]
    ],
    "translation": [
      2.23601532,
      0.9891117,
      -0.5928177
    ]
  },
  {
    "timeStamp": 143002,
    "rotation": [
      [
        0.9977939,
        -0.06555215,
        -0.0105044879
      ],
      [
        0.0658246949,
        0.9974346,
        0.0281295069
      ],
      [
        0.00863359,
        -0.028758904,
        0.9995491
      ]
    ],
    "translation": [
      2.23465323,
      0.983799756,
      -0.5923651
    ]
  },
  {
    "timeStamp": 143046,
    "rotation": [
      [
        0.9965125,
        -0.08296007,
        -0.008977076
      ],
      [
        0.0830874443,
        0.996431,
        0.0148913758
      ],
      [
        0.00770964753,
        -0.0155853238,
        0.999848843
      ]
    ],
    "translation": [
      2.23618579,
      0.978356361,
      -0.593154132
    ]
  },
  {
    "timeStamp": 143102,
    "rotation": [
      [
        0.9976061,
        -0.0687768,
        0.007201848
      ],
      [
        0.06867404,
        0.99754566,
        0.0136564933
      ],
      [
        -0.008123423,
        -0.01312922,
        0.9998808
      ]
    ],
    "translation": [
      2.23774219,
      0.974298537,
      -0.593298435
    ]
  },
  {
    "timeStamp": 143146,
    "rotation": [
      [
        0.9972615,
        -0.07368788,
        0.00628779829
      ],
      [
        0.07360696,
        0.997212,
        0.01225471
      ],
      [
        -0.007173292,
        -0.0117583256,
        0.9999051
      ]
    ],
    "translation": [
      2.23752165,
      0.9720607,
      -0.593896031
    ]
  },
  {
    "timeStamp": 143202,
    "rotation": [
      [
        0.9982665,
        -0.05733029,
        0.0133101251
      ],
      [
        0.0571915954,
        0.998307168,
        0.0105773062
      ],
      [
        -0.0138939936,
        -0.00979774352,
        0.999855459
      ]
    ],
    "translation": [
      2.237181,
      0.9705719,
      -0.593941569
    ]
  },
  {
    "timeStamp": 143246,
    "rotation": [
      [
        0.9986248,
        -0.0426065177,
        0.0305487961
      ],
      [
        0.04230871,
        0.9990512,
        0.0103298416
      ],
      [
        -0.03095993,
        -0.009023156,
        0.9994799
      ]
    ],
    "translation": [
      2.23940134,
      0.970175147,
      -0.59420675
    ]
  }
]