[
  {
    "timeStamp": 20749,
    "rotation": [
      [
        0.9938293,
        0.016232593,
        -0.109726124
      ],
      [
        0.11025732,
        -0.0365737863,
        0.9932299
      ],
      [
        0.0121095981,
        -0.9991991,
        -0.0381378643
      ]
    ],
    "translation": [
      1.77012241,
      0.702614,
      -0.360480368
    ]
  },
  {
    "timeStamp": 20794,
    "rotation": [
      [
        0.9943139,
        -0.0101105785,
        -0.1060075
      ],
      [
        0.105378464,
        -0.04994428,
        0.9931772
      ],
      [
        -0.0153360823,
        -0.9987008,
        -0.0485948548
      ]
    ],
    "translation": [
      1.77142072,
      0.703906655,
      -0.360251516
    ]
  },
  {
    "timeStamp": 20850,
    "rotation": [
      [
        0.994618535,
        -0.0296126,
        -0.09928275
      ],
      [
        0.09698166,
        -0.07102036,
        0.992749035
      ],
      [
        -0.0364489853,
        -0.9970352,
        -0.06776629
      ]
    ],
    "translation": [
      1.77319145,
      0.713231266,
      -0.3609834
    ]
  },
  {
    "timeStamp": 20894,
    "rotation": [
      [
        0.995837033,
        -0.0325741731,
        -0.0851318762
      ],
      [
        0.0815790743,
        -0.09812757,
        0.9918245
      ],
      [
        -0.0406616367,
        -0.9946406,
        -0.09506169
      ]
    ],
    "translation": [
      1.77442682,
      0.7258559,
      -0.3630582
    ]
  },
  {
    "timeStamp": 20949,
    "rotation": [
      [
        0.998002231,
        -0.03650201,
        -0.05156703
      ],
      [
        0.0465045571,
        -0.128062144,
        0.9906752
      ],
      [
        -0.0427654348,
        -0.9910942,
        -0.1261088
      ]
    ],
    "translation": [
      1.77673972,
      0.745922565,
      -0.37233296
    ]
  },
  {
    "timeStamp": 20993,
    "rotation": [
      [
        0.999013,
        -0.0425808541,
        -0.0126428511
      ],
      [
        0.00660308963,
        -0.1391021,
        0.990256
      ],
      [
        -0.0439245962,
        -0.9893621,
        -0.138683647
      ]
    ],
    "translation": [
      1.779426,
      0.76410687,
      -0.386299372
    ]
  },
  {
    "timeStamp": 21049,
    "rotation": [
      [
        0.9985517,
        -0.0340285636,
        0.04167126
      ],
      [
        -0.04613454,
        -0.143124178,
        0.988628864
      ],
      [
        -0.0276774447,
        -0.9891195,
        -0.144486785
      ]
    ],
    "translation": [
      1.78188527,
      0.7865838,
      -0.41364032
    ]
  },
  {
    "timeStamp": 21093,
    "rotation": [
      [
        0.997777939,
        -0.002707911,
        0.06657216
      ],
      [
        -0.0662010238,
        -0.153124943,
        0.9859869
      ],
      [
        0.00752390455,
        -0.9882031,
        -0.152963951
      ]
    ],
    "translation": [
      1.78661776,
      0.804651,
      -0.4398118
    ]
  },
  {
    "timeStamp": 21149,
    "rotation": [
      [
        0.994492531,
        -0.007281332,
        0.104554355
      ],
      [
        -0.104331233,
        -0.163779929,
        0.980964363
      ],
      [
        0.0099812,
        -0.986470044,
        -0.163637578
      ]
    ],
    "translation": [
      1.80127823,
      0.8272895,
      -0.4719541
    ]
  },
  {
    "timeStamp": 21194,
    "rotation": [
      [
        0.989585161,
        -0.03567562,
        0.139457554
      ],
      [
        -0.143473879,
        -0.165842339,
        0.975659549
      ],
      [
        -0.011679288,
        -0.9855068,
        -0.169233635
      ]
    ],
    "translation": [
      1.82028151,
      0.845502257,
      -0.496248484
    ]
  },
  {
    "timeStamp": 21249,
    "rotation": [
      [
        0.984374344,
        -0.07394584,
        0.159809515
      ],
      [
        -0.171024978,
        -0.18541941,
        0.967662156
      ],
      [
        -0.04192279,
        -0.97987324,
        -0.1951687
      ]
    ],
    "translation": [
      1.85198653,
      0.869276345,
      -0.520718932
    ]
  },
  {
    "timeStamp": 21293,
    "rotation": [
      [
        0.977425456,
        -0.132521123,
        0.164552912
      ],
      [
        -0.189638957,
        -0.206902936,
        0.9598064
      ],
      [
        -0.0931481645,
        -0.9693448,
        -0.227363378
      ]
    ],
    "translation": [
      1.884375,
      0.888272047,
      -0.534955561
    ]
  },
  {
    "timeStamp": 21349,
    "rotation": [
      [
        0.9673408,
        -0.206248879,
        0.147353634
      ],
      [
        -0.197581515,
        -0.249367177,
        0.9480388
      ],
      [
        -0.1587868,
        -0.946191,
        -0.281974018
      ]
    ],
    "translation": [
      1.933011,
      0.912311,
      -0.5460812
    ]
  },
  {
    "timeStamp": 21394,
    "rotation": [
      [
        0.9550558,
        -0.2700098,
        0.122324452
      ],
      [
        -0.200115979,
        -0.282860428,
        0.9380531
      ],
      [
        -0.218682766,
        -0.920372069,
        -0.324180752
      ]
    ],
    "translation": [
      1.9750731,
      0.9295524,
      -0.551665366
    ]
  },
  {
    "timeStamp": 21449,
    "rotation": [
      [
        0.9392601,
        -0.3353767,
        0.0728895
      ],
      [
        -0.184781924,
        -0.315191865,
        0.930865049
      ],
      [
        -0.28921628,
        -0.887793064,
        -0.358018726
      ]
    ],
    "translation": [
      2.02893758,
      0.9437381,
      -0.5578016
    ]
  },
  {
    "timeStamp": 21493,
    "rotation": [
      [
        0.927886844,
        -0.370785832,
        0.0392922945
      ],
      [
        -0.166839227,
        -0.318634331,
        0.933079243
      ],
      [
        -0.3334527,
        -0.8723475,
        -0.357518226
      ]
    ],
    "translation": [
      2.06850553,
      0.947293043,
      -0.564508259
    ]
  },
  {
    "timeStamp": 21542,
    "rotation": [
      [
        0.9268624,
        -0.373886436,
        0.03369066
      ],
      [
        -0.152776837,
        -0.293705,
        0.9436083
      ],
      [
        -0.34290722,
        -0.8797422,
        -0.3293453
      ]
    ],
    "translation": [
      2.09726477,
      0.940887153,
      -0.5731675
    ]
  },
  {
    "timeStamp": 21599,
    "rotation": [
      [
        0.9472355,
        -0.319467247,
        0.0261819214
      ],
      [
        -0.114275768,
        -0.260258555,
        0.9587526
      ],
      [
        -0.299475968,
        -0.9111565,
        -0.28303352
      ]
    ],
    "translation": [
      2.12536883,
      0.9200754,
      -0.586843848
    ]
  },
  {
    "timeStamp": 21644,
    "rotation": [
      [
        0.9634132,
        -0.267865479,
        0.009116503
      ],
      [
        -0.0688876659,
        -0.214605361,
        0.974268436
      ],
      [
        -0.259016424,
        -0.939251065,
        -0.225206271
      ]
    ],
    "translation": [
      2.13627577,
      0.899341345,
      -0.5990922
    ]
  },
  {
    "timeStamp": 21700,
    "rotation": [
      [
        0.979976356,
        -0.197533041,
        0.025039481
      ],
      [
        -0.05942285,
        -0.170115247,
        0.9836309
      ],
      [
        -0.19004,
        -0.9654229,
        -0.1784469
      ]
    ],
    "translation": [
      2.13780427,
      0.8768482,
      -0.61136657
    ]
  },
  {
    "timeStamp": 21743,
    "rotation": [
      [
        0.990735233,
        -0.134895653,
        0.0157162379
      ],
      [
        -0.03494879,
        -0.141415969,
        0.989333153
      ],
      [
        -0.131234214,
        -0.980716467,
        -0.144820213
      ]
    ],
    "translation": [
      2.13492966,
      0.8593385,
      -0.61953
    ]
  },
  {
    "timeStamp": 21799,
    "rotation": [
      [
        0.998166561,
        -0.05702291,
        0.02029663
      ],
      [
        -0.0274749342,
        -0.128067657,
        0.9913848
      ],
      [
        -0.05393231,
        -0.9901248,
        -0.129399553
      ]
    ],
    "translation": [
      2.12740016,
      0.8415739,
      -0.624936163
    ]
  },
  {
    "timeStamp": 21844,
    "rotation": [
      [
        0.999532342,
        -0.0269844625,
        0.0143840127
      ],
      [
        -0.0174317844,
        -0.116344884,
        0.9930559
      ],
      [
        -0.02512357,
        -0.992842257,
        -0.116760865
      ]
    ],
    "translation": [
      2.12415981,
      0.8299956,
      -0.626192451
    ]
  },
  {
    "timeStamp": 21899,
    "rotation": [
      [
        0.998737156,
        -0.0437392332,
        0.0247181132
      ],
      [
        -0.0292995665,
        -0.107412241,
        0.993782759
      ],
      [
        -0.0408122726,
        -0.993252,
        -0.108558133
      ]
    ],
    "translation": [
      2.12431669,
      0.8218186,
      -0.622862756
    ]
  },
  {
    "timeStamp": 21943,
    "rotation": [
      [
        0.9967853,
        -0.059199702,
        0.0539855845
      ],
      [
        -0.0597763769,
        -0.100861378,
        0.9931031
      ],
      [
        -0.0533463359,
        -0.993137658,
        -0.104075886
      ]
    ],
    "translation": [
      2.12233138,
      0.81843996,
      -0.619250536
    ]
  },
  {
    "timeStamp": 22000,
    "rotation": [
      [
        0.9976526,
        -0.04882993,
        0.0480096862
      ],
      [
        -0.0519467257,
        -0.0828418657,
        0.9952079
      ],
      [
        -0.0446187258,
        -0.9953657,
        -0.0851839557
      ]
    ],
    "translation": [
      2.12027717,
      0.8077184,
      -0.617027
    ]
  },
  {
    "timeStamp": 22046,
    "rotation": [
      [
        0.998405933,
        -0.0304406956,
        0.0475282371
      ],
      [
        -0.04998635,
        -0.0858578458,
        0.995052636
      ],
      [
        -0.0262094028,
        -0.9958422,
        -0.0872425959
      ]
    ],
    "translation": [
      2.11596346,
      0.801529348,
      -0.615306854
    ]
  },
  {
    "timeStamp": 22103,
    "rotation": [
      [
        0.997700155,
        -0.03664053,
        0.05702547
      ],
      [
        -0.0598892048,
        -0.08250815,
        0.994789243
      ],
      [
        -0.0317445137,
        -0.9959166,
        -0.0845127553
      ]
    ],
    "translation": [
      2.11250043,
      0.800715148,
      -0.6133754
    ]
  },
  {
    "timeStamp": 22148,
    "rotation": [
      [
        0.9974269,
        -0.03548845,
        0.0622903556
      ],
      [
        -0.0652795658,
        -0.09045186,
        0.993759036
      ],
      [
        -0.02963268,
        -0.995268345,
        -0.0925357938
      ]
    ],
    "translation": [
      2.110467,
      0.8064281,
      -0.610249162
    ]
  },
  {
    "timeStamp": 22192,
    "rotation": [
      [
        0.995399237,
        -0.0565979928,
        0.07731172
      ],
      [
        -0.08308444,
        -0.107978843,
        0.9906753
      ],
      [
        -0.04772218,
        -0.992540836,
        -0.112184472
      ]
    ],
    "translation": [
      2.10967636,
      0.8178651,
      -0.6031291
    ]
  },
  {
    "timeStamp": 22248,
    "rotation": [
      [
        0.9921238,
        -0.0886171162,
        0.0885288939
      ],
      [
        -0.100008681,
        -0.134832323,
        0.985808551
      ],
      [
        -0.07542295,
        -0.986897767,
        -0.142632842
      ]
    ],
    "translation": [
      2.11278367,
      0.8337227,
      -0.59104383
    ]
  },
  {
    "timeStamp": 22293,
    "rotation": [
      [
        0.990464568,
        -0.118613958,
        0.07007672
      ],
      [
        -0.08860265,
        -0.158926278,
        0.983306646
      ],
      [
        -0.105496839,
        -0.9801394,
        -0.167920351
      ]
    ],
    "translation": [
      2.12171435,
      0.843908,
      -0.5780488
    ]
  },
  {
    "timeStamp": 22348,
    "rotation": [
      [
        0.9839255,
        -0.172487825,
        0.0462437049
      ],
      [
        -0.07570288,
        -0.1683416,
        0.9828175
      ],
      [
        -0.16173932,
        -0.97051996,
        -0.178693444
      ]
    ],
    "translation": [
      2.136362,
      0.851632237,
      -0.5616059
    ]
  },
  {
    "timeStamp": 22393,
    "rotation": [
      [
        0.9789095,
        -0.203956053,
        0.0117558232
      ],
      [
        -0.0460801274,
        -0.164373711,
        0.9853212
      ],
      [
        -0.199029878,
        -0.965082,
        -0.1703053
      ]
    ],
    "translation": [
      2.14995146,
      0.852500141,
      -0.551211357
    ]
  },
  {
    "timeStamp": 22448,
    "rotation": [
      [
        0.97317934,
        -0.229873762,
        -0.008946573
      ],
      [
        -0.0250295755,
        -0.144462585,
        0.9891937
      ],
      [
        -0.228682116,
        -0.9624389,
        -0.146341637
      ]
    ],
    "translation": [
      2.16261721,
      0.849896133,
      -0.5424603
    ]
  },
  {
    "timeStamp": 22493,
    "rotation": [
      [
        0.968795955,
        -0.246977285,
        -0.0208960027
      ],
      [
        -0.0152210249,
        -0.143428475,
        0.9895436
      ],
      [
        -0.24739188,
        -0.9583478,
        -0.142712161
      ]
    ],
    "translation": [
      2.17146969,
      0.8488797,
      -0.5361728
    ]
  },
  {
    "timeStamp": 22549,
    "rotation": [
      [
        0.963637769,
        -0.264778376,
        -0.0359818041
      ],
      [
        0.00517789461,
        -0.116128288,
        0.993220747
      ],
      [
        -0.267161876,
        -0.9572913,
        -0.110534608
      ]
    ],
    "translation": [
      2.18089342,
      0.841611564,
      -0.5334865
    ]
  },
  {
    "timeStamp": 22593,
    "rotation": [
      [
        0.960771143,
        -0.27472353,
        -0.03802442
      ],
      [
        0.0102239214,
        -0.101926267,
        0.9947394
      ],
      [
        -0.277154,
        -0.956105649,
        -0.09511906
      ]
    ],
    "translation": [
      2.18694425,
      0.836943448,
      -0.532537341
    ]
  },
  {
    "timeStamp": 22648,
    "rotation": [
      [
        0.9595336,
        -0.278552145,
        -0.0412800536
      ],
      [
        0.0143138459,
        -0.098157,
        0.995068
      ],
      [
        -0.281230241,
        -0.955392063,
        -0.09019779
      ]
    ],
    "translation": [
      2.19074321,
      0.8338556,
      -0.531760335
    ]
  },
  {
    "timeStamp": 22693,
    "rotation": [
      [
        0.959349,
        -0.279503256,
        -0.0390820168
      ],
      [
        0.0110554975,
        -0.101154707,
        0.99480927
      ],
      [
        -0.2820058,
        -0.9548014,
        -0.09395262
      ]
    ],
    "translation": [
      2.19277287,
      0.833405733,
      -0.5306664
    ]
  },
  {
    "timeStamp": 22748,
    "rotation": [
      [
        0.959010839,
        -0.2805313,
        -0.04000633
      ],
      [
        0.0120812124,
        -0.100575335,
        0.9948561
      ],
      [
        -0.2831119,
        -0.9545611,
        -0.0930636749
      ]
    ],
    "translation": [
      2.19458413,
      0.832792759,
      -0.530311346
    ]
  },
  {
    "timeStamp": 22793,
    "rotation": [
      [
        0.958861947,
        -0.281970173,
        -0.0328122564
      ],
      [
        0.00642972253,
        -0.09398553,
        0.9955528
      ],
      [
        -0.2838001,
        -0.954808652,
        -0.08830616
      ]
    ],
    "translation": [
      2.19490743,
      0.8325444,
      -0.5301768
    ]
  },
  {
    "timeStamp": 22848,
    "rotation": [
      [
        0.9582511,
        -0.284265459,
        -0.03078772
      ],
      [
        0.00550673157,
        -0.0893087462,
        0.9959888
      ],
      [
        -0.285874784,
        -0.9545769,
        -0.08401483
      ]
    ],
    "translation": [
      2.19635034,
      0.8314646,
      -0.5301769
    ]
  },
  {
    "timeStamp": 22893,
    "rotation": [
      [
        0.956146359,
        -0.291692138,
        -0.0264543016
      ],
      [
        0.00257992628,
        -0.08193052,
        0.9966347
      ],
      [
        -0.2928779,
        -0.9529969,
        -0.07758503
      ]
    ],
    "translation": [
      2.19859028,
      0.831293344,
      -0.5300862
    ]
  },
  {
    "timeStamp": 22948,
    "rotation": [
      [
        0.952500939,
        -0.304086953,
        -0.0165271033
      ],
      [
        -0.00671569,
        -0.0752304345,
        0.997143567
      ],
      [
        -0.3044617,
        -0.9496692,
        -0.07369921
      ]
    ],
    "translation": [
      2.20081425,
      0.8333174,
      -0.529962659
    ]
  },
  {
    "timeStamp": 22993,
    "rotation": [
      [
        0.9509409,
        -0.309056759,
        -0.0139756436
      ],
      [
        -0.008034537,
        -0.06983004,
        0.9975265
      ],
      [
        -0.309268236,
        -0.9484765,
        -0.06888737
      ]
    ],
    "translation": [
      2.20259666,
      0.8331914,
      -0.5299249
    ]
  },
  {
    "timeStamp": 23048,
    "rotation": [
      [
        0.952741861,
        -0.30340147,
        -0.01518178
      ],
      [
        -0.001954101,
        -0.05609597,
        0.998423457
      ],
      [
        -0.303774774,
        -0.951210141,
        -0.0540378541
      ]
    ],
    "translation": [
      2.203676,
      0.830770254,
      -0.5301279
    ]
  }
]