[
  {
    "timeStamp": 6322,
    "rotation": [
      [
        -4.649123E-07,
        1.0,
        -1.19248806E-08
      ],
      [
        0.0,
        1.19248806E-08,
        1.0
      ],
      [
        1.0,
        4.649123E-07,
        -5.54402376E-15
      ]
    ],
    "translation": [
      1.462,
      0.7012046,
      -0.75
    ]
  },
  {
    "timeStamp": 6367,
    "rotation": [
      [
        -0.000246201351,
        0.999994755,
        0.0032291715
      ],
      [
        -0.000247253,
        -0.0032292325,
        0.999994755
      ],
      [
        0.99999994,
        0.000245401548,
        0.000248046737
      ]
    ],
    "translation": [
      1.462079,
      0.7011466,
      -0.7500199
    ]
  },
  {
    "timeStamp": 6412,
    "rotation": [
      [
        -0.000101729725,
        0.99997586,
        0.006945078
      ],
      [
        0.001595425,
        -0.006944907,
        0.9999746
      ],
      [
        0.9999987,
        0.000112808666,
        -0.00159468
      ]
    ],
    "translation": [
      1.46210194,
      0.70110476,
      -0.7500418
    ]
  },
  {
    "timeStamp": 6469,
    "rotation": [
      [
        -0.00344483252,
        0.9995517,
        0.0297401715
      ],
      [
        0.007321027,
        -0.0297143422,
        0.9995316
      ],
      [
        0.9999673,
        0.00366094476,
        -0.00721538439
      ]
    ],
    "translation": [
      1.46084952,
      0.7112199,
      -0.750827253
    ]
  },
  {
    "timeStamp": 6512,
    "rotation": [
      [
        0.00573458,
        0.9961972,
        0.08693747
      ],
      [
        0.0134971533,
        -0.08700809,
        0.996116161
      ],
      [
        0.9998924,
        -0.004538898,
        -0.0139447823
      ]
    ],
    "translation": [
      1.45097673,
      0.7319435,
      -0.7520201
    ]
  },
  {
    "timeStamp": 6567,
    "rotation": [
      [
        0.0315802842,
        0.9852823,
        0.167992562
      ],
      [
        0.0213677417,
        -0.168703526,
        0.9854352
      ],
      [
        0.9992728,
        -0.0275306962,
        -0.02638096
      ]
    ],
    "translation": [
      1.44852567,
      0.7658321,
      -0.753927946
    ]
  },
  {
    "timeStamp": 6622,
    "rotation": [
      [
        0.06757,
        0.967351437,
        0.244265124
      ],
      [
        0.0110205058,
        -0.245533377,
        0.9693255
      ],
      [
        0.997653663,
        -0.06280539,
        -0.0272513926
      ]
    ],
    "translation": [
      1.45305359,
      0.8034191,
      -0.7607104
    ]
  },
  {
    "timeStamp": 6666,
    "rotation": [
      [
        0.113069929,
        0.944822431,
        0.307450652
      ],
      [
        -0.004619429,
        -0.3089318,
        0.951073
      ],
      [
        0.9935763,
        -0.108958006,
        -0.0305663571
      ]
    ],
    "translation": [
      1.46534443,
      0.832656741,
      -0.7643499
    ]
  },
  {
    "timeStamp": 6721,
    "rotation": [
      [
        0.2015035,
        0.9031367,
        0.379131138
      ],
      [
        -0.04975867,
        -0.377132446,
        0.9248217
      ],
      [
        0.9782231,
        -0.20521988,
        -0.0310546327
      ]
    ],
    "translation": [
      1.4881767,
      0.8688084,
      -0.7652505
    ]
  },
  {
    "timeStamp": 6766,
    "rotation": [
      [
        0.29147917,
        0.8580869,
        0.422760934
      ],
      [
        -0.08967928,
        -0.4154926,
        0.905164957
      ],
      [
        0.952364147,
        -0.301749617,
        -0.0441548266
      ]
    ],
    "translation": [
      1.51577878,
      0.8933492,
      -0.758483768
    ]
  },
  {
    "timeStamp": 6821,
    "rotation": [
      [
        0.427690625,
        0.781139433,
        0.45486477
      ],
      [
        -0.123400383,
        -0.448043853,
        0.8854542
      ],
      [
        0.8954625,
        -0.434830934,
        -0.09523126
      ]
    ],
    "translation": [
      1.56187367,
      0.920644462,
      -0.73829633
    ]
  },
  {
    "timeStamp": 6866,
    "rotation": [
      [
        0.537279665,
        0.7000577,
        0.470372
      ],
      [
        -0.1387956,
        -0.476712525,
        0.8680328
      ],
      [
        0.831905246,
        -0.5316619,
        -0.15896301
      ]
    ],
    "translation": [
      1.60810471,
      0.94330734,
      -0.7148119
    ]
  },
  {
    "timeStamp": 6921,
    "rotation": [
      [
        0.669712543,
        0.5951947,
        0.444104
      ],
      [
        -0.123875946,
        -0.5001074,
        0.857057333
      ],
      [
        0.7322157,
        -0.628995836,
        -0.2611979
      ]
    ],
    "translation": [
      1.68095207,
      0.9670266,
      -0.6809053
    ]
  },
  {
    "timeStamp": 6966,
    "rotation": [
      [
        0.7664711,
        0.5140162,
        0.385109633
      ],
      [
        -0.08609023,
        -0.5119678,
        0.854679763
      ],
      [
        0.636482954,
        -0.6882415,
        -0.34815675
      ]
    ],
    "translation": [
      1.7502929,
      0.982992053,
      -0.6543924
    ]
  },
  {
    "timeStamp": 7021,
    "rotation": [
      [
        0.870815039,
        0.4132118,
        0.266340345
      ],
      [
        -0.0187444557,
        -0.5134688,
        0.85790354
      ],
      [
        0.4912533,
        -0.7520677,
        -0.439390928
      ]
    ],
    "translation": [
      1.84941912,
      0.9966793,
      -0.625502169
    ]
  },
  {
    "timeStamp": 7066,
    "rotation": [
      [
        0.9332864,
        0.296113253,
        0.203207508
      ],
      [
        -0.0273804758,
        -0.505513132,
        0.8623843
      ],
      [
        0.3580875,
        -0.8104155,
        -0.463680863
      ]
    ],
    "translation": [
      1.92415643,
      1.00424814,
      -0.61301446
    ]
  },
  {
    "timeStamp": 7122,
    "rotation": [
      [
        0.9740701,
        0.21676822,
        0.06479951
      ],
      [
        0.04331029,
        -0.459768742,
        0.8869819
      ],
      [
        0.222062275,
        -0.8611761,
        -0.457235277
      ]
    ],
    "translation": [
      2.01999426,
      0.999725,
      -0.607318461
    ]
  },
  {
    "timeStamp": 7167,
    "rotation": [
      [
        0.986335635,
        0.1640139,
        -0.0155350855
      ],
      [
        0.08551854,
        -0.429115832,
        0.899192
      ],
      [
        0.140813634,
        -0.888233662,
        -0.437278479
      ]
    ],
    "translation": [
      2.07915759,
      0.990397,
      -0.6048611
    ]
  },
  {
    "timeStamp": 7220,
    "rotation": [
      [
        0.985824168,
        0.141789526,
        -0.08970203
      ],
      [
        0.134298444,
        -0.346374542,
        0.9284334
      ],
      [
        0.100571632,
        -0.927318931,
        -0.3605065
      ]
    ],
    "translation": [
      2.134061,
      0.964636743,
      -0.6136123
    ]
  },
  {
    "timeStamp": 7262,
    "rotation": [
      [
        0.990277469,
        0.102871254,
        -0.09363771
      ],
      [
        0.118703477,
        -0.273961544,
        0.954387
      ],
      [
        0.07252587,
        -0.9562231,
        -0.283509135
      ]
    ],
    "translation": [
      2.170999,
      0.9296371,
      -0.6144452
    ]
  },
  {
    "timeStamp": 7317,
    "rotation": [
      [
        0.985274553,
        0.107182667,
        -0.133214042
      ],
      [
        0.152135849,
        -0.1940004,
        0.9691329
      ],
      [
        0.07803069,
        -0.9751286,
        -0.207449973
      ]
    ],
    "translation": [
      2.20224738,
      0.891058147,
      -0.61496824
    ]
  },
  {
    "timeStamp": 7362,
    "rotation": [
      [
        0.9894613,
        0.08147213,
        -0.119702764
      ],
      [
        0.130325451,
        -0.14082624,
        0.981419
      ],
      [
        0.06310104,
        -0.986676455,
        -0.14996
      ]
    ],
    "translation": [
      2.21509862,
      0.861045,
      -0.61522
    ]
  },
  {
    "timeStamp": 7417,
    "rotation": [
      [
        0.990277648,
        0.0710000843,
        -0.119621031
      ],
      [
        0.126405552,
        -0.1003321,
        0.9868916
      ],
      [
        0.0580675453,
        -0.9924175,
        -0.108331442
      ]
    ],
    "translation": [
      2.22770715,
      0.831481338,
      -0.607556045
    ]
  },
  {
    "timeStamp": 7472,
    "rotation": [
      [
        0.9959043,
        0.0527660139,
        -0.07341846
      ],
      [
        0.07750122,
        -0.0800196,
        0.993775845
      ],
      [
        0.0465626754,
        -0.9953957,
        -0.0837813
      ]
    ],
    "translation": [
      2.22891521,
      0.8088197,
      -0.6002552
    ]
  },
  {
    "timeStamp": 7517,
    "rotation": [
      [
        0.9966247,
        0.04556063,
        -0.06828892
      ],
      [
        0.0709225461,
        -0.05893725,
        0.9957391
      ],
      [
        0.041341722,
        -0.99722147,
        -0.0619696
      ]
    ],
    "translation": [
      2.23217082,
      0.7927914,
      -0.5960312
    ]
  },
  {
    "timeStamp": 7572,
    "rotation": [
      [
        0.9967304,
        0.05275309,
        -0.061202094
      ],
      [
        0.06340927,
        -0.0412329473,
        0.99713546
      ],
      [
        0.05007844,
        -0.997755945,
        -0.0444431677
      ]
    ],
    "translation": [
      2.23523784,
      0.7773881,
      -0.5935644
    ]
  },
  {
    "timeStamp": 7617,
    "rotation": [
      [
        0.9975365,
        0.0490201265,
        -0.0501795337
      ],
      [
        0.05191816,
        -0.03486214,
        0.998042643
      ],
      [
        0.0471748039,
        -0.998189151,
        -0.0373212919
      ]
    ],
    "translation": [
      2.23509121,
      0.767313,
      -0.5903652
    ]
  },
  {
    "timeStamp": 7662,
    "rotation": [
      [
        0.996318,
        0.05806324,
        -0.06308102
      ],
      [
        0.0643268749,
        -0.0198421031,
        0.9977316
      ],
      [
        0.0566798821,
        -0.9981157,
        -0.02350407
      ]
    ],
    "translation": [
      2.239572,
      0.758905232,
      -0.590411067
    ]
  },
  {
    "timeStamp": 7719,
    "rotation": [
      [
        0.996630967,
        0.0529736765,
        -0.0626142547
      ],
      [
        0.0636120141,
        -0.0173618272,
        0.997823656
      ],
      [
        0.05177128,
        -0.998445,
        -0.0206730962
      ]
    ],
    "translation": [
      2.24238157,
      0.75138706,
      -0.588166833
    ]
  },
  {
    "timeStamp": 7764,
    "rotation": [
      [
        0.996845365,
        0.05309612,
        -0.0589920767
      ],
      [
        0.0595094822,
        -0.008215629,
        0.9981939
      ],
      [
        0.0525155626,
        -0.9985556,
        -0.0113494331
      ]
    ],
    "translation": [
      2.243771,
      0.7454306,
      -0.58810246
    ]
  },
  {
    "timeStamp": 7822,
    "rotation": [
      [
        0.995105,
        0.06454214,
        -0.0748353
      ],
      [
        0.0754321,
        -0.00685654,
        0.997127354
      ],
      [
        0.0638436154,
        -0.9978915,
        -0.0116915265
      ]
    ],
    "translation": [
      2.24815035,
      0.7399049,
      -0.585979462
    ]
  },
  {
    "timeStamp": 7866,
    "rotation": [
      [
        0.9951676,
        0.0624597557,
        -0.07576385
      ],
      [
        0.0762889758,
        -0.006062436,
        0.997067332
      ],
      [
        0.0618172735,
        -0.998029053,
        -0.0107981311
      ]
    ],
    "translation": [
      2.25037336,
      0.7375975,
      -0.5845519
    ]
  },
  {
    "timeStamp": 7922,
    "rotation": [
      [
        0.994847059,
        0.05793404,
        -0.08320489
      ],
      [
        0.0839782953,
        -0.01104135,
        0.996406436
      ],
      [
        0.05680716,
        -0.998259366,
        -0.0158496555
      ]
    ],
    "translation": [
      2.254543,
      0.7370622,
      -0.581377
    ]
  },
  {
    "timeStamp": 7966,
    "rotation": [
      [
        0.9954416,
        0.05592739,
        -0.07725339
      ],
      [
        0.07821806,
        -0.0152670294,
        0.9968194
      ],
      [
        0.05457008,
        -0.998318136,
        -0.0195719674
      ]
    ],
    "translation": [
      2.25526977,
      0.7367426,
      -0.578587
    ]
  },
  {
    "timeStamp": 8022,
    "rotation": [
      [
        0.9957101,
        0.05186351,
        -0.07662607
      ],
      [
        0.0776975453,
        -0.0189657267,
        0.996796548
      ],
      [
        0.05024409,
        -0.998474061,
        -0.0229140315
      ]
    ],
    "translation": [
      2.257136,
      0.7355767,
      -0.574734
    ]
  },
  {
    "timeStamp": 8066,
    "rotation": [
      [
        0.996049345,
        0.0468694568,
        -0.07542497
      ],
      [
        0.0763785839,
        -0.018897282,
        0.9968998
      ],
      [
        0.04529882,
        -0.998722255,
        -0.0224024486
      ]
    ],
    "translation": [
      2.259115,
      0.7343237,
      -0.5723448
    ]
  },
  {
    "timeStamp": 8122,
    "rotation": [
      [
        0.996120632,
        0.039580822,
        -0.07859495
      ],
      [
        0.07939629,
        -0.0190955233,
        0.996660233
      ],
      [
        0.0379478261,
        -0.9990339,
        -0.0221640132
      ]
    ],
    "translation": [
      2.2618947,
      0.733104348,
      -0.56968987
    ]
  },
  {
    "timeStamp": 8166,
    "rotation": [
      [
        0.9964324,
        0.0364644676,
        -0.07611054
      ],
      [
        0.0766504258,
        -0.0136419544,
        0.9969647
      ],
      [
        0.0353154875,
        -0.9992419,
        -0.0163883027
      ]
    ],
    "translation": [
      2.26298881,
      0.7317461,
      -0.568751931
    ]
  },
  {
    "timeStamp": 8222,
    "rotation": [
      [
        0.996911049,
        0.0310559478,
        -0.0721387938
      ],
      [
        0.0724117458,
        -0.00775446,
        0.9973447
      ],
      [
        0.030414084,
        -0.999487638,
        -0.009979322
      ]
    ],
    "translation": [
      2.26347518,
      0.730485559,
      -0.5686165
    ]
  },
  {
    "timeStamp": 8266,
    "rotation": [
      [
        0.9970514,
        0.0322528221,
        -0.06962971
      ],
      [
        0.06975718,
        -0.002842685,
        0.997559965
      ],
      [
        0.03197619,
        -0.9994757,
        -0.005084169
      ]
    ],
    "translation": [
      2.26338172,
      0.729400158,
      -0.5689259
    ]
  },
  {
    "timeStamp": 8322,
    "rotation": [
      [
        0.9970814,
        0.0303073581,
        -0.07007195
      ],
      [
        0.07013299,
        -0.000954304764,
        0.9975372
      ],
      [
        0.0301658474,
        -0.99954015,
        -0.00307706534
      ]
    ],
    "translation": [
      2.2639482,
      0.7279781,
      -0.5685729
    ]
  },
  {
    "timeStamp": 8366,
    "rotation": [
      [
        0.996964,
        0.0299871638,
        -0.0718577355
      ],
      [
        0.07193011,
        -0.00134059554,
        0.997408748
      ],
      [
        0.0298131257,
        -0.9995494,
        -0.00349350553
      ]
    ],
    "translation": [
      2.26509571,
      0.726944,
      -0.5671893
    ]
  },
  {
    "timeStamp": 8422,
    "rotation": [
      [
        0.9970399,
        0.0287598148,
        -0.07130424
      ],
      [
        0.0712273642,
        0.00368995,
        0.9974533
      ],
      [
        0.0289496817,
        -0.999579549,
        0.00163054152
      ]
    ],
    "translation": [
      2.26714182,
      0.725680947,
      -0.567565
    ]
  },
  {
    "timeStamp": 8466,
    "rotation": [
      [
        0.9969052,
        0.03583716,
        -0.0699692145
      ],
      [
        0.06986378,
        0.00418752944,
        0.997547746
      ],
      [
        0.0360422768,
        -0.9993488,
        0.00167085009
      ]
    ],
    "translation": [
      2.2687943,
      0.725806,
      -0.567609549
    ]
  },
  {
    "timeStamp": 8522,
    "rotation": [
      [
        0.9970833,
        0.0389877446,
        -0.06561194
      ],
      [
        0.06547204,
        0.004855753,
        0.9978426
      ],
      [
        0.0392222255,
        -0.9992279,
        0.0022889832
      ]
    ],
    "translation": [
      2.26895714,
      0.7258792,
      -0.567674637
    ]
  },
  {
    "timeStamp": 8566,
    "rotation": [
      [
        0.99693507,
        0.0384586081,
        -0.06812817
      ],
      [
        0.06805314,
        0.00325804786,
        0.9976764
      ],
      [
        0.03859121,
        -0.9992549,
        0.0006308328
      ]
    ],
    "translation": [
      2.268921,
      0.7267247,
      -0.5674398
    ]
  },
  {
    "timeStamp": 8622,
    "rotation": [
      [
        0.99683696,
        0.0389232151,
        -0.06928973
      ],
      [
        0.06926428,
        0.002003608,
        0.9975963
      ],
      [
        0.03896849,
        -0.99924016,
        -0.000698718
      ]
    ],
    "translation": [
      2.26895642,
      0.727061033,
      -0.567273855
    ]
  }
]