[
  {
    "timeStamp": 56322,
    "rotation": [
      [
        0.999025643,
        0.0043320097,
        0.043920394
      ],
      [
        -0.043781694,
        -0.0281277783,
        0.998645067
      ],
      [
        0.005561533,
        -0.9995949,
        -0.02791071
      ]
    ],
    "translation": [
      1.15333688,
      0.7024105,
      -0.750111938
    ]
  },
  {
    "timeStamp": 56367,
    "rotation": [
      [
        0.999032259,
        0.004151701,
        0.04378594
      ],
      [
        -0.0436621867,
        -0.026280662,
        0.9987006
      ],
      [
        0.005297036,
        -0.999645948,
        -0.0260739569
      ]
    ],
    "translation": [
      1.15334368,
      0.7025194,
      -0.750108838
    ]
  },
  {
    "timeStamp": 56422,
    "rotation": [
      [
        0.997535944,
        -0.009646937,
        0.06949151
      ],
      [
        -0.06979026,
        -0.0351740122,
        0.9969414
      ],
      [
        -0.007173144,
        -0.9993347,
        -0.0357606
      ]
    ],
    "translation": [
      1.15433943,
      0.707128465,
      -0.7465108
    ]
  },
  {
    "timeStamp": 56466,
    "rotation": [
      [
        0.9925604,
        -0.00483523635,
        0.121657133
      ],
      [
        -0.121748291,
        -0.0304519683,
        0.992093742
      ],
      [
        -0.00109229935,
        -0.999524534,
        -0.0308140982
      ]
    ],
    "translation": [
      1.15358257,
      0.722580731,
      -0.746936
    ]
  },
  {
    "timeStamp": 56521,
    "rotation": [
      [
        0.9776038,
        0.0316914022,
        0.208053842
      ],
      [
        -0.2054411,
        -0.0707714856,
        0.97610724
      ],
      [
        0.0456584878,
        -0.996988952,
        -0.06267576
      ]
    ],
    "translation": [
      1.15363455,
      0.7530192,
      -0.7459839
    ]
  },
  {
    "timeStamp": 56566,
    "rotation": [
      [
        0.9561275,
        0.07239827,
        0.283863783
      ],
      [
        -0.273183525,
        -0.1295597,
        0.9531973
      ],
      [
        0.105787121,
        -0.98892504,
        -0.104097582
      ]
    ],
    "translation": [
      1.15928793,
      0.7838849,
      -0.7453203
    ]
  },
  {
    "timeStamp": 56622,
    "rotation": [
      [
        0.9300168,
        0.0887521356,
        0.356639743
      ],
      [
        -0.340579927,
        -0.156538188,
        0.92709285
      ],
      [
        0.138109192,
        -0.983676255,
        -0.115355954
      ]
    ],
    "translation": [
      1.18006635,
      0.8176339,
      -0.745678365
    ]
  },
  {
    "timeStamp": 56666,
    "rotation": [
      [
        0.9069733,
        0.09878804,
        0.409439027
      ],
      [
        -0.389178842,
        -0.175159276,
        0.9043556
      ],
      [
        0.161056563,
        -0.9795714,
        -0.120418578
      ]
    ],
    "translation": [
      1.20427012,
      0.8424451,
      -0.743712068
    ]
  },
  {
    "timeStamp": 56721,
    "rotation": [
      [
        0.8870429,
        0.08649632,
        0.453512222
      ],
      [
        -0.4324919,
        -0.188087672,
        0.8818014
      ],
      [
        0.16157265,
        -0.978336036,
        -0.129432872
      ]
    ],
    "translation": [
      1.24241245,
      0.868921459,
      -0.7369631
    ]
  },
  {
    "timeStamp": 56766,
    "rotation": [
      [
        0.8807409,
        0.059812583,
        0.4698062
      ],
      [
        -0.4494557,
        -0.207121208,
        0.868959367
      ],
      [
        0.149281517,
        -0.976485133,
        -0.155537009
      ]
    ],
    "translation": [
      1.279101,
      0.8857595,
      -0.727386951
    ]
  },
  {
    "timeStamp": 56821,
    "rotation": [
      [
        0.880738437,
        0.00337431836,
        0.47359097
      ],
      [
        -0.461483479,
        -0.218657523,
        0.859780133
      ],
      [
        0.106455393,
        -0.9757958,
        -0.1910229
      ]
    ],
    "translation": [
      1.32985687,
      0.9018141,
      -0.7107221
    ]
  },
  {
    "timeStamp": 56866,
    "rotation": [
      [
        0.8813707,
        -0.05746872,
        0.4689168
      ],
      [
        -0.4687545,
        -0.229876176,
        0.8528928
      ],
      [
        0.05877816,
        -0.9715216,
        -0.229544848
      ]
    ],
    "translation": [
      1.37416279,
      0.9135126,
      -0.693451643
    ]
  },
  {
    "timeStamp": 56922,
    "rotation": [
      [
        0.882889569,
        -0.1608588,
        0.4411695
      ],
      [
        -0.4691088,
        -0.26002568,
        0.843992651
      ],
      [
        -0.02104824,
        -0.9521088,
        -0.30503422
      ]
    ],
    "translation": [
      1.43674541,
      0.9278616,
      -0.6665419
    ]
  },
  {
    "timeStamp": 56966,
    "rotation": [
      [
        0.885632634,
        -0.244030565,
        0.395099849
      ],
      [
        -0.457377583,
        -0.3111079,
        0.8330772
      ],
      [
        -0.0803776,
        -0.9185102,
        -0.387141436
      ]
    ],
    "translation": [
      1.49350381,
      0.940436363,
      -0.6457229
    ]
  },
  {
    "timeStamp": 57021,
    "rotation": [
      [
        0.874825656,
        -0.3612874,
        0.322725236
      ],
      [
        -0.449635863,
        -0.357620478,
        0.8184957
      ],
      [
        -0.180299014,
        -0.861149848,
        -0.4753033
      ]
    ],
    "translation": [
      1.57245255,
      0.955991,
      -0.621441543
    ]
  },
  {
    "timeStamp": 57067,
    "rotation": [
      [
        0.8591692,
        -0.448515326,
        0.246297255
      ],
      [
        -0.4402819,
        -0.4027286,
        0.8024721
      ],
      [
        -0.2607301,
        -0.797899544,
        -0.543485165
      ]
    ],
    "translation": [
      1.64161026,
      0.9681359,
      -0.6073357
    ]
  },
  {
    "timeStamp": 57122,
    "rotation": [
      [
        0.8126411,
        -0.5611122,
        0.157376781
      ],
      [
        -0.442674816,
        -0.418721259,
        0.792913258
      ],
      [
        -0.3790163,
        -0.714020669,
        -0.588660359
      ]
    ],
    "translation": [
      1.73246861,
      0.9799455,
      -0.59826237
    ]
  },
  {
    "timeStamp": 57166,
    "rotation": [
      [
        0.755892456,
        -0.650826752,
        0.07107177
      ],
      [
        -0.446469158,
        -0.4330352,
        0.7830363
      ],
      [
        -0.478844374,
        -0.6236226,
        -0.61790204
      ]
    ],
    "translation": [
      1.80761075,
      0.988628268,
      -0.600943863
    ]
  },
  {
    "timeStamp": 57222,
    "rotation": [
      [
        0.687274456,
        -0.725072742,
        -0.04385535
      ],
      [
        -0.445016325,
        -0.4679973,
        0.7635044
      ],
      [
        -0.5741204,
        -0.5052207,
        -0.644311845
      ]
    ],
    "translation": [
      1.89907157,
      0.99948144,
      -0.613667846
    ]
  },
  {
    "timeStamp": 57266,
    "rotation": [
      [
        0.631149352,
        -0.7645887,
        -0.130593732
      ],
      [
        -0.433421165,
        -0.487264484,
        0.758102536
      ],
      [
        -0.6432703,
        -0.421873838,
        -0.638925552
      ]
    ],
    "translation": [
      1.96683025,
      1.00331664,
      -0.6334125
    ]
  },
  {
    "timeStamp": 57321,
    "rotation": [
      [
        0.5453598,
        -0.8097813,
        -0.216418415
      ],
      [
        -0.422739923,
        -0.488672823,
        0.763210237
      ],
      [
        -0.7237912,
        -0.3247355,
        -0.6088294
      ]
    ],
    "translation": [
      2.04494381,
      1.00046265,
      -0.6650553
    ]
  },
  {
    "timeStamp": 57366,
    "rotation": [
      [
        0.469019443,
        -0.846341,
        -0.252443433
      ],
      [
        -0.410479546,
        -0.461976558,
        0.7861833
      ],
      [
        -0.782002151,
        -0.2651124,
        -0.564081669
      ]
    ],
    "translation": [
      2.097881,
      0.9909407,
      -0.6931452
    ]
  },
  {
    "timeStamp": 57421,
    "rotation": [
      [
        0.395619452,
        -0.8810271,
        -0.259377033
      ],
      [
        -0.37773928,
        -0.413517237,
        0.8284422
      ],
      [
        -0.8371369,
        -0.229770958,
        -0.496393979
      ]
    ],
    "translation": [
      2.14718747,
      0.9707195,
      -0.725805461
    ]
  },
  {
    "timeStamp": 57462,
    "rotation": [
      [
        0.381747723,
        -0.892204463,
        -0.241329432
      ],
      [
        -0.343636721,
        -0.379394561,
        0.85905385
      ],
      [
        -0.858010769,
        -0.245012164,
        -0.4514272
      ]
    ],
    "translation": [
      2.16551375,
      0.9543257,
      -0.741077244
    ]
  },
  {
    "timeStamp": 57516,
    "rotation": [
      [
        0.322891325,
        -0.9242745,
        -0.203612059
      ],
      [
        -0.323926,
        -0.310067266,
        0.893829
      ],
      [
        -0.889276743,
        -0.2226544,
        -0.3995146
      ]
    ],
    "translation": [
      2.19226122,
      0.9283648,
      -0.7676494
    ]
  },
  {
    "timeStamp": 57571,
    "rotation": [
      [
        0.338016063,
        -0.930560768,
        -0.140718773
      ],
      [
        -0.3111571,
        -0.251608849,
        0.9164465
      ],
      [
        -0.888215244,
        -0.265988,
        -0.374598444
      ]
    ],
    "translation": [
      2.19389153,
      0.9069571,
      -0.777248859
    ]
  },
  {
    "timeStamp": 57616,
    "rotation": [
      [
        0.3485993,
        -0.9324593,
        -0.0948588848
      ],
      [
        -0.3082548,
        -0.209637716,
        0.92791754
      ],
      [
        -0.885131359,
        -0.2942307,
        -0.3605146
      ]
    ],
    "translation": [
      2.19012046,
      0.889061153,
      -0.780361354
    ]
  },
  {
    "timeStamp": 57672,
    "rotation": [
      [
        0.387176454,
        -0.9180069,
        -0.08577731
      ],
      [
        -0.28544268,
        -0.207808375,
        0.9355951
      ],
      [
        -0.876708,
        -0.3377559,
        -0.342496872
      ]
    ],
    "translation": [
      2.185879,
      0.870245337,
      -0.780988932
    ]
  },
  {
    "timeStamp": 57716,
    "rotation": [
      [
        0.3756307,
        -0.9254206,
        -0.0499832928
      ],
      [
        -0.288440257,
        -0.167992324,
        0.9426456
      ],
      [
        -0.880740464,
        -0.339669436,
        -0.330031633
      ]
    ],
    "translation": [
      2.18365383,
      0.855887949,
      -0.780006349
    ]
  },
  {
    "timeStamp": 57771,
    "rotation": [
      [
        0.3855938,
        -0.9225238,
        -0.0163464341
      ],
      [
        -0.2738448,
        -0.131343111,
        0.9527634
      ],
      [
        -0.88109386,
        -0.362903267,
        -0.303273469
      ]
    ],
    "translation": [
      2.18021274,
      0.8408711,
      -0.7774432
    ]
  },
  {
    "timeStamp": 57816,
    "rotation": [
      [
        0.375726342,
        -0.926705241,
        0.00686187763
      ],
      [
        -0.253902674,
        -0.0958163962,
        0.962472141
      ],
      [
        -0.8912705,
        -0.3633684,
        -0.2712937
      ]
    ],
    "translation": [
      2.17834663,
      0.8298948,
      -0.7787675
    ]
  },
  {
    "timeStamp": 57871,
    "rotation": [
      [
        0.380205154,
        -0.924855232,
        0.009321566
      ],
      [
        -0.221475542,
        -0.08125345,
        0.971774936
      ],
      [
        -0.897993743,
        -0.371538341,
        -0.235725775
      ]
    ],
    "translation": [
      2.17886138,
      0.820646048,
      -0.7821071
    ]
  },
  {
    "timeStamp": 57917,
    "rotation": [
      [
        0.369270325,
        -0.929183543,
        0.0160428341
      ],
      [
        -0.209527031,
        -0.06642566,
        0.975544
      ],
      [
        -0.9053937,
        -0.36360085,
        -0.21921809
      ]
    ],
    "translation": [
      2.18018556,
      0.81591773,
      -0.785546
    ]
  },
  {
    "timeStamp": 57963,
    "rotation": [
      [
        0.3672656,
        -0.9297164,
        0.027265612
      ],
      [
        -0.1903356,
        -0.0464297533,
        0.980620563
      ],
      [
        -0.9104331,
        -0.365337819,
        -0.194010183
      ]
    ],
    "translation": [
      2.18034577,
      0.8105391,
      -0.7895018
    ]
  },
  {
    "timeStamp": 58019,
    "rotation": [
      [
        0.352792144,
        -0.934349537,
        0.050285697
      ],
      [
        -0.171370924,
        -0.0116872787,
        0.9851373
      ],
      [
        -0.9198749,
        -0.356166184,
        -0.164243519
      ]
    ],
    "translation": [
      2.180268,
      0.803679466,
      -0.7935017
    ]
  }
]