[
  {
    "timeStamp": 68638,
    "rotation": [
      [
        0.9998624,
        0.016525697,
        -0.00148128439
      ],
      [
        -0.0165101755,
        0.9998143,
        0.009940285
      ],
      [
        0.00164527947,
        -0.009914461,
        0.9999495
      ]
    ],
    "translation": [
      1.30817008,
      0.6995597,
      -0.7498986
    ]
  },
  {
    "timeStamp": 68683,
    "rotation": [
      [
        0.9982112,
        0.05974677,
        -0.002156953
      ],
      [
        -0.0597259,
        0.9981768,
        0.0087039005
      ],
      [
        0.00267305062,
        -0.008559505,
        0.999959767
      ]
    ],
    "translation": [
      1.30818641,
      0.700039446,
      -0.7498915
    ]
  },
  {
    "timeStamp": 68739,
    "rotation": [
      [
        0.9879844,
        0.154170617,
        -0.0108714188
      ],
      [
        -0.1540632,
        0.9880092,
        0.0101138456
      ],
      [
        0.01230032,
        -0.008317436,
        0.999889731
      ]
    ],
    "translation": [
      1.30806828,
      0.700604558,
      -0.7499075
    ]
  },
  {
    "timeStamp": 68783,
    "rotation": [
      [
        0.980173,
        0.1975415,
        -0.0154345678
      ],
      [
        -0.1973526,
        0.9802471,
        0.0129441619
      ],
      [
        0.0176867,
        -0.009641466,
        0.999797046
      ]
    ],
    "translation": [
      1.31017673,
      0.7006365,
      -0.7467814
    ]
  },
  {
    "timeStamp": 68838,
    "rotation": [
      [
        0.9967397,
        0.0799812,
        -0.0106286313
      ],
      [
        -0.07978978,
        0.9966606,
        0.0173558258
      ],
      [
        0.0119812777,
        -0.0164511837,
        0.9997929
      ]
    ],
    "translation": [
      1.336884,
      0.7175295,
      -0.737282
    ]
  },
  {
    "timeStamp": 68882,
    "rotation": [
      [
        0.987903535,
        0.1513273,
        -0.0338621475
      ],
      [
        -0.148189574,
        0.9856117,
        0.08129848
      ],
      [
        0.045677606,
        -0.0752970353,
        0.9961144
      ]
    ],
    "translation": [
      1.34522343,
      0.7408167,
      -0.722928464
    ]
  },
  {
    "timeStamp": 68938,
    "rotation": [
      [
        0.9731334,
        0.229542524,
        -0.017937066
      ],
      [
        -0.225726843,
        0.9665022,
        0.122151025
      ],
      [
        0.0453750677,
        -0.114820361,
        0.992349446
      ]
    ],
    "translation": [
      1.36896384,
      0.7674262,
      -0.7074768
    ]
  },
  {
    "timeStamp": 68983,
    "rotation": [
      [
        0.960214436,
        0.278033,
        0.0261899289
      ],
      [
        -0.278975844,
        0.9507393,
        0.1351564
      ],
      [
        0.01267814,
        -0.137085482,
        0.9904781
      ]
    ],
    "translation": [
      1.39701629,
      0.787874341,
      -0.69394356
    ]
  },
  {
    "timeStamp": 69038,
    "rotation": [
      [
        0.9429483,
        0.327504337,
        0.05991129
      ],
      [
        -0.332937837,
        0.9280516,
        0.166950911
      ],
      [
        -0.000923620129,
        -0.177372813,
        0.984143257
      ]
    ],
    "translation": [
      1.44057858,
      0.8135812,
      -0.6754311
    ]
  },
  {
    "timeStamp": 69083,
    "rotation": [
      [
        0.933748245,
        0.340632439,
        0.1099257
      ],
      [
        -0.356958658,
        0.908824265,
        0.215914011
      ],
      [
        -0.0263558384,
        -0.240848258,
        0.97020483
      ]
    ],
    "translation": [
      1.48483562,
      0.8345046,
      -0.653654158
    ]
  },
  {
    "timeStamp": 69138,
    "rotation": [
      [
        0.9218893,
        0.331979066,
        0.199774876
      ],
      [
        -0.3758445,
        0.8914984,
        0.252925873
      ],
      [
        -0.09413288,
        -0.308253944,
        0.946635365
      ]
    ],
    "translation": [
      1.551124,
      0.855925858,
      -0.6307062
    ]
  },
  {
    "timeStamp": 69182,
    "rotation": [
      [
        0.910651743,
        0.295478374,
        0.288800836
      ],
      [
        -0.3766296,
        0.8810549,
        0.2861686
      ],
      [
        -0.169892743,
        -0.369370878,
        0.913620055
      ]
    ],
    "translation": [
      1.61334872,
      0.871574759,
      -0.611993551
    ]
  },
  {
    "timeStamp": 69238,
    "rotation": [
      [
        0.8846305,
        0.236967415,
        0.401590973
      ],
      [
        -0.3834755,
        0.859697,
        0.3374428
      ],
      [
        -0.265283585,
        -0.4525125,
        0.8513854
      ]
    ],
    "translation": [
      1.69559753,
      0.8935156,
      -0.596431255
    ]
  },
  {
    "timeStamp": 69283,
    "rotation": [
      [
        0.8495162,
        0.173205957,
        0.49831906
      ],
      [
        -0.392080784,
        0.839271545,
        0.3766907
      ],
      [
        -0.352979958,
        -0.515386164,
        0.7808855
      ]
    ],
    "translation": [
      1.7688179,
      0.9130854,
      -0.5882143
    ]
  },
  {
    "timeStamp": 69338,
    "rotation": [
      [
        0.783896744,
        0.072345145,
        0.6166621
      ],
      [
        -0.406588256,
        0.8104269,
        0.421775132
      ],
      [
        -0.469246149,
        -0.5813557,
        0.6647057
      ]
    ],
    "translation": [
      1.861094,
      0.9370306,
      -0.592141449
    ]
  },
  {
    "timeStamp": 69382,
    "rotation": [
      [
        0.7233814,
        -0.02383608,
        0.6900371
      ],
      [
        -0.416143984,
        0.782429039,
        0.4632807
      ],
      [
        -0.550947845,
        -0.622283459,
        0.556075335
      ]
    ],
    "translation": [
      1.93698406,
      0.9567672,
      -0.602095842
    ]
  },
  {
    "timeStamp": 69438,
    "rotation": [
      [
        0.641040444,
        -0.162996411,
        0.7499995
      ],
      [
        -0.4196622,
        0.743734658,
        0.520329058
      ],
      [
        -0.6426124,
        -0.648298442,
        0.408360541
      ]
    ],
    "translation": [
      2.0244813,
      0.9778001,
      -0.6269235
    ]
  },
  {
    "timeStamp": 69483,
    "rotation": [
      [
        0.5574256,
        -0.262039363,
        0.787789345
      ],
      [
        -0.4247283,
        0.7253088,
        0.541786849
      ],
      [
        -0.71336,
        -0.6366023,
        0.293010145
      ]
    ],
    "translation": [
      2.09156322,
      0.986520767,
      -0.6530361
    ]
  },
  {
    "timeStamp": 69538,
    "rotation": [
      [
        0.419908345,
        -0.315735638,
        0.850874841
      ],
      [
        -0.444020957,
        0.746197939,
        0.496018171
      ],
      [
        -0.7915317,
        -0.5860884,
        0.1731415
      ]
    ],
    "translation": [
      2.15468526,
      0.977803767,
      -0.6890242
    ]
  },
  {
    "timeStamp": 69591,
    "rotation": [
      [
        0.317724884,
        -0.305298835,
        0.897687852
      ],
      [
        -0.447145522,
        0.7866177,
        0.42578578
      ],
      [
        -0.836129,
        -0.536679864,
        0.11341501
      ]
    ],
    "translation": [
      2.189268,
      0.9575373,
      -0.715295136
    ]
  },
  {
    "timeStamp": 69634,
    "rotation": [
      [
        0.252483338,
        -0.272420853,
        0.9284606
      ],
      [
        -0.412280917,
        0.8377991,
        0.357934445
      ],
      [
        -0.8753723,
        -0.4731591,
        0.0992164
      ]
    ],
    "translation": [
      2.2117157,
      0.927229345,
      -0.7376271
    ]
  },
  {
    "timeStamp": 69688,
    "rotation": [
      [
        0.19685787,
        -0.204143077,
        0.9589435
      ],
      [
        -0.4002411,
        0.876138449,
        0.268679231
      ],
      [
        -0.895016253,
        -0.436700225,
        0.09076829
      ]
    ],
    "translation": [
      2.21481967,
      0.8977338,
      -0.752040744
    ]
  },
  {
    "timeStamp": 69733,
    "rotation": [
      [
        0.19808799,
        -0.157176822,
        0.96750015
      ],
      [
        -0.34394744,
        0.9131489,
        0.218767613
      ],
      [
        -0.9178569,
        -0.376104444,
        0.126823261
      ]
    ],
    "translation": [
      2.20969915,
      0.877204359,
      -0.761340261
    ]
  },
  {
    "timeStamp": 69788,
    "rotation": [
      [
        0.191177562,
        -0.135763273,
        0.9721211
      ],
      [
        -0.3205032,
        0.927469254,
        0.192557588
      ],
      [
        -0.9277547,
        -0.348380625,
        0.133798748
      ]
    ],
    "translation": [
      2.20471716,
      0.859956,
      -0.7684441
    ]
  },
  {
    "timeStamp": 69833,
    "rotation": [
      [
        0.158579633,
        -0.09546278,
        0.9827204
      ],
      [
        -0.299443156,
        0.94378674,
        0.140001267
      ],
      [
        -0.940843344,
        -0.316470236,
        0.121079691
      ]
    ],
    "translation": [
      2.19988728,
      0.843549669,
      -0.7775892
    ]
  },
  {
    "timeStamp": 69888,
    "rotation": [
      [
        0.0869777054,
        -0.05822314,
        0.9945073
      ],
      [
        -0.27205047,
        0.9589572,
        0.07993488
      ],
      [
        -0.9583441,
        -0.277508736,
        0.0675682649
      ]
    ],
    "translation": [
      2.19791579,
      0.826538444,
      -0.7898046
    ]
  },
  {
    "timeStamp": 69933,
    "rotation": [
      [
        0.07550776,
        -0.0417590924,
        0.9962704
      ],
      [
        -0.205550835,
        0.9770124,
        0.0565306656
      ],
      [
        -0.9757292,
        -0.209052712,
        0.06518839
      ]
    ],
    "translation": [
      2.19645882,
      0.8170392,
      -0.7946593
    ]
  },
  {
    "timeStamp": 69988,
    "rotation": [
      [
        0.0597469769,
        -0.05923147,
        0.996454656
      ],
      [
        0.130638927,
        0.9901163,
        0.05102165
      ],
      [
        -0.989628136,
        0.1271274,
        0.06689439
      ]
    ],
    "translation": [
      2.19777679,
      0.8031659,
      -0.8077092
    ]
  }
]