[
  {
    "id": "004 sugar box(Clone)-18394",
    "pickRotation": [
      [
        -0.9843113,
        -0.07803234,
        0.158247352
      ],
      [
        -0.163718075,
        0.06953062,
        -0.9840538
      ],
      [
        0.0657849759,
        -0.9945232,
        -0.0812150761
      ]
    ],
    "pickTranslation": [
      0.0113730822,
      -0.012474996,
      0.1608417
    ],
    "placeRotation": [
      [
        0.99683696,
        0.0389232151,
        -0.06928973
      ],
      [
        0.06926428,
        0.002003608,
        0.9975963
      ],
      [
        0.03896849,
        -0.99924016,
        -0.000698718
      ]
    ],
    "placeTranslation": [
      -0.588693261,
      0.0248228386,
      0.762776256
    ]
  },
  {
    "id": "008 pudding box(Clone)-18540",
    "pickRotation": [
      [
        0.175840914,
        -0.5142984,
        0.839390934
      ],
      [
        0.000234724,
        -0.8526549,
        -0.522474468
      ],
      [
        0.9844186,
        0.09206942,
        -0.14981091
      ]
    ],
    "pickTranslation": [
      0.0136098405,
      0.0496650636,
      0.02533262
    ],
    "placeRotation": [
      [
        -0.0239777025,
        -0.08965564,
        -0.995684147
      ],
      [
        0.452580661,
        0.887091,
        -0.0907763243
      ],
      [
        0.891401052,
        -0.452804,
        0.0193060022
      ]
    ],
    "placeTranslation": [
      -0.69149816,
      0.228290364,
      0.6043889
    ]
  },
  {
    "id": "008 pudding box(Clone)-18686",
    "pickRotation": [
      [
        0.123465061,
        -0.511479139,
        0.8503796
      ],
      [
        -0.08511134,
        -0.85923636,
        -0.5044491
      ],
      [
        0.9886923,
        -0.0100951027,
        -0.149618357
      ]
    ],
    "pickTranslation": [
      0.019030802,
      0.049574323,
      0.009263895
    ],
    "placeRotation": [
      [
        -0.00279525761,
        -0.0452869534,
        -0.9989701
      ],
      [
        0.4736975,
        0.879723,
        -0.0412065238
      ],
      [
        0.8806831,
        -0.473324835,
        0.0189932659
      ]
    ],
    "placeTranslation": [
      -0.70570904,
      0.243776634,
      0.304650724
    ]
  },
  {
    "id": "002 masterchef can(Clone)-18382",
    "pickRotation": [
      [
        -0.551317155,
        0.09525108,
        -0.828840554
      ],
      [
        0.8338905,
        0.0319492444,
        -0.5510045
      ],
      [
        -0.026002951,
        -0.99494046,
        -0.0970431343
      ]
    ],
    "pickTranslation": [
      0.0142574469,
      -0.009643697,
      0.128832772
    ],
    "placeRotation": [
      [
        0.666085958,
        -0.745700359,
        -0.0161397625
      ],
      [
        -0.0301115587,
        -0.0485051759,
        0.9983689
      ],
      [
        -0.7452669,
        -0.6645135,
        -0.0547628142
      ]
    ],
    "placeTranslation": [
      -0.8069559,
      0.0972796455,
      -0.3807797
    ]
  },
  {
    "id": "002 masterchef can(Clone)-18604",
    "pickRotation": [
      [
        -0.9586936,
        -0.09361632,
        -0.26859352
      ],
      [
        0.26558727,
        0.04344914,
        -0.9631072
      ],
      [
        0.101832725,
        -0.9946598,
        -0.0167911127
      ]
    ],
    "pickTranslation": [
      0.0160261467,
      -0.0109854937,
      0.114187747
    ],
    "placeRotation": [
      [
        0.9536561,
        -0.300504684,
        -0.0153944585
      ],
      [
        0.0003838867,
        -0.0499464646,
        0.9987518
      ],
      [
        -0.3008985,
        -0.9524716,
        -0.04751639
      ]
    ],
    "placeTranslation": [
      -0.8041785,
      0.6505922,
      0.195754066
    ]
  },
  {
    "id": "006 mustard bottle(Clone)-18674",
    "pickRotation": [
      [
        -0.826544166,
        -0.0279818028,
        -0.5621759
      ],
      [
        0.5627302,
        -0.0186722223,
        -0.8264297
      ],
      [
        0.012627922,
        -0.999434,
        0.0311796218
      ]
    ],
    "pickTranslation": [
      0.0166086778,
      -0.0176779944,
      0.172936261
    ],
    "placeRotation": [
      [
        0.947948456,
        0.31789133,
        -0.0184085835
      ],
      [
        0.0259651579,
        -0.0195499975,
        0.999471664
      ],
      [
        0.317363471,
        -0.9479256,
        -0.0267864875
      ]
    ],
    "placeTranslation": [
      -0.0116722537,
      0.03868857,
      0.4110044
    ]
  },
  {
    "id": "100 half egg carton(Clone)-18592",
    "pickRotation": [
      [
        0.11653582,
        0.0347057171,
        0.9925799
      ],
      [
        0.176737055,
        -0.9841633,
        0.0136612616
      ],
      [
        0.977334857,
        0.173833624,
        -0.120824061
      ]
    ],
    "pickTranslation": [
      -0.06897799,
      0.0405241325,
      -0.00597278029
    ],
    "placeRotation": [
      [
        0.0440510325,
        0.04503586,
        -0.998013735
      ],
      [
        0.00388747617,
        0.9989681,
        0.04525052
      ],
      [
        0.999021769,
        -0.0058730864,
        0.0438305028
      ]
    ],
    "placeTranslation": [
      -0.5466098,
      0.2024669,
      -0.522561431
    ]
  },
  {
    "id": "017 orange(Clone)-18568",
    "pickRotation": [
      [
        -0.302924424,
        0.3525143,
        -0.885421038
      ],
      [
        -0.677382767,
        -0.733167648,
        -0.060148
      ],
      [
        -0.6703651,
        0.581548631,
        0.4608815
      ]
    ],
    "pickTranslation": [
      -0.0125020519,
      0.00766463438,
      0.00685809646
    ],
    "placeRotation": [
      [
        0.45850116,
        0.4645941,
        0.757581055
      ],
      [
        -0.30636093,
        0.8828417,
        -0.3559965
      ],
      [
        -0.834218,
        -0.06886842,
        0.5471174
      ]
    ],
    "placeTranslation": [
      0.3052003,
      0.452836663,
      0.40002048
    ]
  },
  {
    "id": "015 peach(Clone)-18492",
    "pickRotation": [
      [
        -0.547333241,
        -0.0670887753,
        0.8342214
      ],
      [
        -0.833661258,
        -0.0441018529,
        -0.550512433
      ],
      [
        0.07372392,
        -0.9967719,
        -0.0317908973
      ]
    ],
    "pickTranslation": [
      0.0168132484,
      0.003414922,
      0.04871467
    ],
    "placeRotation": [
      [
        0.14923878,
        0.9315104,
        -0.331686854
      ],
      [
        0.254977524,
        0.287845224,
        0.92310977
      ],
      [
        0.9553608,
        -0.222336426,
        -0.194556549
      ]
    ],
    "placeTranslation": [
      0.3199542,
      0.06691261,
      0.115904957
    ]
  },
  {
    "id": "014 lemon(Clone)-18556",
    "pickRotation": [
      [
        -0.34660548,
        -0.6351032,
        0.690295935
      ],
      [
        0.369356036,
        -0.7688687,
        -0.5219358
      ],
      [
        0.862230062,
        0.07405917,
        0.50107336
      ]
    ],
    "pickTranslation": [
      0.0262845047,
      0.0409984738,
      0.0291254334
    ],
    "placeRotation": [
      [
        0.6522359,
        -0.5951367,
        -0.469468474
      ],
      [
        0.650496364,
        0.7574111,
        -0.0564170927
      ],
      [
        0.3891565,
        -0.268590271,
        0.881145
      ]
    ],
    "placeTranslation": [
      0.6563817,
      0.08283645,
      0.728688955
    ]
  },
  {
    "id": "016 pear(Clone)-18528",
    "pickRotation": [
      [
        0.2272598,
        -0.8424586,
        -0.488483816
      ],
      [
        0.9677181,
        0.251495868,
        0.0164766647
      ],
      [
        0.108970739,
        -0.476459116,
        0.8724174
      ]
    ],
    "pickTranslation": [
      0.0531146564,
      -0.0058253915,
      0.0471497849
    ],
    "placeRotation": [
      [
        -0.2870831,
        -0.8616885,
        0.418421179
      ],
      [
        0.859850049,
        -0.0392931476,
        0.5090324
      ],
      [
        -0.422186315,
        0.5059141,
        0.7522032
      ]
    ],
    "placeTranslation": [
      0.5683518,
      -0.03090204,
      -0.445033282
    ]
  },
  {
    "id": "015 peach(Clone)-18516",
    "pickRotation": [
      [
        -0.318725735,
        -0.182941779,
        0.930024862
      ],
      [
        -0.93897593,
        -0.0729872659,
        -0.336150378
      ],
      [
        0.12937592,
        -0.9804107,
        -0.148515016
      ]
    ],
    "pickTranslation": [
      0.018357629,
      0.0100977905,
      0.0515962355
    ],
    "placeRotation": [
      [
        0.623363137,
        0.773290157,
        -0.115934536
      ],
      [
        0.26070407,
        -0.06575518,
        0.963176847
      ],
      [
        0.737191856,
        -0.630633533,
        -0.242589235
      ]
    ],
    "placeTranslation": [
      0.1591182,
      0.377436042,
      0.04731148
    ]
  },
  {
    "id": "011 banana(Clone)-18616",
    "pickRotation": [
      [
        -0.999675155,
        0.025154084,
        0.00410480658
      ],
      [
        -0.00138633163,
        0.107151151,
        -0.9942418
      ],
      [
        -0.0254490748,
        -0.9939245,
        -0.107081473
      ]
    ],
    "pickTranslation": [
      0.0133499634,
      0.0205425937,
      0.037829943
    ],
    "placeRotation": [
      [
        0.4047498,
        -0.9122038,
        0.06373209
      ],
      [
        -0.194494292,
        -0.01777756,
        0.9807425
      ],
      [
        -0.893504,
        -0.4093509,
        -0.184613883
      ]
    ],
    "placeTranslation": [
      0.6836912,
      0.319210768,
      -0.0511971228
    ]
  },
  {
    "id": "011 banana(Clone)-18422",
    "pickRotation": [
      [
        -0.9286035,
        -0.0246704388,
        -0.3702526
      ],
      [
        0.337028116,
        0.361426264,
        -0.8693579
      ],
      [
        0.155266434,
        -0.932074249,
        -0.327307045
      ]
    ],
    "pickTranslation": [
      0.0114681441,
      -0.00199564942,
      0.0208484773
    ],
    "placeRotation": [
      [
        0.362791061,
        -0.9307305,
        0.0460801721
      ],
      [
        -0.15881294,
        -0.0130268838,
        0.987222731
      ],
      [
        -0.918238044,
        -0.365473717,
        -0.152538076
      ]
    ],
    "placeTranslation": [
      0.7262751,
      0.486219257,
      -0.0160596613
    ]
  },
  {
    "id": "058 golf ball(Clone)-18370",
    "pickRotation": [
      [
        -0.9728234,
        0.0441741832,
        -0.227295637
      ],
      [
        0.221376672,
        -0.110312179,
        -0.9689291
      ],
      [
        -0.06787512,
        -0.9929148,
        0.09753513
      ]
    ],
    "pickTranslation": [
      0.008125745,
      -0.0321188234,
      0.026849743
    ],
    "placeRotation": [
      [
        0.837551534,
        -0.5385047,
        0.09230433
      ],
      [
        0.00735094259,
        0.180036172,
        0.9836325
      ],
      [
        -0.5463089,
        -0.8231644,
        0.1547481
      ]
    ],
    "placeTranslation": [
      0.770008266,
      0.3146628,
      -0.191485539
    ]
  },
  {
    "id": "058 golf ball(Clone)-18480",
    "pickRotation": [
      [
        -0.93103,
        0.201631889,
        -0.304183781
      ],
      [
        0.220325515,
        -0.353913248,
        -0.9089566
      ],
      [
        -0.290929317,
        -0.9132853,
        0.285079181
      ]
    ],
    "pickTranslation": [
      0.0139427958,
      -0.0334523953,
      0.0130089857
    ],
    "placeRotation": [
      [
        0.78717804,
        -0.570569336,
        0.234096885
      ],
      [
        -0.008933367,
        0.368991315,
        0.9293899
      ],
      [
        -0.616661131,
        -0.733686566,
        0.285364747
      ]
    ],
    "placeTranslation": [
      0.679306746,
      0.4843211,
      -0.164234713
    ]
  },
  {
    "id": "058 golf ball(Clone)-18504",
    "pickRotation": [
      [
        -0.7330311,
        0.158111751,
        -0.6615634
      ],
      [
        0.6801946,
        0.169166863,
        -0.7132446
      ],
      [
        -0.0008577641,
        -0.9728223,
        -0.231551334
      ]
    ],
    "pickTranslation": [
      -0.006761849,
      -0.0449017733,
      0.0186521746
    ],
    "placeRotation": [
      [
        0.473228723,
        -0.8782207,
        -0.069159925
      ],
      [
        -0.1643782,
        -0.165157363,
        0.972472548
      ],
      [
        -0.8654677,
        -0.448833585,
        -0.22251755
      ]
    ],
    "placeTranslation": [
      0.5844371,
      0.4294021,
      -0.327934176
    ]
  },
  {
    "id": "012 strawberry(Clone)-18580",
    "pickRotation": [
      [
        -0.8105257,
        -0.4575619,
        0.3656297
      ],
      [
        0.443955421,
        -0.88714,
        -0.126040563
      ],
      [
        0.3820361,
        0.0601641759,
        0.922186852
      ]
    ],
    "pickTranslation": [
      0.0144772306,
      0.0330081768,
      0.0201881975
    ],
    "placeRotation": [
      [
        0.8534487,
        -0.5209465,
        0.0154950917
      ],
      [
        0.5209314,
        0.8517571,
        -0.0560393333
      ],
      [
        0.015995441,
        0.0558985732,
        0.9983083
      ]
    ],
    "placeTranslation": [
      0.609703839,
      0.478036731,
      0.4513977
    ]
  },
  {
    "id": "101 bread(Clone)-18410",
    "pickRotation": [
      [
        -0.9811287,
        0.08630616,
        -0.17302525
      ],
      [
        -0.0560319,
        -0.983364761,
        -0.1727836
      ],
      [
        -0.185059234,
        -0.159828,
        0.969643235
      ]
    ],
    "pickTranslation": [
      0.00434043026,
      0.06289324,
      0.0042044986
    ],
    "placeRotation": [
      [
        0.07222217,
        -0.0136570549,
        0.997295
      ],
      [
        0.19196102,
        0.9814024,
        -0.000462025433
      ],
      [
        -0.978741467,
        0.191475153,
        0.07350064
      ]
    ],
    "placeTranslation": [
      0.8205925,
      0.4754456,
      0.117661789
    ]
  },
  {
    "id": "101 bread(Clone)-18702",
    "pickRotation": [
      [
        -0.974194765,
        -0.121218041,
        -0.190396532
      ],
      [
        0.145605713,
        -0.982066035,
        -0.119772084
      ],
      [
        -0.172463417,
        -0.144404158,
        0.9743736
      ]
    ],
    "pickTranslation": [
      0.00438445667,
      0.0498843938,
      -0.00773452
    ],
    "placeRotation": [
      [
        0.190523654,
        0.07143503,
        0.97908
      ],
      [
        -0.126358449,
        0.9908369,
        -0.04770416
      ],
      [
        -0.973516464,
        -0.114626266,
        0.197804287
      ]
    ],
    "placeTranslation": [
      0.286189258,
      0.6165159,
      0.112307765
    ]
  }
]