[
  {
    "timeStamp": 45411,
    "rotation": [
      [
        -0.8158741,
        0.368133456,
        0.4459004
      ],
      [
        0.350591749,
        0.9281743,
        -0.124811
      ],
      [
        -0.45982042,
        0.0544989444,
        -0.886338
      ]
    ],
    "translation": [
      1.44548392,
      0.708663464,
      -0.712624848
    ]
  },
  {
    "timeStamp": 45455,
    "rotation": [
      [
        -0.8163744,
        0.366812944,
        0.4460729
      ],
      [
        0.352972,
        0.928248465,
        -0.11732664
      ],
      [
        -0.4571034,
        0.06166877,
        -0.887273
      ]
    ],
    "translation": [
      1.44609559,
      0.7087438,
      -0.7125203
    ]
  },
  {
    "timeStamp": 45511,
    "rotation": [
      [
        -0.8134725,
        0.371763855,
        0.447274119
      ],
      [
        0.359830678,
        0.925886035,
        -0.115138784
      ],
      [
        -0.456929266,
        0.06728071,
        -0.8869549
      ]
    ],
    "translation": [
      1.44774985,
      0.710887551,
      -0.7124638
    ]
  },
  {
    "timeStamp": 45555,
    "rotation": [
      [
        -0.814943433,
        0.390703946,
        0.428039283
      ],
      [
        0.3807231,
        0.9177753,
        -0.112864919
      ],
      [
        -0.43694067,
        0.07098593,
        -0.8966849
      ]
    ],
    "translation": [
      1.4478668,
      0.713487566,
      -0.710852265
    ]
  },
  {
    "timeStamp": 45611,
    "rotation": [
      [
        -0.815291464,
        0.389173955,
        0.428769648
      ],
      [
        0.3785704,
        0.9185405,
        -0.113876522
      ],
      [
        -0.438160032,
        0.06947693,
        -0.896208
      ]
    ],
    "translation": [
      1.449447,
      0.715271056,
      -0.7096029
    ]
  },
  {
    "timeStamp": 45655,
    "rotation": [
      [
        -0.8084727,
        0.3984055,
        0.433180034
      ],
      [
        0.389591932,
        0.913969934,
        -0.113477528
      ],
      [
        -0.4411236,
        0.07701996,
        -0.8941353
      ]
    ],
    "translation": [
      1.45051825,
      0.7193815,
      -0.7101205
    ]
  },
  {
    "timeStamp": 45711,
    "rotation": [
      [
        -0.803739667,
        0.431475133,
        0.4096727
      ],
      [
        0.420011759,
        0.8991479,
        -0.1229759
      ],
      [
        -0.421417445,
        0.07322676,
        -0.9039055
      ]
    ],
    "translation": [
      1.45495069,
      0.735226154,
      -0.7088312
    ]
  },
  {
    "timeStamp": 45755,
    "rotation": [
      [
        -0.7799156,
        0.486674637,
        0.393547326
      ],
      [
        0.4686165,
        0.8708708,
        -0.148265421
      ],
      [
        -0.4148859,
        0.0687882453,
        -0.9072695
      ]
    ],
    "translation": [
      1.46224141,
      0.761025965,
      -0.7090545
    ]
  },
  {
    "timeStamp": 45811,
    "rotation": [
      [
        -0.739607334,
        0.5695679,
        0.3585713
      ],
      [
        0.5400116,
        0.820175767,
        -0.188942268
      ],
      [
        -0.401706934,
        0.0538895652,
        -0.9141813
      ]
    ],
    "translation": [
      1.48462057,
      0.8075085,
      -0.7105842
    ]
  },
  {
    "timeStamp": 45856,
    "rotation": [
      [
        -0.7093392,
        0.628298,
        0.319499075
      ],
      [
        0.5880094,
        0.777414858,
        -0.223318443
      ],
      [
        -0.388693839,
        0.0294599216,
        -0.920895934
      ]
    ],
    "translation": [
      1.51482451,
      0.847957551,
      -0.7112604
    ]
  },
  {
    "timeStamp": 45911,
    "rotation": [
      [
        -0.683115959,
        0.6899505,
        0.239417464
      ],
      [
        0.62983197,
        0.7225206,
        -0.285088778
      ],
      [
        -0.3696812,
        -0.04395593,
        -0.9281183
      ]
    ],
    "translation": [
      1.56731439,
      0.898355246,
      -0.7084371
    ]
  },
  {
    "timeStamp": 45955,
    "rotation": [
      [
        -0.679928839,
        0.719212949,
        0.14293167
      ],
      [
        0.6575469,
        0.6842835,
        -0.31525895
      ],
      [
        -0.3245441,
        -0.120369382,
        -0.938180268
      ]
    ],
    "translation": [
      1.61990893,
      0.932813764,
      -0.70330435
    ]
  },
  {
    "timeStamp": 46011,
    "rotation": [
      [
        -0.693981349,
        0.7199106,
        -0.0108870324
      ],
      [
        0.678004444,
        0.648346841,
        -0.346347153
      ],
      [
        -0.242280424,
        -0.247739926,
        -0.938043237
      ]
    ],
    "translation": [
      1.69664156,
      0.96696496,
      -0.6937942
    ]
  },
  {
    "timeStamp": 46055,
    "rotation": [
      [
        -0.7202655,
        0.6771772,
        -0.15049465
      ],
      [
        0.676526666,
        0.637735069,
        -0.3682468
      ],
      [
        -0.153392628,
        -0.3670491,
        -0.917467
      ]
    ],
    "translation": [
      1.764942,
      0.9852072,
      -0.6847364
    ]
  },
  {
    "timeStamp": 46111,
    "rotation": [
      [
        -0.7495235,
        0.581981,
        -0.315456182
      ],
      [
        0.6613245,
        0.63713187,
        -0.395869851
      ],
      [
        -0.0294015612,
        -0.505332649,
        -0.8624236
      ]
    ],
    "translation": [
      1.85347223,
      0.998858631,
      -0.6764653
    ]
  },
  {
    "timeStamp": 46155,
    "rotation": [
      [
        -0.743777037,
        0.5065621,
        -0.43610847
      ],
      [
        0.6629057,
        0.642700255,
        -0.3840476
      ],
      [
        0.08574304,
        -0.5747445,
        -0.8138285
      ]
    ],
    "translation": [
      1.922574,
      1.00231814,
      -0.6739233
    ]
  },
  {
    "timeStamp": 46211,
    "rotation": [
      [
        -0.7242849,
        0.4184857,
        -0.5479791
      ],
      [
        0.657148,
        0.659560859,
        -0.3648781
      ],
      [
        0.208729327,
        -0.624379039,
        -0.752716959
      ]
    ],
    "translation": [
      1.99922061,
      0.999013543,
      -0.6740812
    ]
  },
  {
    "timeStamp": 46264,
    "rotation": [
      [
        -0.72488296,
        0.337509453,
        -0.600526452
      ],
      [
        0.6264095,
        0.6856721,
        -0.370762616
      ],
      [
        0.286628336,
        -0.644934952,
        -0.708451152
      ]
    ],
    "translation": [
      2.053828,
      0.9904867,
      -0.67412883
    ]
  },
  {
    "timeStamp": 46306,
    "rotation": [
      [
        -0.6939248,
        0.272294879,
        -0.666576266
      ],
      [
        0.6128027,
        0.7094101,
        -0.348152578
      ],
      [
        0.378075749,
        -0.650071442,
        -0.6591403
      ]
    ],
    "translation": [
      2.11119962,
      0.9735517,
      -0.6725687
    ]
  },
  {
    "timeStamp": 46361,
    "rotation": [
      [
        -0.678475142,
        0.249548674,
        -0.6909392
      ],
      [
        0.5914047,
        0.743481755,
        -0.3122105
      ],
      [
        0.435789,
        -0.620451748,
        -0.6520181
      ]
    ],
    "translation": [
      2.15287375,
      0.950664043,
      -0.671479
    ]
  },
  {
    "timeStamp": 46406,
    "rotation": [
      [
        -0.6547198,
        0.233572215,
        -0.7188783
      ],
      [
        0.5792833,
        0.766000569,
        -0.278700531
      ],
      [
        0.48556453,
        -0.598904967,
        -0.6368202
      ]
    ],
    "translation": [
      2.17897153,
      0.9316167,
      -0.669926643
    ]
  },
  {
    "timeStamp": 46461,
    "rotation": [
      [
        -0.646060169,
        0.222473785,
        -0.7301449
      ],
      [
        0.5505029,
        0.7984334,
        -0.2438249
      ],
      [
        0.5287275,
        -0.559472442,
        -0.6383085
      ]
    ],
    "translation": [
      2.202473,
      0.907998443,
      -0.667102456
    ]
  },
  {
    "timeStamp": 46506,
    "rotation": [
      [
        -0.6302952,
        0.245073572,
        -0.7366593
      ],
      [
        0.5505416,
        0.8101147,
        -0.2015396
      ],
      [
        0.547386467,
        -0.532591,
        -0.6455346
      ]
    ],
    "translation": [
      2.213607,
      0.8938818,
      -0.664400458
    ]
  },
  {
    "timeStamp": 46561,
    "rotation": [
      [
        -0.6208307,
        0.263867855,
        -0.7382026
      ],
      [
        0.5473395,
        0.8200401,
        -0.16719386
      ],
      [
        0.5612386,
        -0.5078465,
        -0.6535314
      ]
    ],
    "translation": [
      2.22362,
      0.8817295,
      -0.66085273
    ]
  },
  {
    "timeStamp": 46606,
    "rotation": [
      [
        -0.6151764,
        0.289564937,
        -0.7332873
      ],
      [
        0.5520567,
        0.8222319,
        -0.13844879
      ],
      [
        0.56284225,
        -0.4899866,
        -0.665674
      ]
    ],
    "translation": [
      2.22778,
      0.875397861,
      -0.6581156
    ]
  },
  {
    "timeStamp": 46662,
    "rotation": [
      [
        -0.616124153,
        0.312007457,
        -0.7232168
      ],
      [
        0.5530933,
        0.82511276,
        -0.115225226
      ],
      [
        0.560784161,
        -0.47099936,
        -0.6809411
      ]
    ],
    "translation": [
      2.23101974,
      0.8699587,
      -0.6545067
    ]
  },
  {
    "timeStamp": 46708,
    "rotation": [
      [
        -0.6319481,
        0.309491873,
        -0.7105325
      ],
      [
        0.5492685,
        0.825646639,
        -0.128886774
      ],
      [
        0.5467593,
        -0.4717228,
        -0.69176
      ]
    ],
    "translation": [
      2.23296022,
      0.867557168,
      -0.6514704
    ]
  },
  {
    "timeStamp": 46753,
    "rotation": [
      [
        -0.63453263,
        0.326587439,
        -0.70050627
      ],
      [
        0.5531222,
        0.8249232,
        -0.116436534
      ],
      [
        0.5398371,
        -0.461348325,
        -0.704083562
      ]
    ],
    "translation": [
      2.23281956,
      0.865068,
      -0.649635553
    ]
  },
  {
    "timeStamp": 46810,
    "rotation": [
      [
        -0.656517565,
        0.32604593,
        -0.680205
      ],
      [
        0.5452709,
        0.828230441,
        -0.129282728
      ],
      [
        0.521214366,
        -0.45577237,
        -0.721531153
      ]
    ],
    "translation": [
      2.23228335,
      0.8621911,
      -0.648579
    ]
  },
  {
    "timeStamp": 46855,
    "rotation": [
      [
        -0.6759893,
        0.322856367,
        -0.6624216
      ],
      [
        0.5365025,
        0.831856847,
        -0.142054021
      ],
      [
        0.505176842,
        -0.451417774,
        -0.735539556
      ]
    ],
    "translation": [
      2.23194838,
      0.8603807,
      -0.6493683
    ]
  },
  {
    "timeStamp": 46910,
    "rotation": [
      [
        -0.704223037,
        0.31300202,
        -0.637259543
      ],
      [
        0.5191164,
        0.839323,
        -0.1614161
      ],
      [
        0.484343022,
        -0.44448483,
        -0.753555
      ]
    ],
    "translation": [
      2.2319653,
      0.8592947,
      -0.6547104
    ]
  },
  {
    "timeStamp": 46955,
    "rotation": [
      [
        -0.739089549,
        0.277599454,
        -0.6137468
      ],
      [
        0.487832755,
        0.848883748,
        -0.203508064
      ],
      [
        0.46450597,
        -0.449816465,
        -0.7628232
      ]
    ],
    "translation": [
      2.23408747,
      0.8603778,
      -0.662591636
    ]
  },
  {
    "timeStamp": 47010,
    "rotation": [
      [
        -0.7771227,
        0.252815634,
        -0.576337159
      ],
      [
        0.453150362,
        0.8602673,
        -0.233655661
      ],
      [
        0.436732143,
        -0.4427465,
        -0.783096731
      ]
    ],
    "translation": [
      2.23511362,
      0.8618505,
      -0.6762602
    ]
  },
  {
    "timeStamp": 47055,
    "rotation": [
      [
        -0.7864708,
        0.251417339,
        -0.564139247
      ],
      [
        0.440065742,
        0.869005,
        -0.226213485
      ],
      [
        0.433365822,
        -0.42616865,
        -0.7940872
      ]
    ],
    "translation": [
      2.23556376,
      0.8615701,
      -0.6882335
    ]
  },
  {
    "timeStamp": 47110,
    "rotation": [
      [
        -0.812532961,
        0.223907426,
        -0.5381967
      ],
      [
        0.4028225,
        0.8830394,
        -0.24078089
      ],
      [
        0.421336234,
        -0.412440151,
        -0.8076936
      ]
    ],
    "translation": [
      2.23774862,
      0.860379457,
      -0.702150464
    ]
  },
  {
    "timeStamp": 47155,
    "rotation": [
      [
        -0.815614641,
        0.208116755,
        -0.53987056
      ],
      [
        0.3846987,
        0.8920119,
        -0.2373222
      ],
      [
        0.432180166,
        -0.401250929,
        -0.807600141
      ]
    ],
    "translation": [
      2.24064946,
      0.859549165,
      -0.7121101
    ]
  },
  {
    "timeStamp": 47210,
    "rotation": [
      [
        -0.812959731,
        0.201752871,
        -0.546252966
      ],
      [
        0.3801976,
        0.894426346,
        -0.235481128
      ],
      [
        0.441074,
        -0.399120718,
        -0.803838551
      ]
    ],
    "translation": [
      2.24324942,
      0.8598037,
      -0.722272456
    ]
  },
  {
    "timeStamp": 47255,
    "rotation": [
      [
        -0.802454531,
        0.207862183,
        -0.559338868
      ],
      [
        0.387478918,
        0.894368231,
        -0.223529786
      ],
      [
        0.4537915,
        -0.3961045,
        -0.7982321
      ]
    ],
    "translation": [
      2.244753,
      0.859436333,
      -0.72833097
    ]
  },
  {
    "timeStamp": 47310,
    "rotation": [
      [
        -0.8034134,
        0.191472337,
        -0.563795447
      ],
      [
        0.375369519,
        0.8978932,
        -0.229968518
      ],
      [
        0.4621955,
        -0.396391422,
        -0.7932523
      ]
    ],
    "translation": [
      2.247257,
      0.8570425,
      -0.7329491
    ]
  },
  {
    "timeStamp": 47355,
    "rotation": [
      [
        -0.803298831,
        0.18127799,
        -0.5673176
      ],
      [
        0.36867106,
        0.899465859,
        -0.234612271
      ],
      [
        0.467752725,
        -0.39761734,
        -0.7893718
      ]
    ],
    "translation": [
      2.24950671,
      0.8553594,
      -0.734378159
    ]
  },
  {
    "timeStamp": 47410,
    "rotation": [
      [
        -0.7932731,
        0.198618069,
        -0.575559437
      ],
      [
        0.378397763,
        0.9013971,
        -0.210471749
      ],
      [
        0.47700417,
        -0.384752,
        -0.7902107
      ]
    ],
    "translation": [
      2.25042939,
      0.851854444,
      -0.7357863
    ]
  },
  {
    "timeStamp": 47455,
    "rotation": [
      [
        -0.792449355,
        0.185769185,
        -0.5809594
      ],
      [
        0.366942823,
        0.906043351,
        -0.210804164
      ],
      [
        0.487213463,
        -0.3802305,
        -0.7861602
      ]
    ],
    "translation": [
      2.25350428,
      0.849068165,
      -0.735694766
    ]
  },
  {
    "timeStamp": 47510,
    "rotation": [
      [
        -0.794557035,
        0.167887628,
        -0.5835177
      ],
      [
        0.352367282,
        0.9101297,
        -0.217947811
      ],
      [
        0.494486,
        -0.3787845,
        -0.782308042
      ]
    ],
    "translation": [
      2.25702262,
      0.8461108,
      -0.735284
    ]
  },
  {
    "timeStamp": 47555,
    "rotation": [
      [
        -0.7911445,
        0.172019213,
        -0.586941
      ],
      [
        0.3533953,
        0.9118014,
        -0.209117085
      ],
      [
        0.499201477,
        -0.372864038,
        -0.7821575
      ]
    ],
    "translation": [
      2.2577672,
      0.843703568,
      -0.7361304
    ]
  },
  {
    "timeStamp": 47610,
    "rotation": [
      [
        -0.790546238,
        0.169688553,
        -0.588423669
      ],
      [
        0.346231282,
        0.916386962,
        -0.20089516
      ],
      [
        0.505134165,
        -0.3625476,
        -0.783197761
      ]
    ],
    "translation": [
      2.25874233,
      0.839643657,
      -0.7376176
    ]
  },
  {
    "timeStamp": 47654,
    "rotation": [
      [
        -0.7884719,
        0.166180342,
        -0.592196047
      ],
      [
        0.343916,
        0.9173495,
        -0.2004786
      ],
      [
        0.5099352,
        -0.36173743,
        -0.780456364
      ]
    ],
    "translation": [
      2.25926256,
      0.8375172,
      -0.740211844
    ]
  },
  {
    "timeStamp": 47710,
    "rotation": [
      [
        -0.7858514,
        0.168230936,
        -0.59509325
      ],
      [
        0.3432619,
        0.91909796,
        -0.193469062
      ],
      [
        0.514401436,
        -0.356310755,
        -0.7800217
      ]
    ],
    "translation": [
      2.258715,
      0.8352653,
      -0.7435956
    ]
  },
  {
    "timeStamp": 47754,
    "rotation": [
      [
        -0.7814034,
        0.169470772,
        -0.6005734
      ],
      [
        0.344281018,
        0.9197695,
        -0.188400447
      ],
      [
        0.5204607,
        -0.353982776,
        -0.7770566
      ]
    ],
    "translation": [
      2.25823379,
      0.8340275,
      -0.745982
    ]
  }
]