[
  {
    "timeStamp": 26676,
    "rotation": [
      [
        0.999982238,
        0.000811308448,
        -0.005908742
      ],
      [
        0.005832998,
        0.07360747,
        0.9972702
      ],
      [
        0.00124402228,
        -0.997287,
        0.0736014247
      ]
    ],
    "translation": [
      1.15409589,
      0.702828467,
      -0.619755149
    ]
  },
  {
    "timeStamp": 26731,
    "rotation": [
      [
        0.9999673,
        -0.0076696435,
        -0.0025869566
      ],
      [
        0.0030912736,
        0.0664897561,
        0.9977823
      ],
      [
        -0.00748062646,
        -0.9977576,
        0.06651129
      ]
    ],
    "translation": [
      1.1540221,
      0.702898,
      -0.6197172
    ]
  },
  {
    "timeStamp": 26775,
    "rotation": [
      [
        0.99997896,
        -0.00628137356,
        0.00159254589
      ],
      [
        -0.00114949432,
        0.06991741,
        0.9975521
      ],
      [
        -0.00637734542,
        -0.997532964,
        0.0699087158
      ]
    ],
    "translation": [
      1.15404856,
      0.702910662,
      -0.6196992
    ]
  },
  {
    "timeStamp": 26831,
    "rotation": [
      [
        0.9999783,
        -0.00371444,
        0.00543582859
      ],
      [
        -0.005136759,
        0.0762639642,
        0.9970744
      ],
      [
        -0.00411813147,
        -0.997080743,
        0.07624324
      ]
    ],
    "translation": [
      1.15491009,
      0.703045,
      -0.6182179
    ]
  },
  {
    "timeStamp": 26875,
    "rotation": [
      [
        0.99974066,
        -0.0102389194,
        0.0203420073
      ],
      [
        -0.0193925966,
        0.0855569,
        0.996144533
      ],
      [
        -0.011939845,
        -0.99628067,
        0.0853361562
      ]
    ],
    "translation": [
      1.15694034,
      0.7050839,
      -0.6161866
    ]
  },
  {
    "timeStamp": 26930,
    "rotation": [
      [
        0.9986006,
        -0.008603054,
        0.0521801859
      ],
      [
        -0.0514493547,
        0.07027204,
        0.9962002
      ],
      [
        -0.0122371521,
        -0.997490764,
        0.06973109
      ]
    ],
    "translation": [
      1.15799785,
      0.7169419,
      -0.613108039
    ]
  },
  {
    "timeStamp": 26975,
    "rotation": [
      [
        0.996332943,
        -0.0167730134,
        0.08390008
      ],
      [
        -0.08276288,
        0.0597614124,
        0.9947758
      ],
      [
        -0.021699395,
        -0.99807173,
        0.0581540838
      ]
    ],
    "translation": [
      1.1603322,
      0.7303558,
      -0.6103365
    ]
  },
  {
    "timeStamp": 27030,
    "rotation": [
      [
        0.9902765,
        -0.0135145374,
        0.138454676
      ],
      [
        -0.137221843,
        0.06864254,
        0.98815906
      ],
      [
        -0.02285841,
        -0.9975498,
        0.0661206
      ]
    ],
    "translation": [
      1.163971,
      0.7526758,
      -0.611001
    ]
  },
  {
    "timeStamp": 27075,
    "rotation": [
      [
        0.9828731,
        -0.009670515,
        0.184030056
      ],
      [
        -0.183340251,
        0.0496200956,
        0.981796443
      ],
      [
        -0.018626051,
        -0.998721361,
        0.046997264
      ]
    ],
    "translation": [
      1.169836,
      0.775342941,
      -0.6111348
    ]
  },
  {
    "timeStamp": 27131,
    "rotation": [
      [
        0.974120259,
        0.00105697638,
        0.226027533
      ],
      [
        -0.2258285,
        0.0467677563,
        0.9730438
      ],
      [
        -0.009542323,
        -0.9989052,
        0.045796115
      ]
    ],
    "translation": [
      1.1840502,
      0.805033565,
      -0.6150864
    ]
  },
  {
    "timeStamp": 27175,
    "rotation": [
      [
        0.965217233,
        0.0153487222,
        0.2609983
      ],
      [
        -0.261335,
        0.0271324217,
        0.964866757
      ],
      [
        0.007727956,
        -0.999514,
        0.0301998388
      ]
    ],
    "translation": [
      1.20086753,
      0.8311739,
      -0.6193953
    ]
  },
  {
    "timeStamp": 27230,
    "rotation": [
      [
        0.9566171,
        0.0294747148,
        0.2898534
      ],
      [
        -0.289776862,
        -0.00692934263,
        0.957069159
      ],
      [
        0.030217832,
        -0.9995415,
        0.00191236287
      ]
    ],
    "translation": [
      1.232012,
      0.865383744,
      -0.625067055
    ]
  },
  {
    "timeStamp": 27275,
    "rotation": [
      [
        0.949866056,
        0.0224204566,
        0.3118523
      ],
      [
        -0.311349183,
        -0.023312144,
        0.9500096
      ],
      [
        0.0285695959,
        -0.99947685,
        -0.0151628237
      ]
    ],
    "translation": [
      1.266124,
      0.8914653,
      -0.628411
    ]
  },
  {
    "timeStamp": 27330,
    "rotation": [
      [
        0.9402378,
        0.0009939204,
        0.3405171
      ],
      [
        -0.3396152,
        -0.0700552,
        0.9379519
      ],
      [
        0.02478724,
        -0.9975426,
        -0.06553099
      ]
    ],
    "translation": [
      1.31737053,
      0.9255092,
      -0.6305168
    ]
  },
  {
    "timeStamp": 27375,
    "rotation": [
      [
        0.931349456,
        -0.0316742435,
        0.362746418
      ],
      [
        -0.364120871,
        -0.08662481,
        0.92731446
      ],
      [
        0.00205086148,
        -0.9957374,
        -0.0922112241
      ]
    ],
    "translation": [
      1.36476946,
      0.950726867,
      -0.6309313
    ]
  },
  {
    "timeStamp": 27430,
    "rotation": [
      [
        0.9178149,
        -0.103798509,
        0.383199126
      ],
      [
        -0.393780649,
        -0.115182951,
        0.911959231
      ],
      [
        -0.050522,
        -0.9879062,
        -0.146590486
      ]
    ],
    "translation": [
      1.43179226,
      0.980457246,
      -0.628057063
    ]
  },
  {
    "timeStamp": 27475,
    "rotation": [
      [
        0.902712,
        -0.187069684,
        0.3874481
      ],
      [
        -0.416475475,
        -0.153930768,
        0.896020949
      ],
      [
        -0.10797818,
        -0.970211446,
        -0.216865078
      ]
    ],
    "translation": [
      1.49155533,
      1.00341344,
      -0.622826
    ]
  },
  {
    "timeStamp": 27531,
    "rotation": [
      [
        0.883649647,
        -0.2987938,
        0.360396534
      ],
      [
        -0.424933255,
        -0.188866019,
        0.885302961
      ],
      [
        -0.196456358,
        -0.93544215,
        -0.2938588
      ]
    ],
    "translation": [
      1.57242346,
      1.02499259,
      -0.6192764
    ]
  },
  {
    "timeStamp": 27575,
    "rotation": [
      [
        0.8615606,
        -0.392859668,
        0.321519345
      ],
      [
        -0.421753049,
        -0.201404318,
        0.8840592
      ],
      [
        -0.2825558,
        -0.897272348,
        -0.339211762
      ]
    ],
    "translation": [
      1.6418227,
      1.03557992,
      -0.6199495
    ]
  },
  {
    "timeStamp": 27631,
    "rotation": [
      [
        0.803607464,
        -0.5227226,
        0.284563124
      ],
      [
        -0.435973376,
        -0.19154276,
        0.8793399
      ],
      [
        -0.4051448,
        -0.830706,
        -0.381818324
      ]
    ],
    "translation": [
      1.7306174,
      1.04538512,
      -0.6261713
    ]
  },
  {
    "timeStamp": 27675,
    "rotation": [
      [
        0.7502051,
        -0.6186871,
        0.233277708
      ],
      [
        -0.435670882,
        -0.197136343,
        0.878252864
      ],
      [
        -0.497376174,
        -0.7605021,
        -0.417436659
      ]
    ],
    "translation": [
      1.80145764,
      1.04950631,
      -0.6343281
    ]
  },
  {
    "timeStamp": 27730,
    "rotation": [
      [
        0.6713318,
        -0.722039759,
        0.167248756
      ],
      [
        -0.430271059,
        -0.195943341,
        0.881177068
      ],
      [
        -0.6034736,
        -0.6635245,
        -0.44221583
      ]
    ],
    "translation": [
      1.88541186,
      1.04829752,
      -0.648962438
    ]
  },
  {
    "timeStamp": 27775,
    "rotation": [
      [
        0.6077761,
        -0.7853534,
        0.117593542
      ],
      [
        -0.418683559,
        -0.191080958,
        0.8878019
      ],
      [
        -0.6747684,
        -0.588819265,
        -0.444948971
      ]
    ],
    "translation": [
      1.94544411,
      1.04336262,
      -0.663370967
    ]
  },
  {
    "timeStamp": 27830,
    "rotation": [
      [
        0.523597,
        -0.845064044,
        0.108226605
      ],
      [
        -0.403910041,
        -0.134373754,
        0.9048759
      ],
      [
        -0.750135243,
        -0.5175041,
        -0.411687523
      ]
    ],
    "translation": [
      2.007014,
      1.02873,
      -0.6826301
    ]
  },
  {
    "timeStamp": 27875,
    "rotation": [
      [
        0.47552377,
        -0.8762443,
        0.07793049
      ],
      [
        -0.385171473,
        -0.1277415,
        0.9139612
      ],
      [
        -0.7908983,
        -0.464626878,
        -0.398248434
      ]
    ],
    "translation": [
      2.049392,
      1.01704943,
      -0.6958961
    ]
  },
  {
    "timeStamp": 27927,
    "rotation": [
      [
        0.4330911,
        -0.8994821,
        0.0580013059
      ],
      [
        -0.364917874,
        -0.116136774,
        0.9237679
      ],
      [
        -0.8241766,
        -0.4212414,
        -0.378534883
      ]
    ],
    "translation": [
      2.08522534,
      1.00310779,
      -0.7074422
    ]
  },
  {
    "timeStamp": 27981,
    "rotation": [
      [
        0.390631467,
        -0.918971658,
        0.0538343862
      ],
      [
        -0.33564353,
        -0.08773061,
        0.9378949
      ],
      [
        -0.8571759,
        -0.384440422,
        -0.34271723
      ]
    ],
    "translation": [
      2.12742567,
      0.9792078,
      -0.72232306
    ]
  },
  {
    "timeStamp": 28025,
    "rotation": [
      [
        0.361616045,
        -0.9287419,
        0.08168364
      ],
      [
        -0.316434234,
        -0.03984941,
        0.9477771
      ],
      [
        -0.876985252,
        -0.3685789,
        -0.308295935
      ]
    ],
    "translation": [
      2.14889979,
      0.959768951,
      -0.730118752
    ]
  },
  {
    "timeStamp": 28081,
    "rotation": [
      [
        0.350533783,
        -0.931861639,
        0.0935948938
      ],
      [
        -0.282555133,
        -0.009946709,
        0.9591995
      ],
      [
        -0.892910242,
        -0.362677544,
        -0.26678896
      ]
    ],
    "translation": [
      2.171722,
      0.936206341,
      -0.736462
    ]
  },
  {
    "timeStamp": 28125,
    "rotation": [
      [
        0.333924532,
        -0.935188532,
        0.117969707
      ],
      [
        -0.258460939,
        0.02951453,
        0.965570748
      ],
      [
        -0.9064725,
        -0.3529183,
        -0.231854066
      ]
    ],
    "translation": [
      2.18704867,
      0.917678833,
      -0.739260733
    ]
  },
  {
    "timeStamp": 28181,
    "rotation": [
      [
        0.327893049,
        -0.932131469,
        0.153678149
      ],
      [
        -0.221229687,
        0.08238628,
        0.971735537
      ],
      [
        -0.918446243,
        -0.352623463,
        -0.179201275
      ]
    ],
    "translation": [
      2.20078373,
      0.89412564,
      -0.741283834
    ]
  },
  {
    "timeStamp": 28225,
    "rotation": [
      [
        0.323047847,
        -0.9340547,
        0.152256146
      ],
      [
        -0.1850633,
        0.09542777,
        0.978082359
      ],
      [
        -0.928111851,
        -0.344144434,
        -0.142031521
      ]
    ],
    "translation": [
      2.21306539,
      0.8761996,
      -0.741257548
    ]
  },
  {
    "timeStamp": 28281,
    "rotation": [
      [
        0.326536834,
        -0.933489442,
        0.148226544
      ],
      [
        -0.145482168,
        0.105315626,
        0.983739555
      ],
      [
        -0.9339211,
        -0.342791557,
        -0.10141664
      ]
    ],
    "translation": [
      2.22442842,
      0.8566962,
      -0.7405545
    ]
  },
  {
    "timeStamp": 28325,
    "rotation": [
      [
        0.318528116,
        -0.9350391,
        0.155697465
      ],
      [
        -0.125740692,
        0.12112245,
        0.9846414
      ],
      [
        -0.9395367,
        -0.333213478,
        -0.0789915547
      ]
    ],
    "translation": [
      2.23177981,
      0.843229055,
      -0.739064753
    ]
  },
  {
    "timeStamp": 28382,
    "rotation": [
      [
        0.308764458,
        -0.93540746,
        0.17227146
      ],
      [
        -0.100694545,
        0.147956014,
        0.9838545
      ],
      [
        -0.9457934,
        -0.3211261,
        -0.0485068671
      ]
    ],
    "translation": [
      2.23726821,
      0.825760841,
      -0.7384859
    ]
  },
  {
    "timeStamp": 28428,
    "rotation": [
      [
        0.300128162,
        -0.9379759,
        0.173563838
      ],
      [
        -0.08248049,
        0.155752674,
        0.9843465
      ],
      [
        -0.9503263,
        -0.309745759,
        -0.0306189414
      ]
    ],
    "translation": [
      2.2414422,
      0.8145457,
      -0.7385391
    ]
  },
  {
    "timeStamp": 28473,
    "rotation": [
      [
        0.2903693,
        -0.941089451,
        0.1733101
      ],
      [
        -0.05678152,
        0.163849279,
        0.9848499
      ],
      [
        -0.955228567,
        -0.295810968,
        -0.005859688
      ]
    ],
    "translation": [
      2.244644,
      0.803751469,
      -0.7417424
    ]
  },
  {
    "timeStamp": 28530,
    "rotation": [
      [
        0.27245146,
        -0.9459045,
        0.1761671
      ],
      [
        -0.0256231017,
        0.1758958,
        0.984075248
      ],
      [
        -0.9618283,
        -0.2726267,
        0.02368606
      ]
    ],
    "translation": [
      2.2470572,
      0.7920625,
      -0.7454932
    ]
  },
  {
    "timeStamp": 28575,
    "rotation": [
      [
        0.265021,
        -0.952043831,
        0.152893409
      ],
      [
        -0.000185306446,
        0.158512935,
        0.9873569
      ],
      [
        -0.964242637,
        -0.261698663,
        0.0418328345
      ]
    ],
    "translation": [
      2.25045681,
      0.7842303,
      -0.7485573
    ]
  },
  {
    "timeStamp": 28630,
    "rotation": [
      [
        0.263260156,
        -0.958647549,
        0.108115375
      ],
      [
        0.03692986,
        0.122000642,
        0.991842747
      ],
      [
        -0.964017749,
        -0.257119983,
        0.0675206259
      ]
    ],
    "translation": [
      2.25504017,
      0.775755942,
      -0.7520501
    ]
  },
  {
    "timeStamp": 28674,
    "rotation": [
      [
        0.2644322,
        -0.9628227,
        0.0552096255
      ],
      [
        0.0858276,
        0.0805149,
        0.99305135
      ],
      [
        -0.960577548,
        -0.25785625,
        0.103927493
      ]
    ],
    "translation": [
      2.25905323,
      0.771465063,
      -0.7553538
    ]
  },
  {
    "timeStamp": 28730,
    "rotation": [
      [
        0.282101363,
        -0.9593177,
        -0.0113275135
      ],
      [
        0.1213989,
        0.0239819847,
        0.992314041
      ],
      [
        -0.951672733,
        -0.281308264,
        0.123225465
      ]
    ],
    "translation": [
      2.26335239,
      0.7686811,
      -0.7571606
    ]
  },
  {
    "timeStamp": 28775,
    "rotation": [
      [
        0.270816952,
        -0.9622957,
        -0.0254002623
      ],
      [
        0.1288986,
        0.010101743,
        0.991606355
      ],
      [
        -0.953961968,
        -0.271817863,
        0.1267743
      ]
    ],
    "translation": [
      2.26430273,
      0.7679917,
      -0.756921351
    ]
  },
  {
    "timeStamp": 28830,
    "rotation": [
      [
        0.254102945,
        -0.9666993,
        -0.03039909
      ],
      [
        0.136496246,
        0.00472729141,
        0.9906293
      ],
      [
        -0.957497,
        -0.255871177,
        0.133152053
      ]
    ],
    "translation": [
      2.26568484,
      0.7671535,
      -0.7568643
    ]
  },
  {
    "timeStamp": 28875,
    "rotation": [
      [
        0.244879141,
        -0.968776166,
        -0.0388188
      ],
      [
        0.187614158,
        0.008066458,
        0.9822097
      ],
      [
        -0.9512282,
        -0.24780561,
        0.183731437
      ]
    ],
    "translation": [
      2.26641417,
      0.7623223,
      -0.7624644
    ]
  },
  {
    "timeStamp": 28930,
    "rotation": [
      [
        0.252987951,
        -0.9668146,
        -0.0355906859
      ],
      [
        0.276581466,
        0.0370235071,
        0.960277
      ],
      [
        -0.927092135,
        -0.252782255,
        0.2767695
      ]
    ],
    "translation": [
      2.26531386,
      0.756040335,
      -0.773410857
    ]
  },
  {
    "timeStamp": 28975,
    "rotation": [
      [
        0.260144442,
        -0.9654403,
        -0.0158125814
      ],
      [
        0.296470523,
        0.06427919,
        0.9528764
      ],
      [
        -0.9189288,
        -0.25257346,
        0.302946448
      ]
    ],
    "translation": [
      2.264188,
      0.7550783,
      -0.7760025
    ]
  },
  {
    "timeStamp": 29030,
    "rotation": [
      [
        0.319684029,
        -0.9464308,
        0.045505397
      ],
      [
        0.229741991,
        0.124015428,
        0.965317965
      ],
      [
        -0.9192501,
        -0.298142254,
        0.257080674
      ]
    ],
    "translation": [
      2.255635,
      0.7513647,
      -0.774458647
    ]
  },
  {
    "timeStamp": 29075,
    "rotation": [
      [
        0.1469073,
        -0.9557104,
        0.2550212
      ],
      [
        0.015372362,
        0.259993225,
        0.9654881
      ],
      [
        -0.9890308,
        -0.137916967,
        0.05288643
      ]
    ],
    "translation": [
      2.23434782,
      0.7444192,
      -0.7685674
    ]
  },
  {
    "timeStamp": 29130,
    "rotation": [
      [
        0.124387309,
        -0.9522755,
        0.2787458
      ],
      [
        -0.00539080426,
        0.280274838,
        0.9599047
      ],
      [
        -0.99221915,
        -0.12090262,
        0.0297291
      ]
    ],
    "translation": [
      2.22678065,
      0.740703,
      -0.7682396
    ]
  },
  {
    "timeStamp": 29175,
    "rotation": [
      [
        0.134049818,
        -0.9523629,
        0.273926169
      ],
      [
        0.01142405,
        0.277887762,
        0.9605456
      ],
      [
        -0.990908742,
        -0.125631616,
        0.0481306426
      ]
    ],
    "translation": [
      2.22346783,
      0.735661,
      -0.77087307
    ]
  },
  {
    "timeStamp": 29230,
    "rotation": [
      [
        0.128952086,
        -0.9560378,
        0.263368547
      ],
      [
        0.0185797419,
        0.267868668,
        0.963276267
      ],
      [
        -0.9914767,
        -0.119323157,
        0.05230516
      ]
    ],
    "translation": [
      2.2221868,
      0.7298202,
      -0.7727261
    ]
  },
  {
    "timeStamp": 29274,
    "rotation": [
      [
        0.13425824,
        -0.961009264,
        0.24173528
      ],
      [
        0.01918531,
        0.246418908,
        0.9689735
      ],
      [
        -0.9907606,
        -0.125454918,
        0.051521033
      ]
    ],
    "translation": [
      2.22144938,
      0.726866245,
      -0.7734358
    ]
  },
  {
    "timeStamp": 29330,
    "rotation": [
      [
        0.127863675,
        -0.9650303,
        0.22883895
      ],
      [
        0.011484676,
        0.23215808,
        0.972610235
      ],
      [
        -0.9917252,
        -0.121733375,
        0.0407676473
      ]
    ],
    "translation": [
      2.22141838,
      0.7263258,
      -0.773404837
    ]
  },
  {
    "timeStamp": 29375,
    "rotation": [
      [
        0.1274119,
        -0.9648036,
        0.230044171
      ],
      [
        0.00187394593,
        0.232168213,
        0.972673833
      ],
      [
        -0.9918482,
        -0.12349914,
        0.0313889831
      ]
    ],
    "translation": [
      2.221465,
      0.7254929,
      -0.7734574
    ]
  },
  {
    "timeStamp": 29430,
    "rotation": [
      [
        0.112442508,
        -0.9646357,
        0.238400087
      ],
      [
        -0.004229432,
        0.239454821,
        0.9708983
      ],
      [
        -0.993649244,
        -0.11017853,
        0.0228450373
      ]
    ],
    "translation": [
      2.22345424,
      0.7253649,
      -0.7734324
    ]
  },
  {
    "timeStamp": 29475,
    "rotation": [
      [
        0.09105388,
        -0.965898752,
        0.2423814
      ],
      [
        -0.0120207192,
        0.242308661,
        0.9701247
      ],
      [
        -0.995773435,
        -0.09124722,
        0.0104523478
      ]
    ],
    "translation": [
      2.22634649,
      0.7253947,
      -0.7734482
    ]
  },
  {
    "timeStamp": 29530,
    "rotation": [
      [
        0.09517216,
        -0.9867175,
        0.131646439
      ],
      [
        0.00178410881,
        0.132415578,
        0.9911927
      ],
      [
        -0.9954592,
        -0.0940990746,
        0.0143626882
      ]
    ],
    "translation": [
      2.244812,
      0.7241097,
      -0.774233
    ]
  },
  {
    "timeStamp": 29574,
    "rotation": [
      [
        0.11702437,
        -0.992988169,
        0.0167278964
      ],
      [
        0.0245906543,
        0.0197356679,
        0.9995028
      ],
      [
        -0.992824554,
        -0.116554826,
        0.0267277826
      ]
    ],
    "translation": [
      2.26286721,
      0.730928659,
      -0.774382532
    ]
  },
  {
    "timeStamp": 29630,
    "rotation": [
      [
        0.1289721,
        -0.991372,
        -0.0234057214
      ],
      [
        0.0236032587,
        -0.0205272138,
        0.999510646
      ],
      [
        -0.9913673,
        -0.129461423,
        0.0207521711
      ]
    ],
    "translation": [
      2.26787281,
      0.735953033,
      -0.7741947
    ]
  },
  {
    "timeStamp": 29674,
    "rotation": [
      [
        0.12440078,
        -0.9922246,
        -0.003847022
      ],
      [
        0.0162471626,
        -0.001839652,
        0.9998663
      ],
      [
        -0.992099,
        -0.124446653,
        0.01589198
      ]
    ],
    "translation": [
      2.268024,
      0.738423169,
      -0.773957253
    ]
  },
  {
    "timeStamp": 29730,
    "rotation": [
      [
        0.113047659,
        -0.9935714,
        0.00600332441
      ],
      [
        0.008562747,
        0.00701605855,
        0.9999387
      ],
      [
        -0.9935526,
        -0.112989329,
        0.00930085
      ]
    ],
    "translation": [
      2.26823664,
      0.7396192,
      -0.773384333
    ]
  },
  {
    "timeStamp": 29774,
    "rotation": [
      [
        0.115372881,
        -0.993313849,
        -0.00406885939
      ],
      [
        0.015602136,
        -0.002283558,
        0.999875665
      ],
      [
        -0.993199646,
        -0.115422018,
        0.0152343586
      ]
    ],
    "translation": [
      2.2685616,
      0.739233553,
      -0.773566663
    ]
  },
  {
    "timeStamp": 29830,
    "rotation": [
      [
        0.1269049,
        -0.9915304,
        -0.027613068
      ],
      [
        0.06421195,
        -0.019567702,
        0.997744441
      ],
      [
        -0.9898343,
        -0.128391728,
        0.06118487
      ]
    ],
    "translation": [
      2.26944852,
      0.7370231,
      -0.775413036
    ]
  },
  {
    "timeStamp": 29877,
    "rotation": [
      [
        0.138992652,
        -0.989682257,
        -0.0347869843
      ],
      [
        0.10129188,
        -0.0207356662,
        0.994640648
      ],
      [
        -0.9850995,
        -0.141771376,
        0.09736467
      ]
    ],
    "translation": [
      2.26938438,
      0.7355641,
      -0.776814
    ]
  },
  {
    "timeStamp": 29930,
    "rotation": [
      [
        0.112024672,
        -0.993531,
        -0.01861868
      ],
      [
        0.1250316,
        -0.004494837,
        0.992142558
      ],
      [
        -0.9858081,
        -0.11347238,
        0.123719238
      ]
    ],
    "translation": [
      2.26912451,
      0.7338297,
      -0.7775029
    ]
  },
  {
    "timeStamp": 29974,
    "rotation": [
      [
        0.08488541,
        -0.9963767,
        -0.00527917966
      ],
      [
        0.181299239,
        0.0102353338,
        0.9833747
      ],
      [
        -0.9797576,
        -0.0844312757,
        0.181511179
      ]
    ],
    "translation": [
      2.2696166,
      0.7306407,
      -0.7810999
    ]
  },
  {
    "timeStamp": 30030,
    "rotation": [
      [
        0.08993316,
        -0.995884538,
        0.0112275053
      ],
      [
        0.180404112,
        0.02737599,
        0.9832115
      ],
      [
        -0.9794725,
        -0.08639783,
        0.182123661
      ]
    ],
    "translation": [
      2.26827145,
      0.72950846,
      -0.779436231
    ]
  }
]