[
  {
    "timeStamp": 53219,
    "rotation": [
      [
        0.9983785,
        -0.0567084663,
        -0.004945814
      ],
      [
        0.05674834,
        0.984723151,
        0.1646204
      ],
      [
        -0.00446511246,
        -0.164634138,
        0.9863446
      ]
    ],
    "translation": [
      1.60672247,
      0.8439674,
      -0.7770626
    ]
  },
  {
    "timeStamp": 53263,
    "rotation": [
      [
        0.998589635,
        -0.05138163,
        0.0133713046
      ],
      [
        0.0489401333,
        0.988455236,
        0.143391356
      ],
      [
        -0.0205846187,
        -0.142534718,
        0.989575744
      ]
    ],
    "translation": [
      1.6070925,
      0.8460355,
      -0.7737159
    ]
  },
  {
    "timeStamp": 53318,
    "rotation": [
      [
        0.9997688,
        -0.016711209,
        0.0135334535
      ],
      [
        0.0145186158,
        0.988813639,
        0.148447871
      ],
      [
        -0.0158628076,
        -0.148217067,
        0.9888276
      ]
    ],
    "translation": [
      1.61274052,
      0.8462487,
      -0.774200559
    ]
  },
  {
    "timeStamp": 53363,
    "rotation": [
      [
        0.9992744,
        -0.03434743,
        0.01646109
      ],
      [
        0.0314237848,
        0.9876813,
        0.153290808
      ],
      [
        -0.0215234552,
        -0.1526623,
        0.988044
      ]
    ],
    "translation": [
      1.61501956,
      0.8474171,
      -0.775270045
    ]
  },
  {
    "timeStamp": 53418,
    "rotation": [
      [
        0.999591768,
        -0.008317119,
        0.0273337681
      ],
      [
        0.00310299033,
        0.982635438,
        0.18552044
      ],
      [
        -0.0284021273,
        -0.18535988,
        0.982260168
      ]
    ],
    "translation": [
      1.62481034,
      0.8583461,
      -0.7804658
    ]
  },
  {
    "timeStamp": 53463,
    "rotation": [
      [
        0.9980862,
        0.03886696,
        0.0480965041
      ],
      [
        -0.048003193,
        0.9772898,
        0.206398457
      ],
      [
        -0.0389821455,
        -0.208312243,
        0.9772852
      ]
    ],
    "translation": [
      1.6376617,
      0.875986159,
      -0.7851729
    ]
  },
  {
    "timeStamp": 53519,
    "rotation": [
      [
        0.986871958,
        0.135022342,
        0.08861544
      ],
      [
        -0.152680591,
        0.958856165,
        0.239339665
      ],
      [
        -0.0526532568,
        -0.249727458,
        0.96688354
      ]
    ],
    "translation": [
      1.6635493,
      0.90878284,
      -0.7946189
    ]
  },
  {
    "timeStamp": 53563,
    "rotation": [
      [
        0.974284232,
        0.1913775,
        0.118932106
      ],
      [
        -0.21756506,
        0.9363261,
        0.275606334
      ],
      [
        -0.05861438,
        -0.294394374,
        0.9538848
      ]
    ],
    "translation": [
      1.687577,
      0.935100555,
      -0.804059565
    ]
  },
  {
    "timeStamp": 53618,
    "rotation": [
      [
        0.9501233,
        0.252210647,
        0.18345435
      ],
      [
        -0.299564362,
        0.9016647,
        0.311868519
      ],
      [
        -0.08675774,
        -0.351269931,
        0.93224597
      ]
    ],
    "translation": [
      1.72559881,
      0.9672412,
      -0.8172567
    ]
  },
  {
    "timeStamp": 53663,
    "rotation": [
      [
        0.9318843,
        0.277769625,
        0.233314782
      ],
      [
        -0.346556872,
        0.871752143,
        0.3463331
      ],
      [
        -0.107191838,
        -0.4035992,
        0.908635
      ]
    ],
    "translation": [
      1.75743651,
      0.9892301,
      -0.828342557
    ]
  },
  {
    "timeStamp": 53719,
    "rotation": [
      [
        0.911787152,
        0.283740073,
        0.296876669
      ],
      [
        -0.385911971,
        0.83919394,
        0.383178085
      ],
      [
        -0.140414134,
        -0.463945121,
        0.874664962
      ]
    ],
    "translation": [
      1.800113,
      1.0115329,
      -0.8427543
    ]
  },
  {
    "timeStamp": 53763,
    "rotation": [
      [
        0.894564033,
        0.278716743,
        0.349388331
      ],
      [
        -0.409584343,
        0.824099243,
        0.391281426
      ],
      [
        -0.178873956,
        -0.493130267,
        0.851367533
      ]
    ],
    "translation": [
      1.83516777,
      1.02511346,
      -0.851262
    ]
  },
  {
    "timeStamp": 53818,
    "rotation": [
      [
        0.8812485,
        0.243808508,
        0.404917866
      ],
      [
        -0.4145875,
        0.810127556,
        0.4145004
      ],
      [
        -0.2269764,
        -0.5331517,
        0.815003633
      ]
    ],
    "translation": [
      1.87592113,
      1.036896,
      -0.8626792
    ]
  },
  {
    "timeStamp": 53863,
    "rotation": [
      [
        0.873529136,
        0.223389372,
        0.432485938
      ],
      [
        -0.4135866,
        0.809141934,
        0.417415231
      ],
      [
        -0.2566964,
        -0.543494761,
        0.7991999
      ]
    ],
    "translation": [
      1.9078207,
      1.04300988,
      -0.8695482
    ]
  },
  {
    "timeStamp": 53919,
    "rotation": [
      [
        0.866166949,
        0.188440666,
        0.462866
      ],
      [
        -0.401226044,
        0.8143912,
        0.41926676
      ],
      [
        -0.2979471,
        -0.5488689,
        0.781006038
      ]
    ],
    "translation": [
      1.944103,
      1.0479691,
      -0.876024544
    ]
  },
  {
    "timeStamp": 53963,
    "rotation": [
      [
        0.870460033,
        0.162330583,
        0.464702249
      ],
      [
        -0.3772471,
        0.826439857,
        0.417949438
      ],
      [
        -0.316202521,
        -0.539115846,
        0.7806216
      ]
    ],
    "translation": [
      1.97162044,
      1.04967678,
      -0.879505157
    ]
  },
  {
    "timeStamp": 54018,
    "rotation": [
      [
        0.8688639,
        0.133004934,
        0.476849228
      ],
      [
        -0.355088323,
        0.8386085,
        0.413095653
      ],
      [
        -0.3449461,
        -0.5282475,
        0.775865138
      ]
    ],
    "translation": [
      2.00551438,
      1.05152237,
      -0.882109046
    ]
  },
  {
    "timeStamp": 54063,
    "rotation": [
      [
        0.873311937,
        0.0986986,
        0.47705847
      ],
      [
        -0.320429742,
        0.8539937,
        0.409901828
      ],
      [
        -0.366948217,
        -0.5108359,
        0.7774289
      ]
    ],
    "translation": [
      2.03318286,
      1.05071545,
      -0.882672548
    ]
  },
  {
    "timeStamp": 54113,
    "rotation": [
      [
        0.85311836,
        0.08809714,
        0.5142256
      ],
      [
        -0.321403265,
        0.8651431,
        0.385002971
      ],
      [
        -0.4109611,
        -0.493726879,
        0.7663842
      ]
    ],
    "translation": [
      2.0718472,
      1.05158865,
      -0.8806721
    ]
  },
  {
    "timeStamp": 54169,
    "rotation": [
      [
        0.8400747,
        0.0214311834,
        0.542047143
      ],
      [
        -0.2793981,
        0.8735862,
        0.398476958
      ],
      [
        -0.464985073,
        -0.486197382,
        0.7398655
      ]
    ],
    "translation": [
      2.10508537,
      1.04804039,
      -0.875479
    ]
  },
  {
    "timeStamp": 54213,
    "rotation": [
      [
        0.8214927,
        -0.0269176289,
        0.5695834
      ],
      [
        -0.2600192,
        0.871305,
        0.41619423
      ],
      [
        -0.50748384,
        -0.490003169,
        0.7087715
      ]
    ],
    "translation": [
      2.12877679,
      1.04502666,
      -0.869636
    ]
  },
  {
    "timeStamp": 54269,
    "rotation": [
      [
        0.81190753,
        -0.0354363173,
        0.58270967
      ],
      [
        -0.246103078,
        0.884350538,
        0.396683067
      ],
      [
        -0.529376566,
        -0.4654766,
        0.709289849
      ]
    ],
    "translation": [
      2.153891,
      1.04262757,
      -0.859816
    ]
  },
  {
    "timeStamp": 54313,
    "rotation": [
      [
        0.812242568,
        -0.0362684466,
        0.582191169
      ],
      [
        -0.237033263,
        0.8914271,
        0.386229128
      ],
      [
        -0.5329889,
        -0.451710433,
        0.7154582
      ]
    ],
    "translation": [
      2.16752625,
      1.03952634,
      -0.851233363
    ]
  },
  {
    "timeStamp": 54368,
    "rotation": [
      [
        0.825317264,
        -0.03999635,
        0.563250959
      ],
      [
        -0.209170356,
        0.904872656,
        0.370746821
      ],
      [
        -0.52449894,
        -0.4237992,
        0.738441
      ]
    ],
    "translation": [
      2.17961526,
      1.034258,
      -0.8387219
    ]
  },
  {
    "timeStamp": 54413,
    "rotation": [
      [
        0.8358771,
        -0.0361867435,
        0.5477226
      ],
      [
        -0.194689423,
        0.9134097,
        0.357461542
      ],
      [
        -0.5132305,
        -0.405429721,
        0.756453037
      ]
    ],
    "translation": [
      2.18632,
      1.02944,
      -0.8291289
    ]
  },
  {
    "timeStamp": 54470,
    "rotation": [
      [
        0.8549066,
        -0.0420682766,
        0.517073452
      ],
      [
        -0.166330442,
        0.9218627,
        0.350004762
      ],
      [
        -0.491394818,
        -0.385226429,
        0.7811093
      ]
    ],
    "translation": [
      2.18830585,
      1.02259457,
      -0.817361057
    ]
  },
  {
    "timeStamp": 54516,
    "rotation": [
      [
        0.8786041,
        -0.02687565,
        0.476794
      ],
      [
        -0.150707766,
        0.9317891,
        0.330236733
      ],
      [
        -0.4531468,
        -0.362003922,
        0.814623356
      ]
    ],
    "translation": [
      2.18738532,
      1.01768017,
      -0.809272051
    ]
  },
  {
    "timeStamp": 54572,
    "rotation": [
      [
        0.8993604,
        -0.0133667774,
        0.437003672
      ],
      [
        -0.136621445,
        0.9408861,
        0.3099483
      ],
      [
        -0.4153137,
        -0.3384593,
        0.8443695
      ]
    ],
    "translation": [
      2.18355417,
      1.01254845,
      -0.7985939
    ]
  },
  {
    "timeStamp": 54617,
    "rotation": [
      [
        0.9177104,
        -0.0022581243,
        0.397243679
      ],
      [
        -0.125167578,
        0.947404444,
        0.294547021
      ],
      [
        -0.377015561,
        -0.3200309,
        0.869160235
      ]
    ],
    "translation": [
      2.18042564,
      1.00906241,
      -0.7903156
    ]
  },
  {
    "timeStamp": 54663,
    "rotation": [
      [
        0.9253637,
        0.007674996,
        0.379002661
      ],
      [
        -0.125704378,
        0.949438155,
        0.287690163
      ],
      [
        -0.357631564,
        -0.313860327,
        0.879540443
      ]
    ],
    "translation": [
      2.17712331,
      1.00697756,
      -0.7810888
    ]
  },
  {
    "timeStamp": 54718,
    "rotation": [
      [
        0.942537665,
        -0.006633588,
        0.334034026
      ],
      [
        -0.09976468,
        0.948599756,
        0.3003424
      ],
      [
        -0.318856955,
        -0.316408843,
        0.89342916
      ]
    ],
    "translation": [
      2.16885424,
      1.002953,
      -0.769999
    ]
  },
  {
    "timeStamp": 54763,
    "rotation": [
      [
        0.948702335,
        0.003465907,
        0.316151559
      ],
      [
        -0.101769745,
        0.950070262,
        0.294973522
      ],
      [
        -0.299343854,
        -0.312016726,
        0.9016866
      ]
    ],
    "translation": [
      2.16298985,
      1.00018346,
      -0.7600368
    ]
  },
  {
    "timeStamp": 54818,
    "rotation": [
      [
        0.956772149,
        -0.002477122,
        0.2908278
      ],
      [
        -0.08878098,
        0.9497473,
        0.3001632
      ],
      [
        -0.276956469,
        -0.313007772,
        0.908471942
      ]
    ],
    "translation": [
      2.15407467,
      0.996181369,
      -0.7482566
    ]
  },
  {
    "timeStamp": 54863,
    "rotation": [
      [
        0.9643332,
        -0.00535039976,
        0.2646375
      ],
      [
        -0.0753844753,
        0.9528392,
        0.2939637
      ],
      [
        -0.2537298,
        -0.3034285,
        0.918451
      ]
    ],
    "translation": [
      2.146361,
      0.9908581,
      -0.7393676
    ]
  },
  {
    "timeStamp": 54918,
    "rotation": [
      [
        0.971926332,
        -0.0117642041,
        0.234990969
      ],
      [
        -0.055047784,
        0.959660053,
        0.275721371
      ],
      [
        -0.228755087,
        -0.2809166,
        0.9320713
      ]
    ],
    "translation": [
      2.13733745,
      0.983878255,
      -0.7290948
    ]
  },
  {
    "timeStamp": 54962,
    "rotation": [
      [
        0.9761935,
        -0.0192231,
        0.216048136
      ],
      [
        -0.0420501679,
        0.96039474,
        0.275451869
      ],
      [
        -0.21278654,
        -0.277979165,
        0.9367227
      ]
    ],
    "translation": [
      2.13219714,
      0.9796929,
      -0.7238732
    ]
  },
  {
    "timeStamp": 55018,
    "rotation": [
      [
        0.9746915,
        -0.019424377,
        0.222708553
      ],
      [
        -0.0438554734,
        0.9602466,
        0.275686532
      ],
      [
        -0.2192102,
        -0.2784763,
        0.9350924
      ]
    ],
    "translation": [
      2.130639,
      0.9781379,
      -0.717699766
    ]
  },
  {
    "timeStamp": 55074,
    "rotation": [
      [
        0.9709984,
        -0.0349366479,
        0.236519575
      ],
      [
        -0.0376273,
        0.9546076,
        0.295480132
      ],
      [
        -0.23610647,
        -0.295810342,
        0.9256079
      ]
    ],
    "translation": [
      2.131795,
      0.977936268,
      -0.711998
    ]
  },
  {
    "timeStamp": 55118,
    "rotation": [
      [
        0.964015365,
        -0.03187207,
        0.26392886
      ],
      [
        -0.0533155538,
        0.9494387,
        0.309392422
      ],
      [
        -0.260445237,
        -0.312330574,
        0.9135742
      ]
    ],
    "translation": [
      2.134576,
      0.981527,
      -0.706390142
    ]
  },
  {
    "timeStamp": 55163,
    "rotation": [
      [
        0.9633104,
        -0.05467138,
        0.262762219
      ],
      [
        -0.0409037545,
        0.937690139,
        0.345056564
      ],
      [
        -0.2652543,
        -0.343144536,
        0.901050448
      ]
    ],
    "translation": [
      2.135712,
      0.9839,
      -0.7029481
    ]
  },
  {
    "timeStamp": 55218,
    "rotation": [
      [
        0.9602982,
        -0.1098524,
        0.2564368
      ],
      [
        -0.00208716141,
        0.916353941,
        0.400363684
      ],
      [
        -0.2789678,
        -0.385003746,
        0.879743755
      ]
    ],
    "translation": [
      2.13382936,
      0.9831703,
      -0.697520852
    ]
  },
  {
    "timeStamp": 55274,
    "rotation": [
      [
        0.949695051,
        -0.128629267,
        0.285541356
      ],
      [
        -0.00204138015,
        0.90919745,
        0.4163603
      ],
      [
        -0.3131696,
        -0.3959982,
        0.8631977
      ]
    ],
    "translation": [
      2.1346643,
      0.9831291,
      -0.684701443
    ]
  },
  {
    "timeStamp": 55318,
    "rotation": [
      [
        0.9425161,
        -0.11515978,
        0.313690424
      ],
      [
        -0.0217239819,
        0.915638745,
        0.401414722
      ],
      [
        -0.333453923,
        -0.385154426,
        0.8605025
      ]
    ],
    "translation": [
      2.13646984,
      0.9840867,
      -0.672432661
    ]
  },
  {
    "timeStamp": 55374,
    "rotation": [
      [
        0.9344416,
        -0.124652848,
        0.333587348
      ],
      [
        -0.0226986017,
        0.913983941,
        0.405114949
      ],
      [
        -0.355392218,
        -0.386128247,
        0.8512352
      ]
    ],
    "translation": [
      2.13556385,
      0.980540335,
      -0.6589755
    ]
  },
  {
    "timeStamp": 55418,
    "rotation": [
      [
        0.933572531,
        -0.106412143,
        0.342226326
      ],
      [
        -0.0359339938,
        0.9222978,
        0.3848058
      ],
      [
        -0.3565826,
        -0.371541679,
        0.857208
      ]
    ],
    "translation": [
      2.136872,
      0.9802453,
      -0.64911294
    ]
  },
  {
    "timeStamp": 55474,
    "rotation": [
      [
        0.93318516,
        -0.06697347,
        0.353100628
      ],
      [
        -0.07198286,
        0.927745342,
        0.366206259
      ],
      [
        -0.352113575,
        -0.367155433,
        0.860937238
      ]
    ],
    "translation": [
      2.1393652,
      0.982105,
      -0.6401452
    ]
  },
  {
    "timeStamp": 55518,
    "rotation": [
      [
        0.933169365,
        -0.06667802,
        0.35319826
      ],
      [
        -0.07730875,
        0.922412157,
        0.378390223
      ],
      [
        -0.3510247,
        -0.380407482,
        0.855612
      ]
    ],
    "translation": [
      2.14023352,
      0.9825328,
      -0.6363642
    ]
  },
  {
    "timeStamp": 55573,
    "rotation": [
      [
        0.9412123,
        -0.0800124556,
        0.3282033
      ],
      [
        -0.0611579157,
        0.9151329,
        0.398486584
      ],
      [
        -0.332233518,
        -0.39513272,
        0.8564409
      ]
    ],
    "translation": [
      2.139386,
      0.98092705,
      -0.6377912
    ]
  },
  {
    "timeStamp": 55617,
    "rotation": [
      [
        0.9402701,
        -0.08331891,
        0.330075949
      ],
      [
        -0.0570204332,
        0.917344153,
        0.3939903
      ],
      [
        -0.335620075,
        -0.389278382,
        0.8578004
      ]
    ],
    "translation": [
      2.14089847,
      0.9822598,
      -0.6422073
    ]
  },
  {
    "timeStamp": 55673,
    "rotation": [
      [
        0.948999941,
        -0.06820868,
        0.3078097
      ],
      [
        -0.0587003455,
        0.921018958,
        0.38506943
      ],
      [
        -0.30976364,
        -0.383499384,
        0.870043
      ]
    ],
    "translation": [
      2.14379716,
      0.9863918,
      -0.6575921
    ]
  },
  {
    "timeStamp": 55718,
    "rotation": [
      [
        0.9518644,
        -0.05705918,
        0.301161617
      ],
      [
        -0.06274265,
        0.925447047,
        0.3736457
      ],
      [
        -0.300029069,
        -0.374555737,
        0.877320051
      ]
    ],
    "translation": [
      2.147457,
      0.9904685,
      -0.6733197
    ]
  },
  {
    "timeStamp": 55773,
    "rotation": [
      [
        0.9566218,
        -0.0425074436,
        0.288214773
      ],
      [
        -0.06448503,
        0.9338644,
        0.3517654
      ],
      [
        -0.284106165,
        -0.355092,
        0.890614033
      ]
    ],
    "translation": [
      2.15200734,
      0.99407,
      -0.6947314
    ]
  },
  {
    "timeStamp": 55817,
    "rotation": [
      [
        0.9608493,
        -0.044875443,
        0.273413241
      ],
      [
        -0.05376025,
        0.9378478,
        0.3428577
      ],
      [
        -0.271805882,
        -0.344133317,
        0.8987179
      ]
    ],
    "translation": [
      2.15354872,
      0.9948916,
      -0.711852431
    ]
  },
  {
    "timeStamp": 55873,
    "rotation": [
      [
        0.968746662,
        -0.0547823422,
        0.241927058
      ],
      [
        -0.0256689247,
        0.9479318,
        0.317437053
      ],
      [
        -0.246720314,
        -0.3137261,
        0.9168996
      ]
    ],
    "translation": [
      2.1540885,
      0.994348764,
      -0.733711839
    ]
  },
  {
    "timeStamp": 55917,
    "rotation": [
      [
        0.9749155,
        -0.05778667,
        0.214943022
      ],
      [
        -0.009958743,
        0.9534166,
        0.301492453
      ],
      [
        -0.22235249,
        -0.296070218,
        0.928925037
      ]
    ],
    "translation": [
      2.15417552,
      0.9936827,
      -0.751653135
    ]
  },
  {
    "timeStamp": 55973,
    "rotation": [
      [
        0.981475651,
        -0.051595103,
        0.1845086
      ],
      [
        0.00261170953,
        0.9665688,
        0.256393939
      ],
      [
        -0.191568941,
        -0.251162529,
        0.948798537
      ]
    ],
    "translation": [
      2.1556077,
      0.993249536,
      -0.7724496
    ]
  },
  {
    "timeStamp": 56017,
    "rotation": [
      [
        0.984926462,
        -0.0571424477,
        0.1632623
      ],
      [
        0.0192777961,
        0.9742398,
        0.224688977
      ],
      [
        -0.171895891,
        -0.218154788,
        0.9606562
      ]
    ],
    "translation": [
      2.156654,
      0.99097544,
      -0.7871998
    ]
  },
  {
    "timeStamp": 56073,
    "rotation": [
      [
        0.983766735,
        -0.0726866,
        0.164071992
      ],
      [
        0.0392441861,
        0.9793062,
        0.198542789
      ],
      [
        -0.17510812,
        -0.18888092,
        0.9662614
      ]
    ],
    "translation": [
      2.15820837,
      0.9878093,
      -0.803358
    ]
  },
  {
    "timeStamp": 56117,
    "rotation": [
      [
        0.9813352,
        -0.0686271638,
        0.179642737
      ],
      [
        0.0378962681,
        0.984850049,
        0.169216558
      ],
      [
        -0.188534,
        -0.159250379,
        0.969068766
      ]
    ],
    "translation": [
      2.1601522,
      0.985028267,
      -0.812255442
    ]
  },
  {
    "timeStamp": 56173,
    "rotation": [
      [
        0.9755492,
        -0.07142129,
        0.207852513
      ],
      [
        0.04308323,
        0.9895219,
        0.137805
      ],
      [
        -0.215516821,
        -0.1254806,
        0.9684044
      ]
    ],
    "translation": [
      2.16209316,
      0.977825344,
      -0.821088135
    ]
  },
  {
    "timeStamp": 56217,
    "rotation": [
      [
        0.969729245,
        -0.09972952,
        0.222888187
      ],
      [
        0.07092811,
        0.9884807,
        0.133697763
      ],
      [
        -0.233654276,
        -0.113841593,
        0.9656323
      ]
    ],
    "translation": [
      2.16157532,
      0.968683541,
      -0.8263926
    ]
  },
  {
    "timeStamp": 56274,
    "rotation": [
      [
        0.9627065,
        -0.140259236,
        0.231351718
      ],
      [
        0.105993882,
        0.982296646,
        0.154462576
      ],
      [
        -0.248920813,
        -0.124180257,
        0.9605299
      ]
    ],
    "translation": [
      2.16108084,
      0.9596651,
      -0.8320948
    ]
  },
  {
    "timeStamp": 56317,
    "rotation": [
      [
        0.958410442,
        -0.127648875,
        0.255255133
      ],
      [
        0.0913392156,
        0.98454845,
        0.149403632
      ],
      [
        -0.2703823,
        -0.119875193,
        0.9552609
      ]
    ],
    "translation": [
      2.16271758,
      0.957358241,
      -0.8327707
    ]
  },
  {
    "timeStamp": 56373,
    "rotation": [
      [
        0.956611156,
        -0.136315927,
        0.2575131
      ],
      [
        0.0999691561,
        0.983714938,
        0.149368748
      ],
      [
        -0.273680836,
        -0.117144443,
        0.9546601
      ]
    ],
    "translation": [
      2.16246152,
      0.9529003,
      -0.8348827
    ]
  },
  {
    "timeStamp": 56417,
    "rotation": [
      [
        0.9543269,
        -0.145739332,
        0.2608067
      ],
      [
        0.1081161,
        0.9822517,
        0.1532729
      ],
      [
        -0.278515726,
        -0.11807505,
        0.953146
      ]
    ],
    "translation": [
      2.16147542,
      0.9492661,
      -0.8356737
    ]
  },
  {
    "timeStamp": 56473,
    "rotation": [
      [
        0.956381142,
        -0.12598592,
        0.263557822
      ],
      [
        0.09065463,
        0.9856762,
        0.142211482
      ],
      [
        -0.277699322,
        -0.112115636,
        0.954103351
      ]
    ],
    "translation": [
      2.16148782,
      0.9472797,
      -0.835961044
    ]
  },
  {
    "timeStamp": 56517,
    "rotation": [
      [
        0.9582643,
        -0.130298048,
        0.25446403
      ],
      [
        0.096097976,
        0.9851131,
        0.142539039
      ],
      [
        -0.2692484,
        -0.112136595,
        0.9565201
      ]
    ],
    "translation": [
      2.158959,
      0.9441376,
      -0.837544262
    ]
  },
  {
    "timeStamp": 56573,
    "rotation": [
      [
        0.9604518,
        -0.137520224,
        0.242116764
      ],
      [
        0.102988191,
        0.983312,
        0.1499694
      ],
      [
        -0.258700162,
        -0.119103208,
        0.958586752
      ]
    ],
    "translation": [
      2.15614939,
      0.941141069,
      -0.839848936
    ]
  },
  {
    "timeStamp": 56617,
    "rotation": [
      [
        0.961934566,
        -0.121638954,
        0.24471575
      ],
      [
        0.0909822,
        0.9869399,
        0.1329355
      ],
      [
        -0.257689863,
        -0.105610467,
        0.9604386
      ]
    ],
    "translation": [
      2.15607214,
      0.940523267,
      -0.8393588
    ]
  },
  {
    "timeStamp": 56673,
    "rotation": [
      [
        0.961337268,
        -0.131585419,
        0.241900668
      ],
      [
        0.09941275,
        0.985041142,
        0.140751466
      ],
      [
        -0.256802946,
        -0.111261621,
        0.960038066
      ]
    ],
    "translation": [
      2.15566564,
      0.9386237,
      -0.8398264
    ]
  },
  {
    "timeStamp": 56717,
    "rotation": [
      [
        0.9604025,
        -0.133501247,
        0.244549662
      ],
      [
        0.102430232,
        0.985441864,
        0.135692149
      ],
      [
        -0.25910455,
        -0.1052698,
        0.960095346
      ]
    ],
    "translation": [
      2.15544343,
      0.9379789,
      -0.8392039
    ]
  }
]