[
  {
    "timeStamp": 66635,
    "rotation": [
      [
        0.9983772,
        -0.0569398962,
        -0.0008595614
      ],
      [
        0.05694118,
        0.9983763,
        0.001550499
      ],
      [
        0.0007698805,
        -0.00159692729,
        0.99999845
      ]
    ],
    "translation": [
      1.7701627,
      0.6996289,
      -0.489919841
    ]
  },
  {
    "timeStamp": 66691,
    "rotation": [
      [
        0.9993181,
        -0.0369154029,
        -0.0008004345
      ],
      [
        0.0369148776,
        0.9993182,
        -0.000663168
      ],
      [
        0.0008243699,
        0.0006331678,
        0.999999464
      ]
    ],
    "translation": [
      1.77014589,
      0.699715257,
      -0.489908159
    ]
  },
  {
    "timeStamp": 66735,
    "rotation": [
      [
        0.99974376,
        -0.0226022918,
        -0.001243413
      ],
      [
        0.0225994419,
        0.999742031,
        -0.002260689
      ],
      [
        0.0012941889,
        0.00223200931,
        0.999996662
      ]
    ],
    "translation": [
      1.77014017,
      0.699427247,
      -0.489905179
    ]
  },
  {
    "timeStamp": 66790,
    "rotation": [
      [
        0.999986768,
        -0.004881427,
        -0.00161915133
      ],
      [
        0.00487513561,
        0.9999807,
        -0.00386728672
      ],
      [
        0.00163799792,
        0.003859342,
        0.999991238
      ]
    ],
    "translation": [
      1.77023733,
      0.6991992,
      -0.489945829
    ]
  },
  {
    "timeStamp": 66835,
    "rotation": [
      [
        0.9999935,
        0.00327994,
        -0.00151664345
      ],
      [
        -0.00328045874,
        0.9999946,
        -0.000339777558
      ],
      [
        0.00151552085,
        0.000344750646,
        0.9999988
      ]
    ],
    "translation": [
      1.77022326,
      0.699447632,
      -0.489944965
    ]
  },
  {
    "timeStamp": 66890,
    "rotation": [
      [
        0.9999659,
        0.0082201995,
        -0.0008204575
      ],
      [
        -0.008217501,
        0.999961,
        0.00323945121
      ],
      [
        0.000847054471,
        -0.00323259854,
        0.9999944
      ]
    ],
    "translation": [
      1.77017522,
      0.699587,
      -0.4899269
    ]
  },
  {
    "timeStamp": 66934,
    "rotation": [
      [
        0.9993351,
        -0.0345268548,
        -0.01171449
      ],
      [
        0.0345215723,
        0.9994037,
        -0.0006528854
      ],
      [
        0.0117300479,
        0.0002480487,
        0.999931157
      ]
    ],
    "translation": [
      1.77406621,
      0.7008221,
      -0.49282515
    ]
  },
  {
    "timeStamp": 66990,
    "rotation": [
      [
        0.999275863,
        -0.03017122,
        -0.02318397
      ],
      [
        0.0307633,
        0.9991983,
        0.02562082
      ],
      [
        0.02239237,
        -0.0263154823,
        0.9994029
      ]
    ],
    "translation": [
      1.775292,
      0.7128224,
      -0.492497772
    ]
  },
  {
    "timeStamp": 67034,
    "rotation": [
      [
        0.9993747,
        -0.0178997852,
        -0.0304919519
      ],
      [
        0.0194769185,
        0.9984448,
        0.0522364378
      ],
      [
        0.029509509,
        -0.052797664,
        0.9981691
      ]
    ],
    "translation": [
      1.77422225,
      0.7258747,
      -0.4919155
    ]
  },
  {
    "timeStamp": 67090,
    "rotation": [
      [
        0.999211669,
        -0.005362703,
        -0.0393340774
      ],
      [
        0.009153465,
        0.995258152,
        0.0968365148
      ],
      [
        0.0386282578,
        -0.09712022,
        0.99452275
      ]
    ],
    "translation": [
      1.77450848,
      0.7451653,
      -0.490926832
    ]
  },
  {
    "timeStamp": 67134,
    "rotation": [
      [
        0.998842657,
        0.0166771319,
        -0.04511339
      ],
      [
        -0.01107611,
        0.9925089,
        0.121669225
      ],
      [
        0.0468045361,
        -0.121028729,
        0.991544962
      ]
    ],
    "translation": [
      1.77443719,
      0.7607529,
      -0.492327154
    ]
  },
  {
    "timeStamp": 67190,
    "rotation": [
      [
        0.9978834,
        0.03850563,
        -0.05240285
      ],
      [
        -0.0289974231,
        0.984770358,
        0.17142494
      ],
      [
        0.0582055971,
        -0.169542551,
        0.983802557
      ]
    ],
    "translation": [
      1.77624393,
      0.7847893,
      -0.4949074
    ]
  },
  {
    "timeStamp": 67234,
    "rotation": [
      [
        0.9965609,
        0.06229783,
        -0.0546386056
      ],
      [
        -0.04884077,
        0.9742698,
        0.2200293
      ],
      [
        0.06694009,
        -0.216604,
        0.97396183
      ]
    ],
    "translation": [
      1.77949476,
      0.80686,
      -0.4991083
    ]
  },
  {
    "timeStamp": 67290,
    "rotation": [
      [
        0.9936548,
        0.0921668038,
        -0.06446312
      ],
      [
        -0.06773879,
        0.9479358,
        0.311173916
      ],
      [
        0.08978681,
        -0.3048328,
        0.9481641
      ]
    ],
    "translation": [
      1.78340018,
      0.8410206,
      -0.5071443
    ]
  },
  {
    "timeStamp": 67334,
    "rotation": [
      [
        0.9911557,
        0.119875975,
        -0.0569229051
      ],
      [
        -0.09012708,
        0.9229197,
        0.37429446
      ],
      [
        0.09740419,
        -0.3658538,
        0.92556113
      ]
    ],
    "translation": [
      1.792227,
      0.8681584,
      -0.518278
    ]
  },
  {
    "timeStamp": 67390,
    "rotation": [
      [
        0.9861362,
        0.153045908,
        -0.0641267
      ],
      [
        -0.110208385,
        0.8929734,
        0.4364086
      ],
      [
        0.124053992,
        -0.423291028,
        0.8974604
      ]
    ],
    "translation": [
      1.80269969,
      0.901298165,
      -0.5362114
    ]
  },
  {
    "timeStamp": 67434,
    "rotation": [
      [
        0.9838024,
        0.168997332,
        -0.0597724542
      ],
      [
        -0.1188921,
        0.8647152,
        0.487987936
      ],
      [
        0.134154812,
        -0.472977221,
        0.8708014
      ]
    ],
    "translation": [
      1.81720924,
      0.9271277,
      -0.5526781
    ]
  },
  {
    "timeStamp": 67490,
    "rotation": [
      [
        0.98305887,
        0.175384536,
        -0.0532491542
      ],
      [
        -0.1195186,
        0.8336374,
        0.53922534
      ],
      [
        0.138962269,
        -0.523726,
        0.8404764
      ]
    ],
    "translation": [
      1.83979547,
      0.9586417,
      -0.575104
    ]
  },
  {
    "timeStamp": 67534,
    "rotation": [
      [
        0.984771132,
        0.1672384,
        -0.0475085378
      ],
      [
        -0.1096808,
        0.8096418,
        0.576585
      ],
      [
        0.134892046,
        -0.5625935,
        0.815654755
      ]
    ],
    "translation": [
      1.86276555,
      0.98155576,
      -0.59360075
    ]
  },
  {
    "timeStamp": 67590,
    "rotation": [
      [
        0.9905651,
        0.13144438,
        -0.0387699567
      ],
      [
        -0.08166612,
        0.793364763,
        0.603243649
      ],
      [
        0.110051706,
        -0.5943859,
        0.796614051
      ]
    ],
    "translation": [
      1.89775956,
      1.0038681,
      -0.6164436
    ]
  },
  {
    "timeStamp": 67634,
    "rotation": [
      [
        0.9947811,
        0.0997570157,
        -0.0214292016
      ],
      [
        -0.06608701,
        0.7899679,
        0.6095763
      ],
      [
        0.07773789,
        -0.60497874,
        0.792437732
      ]
    ],
    "translation": [
      1.9301306,
      1.01561856,
      -0.6339571
    ]
  },
  {
    "timeStamp": 67690,
    "rotation": [
      [
        0.9987623,
        0.04953901,
        0.004444156
      ],
      [
        -0.04208768,
        0.7941468,
        0.6062669
      ],
      [
        0.02650455,
        -0.6057036,
        0.795248866
      ]
    ],
    "translation": [
      1.9742018,
      1.02442932,
      -0.65428
    ]
  },
  {
    "timeStamp": 67734,
    "rotation": [
      [
        0.999400854,
        0.00163549872,
        0.03457223
      ],
      [
        -0.0221415553,
        0.7979543,
        0.6023111
      ],
      [
        -0.0266019814,
        -0.6027157,
        0.7975125
      ]
    ],
    "translation": [
      2.010398,
      1.02783585,
      -0.669451237
    ]
  },
  {
    "timeStamp": 67790,
    "rotation": [
      [
        0.9961488,
        -0.06689242,
        0.05668282
      ],
      [
        0.0212775748,
        0.8115907,
        0.5838389
      ],
      [
        -0.085057646,
        -0.5803843,
        0.8098884
      ]
    ],
    "translation": [
      2.05475616,
      1.025129,
      -0.6868606
    ]
  },
  {
    "timeStamp": 67834,
    "rotation": [
      [
        0.9925549,
        -0.09650553,
        0.07430605
      ],
      [
        0.0392288268,
        0.830866,
        0.5550881
      ],
      [
        -0.115307435,
        -0.54804045,
        0.828465939
      ]
    ],
    "translation": [
      2.08664846,
      1.01751757,
      -0.6987486
    ]
  },
  {
    "timeStamp": 67885,
    "rotation": [
      [
        0.9873273,
        -0.124400407,
        0.09853656
      ],
      [
        0.0568194352,
        0.8568483,
        0.5124281
      ],
      [
        -0.148177147,
        -0.500335455,
        0.85305804
      ]
    ],
    "translation": [
      2.11550331,
      1.00429749,
      -0.7097757
    ]
  },
  {
    "timeStamp": 67940,
    "rotation": [
      [
        0.9827574,
        -0.151607126,
        0.105844751
      ],
      [
        0.08935712,
        0.890582442,
        0.4459576
      ],
      [
        -0.161873832,
        -0.428810149,
        0.8887737
      ]
    ],
    "translation": [
      2.1517942,
      0.9798294,
      -0.723164856
    ]
  },
  {
    "timeStamp": 67984,
    "rotation": [
      [
        0.982865036,
        -0.137406543,
        0.122865312
      ],
      [
        0.07951114,
        0.9174056,
        0.389929444
      ],
      [
        -0.166296184,
        -0.37347886,
        0.9126112
      ]
    ],
    "translation": [
      2.16970563,
      0.9592689,
      -0.7282646
    ]
  },
  {
    "timeStamp": 68040,
    "rotation": [
      [
        0.984518647,
        -0.121062525,
        0.126755163
      ],
      [
        0.074121356,
        0.9428682,
        0.324816346
      ],
      [
        -0.1588365,
        -0.310392469,
        0.9372446
      ]
    ],
    "translation": [
      2.18847632,
      0.933425069,
      -0.730275154
    ]
  },
  {
    "timeStamp": 68085,
    "rotation": [
      [
        0.9848235,
        -0.106580511,
        0.136979148
      ],
      [
        0.06538343,
        0.9589209,
        0.2760358
      ],
      [
        -0.1607722,
        -0.262890369,
        0.951336443
      ]
    ],
    "translation": [
      2.19954658,
      0.9138623,
      -0.7298705
    ]
  },
  {
    "timeStamp": 68140,
    "rotation": [
      [
        0.9862051,
        -0.09810836,
        0.133319825
      ],
      [
        0.0649633557,
        0.970205963,
        0.233409584
      ],
      [
        -0.152247131,
        -0.221528813,
        0.963195562
      ]
    ],
    "translation": [
      2.20744324,
      0.8929093,
      -0.7268496
    ]
  },
  {
    "timeStamp": 68188,
    "rotation": [
      [
        0.9877355,
        -0.09486713,
        0.1240109
      ],
      [
        0.06803578,
        0.9763884,
        0.205028862
      ],
      [
        -0.1405333,
        -0.1940771,
        0.9708679
      ]
    ],
    "translation": [
      2.21080017,
      0.87875247,
      -0.7230295
    ]
  },
  {
    "timeStamp": 68240,
    "rotation": [
      [
        0.9888504,
        -0.0859689862,
        0.121590048
      ],
      [
        0.06428584,
        0.9829654,
        0.172180772
      ],
      [
        -0.134321019,
        -0.1624445,
        0.9775324
      ]
    ],
    "translation": [
      2.21276522,
      0.861916661,
      -0.717984259
    ]
  },
  {
    "timeStamp": 68285,
    "rotation": [
      [
        0.9879809,
        -0.106375419,
        0.112151511
      ],
      [
        0.0889114,
        0.9845846,
        0.150625139
      ],
      [
        -0.126445457,
        -0.138843209,
        0.9822088
      ]
    ],
    "translation": [
      2.2165153,
      0.8496636,
      -0.714369535
    ]
  },
  {
    "timeStamp": 68342,
    "rotation": [
      [
        0.990198433,
        -0.0856456459,
        0.1103266
      ],
      [
        0.0724559054,
        0.9903109,
        0.118467234
      ],
      [
        -0.119403847,
        -0.109312251,
        0.9868098
      ]
    ],
    "translation": [
      2.21649432,
      0.8357044,
      -0.711495459
    ]
  },
  {
    "timeStamp": 68387,
    "rotation": [
      [
        0.9904443,
        -0.102727607,
        0.09201639
      ],
      [
        0.09382594,
        0.9909162,
        0.09634245
      ],
      [
        -0.101077549,
        -0.08678831,
        0.9910858
      ]
    ],
    "translation": [
      2.217683,
      0.8259423,
      -0.710507333
    ]
  },
  {
    "timeStamp": 68434,
    "rotation": [
      [
        0.9914748,
        -0.09564415,
        0.0884875059
      ],
      [
        0.0893093,
        0.993326545,
        0.0729815662
      ],
      [
        -0.09487724,
        -0.06445663,
        0.993400037
      ]
    ],
    "translation": [
      2.217029,
      0.8176481,
      -0.7109994
    ]
  },
  {
    "timeStamp": 68489,
    "rotation": [
      [
        0.9909659,
        -0.115654193,
        0.06790205
      ],
      [
        0.1125511,
        0.9924915,
        0.0478850454
      ],
      [
        -0.07293031,
        -0.0398099981,
        0.9965422
      ]
    ],
    "translation": [
      2.21669865,
      0.8093545,
      -0.712985933
    ]
  },
  {
    "timeStamp": 68534,
    "rotation": [
      [
        0.9928472,
        -0.102607906,
        0.0610418022
      ],
      [
        0.101071626,
        0.994492,
        0.0277524758
      ],
      [
        -0.06355321,
        -0.0213843733,
        0.9977493
      ]
    ],
    "translation": [
      2.215157,
      0.80465287,
      -0.715082943
    ]
  },
  {
    "timeStamp": 68590,
    "rotation": [
      [
        0.9937434,
        -0.100987747,
        0.04770185
      ],
      [
        0.101688556,
        0.9947378,
        -0.0124943862
      ],
      [
        -0.0461890548,
        0.0172669459,
        0.9987834
      ]
    ],
    "translation": [
      2.21323919,
      0.8009191,
      -0.7197511
    ]
  },
  {
    "timeStamp": 68634,
    "rotation": [
      [
        0.993706942,
        -0.103641421,
        0.0424848273
      ],
      [
        0.105145976,
        0.99384594,
        -0.034852
      ],
      [
        -0.03861126,
        0.0390997864,
        0.9984891
      ]
    ],
    "translation": [
      2.212042,
      0.799606264,
      -0.7234631
    ]
  },
  {
    "timeStamp": 68690,
    "rotation": [
      [
        0.9947006,
        -0.09335979,
        0.04306544
      ],
      [
        0.095787175,
        0.993696332,
        -0.0582434274
      ],
      [
        -0.0373563766,
        0.0620598868,
        0.9973731
      ]
    ],
    "translation": [
      2.20962787,
      0.7972064,
      -0.727998
    ]
  },
  {
    "timeStamp": 68734,
    "rotation": [
      [
        0.9939102,
        -0.10081514,
        0.04448476
      ],
      [
        0.103581429,
        0.992493749,
        -0.06501645
      ],
      [
        -0.0375962034,
        0.06922831,
        0.996892154
      ]
    ],
    "translation": [
      2.208684,
      0.7962114,
      -0.7292851
    ]
  },
  {
    "timeStamp": 68790,
    "rotation": [
      [
        0.9937365,
        -0.0984028,
        0.0529586338
      ],
      [
        0.101934277,
        0.9924146,
        -0.06872246
      ],
      [
        -0.0457944348,
        0.07369032,
        0.996229231
      ]
    ],
    "translation": [
      2.20894,
      0.7962235,
      -0.7315785
    ]
  }
]