[
  {
    "timeStamp": 35556,
    "rotation": [
      [
        0.9987445,
        0.0300964937,
        -0.0400445163
      ],
      [
        0.0410514772,
        -0.0336197,
        0.998591244
      ],
      [
        0.0287078023,
        -0.9989814,
        -0.034812998
      ]
    ],
    "translation": [
      1.76944935,
      0.702537358,
      -0.7499296
    ]
  },
  {
    "timeStamp": 35600,
    "rotation": [
      [
        0.998303,
        0.048009295,
        -0.032957986
      ],
      [
        0.0338299125,
        -0.0174635686,
        0.999275
      ],
      [
        0.047398936,
        -0.998694241,
        -0.0190580823
      ]
    ],
    "translation": [
      1.76733708,
      0.7035943,
      -0.7502193
    ]
  },
  {
    "timeStamp": 35656,
    "rotation": [
      [
        0.99770385,
        0.0598753467,
        -0.0316537023
      ],
      [
        0.03276593,
        -0.0176857654,
        0.99930656
      ],
      [
        0.0592740029,
        -0.99804914,
        -0.019607028
      ]
    ],
    "translation": [
      1.76591527,
      0.7032162,
      -0.7504803
    ]
  },
  {
    "timeStamp": 35700,
    "rotation": [
      [
        0.997997642,
        0.0476885438,
        -0.0415513851
      ],
      [
        0.04295784,
        -0.028856229,
        0.9986601
      ],
      [
        0.0464256443,
        -0.998445332,
        -0.0308470465
      ]
    ],
    "translation": [
      1.76739883,
      0.704925656,
      -0.7502767
    ]
  },
  {
    "timeStamp": 35755,
    "rotation": [
      [
        0.999172032,
        -0.0399538875,
        -0.007673965
      ],
      [
        0.00341529632,
        -0.105585605,
        0.9944044
      ],
      [
        -0.04054058,
        -0.9936073,
        -0.105361737
      ]
    ],
    "translation": [
      1.773359,
      0.7138434,
      -0.7450185
    ]
  },
  {
    "timeStamp": 35800,
    "rotation": [
      [
        0.9987392,
        -0.04995162,
        -0.004985686
      ],
      [
        -0.0003874086,
        -0.106983349,
        0.9942607
      ],
      [
        -0.05019832,
        -0.9930052,
        -0.106867813
      ]
    ],
    "translation": [
      1.77424645,
      0.724466443,
      -0.7433592
    ]
  },
  {
    "timeStamp": 35855,
    "rotation": [
      [
        0.9975131,
        -0.0704147,
        -0.00306606037
      ],
      [
        -0.00554076349,
        -0.121710427,
        0.9925502
      ],
      [
        -0.0702633,
        -0.990064859,
        -0.1217979
      ]
    ],
    "translation": [
      1.78217769,
      0.750961661,
      -0.743206
    ]
  },
  {
    "timeStamp": 35900,
    "rotation": [
      [
        0.9949713,
        -0.0978755653,
        0.02127247
      ],
      [
        -0.0336373225,
        -0.126473367,
        0.9913995
      ],
      [
        -0.094343394,
        -0.987129569,
        -0.129129648
      ]
    ],
    "translation": [
      1.78970659,
      0.7795727,
      -0.744052351
    ]
  },
  {
    "timeStamp": 35955,
    "rotation": [
      [
        0.9892807,
        -0.138394073,
        0.046592176
      ],
      [
        -0.0650880858,
        -0.132284209,
        0.9890725
      ],
      [
        -0.13071835,
        -0.98150295,
        -0.139874011
      ]
    ],
    "translation": [
      1.80761707,
      0.8238813,
      -0.747467339
    ]
  },
  {
    "timeStamp": 36000,
    "rotation": [
      [
        0.9849793,
        -0.161772534,
        0.06037854
      ],
      [
        -0.0852202,
        -0.151317775,
        0.984804749
      ],
      [
        -0.150178,
        -0.975157738,
        -0.162831157
      ]
    ],
    "translation": [
      1.82399368,
      0.8617193,
      -0.7505002
    ]
  },
  {
    "timeStamp": 36055,
    "rotation": [
      [
        0.9814467,
        -0.181749612,
        0.0610689558
      ],
      [
        -0.0933876038,
        -0.174960747,
        0.980136454
      ],
      [
        -0.167454749,
        -0.967654765,
        -0.188687816
      ]
    ],
    "translation": [
      1.85205221,
      0.907814,
      -0.756870568
    ]
  },
  {
    "timeStamp": 36100,
    "rotation": [
      [
        0.974904954,
        -0.211681753,
        0.0689282
      ],
      [
        -0.111775704,
        -0.1976705,
        0.973875046
      ],
      [
        -0.192526519,
        -0.9571401,
        -0.216370836
      ]
    ],
    "translation": [
      1.87975824,
      0.943545759,
      -0.7598663
    ]
  },
  {
    "timeStamp": 36155,
    "rotation": [
      [
        0.966884553,
        -0.248450235,
        0.0583670661
      ],
      [
        -0.117949866,
        -0.232204,
        0.9654891
      ],
      [
        -0.226322934,
        -0.9404009,
        -0.253819138
      ]
    ],
    "translation": [
      1.92290819,
      0.981429636,
      -0.7619755
    ]
  },
  {
    "timeStamp": 36200,
    "rotation": [
      [
        0.9565391,
        -0.288360059,
        0.04337535
      ],
      [
        -0.1199657,
        -0.253565043,
        0.9598505
      ],
      [
        -0.265784055,
        -0.9233381,
        -0.2771382
      ]
    ],
    "translation": [
      1.96305168,
      1.003928,
      -0.7609442
    ]
  },
  {
    "timeStamp": 36255,
    "rotation": [
      [
        0.944513857,
        -0.327629119,
        0.0235125
      ],
      [
        -0.120775931,
        -0.279830784,
        0.952422142
      ],
      [
        -0.305461735,
        -0.902415633,
        -0.303873748
      ]
    ],
    "translation": [
      2.010631,
      1.02198458,
      -0.757363856
    ]
  },
  {
    "timeStamp": 36300,
    "rotation": [
      [
        0.938023448,
        -0.346444517,
        0.009391942
      ],
      [
        -0.117132232,
        -0.291406155,
        0.94940114
      ],
      [
        -0.326177955,
        -0.891660631,
        -0.313925624
      ]
    ],
    "translation": [
      2.043347,
      1.02836025,
      -0.7525049
    ]
  },
  {
    "timeStamp": 36355,
    "rotation": [
      [
        0.9278163,
        -0.373010457,
        0.00450175535
      ],
      [
        -0.120041348,
        -0.2871182,
        0.9503437
      ],
      [
        -0.353195637,
        -0.88228476,
        -0.311169624
      ]
    ],
    "translation": [
      2.0783546,
      1.023307,
      -0.74584806
    ]
  },
  {
    "timeStamp": 36400,
    "rotation": [
      [
        0.92424494,
        -0.38179037,
        -0.0027301677
      ],
      [
        -0.110471457,
        -0.274262518,
        0.9552885
      ],
      [
        -0.36546874,
        -0.882618964,
        -0.295662671
      ]
    ],
    "translation": [
      2.10080528,
      1.01198947,
      -0.740912437
    ]
  },
  {
    "timeStamp": 36466,
    "rotation": [
      [
        0.917027533,
        -0.397916019,
        0.02689543
      ],
      [
        -0.121689312,
        -0.2149458,
        0.969014943
      ],
      [
        -0.3798055,
        -0.891886234,
        -0.245533332
      ]
    ],
    "translation": [
      2.11772251,
      0.986874,
      -0.737911046
    ]
  },
  {
    "timeStamp": 36500,
    "rotation": [
      [
        0.913496852,
        -0.4054787,
        0.033325512
      ],
      [
        -0.107398912,
        -0.16132763,
        0.9810397
      ],
      [
        -0.3924144,
        -0.8997558,
        -0.190920264
      ]
    ],
    "translation": [
      2.12927127,
      0.9651,
      -0.735985339
    ]
  },
  {
    "timeStamp": 36551,
    "rotation": [
      [
        0.9089519,
        -0.4121681,
        0.0626412
      ],
      [
        -0.1235048,
        -0.122705653,
        0.984728336
      ],
      [
        -0.39818716,
        -0.9028072,
        -0.162438273
      ]
    ],
    "translation": [
      2.13370538,
      0.947687745,
      -0.731492937
    ]
  },
  {
    "timeStamp": 36605,
    "rotation": [
      [
        0.92249006,
        -0.382771254,
        0.0499824919
      ],
      [
        -0.0946628749,
        -0.09878776,
        0.990595758
      ],
      [
        -0.374233931,
        -0.9185462,
        -0.127364948
      ]
    ],
    "translation": [
      2.13400984,
      0.9317503,
      -0.727073252
    ]
  },
  {
    "timeStamp": 36650,
    "rotation": [
      [
        0.9223925,
        -0.380989879,
        0.0635504946
      ],
      [
        -0.09838976,
        -0.07265444,
        0.9924922
      ],
      [
        -0.373512268,
        -0.9217201,
        -0.104501411
      ]
    ],
    "translation": [
      2.13395762,
      0.9199101,
      -0.7244149
    ]
  },
  {
    "timeStamp": 36706,
    "rotation": [
      [
        0.926805139,
        -0.3710005,
        0.0582309254
      ],
      [
        -0.0845301151,
        -0.0550105,
        0.99490124
      ],
      [
        -0.365905523,
        -0.9270019,
        -0.08234473
      ]
    ],
    "translation": [
      2.13473034,
      0.908373058,
      -0.7210653
    ]
  },
  {
    "timeStamp": 36750,
    "rotation": [
      [
        0.9217192,
        -0.381703377,
        0.06882022
      ],
      [
        -0.09134255,
        -0.0411793329,
        0.994967759
      ],
      [
        -0.3769486,
        -0.9233671,
        -0.07282155
      ]
    ],
    "translation": [
      2.134873,
      0.9006221,
      -0.7185384
    ]
  },
  {
    "timeStamp": 36805,
    "rotation": [
      [
        0.9276245,
        -0.3714978,
        0.0387557968
      ],
      [
        -0.0512430444,
        -0.023796685,
        0.998402655
      ],
      [
        -0.369982153,
        -0.9281288,
        -0.04111107
      ]
    ],
    "translation": [
      2.13687682,
      0.88695395,
      -0.7186698
    ]
  },
  {
    "timeStamp": 36850,
    "rotation": [
      [
        0.92763716,
        -0.3700829,
        0.05027752
      ],
      [
        -0.0537613668,
        0.000901811,
        0.9985534
      ],
      [
        -0.369592875,
        -0.9289983,
        -0.01905961
      ]
    ],
    "translation": [
      2.13532639,
      0.875397861,
      -0.7199668
    ]
  },
  {
    "timeStamp": 36905,
    "rotation": [
      [
        0.93371433,
        -0.357949078,
        0.00706799561
      ],
      [
        -0.0077450336,
        -0.000457791873,
        0.9999699
      ],
      [
        -0.357935041,
        -0.933741,
        -0.00319977431
      ]
    ],
    "translation": [
      2.13935471,
      0.8640825,
      -0.7190847
    ]
  },
  {
    "timeStamp": 36951,
    "rotation": [
      [
        0.9326378,
        -0.360643476,
        0.0110893222
      ],
      [
        -0.007376396,
        0.0116701378,
        0.9999047
      ],
      [
        -0.360738516,
        -0.9326308,
        0.008223763
      ]
    ],
    "translation": [
      2.140842,
      0.855823457,
      -0.719783366
    ]
  },
  {
    "timeStamp": 37008,
    "rotation": [
      [
        0.9352032,
        -0.3541106,
        0.0008731937
      ],
      [
        0.00579175539,
        0.0177614279,
        0.9998255
      ],
      [
        -0.3540643,
        -0.935034931,
        0.0186614636
      ]
    ],
    "translation": [
      2.1398406,
      0.847082555,
      -0.7202221
    ]
  },
  {
    "timeStamp": 37053,
    "rotation": [
      [
        0.932830632,
        -0.360296637,
        0.00366255315
      ],
      [
        0.006623609,
        0.0273103081,
        0.99960506
      ],
      [
        -0.360254377,
        -0.932437956,
        0.0278623551
      ]
    ],
    "translation": [
      2.140688,
      0.83972466,
      -0.721464634
    ]
  },
  {
    "timeStamp": 37110,
    "rotation": [
      [
        0.932862163,
        -0.36014998,
        0.007755307
      ],
      [
        0.007415679,
        0.04072322,
        0.999142945
      ],
      [
        -0.360157132,
        -0.932005167,
        0.04065991
      ]
    ],
    "translation": [
      2.13897943,
      0.82895875,
      -0.723960459
    ]
  },
  {
    "timeStamp": 37155,
    "rotation": [
      [
        0.931889951,
        -0.362598538,
        0.0101680793
      ],
      [
        0.006832993,
        0.04557347,
        0.9989376
      ],
      [
        -0.3626767,
        -0.9308304,
        0.0449470952
      ]
    ],
    "translation": [
      2.13891721,
      0.8203666,
      -0.7254622
    ]
  },
  {
    "timeStamp": 37199,
    "rotation": [
      [
        0.9285062,
        -0.3705595,
        0.0237038825
      ],
      [
        -0.00416418025,
        0.0534417145,
        0.9985623
      ],
      [
        -0.371293545,
        -0.927269936,
        0.0480778851
      ]
    ],
    "translation": [
      2.138246,
      0.8116189,
      -0.727319837
    ]
  },
  {
    "timeStamp": 37256,
    "rotation": [
      [
        0.923023343,
        -0.382914782,
        0.0374720357
      ],
      [
        -0.0177459773,
        0.0549198464,
        0.998333037
      ],
      [
        -0.384334445,
        -0.9221497,
        0.0438971035
      ]
    ],
    "translation": [
      2.138329,
      0.800959349,
      -0.728494465
    ]
  },
  {
    "timeStamp": 37310,
    "rotation": [
      [
        0.9186192,
        -0.39204064,
        0.0494251624
      ],
      [
        -0.0311149061,
        0.0529260859,
        0.9981136
      ],
      [
        -0.393916935,
        -0.9184241,
        0.0364206135
      ]
    ],
    "translation": [
      2.1376338,
      0.7907265,
      -0.728725433
    ]
  },
  {
    "timeStamp": 37354,
    "rotation": [
      [
        0.9179408,
        -0.394849926,
        0.03844764
      ],
      [
        -0.0212451778,
        0.047848817,
        0.9986286
      ],
      [
        -0.396148115,
        -0.917498767,
        0.0355337225
      ]
    ],
    "translation": [
      2.139541,
      0.782037258,
      -0.7286028
    ]
  },
  {
    "timeStamp": 37410,
    "rotation": [
      [
        0.91591686,
        -0.398617983,
        0.04690427
      ],
      [
        -0.02519406,
        0.0595319457,
        0.9979084
      ],
      [
        -0.400576562,
        -0.9151828,
        0.0444835
      ]
    ],
    "translation": [
      2.139863,
      0.7723155,
      -0.7290377
    ]
  },
  {
    "timeStamp": 37454,
    "rotation": [
      [
        0.916004837,
        -0.3989604,
        0.0420204662
      ],
      [
        -0.0168793835,
        0.0663232356,
        0.9976554
      ],
      [
        -0.40081197,
        -0.914566457,
        0.0540182
      ]
    ],
    "translation": [
      2.139755,
      0.767532,
      -0.728579938
    ]
  },
  {
    "timeStamp": 37510,
    "rotation": [
      [
        0.920392,
        -0.384806246,
        0.06930127
      ],
      [
        -0.0414131656,
        0.0803039446,
        0.99590975
      ],
      [
        -0.388797462,
        -0.9194973,
        0.057975065
      ]
    ],
    "translation": [
      2.13703,
      0.7610158,
      -0.7270715
    ]
  },
  {
    "timeStamp": 37554,
    "rotation": [
      [
        0.923296332,
        -0.378485143,
        0.0653671
      ],
      [
        -0.0339172147,
        0.08917986,
        0.99543786
      ],
      [
        -0.3825879,
        -0.9213012,
        0.06950227
      ]
    ],
    "translation": [
      2.136972,
      0.755387843,
      -0.727563739
    ]
  },
  {
    "timeStamp": 37610,
    "rotation": [
      [
        0.923651,
        -0.380306959,
        0.0472806431
      ],
      [
        -0.0133284125,
        0.09141992,
        0.995723248
      ],
      [
        -0.383002877,
        -0.9203309,
        0.0793712139
      ]
    ],
    "translation": [
      2.139367,
      0.7500218,
      -0.7282515
    ]
  },
  {
    "timeStamp": 37654,
    "rotation": [
      [
        0.923807859,
        -0.380499631,
        0.0424149521
      ],
      [
        -0.00778438663,
        0.09209504,
        0.9957198
      ],
      [
        -0.3827772,
        -0.920183957,
        0.08211617
      ]
    ],
    "translation": [
      2.13987565,
      0.7466271,
      -0.728617668
    ]
  },
  {
    "timeStamp": 37699,
    "rotation": [
      [
        0.9229445,
        -0.3811523,
        0.05381841
      ],
      [
        -0.0191863254,
        0.094087854,
        0.995379031
      ],
      [
        -0.384454638,
        -0.9197121,
        0.07952496
      ]
    ],
    "translation": [
      2.13863254,
      0.743366539,
      -0.7288924
    ]
  },
  {
    "timeStamp": 37755,
    "rotation": [
      [
        0.9214541,
        -0.385138869,
        0.0508957468
      ],
      [
        -0.0182838,
        0.08787129,
        0.99596405
      ],
      [
        -0.388056725,
        -0.9186657,
        0.07392756
      ]
    ],
    "translation": [
      2.13918376,
      0.74119705,
      -0.728921
    ]
  },
  {
    "timeStamp": 37799,
    "rotation": [
      [
        0.922346354,
        -0.382737339,
        0.05281331
      ],
      [
        -0.02403727,
        0.07958407,
        0.9965383
      ],
      [
        -0.385615528,
        -0.920423,
        0.06420412
      ]
    ],
    "translation": [
      2.138922,
      0.7401003,
      -0.727532148
    ]
  },
  {
    "timeStamp": 37855,
    "rotation": [
      [
        0.921025753,
        -0.384991974,
        0.0590993
      ],
      [
        -0.0319097862,
        0.0766394138,
        0.9965481
      ],
      [
        -0.388192356,
        -0.919732332,
        0.0583018623
      ]
    ],
    "translation": [
      2.138371,
      0.7374261,
      -0.727168739
    ]
  },
  {
    "timeStamp": 37910,
    "rotation": [
      [
        0.9177332,
        -0.385720253,
        0.0947926044
      ],
      [
        -0.0691863,
        0.07976793,
        0.994409561
      ],
      [
        -0.3911253,
        -0.919161,
        0.04651912
      ]
    ],
    "translation": [
      2.13405752,
      0.733550131,
      -0.726032734
    ]
  },
  {
    "timeStamp": 37954,
    "rotation": [
      [
        0.9075384,
        -0.393209666,
        0.147513747
      ],
      [
        -0.120451286,
        0.0927864239,
        0.9883735
      ],
      [
        -0.402325273,
        -0.9147551,
        0.03684463
      ]
    ],
    "translation": [
      2.12825131,
      0.7307211,
      -0.7258287
    ]
  },
  {
    "timeStamp": 38010,
    "rotation": [
      [
        0.901172638,
        -0.392385751,
        0.184176952
      ],
      [
        -0.154842764,
        0.105447538,
        0.9822955
      ],
      [
        -0.4048598,
        -0.913736343,
        0.034268342
      ]
    ],
    "translation": [
      2.12384772,
      0.728654861,
      -0.7258318
    ]
  },
  {
    "timeStamp": 38054,
    "rotation": [
      [
        0.9024113,
        -0.3895006,
        0.184237227
      ],
      [
        -0.157899171,
        0.09889917,
        0.9824901
      ],
      [
        -0.400901347,
        -0.915701032,
        0.0277459081
      ]
    ],
    "translation": [
      2.12342,
      0.7267765,
      -0.725737631
    ]
  },
  {
    "timeStamp": 38110,
    "rotation": [
      [
        0.905728,
        -0.3791973,
        0.189384
      ],
      [
        -0.167457134,
        0.09033233,
        0.981732249
      ],
      [
        -0.3893777,
        -0.920896053,
        0.0183172282
      ]
    ],
    "translation": [
      2.12230968,
      0.7237025,
      -0.7251491
    ]
  },
  {
    "timeStamp": 38154,
    "rotation": [
      [
        0.908100367,
        -0.374396324,
        0.187566563
      ],
      [
        -0.168397725,
        0.08360064,
        0.9821676
      ],
      [
        -0.3834006,
        -0.9234925,
        0.0128702857
      ]
    ],
    "translation": [
      2.122039,
      0.7236113,
      -0.7248192
    ]
  },
  {
    "timeStamp": 38210,
    "rotation": [
      [
        0.9057255,
        -0.381246448,
        0.185236126
      ],
      [
        -0.166263685,
        0.08243796,
        0.9826293
      ],
      [
        -0.389894456,
        -0.920790434,
        0.0112787206
      ]
    ],
    "translation": [
      2.12271976,
      0.723659754,
      -0.725235462
    ]
  },
  {
    "timeStamp": 38254,
    "rotation": [
      [
        0.904896855,
        -0.384529531,
        0.1824794
      ],
      [
        -0.163518131,
        0.0817545354,
        0.983147
      ],
      [
        -0.392967552,
        -0.9194853,
        0.0111018727
      ]
    ],
    "translation": [
      2.123184,
      0.723886132,
      -0.725417
    ]
  },
  {
    "timeStamp": 38310,
    "rotation": [
      [
        0.9025764,
        -0.389956772,
        0.182454348
      ],
      [
        -0.163475752,
        0.08163272,
        0.9831642
      ],
      [
        -0.398285747,
        -0.9172076,
        0.009931292
      ]
    ],
    "translation": [
      2.12365055,
      0.7238607,
      -0.725750148
    ]
  },
  {
    "timeStamp": 38355,
    "rotation": [
      [
        0.900519,
        -0.3916773,
        0.188823551
      ],
      [
        -0.169239849,
        0.08428927,
        0.981963933
      ],
      [
        -0.400528759,
        -0.9162337,
        0.009616685
      ]
    ],
    "translation": [
      2.1234653,
      0.7233613,
      -0.7259567
    ]
  },
  {
    "timeStamp": 38410,
    "rotation": [
      [
        0.8976451,
        -0.3944155,
        0.196645945
      ],
      [
        -0.177577257,
        0.08468584,
        0.980456352
      ],
      [
        -0.403360277,
        -0.9150217,
        0.005978611
      ]
    ],
    "translation": [
      2.12316871,
      0.722407937,
      -0.7261112
    ]
  },
  {
    "timeStamp": 38454,
    "rotation": [
      [
        0.898245454,
        -0.39465344,
        0.193400547
      ],
      [
        -0.174822882,
        0.08288874,
        0.9811047
      ],
      [
        -0.403227061,
        -0.9150837,
        0.005459977
      ]
    ],
    "translation": [
      2.123223,
      0.72240293,
      -0.72615695
    ]
  },
  {
    "timeStamp": 38499,
    "rotation": [
      [
        0.898104846,
        -0.3950404,
        0.1932632
      ],
      [
        -0.1748365,
        0.082512,
        0.981134
      ],
      [
        -0.4035341,
        -0.9149507,
        0.005036946
      ]
    ],
    "translation": [
      2.12326384,
      0.7224308,
      -0.726160347
    ]
  }
]