[
  {
    "timeStamp": 44396,
    "rotation": [
      [
        0.910641,
        0.4131468,
        -0.00653781136
      ],
      [
        0.006457204,
        0.001591377,
        0.9999779
      ],
      [
        0.413148075,
        -0.910663068,
        -0.0012186
      ]
    ],
    "translation": [
      1.30184567,
      0.7013078,
      -0.478437364
    ]
  },
  {
    "timeStamp": 44441,
    "rotation": [
      [
        0.910334766,
        0.413872331,
        -0.000459505129
      ],
      [
        0.00514936959,
        -0.0102161346,
        0.999934554
      ],
      [
        0.413840562,
        -0.9102776,
        -0.0114312852
      ]
    ],
    "translation": [
      1.30277729,
      0.702707946,
      -0.4766393
    ]
  },
  {
    "timeStamp": 44496,
    "rotation": [
      [
        0.911074,
        0.4119027,
        0.0167472232
      ],
      [
        -0.008998119,
        -0.0207451675,
        0.9997443
      ],
      [
        0.4121448,
        -0.9109917,
        -0.0151940314
      ]
    ],
    "translation": [
      1.30119693,
      0.703713357,
      -0.475477636
    ]
  },
  {
    "timeStamp": 44542,
    "rotation": [
      [
        0.910617054,
        0.412695318,
        0.0214279946
      ],
      [
        -0.0111440429,
        -0.02731002,
        0.9995649
      ],
      [
        0.413100928,
        -0.910459638,
        -0.0202698745
      ]
    ],
    "translation": [
      1.30120707,
      0.7061249,
      -0.4757546
    ]
  },
  {
    "timeStamp": 44596,
    "rotation": [
      [
        0.9094957,
        0.414266139,
        0.0346584879
      ],
      [
        -0.0189929511,
        -0.04187603,
        0.998942256
      ],
      [
        0.415279329,
        -0.909191966,
        -0.03021793
      ]
    ],
    "translation": [
      1.30007613,
      0.716274559,
      -0.476680964
    ]
  },
  {
    "timeStamp": 44640,
    "rotation": [
      [
        0.904761136,
        0.424643517,
        0.0329419374
      ],
      [
        -0.0120283989,
        -0.0518374443,
        0.9985831
      ],
      [
        0.425749481,
        -0.9038754,
        -0.04179272
      ]
    ],
    "translation": [
      1.3001951,
      0.730235338,
      -0.47777617
    ]
  },
  {
    "timeStamp": 44696,
    "rotation": [
      [
        0.897409141,
        0.439245433,
        0.0414772071
      ],
      [
        -0.0115424078,
        -0.0706044137,
        0.9974376
      ],
      [
        0.441048384,
        -0.8955884,
        -0.0582910962
      ]
    ],
    "translation": [
      1.30036664,
      0.7559617,
      -0.4807256
    ]
  },
  {
    "timeStamp": 44740,
    "rotation": [
      [
        0.8893509,
        0.454204172,
        0.052474644
      ],
      [
        -0.0133355483,
        -0.08895112,
        0.9959467
      ],
      [
        0.457030863,
        -0.8864459,
        -0.07305169
      ]
    ],
    "translation": [
      1.30077982,
      0.7815404,
      -0.485174477
    ]
  },
  {
    "timeStamp": 44795,
    "rotation": [
      [
        0.878126,
        0.474393457,
        0.06201196
      ],
      [
        -0.006860027,
        -0.117117465,
        0.9930944
      ],
      [
        0.478380144,
        -0.8724874,
        -0.09958955
      ]
    ],
    "translation": [
      1.30362761,
      0.818398833,
      -0.4936878
    ]
  },
  {
    "timeStamp": 44840,
    "rotation": [
      [
        0.867634356,
        0.4931563,
        0.06330527
      ],
      [
        0.00531815365,
        -0.136520356,
        0.990623
      ],
      [
        0.497174442,
        -0.859161854,
        -0.121072434
      ]
    ],
    "translation": [
      1.30886519,
      0.8490122,
      -0.5033266
    ]
  },
  {
    "timeStamp": 44895,
    "rotation": [
      [
        0.853364348,
        0.519455969,
        0.0439860448
      ],
      [
        0.04191043,
        -0.152462542,
        0.9874202
      ],
      [
        0.5196276,
        -0.840785742,
        -0.151876718
      ]
    ],
    "translation": [
      1.3210113,
      0.8860937,
      -0.5187681
    ]
  },
  {
    "timeStamp": 44940,
    "rotation": [
      [
        0.8515306,
        0.522918344,
        0.03810628
      ],
      [
        0.0554998629,
        -0.162170947,
        0.985200644
      ],
      [
        0.521359265,
        -0.836813569,
        -0.16711542
      ]
    ],
    "translation": [
      1.33503771,
      0.911916256,
      -0.5326368
    ]
  },
  {
    "timeStamp": 44995,
    "rotation": [
      [
        0.8534218,
        0.5205507,
        0.0264237113
      ],
      [
        0.07089928,
        -0.166162357,
        0.9835463
      ],
      [
        0.5163764,
        -0.8375064,
        -0.178713232
      ]
    ],
    "translation": [
      1.35789037,
      0.940077245,
      -0.552066267
    ]
  },
  {
    "timeStamp": 45040,
    "rotation": [
      [
        0.8608873,
        0.508339345,
        0.0215439387
      ],
      [
        0.0753731951,
        -0.169293612,
        0.982679248
      ],
      [
        0.5031818,
        -0.844352245,
        -0.184057876
      ]
    ],
    "translation": [
      1.37960947,
      0.9597322,
      -0.5682604
    ]
  },
  {
    "timeStamp": 45095,
    "rotation": [
      [
        0.8713878,
        0.4905537,
        -0.00636611832
      ],
      [
        0.102759995,
        -0.169816971,
        0.9801034
      ],
      [
        0.479712278,
        -0.854704261,
        -0.198385715
      ]
    ],
    "translation": [
      1.41265047,
      0.98127234,
      -0.5884427
    ]
  },
  {
    "timeStamp": 45140,
    "rotation": [
      [
        0.8855331,
        0.463920325,
        -0.02468002
      ],
      [
        0.118817374,
        -0.174802139,
        0.9774081
      ],
      [
        0.44912535,
        -0.868459642,
        -0.209914863
      ]
    ],
    "translation": [
      1.44332218,
      0.99754,
      -0.605188549
    ]
  },
  {
    "timeStamp": 45196,
    "rotation": [
      [
        0.9032377,
        0.427808553,
        -0.0337847658
      ],
      [
        0.121247619,
        -0.178886041,
        0.9763702
      ],
      [
        0.411655933,
        -0.885990739,
        -0.213447392
      ]
    ],
    "translation": [
      1.47977579,
      1.0146656,
      -0.6289428
    ]
  },
  {
    "timeStamp": 45240,
    "rotation": [
      [
        0.9153718,
        0.3996463,
        -0.0487580933
      ],
      [
        0.1336295,
        -0.187343448,
        0.973162651
      ],
      [
        0.379786342,
        -0.897321165,
        -0.224893451
      ]
    ],
    "translation": [
      1.51078117,
      1.02826667,
      -0.6472858
    ]
  },
  {
    "timeStamp": 45296,
    "rotation": [
      [
        0.92843014,
        0.365898818,
        -0.06430771
      ],
      [
        0.14433153,
        -0.195750609,
        0.9699743
      ],
      [
        0.342324167,
        -0.909835,
        -0.234551519
      ]
    ],
    "translation": [
      1.54913592,
      1.04194868,
      -0.671094358
    ]
  },
  {
    "timeStamp": 45340,
    "rotation": [
      [
        0.9322121,
        0.353294551,
        -0.07850818
      ],
      [
        0.15549241,
        -0.195095435,
        0.968380034
      ],
      [
        0.3268068,
        -0.914943,
        -0.236804947
      ]
    ],
    "translation": [
      1.57848346,
      1.04871643,
      -0.691191852
    ]
  },
  {
    "timeStamp": 45396,
    "rotation": [
      [
        0.942623556,
        0.3202302,
        -0.09441151
      ],
      [
        0.166176766,
        -0.204767287,
        0.9646013
      ],
      [
        0.289562076,
        -0.9249449,
        -0.246233284
      ]
    ],
    "translation": [
      1.61996567,
      1.05746722,
      -0.713998854
    ]
  },
  {
    "timeStamp": 45440,
    "rotation": [
      [
        0.94976753,
        0.298955083,
        -0.0925614759
      ],
      [
        0.16129224,
        -0.214135244,
        0.963395536
      ],
      [
        0.268191338,
        -0.9299312,
        -0.251597822
      ]
    ],
    "translation": [
      1.65133882,
      1.06231153,
      -0.731839538
    ]
  },
  {
    "timeStamp": 45495,
    "rotation": [
      [
        0.958976448,
        0.268624127,
        -0.0905827954
      ],
      [
        0.15516068,
        -0.229940027,
        0.960756361
      ],
      [
        0.237253755,
        -0.9353976,
        -0.262186974
      ]
    ],
    "translation": [
      1.69320655,
      1.06707585,
      -0.7514475
    ]
  },
  {
    "timeStamp": 45540,
    "rotation": [
      [
        0.960569,
        0.257018656,
        -0.1060589
      ],
      [
        0.167475238,
        -0.230352119,
        0.958587468
      ],
      [
        0.22194396,
        -0.938551664,
        -0.26431337
      ]
    ],
    "translation": [
      1.72808373,
      1.06867719,
      -0.7655668
    ]
  },
  {
    "timeStamp": 45596,
    "rotation": [
      [
        0.9630772,
        0.245631084,
        -0.1102164
      ],
      [
        0.171535775,
        -0.24431473,
        0.954403341
      ],
      [
        0.207503617,
        -0.9380702,
        -0.277428448
      ]
    ],
    "translation": [
      1.76763785,
      1.07364,
      -0.7794416
    ]
  },
  {
    "timeStamp": 45640,
    "rotation": [
      [
        0.9588605,
        0.251216739,
        -0.132199153
      ],
      [
        0.191805512,
        -0.230015591,
        0.9540982
      ],
      [
        0.209277555,
        -0.940203667,
        -0.268737644
      ]
    ],
    "translation": [
      1.79867709,
      1.07289,
      -0.788956344
    ]
  },
  {
    "timeStamp": 45695,
    "rotation": [
      [
        0.960062742,
        0.245844945,
        -0.133565575
      ],
      [
        0.1915986,
        -0.229820237,
        0.9541869
      ],
      [
        0.203885958,
        -0.941670239,
        -0.2677454
      ]
    ],
    "translation": [
      1.83646643,
      1.07374954,
      -0.7955387
    ]
  },
  {
    "timeStamp": 45740,
    "rotation": [
      [
        0.9603851,
        0.241559878,
        -0.138958171
      ],
      [
        0.192274049,
        -0.213429049,
        0.9578511
      ],
      [
        0.201720685,
        -0.946624,
        -0.251419753
      ]
    ],
    "translation": [
      1.865584,
      1.06950831,
      -0.799480438
    ]
  },
  {
    "timeStamp": 45795,
    "rotation": [
      [
        0.958391964,
        0.246404991,
        -0.144116208
      ],
      [
        0.19621408,
        -0.201965272,
        0.9595364
      ],
      [
        0.207328066,
        -0.9478896,
        -0.241910011
      ]
    ],
    "translation": [
      1.89928508,
      1.06553626,
      -0.798792064
    ]
  },
  {
    "timeStamp": 45840,
    "rotation": [
      [
        0.9539379,
        0.2542567,
        -0.159235746
      ],
      [
        0.2093027,
        -0.183781743,
        0.960425258
      ],
      [
        0.214929953,
        -0.9495145,
        -0.22853297
      ]
    ],
    "translation": [
      1.92614818,
      1.06000209,
      -0.7965793
    ]
  },
  {
    "timeStamp": 45895,
    "rotation": [
      [
        0.949800849,
        0.263640463,
        -0.168439925
      ],
      [
        0.216560751,
        -0.165476561,
        0.9621429
      ],
      [
        0.225786939,
        -0.9503216,
        -0.214263976
      ]
    ],
    "translation": [
      1.95776808,
      1.05038488,
      -0.791769862
    ]
  },
  {
    "timeStamp": 45940,
    "rotation": [
      [
        0.95379734,
        0.248871341,
        -0.168326184
      ],
      [
        0.209134489,
        -0.147691235,
        0.966669559
      ],
      [
        0.215716034,
        -0.957209647,
        -0.192915082
      ]
    ],
    "translation": [
      1.98374331,
      1.04004049,
      -0.7877993
    ]
  },
  {
    "timeStamp": 45995,
    "rotation": [
      [
        0.953807533,
        0.2547029,
        -0.15930365
      ],
      [
        0.2004159,
        -0.144452453,
        0.9690031
      ],
      [
        0.223796085,
        -0.9561694,
        -0.188826337
      ]
    ],
    "translation": [
      2.00821638,
      1.03149712,
      -0.7814815
    ]
  },
  {
    "timeStamp": 46040,
    "rotation": [
      [
        0.9543473,
        0.238062277,
        -0.18040958
      ],
      [
        0.214244708,
        -0.12469513,
        0.9687881
      ],
      [
        0.208135709,
        -0.9632121,
        -0.170006052
      ]
    ],
    "translation": [
      2.03122067,
      1.023263,
      -0.777623534
    ]
  },
  {
    "timeStamp": 46095,
    "rotation": [
      [
        0.9509782,
        0.24757266,
        -0.185332358
      ],
      [
        0.219152316,
        -0.11664857,
        0.9686926
      ],
      [
        0.218203053,
        -0.9618216,
        -0.165186375
      ]
    ],
    "translation": [
      2.05074668,
      1.01592624,
      -0.7721708
    ]
  },
  {
    "timeStamp": 46140,
    "rotation": [
      [
        0.9591596,
        0.214522287,
        -0.184372321
      ],
      [
        0.211663589,
        -0.1119215,
        0.970913053
      ],
      [
        0.187647268,
        -0.9702854,
        -0.152757123
      ]
    ],
    "translation": [
      2.068278,
      1.01009536,
      -0.767667055
    ]
  },
  {
    "timeStamp": 46195,
    "rotation": [
      [
        0.952498257,
        0.237034172,
        -0.191211835
      ],
      [
        0.2179079,
        -0.0918348655,
        0.9716391
      ],
      [
        0.212751761,
        -0.967151046,
        -0.13912417
      ]
    ],
    "translation": [
      2.08267832,
      0.997439861,
      -0.7619757
    ]
  },
  {
    "timeStamp": 46240,
    "rotation": [
      [
        0.951710939,
        0.234703884,
        -0.197889745
      ],
      [
        0.2209071,
        -0.07594643,
        0.9723334
      ],
      [
        0.2131814,
        -0.9690956,
        -0.124126807
      ]
    ],
    "translation": [
      2.09858942,
      0.9827728,
      -0.757244
    ]
  },
  {
    "timeStamp": 46296,
    "rotation": [
      [
        0.9563099,
        0.235169187,
        -0.173685834
      ],
      [
        0.195982933,
        -0.0748378262,
        0.9777474
      ],
      [
        0.216937765,
        -0.969069,
        -0.1176573
      ]
    ],
    "translation": [
      2.11217546,
      0.9650019,
      -0.7500243
    ]
  },
  {
    "timeStamp": 46345,
    "rotation": [
      [
        0.950777769,
        0.251019418,
        -0.181688949
      ],
      [
        0.199472353,
        -0.047096,
        0.978771031
      ],
      [
        0.2371337,
        -0.9668357,
        -0.09484926
      ]
    ],
    "translation": [
      2.124756,
      0.944497943,
      -0.744747639
    ]
  },
  {
    "timeStamp": 46390,
    "rotation": [
      [
        0.953704238,
        0.263962477,
        -0.144124985
      ],
      [
        0.1637826,
        -0.0539241619,
        0.985021532
      ],
      [
        0.2522369,
        -0.9630244,
        -0.09466016
      ]
    ],
    "translation": [
      2.125797,
      0.932938337,
      -0.7393649
    ]
  },
  {
    "timeStamp": 46445,
    "rotation": [
      [
        0.944715738,
        0.299060643,
        -0.134442642
      ],
      [
        0.155943736,
        -0.0491168536,
        0.986544
      ],
      [
        0.288433075,
        -0.952969134,
        -0.0930381045
      ]
    ],
    "translation": [
      2.12824678,
      0.9183817,
      -0.7337693
    ]
  },
  {
    "timeStamp": 46490,
    "rotation": [
      [
        0.9439145,
        0.3107251,
        -0.111693293
      ],
      [
        0.127256274,
        -0.03020419,
        0.9914099
      ],
      [
        0.3046823,
        -0.9500198,
        -0.06805189
      ]
    ],
    "translation": [
      2.13066053,
      0.902674139,
      -0.7348744
    ]
  },
  {
    "timeStamp": 46546,
    "rotation": [
      [
        0.933488965,
        0.3422661,
        -0.107014894
      ],
      [
        0.122341767,
        -0.02344175,
        0.992211163
      ],
      [
        0.337091655,
        -0.939310551,
        -0.06375606
      ]
    ],
    "translation": [
      2.13317513,
      0.8903754,
      -0.7333349
    ]
  },
  {
    "timeStamp": 46590,
    "rotation": [
      [
        0.9279008,
        0.3585991,
        -0.102014281
      ],
      [
        0.116298087,
        -0.0184285752,
        0.993043363
      ],
      [
        0.354224473,
        -0.9333098,
        -0.0588042736
      ]
    ],
    "translation": [
      2.13611245,
      0.88156414,
      -0.732389033
    ]
  },
  {
    "timeStamp": 46646,
    "rotation": [
      [
        0.925052047,
        0.3697836,
        -0.0868264362
      ],
      [
        0.101633243,
        -0.02070916,
        0.9946064
      ],
      [
        0.365991026,
        -0.9288871,
        -0.0567393564
      ]
    ],
    "translation": [
      2.139851,
      0.873017967,
      -0.7305742
    ]
  },
  {
    "timeStamp": 46690,
    "rotation": [
      [
        0.9200245,
        0.382707953,
        -0.0841990262
      ],
      [
        0.09696348,
        -0.0141491024,
        0.995187342
      ],
      [
        0.379674762,
        -0.923761,
        -0.05012622
      ]
    ],
    "translation": [
      2.14249778,
      0.8651185,
      -0.72974956
    ]
  },
  {
    "timeStamp": 46747,
    "rotation": [
      [
        0.9119682,
        0.402518541,
        -0.0793273
      ],
      [
        0.08946241,
        -0.00640788,
        0.9959696
      ],
      [
        0.4003879,
        -0.915389359,
        -0.04185406
      ]
    ],
    "translation": [
      2.143816,
      0.856485546,
      -0.7298187
    ]
  },
  {
    "timeStamp": 46792,
    "rotation": [
      [
        0.912137151,
        0.404455781,
        -0.0664926
      ],
      [
        0.07422814,
        -0.003455208,
        0.9972353
      ],
      [
        0.403107852,
        -0.914551,
        -0.0331736244
      ]
    ],
    "translation": [
      2.14411664,
      0.8499194,
      -0.7301309
    ]
  },
  {
    "timeStamp": 46849,
    "rotation": [
      [
        0.910151064,
        0.410059452,
        -0.05896013
      ],
      [
        0.0612868369,
        0.007480294,
        0.9980922
      ],
      [
        0.4097182,
        -0.912028134,
        -0.0183230489
      ]
    ],
    "translation": [
      2.145483,
      0.841672659,
      -0.732318163
    ]
  },
  {
    "timeStamp": 46895,
    "rotation": [
      [
        0.909790635,
        0.4117188,
        -0.0526188836
      ],
      [
        0.0551062264,
        0.005836279,
        0.998463452
      ],
      [
        0.411393255,
        -0.9112923,
        -0.0173784755
      ]
    ],
    "translation": [
      2.14627028,
      0.836703539,
      -0.732161045
    ]
  },
  {
    "timeStamp": 46939,
    "rotation": [
      [
        0.906255841,
        0.419110358,
        -0.0551981665
      ],
      [
        0.05636701,
        0.009603505,
        0.9983639
      ],
      [
        0.41895476,
        -0.9078845,
        -0.0149207655
      ]
    ],
    "translation": [
      2.14683223,
      0.830508,
      -0.7325829
    ]
  },
  {
    "timeStamp": 46995,
    "rotation": [
      [
        0.9048607,
        0.422419071,
        -0.0528131537
      ],
      [
        0.05449355,
        0.008105392,
        0.9984812
      ],
      [
        0.422205567,
        -0.9063644,
        -0.0156848636
      ]
    ],
    "translation": [
      2.14765072,
      0.822849154,
      -0.73241955
    ]
  },
  {
    "timeStamp": 47040,
    "rotation": [
      [
        0.9060776,
        0.420840174,
        -0.04378187
      ],
      [
        0.0446386,
        0.00781972148,
        0.9989726
      ],
      [
        0.420750141,
        -0.9071011,
        -0.01170044
      ]
    ],
    "translation": [
      2.14809,
      0.8154481,
      -0.7331606
    ]
  },
  {
    "timeStamp": 47095,
    "rotation": [
      [
        0.9054445,
        0.422276765,
        -0.04304236
      ],
      [
        0.0436954536,
        0.008136889,
        0.999011755
      ],
      [
        0.42220968,
        -0.9064304,
        -0.0110840723
      ]
    ],
    "translation": [
      2.14826536,
      0.806319535,
      -0.733780742
    ]
  },
  {
    "timeStamp": 47140,
    "rotation": [
      [
        0.9105178,
        0.412526339,
        -0.0279161334
      ],
      [
        0.0309369955,
        -0.00064461655,
        0.999521136
      ],
      [
        0.4123108,
        -0.9109455,
        -0.01334926
      ]
    ],
    "translation": [
      2.147383,
      0.800673,
      -0.7336625
    ]
  },
  {
    "timeStamp": 47195,
    "rotation": [
      [
        0.9113341,
        0.410905182,
        -0.0250428114
      ],
      [
        0.0208812132,
        0.0146138677,
        0.999675155
      ],
      [
        0.41113767,
        -0.911560953,
        0.0047379164
      ]
    ],
    "translation": [
      2.147065,
      0.7906033,
      -0.7360641
    ]
  },
  {
    "timeStamp": 47240,
    "rotation": [
      [
        0.906271458,
        0.4221554,
        -0.0213723723
      ],
      [
        0.0146214971,
        0.0192229971,
        0.9997083
      ],
      [
        0.422443122,
        -0.9063196,
        0.01124871
      ]
    ],
    "translation": [
      2.14464974,
      0.784317136,
      -0.736988842
    ]
  },
  {
    "timeStamp": 47295,
    "rotation": [
      [
        0.8995168,
        0.436475128,
        -0.0189463273
      ],
      [
        0.0134730972,
        0.0156320818,
        0.999787033
      ],
      [
        0.43667835,
        -0.899580538,
        0.008180648
      ]
    ],
    "translation": [
      2.14143419,
      0.776871,
      -0.737589359
    ]
  },
  {
    "timeStamp": 47345,
    "rotation": [
      [
        0.8963692,
        0.44315502,
        -0.0116576273
      ],
      [
        0.00580093963,
        0.0145691913,
        0.999877036
      ],
      [
        0.443270355,
        -0.8963266,
        0.0104886591
      ]
    ],
    "translation": [
      2.13921046,
      0.7721809,
      -0.7380485
    ]
  },
  {
    "timeStamp": 47393,
    "rotation": [
      [
        0.8969489,
        0.442057818,
        -0.008223957
      ],
      [
        0.00341195147,
        0.0116794733,
        0.999926
      ],
      [
        0.442121118,
        -0.896910548,
        0.008967611
      ]
    ],
    "translation": [
      2.1380887,
      0.765629768,
      -0.7379053
    ]
  },
  {
    "timeStamp": 47445,
    "rotation": [
      [
        0.9008056,
        0.434150249,
        -0.007924557
      ],
      [
        0.00365761342,
        0.0106627941,
        0.999936461
      ],
      [
        0.434207171,
        -0.90077734,
        0.008017151
      ]
    ],
    "translation": [
      2.13866,
      0.7605173,
      -0.7374596
    ]
  },
  {
    "timeStamp": 47490,
    "rotation": [
      [
        0.909121335,
        0.4164684,
        -0.00724251
      ],
      [
        -0.00109435956,
        0.0197757985,
        0.999803841
      ],
      [
        0.416529924,
        -0.90893507,
        0.0184343662
      ]
    ],
    "translation": [
      2.140888,
      0.756521165,
      -0.7370639
    ]
  },
  {
    "timeStamp": 47545,
    "rotation": [
      [
        0.9086819,
        0.417408735,
        -0.00819652248
      ],
      [
        0.000231728161,
        0.0191286243,
        0.999817
      ],
      [
        0.417489141,
        -0.90851754,
        0.01728511
      ]
    ],
    "translation": [
      2.14095521,
      0.751824737,
      -0.737006843
    ]
  },
  {
    "timeStamp": 47590,
    "rotation": [
      [
        0.907038152,
        0.4208438,
        -0.0131267719
      ],
      [
        5.296876E-05,
        0.03106234,
        0.999517441
      ],
      [
        0.4210485,
        -0.9066012,
        0.028152436
      ]
    ],
    "translation": [
      2.14064932,
      0.749004364,
      -0.737945437
    ]
  },
  {
    "timeStamp": 47645,
    "rotation": [
      [
        0.908068538,
        0.41869697,
        -0.0102123637
      ],
      [
        -0.00398893841,
        0.0330285169,
        0.999446452
      ],
      [
        0.4188025,
        -0.9075251,
        0.0316623151
      ]
    ],
    "translation": [
      2.14044356,
      0.7469699,
      -0.738057137
    ]
  },
  {
    "timeStamp": 47690,
    "rotation": [
      [
        0.9007751,
        0.434204251,
        -0.00842179451
      ],
      [
        -0.00749278534,
        0.0349276476,
        0.999361753
      ],
      [
        0.434221268,
        -0.900137067,
        0.0347153544
      ]
    ],
    "translation": [
      2.138121,
      0.7447127,
      -0.7390317
    ]
  },
  {
    "timeStamp": 47745,
    "rotation": [
      [
        0.8878699,
        0.459979564,
        0.01028186
      ],
      [
        -0.0219063684,
        0.0199414473,
        0.999561131
      ],
      [
        0.459572673,
        -0.8877055,
        0.0277818963
      ]
    ],
    "translation": [
      2.13362479,
      0.7451129,
      -0.739867866
    ]
  },
  {
    "timeStamp": 47790,
    "rotation": [
      [
        0.875835836,
        0.481354117,
        0.0347822867
      ],
      [
        -0.0462578461,
        0.0119906059,
        0.998857558
      ],
      [
        0.480387151,
        -0.8764442,
        0.0327682048
      ]
    ],
    "translation": [
      2.12895632,
      0.7442179,
      -0.7412887
    ]
  },
  {
    "timeStamp": 47846,
    "rotation": [
      [
        0.858885765,
        0.5064869,
        0.07606735
      ],
      [
        -0.07714777,
        -0.018886812,
        0.9968408
      ],
      [
        0.506323457,
        -0.862040758,
        0.022852717
      ]
    ],
    "translation": [
      2.12204576,
      0.744741142,
      -0.7420665
    ]
  },
  {
    "timeStamp": 47892,
    "rotation": [
      [
        0.8907234,
        0.4413814,
        0.108601548
      ],
      [
        -0.09688013,
        -0.0490862541,
        0.9940849
      ],
      [
        0.4441014,
        -0.895976,
        -0.000961190031
      ]
    ],
    "translation": [
      2.12083268,
      0.7388152,
      -0.7369626
    ]
  },
  {
    "timeStamp": 47949,
    "rotation": [
      [
        0.902965546,
        0.412549257,
        0.120234713
      ],
      [
        -0.106511541,
        -0.056195505,
        0.9927222
      ],
      [
        0.416303426,
        -0.9092003,
        -0.00680134771
      ]
    ],
    "translation": [
      2.12420034,
      0.7409412,
      -0.7355983
    ]
  },
  {
    "timeStamp": 47996,
    "rotation": [
      [
        0.890765369,
        0.428552151,
        0.151262015
      ],
      [
        -0.136397243,
        -0.0653913543,
        0.9884937
      ],
      [
        0.43351233,
        -0.901147664,
        0.000204979442
      ]
    ],
    "translation": [
      2.12052751,
      0.7426211,
      -0.736837745
    ]
  },
  {
    "timeStamp": 48050,
    "rotation": [
      [
        0.899166763,
        0.410522044,
        0.151561409
      ],
      [
        -0.137159839,
        -0.0645050853,
        0.9884464
      ],
      [
        0.4155555,
        -0.9095663,
        -0.001693691
      ]
    ],
    "translation": [
      2.122695,
      0.7426509,
      -0.735964537
    ]
  },
  {
    "timeStamp": 48095,
    "rotation": [
      [
        0.8984954,
        0.412050784,
        0.151394323
      ],
      [
        -0.136926055,
        -0.06460767,
        0.9884721
      ],
      [
        0.417081922,
        -0.9088675,
        -0.00162920915
      ]
    ],
    "translation": [
      2.12253523,
      0.742664933,
      -0.736050248
    ]
  },
  {
    "timeStamp": 48150,
    "rotation": [
      [
        0.900379837,
        0.4078001,
        0.151707724
      ],
      [
        -0.137990758,
        -0.06303983,
        0.988425255
      ],
      [
        0.412643582,
        -0.9108925,
        -0.000487145036
      ]
    ],
    "translation": [
      2.12299323,
      0.742465734,
      -0.7358967
    ]
  },
  {
    "timeStamp": 48194,
    "rotation": [
      [
        0.902561247,
        0.402767837,
        0.152188152
      ],
      [
        -0.140444368,
        -0.0587305725,
        0.988345146
      ],
      [
        0.407011718,
        -0.913415968,
        0.003558535
      ]
    ],
    "translation": [
      2.12353,
      0.742044,
      -0.735765755
    ]
  },
  {
    "timeStamp": 48250,
    "rotation": [
      [
        0.902005,
        0.403069466,
        0.154667214
      ],
      [
        -0.141243726,
        -0.0630250946,
        0.9879666
      ],
      [
        0.40796712,
        -0.91299665,
        8.207819E-05
      ]
    ],
    "translation": [
      2.12336659,
      0.7424054,
      -0.735703
    ]
  },
  {
    "timeStamp": 48294,
    "rotation": [
      [
        0.897562742,
        0.4122929,
        0.156191319
      ],
      [
        -0.142717421,
        -0.06348947,
        0.9877251
      ],
      [
        0.41714853,
        -0.9088364,
        0.00185560237
      ]
    ],
    "translation": [
      2.12235022,
      0.7428362,
      -0.7359824
    ]
  },
  {
    "timeStamp": 48350,
    "rotation": [
      [
        0.8803781,
        0.446989924,
        0.15853858
      ],
      [
        -0.142506137,
        -0.0695177242,
        0.9873496
      ],
      [
        0.452356547,
        -0.8918337,
        0.00249692542
      ]
    ],
    "translation": [
      2.1184957,
      0.7442453,
      -0.737985969
    ]
  },
  {
    "timeStamp": 48395,
    "rotation": [
      [
        0.8804833,
        0.446903,
        0.158198535
      ],
      [
        -0.144715652,
        -0.0644023,
        0.98737514
      ],
      [
        0.451449275,
        -0.8922612,
        0.007968711
      ]
    ],
    "translation": [
      2.11837149,
      0.744775236,
      -0.7382144
    ]
  },
  {
    "timeStamp": 48450,
    "rotation": [
      [
        0.909567952,
        0.400169224,
        0.112029746
      ],
      [
        -0.104706548,
        -0.04019592,
        0.9936905
      ],
      [
        0.4021475,
        -0.9155593,
        0.005339416
      ]
    ],
    "translation": [
      2.12628365,
      0.746054,
      -0.7357417
    ]
  },
  {
    "timeStamp": 48494,
    "rotation": [
      [
        0.9198151,
        0.391706735,
        -0.022492623
      ],
      [
        0.01911448,
        0.01252203,
        0.9997389
      ],
      [
        0.391886115,
        -0.9200049,
        0.004030682
      ]
    ],
    "translation": [
      2.14510131,
      0.744754553,
      -0.734101534
    ]
  },
  {
    "timeStamp": 48550,
    "rotation": [
      [
        0.910792053,
        0.4058175,
        -0.0759602
      ],
      [
        0.06734379,
        0.0354928,
        0.9970983
      ],
      [
        0.407336,
        -0.9132647,
        0.004997274
      ]
    ],
    "translation": [
      2.14866948,
      0.7454268,
      -0.731925666
    ]
  },
  {
    "timeStamp": 48594,
    "rotation": [
      [
        0.9009078,
        0.406983942,
        -0.150762051
      ],
      [
        0.130998924,
        0.0761775,
        0.9884514
      ],
      [
        0.41376856,
        -0.9102533,
        0.0153144477
      ]
    ],
    "translation": [
      2.15503454,
      0.7457701,
      -0.7317529
    ]
  },
  {
    "timeStamp": 48650,
    "rotation": [
      [
        0.895667136,
        0.404927373,
        -0.183886275
      ],
      [
        0.155637965,
        0.101934172,
        0.9825407
      ],
      [
        0.416601926,
        -0.9086491,
        0.0282770172
      ]
    ],
    "translation": [
      2.15693259,
      0.746306658,
      -0.7327651
    ]
  },
  {
    "timeStamp": 48694,
    "rotation": [
      [
        0.896232963,
        0.404900134,
        -0.1811698
      ],
      [
        0.153945878,
        0.09912489,
        0.9830946
      ],
      [
        0.416013569,
        -0.9089721,
        0.0265062861
      ]
    ],
    "translation": [
      2.1549964,
      0.7446903,
      -0.7326023
    ]
  },
  {
    "timeStamp": 48750,
    "rotation": [
      [
        0.89976114,
        0.398781359,
        -0.177209884
      ],
      [
        0.13947463,
        0.121989772,
        0.9826827
      ],
      [
        0.413493365,
        -0.908896,
        0.05414177
      ]
    ],
    "translation": [
      2.15507531,
      0.735782146,
      -0.7362987
    ]
  },
  {
    "timeStamp": 48795,
    "rotation": [
      [
        0.8994107,
        0.4009069,
        -0.174166486
      ],
      [
        0.136962339,
        0.119906075,
        0.983292341
      ],
      [
        0.4150923,
        -0.908237934,
        0.0529356636
      ]
    ],
    "translation": [
      2.15584373,
      0.731093645,
      -0.7365031
    ]
  },
  {
    "timeStamp": 48850,
    "rotation": [
      [
        0.905017555,
        0.4083162,
        -0.119252264
      ],
      [
        0.08837956,
        0.09373481,
        0.9916667
      ],
      [
        0.4160917,
        -0.9080152,
        0.04874484
      ]
    ],
    "translation": [
      2.15070343,
      0.729933441,
      -0.7357117
    ]
  },
  {
    "timeStamp": 48894,
    "rotation": [
      [
        0.9088988,
        0.410654932,
        -0.07256378
      ],
      [
        0.0455168039,
        0.07527564,
        0.9961234
      ],
      [
        0.41452527,
        -0.9086782,
        0.0497262329
      ]
    ],
    "translation": [
      2.1466198,
      0.7291315,
      -0.7357264
    ]
  },
  {
    "timeStamp": 48950,
    "rotation": [
      [
        0.8825746,
        0.3959529,
        0.253541559
      ],
      [
        -0.2538524,
        -0.0526063032,
        0.9658113
      ],
      [
        0.395753682,
        -0.9167627,
        0.05408461
      ]
    ],
    "translation": [
      2.11509013,
      0.740648031,
      -0.7357007
    ]
  },
  {
    "timeStamp": 48994,
    "rotation": [
      [
        0.9164385,
        0.3445851,
        0.203473777
      ],
      [
        -0.20972535,
        -0.0194690768,
        0.9775665
      ],
      [
        0.3408163,
        -0.9385532,
        0.05442602
      ]
    ],
    "translation": [
      2.12505841,
      0.7358878,
      -0.733679652
    ]
  },
  {
    "timeStamp": 49050,
    "rotation": [
      [
        0.9795541,
        0.131769508,
        0.1520217
      ],
      [
        -0.1592944,
        0.0464694872,
        0.986136854
      ],
      [
        0.122878395,
        -0.9901906,
        0.06650952
      ]
    ],
    "translation": [
      2.14174652,
      0.729947746,
      -0.7272894
    ]
  },
  {
    "timeStamp": 49094,
    "rotation": [
      [
        0.9816047,
        0.156203315,
        0.109784931
      ],
      [
        -0.10708753,
        -0.0256063212,
        0.9939198
      ],
      [
        0.158064753,
        -0.9873929,
        -0.008407858
      ]
    ],
    "translation": [
      2.14291835,
      0.7387886,
      -0.722125947
    ]
  },
  {
    "timeStamp": 49150,
    "rotation": [
      [
        0.975778639,
        0.1757556,
        0.130253524
      ],
      [
        -0.117847845,
        -0.07931052,
        0.989859462
      ],
      [
        0.18430382,
        -0.981233835,
        -0.0566770919
      ]
    ],
    "translation": [
      2.14110565,
      0.7451043,
      -0.7190877
    ]
  },
  {
    "timeStamp": 49194,
    "rotation": [
      [
        0.987562954,
        0.08216881,
        0.1340438
      ],
      [
        -0.133295581,
        -0.0145499464,
        0.990969539
      ],
      [
        0.0833771154,
        -0.996512234,
        -0.0034162493
      ]
    ],
    "translation": [
      2.14894652,
      0.740568757,
      -0.72158587
    ]
  },
  {
    "timeStamp": 49250,
    "rotation": [
      [
        0.999881864,
        -0.0136551335,
        -0.00706483657
      ],
      [
        0.00725081423,
        0.0136184376,
        0.99988097
      ],
      [
        -0.0135572916,
        -0.999814034,
        0.013715839
      ]
    ],
    "translation": [
      2.16481328,
      0.723189,
      -0.722637832
    ]
  }
]