[
  {
    "timeStamp": 52826,
    "rotation": [
      [
        0.991931,
        -0.04581159,
        -0.118212156
      ],
      [
        0.116652362,
        -0.0353532247,
        0.9925434
      ],
      [
        -0.0496491678,
        -0.998324335,
        -0.029723933
      ]
    ],
    "translation": [
      1.46973944,
      0.704967141,
      -0.7506658
    ]
  },
  {
    "timeStamp": 52870,
    "rotation": [
      [
        0.9967802,
        -0.0230397135,
        -0.07680092
      ],
      [
        0.0776060745,
        0.0363657624,
        0.996320665
      ],
      [
        -0.0201620329,
        -0.9990729,
        0.0380366966
      ]
    ],
    "translation": [
      1.46812427,
      0.702163637,
      -0.7497404
    ]
  },
  {
    "timeStamp": 52925,
    "rotation": [
      [
        0.9952818,
        -0.0283855367,
        -0.0927814245
      ],
      [
        0.0937379152,
        0.03445705,
        0.9950005
      ],
      [
        -0.0250466615,
        -0.999003,
        0.0369552746
      ]
    ],
    "translation": [
      1.4678781,
      0.7016417,
      -0.749750555
    ]
  },
  {
    "timeStamp": 52970,
    "rotation": [
      [
        0.9974287,
        -0.04493825,
        -0.0558260456
      ],
      [
        0.0558614135,
        -0.000469340535,
        0.9984384
      ],
      [
        -0.044894278,
        -0.9989897,
        0.00204218039
      ]
    ],
    "translation": [
      1.46489191,
      0.7041384,
      -0.749424934
    ]
  },
  {
    "timeStamp": 53025,
    "rotation": [
      [
        0.9971413,
        -0.0650923848,
        -0.03836864
      ],
      [
        0.0261205845,
        -0.1795298,
        0.9834057
      ],
      [
        -0.07090053,
        -0.9815967,
        -0.177316338
      ]
    ],
    "translation": [
      1.46162546,
      0.7257663,
      -0.740549147
    ]
  },
  {
    "timeStamp": 53070,
    "rotation": [
      [
        0.9960586,
        -0.0867574438,
        -0.01845172
      ],
      [
        0.00145620061,
        -0.192005709,
        0.981392741
      ],
      [
        -0.08868595,
        -0.9775515,
        -0.191122577
      ]
    ],
    "translation": [
      1.45912647,
      0.7423689,
      -0.7381123
    ]
  },
  {
    "timeStamp": 53126,
    "rotation": [
      [
        0.9926774,
        -0.119439609,
        0.01804848
      ],
      [
        -0.04377673,
        -0.216454938,
        0.9753106
      ],
      [
        -0.11258404,
        -0.9689589,
        -0.2200986
      ]
    ],
    "translation": [
      1.45522988,
      0.772943556,
      -0.7341097
    ]
  },
  {
    "timeStamp": 53170,
    "rotation": [
      [
        0.9877481,
        -0.151630625,
        0.0369036645
      ],
      [
        -0.07370037,
        -0.244806454,
        0.9667668
      ],
      [
        -0.1375572,
        -0.95764184,
        -0.252982348
      ]
    ],
    "translation": [
      1.45430183,
      0.8033643,
      -0.7297735
    ]
  },
  {
    "timeStamp": 53225,
    "rotation": [
      [
        0.976406336,
        -0.205779612,
        0.06546277
      ],
      [
        -0.120687641,
        -0.26864025,
        0.95565
      ],
      [
        -0.179067329,
        -0.941003263,
        -0.2871371
      ]
    ],
    "translation": [
      1.45497656,
      0.8459016,
      -0.7278498
    ]
  },
  {
    "timeStamp": 53270,
    "rotation": [
      [
        0.9649183,
        -0.2519465,
        0.07386211
      ],
      [
        -0.147552758,
        -0.287685543,
        0.946290255
      ],
      [
        -0.217165485,
        -0.9239913,
        -0.314768434
      ]
    ],
    "translation": [
      1.45987332,
      0.880358338,
      -0.729132235
    ]
  },
  {
    "timeStamp": 53325,
    "rotation": [
      [
        0.9460747,
        -0.315376222,
        0.07403086
      ],
      [
        -0.174659014,
        -0.304118,
        0.936486244
      ],
      [
        -0.27283138,
        -0.8989161,
        -0.34280166
      ]
    ],
    "translation": [
      1.46923,
      0.9223392,
      -0.734330535
    ]
  },
  {
    "timeStamp": 53370,
    "rotation": [
      [
        0.9217412,
        -0.381035239,
        0.07214821
      ],
      [
        -0.200122371,
        -0.307991832,
        0.930103242
      ],
      [
        -0.332181036,
        -0.8717529,
        -0.36014244
      ]
    ],
    "translation": [
      1.48059607,
      0.955424,
      -0.740965
    ]
  },
  {
    "timeStamp": 53425,
    "rotation": [
      [
        0.885856,
        -0.4590152,
        0.06755968
      ],
      [
        -0.228372231,
        -0.304638058,
        0.9246847
      ],
      [
        -0.403863072,
        -0.834566236,
        -0.374691755
      ]
    ],
    "translation": [
      1.499913,
      0.991238058,
      -0.75193125
    ]
  },
  {
    "timeStamp": 53470,
    "rotation": [
      [
        0.8537442,
        -0.5176852,
        0.0558825
      ],
      [
        -0.241570368,
        -0.298724532,
        0.923259139
      ],
      [
        -0.461264133,
        -0.8017267,
        -0.3800918
      ]
    ],
    "translation": [
      1.51982546,
      1.01362681,
      -0.762755752
    ]
  },
  {
    "timeStamp": 53527,
    "rotation": [
      [
        0.8138452,
        -0.5806389,
        0.0226819515
      ],
      [
        -0.249073535,
        -0.313312531,
        0.9164047
      ],
      [
        -0.5249937,
        -0.7514611,
        -0.399609685
      ]
    ],
    "translation": [
      1.54948807,
      1.03390563,
      -0.7777162
    ]
  },
  {
    "timeStamp": 53580,
    "rotation": [
      [
        0.76630336,
        -0.642470956,
        -0.00319310022
      ],
      [
        -0.2610824,
        -0.3159379,
        0.91215086
      ],
      [
        -0.5870393,
        -0.698150635,
        -0.409842163
      ]
    ],
    "translation": [
      1.58204973,
      1.05161846,
      -0.794511557
    ]
  },
  {
    "timeStamp": 53624,
    "rotation": [
      [
        0.72195214,
        -0.6917176,
        -0.0176600758
      ],
      [
        -0.2723431,
        -0.307524264,
        0.911733568
      ],
      [
        -0.6360931,
        -0.653418362,
        -0.410402328
      ]
    ],
    "translation": [
      1.60953951,
      1.063986,
      -0.8074856
    ]
  },
  {
    "timeStamp": 53680,
    "rotation": [
      [
        0.6724028,
        -0.7385341,
        -0.0494155921
      ],
      [
        -0.276635468,
        -0.312665075,
        0.9086877
      ],
      [
        -0.6865474,
        -0.5973341,
        -0.4145416
      ]
    ],
    "translation": [
      1.64850259,
      1.07466221,
      -0.82394433
    ]
  },
  {
    "timeStamp": 53724,
    "rotation": [
      [
        0.624797,
        -0.777880847,
        -0.06730645
      ],
      [
        -0.277173877,
        -0.301561624,
        0.9122693
      ],
      [
        -0.729933858,
        -0.5513275,
        -0.404023051
      ]
    ],
    "translation": [
      1.68001771,
      1.08012044,
      -0.8364935
    ]
  },
  {
    "timeStamp": 53780,
    "rotation": [
      [
        0.583881736,
        -0.8069211,
        -0.089221105
      ],
      [
        -0.2871456,
        -0.308062822,
        0.9069976
      ],
      [
        -0.759361267,
        -0.5039599,
        -0.411576152
      ]
    ],
    "translation": [
      1.719697,
      1.08392835,
      -0.8532836
    ]
  },
  {
    "timeStamp": 53824,
    "rotation": [
      [
        0.557548046,
        -0.8229626,
        -0.108962446
      ],
      [
        -0.279609382,
        -0.3097563,
        0.9087737
      ],
      [
        -0.781638563,
        -0.476218075,
        -0.402812064
      ]
    ],
    "translation": [
      1.75159335,
      1.08371782,
      -0.8672044
    ]
  },
  {
    "timeStamp": 53880,
    "rotation": [
      [
        0.54147166,
        -0.8318376,
        -0.121879213
      ],
      [
        -0.2710241,
        -0.309941918,
        0.9113078
      ],
      [
        -0.7958356,
        -0.460415155,
        -0.393272847
      ]
    ],
    "translation": [
      1.79228687,
      1.08191442,
      -0.883840144
    ]
  },
  {
    "timeStamp": 53925,
    "rotation": [
      [
        0.541484952,
        -0.82779026,
        -0.146823987
      ],
      [
        -0.248438463,
        -0.3243983,
        0.912712455
      ],
      [
        -0.803163946,
        -0.457743317,
        -0.381311744
      ]
    ],
    "translation": [
      1.82570338,
      1.07923687,
      -0.8957531
    ]
  },
  {
    "timeStamp": 53970,
    "rotation": [
      [
        0.537920356,
        -0.828305662,
        -0.156689048
      ],
      [
        -0.235098124,
        -0.325900465,
        0.915706158
      ],
      [
        -0.8095496,
        -0.455739677,
        -0.370041579
      ]
    ],
    "translation": [
      1.85806966,
      1.07774878,
      -0.9052884
    ]
  },
  {
    "timeStamp": 54025,
    "rotation": [
      [
        0.54136163,
        -0.8227727,
        -0.173126072
      ],
      [
        -0.211869046,
        -0.3327577,
        0.9189036
      ],
      [
        -0.8136578,
        -0.4607791,
        -0.354462326
      ]
    ],
    "translation": [
      1.897357,
      1.07348764,
      -0.914094269
    ]
  },
  {
    "timeStamp": 54070,
    "rotation": [
      [
        0.5410886,
        -0.8183372,
        -0.193771482
      ],
      [
        -0.188878134,
        -0.342785478,
        0.92023
      ],
      [
        -0.8194804,
        -0.461326718,
        -0.3400433
      ]
    ],
    "translation": [
      1.92787313,
      1.06856346,
      -0.91748023
    ]
  },
  {
    "timeStamp": 54125,
    "rotation": [
      [
        0.518115759,
        -0.8301317,
        -0.206003338
      ],
      [
        -0.174281284,
        -0.338264376,
        0.924771965
      ],
      [
        -0.837366164,
        -0.443236381,
        -0.3199365
      ]
    ],
    "translation": [
      1.96164584,
      1.06132579,
      -0.916433334
    ]
  },
  {
    "timeStamp": 54169,
    "rotation": [
      [
        0.5034925,
        -0.83694756,
        -0.214509144
      ],
      [
        -0.163431287,
        -0.336049438,
        0.927556455
      ],
      [
        -0.8484018,
        -0.4319602,
        -0.305981785
      ]
    ],
    "translation": [
      1.98495972,
      1.05566549,
      -0.9129637
    ]
  },
  {
    "timeStamp": 54225,
    "rotation": [
      [
        0.4825039,
        -0.8514795,
        -0.205359966
      ],
      [
        -0.157051042,
        -0.3147612,
        0.9360878
      ],
      [
        -0.861698866,
        -0.419413984,
        -0.285599232
      ]
    ],
    "translation": [
      2.00858641,
      1.04816365,
      -0.906527638
    ]
  },
  {
    "timeStamp": 54270,
    "rotation": [
      [
        0.447383851,
        -0.875210047,
        -0.183997422
      ],
      [
        -0.1495374,
        -0.27604273,
        0.9494414
      ],
      [
        -0.881751835,
        -0.397250235,
        -0.2543737
      ]
    ],
    "translation": [
      2.02520537,
      1.04050756,
      -0.9011632
    ]
  },
  {
    "timeStamp": 54325,
    "rotation": [
      [
        0.4311985,
        -0.8847159,
        -0.177046955
      ],
      [
        -0.14672865,
        -0.2623745,
        0.9537454
      ],
      [
        -0.890246332,
        -0.385275751,
        -0.242948666
      ]
    ],
    "translation": [
      2.04297948,
      1.03392863,
      -0.8917187
    ]
  },
  {
    "timeStamp": 54370,
    "rotation": [
      [
        0.410161346,
        -0.8967529,
        -0.166138113
      ],
      [
        -0.15047656,
        -0.2462115,
        0.9574637
      ],
      [
        -0.8995135,
        -0.3677147,
        -0.235926732
      ]
    ],
    "translation": [
      2.05501533,
      1.028678,
      -0.884323359
    ]
  },
  {
    "timeStamp": 54425,
    "rotation": [
      [
        0.395273179,
        -0.904421,
        -0.1605674
      ],
      [
        -0.156940535,
        -0.23872678,
        0.958321035
      ],
      [
        -0.9050574,
        -0.353599072,
        -0.2363026
      ]
    ],
    "translation": [
      2.06641459,
      1.02620113,
      -0.875059366
    ]
  },
  {
    "timeStamp": 54469,
    "rotation": [
      [
        0.3812248,
        -0.9120407,
        -0.151159957
      ],
      [
        -0.160854831,
        -0.226451963,
        0.960648358
      ],
      [
        -0.9103809,
        -0.3419082,
        -0.233035266
      ]
    ],
    "translation": [
      2.07259035,
      1.02551568,
      -0.8701124
    ]
  },
  {
    "timeStamp": 54525,
    "rotation": [
      [
        0.363640875,
        -0.9204665,
        -0.143201753
      ],
      [
        -0.177348629,
        -0.2193222,
        0.9593984
      ],
      [
        -0.914501369,
        -0.323479861,
        -0.242998
      ]
    ],
    "translation": [
      2.07748556,
      1.029841,
      -0.8637979
    ]
  },
  {
    "timeStamp": 54569,
    "rotation": [
      [
        0.353821665,
        -0.927593052,
        -0.119922683
      ],
      [
        -0.188516751,
        -0.1963111,
        0.9622491
      ],
      [
        -0.9161177,
        -0.317857116,
        -0.244325936
      ]
    ],
    "translation": [
      2.078695,
      1.03340316,
      -0.8607683
    ]
  },
  {
    "timeStamp": 54625,
    "rotation": [
      [
        0.346573919,
        -0.9311229,
        -0.1135636
      ],
      [
        -0.203823477,
        -0.192927644,
        0.95980984
      ],
      [
        -0.9156105,
        -0.309498131,
        -0.2566484
      ]
    ],
    "translation": [
      2.082696,
      1.03567374,
      -0.85791254
    ]
  },
  {
    "timeStamp": 54669,
    "rotation": [
      [
        0.3219149,
        -0.941843331,
        -0.09644591
      ],
      [
        -0.21340315,
        -0.1714297,
        0.961806059
      ],
      [
        -0.922404349,
        -0.289037853,
        -0.2561781
      ]
    ],
    "translation": [
      2.08504057,
      1.0362643,
      -0.858036339
    ]
  },
  {
    "timeStamp": 54725,
    "rotation": [
      [
        0.290653467,
        -0.954848468,
        -0.0615222938
      ],
      [
        -0.238621444,
        -0.13460204,
        0.9617391
      ],
      [
        -0.926596165,
        -0.2648523,
        -0.26696986
      ]
    ],
    "translation": [
      2.08514929,
      1.03945565,
      -0.860003948
    ]
  },
  {
    "timeStamp": 54769,
    "rotation": [
      [
        0.248295233,
        -0.968616962,
        -0.0114330249
      ],
      [
        -0.261900842,
        -0.07848937,
        0.9618978
      ],
      [
        -0.9326079,
        -0.235840321,
        -0.2731701
      ]
    ],
    "translation": [
      2.08268547,
      1.04179347,
      -0.8627911
    ]
  },
  {
    "timeStamp": 54825,
    "rotation": [
      [
        0.184662,
        -0.9808388,
        0.0620910339
      ],
      [
        -0.2982533,
        0.004270256,
        0.9544772
      ],
      [
        -0.936453342,
        -0.194774523,
        -0.2917498
      ]
    ],
    "translation": [
      2.08014441,
      1.045592,
      -0.8661755
    ]
  },
  {
    "timeStamp": 54880,
    "rotation": [
      [
        0.119583517,
        -0.9838114,
        0.133472979
      ],
      [
        -0.326056242,
        0.0880647451,
        0.9412396
      ],
      [
        -0.9377565,
        -0.156076416,
        -0.310246736
      ]
    ],
    "translation": [
      2.078228,
      1.04571021,
      -0.8687001
    ]
  },
  {
    "timeStamp": 54925,
    "rotation": [
      [
        0.0735948756,
        -0.9809625,
        0.179712027
      ],
      [
        -0.339055359,
        0.1448558,
        0.929547369
      ],
      [
        -0.937883437,
        -0.129342228,
        -0.321939945
      ]
    ],
    "translation": [
      2.080548,
      1.04585016,
      -0.870549858
    ]
  },
  {
    "timeStamp": 54980,
    "rotation": [
      [
        -0.009535477,
        -0.9678149,
        0.251482427
      ],
      [
        -0.359226435,
        0.238020629,
        0.902387142
      ],
      [
        -0.93320173,
        -0.08173445,
        -0.34993434
      ]
    ],
    "translation": [
      2.086233,
      1.048069,
      -0.871482849
    ]
  },
  {
    "timeStamp": 55025,
    "rotation": [
      [
        -0.08041186,
        -0.943428934,
        0.321676522
      ],
      [
        -0.3559988,
        0.328619331,
        0.8747995
      ],
      [
        -0.9310203,
        -0.0441722274,
        -0.362284482
      ]
    ],
    "translation": [
      2.0950253,
      1.0535115,
      -0.8727741
    ]
  },
  {
    "timeStamp": 55080,
    "rotation": [
      [
        -0.181912467,
        -0.886463165,
        0.425547719
      ],
      [
        -0.346212626,
        0.462797761,
        0.816060662
      ],
      [
        -0.9203503,
        0.00112158014,
        -0.3910934
      ]
    ],
    "translation": [
      2.1059227,
      1.062706,
      -0.871897757
    ]
  },
  {
    "timeStamp": 55125,
    "rotation": [
      [
        -0.256393284,
        -0.8280133,
        0.4986547
      ],
      [
        -0.330147356,
        0.5598937,
        0.7599485
      ],
      [
        -0.9084411,
        0.0302161481,
        -0.41691938
      ]
    ],
    "translation": [
      2.11886144,
      1.0715332,
      -0.869488657
    ]
  },
  {
    "timeStamp": 55180,
    "rotation": [
      [
        -0.332093924,
        -0.7484871,
        0.5740041
      ],
      [
        -0.2952272,
        0.660446167,
        0.6903997
      ],
      [
        -0.8958541,
        0.05981593,
        -0.4403039
      ]
    ],
    "translation": [
      2.132762,
      1.08095622,
      -0.863487363
    ]
  },
  {
    "timeStamp": 55224,
    "rotation": [
      [
        -0.3698753,
        -0.696756542,
        0.61459136
      ],
      [
        -0.2735551,
        0.7138527,
        0.6446564
      ],
      [
        -0.8878963,
        0.07031789,
        -0.4546378
      ]
    ],
    "translation": [
      2.144926,
      1.08801246,
      -0.8574186
    ]
  },
  {
    "timeStamp": 55280,
    "rotation": [
      [
        -0.399736,
        -0.6359082,
        0.6601757
      ],
      [
        -0.247743055,
        0.7683673,
        0.5901145
      ],
      [
        -0.882515967,
        0.0723360553,
        -0.464685917
      ]
    ],
    "translation": [
      2.15673566,
      1.09576392,
      -0.849903464
    ]
  },
  {
    "timeStamp": 55325,
    "rotation": [
      [
        -0.423570633,
        -0.5636188,
        0.709169745
      ],
      [
        -0.215584636,
        0.8230928,
        0.525396466
      ],
      [
        -0.879835844,
        0.06965641,
        -0.470145524
      ]
    ],
    "translation": [
      2.16632318,
      1.10380423,
      -0.8431031
    ]
  },
  {
    "timeStamp": 55380,
    "rotation": [
      [
        -0.442601979,
        -0.457332,
        0.771330655
      ],
      [
        -0.170553938,
        0.887402236,
        0.428285718
      ],
      [
        -0.880349338,
        0.05800663,
        -0.47076574
      ]
    ],
    "translation": [
      2.17657328,
      1.11444974,
      -0.8330623
    ]
  },
  {
    "timeStamp": 55424,
    "rotation": [
      [
        -0.460223466,
        -0.363184541,
        0.8101181
      ],
      [
        -0.115265004,
        0.929217458,
        0.35109666
      ],
      [
        -0.8802888,
        0.06820465,
        -0.469510168
      ]
    ],
    "translation": [
      2.18821478,
      1.12037492,
      -0.8206941
    ]
  },
  {
    "timeStamp": 55480,
    "rotation": [
      [
        -0.467865527,
        -0.283444643,
        0.837114632
      ],
      [
        -0.07455759,
        0.9564588,
        0.282183826
      ],
      [
        -0.880649149,
        0.06961084,
        -0.468627065
      ]
    ],
    "translation": [
      2.2020402,
      1.12467229,
      -0.800175548
    ]
  },
  {
    "timeStamp": 55524,
    "rotation": [
      [
        -0.476159126,
        -0.277154237,
        0.834540665
      ],
      [
        -0.06978825,
        0.957949638,
        0.278320163
      ],
      [
        -0.8765855,
        0.0742835552,
        -0.47547856
      ]
    ],
    "translation": [
      2.216355,
      1.12301481,
      -0.7798395
    ]
  },
  {
    "timeStamp": 55580,
    "rotation": [
      [
        -0.470509857,
        -0.191773579,
        0.86130327
      ],
      [
        0.0002330467,
        0.976070464,
        0.217454374
      ],
      [
        -0.882394731,
        0.102515154,
        -0.459206074
      ]
    ],
    "translation": [
      2.23327661,
      1.1199702,
      -0.7530268
    ]
  },
  {
    "timeStamp": 55624,
    "rotation": [
      [
        -0.485271215,
        -0.111162893,
        0.8672685
      ],
      [
        0.08550288,
        0.981098354,
        0.173595384
      ],
      [
        -0.870173037,
        0.1583948,
        -0.46659404
      ]
    ],
    "translation": [
      2.24991155,
      1.11465442,
      -0.7294076
    ]
  },
  {
    "timeStamp": 55680,
    "rotation": [
      [
        -0.454452157,
        -0.0278538242,
        0.89033556
      ],
      [
        0.16437532,
        0.9797237,
        0.114552073
      ],
      [
        -0.8754735,
        0.198407635,
        -0.4406591
      ]
    ],
    "translation": [
      2.26170015,
      1.11246693,
      -0.706921756
    ]
  },
  {
    "timeStamp": 55725,
    "rotation": [
      [
        -0.44521153,
        0.0258833375,
        0.895051241
      ],
      [
        0.227016568,
        0.970186234,
        0.08486524
      ],
      [
        -0.8661698,
        0.240974456,
        -0.437814057
      ]
    ],
    "translation": [
      2.269143,
      1.1060214,
      -0.6902268
    ]
  },
  {
    "timeStamp": 55779,
    "rotation": [
      [
        -0.430634677,
        0.08145385,
        0.898843169
      ],
      [
        0.29438132,
        0.9541285,
        0.05457389
      ],
      [
        -0.8531667,
        0.288104057,
        -0.434859335
      ]
    ],
    "translation": [
      2.27519464,
      1.09464383,
      -0.672085464
    ]
  },
  {
    "timeStamp": 55824,
    "rotation": [
      [
        -0.418344349,
        0.126039192,
        0.899501
      ],
      [
        0.356390685,
        0.9336842,
        0.03492295
      ],
      [
        -0.8354482,
        0.3351836,
        -0.435520649
      ]
    ],
    "translation": [
      2.27872229,
      1.081095,
      -0.6583517
    ]
  },
  {
    "timeStamp": 55879,
    "rotation": [
      [
        -0.3665206,
        0.14137502,
        0.919606268
      ],
      [
        0.397025347,
        0.917647064,
        0.0171655957
      ],
      [
        -0.841447234,
        0.371398538,
        -0.392466038
      ]
    ],
    "translation": [
      2.2770524,
      1.06459367,
      -0.6449759
    ]
  },
  {
    "timeStamp": 55920,
    "rotation": [
      [
        -0.347040474,
        0.134088352,
        0.9282151
      ],
      [
        0.414892167,
        0.9095612,
        0.02372597
      ],
      [
        -0.8410871,
        0.393343031,
        -0.37128675
      ]
    ],
    "translation": [
      2.2752974,
      1.05151081,
      -0.6363016
    ]
  },
  {
    "timeStamp": 55974,
    "rotation": [
      [
        -0.277200162,
        0.133399516,
        0.9515065
      ],
      [
        0.4817484,
        0.8761346,
        0.0175141115
      ],
      [
        -0.831311345,
        0.463241637,
        -0.307129622
      ]
    ],
    "translation": [
      2.27293849,
      1.02638185,
      -0.623186648
    ]
  },
  {
    "timeStamp": 56030,
    "rotation": [
      [
        -0.24936153,
        0.093679145,
        0.963868856
      ],
      [
        0.5168664,
        0.8545657,
        0.050662104
      ],
      [
        -0.8189432,
        0.510824561,
        -0.2615154
      ]
    ],
    "translation": [
      2.271914,
      1.00696909,
      -0.617164969
    ]
  },
  {
    "timeStamp": 56075,
    "rotation": [
      [
        -0.246001333,
        0.06411011,
        0.967146933
      ],
      [
        0.541486263,
        0.8366746,
        0.08226986
      ],
      [
        -0.8039129,
        0.5439353,
        -0.240537792
      ]
    ],
    "translation": [
      2.27345,
      0.992283165,
      -0.613516033
    ]
  },
  {
    "timeStamp": 56130,
    "rotation": [
      [
        -0.22837308,
        0.0554248355,
        0.971994758
      ],
      [
        0.573768854,
        0.8142348,
        0.08837962
      ],
      [
        -0.786533535,
        0.5778839,
        -0.217750341
      ]
    ],
    "translation": [
      2.274437,
      0.977261245,
      -0.611623347
    ]
  },
  {
    "timeStamp": 56174,
    "rotation": [
      [
        -0.2164119,
        0.039310582,
        0.975510359
      ],
      [
        0.5928447,
        0.799169362,
        0.09931503
      ],
      [
        -0.7756939,
        0.5998191,
        -0.196254835
      ]
    ],
    "translation": [
      2.273771,
      0.963641644,
      -0.610457361
    ]
  },
  {
    "timeStamp": 56230,
    "rotation": [
      [
        -0.2162863,
        0.0403762236,
        0.975494742
      ],
      [
        0.61969167,
        0.7777622,
        0.105205819
      ],
      [
        -0.7544551,
        0.627260566,
        -0.1932401
      ]
    ],
    "translation": [
      2.272194,
      0.9478218,
      -0.6089381
    ]
  },
  {
    "timeStamp": 56274,
    "rotation": [
      [
        -0.2191178,
        0.0368458666,
        0.9750024
      ],
      [
        0.6332996,
        0.7655543,
        0.113394275
      ],
      [
        -0.7422392,
        0.6423153,
        -0.191081047
      ]
    ],
    "translation": [
      2.270002,
      0.9364741,
      -0.6079849
    ]
  },
  {
    "timeStamp": 56330,
    "rotation": [
      [
        -0.2198064,
        0.0436684154,
        0.9745656
      ],
      [
        0.639795959,
        0.7606001,
        0.110220447
      ],
      [
        -0.736441553,
        0.6477504,
        -0.195123658
      ]
    ],
    "translation": [
      2.26631641,
      0.927296758,
      -0.606755555
    ]
  },
  {
    "timeStamp": 56375,
    "rotation": [
      [
        -0.192997992,
        0.0493669361,
        0.979956448
      ],
      [
        0.65193367,
        0.7528598,
        0.0904688239
      ],
      [
        -0.733303666,
        0.65632695,
        -0.1774844
      ]
    ],
    "translation": [
      2.26295376,
      0.9223852,
      -0.6067765
    ]
  },
  {
    "timeStamp": 56421,
    "rotation": [
      [
        -0.183103248,
        0.04460165,
        0.982081354
      ],
      [
        0.655155838,
        0.7503426,
        0.0880727842
      ],
      [
        -0.732969344,
        0.6595428,
        -0.1666112
      ]
    ],
    "translation": [
      2.25955272,
      0.916269243,
      -0.606101751
    ]
  },
  {
    "timeStamp": 56478,
    "rotation": [
      [
        -0.188169017,
        0.026449101,
        0.981780469
      ],
      [
        0.65437454,
        0.7488106,
        0.105245173
      ],
      [
        -0.732384,
        0.662256062,
        -0.158210576
      ]
    ],
    "translation": [
      2.25660944,
      0.9082041,
      -0.605436862
    ]
  },
  {
    "timeStamp": 56523,
    "rotation": [
      [
        -0.285546929,
        -0.03318714,
        0.957789958
      ],
      [
        0.6150762,
        0.76006794,
        0.209709451
      ],
      [
        -0.734945059,
        0.648995638,
        -0.196622461
      ]
    ],
    "translation": [
      2.25677228,
      0.8997026,
      -0.60337615
    ]
  },
  {
    "timeStamp": 56580,
    "rotation": [
      [
        -0.37392813,
        -0.05377116,
        0.9258976
      ],
      [
        0.6020439,
        0.745322168,
        0.2864226
      ],
      [
        -0.705493331,
        0.6645325,
        -0.246324331
      ]
    ],
    "translation": [
      2.26017046,
      0.8854726,
      -0.599432
    ]
  },
  {
    "timeStamp": 56624,
    "rotation": [
      [
        -0.4058062,
        -0.0626766458,
        0.911807537
      ],
      [
        0.5890437,
        0.7448713,
        0.3133596
      ],
      [
        -0.6988196,
        0.664257765,
        -0.265354127
      ]
    ],
    "translation": [
      2.26177716,
      0.8797975,
      -0.5976189
    ]
  },
  {
    "timeStamp": 56680,
    "rotation": [
      [
        -0.405556768,
        -0.0613669939,
        0.9120076
      ],
      [
        0.5894927,
        0.7449751,
        0.312266737
      ],
      [
        -0.6985858,
        0.6642637,
        -0.2659543
      ]
    ],
    "translation": [
      2.2641778,
      0.8743713,
      -0.59601
    ]
  },
  {
    "timeStamp": 56724,
    "rotation": [
      [
        -0.4208127,
        -0.07633816,
        0.9039298
      ],
      [
        0.568137765,
        0.7546463,
        0.32822004
      ],
      [
        -0.707203031,
        0.6516758,
        -0.274194181
      ]
    ],
    "translation": [
      2.26519,
      0.871461034,
      -0.5952376
    ]
  },
  {
    "timeStamp": 56779,
    "rotation": [
      [
        -0.548292458,
        -0.151579812,
        0.8224347
      ],
      [
        0.459749669,
        0.76685816,
        0.447837919
      ],
      [
        -0.698574,
        0.623660266,
        -0.350773752
      ]
    ],
    "translation": [
      2.26619864,
      0.8653599,
      -0.591918349
    ]
  },
  {
    "timeStamp": 56824,
    "rotation": [
      [
        -0.682972968,
        -0.228003487,
        0.693946838
      ],
      [
        0.3281987,
        0.752948761,
        0.570397854
      ],
      [
        -0.652559161,
        0.6173188,
        -0.43941322
      ]
    ],
    "translation": [
      2.26843119,
      0.8588311,
      -0.5885181
    ]
  },
  {
    "timeStamp": 56880,
    "rotation": [
      [
        -0.8311112,
        -0.272060484,
        0.48501268
      ],
      [
        0.171648249,
        0.7040713,
        0.6890722
      ],
      [
        -0.528952837,
        0.6559472,
        -0.5384628
      ]
    ],
    "translation": [
      2.27122283,
      0.8528883,
      -0.582979739
    ]
  },
  {
    "timeStamp": 56924,
    "rotation": [
      [
        -0.864947557,
        -0.280852824,
        0.4159176
      ],
      [
        0.121054977,
        0.687520862,
        0.7160033
      ],
      [
        -0.487043619,
        0.6696542,
        -0.560670853
      ]
    ],
    "translation": [
      2.2722826,
      0.851373732,
      -0.582012653
    ]
  },
  {
    "timeStamp": 56980,
    "rotation": [
      [
        -0.863190949,
        -0.27276507,
        0.424853534
      ],
      [
        0.128411546,
        0.695213258,
        0.7072404
      ],
      [
        -0.488274276,
        0.6650396,
        -0.565075636
      ]
    ],
    "translation": [
      2.2721417,
      0.8523376,
      -0.5821154
    ]
  },
  {
    "timeStamp": 57024,
    "rotation": [
      [
        -0.866315544,
        -0.2729457,
        0.4183276
      ],
      [
        0.124093495,
        0.6936328,
        0.709559262
      ],
      [
        -0.4838369,
        0.666613936,
        -0.567034066
      ]
    ],
    "translation": [
      2.27226949,
      0.852233946,
      -0.581973851
    ]
  },
  {
    "timeStamp": 57079,
    "rotation": [
      [
        -0.8704831,
        -0.2739116,
        0.40893963
      ],
      [
        0.117160536,
        0.691650569,
        0.712666035
      ],
      [
        -0.478050828,
        0.6682753,
        -0.5699785
      ]
    ],
    "translation": [
      2.27248383,
      0.8520715,
      -0.5817701
    ]
  },
  {
    "timeStamp": 57124,
    "rotation": [
      [
        -0.879154861,
        -0.269769549,
        0.39282468
      ],
      [
        0.108108617,
        0.6899316,
        0.715756238
      ],
      [
        -0.4641114,
        0.6717283,
        -0.5773922
      ]
    ],
    "translation": [
      2.27273583,
      0.85201776,
      -0.5814217
    ]
  },
  {
    "timeStamp": 57179,
    "rotation": [
      [
        -0.899794936,
        -0.268865973,
        0.343627959
      ],
      [
        0.0761044845,
        0.6787839,
        0.7303838
      ],
      [
        -0.4296245,
        0.6833473,
        -0.5903044
      ]
    ],
    "translation": [
      2.273866,
      0.8517239,
      -0.5806602
    ]
  },
  {
    "timeStamp": 57224,
    "rotation": [
      [
        -0.9122663,
        -0.268397927,
        0.309407175
      ],
      [
        0.0501048267,
        0.6765949,
        0.7346488
      ],
      [
        -0.406521529,
        0.685698152,
        -0.6037867
      ]
    ],
    "translation": [
      2.274685,
      0.851131,
      -0.579771161
    ]
  },
  {
    "timeStamp": 57279,
    "rotation": [
      [
        -0.9449269,
        -0.2659394,
        0.190760225
      ],
      [
        -0.03370158,
        0.6588299,
        0.751536667
      ],
      [
        -0.325541764,
        0.7037183,
        -0.631508648
      ]
    ],
    "translation": [
      2.27680349,
      0.849751,
      -0.5777212
    ]
  },
  {
    "timeStamp": 57324,
    "rotation": [
      [
        -0.94956094,
        -0.263990879,
        0.1692418
      ],
      [
        -0.07002802,
        0.7045918,
        0.706149
      ],
      [
        -0.3056633,
        0.6586798,
        -0.687539637
      ]
    ],
    "translation": [
      2.27753377,
      0.8484474,
      -0.5735713
    ]
  },
  {
    "timeStamp": 57379,
    "rotation": [
      [
        -0.976060569,
        -0.194126815,
        -0.0980840847
      ],
      [
        -0.206164286,
        0.682096,
        0.7015991
      ],
      [
        -0.06929644,
        0.70502466,
        -0.705789
      ]
    ],
    "translation": [
      2.28124714,
      0.845702231,
      -0.571181655
    ]
  },
  {
    "timeStamp": 57423,
    "rotation": [
      [
        -0.9929744,
        -0.0930547,
        -0.07309391
      ],
      [
        -0.114812009,
        0.60816896,
        0.78546077
      ],
      [
        -0.0286373515,
        0.7883345,
        -0.614580035
      ]
    ],
    "translation": [
      2.278117,
      0.846981764,
      -0.5739488
    ]
  },
  {
    "timeStamp": 57479,
    "rotation": [
      [
        -0.9918475,
        -0.109464526,
        -0.06523783
      ],
      [
        -0.118353494,
        0.6015685,
        0.7900049
      ],
      [
        -0.04723249,
        0.7912855,
        -0.6096198
      ]
    ],
    "translation": [
      2.278301,
      0.8470364,
      -0.5745536
    ]
  },
  {
    "timeStamp": 57523,
    "rotation": [
      [
        -0.9934241,
        -0.09251614,
        -0.06744844
      ],
      [
        -0.109843954,
        0.6039887,
        0.789387047
      ],
      [
        -0.0322929434,
        0.791604936,
        -0.6101793
      ]
    ],
    "translation": [
      2.277924,
      0.8471644,
      -0.5742169
    ]
  },
  {
    "timeStamp": 57579,
    "rotation": [
      [
        -0.993291736,
        -0.09990488,
        -0.05822824
      ],
      [
        -0.10714598,
        0.6057908,
        0.788376331
      ],
      [
        -0.04348851,
        0.7893266,
        -0.6124314
      ]
    ],
    "translation": [
      2.27787614,
      0.847423434,
      -0.574384
    ]
  },
  {
    "timeStamp": 57623,
    "rotation": [
      [
        -0.9921313,
        -0.112353608,
        -0.055246193
      ],
      [
        -0.111833766,
        0.596868157,
        0.794507146
      ],
      [
        -0.05629105,
        0.7944338,
        -0.6047365
      ]
    ],
    "translation": [
      2.27787232,
      0.84769094,
      -0.5752124
    ]
  },
  {
    "timeStamp": 57679,
    "rotation": [
      [
        -0.99103564,
        -0.132381782,
        -0.0179850627
      ],
      [
        -0.09624023,
        0.6140447,
        0.7833817
      ],
      [
        -0.09266183,
        0.77809006,
        -0.62128067
      ]
    ],
    "translation": [
      2.27710915,
      0.8490237,
      -0.5758597
    ]
  },
  {
    "timeStamp": 57723,
    "rotation": [
      [
        -0.964799464,
        -0.198449224,
        0.172568545
      ],
      [
        0.000427677936,
        0.655002534,
        0.755626559
      ],
      [
        -0.262986332,
        0.7291019,
        -0.631861269
      ]
    ],
    "translation": [
      2.27532458,
      0.851056337,
      -0.580278933
    ]
  },
  {
    "timeStamp": 57779,
    "rotation": [
      [
        -0.889306664,
        -0.2697807,
        0.369258761
      ],
      [
        0.09299969,
        0.683894,
        0.7236298
      ],
      [
        -0.4477552,
        0.677869737,
        -0.583102
      ]
    ],
    "translation": [
      2.27312946,
      0.852223933,
      -0.581541061
    ]
  },
  {
    "timeStamp": 57823,
    "rotation": [
      [
        -0.8032001,
        -0.281314015,
        0.5251019
      ],
      [
        0.164877608,
        0.742058,
        0.6497425
      ],
      [
        -0.572437763,
        0.6084508,
        -0.5496387
      ]
    ],
    "translation": [
      2.268397,
      0.862721562,
      -0.5789969
    ]
  },
  {
    "timeStamp": 57879,
    "rotation": [
      [
        -0.773567438,
        -0.3009749,
        0.557680547
      ],
      [
        0.1457588,
        0.7719211,
        0.6187828
      ],
      [
        -0.6167235,
        0.5599571,
        -0.553263247
      ]
    ],
    "translation": [
      2.26574063,
      0.8726455,
      -0.5763344
    ]
  },
  {
    "timeStamp": 57923,
    "rotation": [
      [
        -0.760176241,
        -0.310912639,
        0.5704958
      ],
      [
        0.137191668,
        0.7814573,
        0.6086895
      ],
      [
        -0.6350674,
        0.540978551,
        -0.551390648
      ]
    ],
    "translation": [
      2.26447,
      0.8797419,
      -0.574848652
    ]
  },
  {
    "timeStamp": 57977,
    "rotation": [
      [
        -0.754063666,
        -0.3076373,
        0.5802993
      ],
      [
        0.139307454,
        0.7885091,
        0.599038243
      ],
      [
        -0.641857862,
        0.532552958,
        -0.551729858
      ]
    ],
    "translation": [
      2.26450849,
      0.8861023,
      -0.5728735
    ]
  },
  {
    "timeStamp": 58021,
    "rotation": [
      [
        -0.7423228,
        -0.304075032,
        0.5970722
      ],
      [
        0.1492883,
        0.7936391,
        0.58978796
      ],
      [
        -0.6531997,
        0.5269489,
        -0.5437416
      ]
    ],
    "translation": [
      2.26436019,
      0.889225,
      -0.57176584
    ]
  },
  {
    "timeStamp": 58077,
    "rotation": [
      [
        -0.7198962,
        -0.30044353,
        0.6256861
      ],
      [
        0.1794128,
        0.790272057,
        0.585902
      ],
      [
        -0.6704927,
        0.5340447,
        -0.5150104
      ]
    ],
    "translation": [
      2.26387525,
      0.8874228,
      -0.5713003
    ]
  },
  {
    "timeStamp": 58121,
    "rotation": [
      [
        -0.7015515,
        -0.296478748,
        0.64801687
      ],
      [
        0.208019733,
        0.7845395,
        0.584145069
      ],
      [
        -0.6815815,
        0.5446081,
        -0.48872146
      ]
    ],
    "translation": [
      2.26356125,
      0.8795407,
      -0.5717006
    ]
  },
  {
    "timeStamp": 58177,
    "rotation": [
      [
        -0.6634223,
        -0.274686038,
        0.6960017
      ],
      [
        0.2616709,
        0.786272943,
        0.559735
      ],
      [
        -0.700998664,
        0.553464055,
