[
  {
    "timeStamp": 24650,
    "rotation": [
      [
        -0.999883235,
        0.005705459,
        -0.0141748711
      ],
      [
        -0.014089209,
        0.0147841778,
        0.999791443
      ],
      [
        0.005913829,
        0.9998744,
        -0.0147020668
      ]
    ],
    "translation": [
      1.76987565,
      0.701627135,
      -0.489474982
    ]
  },
  {
    "timeStamp": 24694,
    "rotation": [
      [
        -0.999836564,
        0.005990781,
        -0.0170581918
      ],
      [
        -0.0169875789,
        0.0116463518,
        0.999787867
      ],
      [
        0.00618817843,
        0.9999142,
        -0.0115426788
      ]
    ],
    "translation": [
      1.769832,
      0.702142358,
      -0.489492536
    ]
  },
  {
    "timeStamp": 24750,
    "rotation": [
      [
        -0.998795152,
        0.0400908031,
        0.0283022076
      ],
      [
        0.0285686459,
        0.00608854974,
        0.9995733
      ],
      [
        0.0399013758,
        0.9991775,
        -0.007226554
      ]
    ],
    "translation": [
      1.76878226,
      0.6950747,
      -0.492709458
    ]
  },
  {
    "timeStamp": 24796,
    "rotation": [
      [
        -0.998516262,
        0.04919609,
        0.0233452469
      ],
      [
        0.0232728533,
        -0.0020438612,
        0.9997271
      ],
      [
        0.0492303744,
        0.998787045,
        0.000895895239
      ]
    ],
    "translation": [
      1.77188838,
      0.6955055,
      -0.497349441
    ]
  },
  {
    "timeStamp": 24849,
    "rotation": [
      [
        -0.9964865,
        0.07773272,
        -0.03118156
      ],
      [
        -0.0330515,
        -0.0228863228,
        0.9991916
      ],
      [
        0.07695625,
        0.9967115,
        0.0253750924
      ]
    ],
    "translation": [
      1.77297473,
      0.7036655,
      -0.4994205
    ]
  },
  {
    "timeStamp": 24894,
    "rotation": [
      [
        -0.9937165,
        0.106453985,
        -0.03456933
      ],
      [
        -0.0421618968,
        -0.0699180439,
        0.996661365
      ],
      [
        0.103681572,
        0.991856337,
        0.07396702
      ]
    ],
    "translation": [
      1.77916574,
      0.714659452,
      -0.517662466
    ]
  },
  {
    "timeStamp": 24949,
    "rotation": [
      [
        -0.987513363,
        0.15592587,
        0.0224582981
      ],
      [
        0.0126778223,
        -0.06343869,
        0.9979052
      ],
      [
        0.157023981,
        0.985729456,
        0.0606697537
      ]
    ],
    "translation": [
      1.76856434,
      0.7488368,
      -0.5187279
    ]
  },
  {
    "timeStamp": 24994,
    "rotation": [
      [
        -0.9754051,
        0.207672536,
        0.07387227
      ],
      [
        0.0604149736,
        -0.07042109,
        0.9956862
      ],
      [
        0.211978808,
        0.9756603,
        0.05614256
      ]
    ],
    "translation": [
      1.76459575,
      0.7818574,
      -0.522736847
    ]
  },
  {
    "timeStamp": 25049,
    "rotation": [
      [
        -0.9531101,
        0.266390532,
        0.143586457
      ],
      [
        0.132149935,
        -0.06046998,
        0.9893835
      ],
      [
        0.272245079,
        0.9619664,
        0.0224310644
      ]
    ],
    "translation": [
      1.759151,
      0.827278852,
      -0.521736741
    ]
  },
  {
    "timeStamp": 25094,
    "rotation": [
      [
        -0.923566043,
        0.324884236,
        0.203656435
      ],
      [
        0.1924972,
        -0.06649837,
        0.979041755
      ],
      [
        0.331618071,
        0.9434131,
        -0.00112366688
      ]
    ],
    "translation": [
      1.76098633,
      0.8641465,
      -0.5239952
    ]
  },
  {
    "timeStamp": 25149,
    "rotation": [
      [
        -0.8856198,
        0.397257477,
        0.240549386
      ],
      [
        0.239354312,
        -0.0534320846,
        0.969460964
      ],
      [
        0.397978663,
        0.916150331,
        -0.0477647856
      ]
    ],
    "translation": [
      1.77424538,
      0.90585196,
      -0.5233928
    ]
  },
  {
    "timeStamp": 25194,
    "rotation": [
      [
        -0.8476281,
        0.457200646,
        0.269247234
      ],
      [
        0.280173421,
        -0.04526105,
        0.9588818
      ],
      [
        0.450587779,
        0.888211131,
        -0.0897309259
      ]
    ],
    "translation": [
      1.78938687,
      0.940088451,
      -0.5271194
    ]
  },
  {
    "timeStamp": 25249,
    "rotation": [
      [
        -0.7757029,
        0.5471264,
        0.314543575
      ],
      [
        0.335326076,
        -0.06491102,
        0.939863265
      ],
      [
        0.5346413,
        0.83452934,
        -0.133114085
      ]
    ],
    "translation": [
      1.808436,
      0.9864739,
      -0.5340675
    ]
  },
  {
    "timeStamp": 25294,
    "rotation": [
      [
        -0.724416,
        0.6138777,
        0.3136489
      ],
      [
        0.359389,
        -0.0519521832,
        0.9317406
      ],
      [
        0.588269532,
        0.787689745,
        -0.182985917
      ]
    ],
    "translation": [
      1.83410966,
      1.01833367,
      -0.5441058
    ]
  },
  {
    "timeStamp": 25349,
    "rotation": [
      [
        -0.6492311,
        0.699157834,
        0.2994617
      ],
      [
        0.3797183,
        -0.04320268,
        0.9240928
      ],
      [
        0.659024239,
        0.713660836,
        -0.2374345
      ]
    ],
    "translation": [
      1.8718394,
      1.0559274,
      -0.5578793
    ]
  },
  {
    "timeStamp": 25394,
    "rotation": [
      [
        -0.5643696,
        0.772071242,
        0.292220682
      ],
      [
        0.400014877,
        -0.05388518,
        0.9149232
      ],
      [
        0.7221322,
        0.6332475,
        -0.278428823
      ]
    ],
    "translation": [
      1.90111172,
      1.08367217,
      -0.5734894
    ]
  },
  {
    "timeStamp": 25449,
    "rotation": [
      [
        -0.480272919,
        0.838160336,
        0.258505821
      ],
      [
        0.409515142,
        -0.0463540033,
        0.911124945
      ],
      [
        0.7756516,
        0.543450654,
        -0.320976764
      ]
    ],
    "translation": [
      1.94120347,
      1.11016941,
      -0.5967274
    ]
  },
  {
    "timeStamp": 25497,
    "rotation": [
      [
        -0.3969981,
        0.888050139,
        0.231860772
      ],
      [
        0.418952435,
        -0.0494295955,
        0.906661749
      ],
      [
        0.81662184,
        0.457081676,
        -0.3524273
      ]
    ],
    "translation": [
      1.97010279,
      1.12520516,
      -0.6168613
    ]
  },
  {
    "timeStamp": 25549,
    "rotation": [
      [
        -0.333468944,
        0.934259832,
        0.1263208
      ],
      [
        0.412590027,
        0.0241460279,
        0.9105967
      ],
      [
        0.847683847,
        0.355774432,
        -0.393518269
      ]
    ],
    "translation": [
      2.01848483,
      1.13078654,
      -0.638903141
    ]
  },
  {
    "timeStamp": 25593,
    "rotation": [
      [
        -0.2624201,
        0.961774,
        0.07827173
      ],
      [
        0.40854758,
        0.03725316,
        0.911976457
      ],
      [
        0.8741994,
        0.271298677,
        -0.402706444
      ]
    ],
    "translation": [
      2.05438685,
      1.12816572,
      -0.659189045
    ]
  },
  {
    "timeStamp": 25649,
    "rotation": [
      [
        -0.188755125,
        0.981371939,
        0.03578604
      ],
      [
        0.397753745,
        0.04308342,
        0.9164801
      ],
      [
        0.8978661,
        0.187224343,
        -0.398476571
      ]
    ],
    "translation": [
      2.08238316,
      1.11388278,
      -0.684972763
    ]
  },
  {
    "timeStamp": 25693,
    "rotation": [
      [
        -0.134168655,
        0.9909277,
        -0.007814579
      ],
      [
        0.380451918,
        0.0587903969,
        0.9229301
      ],
      [
        0.9150164,
        0.12085522,
        -0.384888172
      ]
    ],
    "translation": [
      2.111348,
      1.09455729,
      -0.702747
    ]
  },
  {
    "timeStamp": 25748,
    "rotation": [
      [
        -0.0780417547,
        0.996158,
        -0.0397320464
      ],
      [
        0.366115183,
        0.0657058656,
        0.928247
      ],
      [
        0.9272913,
        0.0578955226,
        -0.3698364
      ]
    ],
    "translation": [
      2.12647367,
      1.06616116,
      -0.7187794
    ]
  },
  {
    "timeStamp": 25793,
    "rotation": [
      [
        -0.0320238322,
        0.997395,
        -0.06463491
      ],
      [
        0.348812521,
        0.07175478,
        0.934441566
      ],
      [
        0.9366452,
        0.007378928,
        -0.350201726
      ]
    ],
    "translation": [
      2.15024638,
      1.042452,
      -0.7312234
    ]
  },
  {
    "timeStamp": 25848,
    "rotation": [
      [
        0.0200576019,
        0.996197641,
        -0.0847821757
      ],
      [
        0.338245,
        0.0730376244,
        0.9382195
      ],
      [
        0.9408443,
        -0.0474955849,
        -0.3354939
      ]
    ],
    "translation": [
      2.1618638,
      1.0136807,
      -0.738250256
    ]
  },
  {
    "timeStamp": 25894,
    "rotation": [
      [
        0.0516359024,
        0.9955236,
        -0.07916181
      ],
      [
        0.3179273,
        0.0587568022,
        0.9462927
      ],
      [
        0.946707964,
        -0.07403038,
        -0.313470125
      ]
    ],
    "translation": [
      2.17759943,
      0.98828423,
      -0.746890068
    ]
  },
  {
    "timeStamp": 25949,
    "rotation": [
      [
        0.09969528,
        0.993921757,
        -0.0466958471
      ],
      [
        0.288743854,
        0.0160115771,
        0.95727247
      ],
      [
        0.9522016,
        -0.1089187,
        -0.2853925
      ]
    ],
    "translation": [
      2.174932,
      0.9570166,
      -0.750286162
    ]
  },
  {
    "timeStamp": 25993,
    "rotation": [
      [
        0.0950335339,
        0.992356956,
        -0.07871629
      ],
      [
        0.240046144,
        0.05389638,
        0.96926415
      ],
      [
        0.966098547,
        -0.111008152,
        -0.233089492
      ]
    ],
    "translation": [
      2.19216466,
      0.928345859,
      -0.761834264
    ]
  },
  {
    "timeStamp": 26045,
    "rotation": [
      [
        0.130896434,
        0.9908304,
        -0.0334855
      ],
      [
        0.21744822,
        0.004259806,
        0.976062536
      ],
      [
        0.9672551,
        -0.13504447,
        -0.214896724
      ]
    ],
    "translation": [
      2.1905458,
      0.9064502,
      -0.7635186
    ]
  },
  {
    "timeStamp": 26099,
    "rotation": [
      [
        0.140078545,
        0.988512337,
        -0.0567577
      ],
      [
        0.166223064,
        0.0330318622,
        0.9855348
      ],
      [
        0.9760881,
        -0.147486717,
        -0.159686491
      ]
    ],
    "translation": [
      2.20612264,
      0.873280644,
      -0.772399068
    ]
  },
  {
    "timeStamp": 26144,
    "rotation": [
      [
        0.165716186,
        0.986173451,
        0.000166210666
      ],
      [
        0.151283145,
        -0.0255881026,
        0.988159239
      ],
      [
        0.974500656,
        -0.163728833,
        -0.153431788
      ]
    ],
    "translation": [
      2.197998,
      0.8564576,
      -0.7686854
    ]
  },
  {
    "timeStamp": 26199,
    "rotation": [
      [
        0.1358844,
        0.990433455,
        -0.0240216665
      ],
      [
        0.112616144,
        0.008647903,
        0.993600965
      ],
      [
        0.984303355,
        -0.1377201,
        -0.110363677
      ]
    ],
    "translation": [
      2.200872,
      0.83241266,
      -0.771658063
    ]
  },
  {
    "timeStamp": 26244,
    "rotation": [
      [
        0.141747132,
        0.9897939,
        0.0146887153
      ],
      [
        0.0942261145,
        -0.0282621961,
        0.995149553
      ],
      [
        0.985408068,
        -0.139675528,
        -0.09727052
      ]
    ],
    "translation": [
      2.19207478,
      0.816404462,
      -0.7680567
    ]
  },
  {
    "timeStamp": 26299,
    "rotation": [
      [
        0.124299526,
        0.99224335,
        0.00167306291
      ],
      [
        0.0673357546,
        -0.01011746,
        0.997679055
      ],
      [
        0.989957333,
        -0.123898372,
        -0.06807105
      ]
    ],
    "translation": [
      2.19278264,
      0.7971647,
      -0.76671195
    ]
  },
  {
    "timeStamp": 26344,
    "rotation": [
      [
        0.123877704,
        0.99224174,
        0.010519
      ],
      [
        0.057898663,
        -0.0178102124,
        0.9981636
      ],
      [
        0.9906069,
        -0.123041175,
        -0.05965576
      ]
    ],
    "translation": [
      2.19037127,
      0.7849186,
      -0.7613418
    ]
  },
  {
    "timeStamp": 26399,
    "rotation": [
      [
        0.100436404,
        0.99494344,
        0.000376411364
      ],
      [
        0.03242497,
        -0.0036513214,
        0.9994675
      ],
      [
        0.994415,
        -0.100370713,
        -0.0326277353
      ]
    ],
    "translation": [
      2.18888116,
      0.768493533,
      -0.761772633
    ]
  },
  {
    "timeStamp": 26443,
    "rotation": [
      [
        0.0861883238,
        0.996267855,
        -0.00468457676
      ],
      [
        0.0171275325,
        0.003219688,
        0.9998481
      ],
      [
        0.9961316,
        -0.0862554759,
        -0.01678611
      ]
    ],
    "translation": [
      2.18648553,
      0.757378,
      -0.761021554
    ]
  },
  {
    "timeStamp": 26500,
    "rotation": [
      [
        0.07792767,
        0.9966937,
        0.0229985062
      ],
      [
        0.00672590034,
        -0.0235937256,
        0.999699
      ],
      [
        0.996936262,
        -0.07774953,
        -0.008542267
      ]
    ],
    "translation": [
      2.17669344,
      0.747959137,
      -0.7592884
    ]
  },
  {
    "timeStamp": 26546,
    "rotation": [
      [
        0.06726751,
        0.9968473,
        0.042077776
      ],
      [
        0.0118895993,
        -0.04297119,
        0.999005556
      ],
      [
        0.997664154,
        -0.0667003244,
        -0.0147426808
      ]
    ],
    "translation": [
      2.16865778,
      0.743440747,
      -0.7538083
    ]
  },
  {
    "timeStamp": 26591,
    "rotation": [
      [
        0.0514064,
        0.9978064,
        0.0417117178
      ],
      [
        0.0118218167,
        -0.0423720069,
        0.999031961
      ],
      [
        0.9986079,
        -0.0508635268,
        -0.0139740752
      ]
    ],
    "translation": [
      2.166908,
      0.7394483,
      -0.7499346
    ]
  },
  {
    "timeStamp": 26648,
    "rotation": [
      [
        0.0482345261,
        0.997395337,
        0.0536278673
      ],
      [
        0.0139653422,
        -0.05435854,
        0.9984238
      ],
      [
        0.9987384,
        -0.047409568,
        -0.0165509246
      ]
    ],
    "translation": [
      2.16352439,
      0.7365624,
      -0.7455664
    ]
  },
  {
    "timeStamp": 26693,
    "rotation": [
      [
        0.04291548,
        0.997617543,
        0.0540130734
      ],
      [
        0.006013507,
        -0.0543198362,
        0.9985055
      ],
      [
        0.9990606,
        -0.042526532,
        -0.008330342
      ]
    ],
    "translation": [
      2.16149974,
      0.7331575,
      -0.7456328
    ]
  },
  {
    "timeStamp": 26749,
    "rotation": [
      [
        0.0389094166,
        0.9973277,
        0.06183495
      ],
      [
        -0.006654554,
        -0.06162181,
        0.9980774
      ],
      [
        0.9992206,
        -0.0392460935,
        0.00423910236
      ]
    ],
    "translation": [
      2.15796757,
      0.727486849,
      -0.7479751
    ]
  },
  {
    "timeStamp": 26793,
    "rotation": [
      [
        0.04155392,
        0.9971174,
        0.0634846
      ],
      [
        -0.008775873,
        -0.06317279,
        0.997964
      ],
      [
        0.999097764,
        -0.0420264453,
        0.00612549856
      ]
    ],
    "translation": [
      2.15729332,
      0.724761844,
      -0.748418033
    ]
  },
  {
    "timeStamp": 26849,
    "rotation": [
      [
        0.039644,
        0.997542262,
        0.0577736571
      ],
      [
        -0.008586277,
        -0.0574768819,
        0.9983099
      ],
      [
        0.999177,
        -0.04007306,
        0.006286561
      ]
    ],
    "translation": [
      2.15734768,
      0.724533439,
      -0.748491347
    ]
  },
  {
    "timeStamp": 26893,
    "rotation": [
      [
        0.0422525331,
        0.997403741,
        0.0583138727
      ],
      [
        -0.009271348,
        -0.0579720624,
        0.998275161
      ],
      [
        0.9990639,
        -0.0427203,
        0.006797811
      ]
    ],
    "translation": [
      2.15725374,
      0.7245935,
      -0.7483887
    ]
  },
  {
    "timeStamp": 26949,
    "rotation": [
      [
        0.0399314575,
        0.99774766,
        0.0538993143
      ],
      [
        -0.0104257772,
        -0.05352336,
        0.998512149
      ],
      [
        0.9991481,
        -0.0404339954,
        0.008265028
      ]
    ],
    "translation": [
      2.15733075,
      0.72450006,
      -0.7484738
    ]
  }
]