[
  {
    "timeStamp": 11513,
    "rotation": [
      [
        0.9999939,
        -0.000330287643,
        -0.0034720297
      ],
      [
        0.00347274984,
        0.002205958,
        0.999991536
      ],
      [
        -0.00032262507,
        -0.9999975,
        0.00220709154
      ]
    ],
    "translation": [
      1.46200764,
      0.7046904,
      -0.229989469
    ]
  },
  {
    "timeStamp": 11557,
    "rotation": [
      [
        0.9987955,
        -0.0252117123,
        0.04209392
      ],
      [
        -0.04194242,
        0.006508218,
        0.999098837
      ],
      [
        -0.0254629478,
        -0.999660969,
        0.005442939
      ]
    ],
    "translation": [
      1.45364273,
      0.7088397,
      -0.231290951
    ]
  },
  {
    "timeStamp": 11604,
    "rotation": [
      [
        0.9973076,
        -0.04110489,
        0.0607285425
      ],
      [
        -0.0606185868,
        0.00391723774,
        0.9981533
      ],
      [
        -0.04126687,
        -0.9991471,
        0.00141497084
      ]
    ],
    "translation": [
      1.4504813,
      0.7150986,
      -0.236088857
    ]
  },
  {
    "timeStamp": 11657,
    "rotation": [
      [
        0.9906085,
        -0.0360731632,
        0.131884456
      ],
      [
        -0.133280084,
        -0.03948403,
        0.9902916
      ],
      [
        -0.0305156242,
        -0.998568833,
        -0.04392105
      ]
    ],
    "translation": [
      1.44114637,
      0.741477668,
      -0.240486264
    ]
  },
  {
    "timeStamp": 11713,
    "rotation": [
      [
        0.9730154,
        -0.0276653282,
        0.229075566
      ],
      [
        -0.230738327,
        -0.120533668,
        0.965521336
      ],
      [
        0.000899856444,
        -0.992323637,
        -0.123664565
      ]
    ],
    "translation": [
      1.4316746,
      0.787769258,
      -0.246835545
    ]
  },
  {
    "timeStamp": 11757,
    "rotation": [
      [
        0.9559537,
        -0.00709716836,
        0.29343155
      ],
      [
        -0.289270848,
        -0.1922183,
        0.9377497
      ],
      [
        0.0497475564,
        -0.9813265,
        -0.1858048
      ]
    ],
    "translation": [
      1.43121529,
      0.8295033,
      -0.260877371
    ]
  },
  {
    "timeStamp": 11813,
    "rotation": [
      [
        0.9419913,
        -0.0151677839,
        0.3352943
      ],
      [
        -0.326478869,
        -0.273180038,
        0.904866934
      ],
      [
        0.0778709054,
        -0.9618434,
        -0.262285173
      ]
    ],
    "translation": [
      1.45159936,
      0.87905,
      -0.283821523
    ]
  },
  {
    "timeStamp": 11857,
    "rotation": [
      [
        0.932676256,
        -0.0157123785,
        0.360372216
      ],
      [
        -0.34473443,
        -0.332894057,
        0.877689958
      ],
      [
        0.106175192,
        -0.9428333,
        -0.315898985
      ]
    ],
    "translation": [
      1.47593641,
      0.915908933,
      -0.306200981
    ]
  },
  {
    "timeStamp": 11913,
    "rotation": [
      [
        0.9296163,
        -0.06503219,
        0.362745583
      ],
      [
        -0.3578201,
        -0.39483732,
        0.846208155
      ],
      [
        0.08819473,
        -0.9164465,
        -0.390317053
      ]
    ],
    "translation": [
      1.524252,
      0.9583057,
      -0.330923
    ]
  },
  {
    "timeStamp": 11957,
    "rotation": [
      [
        0.9269875,
        -0.140940487,
        0.347606033
      ],
      [
        -0.373461783,
        -0.433113456,
        0.820328653
      ],
      [
        0.0349353068,
        -0.890252,
        -0.454126656
      ]
    ],
    "translation": [
      1.57671726,
      0.9889945,
      -0.348302364
    ]
  },
  {
    "timeStamp": 12013,
    "rotation": [
      [
        0.9188125,
        -0.247899592,
        0.307130724
      ],
      [
        -0.390251845,
        -0.45417273,
        0.800893664
      ],
      [
        -0.0590508319,
        -0.855729461,
        -0.514042854
      ]
    ],
    "translation": [
      1.6511209,
      1.01809669,
      -0.372661233
    ]
  },
  {
    "timeStamp": 12057,
    "rotation": [
      [
        0.9192899,
        -0.294573545,
        0.261022121
      ],
      [
        -0.3749518,
        -0.453848034,
        0.808352053
      ],
      [
        -0.119654737,
        -0.8409806,
        -0.527668834
      ]
    ],
    "translation": [
      1.711056,
      1.02696431,
      -0.398837239
    ]
  },
  {
    "timeStamp": 12113,
    "rotation": [
      [
        0.906656146,
        -0.375074029,
        0.193116933
      ],
      [
        -0.360375464,
        -0.450596243,
        0.8167573
      ],
      [
        -0.21932669,
        -0.810112655,
        -0.5437033
      ]
    ],
    "translation": [
      1.78804886,
      1.037048,
      -0.430512428
    ]
  },
  {
    "timeStamp": 12157,
    "rotation": [
      [
        0.9001311,
        -0.417774975,
        0.123402059
      ],
      [
        -0.324822873,
        -0.4549388,
        0.829168737
      ],
      [
        -0.29026556,
        -0.7864444,
        -0.545207441
      ]
    ],
    "translation": [
      1.85474241,
      1.03750575,
      -0.458497345
    ]
  },
  {
    "timeStamp": 12213,
    "rotation": [
      [
        0.8719524,
        -0.488871664,
        0.02652469
      ],
      [
        -0.278413147,
        -0.45055607,
        0.8482248
      ],
      [
        -0.4027222,
        -0.746996462,
        -0.528971732
      ]
    ],
    "translation": [
      1.93135762,
      1.03175044,
      -0.4941242
    ]
  },
  {
    "timeStamp": 12257,
    "rotation": [
      [
        0.838136554,
        -0.543452144,
        -0.0467635654
      ],
      [
        -0.24509646,
        -0.451810479,
        0.8577849
      ],
      [
        -0.487293333,
        -0.7074793,
        -0.5118771
      ]
    ],
    "translation": [
      1.98960876,
      1.02476227,
      -0.5207014
    ]
  },
  {
    "timeStamp": 12313,
    "rotation": [
      [
        0.786969364,
        -0.60715884,
        -0.109714627
      ],
      [
        -0.21816282,
        -0.440165,
        0.8710108
      ],
      [
        -0.57713443,
        -0.661523163,
        -0.4788559
      ]
    ],
    "translation": [
      2.051148,
      1.00629449,
      -0.550536036
    ]
  },
  {
    "timeStamp": 12357,
    "rotation": [
      [
        0.7560796,
        -0.6346891,
        -0.159729078
      ],
      [
        -0.170409843,
        -0.426548034,
        0.888266444
      ],
      [
        -0.631905138,
        -0.644380748,
        -0.4306615
      ]
    ],
    "translation": [
      2.093599,
      0.9801237,
      -0.5723889
    ]
  },
  {
    "timeStamp": 12410,
    "rotation": [
      [
        0.7084726,
        -0.693421841,
        -0.13127321
      ],
      [
        -0.170099556,
        -0.348303229,
        0.9218194
      ],
      [
        -0.6849326,
        -0.6307543,
        -0.364714026
      ]
    ],
    "translation": [
      2.12924027,
      0.9352039,
      -0.5917848
    ]
  },
  {
    "timeStamp": 12463,
    "rotation": [
      [
        0.6870185,
        -0.7124026,
        -0.143136919
      ],
      [
        -0.105114296,
        -0.2923482,
        0.9505175
      ],
      [
        -0.718996942,
        -0.637977362,
        -0.2757323
      ]
    ],
    "translation": [
      2.15550518,
      0.882949948,
      -0.613736749
    ]
  },
  {
    "timeStamp": 12507,
    "rotation": [
      [
        0.6683881,
        -0.736645341,
        -0.103009671
      ],
      [
        -0.104004346,
        -0.2296857,
        0.9676919
      ],
      [
        -0.736505568,
        -0.6360803,
        -0.2301335
      ]
    ],
    "translation": [
      2.15999627,
      0.8476712,
      -0.6195228
    ]
  },
  {
    "timeStamp": 12563,
    "rotation": [
      [
        0.672246039,
        -0.7380933,
        -0.0574758
      ],
      [
        -0.09455125,
        -0.162596881,
        0.982151866
      ],
      [
        -0.734265149,
        -0.6548133,
        -0.179092765
      ]
    ],
    "translation": [
      2.159692,
      0.81213063,
      -0.6231894
    ]
  },
  {
    "timeStamp": 12607,
    "rotation": [
      [
        0.6716255,
        -0.7384063,
        -0.0606234558
      ],
      [
        -0.06291535,
        -0.138371721,
        0.988379955
      ],
      [
        -0.738214552,
        -0.66000706,
        -0.13939108
      ]
    ],
    "translation": [
      2.16599441,
      0.7898617,
      -0.6240319
    ]
  },
  {
    "timeStamp": 12663,
    "rotation": [
      [
        0.673140466,
        -0.73899585,
        -0.0276967026
      ],
      [
        -0.07806299,
        -0.108249985,
        0.991054058
      ],
      [
        -0.735383,
        -0.6649565,
        -0.130555674
      ]
    ],
    "translation": [
      2.16243434,
      0.7748462,
      -0.6146997
    ]
  },
  {
    "timeStamp": 12707,
    "rotation": [
      [
        0.669925749,
        -0.7410731,
        -0.0448354632
      ],
      [
        -0.0646318346,
        -0.118374765,
        0.9908633
      ],
      [
        -0.7396095,
        -0.66090703,
        -0.127199218
      ]
    ],
    "translation": [
      2.16653585,
      0.769893765,
      -0.6056969
    ]
  },
  {
    "timeStamp": 12763,
    "rotation": [
      [
        0.6512852,
        -0.7567408,
        -0.0563116744
      ],
      [
        -0.0505052246,
        -0.1172714,
        0.9918148
      ],
      [
        -0.7571505,
        -0.6431102,
        -0.114596486
      ]
    ],
    "translation": [
      2.169577,
      0.7610367,
      -0.5995458
    ]
  },
  {
    "timeStamp": 12808,
    "rotation": [
      [
        0.6274571,
        -0.7775211,
        -0.0419356525
      ],
      [
        -0.0620833747,
        -0.103641108,
        0.992675245
      ],
      [
        -0.776172161,
        -0.6202576,
        -0.113301478
      ]
    ],
    "translation": [
      2.168768,
      0.758393764,
      -0.5908351
    ]
  },
  {
    "timeStamp": 12854,
    "rotation": [
      [
        0.6106891,
        -0.789983869,
        -0.054629866
      ],
      [
        -0.040920388,
        -0.100378752,
        0.9941074
      ],
      [
        -0.7908125,
        -0.604855061,
        -0.0936266556
      ]
    ],
    "translation": [
      2.17227268,
      0.7536274,
      -0.5879252
    ]
  },
  {
    "timeStamp": 12911,
    "rotation": [
      [
        0.5802662,
        -0.8121675,
        -0.06062308
      ],
      [
        -0.0379981957,
        -0.101353429,
        0.994124532
      ],
      [
        -0.81354,
        -0.574553251,
        -0.08967286
      ]
    ],
    "translation": [
      2.17377472,
      0.749672055,
      -0.5811667
    ]
  },
  {
    "timeStamp": 12956,
    "rotation": [
      [
        0.5605837,
        -0.8253851,
        -0.0669724
      ],
      [
        -0.0313492566,
        -0.101969481,
        0.994293451
      ],
      [
        -0.8275041,
        -0.555285156,
        -0.0830376446
      ]
    ],
    "translation": [
      2.17565584,
      0.746204555,
      -0.5772832
    ]
  },
  {
    "timeStamp": 13012,
    "rotation": [
      [
        0.5450705,
        -0.835775733,
        -0.06615947
      ],
      [
        -0.0251766779,
        -0.09519423,
        0.9951403
      ],
      [
        -0.8380121,
        -0.540756,
        -0.07292962
      ]
    ],
    "translation": [
      2.174861,
      0.739738941,
      -0.5734805
    ]
  },
  {
    "timeStamp": 13057,
    "rotation": [
      [
        0.539082,
        -0.839960933,
        -0.06209868
      ],
      [
        -0.0315286331,
        -0.09380244,
        0.9950915
      ],
      [
        -0.841662943,
        -0.534478068,
        -0.07705003
      ]
    ],
    "translation": [
      2.17304659,
      0.7363471,
      -0.5686743
    ]
  },
  {
    "timeStamp": 13112,
    "rotation": [
      [
        0.531752348,
        -0.844737649,
        -0.0604792
      ],
      [
        -0.03484239,
        -0.09317302,
        0.9950401
      ],
      [
        -0.8461829,
        -0.5270077,
        -0.07897765
      ]
    ],
    "translation": [
      2.17364883,
      0.7342794,
      -0.5639502
    ]
  },
  {
    "timeStamp": 13157,
    "rotation": [
      [
        0.5206283,
        -0.8515709,
        -0.0614259057
      ],
      [
        -0.0306755044,
        -0.09055621,
        0.9954188
      ],
      [
        -0.853232145,
        -0.5163589,
        -0.0732684955
      ]
    ],
    "translation": [
      2.17380428,
      0.7333208,
      -0.5608739
    ]
  },
  {
    "timeStamp": 13212,
    "rotation": [
      [
        0.5084559,
        -0.8594909,
        -0.05242195
      ],
      [
        -0.03390454,
        -0.08081437,
        0.996152341
      ],
      [
        -0.8604203,
        -0.5047221,
        -0.0702311844
      ]
    ],
    "translation": [
      2.17346168,
      0.7315531,
      -0.5569128
    ]
  },
  {
    "timeStamp": 13257,
    "rotation": [
      [
        0.4837095,
        -0.874286234,
        -0.040603403
      ],
      [
        -0.039423205,
        -0.06810911,
        0.996898651
      ],
      [
        -0.874340236,
        -0.480608642,
        -0.06741219
      ]
    ],
    "translation": [
      2.17355919,
      0.7317723,
      -0.554988
    ]
  }
]