[
  {
    "timeStamp": 21719,
    "rotation": [
      [
        0.9995422,
        -0.0300710835,
        0.00335915177
      ],
      [
        -0.004546523,
        -0.0395046063,
        0.999209046
      ],
      [
        -0.029914597,
        -0.99876684,
        -0.03962324
      ]
    ],
    "translation": [
      1.15278876,
      0.702761948,
      -0.6185946
    ]
  },
  {
    "timeStamp": 21764,
    "rotation": [
      [
        0.9908566,
        -0.113664664,
        0.0726875961
      ],
      [
        -0.08146035,
        -0.07453848,
        0.9938854
      ],
      [
        -0.107551612,
        -0.9907191,
        -0.08311611
      ]
    ],
    "translation": [
      1.1454308,
      0.72102946,
      -0.5972089
    ]
  },
  {
    "timeStamp": 21819,
    "rotation": [
      [
        0.970335066,
        -0.17572248,
        0.166046485
      ],
      [
        -0.176114619,
        -0.04323168,
        0.9834199
      ],
      [
        -0.165630519,
        -0.98349,
        -0.07289652
      ]
    ],
    "translation": [
      1.139725,
      0.7585865,
      -0.5917521
    ]
  },
  {
    "timeStamp": 21865,
    "rotation": [
      [
        0.9488921,
        -0.194834143,
        0.248280883
      ],
      [
        -0.260563552,
        -0.0397545658,
        0.9646379
      ],
      [
        -0.1780741,
        -0.980030239,
        -0.08848947
      ]
    ],
    "translation": [
      1.14165437,
      0.7982068,
      -0.590076745
    ]
  },
  {
    "timeStamp": 21919,
    "rotation": [
      [
        0.90305233,
        -0.248075917,
        0.3506491
      ],
      [
        -0.3694052,
        -0.0319998227,
        0.9287173
      ],
      [
        -0.219171688,
        -0.9682119,
        -0.120538063
      ]
    ],
    "translation": [
      1.15969968,
      0.850275,
      -0.5825754
    ]
  },
  {
    "timeStamp": 21964,
    "rotation": [
      [
        0.872305751,
        -0.282086164,
        0.399387151
      ],
      [
        -0.4210047,
        -0.017894635,
        0.9068819
      ],
      [
        -0.248671949,
        -0.959222138,
        -0.1343692
      ]
    ],
    "translation": [
      1.18404436,
      0.886167169,
      -0.5777068
    ]
  },
  {
    "timeStamp": 22019,
    "rotation": [
      [
        0.819177866,
        -0.336811781,
        0.46422565
      ],
      [
        -0.498211652,
        -0.0168966856,
        0.8668908
      ],
      [
        -0.284135133,
        -0.9414204,
        -0.181644931
      ]
    ],
    "translation": [
      1.227287,
      0.931958437,
      -0.5714354
    ]
  },
  {
    "timeStamp": 22063,
    "rotation": [
      [
        0.771962762,
        -0.386433184,
        0.5047205
      ],
      [
        -0.5572575,
        -0.0293843113,
        0.8298196
      ],
      [
        -0.305838972,
        -0.9218492,
        -0.238026381
      ]
    ],
    "translation": [
      1.2698344,
      0.9674019,
      -0.564496636
    ]
  },
  {
    "timeStamp": 22119,
    "rotation": [
      [
        0.7017988,
        -0.495538235,
        0.5117815
      ],
      [
        -0.6037426,
        -0.03241231,
        0.7965201
      ],
      [
        -0.378118128,
        -0.8679812,
        -0.321924448
      ]
    ],
    "translation": [
      1.33576679,
      1.0026046,
      -0.5489547
    ]
  },
  {
    "timeStamp": 22164,
    "rotation": [
      [
        0.6286847,
        -0.599689066,
        0.495104551
      ],
      [
        -0.64357847,
        -0.0438338853,
        0.7641239
      ],
      [
        -0.436534435,
        -0.7990316,
        -0.41350466
      ]
    ],
    "translation": [
      1.39933169,
      1.0289284,
      -0.5297332
    ]
  },
  {
    "timeStamp": 22219,
    "rotation": [
      [
        0.5396984,
        -0.7298307,
        0.419610351
      ],
      [
        -0.669795156,
        -0.07029974,
        0.739210665
      ],
      [
        -0.510000169,
        -0.6800038,
        -0.5267777
      ]
    ],
    "translation": [
      1.49016392,
      1.05117464,
      -0.5097122
    ]
  },
  {
    "timeStamp": 22263,
    "rotation": [
      [
        0.473745823,
        -0.81571,
        0.331936747
      ],
      [
        -0.68613106,
        -0.105591819,
        0.719773948
      ],
      [
        -0.552077,
        -0.568742037,
        -0.609707654
      ]
    ],
    "translation": [
      1.57375431,
      1.06512535,
      -0.496075571
    ]
  },
  {
    "timeStamp": 22319,
    "rotation": [
      [
        0.425753444,
        -0.8879649,
        0.17393212
      ],
      [
        -0.692996442,
        -0.196396664,
        0.6936745
      ],
      [
        -0.5817989,
        -0.41586864,
        -0.69897306
      ]
    ],
    "translation": [
      1.68061626,
      1.07735586,
      -0.492139667
    ]
  },
  {
    "timeStamp": 22363,
    "rotation": [
      [
        0.379597425,
        -0.9227312,
        0.06687952
      ],
      [
        -0.6798288,
        -0.229178563,
        0.6966419
      ],
      [
        -0.6274859,
        -0.309910119,
        -0.714294851
      ]
    ],
    "translation": [
      1.7700491,
      1.08095527,
      -0.4969799
    ]
  },
  {
    "timeStamp": 22419,
    "rotation": [
      [
        0.355884761,
        -0.9328424,
        -0.05613522
      ],
      [
        -0.65783453,
        -0.292727083,
        0.6939485
      ],
      [
        -0.6637769,
        -0.210038,
        -0.717833042
      ]
    ],
    "translation": [
      1.8689388,
      1.08301592,
      -0.5148672
    ]
  },
  {
    "timeStamp": 22464,
    "rotation": [
      [
        0.366512448,
        -0.918024063,
        -0.151328817
      ],
      [
        -0.607175,
        -0.359236062,
        0.7087228
      ],
      [
        -0.704987347,
        -0.167872638,
        -0.689065754
      ]
    ],
    "translation": [
      1.94248044,
      1.07574356,
      -0.53548044
    ]
  },
  {
    "timeStamp": 22519,
    "rotation": [
      [
        0.3494756,
        -0.9123196,
        -0.213400379
      ],
      [
        -0.5384234,
        -0.381949365,
        0.7511424
      ],
      [
        -0.7667901,
        -0.147606179,
        -0.624696255
      ]
    ],
    "translation": [
      2.02109742,
      1.0594629,
      -0.562262654
    ]
  },
  {
    "timeStamp": 22564,
    "rotation": [
      [
        0.372254372,
        -0.899720132,
        -0.227882385
      ],
      [
        -0.458900541,
        -0.3918384,
        0.797416449
      ],
      [
        -0.8067447,
        -0.1922664,
        -0.558745563
      ]
    ],
    "translation": [
      2.0689342,
      1.03443182,
      -0.585985541
    ]
  },
  {
    "timeStamp": 22619,
    "rotation": [
      [
        0.4790868,
        -0.833662,
        -0.274742663
      ],
      [
        -0.266943038,
        -0.43655327,
        0.85916394
      ],
      [
        -0.836192131,
        -0.338273466,
        -0.431687176
      ]
    ],
    "translation": [
      2.1080966,
      0.982441366,
      -0.615142047
    ]
  },
  {
    "timeStamp": 22668,
    "rotation": [
      [
        0.569009542,
        -0.786722064,
        -0.239367038
      ],
      [
        -0.197242871,
        -0.41315794,
        0.8890421
      ],
      [
        -0.79832536,
        -0.45866,
        -0.39026612
      ]
    ],
    "translation": [
      2.12149024,
      0.9472322,
      -0.632832468
    ]
  },
  {
    "timeStamp": 22714,
    "rotation": [
      [
        0.655542433,
        -0.7250635,
        -0.211061627
      ],
      [
        -0.145952716,
        -0.395873547,
        0.9066322
      ],
      [
        -0.74091965,
        -0.563530862,
        -0.3653369
      ]
    ],
    "translation": [
      2.12925434,
      0.9089374,
      -0.6448871
    ]
  },
  {
    "timeStamp": 22769,
    "rotation": [
      [
        0.7625065,
        -0.631704748,
        -0.13976033
      ],
      [
        -0.119379528,
        -0.3496843,
        0.9292306
      ],
      [
        -0.635871351,
        -0.691859841,
        -0.342049181
      ]
    ],
    "translation": [
      2.120158,
      0.8748949,
      -0.654020131
    ]
  },
  {
    "timeStamp": 22814,
    "rotation": [
      [
        0.8245345,
        -0.5596787,
        -0.0830825
      ],
      [
        -0.1354259,
        -0.3377812,
        0.931431
      ],
      [
        -0.5493658,
        -0.7567454,
        -0.3543072
      ]
    ],
    "translation": [
      2.10743141,
      0.8564403,
      -0.653571069
    ]
  },
  {
    "timeStamp": 22869,
    "rotation": [
      [
        0.8950921,
        -0.439781636,
        -0.07349975
      ],
      [
        -0.0830179,
        -0.326335,
        0.9416016
      ],
      [
        -0.4380846,
        -0.8367183,
        -0.328609645
      ]
    ],
    "translation": [
      2.10234451,
      0.827605963,
      -0.655519545
    ]
  },
  {
    "timeStamp": 22914,
    "rotation": [
      [
        0.925169468,
        -0.37509346,
        -0.0580200851
      ],
      [
        -0.06722784,
        -0.312389761,
        0.9475722
      ],
      [
        -0.373553,
        -0.8727643,
        -0.3142302
      ]
    ],
    "translation": [
      2.10085917,
      0.8106283,
      -0.6504082
    ]
  },
  {
    "timeStamp": 22969,
    "rotation": [
      [
        0.948816538,
        -0.3153262,
        -0.0177932251
      ],
      [
        -0.0675815642,
        -0.2577409,
        0.9638477
      ],
      [
        -0.308512479,
        -0.913312137,
        -0.265859067
      ]
    ],
    "translation": [
      2.095488,
      0.7919254,
      -0.649491
    ]
  },
  {
    "timeStamp": 23014,
    "rotation": [
      [
        0.967862964,
        -0.249899983,
        0.0281312279
      ],
      [
        -0.08507392,
        -0.220100358,
        0.9717604
      ],
      [
        -0.236651212,
        -0.9429241,
        -0.234286949
      ]
    ],
    "translation": [
      2.08967614,
      0.779849648,
      -0.6502885
    ]
  },
  {
    "timeStamp": 23070,
    "rotation": [
      [
        0.9768539,
        -0.213521674,
        0.0128400344
      ],
      [
        -0.0532522425,
        -0.18461296,
        0.9813675
      ],
      [
        -0.2071728,
        -0.9593365,
        -0.1917104
      ]
    ],
    "translation": [
      2.091079,
      0.7618432,
      -0.6464004
    ]
  },
  {
    "timeStamp": 23115,
    "rotation": [
      [
        0.9787339,
        -0.202993557,
        0.0295551326
      ],
      [
        -0.06309519,
        -0.160805941,
        0.984967232
      ],
      [
        -0.195189357,
        -0.965885639,
        -0.170194149
      ]
    ],
    "translation": [
      2.089551,
      0.7538466,
      -0.6417321
    ]
  },
  {
    "timeStamp": 23172,
    "rotation": [
      [
        0.9840767,
        -0.175226,
        0.0298153739
      ],
      [
        -0.0589820445,
        -0.163687125,
        0.9847475
      ],
      [
        -0.167672992,
        -0.9708256,
        -0.17141588
      ]
    ],
    "translation": [
      2.08877659,
      0.7461261,
      -0.6341161
    ]
  },
  {
    "timeStamp": 23217,
    "rotation": [
      [
        0.984627068,
        -0.171639457,
        0.0323947631
      ],
      [
        -0.06271751,
        -0.174315035,
        0.9826906
      ],
      [
        -0.163021579,
        -0.969615459,
        -0.1824001
      ]
    ],
    "translation": [
      2.08797646,
      0.742573559,
      -0.6253011
    ]
  },
  {
    "timeStamp": 23274,
    "rotation": [
      [
        0.99087733,
        -0.131175265,
        0.0309061613
      ],
      [
        -0.05504167,
        -0.184578151,
        0.9812754
      ],
      [
        -0.123014472,
        -0.974024653,
        -0.190114409
      ]
    ],
    "translation": [
      2.08676934,
      0.7382909,
      -0.621582568
    ]
  },
  {
    "timeStamp": 23319,
    "rotation": [
      [
        0.9932044,
        -0.108260065,
        0.04271685
      ],
      [
        -0.0608878732,
        -0.170547843,
        0.9834664
      ],
      [
        -0.09918488,
        -0.9793841,
        -0.1759806
      ]
    ],
    "translation": [
      2.08370566,
      0.7366931,
      -0.6221874
    ]
  },
  {
    "timeStamp": 23364,
    "rotation": [
      [
        0.997089446,
        -0.0683686659,
        0.0337401554
      ],
      [
        -0.0458078943,
        -0.183463112,
        0.9819587
      ],
      [
        -0.06094512,
        -0.9806462,
        -0.186060965
      ]
    ],
    "translation": [
      2.08380175,
      0.7323582,
      -0.6227913
    ]
  }
]