[
  {
    "timeStamp": 44818,
    "rotation": [
      [
        0.9108527,
        -0.369025767,
        0.184843868
      ],
      [
        -0.1749241,
        0.0604838841,
        0.982722342
      ],
      [
        -0.373829961,
        -0.927449,
        -0.009459596
      ]
    ],
    "translation": [
      1.61187971,
      0.706411541,
      -0.3622165
    ]
  },
  {
    "timeStamp": 44864,
    "rotation": [
      [
        0.901983261,
        -0.391404539,
        0.182287425
      ],
      [
        -0.191808835,
        0.0150062423,
        0.9813176
      ],
      [
        -0.386827618,
        -0.920096338,
        -0.0615394637
      ]
    ],
    "translation": [
      1.62267733,
      0.719826639,
      -0.36191088
    ]
  },
  {
    "timeStamp": 44920,
    "rotation": [
      [
        0.9036724,
        -0.384304017,
        0.188909054
      ],
      [
        -0.227389887,
        -0.0568277165,
        0.972144246
      ],
      [
        -0.36286366,
        -0.9214559,
        -0.13874048
      ]
    ],
    "translation": [
      1.63771081,
      0.7501013,
      -0.3662622
    ]
  },
  {
    "timeStamp": 44964,
    "rotation": [
      [
        0.898136854,
        -0.395067543,
        0.193059012
      ],
      [
        -0.258245438,
        -0.118560158,
        0.9587767
      ],
      [
        -0.35589245,
        -0.9109693,
        -0.208507642
      ]
    ],
    "translation": [
      1.65821707,
      0.78218013,
      -0.376885474
    ]
  },
  {
    "timeStamp": 45020,
    "rotation": [
      [
        0.8911519,
        -0.402764559,
        0.208875656
      ],
      [
        -0.303846061,
        -0.187905416,
        0.934007049
      ],
      [
        -0.3369361,
        -0.89580816,
        -0.289830685
      ]
    ],
    "translation": [
      1.68920541,
      0.8292874,
      -0.40133673
    ]
  },
  {
    "timeStamp": 45064,
    "rotation": [
      [
        0.8955892,
        -0.404717922,
        0.1847253
      ],
      [
        -0.31047672,
        -0.271205127,
        0.9110719
      ],
      [
        -0.318628669,
        -0.873299,
        -0.3685439
      ]
    ],
    "translation": [
      1.7210772,
      0.871155858,
      -0.425505
    ]
  },
  {
    "timeStamp": 45120,
    "rotation": [
      [
        0.888366,
        -0.446006954,
        0.109011821
      ],
      [
        -0.292173564,
        -0.366000026,
        0.8835602
      ],
      [
        -0.354175657,
        -0.8167752,
        -0.455453455
      ]
    ],
    "translation": [
      1.7808404,
      0.9190865,
      -0.460778
    ]
  },
  {
    "timeStamp": 45164,
    "rotation": [
      [
        0.8738804,
        -0.485844076,
        0.0169884916
      ],
      [
        -0.262427568,
        -0.4420315,
        0.8577528
      ],
      [
        -0.409224659,
        -0.7540316,
        -0.513781548
      ]
    ],
    "translation": [
      1.84007263,
      0.9532539,
      -0.491321564
    ]
  },
  {
    "timeStamp": 45220,
    "rotation": [
      [
        0.836224258,
        -0.531188965,
        -0.136262059
      ],
      [
        -0.206918865,
        -0.535741031,
        0.8186368
      ],
      [
        -0.507851958,
        -0.656368732,
        -0.5579126
      ]
    ],
    "translation": [
      1.91855466,
      0.9866827,
      -0.533851147
    ]
  },
  {
    "timeStamp": 45264,
    "rotation": [
      [
        0.784590364,
        -0.569187,
        -0.2458541
      ],
      [
        -0.171742857,
        -0.5805273,
        0.7959224
      ],
      [
        -0.59575367,
        -0.582249343,
        -0.553229868
      ]
    ],
    "translation": [
      1.98520565,
      1.0025388,
      -0.5699539
    ]
  },
  {
    "timeStamp": 45320,
    "rotation": [
      [
        0.6898578,
        -0.6181402,
        -0.376827449
      ],
      [
        -0.1060661,
        -0.601202846,
        0.792026
      ],
      [
        -0.7161328,
        -0.5064167,
        -0.480308175
      ]
    ],
    "translation": [
      2.0639658,
      1.00199151,
      -0.61538136
    ]
  },
  {
    "timeStamp": 45370,
    "rotation": [
      [
        0.6303961,
        -0.670841634,
        -0.3906049
      ],
      [
        -0.0617429651,
        -0.544915557,
        0.8362146
      ],
      [
        -0.773814261,
        -0.503029346,
        -0.384932429
      ]
    ],
    "translation": [
      2.11402178,
      0.9763136,
      -0.647620738
    ]
  },
  {
    "timeStamp": 45414,
    "rotation": [
      [
        0.6024453,
        -0.7390174,
        -0.301517725
      ],
      [
        -0.0121590476,
        -0.3862196,
        0.922326744
      ],
      [
        -0.79806757,
        -0.551985264,
        -0.241661936
      ]
    ],
    "translation": [
      2.15296316,
      0.925645232,
      -0.678315759
    ]
  },
  {
    "timeStamp": 45470,
    "rotation": [
      [
        0.6670417,
        -0.723462045,
        -0.177926689
      ],
      [
        0.0101368092,
        -0.229985923,
        0.973141134
      ],
      [
        -0.744951367,
        -0.650929332,
        -0.14607662
      ]
    ],
    "translation": [
      2.15266037,
      0.873432636,
      -0.693495035
    ]
  },
  {
    "timeStamp": 45515,
    "rotation": [
      [
        0.7234511,
        -0.684292257,
        -0.09144683
      ],
      [
        -0.0298498366,
        -0.163339972,
        0.9861182
      ],
      [
        -0.6897299,
        -0.710678637,
        -0.1385945
      ]
    ],
    "translation": [
      2.141156,
      0.85083437,
      -0.6991997
    ]
  },
  {
    "timeStamp": 45570,
    "rotation": [
      [
        0.8138414,
        -0.565933347,
        -0.131839558
      ],
      [
        0.0462288447,
        -0.163107887,
        0.9855246
      ],
      [
        -0.579245269,
        -0.808155537,
        -0.1065815
      ]
    ],
    "translation": [
      2.123623,
      0.8311646,
      -0.7043544
    ]
  },
  {
    "timeStamp": 45614,
    "rotation": [
      [
        0.886607468,
        -0.447325736,
        -0.117587738
      ],
      [
        0.0707847252,
        -0.120007738,
        0.990246236
      ],
      [
        -0.4570741,
        -0.8862831,
        -0.0747359246
      ]
    ],
    "translation": [
      2.10420632,
      0.8111054,
      -0.707828641
    ]
  },
  {
    "timeStamp": 45670,
    "rotation": [
      [
        0.915605068,
        -0.3728072,
        -0.150605753
      ],
      [
        0.114625067,
        -0.117005289,
        0.986494243
      ],
      [
        -0.3853938,
        -0.9205023,
        -0.06439758
      ]
    ],
    "translation": [
      2.09978485,
      0.7962259,
      -0.711192667
    ]
  },
  {
    "timeStamp": 45714,
    "rotation": [
      [
        0.933607936,
        -0.285943776,
        -0.215898931
      ],
      [
        0.181763455,
        -0.141298875,
        0.973137558
      ],
      [
        -0.3087689,
        -0.9477715,
        -0.0799436346
      ]
    ],
    "translation": [
      2.10220671,
      0.7902111,
      -0.7127614
    ]
  },
  {
    "timeStamp": 45770,
    "rotation": [
      [
        0.9518121,
        -0.163540125,
        -0.2594384
      ],
      [
        0.236764625,
        -0.145838559,
        0.960559
      ],
      [
        -0.194926083,
        -0.9756976,
        -0.100090392
      ]
    ],
    "translation": [
      2.09867859,
      0.781282544,
      -0.714593947
    ]
  },
  {
    "timeStamp": 45816,
    "rotation": [
      [
        0.961675942,
        -0.09348985,
        -0.257757574
      ],
      [
        0.242801875,
        -0.146376789,
        0.958968759
      ],
      [
        -0.127383575,
        -0.984801233,
        -0.118067533
      ]
    ],
    "translation": [
      2.092943,
      0.775503635,
      -0.713490069
    ]
  },
  {
    "timeStamp": 45872,
    "rotation": [
      [
        0.965523243,
        -0.0304842256,
        -0.258525461
      ],
      [
        0.2528124,
        -0.126927987,
        0.959153354
      ],
      [
        -0.06205317,
        -0.991443336,
        -0.114845142
      ]
    ],
    "translation": [
      2.0893867,
      0.766568363,
      -0.7156191
    ]
  }
]