[
  {
    "timeStamp": 68698,
    "rotation": [
      [
        0.723350942,
        0.586027861,
        0.365150362
      ],
      [
        -0.2319294,
        0.7043243,
        -0.670921743
      ],
      [
        -0.6503631,
        0.400622755,
        0.645390749
      ]
    ],
    "translation": [
      1.74052346,
      0.7570042,
      -0.5384455
    ]
  },
  {
    "timeStamp": 68753,
    "rotation": [
      [
        0.6588284,
        0.629474342,
        0.411955446
      ],
      [
        -0.256729066,
        0.7028531,
        -0.6633911
      ],
      [
        -0.707131863,
        0.331299931,
        0.6246639
      ]
    ],
    "translation": [
      1.751405,
      0.7703905,
      -0.533632159
    ]
  },
  {
    "timeStamp": 68798,
    "rotation": [
      [
        0.6265939,
        0.672537,
        0.393794328
      ],
      [
        -0.313517451,
        0.6801214,
        -0.662677646
      ],
      [
        -0.7135032,
        0.291768372,
        0.637012064
      ]
    ],
    "translation": [
      1.75670576,
      0.786388457,
      -0.533905
    ]
  },
  {
    "timeStamp": 68845,
    "rotation": [
      [
        0.6083067,
        0.701949537,
        0.370445341
      ],
      [
        -0.397712022,
        0.6734848,
        -0.623091757
      ],
      [
        -0.6868683,
        0.231700331,
        0.6888591
      ]
    ],
    "translation": [
      1.75999343,
      0.8114529,
      -0.5335053
    ]
  },
  {
    "timeStamp": 68897,
    "rotation": [
      [
        0.5777243,
        0.728948534,
        0.36724478
      ],
      [
        -0.489889115,
        0.669541657,
        -0.558321238
      ],
      [
        -0.6528731,
        0.142646521,
        0.7439144
      ]
    ],
    "translation": [
      1.77631462,
      0.850749552,
      -0.539782465
    ]
  },
  {
    "timeStamp": 68954,
    "rotation": [
      [
        0.5122645,
        0.751895845,
        0.415015429
      ],
      [
        -0.580432,
        0.659270048,
        -0.477976739
      ],
      [
        -0.632995963,
        0.003962281,
        0.774145
      ]
    ],
    "translation": [
      1.81221414,
      0.895020664,
      -0.5499854
    ]
  },
  {
    "timeStamp": 68998,
    "rotation": [
      [
        0.473702967,
        0.7376204,
        0.481166869
      ],
      [
        -0.628876269,
        0.6657967,
        -0.4015337
      ],
      [
        -0.616538763,
        -0.112386733,
        0.7792619
      ]
    ],
    "translation": [
      1.85112464,
      0.9295324,
      -0.5648402
    ]
  },
  {
    "timeStamp": 69053,
    "rotation": [
      [
        0.4494905,
        0.6779412,
        0.581682
      ],
      [
        -0.6622829,
        0.689892232,
        -0.2922843
      ],
      [
        -0.5994495,
        -0.253859,
        0.7590889
      ]
    ],
    "translation": [
      1.9095391,
      0.9671061,
      -0.588688433
    ]
  },
  {
    "timeStamp": 69098,
    "rotation": [
      [
        0.421358049,
        0.5964769,
        0.6831345
      ],
      [
        -0.6605052,
        0.7180111,
        -0.219529063
      ],
      [
        -0.621442139,
        -0.358713537,
        0.696515858
      ]
    ],
    "translation": [
      1.9610796,
      0.9866357,
      -0.613426149
    ]
  },
  {
    "timeStamp": 69153,
    "rotation": [
      [
        0.398243636,
        0.407464117,
        0.821812034
      ],
      [
        -0.571083367,
        0.8112448,
        -0.125482231
      ],
      [
        -0.717820168,
        -0.419350654,
        0.555769
      ]
    ],
    "translation": [
      2.031693,
      0.9993695,
      -0.649652243
    ]
  },
  {
    "timeStamp": 69198,
    "rotation": [
      [
        0.325281024,
        0.3372229,
        0.8834438
      ],
      [
        -0.513865352,
        0.8473051,
        -0.1342248
      ],
      [
        -0.7938101,
        -0.4103104,
        0.448899478
      ]
    ],
    "translation": [
      2.08329844,
      0.997451961,
      -0.677869141
    ]
  },
  {
    "timeStamp": 69253,
    "rotation": [
      [
        0.2116844,
        0.310422,
        0.9267297
      ],
      [
        -0.427390665,
        0.882149041,
        -0.197864115
      ],
      [
        -0.8789351,
        -0.354190856,
        0.319408685
      ]
    ],
    "translation": [
      2.139827,
      0.9792397,
      -0.713600457
    ]
  },
  {
    "timeStamp": 69298,
    "rotation": [
      [
        0.169844329,
        0.334924161,
        0.9268111
      ],
      [
        -0.311839938,
        0.9104134,
        -0.271851718
      ],
      [
        -0.9348309,
        -0.242844224,
        0.2590713
      ]
    ],
    "translation": [
      2.17019653,
      0.9527321,
      -0.73425895
    ]
  },
  {
    "timeStamp": 69348,
    "rotation": [
      [
        0.130376741,
        0.408390015,
        0.903448641
      ],
      [
        -0.19353503,
        0.9041802,
        -0.380791664
      ],
      [
        -0.972391963,
        -0.125202581,
        0.19692184
      ]
    ],
    "translation": [
      2.19279146,
      0.9193885,
      -0.7586439
    ]
  },
  {
    "timeStamp": 69403,
    "rotation": [
      [
        0.118097521,
        0.4326949,
        0.8937718
      ],
      [
        -0.120143041,
        0.8996846,
        -0.419682443
      ],
      [
        -0.985707164,
        -0.0578170046,
        0.1582358
      ]
    ],
    "translation": [
      2.20462227,
      0.897465944,
      -0.7759855
    ]
  },
  {
    "timeStamp": 69448,
    "rotation": [
      [
        0.116745248,
        0.4173324,
        0.9012238
      ],
      [
        -0.05730654,
        0.9087476,
        -0.413392961
      ],
      [
        -0.9915072,
        -0.00338435266,
        0.130007848
      ]
    ],
    "translation": [
      2.212309,
      0.8838641,
      -0.7846683
    ]
  },
  {
    "timeStamp": 69503,
    "rotation": [
      [
        0.0678734258,
        0.381174952,
        0.922008038
      ],
      [
        -0.009371611,
        0.924342,
        -0.381449938
      ],
      [
        -0.9976499,
        0.017249614,
        0.06631048
      ]
    ],
    "translation": [
      2.22394919,
      0.872360945,
      -0.7957136
    ]
  },
  {
    "timeStamp": 69549,
    "rotation": [
      [
        0.0503774621,
        0.382506967,
        0.922578156
      ],
      [
        0.0305895153,
        0.92272675,
        -0.384238929
      ],
      [
        -0.998261631,
        0.0475782,
        0.03478393
      ]
    ],
    "translation": [
      2.23030663,
      0.8608801,
      -0.8013763
    ]
  }
]