[
  {
    "timeStamp": 37167,
    "rotation": [
      [
        -0.999976158,
        0.006883858,
        0.000452111359
      ],
      [
        0.006874051,
        0.9997966,
        -0.0189574
      ],
      [
        -0.000582519453,
        -0.0189538412,
        -0.9998202
      ]
    ],
    "translation": [
      1.77019036,
      0.734348238,
      -0.230589285
    ]
  },
  {
    "timeStamp": 37223,
    "rotation": [
      [
        -0.9999747,
        0.007093945,
        0.0005119733
      ],
      [
        0.00708509,
        0.9998531,
        -0.0156099657
      ],
      [
        -0.0006226343,
        -0.0156059442,
        -0.999878049
      ]
    ],
    "translation": [
      1.77020347,
      0.734040141,
      -0.230469376
    ]
  },
  {
    "timeStamp": 37268,
    "rotation": [
      [
        -0.9976043,
        0.0680571347,
        0.0124062374
      ],
      [
        0.06741051,
        0.996633232,
        -0.0466694
      ],
      [
        -0.0155406548,
        -0.045721285,
        -0.9988333
      ]
    ],
    "translation": [
      1.76422119,
      0.742581248,
      -0.230633274
    ]
  },
  {
    "timeStamp": 37323,
    "rotation": [
      [
        -0.9940479,
        0.10659194,
        -0.0225161575
      ],
      [
        0.107457921,
        0.9933396,
        -0.0415841676
      ],
      [
        0.0179336537,
        -0.04375619,
        -0.9988813
      ]
    ],
    "translation": [
      1.75517631,
      0.7611413,
      -0.229312032
    ]
  },
  {
    "timeStamp": 37368,
    "rotation": [
      [
        -0.9875172,
        0.144143641,
        -0.06350215
      ],
      [
        0.146826565,
        0.988360941,
        -0.0398065932
      ],
      [
        0.05702518,
        -0.0486334972,
        -0.9971875
      ]
    ],
    "translation": [
      1.75108421,
      0.779173434,
      -0.23138088
    ]
  },
  {
    "timeStamp": 37423,
    "rotation": [
      [
        -0.97538954,
        0.1883654,
        -0.114601977
      ],
      [
        0.194243789,
        0.9800368,
        -0.04239326
      ],
      [
        0.104328737,
        -0.0636106655,
        -0.9925065
      ]
    ],
    "translation": [
      1.74721181,
      0.805616438,
      -0.241492
    ]
  },
  {
    "timeStamp": 37468,
    "rotation": [
      [
        -0.9637332,
        0.218588263,
        -0.15309304
      ],
      [
        0.229447931,
        0.9716467,
        -0.057063587
      ],
      [
        0.136278912,
        -0.09012096,
        -0.986562848
      ]
    ],
    "translation": [
      1.74507308,
      0.8272269,
      -0.258425325
    ]
  },
  {
    "timeStamp": 37523,
    "rotation": [
      [
        -0.938546956,
        0.286058456,
        -0.19313252
      ],
      [
        0.300330669,
        0.952599,
        -0.0485440679
      ],
      [
        0.17009142,
        -0.103564508,
        -0.979971051
      ]
    ],
    "translation": [
      1.73688722,
      0.8592511,
      -0.292627573
    ]
  },
  {
    "timeStamp": 37568,
    "rotation": [
      [
        -0.9047467,
        0.34818542,
        -0.245357454
      ],
      [
        0.365541339,
        0.9303853,
        -0.0276156887
      ],
      [
        0.2186616,
        -0.1146735,
        -0.969039261
      ]
    ],
    "translation": [
      1.73098826,
      0.8849154,
      -0.326097369
    ]
  },
  {
    "timeStamp": 37623,
    "rotation": [
      [
        -0.869912446,
        0.3993853,
        -0.289385051
      ],
      [
        0.416598439,
        0.909087658,
        0.00232249685
      ],
      [
        0.264003932,
        -0.118536986,
        -0.95721
      ]
    ],
    "translation": [
      1.71995687,
      0.9094466,
      -0.3765197
    ]
  },
  {
    "timeStamp": 37668,
    "rotation": [
      [
        -0.845518053,
        0.436795264,
        -0.307098031
      ],
      [
        0.4525894,
        0.8914514,
        0.0218472425
      ],
      [
        0.283305734,
        -0.120517068,
        -0.951427162
      ]
    ],
    "translation": [
      1.71204364,
      0.92378,
      -0.4247193
    ]
  },
  {
    "timeStamp": 37723,
    "rotation": [
      [
        -0.8040491,
        0.480025172,
        -0.3508289
      ],
      [
        0.488505751,
        0.869715035,
        0.070411846
      ],
      [
        0.3389206,
        -0.114767343,
        -0.933788657
      ]
    ],
    "translation": [
      1.70230126,
      0.93861,
      -0.482109249
    ]
  },
  {
    "timeStamp": 37767,
    "rotation": [
      [
        -0.767772257,
        0.5059762,
        -0.3930825
      ],
      [
        0.510110736,
        0.8539387,
        0.102837883
      ],
      [
        0.3877019,
        -0.121559545,
        -0.9137343
      ]
    ],
    "translation": [
      1.69840682,
      0.9471805,
      -0.524168134
    ]
  },
  {
    "timeStamp": 37823,
    "rotation": [
      [
        -0.70752424,
        0.5149727,
        -0.483955175
      ],
      [
        0.516298354,
        0.844285667,
        0.143588617
      ],
      [
        0.482540637,
        -0.148272857,
        -0.8632321
      ]
    ],
    "translation": [
      1.70142436,
      0.9547567,
      -0.56283
    ]
  },
  {
    "timeStamp": 37867,
    "rotation": [
      [
        -0.621406734,
        0.5283837,
        -0.5785018
      ],
      [
        0.528086245,
        0.827907264,
        0.18892996
      ],
      [
        0.5787734,
        -0.188096523,
        -0.7934993
      ]
    ],
    "translation": [
      1.71353245,
      0.963749349,
      -0.5845611
    ]
  },
  {
    "timeStamp": 37923,
    "rotation": [
      [
        -0.4953151,
        0.529415131,
        -0.6887544
      ],
      [
        0.543366969,
        0.8074129,
        0.229862392
      ],
      [
        0.6778018,
        -0.26039207,
        -0.6875905
      ]
    ],
    "translation": [
      1.73956347,
      0.978829861,
      -0.5995221
    ]
  },
  {
    "timeStamp": 37968,
    "rotation": [
      [
        -0.42508772,
        0.4882539,
        -0.7621736
      ],
      [
        0.545376062,
        0.8101904,
        0.2148407
      ],
      [
        0.7224025,
        -0.324345142,
        -0.610684
      ]
    ],
    "translation": [
      1.7634567,
      0.988491356,
      -0.6102429
    ]
  },
  {
    "timeStamp": 38023,
    "rotation": [
      [
        -0.3556775,
        0.3723157,
        -0.8572483
      ],
      [
        0.5288454,
        0.836437643,
        0.143856183
      ],
      [
        0.770594656,
        -0.40218544,
        -0.4943995
      ]
    ],
    "translation": [
      1.80678487,
      0.998906255,
      -0.61326915
    ]
  },
  {
    "timeStamp": 38067,
    "rotation": [
      [
        -0.273105532,
        0.279370546,
        -0.920524538
      ],
      [
        0.537060261,
        0.8381728,
        0.0950400159
      ],
      [
        0.79811,
        -0.468421161,
        -0.37894845
      ]
    ],
    "translation": [
      1.84798992,
      1.01449811,
      -0.612991631
    ]
  },
  {
    "timeStamp": 38123,
    "rotation": [
      [
        -0.142167374,
        0.122500814,
        -0.982233167
      ],
      [
        0.554565,
        0.8318092,
        0.0234733168
      ],
      [
        0.8199062,
        -0.541375,
        -0.1861908
      ]
    ],
    "translation": [
      1.91809487,
      1.03913379,
      -0.609478831
    ]
  },
  {
    "timeStamp": 38167,
    "rotation": [
      [
        -0.0582575724,
        -0.0162715055,
        -0.998169
      ],
      [
        0.556042433,
        0.8298811,
        -0.045981288
      ],
      [
        0.8291097,
        -0.557703,
        -0.03929921
      ]
    ],
    "translation": [
      1.97820151,
      1.05503547,
      -0.611276031
    ]
  },
  {
    "timeStamp": 38223,
    "rotation": [
      [
        0.05787617,
        -0.169406146,
        -0.983845532
      ],
      [
        0.544438839,
        0.831406236,
        -0.111130551
      ],
      [
        0.836801469,
        -0.5292119,
        0.1403499
      ]
    ],
    "translation": [
      2.05839443,
      1.06598127,
      -0.6216023
    ]
  },
  {
    "timeStamp": 38267,
    "rotation": [
      [
        0.156008318,
        -0.222651437,
        -0.9623346
      ],
      [
        0.477039,
        0.8700942,
        -0.123975262
      ],
      [
        0.864924967,
        -0.439729929,
        0.241955355
      ]
    ],
    "translation": [
      2.11416364,
      1.054828,
      -0.634386957
    ]
  },
  {
    "timeStamp": 38323,
    "rotation": [
      [
        0.171811968,
        -0.212777942,
        -0.9618764
      ],
      [
        0.2661904,
        0.950102866,
        -0.162626117
      ],
      [
        0.9484848,
        -0.228101149,
        0.21987848
      ]
    ],
    "translation": [
      2.15413547,
      1.00355768,
      -0.6521185
    ]
  },
  {
    "timeStamp": 38373,
    "rotation": [
      [
        0.13619943,
        -0.19959721,
        -0.97036624
      ],
      [
        0.189617321,
        0.966636956,
        -0.17221567
      ],
      [
        0.9723656,
        -0.160542578,
        0.1695025
      ]
    ],
    "translation": [
      2.1692915,
      0.969345331,
      -0.664682448
    ]
  },
  {
    "timeStamp": 38418,
    "rotation": [
      [
        0.185061887,
        -0.141831815,
        -0.972438157
      ],
      [
        0.121881351,
        0.9852031,
        -0.120498709
      ],
      [
        0.975139558,
        -0.09622235,
        0.199610189
      ]
    ],
    "translation": [
      2.19496322,
      0.928247452,
      -0.6782954
    ]
  },
  {
    "timeStamp": 38473,
    "rotation": [
      [
        0.112382457,
        -0.104173474,
        -0.98818934
      ],
      [
        0.00532576861,
        0.9945382,
        -0.104237095
      ],
      [
        0.993650734,
        0.00645155367,
        0.112323463
      ]
    ],
    "translation": [
      2.1955142,
      0.8777209,
      -0.688717961
    ]
  },
  {
    "timeStamp": 38517,
    "rotation": [
      [
        0.06981899,
        -0.120426036,
        -0.990264058
      ],
      [
        0.007745218,
        0.992722034,
        -0.120178878
      ],
      [
        0.997529566,
        0.0007209565,
        0.0702435747
      ]
    ],
    "translation": [
      2.19953442,
      0.8588429,
      -0.685921
    ]
  },
  {
    "timeStamp": 38573,
    "rotation": [
      [
        0.06917433,
        -0.06234215,
        -0.9956547
      ],
      [
        -0.03249951,
        0.9973749,
        -0.0647078
      ],
      [
        0.997075,
        0.03683441,
        0.06696665
      ]
    ],
    "translation": [
      2.203064,
      0.8322612,
      -0.6859129
    ]
  },
  {
    "timeStamp": 38617,
    "rotation": [
      [
        0.0382280648,
        -0.0757647,
        -0.996392667
      ],
      [
        -0.0309082922,
        0.996554732,
        -0.07696287
      ],
      [
        0.9987909,
        0.0337389372,
        0.0357546024
      ]
    ],
    "translation": [
      2.207461,
      0.820054948,
      -0.679856539
    ]
  },
  {
    "timeStamp": 38673,
    "rotation": [
      [
        0.028289903,
        -0.058922857,
        -0.9978616
      ],
      [
        -0.04405929,
        0.997217536,
        -0.0601339266
      ],
      [
        0.9986283,
        0.04566626,
        0.0256150849
      ]
    ],
    "translation": [
      2.21332669,
      0.804641,
      -0.6754576
    ]
  },
  {
    "timeStamp": 38717,
    "rotation": [
      [
        0.02492764,
        -0.0457930863,
        -0.9986399
      ],
      [
        -0.0608443767,
        0.9970289,
        -0.0472379848
      ],
      [
        0.997835934,
        0.06193915,
        0.0220673252
      ]
    ],
    "translation": [
      2.21832156,
      0.793009043,
      -0.672221959
    ]
  },
  {
    "timeStamp": 38763,
    "rotation": [
      [
        0.0172695927,
        -0.03172445,
        -0.999347448
      ],
      [
        -0.0626725,
        0.9974967,
        -0.0327487327
      ],
      [
        0.99788475,
        0.06319716,
        0.0152381118
      ]
    ],
    "translation": [
      2.22057438,
      0.7856314,
      -0.669115961
    ]
  },
  {
    "timeStamp": 38819,
    "rotation": [
      [
        0.0175574441,
        -0.0145083787,
        -0.999740541
      ],
      [
        -0.07428197,
        0.9971125,
        -0.015774779
      ],
      [
        0.9970827,
        0.07453966,
        0.016429035
      ]
    ],
    "translation": [
      2.22286439,
      0.7771041,
      -0.6671754
    ]
  },
  {
    "timeStamp": 38865,
    "rotation": [
      [
        0.00716586038,
        -0.0165267754,
        -0.9998377
      ],
      [
        -0.07035223,
        0.9973775,
        -0.0169903245
      ],
      [
        0.9974965,
        0.0704625547,
        0.005984372
      ]
    ],
    "translation": [
      2.22237778,
      0.7742087,
      -0.665223956
    ]
  },
  {
    "timeStamp": 38921,
    "rotation": [
      [
        0.00372641743,
        -0.0185624789,
        -0.999820769
      ],
      [
        -0.06524145,
        0.997693062,
        -0.0187661368
      ],
      [
        0.9978626,
        0.06529968,
        0.00250677764
      ]
    ],
    "translation": [
      2.22149968,
      0.7704494,
      -0.663478
    ]
  },
  {
    "timeStamp": 38967,
    "rotation": [
      [
        0.0103503885,
        -0.04035773,
        -0.9991317
      ],
      [
        -0.0736347958,
        0.996441662,
        -0.0410118848
      ],
      [
        0.9972316,
        0.0739953443,
        0.00734182447
      ]
    ],
    "translation": [
      2.22605014,
      0.7658325,
      -0.6634446
    ]
  },
  {
    "timeStamp": 39014,
    "rotation": [
      [
        0.0146127678,
        -0.05091726,
        -0.9985959
      ],
      [
        -0.0658682,
        0.9964842,
        -0.05177346
      ],
      [
        0.997721255,
        0.06653227,
        0.0112075647
      ]
    ],
    "translation": [
      2.22904277,
      0.7641187,
      -0.6613393
    ]
  },
  {
    "timeStamp": 39067,
    "rotation": [
      [
        0.01754641,
        -0.0549583174,
        -0.998334467
      ],
      [
        -0.05212746,
        0.997079968,
        -0.0558054335
      ],
      [
        0.9984863,
        0.0530198254,
        0.0146303354
      ]
    ],
    "translation": [
      2.23080778,
      0.7637059,
      -0.658357143
    ]
  },
  {
    "timeStamp": 39123,
    "rotation": [
      [
        0.010027756,
        -0.07076273,
        -0.9974428
      ],
      [
        -0.06316477,
        0.99545604,
        -0.0712568
      ],
      [
        0.997952759,
        0.0637178,
        0.005512478
      ]
    ],
    "translation": [
      2.23274159,
      0.7579124,
      -0.6578965
    ]
  }
]