[
  {
    "timeStamp": 55670,
    "rotation": [
      [
        0.9999721,
        -0.0040584337,
        -0.006273384
      ],
      [
        0.004336359,
        0.998980165,
        0.0449427962
      ],
      [
        0.006084589,
        -0.0449687466,
        0.998969853
      ]
    ],
    "translation": [
      1.77013874,
      0.694116235,
      -0.620435655
    ]
  },
  {
    "timeStamp": 55715,
    "rotation": [
      [
        0.999038935,
        0.0277178865,
        0.0339544676
      ],
      [
        -0.0298507828,
        0.9975027,
        0.06401005
      ],
      [
        -0.03209545,
        -0.0649621,
        0.997371435
      ]
    ],
    "translation": [
      1.77048147,
      0.704136968,
      -0.624310553
    ]
  },
  {
    "timeStamp": 55771,
    "rotation": [
      [
        0.9941206,
        0.0712305456,
        0.08155037
      ],
      [
        -0.07937984,
        0.9916649,
        0.101486959
      ],
      [
        -0.0736416653,
        -0.107363731,
        0.991488755
      ]
    ],
    "translation": [
      1.773738,
      0.726509452,
      -0.6301126
    ]
  },
  {
    "timeStamp": 55815,
    "rotation": [
      [
        0.990223646,
        0.091961816,
        0.104881726
      ],
      [
        -0.107441843,
        0.982361,
        0.15304625
      ],
      [
        -0.08895731,
        -0.1628187,
        0.9826376
      ]
    ],
    "translation": [
      1.78119063,
      0.749258637,
      -0.6382809
    ]
  },
  {
    "timeStamp": 55870,
    "rotation": [
      [
        0.9861269,
        0.108868107,
        0.125305042
      ],
      [
        -0.137760937,
        0.957895339,
        0.251909435
      ],
      [
        -0.09260421,
        -0.265676826,
        0.9596042
      ]
    ],
    "translation": [
      1.79970574,
      0.784756362,
      -0.649884939
    ]
  },
  {
    "timeStamp": 55915,
    "rotation": [
      [
        0.9851099,
        0.10777539,
        0.1339512
      ],
      [
        -0.150678337,
        0.9164106,
        0.3707933
      ],
      [
        -0.08279191,
        -0.385455728,
        0.91900456
      ]
    ],
    "translation": [
      1.82484436,
      0.819586,
      -0.6593645
    ]
  },
  {
    "timeStamp": 55970,
    "rotation": [
      [
        0.9809785,
        0.132239133,
        0.142105535
      ],
      [
        -0.183687136,
        0.8690998,
        0.459265262
      ],
      [
        -0.06277105,
        -0.4766323,
        0.87685883
      ]
    ],
    "translation": [
      1.865595,
      0.863029,
      -0.677162051
    ]
  },
  {
    "timeStamp": 56014,
    "rotation": [
      [
        0.984805942,
        0.124027304,
        0.121550538
      ],
      [
        -0.168862075,
        0.84729296,
        0.5035675
      ],
      [
        -0.0405327976,
        -0.5164415,
        0.8553626
      ]
    ],
    "translation": [
      1.90627551,
      0.8906834,
      -0.695117056
    ]
  },
  {
    "timeStamp": 56070,
    "rotation": [
      [
        0.9920776,
        0.0558563881,
        0.112526134
      ],
      [
        -0.10721603,
        0.8432827,
        0.526667833
      ],
      [
        -0.06547358,
        -0.534559965,
        0.8425906
      ]
    ],
    "translation": [
      1.9691689,
      0.911303759,
      -0.7159886
    ]
  },
  {
    "timeStamp": 56114,
    "rotation": [
      [
        0.99280405,
        -0.0274110734,
        0.116570957
      ],
      [
        -0.03758812,
        0.85291934,
        0.520687759
      ],
      [
        -0.113698237,
        -0.5213226,
        0.8457514
      ]
    ],
    "translation": [
      2.024841,
      0.916864634,
      -0.7323008
    ]
  },
  {
    "timeStamp": 56170,
    "rotation": [
      [
        0.987866,
        -0.111449718,
        0.1081651
      ],
      [
        0.0500356779,
        0.887704,
        0.4576876
      ],
      [
        -0.147027746,
        -0.446721882,
        0.8825091
      ]
    ],
    "translation": [
      2.08699965,
      0.9095933,
      -0.7574475
    ]
  },
  {
    "timeStamp": 56215,
    "rotation": [
      [
        0.9856881,
        -0.149210542,
        0.07845478
      ],
      [
        0.109008804,
        0.919146538,
        0.37853232
      ],
      [
        -0.128592446,
        -0.364562541,
        0.922257066
      ]
    ],
    "translation": [
      2.1250515,
      0.8954716,
      -0.7804637
    ]
  },
  {
    "timeStamp": 56270,
    "rotation": [
      [
        0.9919368,
        -0.08164639,
        0.0969293341
      ],
      [
        0.04469303,
        0.941049755,
        0.3353026
      ],
      [
        -0.118591577,
        -0.328266919,
        0.9371109
      ]
    ],
    "translation": [
      2.15277815,
      0.876427352,
      -0.8012246
    ]
  },
  {
    "timeStamp": 56320,
    "rotation": [
      [
        0.9916091,
        -0.02089283,
        0.127573118
      ],
      [
        -0.0191586316,
        0.952204049,
        0.304861337
      ],
      [
        -0.127845049,
        -0.3047474,
        0.94381386
      ]
    ],
    "translation": [
      2.16478181,
      0.859935164,
      -0.812516332
    ]
  },
  {
    "timeStamp": 56365,
    "rotation": [
      [
        0.985236943,
        -0.169955,
        0.0205775853
      ],
      [
        0.162881076,
        0.9675924,
        0.192962781
      ],
      [
        -0.0527057052,
        -0.186762363,
        0.980990231
      ]
    ],
    "translation": [
      2.18752956,
      0.845829844,
      -0.8265731
    ]
  },
  {
    "timeStamp": 56420,
    "rotation": [
      [
        0.9841734,
        -0.176307052,
        -0.0178468321
      ],
      [
        0.1771708,
        0.9768997,
        0.11948847
      ],
      [
        -0.00363209425,
        -0.120759316,
        0.9926751
      ]
    ],
    "translation": [
      2.19547582,
      0.8309455,
      -0.8370254
    ]
  }
]