[
  {
    "timeStamp": 2613,
    "rotation": [
      [
        0.00573046133,
        0.9999835,
        -0.000466946338
      ],
      [
        0.0358543,
        0.000261188747,
        0.999357
      ],
      [
        0.9993406,
        -0.005743519,
        -0.03585221
      ]
    ],
    "translation": [
      1.30779207,
      0.703334332,
      -0.486598879
    ]
  },
  {
    "timeStamp": 2658,
    "rotation": [
      [
        0.00553929154,
        0.9999846,
        -0.000188785241
      ],
      [
        0.0150447171,
        0.000105428415,
        0.9998868
      ],
      [
        0.999871433,
        -0.005541505,
        -0.0150439022
      ]
    ],
    "translation": [
      1.30778456,
      0.7050926,
      -0.48654744
    ]
  },
  {
    "timeStamp": 2716,
    "rotation": [
      [
        0.0137079023,
        0.999869764,
        -0.008519966
      ],
      [
        0.0276189372,
        0.008138896,
        0.9995854
      ],
      [
        0.999524534,
        -0.013937531,
        -0.0275037736
      ]
    ],
    "translation": [
      1.31082773,
      0.7113036,
      -0.48540464
    ]
  },
  {
    "timeStamp": 2758,
    "rotation": [
      [
        0.02450912,
        0.9996942,
        0.00328388182
      ],
      [
        0.02822334,
        -0.003975493,
        0.999593735
      ],
      [
        0.999301136,
        -0.02440648,
        -0.0283121429
      ]
    ],
    "translation": [
      1.30791509,
      0.7281338,
      -0.484234482
    ]
  },
  {
    "timeStamp": 2814,
    "rotation": [
      [
        0.0225803461,
        0.999726355,
        0.006105212
      ],
      [
        0.0245458931,
        -0.006659314,
        0.9996765
      ],
      [
        0.99944365,
        -0.0224231854,
        -0.0246895459
      ]
    ],
    "translation": [
      1.31042039,
      0.7574037,
      -0.486262321
    ]
  },
  {
    "timeStamp": 2858,
    "rotation": [
      [
        -0.00172731839,
        0.9999562,
        -0.009199935
      ],
      [
        0.0347128771,
        0.0092543615,
        0.9993545
      ],
      [
        0.999395847,
        0.0014068489,
        -0.0347273424
      ]
    ],
    "translation": [
      1.32070184,
      0.7854773,
      -0.487034082
    ]
  },
  {
    "timeStamp": 2914,
    "rotation": [
      [
        -0.009395937,
        0.9999321,
        -0.00689379452
      ],
      [
        0.0404859,
        0.007268857,
        0.9991537
      ],
      [
        0.999136,
        0.009108885,
        -0.0405514464
      ]
    ],
    "translation": [
      1.33024323,
      0.8272803,
      -0.4873004
    ]
  },
  {
    "timeStamp": 2958,
    "rotation": [
      [
        -0.01970397,
        0.999774933,
        -0.007863732
      ],
      [
        0.0512758754,
        0.008865412,
        0.9986452
      ],
      [
        0.998490155,
        0.0192740578,
        -0.0514390171
      ]
    ],
    "translation": [
      1.34271419,
      0.8642329,
      -0.48765105
    ]
  },
  {
    "timeStamp": 3013,
    "rotation": [
      [
        -0.00928108953,
        0.9997889,
        0.0183297265
      ],
      [
        0.07895452,
        -0.0175405927,
        0.9967239
      ],
      [
        0.996835,
        0.0106978975,
        -0.07877506
      ]
    ],
    "translation": [
      1.35545385,
      0.916360736,
      -0.483534753
    ]
  },
  {
    "timeStamp": 3058,
    "rotation": [
      [
        0.0102051236,
        0.9991409,
        0.04016476
      ],
      [
        0.07885062,
        -0.04084585,
        0.9960493
      ],
      [
        0.996834159,
        -0.00699778274,
        -0.07919972
      ]
    ],
    "translation": [
      1.36674511,
      0.9577484,
      -0.484830618
    ]
  },
  {
    "timeStamp": 3113,
    "rotation": [
      [
        0.0336702578,
        0.997726,
        0.058387056
      ],
      [
        0.103184752,
        -0.0615782849,
        0.9927543
      ],
      [
        0.994092166,
        -0.0274016559,
        -0.105023474
      ]
    ],
    "translation": [
      1.3920294,
      1.0105803,
      -0.483766675
    ]
  },
  {
    "timeStamp": 3158,
    "rotation": [
      [
        0.05590092,
        0.996448755,
        0.06296808
      ],
      [
        0.114881448,
        -0.06906706,
        0.990975261
      ],
      [
        0.9918051,
        -0.0481625535,
        -0.11833439
      ]
    ],
    "translation": [
      1.41830075,
      1.04942393,
      -0.485857934
    ]
  },
  {
    "timeStamp": 3213,
    "rotation": [
      [
        0.0807165951,
        0.995203853,
        0.05526468
      ],
      [
        0.128767774,
        -0.0653926358,
        0.9895164
      ],
      [
        0.9883844,
        -0.07275408,
        -0.133428454
      ]
    ],
    "translation": [
      1.45876932,
      1.08995771,
      -0.4909855
    ]
  },
  {
    "timeStamp": 3258,
    "rotation": [
      [
        0.09384176,
        0.9948278,
        0.03887541
      ],
      [
        0.134745449,
        -0.05137955,
        0.989547253
      ],
      [
        0.986426532,
        -0.08762257,
        -0.13887006
      ]
    ],
    "translation": [
      1.49973464,
      1.11653769,
      -0.498034239
    ]
  },
  {
    "timeStamp": 3313,
    "rotation": [
      [
        0.1241555,
        0.992042661,
        0.020896418
      ],
      [
        0.140238747,
        -0.03839126,
        0.989373147
      ],
      [
        0.9823026,
        -0.119905636,
        -0.143889323
      ]
    ],
    "translation": [
      1.55140066,
      1.142251,
      -0.506280661
    ]
  },
  {
    "timeStamp": 3358,
    "rotation": [
      [
        0.1541439,
        0.9880151,
        0.008117575
      ],
      [
        0.139218852,
        -0.0298523847,
        0.9898116
      ],
      [
        0.978191137,
        -0.1514433,
        -0.142151892
      ]
    ],
    "translation": [
      1.5966202,
      1.15914583,
      -0.513026953
    ]
  },
  {
    "timeStamp": 3413,
    "rotation": [
      [
        0.191456556,
        0.9812436,
        -0.0224809237
      ],
      [
        0.1500398,
        -0.00662441272,
        0.9886578
      ],
      [
        0.9699652,
        -0.192658037,
        -0.148493886
      ]
    ],
    "translation": [
      1.6574024,
      1.17406857,
      -0.520401359
    ]
  },
  {
    "timeStamp": 3458,
    "rotation": [
      [
        0.225374848,
        0.973699033,
        -0.0334122553
      ],
      [
        0.141652122,
        0.001181569,
        0.9899158
      ],
      [
        0.9639195,
        -0.227835029,
        -0.13766025
      ]
    ],
    "translation": [
      1.7062726,
      1.18387127,
      -0.531829834
    ]
  },
  {
    "timeStamp": 3513,
    "rotation": [
      [
        0.2549939,
        0.9658492,
        -0.0459722467
      ],
      [
        0.137860388,
        0.0107439719,
        0.9903934
      ],
      [
        0.957064569,
        -0.258882,
        -0.1304127
      ]
    ],
    "translation": [
      1.76571727,
      1.19158936,
      -0.5465603
    ]
  },
  {
    "timeStamp": 3558,
    "rotation": [
      [
        0.2876264,
        0.956743836,
        -0.0437300354
      ],
      [
        0.128822386,
        0.00659736339,
        0.991645753
      ],
      [
        0.949039459,
        -0.290856868,
        -0.121352457
      ]
    ],
    "translation": [
      1.81142771,
      1.19459474,
      -0.559601367
    ]
  },
  {
    "timeStamp": 3613,
    "rotation": [
      [
        0.302211,
        0.951828063,
        -0.05188276
      ],
      [
        0.115950659,
        0.0173176322,
        0.993104
      ],
      [
        0.94616276,
        -0.306142777,
        -0.105131522
      ]
    ],
    "translation": [
      1.87151515,
      1.19067752,
      -0.5786347
    ]
  },
  {
    "timeStamp": 3658,
    "rotation": [
      [
        0.2980487,
        0.951142251,
        -0.08059315
      ],
      [
        0.132295132,
        0.042455323,
        0.9903007
      ],
      [
        0.9453385,
        -0.305819958,
        -0.113177747
      ]
    ],
    "translation": [
      1.92190921,
      1.18052876,
      -0.5878819
    ]
  },
  {
    "timeStamp": 3713,
    "rotation": [
      [
        0.282736242,
        0.954586565,
        -0.0939399
      ],
      [
        0.142896667,
        0.0549248345,
        0.9882124
      ],
      [
        0.9484939,
        -0.2928272,
        -0.120878
      ]
    ],
    "translation": [
      1.97970772,
      1.161459,
      -0.5981279
    ]
  },
  {
    "timeStamp": 3758,
    "rotation": [
      [
        0.2696474,
        0.959137261,
        -0.0857089758
      ],
      [
        0.143879592,
        0.04787752,
        0.988436341
      ],
      [
        0.9521496,
        -0.278861046,
        -0.125090227
      ]
    ],
    "translation": [
      2.01597023,
      1.14180481,
      -0.6049774
    ]
  },
  {
    "timeStamp": 3813,
    "rotation": [
      [
        0.258759946,
        0.9627021,
        -0.079044655
      ],
      [
        0.114741959,
        0.05061791,
        0.9921049
      ],
      [
        0.9591025,
        -0.265786737,
        -0.09736443
      ]
    ],
    "translation": [
      2.05630422,
      1.11300433,
      -0.6161911
    ]
  },
  {
    "timeStamp": 3858,
    "rotation": [
      [
        0.251147181,
        0.9657174,
        -0.06568961
      ],
      [
        0.119785286,
        0.0363348573,
        0.9921347
      ],
      [
        0.9605085,
        -0.2570405,
        -0.106553324
      ]
    ],
    "translation": [
      2.08022857,
      1.08781171,
      -0.613356948
    ]
  },
  {
    "timeStamp": 3913,
    "rotation": [
      [
        0.2378552,
        0.970444739,
        -0.0407667
      ],
      [
        0.08171795,
        0.0218287241,
        0.99641645
      ],
      [
        0.967856944,
        -0.240334183,
        -0.07411069
      ]
    ],
    "translation": [
      2.10174179,
      1.06197441,
      -0.6159814
    ]
  },
  {
    "timeStamp": 3958,
    "rotation": [
      [
        0.208128318,
        0.975903749,
        -0.0655324459
      ],
      [
        0.0754698,
        0.0507769026,
        0.995854437
      ],
      [
        0.9751856,
        -0.2122112,
        -0.06308315
      ]
    ],
    "translation": [
      2.12625813,
      1.0363102,
      -0.616760969
    ]
  },
  {
    "timeStamp": 4013,
    "rotation": [
      [
        0.169042543,
        0.9811469,
        -0.09367761
      ],
      [
        0.06577904,
        0.08360278,
        0.994325757
      ],
      [
        0.9834113,
        -0.174245372,
        -0.0504064672
      ]
    ],
    "translation": [
      2.154157,
      1.00813556,
      -0.61588
    ]
  },
  {
    "timeStamp": 4058,
    "rotation": [
      [
        0.157545745,
        0.9834102,
        -0.0899096951
      ],
      [
        0.05798469,
        0.08167728,
        0.9949707
      ],
      [
        0.985807836,
        -0.161966741,
        -0.0441548266
      ]
    ],
    "translation": [
      2.166301,
      0.988621354,
      -0.612252653
    ]
  },
  {
    "timeStamp": 4113,
    "rotation": [
      [
        0.135278553,
        0.9851944,
        -0.105317377
      ],
      [
        0.0753187761,
        0.09576162,
        0.9925507
      ],
      [
        0.987940669,
        -0.142203182,
        -0.0612491444
      ]
    ],
    "translation": [
      2.18353367,
      0.963141859,
      -0.602361739
    ]
  },
  {
    "timeStamp": 4158,
    "rotation": [
      [
        0.128908351,
        0.9881833,
        -0.08292361
      ],
      [
        0.07354822,
        0.07386374,
        0.994552553
      ],
      [
        0.988925338,
        -0.13430503,
        -0.06315747
      ]
    ],
    "translation": [
      2.18435884,
      0.9442972,
      -0.5965227
    ]
  },
  {
    "timeStamp": 4213,
    "rotation": [
      [
        0.113085672,
        0.9917548,
        -0.0602827258
      ],
      [
        0.08574632,
        0.0507042632,
        0.995025933
      ],
      [
        0.989878356,
        -0.117692217,
        -0.0793053955
      ]
    ],
    "translation": [
      2.18258715,
      0.9186774,
      -0.587886035
    ]
  },
  {
    "timeStamp": 4258,
    "rotation": [
      [
        0.08825886,
        0.99404645,
        -0.0638909638
      ],
      [
        0.09554,
        0.0553976968,
        0.9938829
      ],
      [
        0.991505146,
        -0.09382311,
        -0.09008187
      ]
    ],
    "translation": [
      2.18432856,
      0.8970439,
      -0.5826048
    ]
  },
  {
    "timeStamp": 4313,
    "rotation": [
      [
        0.0756658539,
        0.9968184,
        -0.0250537489
      ],
      [
        0.07133087,
        0.0196502879,
        0.99725914
      ],
      [
        0.9945786,
        -0.07724556,
        -0.06961706
      ]
    ],
    "translation": [
      2.170763,
      0.8606564,
      -0.5878889
    ]
  },
  {
    "timeStamp": 4369,
    "rotation": [
      [
        0.0245254952,
        0.9991439,
        -0.03331589
      ],
      [
        0.08198158,
        0.0312035382,
        0.996145248
      ],
      [
        0.996332,
        -0.0271622445,
        -0.08114611
      ]
    ],
    "translation": [
      2.170211,
      0.834496,
      -0.584131658
    ]
  },
  {
    "timeStamp": 4413,
    "rotation": [
      [
        -0.00235485681,
        0.99905616,
        -0.0433734171
      ],
      [
        0.08163446,
        0.0434208252,
        0.995716035
      ],
      [
        0.9966596,
        -0.00119600643,
        -0.08165967
      ]
    ],
    "translation": [
      2.17199731,
      0.8129303,
      -0.581220567
    ]
  },
  {
    "timeStamp": 4458,
    "rotation": [
      [
        -0.0112708341,
        0.999153554,
        -0.03956345
      ],
      [
        0.07236625,
        0.0402772538,
        0.9965645
      ],
      [
        0.997314453,
        0.008369033,
        -0.07275895
      ]
    ],
    "translation": [
      2.17054272,
      0.7948435,
      -0.5797343
    ]
  },
  {
    "timeStamp": 4513,
    "rotation": [
      [
        -0.0418107659,
        0.9974174,
        -0.05839867
      ],
      [
        0.07772267,
        0.06151959,
        0.9950751
      ],
      [
        0.996097863,
        0.0370659269,
        -0.08009412
      ]
    ],
    "translation": [
      2.17624426,
      0.776165962,
      -0.57601124
    ]
  },
  {
    "timeStamp": 4569,
    "rotation": [
      [
        -0.03619051,
        0.9981873,
        -0.048086796
      ],
      [
        0.08180322,
        0.05091585,
        0.9953471
      ],
      [
        0.99599123,
        0.032088466,
        -0.0834976
      ]
    ],
    "translation": [
      2.17418385,
      0.7643899,
      -0.5694225
    ]
  },
  {
    "timeStamp": 4613,
    "rotation": [
      [
        -0.0358102433,
        0.9985518,
        -0.04014826
      ],
      [
        0.09927808,
        0.04352988,
        0.9941071
      ],
      [
        0.9944151,
        0.0316133648,
        -0.100693129
      ]
    ],
    "translation": [
      2.17260957,
      0.7594387,
      -0.5609804
    ]
  },
  {
    "timeStamp": 4668,
    "rotation": [
      [
        -0.0348827764,
        0.998635054,
        -0.03887379
      ],
      [
        0.1321886,
        0.0431661271,
        0.9902842
      ],
      [
        0.99061054,
        0.0294051766,
        -0.133513927
      ]
    ],
    "translation": [
      2.17381,
      0.7545543,
      -0.5467139
    ]
  },
  {
    "timeStamp": 4713,
    "rotation": [
      [
        -0.00336803775,
        0.9995529,
        -0.0297082625
      ],
      [
        0.119443431,
        0.0298978612,
        0.992390752
      ],
      [
        0.9928353,
        -0.000206042576,
        -0.119490728
      ]
    ],
    "translation": [
      2.17229152,
      0.754765153,
      -0.544665
    ]
  },
  {
    "timeStamp": 4768,
    "rotation": [
      [
        -0.0002654949,
        0.99970305,
        -0.0243682545
      ],
      [
        0.1095494,
        0.0242506675,
        0.9936855
      ],
      [
        0.993981361,
        -0.00240570772,
        -0.109523304
      ]
    ],
    "translation": [
      2.17175817,
      0.7526095,
      -0.54448384
    ]
  },
  {
    "timeStamp": 4813,
    "rotation": [
      [
        -0.0008827303,
        0.9997055,
        -0.0242497846
      ],
      [
        0.101725131,
        0.02421377,
        0.9945178
      ],
      [
        0.994812131,
        -0.0015889284,
        -0.101716548
      ]
    ],
    "translation": [
      2.171653,
      0.7473635,
      -0.544534862
    ]
  },
  {
    "timeStamp": 4868,
    "rotation": [
      [
        -0.0006480899,
        0.9996964,
        -0.02463206
      ],
      [
        0.0899246857,
        0.0245905332,
        0.9956449
      ],
      [
        0.9959484,
        -0.00156977214,
        -0.0899133161
      ]
    ],
    "translation": [
      2.17233872,
      0.7396449,
      -0.544431
    ]
  },
  {
    "timeStamp": 4913,
    "rotation": [
      [
        -0.0008473283,
        0.9996102,
        -0.0279061384
      ],
      [
        0.07574994,
        0.027890129,
        0.9967367
      ],
      [
        0.99712646,
        -0.001269334,
        -0.07574405
      ]
    ],
    "translation": [
      2.17301583,
      0.7349832,
      -0.5445648
    ]
  },
  {
    "timeStamp": 4968,
    "rotation": [
      [
        0.000294049561,
        0.9997066,
        -0.0242187269
      ],
      [
        0.0543641262,
        0.02416693,
        0.998228669
      ],
      [
        0.998521149,
        -0.001610168,
        -0.0543410741
      ]
    ],
    "translation": [
      2.17391372,
      0.7286626,
      -0.544498742
    ]
  },
  {
    "timeStamp": 5012,
    "rotation": [
      [
        -0.00183000241,
        0.999920547,
        -0.0124726109
      ],
      [
        0.0384311453,
        0.0125337411,
        0.999182642
      ],
      [
        0.999259531,
        0.00134916953,
        -0.03845103
      ]
    ],
    "translation": [
      2.17366242,
      0.7264229,
      -0.544486
    ]
  },
  {
    "timeStamp": 5068,
    "rotation": [
      [
        -0.0006678599,
        0.99995327,
        -0.009650505
      ],
      [
        0.0200207457,
        0.009661944,
        0.9997529
      ],
      [
        0.9997994,
        0.000474485627,
        -0.020026261
      ]
    ],
    "translation": [
      2.17347574,
      0.7256638,
      -0.54472065
    ]
  },
  {
    "timeStamp": 5112,
    "rotation": [
      [
        -0.0014751096,
        0.999958336,
        -0.00900636148
      ],
      [
        0.01707408,
        0.009030243,
        0.999813437
      ],
      [
        0.9998531,
        0.00132105045,
        -0.01708669
      ]
    ],
    "translation": [
      2.17353058,
      0.7255994,
      -0.5446219
    ]
  }
]