[
  {
    "timeStamp": 39852,
    "rotation": [
      [
        0.96691,
        -0.254914016,
        0.0101944376
      ],
      [
        -0.007709991,
        0.01074354,
        0.99991256
      ],
      [
        -0.255001277,
        -0.9669041,
        0.008422651
      ]
    ],
    "translation": [
      1.15314293,
      0.7034191,
      -0.613157034
    ]
  },
  {
    "timeStamp": 39904,
    "rotation": [
      [
        0.9378664,
        -0.321887672,
        0.12959525
      ],
      [
        -0.119358435,
        0.0514273159,
        0.991518438
      ],
      [
        -0.3258223,
        -0.9453801,
        0.009811943
      ]
    ],
    "translation": [
      1.14673233,
      0.707412958,
      -0.6083266
    ]
  },
  {
    "timeStamp": 39947,
    "rotation": [
      [
        0.9130685,
        -0.3502823,
        0.208825931
      ],
      [
        -0.178943962,
        0.116003886,
        0.9769965
      ],
      [
        -0.3664492,
        -0.929432869,
        0.0432385877
      ]
    ],
    "translation": [
      1.1402061,
      0.7287713,
      -0.60239774
    ]
  },
  {
    "timeStamp": 40003,
    "rotation": [
      [
        0.858295739,
        -0.393606931,
        0.329244673
      ],
      [
        -0.284108967,
        0.169807419,
        0.9436353
      ],
      [
        -0.42732957,
        -0.9034595,
        0.03391772
      ]
    ],
    "translation": [
      1.13554084,
      0.772380352,
      -0.5899009
    ]
  },
  {
    "timeStamp": 40048,
    "rotation": [
      [
        0.8077735,
        -0.3955646,
        0.437070519
      ],
      [
        -0.384872854,
        0.2077141,
        0.8992929
      ],
      [
        -0.44651413,
        -0.8946415,
        0.015543866
      ]
    ],
    "translation": [
      1.13686085,
      0.8229983,
      -0.5806786
    ]
  },
  {
    "timeStamp": 40103,
    "rotation": [
      [
        0.6954291,
        -0.382288635,
        0.608468354
      ],
      [
        -0.538158655,
        0.284053028,
        0.7935358
      ],
      [
        -0.476197,
        -0.8793004,
        -0.008193214
      ]
    ],
    "translation": [
      1.15129113,
      0.910488,
      -0.5741704
    ]
  },
  {
    "timeStamp": 40147,
    "rotation": [
      [
        0.5948419,
        -0.364259571,
        0.716573834
      ],
      [
        -0.6257656,
        0.349703342,
        0.697226644
      ],
      [
        -0.504559755,
        -0.8631469,
        -0.0199229
      ]
    ],
    "translation": [
      1.17556345,
      0.9849159,
      -0.575416
    ]
  },
  {
    "timeStamp": 40203,
    "rotation": [
      [
        0.476124048,
        -0.333073646,
        0.8138599
      ],
      [
        -0.69945693,
        0.4174891,
        0.5800542
      ],
      [
        -0.5329784,
        -0.8454377,
        -0.03419405
      ]
    ],
    "translation": [
      1.22615683,
      1.07078922,
      -0.5829819
    ]
  },
  {
    "timeStamp": 40248,
    "rotation": [
      [
        0.394097239,
        -0.337590337,
        0.854821742
      ],
      [
        -0.7129572,
        0.474645674,
        0.516142964
      ],
      [
        -0.5799823,
        -0.8128618,
        -0.0536309034
      ]
    ],
    "translation": [
      1.27455521,
      1.12307823,
      -0.5900303
    ]
  },
  {
    "timeStamp": 40304,
    "rotation": [
      [
        0.318951458,
        -0.352297574,
        0.879861534
      ],
      [
        -0.6660217,
        0.577171147,
        0.47253412
      ],
      [
        -0.674303353,
        -0.73672235,
        -0.0505482554
      ]
    ],
    "translation": [
      1.33635676,
      1.161572,
      -0.5990128
    ]
  },
  {
    "timeStamp": 40350,
    "rotation": [
      [
        0.2528614,
        -0.373792529,
        0.892379
      ],
      [
        -0.6019417,
        0.6613205,
        0.4475727
      ],
      [
        -0.7574479,
        -0.65033406,
        -0.05777889
      ]
    ],
    "translation": [
      1.39308763,
      1.182744,
      -0.606287539
    ]
  },
  {
    "timeStamp": 40406,
    "rotation": [
      [
        0.163413614,
        -0.398732573,
        0.902390361
      ],
      [
        -0.493489176,
        0.7589914,
        0.424735755
      ],
      [
        -0.854262531,
        -0.5147275,
        -0.072740674
      ]
    ],
    "translation": [
      1.46125078,
      1.19362056,
      -0.614824
    ]
  },
  {
    "timeStamp": 40451,
    "rotation": [
      [
        0.0784083,
        -0.4368094,
        0.8961304
      ],
      [
        -0.446100384,
        0.788506567,
        0.4233815
      ],
      [
        -0.8915417,
        -0.432960749,
        -0.133035377
      ]
    ],
    "translation": [
      1.51927769,
      1.19524848,
      -0.6218227
    ]
  },
  {
    "timeStamp": 40508,
    "rotation": [
      [
        -0.0290757846,
        -0.4854184,
        0.8737984
      ],
      [
        -0.380612552,
        0.8136919,
        0.4393627
      ],
      [
        -0.9242774,
        -0.3198038,
        -0.208415061
      ]
    ],
    "translation": [
      1.592002,
      1.18990266,
      -0.631947935
    ]
  },
  {
    "timeStamp": 40552,
    "rotation": [
      [
        -0.117507093,
        -0.52404356,
        0.8435464
      ],
      [
        -0.341760218,
        0.818885,
        0.4611153
      ],
      [
        -0.932411969,
        -0.234106272,
        -0.27532202
      ]
    ],
    "translation": [
      1.65122974,
      1.18346441,
      -0.643242955
    ]
  },
  {
    "timeStamp": 40607,
    "rotation": [
      [
        -0.210406736,
        -0.5452547,
        0.811434746
      ],
      [
        -0.285738826,
        0.8280705,
        0.4823407
      ],
      [
        -0.9349237,
        -0.130370662,
        -0.330032051
      ]
    ],
    "translation": [
      1.72349906,
      1.17602348,
      -0.661489666
    ]
  },
  {
    "timeStamp": 40652,
    "rotation": [
      [
        -0.263609827,
        -0.559472,
        0.7858122
      ],
      [
        -0.2674838,
        0.8250763,
        0.4976962
      ],
      [
        -0.926802158,
        -0.07899445,
        -0.367147952
      ]
    ],
    "translation": [
      1.77385819,
      1.1714679,
      -0.6769601
    ]
  },
  {
    "timeStamp": 40707,
    "rotation": [
      [
        -0.317617983,
        -0.5479188,
        0.773888767
      ],
      [
        -0.2318206,
        0.836253345,
        0.496930033
      ],
      [
        -0.919444442,
        -0.0215694476,
        -0.392627984
      ]
    ],
    "translation": [
      1.8333106,
      1.16845787,
      -0.697434962
    ]
  },
  {
    "timeStamp": 40752,
    "rotation": [
      [
        -0.335182935,
        -0.579885364,
        0.742553234
      ],
      [
        -0.244472653,
        0.814681,
        0.5258593
      ],
      [
        -0.9098821,
        -0.0052749007,
        -0.4148333
      ]
    ],
    "translation": [
      1.87480974,
      1.16322124,
      -0.7102847
    ]
  },
  {
    "timeStamp": 40807,
    "rotation": [
      [
        -0.383699924,
        -0.6065522,
        0.6963252
      ],
      [
        -0.235034257,
        0.793353736,
        0.5615592
      ],
      [
        -0.893047154,
        0.0518099554,
        -0.446970344
      ]
    ],
    "translation": [
      1.92555821,
      1.15107286,
      -0.7201638
    ]
  },
  {
    "timeStamp": 40851,
    "rotation": [
      [
        -0.415018439,
        -0.619889557,
        0.6659555
      ],
      [
        -0.2333629,
        0.780010462,
        0.580625057
      ],
      [
        -0.879375637,
        0.0855608061,
        -0.468377948
      ]
    ],
    "translation": [
      1.96530712,
      1.1405344,
      -0.7276412
    ]
  },
  {
    "timeStamp": 40907,
    "rotation": [
      [
        -0.4161524,
        -0.6771243,
        0.606893659
      ],
      [
        -0.267591774,
        0.7290755,
        0.6299552
      ],
      [
        -0.8690293,
        0.0997576,
        -0.484599382
      ]
    ],
    "translation": [
      2.010869,
      1.12644494,
      -0.7381648
    ]
  },
  {
    "timeStamp": 40952,
    "rotation": [
      [
        -0.3584056,
        -0.7325155,
        0.5787629
      ],
      [
        -0.275273055,
        0.6753067,
        0.6842409
      ],
      [
        -0.8920595,
        0.08591792,
        -0.443675458
      ]
    ],
    "translation": [
      2.04053736,
      1.11115265,
      -0.749042332
    ]
  },
  {
    "timeStamp": 41007,
    "rotation": [
      [
        -0.180739224,
        -0.8727419,
        0.453492016
      ],
      [
        -0.366259038,
        0.4876465,
        0.792499363
      ],
      [
        -0.912791133,
        -0.0228598174,
        -0.407786459
      ]
    ],
    "translation": [
      2.07520819,
      1.08670807,
      -0.760681331
    ]
  },
  {
    "timeStamp": 41052,
    "rotation": [
      [
        -0.052827362,
        -0.910216868,
        0.41074875
      ],
      [
        -0.327950865,
        0.404322684,
        0.8537982
      ],
      [
        -0.943216562,
        -0.08960151,
        -0.3198657
      ]
    ],
    "translation": [
      2.10048151,
      1.0654552,
      -0.7685729
    ]
  },
  {
    "timeStamp": 41107,
    "rotation": [
      [
        0.122299492,
        -0.9435795,
        0.3077345
      ],
      [
        -0.294853061,
        0.261520743,
        0.9190585
      ],
      [
        -0.947683752,
        -0.203136861,
        -0.246233448
      ]
    ],
    "translation": [
      2.13348174,
      1.036322,
      -0.7734059
    ]
  },
  {
    "timeStamp": 41152,
    "rotation": [
      [
        0.2957469,
        -0.934659064,
        0.197347835
      ],
      [
        -0.2385055,
        0.127799109,
        0.9626954
      ],
      [
        -0.9250129,
        -0.331782758,
        -0.185125127
      ]
    ],
    "translation": [
      2.15504265,
      1.01126134,
      -0.7795431
    ]
  },
  {
    "timeStamp": 41207,
    "rotation": [
      [
        0.4434541,
        -0.8895719,
        0.10959132
      ],
      [
        -0.1576228,
        0.0429649428,
        0.9865643
      ],
      [
        -0.882328451,
        -0.454770058,
        -0.121163838
      ]
    ],
    "translation": [
      2.17516041,
      0.981939256,
      -0.7845277
    ]
  },
  {
    "timeStamp": 41251,
    "rotation": [
      [
        0.5477243,
        -0.8354383,
        0.0451769978
      ],
      [
        -0.08806487,
        -0.00387118384,
        0.9961072
      ],
      [
        -0.8320112,
        -0.5495706,
        -0.0756931
      ]
    ],
    "translation": [
      2.18739772,
      0.959134,
      -0.7880254
    ]
  },
  {
    "timeStamp": 41307,
    "rotation": [
      [
        0.626083255,
        -0.779129863,
        -0.0312471129
      ],
      [
        -0.002435907,
        -0.042027,
        0.9991135
      ],
      [
        -0.779752433,
        -0.6254521,
        -0.02821029
      ]
    ],
    "translation": [
      2.200094,
      0.9310335,
      -0.787170053
    ]
  },
  {
    "timeStamp": 41352,
    "rotation": [
      [
        0.647698045,
        -0.7603278,
        -0.0488755144
      ],
      [
        0.0430752151,
        -0.0275038052,
        0.998693168
      ],
      [
        -0.76067847,
        -0.648956954,
        0.0149371251
      ]
    ],
    "translation": [
      2.20308,
      0.911736965,
      -0.783615649
    ]
  },
  {
    "timeStamp": 41407,
    "rotation": [
      [
        0.68046993,
        -0.728353262,
        -0.08038829
      ],
      [
        0.0886158,
        -0.0271049887,
        0.995697
      ],
      [
        -0.7273981,
        -0.684665561,
        0.04609947
      ]
    ],
    "translation": [
      2.20186639,
      0.8895415,
      -0.778803051
    ]
  },
  {
    "timeStamp": 41452,
    "rotation": [
      [
        0.697795868,
        -0.7098525,
        -0.09586562
      ],
      [
        0.124008693,
        -0.0120952213,
        0.9922074
      ],
      [
        -0.705480456,
        -0.7042464,
        0.07958789
      ]
    ],
    "translation": [
      2.19885945,
      0.8763583,
      -0.7754102
    ]
  },
  {
    "timeStamp": 41507,
    "rotation": [
      [
        0.729926,
        -0.6699377,
        -0.135615349
      ],
      [
        0.16994594,
        -0.0143006891,
        0.9853496
      ],
      [
        -0.6620622,
        -0.7422796,
        0.103414752
      ]
    ],
    "translation": [
      2.194957,
      0.8546483,
      -0.7769435
    ]
  },
  {
    "timeStamp": 41551,
    "rotation": [
      [
        0.7458608,
        -0.645175338,
        -0.165651575
      ],
      [
        0.213190615,
        -0.00438825553,
        0.9770008
      ],
      [
        -0.631063759,
        -0.764021933,
        0.1342723
      ]
    ],
    "translation": [
      2.19283128,
      0.836524963,
      -0.7807347
    ]
  },
  {
    "timeStamp": 41607,
    "rotation": [
      [
        0.747515738,
        -0.642039955,
        -0.170308545
      ],
      [
        0.23413834,
        0.0147445742,
        0.9720915
      ],
      [
        -0.621610463,
        -0.766529441,
        0.16134797
      ]
    ],
    "translation": [
      2.18751216,
      0.8155386,
      -0.7831999
    ]
  },
  {
    "timeStamp": 41651,
    "rotation": [
      [
        0.747803867,
        -0.6341676,
        -0.196522042
      ],
      [
        0.267741024,
        0.0171889756,
        0.9633376
      ],
      [
        -0.6075395,
        -0.773004532,
        0.182646662
      ]
    ],
    "translation": [
      2.18615437,
      0.7992572,
      -0.786172152
    ]
  },
  {
    "timeStamp": 41707,
    "rotation": [
      [
        0.7399668,
        -0.6439382,
        -0.19440341
      ],
      [
        0.2758918,
        0.0269683916,
        0.9608103
      ],
      [
        -0.6134597,
        -0.764602,
        0.197612986
      ]
    ],
    "translation": [
      2.18205881,
      0.7821208,
      -0.7866081
    ]
  },
  {
    "timeStamp": 41751,
    "rotation": [
      [
        0.733749866,
        -0.649212658,
        -0.200334966
      ],
      [
        0.277876467,
        0.0176818836,
        0.960454047
      ],
      [
        -0.6199966,
        -0.7604014,
        0.193375
      ]
    ],
    "translation": [
      2.18025,
      0.771020055,
      -0.784000754
    ]
  },
  {
    "timeStamp": 41807,
    "rotation": [
      [
        0.741093338,
        -0.63635397,
        -0.214089409
      ],
      [
        0.2784808,
        0.0011943084,
        0.960441053
      ],
      [
        -0.6109248,
        -0.7713963,
        0.178097457
      ]
    ],
    "translation": [
      2.17925954,
      0.757575035,
      -0.7815134
    ]
  },
  {
    "timeStamp": 41851,
    "rotation": [
      [
        0.7332889,
        -0.6473401,
        -0.207937911
      ],
      [
        0.274622023,
        0.00221620081,
        0.9615497
      ],
      [
        -0.6219889,
        -0.762198031,
        0.179398969
      ]
    ],
    "translation": [
      2.17662978,
      0.7510544,
      -0.7784817
    ]
  },
  {
    "timeStamp": 41907,
    "rotation": [
      [
        0.7320008,
        -0.6453303,
        -0.218457073
      ],
      [
        0.283872545,
        -0.00259475154,
        0.9588585
      ],
      [
        -0.6193473,
        -0.7638992,
        0.1812922
      ]
    ],
    "translation": [
      2.1759758,
      0.7454404,
      -0.7768899
    ]
  },
  {
    "timeStamp": 41951,
    "rotation": [
      [
        0.7369928,
        -0.6396407,
        -0.218406767
      ],
      [
        0.2808751,
        -0.004080226,
        0.9597357
      ],
      [
        -0.614777148,
        -0.7686632,
        0.176652029
      ]
    ],
    "translation": [
      2.1750114,
      0.741062641,
      -0.7757086
    ]
  },
  {
    "timeStamp": 42007,
    "rotation": [
      [
        0.755545259,
        -0.6293041,
        -0.182010129
      ],
      [
        0.229322016,
        -0.0061861123,
        0.973331
      ],
      [
        -0.6136471,
        -0.7771345,
        0.139639392
      ]
    ],
    "translation": [
      2.17339015,
      0.7361201,
      -0.773176
    ]
  },
  {
    "timeStamp": 42051,
    "rotation": [
      [
        0.768459857,
        -0.6245401,
        -0.139353052
      ],
      [
        0.177855909,
        -0.000730359752,
        0.9840563
      ],
      [
        -0.6146844,
        -0.780992448,
        0.110516891
      ]
    ],
    "translation": [
      2.17120242,
      0.7324706,
      -0.770739853
    ]
  },
  {
    "timeStamp": 42107,
    "rotation": [
      [
        0.784100533,
        -0.6103951,
        -0.112268522
      ],
      [
        0.150316745,
        0.0112676779,
        0.9885737
      ],
      [
        -0.6021555,
        -0.792017,
        0.100587592
      ]
    ],
    "translation": [
      2.16858435,
      0.7299316,
      -0.7676178
    ]
  },
  {
    "timeStamp": 42151,
    "rotation": [
      [
        0.791227639,
        -0.6036369,
        -0.09788374
      ],
      [
        0.138138741,
        0.0205001552,
        0.9902007
      ],
      [
        -0.5957151,
        -0.7969957,
        0.09960594
      ]
    ],
    "translation": [
      2.168494,
      0.7284014,
      -0.766862631
    ]
  },
  {
    "timeStamp": 42207,
    "rotation": [
      [
        0.7989239,
        -0.5952143,
        -0.08625902
      ],
      [
        0.118010931,
        0.0145067545,
        0.992906332
      ],
      [
        -0.5897407,
        -0.8034361,
        0.08183158
      ]
    ],
    "translation": [
      2.16816616,
      0.7275511,
      -0.7659474
    ]
  },
  {
    "timeStamp": 42251,
    "rotation": [
      [
        0.8025164,
        -0.592155755,
        -0.07293148
      ],
      [
        0.100153722,
        0.0132002514,
        0.994884431
      ],
      [
        -0.588163853,
        -0.8057154,
        0.06990002
      ]
    ],
    "translation": [
      2.16809964,
      0.7266264,
      -0.765666366
    ]
  },
  {
    "timeStamp": 42306,
    "rotation": [
      [
        0.815161765,
        -0.575247467,
        -0.0678355247
      ],
      [
        0.09409753,
        0.0159563348,
        0.9954351
      ],
      [
        -0.571539164,
        -0.817823768,
        0.06713636
      ]
    ],
    "translation": [
      2.16755152,
      0.7260067,
      -0.7637077
    ]
  },
  {
    "timeStamp": 42351,
    "rotation": [
      [
        0.82122016,
        -0.5655207,
        -0.0760509
      ],
      [
        0.1063057,
        0.02068322,
        0.994118333
      ],
      [
        -0.56062156,
        -0.8244747,
        0.0771035552
      ]
    ],
    "translation": [
      2.16719556,
      0.7264164,
      -0.762536049
    ]
  },
  {
    "timeStamp": 42407,
    "rotation": [
      [
        0.8274617,
        -0.561088145,
        -0.0220719445
      ],
      [
        0.0454922467,
        0.0278076567,
        0.9985776
      ],
      [
        -0.5596763,
        -0.827288866,
        0.0485349335
      ]
    ],
    "translation": [
      2.166974,
      0.7220701,
      -0.7621921
    ]
  }
]