[
  {
    "timeStamp": 43472,
    "rotation": [
      [
        0.879293,
        0.329591542,
        0.343821466
      ],
      [
        -0.14000985,
        0.868863463,
        -0.474840552
      ],
      [
        -0.4552373,
        0.3693856,
        0.810131669
      ]
    ],
    "translation": [
      1.77526522,
      0.770370364,
      -0.824711561
    ]
  },
  {
    "timeStamp": 43528,
    "rotation": [
      [
        0.8402781,
        0.3753043,
        0.3912537
      ],
      [
        -0.1489392,
        0.853693843,
        -0.49902302
      ],
      [
        -0.5212964,
        0.3610451,
        0.7732377
      ]
    ],
    "translation": [
      1.77591527,
      0.7712531,
      -0.820155561
    ]
  },
  {
    "timeStamp": 43573,
    "rotation": [
      [
        0.833136261,
        0.408934146,
        0.372366667
      ],
      [
        -0.161097527,
        0.8235128,
        -0.5439432
      ],
      [
        -0.5290857,
        0.393191457,
        0.7519766
      ]
    ],
    "translation": [
      1.77914166,
      0.772475,
      -0.81849885
    ]
  },
  {
    "timeStamp": 43618,
    "rotation": [
      [
        0.8261689,
        0.42263943,
        0.372586668
      ],
      [
        -0.175054565,
        0.8211136,
        -0.5432571
      ],
      [
        -0.5355379,
        0.383599132,
        0.7523635
      ]
    ],
    "translation": [
      1.78085184,
      0.787051439,
      -0.8152011
    ]
  },
  {
    "timeStamp": 43672,
    "rotation": [
      [
        0.7768719,
        0.5044597,
        0.376816243
      ],
      [
        -0.245422751,
        0.7937094,
        -0.556590557
      ],
      [
        -0.5798601,
        0.339920282,
        0.7404164
      ]
    ],
    "translation": [
      1.78554749,
      0.8196182,
      -0.8028797
    ]
  },
  {
    "timeStamp": 43718,
    "rotation": [
      [
        0.734558761,
        0.56867,
        0.370186269
      ],
      [
        -0.313367337,
        0.7681998,
        -0.55827415
      ],
      [
        -0.601850748,
        0.2940809,
        0.7424905
      ]
    ],
    "translation": [
      1.79448,
      0.8546522,
      -0.794244349
    ]
  },
  {
    "timeStamp": 43772,
    "rotation": [
      [
        0.6617614,
        0.6495012,
        0.3744597
      ],
      [
        -0.403987825,
        0.7296808,
        -0.5516882
      ],
      [
        -0.6315582,
        0.21380879,
        0.7452651
      ]
    ],
    "translation": [
      1.81740379,
      0.9049308,
      -0.78706944
    ]
  },
  {
    "timeStamp": 43828,
    "rotation": [
      [
        0.5367147,
        0.740538836,
        0.404400319
      ],
      [
        -0.491748422,
        0.664002061,
        -0.5632803
      ],
      [
        -0.685653567,
        0.103457548,
        0.720538437
      ]
    ],
    "translation": [
      1.853835,
      0.9609496,
      -0.778443038
    ]
  },
  {
    "timeStamp": 43872,
    "rotation": [
      [
        0.451937884,
        0.7772284,
        0.4377992
      ],
      [
        -0.5488063,
        0.629161239,
        -0.550425053
      ],
      [
        -0.703252256,
        0.008490979,
        0.7108897
      ]
    ],
    "translation": [
      1.8906976,
      1.00086641,
      -0.773969352
    ]
  },
  {
    "timeStamp": 43928,
    "rotation": [
      [
        0.353439629,
        0.78583914,
        0.5074813
      ],
      [
        -0.6049454,
        0.6057997,
        -0.516766667
      ],
      [
        -0.7135275,
        -0.124352679,
        0.6895034
      ]
    ],
    "translation": [
      1.94543588,
      1.04374063,
      -0.768545747
    ]
  },
  {
    "timeStamp": 43972,
    "rotation": [
      [
        0.259572476,
        0.778624,
        0.5712853
      ],
      [
        -0.6360289,
        0.5829789,
        -0.505571842
      ],
      [
        -0.7266977,
        -0.232121438,
        0.646552563
      ]
    ],
    "translation": [
      1.99101162,
      1.067112,
      -0.766839
    ]
  },
  {
    "timeStamp": 44028,
    "rotation": [
      [
        0.179093912,
        0.7361668,
        0.652674437
      ],
      [
        -0.668557346,
        0.5777589,
        -0.468215555
      ],
      [
        -0.7217732,
        -0.35249573,
        0.595642745
      ]
    ],
    "translation": [
      2.04643035,
      1.0813874,
      -0.766536653
    ]
  },
  {
    "timeStamp": 44072,
    "rotation": [
      [
        0.123187646,
        0.6811986,
        0.7216601
      ],
      [
        -0.6693451,
        0.593918145,
        -0.4463613
      ],
      [
        -0.7326677,
        -0.428053439,
        0.529120266
      ]
    ],
    "translation": [
      2.089157,
      1.07843721,
      -0.7680443
    ]
  },
  {
    "timeStamp": 44128,
    "rotation": [
      [
        0.08181236,
        0.5804267,
        0.810192347
      ],
      [
        -0.632498443,
        0.658475757,
        -0.407866955
      ],
      [
        -0.770228863,
        -0.479076833,
        0.4209904
      ]
    ],
    "translation": [
      2.140252,
      1.05596447,
      -0.7676013
    ]
  },
  {
    "timeStamp": 44172,
    "rotation": [
      [
        0.0477168746,
        0.517182231,
        0.8545441
      ],
      [
        -0.5735281,
        0.714622736,
        -0.4004746
      ],
      [
        -0.817795,
        -0.470995635,
        0.3307181
      ]
    ],
    "translation": [
      2.17385054,
      1.02875471,
      -0.7668842
    ]
  },
  {
    "timeStamp": 44228,
    "rotation": [
      [
        0.0261243582,
        0.495043755,
        0.8684752
      ],
      [
        -0.4730977,
        0.7714438,
        -0.425503284
      ],
      [
        -0.8806225,
        -0.399757624,
        0.254357547
      ]
    ],
    "translation": [
      2.20169759,
      0.9876058,
      -0.768312454
    ]
  },
  {
    "timeStamp": 44272,
    "rotation": [
      [
        0.0360347,
        0.488518327,
        0.871809244
      ],
      [
        -0.42227596,
        0.798111856,
        -0.429767966
      ],
      [
        -0.9057508,
        -0.3526575,
        0.235049263
      ]
    ],
    "translation": [
      2.21434474,
      0.9553639,
      -0.7687423
    ]
  },
  {
    "timeStamp": 44328,
    "rotation": [
      [
        0.03680556,
        0.4990214,
        0.8658078
      ],
      [
        -0.3150723,
        0.8280005,
        -0.463836879
      ],
      [
        -0.948353767,
        -0.255720258,
        0.18770285
      ]
    ],
    "translation": [
      2.22337532,
      0.9128969,
      -0.7720288
    ]
  },
  {
    "timeStamp": 44372,
    "rotation": [
      [
        0.08955276,
        0.494985938,
        0.8642738
      ],
      [
        -0.25276956,
        0.8506447,
        -0.4609893
      ],
      [
        -0.9633731,
        -0.177179232,
        0.201294959
      ]
    ],
    "translation": [
      2.22420144,
      0.8859115,
      -0.7755729
    ]
  },
  {
    "timeStamp": 44428,
    "rotation": [
      [
        0.09978342,
        0.501615,
        0.859316945
      ],
      [
        -0.19263418,
        0.8570266,
        -0.477909476
      ],
      [
        -0.97618407,
        -0.117846385,
        0.182145253
      ]
    ],
    "translation": [
      2.225786,
      0.856277764,
      -0.7794457
    ]
  },
  {
    "timeStamp": 44472,
    "rotation": [
      [
        0.121168144,
        0.5002455,
        0.8573638
      ],
      [
        -0.174003243,
        0.861058,
        -0.477809638
      ],
      [
        -0.977262139,
        -0.09128879,
        0.191377118
      ]
    ],
    "translation": [
      2.2262702,
      0.838242,
      -0.78109
    ]
  },
  {
    "timeStamp": 44528,
    "rotation": [
      [
        0.1487053,
        0.4764835,
        0.8665161
      ],
      [
        -0.119460747,
        0.8784973,
        -0.462570727
      ],
      [
        -0.9816394,
        -0.0347279459,
        0.187558264
      ]
    ],
    "translation": [
      2.22870183,
      0.812465668,
      -0.786756933
    ]
  },
  {
    "timeStamp": 44573,
    "rotation": [
      [
        0.156285077,
        0.464266658,
        0.87179786
      ],
      [
        -0.07967624,
        0.8856932,
        -0.4573831
      ],
      [
        -0.984493136,
        0.00202057487,
        0.175411656
      ]
    ],
    "translation": [
      2.233218,
      0.7961778,
      -0.7916193
    ]
  },
  {
    "timeStamp": 44628,
    "rotation": [
      [
        0.161737829,
        0.4890826,
        0.857110858
      ],
      [
        -0.105231218,
        0.8721418,
        -0.477802277
      ],
      [
        -0.981207,
        -0.01291612,
        0.192525089
      ]
    ],
    "translation": [
      2.23860455,
      0.7909773,
      -0.7968371
    ]
  },
  {
    "timeStamp": 44672,
    "rotation": [
      [
        0.20438689,
        0.499836355,
        0.841658831
      ],
      [
        -0.168067127,
        0.86496,
        -0.4728611
      ],
      [
        -0.964354455,
        -0.04480858,
        0.260792553
      ]
    ],
    "translation": [
      2.23917127,
      0.7911289,
      -0.802267551
    ]
  },
  {
    "timeStamp": 44728,
    "rotation": [
      [
        0.219089031,
        0.505193,
        0.8347335
      ],
      [
        -0.1846765,
        0.861525238,
        -0.472936451
      ],
      [
        -0.958068132,
        -0.0505404733,
        0.282048
      ]
    ],
    "translation": [
      2.23941326,
      0.791217864,
      -0.8037633
    ]
  },
  {
    "timeStamp": 44772,
    "rotation": [
      [
        0.192431688,
        0.5032431,
        0.842446744
      ],
      [
        -0.19379051,
        0.8610733,
        -0.470104218
      ],
      [
        -0.961985052,
        -0.0727952346,
        0.263221532
      ]
    ],
    "translation": [
      2.23918724,
      0.791202664,
      -0.803732455
    ]
  },
  {
    "timeStamp": 44828,
    "rotation": [
      [
        0.159755588,
        0.485645354,
        0.859433949
      ],
      [
        -0.19391723,
        0.8690914,
        -0.4550563
      ],
      [
        -0.9679227,
        -0.09396127,
        0.233017191
      ]
    ],
    "translation": [
      2.23771548,
      0.7909611,
      -0.8030917
    ]
  },
  {
    "timeStamp": 44872,
    "rotation": [
      [
        0.158365041,
        0.468133152,
        0.8693514
      ],
      [
        -0.187296182,
        0.8787192,
        -0.43905887
      ],
      [
        -0.969453752,
        -0.09329462,
        0.226837963
      ]
    ],
    "translation": [
      2.23632765,
      0.7905456,
      -0.802671254
    ]
  },
  {
    "timeStamp": 44928,
    "rotation": [
      [
        0.14850083,
        0.481295735,
        0.8638876
      ],
      [
        -0.171473533,
        0.8728729,
        -0.456825674
      ],
      [
        -0.9739324,
        -0.08029488,
        0.212151825
      ]
    ],
    "translation": [
      2.23739,
      0.7908229,
      -0.801193357
    ]
  }
]