[
  {
    "timeStamp": 2,
    "rotation": [
      [
        0.847529054,
        -0.279676318,
        -0.4510827
      ],
      [
        0.008721961,
        0.8571228,
        -0.515038252
      ],
      [
        0.530677259,
        0.432575554,
        0.7288758
      ]
    ],
    "translation": [
      1.796537,
      1.62154055,
      -1.17067826
    ]
  },
  {
    "timeStamp": 14,
    "rotation": [
      [
        0.8484379,
        -0.279710084,
        -0.44934994
      ],
      [
        0.008921772,
        0.856396556,
        -0.51624167
      ],
      [
        0.5292197,
        0.43399,
        0.729094744
      ]
    ],
    "translation": [
      1.79669666,
      1.62141168,
      -1.17075241
    ]
  },
  {
    "timeStamp": 34,
    "rotation": [
      [
        0.862959445,
        -0.28818354,
        -0.415031642
      ],
      [
        0.00796096,
        0.829053342,
        -0.559112847
      ],
      [
        0.5052105,
        0.479187667,
        0.717733562
      ]
    ],
    "translation": [
      1.78383183,
      1.61546016,
      -1.16355777
    ]
  },
  {
    "timeStamp": 87,
    "rotation": [
      [
        0.871349156,
        -0.294339448,
        -0.3925749
      ],
      [
        0.007476091,
        0.807961166,
        -0.589188337
      ],
      [
        0.490606636,
        0.5104538,
        0.706216753
      ]
    ],
    "translation": [
      1.78041,
      1.611344,
      -1.16009057
    ]
  },
  {
    "timeStamp": 132,
    "rotation": [
      [
        0.8807356,
        -0.285429448,
        -0.377934873
      ],
      [
        -0.002821505,
        0.794814169,
        -0.6068463
      ],
      [
        0.473599821,
        0.5355375,
        0.69921577
      ]
    ],
    "translation": [
      1.77647686,
      1.60790861,
      -1.15560973
    ]
  },
  {
    "timeStamp": 187,
    "rotation": [
      [
        0.889568865,
        -0.2765342,
        -0.363587767
      ],
      [
        -0.0130348494,
        0.780252457,
        -0.625328839
      ],
      [
        0.456615061,
        0.5610124,
        0.690483749
      ]
    ],
    "translation": [
      1.771986,
      1.604821,
      -1.14861131
    ]
  },
  {
    "timeStamp": 232,
    "rotation": [
      [
        0.899869442,
        -0.26730755,
        -0.3446471
      ],
      [
        -0.0189601351,
        0.76546526,
        -0.643197834
      ],
      [
        0.435747027,
        0.585328639,
        0.6837506
      ]
    ],
    "translation": [
      1.76878262,
      1.60215461,
      -1.14291382
    ]
  },
  {
    "timeStamp": 363,
    "rotation": [
      [
        0.9028796,
        -0.265422672,
        -0.3381703
      ],
      [
        -0.018706819,
        0.7616349,
        -0.6477363
      ],
      [
        0.429486215,
        0.591154,
        0.6826994
      ]
    ],
    "translation": [
      1.76805353,
      1.60105348,
      -1.14127469
    ]
  },
  {
    "timeStamp": 364,
    "rotation": [
      [
        0.9028796,
        -0.265422672,
        -0.3381703
      ],
      [
        -0.018706819,
        0.7616349,
        -0.6477363
      ],
      [
        0.429486215,
        0.591154,
        0.6826994
      ]
    ],
    "translation": [
      1.76805353,
      1.60105348,
      -1.14127469
    ]
  },
  {
    "timeStamp": 400,
    "rotation": [
      [
        0.93514365,
        -0.244231239,
        -0.2566271
      ],
      [
        -0.0196741167,
        0.6874653,
        -0.725950658
      ],
      [
        0.3537221,
        0.683917046,
        0.6380738
      ]
    ],
    "translation": [
      1.75707722,
      1.58332264,
      -1.12088859
    ]
  },
  {
    "timeStamp": 454,
    "rotation": [
      [
        0.943739,
        -0.2366374,
        -0.2309965
      ],
      [
        -0.0181866214,
        0.6603292,
        -0.750756
      ],
      [
        0.3301907,
        0.7127188,
        0.6188748
      ]
    ],
    "translation": [
      1.753287,
      1.575645,
      -1.11380529
    ]
  },
  {
    "timeStamp": 499,
    "rotation": [
      [
        0.9454478,
        -0.238552541,
        -0.2218585
      ],
      [
        -0.0160085168,
        0.646177053,
        -0.7630196
      ],
      [
        0.325380147,
        0.724946856,
        0.607107759
      ]
    ],
    "translation": [
      1.75047088,
      1.57183921,
      -1.10740685
    ]
  },
  {
    "timeStamp": 554,
    "rotation": [
      [
        0.9487776,
        -0.232019782,
        -0.214447781
      ],
      [
        -0.0252082627,
        0.6209954,
        -0.7834087
      ],
      [
        0.3149374,
        0.7486865,
        0.5833378
      ]
    ],
    "translation": [
      1.74796259,
      1.56849909,
      -1.10068846
    ]
  },
  {
    "timeStamp": 599,
    "rotation": [
      [
        0.9504977,
        -0.227470726,
        -0.211686388
      ],
      [
        -0.0320514627,
        0.605846167,
        -0.794935942
      ],
      [
        0.309074044,
        0.762369633,
        0.568564653
      ]
    ],
    "translation": [
      1.746587,
      1.5667665,
      -1.09465671
    ]
  },
  {
    "timeStamp": 654,
    "rotation": [
      [
        0.951912165,
        -0.218002588,
        -0.215263039
      ],
      [
        -0.0456671156,
        0.593808353,
        -0.8033095
      ],
      [
        0.302948534,
        0.7745105,
        0.555297852
      ]
    ],
    "translation": [
      1.74562824,
      1.56527734,
      -1.08691573
    ]
  },
  {
    "timeStamp": 699,
    "rotation": [
      [
        0.9500948,
        -0.210723519,
        -0.2300335
      ],
      [
        -0.06124878,
        0.5970252,
        -0.7998809
      ],
      [
        0.305889517,
        0.774051964,
        0.554324031
      ]
    ],
    "translation": [
      1.74473357,
      1.5655818,
      -1.07981181
    ]
  },
  {
    "timeStamp": 754,
    "rotation": [
      [
        0.9442377,
        -0.205752566,
        -0.2570624
      ],
      [
        -0.084700264,
        0.602661252,
        -0.793489337
      ],
      [
        0.318184018,
        0.7710158,
        0.5516281
      ]
    ],
    "translation": [
      1.74490535,
      1.56655228,
      -1.07046938
    ]
  },
  {
    "timeStamp": 799,
    "rotation": [
      [
        0.938950539,
        -0.202597216,
        -0.278076
      ],
      [
        -0.102814652,
        0.60607785,
        -0.7887324
      ],
      [
        0.3283307,
        0.769171,
        0.548247159
      ]
    ],
    "translation": [
      1.74655557,
      1.56711555,
      -1.06318617
    ]
  },
  {
    "timeStamp": 856,
    "rotation": [
      [
        0.9308532,
        -0.199583635,
        -0.3060697
      ],
      [
        -0.124976926,
        0.613218069,
        -0.7799643
      ],
      [
        0.3433556,
        0.764283955,
        0.5458727
      ]
    ],
    "translation": [
      1.750636,
      1.56744194,
      -1.053006
    ]
  },
  {
    "timeStamp": 902,
    "rotation": [
      [
        0.9237341,
        -0.196757868,
        -0.328636
      ],
      [
        -0.144422382,
        0.61574465,
        -0.7745971
      ],
      [
        0.354763955,
        0.7629842,
        0.54036814
      ]
    ],
    "translation": [
      1.75509059,
      1.56753087,
      -1.04389107
    ]
  },
  {
    "timeStamp": 958,
    "rotation": [
      [
        0.9176974,
        -0.191177338,
        -0.3482566
      ],
      [
        -0.165806,
        0.612300158,
        -0.773043931
      ],
      [
        0.361026019,
        0.767163455,
        0.530207932
      ]
    ],
    "translation": [
      1.76022053,
      1.56801558,
      -1.034085
    ]
  },
  {
    "timeStamp": 1003,
    "rotation": [
      [
        0.9120416,
        -0.1880623,
        -0.364434749
      ],
      [
        -0.183069482,
        0.6084892,
        -0.772157
      ],
      [
        0.366968244,
        0.7709562,
        0.520539
      ]
    ],
    "translation": [
      1.76812232,
      1.5673461,
      -1.02022386
    ]
  },
  {
    "timeStamp": 1048,
    "rotation": [
      [
        0.915532,
        -0.194206983,
        -0.352256924
      ],
      [
        -0.176651612,
        0.5926373,
        -0.7858596
      ],
      [
        0.36138,
        0.781706333,
        0.5082714
      ]
    ],
    "translation": [
      1.77599955,
      1.56366646,
      -1.00798655
    ]
  },
  {
    "timeStamp": 1103,
    "rotation": [
      [
        0.9222224,
        -0.19657743,
        -0.3329612
      ],
      [
        -0.168696508,
        0.5702835,
        -0.8039392
      ],
      [
        0.34791854,
        0.7975801,
        0.492766261
      ]
    ],
    "translation": [
      1.7832998,
      1.55678988,
      -0.99074477
    ]
  },
  {
    "timeStamp": 1148,
    "rotation": [
      [
        0.92749995,
        -0.200264856,
        -0.3156545
      ],
      [
        -0.1623919,
        0.544711,
        -0.822750747
      ],
      [
        0.336708516,
        0.814361036,
        0.472698063
      ]
    ],
    "translation": [
      1.78722191,
      1.55106211,
      -0.977914035
    ]
  },
  {
    "timeStamp": 1203,
    "rotation": [
      [
        0.9326618,
        -0.20951657,
        -0.293674856
      ],
      [
        -0.149631888,
        0.5160623,
        -0.843380153
      ],
      [
        0.3282566,
        0.830531538,
        0.4499612
      ]
    ],
    "translation": [
      1.7898531,
      1.54437685,
      -0.963261664
    ]
  },
  {
    "timeStamp": 1248,
    "rotation": [
      [
        0.93530494,
        -0.216408744,
        -0.279949933
      ],
      [
        -0.142105952,
        0.494832158,
        -0.8572905
      ],
      [
        0.3240534,
        0.841610551,
        0.432066
      ]
    ],
    "translation": [
      1.789917,
      1.53966665,
      -0.953564048
    ]
  },
  {
    "timeStamp": 1303,
    "rotation": [
      [
        0.9382045,
        -0.215437576,
        -0.270848572
      ],
      [
        -0.137439385,
        0.486315817,
        -0.862906337
      ],
      [
        0.3176204,
        0.8468079,
        0.426654071
      ]
    ],
    "translation": [
      1.78621662,
      1.53752279,
      -0.941503644
    ]
  },
  {
    "timeStamp": 1348,
    "rotation": [
      [
        0.936844766,
        -0.216572747,
        -0.274623424
      ],
      [
        -0.138413653,
        0.491515279,
        -0.859799
      ],
      [
        0.321190655,
        0.843509853,
        0.430496931
      ]
    ],
    "translation": [
      1.78035855,
      1.53796434,
      -0.9329232
    ]
  },
  {
    "timeStamp": 1403,
    "rotation": [
      [
        0.9279651,
        -0.223052084,
        -0.29854396
      ],
      [
        -0.149863452,
        0.510118544,
        -0.8469475
      ],
      [
        0.3412062,
        0.8306786,
        0.439944863
      ]
    ],
    "translation": [
      1.76889122,
      1.54022169,
      -0.9227313
    ]
  },
  {
    "timeStamp": 1448,
    "rotation": [
      [
        0.9164333,
        -0.230872676,
        -0.3268759
      ],
      [
        -0.163844243,
        0.528751,
        -0.832812965
      ],
      [
        0.3651097,
        0.816774249,
        0.446737856
      ]
    ],
    "translation": [
      1.75682664,
      1.5429616,
      -0.9152001
    ]
  },
  {
    "timeStamp": 1503,
    "rotation": [
      [
        0.9040946,
        -0.23552388,
        -0.356569
      ],
      [
        -0.180011049,
        0.5468611,
        -0.8176423
      ],
      [
        0.387568027,
        0.8034123,
        0.4520173
      ]
    ],
    "translation": [
      1.7395916,
      1.54618335,
      -0.90676713
    ]
  },
  {
    "timeStamp": 1548,
    "rotation": [
      [
        0.8948171,
        -0.241571635,
        -0.375427
      ],
      [
        -0.187589347,
        0.559645951,
        -0.807221532
      ],
      [
        0.405108035,
        0.7927418,
        0.455464542
      ]
    ],
    "translation": [
      1.72403455,
      1.54829192,
      -0.9005314
    ]
  },
  {
    "timeStamp": 1603,
    "rotation": [
      [
        0.883952141,
        -0.2455628,
        -0.397903979
      ],
      [
        -0.196064427,
        0.5778993,
        -0.7922065
      ],
      [
        0.424484879,
        0.7782875,
        0.462689161
      ]
    ],
    "translation": [
      1.70162058,
      1.55101967,
      -0.892171264
    ]
  },
  {
    "timeStamp": 1659,
    "rotation": [
      [
        0.8748602,
        -0.246805623,
        -0.416781276
      ],
      [
        -0.2036928,
        0.5932115,
        -0.77885133
      ],
      [
        0.439464331,
        0.766281366,
        0.468704581
      ]
    ],
    "translation": [
      1.68077075,
      1.55299044,
      -0.885508835
    ]
  },
  {
    "timeStamp": 1703,
    "rotation": [
      [
        0.86749053,
        -0.245253429,
        -0.4327943
      ],
      [
        -0.209602,
        0.60881263,
        -0.7651236
      ],
      [
        0.451139838,
        0.75445205,
        0.4767336
      ]
    ],
    "translation": [
      1.652617,
      1.55476332,
      -0.877146959
    ]
  },
  {
    "timeStamp": 1758,
    "rotation": [
      [
        0.8665592,
        -0.243262991,
        -0.4357732
      ],
      [
        -0.209614158,
        0.6150096,
        -0.760148048
      ],
      [
        0.452920616,
        0.7500575,
        0.481950849
      ]
    ],
    "translation": [
      1.62738967,
      1.55547023,
      -0.8694806
    ]
  },
  {
    "timeStamp": 1803,
    "rotation": [
      [
        0.8727069,
        -0.236152366,
        -0.427334458
      ],
      [
        -0.203058928,
        0.6204072,
        -0.757536769
      ],
      [
        0.444015473,
        0.747881651,
        0.493480831
      ]
    ],
    "translation": [
      1.59443927,
      1.55675721,
      -0.8574671
    ]
  },
  {
    "timeStamp": 1858,
    "rotation": [
      [
        0.880938649,
        -0.2336503,
        -0.4115273
      ],
      [
        -0.190643251,
        0.6207034,
        -0.7605146
      ],
      [
        0.43313086,
        0.7484216,
        0.502257764
      ]
    ],
    "translation": [
      1.56863892,
      1.55642629,
      -0.8472673
    ]
  },
  {
    "timeStamp": 1903,
    "rotation": [
      [
        0.8889729,
        -0.235030472,
        -0.393049449
      ],
      [
        -0.171897992,
        0.624257,
        -0.7620723
      ],
      [
        0.4244741,
        0.745026052,
        0.514546335
      ]
    ],
    "translation": [
      1.53754711,
      1.55477679,
      -0.8329641
    ]
  },
  {
    "timeStamp": 1958,
    "rotation": [
      [
        0.893009067,
        -0.237620935,
        -0.382192463
      ],
      [
        -0.158982113,
        0.6279207,
        -0.761866331
      ],
      [
        0.421021938,
        0.7411153,
        0.5229614
      ]
    ],
    "translation": [
      1.51420879,
      1.55169415,
      -0.8200861
    ]
  },
  {
    "timeStamp": 2003,
    "rotation": [
      [
        0.8957701,
        -0.243428662,
        -0.3719387
      ],
      [
        -0.145965844,
        0.629247546,
        -0.763375044
      ],
      [
        0.419868916,
        0.73809886,
        0.528128862
      ]
    ],
    "translation": [
      1.48735869,
      1.54583192,
      -0.8030424
    ]
  },
  {
    "timeStamp": 2058,
    "rotation": [
      [
        0.8977885,
        -0.247331083,
        -0.3644215
      ],
      [
        -0.137926966,
        0.627917051,
        -0.765961051
      ],
      [
        0.418272436,
        0.7379346,
        0.529623151
      ]
    ],
    "translation": [
      1.46835065,
      1.53916907,
      -0.7888234
    ]
  },
  {
    "timeStamp": 2103,
    "rotation": [
      [
        0.9006394,
        -0.249588162,
        -0.355744869
      ],
      [
        -0.129891634,
        0.626583755,
        -0.7684536
      ],
      [
        0.414700866,
        0.7383079,
        0.5319066
      ]
    ],
    "translation": [
      1.44683456,
      1.52924538,
      -0.7705348
    ]
  },
  {
    "timeStamp": 2158,
    "rotation": [
      [
        0.9055409,
        -0.248605579,
        -0.343789
      ],
      [
        -0.121896304,
        0.6237045,
        -0.7720971
      ],
      [
        0.406370431,
        0.7410721,
        0.5344859
      ]
    ],
    "translation": [
      1.43224978,
      1.51940322,
      -0.756408036
    ]
  },
  {
    "timeStamp": 2203,
    "rotation": [
      [
        0.9136564,
        -0.247152239,
        -0.322719246
      ],
      [
        -0.110230707,
        0.6135276,
        -0.7819419
      ],
      [
        0.391255856,
        0.7499998,
        0.533309639
      ]
    ],
    "translation": [
      1.41642356,
      1.5064832,
      -0.7401198
    ]
  },
  {
    "timeStamp": 2258,
    "rotation": [
      [
        0.921640635,
        -0.2450283,
        -0.300898
      ],
      [
        -0.09719527,
        0.604936242,
        -0.7903197
      ],
      [
        0.3756748,
        0.7576366,
        0.5337182
      ]
    ],
    "translation": [
      1.40661407,
      1.49647856,
      -0.728170037
    ]
  },
  {
    "timeStamp": 2302,
    "rotation": [
      [
        0.9288503,
        -0.245413542,
        -0.277505547
      ],
      [
        -0.08091252,
        0.596610665,
        -0.7984415
      ],
      [
        0.361511141,
        0.764086366,
        0.534305
      ]
    ],
    "translation": [
      1.39579558,
      1.48488665,
      -0.7141259
    ]
  },
  {
    "timeStamp": 2358,
    "rotation": [
      [
        0.9337277,
        -0.243549824,
        -0.262366384
      ],
      [
        -0.0723964646,
        0.589287,
        -0.8046736
      ],
      [
        0.350587219,
        0.770340443,
        0.5326014
      ]
    ],
    "translation": [
      1.38893723,
      1.47658038,
      -0.7045573
    ]
  },
  {
    "timeStamp": 2402,
    "rotation": [
      [
        0.9387195,
        -0.240244567,
        -0.247160375
      ],
      [
        -0.06507063,
        0.580653846,
        -0.811545968
      ],
      [
        0.338484138,
        0.777896941,
        0.529438257
      ]
    ],
    "translation": [
      1.38169,
      1.4670279,
      -0.6934779
    ]
  },
  {
    "timeStamp": 2458,
    "rotation": [
      [
        0.9419011,
        -0.237396017,
        -0.2376247
      ],
      [
        -0.0614633821,
        0.5736874,
        -0.816764951
      ],
      [
        0.33021906,
        0.783917,
        0.5257656
      ]
    ],
    "translation": [
      1.37744546,
      1.46056032,
      -0.686102569
    ]
  },
  {
    "timeStamp": 2502,
    "rotation": [
      [
        0.945158541,
        -0.233230978,
        -0.228645161
      ],
      [
        -0.05922521,
        0.5660596,
        -0.8222341
      ],
      [
        0.321197271,
        0.79068315,
        0.5212029
      ]
    ],
    "translation": [
      1.37305164,
      1.45332956,
      -0.678057849
    ]
  },
  {
    "timeStamp": 2558,
    "rotation": [
      [
        0.9468579,
        -0.230549708,
        -0.224292085
      ],
      [
        -0.0593273453,
        0.560169637,
        -0.826250732
      ],
      [
        0.3161335,
        0.795648754,
        0.516723156
      ]
    ],
    "translation": [
      1.37065,
      1.44922471,
      -0.6733917
    ]
  },
  {
    "timeStamp": 2602,
    "rotation": [
      [
        0.949457765,
        -0.2249011,
        -0.2189734
      ],
      [
        -0.0597049,
        0.555473566,
        -0.829387963
      ],
      [
        0.3081642,
        0.800542653,
        0.513971
      ]
    ],
    "translation": [
      1.368834,
      1.44564426,
      -0.6686714
    ]
  },
  {
    "timeStamp": 2649,
    "rotation": [
      [
        0.951215267,
        -0.222789049,
        -0.213435039
      ],
      [
        -0.0578141473,
        0.550819337,
        -0.8326197
      ],
      [
        0.3030627,
        0.8043402,
        0.5110674
      ]
    ],
    "translation": [
      1.36875415,
      1.44461107,
      -0.6670067
    ]
  },
  {
    "timeStamp": 2703,
    "rotation": [
      [
        0.9527987,
        -0.223059058,
        -0.205959454
      ],
      [
        -0.0528812036,
        0.5460848,
        -0.8360592
      ],
      [
        0.2989619,
        0.807487547,
        0.5085133
      ]
    ],
    "translation": [
      1.36974239,
      1.44576824,
      -0.6671759
    ]
  },
  {
    "timeStamp": 2758,
    "rotation": [
      [
        0.95436734,
        -0.222555533,
        -0.19912824
      ],
      [
        -0.0477766953,
        0.5444199,
        -0.8374511
      ],
      [
        0.294788748,
        0.8087497,
        0.5089436
      ]
    ],
    "translation": [
      1.37162614,
      1.44989073,
      -0.6695294
    ]
  },
  {
    "timeStamp": 2802,
    "rotation": [
      [
        0.956657648,
        -0.221614331,
        -0.188926443
      ],
      [
        -0.04070715,
        0.54061836,
        -0.8402825
      ],
      [
        0.288355768,
        0.811553359,
        0.5081654
      ]
    ],
    "translation": [
      1.37573743,
      1.45704377,
      -0.674414933
    ]
  },
  {
    "timeStamp": 2858,
    "rotation": [
      [
        0.9595501,
        -0.218465567,
        -0.17758511
      ],
      [
        -0.0336641148,
        0.537210763,
        -0.842775941
      ],
      [
        0.279518157,
        0.814664,
        0.5081262
      ]
    ],
    "translation": [
      1.38127613,
      1.46450472,
      -0.680560648
    ]
  },
  {
    "timeStamp": 2902,
    "rotation": [
      [
        0.9653025,
        -0.205871612,
        -0.160648122
      ],
      [
        -0.024304606,
        0.541693151,
        -0.840224862
      ],
      [
        0.260000437,
        0.8149757,
        0.517894149
      ]
    ],
    "translation": [
      1.389514,
      1.475814,
      -0.68878
    ]
  },
  {
    "timeStamp": 2958,
    "rotation": [
      [
        0.9703772,
        -0.1927576,
        -0.145645216
      ],
      [
        -0.01734089,
        0.5457233,
        -0.837786
      ],
      [
        0.24097161,
        0.815494061,
        0.5262149
      ]
    ],
    "translation": [
      1.3979063,
      1.485927,
      -0.6972102
    ]
  },
  {
    "timeStamp": 3002,
    "rotation": [
      [
        0.9771495,
        -0.17546387,
        -0.119963944
      ],
      [
        -0.00408967957,
        0.5487697,
        -0.835963547
      ],
      [
        0.212513983,
        0.817351937,
        0.535512447
      ]
    ],
    "translation": [
      1.41034865,
      1.49790192,
      -0.7087047
    ]
  },
  {
    "timeStamp": 3058,
    "rotation": [
      [
        0.983421445,
        -0.155030444,
        -0.09406275
      ],
      [
        0.009079729,
        0.5601728,
        -0.828326046
      ],
      [
        0.181107149,
        0.813739538,
        0.552293539
      ]
    ],
    "translation": [
      1.42200279,
      1.5072515,
      -0.7174736
    ]
  },
  {
    "timeStamp": 3102,
    "rotation": [
      [
        0.9900509,
        -0.130716667,
        -0.052080147
      ],
      [
        0.03160391,
        0.5672454,
        -0.8229422
      ],
      [
        0.1371145,
        0.813108742,
        0.565733
      ]
    ],
    "translation": [
      1.43916225,
      1.51745367,
      -0.729227364
    ]
  },
  {
    "timeStamp": 3158,
    "rotation": [
      [
        0.994338453,
        -0.106106013,
        -0.005701519
      ],
      [
        0.055638738,
        0.5656126,
        -0.822792
      ],
      [
        0.0905280262,
        0.8178165,
        0.568314
      ]
    ],
    "translation": [
      1.45655084,
      1.52451622,
      -0.7390626
    ]
  },
  {
    "timeStamp": 3202,
    "rotation": [
      [
        0.995453358,
        -0.0751099139,
        0.05857561
      ],
      [
        0.09110754,
        0.5714381,
        -0.815572143
      ],
      [
        0.0277852211,
        0.817200661,
        0.575683057
      ]
    ],
    "translation": [
      1.48046875,
      1.533326,
      -0.749706566
    ]
  },
  {
    "timeStamp": 3258,
    "rotation": [
      [
        0.9936452,
        -0.0488190278,
        0.101419777
      ],
      [
        0.110856719,
        0.580515742,
        -0.8066674
      ],
      [
        -0.0194950625,
        0.812784255,
        0.582238555
      ]
    ],
    "translation": [
      1.50162363,
      1.5399313,
      -0.7573775
    ]
  },
  {
    "timeStamp": 3302,
    "rotation": [
      [
        0.988117754,
        -0.0116856741,
        0.153253764
      ],
      [
        0.130716532,
        0.5883892,
        -0.7979419
      ],
      [
        -0.08084837,
        0.8084934,
        0.5829253
      ]
    ],
    "translation": [
      1.52976775,
      1.54704022,
      -0.7670931
    ]
  },
  {
    "timeStamp": 3358,
    "rotation": [
      [
        0.980112,
        0.0169255137,
        0.197721854
      ],
      [
        0.1490972,
        0.594717741,
        -0.789987862
      ],
      [
        -0.130959645,
        0.8037564,
        0.580366433
      ]
    ],
    "translation": [
      1.55503356,
      1.55170536,
      -0.774316251
    ]
  },
  {
    "timeStamp": 3402,
    "rotation": [
      [
        0.964353,
        0.0476866066,
        0.260286748
      ],
      [
        0.18090111,
        0.5990774,
        -0.7799879
      ],
      [
        -0.193126872,
        0.799269855,
        0.569095552
      ]
    ],
    "translation": [
      1.58917284,
      1.55639148,
      -0.783417046
    ]
  },
  {
    "timeStamp": 3458,
    "rotation": [
      [
        0.949051,
        0.06518472,
        0.308307
      ],
      [
        0.209464908,
        0.6004504,
        -0.771740735
      ],
      [
        -0.235428765,
        0.7970008,
        0.55620414
      ]
    ],
    "translation": [
      1.61885369,
      1.55892015,
      -0.7900779
    ]
  },
  {
    "timeStamp": 3502,
    "rotation": [
      [
        0.9343016,
        0.0833342746,
        0.346606255
      ],
      [
        0.229461282,
        0.6035047,
        -0.7636292
      ],
      [
        -0.272815019,
        0.7929927,
        0.544733465
      ]
    ],
    "translation": [
      1.656735,
      1.56068277,
      -0.7975973
    ]
  },
  {
    "timeStamp": 3558,
    "rotation": [
      [
        0.9295823,
        0.09335219,
        0.356598169
      ],
      [
        0.23002474,
        0.609024644,
        -0.759063661
      ],
      [
        -0.2880373,
        0.787638545,
        0.544665158
      ]
    ],
    "translation": [
      1.68892848,
      1.56046188,
      -0.802418232
    ]
  },
  {
    "timeStamp": 3602,
    "rotation": [
      [
        0.928626239,
        0.107612349,
        0.355067283
      ],
      [
        0.216803417,
        0.6192251,
        -0.7546897
      ],
      [
        -0.301080525,
        0.7778045,
        0.551697969
      ]
    ],
    "translation": [
      1.731323,
      1.55856574,
      -0.8072666
    ]
  },
  {
    "timeStamp": 3658,
    "rotation": [
      [
        0.9337118,
        0.109760739,
        0.340785533
      ],
      [
        0.200819552,
        0.6274529,
        -0.75231266
      ],
      [
        -0.2964013,
        0.7708796,
        0.5638181
      ]
    ],
    "translation": [
      1.76815915,
      1.55575931,
      -0.8090399
    ]
  },
  {
    "timeStamp": 3702,
    "rotation": [
      [
        0.9446201,
        0.110523909,
        0.308993965
      ],
      [
        0.179041341,
        0.6155249,
        -0.76751107
      ],
      [
        -0.275021821,
        0.780329049,
        0.5616489
      ]
    ],
    "translation": [
      1.81573129,
      1.554468,
      -0.807472169
    ]
  },
  {
    "timeStamp": 3757,
    "rotation": [
      [
        0.9549058,
        0.102242522,
        0.278749436
      ],
      [
        0.1584023,
        0.6186354,
        -0.7695446
      ],
      [
        -0.251124471,
        0.7789972,
        0.5745432
      ]
    ],
    "translation": [
      1.85203028,
      1.55141854,
      -0.805037
    ]
  },
  {
    "timeStamp": 3802,
    "rotation": [
      [
        0.963643432,
        0.110778689,
        0.2431447
      ],
      [
        0.12242052,
        0.6258108,
        -0.7703077
      ],
      [
        -0.237496272,
        0.7720679,
        0.5894969
      ]
    ],
    "translation": [
      1.893285,
      1.54695892,
      -0.7991443
    ]
  },
  {
    "timeStamp": 3858,
    "rotation": [
      [
        0.964342535,
        0.1353824,
        0.227409631
      ],
      [
        0.0942097157,
        0.6273784,
        -0.7729947
      ],
      [
        -0.24732177,
        0.766855836,
        0.5922534
      ]
    ],
    "translation": [
      1.92072868,
      1.5441761,
      -0.7922112
    ]
  },
  {
    "timeStamp": 3902,
    "rotation": [
      [
        0.967952847,
        0.142126173,
        0.2070444
      ],
      [
        0.07830676,
        0.612526059,
        -0.786562
      ],
      [
        -0.238611147,
        0.7775679,
        0.581766963
      ]
    ],
    "translation": [
      1.94926453,
      1.54073846,
      -0.786278963
    ]
  },
  {
    "timeStamp": 3958,
    "rotation": [
      [
        0.9766233,
        0.114955649,
        0.1816373
      ],
      [
        0.07811508,
        0.5974265,
        -0.798110068
      ],
      [
        -0.200262189,
        0.7936415,
        0.574480832
      ]
    ],
    "translation": [
      1.96723056,
      1.5377568,
      -0.780946434
    ]
  },
  {
    "timeStamp": 4002,
    "rotation": [
      [
        0.9825547,
        0.101217076,
        0.15601711
      ],
      [
        0.06550535,
        0.596798956,
        -0.7997125
      ],
      [
        -0.174055412,
        0.7959812,
        0.5797574
      ]
    ],
    "translation": [
      1.987045,
      1.53282464,
      -0.7693758
    ]
  },
  {
    "timeStamp": 4057,
    "rotation": [
      [
        0.9876592,
        0.0923537537,
        0.126491636
      ],
      [
        0.0492916033,
        0.5833059,
        -0.810755551
      ],
      [
        -0.148659632,
        0.80698514,
        0.571555138
      ]
    ],
    "translation": [
      1.99868989,
      1.52606416,
      -0.7596452
    ]
  },
  {
    "timeStamp": 4102,
    "rotation": [
      [
        0.993521,
        0.07182751,
        0.0880732462
      ],
      [
        0.0323170461,
        0.5644133,
        -0.82485956
      ],
      [
        -0.108957313,
        0.8223615,
        0.5584352
      ]
    ],
    "translation": [
      2.01068139,
      1.51631761,
      -0.746944964
    ]
  },
  {
    "timeStamp": 4158,
    "rotation": [
      [
        0.9968175,
        0.05190854,
        0.0605007075
      ],
      [
        0.0216379631,
        0.554264665,
        -0.8320592
      ],
      [
        -0.07672438,
        0.8307203,
        0.551377535
      ]
    ],
    "translation": [
      2.01853633,
      1.50732446,
      -0.7356932
    ]
  },
  {
    "timeStamp": 4202,
    "rotation": [
      [
        0.9989706,
        0.0316453576,
        0.03249957
      ],
      [
        0.009964226,
        0.5458751,
        -0.837807357
      ],
      [
        -0.04425342,
        0.83726877,
        0.5449978
      ]
    ],
    "translation": [
      2.02757287,
      1.4948647,
      -0.7213782
    ]
  },
  {
    "timeStamp": 4257,
    "rotation": [
      [
        0.9997392,
        0.0185458567,
        0.0133264465
      ],
      [
        0.001302463,
        0.5362855,
        -0.8440357
      ],
      [
        -0.0228001438,
        0.8438329,
        0.5361214
      ]
    ],
    "translation": [
      2.03361678,
      1.48413372,
      -0.7102168
    ]
  },
  {
    "timeStamp": 4302,
    "rotation": [
      [
        0.9999698,
        0.00301768258,
        -0.00716601638
      ],
      [
        -0.00768746436,
        0.5219792,
        -0.8529235
      ],
      [
        0.00116666034,
        0.852952838,
        0.521986663
      ]
    ],
    "translation": [
      2.0401535,
      1.47057247,
      -0.6974101
    ]
  },
  {
    "timeStamp": 4357,
    "rotation": [
      [
        0.999595463,
        -0.0127732931,
        -0.025408959
      ],
      [
        -0.0153609775,
        0.509407341,
        -0.8603884
      ],
      [
        0.0239335038,
        0.860430658,
        0.50900507
      ]
    ],
    "translation": [
      2.045296,
      1.456954,
      -0.6854436
    ]
  },
  {
    "timeStamp": 4402,
    "rotation": [
      [
        0.9988693,
        -0.0244914237,
        -0.04074653
      ],
      [
        -0.0230637621,
        0.499825358,
        -0.865819037
      ],
      [
        0.041571293,
        0.8657798,
        0.498695344
      ]
    ],
    "translation": [
      2.04834127,
      1.44574881,
      -0.676322341
    ]
  },
  {
    "timeStamp": 4457,
    "rotation": [
      [
        0.9982655,
        -0.0307372268,
        -0.0502109975
      ],
      [
        -0.0288250558,
        0.488469362,
        -0.8721048
      ],
      [
        0.0513326153,
        0.8720395,
        0.486736149
      ]
    ],
    "translation": [
      2.05129242,
      1.4355526,
      -0.66871345
    ]
  },
  {
    "timeStamp": 4502,
    "rotation": [
      [
        0.9974861,
        -0.0395726152,
        -0.0587830953
      ],
      [
        -0.0330283865,
        0.474291533,
        -0.879748046
      ],
      [
        0.06269426,
        0.879478,
        0.4717922
      ]
    ],
    "translation": [
      2.05440855,
      1.42444754,
      -0.6607158
    ]
  },
  {
    "timeStamp": 4557,
    "rotation": [
      [
        0.997035742,
        -0.04506176,
        -0.0623636171
      ],
      [
        -0.03422698,
        0.466163874,
        -0.884036064
      ],
      [
        0.06890789,
        0.883550048,
        0.4632397
      ]
    ],
    "translation": [
      2.057,
      1.41633451,
      -0.653312862
    ]
  },
  {
    "timeStamp": 4602,
    "rotation": [
      [
        0.9966803,
        -0.04958103,
        -0.06457547
      ],
      [
        -0.0344386473,
        0.461960763,
        -0.8862315
      ],
      [
        0.0737716,
        0.885513365,
        0.45871973
      ]
    ],
    "translation": [
      2.058715,
      1.41112733,
      -0.6481887
    ]
  },
  {
    "timeStamp": 4657,
    "rotation": [
      [
        0.9961169,
        -0.05589595,
        -0.06802102
      ],
      [
        -0.03500975,
        0.457410425,
        -0.8885663
      ],
      [
        0.0807807744,
        0.8874973,
        0.453677326
      ]
    ],
    "translation": [
      2.060517,
      1.40615559,
      -0.643477738
    ]
  },
  {
    "timeStamp": 4702,
    "rotation": [
      [
        0.995797455,
        -0.0609566942,
        -0.0683510751
      ],
      [
        -0.0331343561,
        0.45597446,
        -0.889375865
      ],
      [
        0.08537976,
        0.887903,
        0.4520384
      ]
    ],
    "translation": [
      2.062327,
      1.403764,
      -0.640996337
    ]
  },
  {
    "timeStamp": 4757,
    "rotation": [
      [
        0.9958192,
        -0.0626975,
        -0.06643097
      ],
      [
        -0.0300784,
        0.46162492,
        -0.8865651
      ],
      [
        0.08625162,
        0.8848567,
        0.45780912
      ]
    ],
    "translation": [
      2.06314039,
      1.39842665,
      -0.638868451
    ]
  },
  {
    "timeStamp": 4802,
    "rotation": [
      [
        0.995384157,
        -0.068795085,
        -0.06691573
      ],
      [
        -0.0274980888,
        0.4635731,
        -0.8856319
      ],
      [
        0.0919474438,
        0.883384,
        0.459541529
      ]
    ],
    "translation": [
      2.06461525,
      1.39690387,
      -0.6371678
    ]
  },
  {
    "timeStamp": 4857,
    "rotation": [
      [
        0.9953093,
        -0.0708776,
        -0.06584629
      ],
      [
        -0.02568326,
        0.462618,
        -0.886185646
      ],
      [
        0.09327239,
        0.88372,
        0.4586276
      ]
    ],
    "translation": [
      2.066911,
      1.39464486,
      -0.6355875
    ]
  },
  {
    "timeStamp": 4902,
    "rotation": [
      [
        0.9955633,
        -0.07003635,
        -0.06283712
      ],
      [
        -0.0234811511,
        0.461763233,
        -0.886692345
      ],
      [
        0.09111657,
        0.884233832,
        0.45807
      ]
    ],
    "translation": [
      2.06886959,
      1.393235,
      -0.634711146
    ]
  },
  {
    "timeStamp": 4957,
    "rotation": [
      [
        0.996040642,
        -0.06725906,
        -0.058130905
      ],
      [
        -0.02100046,
        0.457374573,
        -0.889026165
      ],
      [
        0.08638266,
        0.886727,
        0.4541512
      ]
    ],
    "translation": [
      2.07115269,
      1.39227033,
      -0.6343006
    ]
  },
  {
    "timeStamp": 5002,
    "rotation": [
      [
        0.9962681,
        -0.06784343,
        -0.05335917
      ],
      [
        -0.0167308375,
        0.454688072,
        -0.8904936
      ],
      [
        0.08467592,
        0.8880631,
        0.4518561
      ]
    ],
    "translation": [
      2.07320237,
      1.3921,
      -0.63448596
    ]
  },
  {
    "timeStamp": 5057,
    "rotation": [
      [
        0.9966942,
        -0.0665629,
        -0.0465841144
      ],
      [
        -0.0113240033,
        0.453967333,
        -0.8909464
      ],
      [
        0.08045164,
        0.888528645,
        0.451712847
      ]
    ],
    "translation": [
      2.07540631,
      1.39268374,
      -0.634435236
    ]
  },
  {
    "timeStamp": 5101,
    "rotation": [
      [
        0.996849,
        -0.06623247,
        -0.043650683
      ],
      [
        -0.009077436,
        0.451425672,
        -0.8922626
      ],
      [
        0.07880179,
        0.8898473,
        0.449402
      ]
    ],
    "translation": [
      2.076295,
      1.39316177,
      -0.6353555
    ]
  },
  {
    "timeStamp": 5159,
    "rotation": [
      [
        0.996715248,
        -0.06853184,
        -0.04315257
      ],
      [
        -0.007631798,
        0.45098564,
        -0.892498553
      ],
      [
        0.08062576,
        0.8898962,
        0.448981255
      ]
    ],
    "translation": [
      2.07682467,
      1.39491725,
      -0.6362287
    ]
  },
  {
    "timeStamp": 5203,
    "rotation": [
      [
        0.996658862,
        -0.0697506,
        -0.0424981862
      ],
      [
        -0.00646544434,
        0.4513101,
        -0.89234376
      ],
      [
        0.08142137,
        0.889637053,
        0.449351221
      ]
    ],
    "translation": [
      2.07645774,
      1.39672363,
      -0.6373867
    ]
  },
  {
    "timeStamp": 5257,
    "rotation": [
      [
        0.996411264,
        -0.0726589859,
        -0.04341977
      ],
      [
        -0.006042086,
        0.4506056,
        -0.8927027
      ],
      [
        0.0844280645,
        0.8897613,
        0.448549479
      ]
    ],
    "translation": [
      2.07544541,
      1.4004389,
      -0.6397003
    ]
  },
  {
    "timeStamp": 5302,
    "rotation": [
      [
        0.99605006,
        -0.07606767,
        -0.0458030365
      ],
      [
        -0.00648586126,
        0.452133149,
        -0.8919269
      ],
      [
        0.08855587,
        0.8887009,
        0.4498539
      ]
    ],
    "translation": [
      2.07400036,
      1.4048605,
      -0.642418742
    ]
  },
  {
    "timeStamp": 5359,
    "rotation": [
      [
        0.995623231,
        -0.077888,
        -0.0516517162
      ],
      [
        -0.0105669927,
        0.4553106,
        -0.890269935
