[
  {
    "timeStamp": 41181,
    "rotation": [
      [
        0.9999885,
        0.00474328361,
        0.0006996499
      ],
      [
        -0.0005785022,
        -0.0254943185,
        0.9996748
      ],
      [
        0.0047595785,
        -0.999663651,
        -0.0254912823
      ]
    ],
    "translation": [
      1.61541951,
      0.7040414,
      -0.750038445
    ]
  },
  {
    "timeStamp": 41226,
    "rotation": [
      [
        0.9997395,
        -0.0227075946,
        0.00229942985
      ],
      [
        -0.00317866448,
        -0.03875998,
        0.9992435
      ],
      [
        -0.0226012915,
        -0.9989905,
        -0.0388220623
      ]
    ],
    "translation": [
      1.619022,
      0.7060767,
      -0.7473985
    ]
  },
  {
    "timeStamp": 41281,
    "rotation": [
      [
        0.998001,
        -0.0592191368,
        0.022069972
      ],
      [
        -0.0253051315,
        -0.0544484854,
        0.9981959
      ],
      [
        -0.05791063,
        -0.996759,
        -0.05583819
      ]
    ],
    "translation": [
      1.62392545,
      0.715611,
      -0.741128445
    ]
  },
  {
    "timeStamp": 41328,
    "rotation": [
      [
        0.992343545,
        -0.104394957,
        0.0659999847
      ],
      [
        -0.07302192,
        -0.06493324,
        0.9952143
      ],
      [
        -0.09960976,
        -0.9924139,
        -0.07205921
      ]
    ],
    "translation": [
      1.62796426,
      0.7346412,
      -0.7338796
    ]
  },
  {
    "timeStamp": 41381,
    "rotation": [
      [
        0.9779131,
        -0.1740145,
        0.115779608
      ],
      [
        -0.130801663,
        -0.07745698,
        0.9883781
      ],
      [
        -0.163024157,
        -0.9816921,
        -0.09850758
      ]
    ],
    "translation": [
      1.6391232,
      0.7634008,
      -0.721994042
    ]
  },
  {
    "timeStamp": 41425,
    "rotation": [
      [
        0.9575132,
        -0.248634964,
        0.1461136
      ],
      [
        -0.170726463,
        -0.0803756937,
        0.982034743
      ],
      [
        -0.2324242,
        -0.9652567,
        -0.119409353
      ]
    ],
    "translation": [
      1.65712023,
      0.7856605,
      -0.710354
    ]
  },
  {
    "timeStamp": 41481,
    "rotation": [
      [
        0.9170103,
        -0.3600782,
        0.171568558
      ],
      [
        -0.213678464,
        -0.08027756,
        0.97360003
      ],
      [
        -0.336799026,
        -0.9294618,
        -0.150556311
      ]
    ],
    "translation": [
      1.69016242,
      0.812740564,
      -0.693985939
    ]
  },
  {
    "timeStamp": 41526,
    "rotation": [
      [
        0.8714686,
        -0.454718947,
        0.183774754
      ],
      [
        -0.239230037,
        -0.06700486,
        0.9686482
      ],
      [
        -0.4281489,
        -0.888110936,
        -0.167175055
      ]
    ],
    "translation": [
      1.72440875,
      0.831152141,
      -0.6825638
    ]
  },
  {
    "timeStamp": 41581,
    "rotation": [
      [
        0.7971329,
        -0.57359457,
        0.188595921
      ],
      [
        -0.264856577,
        -0.05147264,
        0.962913036
      ],
      [
        -0.5426141,
        -0.817520559,
        -0.19295083
      ]
    ],
    "translation": [
      1.77635515,
      0.8526205,
      -0.669514239
    ]
  },
  {
    "timeStamp": 41626,
    "rotation": [
      [
        0.7222078,
        -0.6641597,
        0.193152085
      ],
      [
        -0.2936303,
        -0.0415545478,
        0.9550154
      ],
      [
        -0.6262564,
        -0.746434867,
        -0.225028425
      ]
    ],
    "translation": [
      1.82299089,
      0.87202245,
      -0.659799933
    ]
  },
  {
    "timeStamp": 41681,
    "rotation": [
      [
        0.64065516,
        -0.7507012,
        0.161272421
      ],
      [
        -0.3154384,
        -0.06582786,
        0.9466601
      ],
      [
        -0.700042665,
        -0.6573542,
        -0.278972924
      ]
    ],
    "translation": [
      1.8864696,
      0.8988271,
      -0.649492741
    ]
  },
  {
    "timeStamp": 41725,
    "rotation": [
      [
        0.572271347,
        -0.8113976,
        0.118909538
      ],
      [
        -0.322983325,
        -0.08972726,
        0.9421416
      ],
      [
        -0.753782,
        -0.5775664,
        -0.313416243
      ]
    ],
    "translation": [
      1.94344437,
      0.91907835,
      -0.6437721
    ]
  },
  {
    "timeStamp": 41780,
    "rotation": [
      [
        0.4781152,
        -0.876019359,
        0.06321291
      ],
      [
        -0.3359543,
        -0.115909018,
        0.9347191
      ],
      [
        -0.8115051,
        -0.468140036,
        -0.349720359
      ]
    ],
    "translation": [
      2.014637,
      0.9418684,
      -0.6428085
    ]
  },
  {
    "timeStamp": 41835,
    "rotation": [
      [
        0.434717149,
        -0.8999903,
        -0.03222385
      ],
      [
        -0.289711446,
        -0.173638135,
        0.941231668
      ],
      [
        -0.8526947,
        -0.399833918,
        -0.33622098
      ]
    ],
    "translation": [
      2.084176,
      0.955224633,
      -0.6471007
    ]
  },
  {
    "timeStamp": 41879,
    "rotation": [
      [
        0.408352584,
        -0.908863068,
        -0.0849478
      ],
      [
        -0.24918732,
        -0.2005162,
        0.9474698
      ],
      [
        -0.8781537,
        -0.365733832,
        -0.308358461
      ]
    ],
    "translation": [
      2.12886739,
      0.9589376,
      -0.6518989
    ]
  },
  {
    "timeStamp": 41944,
    "rotation": [
      [
        0.390675277,
        -0.9073368,
        -0.155282483
      ],
      [
        -0.167965278,
        -0.236119926,
        0.9570972
      ],
      [
        -0.9050748,
        -0.347832143,
        -0.244647324
      ]
    ],
    "translation": [
      2.17824984,
      0.9523213,
      -0.6612584
    ]
  },
  {
    "timeStamp": 41980,
    "rotation": [
      [
        0.3882031,
        -0.906984031,
        -0.163334921
      ],
      [
        -0.119301975,
        -0.225202471,
        0.9669803
      ],
      [
        -0.913819134,
        -0.3558986,
        -0.1956293
      ]
    ],
    "translation": [
      2.20373559,
      0.9373801,
      -0.664289653
    ]
  },
  {
    "timeStamp": 42031,
    "rotation": [
      [
        0.403885126,
        -0.899397433,
        -0.1672158
      ],
      [
        -0.0611537024,
        -0.208922908,
        0.976018131
      ],
      [
        -0.9127634,
        -0.38397333,
        -0.139382333
      ]
    ],
    "translation": [
      2.22361946,
      0.915323138,
      -0.667171836
    ]
  },
  {
    "timeStamp": 42076,
    "rotation": [
      [
        0.427102178,
        -0.893093467,
        -0.141307443
      ],
      [
        -0.05160278,
        -0.180098876,
        0.982294
      ],
      [
        -0.9027297,
        -0.412248045,
        -0.123006724
      ]
    ],
    "translation": [
      2.2274878,
      0.8987948,
      -0.6631939
    ]
  },
  {
    "timeStamp": 42131,
    "rotation": [
      [
        0.4579114,
        -0.8813384,
        -0.116446927
      ],
      [
        -0.0169915445,
        -0.139639542,
        0.990056634
      ],
      [
        -0.8888355,
        -0.451379627,
        -0.07891783
      ]
    ],
    "translation": [
      2.22564173,
      0.874791,
      -0.6605892
    ]
  },
  {
    "timeStamp": 42176,
    "rotation": [
      [
        0.4901616,
        -0.8637653,
        -0.11683768
      ],
      [
        -0.0008751271,
        -0.134532422,
        0.9909088
      ],
      [
        -0.871631145,
        -0.485603184,
        -0.06669853
      ]
    ],
    "translation": [
      2.22432685,
      0.861573935,
      -0.6557319
    ]
  },
  {
    "timeStamp": 42231,
    "rotation": [
      [
        0.5108735,
        -0.853731453,
        -0.10075134
      ],
      [
        0.00128651049,
        -0.116440207,
        0.993196845
      ],
      [
        -0.859654963,
        -0.5075276,
        -0.058387883
      ]
    ],
    "translation": [
      2.22041345,
      0.8485681,
      -0.6496347
    ]
  },
  {
    "timeStamp": 42275,
    "rotation": [
      [
        0.527377367,
        -0.8430475,
        -0.105565354
      ],
      [
        0.008210394,
        -0.119185828,
        0.992838
      ],
      [
        -0.8495915,
        -0.524467,
        -0.0559341572
      ]
    ],
    "translation": [
      2.219171,
      0.8409423,
      -0.6456441
    ]
  },
  {
    "timeStamp": 42331,
    "rotation": [
      [
        0.5380083,
        -0.837770343,
        -0.09320941
      ],
      [
        0.00179284939,
        -0.1094391,
        0.9939919
      ],
      [
        -0.842937648,
        -0.534943,
        -0.0573771447
      ]
    ],
    "translation": [
      2.21702623,
      0.832254,
      -0.6409484
    ]
  },
  {
    "timeStamp": 42376,
    "rotation": [
      [
        0.5467447,
        -0.8342675,
        -0.07118927
      ],
      [
        -0.0013475552,
        -0.0858991146,
        0.9963029
      ],
      [
        -0.8372983,
        -0.5446274,
        -0.0480891131
      ]
    ],
    "translation": [
      2.213227,
      0.8237372,
      -0.6398021
    ]
  },
  {
    "timeStamp": 42433,
    "rotation": [
      [
        0.5525235,
        -0.8311729,
        -0.06220532
      ],
      [
        -0.008554116,
        -0.08028246,
        0.996735454
      ],
      [
        -0.8334535,
        -0.550187647,
        -0.0514678881
      ]
    ],
    "translation": [
      2.21114588,
      0.816275,
      -0.6365516
    ]
  },
  {
    "timeStamp": 42479,
    "rotation": [
      [
        0.558370054,
        -0.8276399,
        -0.0568791069
      ],
      [
        -0.00535292039,
        -0.07215571,
        0.997379
      ],
      [
        -0.829574764,
        -0.556602061,
        -0.0447198749
      ]
    ],
    "translation": [
      2.2099762,
      0.808417857,
      -0.635873437
    ]
  },
  {
    "timeStamp": 42525,
    "rotation": [
      [
        0.5638735,
        -0.824689031,
        -0.04398424
      ],
      [
        0.00251165824,
        -0.05154594,
        0.9986675
      ],
      [
        -0.825857341,
        -0.5632326,
        -0.026994057
      ]
    ],
    "translation": [
      2.207597,
      0.7986735,
      -0.637097061
    ]
  },
  {
    "timeStamp": 42581,
    "rotation": [
      [
        0.567157567,
        -0.822441041,
        -0.04385118
      ],
      [
        0.00399411749,
        -0.050495524,
        0.9987163
      ],
      [
        -0.8235996,
        -0.5666047,
        -0.0253539924
      ]
    ],
    "translation": [
      2.20779252,
      0.7893646,
      -0.6359844
    ]
  },
  {
    "timeStamp": 42625,
    "rotation": [
      [
        0.5713787,
        -0.8192332,
        -0.0488197468
      ],
      [
        0.0118255,
        -0.051261723,
        0.998615265
      ],
      [
        -0.8206013,
        -0.5711648,
        -0.0196020156
      ]
    ],
    "translation": [
      2.20911837,
      0.781258643,
      -0.6367754
    ]
  },
  {
    "timeStamp": 42681,
    "rotation": [
      [
        0.570317268,
        -0.8203417,
        -0.04216215
      ],
      [
        0.0108241206,
        -0.0438183248,
        0.9989809
      ],
      [
        -0.821353137,
        -0.5701924,
        -0.01611087
      ]
    ],
    "translation": [
      2.20967,
      0.771621346,
      -0.636087954
    ]
  },
  {
    "timeStamp": 42726,
    "rotation": [
      [
        0.5717699,
        -0.8186237,
        -0.0541703627
      ],
      [
        0.0222203247,
        -0.0505516753,
        0.99847424
      ],
      [
        -0.820113063,
        -0.5721012,
        -0.0107138418
      ]
    ],
    "translation": [
      2.211749,
      0.7663964,
      -0.6353367
    ]
  }
]