[
  {
    "timeStamp": 15156,
    "rotation": [
      [
        0.9989158,
        0.00689862063,
        -0.0460406952
      ],
      [
        0.0459401645,
        0.0140837571,
        0.9988449
      ],
      [
        0.00753907,
        -0.999877036,
        0.0137515636
      ]
    ],
    "translation": [
      1.769836,
      0.7023512,
      -0.620048344
    ]
  },
  {
    "timeStamp": 15206,
    "rotation": [
      [
        0.9997846,
        0.00615521055,
        -0.0198221151
      ],
      [
        0.0198133234,
        0.00148619816,
        0.9998026
      ],
      [
        0.006183455,
        -0.99998,
        0.00136392273
      ]
    ],
    "translation": [
      1.76986349,
      0.7022576,
      -0.620043457
    ]
  },
  {
    "timeStamp": 15255,
    "rotation": [
      [
        0.999271333,
        -0.0105957286,
        -0.03666798
      ],
      [
        0.0369909033,
        0.0320839472,
        0.998800457
      ],
      [
        -0.009406594,
        -0.999429047,
        0.0324525125
      ]
    ],
    "translation": [
      1.77343452,
      0.704356551,
      -0.6236055
    ]
  },
  {
    "timeStamp": 15310,
    "rotation": [
      [
        0.999428,
        -0.0147817321,
        0.0304179881
      ],
      [
        -0.0306290966,
        -0.0142716281,
        0.9994289
      ],
      [
        -0.0143391769,
        -0.9997889,
        -0.0147162154
      ]
    ],
    "translation": [
      1.77213144,
      0.738303,
      -0.620081842
    ]
  },
  {
    "timeStamp": 15355,
    "rotation": [
      [
        0.9974552,
        -0.0114079611,
        0.07037799
      ],
      [
        -0.07105268,
        -0.07747173,
        0.99445945
      ],
      [
        -0.00589242438,
        -0.9969293,
        -0.07808514
      ]
    ],
    "translation": [
      1.77462423,
      0.77603364,
      -0.6144699
    ]
  },
  {
    "timeStamp": 15410,
    "rotation": [
      [
        0.9935445,
        -0.03414639,
        0.108181715
      ],
      [
        -0.112355985,
        -0.164509833,
        0.979955435
      ],
      [
        -0.0156649873,
        -0.985784233,
        -0.167284384
      ]
    ],
    "translation": [
      1.79366887,
      0.8281379,
      -0.610316336
    ]
  },
  {
    "timeStamp": 15455,
    "rotation": [
      [
        0.9857507,
        -0.0948880538,
        0.138895035
      ],
      [
        -0.156588063,
        -0.216002256,
        0.9637548
      ],
      [
        -0.0614471957,
        -0.97177124,
        -0.227782711
      ]
    ],
    "translation": [
      1.82071161,
      0.870039642,
      -0.60387224
    ]
  },
  {
    "timeStamp": 15510,
    "rotation": [
      [
        0.977615952,
        -0.175281718,
        0.116375655
      ],
      [
        -0.16387403,
        -0.287454575,
        0.9436711
      ],
      [
        -0.131955579,
        -0.9416189,
        -0.309744328
      ]
    ],
    "translation": [
      1.87159383,
      0.912969768,
      -0.5983855
    ]
  },
  {
    "timeStamp": 15555,
    "rotation": [
      [
        0.961305439,
        -0.259924918,
        0.09127368
      ],
      [
        -0.175876081,
        -0.324044377,
        0.9295498
      ],
      [
        -0.212036431,
        -0.9096341,
        -0.3572202
      ]
    ],
    "translation": [
      1.92427206,
      0.941531,
      -0.593542039
    ]
  },
  {
    "timeStamp": 15612,
    "rotation": [
      [
        0.929272652,
        -0.365571648,
        0.05300698
      ],
      [
        -0.193227291,
        -0.358765244,
        0.913209
      ],
      [
        -0.31482625,
        -0.8588626,
        -0.404029131
      ]
    ],
    "translation": [
      1.99417114,
      0.9674624,
      -0.594706357
    ]
  },
  {
    "timeStamp": 15655,
    "rotation": [
      [
        0.9227098,
        -0.385173261,
        0.0157511458
      ],
      [
        -0.169433832,
        -0.3685118,
        0.9140521
      ],
      [
        -0.346263975,
        -0.8460737,
        -0.405290842
      ]
    ],
    "translation": [
      2.03477073,
      0.9748733,
      -0.5984608
    ]
  },
  {
    "timeStamp": 15710,
    "rotation": [
      [
        0.939085543,
        -0.343625337,
        -0.00632390054
      ],
      [
        -0.125450775,
        -0.359856129,
        0.9245354
      ],
      [
        -0.319969475,
        -0.8674245,
        -0.381043732
      ]
    ],
    "translation": [
      2.097556,
      0.9827875,
      -0.6118655
    ]
  },
  {
    "timeStamp": 15755,
    "rotation": [
      [
        0.9747667,
        -0.215225324,
        -0.0592286736
      ],
      [
        -0.008490183,
        -0.300883651,
        0.953623056
      ],
      [
        -0.22306478,
        -0.929057062,
        -0.29511863
      ]
    ],
    "translation": [
      2.1272316,
      0.967354834,
      -0.6282357
    ]
  },
  {
    "timeStamp": 15810,
    "rotation": [
      [
        0.9936681,
        -0.0182609539,
        -0.110861637
      ],
      [
        0.105565444,
        -0.18607612,
        0.976847768
      ],
      [
        -0.0384669,
        -0.9823656,
        -0.182970166
      ]
    ],
    "translation": [
      2.15450668,
      0.9412435,
      -0.6460717
    ]
  },
  {
    "timeStamp": 15855,
    "rotation": [
      [
        0.9798988,
        0.113758028,
        -0.163882524
      ],
      [
        0.177357852,
        -0.120650046,
        0.976722956
      ],
      [
        0.09133763,
        -0.9861555,
        -0.1384007
      ]
    ],
    "translation": [
      2.175794,
      0.922141969,
      -0.658326
    ]
  },
  {
    "timeStamp": 15910,
    "rotation": [
      [
        0.9546177,
        0.230054617,
        -0.189155951
      ],
      [
        0.210061073,
        -0.06983029,
        0.9751913
      ],
      [
        0.211138442,
        -0.97066915,
        -0.114986748
      ]
    ],
    "translation": [
      2.193683,
      0.906194448,
      -0.656913042
    ]
  },
  {
    "timeStamp": 15955,
    "rotation": [
      [
        0.926115632,
        0.332639933,
        -0.177933916
      ],
      [
        0.210793436,
        -0.06514526,
        0.9753575
      ],
      [
        0.31285128,
        -0.9408011,
        -0.130450353
      ]
    ],
    "translation": [
      2.19511366,
      0.8999181,
      -0.65162766
    ]
  },
  {
    "timeStamp": 16010,
    "rotation": [
      [
        0.8340065,
        0.500236869,
        -0.2328011
      ],
      [
        0.277668148,
        -0.0159145743,
        0.960545242
      ],
      [
        0.4767952,
        -0.8657424,
        -0.1521727
      ]
    ],
    "translation": [
      2.1993053,
      0.884853244,
      -0.64716
    ]
  },
  {
    "timeStamp": 16055,
    "rotation": [
      [
        0.7783408,
        0.586113453,
        -0.225070268
      ],
      [
        0.274172336,
        0.00519192126,
        0.9616666
      ],
      [
        0.56481427,
        -0.8102124,
        -0.156655014
      ]
    ],
    "translation": [
      2.19957662,
      0.8765967,
      -0.642858863
    ]
  },
  {
    "timeStamp": 16112,
    "rotation": [
      [
        0.7036647,
        0.6849566,
        -0.188918784
      ],
      [
        0.2626062,
        -0.00364945061,
        0.9648962
      ],
      [
        0.6602226,
        -0.7285747,
        -0.182441846
      ]
    ],
    "translation": [
      2.19749355,
      0.869220734,
      -0.6330023
    ]
  },
  {
    "timeStamp": 16157,
    "rotation": [
      [
        0.642369568,
        0.7444329,
        -0.182156458
      ],
      [
        0.26955,
        0.003039372,
        0.9629816
      ],
      [
        0.717428863,
        -0.667690337,
        -0.198709488
      ]
    ],
    "translation": [
      2.1992352,
      0.860201657,
      -0.6259873
    ]
  },
  {
    "timeStamp": 16214,
    "rotation": [
      [
        0.6036346,
        0.782066941,
        -0.15490827
      ],
      [
        0.233897865,
        0.0120334011,
        0.9721867
      ],
      [
        0.762179136,
        -0.6230782,
        -0.17566
      ]
    ],
    "translation": [
      2.20242167,
      0.8489015,
      -0.617748
    ]
  },
  {
    "timeStamp": 16259,
    "rotation": [
      [
        0.575773954,
        0.806838453,
        -0.132272661
      ],
      [
        0.212014809,
        0.008908422,
        0.97722584
      ],
      [
        0.7896417,
        -0.5907049,
        -0.165932477
      ]
    ],
    "translation": [
      2.202367,
      0.842007041,
      -0.6127779
    ]
  },
  {
    "timeStamp": 16315,
    "rotation": [
      [
        0.5624086,
        0.8196125,
        -0.109233283
      ],
      [
        0.173399314,
        0.0122606251,
        0.9847753
      ],
      [
        0.8084734,
        -0.5727871,
        -0.135224774
      ]
    ],
    "translation": [
      2.20399475,
      0.832523644,
      -0.607658565
    ]
  },
  {
    "timeStamp": 16359,
    "rotation": [
      [
        0.57277447,
        0.8154912,
        -0.0830872953
      ],
      [
        0.150468662,
        -0.00495935557,
        0.98860234
      ],
      [
        0.805784464,
        -0.5787482,
        -0.125546455
      ]
    ],
    "translation": [
      2.2038064,
      0.826688647,
      -0.599370241
    ]
  },
  {
    "timeStamp": 16415,
    "rotation": [
      [
        0.590470254,
        0.8056474,
        -0.04771848
      ],
      [
        0.118446343,
        -0.0280213859,
        0.992565
      ],
      [
        0.798320234,
        -0.5917322,
        -0.111971788
      ]
    ],
    "translation": [
      2.20009637,
      0.8215675,
      -0.591717958
    ]
  },
  {
    "timeStamp": 16459,
    "rotation": [
      [
        0.5933508,
        0.8042618,
        -0.0331331678
      ],
      [
        0.110540189,
        -0.04064167,
        0.9930403
      ],
      [
        0.7973178,
        -0.5928839,
        -0.113018021
      ]
    ],
    "translation": [
      2.19681716,
      0.808262467,
      -0.5929397
    ]
  },
  {
    "timeStamp": 16515,
    "rotation": [
      [
        0.5987067,
        0.8009123,
        -0.009475983
      ],
      [
        0.0820711255,
        -0.0495737232,
        0.9953928
      ],
      [
        0.7967526,
        -0.59672606,
        -0.0954119
      ]
    ],
    "translation": [
      2.19365048,
      0.8006392,
      -0.5916971
    ]
  },
  {
    "timeStamp": 16560,
    "rotation": [
      [
        0.577483058,
        0.8163429,
        0.00987917
      ],
      [
        0.0723205358,
        -0.0632055253,
        0.9953767
      ],
      [
        0.813193142,
        -0.574098766,
        -0.0955384746
      ]
    ],
    "translation": [
      2.19111776,
      0.7952217,
      -0.5922832
    ]
  },
  {
    "timeStamp": 16615,
    "rotation": [
      [
        0.5622808,
        0.826349556,
        0.0314112231
      ],
      [
        0.0626325458,
        -0.080431655,
        0.9947904
      ],
      [
        0.8245711,
        -0.557384133,
        -0.0969815552
      ]
    ],
    "translation": [
      2.1896193,
      0.7894975,
      -0.590469062
    ]
  },
  {
    "timeStamp": 16659,
    "rotation": [
      [
        0.54793644,
        0.835919261,
        0.03169616
      ],
      [
        0.06952386,
        -0.0832661539,
        0.9940992
      ],
      [
        0.8336259,
        -0.542499542,
        -0.1037409
      ]
    ],
    "translation": [
      2.19005227,
      0.784222662,
      -0.5887578
    ]
  },
  {
    "timeStamp": 16715,
    "rotation": [
      [
        0.542690754,
        0.838929236,
        0.04104302
      ],
      [
        0.06458028,
        -0.09039627,
        0.9938098
      ],
      [
        0.8374462,
        -0.5366808,
        -0.103235506
      ]
    ],
    "translation": [
      2.18908381,
      0.782379448,
      -0.586146533
    ]
  },
  {
    "timeStamp": 16759,
    "rotation": [
      [
        0.573111236,
        0.8185648,
        0.0386692323
      ],
      [
        0.048412554,
        -0.08092541,
        0.9955437
      ],
      [
        0.818046331,
        -0.568685234,
        -0.08600807
      ]
    ],
    "translation": [
      2.18774462,
      0.780996561,
      -0.5834664
    ]
  },
  {
    "timeStamp": 16815,
    "rotation": [
      [
        0.548635066,
        0.83529377,
        0.0358319432
      ],
      [
        0.04760232,
        -0.07399705,
        0.9961217
      ],
      [
        0.8347057,
        -0.5448016,
        -0.080359295
      ]
    ],
    "translation": [
      2.18836546,
      0.7752892,
      -0.584025562
    ]
  },
  {
    "timeStamp": 16859,
    "rotation": [
      [
        0.539956331,
        0.8410388,
        0.0331784822
      ],
      [
        0.0388830937,
        -0.06430125,
        0.9971727
      ],
      [
        0.8407944,
        -0.5371396,
        -0.0674220547
      ]
    ],
    "translation": [
      2.18935037,
      0.7713909,
      -0.586366
    ]
  },
  {
    "timeStamp": 16915,
    "rotation": [
      [
        0.5421698,
        0.840195,
        0.0111468118
      ],
      [
        0.04254442,
        -0.04069743,
        0.9982653
      ],
      [
        0.8391912,
        -0.540755033,
        -0.0578105263
      ]
    ],
    "translation": [
      2.19014239,
      0.769663036,
      -0.588939846
    ]
  },
  {
    "timeStamp": 16960,
    "rotation": [
      [
        0.541765,
        0.8401324,
        0.0258496087
      ],
      [
        0.0375639349,
        -0.0549236536,
        0.9977837
      ],
      [
        0.8396902,
        -0.5395932,
        -0.0613143928
      ]
    ],
    "translation": [
      2.188746,
      0.7744287,
      -0.589098632
    ]
  },
  {
    "timeStamp": 17015,
    "rotation": [
      [
        0.5364502,
        0.8436859,
        0.020378774
      ],
      [
        0.04490964,
        -0.0526519455,
        0.9976026
      ],
      [
        0.842736244,
        -0.5342489,
        -0.06613478
      ]
    ],
    "translation": [
      2.18953133,
      0.7757986,
      -0.5882838
    ]
  },
  {
    "timeStamp": 17059,
    "rotation": [
      [
        0.534295559,
        0.845232368,
        0.0105133671
      ],
      [
        0.053147845,
        -0.04600394,
        0.9975264
      ],
      [
        0.843625247,
        -0.5324152,
        -0.06950197
      ]
    ],
    "translation": [
      2.19276762,
      0.7753392,
      -0.58682704
    ]
  },
  {
    "timeStamp": 17115,
    "rotation": [
      [
        0.5348826,
        0.844922,
        0.002728382
      ],
      [
        0.0546075925,
        -0.0377916656,
        0.9977925
      ],
      [
        0.84316,
        -0.5335529,
        -0.066353254
      ]
    ],
    "translation": [
      2.198481,
      0.77398634,
      -0.5839477
    ]
  },
  {
    "timeStamp": 17159,
    "rotation": [
      [
        0.5304832,
        0.8476926,
        0.00219244673
      ],
      [
        0.0508120656,
        -0.0343795158,
        0.9981163
      ],
      [
        0.8461712,
        -0.5293725,
        -0.0613107644
      ]
    ],
    "translation": [
      2.20131469,
      0.7756913,
      -0.582118
    ]
  },
  {
    "timeStamp": 17215,
    "rotation": [
      [
        0.5245489,
        0.8512648,
        0.0140259992
      ],
      [
        0.03966896,
        -0.0408938862,
        0.9983757
      ],
      [
        0.850455642,
        -0.5231405,
        -0.05521963
      ]
    ],
    "translation": [
      2.20166469,
      0.7813544,
      -0.581133664
    ]
  },
  {
    "timeStamp": 17259,
    "rotation": [
      [
        0.524165,
        0.851102352,
        0.0295955911
      ],
      [
        0.024425976,
        -0.0497629,
        0.9984623
      ],
      [
        0.851266444,
        -0.522636056,
        -0.0468729734
      ]
    ],
    "translation": [
      2.20137286,
      0.7852434,
      -0.579674661
    ]
  },
  {
    "timeStamp": 17315,
    "rotation": [
      [
        0.526916862,
        0.849064052,
        0.03806429
      ],
      [
        0.008354561,
        -0.0499580577,
        0.998716354
      ],
      [
        0.8498758,
        -0.5259225,
        -0.0334173
      ]
    ],
    "translation": [
      2.202435,
      0.7858738,
      -0.5778707
    ]
  },
  {
    "timeStamp": 17359,
    "rotation": [
      [
        0.5213611,
        0.8524825,
        0.0381587036
      ],
      [
        -0.003654477,
        -0.04248614,
        0.9990904
      ],
      [
        0.8533283,
        -0.5210263,
        -0.0190352444
      ]
    ],
    "translation": [
      2.20317388,
      0.7829633,
      -0.577613652
    ]
  },
  {
    "timeStamp": 17415,
    "rotation": [
      [
        0.511784732,
        0.858671,
        0.0275760256
      ],
      [
        -0.00665177032,
        -0.0281367619,
        0.999581933
      ],
      [
        0.859087944,
        -0.5117542,
        -0.008688284
      ]
    ],
    "translation": [
      2.2057538,
      0.7757439,
      -0.5783136
    ]
  },
  {
    "timeStamp": 17459,
    "rotation": [
      [
        0.510505259,
        0.8596174,
        0.021028392
      ],
      [
        -0.00191461912,
        -0.02331876,
        0.999726236
      ],
      [
        0.85987246,
        -0.5104058,
        -0.01025851
      ]
    ],
    "translation": [
      2.2065196,
      0.770695,
      -0.5761518
    ]
  },
  {
    "timeStamp": 17515,
    "rotation": [
      [
        0.5063277,
        0.862201452,
        0.0155232456
      ],
      [
        -0.00716368249,
        -0.0137951523,
        0.9998792
      ],
      [
        0.8623114,
        -0.5063777,
        -0.0008083301
      ]
    ],
    "translation": [
      2.20779777,
      0.764788,
      -0.5755548
    ]
  },
  {
    "timeStamp": 17559,
    "rotation": [
      [
        0.506606042,
        0.8621027,
        0.0113714868
      ],
      [
        -0.003013586,
        -0.0114185847,
        0.999930263
      ],
      [
        0.8621724,
        -0.50660497,
        -0.003186704
      ]
    ],
    "translation": [
      2.208557,
      0.760434866,
      -0.57377696
    ]
  },
  {
    "timeStamp": 17614,
    "rotation": [
      [
        0.512850165,
        0.8583633,
        0.0140445922
      ],
      [
        -0.00486378465,
        -0.0134544,
        0.999897659
      ],
      [
        0.85846436,
        -0.512866,
        -0.00272519747
      ]
    ],
    "translation": [
      2.2086463,
      0.756563365,
      -0.5707075
    ]
  },
  {
    "timeStamp": 17659,
    "rotation": [
      [
        0.520329833,
        0.8538099,
        0.0162970275
      ],
      [
        -0.00681438437,
        -0.01493202,
        0.9998653
      ],
      [
        0.8539382,
        -0.5203708,
        -0.00195138657
      ]
    ],
    "translation": [
      2.20853186,
      0.7537575,
      -0.568234
    ]
  },
  {
    "timeStamp": 17714,
    "rotation": [
      [
        0.5276122,
        0.8493049,
        0.0175089184
      ],
      [
        -0.003815203,
        -0.0182418935,
        0.9998263
      ],
      [
        0.8494768,
        -0.527587354,
        -0.00638437551
      ]
    ],
    "translation": [
      2.208165,
      0.7508395,
      -0.5650916
    ]
  },
  {
    "timeStamp": 17764,
    "rotation": [
      [
        0.533547044,
        0.8455822,
        0.0178390089
      ],
      [
        0.00164788682,
        -0.0221313089,
        0.9997537
      ],
      [
        0.84576875,
        -0.5333863,
        -0.0132015189
      ]
    ],
    "translation": [
      2.20786452,
      0.749033034,
      -0.5624722
    ]
  },
  {
    "timeStamp": 17811,
    "rotation": [
      [
        0.5420655,
        0.8399363,
        0.0259208418
      ],
      [
        -0.00660683,
        -0.0265850853,
        0.9996247
      ],
      [
        0.8403102,
        -0.5420334,
        -0.008861542
      ]
    ],
    "translation": [
      2.206792,
      0.747619867,
      -0.5607063
    ]
  },
  {
    "timeStamp": 17856,
    "rotation": [
      [
        0.547180355,
        0.8367297,
        0.0218402073
      ],
      [
        -0.00232388917,
        -0.0245742053,
        0.9996953
      ],
      [
        0.837011456,
        -0.5470644,
        -0.0115020555
      ]
    ],
    "translation": [
      2.20698428,
      0.7452922,
      -0.559402764
    ]
  },
  {
    "timeStamp": 17911,
    "rotation": [
      [
        0.550302148,
        0.8345999,
        0.0247082114
      ],
      [
        -0.00276744831,
        -0.0277685821,
        0.999610543
      ],
      [
        0.834961,
        -0.550156236,
        -0.0129713975
      ]
    ],
    "translation": [
      2.20575142,
      0.74422437,
      -0.5589105
    ]
  },
  {
    "timeStamp": 17956,
    "rotation": [
      [
        0.550998,
        0.8344231,
        0.0117984219
      ],
      [
        0.0128361462,
        -0.0226109773,
        0.9996619
      ],
      [
        0.8344078,
        -0.550660253,
        -0.0231693815
      ]
    ],
    "translation": [
      2.20661521,
      0.741734445,
      -0.5581211
    ]
  },
  {
    "timeStamp": 18011,
    "rotation": [
      [
        0.553000569,
        0.833165944,
        0.00499353325
      ],
      [
        0.0197103117,
        -0.0190735944,
        0.9996238
      ],
      [
        0.832947731,
        -0.552694142,
        -0.02696967
      ]
    ],
    "translation": [
      2.20598865,
      0.7404883,
      -0.5581078
    ]
  },
  {
    "timeStamp": 18056,
    "rotation": [
      [
        0.557957351,
        0.8298501,
        -0.005688564
      ],
      [
        0.02651064,
        -0.010972565,
        0.9995883
      ],
      [
        0.829446,
        -0.5578785,
        -0.02812208
      ]
    ],
    "translation": [
      2.20722818,
      0.7384946,
      -0.5576289
    ]
  },
  {
    "timeStamp": 18111,
    "rotation": [
      [
        0.568890631,
        0.822158039,
        -0.0204868522
      ],
      [
        0.03418451,
        0.00124989857,
        0.999414742
      ],
      [
        0.8217025,
        -0.569258034,
        -0.0273940153
      ]
    ],
    "translation": [
      2.20805287,
      0.7369961,
      -0.557609737
    ]
  },
  {
    "timeStamp": 18156,
    "rotation": [
      [
        0.587350845,
        0.8089275,
        -0.0256007835
      ],
      [
        0.04182488,
        0.00125163666,
        0.999124169
      ],
      [
        0.808251,
        -0.5879072,
        -0.0330981426
      ]
    ],
    "translation": [
      2.20781326,
      0.7377077,
      -0.555356443
    ]
  },
  {
    "timeStamp": 18213,
    "rotation": [
      [
        0.6091999,
        0.792458951,
        -0.0297388714
      ],
      [
        0.047989212,
        0.000592561439,
        0.998847663
      ],
      [
        0.7915634,
        -0.609925032,
        -0.0376684926
      ]
    ],
    "translation": [
      2.20765042,
      0.7385155,
      -0.5534415
    ]
  },
  {
    "timeStamp": 18258,
    "rotation": [
      [
        0.6277157,
        0.7777558,
        -0.0326944
      ],
      [
        0.05272963,
        -0.000578978565,
        0.998608649
      ],
      [
        0.7766548,
        -0.6285663,
        -0.0413742065
      ]
    ],
    "translation": [
      2.20811272,
      0.7384027,
      -0.5525063
    ]
  },
  {
    "timeStamp": 18314,
    "rotation": [
      [
        0.6580292,
        0.7526114,
        -0.02395091
      ],
      [
        0.04684714,
        -0.009172303,
        0.998859942
      ],
      [
        0.7515337,
        -0.658401,
        -0.04129333
      ]
    ],
    "translation": [
      2.2067554,
      0.739950955,
      -0.5509013
    ]
  },
  {
    "timeStamp": 18358,
    "rotation": [
      [
        0.6740677,
        0.7380495,
        -0.030260006
      ],
      [
        0.0494124256,
        -0.00417931238,
        0.9987697
      ],
      [
        0.737015069,
        -0.674733639,
        -0.0392859541
      ]
    ],
    "translation": [
      2.20718575,
      0.7397436,
      -0.5510913
    ]
  },
  {
    "timeStamp": 18414,
    "rotation": [
      [
        0.6848977,
        0.7279363,
        -0.0319978781
      ],
      [
        0.0497439168,
        -0.0029004775,
        0.9987578
      ],
      [
        0.726939261,
        -0.685638666,
        -0.03819693
      ]
    ],
    "translation": [
      2.20737267,
      0.7386095,
      -0.552893
    ]
  },
  {
    "timeStamp": 18458,
    "rotation": [
      [
        0.6964816,
        0.716145933,
        -0.0452601276
      ],
      [
        0.06137035,
        0.00339488569,
        0.9981093
      ],
      [
        0.714945555,
        -0.6979424,
        -0.04158565
      ]
    ],
    "translation": [
      2.20917487,
      0.736149251,
      -0.5523043
    ]
  },
  {
    "timeStamp": 18514,
    "rotation": [
      [
        0.7174177,
        0.695600569,
        -0.0381010845
      ],
      [
        0.053542085,
        -0.0005256102,
        0.998565435
      ],
      [
        0.694582641,
        -0.7184286,
        -0.037620984
      ]
    ],
    "translation": [
      2.20960164,
      0.735799551,
      -0.5508796
    ]
  },
  {
    "timeStamp": 18558,
    "rotation": [
      [
        0.7288116,
        0.683119357,
        -0.0467071272
      ],
      [
        0.0586780943,
        0.00565147027,
        0.998261
      ],
      [
        0.682195365,
        -0.73028487,
        -0.0359652825
      ]
    ],
    "translation": [
      2.21151519,
      0.733698547,
      -0.5494071
    ]
  },
  {
    "timeStamp": 18614,
    "rotation": [
      [
        0.74368006,
        0.6669915,
        -0.04541343
      ],
      [
        0.05722507,
        0.004170178,
        0.9983526
      ],
      [
        0.666082,
        -0.7450537,
        -0.0350673534
      ]
    ],
    "translation": [
      2.21208286,
      0.733302236,
      -0.5475461
    ]
  },
  {
    "timeStamp": 18658,
    "rotation": [
      [
        0.753853261,
        0.65538305,
        -0.0466729254
      ],
      [
        0.0569242947,
        0.00562105235,
        0.99836266
      ],
      [
        0.6545723,
        -0.7552758,
        -0.03306977
      ]
    ],
    "translation": [
      2.21255565,
      0.7332008,
      -0.545952737
    ]
  },
  {
    "timeStamp": 18714,
    "rotation": [
      [
        0.762342751,
        0.6454156,
        -0.0476693176
      ],
      [
        0.0530059263,
        0.0111411363,
        0.998532057
      ],
      [
        0.644999266,
        -0.7637504,
        -0.0257174876
      ]
    ],
    "translation": [
      2.212219,
      0.7329121,
      -0.5461539
    ]
  },
  {
    "timeStamp": 18758,
    "rotation": [
      [
        0.7650812,
        0.6419932,
        -0.0499538668
      ],
      [
        0.05478221,
        0.0124022514,
        0.9984213
      ],
      [
        0.641599238,
        -0.766609967,
        -0.02568108
      ]
    ],
    "translation": [
      2.21219254,
      0.73284924,
      -0.5462488
    ]
  },
  {
    "timeStamp": 18814,
    "rotation": [
      [
        0.7724483,
        0.632536054,
        -0.0567609072
      ],
      [
        0.05861466,
        0.0179868452,
        0.998118639
      ],
      [
        0.632366955,
        -0.774322033,
        -0.0231819786
      ]
    ],
    "translation": [
      2.2135787,
      0.732162952,
      -0.545549333
    ]
  },
  {
    "timeStamp": 18859,
    "rotation": [
      [
        0.7807583,
        0.622392,
        -0.05517841
      ],
      [
        0.05517063,
        0.0192951653,
        0.9982905
      ],
      [
        0.6223927,
        -0.782467842,
        -0.0192728974
      ]
    ],
    "translation": [
      2.21431541,
      0.7318798,
      -0.545266151
    ]
  },
  {
    "timeStamp": 18913,
    "rotation": [
      [
        0.794919968,
        0.60428375,
        -0.05425303
      ],
      [
        0.05484455,
        0.0174852237,
        0.9983418
      ],
      [
        0.604230344,
        -0.7965773,
        -0.0192423165
      ]
    ],
    "translation": [
      2.21525121,
      0.7318827,
      -0.542676032
    ]
  },
  {
    "timeStamp": 18958,
    "rotation": [
      [
        0.7999209,
        0.597670257,
        -0.0540073253
      ],
      [
        0.054696586,
        0.0170088969,
        0.99835813
      ],
      [
        0.597607553,
        -0.8015616,
        -0.01908475
      ]
    ],
    "translation": [
      2.21549916,
      0.7312372,
      -0.542388856
    ]
  },
  {
    "timeStamp": 19014,
    "rotation": [
      [
        0.8125199,
        0.5809189,
        -0.0484215245
      ],
      [
        0.04984622,
        0.0135231493,
        0.998665333
      ],
      [
        0.5807984,
        -0.813849151,
        -0.0179687813
      ]
    ],
    "translation": [
      2.2157228,
      0.7309377,
      -0.540398538
    ]
  },
  {
    "timeStamp": 19058,
    "rotation": [
      [
        0.813793361,
        0.5784187,
        -0.056321945
      ],
      [
        0.0560103059,
        0.0184004419,
        0.9982606
      ],
      [
        0.578448951,
        -0.8155325,
        -0.0174232535
      ]
    ],
    "translation": [
      2.2160573,
      0.7297866,
      -0.5410145
    ]
  },
  {
    "timeStamp": 19113,
    "rotation": [
      [
        0.814801753,
        0.5765966,
        -0.06028647
      ],
      [
        0.05964633,
        0.0200609025,
        0.998017967
      ],
      [
        0.5766632,
        -0.8167827,
        -0.0180462115
      ]
    ],
    "translation": [
      2.21557617,
      0.7277432,
      -0.541802943
    ]
  },
  {
    "timeStamp": 19158,
    "rotation": [
      [
        0.8189929,
        0.5693631,
        -0.071247384
      ],
      [
        0.07325917,
        0.0193966851,
        0.9971243
      ],
      [
        0.5691078,
        -0.8218573,
        -0.0258253235
      ]
    ],
    "translation": [
      2.21721578,
      0.7268884,
      -0.5391593
    ]
  }
]