[
  {
    "timeStamp": 5929,
    "rotation": [
      [
        -0.999956965,
        0.009203456,
        -0.00121647853
      ],
      [
        0.00919632,
        0.99994123,
        0.005747112
      ],
      [
        0.00126930035,
        0.00573567767,
        -0.9999828
      ]
    ],
    "translation": [
      1.4622736,
      0.733124435,
      -0.7505716
    ]
  },
  {
    "timeStamp": 5984,
    "rotation": [
      [
        -0.9999938,
        0.00352734071,
        -0.000202027935
      ],
      [
        0.0035272215,
        0.9999936,
        0.000586334849
      ],
      [
        0.000204094846,
        0.0005856186,
        -0.9999998
      ]
    ],
    "translation": [
      1.46211958,
      0.7341255,
      -0.7507666
    ]
  },
  {
    "timeStamp": 6028,
    "rotation": [
      [
        -0.9995328,
        0.0304198451,
        -0.002974806
      ],
      [
        0.0304072946,
        0.9995289,
        0.00417690631
      ],
      [
        0.003100465,
        0.004084499,
        -0.9999869
      ]
    ],
    "translation": [
      1.46178663,
      0.7426211,
      -0.750673234
    ]
  },
  {
    "timeStamp": 6085,
    "rotation": [
      [
        -0.9962448,
        0.08502103,
        -0.0163625628
      ],
      [
        0.084955804,
        0.9963739,
        0.00464181835
      ],
      [
        0.0166978836,
        0.00323429261,
        -0.99985534
      ]
    ],
    "translation": [
      1.45622492,
      0.767746449,
      -0.7517464
    ]
  },
  {
    "timeStamp": 6130,
    "rotation": [
      [
        -0.988661766,
        0.144812077,
        -0.0397159979
      ],
      [
        0.14466536,
        0.9894589,
        0.00655867346
      ],
      [
        0.0402471237,
        0.0007387806,
        -0.999189436
      ]
    ],
    "translation": [
      1.45456219,
      0.7972659,
      -0.7519311
    ]
  },
  {
    "timeStamp": 6175,
    "rotation": [
      [
        -0.974859059,
        0.209320575,
        -0.07638574
      ],
      [
        0.208312973,
        0.9778364,
        0.0210182127
      ],
      [
        0.079092294,
        0.00457765535,
        -0.9968568
      ]
    ],
    "translation": [
      1.45545626,
      0.8304955,
      -0.752471864
    ]
  },
  {
    "timeStamp": 6231,
    "rotation": [
      [
        -0.953753,
        0.275719136,
        -0.119725637
      ],
      [
        0.272894979,
        0.9612242,
        0.0397032462
      ],
      [
        0.126030132,
        0.005194563,
        -0.9920128
      ]
    ],
    "translation": [
      1.46603,
      0.8697994,
      -0.7552395
    ]
  },
  {
    "timeStamp": 6275,
    "rotation": [
      [
        -0.9341284,
        0.31972307,
        -0.158686176
      ],
      [
        0.314508349,
        0.947502851,
        0.05764417
      ],
      [
        0.168785781,
        0.00393893151,
        -0.985644937
      ]
    ],
    "translation": [
      1.4783088,
      0.89784956,
      -0.75783
    ]
  },
  {
    "timeStamp": 6331,
    "rotation": [
      [
        -0.9090604,
        0.353797644,
        -0.22008276
      ],
      [
        0.343840718,
        0.935322,
        0.083344765
      ],
      [
        0.235335425,
        9.20123057E-05,
        -0.9719142
      ]
    ],
    "translation": [
      1.50366616,
      0.9244759,
      -0.757382035
    ]
  },
  {
    "timeStamp": 6375,
    "rotation": [
      [
        -0.883959353,
        0.37751922,
        -0.275853485
      ],
      [
        0.358533055,
        0.9259841,
        0.118353128
      ],
      [
        0.300116539,
        0.005716749,
        -0.953885436
      ]
    ],
    "translation": [
      1.52765131,
      0.941529334,
      -0.7554298
    ]
  },
  {
    "timeStamp": 6430,
    "rotation": [
      [
        -0.85435,
        0.384074,
        -0.350104719
      ],
      [
        0.349416524,
        0.9231894,
        0.16009222
      ],
      [
        0.3847002,
        0.0144424187,
        -0.922928631
      ]
    ],
    "translation": [
      1.56313014,
      0.9534073,
      -0.753025
    ]
  },
  {
    "timeStamp": 6475,
    "rotation": [
      [
        -0.827127159,
        0.3959866,
        -0.39881736
      ],
      [
        0.3445535,
        0.917905867,
        0.196803957
      ],
      [
        0.4440085,
        0.0253679771,
        -0.8956634
      ]
    ],
    "translation": [
      1.59228718,
      0.961553454,
      -0.7539826
    ]
  },
  {
    "timeStamp": 6531,
    "rotation": [
      [
        -0.7833109,
        0.4052146,
        -0.471407562
      ],
      [
        0.347021431,
        0.9142215,
        0.209225
      ],
      [
        0.515751958,
        0.000299696054,
        -0.8567379
      ]
    ],
    "translation": [
      1.63163292,
      0.972912669,
      -0.7482224
    ]
  },
  {
    "timeStamp": 6575,
    "rotation": [
      [
        -0.712137163,
        0.425245285,
        -0.5585938
      ],
      [
        0.358826429,
        0.9043649,
        0.2310145
      ],
      [
        0.6034105,
        -0.03592421,
        -0.7966211
      ]
    ],
    "translation": [
      1.66966414,
      0.984198153,
      -0.7323278
    ]
  },
  {
    "timeStamp": 6630,
    "rotation": [
      [
        -0.5836044,
        0.45182398,
        -0.6747303
      ],
      [
        0.374325156,
        0.8870493,
        0.270229965
      ],
      [
        0.7206154,
        -0.0948611349,
        -0.6868149
      ]
    ],
    "translation": [
      1.72777534,
      0.9996594,
      -0.7049418
    ]
  },
  {
    "timeStamp": 6675,
    "rotation": [
      [
        -0.454348564,
        0.423137844,
        -0.7839144
      ],
      [
        0.40410462,
        0.8821361,
        0.241940737
      ],
      [
        0.793893456,
        -0.206858,
        -0.571789265
      ]
    ],
    "translation": [
      1.78599691,
      1.01573217,
      -0.673796058
    ]
  },
  {
    "timeStamp": 6730,
    "rotation": [
      [
        -0.234841034,
        0.35566628,
        -0.9046276
      ],
      [
        0.439968,
        0.8687583,
        0.227348223
      ],
      [
        0.8667629,
        -0.3446165,
        -0.360501856
      ]
    ],
    "translation": [
      1.87444746,
      1.035289,
      -0.6385793
    ]
  },
  {
    "timeStamp": 6775,
    "rotation": [
      [
        -0.06891264,
        0.242574245,
        -0.9676822
      ],
      [
        0.4628801,
        0.8670328,
        0.184380308
      ],
      [
        0.8837381,
        -0.435214669,
        -0.172032312
      ]
    ],
    "translation": [
      1.95370758,
      1.04474783,
      -0.61499685
    ]
  },
  {
    "timeStamp": 6830,
    "rotation": [
      [
        0.03355552,
        -0.0194695871,
        -0.9992472
      ],
      [
        0.4562319,
        0.889858663,
        -0.00201760232
      ],
      [
        0.889228046,
        -0.455820739,
        0.038742315
      ]
    ],
    "translation": [
      2.04176259,
      1.04204321,
      -0.6004238
    ]
  },
  {
    "timeStamp": 6875,
    "rotation": [
      [
        0.05563588,
        -0.162342235,
        -0.9851648
      ],
      [
        0.4031235,
        0.9063481,
        -0.1265884
      ],
      [
        0.913452864,
        -0.3901002,
        0.11586944
      ]
    ],
    "translation": [
      2.09788084,
      1.01996708,
      -0.595016062
    ]
  },
  {
    "timeStamp": 6940,
    "rotation": [
      [
        0.14464502,
        -0.152657,
        -0.9776368
      ],
      [
        0.298289657,
        0.948790431,
        -0.1040196
      ],
      [
        0.9434517,
        -0.276573032,
        0.182773814
      ]
    ],
    "translation": [
      2.14757085,
      0.9765859,
      -0.5894253
    ]
  },
  {
    "timeStamp": 6975,
    "rotation": [
      [
        0.163545743,
        -0.181337252,
        -0.969726563
      ],
      [
        0.224903062,
        0.963930845,
        -0.142323256
      ],
      [
        0.9605578,
        -0.194818109,
        0.1984301
      ]
    ],
    "translation": [
      2.1748414,
      0.941697836,
      -0.582523346
    ]
  },
  {
    "timeStamp": 7025,
    "rotation": [
      [
        0.150656685,
        -0.12766248,
        -0.980308533
      ],
      [
        0.183372185,
        0.978027165,
        -0.09918421
      ],
      [
        0.9714305,
        -0.164818555,
        0.170756072
      ]
    ],
    "translation": [
      2.18281126,
      0.9072568,
      -0.569947064
    ]
  },
  {
    "timeStamp": 7081,
    "rotation": [
      [
        0.109801769,
        -0.114803016,
        -0.9873013
      ],
      [
        0.161415,
        0.982181251,
        -0.09625604
      ],
      [
        0.9807593,
        -0.148796141,
        0.126376167
      ]
    ],
    "translation": [
      2.18016219,
      0.8801557,
      -0.5551784
    ]
  },
  {
    "timeStamp": 7125,
    "rotation": [
      [
        0.08184882,
        -0.0986146554,
        -0.991753936
      ],
      [
        0.141070575,
        0.9862202,
        -0.08642195
      ],
      [
        0.986610234,
        -0.132833764,
        0.0946325958
      ]
    ],
    "translation": [
      2.17492461,
      0.8600893,
      -0.5433429
    ]
  },
  {
    "timeStamp": 7180,
    "rotation": [
      [
        0.0747483149,
        -0.0768632442,
        -0.994235754
      ],
      [
        0.117485538,
        0.99076,
        -0.06776178
      ],
      [
        0.990257442,
        -0.111743242,
        0.0830879658
      ]
    ],
    "translation": [
      2.17023087,
      0.840046465,
      -0.531212449
    ]
  },
  {
    "timeStamp": 7225,
    "rotation": [
      [
        0.07144252,
        -0.06601191,
        -0.9952579
      ],
      [
        0.0918864757,
        0.994000256,
        -0.0593326129
      ],
      [
        0.993203342,
        -0.08721187,
        0.07707948
      ]
    ],
    "translation": [
      2.16527414,
      0.824700534,
      -0.525232434
    ]
  },
  {
    "timeStamp": 7281,
    "rotation": [
      [
        0.0641373,
        -0.0332389064,
        -0.99738735
      ],
      [
        0.07237265,
        0.9969683,
        -0.0285709985
      ],
      [
        0.9953133,
        -0.0703511,
        0.06634845
      ]
    ],
    "translation": [
      2.156031,
      0.8106344,
      -0.519363046
    ]
  },
  {
    "timeStamp": 7325,
    "rotation": [
      [
        0.0516239479,
        -0.0302020237,
        -0.9982098
      ],
      [
        0.07093849,
        0.9971286,
        -0.0265006181
      ],
      [
        0.9961439,
        -0.06944343,
        0.0536182038
      ]
    ],
    "translation": [
      2.14875841,
      0.8045508,
      -0.515294969
    ]
  },
  {
    "timeStamp": 7381,
    "rotation": [
      [
        0.03306384,
        -0.0141957533,
        -0.9993524
      ],
      [
        0.0622367673,
        0.9979878,
        -0.01211725
      ],
      [
        0.997513533,
        -0.06179582,
        0.0338808075
      ]
    ],
    "translation": [
      2.13897729,
      0.798156559,
      -0.5123411
    ]
  },
  {
    "timeStamp": 7426,
    "rotation": [
      [
        0.01952765,
        -0.004816513,
        -0.9997977
      ],
      [
        0.05864225,
        0.9982723,
        -0.00366378762
      ],
      [
        0.998088062,
        -0.058558844,
        0.0197763629
      ]
    ],
    "translation": [
      2.132093,
      0.793834269,
      -0.5110854
    ]
  },
  {
    "timeStamp": 7483,
    "rotation": [
      [
        0.0198152717,
        -0.0196575318,
        -0.9996104
      ],
      [
        0.0605720356,
        0.997993767,
        -0.0184250213
      ],
      [
        0.9979671,
        -0.0601833425,
        0.0209662132
      ]
    ],
    "translation": [
      2.13128042,
      0.78897965,
      -0.509312451
    ]
  },
  {
    "timeStamp": 7528,
    "rotation": [
      [
        0.021662442,
        -0.02756937,
        -0.9993852
      ],
      [
        0.05070777,
        0.9983635,
        -0.0264420547
      ],
      [
        0.9984786,
        -0.05010379,
        0.02302497
      ]
    ],
    "translation": [
      2.1318996,
      0.7828343,
      -0.508899331
    ]
  },
  {
    "timeStamp": 7586,
    "rotation": [
      [
        0.03230745,
        -0.008509012,
        -0.999441743
      ],
      [
        0.039121218,
        0.9992082,
        -0.00724241138
      ],
      [
        0.998712063,
        -0.0388653949,
        0.0326147527
      ]
    ],
    "translation": [
      2.13058,
      0.775057554,
      -0.508564353
    ]
  },
  {
    "timeStamp": 7630,
    "rotation": [
      [
        0.02953272,
        -0.004580161,
        -0.9995533
      ],
      [
        0.0311698224,
        0.9995074,
        -0.00365901
      ],
      [
        0.9990777,
        -0.0310478378,
        0.0296609346
      ]
    ],
    "translation": [
      2.12760329,
      0.7696409,
      -0.508100748
    ]
  },
  {
    "timeStamp": 7674,
    "rotation": [
      [
        0.0281189848,
        0.00131783157,
        -0.999603748
      ],
      [
        0.025931431,
        0.9996616,
        0.0020473625
      ],
      [
        0.9992682,
        -0.0259787254,
        0.0280752983
      ]
    ],
    "translation": [
      2.125059,
      0.7652743,
      -0.507835865
    ]
  },
  {
    "timeStamp": 7730,
    "rotation": [
      [
        0.0411143042,
        0.0281348452,
        -0.998758256
      ],
      [
        0.0168752018,
        0.9994413,
        0.0288487617
      ],
      [
        0.999011934,
        -0.0180403423,
        0.0406165533
      ]
    ],
    "translation": [
      2.12287712,
      0.759519458,
      -0.5072671
    ]
  },
  {
    "timeStamp": 7775,
    "rotation": [
      [
        0.046363242,
        0.0333486535,
        -0.998367846
      ],
      [
        0.0214438252,
        0.999179065,
        0.03437158
      ],
      [
        0.9986945,
        -0.0230024029,
        0.04561006
      ]
    ],
    "translation": [
      2.122475,
      0.758518338,
      -0.506198645
    ]
  }
]