[
  {
    "timeStamp": 9440,
    "rotation": [
      [
        -0.9998164,
        0.00599595252,
        -0.0181968156
      ],
      [
        0.006036351,
        0.999979436,
        -0.002165968
      ],
      [
        0.0181834549,
        -0.002275413,
        -0.9998321
      ]
    ],
    "translation": [
      1.28794086,
      0.7329036,
      -0.48650822
    ]
  },
  {
    "timeStamp": 9485,
    "rotation": [
      [
        -0.9996384,
        0.020034235,
        -0.0179387
      ],
      [
        0.0203119442,
        0.9996745,
        -0.01543501
      ],
      [
        0.0176236331,
        -0.0157937985,
        -0.9997199
      ]
    ],
    "translation": [
      1.28780591,
      0.735314131,
      -0.4864481
    ]
  },
  {
    "timeStamp": 9541,
    "rotation": [
      [
        -0.9969179,
        0.07006676,
        -0.0352877155
      ],
      [
        0.07043046,
        0.997474551,
        -0.009169706
      ],
      [
        0.0345561057,
        -0.0116267744,
        -0.9993351
      ]
    ],
    "translation": [
      1.283388,
      0.752239645,
      -0.4862997
    ]
  },
  {
    "timeStamp": 9587,
    "rotation": [
      [
        -0.9875063,
        0.141932845,
        -0.06845767
      ],
      [
        0.142473742,
        0.989793837,
        -0.00305963075
      ],
      [
        0.06732472,
        -0.0127748251,
        -0.9976493
      ]
    ],
    "translation": [
      1.27679646,
      0.7794076,
      -0.4851661
    ]
  },
  {
    "timeStamp": 9640,
    "rotation": [
      [
        -0.965625942,
        0.240914047,
        -0.09760569
      ],
      [
        0.241907582,
        0.9702978,
        0.001702133
      ],
      [
        0.09511665,
        -0.0219679326,
        -0.9952237
      ]
    ],
    "translation": [
      1.27636933,
      0.8241009,
      -0.49021703
    ]
  },
  {
    "timeStamp": 9685,
    "rotation": [
      [
        -0.93384707,
        0.327228636,
        -0.144399077
      ],
      [
        0.326872975,
        0.9446864,
        0.0268635061
      ],
      [
        0.145202368,
        -0.0221137535,
        -0.9891548
      ]
    ],
    "translation": [
      1.28148937,
      0.8653734,
      -0.496661633
    ]
  },
  {
    "timeStamp": 9740,
    "rotation": [
      [
        -0.890615642,
        0.409375936,
        -0.198028132
      ],
      [
        0.405829221,
        0.911970854,
        0.060098
      ],
      [
        0.205198556,
        -0.0268413816,
        -0.978352249
      ]
    ],
    "translation": [
      1.3016969,
      0.910572648,
      -0.5110565
    ]
  },
  {
    "timeStamp": 9785,
    "rotation": [
      [
        -0.861907542,
        0.4448189,
        -0.243416265
      ],
      [
        0.440198839,
        0.894660234,
        0.07621122
      ],
      [
        0.25167504,
        -0.04146453,
        -0.9669231
      ]
    ],
    "translation": [
      1.32346833,
      0.938000739,
      -0.524768353
    ]
  },
  {
    "timeStamp": 9840,
    "rotation": [
      [
        -0.817151248,
        0.480782568,
        -0.317981
      ],
      [
        0.4613033,
        0.8762265,
        0.139378965
      ],
      [
        0.345634341,
        -0.03279198,
        -0.9377962
      ]
    ],
    "translation": [
      1.36033642,
      0.962283969,
      -0.5385542
    ]
  },
  {
    "timeStamp": 9885,
    "rotation": [
      [
        -0.770087659,
        0.504218042,
        -0.39080587
      ],
      [
        0.471163154,
        0.862549245,
        0.184429049
      ],
      [
        0.430081755,
        -0.0421067849,
        -0.9018075
      ]
    ],
    "translation": [
      1.39609468,
      0.978277445,
      -0.5452257
    ]
  },
  {
    "timeStamp": 9940,
    "rotation": [
      [
        -0.693299949,
        0.4908566,
        -0.5276315
      ],
      [
        0.447798371,
        0.867088258,
        0.218253449
      ],
      [
        0.5646342,
        -0.08495741,
        -0.820957065
      ]
    ],
    "translation": [
      1.45298,
      0.9876318,
      -0.5427588
    ]
  },
  {
    "timeStamp": 9985,
    "rotation": [
      [
        -0.604324162,
        0.4979906,
        -0.62193054
      ],
      [
        0.441337019,
        0.859128237,
        0.25907582
      ],
      [
        0.663335443,
        -0.117915191,
        -0.7389737
      ]
    ],
    "translation": [
      1.50644243,
      0.996436834,
      -0.5362896
    ]
  },
  {
    "timeStamp": 10040,
    "rotation": [
      [
        -0.474371254,
        0.469467223,
        -0.7446962
      ],
      [
        0.4194647,
        0.864268839,
        0.277648658
      ],
      [
        0.773964643,
        -0.180665225,
        -0.6069092
      ]
    ],
    "translation": [
      1.58412659,
      1.00458968,
      -0.5255214
    ]
  },
  {
    "timeStamp": 10095,
    "rotation": [
      [
        -0.3356139,
        0.413328826,
        -0.846476555
      ],
      [
        0.422775269,
        0.8691022,
        0.2567534
      ],
      [
        0.841798246,
        -0.271699369,
        -0.466428
      ]
    ],
    "translation": [
      1.672152,
      1.0168252,
      -0.512425542
    ]
  },
  {
    "timeStamp": 10140,
    "rotation": [
      [
        -0.207929477,
        0.3586029,
        -0.910038054
      ],
      [
        0.428172559,
        0.869868457,
        0.244943231
      ],
      [
        0.879450738,
        -0.338722378,
        -0.3344152
      ]
    ],
    "translation": [
      1.7473731,
      1.02764177,
      -0.5049809
    ]
  },
  {
    "timeStamp": 10196,
    "rotation": [
      [
        -0.0292644016,
        0.2673233,
        -0.9631624
      ],
      [
        0.4233343,
        0.8762065,
        0.230326429
      ],
      [
        0.90550077,
        -0.4009993,
        -0.138808757
      ]
    ],
    "translation": [
      1.85025775,
      1.03915024,
      -0.497609079
    ]
  },
  {
    "timeStamp": 10240,
    "rotation": [
      [
        0.0997128,
        0.186969459,
        -0.977292061
      ],
      [
        0.42317152,
        0.880966365,
        0.211717069
      ],
      [
        0.9005461,
        -0.4346731,
        0.008723469
      ]
    ],
    "translation": [
      1.928731,
      1.04892337,
      -0.499182135
    ]
  },
  {
    "timeStamp": 10295,
    "rotation": [
      [
        0.1941037,
        0.0717606,
        -0.9783528
      ],
      [
        0.4404324,
        0.8847772,
        0.15227811
      ],
      [
        0.876551747,
        -0.460456,
        0.140132844
      ]
    ],
    "translation": [
      2.01741767,
      1.06010711,
      -0.5050378
    ]
  },
  {
    "timeStamp": 10340,
    "rotation": [
      [
        0.233188376,
        -0.0223432947,
        -0.9721749
      ],
      [
        0.440797657,
        0.89355433,
        0.08519449
      ],
      [
        0.8667875,
        -0.448398769,
        0.218215361
      ]
    ],
    "translation": [
      2.07403684,
      1.05916762,
      -0.510730147
    ]
  },
  {
    "timeStamp": 10390,
    "rotation": [
      [
        0.254160523,
        -0.105930835,
        -0.961343348
      ],
      [
        0.3656764,
        0.9307235,
        -0.00587907434
      ],
      [
        0.8953676,
        -0.350046366,
        0.275289565
      ]
    ],
    "translation": [
      2.12278414,
      1.03461874,
      -0.516440868
    ]
  },
  {
    "timeStamp": 10441,
    "rotation": [
      [
        0.246701211,
        -0.10193751,
        -0.9637153
      ],
      [
        0.197140753,
        0.978937149,
        -0.0530815981
      ],
      [
        0.948827744,
        -0.176892266,
        0.261601
      ]
    ],
    "translation": [
      2.158631,
      0.9836837,
      -0.5256488
    ]
  },
  {
    "timeStamp": 10490,
    "rotation": [
      [
        0.2013507,
        -0.116814673,
        -0.972528756
      ],
      [
        0.116029568,
        0.9887174,
        -0.09473659
      ],
      [
        0.9726228,
        -0.093766816,
        0.2126329
      ]
    ],
    "translation": [
      2.171629,
      0.946522951,
      -0.53163445
    ]
  },
  {
    "timeStamp": 10535,
    "rotation": [
      [
        0.162202328,
        -0.0996349752,
        -0.9817144
      ],
      [
        0.06418217,
        0.9938477,
        -0.0902619958
      ],
      [
        0.984667957,
        -0.04836786,
        0.1675992
      ]
    ],
    "translation": [
      2.17184472,
      0.920966864,
      -0.536030233
    ]
  },
  {
    "timeStamp": 10590,
    "rotation": [
      [
        0.117444269,
        -0.0625136048,
        -0.9911099
      ],
      [
        -0.003385225,
        0.997985661,
        -0.0633484349
      ],
      [
        0.9930737,
        0.010795041,
        0.11699608
      ]
    ],
    "translation": [
      2.16455865,
      0.8911052,
      -0.538714051
    ]
  },
  {
    "timeStamp": 10635,
    "rotation": [
      [
        0.0825306848,
        -0.07141638,
        -0.994026363
      ],
      [
        0.003641784,
        0.997444,
        -0.07135956
      ],
      [
        0.996581852,
        0.002269324,
        0.08257982
      ]
    ],
    "translation": [
      2.158449,
      0.881609857,
      -0.533355355
    ]
  },
  {
    "timeStamp": 10690,
    "rotation": [
      [
        0.0577725731,
        -0.06504294,
        -0.996208668
      ],
      [
        -0.0106005622,
        0.997779131,
        -0.06576023
      ],
      [
        0.9982735,
        0.0143595105,
        0.05695478
      ]
    ],
    "translation": [
      2.15147448,
      0.871330142,
      -0.528579
    ]
  },
  {
    "timeStamp": 10735,
    "rotation": [
      [
        0.04876668,
        -0.0460085534,
        -0.9977499
      ],
      [
        -0.0222658142,
        0.9986402,
        -0.0471378826
      ],
      [
        0.9985619,
        0.024514474,
        0.0476759523
      ]
    ],
    "translation": [
      2.1455512,
      0.8635821,
      -0.523538768
    ]
  },
  {
    "timeStamp": 10790,
    "rotation": [
      [
        0.0444603339,
        -0.0402486138,
        -0.9982001
      ],
      [
        -0.03582888,
        0.998481035,
        -0.04185578
      ],
      [
        0.998368442,
        0.03762531,
        0.0429507419
      ]
    ],
    "translation": [
      2.14183378,
      0.853633642,
      -0.5183148
    ]
  },
  {
    "timeStamp": 10835,
    "rotation": [
      [
        0.0478710532,
        -0.0346573628,
        -0.9982521
      ],
      [
        -0.035735596,
        0.998698652,
        -0.03638656
      ],
      [
        0.998214066,
        0.0374149978,
        0.0465702526
      ]
    ],
    "translation": [
      2.13884234,
      0.847451,
      -0.513558865
    ]
  },
  {
    "timeStamp": 10891,
    "rotation": [
      [
        0.04057904,
        -0.0303142555,
        -0.998716354
      ],
      [
        -0.0432918,
        0.9985477,
        -0.0320681334
      ],
      [
        0.998238,
        0.0445375219,
        0.0392077453
      ]
    ],
    "translation": [
      2.13332844,
      0.8361519,
      -0.5129945
    ]
  },
  {
    "timeStamp": 10937,
    "rotation": [
      [
        0.04082791,
        -0.0311917718,
        -0.9986792
      ],
      [
        -0.0388733,
        0.9987063,
        -0.0327818319
      ],
      [
        0.9984097,
        0.04016037,
        0.0395625643
      ]
    ],
    "translation": [
      2.13116574,
      0.833226264,
      -0.5104835
    ]
  },
  {
    "timeStamp": 10994,
    "rotation": [
      [
        0.0355758928,
        -0.0248537976,
        -0.9990579
      ],
      [
        -0.0422822759,
        0.998758137,
        -0.0263519883
      ],
      [
        0.998472154,
        0.0431799367,
        0.0344808362
      ]
    ],
    "translation": [
      2.12728667,
      0.82857573,
      -0.50834024
    ]
  },
  {
    "timeStamp": 11040,
    "rotation": [
      [
        0.02838644,
        -0.0245207883,
        -0.9992962
      ],
      [
        -0.04825468,
        0.9985,
        -0.0258719921
      ],
      [
        0.9984316,
        0.04895513,
        0.0271606147
      ]
    ],
    "translation": [
      2.124314,
      0.8248349,
      -0.507829547
    ]
  },
  {
    "timeStamp": 11095,
    "rotation": [
      [
        0.0257167853,
        -0.01998775,
        -0.9994694
      ],
      [
        -0.0403204,
        0.9989658,
        -0.0210151412
      ],
      [
        0.99885577,
        0.04083945,
        0.0248842742
      ]
    ],
    "translation": [
      2.12118888,
      0.8235806,
      -0.505913734
    ]
  },
  {
    "timeStamp": 11139,
    "rotation": [
      [
        0.009338762,
        -0.00407210831,
        -0.999948144
      ],
      [
        -0.03523332,
        0.999369442,
        -0.004398804
      ],
      [
        0.9993355,
        0.03527257,
        0.0091894
      ]
    ],
    "translation": [
      2.11839056,
      0.822347641,
      -0.5042142
    ]
  },
  {
    "timeStamp": 11195,
    "rotation": [
      [
        -0.00271417131,
        0.0282176044,
        -0.999598145
      ],
      [
        -0.0277003981,
        0.999216139,
        0.0282820333
      ],
      [
        0.9996126,
        0.0277660284,
        -0.0019304048
      ]
    ],
    "translation": [
      2.11715245,
      0.821100831,
      -0.503598
    ]
  }
]