[
  {
    "timeStamp": 5759,
    "rotation": [
      [
        0.0255342815,
        0.9996717,
        -0.00210611685
      ],
      [
        -0.00755307,
        0.00229966827,
        0.9999688
      ],
      [
        0.9996454,
        -0.0255175754,
        0.00760931056
      ]
    ],
    "translation": [
      1.15313816,
      0.705252945,
      -0.6208073
    ]
  },
  {
    "timeStamp": 5804,
    "rotation": [
      [
        0.0458778255,
        0.998906553,
        -0.008991656
      ],
      [
        -0.0144294165,
        0.009662855,
        0.9998492
      ],
      [
        0.998842835,
        -0.0457411632,
        0.01485695
      ]
    ],
    "translation": [
      1.15552914,
      0.7078668,
      -0.617530346
    ]
  },
  {
    "timeStamp": 5859,
    "rotation": [
      [
        0.044848904,
        0.9988109,
        0.0191134755
      ],
      [
        -0.0382059626,
        -0.0174038224,
        0.9991183
      ],
      [
        0.998262942,
        -0.0455396,
        0.03737999
      ]
    ],
    "translation": [
      1.15416348,
      0.721987,
      -0.6228042
    ]
  },
  {
    "timeStamp": 5903,
    "rotation": [
      [
        0.037523,
        0.997842252,
        0.05387719
      ],
      [
        -0.0355585739,
        -0.0525477529,
        0.9979851
      ],
      [
        0.9986629,
        -0.039363198,
        0.0335101
      ]
    ],
    "translation": [
      1.15416265,
      0.7408129,
      -0.6268723
    ]
  },
  {
    "timeStamp": 5960,
    "rotation": [
      [
        0.02895397,
        0.9927523,
        0.116638631
      ],
      [
        -0.0238591768,
        -0.115967922,
        0.992966354
      ],
      [
        0.99929595,
        -0.03153322,
        0.02032852
      ]
    ],
    "translation": [
      1.1549871,
      0.7784225,
      -0.6305907
    ]
  },
  {
    "timeStamp": 6004,
    "rotation": [
      [
        0.0359437279,
        0.9850841,
        0.168277368
      ],
      [
        -0.0133129451,
        -0.167899236,
        0.985714257
      ],
      [
        0.999265134,
        -0.0376705155,
        0.007079446
      ]
    ],
    "translation": [
      1.160844,
      0.813561,
      -0.6320422
    ]
  },
  {
    "timeStamp": 6060,
    "rotation": [
      [
        0.08446439,
        0.970190167,
        0.227149442
      ],
      [
        -0.0347450934,
        -0.224957749,
        0.973748863
      ],
      [
        0.9958205,
        -0.09013943,
        0.0147084268
      ]
    ],
    "translation": [
      1.17429268,
      0.8673022,
      -0.629205167
    ]
  },
  {
    "timeStamp": 6104,
    "rotation": [
      [
        0.133572519,
        0.9483944,
        0.287587136
      ],
      [
        -0.0918503,
        -0.2770916,
        0.9564433
      ],
      [
        0.986773431,
        -0.1541695,
        0.0500984937
      ]
    ],
    "translation": [
      1.19521868,
      0.9119432,
      -0.627621949
    ]
  },
  {
    "timeStamp": 6160,
    "rotation": [
      [
        0.165985823,
        0.9142283,
        0.369642079
      ],
      [
        -0.12942265,
        -0.351403356,
        0.927235365
      ],
      [
        0.9775983,
        -0.201748,
        0.059993878
      ]
    ],
    "translation": [
      1.23389518,
      0.9729431,
      -0.626214
    ]
  },
  {
    "timeStamp": 6204,
    "rotation": [
      [
        0.205199465,
        0.8900937,
        0.406972229
      ],
      [
        -0.164823085,
        -0.378454179,
        0.910827
      ],
      [
        0.9647417,
        -0.253979623,
        0.0690493956
      ]
    ],
    "translation": [
      1.27603877,
      1.01159167,
      -0.6234079
    ]
  },
  {
    "timeStamp": 6249,
    "rotation": [
      [
        0.266329259,
        0.8367412,
        0.478469282
      ],
      [
        -0.2107769,
        -0.433826745,
        0.8759951
      ],
      [
        0.940554,
        -0.3341534,
        0.0608249679
      ]
    ],
    "translation": [
      1.32621491,
      1.05451524,
      -0.610475063
    ]
  },
  {
    "timeStamp": 6305,
    "rotation": [
      [
        0.363215178,
        0.785378754,
        0.5012534
      ],
      [
        -0.206284881,
        -0.456855536,
        0.8652916
      ],
      [
        0.9085821,
        -0.417688072,
        -0.003925108
      ]
    ],
    "translation": [
      1.40181291,
      1.09100926,
      -0.5938636
    ]
  },
  {
    "timeStamp": 6349,
    "rotation": [
      [
        0.470961571,
        0.7401199,
        0.4800185
      ],
      [
        -0.180691689,
        -0.451671451,
        0.873695254
      ],
      [
        0.8634499,
        -0.498212248,
        -0.07898638
      ]
    ],
    "translation": [
      1.47434318,
      1.1121757,
      -0.5704191
    ]
  },
  {
    "timeStamp": 6404,
    "rotation": [
      [
        0.587136567,
        0.6601252,
        0.468514085
      ],
      [
        -0.192366078,
        -0.448416442,
        0.872879148
      ],
      [
        0.7862989,
        -0.6026255,
        -0.136296019
      ]
    ],
    "translation": [
      1.56898153,
      1.13913465,
      -0.5497198
    ]
  },
  {
    "timeStamp": 6450,
    "rotation": [
      [
        0.685913146,
        0.598384738,
        0.414075851
      ],
      [
        -0.1705081,
        -0.421028376,
        0.8908771
      ],
      [
        0.707425,
        -0.6816676,
        -0.186759442
      ]
    ],
    "translation": [
      1.65382791,
      1.15344751,
      -0.529609561
    ]
  },
  {
    "timeStamp": 6504,
    "rotation": [
      [
        0.773762345,
        0.567956448,
        0.280565977
      ],
      [
        -0.09090048,
        -0.338768572,
        0.936468363
      ],
      [
        0.626920164,
        -0.7501075,
        -0.210498855
      ]
    ],
    "translation": [
      1.74985957,
      1.16383433,
      -0.5203852
    ]
  },
  {
    "timeStamp": 6549,
    "rotation": [
      [
        0.801833868,
        0.5911919,
        0.08691722
      ],
      [
        0.0463548638,
        -0.206559286,
        0.9773354
      ],
      [
        0.595746338,
        -0.779631555,
        -0.193030849
      ]
    ],
    "translation": [
      1.82535982,
      1.15320873,
      -0.520309567
    ]
  },
  {
    "timeStamp": 6605,
    "rotation": [
      [
        0.7565106,
        0.623868346,
        -0.196162835
      ],
      [
        0.22734572,
        0.03036503,
        0.9733406
      ],
      [
        0.613192856,
        -0.7809393,
        -0.118862331
      ]
    ],
    "translation": [
      1.91089439,
      1.13937581,
      -0.5340333
    ]
  },
  {
    "timeStamp": 6649,
    "rotation": [
      [
        0.6862045,
        0.615191758,
        -0.388152748
      ],
      [
        0.2866536,
        0.261730462,
        0.9215893
      ],
      [
        0.668545544,
        -0.7436641,
        0.00325370114
      ]
    ],
    "translation": [
      1.97987735,
      1.11402118,
      -0.5583507
    ]
  },
  {
    "timeStamp": 6704,
    "rotation": [
      [
        0.5720567,
        0.48897174,
        -0.6585269
      ],
      [
        0.4246281,
        0.5103512,
        0.7478186
      ],
      [
        0.7017422,
        -0.7074237,
        0.08431868
      ]
    ],
    "translation": [
      2.06787944,
      1.10474229,
      -0.5742641
    ]
  },
  {
    "timeStamp": 6749,
    "rotation": [
      [
        0.491351932,
        0.409879,
        -0.768487155
      ],
      [
        0.373945653,
        0.697599649,
        0.6111623
      ],
      [
        0.786599,
        -0.58766824,
        0.189494461
      ]
    ],
    "translation": [
      2.12518716,
      1.09422445,
      -0.6037643
    ]
  },
  {
    "timeStamp": 6804,
    "rotation": [
      [
        0.3979105,
        0.319577068,
        -0.8599638
      ],
      [
        0.315168828,
        0.832701564,
        0.455276519
      ],
      [
        0.861589134,
        -0.4521931,
        0.230619967
      ]
    ],
    "translation": [
      2.17122054,
      1.08827567,
      -0.6218531
    ]
  },
  {
    "timeStamp": 6860,
    "rotation": [
      [
        0.348176152,
        0.224968538,
        -0.910034359
      ],
      [
        0.252604723,
        0.912352,
        0.322187215
      ],
      [
        0.9027537,
        -0.3420569,
        0.2608311
      ]
    ],
    "translation": [
      2.21137047,
      1.08308947,
      -0.636792
    ]
  },
  {
    "timeStamp": 6915,
    "rotation": [
      [
        0.286639959,
        0.1549514,
        -0.945424557
      ],
      [
        0.2130543,
        0.9518121,
        0.220593482
      ],
      [
        0.9340479,
        -0.264657676,
        0.239814326
      ]
    ],
    "translation": [
      2.23406,
      1.079279,
      -0.6397058
    ]
  },
  {
    "timeStamp": 6955,
    "rotation": [
      [
        0.2343907,
        0.09976289,
        -0.96701
      ],
      [
        0.191042736,
        0.97059685,
        0.14643921
      ],
      [
        0.9531861,
        -0.219064221,
        0.208439916
      ]
    ],
    "translation": [
      2.250957,
      1.070931,
      -0.63334465
    ]
  },
  {
    "timeStamp": 6999,
    "rotation": [
      [
        0.191368774,
        0.0553592965,
        -0.9799558
      ],
      [
        0.18245472,
        0.979000032,
        0.09093562
      ],
      [
        0.9644109,
        -0.1961998,
        0.177249461
      ]
    ],
    "translation": [
      2.263128,
      1.06493032,
      -0.6239161
    ]
  },
  {
    "timeStamp": 7055,
    "rotation": [
      [
        0.146109536,
        -0.011899217,
        -0.989196837
      ],
      [
        0.1584283,
        0.987303257,
        0.011524247
      ],
      [
        0.9765001,
        -0.158400565,
        0.146139592
      ]
    ],
    "translation": [
      2.27543879,
      1.05810177,
      -0.616600931
    ]
  },
  {
    "timeStamp": 7100,
    "rotation": [
      [
        0.104670405,
        -0.05013386,
        -0.9932425
      ],
      [
        0.159141064,
        0.9867031,
        -0.0330330953
      ],
      [
        0.981691539,
        -0.154608086,
        0.111256965
      ]
    ],
    "translation": [
      2.28523254,
      1.05313468,
      -0.6050313
    ]
  },
  {
    "timeStamp": 7154,
    "rotation": [
      [
        0.08651904,
        -0.04484689,
        -0.9952402
      ],
      [
        0.140123934,
        0.989603341,
        -0.032411512
      ],
      [
        0.986346662,
        -0.136652768,
        0.09190365
      ]
    ],
    "translation": [
      2.286791,
      1.04208148,
      -0.597757161
    ]
  },
  {
    "timeStamp": 7199,
    "rotation": [
      [
        0.07602744,
        -0.0386361741,
        -0.996356845
      ],
      [
        0.127622992,
        0.9914073,
        -0.0287059117
      ],
      [
        0.988904536,
        -0.124975607,
        0.08030502
      ]
    ],
    "translation": [
      2.28611946,
      1.0332402,
      -0.594653964
    ]
  },
  {
    "timeStamp": 7254,
    "rotation": [
      [
        0.061510846,
        -0.0464948155,
        -0.997022867
      ],
      [
        0.115845226,
        0.992495954,
        -0.03913669
      ],
      [
        0.991360843,
        -0.113093019,
        0.0664354637
      ]
    ],
    "translation": [
      2.2893877,
      1.02325726,
      -0.590299368
    ]
  },
  {
    "timeStamp": 7299,
    "rotation": [
      [
        0.052985657,
        -0.04248863,
        -0.997691
      ],
      [
        0.103368871,
        0.993960559,
        -0.03684002
      ],
      [
        0.99323076,
        -0.1011782,
        0.05705766
      ]
    ],
    "translation": [
      2.29072428,
      1.01369894,
      -0.589866638
    ]
  },
  {
    "timeStamp": 7355,
    "rotation": [
      [
        0.0394385047,
        -0.0429178923,
        -0.9982999
      ],
      [
        0.104441173,
        0.993781745,
        -0.0385976359
      ],
      [
        0.9937488,
        -0.102741383,
        0.0436756648
      ]
    ],
    "translation": [
      2.29315686,
      1.003047,
      -0.5860345
    ]
  },
  {
    "timeStamp": 7400,
    "rotation": [
      [
        0.0443426333,
        -0.0265321042,
        -0.998664
      ],
      [
        0.09277819,
        0.99543643,
        -0.0223268233
      ],
      [
        0.9946989,
        -0.09166421,
        0.0466018766
      ]
    ],
    "translation": [
      2.29242945,
      0.9927856,
      -0.586427
    ]
  },
  {
    "timeStamp": 7457,
    "rotation": [
      [
        0.0454720668,
        0.00105190277,
        -0.998965
      ],
      [
        0.08437203,
        0.9964223,
        0.004889771
      ],
      [
        0.9953962,
        -0.08450706,
        0.0452206321
      ]
    ],
    "translation": [
      2.289914,
      0.9797676,
      -0.5861733
    ]
  },
  {
    "timeStamp": 7503,
    "rotation": [
      [
        0.0275377277,
        -0.0169803686,
        -0.999476552
      ],
      [
        0.06859799,
        0.9975307,
        -0.01505729
      ],
      [
        0.997264266,
        -0.0681474358,
        0.02863455
      ]
    ],
    "translation": [
      2.290663,
      0.9757103,
      -0.5846987
    ]
  },
  {
    "timeStamp": 7560,
    "rotation": [
      [
        0.04057143,
        0.0110777421,
        -0.9991152
      ],
      [
        0.066775,
        0.997673035,
        0.0137733081
      ],
      [
        0.9969428,
        -0.06727472,
        0.0397373028
      ]
    ],
    "translation": [
      2.2902782,
      0.95971936,
      -0.584587
    ]
  },
  {
    "timeStamp": 7604,
    "rotation": [
      [
        0.0369447656,
        0.0116841979,
        -0.999249
      ],
      [
        0.0564661659,
        0.9983097,
        0.0137609113
      ],
      [
        0.9977207,
        -0.056932155,
        0.0362225547
      ]
    ],
    "translation": [
      2.290322,
      0.951103568,
      -0.5835253
    ]
  },
  {
    "timeStamp": 7659,
    "rotation": [
      [
        0.0277567469,
        0.00642986363,
        -0.999594033
      ],
      [
        0.05681932,
        0.9983524,
        0.007999637
      ],
      [
        0.9979986,
        -0.0570183,
        0.027345676
      ]
    ],
    "translation": [
      2.2905755,
      0.9412505,
      -0.579402149
    ]
  },
  {
    "timeStamp": 7704,
    "rotation": [
      [
        0.0328125879,
        0.01708658,
        -0.999315441
      ],
      [
        0.0458702073,
        0.9987745,
        0.018583484
      ],
      [
        0.9984083,
        -0.04644858,
        0.0319886133
      ]
    ],
    "translation": [
      2.28736,
      0.932179332,
      -0.5788725
    ]
  },
  {
    "timeStamp": 7749,
    "rotation": [
      [
        0.0325096957,
        0.0235935356,
        -0.999192953
      ],
      [
        0.0327379145,
        0.999159753,
        0.0246579126
      ],
      [
        0.9989351,
        -0.0335131139,
        0.0317099765
      ]
    ],
    "translation": [
      2.284508,
      0.924028456,
      -0.5794393
    ]
  },
  {
    "timeStamp": 7804,
    "rotation": [
      [
        0.0279300455,
        0.0184232686,
        -0.9994401
      ],
      [
        0.0313843861,
        0.9993211,
        0.0192981344
      ],
      [
        0.999117,
        -0.03190581,
        0.0273328815
      ]
    ],
    "translation": [
      2.28421187,
      0.9152026,
      -0.5754487
    ]
  },
  {
    "timeStamp": 7849,
    "rotation": [
      [
        0.0314246081,
        0.023900751,
        -0.9992203
      ],
      [
        0.0249673389,
        0.9993834,
        0.0246898513
      ],
      [
        0.999194264,
        -0.02572374,
        0.0308084916
      ]
    ],
    "translation": [
      2.28227115,
      0.9085304,
      -0.574543238
    ]
  },
  {
    "timeStamp": 7904,
    "rotation": [
      [
        0.02965872,
        0.0221070219,
        -0.9993156
      ],
      [
        0.0239280183,
        0.9994532,
        0.022820225
      ],
      [
        0.999273658,
        -0.02458846,
        0.0291135255
      ]
    ],
    "translation": [
      2.28158236,
      0.9021133,
      -0.5719038
    ]
  },
  {
    "timeStamp": 7959,
    "rotation": [
      [
        0.0319444053,
        0.0231193416,
        -0.9992222
      ],
      [
        0.0201960783,
        0.9995134,
        0.023771733
      ],
      [
        0.9992856,
        -0.020939745,
        0.0314619429
      ]
    ],
    "translation": [
      2.281284,
      0.896208167,
      -0.5700549
    ]
  },
  {
    "timeStamp": 8004,
    "rotation": [
      [
        0.0259912331,
        0.0265553482,
        -0.9993094
      ],
      [
        0.0187704582,
        0.9994579,
        0.0270474982
      ],
      [
        0.99948597,
        -0.0194604937,
        0.0254786871
      ]
    ],
    "translation": [
      2.280985,
      0.892126858,
      -0.5678987
    ]
  },
  {
    "timeStamp": 8059,
    "rotation": [
      [
        0.02294317,
        0.00886282,
        -0.9996975
      ],
      [
        0.0191829316,
        0.9997727,
        0.009303737
      ],
      [
        0.9995528,
        -0.0193905868,
        0.02276794
      ]
    ],
    "translation": [
      2.282482,
      0.88782537,
      -0.565102041
    ]
  },
  {
    "timeStamp": 8104,
    "rotation": [
      [
        0.0257690847,
        0.008205811,
        -0.999634266
      ],
      [
        0.015240401,
        0.9998469,
        0.008600431
      ],
      [
        0.9995517,
        -0.015456452,
        0.02564008
      ]
    ],
    "translation": [
      2.28204846,
      0.88305974,
      -0.5637004
    ]
  },
  {
    "timeStamp": 8160,
    "rotation": [
      [
        0.01973444,
        2.33424125E-05,
        -0.9998053
      ],
      [
        0.0155740995,
        0.999878645,
        0.000330750132
      ],
      [
        0.999684,
        -0.0155775938,
        0.0197316818
      ]
    ],
    "translation": [
      2.28310132,
      0.8783921,
      -0.560412347
    ]
  },
  {
    "timeStamp": 8202,
    "rotation": [
      [
        0.01944113,
        -0.003060201,
        -0.999806345
      ],
      [
        0.011892112,
        0.9999253,
        -0.002829324
      ],
      [
        0.9997403,
        -0.011834804,
        0.01947607
      ]
    ],
    "translation": [
      2.28365946,
      0.8743608,
      -0.558791935
    ]
  },
  {
    "timeStamp": 8258,
    "rotation": [
      [
        0.02299308,
        0.00157127925,
        -0.999734342
      ],
      [
        0.00915742,
        0.9999565,
        0.00178224151
      ],
      [
        0.9996937,
        -0.009195968,
        0.02297769
      ]
    ],
    "translation": [
      2.28239274,
      0.86934036,
      -0.5572138
    ]
  },
  {
    "timeStamp": 8303,
    "rotation": [
      [
        0.0216800552,
        3.0932E-05,
        -0.999765
      ],
      [
        0.00505199376,
        0.999987245,
        0.00014049212
      ],
      [
        0.9997522,
        -0.005053852,
        0.0216796212
      ]
    ],
    "translation": [
      2.28227949,
      0.8660536,
      -0.5561418
    ]
  },
  {
    "timeStamp": 8358,
    "rotation": [
      [
        0.0141646769,
        -0.00185989193,
        -0.999897957
      ],
      [
        0.00221073884,
        0.9999959,
        -0.00182875653
      ],
      [
        0.999897242,
        -0.00218460942,
        0.0141687309
      ]
    ],
    "translation": [
      2.28214836,
      0.862240553,
      -0.554537654
    ]
  },
  {
    "timeStamp": 8403,
    "rotation": [
      [
        0.00723154051,
        -0.004576813,
        -0.999963343
      ],
      [
        -0.000181975047,
        0.9999895,
        -0.0045782486
      ],
      [
        0.999973834,
        0.000215076172,
        0.00723063154
      ]
    ],
    "translation": [
      2.2816658,
      0.8593523,
      -0.5536317
    ]
  },
  {
    "timeStamp": 8458,
    "rotation": [
      [
        -0.004681568,
        -0.00957579,
        -0.9999432
      ],
      [
        0.00318533252,
        0.9999489,
        -0.009590758
      ],
      [
        0.999984,
        -0.0032300516,
        -0.00465082657
      ]
    ],
    "translation": [
      2.28195381,
      0.8564542,
      -0.549988031
    ]
  },
  {
    "timeStamp": 8502,
    "rotation": [
      [
        -0.007085818,
        -0.0147839449,
        -0.9998656
      ],
      [
        -0.00596866524,
        0.9998735,
        -0.0147417635
      ],
      [
        0.9999571,
        0.00586340576,
        -0.007173162
      ]
    ],
    "translation": [
      2.28199863,
      0.854584455,
      -0.5494105
    ]
  },
  {
    "timeStamp": 8558,
    "rotation": [
      [
        -0.012015813,
        -0.0218836032,
        -0.999688268
      ],
      [
        -0.005505956,
        0.9997468,
        -0.021818703
      ],
      [
        0.9999126,
        0.00524206972,
        -0.01213326
      ]
    ],
    "translation": [
      2.2822156,
      0.852103,
      -0.547165632
    ]
  },
  {
    "timeStamp": 8603,
    "rotation": [
      [
        -0.007769348,
        -0.02122918,
        -0.9997444
      ],
      [
        0.002058259,
        0.999772131,
        -0.0212457646
      ],
      [
        0.999967635,
        -0.00222279876,
        -0.007723883
      ]
    ],
    "translation": [
      2.2812264,
      0.850056231,
      -0.545002162
    ]
  },
  {
    "timeStamp": 8659,
    "rotation": [
      [
        -0.0005808332,
        -0.0181483533,
        -0.999835134
      ],
      [
        0.000239593923,
        0.9998353,
        -0.0181484949
      ],
      [
        0.9999998,
        -0.000250095676,
        -0.000576389255
      ]
    ],
    "translation": [
      2.28006268,
      0.8479002,
      -0.5446707
    ]
  },
  {
    "timeStamp": 8704,
    "rotation": [
      [
        0.0002324419,
        -0.0151176751,
        -0.9998857
      ],
      [
        0.00238303118,
        0.9998829,
        -0.015117079
      ],
      [
        0.9999971,
        -0.002379245,
        0.000268440577
      ]
    ],
    "translation": [
      2.27986431,
      0.846858442,
      -0.544810057
    ]
  },
  {
    "timeStamp": 8759,
    "rotation": [
      [
        0.00103331835,
        -0.0109080989,
        -0.99994
      ],
      [
        0.00419709226,
        0.999931753,
        -0.0109036723
      ],
      [
        0.999990642,
        -0.004185573,
        0.0010790301
      ]
    ],
    "translation": [
      2.27953935,
      0.8456088,
      -0.54493165
    ]
  },
  {
    "timeStamp": 8803,
    "rotation": [
      [
        0.00104415778,
        -0.0112482207,
        -0.999936163
      ],
      [
        0.003021405,
        0.99993217,
        -0.0112450216
      ],
      [
        0.9999949,
        -0.00300947088,
        0.00107807235
      ]
    ],
    "translation": [
      2.2795403,
      0.8457422,
      -0.544887543
    ]
  }
]