[
  {
    "timeStamp": 10635,
    "rotation": [
      [
        -0.99999243,
        0.003886054,
        -7.823486E-06
      ],
      [
        0.0,
        0.002013217,
        0.999998
      ],
      [
        0.003886062,
        0.9999904,
        -0.00201320183
      ]
    ],
    "translation": [
      1.615974,
      0.7019342,
      -0.620016158
    ]
  },
  {
    "timeStamp": 10680,
    "rotation": [
      [
        -0.9999821,
        0.00144066045,
        -0.00580049027
      ],
      [
        -0.005804555,
        -0.002833451,
        0.999979138
      ],
      [
        0.00142419431,
        0.999994934,
        0.00284176273
      ]
    ],
    "translation": [
      1.61596322,
      0.7020544,
      -0.6199997
    ]
  },
  {
    "timeStamp": 10735,
    "rotation": [
      [
        -0.999997854,
        0.00203578686,
        -0.0003744645
      ],
      [
        -0.0003864031,
        -0.005867147,
        0.9999827
      ],
      [
        0.00203355472,
        0.9999807,
        0.005867921
      ]
    ],
    "translation": [
      1.6163981,
      0.701993346,
      -0.6202552
    ]
  },
  {
    "timeStamp": 10780,
    "rotation": [
      [
        -0.999885738,
        -0.00198334036,
        0.0149853723
      ],
      [
        0.01506264,
        -0.04746575,
        0.99875927
      ],
      [
        -0.00126957614,
        0.9988709,
        0.0474902019
      ]
    ],
    "translation": [
      1.61532378,
      0.7171648,
      -0.6352115
    ]
  },
  {
    "timeStamp": 10835,
    "rotation": [
      [
        -0.9988955,
        -0.00243085,
        0.0469230339
      ],
      [
        0.0469858237,
        -0.0493144,
        0.9976775
      ],
      [
        -0.000111214016,
        0.9987803,
        0.04937415
      ]
    ],
    "translation": [
      1.6170696,
      0.74468863,
      -0.6411341
    ]
  },
  {
    "timeStamp": 10879,
    "rotation": [
      [
        -0.9974948,
        -0.00214681169,
        0.0707064942
      ],
      [
        0.07073897,
        -0.03199962,
        0.996981442
      ],
      [
        0.000122259575,
        0.999485552,
        0.0320713222
      ]
    ],
    "translation": [
      1.62477922,
      0.7721237,
      -0.641266048
    ]
  },
  {
    "timeStamp": 10935,
    "rotation": [
      [
        -0.991245031,
        0.0206918549,
        0.130403548
      ],
      [
        0.130146131,
        -0.0133399693,
        0.99140507
      ],
      [
        0.0222535916,
        0.9996969,
        0.0105302129
      ]
    ],
    "translation": [
      1.6360985,
      0.8150126,
      -0.640968144
    ]
  },
  {
    "timeStamp": 10980,
    "rotation": [
      [
        -0.981248558,
        0.0575995967,
        0.18393901
      ],
      [
        0.185162008,
        0.0166230481,
        0.9825674
      ],
      [
        0.0535378642,
        0.9982013,
        -0.0269766
      ]
    ],
    "translation": [
      1.64552641,
      0.8536099,
      -0.631917834
    ]
  },
  {
    "timeStamp": 11036,
    "rotation": [
      [
        -0.9578417,
        0.1413503,
        0.250118762
      ],
      [
        0.261781484,
        0.07073191,
        0.9625318
      ],
      [
        0.118362784,
        0.987429559,
        -0.104752868
      ]
    ],
    "translation": [
      1.670913,
      0.903290153,
      -0.612871349
    ]
  },
  {
    "timeStamp": 11080,
    "rotation": [
      [
        -0.892678142,
        0.280519724,
        0.3527527
      ],
      [
        0.38654384,
        0.07406385,
        0.919292331
      ],
      [
        0.231753409,
        0.956986547,
        -0.174548343
      ]
    ],
    "translation": [
      1.68566954,
      0.9534942,
      -0.589449346
    ]
  },
  {
    "timeStamp": 11136,
    "rotation": [
      [
        -0.7389269,
        0.48221308,
        0.470592767
      ],
      [
        0.5446528,
        0.0163106564,
        0.838502944
      ],
      [
        0.3966614,
        0.875902057,
        -0.2746911
      ]
    ],
    "translation": [
      1.71263289,
      1.023285,
      -0.5549644
    ]
  },
  {
    "timeStamp": 11180,
    "rotation": [
      [
        -0.6091879,
        0.6022387,
        0.5159444
      ],
      [
        0.6271062,
        -0.0324010849,
        0.7782596
      ],
      [
        0.4854152,
        0.7976583,
        -0.35792926
      ]
    ],
    "translation": [
      1.75026131,
      1.07032561,
      -0.532901466
    ]
  },
  {
    "timeStamp": 11236,
    "rotation": [
      [
        -0.4565413,
        0.7607133,
        0.461395055
      ],
      [
        0.6731084,
        -0.0438023955,
        0.738245547
      ],
      [
        0.5818034,
        0.6476084,
        -0.4920449
      ]
    ],
    "translation": [
      1.82083607,
      1.10584223,
      -0.5055538
    ]
  },
  {
    "timeStamp": 11281,
    "rotation": [
      [
        -0.375806,
        0.826269448,
        0.419581443
      ],
      [
        0.7060135,
        -0.03799584,
        0.707178354
      ],
      [
        0.6002622,
        0.561992049,
        -0.5690783
      ]
    ],
    "translation": [
      1.87628317,
      1.13016033,
      -0.497715354
    ]
  },
  {
    "timeStamp": 11336,
    "rotation": [
      [
        -0.307030529,
        0.848762035,
        0.430505723
      ],
      [
        0.727483332,
        -0.08233944,
        0.681166768
      ],
      [
        0.6135961,
        0.522324741,
        -0.592179537
      ]
    ],
    "translation": [
      1.92111671,
      1.15448475,
      -0.515708447
    ]
  },
  {
    "timeStamp": 11380,
    "rotation": [
      [
        -0.2428872,
        0.8846018,
        0.398102373
      ],
      [
        0.707163334,
        -0.119456127,
        0.6968861
      ],
      [
        0.664022446,
        0.4507881,
        -0.59654355
      ]
    ],
    "translation": [
      1.95922709,
      1.156083,
      -0.532143533
    ]
  },
  {
    "timeStamp": 11436,
    "rotation": [
      [
        -0.141289413,
        0.9282889,
        0.343972325
      ],
      [
        0.6015855,
        -0.195434824,
        0.7745322
      ],
      [
        0.7862138,
        0.316361964,
        -0.5308323
      ]
    ],
    "translation": [
      2.00975418,
      1.13421392,
      -0.5607166
    ]
  },
  {
    "timeStamp": 11480,
    "rotation": [
      [
        -0.09098457,
        0.95118,
        0.2949211
      ],
      [
        0.464259475,
        -0.221484721,
        0.8575591
      ],
      [
        0.8810136,
        0.2149446,
        -0.4214426
      ]
    ],
    "translation": [
      2.04354453,
      1.09411836,
      -0.5990026
    ]
  },
  {
    "timeStamp": 11536,
    "rotation": [
      [
        -0.092572175,
        0.976401031,
        0.195118964
      ],
      [
        0.387711942,
        -0.1451471,
        0.9102812
      ],
      [
        0.917120457,
        0.159916639,
        -0.365125775
      ]
    ],
    "translation": [
      2.08128476,
      1.053842,
      -0.6264457
    ]
  },
  {
    "timeStamp": 11580,
    "rotation": [
      [
        -0.101734512,
        0.9806198,
        0.167436212
      ],
      [
        0.3208974,
        -0.126964077,
        0.9385654
      ],
      [
        0.9416342,
        0.149214342,
        -0.301761746
      ]
    ],
    "translation": [
      2.09315228,
      1.0224402,
      -0.646133542
    ]
  },
  {
    "timeStamp": 11636,
    "rotation": [
      [
        -0.08416392,
        0.9919476,
        0.0946378037
      ],
      [
        0.217996284,
        -0.07434458,
        0.973113835
      ],
      [
        0.972313762,
        0.102531753,
        -0.209983766
      ]
    ],
    "translation": [
      2.11012077,
      0.9771479,
      -0.6720883
    ]
  },
  {
    "timeStamp": 11680,
    "rotation": [
      [
        -0.0463662334,
        0.9930253,
        0.108401604
      ],
      [
        0.179030716,
        -0.0985003859,
        0.978900254
      ],
      [
        0.982750356,
        0.06479512,
        -0.173214942
      ]
    ],
    "translation": [
      2.10899329,
      0.9502755,
      -0.681456149
    ]
  },
  {
    "timeStamp": 11735,
    "rotation": [
      [
        -0.0290006083,
        0.990344,
        0.13556385
      ],
      [
        0.121283948,
        -0.131132588,
        0.9839179
      ],
      [
        0.992194057,
        0.04497595,
        -0.116309911
      ]
    ],
    "translation": [
      2.10083365,
      0.92363596,
      -0.691918552
    ]
  },
  {
    "timeStamp": 11787,
    "rotation": [
      [
        -0.016218625,
        0.9998681,
        -0.0008814707
      ],
      [
        0.0803950056,
        0.00218279962,
        0.996760666
      ],
      [
        0.9966311,
        0.016095221,
        -0.08041979
      ]
    ],
    "translation": [
      2.13242531,
      0.8865676,
      -0.6896884
    ]
  },
  {
    "timeStamp": 11830,
    "rotation": [
      [
        0.00579903135,
        0.9980649,
        0.06190982
      ],
      [
        0.05732297,
        -0.0621408448,
        0.9964199
      ],
      [
        0.9983388,
        -0.00222943444,
        -0.0575724021
      ]
    ],
    "translation": [
      2.12124968,
      0.8681064,
      -0.687041163
    ]
  },
  {
    "timeStamp": 11886,
    "rotation": [
      [
        0.01731155,
        0.999758065,
        -0.01356562
      ],
      [
        0.01320813,
        0.0133378031,
        0.9998238
      ],
      [
        0.9997629,
        -0.0174876768,
        -0.0129740378
      ]
    ],
    "translation": [
      2.140345,
      0.8403887,
      -0.6859852
    ]
  },
  {
    "timeStamp": 11930,
    "rotation": [
      [
        0.0366579741,
        0.9992346,
        0.0136528118
      ],
      [
        -0.0146778161,
        -0.01312215,
        0.999806166
      ],
      [
        0.9992201,
        -0.0368512645,
        0.0141855506
      ]
    ],
    "translation": [
      2.13715959,
      0.822610259,
      -0.6818178
    ]
  },
  {
    "timeStamp": 11986,
    "rotation": [
      [
        0.0353083871,
        0.999066,
        0.0249083787
      ],
      [
        -0.042170193,
        -0.0234122928,
        0.9988361
      ],
      [
        0.99848634,
        -0.0363176763,
        0.0413041562
      ]
    ],
    "translation": [
      2.12471867,
      0.804311335,
      -0.677960634
    ]
  },
  {
    "timeStamp": 12031,
    "rotation": [
      [
        0.0410381854,
        0.9987874,
        0.0271963477
      ],
      [
        -0.0429124981,
        -0.02543228,
        0.9987551
      ],
      [
        0.9982357,
        -0.04215415,
        0.0418167673
      ]
    ],
    "translation": [
      2.12132287,
      0.7948624,
      -0.6686664
    ]
  },
  {
    "timeStamp": 12086,
    "rotation": [
      [
        0.0372105241,
        0.998848,
        0.0302980542
      ],
      [
        -0.05275218,
        -0.0283133835,
        0.9982062
      ],
      [
        0.9979141,
        -0.03874204,
        0.0516378544
      ]
    ],
    "translation": [
      2.11275578,
      0.786797166,
      -0.6626792
    ]
  },
  {
    "timeStamp": 12130,
    "rotation": [
      [
        0.03784008,
        0.999010742,
        0.0233587064
      ],
      [
        -0.0491833,
        -0.0214851927,
        0.99855864
      ],
      [
        0.9980727,
        -0.03893441,
        0.048321642
      ]
    ],
    "translation": [
      2.11022234,
      0.7817695,
      -0.657396138
    ]
  },
  {
    "timeStamp": 12186,
    "rotation": [
      [
        0.03275436,
        0.999166131,
        0.0243752822
      ],
      [
        -0.0559446961,
        -0.02251726,
        0.9981799
      ],
      [
        0.997896433,
        -0.03405842,
        0.05516051
      ]
    ],
    "translation": [
      2.10472751,
      0.7765323,
      -0.6532511
    ]
  },
  {
    "timeStamp": 12232,
    "rotation": [
      [
        0.0277250465,
        0.9994467,
        0.0183741283
      ],
      [
        -0.05247879,
        -0.0169005562,
        0.998479
      ],
      [
        0.9982371,
        -0.0286471341,
        0.0519811846
      ]
    ],
    "translation": [
      2.10178185,
      0.772898436,
      -0.649912655
    ]
  },
  {
    "timeStamp": 12288,
    "rotation": [
      [
        0.02719244,
        0.9994463,
        -0.0191764664
      ],
      [
        -0.04388748,
        0.020358691,
        0.998829
      ],
      [
        0.998666346,
        -0.02631898,
        0.0444167778
      ]
    ],
    "translation": [
      2.11169958,
      0.7676564,
      -0.6433073
    ]
  },
  {
    "timeStamp": 12334,
    "rotation": [
      [
        0.027323259,
        0.9995346,
        -0.0135622779
      ],
      [
        -0.042486988,
        0.0147162927,
        0.9989886
      ],
      [
        0.998723269,
        -0.0267194025,
        0.04286931
      ]
    ],
    "translation": [
      2.10771751,
      0.7639547,
      -0.640783
    ]
  },
  {
    "timeStamp": 12380,
    "rotation": [
      [
        0.0258207526,
        0.9992912,
        -0.0273941923
      ],
      [
        -0.0451650731,
        0.028541496,
        0.998571754
      ],
      [
        0.9986458,
        -0.0245466344,
        0.04587002
      ]
    ],
    "translation": [
      2.11009526,
      0.759254,
      -0.6391795
    ]
  },
  {
    "timeStamp": 12435,
    "rotation": [
      [
        0.0251523815,
        0.9995688,
        -0.0151514774
      ],
      [
        -0.04625578,
        0.0163037162,
        0.9987966
      ],
      [
        0.99861294,
        -0.0244212747,
        0.0466459133
      ]
    ],
    "translation": [
      2.105024,
      0.753503561,
      -0.636618137
    ]
  },
  {
    "timeStamp": 12480,
    "rotation": [
      [
        0.0239929128,
        0.9993667,
        -0.0262769256
      ],
      [
        -0.04699556,
        0.02738293,
        0.9985197
      ],
      [
        0.9986069,
        -0.0227225125,
        0.0476227961
      ]
    ],
    "translation": [
      2.10566854,
      0.7489464,
      -0.635811567
    ]
  },
  {
    "timeStamp": 12535,
    "rotation": [
      [
        0.0219414011,
        0.99971807,
        -0.009074789
      ],
      [
        -0.05236455,
        0.0102136955,
        0.9985758
      ],
      [
        0.998387,
        -0.0214349553,
        0.05257389
      ]
    ],
    "translation": [
      2.09868956,
      0.7446361,
      -0.635980368
    ]
  },
  {
    "timeStamp": 12580,
    "rotation": [
      [
        0.0176916886,
        0.999706447,
        -0.01655089
      ],
      [
        -0.0521987975,
        0.01745441,
        0.9984842
      ],
      [
        0.998479962,
        -0.0168009512,
        0.0524922758
      ]
    ],
    "translation": [
      2.098315,
      0.7431141,
      -0.635853946
    ]
  },
  {
    "timeStamp": 12635,
    "rotation": [
      [
        0.04066615,
        0.999039,
        -0.01635421
      ],
      [
        -0.0546243936,
        0.0185661782,
        0.998334348
      ],
      [
        0.9976786,
        -0.0397050753,
        0.05532691
      ]
    ],
    "translation": [
      2.0961678,
      0.7425608,
      -0.635362864
    ]
  },
  {
    "timeStamp": 12680,
    "rotation": [
      [
        0.039251253,
        0.9991418,
        -0.01322569
      ],
      [
        -0.0602928065,
        0.0155799594,
        0.998059154
      ],
      [
        0.9974087,
        -0.038377665,
        0.0608526
      ]
    ],
    "translation": [
      2.09336233,
      0.741128,
      -0.6354731
    ]
  },
  {
    "timeStamp": 12735,
    "rotation": [
      [
        0.0424337275,
        0.9989791,
        -0.0154963853
      ],
      [
        -0.06745005,
        0.018339362,
        0.997554064
      ],
      [
        0.996819854,
        -0.0412846953,
        0.068159394
      ]
    ],
    "translation": [
      2.091692,
      0.7406589,
      -0.635316432
    ]
  },
  {
    "timeStamp": 12780,
    "rotation": [
      [
        0.0364383534,
        0.999193549,
        -0.0168641768
      ],
      [
        -0.0703965351,
        0.0193999354,
        0.9973304
      ],
      [
        0.996853352,
        -0.0351539,
        0.0710466653
      ]
    ],
    "translation": [
      2.090975,
      0.739055634,
      -0.635394156
    ]
  }
]