[
  {
    "timeStamp": 1691,
    "rotation": [
      [
        0.0111452239,
        0.9999289,
        0.00424499949
      ],
      [
        -0.0145633137,
        -0.00408249255,
        0.9998856
      ],
      [
        0.999831855,
        -0.0112057682,
        0.0145167783
      ]
    ],
    "translation": [
      1.62201452,
      0.704190731,
      -0.358999044
    ]
  },
  {
    "timeStamp": 1740,
    "rotation": [
      [
        0.0109788971,
        0.999936461,
        0.00256693526
      ],
      [
        -0.035001535,
        -0.00218121638,
        0.9993849
      ],
      [
        0.999326944,
        -0.0110619906,
        0.0349753648
      ]
    ],
    "translation": [
      1.62204361,
      0.706415057,
      -0.3588741
    ]
  },
  {
    "timeStamp": 1796,
    "rotation": [
      [
        0.0464935973,
        0.9983373,
        0.03407232
      ],
      [
        -0.0712089,
        -0.0307100173,
        0.996988535
      ],
      [
        0.9963772,
        -0.0487798564,
        0.06966269
      ]
    ],
    "translation": [
      1.61538732,
      0.7107607,
      -0.36262536
    ]
  },
  {
    "timeStamp": 1843,
    "rotation": [
      [
        0.133510932,
        0.96749413,
        0.214778751
      ],
      [
        -0.108053766,
        -0.201216266,
        0.9735689
      ],
      [
        0.9851392,
        -0.153189734,
        0.07767681
      ]
    ],
    "translation": [
      1.57336664,
      0.740943849,
      -0.369058073
    ]
  },
  {
    "timeStamp": 1888,
    "rotation": [
      [
        0.1603471,
        0.945227265,
        0.28431356
      ],
      [
        -0.0919293538,
        -0.27248773,
        0.9577575
      ],
      [
        0.9827705,
        -0.179710418,
        0.0432015136
      ]
    ],
    "translation": [
      1.56202078,
      0.7753794,
      -0.368585378
    ]
  },
  {
    "timeStamp": 1943,
    "rotation": [
      [
        0.241362765,
        0.8866331,
        0.3944942
      ],
      [
        -0.108174957,
        -0.37939778,
        0.918888152
      ],
      [
        0.9643869,
        -0.2644598,
        0.00433899742
      ]
    ],
    "translation": [
      1.55822825,
      0.8288961,
      -0.373790175
    ]
  },
  {
    "timeStamp": 1988,
    "rotation": [
      [
        0.332769543,
        0.817786157,
        0.469563872
      ],
      [
        -0.1462161,
        -0.4471752,
        0.8824144
      ],
      [
        0.9316036,
        -0.362298429,
        -0.0292327944
      ]
    ],
    "translation": [
      1.56481731,
      0.877173364,
      -0.377452374
    ]
  },
  {
    "timeStamp": 2043,
    "rotation": [
      [
        0.39521727,
        0.7679951,
        0.5039711
      ],
      [
        -0.151772216,
        -0.486502439,
        0.860395551
      ],
      [
        0.905962765,
        -0.416532,
        -0.07571385
      ]
    ],
    "translation": [
      1.59757388,
      0.9255557,
      -0.393597662
    ]
  },
  {
    "timeStamp": 2088,
    "rotation": [
      [
        0.435219526,
        0.75628686,
        0.4884815
      ],
      [
        -0.127244443,
        -0.485445917,
        0.8649573
      ],
      [
        0.8912872,
        -0.438602865,
        -0.115042239
      ]
    ],
    "translation": [
      1.634266,
      0.956104636,
      -0.41067788
    ]
  },
  {
    "timeStamp": 2143,
    "rotation": [
      [
        0.530180454,
        0.709226668,
        0.464657128
      ],
      [
        -0.131997555,
        -0.472297549,
        0.871499658
      ],
      [
        0.837547243,
        -0.5233857,
        -0.15678674
      ]
    ],
    "translation": [
      1.69169,
      0.9850158,
      -0.428158581
    ]
  },
  {
    "timeStamp": 2189,
    "rotation": [
      [
        0.600140035,
        0.683307,
        0.415840656
      ],
      [
        -0.102281742,
        -0.4500473,
        0.8871279
      ],
      [
        0.793328643,
        -0.5749338,
        -0.200201571
      ]
    ],
    "translation": [
      1.744742,
      1.00171506,
      -0.4408976
    ]
  },
  {
    "timeStamp": 2245,
    "rotation": [
      [
        0.6989943,
        0.624928355,
        0.347665936
      ],
      [
        -0.07384525,
        -0.420485258,
        0.904289246
      ],
      [
        0.711304367,
        -0.657766461,
        -0.247768775
      ]
    ],
    "translation": [
      1.8174901,
      1.016148,
      -0.454693168
    ]
  },
  {
    "timeStamp": 2290,
    "rotation": [
      [
        0.765628338,
        0.5784686,
        0.2814024
      ],
      [
        -0.0445552319,
        -0.3887105,
        0.920282
      ],
      [
        0.641738355,
        -0.717132,
        -0.271834
      ]
    ],
    "translation": [
      1.87479758,
      1.02145529,
      -0.469978869
    ]
  },
  {
    "timeStamp": 2347,
    "rotation": [
      [
        0.8366146,
        0.519096851,
        0.174969852
      ],
      [
        0.00672958326,
        -0.3291246,
        0.9442625
      ],
      [
        0.5477506,
        -0.7888063,
        -0.27884376
      ]
    ],
    "translation": [
      1.95558572,
      1.01650214,
      -0.4913007
    ]
  },
  {
    "timeStamp": 2392,
    "rotation": [
      [
        0.8917002,
        0.427310884,
        0.14925167
      ],
      [
        -0.008690455,
        -0.3135219,
        0.9495412
      ],
      [
        0.452542961,
        -0.848003149,
        -0.275854021
      ]
    ],
    "translation": [
      1.9995935,
      1.01392126,
      -0.5092457
    ]
  },
  {
    "timeStamp": 2444,
    "rotation": [
      [
        0.9177884,
        0.394644141,
        0.0438241027
      ],
      [
        0.06399068,
        -0.255930662,
        0.9645749
      ],
      [
        0.391879737,
        -0.882471263,
        -0.260143727
      ]
    ],
    "translation": [
      2.058079,
      1.00064886,
      -0.5291158
    ]
  },
  {
    "timeStamp": 2487,
    "rotation": [
      [
        0.9588693,
        0.282793373,
        0.0244460981
      ],
      [
        0.04361272,
        -0.231882274,
        0.9717657
      ],
      [
        0.280477524,
        -0.9307301,
        -0.2346782
      ]
    ],
    "translation": [
      2.10390115,
      0.9843472,
      -0.555098355
    ]
  },
  {
    "timeStamp": 2543,
    "rotation": [
      [
        0.9713408,
        0.234843031,
        -0.0366860442
      ],
      [
        0.07790777,
        -0.168743178,
        0.982576251
      ],
      [
        0.224560648,
        -0.9572745,
        -0.182203233
      ]
    ],
    "translation": [
      2.1475482,
      0.9562525,
      -0.5823934
    ]
  },
  {
    "timeStamp": 2587,
    "rotation": [
      [
        0.991367042,
        0.130636618,
        -0.0112026948
      ],
      [
        0.03214745,
        -0.1593445,
        0.986699462
      ],
      [
        0.127114,
        -0.978541434,
        -0.1621685
      ]
    ],
    "translation": [
      2.1631465,
      0.932994,
      -0.595981
    ]
  },
  {
    "timeStamp": 2642,
    "rotation": [
      [
        0.993538737,
        0.0942836,
        -0.06317671
      ],
      [
        0.0734080151,
        -0.1093205,
        0.991292238
      ],
      [
        0.0865561,
        -0.989524961,
        -0.115535326
      ]
    ],
    "translation": [
      2.18882275,
      0.9006902,
      -0.61073935
    ]
  },
  {
    "timeStamp": 2698,
    "rotation": [
      [
        0.998488843,
        0.03264908,
        -0.0442042537
      ],
      [
        0.04684489,
        -0.08511622,
        0.9952692
      ],
      [
        0.0287321042,
        -0.9958359,
        -0.08651704
      ]
    ],
    "translation": [
      2.19376779,
      0.8696772,
      -0.617518
    ]
  },
  {
    "timeStamp": 2742,
    "rotation": [
      [
        0.996884763,
        0.0292744767,
        -0.07323773
      ],
      [
        0.07462409,
        -0.04946259,
        0.995984256
      ],
      [
        0.0255343653,
        -0.998346865,
        -0.0514930822
      ]
    ],
    "translation": [
      2.20182776,
      0.8461857,
      -0.620849967
    ]
  },
  {
    "timeStamp": 2798,
    "rotation": [
      [
        0.9958283,
        0.00740942,
        -0.0909458548
      ],
      [
        0.09101238,
        -0.009199916,
        0.9958073
      ],
      [
        0.006541665,
        -0.9999302,
        -0.009835886
      ]
    ],
    "translation": [
      2.211419,
      0.819785953,
      -0.626420557
    ]
  },
  {
    "timeStamp": 2842,
    "rotation": [
      [
        0.9962831,
        -0.0301202163,
        -0.0807020962
      ],
      [
        0.08088313,
        0.004839197,
        0.99671185
      ],
      [
        -0.0296306442,
        -0.9995346,
        0.007257427
      ]
    ],
    "translation": [
      2.21408725,
      0.802657962,
      -0.6249407
    ]
  },
  {
    "timeStamp": 2887,
    "rotation": [
      [
        0.99121666,
        -0.03462939,
        -0.127633989
      ],
      [
        0.128437027,
        0.0220415946,
        0.9914727
      ],
      [
        -0.0315208472,
        -0.9991572,
        0.02629569
      ]
    ],
    "translation": [
      2.2304306,
      0.7909658,
      -0.62481755
    ]
  },
  {
    "timeStamp": 2944,
    "rotation": [
      [
        0.9908921,
        -0.0876204446,
        -0.102251835
      ],
      [
        0.104896486,
        0.02611772,
        0.994140148
      ],
      [
        -0.0844364241,
        -0.995811462,
        0.03507092
      ]
    ],
    "translation": [
      2.2312007,
      0.7770485,
      -0.6217385
    ]
  },
  {
    "timeStamp": 2990,
    "rotation": [
      [
        0.9903059,
        -0.1009736,
        -0.09538639
      ],
      [
        0.09807953,
        0.02204062,
        0.9949345
      ],
      [
        -0.09835975,
        -0.99464494,
        0.0317304
      ]
    ],
    "translation": [
      2.230945,
      0.7687104,
      -0.616131544
    ]
  },
  {
    "timeStamp": 3046,
    "rotation": [
      [
        0.9903032,
        -0.112107746,
        -0.0820450261
      ],
      [
        0.085143216,
        0.0231253188,
        0.9961003
      ],
      [
        -0.109773234,
        -0.9934269,
        0.03244629
      ]
    ],
    "translation": [
      2.23009372,
      0.760721266,
      -0.611334145
    ]
  },
  {
    "timeStamp": 3092,
    "rotation": [
      [
        0.988814056,
        -0.125617519,
        -0.0804175
      ],
      [
        0.0838622451,
        0.0223706458,
        0.9962262
      ],
      [
        -0.123344451,
        -0.9918265,
        0.0326549746
      ]
    ],
    "translation": [
      2.23007274,
      0.7554996,
      -0.606738746
    ]
  },
  {
    "timeStamp": 3148,
    "rotation": [
      [
        0.9882397,
        -0.119170427,
        -0.09581567
      ],
      [
        0.0986336,
        0.01796357,
        0.9949617
      ],
      [
        -0.116848819,
        -0.9927113,
        0.0295065232
      ]
    ],
    "translation": [
      2.23620987,
      0.75092,
      -0.6011557
    ]
  },
  {
    "timeStamp": 3192,
    "rotation": [
      [
        0.989099741,
        -0.121891841,
        -0.08260726
      ],
      [
        0.08495559,
        0.0141870594,
        0.9962837
      ],
      [
        -0.1202669,
        -0.992441952,
        0.02438781
      ]
    ],
    "translation": [
      2.235971,
      0.74542594,
      -0.597454131
    ]
  },
  {
    "timeStamp": 3248,
    "rotation": [
      [
        0.990502536,
        -0.115842432,
        -0.0740635246
      ],
      [
        0.07276404,
        -0.0154124517,
        0.9972301
      ],
      [
        -0.116663054,
        -0.993148,
        -0.0068369084
      ]
    ],
    "translation": [
      2.23636079,
      0.7393774,
      -0.592730463
    ]
  },
  {
    "timeStamp": 3292,
    "rotation": [
      [
        0.9913703,
        -0.103030272,
        -0.08105304
      ],
      [
        0.0786640346,
        -0.0270496458,
        0.9965341
      ],
      [
        -0.104865655,
        -0.9943103,
        -0.01871144
      ]
    ],
    "translation": [
      2.23783374,
      0.7366615,
      -0.5912922
    ]
  }
]