[
  {
    "timeStamp": 55168,
    "rotation": [
      [
        0.999988,
        0.0048894817,
        -0.000384256215
      ],
      [
        0.000437581039,
        -0.01090964,
        0.9999404
      ],
      [
        0.00488499831,
        -0.999928534,
        -0.0109116491
      ]
    ],
    "translation": [
      1.15325487,
      0.7018524,
      -0.6200506
    ]
  },
  {
    "timeStamp": 55212,
    "rotation": [
      [
        0.999559641,
        0.004035583,
        0.0293991361
      ],
      [
        -0.02931205,
        -0.0201657843,
        0.9993669
      ],
      [
        0.004625878,
        -0.9997885,
        -0.0200386122
      ]
    ],
    "translation": [
      1.152857,
      0.702332139,
      -0.6201387
    ]
  },
  {
    "timeStamp": 55260,
    "rotation": [
      [
        0.998872042,
        -0.0102340057,
        0.04636607
      ],
      [
        -0.04621056,
        0.0149422623,
        0.998819947
      ],
      [
        -0.0109147513,
        -0.999835968,
        0.0144524891
      ]
    ],
    "translation": [
      1.1573137,
      0.708440959,
      -0.623451531
    ]
  },
  {
    "timeStamp": 55311,
    "rotation": [
      [
        0.989960551,
        -0.006870465,
        0.14117682
      ],
      [
        -0.1413438,
        -0.04928231,
        0.9887331
      ],
      [
        0.000164468627,
        -0.9987613,
        -0.0497586429
      ]
    ],
    "translation": [
      1.16854966,
      0.746574,
      -0.619119048
    ]
  },
  {
    "timeStamp": 55367,
    "rotation": [
      [
        0.9744122,
        0.0237630531,
        0.223508477
      ],
      [
        -0.216844887,
        -0.162310347,
        0.9626181
      ],
      [
        0.05915249,
        -0.986453533,
        -0.1530043
      ]
    ],
    "translation": [
      1.19641864,
      0.797996044,
      -0.620793462
    ]
  },
  {
    "timeStamp": 55412,
    "rotation": [
      [
        0.9606014,
        0.06392413,
        0.270478457
      ],
      [
        -0.243955046,
        -0.27232784,
        0.930765
      ],
      [
        0.133157179,
        -0.9600788,
        -0.2460039
      ]
    ],
    "translation": [
      1.2325865,
      0.8387262,
      -0.632399
    ]
  },
  {
    "timeStamp": 55467,
    "rotation": [
      [
        0.9512521,
        0.109592147,
        0.288286418
      ],
      [
        -0.229272529,
        -0.373925745,
        0.8986733
      ],
      [
        0.206285223,
        -0.920960963,
        -0.330571175
      ]
    ],
    "translation": [
      1.29459941,
      0.8790159,
      -0.652611256
    ]
  },
  {
    "timeStamp": 55512,
    "rotation": [
      [
        0.9550675,
        0.137977958,
        0.262313068
      ],
      [
        -0.178613365,
        -0.438333,
        0.880886734
      ],
      [
        0.236523449,
        -0.888159,
        -0.3939929
      ]
    ],
    "translation": [
      1.35467172,
      0.9036994,
      -0.669153
    ]
  },
  {
    "timeStamp": 55567,
    "rotation": [
      [
        0.9713706,
        0.160296321,
        0.175340563
      ],
      [
        -0.07076152,
        -0.5093402,
        0.857651055
      ],
      [
        0.226786315,
        -0.8455044,
        -0.483415276
      ]
    ],
    "translation": [
      1.44387174,
      0.927092552,
      -0.682340264
    ]
  },
  {
    "timeStamp": 55612,
    "rotation": [
      [
        0.981271148,
        0.186181128,
        0.049431894
      ],
      [
        0.06384213,
        -0.556434333,
        0.8284353
      ],
      [
        0.1817446,
        -0.809763849,
        -0.5578992
      ]
    ],
    "translation": [
      1.52158558,
      0.9423428,
      -0.6899123
    ]
  },
  {
    "timeStamp": 55667,
    "rotation": [
      [
        0.976972938,
        0.1833077,
        -0.109188929
      ],
      [
        0.1963983,
        -0.572633445,
        0.795938849
      ],
      [
        0.08337648,
        -0.7990552,
        -0.5954487
      ]
    ],
    "translation": [
      1.62754774,
      0.9602937,
      -0.6961438
    ]
  },
  {
    "timeStamp": 55712,
    "rotation": [
      [
        0.9571537,
        0.154889539,
        -0.244675353
      ],
      [
        0.288829744,
        -0.5714288,
        0.7681449
      ],
      [
        -0.0208369,
        -0.805902243,
        -0.591681838
      ]
    ],
    "translation": [
      1.7126925,
      0.976121843,
      -0.7017064
    ]
  },
  {
    "timeStamp": 55767,
    "rotation": [
      [
        0.906365752,
        0.118847236,
        -0.405433625
      ],
      [
        0.3936339,
        -0.5861271,
        0.7081719
      ],
      [
        -0.153471336,
        -0.8014552,
        -0.578027844
      ]
    ],
    "translation": [
      1.81742144,
      1.00199747,
      -0.7103148
    ]
  },
  {
    "timeStamp": 55812,
    "rotation": [
      [
        0.8415945,
        0.1336175,
        -0.523321152
      ],
      [
        0.4881953,
        -0.602675438,
        0.631227136
      ],
      [
        -0.2310498,
        -0.7867202,
        -0.5724398
      ]
    ],
    "translation": [
      1.88973093,
      1.02356923,
      -0.719039
    ]
  },
  {
    "timeStamp": 55867,
    "rotation": [
      [
        0.7630766,
        0.156587541,
        -0.6270522
      ],
      [
        0.5769172,
        -0.6023787,
        0.5516398
      ],
      [
        -0.291343,
        -0.7827006,
        -0.5499991
      ]
    ],
    "translation": [
      1.97040391,
      1.04524207,
      -0.730981231
    ]
  },
  {
    "timeStamp": 55912,
    "rotation": [
      [
        0.7087473,
        0.1697262,
        -0.684740961
      ],
      [
        0.6339185,
        -0.5791328,
        0.5125939
      ],
      [
        -0.309555322,
        -0.79736954,
        -0.518051445
      ]
    ],
    "translation": [
      2.0230875,
      1.05393767,
      -0.73922956
    ]
  },
  {
    "timeStamp": 55968,
    "rotation": [
      [
        0.653053343,
        0.219281361,
        -0.7248704
      ],
      [
        0.6932532,
        -0.5583712,
        0.4556552
      ],
      [
        -0.30483,
        -0.800085843,
        -0.5166637
      ]
    ],
    "translation": [
      2.07432675,
      1.06228745,
      -0.744527161
    ]
  },
  {
    "timeStamp": 56012,
    "rotation": [
      [
        0.622300565,
        0.2234115,
        -0.7502195
      ],
      [
        0.7087109,
        -0.5677481,
        0.418797016
      ],
      [
        -0.332371682,
        -0.7923064,
        -0.5116441
      ]
    ],
    "translation": [
      2.10643649,
      1.06564939,
      -0.7439875
    ]
  },
  {
    "timeStamp": 56077,
    "rotation": [
      [
        0.6103687,
        0.223000646,
        -0.760079443
      ],
      [
        0.7050864,
        -0.590232,
        0.3930386
      ],
      [
        -0.360975355,
        -0.775820136,
        -0.517493844
      ]
    ],
    "translation": [
      2.13371825,
      1.06317854,
      -0.7398205
    ]
  },
  {
    "timeStamp": 56112,
    "rotation": [
      [
        0.6404656,
        0.2604565,
        -0.72247225
      ],
      [
        0.69339,
        -0.6005514,
        0.3981813
      ],
      [
        -0.330172837,
        -0.755976439,
        -0.5652304
      ]
    ],
    "translation": [
      2.13862133,
      1.05130494,
      -0.7356079
    ]
  },
  {
    "timeStamp": 56162,
    "rotation": [
      [
        0.685474157,
        0.28973192,
        -0.6679675
      ],
      [
        0.673914969,
        -0.5997529,
        0.431433767
      ],
      [
        -0.2756153,
        -0.74589,
        -0.6063698
      ]
    ],
    "translation": [
      2.13974738,
      1.02744389,
      -0.731552
    ]
  },
  {
    "timeStamp": 56207,
    "rotation": [
      [
        0.7382132,
        0.30743295,
        -0.600438356
      ],
      [
        0.636906,
        -0.610910952,
        0.470253557
      ],
      [
        -0.222242951,
        -0.7295702,
        -0.6467885
      ]
    ],
    "translation": [
      2.135182,
      1.00617206,
      -0.73094213
    ]
  },
  {
    "timeStamp": 56262,
    "rotation": [
      [
        0.7380062,
        0.370021254,
        -0.564297
      ],
      [
        0.6568512,
        -0.5854827,
        0.4751384
      ],
      [
        -0.154574856,
        -0.721314251,
        -0.6751388
      ]
    ],
    "translation": [
      2.13600087,
      0.9807439,
      -0.7334489
    ]
  },
  {
    "timeStamp": 56318,
    "rotation": [
      [
        0.78174144,
        0.352428526,
        -0.514465153
      ],
      [
        0.613202751,
        -0.584471941,
        0.5313896
      ],
      [
        -0.11341361,
        -0.730880737,
        -0.673016131
      ]
    ],
    "translation": [
      2.13535261,
      0.961449862,
      -0.7354857
    ]
  },
  {
    "timeStamp": 56362,
    "rotation": [
      [
        0.7952237,
        0.346812457,
        -0.497333258
      ],
      [
        0.59876436,
        -0.578259051,
        0.554164
      ],
      [
        -0.09539646,
        -0.7384697,
        -0.667504251
      ]
    ],
    "translation": [
      2.13790917,
      0.9518857,
      -0.7359448
    ]
  },
  {
    "timeStamp": 56418,
    "rotation": [
      [
        0.817973733,
        0.315526426,
        -0.481001139
      ],
      [
        0.56963104,
        -0.560910642,
        0.6007493
      ],
      [
        -0.080246374,
        -0.765390337,
        -0.6385438
      ]
    ],
    "translation": [
      2.14096642,
      0.943864942,
      -0.7360636
    ]
  },
  {
    "timeStamp": 56462,
    "rotation": [
      [
        0.828516841,
        0.247030526,
        -0.5025293
      ],
      [
        0.5481191,
        -0.541380942,
        0.637551546
      ],
      [
        -0.114565127,
        -0.803668141,
        -0.583945453
      ]
    ],
    "translation": [
      2.14964485,
      0.9437015,
      -0.731378138
    ]
  },
  {
    "timeStamp": 56518,
    "rotation": [
      [
        0.87354964,
        0.07695992,
        -0.4806123
      ],
      [
        0.442043036,
        -0.538753331,
        0.717177033
      ],
      [
        -0.203737557,
        -0.838941038,
        -0.5046474
      ]
    ],
    "translation": [
      2.157359,
      0.953135133,
      -0.724693537
    ]
  },
  {
    "timeStamp": 56563,
    "rotation": [
      [
        0.9204454,
        -0.0926212147,
        -0.379738867
      ],
      [
        0.28910622,
        -0.492505044,
        0.820887566
      ],
      [
        -0.263054878,
        -0.865367,
        -0.426546633
      ]
    ],
    "translation": [
      2.160909,
      0.9610319,
      -0.719913542
    ]
  },
  {
    "timeStamp": 56609,
    "rotation": [
      [
        0.952072144,
        -0.12026763,
        -0.2812372
      ],
      [
        0.201369658,
        -0.44564116,
        0.8722696
      ],
      [
        -0.230236664,
        -0.887096167,
        -0.4000643
      ]
    ],
    "translation": [
      2.15711761,
      0.9627433,
      -0.718205154
    ]
  },
  {
    "timeStamp": 56666,
    "rotation": [
      [
        0.93762064,
        -0.1312285,
        -0.321942031
      ],
      [
        0.231970623,
        -0.453603417,
        0.8604845
      ],
      [
        -0.258954138,
        -0.8814891,
        -0.394866735
      ]
    ],
    "translation": [
      2.17254,
      0.9595649,
      -0.71082145
    ]
  },
  {
    "timeStamp": 56712,
    "rotation": [
      [
        0.91528374,
        -0.274855345,
        -0.294466048
      ],
      [
        0.168003172,
        -0.4039299,
        0.89923054
      ],
      [
        -0.36610195,
        -0.8725223,
        -0.3235339
      ]
    ],
    "translation": [
      2.19060683,
      0.9504086,
      -0.708500445
    ]
  },
  {
    "timeStamp": 56767,
    "rotation": [
      [
        0.8952708,
        -0.385695428,
        -0.223000482
      ],
      [
        0.104946069,
        -0.3038836,
        0.946911335
      ],
      [
        -0.432985544,
        -0.8711451,
        -0.231580928
      ]
    ],
    "translation": [
      2.20009112,
      0.9332175,
      -0.715822339
    ]
  },
  {
    "timeStamp": 56813,
    "rotation": [
      [
        0.879715741,
        -0.453369,
        -0.143376678
      ],
      [
        0.0479328856,
        -0.215439752,
        0.97534
      ],
      [
        -0.473077953,
        -0.8648944,
        -0.167794451
      ]
    ],
    "translation": [
      2.20059824,
      0.9181554,
      -0.7243633
    ]
  },
  {
    "timeStamp": 56868,
    "rotation": [
      [
        0.8752654,
        -0.4815107,
        -0.04536365
      ],
      [
        -0.105865307,
        -0.28226468,
        0.953477442
      ],
      [
        -0.471914142,
        -0.829743445,
        -0.298031777
      ]
    ],
    "translation": [
      2.18847561,
      0.9104919,
      -0.726742
    ]
  },
  {
    "timeStamp": 56912,
    "rotation": [
      [
        0.883892953,
        -0.465637863,
        -0.0437562838
      ],
      [
        -0.098071076,
        -0.276011437,
        0.956137955
      ],
      [
        -0.457291245,
        -0.840832353,
        -0.289630175
      ]
    ],
    "translation": [
      2.18790555,
      0.904165268,
      -0.7331696
    ]
  },
  {
    "timeStamp": 56967,
    "rotation": [
      [
        0.8700682,
        -0.48809576,
        -0.06887544
      ],
      [
        -0.007264004,
        -0.1524069,
        0.988291144
      ],
      [
        -0.4928778,
        -0.859380364,
        -0.136149943
      ]
    ],
    "translation": [
      2.1971612,
      0.8931693,
      -0.750874341
    ]
  },
  {
    "timeStamp": 57011,
    "rotation": [
      [
        0.850087643,
        -0.524381638,
        -0.0487334877
      ],
      [
        -0.0327860452,
        -0.145052031,
        0.9888807
      ],
      [
        -0.525619745,
        -0.8390375,
        -0.140499324
      ]
    ],
    "translation": [
      2.2011652,
      0.890889466,
      -0.7546498
    ]
  },
  {
    "timeStamp": 57067,
    "rotation": [
      [
        0.840373635,
        -0.5415625,
        -0.0219606943
      ],
      [
        -0.05458577,
        -0.124876142,
        0.990669668
      ],
      [
        -0.5392519,
        -0.831333935,
        -0.134504214
      ]
    ],
    "translation": [
      2.1991334,
      0.8872245,
      -0.760567367
    ]
  },
  {
    "timeStamp": 57111,
    "rotation": [
      [
        0.83712,
        -0.5470145,
        -0.00230400963
      ],
      [
        -0.06844321,
        -0.108918585,
        0.991691649
      ],
      [
        -0.5427206,
        -0.830007255,
        -0.128617346
      ]
    ],
    "translation": [
      2.19627857,
      0.883531451,
      -0.7649831
    ]
  },
  {
    "timeStamp": 57167,
    "rotation": [
      [
        0.816338837,
        -0.5773772,
        0.0150483046
      ],
      [
        -0.08972135,
        -0.101030514,
        0.9908294
      ],
      [
        -0.570562,
        -0.810202658,
        -0.1342782
      ]
    ],
    "translation": [
      2.19584465,
      0.8793538,
      -0.7676524
    ]
  },
  {
    "timeStamp": 57212,
    "rotation": [
      [
        0.79340893,
        -0.60704124,
        0.0447577238
      ],
      [
        -0.125757456,
        -0.0915326551,
        0.9878293
      ],
      [
        -0.5955563,
        -0.7893812,
        -0.148962781
      ]
    ],
    "translation": [
      2.19512248,
      0.876469731,
      -0.7683065
    ]
  },
  {
    "timeStamp": 57267,
    "rotation": [
      [
        0.7786918,
        -0.6245418,
        0.0598876737
      ],
      [
        -0.146975547,
        -0.0887858644,
        0.985147357
      ],
      [
        -0.6099486,
        -0.7759282,
        -0.160929218
      ]
    ],
    "translation": [
      2.193159,
      0.8710457,
      -0.7689653
    ]
  },
  {
    "timeStamp": 57311,
    "rotation": [
      [
        0.7664228,
        -0.63891983,
        0.0661633462
      ],
      [
        -0.155978486,
        -0.08519926,
        0.9840792
      ],
      [
        -0.6231106,
        -0.7645408,
        -0.164956391
      ]
    ],
    "translation": [
      2.19266748,
      0.866414547,
      -0.76945287
    ]
  },
  {
    "timeStamp": 57367,
    "rotation": [
      [
        0.7624636,
        -0.64481163,
        0.053545393
      ],
      [
        -0.146347165,
        -0.09125356,
        0.9850154
      ],
      [
        -0.6302632,
        -0.7588746,
        -0.163943872
      ]
    ],
    "translation": [
      2.192581,
      0.8612734,
      -0.769212
    ]
  },
  {
    "timeStamp": 57411,
    "rotation": [
      [
        0.7586405,
        -0.648801267,
        0.05934167
      ],
      [
        -0.146452159,
        -0.08107289,
        0.9858899
      ],
      [
        -0.6348356,
        -0.7566268,
        -0.156523526
      ]
    ],
    "translation": [
      2.19147944,
      0.8592095,
      -0.7693555
    ]
  }
]