[
  {
    "timeStamp": 43146,
    "rotation": [
      [
        -0.534611762,
        0.3959648,
        0.746593654
      ],
      [
        0.460128576,
        0.8773968,
        -0.135854512
      ],
      [
        -0.7088525,
        0.270899653,
        -0.651261449
      ]
    ],
    "translation": [
      1.45523977,
      0.7101857,
      -0.78599596
    ]
  },
  {
    "timeStamp": 43191,
    "rotation": [
      [
        -0.525570035,
        0.349724531,
        0.7755442
      ],
      [
        0.451377153,
        0.887341857,
        -0.0942498446
      ],
      [
        -0.7211344,
        0.300528079,
        -0.6242179
      ]
    ],
    "translation": [
      1.45501351,
      0.708758652,
      -0.786529541
    ]
  },
  {
    "timeStamp": 43237,
    "rotation": [
      [
        -0.6443181,
        0.340986341,
        0.684530854
      ],
      [
        0.4527822,
        0.891442,
        -0.0178717524
      ],
      [
        -0.6163136,
        0.298428327,
        -0.7287648
      ]
    ],
    "translation": [
      1.467617,
      0.7164521,
      -0.7745684
    ]
  },
  {
    "timeStamp": 43294,
    "rotation": [
      [
        -0.6339348,
        0.4798457,
        0.606526732
      ],
      [
        0.502895,
        0.851567447,
        -0.148086324
      ],
      [
        -0.587557,
        0.2111422,
        -0.7811502
      ]
    ],
    "translation": [
      1.47592127,
      0.7687482,
      -0.7480623
    ]
  },
  {
    "timeStamp": 43340,
    "rotation": [
      [
        -0.619030654,
        0.5636222,
        0.546928763
      ],
      [
        0.5025352,
        0.819433,
        -0.2756591
      ],
      [
        -0.6035391,
        0.104209542,
        -0.7904941
      ]
    ],
    "translation": [
      1.49829817,
      0.821628034,
      -0.723569632
    ]
  },
  {
    "timeStamp": 43395,
    "rotation": [
      [
        -0.647795856,
        0.6407973,
        0.411994457
      ],
      [
        0.504538238,
        0.7660742,
        -0.398210436
      ],
      [
        -0.57079047,
        -0.0500921048,
        -0.819566369
      ]
    ],
    "translation": [
      1.55504525,
      0.8886211,
      -0.691444159
    ]
  },
  {
    "timeStamp": 43440,
    "rotation": [
      [
        -0.694708169,
        0.6637289,
        0.277208567
      ],
      [
        0.4967393,
        0.721432865,
        -0.482477725
      ],
      [
        -0.52022177,
        -0.197480813,
        -0.83088547
      ]
    ],
    "translation": [
      1.61634612,
      0.9417467,
      -0.6666715
    ]
  },
  {
    "timeStamp": 43495,
    "rotation": [
      [
        -0.776126742,
        0.6172787,
        0.128819019
      ],
      [
        0.4535449,
        0.6883878,
        -0.5660559
      ],
      [
        -0.438091666,
        -0.3809059,
        -0.8142398
      ]
    ],
    "translation": [
      1.70571589,
      1.0008409,
      -0.6434167
    ]
  },
  {
    "timeStamp": 43540,
    "rotation": [
      [
        -0.8443874,
        0.534343,
        0.03856881
      ],
      [
        0.3930127,
        0.6667585,
        -0.633225262
      ],
      [
        -0.364075571,
        -0.5195294,
        -0.773005962
      ]
    ],
    "translation": [
      1.77987945,
      1.041532,
      -0.631257057
    ]
  },
  {
    "timeStamp": 43595,
    "rotation": [
      [
        -0.916788,
        0.397044569,
        -0.0430740863
      ],
      [
        0.316200972,
        0.6557413,
        -0.6855803
      ],
      [
        -0.2439605,
        -0.6421519,
        -0.7267216
      ]
    ],
    "translation": [
      1.87034738,
      1.07729948,
      -0.6239182
    ]
  },
  {
    "timeStamp": 43640,
    "rotation": [
      [
        -0.9493366,
        0.293286473,
        -0.112885639
      ],
      [
        0.281889021,
        0.6359209,
        -0.7184311
      ],
      [
        -0.1389198,
        -0.713854134,
        -0.686377168
      ]
    ],
    "translation": [
      1.9375416,
      1.09507453,
      -0.6226218
    ]
  },
  {
    "timeStamp": 43695,
    "rotation": [
      [
        -0.9659546,
        0.183113053,
        -0.182760388
      ],
      [
        0.258060724,
        0.631888449,
        -0.7308363
      ],
      [
        -0.01834148,
        -0.7531179,
        -0.6576298
      ]
    ],
    "translation": [
      2.00961328,
      1.09601748,
      -0.6236744
    ]
  },
  {
    "timeStamp": 43738,
    "rotation": [
      [
        -0.964346468,
        0.104492411,
        -0.243140429
      ],
      [
        0.250647,
        0.655453,
        -0.712430656
      ],
      [
        0.08492352,
        -0.747972369,
        -0.6582745
      ]
    ],
    "translation": [
      2.057577,
      1.07801211,
      -0.6253406
    ]
  },
  {
    "timeStamp": 43794,
    "rotation": [
      [
        -0.9359777,
        0.103026137,
        -0.336647272
      ],
      [
        0.310955852,
        0.6903026,
        -0.6532907
      ],
      [
        0.1650825,
        -0.716147959,
        -0.6781444
      ]
    ],
    "translation": [
      2.09741783,
      1.03541458,
      -0.6256535
    ]
  },
  {
    "timeStamp": 43838,
    "rotation": [
      [
        -0.9386549,
        0.07108625,
        -0.337451875
      ],
      [
        0.2751449,
        0.744282663,
        -0.6085545
      ],
      [
        0.207899719,
        -0.6640708,
        -0.718183637
      ]
    ],
    "translation": [
      2.11700177,
      0.996483147,
      -0.625207365
    ]
  },
  {
    "timeStamp": 43894,
    "rotation": [
      [
        -0.914418757,
        0.127623722,
        -0.384123117
      ],
      [
        0.332116157,
        0.7790441,
        -0.5317793
      ],
      [
        0.231381178,
        -0.6138424,
        -0.754758358
      ]
    ],
    "translation": [
      2.12489486,
      0.947499037,
      -0.62168026
    ]
  },
  {
    "timeStamp": 43948,
    "rotation": [
      [
        -0.9121033,
        0.147196561,
        -0.382623553
      ],
      [
        0.343570381,
        0.783658147,
        -0.517531931
      ],
      [
        0.22366713,
        -0.603500664,
        -0.765349567
      ]
    ],
    "translation": [
      2.12967372,
      0.921324551,
      -0.6156819
    ]
  },
  {
    "timeStamp": 43990,
    "rotation": [
      [
        -0.882858455,
        0.145756871,
        -0.446448147
      ],
      [
        0.3803486,
        0.7795451,
        -0.4976388
      ],
      [
        0.2754922,
        -0.6091505,
        -0.7436664
      ]
    ],
    "translation": [
      2.143924,
      0.89600414,
      -0.6087913
    ]
  },
  {
    "timeStamp": 44045,
    "rotation": [
      [
        -0.87041676,
        0.135094166,
        -0.47341764
      ],
      [
        0.383148164,
        0.789725959,
        -0.479093254
      ],
      [
        0.309147537,
        -0.5983999,
        -0.7391518
      ]
    ],
    "translation": [
      2.15603876,
      0.8782093,
      -0.6019204
    ]
  },
  {
    "timeStamp": 44090,
    "rotation": [
      [
        -0.8678238,
        0.121832132,
        -0.4817041
      ],
      [
        0.377140731,
        0.792694151,
        -0.47895807
      ],
      [
        0.323491544,
        -0.597321451,
        -0.7338667
      ]
    ],
    "translation": [
      2.16438532,
      0.8695438,
      -0.5980729
    ]
  },
  {
    "timeStamp": 44146,
    "rotation": [
      [
        -0.8673899,
        0.131885976,
        -0.479834169
      ],
      [
        0.3775673,
        0.80252856,
        -0.461942464
      ],
      [
        0.32415688,
        -0.5818539,
        -0.745901048
      ]
    ],
    "translation": [
      2.16640735,
      0.8609338,
      -0.593123138
    ]
  },
  {
    "timeStamp": 44190,
    "rotation": [
      [
        -0.8788897,
        0.153863728,
        -0.4515295
      ],
      [
        0.3684081,
        0.820237458,
        -0.437591136
      ],
      [
        0.303031981,
        -0.550941467,
        -0.7775829
      ]
    ],
    "translation": [
      2.16345477,
      0.852334261,
      -0.5913568
    ]
  },
  {
    "timeStamp": 44246,
    "rotation": [
      [
        -0.8751861,
        0.183942541,
        -0.4474533
      ],
      [
        0.3616248,
        0.8631196,
        -0.352494
      ],
      [
        0.321367055,
        -0.470308065,
        -0.821908534
      ]
    ],
    "translation": [
      2.15816355,
      0.8352675,
      -0.5982489
    ]
  }
]