[
  {
    "timeStamp": 94671,
    "rotation": [
      [
        0.843230247,
        -0.5265115,
        -0.108390063
      ],
      [
        0.5256218,
        0.8498258,
        -0.0389601476
      ],
      [
        0.112625636,
        -0.0241198018,
        0.993344665
      ]
    ],
    "translation": [
      1.15487874,
      0.7084418,
      -0.486703724
    ]
  },
  {
    "timeStamp": 94726,
    "rotation": [
      [
        0.8520934,
        -0.514321744,
        -0.097005
      ],
      [
        0.509626865,
        0.8575356,
        -0.07009458
      ],
      [
        0.11923641,
        0.0102907736,
        0.9928126
      ]
    ],
    "translation": [
      1.15755737,
      0.709037364,
      -0.486502767
    ]
  },
  {
    "timeStamp": 94771,
    "rotation": [
      [
        0.8615881,
        -0.501104,
        -0.08099775
      ],
      [
        0.496279061,
        0.8650896,
        -0.0729860961
      ],
      [
        0.106643938,
        0.0226864647,
        0.9940384
      ]
    ],
    "translation": [
      1.16511714,
      0.717281342,
      -0.487615973
    ]
  },
  {
    "timeStamp": 94826,
    "rotation": [
      [
        0.8843009,
        -0.459912032,
        -0.08057768
      ],
      [
        0.455299139,
        0.8876175,
        -0.06955455
      ],
      [
        0.10351114,
        0.0248202067,
        0.994318545
      ]
    ],
    "translation": [
      1.17727411,
      0.73705554,
      -0.495342463
    ]
  },
  {
    "timeStamp": 94871,
    "rotation": [
      [
        0.911374152,
        -0.4039919,
        -0.0786612257
      ],
      [
        0.3973469,
        0.9134654,
        -0.087729536
      ],
      [
        0.107296325,
        0.04869864,
        0.9930337
      ]
    ],
    "translation": [
      1.19308293,
      0.7582431,
      -0.5094573
    ]
  },
  {
    "timeStamp": 94926,
    "rotation": [
      [
        0.94220376,
        -0.3252293,
        -0.08048527
      ],
      [
        0.31721428,
        0.9432648,
        -0.09811547
      ],
      [
        0.107828937,
        0.06691369,
        0.991915047
      ]
    ],
    "translation": [
      1.22405779,
      0.7874765,
      -0.535919547
    ]
  },
  {
    "timeStamp": 94971,
    "rotation": [
      [
        0.9555159,
        -0.2833527,
        -0.08185664
      ],
      [
        0.2740929,
        0.955583155,
        -0.108322769
      ],
      [
        0.108914375,
        0.08106781,
        0.990739942
      ]
    ],
    "translation": [
      1.25824773,
      0.807949543,
      -0.561905
    ]
  },
  {
    "timeStamp": 95027,
    "rotation": [
      [
        0.9704894,
        -0.231582731,
        -0.06722895
      ],
      [
        0.220175609,
        0.9646764,
        -0.144644544
      ],
      [
        0.09835137,
        0.125573829,
        0.987197161
      ]
    ],
    "translation": [
      1.309865,
      0.828798234,
      -0.5980268
    ]
  },
  {
    "timeStamp": 95071,
    "rotation": [
      [
        0.9744631,
        -0.214832634,
        -0.0653345957
      ],
      [
        0.20100683,
        0.96425575,
        -0.1726475
      ],
      [
        0.100089572,
        0.155105934,
        0.9828145
      ]
    ],
    "translation": [
      1.35725451,
      0.8380259,
      -0.6285733
    ]
  },
  {
    "timeStamp": 95126,
    "rotation": [
      [
        0.969876468,
        -0.242213145,
        -0.0259313
      ],
      [
        0.234611318,
        0.9574378,
        -0.168137863
      ],
      [
        0.06555281,
        0.156989172,
        0.9854224
      ]
    ],
    "translation": [
      1.42485607,
      0.8386486,
      -0.6564864
    ]
  },
  {
    "timeStamp": 95171,
    "rotation": [
      [
        0.9711956,
        -0.22785078,
        0.0697361156
      ],
      [
        0.237422824,
        0.950172663,
        -0.201995939
      ],
      [
        -0.0202364158,
        0.2127345,
        0.9769005
      ]
    ],
    "translation": [
      1.48436368,
      0.8417784,
      -0.669661641
    ]
  },
  {
    "timeStamp": 95227,
    "rotation": [
      [
        0.9562006,
        -0.2132052,
        0.2005594
      ],
      [
        0.2569312,
        0.9396063,
        -0.226111591
      ],
      [
        -0.1402387,
        0.267738,
        0.9532311
      ]
    ],
    "translation": [
      1.56187594,
      0.8491266,
      -0.6815826
    ]
  },
  {
    "timeStamp": 95271,
    "rotation": [
      [
        0.9331926,
        -0.179066285,
        0.311587542
      ],
      [
        0.26152572,
        0.9330442,
        -0.247048125
      ],
      [
        -0.246486977,
        0.312031657,
        0.917540431
      ]
    ],
    "translation": [
      1.623445,
      0.8566619,
      -0.6868228
    ]
  },
  {
    "timeStamp": 95327,
    "rotation": [
      [
        0.877386153,
        -0.111582,
        0.466629326
      ],
      [
        0.269945085,
        0.918842435,
        -0.287851155
      ],
      [
        -0.396639824,
        0.3785209,
        0.8363006
      ]
    ],
    "translation": [
      1.70066059,
      0.8655414,
      -0.6900854
    ]
  },
  {
    "timeStamp": 95371,
    "rotation": [
      [
        0.8181089,
        -0.103522949,
        0.565668344
      ],
      [
        0.2841205,
        0.9279837,
        -0.241084546
      ],
      [
        -0.499973267,
        0.3579514,
        0.788604736
      ]
    ],
    "translation": [
      1.76083565,
      0.875305057,
      -0.689998865
    ]
  },
  {
    "timeStamp": 95427,
    "rotation": [
      [
        0.737497568,
        -0.07910647,
        0.6707007
      ],
      [
        0.273870915,
        0.9428234,
        -0.189944178
      ],
      [
        -0.6173265,
        0.3237688,
        0.716994941
      ]
    ],
    "translation": [
      1.83193672,
      0.891309,
      -0.690160632
    ]
  },
  {
    "timeStamp": 95471,
    "rotation": [
      [
        0.661497533,
        -0.08511809,
        0.7451013
      ],
      [
        0.2691302,
        0.9543012,
        -0.129916131
      ],
      [
        -0.6999928,
        0.286468446,
        0.654175758
      ]
    ],
    "translation": [
      1.88899982,
      0.9039853,
      -0.689988
    ]
  },
  {
    "timeStamp": 95527,
    "rotation": [
      [
        0.5565922,
        -0.107603528,
        0.8237879
      ],
      [
        0.264281452,
        0.9630006,
        -0.0527741946
      ],
      [
        -0.7876296,
        0.247085586,
        0.564436257
      ]
    ],
    "translation": [
      1.95876324,
      0.918224454,
      -0.690137744
    ]
  },
  {
    "timeStamp": 95571,
    "rotation": [
      [
        0.472266376,
        -0.119103916,
        0.873372
      ],
      [
        0.258030027,
        0.9661056,
        -0.0077767
      ],
      [
        -0.842843354,
        0.229028881,
        0.486991584
      ]
    ],
    "translation": [
      2.011868,
      0.925861537,
      -0.690652132
    ]
  },
  {
    "timeStamp": 95626,
    "rotation": [
      [
        0.3822781,
        -0.153020784,
        0.9112893
      ],
      [
        0.2792935,
        0.9592015,
        0.0439047925
      ],
      [
        -0.8808284,
        0.237733349,
        0.409419447
      ]
    ],
    "translation": [
      2.07030249,
      0.925860763,
      -0.691347241
    ]
  },
  {
    "timeStamp": 95671,
    "rotation": [
      [
        0.330196351,
        -0.183545172,
        0.925895035
      ],
      [
        0.285089046,
        0.954494655,
        0.08754506
      ],
      [
        -0.899830341,
        0.235055476,
        0.367497385
      ]
    ],
    "translation": [
      2.109687,
      0.9219294,
      -0.690337956
    ]
  },
  {
    "timeStamp": 95723,
    "rotation": [
      [
        0.284288,
        -0.222285122,
        0.932614446
      ],
      [
        0.321000844,
        0.938676059,
        0.1258795
      ],
      [
        -0.903404057,
        0.263584018,
        0.33820805
      ]
    ],
    "translation": [
      2.1511848,
      0.9088066,
      -0.6877093
    ]
  },
  {
    "timeStamp": 95777,
    "rotation": [
      [
        0.243769482,
        -0.247084692,
        0.937830269
      ],
      [
        0.369813651,
        0.917621,
        0.145634919
      ],
      [
        -0.8965569,
        0.31132108,
        0.315063268
      ]
    ],
    "translation": [
      2.18472958,
      0.8891201,
      -0.683599
    ]
  },
  {
    "timeStamp": 95821,
    "rotation": [
      [
        0.249534816,
        -0.24893938,
        0.9358213
      ],
      [
        0.392471,
        0.9094624,
        0.137276024
      ],
      [
        -0.8852677,
        0.333027571,
        0.324644
      ]
    ],
    "translation": [
      2.20008,
      0.872665,
      -0.6785045
    ]
  },
  {
    "timeStamp": 95877,
    "rotation": [
      [
        0.264583468,
        -0.223531559,
        0.9380987
      ],
      [
        0.40509367,
        0.9085412,
        0.102235019
      ],
      [
        -0.875154138,
        0.352968156,
        0.330936223
      ]
    ],
    "translation": [
      2.20971417,
      0.8546478,
      -0.671573
    ]
  },
  {
    "timeStamp": 95921,
    "rotation": [
      [
        0.271798342,
        -0.237333789,
        0.932629764
      ],
      [
        0.4246967,
        0.899219036,
        0.105061188
      ],
      [
        -0.863573,
        0.367529333,
        0.345201135
      ]
    ],
    "translation": [
      2.21281338,
      0.843245864,
      -0.6664345
    ]
  },
  {
    "timeStamp": 95977,
    "rotation": [
      [
        0.2806062,
        -0.2962789,
        0.9129507
      ],
      [
        0.461871177,
        0.875480652,
        0.142157212
      ],
      [
        -0.8413889,
        0.3817754,
        0.38250798
      ]
    ],
    "translation": [
      2.2145,
      0.830844939,
      -0.6615277
    ]
  },
  {
    "timeStamp": 96021,
    "rotation": [
      [
        0.2866873,
        -0.2891071,
        0.913360536
      ],
      [
        0.480357677,
        0.868255138,
        0.124054283
      ],
      [
        -0.828895,
        0.403174967,
        0.387792557
      ]
    ],
    "translation": [
      2.2148633,
      0.8205807,
      -0.659736
    ]
  }
]