[
  {
    "timeStamp": 122992,
    "rotation": [
      [
        0.9988898,
        -0.0434839725,
        0.0181167331
      ],
      [
        -0.0169639345,
        0.0267350785,
        0.9994986
      ],
      [
        -0.04394652,
        -0.9986963,
        0.0259677377
      ]
    ],
    "translation": [
      1.47667646,
      0.69683826,
      -0.229656786
    ]
  },
  {
    "timeStamp": 123049,
    "rotation": [
      [
        0.9993525,
        -0.0337984636,
        0.0123385759
      ],
      [
        -0.0121709937,
        0.00515955733,
        0.9999126
      ],
      [
        -0.03385917,
        -0.999415338,
        0.00474485569
      ]
    ],
    "translation": [
      1.47676075,
      0.701323032,
      -0.229606569
    ]
  },
  {
    "timeStamp": 123092,
    "rotation": [
      [
        0.994338632,
        -0.02086155,
        0.104189575
      ],
      [
        -0.10341493,
        0.0352911539,
        0.994012
      ],
      [
        -0.02441361,
        -0.9991593,
        0.03293396
      ]
    ],
    "translation": [
      1.47008038,
      0.7170007,
      -0.243059754
    ]
  },
  {
    "timeStamp": 123147,
    "rotation": [
      [
        0.987125754,
        0.007180591,
        0.159785
      ],
      [
        -0.159885213,
        0.0167007744,
        0.9869943
      ],
      [
        0.00441866927,
        -0.9998348,
        0.0176338349
      ]
    ],
    "translation": [
      1.46744156,
      0.739761233,
      -0.265208542
    ]
  },
  {
    "timeStamp": 123192,
    "rotation": [
      [
        0.978062451,
        0.0413426347,
        0.204168543
      ],
      [
        -0.205026269,
        0.01765005,
        0.978597343
      ],
      [
        0.03685421,
        -0.998989165,
        0.0257391762
      ]
    ],
    "translation": [
      1.46880054,
      0.7550433,
      -0.297378331
    ]
  },
  {
    "timeStamp": 123247,
    "rotation": [
      [
        0.9640552,
        0.107364528,
        0.243044019
      ],
      [
        -0.248681381,
        0.0424735434,
        0.967653632
      ],
      [
        0.0935687348,
        -0.993312061,
        0.0676464
      ]
    ],
    "translation": [
      1.47434068,
      0.7665031,
      -0.3547022
    ]
  },
  {
    "timeStamp": 123291,
    "rotation": [
      [
        0.953534961,
        0.169562221,
        0.249037772
      ],
      [
        -0.263380259,
        0.06776878,
        0.9623088
      ],
      [
        0.146294251,
        -0.9831867,
        0.109279238
      ]
    ],
    "translation": [
      1.48521745,
      0.770077467,
      -0.4103382
    ]
  },
  {
    "timeStamp": 123347,
    "rotation": [
      [
        0.9384964,
        0.250572771,
        0.237566382
      ],
      [
        -0.2732003,
        0.118122473,
        0.9546773
      ],
      [
        0.211154208,
        -0.960864365,
        0.179314077
      ]
    ],
    "translation": [
      1.50475645,
      0.7689592,
      -0.488932341
    ]
  },
  {
    "timeStamp": 123392,
    "rotation": [
      [
        0.9251699,
        0.3146553,
        0.212256253
      ],
      [
        -0.27322945,
        0.16396305,
        0.9478722
      ],
      [
        0.263450831,
        -0.934937537,
        0.237666756
      ]
    ],
    "translation": [
      1.52664387,
      0.767353952,
      -0.5537313
    ]
  },
  {
    "timeStamp": 123447,
    "rotation": [
      [
        0.911944866,
        0.360630155,
        0.195710123
      ],
      [
        -0.281979948,
        0.204336479,
        0.9374081
      ],
      [
        0.2980669,
        -0.9100508,
        0.288034081
      ]
    ],
    "translation": [
      1.56036258,
      0.772639,
      -0.626303732
    ]
  },
  {
    "timeStamp": 123491,
    "rotation": [
      [
        0.9075101,
        0.364060581,
        0.209488317
      ],
      [
        -0.305472821,
        0.229735076,
        0.9240715
      ],
      [
        0.2882912,
        -0.9025972,
        0.319697529
      ]
    ],
    "translation": [
      1.59132874,
      0.781787634,
      -0.6716253
    ]
  },
  {
    "timeStamp": 123547,
    "rotation": [
      [
        0.9079288,
        0.343825281,
        0.239686117
      ],
      [
        -0.33123523,
        0.2382309,
        0.912978232
      ],
      [
        0.256804347,
        -0.9083118,
        0.330183744
      ]
    ],
    "translation": [
      1.63016915,
      0.799589157,
      -0.712611735
    ]
  },
  {
    "timeStamp": 123591,
    "rotation": [
      [
        0.912499666,
        0.31712833,
        0.25840652
      ],
      [
        -0.323425919,
        0.172502354,
        0.930397034
      ],
      [
        0.250479549,
        -0.932562351,
        0.25997588
      ]
    ],
    "translation": [
      1.66515446,
      0.818486452,
      -0.722943068
    ]
  },
  {
    "timeStamp": 123647,
    "rotation": [
      [
        0.951458752,
        0.179484472,
        0.250023276
      ],
      [
        -0.2625945,
        0.04969185,
        0.9636259
      ],
      [
        0.160531774,
        -0.982505,
        0.09441137
      ]
    ],
    "translation": [
      1.724338,
      0.8421962,
      -0.707490742
    ]
  },
  {
    "timeStamp": 123691,
    "rotation": [
      [
        0.9727588,
        0.0205146726,
        0.230909958
      ],
      [
        -0.230075732,
        -0.03650622,
        0.972487748
      ],
      [
        0.0283799246,
        -0.999122858,
        -0.03079182
      ]
    ],
    "translation": [
      1.78450346,
      0.8634094,
      -0.6846848
    ]
  },
  {
    "timeStamp": 123747,
    "rotation": [
      [
        0.9681858,
        -0.189056,
        0.163933188
      ],
      [
        -0.194596171,
        -0.156983033,
        0.968239963
      ],
      [
        -0.157316834,
        -0.9693369,
        -0.188778311
      ]
    ],
    "translation": [
      1.87021768,
      0.893750966,
      -0.6608481
    ]
  },
  {
    "timeStamp": 123791,
    "rotation": [
      [
        0.9360798,
        -0.331133544,
        0.118765309
      ],
      [
        -0.197582841,
        -0.215559378,
        0.9562924
      ],
      [
        -0.2910595,
        -0.918632,
        -0.2672071
      ]
    ],
    "translation": [
      1.9364562,
      0.915340662,
      -0.6527478
    ]
  },
  {
    "timeStamp": 123847,
    "rotation": [
      [
        0.8734712,
        -0.485693425,
        0.03391236
      ],
      [
        -0.19400005,
        -0.283312351,
        0.939200759
      ],
      [
        -0.446555823,
        -0.8269438,
        -0.3416897
      ]
    ],
    "translation": [
      2.015937,
      0.935447752,
      -0.6543663
    ]
  },
  {
    "timeStamp": 123891,
    "rotation": [
      [
        0.823758543,
        -0.5649439,
        -0.0475422181
      ],
      [
        -0.157937989,
        -0.309211642,
        0.937786639
      ],
      [
        -0.54449743,
        -0.765001,
        -0.343941838
      ]
    ],
    "translation": [
      2.07130551,
      0.937081456,
      -0.6638502
    ]
  },
  {
    "timeStamp": 123947,
    "rotation": [
      [
        0.774538,
        -0.6185439,
        -0.13226594
      ],
      [
        -0.096557565,
        -0.32227838,
        0.9417076
      ],
      [
        -0.625114,
        -0.716617048,
        -0.309341967
      ]
    ],
    "translation": [
      2.12604618,
      0.9238246,
      -0.6812291
    ]
  },
  {
    "timeStamp": 123988,
    "rotation": [
      [
        0.744652331,
        -0.6355795,
        -0.203792989
      ],
      [
        -0.02940086,
        -0.336268276,
        0.9413072
      ],
      [
        -0.6668047,
        -0.6949549,
        -0.26908952
      ]
    ],
    "translation": [
      2.156242,
      0.913385868,
      -0.693313
    ]
  },
  {
    "timeStamp": 124042,
    "rotation": [
      [
        0.6951044,
        -0.656838357,
        -0.292221367
      ],
      [
        0.07430573,
        -0.3386598,
        0.9379703
      ],
      [
        -0.715058446,
        -0.673701,
        -0.186597049
      ]
    ],
    "translation": [
      2.20000863,
      0.8931687,
      -0.7133759
    ]
  },
  {
    "timeStamp": 124097,
    "rotation": [
      [
        0.6675487,
        -0.6703907,
        -0.3239676
      ],
      [
        0.126033932,
        -0.327090383,
        0.9365508
      ],
      [
        -0.73382163,
        -0.666024148,
        -0.133856773
      ]
    ],
    "translation": [
      2.22406745,
      0.8789583,
      -0.726457
    ]
  },
  {
    "timeStamp": 124141,
    "rotation": [
      [
        0.6705922,
        -0.672934055,
        -0.3121953
      ],
      [
        0.170195729,
        -0.270056516,
        0.9476829
      ],
      [
        -0.7220385,
        -0.6886431,
        -0.0665672943
      ]
    ],
    "translation": [
      2.23245573,
      0.858652651,
      -0.736926854
    ]
  },
  {
    "timeStamp": 124197,
    "rotation": [
      [
        0.671511,
        -0.6751145,
        -0.305439651
      ],
      [
        0.191695124,
        -0.239895254,
        0.9516844
      ],
      [
        -0.7157695,
        -0.6976178,
        -0.0316761322
      ]
    ],
    "translation": [
      2.23846769,
      0.841225445,
      -0.7444678
    ]
  },
  {
    "timeStamp": 124241,
    "rotation": [
      [
        0.6943311,
        -0.660866737,
        -0.284885049
      ],
      [
        0.212413982,
        -0.190028787,
        0.9585246
      ],
      [
        -0.687593341,
        -0.726047039,
        0.008434426
      ]
    ],
    "translation": [
      2.23678875,
      0.825857043,
      -0.751819
    ]
  },
  {
    "timeStamp": 124297,
    "rotation": [
      [
        0.7005126,
        -0.662147,
        -0.266164333
      ],
      [
        0.220254853,
        -0.154156029,
        0.9631842
      ],
      [
        -0.678800344,
        -0.7333466,
        0.0378528424
      ]
    ],
    "translation": [
      2.23651934,
      0.81351167,
      -0.758831263
    ]
  },
  {
    "timeStamp": 124341,
    "rotation": [
      [
        0.7055533,
        -0.6508985,
        -0.280224264
      ],
      [
        0.252263069,
        -0.13883999,
        0.9576465
      ],
      [
        -0.662237048,
        -0.7463609,
        0.06623864
      ]
    ],
    "translation": [
      2.236373,
      0.8049646,
      -0.7643803
    ]
  },
  {
    "timeStamp": 124397,
    "rotation": [
      [
        0.696085036,
        -0.6563345,
        -0.291016519
      ],
      [
        0.2647291,
        -0.142144531,
        0.953789
      ],
      [
        -0.6673711,
        -0.7409588,
        0.0748061761
      ]
    ],
    "translation": [
      2.23756433,
      0.800688267,
      -0.7699547
    ]
  },
  {
    "timeStamp": 124442,
    "rotation": [
      [
        0.7018087,
        -0.642729938,
        -0.307185382
      ],
      [
        0.290508568,
        -0.1355056,
        0.947229147
      ],
      [
        -0.650437832,
        -0.7540136,
        0.09161955
      ]
    ],
    "translation": [
      2.23790717,
      0.796619534,
      -0.774782658
    ]
  },
  {
    "timeStamp": 124488,
    "rotation": [
      [
        0.6916204,
        -0.645478845,
        -0.3240652
      ],
      [
        0.3038627,
        -0.147002533,
        0.9413064
      ],
      [
        -0.6552318,
        -0.749498,
        0.09446699
      ]
    ],
    "translation": [
      2.240658,
      0.7947042,
      -0.778818
    ]
  },
  {
    "timeStamp": 124544,
    "rotation": [
      [
        0.664072752,
        -0.6843213,
        -0.30118385
      ],
      [
        0.252754033,
        -0.173640952,
        0.9518215
      ],
      [
        -0.7036496,
        -0.7082042,
        0.0576547347
      ]
    ],
    "translation": [
      2.24469948,
      0.7950049,
      -0.7809196
    ]
  },
  {
    "timeStamp": 124590,
    "rotation": [
      [
        0.649588048,
        -0.7057646,
        -0.282721877
      ],
      [
        0.2263484,
        -0.175476849,
        0.958109736
      ],
      [
        -0.7258111,
        -0.6863703,
        0.04576103
      ]
    ],
    "translation": [
      2.24645638,
      0.791280031,
      -0.7825479
    ]
  },
  {
    "timeStamp": 124646,
    "rotation": [
      [
        0.6305923,
        -0.7332027,
        -0.2544941
      ],
      [
        0.176936314,
        -0.183461,
        0.9669724
      ],
      [
        -0.755676448,
        -0.6547946,
        0.0140410867
      ]
    ],
    "translation": [
      2.24608326,
      0.7870822,
      -0.7809948
    ]
  },
  {
    "timeStamp": 124691,
    "rotation": [
      [
        0.604244351,
        -0.759327769,
        -0.241474956
      ],
      [
        0.148930654,
        -0.190086722,
        0.970405459
      ],
      [
        -0.782757,
        -0.622325,
        -0.00177163817
      ]
    ],
    "translation": [
      2.247902,
      0.78279537,
      -0.78063
    ]
  },
  {
    "timeStamp": 124746,
    "rotation": [
      [
        0.5679342,
        -0.795074,
        -0.212857172
      ],
      [
        0.120371476,
        -0.175599217,
        0.97707504
      ],
      [
        -0.8142245,
        -0.5805363,
        -0.0040245764
      ]
    ],
    "translation": [
      2.248186,
      0.774253666,
      -0.7812903
    ]
  },
  {
    "timeStamp": 124791,
    "rotation": [
      [
        0.5484887,
        -0.810137,
        -0.20697391
      ],
      [
        0.122322649,
        -0.167124525,
        0.9783182
      ],
      [
        -0.8271622,
        -0.5619141,
        0.00743219955
      ]
    ],
    "translation": [
      2.24816728,
      0.7674437,
      -0.7821065
    ]
  },
  {
    "timeStamp": 124846,
    "rotation": [
      [
        0.511986256,
        -0.8274329,
        -0.230705321
      ],
      [
        0.145251438,
        -0.181315333,
        0.9726391
      ],
      [
        -0.846623957,
        -0.531488061,
        0.02735487
      ]
    ],
    "translation": [
      2.25360656,
      0.761963069,
      -0.7855796
    ]
  },
  {
    "timeStamp": 124891,
    "rotation": [
      [
        0.4795688,
        -0.8482386,
        -0.224733457
      ],
      [
        0.145384908,
        -0.175760731,
        0.973638237
      ],
      [
        -0.86537683,
        -0.499599367,
        0.03903172
      ]
    ],
    "translation": [
      2.25761676,
      0.757260859,
      -0.7886525
    ]
  },
  {
    "timeStamp": 124946,
    "rotation": [
      [
        0.462504476,
        -0.863507748,
        -0.201106772
      ],
      [
        0.1400429,
        -0.1528281,
        0.9782799
      ],
      [
        -0.8754871,
        -0.4806224,
        0.0502444468
      ]
    ],
    "translation": [
      2.25777364,
      0.7504011,
      -0.790744841
    ]
  },
  {
    "timeStamp": 124991,
    "rotation": [
      [
        0.447073728,
        -0.8658057,
        -0.224734485
      ],
      [
        0.186534345,
        -0.155477256,
        0.9700679
      ],
      [
        -0.874831438,
        -0.475612581,
        0.0919927061
      ]
    ],
    "translation": [
      2.26212573,
      0.7479244,
      -0.7954727
    ]
  },
  {
    "timeStamp": 125046,
    "rotation": [
      [
        0.4417453,
        -0.8706351,
        -0.21646139
      ],
      [
        0.188820869,
        -0.145647556,
        0.9711506
      ],
      [
        -0.877044857,
        -0.469873667,
        0.100054942
      ]
    ],
    "translation": [
      2.26311851,
      0.7436612,
      -0.7961692
    ]
  },
  {
    "timeStamp": 125091,
    "rotation": [
      [
        0.446252018,
        -0.874397457,
        -0.190494582
      ],
      [
        0.149434254,
        -0.1370678,
        0.9792251
      ],
      [
        -0.882342637,
        -0.4654476,
        0.06949815
      ]
    ],
    "translation": [
      2.26102519,
      0.740061939,
      -0.792328238
    ]
  },
  {
    "timeStamp": 125146,
    "rotation": [
      [
        0.443678766,
        -0.879737437,
        -0.170912609
      ],
      [
        0.1078852,
        -0.136893272,
        0.984693348
      ],
      [
        -0.8896684,
        -0.4553265,
        0.0341740064
      ]
    ],
    "translation": [
      2.2584672,
      0.737507343,
      -0.7860352
    ]
  },
  {
    "timeStamp": 125190,
    "rotation": [
      [
        0.438450515,
        -0.8843708,
        -0.160154372
      ],
      [
        0.09578129,
        -0.131202653,
        0.9867177
      ],
      [
        -0.893637,
        -0.4479667,
        0.027180301
      ]
    ],
    "translation": [
      2.25871229,
      0.736291,
      -0.784521
    ]
  },
  {
    "timeStamp": 125246,
    "rotation": [
      [
        0.439109147,
        -0.887765944,
        -0.138039455
      ],
      [
        0.07206869,
        -0.118344121,
        0.9903539
      ],
      [
        -0.895538568,
        -0.444821775,
        0.0120141432
      ]
    ],
    "translation": [
      2.25747538,
      0.7345936,
      -0.7813485
    ]
  },
  {
    "timeStamp": 125291,
    "rotation": [
      [
        0.4349159,
        -0.889095843,
        -0.142677277
      ],
      [
        0.070409514,
        -0.124384977,
        0.989732742
      ],
      [
        -0.897714138,
        -0.440496325,
        0.008503801
      ]
    ],
    "translation": [
      2.25936341,
      0.733996749,
      -0.779714644
    ]
  },
  {
    "timeStamp": 125346,
    "rotation": [
      [
        0.428856373,
        -0.893365443,
        -0.134090632
      ],
      [
        0.057575047,
        -0.121101871,
        0.990968943
      ],
      [
        -0.901536047,
        -0.432703644,
        -0.00049975107
      ]
    ],
    "translation": [
      2.26085377,
      0.7322318,
      -0.7777341
    ]
  },
  {
    "timeStamp": 125390,
    "rotation": [
      [
        0.435465932,
        -0.8915395,
        -0.1246061
      ],
      [
        0.04292043,
        -0.11769975,
        0.9921213
      ],
      [
        -0.8991814,
        -0.437383145,
        -0.0129889715
      ]
    ],
    "translation": [
      2.26086736,
      0.730500042,
      -0.7750295
    ]
  },
  {
    "timeStamp": 125446,
    "rotation": [
      [
        0.425463736,
        -0.894552,
        -0.136957824
      ],
      [
        0.0460641757,
        -0.12973544,
        0.9904781
      ],
      [
        -0.9038024,
        -0.427721351,
        -0.0139909275
      ]
    ],
    "translation": [
      2.261332,
      0.7291703,
      -0.7731054
    ]
  },
  {
    "timeStamp": 125491,
    "rotation": [
      [
        0.433275342,
        -0.893585,
        -0.11738085
      ],
      [
        0.0212480314,
        -0.120076559,
        0.9925372
      ],
      [
        -0.9010111,
        -0.432536,
        -0.0330392867
      ]
    ],
    "translation": [
      2.26081729,
      0.7279281,
      -0.7701616
    ]
  },
  {
    "timeStamp": 125546,
    "rotation": [
      [
        0.464405,
        -0.876242638,
        -0.128556669
      ],
      [
        0.028107129,
        -0.1305037,
        0.991049349
      ],
      [
        -0.8851768,
        -0.4638616,
        -0.0359779038
      ]
    ],
    "translation": [
      2.25911236,
      0.7270982,
      -0.7653527
    ]
  },
  {
    "timeStamp": 125590,
    "rotation": [
      [
        0.462635815,
        -0.8775091,
        -0.126276642
      ],
      [
        0.0214778446,
        -0.131300732,
        0.9911099
      ],
      [
        -0.886288166,
        -0.461235076,
        -0.0418974236
      ]
    ],
    "translation": [
      2.26010227,
      0.726876736,
      -0.764209747
    ]
  },
  {
    "timeStamp": 125646,
    "rotation": [
      [
        0.468702048,
        -0.873938262,
        -0.128647879
      ],
      [
        0.0183318835,
        -0.1359809,
        0.9905418
      ],
      [
        -0.8831661,
        -0.466627359,
        -0.0477135964
      ]
    ],
    "translation": [
      2.26115966,
      0.726815164,
      -0.762209952
    ]
  },
  {
    "timeStamp": 125690,
    "rotation": [
      [
        0.460798651,
        -0.878696561,
        -0.124728128
      ],
      [
        0.0159823112,
        -0.132299423,
        0.99108094
      ],
      [
        -0.8873609,
        -0.4586822,
        -0.0469197929
      ]
    ],
    "translation": [
      2.26120329,
      0.726851761,
      -0.761804342
    ]
  },
  {
    "timeStamp": 125746,
    "rotation": [
      [
        0.451384872,
        -0.8857156,
        -0.108441532
      ],
      [
        0.00217722077,
        -0.120432809,
        0.9927191
      ],
      [
        -0.8923267,
        -0.4483345,
        -0.052433148
      ]
    ],
    "translation": [
      2.260657,
      0.72663,
      -0.760431767
    ]
  },
  {
    "timeStamp": 125790,
    "rotation": [
      [
        0.4488102,
        -0.8869928,
        -0.108688183
      ],
      [
        -0.00122216728,
        -0.122235022,
        0.9925004
      ],
      [
        -0.8936263,
        -0.4453115,
        -0.05594438
      ]
    ],
    "translation": [
      2.260761,
      0.72595,
      -0.7588402
    ]
  },
  {
    "timeStamp": 125846,
    "rotation": [
      [
        0.439727068,
        -0.890462637,
        -0.117117107
      ],
      [
        -0.00286515383,
        -0.131791,
        0.9912734
      ],
      [
        -0.8981269,
        -0.435554177,
        -0.06050338
      ]
    ],
    "translation": [
      2.26083565,
      0.725033164,
      -0.7578495
    ]
  },
  {
    "timeStamp": 125888,
    "rotation": [
      [
        0.4175902,
        -0.89968574,
        -0.127216414
      ],
      [
        -0.00735441735,
        -0.143350258,
        0.9896447
      ],
      [
        -0.9086057,
        -0.412330329,
        -0.06647833
      ]
    ],
    "translation": [
      2.26120138,
      0.724685669,
      -0.756672144
    ]
  },
  {
    "timeStamp": 125944,
    "rotation": [
      [
        0.360529721,
        -0.922966361,
        -0.134727031
      ],
      [
        -0.05268443,
        -0.164360687,
        0.9849923
      ],
      [
        -0.9312586,
        -0.348021,
        -0.107882872
      ]
    ],
    "translation": [
      2.261119,
      0.724351346,
      -0.751915753
    ]
  },
  {
    "timeStamp": 125989,
    "rotation": [
      [
        0.3571341,
        -0.9229732,
        -0.143442214
      ],
      [
        -0.008302309,
        -0.156700313,
        0.9876113
      ],
      [
        -0.9340162,
        -0.35151875,
        -0.06362583
      ]
    ],
    "translation": [
      2.26206326,
      0.723459,
      -0.7527067
    ]
  },
  {
    "timeStamp": 126044,
    "rotation": [
      [
        0.356557637,
        -0.924090147,
        -0.137564734
      ],
      [
        -0.00362306973,
        -0.148609012,
        0.9888894
      ],
      [
        -0.934266269,
        -0.35209766,
        -0.0563357249
      ]
    ],
    "translation": [
      2.26107717,
      0.7234084,
      -0.7527325
    ]
  },
  {
    "timeStamp": 126089,
    "rotation": [
      [
        0.35862577,
        -0.9232879,
        -0.1375753
      ],
      [
        -0.00593128474,
        -0.149629548,
        0.988724351
      ],
      [
        -0.93346256,
        -0.353766024,
        -0.0591372959
      ]
    ],
    "translation": [
      2.26107454,
      0.723407865,
      -0.7527291
    ]
  },
  {
    "timeStamp": 126144,
    "rotation": [
      [
        0.3699575,
        -0.918894,
        -0.136986583
      ],
      [
        -0.0185429,
        -0.154722139,
        0.987783968
      ],
      [
        -0.928863645,
        -0.362897962,
        -0.07427957
      ]
    ],
    "translation": [
      2.26109934,
      0.723412931,
      -0.752711058
    ]
  },
  {
    "timeStamp": 126188,
    "rotation": [
      [
        0.3773043,
        -0.915904343,
        -0.136969641
      ],
      [
        -0.0264143329,
        -0.158484235,
        0.9870081
      ],
      [
        -0.9257125,
        -0.3687844,
        -0.08398978
      ]
    ],
    "translation": [
      2.26114559,
      0.7234005,
      -0.7527072
    ]
  },
  {
    "timeStamp": 126244,
    "rotation": [
      [
        0.383937061,
        -0.9132276,
        -0.1364096
      ],
      [
        -0.03349625,
        -0.1614097,
        0.9863189
      ],
      [
        -0.9227515,
        -0.374115169,
        -0.09256088
      ]
    ],
    "translation": [
      2.261163,
      0.723390639,
      -0.7527035
    ]
  },
  {
    "timeStamp": 126289,
    "rotation": [
      [
        0.392487615,
        -0.9114243,
        -0.123528562
      ],
      [
        -0.04332393,
        -0.152476639,
        0.987357
      ],
      [
        -0.9187364,
        -0.382173657,
        -0.09933167
      ]
    ],
    "translation": [
      2.26096177,
      0.723133862,
      -0.752580464
    ]
  },
  {
    "timeStamp": 126345,
    "rotation": [
      [
        0.391296357,
        -0.9127184,
        -0.117610954
      ],
      [
        -0.0356724337,
        -0.1427487,
        0.9891159
      ],
      [
        -0.9195731,
        -0.382841974,
        -0.08841593
      ]
    ],
    "translation": [
      2.26072979,
      0.7232207,
      -0.7527887
    ]
  }
]