[
  {
    "timeStamp": 129388,
    "rotation": [
      [
        0.9501575,
        0.2176455,
        -0.223228768
      ],
      [
        -0.301682323,
        0.822502434,
        -0.482159168
      ],
      [
        0.07866644,
        0.5254713,
        0.8471667
      ]
    ],
    "translation": [
      1.16555262,
      0.7242091,
      -0.6605992
    ]
  },
  {
    "timeStamp": 129434,
    "rotation": [
      [
        0.9458351,
        0.243949637,
        -0.214206666
      ],
      [
        -0.321554363,
        0.794819534,
        -0.5146501
      ],
      [
        0.0447069257,
        0.5556532,
        0.8302113
      ]
    ],
    "translation": [
      1.16545916,
      0.7282594,
      -0.659232259
    ]
  },
  {
    "timeStamp": 129477,
    "rotation": [
      [
        0.945100665,
        0.254519582,
        -0.20495005
      ],
      [
        -0.3245274,
        0.80454427,
        -0.4973836
      ],
      [
        0.0382975265,
        0.536589444,
        0.8429739
      ]
    ],
    "translation": [
      1.16881943,
      0.7288245,
      -0.654538751
    ]
  },
  {
    "timeStamp": 129533,
    "rotation": [
      [
        0.933208466,
        0.290324539,
        -0.211739376
      ],
      [
        -0.358799249,
        0.7850357,
        -0.5049574
      ],
      [
        0.0196214542,
        0.5472024,
        0.8367703
      ]
    ],
    "translation": [
      1.18108,
      0.744661868,
      -0.655432761
    ]
  },
  {
    "timeStamp": 129588,
    "rotation": [
      [
        0.913125336,
        0.336943924,
        -0.229501367
      ],
      [
        -0.407657176,
        0.7604634,
        -0.505481
      ],
      [
        0.00420864252,
        0.5551254,
        0.831756
      ]
    ],
    "translation": [
      1.20216167,
      0.7684833,
      -0.6612268
    ]
  },
  {
    "timeStamp": 129633,
    "rotation": [
      [
        0.905709863,
        0.342473358,
        -0.249803215
      ],
      [
        -0.4238913,
        0.7283726,
        -0.538321137
      ],
      [
        -0.00241086562,
        0.593452156,
        0.8048657
      ]
    ],
    "translation": [
      1.22917855,
      0.784343839,
      -0.67279613
    ]
  },
  {
    "timeStamp": 129678,
    "rotation": [
      [
        0.907111466,
        0.314877659,
        -0.2792864
      ],
      [
        -0.420641243,
        0.701062858,
        -0.5758227
      ],
      [
        0.0144836325,
        0.6398148,
        0.7683927
      ]
    ],
    "translation": [
      1.26335692,
      0.7953243,
      -0.691846848
    ]
  },
  {
    "timeStamp": 129733,
    "rotation": [
      [
        0.9025008,
        0.307243854,
        -0.30181697
      ],
      [
        -0.428803027,
        0.7065022,
        -0.5630121
      ],
      [
        0.04025232,
        0.6375389,
        0.7693659
      ]
    ],
    "translation": [
      1.31342793,
      0.8094902,
      -0.7102487
    ]
  },
  {
    "timeStamp": 129778,
    "rotation": [
      [
        0.9069457,
        0.295583338,
        -0.300133139
      ],
      [
        -0.42025727,
        0.6837182,
        -0.5965847
      ],
      [
        0.0288659912,
        0.667203069,
        0.744316339
      ]
    ],
    "translation": [
      1.35881948,
      0.8161902,
      -0.7262674
    ]
  },
  {
    "timeStamp": 129833,
    "rotation": [
      [
        0.910285354,
        0.306851417,
        -0.277889967
      ],
      [
        -0.413968474,
        0.6800069,
        -0.6051617
      ],
      [
        0.003272356,
        0.665907562,
        0.7460272
      ]
    ],
    "translation": [
      1.41730976,
      0.82370013,
      -0.738614559
    ]
  },
  {
    "timeStamp": 129877,
    "rotation": [
      [
        0.916963041,
        0.321231961,
        -0.236619383
      ],
      [
        -0.397189558,
        0.6789942,
        -0.617419958
      ],
      [
        -0.0376718529,
        0.660134,
        0.750202537
      ]
    ],
    "translation": [
      1.46497715,
      0.827931464,
      -0.745256841
    ]
  },
  {
    "timeStamp": 129933,
    "rotation": [
      [
        0.914137244,
        0.37451303,
        -0.155219331
      ],
      [
        -0.38728267,
        0.6935367,
        -0.6074694
      ],
      [
        -0.1198549,
        0.615424156,
        0.7790301
      ]
    ],
    "translation": [
      1.5230031,
      0.836137354,
      -0.745150268
    ]
  },
  {
    "timeStamp": 129977,
    "rotation": [
      [
        0.8941261,
        0.441041231,
        -0.07759554
      ],
      [
        -0.3955703,
        0.6966427,
        -0.598509
      ],
      [
        -0.20991078,
        0.565837,
        0.7973493
      ]
    ],
    "translation": [
      1.56953859,
      0.8471132,
      -0.73874265
    ]
  },
  {
    "timeStamp": 130033,
    "rotation": [
      [
        0.848046362,
        0.5278726,
        0.0465604365
      ],
      [
        -0.415662766,
        0.7171211,
        -0.5594298
      ],
      [
        -0.328697145,
        0.455068976,
        0.827568948
      ]
    ],
    "translation": [
      1.6306926,
      0.8657438,
      -0.7255479
    ]
  },
  {
    "timeStamp": 130088,
    "rotation": [
      [
        0.7795568,
        0.598046958,
        0.186093867
      ],
      [
        -0.446369052,
        0.7389065,
        -0.5047493
      ],
      [
        -0.439369738,
        0.310414225,
        0.8429693
      ]
    ],
    "translation": [
      1.69715881,
      0.8876065,
      -0.708736241
    ]
  },
  {
    "timeStamp": 130133,
    "rotation": [
      [
        0.7086309,
        0.63358146,
        0.310510576
      ],
      [
        -0.4762854,
        0.754221439,
        -0.451998025
      ],
      [
        -0.5205713,
        0.172408119,
        0.8362302
      ]
    ],
    "translation": [
      1.75445926,
      0.9066814,
      -0.697863758
    ]
  },
  {
    "timeStamp": 130177,
    "rotation": [
      [
        0.625192344,
        0.6484627,
        0.434316337
      ],
      [
        -0.504714,
        0.760378,
        -0.408765256
      ],
      [
        -0.5953136,
        0.0363513567,
        0.8026707
      ]
    ],
    "translation": [
      1.8155818,
      0.9245039,
      -0.688600063
    ]
  },
  {
    "timeStamp": 130233,
    "rotation": [
      [
        0.5225404,
        0.6255709,
        0.579320848
      ],
      [
        -0.5336548,
        0.76988095,
        -0.3499941
      ],
      [
        -0.6649542,
        -0.126271322,
        0.7361328
      ]
    ],
    "translation": [
      1.891699,
      0.943250239,
      -0.685520768
    ]
  },
  {
    "timeStamp": 130288,
    "rotation": [
      [
        0.426091164,
        0.5704741,
        0.7021436
      ],
      [
        -0.5626185,
        0.77487576,
        -0.28814584
      ],
      [
        -0.7084538,
        -0.272262573,
        0.6511269
      ]
    ],
    "translation": [
      1.96689689,
      0.958785057,
      -0.689635336
    ]
  },
  {
    "timeStamp": 130333,
    "rotation": [
      [
        0.360922754,
        0.5223648,
        0.7725735
      ],
      [
        -0.569381952,
        0.7795192,
        -0.261063159
      ],
      [
        -0.7386061,
        -0.345665783,
        0.5787713
      ]
    ],
    "translation": [
      2.01873446,
      0.9629679,
      -0.697517335
    ]
  },
  {
    "timeStamp": 130379,
    "rotation": [
      [
        0.3190022,
        0.4627731,
        0.827090442
      ],
      [
        -0.548510849,
        0.8018279,
        -0.23708196
      ],
      [
        -0.7728993,
        -0.3780384,
        0.509620965
      ]
    ],
    "translation": [
      2.066079,
      0.957581162,
      -0.706428349
    ]
  },
  {
    "timeStamp": 130428,
    "rotation": [
      [
        0.266425967,
        0.403913677,
        0.875140548
      ],
      [
        -0.529256463,
        0.820136666,
        -0.217401385
      ],
      [
        -0.8055463,
        -0.405252427,
        0.432279646
      ]
    ],
    "translation": [
      2.11834526,
      0.945510268,
      -0.7174262
    ]
  },
  {
    "timeStamp": 130483,
    "rotation": [
      [
        0.247565269,
        0.364161283,
        0.897829652
      ],
      [
        -0.4494884,
        0.864084959,
        -0.226533562
      ],
      [
        -0.8582958,
        -0.347482175,
        0.37760368
      ]
    ],
    "translation": [
      2.157547,
      0.919069767,
      -0.7236321
    ]
  },
  {
    "timeStamp": 130528,
    "rotation": [
      [
        0.2453833,
        0.343337566,
        0.9065905
      ],
      [
        -0.412236959,
        0.8833725,
        -0.222966
      ],
      [
        -0.8774097,
        -0.319017977,
        0.358301252
      ]
    ],
    "translation": [
      2.18089676,
      0.899242759,
      -0.726350248
    ]
  },
  {
    "timeStamp": 130583,
    "rotation": [
      [
        0.253055751,
        0.3174864,
        0.913873732
      ],
      [
        -0.364537418,
        0.9062867,
        -0.213908553
      ],
      [
        -0.8961447,
        -0.2790104,
        0.34507674
      ]
    ],
    "translation": [
      2.20212531,
      0.8757583,
      -0.7259102
    ]
  },
  {
    "timeStamp": 130627,
    "rotation": [
      [
        0.250558048,
        0.3304682,
        0.9099513
      ],
      [
        -0.346065134,
        0.908402145,
        -0.234615445
      ],
      [
        -0.9041347,
        -0.256117642,
        0.341971
      ]
    ],
    "translation": [
      2.212156,
      0.8597933,
      -0.7242669
    ]
  },
  {
    "timeStamp": 130683,
    "rotation": [
      [
        0.263262719,
        0.346510857,
        0.900346041
      ],
      [
        -0.329518437,
        0.9094368,
        -0.253657818
      ],
      [
        -0.906703,
        -0.229901984,
        0.353602529
      ]
    ],
    "translation": [
      2.21754,
      0.8437561,
      -0.7205371
    ]
  },
  {
    "timeStamp": 130728,
    "rotation": [
      [
        0.274944544,
        0.350101858,
        0.895451963
      ],
      [
        -0.316671968,
        0.9123543,
        -0.259477556
      ],
      [
        -0.907812953,
        -0.212222576,
        0.361714244
      ]
    ],
    "translation": [
      2.219363,
      0.8337889,
      -0.7170262
    ]
  },
  {
    "timeStamp": 130783,
    "rotation": [
      [
        0.285835862,
        0.364018232,
        0.886447132
      ],
      [
        -0.305911183,
        0.911302447,
        -0.2755836
      ],
      [
        -0.9081389,
        -0.192402408,
        0.371840149
      ]
    ],
    "translation": [
      2.21898556,
      0.823159,
      -0.7125869
    ]
  },
  {
    "timeStamp": 130828,
    "rotation": [
      [
        0.301118821,
        0.368025959,
        0.8797069
      ],
      [
        -0.296898216,
        0.9128539,
        -0.280266374
      ],
      [
        -0.9061892,
        -0.176789939,
        0.38414374
      ]
    ],
    "translation": [
      2.21723461,
      0.8178333,
      -0.7099923
    ]
  },
  {
    "timeStamp": 130886,
    "rotation": [
      [
        0.316105783,
        0.3559928,
        0.8794011
      ],
      [
        -0.272117436,
        0.922004938,
        -0.2754252
      ],
      [
        -0.9088615,
        -0.152236864,
        0.38832292
      ]
    ],
    "translation": [
      2.215735,
      0.8113821,
      -0.7086034
    ]
  },
  {
    "timeStamp": 130931,
    "rotation": [
      [
        0.302206039,
        0.352872282,
        0.885524
      ],
      [
        -0.264348328,
        0.9235485,
        -0.27780956
      ],
      [
        -0.9158556,
        -0.150131047,
        0.372383147
      ]
    ],
    "translation": [
      2.21671343,
      0.809766233,
      -0.7090764
    ]
  }
]