[
  {
    "timeStamp": 76336,
    "rotation": [
      [
        1.0,
        -2.91656233E-05,
        3.4779658E-13
      ],
      [
        0.0,
        1.19248806E-08,
        1.0
      ],
      [
        -2.91656233E-05,
        -1.0,
        1.19248806E-08
      ]
    ],
    "translation": [
      1.77001679,
      0.702112854,
      -0.7500052
    ]
  },
  {
    "timeStamp": 76380,
    "rotation": [
      [
        0.999957,
        0.00705788564,
        0.006004827
      ],
      [
        -0.00597512675,
        -0.004221679,
        0.999973238
      ],
      [
        0.00708304672,
        -0.999966145,
        -0.00417932635
      ]
    ],
    "translation": [
      1.771221,
      0.7030129,
      -0.749906659
    ]
  },
  {
    "timeStamp": 76430,
    "rotation": [
      [
        0.9997913,
        0.0204279236,
        5.51493868E-05
      ],
      [
        -0.000660463236,
        0.0296261255,
        0.999560833
      ],
      [
        0.0204173177,
        -0.9993523,
        0.0296334364
      ]
    ],
    "translation": [
      1.77376747,
      0.704877138,
      -0.757478356
    ]
  },
  {
    "timeStamp": 76486,
    "rotation": [
      [
        0.9970694,
        0.03288512,
        0.0690740645
      ],
      [
        -0.069445014,
        0.0102736456,
        0.9975329
      ],
      [
        0.0320943557,
        -0.999406338,
        0.012527246
      ]
    ],
    "translation": [
      1.76863348,
      0.732933164,
      -0.7652895
    ]
  },
  {
    "timeStamp": 76530,
    "rotation": [
      [
        0.990265131,
        0.05653173,
        0.127197549
      ],
      [
        -0.127675146,
        0.004903392,
        0.991803944
      ],
      [
        0.0554446951,
        -0.998388767,
        0.0120733548
      ]
    ],
    "translation": [
      1.76527262,
      0.7620474,
      -0.7788791
    ]
  },
  {
    "timeStamp": 76586,
    "rotation": [
      [
        0.9763704,
        0.104964726,
        0.188900441
      ],
      [
        -0.189920649,
        -0.00028064716,
        0.9817994
      ],
      [
        0.103107326,
        -0.9944759,
        0.0196609534
      ]
    ],
    "translation": [
      1.7660346,
      0.8016424,
      -0.8023048
    ]
  },
  {
    "timeStamp": 76630,
    "rotation": [
      [
        0.9634841,
        0.114831083,
        0.241892964
      ],
      [
        -0.237154022,
        -0.05348477,
        0.969998658
      ],
      [
        0.124323577,
        -0.991944134,
        -0.024299074
      ]
    ],
    "translation": [
      1.77707064,
      0.8423531,
      -0.8103211
    ]
  },
  {
    "timeStamp": 76686,
    "rotation": [
      [
        0.950245857,
        0.0713218749,
        0.303226
      ],
      [
        -0.29735446,
        -0.08233097,
        0.9512108
      ],
      [
        0.09280702,
        -0.994049668,
        -0.0570267923
      ]
    ],
    "translation": [
      1.80869544,
      0.8902892,
      -0.810478
    ]
  },
  {
    "timeStamp": 76730,
    "rotation": [
      [
        0.9501072,
        0.01694539,
        0.311462849
      ],
      [
        -0.306741446,
        -0.1304964,
        0.9428045
      ],
      [
        0.0566209778,
        -0.991304,
        -0.118787713
      ]
    ],
    "translation": [
      1.84806561,
      0.9250307,
      -0.7998623
    ]
  },
  {
    "timeStamp": 76786,
    "rotation": [
      [
        0.9596843,
        -0.0718273148,
        0.2717479
      ],
      [
        -0.2809006,
        -0.210525274,
        0.9363621
      ],
      [
        -0.0100465752,
        -0.974946141,
        -0.222214133
      ]
    ],
    "translation": [
      1.91307676,
      0.9612487,
      -0.777063847
    ]
  },
  {
    "timeStamp": 76830,
    "rotation": [
      [
        0.9571396,
        -0.1668171,
        0.2367611
      ],
      [
        -0.271298677,
        -0.230215043,
        0.9345577
      ],
      [
        -0.101394221,
        -0.958735168,
        -0.2656052
      ]
    ],
    "translation": [
      1.972829,
      0.9805665,
      -0.757481456
    ]
  },
  {
    "timeStamp": 76887,
    "rotation": [
      [
        0.9541274,
        -0.2554641,
        0.156138
      ],
      [
        -0.225033849,
        -0.2679116,
        0.9367941
      ],
      [
        -0.1974861,
        -0.9289572,
        -0.313109875
      ]
    ],
    "translation": [
      2.0467658,
      0.9912287,
      -0.7356295
    ]
  },
  {
    "timeStamp": 76933,
    "rotation": [
      [
        0.954585254,
        -0.285450429,
        0.08535208
      ],
      [
        -0.166550443,
        -0.273723245,
        0.9472785
      ],
      [
        -0.2470382,
        -0.918473542,
        -0.308834076
      ]
    ],
    "translation": [
      2.0962708,
      0.98459965,
      -0.723076761
    ]
  },
  {
    "timeStamp": 76979,
    "rotation": [
      [
        0.9504121,
        -0.305584,
        0.0577529
      ],
      [
        -0.140976965,
        -0.257810622,
        0.9558552
      ],
      [
        -0.277204752,
        -0.916598141,
        -0.28810662
      ]
    ],
    "translation": [
      2.13332748,
      0.967283845,
      -0.7130649
    ]
  },
  {
    "timeStamp": 77028,
    "rotation": [
      [
        0.9583902,
        -0.285461068,
        -0.0006102303
      ],
      [
        -0.07352576,
        -0.248915479,
        0.9657303
      ],
      [
        -0.2758303,
        -0.9255015,
        -0.259546876
      ]
    ],
    "translation": [
      2.15918326,
      0.9406315,
      -0.702981055
    ]
  },
  {
    "timeStamp": 77085,
    "rotation": [
      [
        0.970500648,
        -0.235780224,
        -0.0503590219
      ],
      [
        -0.00288825226,
        -0.220228225,
        0.9754441
      ],
      [
        -0.24108091,
        -0.946523666,
        -0.214412645
      ]
    ],
    "translation": [
      2.18327928,
      0.8988676,
      -0.69054544
    ]
  },
  {
    "timeStamp": 77130,
    "rotation": [
      [
        0.9797297,
        -0.1912364,
        -0.05965237
      ],
      [
        0.01929481,
        -0.2063101,
        0.9782964
      ],
      [
        -0.199392781,
        -0.959617,
        -0.198438257
      ]
    ],
    "translation": [
      2.18986273,
      0.8733206,
      -0.682827234
    ]
  },
  {
    "timeStamp": 77186,
    "rotation": [
      [
        0.990949333,
        -0.121285193,
        -0.0575267673
      ],
      [
        0.0347889476,
        -0.181867987,
        0.9827074
      ],
      [
        -0.129650116,
        -0.9758145,
        -0.176002592
      ]
    ],
    "translation": [
      2.190822,
      0.843130469,
      -0.6739917
    ]
  },
  {
    "timeStamp": 77230,
    "rotation": [
      [
        0.9962796,
        -0.0702097639,
        -0.0499753766
      ],
      [
        0.0365312658,
        -0.181159884,
        0.9827749
      ],
      [
        -0.07805394,
        -0.9809443,
        -0.177921042
      ]
    ],
    "translation": [
      2.19004536,
      0.825309455,
      -0.6656053
    ]
  },
  {
    "timeStamp": 77285,
    "rotation": [
      [
        0.9964435,
        -0.0253790841,
        -0.08035064
      ],
      [
        0.07469198,
        -0.175378785,
        0.9816636
      ],
      [
        -0.039005518,
        -0.984173834,
        -0.172859445
      ]
    ],
    "translation": [
      2.19694638,
      0.803563952,
      -0.655870855
    ]
  },
  {
    "timeStamp": 77329,
    "rotation": [
      [
        0.9951195,
        -0.0242659971,
        -0.0956467241
      ],
      [
        0.0899275839,
        -0.176011756,
        0.9802719
      ],
      [
        -0.0406221971,
        -0.984088957,
        -0.172970548
      ]
    ],
    "translation": [
      2.20380664,
      0.79133606,
      -0.6462385
    ]
  },
  {
    "timeStamp": 77385,
    "rotation": [
      [
        0.994527757,
        -0.0174475852,
        -0.103005461
      ],
      [
        0.09981267,
        -0.132500023,
        0.9861446
      ],
      [
        -0.030854065,
        -0.9910294,
        -0.130033463
      ]
    ],
    "translation": [
      2.21085286,
      0.773701549,
      -0.6434473
    ]
  },
  {
    "timeStamp": 77430,
    "rotation": [
      [
        0.9963709,
        -0.0185908414,
        -0.0830629542
      ],
      [
        0.0799735859,
        -0.1296467,
        0.9883299
      ],
      [
        -0.0291427188,
        -0.991386,
        -0.127689421
      ]
    ],
    "translation": [
      2.211641,
      0.7679623,
      -0.639989853
    ]
  },
  {
    "timeStamp": 77487,
    "rotation": [
      [
        0.99678123,
        -0.03346424,
        -0.07285158
      ],
      [
        0.06876105,
        -0.110366233,
        0.991509557
      ],
      [
        -0.041220475,
        -0.993327439,
        -0.107709952
      ]
    ],
    "translation": [
      2.21565676,
      0.75988,
      -0.6376569
    ]
  },
  {
    "timeStamp": 77532,
    "rotation": [
      [
        0.9975406,
        -0.0509496853,
        -0.0481340177
      ],
      [
        0.04277842,
        -0.101438023,
        0.9939217
      ],
      [
        -0.0555226132,
        -0.993536353,
        -0.099009
      ]
    ],
    "translation": [
      2.2164495,
      0.756794035,
      -0.635692537
    ]
  },
  {
    "timeStamp": 77578,
    "rotation": [
      [
        0.997755766,
        -0.0531548522,
        -0.04071813
      ],
      [
        0.0356701128,
        -0.0926869661,
        0.995056152
      ],
      [
        -0.05666611,
        -0.994275451,
        -0.0905829147
      ]
    ],
    "translation": [
      2.21667624,
      0.7529556,
      -0.635199666
    ]
  },
  {
    "timeStamp": 77634,
    "rotation": [
      [
        0.9976895,
        -0.05472204,
        -0.04026479
      ],
      [
        0.03598231,
        -0.07710934,
        0.9963731
      ],
      [
        -0.05762838,
        -0.9955198,
        -0.07496215
      ]
    ],
    "translation": [
      2.21814942,
      0.747506,
      -0.6346732
    ]
  },
  {
    "timeStamp": 77680,
    "rotation": [
      [
        0.9980463,
        -0.0519949831,
        -0.03464335
      ],
      [
        0.03083235,
        -0.07238845,
        0.996899843
      ],
      [
        -0.0543415621,
        -0.9960203,
        -0.0706438944
      ]
    ],
    "translation": [
      2.21785617,
      0.74483484,
      -0.6338184
    ]
  },
  {
    "timeStamp": 77735,
    "rotation": [
      [
        0.9983693,
        -0.0459070429,
        -0.03393086
      ],
      [
        0.0308307,
        -0.06663172,
        0.9973012
      ],
      [
        -0.048044,
        -0.996721,
        -0.06510772
      ]
    ],
    "translation": [
      2.21744442,
      0.7421461,
      -0.6323374
    ]
  },
  {
    "timeStamp": 77779,
    "rotation": [
      [
        0.9986226,
        -0.04206309,
        -0.03136323
      ],
      [
        0.0290111564,
        -0.0554080345,
        0.9980422
      ],
      [
        -0.0437185243,
        -0.9975774,
        -0.0541114137
      ]
    ],
    "translation": [
      2.2178688,
      0.7395003,
      -0.6320984
    ]
  },
  {
    "timeStamp": 77834,
    "rotation": [
      [
        0.998676956,
        -0.04518602,
        -0.0245480035
      ],
      [
        0.0222654976,
        -0.0503418334,
        0.998483837
      ],
      [
        -0.04635329,
        -0.997709334,
        -0.04926914
      ]
    ],
    "translation": [
      2.218179,
      0.73834306,
      -0.6300709
    ]
  },
  {
    "timeStamp": 77879,
    "rotation": [
      [
        0.9987187,
        -0.0443869,
        -0.0243068561
      ],
      [
        0.022300303,
        -0.04515483,
        0.9987311
      ],
      [
        -0.04542814,
        -0.9979934,
        -0.0441071242
      ]
    ],
    "translation": [
      2.21890283,
      0.737245858,
      -0.6289543
    ]
  },
  {
    "timeStamp": 77935,
    "rotation": [
      [
        0.9984389,
        -0.052546408,
        -0.0189387947
      ],
      [
        0.01662698,
        -0.04408929,
        0.9988892
      ],
      [
        -0.0533230454,
        -0.9976447,
        -0.0431467779
      ]
    ],
    "translation": [
      2.219791,
      0.7376547,
      -0.6264969
    ]
  },
  {
    "timeStamp": 77979,
    "rotation": [
      [
        0.997966647,
        -0.0610199533,
        -0.0184151083
      ],
      [
        0.01585874,
        -0.0421166681,
        0.99898684
      ],
      [
        -0.0617337041,
        -0.9972476,
        -0.04106333
      ]
    ],
    "translation": [
      2.221294,
      0.737628341,
      -0.6246415
    ]
  },
  {
    "timeStamp": 78034,
    "rotation": [
      [
        0.9966907,
        -0.0798459947,
        -0.0152435638
      ],
      [
        0.012103782,
        -0.0396604426,
        0.9991399
      ],
      [
        -0.0803818852,
        -0.996017933,
        -0.0385627523
      ]
    ],
    "translation": [
      2.22376347,
      0.7375894,
      -0.623053133
    ]
  },
  {
    "timeStamp": 78081,
    "rotation": [
      [
        0.995379865,
        -0.09547637,
        -0.0101552466
      ],
      [
        0.0069383597,
        -0.0339648351,
        0.999398947
      ],
      [
        -0.0957639,
        -0.994852066,
        -0.03314546
      ]
    ],
    "translation": [
      2.22437739,
      0.738200843,
      -0.6229633
    ]
  },
  {
    "timeStamp": 78134,
    "rotation": [
      [
        0.9921951,
        -0.122234255,
        -0.0246503744
      ],
      [
        0.0196768977,
        -0.04172973,
        0.998935163
      ],
      [
        -0.123132743,
        -0.99162364,
        -0.038998846
      ]
    ],
    "translation": [
      2.2269032,
      0.739421248,
      -0.622343
    ]
  },
  {
    "timeStamp": 78179,
    "rotation": [
      [
        0.9871823,
        -0.158113956,
        -0.0217050835
      ],
      [
        0.0165219288,
        -0.0340222828,
        0.9992845
      ],
      [
        -0.158739269,
        -0.9868346,
        -0.030973848
      ]
    ],
    "translation": [
      2.227861,
      0.739917,
      -0.623421133
    ]
  },
  {
    "timeStamp": 78234,
    "rotation": [
      [
        0.9751499,
        -0.22154592,
        -0.00021899525
      ],
      [
        -0.00716746971,
        -0.03253606,
        0.999444842
      ],
      [
        -0.221430048,
        -0.97460705,
        -0.03331546
      ]
    ],
    "translation": [
      2.226126,
      0.744287968,
      -0.62412405
    ]
  },
  {
    "timeStamp": 78279,
    "rotation": [
      [
        0.965204656,
        -0.2600549,
        -0.0274117514
      ],
      [
        0.0133048836,
        -0.0558520444,
        0.9983504
      ],
      [
        -0.261156917,
        -0.963977158,
        -0.0504486524
      ]
    ],
    "translation": [
      2.22580314,
      0.7460704,
      -0.6247032
    ]
  },
  {
    "timeStamp": 78334,
    "rotation": [
      [
        0.934504569,
        -0.355841249,
        -0.00884661451
      ],
      [
        -0.00856202748,
        -0.04731783,
        0.9988432
      ],
      [
        -0.3558482,
        -0.933347762,
        -0.0472654477
      ]
    ],
    "translation": [
      2.229304,
      0.7466027,
      -0.623361945
    ]
  },
  {
    "timeStamp": 78379,
    "rotation": [
      [
        0.9055458,
        -0.424239069,
        0.002825083
      ],
      [
        -0.0230617244,
        -0.0425742939,
        0.9988271
      ],
      [
        -0.423621178,
        -0.9045488,
        -0.0483366549
      ]
    ],
    "translation": [
      2.23163128,
      0.7462855,
      -0.6227534
    ]
  },
  {
    "timeStamp": 78434,
    "rotation": [
      [
        0.8923986,
        -0.4512433,
        0.002050948
      ],
      [
        -0.02049401,
        -0.03598865,
        0.999142051
      ],
      [
        -0.450782359,
        -0.891675,
        -0.04136401
      ]
    ],
    "translation": [
      2.22903633,
      0.7430334,
      -0.626085341
    ]
  },
  {
    "timeStamp": 78479,
    "rotation": [
      [
        0.871823549,
        -0.489709884,
        -0.0103936046
      ],
      [
        -0.018164007,
        -0.053527195,
        0.998401165
      ],
      [
        -0.489483267,
        -0.8702408,
        -0.05556136
      ]
    ],
    "translation": [
      2.2323947,
      0.7423657,
      -0.6265367
    ]
  },
  {
    "timeStamp": 78534,
    "rotation": [
      [
        0.851276636,
        -0.5246731,
        0.0067989286
      ],
      [
        -0.0293777939,
        -0.0347201638,
        0.9989652
      ],
      [
        -0.523894131,
        -0.8505955,
        -0.0449702032
      ]
    ],
    "translation": [
      2.2334826,
      0.73961395,
      -0.629578
    ]
  },
  {
    "timeStamp": 78579,
    "rotation": [
      [
        0.8435995,
        -0.5369395,
        -0.005988408
      ],
      [
        -0.0206386559,
        -0.0435658135,
        0.998837352
      ],
      [
        -0.5365761,
        -0.8424951,
        -0.0478338078
      ]
    ],
    "translation": [
      2.23563957,
      0.7385492,
      -0.631325245
    ]
  },
  {
    "timeStamp": 78634,
    "rotation": [
      [
        0.8344568,
        -0.551048338,
        -0.00525173033
      ],
      [
        -0.023861222,
        -0.04565102,
        0.9986724
      ],
      [
        -0.55055654,
        -0.8332237,
        -0.0512424856
      ]
    ],
    "translation": [
      2.237321,
      0.7380185,
      -0.6323005
    ]
  },
  {
    "timeStamp": 78678,
    "rotation": [
      [
        0.82650286,
        -0.5628822,
        -0.00752706733
      ],
      [
        -0.0198925789,
        -0.0425666831,
        0.9988956
      ],
      [
        -0.562580943,
        -0.825440347,
        -0.0463786647
      ]
    ],
    "translation": [
      2.23908329,
      0.73627615,
      -0.6327427
    ]
  },
  {
    "timeStamp": 78734,
    "rotation": [
      [
        0.818993449,
        -0.57374984,
        0.00780092459
      ],
      [
        -0.0263686553,
        -0.02405195,
        0.9993629
      ],
      [
        -0.57319665,
        -0.818677366,
        -0.0348274037
      ]
    ],
    "translation": [
      2.238682,
      0.7345806,
      -0.6333034
    ]
  },
  {
    "timeStamp": 78778,
    "rotation": [
      [
        0.8188764,
        -0.5739491,
        0.004888067
      ],
      [
        -0.0240011849,
        -0.0257321857,
        0.9993807
      ],
      [
        -0.573467851,
        -0.8184866,
        -0.0348469354
      ]
    ],
    "translation": [
      2.23858714,
      0.7352648,
      -0.631934643
    ]
  },
  {
    "timeStamp": 78834,
    "rotation": [
      [
        0.8179362,
        -0.5752795,
        0.00583206629
      ],
      [
        -0.0221217275,
        -0.02131981,
        0.999527931
      ],
      [
        -0.5748835,
        -0.817679048,
        -0.0301644187
      ]
    ],
    "translation": [
      2.23847675,
      0.7351053,
      -0.63096714
    ]
  },
  {
    "timeStamp": 78879,
    "rotation": [
      [
        0.8198157,
        -0.5726095,
        0.00453969231
      ],
      [
        -0.0231394414,
        -0.0252057351,
        0.999414444
      ],
      [
        -0.572159767,
        -0.8194407,
        -0.03391392
      ]
    ],
    "translation": [
      2.23779368,
      0.735950232,
      -0.629148364
    ]
  },
  {
    "timeStamp": 78934,
    "rotation": [
      [
        0.824199557,
        -0.566298842,
        -0.0008106966
      ],
      [
        -0.0232679117,
        -0.0352947451,
        0.99910605
      ],
      [
        -0.56582123,
        -0.8234439,
        -0.0422665067
      ]
    ],
    "translation": [
      2.23746681,
      0.7376857,
      -0.6265168
    ]
  },
  {
    "timeStamp": 78978,
    "rotation": [
      [
        0.8216717,
        -0.569908559,
        0.007733881
      ],
      [
        -0.0278973468,
        -0.0266610142,
        0.9992552
      ],
      [
        -0.5692779,
        -0.821275532,
        -0.03780554
      ]
    ],
    "translation": [
      2.23697925,
      0.737121046,
      -0.62595135
    ]
  },
  {
    "timeStamp": 79034,
    "rotation": [
      [
        0.8226793,
        -0.568492532,
        0.00387784443
      ],
      [
        -0.0245437454,
        -0.0287014376,
        0.999286652
      ],
      [
        -0.5679757,
        -0.8221876,
        -0.03756501
      ]
    ],
    "translation": [
      2.23758245,
      0.737341464,
      -0.6242692
    ]
  },
  {
    "timeStamp": 79079,
    "rotation": [
      [
        0.821365952,
        -0.5703818,
        0.00476358272
      ],
      [
        -0.0204915274,
        -0.0211604349,
        0.9995661
      ],
      [
        -0.5700335,
        -0.821107149,
        -0.0290684532
      ]
    ],
    "translation": [
      2.23790073,
      0.735413253,
      -0.6246172
    ]
  },
  {
    "timeStamp": 79132,
    "rotation": [
      [
        0.822216749,
        -0.56914717,
        0.00558024552
      ],
      [
        -0.02259087,
        -0.02283632,
        0.999483943
      ],
      [
        -0.568726,
        -0.8219185,
        -0.0316339359
      ]
    ],
    "translation": [
      2.23784542,
      0.735726535,
      -0.6226843
    ]
  },
  {
    "timeStamp": 79188,
    "rotation": [
      [
        0.8239396,
        -0.5666701,
        0.002902203
      ],
      [
        -0.0185030177,
        -0.0217840169,
        0.99959147
      ],
      [
        -0.5663754,
        -0.8236567,
        -0.028433824
      ]
    ],
    "translation": [
      2.23775721,
      0.734606445,
      -0.6220437
    ]
  },
  {
    "timeStamp": 79232,
    "rotation": [
      [
        0.8230926,
        -0.567887,
        0.004791428
      ],
      [
        -0.0198512338,
        -0.0203383956,
        0.999596059
      ],
      [
        -0.567560136,
        -0.822855234,
        -0.028013641
      ]
    ],
    "translation": [
      2.2377193,
      0.734050333,
      -0.6216833
    ]
  },
  {
    "timeStamp": 79288,
    "rotation": [
      [
        0.8228698,
        -0.5682226,
        0.00288245664
      ],
      [
        -0.0161793474,
        -0.0183588322,
        0.999700546
      ],
      [
        -0.567999542,
        -0.822670043,
        -0.024300402
      ]
    ],
    "translation": [
      2.23803949,
      0.7328228,
      -0.6214564
    ]
  },
  {
    "timeStamp": 79333,
    "rotation": [
      [
        0.8228257,
        -0.5682939,
        7.30673637E-05
      ],
      [
        -0.012178598,
        -0.0175046958,
        0.9997726
      ],
      [
        -0.5681634,
        -0.822639465,
        -0.0213243365
      ]
    ],
    "translation": [
      2.23864,
      0.731883168,
      -0.6214454
    ]
  },
  {
    "timeStamp": 79388,
    "rotation": [
      [
        0.8224963,
        -0.568757057,
        -0.003910598
      ],
      [
        -0.00706248265,
        -0.01708778,
        0.999829054
      ],
      [
        -0.568726659,
        -0.8223281,
        -0.0180714726
      ]
    ],
    "translation": [
      2.239434,
      0.73077625,
      -0.621449053
    ]
  },
  {
    "timeStamp": 79432,
    "rotation": [
      [
        0.821972251,
        -0.569526851,
        -0.000909127062
      ],
      [
        -0.008927935,
        -0.0144813368,
        0.9998553
      ],
      [
        -0.5694576,
        -0.8218452,
        -0.0169879552
      ]
    ],
    "translation": [
      2.23929048,
      0.7303948,
      -0.6214077
    ]
  },
  {
    "timeStamp": 79488,
    "rotation": [
      [
        0.825670063,
        -0.5641104,
        -0.0069590034
      ],
      [
        -0.0052481913,
        -0.02001521,
        0.9997859
      ],
      [
        -0.5641289,
        -0.825456738,
        -0.01948652
      ]
    ],
    "translation": [
      2.239362,
      0.730507433,
      -0.620860159
    ]
  },
  {
    "timeStamp": 79533,
    "rotation": [
      [
        0.8252335,
        -0.564652443,
        -0.0125405164
      ],
      [
        -0.0006030782,
        -0.0230847374,
        0.9997333
      ],
      [
        -0.5647913,
        -0.8250059,
        -0.019390827
      ]
    ],
    "translation": [
      2.24007678,
      0.730447352,
      -0.6205358
    ]
  }
]