[
  {
    "timeStamp": 161107,
    "rotation": [
      [
        0.999875069,
        0.0129499612,
        -0.0090621775
      ],
      [
        -0.0128774745,
        0.999885,
        0.008012034
      ],
      [
        0.00916489,
        -0.007894335,
        0.999926865
      ]
    ],
    "translation": [
      1.61631131,
      0.8494211,
      -0.3628093
    ]
  },
  {
    "timeStamp": 161153,
    "rotation": [
      [
        0.999845266,
        0.0172797944,
        -0.0032946365
      ],
      [
        -0.0172502715,
        0.999812543,
        0.008787821
      ],
      [
        0.00344587071,
        -0.008729627,
        0.999955952
      ]
    ],
    "translation": [
      1.61679518,
      0.8517382,
      -0.362848938
    ]
  },
  {
    "timeStamp": 161207,
    "rotation": [
      [
        0.9992779,
        0.03259681,
        -0.019523697
      ],
      [
        -0.028515026,
        0.9829489,
        0.181654334
      ],
      [
        0.02511215,
        -0.180966437,
        0.9831686
      ]
    ],
    "translation": [
      1.61479235,
      0.850470662,
      -0.378888935
    ]
  },
  {
    "timeStamp": 161252,
    "rotation": [
      [
        0.994371057,
        0.102504484,
        -0.0268152636
      ],
      [
        -0.09391459,
        0.9698601,
        0.224836722
      ],
      [
        0.0490538254,
        -0.221052781,
        0.974027455
      ]
    ],
    "translation": [
      1.61727476,
      0.8703539,
      -0.396572262
    ]
  },
  {
    "timeStamp": 161307,
    "rotation": [
      [
        0.9820403,
        0.180002466,
        -0.0565325171
      ],
      [
        -0.161256626,
        0.9563308,
        0.243778035
      ],
      [
        0.09794443,
        -0.2302836,
        0.968181968
      ]
    ],
    "translation": [
      1.6206044,
      0.895072,
      -0.4290084
    ]
  },
  {
    "timeStamp": 161352,
    "rotation": [
      [
        0.961124,
        0.246829212,
        -0.123758018
      ],
      [
        -0.219710752,
        0.9551269,
        0.198645145
      ],
      [
        0.16723603,
        -0.16373165,
        0.9722263
      ]
    ],
    "translation": [
      1.62569356,
      0.9091161,
      -0.46253112
    ]
  },
  {
    "timeStamp": 161407,
    "rotation": [
      [
        0.929369867,
        0.282876432,
        -0.237176344
      ],
      [
        -0.249191925,
        0.9547616,
        0.162276283
      ],
      [
        0.272351,
        -0.09171225,
        0.9578172
      ]
    ],
    "translation": [
      1.63198161,
      0.923020065,
      -0.519011855
    ]
  },
  {
    "timeStamp": 161452,
    "rotation": [
      [
        0.8905668,
        0.291419148,
        -0.349235743
      ],
      [
        -0.270341367,
        0.956592143,
        0.108844049
      ],
      [
        0.3657954,
        -0.00252003386,
        0.9306919
      ]
    ],
    "translation": [
      1.63986325,
      0.9299434,
      -0.5678415
    ]
  },
  {
    "timeStamp": 161507,
    "rotation": [
      [
        0.837935865,
        0.2669923,
        -0.476002723
      ],
      [
        -0.277498722,
        0.9594417,
        0.0496581942
      ],
      [
        0.469955266,
        0.0904797763,
        0.8780407
      ]
    ],
    "translation": [
      1.65509307,
      0.9339529,
      -0.6346976
    ]
  },
  {
    "timeStamp": 161552,
    "rotation": [
      [
        0.8066826,
        0.2481534,
        -0.536361
      ],
      [
        -0.2812426,
        0.9594092,
        0.02089474
      ],
      [
        0.519774735,
        0.133992136,
        0.843730032
      ]
    ],
    "translation": [
      1.6731205,
      0.9374535,
      -0.6840062
    ]
  },
  {
    "timeStamp": 161608,
    "rotation": [
      [
        0.8028671,
        0.230813757,
        -0.5496631
      ],
      [
        -0.27766633,
        0.9606752,
        -0.00216883421
      ],
      [
        0.527547061,
        0.154364213,
        0.835383654
      ]
    ],
    "translation": [
      1.703048,
      0.940975368,
      -0.7337948
    ]
  },
  {
    "timeStamp": 161652,
    "rotation": [
      [
        0.824129,
        0.232224867,
        -0.5166072
      ],
      [
        -0.287249863,
        0.957450747,
        -0.0278491378
      ],
      [
        0.488158733,
        0.171346635,
        0.855769455
      ]
    ],
    "translation": [
      1.731014,
      0.944799,
      -0.761207163
    ]
  },
  {
    "timeStamp": 161708,
    "rotation": [
      [
        0.858328164,
        0.241013125,
        -0.452974021
      ],
      [
        -0.287933618,
        0.956957161,
        -0.0364310071
      ],
      [
        0.4246964,
        0.161696211,
        0.8907791
      ]
    ],
    "translation": [
      1.76703119,
      0.953999162,
      -0.785528958
    ]
  },
  {
    "timeStamp": 161752,
    "rotation": [
      [
        0.884201646,
        0.259160459,
        -0.3886172
      ],
      [
        -0.2859052,
        0.9581888,
        -0.0115105212
      ],
      [
        0.36938554,
        0.1212853,
        0.9213274
      ]
    ],
    "translation": [
      1.79735589,
      0.965510666,
      -0.7974686
    ]
  },
  {
    "timeStamp": 161807,
    "rotation": [
      [
        0.913496733,
        0.29151696,
        -0.283798277
      ],
      [
        -0.2891025,
        0.95592,
        0.05134881
      ],
      [
        0.286257476,
        0.0351398177,
        0.9575081
      ]
    ],
    "translation": [
      1.83614421,
      0.983573258,
      -0.8031267
    ]
  },
  {
    "timeStamp": 161851,
    "rotation": [
      [
        0.9361248,
        0.301689982,
        -0.180702955
      ],
      [
        -0.2809442,
        0.9506432,
        0.131711811
      ],
      [
        0.211520165,
        -0.0725312456,
        0.974678636
      ]
    ],
    "translation": [
      1.869059,
      1.0009023,
      -0.8055675
    ]
  },
  {
    "timeStamp": 161907,
    "rotation": [
      [
        0.9563656,
        0.291262269,
        -0.0230472777
      ],
      [
        -0.278018057,
        0.9314525,
        0.234738231
      ],
      [
        0.0898378342,
        -0.218088,
        0.971785367
      ]
    ],
    "translation": [
      1.91330111,
      1.0227809,
      -0.8041087
    ]
  },
  {
    "timeStamp": 161951,
    "rotation": [
      [
        0.961693645,
        0.2565869,
        0.09648048
      ],
      [
        -0.27404207,
        0.9086175,
        0.315143138
      ],
      [
        -0.00680224923,
        -0.329510868,
        0.944127262
      ]
    ],
    "translation": [
      1.94920993,
      1.03791511,
      -0.8034305
    ]
  },
  {
    "timeStamp": 162007,
    "rotation": [
      [
        0.9628694,
        0.173151031,
        0.20712617
      ],
      [
        -0.244630441,
        0.88411,
        0.3981275
      ],
      [
        -0.114186123,
        -0.434014142,
        0.893640459
      ]
    ],
    "translation": [
      1.991982,
      1.05048347,
      -0.802623868
    ]
  },
  {
    "timeStamp": 162051,
    "rotation": [
      [
        0.9570903,
        0.0872555,
        0.276341468
      ],
      [
        -0.209027812,
        0.86833775,
        0.4497742
      ],
      [
        -0.200712457,
        -0.4882376,
        0.849316537
      ]
    ],
    "translation": [
      2.02432013,
      1.05347764,
      -0.8028823
    ]
  },
  {
    "timeStamp": 162098,
    "rotation": [
      [
        0.94373,
        0.0248617269,
        0.329781115
      ],
      [
        -0.18542926,
        0.865461767,
        0.465394378
      ],
      [
        -0.273842454,
        -0.5003577,
        0.8213723
      ]
    ],
    "translation": [
      2.056271,
      1.04947555,
      -0.8026866
    ]
  },
  {
    "timeStamp": 162157,
    "rotation": [
      [
        0.9244606,
        -0.03576182,
        0.3795968
      ],
      [
        -0.126404509,
        0.910539269,
        0.3936243
      ],
      [
        -0.359714538,
        -0.4118729,
        0.837237239
      ]
    ],
    "translation": [
      2.09833169,
      1.02938652,
      -0.799289644
    ]
  },
  {
    "timeStamp": 162202,
    "rotation": [
      [
        0.9058358,
        -0.05804953,
        0.419632882
      ],
      [
        -0.107042246,
        0.9270592,
        0.3593094
      ],
      [
        -0.409882277,
        -0.370393753,
        0.8335496
      ]
    ],
    "translation": [
      2.12103343,
      1.0174309,
      -0.7999189
    ]
  },
  {
    "timeStamp": 162257,
    "rotation": [
      [
        0.9090003,
        -0.0505200252,
        0.4137223
      ],
      [
        -0.0775535852,
        0.9547905,
        0.286985427
      ],
      [
        -0.4095166,
        -0.2929555,
        0.86398685
      ]
    ],
    "translation": [
      2.13935471,
      1.00051117,
      -0.8026185
    ]
  },
  {
    "timeStamp": 162302,
    "rotation": [
      [
        0.908382356,
        -0.0428362228,
        0.4159406
      ],
      [
        -0.08277064,
        0.956634164,
        0.279285
      ],
      [
        -0.4098665,
        -0.288125247,
        0.865444
      ]
    ],
    "translation": [
      2.14701819,
      0.9890502,
      -0.808390856
    ]
  },
  {
    "timeStamp": 162357,
    "rotation": [
      [
        0.9021427,
        0.03773604,
        0.429784328
      ],
      [
        -0.1572715,
        0.9563871,
        0.246149212
      ],
      [
        -0.4017515,
        -0.289654553,
        0.868732452
      ]
    ],
    "translation": [
      2.15472841,
      0.9782973,
      -0.814290464
    ]
  },
  {
    "timeStamp": 162401,
    "rotation": [
      [
        0.909747243,
        0.0390669331,
        0.413320422
      ],
      [
        -0.151643887,
        0.9580427,
        0.2432249
      ],
      [
        -0.386476547,
        -0.283950716,
        0.877500951
      ]
    ],
    "translation": [
      2.154193,
      0.9679487,
      -0.816114247
    ]
  },
  {
    "timeStamp": 162457,
    "rotation": [
      [
        0.913443565,
        0.0571702868,
        0.4029297
      ],
      [
        -0.159744263,
        0.960989535,
        0.225789577
      ],
      [
        -0.374302745,
        -0.270611733,
        0.8869423
      ]
    ],
    "translation": [
      2.15635657,
      0.953658,
      -0.8161203
    ]
  },
  {
    "timeStamp": 162502,
    "rotation": [
      [
        0.908212543,
        0.09427847,
        0.407751828
      ],
      [
        -0.196071088,
        0.956607938,
        0.215539664
      ],
      [
        -0.3697379,
        -0.275704175,
        0.88728863
      ]
    ],
    "translation": [
      2.15672946,
      0.9467935,
      -0.8151832
    ]
  },
  {
    "timeStamp": 162559,
    "rotation": [
      [
        0.9159043,
        0.0918274745,
        0.390752017
      ],
      [
        -0.188852921,
        0.957587,
        0.21762751
      ],
      [
        -0.35419488,
        -0.2731206,
        0.8943999
      ]
    ],
    "translation": [
      2.15312767,
      0.9413844,
      -0.8129958
    ]
  },
  {
    "timeStamp": 162604,
    "rotation": [
      [
        0.915863,
        0.09848885,
        0.3892236
      ],
      [
        -0.193614259,
        0.9576166,
        0.2132696
      ],
      [
        -0.35172233,
        -0.270685,
        0.8961144
      ]
    ],
    "translation": [
      2.15219831,
      0.93659097,
      -0.811005831
    ]
  },
  {
    "timeStamp": 162649,
    "rotation": [
      [
        0.913383961,
        0.112872,
        0.391138941
      ],
      [
        -0.208291084,
        0.9550827,
        0.210788652
      ],
      [
        -0.349777877,
        -0.274001718,
        0.895867467
      ]
    ],
    "translation": [
      2.15214634,
      0.934170544,
      -0.8098273
    ]
  },
  {
    "timeStamp": 162706,
    "rotation": [
      [
        0.9204019,
        0.105344228,
        0.376514137
      ],
      [
        -0.197729483,
        0.9562028,
        0.2158223
      ],
      [
        -0.3372882,
        -0.2730912,
        0.90092057
      ]
    ],
    "translation": [
      2.14928317,
      0.933923841,
      -0.8089002
    ]
  }
]