[
  {
    "timeStamp": 155754,
    "rotation": [
      [
        0.999524,
        -0.0130310385,
        -0.0279619265
      ],
      [
        0.0307713319,
        0.485530317,
        0.8736781
      ],
      [
        0.00219143159,
        -0.8741227,
        0.48570022
      ]
    ],
    "translation": [
      1.30435514,
      0.716817141,
      -0.366227746
    ]
  },
  {
    "timeStamp": 155798,
    "rotation": [
      [
        0.9999843,
        0.005415953,
        0.00142864732
      ],
      [
        -0.00372988684,
        0.453588277,
        0.8912036
      ],
      [
        0.00417869957,
        -0.89119494,
        0.45360136
      ]
    ],
    "translation": [
      1.30499852,
      0.718112,
      -0.366782784
    ]
  },
  {
    "timeStamp": 155856,
    "rotation": [
      [
        0.996982932,
        0.0611205958,
        0.04784696
      ],
      [
        -0.069978334,
        0.44102034,
        0.894764841
      ],
      [
        0.03358708,
        -0.8954135,
        0.4439669
      ]
    ],
    "translation": [
      1.30566418,
      0.736517251,
      -0.3811565
    ]
  },
  {
    "timeStamp": 155899,
    "rotation": [
      [
        0.9886969,
        0.106668256,
        0.105358571
      ],
      [
        -0.141068533,
        0.423859835,
        0.89467454
      ],
      [
        0.05077611,
        -0.8994247,
        0.434116423
      ]
    ],
    "translation": [
      1.31214106,
      0.7628806,
      -0.4010535
    ]
  },
  {
    "timeStamp": 155954,
    "rotation": [
      [
        0.9735911,
        0.178851977,
        0.141888365
      ],
      [
        -0.208175972,
        0.4403634,
        0.8733515
      ],
      [
        0.09371821,
        -0.879825,
        0.465966582
      ]
    ],
    "translation": [
      1.33188915,
      0.7933584,
      -0.44139
    ]
  },
  {
    "timeStamp": 155999,
    "rotation": [
      [
        0.9569653,
        0.2610493,
        0.126770243
      ],
      [
        -0.233566761,
        0.4335749,
        0.870321453
      ],
      [
        0.1722324,
        -0.862476766,
        0.47588855
      ]
    ],
    "translation": [
      1.3567636,
      0.814049,
      -0.4844332
    ]
  },
  {
    "timeStamp": 156054,
    "rotation": [
      [
        0.940123141,
        0.3256099,
        0.100730158
      ],
      [
        -0.251391828,
        0.462871522,
        0.850030661
      ],
      [
        0.230153278,
        -0.8244563,
        0.5170119
      ]
    ],
    "translation": [
      1.3997488,
      0.83164227,
      -0.5416688
    ]
  },
  {
    "timeStamp": 156099,
    "rotation": [
      [
        0.9338695,
        0.350014061,
        0.07333436
      ],
      [
        -0.254874885,
        0.5075877,
        0.823039234
      ],
      [
        0.2508517,
        -0.7873023,
        0.5632304
      ]
    ],
    "translation": [
      1.44044185,
      0.8384349,
      -0.5876672
    ]
  },
  {
    "timeStamp": 156154,
    "rotation": [
      [
        0.9365269,
        0.349680215,
        0.0253195371
      ],
      [
        -0.225735828,
        0.546163738,
        0.806689858
      ],
      [
        0.268254876,
        -0.7612023,
        0.5904324
      ]
    ],
    "translation": [
      1.49585021,
      0.839055955,
      -0.642735243
    ]
  },
  {
    "timeStamp": 156198,
    "rotation": [
      [
        0.941629946,
        0.336328566,
        -0.014702131
      ],
      [
        -0.197416678,
        0.5870344,
        0.785122454
      ],
      [
        0.27268976,
        -0.7363924,
        0.619166
      ]
    ],
    "translation": [
      1.54112089,
      0.8368912,
      -0.684533
    ]
  },
  {
    "timeStamp": 156254,
    "rotation": [
      [
        0.9556678,
        0.2931448,
        -0.0276620667
      ],
      [
        -0.171989813,
        0.632000744,
        0.7556418
      ],
      [
        0.238994926,
        -0.717385,
        0.6544007
      ]
    ],
    "translation": [
      1.594385,
      0.8380115,
      -0.7272736
    ]
  },
  {
    "timeStamp": 156298,
    "rotation": [
      [
        0.965888143,
        0.258501977,
        -0.0153892273
      ],
      [
        -0.164454415,
        0.6582163,
        0.734646857
      ],
      [
        0.2000371,
        -0.707055867,
        0.6782751
      ]
    ],
    "translation": [
      1.63251531,
      0.843803167,
      -0.754073858
    ]
  },
  {
    "timeStamp": 156354,
    "rotation": [
      [
        0.9783798,
        0.203423172,
        0.03730945
      ],
      [
        -0.167264611,
        0.6721919,
        0.721235454
      ],
      [
        0.1216369,
        -0.7118827,
        0.6916844
      ]
    ],
    "translation": [
      1.67477763,
      0.854003966,
      -0.775039
    ]
  },
  {
    "timeStamp": 156399,
    "rotation": [
      [
        0.984956145,
        0.151400834,
        0.08330126
      ],
      [
        -0.163689986,
        0.6629573,
        0.7305431
      ],
      [
        0.0553796552,
        -0.73318845,
        0.6777667
      ]
    ],
    "translation": [
      1.70513153,
      0.8621903,
      -0.7823487
    ]
  },
  {
    "timeStamp": 156454,
    "rotation": [
      [
        0.9869121,
        0.07974558,
        0.140161261
      ],
      [
        -0.158900738,
        0.629016,
        0.7609793
      ],
      [
        -0.02747893,
        -0.7732914,
        0.6334551
      ]
    ],
    "translation": [
      1.74167621,
      0.874595344,
      -0.78409934
    ]
  },
  {
    "timeStamp": 156498,
    "rotation": [
      [
        0.9789881,
        0.0137765976,
        0.203451276
      ],
      [
        -0.1722027,
        0.5902269,
        0.7886561
      ],
      [
        -0.109217413,
        -0.807119846,
        0.580197453
      ]
    ],
    "translation": [
      1.770463,
      0.8878559,
      -0.779049
    ]
  },
  {
    "timeStamp": 156554,
    "rotation": [
      [
        0.962473869,
        -0.07785955,
        0.259965241
      ],
      [
        -0.182538778,
        0.523109734,
        0.832487762
      ],
      [
        -0.200807452,
        -0.8487014,
        0.489267021
      ]
    ],
    "translation": [
      1.80758035,
      0.9045766,
      -0.7705352
    ]
  },
  {
    "timeStamp": 156598,
    "rotation": [
      [
        0.937052369,
        -0.156660825,
        0.312074065
      ],
      [
        -0.204891115,
        0.477014661,
        0.8546792
      ],
      [
        -0.282758683,
        -0.864820361,
        0.4148893
      ]
    ],
    "translation": [
      1.83785212,
      0.9189604,
      -0.763676167
    ]
  },
  {
    "timeStamp": 156654,
    "rotation": [
      [
        0.8924711,
        -0.249974623,
        0.375510454
      ],
      [
        -0.244869739,
        0.430654973,
        0.868662834
      ],
      [
        -0.3788591,
        -0.8672076,
        0.323135883
      ]
    ],
    "translation": [
      1.87576818,
      0.936080158,
      -0.757663965
    ]
  },
  {
    "timeStamp": 156698,
    "rotation": [
      [
        0.854907334,
        -0.319447219,
        0.4087626
      ],
      [
        -0.269042015,
        0.400685877,
        0.875823736
      ],
      [
        -0.443564832,
        -0.858722448,
        0.256604582
      ]
    ],
    "translation": [
      1.90583241,
      0.9463594,
      -0.7548
    ]
  },
  {
    "timeStamp": 156754,
    "rotation": [
      [
        0.813283265,
        -0.4041937,
        0.418566376
      ],
      [
        -0.283010066,
        0.353749335,
        0.8914969
      ],
      [
        -0.50840497,
        -0.843498,
        0.173307538
      ]
    ],
    "translation": [
      1.94342387,
      0.954405069,
      -0.7544008
    ]
  },
  {
    "timeStamp": 156798,
    "rotation": [
      [
        0.77932024,
        -0.4825717,
        0.399730623
      ],
      [
        -0.276200831,
        0.3080621,
        0.9103905
      ],
      [
        -0.5624705,
        -0.8198917,
        0.106792346
      ]
    ],
    "translation": [
      1.97574413,
      0.954940557,
      -0.7530838
    ]
  },
  {
    "timeStamp": 156854,
    "rotation": [
      [
        0.719931543,
        -0.575690448,
        0.387658447
      ],
      [
        -0.27432847,
        0.27703163,
        0.920867741
      ],
      [
        -0.63752836,
        -0.769307435,
        0.0415155254
      ]
    ],
    "translation": [
      2.016398,
      0.9480729,
      -0.753124058
    ]
  },
  {
    "timeStamp": 156898,
    "rotation": [
      [
        0.666632354,
        -0.642928541,
        0.377152532
      ],
      [
        -0.256355137,
        0.2773613,
        0.9259334
      ],
      [
        -0.6999166,
        -0.7139422,
        0.02007998
      ]
    ],
    "translation": [
      2.049062,
      0.9364727,
      -0.754519343
    ]
  },
  {
    "timeStamp": 156951,
    "rotation": [
      [
        0.6160131,
        -0.6976515,
        0.365800828
      ],
      [
        -0.226815164,
        0.287617415,
        0.930500448
      ],
      [
        -0.754375756,
        -0.656169653,
        0.0189381521
      ]
    ],
    "translation": [
      2.07811046,
      0.9199157,
      -0.7576613
    ]
  },
  {
    "timeStamp": 157004,
    "rotation": [
      [
        0.5710304,
        -0.736608,
        0.362398863
      ],
      [
        -0.145316243,
        0.343780279,
        0.9277383
      ],
      [
        -0.80796504,
        -0.5824292,
        0.08926787
      ]
    ],
    "translation": [
      2.11087084,
      0.888575852,
      -0.764932156
    ]
  },
  {
    "timeStamp": 157048,
    "rotation": [
      [
        0.554912448,
        -0.751138,
        0.3575807
      ],
      [
        -0.106478229,
        0.362167448,
        0.9260114
      ],
      [
        -0.825066447,
        -0.5519298,
        0.120991372
      ]
    ],
    "translation": [
      2.125506,
      0.8702862,
      -0.769503057
    ]
  },
  {
    "timeStamp": 157104,
    "rotation": [
      [
        0.557858348,
        -0.745807469,
        0.364095151
      ],
      [
        -0.05932116,
        0.4017485,
        0.913826644
      ],
      [
        -0.827813447,
        -0.531384349,
        0.179876581
      ]
    ],
    "translation": [
      2.13490057,
      0.850004554,
      -0.775948942
    ]
  },
  {
    "timeStamp": 157148,
    "rotation": [
      [
        0.5543724,
        -0.7504038,
        0.359951854
      ],
      [
        -0.0267251823,
        0.416221142,
        0.9088706
      ],
      [
        -0.831839561,
        -0.5134725,
        0.210686818
      ]
    ],
    "translation": [
      2.13838029,
      0.8371849,
      -0.78034097
    ]
  },
  {
    "timeStamp": 157204,
    "rotation": [
      [
        0.5615493,
        -0.753641844,
        0.341593742
      ],
      [
        0.008896832,
        0.4183059,
        0.9082626
      ],
      [
        -0.827395439,
        -0.506995142,
        0.2416044
      ]
    ],
    "translation": [
      2.13917756,
      0.8241987,
      -0.785040557
    ]
  },
  {
    "timeStamp": 157248,
    "rotation": [
      [
        0.554595649,
        -0.756898463,
        0.345728666
      ],
      [
        0.0247133635,
        0.4302782,
        0.902357936
      ],
      [
        -0.8317529,
        -0.4918997,
        0.257335961
      ]
    ],
    "translation": [
      2.137808,
      0.8155299,
      -0.787983537
    ]
  }
]