[
  {
    "id": "004 sugar box(Clone)-21614",
    "pickRotation": [
      [
        -0.9868402,
        -0.06628649,
        0.147487685
      ],
      [
        -0.14645423,
        -0.0202154834,
        -0.9890109
      ],
      [
        0.0685396,
        -0.997595847,
        0.0102415141
      ]
    ],
    "pickTranslation": [
      0.008387415,
      -0.0241974946,
      0.161431834
    ],
    "placeRotation": [
      [
        0.474679023,
        -0.00045395823,
        0.880158842
      ],
      [
        -0.8706721,
        -0.146669552,
        0.469487071
      ],
      [
        0.128879368,
        -0.989185452,
        -0.0700162053
      ]
    ],
    "placeTranslation": [
      -0.6208986,
      0.1946345,
      -0.924531
    ]
  },
  {
    "id": "100 half egg carton(Clone)-21726",
    "pickRotation": [
      [
        0.104553044,
        0.0182829574,
        0.9943512
      ],
      [
        -0.0105962958,
        -0.9997538,
        0.0194964614
      ],
      [
        0.994462848,
        -0.0125748543,
        -0.104333565
      ]
    ],
    "pickTranslation": [
      -0.0682943538,
      0.0372205339,
      -0.0008605423
    ],
    "placeRotation": [
      [
        -0.9988033,
        0.03995234,
        -0.0282086618
      ],
      [
        0.0450999327,
        0.975518644,
        -0.215242684
      ],
      [
        0.018918626,
        -0.216257319,
        -0.9761531
      ]
    ],
    "placeTranslation": [
      -0.652549744,
      0.4911676,
      -0.954258
    ]
  },
  {
    "id": "100 half egg carton(Clone)-21750",
    "pickRotation": [
      [
        0.0599420071,
        0.004363268,
        0.99819237
      ],
      [
        -0.0323939063,
        -0.9994553,
        0.00631406065
      ],
      [
        0.997676134,
        -0.032713823,
        -0.05976801
      ]
    ],
    "pickTranslation": [
      -0.06496955,
      0.0385335125,
      0.004923157
    ],
    "placeRotation": [
      [
        -0.998154044,
        -0.0312220827,
        -0.05209331
      ],
      [
        -0.0289447382,
        0.998616,
        -0.0439128056
      ],
      [
        0.0533922575,
        -0.0423239172,
        -0.997676253
      ]
    ],
    "placeTranslation": [
      -0.7103204,
      0.8577515,
      -0.953931749
    ]
  },
  {
    "id": "005 tomato soup can(Clone)-21590",
    "pickRotation": [
      [
        0.362942219,
        -0.102708884,
        -0.926133752
      ],
      [
        0.9316389,
        0.0591334552,
        0.3585417
      ],
      [
        0.0179400723,
        -0.992952168,
        0.117149621
      ]
    ],
    "pickTranslation": [
      0.008053353,
      0.08545264,
      0.11212346
    ],
    "placeRotation": [
      [
        0.888685942,
        -0.458397955,
        -0.0104242936
      ],
      [
        -0.07598193,
        -0.169648856,
        0.9825711
      ],
      [
        -0.452177048,
        -0.8724051,
        -0.185594514
      ]
    ],
    "placeTranslation": [
      -1.18467641,
      0.355870545,
      0.9698824
    ]
  },
  {
    "id": "025 mug(Clone)-21020",
    "pickRotation": [
      [
        -0.568479061,
        -0.00209206622,
        -0.8226951
      ],
      [
        0.8112752,
        -0.167484432,
        -0.560162067
      ],
      [
        -0.136616722,
        -0.9858725,
        0.09690864
      ]
    ],
    "pickTranslation": [
      0.000167112812,
      0.052175153,
      0.08146373
    ],
    "placeRotation": [
      [
        0.8227579,
        -0.5676513,
        -0.0290073976
      ],
      [
        0.009254068,
        -0.0376494,
        0.999248147
      ],
      [
        -0.568316638,
        -0.8224078,
        -0.025723258
      ]
    ],
    "placeTranslation": [
      -0.27937755,
      0.0547424741,
      0.533946753
    ]
  },
  {
    "id": "012 strawberry(Clone)-21566",
    "pickRotation": [
      [
        0.114214018,
        -0.299107045,
        0.9473596
      ],
      [
        0.370684177,
        -0.871900737,
        -0.319972456
      ],
      [
        0.921709538,
        0.387716562,
        0.0112909628
      ]
    ],
    "pickTranslation": [
      0.0111075621,
      0.0285311621,
      0.01855289
    ],
    "placeRotation": [
      [
        -0.1300292,
        -0.65997237,
        -0.739951968
      ],
      [
        0.4161458,
        0.64104867,
        -0.6448871
      ],
      [
        0.8999528,
        -0.391782045,
        0.191289678
      ]
    ],
    "placeTranslation": [
      -0.12884818,
      0.6767705,
      0.6661499
    ]
  },
  {
    "id": "012 strawberry(Clone)-21630",
    "pickRotation": [
      [
        0.7441463,
        -0.139300719,
        0.6533312
      ],
      [
        -0.121985644,
        -0.98990804,
        -0.07212229
      ],
      [
        0.6567845,
        -0.0260274932,
        -0.753629
      ]
    ],
    "pickTranslation": [
      0.00767471641,
      0.04514058,
      0.0204965714
    ],
    "placeRotation": [
      [
        -0.5508837,
        -0.309348017,
        -0.775132835
      ],
      [
        0.0296658073,
        0.9209227,
        -0.3886147
      ],
      [
        0.8340546,
        -0.237076461,
        -0.498144239
      ]
    ],
    "placeTranslation": [
      -0.125008419,
      0.5060338,
      0.8895482
    ]
  },
  {
    "id": "012 strawberry(Clone)-21642",
    "pickRotation": [
      [
        -0.591652453,
        -0.608447552,
        -0.528903663
      ],
      [
        0.3400641,
        -0.7831824,
        0.520559132
      ],
      [
        -0.7309609,
        0.128128946,
        0.6702829
      ]
    ],
    "pickTranslation": [
      0.0176368486,
      0.0354007,
      0.0200138781
    ],
    "placeRotation": [
      [
        0.286636978,
        -0.290577978,
        0.9129095
      ],
      [
        0.503379941,
        0.8564384,
        0.114551127
      ],
      [
        -0.815136731,
        0.426705748,
        0.391758054
      ]
    ],
    "placeTranslation": [
      -0.0451898649,
      0.5539572,
      0.291859925
    ]
  },
  {
    "id": "012 strawberry(Clone)-21702",
    "pickRotation": [
      [
        0.146003082,
        -0.476561844,
        0.866932452
      ],
      [
        -0.300094336,
        -0.856366634,
        -0.4202138
      ],
      [
        0.9426698,
        -0.198809,
        -0.2680457
      ]
    ],
    "pickTranslation": [
      0.008603112,
      0.0398175381,
      0.0272271056
    ],
    "placeRotation": [
      [
        -0.379054159,
        -0.119124681,
        -0.917674959
      ],
      [
        0.487026632,
        0.8175412,
        -0.307297051
      ],
      [
        0.7868437,
        -0.563414335,
        -0.25187552
      ]
    ],
    "placeTranslation": [
      -0.2950866,
      0.7164757,
      0.9357596
    ]
  },
  {
    "id": "025 mug(Clone)-21234",
    "pickRotation": [
      [
        -0.4360652,
        0.0266456921,
        -0.8995205
      ],
      [
        0.8910516,
        -0.12715973,
        -0.4357264
      ],
      [
        -0.125993013,
        -0.9915243,
        0.0317072459
      ]
    ],
    "pickTranslation": [
      0.00341141038,
      0.0627404451,
      0.087725
    ],
    "placeRotation": [
      [
        0.9489766,
        -0.3152135,
        0.009156782
      ],
      [
        -0.0159079488,
        -0.0188515857,
        0.9996957
      ],
      [
        -0.314944953,
        -0.9488335,
        -0.0229041129
      ]
    ],
    "placeTranslation": [
      -0.2747764,
      0.0688537657,
      -0.342114031
    ]
  },
  {
    "id": "013 apple(Clone)-21542",
    "pickRotation": [
      [
        -0.779622436,
        -0.1010787,
        -0.6180388
      ],
      [
        0.622624338,
        -0.0190667938,
        -0.782288551
      ],
      [
        0.06728869,
        -0.9946957,
        0.0777989551
      ]
    ],
    "pickTranslation": [
      0.00751767633,
      0.002910599,
      0.0670566
    ],
    "placeRotation": [
      [
        0.9042127,
        -0.42276755,
        -0.0605565421
      ],
      [
        -0.023520764,
        -0.190870687,
        0.9813334
      ],
      [
        -0.426434338,
        -0.885909736,
        -0.1825315
      ]
    ],
    "placeTranslation": [
      -0.140456215,
      0.278576851,
      -0.2032498
    ]
  },
  {
    "id": "018 plum(Clone)-21602",
    "pickRotation": [
      [
        0.311166853,
        0.913579464,
        0.261816472
      ],
      [
        0.950355351,
        -0.2991379,
        -0.0856815949
      ],
      [
        4.22846642E-05,
        0.275479943,
        -0.9613068
      ]
    ],
    "pickTranslation": [
      -0.0210324712,
      0.0254314728,
      0.00474461447
    ],
    "placeRotation": [
      [
        -0.416384131,
        -0.9008271,
        -0.123023383
      ],
      [
        -0.7553302,
        0.418055177,
        -0.5046842
      ],
      [
        0.5060638,
        -0.11721921,
        -0.854493439
      ]
    ],
    "placeTranslation": [
      -0.291832358,
      0.743945241,
      0.06113339
    ]
  },
  {
    "id": "013 apple(Clone)-21554",
    "pickRotation": [
      [
        -0.6643861,
        -0.07610328,
        -0.7435048
      ],
      [
        0.747384548,
        -0.064004086,
        -0.6613016
      ],
      [
        0.002739869,
        -0.995043635,
        0.09940184
      ]
    ],
    "pickTranslation": [
      0.0120195858,
      0.00141900033,
      0.06400131
    ],
    "placeRotation": [
      [
        0.6182293,
        -0.752277,
        0.227753878
      ],
      [
        -0.241818309,
        0.09366664,
        0.9657901
      ],
      [
        -0.7478746,
        -0.6521548,
        -0.12400689
      ]
    ],
    "placeTranslation": [
      0.2716948,
      0.0889663249,
      -0.6773179
    ]
  },
  {
    "id": "013 apple(Clone)-21678",
    "pickRotation": [
      [
        -0.904281,
        -0.222340778,
        -0.364472836
      ],
      [
        0.411507577,
        -0.226475552,
        -0.882819533
      ],
      [
        0.1137426,
        -0.9483003,
        0.296292454
      ]
    ],
    "pickTranslation": [
      0.00315379025,
      0.00758889969,
      0.077696614
    ],
    "placeRotation": [
      [
        0.8604808,
        -0.5062386,
        -0.0574045
      ],
      [
        0.07232697,
        0.009846354,
        0.9973324
      ],
      [
        -0.504322946,
        -0.862337232,
        0.045087304
      ]
    ],
    "placeTranslation": [
      0.3409193,
      0.0269774962,
      0.125893444
    ]
  },
  {
    "id": "013 apple(Clone)-21738",
    "pickRotation": [
      [
        -0.902134061,
        -0.142195389,
        -0.407350779
      ],
      [
        0.431327,
        -0.274150938,
        -0.8595338
      ],
      [
        0.0105461627,
        -0.9511161,
        0.3086536
      ]
    ],
    "pickTranslation": [
      0.0084821,
      0.00306832744,
      0.07506789
    ],
    "placeRotation": [
      [
        0.391307861,
        -0.912760556,
        -0.117244668
      ],
      [
        -0.03482386,
        -0.141999573,
        0.989254
      ],
      [
        -0.919600666,
        -0.383019984,
        -0.0873514
      ]
    ],
    "placeTranslation": [
      0.484937936,
      0.00127353927,
      0.6905105
    ]
  },
  {
    "id": "018 plum(Clone)-21578",
    "pickRotation": [
      [
        -0.39848426,
        0.03447374,
        -0.916527033
      ],
      [
        -0.513680458,
        -0.836249769,
        0.19188188
      ],
      [
        -0.759830654,
        0.5472639,
        0.350940883
      ]
    ],
    "pickTranslation": [
      -0.00302060926,
      0.03713227,
      -0.00171514275
    ],
    "placeRotation": [
      [
        0.29638043,
        0.355278939,
        0.886530042
      ],
      [
        -0.263720036,
        0.922590435,
        -0.281564623
      ],
      [
        -0.9179381,
        -0.150345474,
        0.367131919
      ]
    ],
    "placeTranslation": [
      0.2344984,
      0.528451145,
      0.3091453
    ]
  },
  {
    "id": "017 orange(Clone)-21472",
    "pickRotation": [
      [
        0.197113723,
        0.299863517,
        -0.9333959
      ],
      [
        -0.527480662,
        -0.7700862,
        -0.3587914
      ],
      [
        -0.8263839,
        0.5630711,
        0.006377631
      ]
    ],
    "pickTranslation": [
      -0.004748787,
      0.0103318729,
      0.008443909
    ],
    "placeRotation": [
      [
        -0.309322536,
        0.732728958,
        0.6061583
      ],
      [
        -0.5468103,
        0.384454936,
        -0.7437694
      ],
      [
        -0.778021932,
        -0.561518252,
        0.281743169
      ]
    ],
    "placeTranslation": [
      0.202910066,
      0.971452057,
      -0.6775396
    ]
  },
  {
    "id": "017 orange(Clone)-21472",
    "pickRotation": [
      [
        0.9104927,
        -0.2281927,
        -0.344864
      ],
      [
        0.4124674,
        0.5607586,
        0.717927933
      ],
      [
        0.0295595322,
        -0.7959133,
        0.604688644
      ]
    ],
    "pickTranslation": [
      0.0157363545,
      -0.0407549031,
      0.06277921
    ],
    "placeRotation": [
      [
        -0.8233193,
        -0.5083737,
        0.252391636
      ],
      [
        0.389465451,
        -0.182548791,
        0.9027694
      ],
      [
        -0.412870377,
        0.8415653,
        0.348289937
      ]
    ],
    "placeTranslation": [
      0.07304092,
      0.41685307,
      -0.7923173
    ]
  },
  {
    "id": "011 banana(Clone)-21484",
    "pickRotation": [
      [
        -0.990678132,
        0.136147127,
        0.00455588661
      ],
      [
        0.0230316538,
        0.200365752,
        -0.9794504
      ],
      [
        -0.1342622,
        -0.970215142,
        -0.201633662
      ]
    ],
    "pickTranslation": [
      0.0182845425,
      0.004996961,
      0.02939985
    ],
    "placeRotation": [
      [
        0.375746727,
        -0.918957,
        -0.119718343
      ],
      [
        0.117871,
        -0.0807442442,
        0.9897408
      ],
      [
        -0.9191958,
        -0.386003166,
        0.077979
      ]
    ],
    "placeTranslation": [
      0.6775003,
      0.5495153,
      0.03541784
    ]
  },
  {
    "id": "058 golf ball(Clone)-21654",
    "pickRotation": [
      [
        -0.9855884,
        -0.168208882,
        0.01792575
      ],
      [
        0.06767205,
        -0.4891787,
        -0.869554341
      ],
      [
        0.15503566,
        -0.855809569,
        0.493511826
      ]
    ],
    "pickTranslation": [
      0.008662763,
      -0.0240606442,
      0.04835295
    ],
    "placeRotation": [
      [
        0.9707454,
        -0.1850249,
        0.153032988
      ],
      [
        -0.100737646,
        0.2647013,
        0.9590543
      ],
      [
        -0.21795696,
        -0.9464137,
        0.238318622
      ]
    ],
    "placeTranslation": [
      0.7555755,
      0.3301691,
      -0.368488342
    ]
  },
  {
    "id": "058 golf ball(Clone)-21714",
    "pickRotation": [
      [
        0.9242017,
        0.247894883,
        -0.2905157
      ],
      [
        -0.245319009,
        -0.197656423,
        -0.9490788
      ],
      [
        -0.292694032,
        0.948409259,
        -0.121861085
      ]
    ],
    "pickTranslation": [
      -0.00336992857,
      -0.0191350263,
      -0.0001151655
    ],
    "placeRotation": [
      [
        -0.8323954,
        0.205723763,
        0.5145831
      ],
      [
        -0.454520673,
        0.277813673,
        -0.846304059
      ],
      [
        -0.317063063,
        -0.9383482,
        -0.137745127
      ]
    ],
    "placeTranslation": [
      0.778237,
      0.5314266,
      0.0371871553
    ]
  },
  {
    "id": "058 golf ball(Clone)-21690",
    "pickRotation": [
      [
        -0.712482035,
        -0.20299007,
        -0.6716877
      ],
      [
        0.6669013,
        -0.493562847,
        -0.5582458
      ],
      [
        -0.218201771,
        -0.845689535,
        0.487029
      ]
    ],
    "pickTranslation": [
      0.00443496369,
      -0.023530554,
      0.03906694
    ],
    "placeRotation": [
      [
        0.5507171,
        -0.7651389,
        0.333576173
      ],
      [
        0.0600774027,
        0.43493858,
        0.8984538
      ],
      [
        -0.8325271,
        -0.4747535,
        0.285495669
      ]
    ],
    "placeTranslation": [
      0.7117595,
      0.517799854,
      -0.4036739
    ]
  },
  {
    "id": "057 racquetball(Clone)-21666",
    "pickRotation": [
      [
        -0.954840839,
        -0.05296799,
        -0.2923582
      ],
      [
        0.05706594,
        -0.9983552,
        -0.0055001704
      ],
      [
        -0.291586,
        -0.0219354834,
        0.956293046
      ]
    ],
    "pickTranslation": [
      0.009831549,
      -0.09450812,
      0.0314829648
    ],
    "placeRotation": [
      [
        0.919194,
        0.104220591,
        0.379763782
      ],
      [
        -0.1988738,
        0.9551913,
        0.219223112
      ],
      [
        -0.3398995,
        -0.277033627,
        0.898732841
      ]
    ],
    "placeTranslation": [
      0.8077413,
      1.29270983,
      -0.288074344
    ]
  },
  {
    "id": "101 bread(Clone)-21460",
    "pickRotation": [
      [
        -0.9450551,
        -0.248820454,
        -0.212035581
      ],
      [
        0.245203644,
        -0.9684897,
        0.0436203964
      ],
      [
        -0.216207936,
        -0.0107682189,
        0.976287961
      ]
    ],
    "pickTranslation": [
      0.00702706771,
      0.0530611649,
      -0.00273320312
    ],
    "placeRotation": [
      [
        0.06763232,
        0.0138334166,
        -0.997614443
      ],
      [
        0.159672037,
        0.9868658,
        0.0245091841
      ],
      [
        0.984850645,
        -0.160948738,
        0.06453521
      ]
    ],
    "placeTranslation": [
      0.6802294,
      0.6995678,
      0.040669322
    ]
  },
  {
    "id": "102 toothbrush(Clone)-21448",
    "pickRotation": [
      [
        -0.280561715,
        -0.101724051,
        -0.954430342
      ],
      [
        -0.287489623,
        -0.939811,
        0.184675559
      ],
      [
        -0.915770054,
        0.3262017,
        0.234430373
      ]
    ],
    "pickTranslation": [
      0.01642325,
      0.0155801075,
      0.02774096
    ],
    "placeRotation": [
      [
        0.9696738,
        -0.15899238,
        0.185618252
      ],
      [
        0.160588637,
        0.987,
        0.00650193077
      ],
      [
        -0.184238985,
        0.0235034321,
        0.9826004
      ]
    ],
    "placeTranslation": [
      0.234337315,
      0.7859603,
      0.192786574
    ]
  }
]