[
  {
    "timeStamp": 43536,
    "rotation": [
      [
        0.99810797,
        0.00738139264,
        0.0610403158
      ],
      [
        -0.0608313754,
        -0.0258214958,
        0.997814
      ],
      [
        0.008941415,
        -0.999639332,
        -0.0253236219
      ]
    ],
    "translation": [
      1.61157572,
      0.700020552,
      -0.749317
    ]
  },
  {
    "timeStamp": 43591,
    "rotation": [
      [
        0.9964582,
        0.00691306358,
        0.08380569
      ],
      [
        -0.08342222,
        -0.04411212,
        0.99553746
      ],
      [
        0.0105790691,
        -0.9990027,
        -0.04337918
      ]
    ],
    "translation": [
      1.61161137,
      0.703099847,
      -0.7493233
    ]
  },
  {
    "timeStamp": 43638,
    "rotation": [
      [
        0.9924945,
        0.00415323628,
        0.122218475
      ],
      [
        -0.121780992,
        -0.0574370846,
        0.9908937
      ],
      [
        0.0111352894,
        -0.9983405,
        -0.0565002076
      ]
    ],
    "translation": [
      1.61173618,
      0.7038415,
      -0.7493664
    ]
  },
  {
    "timeStamp": 43691,
    "rotation": [
      [
        0.988217831,
        -0.0004759605,
        0.153053209
      ],
      [
        -0.152744219,
        -0.0666539,
        0.986015439
      ],
      [
        0.009732296,
        -0.997776031,
        -0.0659412742
      ]
    ],
    "translation": [
      1.61186242,
      0.704409,
      -0.749434948
    ]
  },
  {
    "timeStamp": 43736,
    "rotation": [
      [
        0.9788952,
        -0.008032709,
        0.204204857
      ],
      [
        -0.203865618,
        -0.1080403,
        0.973019063
      ],
      [
        0.0142463772,
        -0.994114041,
        -0.107397728
      ]
    ],
    "translation": [
      1.61215711,
      0.7049397,
      -0.7495089
    ]
  },
  {
    "timeStamp": 43791,
    "rotation": [
      [
        0.9875504,
        -0.0119773261,
        0.156846449
      ],
      [
        -0.157275185,
        -0.05639751,
        0.985943139
      ],
      [
        -0.00296322512,
        -0.9983365,
        -0.057579115
      ]
    ],
    "translation": [
      1.621105,
      0.707378864,
      -0.74883604
    ]
  },
  {
    "timeStamp": 43836,
    "rotation": [
      [
        0.994553864,
        0.007963807,
        0.103918932
      ],
      [
        -0.103114679,
        -0.06987827,
        0.9922119
      ],
      [
        0.01516345,
        -0.9975237,
        -0.06867652
      ]
    ],
    "translation": [
      1.63545823,
      0.721731,
      -0.749203146
    ]
  },
  {
    "timeStamp": 43891,
    "rotation": [
      [
        0.9873509,
        0.004765199,
        0.15847908
      ],
      [
        -0.15617384,
        -0.143196329,
        0.9772945
      ],
      [
        0.0273506232,
        -0.989682853,
        -0.140640825
      ]
    ],
    "translation": [
      1.64490056,
      0.7539133,
      -0.7432436
    ]
  },
  {
    "timeStamp": 43936,
    "rotation": [
      [
        0.9846505,
        0.0311999153,
        0.171726033
      ],
      [
        -0.162694246,
        -0.19217962,
        0.9677797
      ],
      [
        0.063196905,
        -0.980863631,
        -0.184153736
      ]
    ],
    "translation": [
      1.65523911,
      0.7809352,
      -0.741603255
    ]
  },
  {
    "timeStamp": 43991,
    "rotation": [
      [
        0.975045741,
        0.0255706981,
        0.2205266
      ],
      [
        -0.207514808,
        -0.248006284,
        0.9462719
      ],
      [
        0.0788888,
        -0.9684209,
        -0.236511171
      ]
    ],
    "translation": [
      1.67289066,
      0.819341242,
      -0.7404191
    ]
  },
  {
    "timeStamp": 44036,
    "rotation": [
      [
        0.9649994,
        0.024220176,
        0.2611311
      ],
      [
        -0.24262017,
        -0.2955491,
        0.9240055
      ],
      [
        0.09955664,
        -0.9550204,
        -0.2793284
      ]
    ],
    "translation": [
      1.69004345,
      0.852489352,
      -0.7414592
    ]
  },
  {
    "timeStamp": 44091,
    "rotation": [
      [
        0.9586003,
        0.0194349978,
        0.284091145
      ],
      [
        -0.2611564,
        -0.3376636,
        0.904312253
      ],
      [
        0.113502532,
        -0.9410662,
        -0.31860882
      ]
    ],
    "translation": [
      1.72143686,
      0.8915716,
      -0.7439069
    ]
  },
  {
    "timeStamp": 44135,
    "rotation": [
      [
        0.949510455,
        0.009604576,
        0.3135884
      ],
      [
        -0.289123,
        -0.36128968,
        0.886497438
      ],
      [
        0.121810675,
        -0.9324042,
        -0.3402714
      ]
    ],
    "translation": [
      1.75184226,
      0.920409,
      -0.7473484
    ]
  },
  {
    "timeStamp": 44191,
    "rotation": [
      [
        0.9570935,
        0.0538653024,
        0.284729242
      ],
      [
        -0.24057664,
        -0.40004155,
        0.884358346
      ],
      [
        0.161539733,
        -0.91491276,
        -0.3699184
      ]
    ],
    "translation": [
      1.79572451,
      0.9495448,
      -0.755059958
    ]
  },
  {
    "timeStamp": 44236,
    "rotation": [
      [
        0.976809442,
        0.0803485,
        0.198462784
      ],
      [
        -0.139710367,
        -0.463207155,
        0.8751686
      ],
      [
        0.162247881,
        -0.8826003,
        -0.4412396
      ]
    ],
    "translation": [
      1.841814,
      0.970672131,
      -0.757721
    ]
  },
  {
    "timeStamp": 44295,
    "rotation": [
      [
        0.989137053,
        0.127452523,
        0.07323818
      ],
      [
        -0.00261749537,
        -0.4828804,
        0.8756824
      ],
      [
        0.146973208,
        -0.8663616,
        -0.4773013
      ]
    ],
    "translation": [
      1.90349352,
      0.984975457,
      -0.7601185
    ]
  },
  {
    "timeStamp": 44333,
    "rotation": [
      [
        0.990469933,
        0.137647346,
        -0.00473826053
      ],
      [
        0.0731381,
        -0.496506155,
        0.8649465
      ],
      [
        0.116705008,
        -0.857050061,
        -0.5018417
      ]
    ],
    "translation": [
      1.94807732,
      0.9917289,
      -0.761462033
    ]
  },
  {
    "timeStamp": 44390,
    "rotation": [
      [
        0.977604032,
        0.192393467,
        -0.08529387
      ],
      [
        0.17386055,
        -0.50994885,
        0.842451632
      ],
      [
        0.118586689,
        -0.838413358,
        -0.5319777
      ]
    ],
    "translation": [
      1.999798,
      0.999560058,
      -0.758230448
    ]
  },
  {
    "timeStamp": 44433,
    "rotation": [
      [
        0.9574506,
        0.247220308,
        -0.148897573
      ],
      [
        0.2570117,
        -0.4957276,
        0.8295777
      ],
      [
        0.131275818,
        -0.8325481,
        -0.5381732
      ]
    ],
    "translation": [
      2.03514218,
      1.00291872,
      -0.754669964
    ]
  },
  {
    "timeStamp": 44489,
    "rotation": [
      [
        0.923694432,
        0.340828776,
        -0.1749981
      ],
      [
        0.3317098,
        -0.482861072,
        0.8104405
      ],
      [
        0.191721663,
        -0.806647956,
        -0.5590723
      ]
    ],
    "translation": [
      2.069842,
      1.00441563,
      -0.7490614
    ]
  },
  {
    "timeStamp": 44533,
    "rotation": [
      [
        0.9136864,
        0.366494834,
        -0.175666645
      ],
      [
        0.3462332,
        -0.47555992,
        0.8086812
      ],
      [
        0.212837443,
        -0.799702644,
        -0.5614053
      ]
    ],
    "translation": [
      2.097175,
      1.00404358,
      -0.7414588
    ]
  },
  {
    "timeStamp": 44583,
    "rotation": [
      [
        0.882509232,
        0.441112876,
        -0.16308552
      ],
      [
        0.378359526,
        -0.459977061,
        0.803284
      ],
      [
        0.2793233,
        -0.7706105,
        -0.57283324
      ]
    ],
    "translation": [
      2.116636,
      1.00286984,
      -0.7337228
    ]
  },
  {
    "timeStamp": 44642,
    "rotation": [
      [
        0.764001,
        0.620279133,
        -0.177641138
      ],
      [
        0.495871335,
        -0.38831827,
        0.7767371
      ],
      [
        0.4128125,
        -0.681515038,
        -0.6042541
      ]
    ],
    "translation": [
      2.13659835,
      0.9931729,
      -0.7274396
    ]
  },
  {
    "timeStamp": 44686,
    "rotation": [
      [
        0.677202165,
        0.715493739,
        -0.171656325
      ],
      [
        0.533180535,
        -0.3164091,
        0.7846042
      ],
      [
        0.5070658,
        -0.6228595,
        -0.5957603
      ]
    ],
    "translation": [
      2.14649677,
      0.9828089,
      -0.7251832
    ]
  },
  {
    "timeStamp": 44741,
    "rotation": [
      [
        0.5991707,
        0.783972263,
        -0.162425533
      ],
      [
        0.547362447,
        -0.253062218,
        0.7977179
      ],
      [
        0.584284961,
        -0.5668748,
        -0.580744445
      ]
    ],
    "translation": [
      2.155868,
      0.9710619,
      -0.724484444
    ]
  },
  {
    "timeStamp": 44786,
    "rotation": [
      [
        0.5120805,
        0.846838,
        -0.143662378
      ],
      [
        0.539049268,
        -0.186625019,
        0.821338534
      ],
      [
        0.6687297,
        -0.49803254,
        -0.552054465
      ]
    ],
    "translation": [
      2.16080618,
      0.9594027,
      -0.7314636
    ]
  },
  {
    "timeStamp": 44841,
    "rotation": [
      [
        0.340620279,
        0.928103268,
        -0.15034008
      ],
      [
        0.5563041,
        -0.0700391755,
        0.8280219
      ],
      [
        0.7579601,
        -0.365675867,
        -0.5401644
      ]
    ],
    "translation": [
      2.171267,
      0.942032635,
      -0.74101615
    ]
  },
  {
    "timeStamp": 44885,
    "rotation": [
      [
        0.225474223,
        0.9616014,
        -0.156474084
      ],
      [
        0.533367634,
        0.0125661148,
        0.8457902
      ],
      [
        0.8152793,
        -0.2741621,
        -0.5100537
      ]
    ],
    "translation": [
      2.18123245,
      0.929105461,
      -0.7465551
    ]
  },
  {
    "timeStamp": 44941,
    "rotation": [
      [
        0.146484524,
        0.9789873,
        -0.141866818
      ],
      [
        0.498474628,
        0.05082253,
        0.865413249
      ],
      [
        0.8544386,
        -0.197486669,
        -0.4805556
      ]
    ],
    "translation": [
      2.191277,
      0.916348338,
      -0.7506482
    ]
  },
  {
    "timeStamp": 44986,
    "rotation": [
      [
        0.08283007,
        0.9872589,
        -0.135863572
      ],
      [
        0.450386882,
        0.08453009,
        0.888823
      ],
      [
        0.888982952,
        -0.134812459,
        -0.437646836
      ]
    ],
    "translation": [
      2.19760513,
      0.906906,
      -0.7557523
    ]
  },
  {
    "timeStamp": 45043,
    "rotation": [
      [
        0.0407238752,
        0.9937611,
        -0.103828527
      ],
      [
        0.36172387,
        0.08220285,
        0.928654134
      ],
      [
        0.931395352,
        -0.07537566,
        -0.356119484
      ]
    ],
    "translation": [
      2.196441,
      0.898181438,
      -0.7674437
    ]
  },
  {
    "timeStamp": 45088,
    "rotation": [
      [
        -0.0100984257,
        0.9960951,
        -0.08770673
      ],
      [
        0.295854568,
        0.08676053,
        0.951284766
      ],
      [
        0.9551796,
        -0.0163419526,
        -0.29557544
      ]
    ],
    "translation": [
      2.19256949,
      0.891530633,
      -0.7756437
    ]
  },
  {
    "timeStamp": 45134,
    "rotation": [
      [
        -0.0600022264,
        0.995173633,
        -0.077647984
      ],
      [
        0.2792769,
        0.09141819,
        0.9558489
      ],
      [
        0.958334,
        0.03566776,
        -0.2834143
      ]
    ],
    "translation": [
      2.192554,
      0.883392,
      -0.7788276
    ]
  },
  {
    "timeStamp": 45191,
    "rotation": [
      [
        -0.10552343,
        0.99072814,
        -0.08557216
      ],
      [
        0.196517766,
        0.105131827,
        0.974847734
      ],
      [
        0.9748054,
        0.08605284,
        -0.205789536
      ]
    ],
    "translation": [
      2.19175935,
      0.8748359,
      -0.783281
    ]
  },
  {
    "timeStamp": 45235,
    "rotation": [
      [
        -0.113052405,
        0.9912572,
        -0.06803196
      ],
      [
        0.184784666,
        0.08825219,
        0.9788085
      ],
      [
        0.97625494,
        0.09808537,
        -0.193146259
      ]
    ],
    "translation": [
      2.188885,
      0.867622256,
      -0.7834987
    ]
  },
  {
    "timeStamp": 45291,
    "rotation": [
      [
        -0.150944144,
        0.987181246,
        -0.0518567823
      ],
      [
        0.123966865,
        0.070946604,
        0.9897468
      ],
      [
        0.9807385,
        0.142967954,
        -0.133086741
      ]
    ],
    "translation": [
      2.18409181,
      0.8629294,
      -0.78687644
    ]
  },
  {
    "timeStamp": 45335,
    "rotation": [
      [
        -0.1833777,
        0.9805088,
        -0.07053452
      ],
      [
        0.06310562,
        0.08334469,
        0.994520664
      ],
      [
        0.981014967,
        0.1779218,
        -0.0771591738
      ]
    ],
    "translation": [
      2.18323,
      0.8572033,
      -0.7908944
    ]
  },
  {
    "timeStamp": 45391,
    "rotation": [
      [
        -0.237401336,
        0.9664494,
        -0.09806248
      ],
      [
        0.00417931238,
        0.101963647,
        0.994779348
      ],
      [
        0.9714027,
        0.235752121,
        -0.0282453988
      ]
    ],
    "translation": [
      2.185176,
      0.8481224,
      -0.7966134
    ]
  },
  {
    "timeStamp": 45435,
    "rotation": [
      [
        -0.274190634,
        0.9531471,
        -0.12778911
      ],
      [
        -0.0488194749,
        0.118914574,
        0.99170357
      ],
      [
        0.9604354,
        0.278154433,
        0.0139268776
      ]
    ],
    "translation": [
      2.18777275,
      0.841104746,
      -0.8004214
    ]
  },
  {
    "timeStamp": 45491,
    "rotation": [
      [
        -0.332045525,
        0.9309565,
        -0.151874363
      ],
      [
        -0.107996583,
        0.122430004,
        0.9865838
      ],
      [
        0.9370606,
        0.343992651,
        0.05988778
      ]
    ],
    "translation": [
      2.188391,
      0.835181832,
      -0.806652
    ]
  },
  {
    "timeStamp": 45535,
    "rotation": [
      [
        -0.37689805,
        0.9094804,
        -0.1754801
      ],
      [
        -0.151473135,
        0.1263818,
        0.9803487
      ],
      [
        0.9137854,
        0.396072,
        0.09012879
      ]
    ],
    "translation": [
      2.19037056,
      0.8304083,
      -0.8121735
    ]
  },
  {
    "timeStamp": 45591,
    "rotation": [
      [
        -0.381231636,
        0.90663743,
        -0.180751383
      ],
      [
        -0.237981379,
        0.09268442,
        0.966837347
      ],
      [
        0.8933238,
        0.411604464,
        0.1804286
      ]
    ],
    "translation": [
      2.19068217,
      0.826631665,
      -0.814628243
    ]
  },
  {
    "timeStamp": 45635,
    "rotation": [
      [
        -0.372398585,
        0.9109786,
        -0.17730546
      ],
      [
        -0.307815075,
        0.05899382,
        0.9496155
      ],
      [
        0.8755393,
        0.408212781,
        0.258443743
      ]
    ],
    "translation": [
      2.19042826,
      0.8238658,
      -0.81575495
    ]
  },
  {
    "timeStamp": 45690,
    "rotation": [
      [
        -0.362079382,
        0.915752769,
        -0.1740558
      ],
      [
        -0.37499088,
        0.0278518274,
        0.92661
      ],
      [
        0.853393435,
        0.400775731,
        0.333314329
      ]
    ],
    "translation": [
      2.19050217,
      0.8218093,
      -0.816919267
    ]
  },
  {
    "timeStamp": 45735,
    "rotation": [
      [
        -0.3529156,
        0.920266449,
        -0.16899772
      ],
      [
        -0.438780159,
        -0.00325227412,
        0.898588538
      ],
      [
        0.8263912,
        0.391278774,
        0.404942453
      ]
    ],
    "translation": [
      2.19056845,
      0.8195229,
      -0.818194
    ]
  },
  {
    "timeStamp": 45791,
    "rotation": [
      [
        -0.3359456,
        0.928239942,
        -0.159722224
      ],
      [
        -0.5069685,
        -0.035286516,
        0.861242
      ],
      [
        0.793803155,
        0.370304585,
        0.482442766
      ]
    ],
    "translation": [
      2.19109178,
      0.817620754,
      -0.8198936
    ]
  },
  {
    "timeStamp": 45835,
    "rotation": [
      [
        -0.3236358,
        0.934185266,
        -0.150192633
      ],
      [
        -0.57055825,
        -0.0660531744,
        0.818596542
      ],
      [
        0.754800141,
        0.350620776,
        0.5543843
      ]
    ],
    "translation": [
      2.19130445,
      0.8159882,
      -0.822029948
    ]
  }
]