[
  {
    "timeStamp": 77431,
    "rotation": [
      [
        -0.999930561,
        0.00366819883,
        -0.0112014124
      ],
      [
        0.00439124368,
        0.9978611,
        -0.06522264
      ],
      [
        0.0109382039,
        -0.0652673,
        -0.99780786
      ]
    ],
    "translation": [
      1.76995349,
      0.7320561,
      -0.4938784
    ]
  },
  {
    "timeStamp": 77476,
    "rotation": [
      [
        -0.999966741,
        0.00444776472,
        -0.00683046039
      ],
      [
        0.00461873738,
        0.999671161,
        -0.0252226088
      ],
      [
        0.00671603,
        -0.0252533183,
        -0.999658465
      ]
    ],
    "translation": [
      1.76985312,
      0.733734846,
      -0.492853463
    ]
  },
  {
    "timeStamp": 77533,
    "rotation": [
      [
        -0.9999021,
        0.012230332,
        -0.00679471763
      ],
      [
        0.0131974062,
        0.9857284,
        -0.167825654
      ],
      [
        0.00464518229,
        -0.1678989,
        -0.9857933
      ]
    ],
    "translation": [
      1.77008808,
      0.73745054,
      -0.497982144
    ]
  },
  {
    "timeStamp": 77576,
    "rotation": [
      [
        -0.981158853,
        0.143321171,
        -0.129561841
      ],
      [
        0.151709363,
        0.9867614,
        -0.0573254749
      ],
      [
        0.119630657,
        -0.07590114,
        -0.989912868
      ]
    ],
    "translation": [
      1.77485645,
      0.734538734,
      -0.5011424
    ]
  },
  {
    "timeStamp": 77631,
    "rotation": [
      [
        -0.9884731,
        -0.150930151,
        -0.0118711777
      ],
      [
        -0.151396,
        0.9855787,
        0.0755893141
      ],
      [
        0.000291273434,
        0.07651526,
        -0.997068346
      ]
    ],
    "translation": [
      1.76199484,
      0.7133829,
      -0.5090663
    ]
  },
  {
    "timeStamp": 77676,
    "rotation": [
      [
        -0.9988853,
        0.016078623,
        -0.04438194
      ],
      [
        0.00711343624,
        0.980737448,
        0.195201069
      ],
      [
        0.046665594,
        0.194667757,
        -0.979758561
      ]
    ],
    "translation": [
      1.76293683,
      0.7288539,
      -0.502925754
    ]
  },
  {
    "timeStamp": 77731,
    "rotation": [
      [
        -0.997892261,
        0.0150939384,
        -0.06311188
      ],
      [
        0.015546157,
        0.9998568,
        -0.00668039732
      ],
      [
        0.0630020052,
        -0.007647464,
        -0.9979841
      ]
    ],
    "translation": [
      1.763643,
      0.7346998,
      -0.509911358
    ]
  },
  {
    "timeStamp": 77776,
    "rotation": [
      [
        -0.9984048,
        0.02756164,
        -0.04927756
      ],
      [
        0.0307877641,
        0.9973475,
        -0.065955326
      ],
      [
        0.0473290123,
        -0.0673672557,
        -0.9966051
      ]
    ],
    "translation": [
      1.77108479,
      0.7375804,
      -0.511765361
    ]
  },
  {
    "timeStamp": 77831,
    "rotation": [
      [
        -0.9959989,
        0.0486314744,
        -0.07497449
      ],
      [
        0.05624909,
        0.9930804,
        -0.103089295
      ],
      [
        0.06944231,
        -0.106894068,
        -0.991842449
      ]
    ],
    "translation": [
      1.77290154,
      0.7574799,
      -0.5075872
    ]
  },
  {
    "timeStamp": 77876,
    "rotation": [
      [
        -0.989763558,
        0.0956924558,
        -0.105882496
      ],
      [
        0.105971038,
        0.9897119,
        -0.09612838
      ],
      [
        0.09559439,
        -0.106364846,
        -0.9897213
      ]
    ],
    "translation": [
      1.77224016,
      0.7884316,
      -0.508299947
    ]
  },
  {
    "timeStamp": 77931,
    "rotation": [
      [
        -0.97848314,
        0.143532723,
        -0.14821969
      ],
      [
        0.162352279,
        0.9789357,
        -0.123800457
      ],
      [
        0.127328128,
        -0.145200461,
        -0.981175
      ]
    ],
    "translation": [
      1.77647519,
      0.831523359,
      -0.50874877
    ]
  },
  {
    "timeStamp": 77975,
    "rotation": [
      [
        -0.9648771,
        0.188242689,
        -0.183239952
      ],
      [
        0.215313256,
        0.966300249,
        -0.141082108
      ],
      [
        0.150507122,
        -0.175580889,
        -0.972892046
      ]
    ],
    "translation": [
      1.78392816,
      0.8734544,
      -0.5120198
    ]
  },
  {
    "timeStamp": 78031,
    "rotation": [
      [
        -0.9405464,
        0.234182149,
        -0.246030867
      ],
      [
        0.275817752,
        0.94930166,
        -0.150834277
      ],
      [
        0.198234811,
        -0.209726319,
        -0.957453847
      ]
    ],
    "translation": [
      1.80189991,
      0.9282977,
      -0.5198703
    ]
  },
  {
    "timeStamp": 78076,
    "rotation": [
      [
        -0.917233169,
        0.237155646,
        -0.320063353
      ],
      [
        0.3030437,
        0.9369126,
        -0.174239263
      ],
      [
        0.258549571,
        -0.2568112,
        -0.93123585
      ]
    ],
    "translation": [
      1.82600808,
      0.965614438,
      -0.5209948
    ]
  },
  {
    "timeStamp": 78131,
    "rotation": [
      [
        -0.842738,
        0.235336214,
        -0.484158635
      ],
      [
        0.340546131,
        0.929609656,
        -0.140904933
      ],
      [
        0.416918516,
        -0.2836243,
        -0.8635602
      ]
    ],
    "translation": [
      1.86631119,
      1.00908351,
      -0.5162045
    ]
  },
  {
    "timeStamp": 78176,
    "rotation": [
      [
        -0.756067455,
        0.213223085,
        -0.618787467
      ],
      [
        0.338708669,
        0.9364645,
        -0.09116337
      ],
      [
        0.560034335,
        -0.278514326,
        -0.7802508
      ]
    ],
    "translation": [
      1.90657187,
      1.029991,
      -0.5139042
    ]
  },
  {
    "timeStamp": 78231,
    "rotation": [
      [
        -0.615569,
        0.155396447,
        -0.7726103
      ],
      [
        0.286949247,
        0.9572658,
        -0.0360872373
      ],
      [
        0.7339856,
        -0.243914142,
        -0.6338541
      ]
    ],
    "translation": [
      1.96159768,
      1.03517747,
      -0.5211625
    ]
  },
  {
    "timeStamp": 78276,
    "rotation": [
      [
        -0.537086546,
        0.138731748,
        -0.8320406
      ],
      [
        0.23178,
        0.972687066,
        0.0125674913
      ],
      [
        0.8110587,
        -0.186100543,
        -0.554572344
      ]
    ],
    "translation": [
      1.99964976,
      1.02824092,
      -0.542074442
    ]
  },
  {
    "timeStamp": 78327,
    "rotation": [
      [
        -0.44144085,
        0.08681413,
        -0.8930808
      ],
      [
        0.187326252,
        0.9822935,
        0.00289279222
      ],
      [
        0.8775186,
        -0.166020468,
        -0.449887037
      ]
    ],
    "translation": [
      2.03747153,
      1.015884,
      -0.563590765
    ]
  },
  {
    "timeStamp": 78373,
    "rotation": [
      [
        -0.336088747,
        0.03398989,
        -0.9412168
      ],
      [
        0.109126084,
        0.994023144,
        -0.00306975842
      ],
      [
        0.935487,
        -0.103743017,
        -0.3377892
      ]
    ],
    "translation": [
      2.07854223,
      0.9918869,
      -0.5939101
    ]
  },
  {
    "timeStamp": 78426,
    "rotation": [
      [
        -0.2372736,
        -0.00393993873,
        -0.9714349
      ],
      [
        0.0549426079,
        0.998336732,
        -0.0174688138
      ],
      [
        0.9698879,
        -0.0575180538,
        -0.236662462
      ]
    ],
    "translation": [
      2.10556221,
      0.9669241,
      -0.624848962
    ]
  },
  {
    "timeStamp": 78481,
    "rotation": [
      [
        -0.1359975,
        -0.022599807,
        -0.9904514
      ],
      [
        -0.0201317277,
        0.999596357,
        -0.020044215
      ],
      [
        0.9905046,
        0.0172135346,
        -0.136397585
      ]
    ],
    "translation": [
      2.128787,
      0.9346731,
      -0.65110147
    ]
  },
  {
    "timeStamp": 78526,
    "rotation": [
      [
        -0.06054813,
        -0.0248638652,
        -0.997855544
      ],
      [
        -0.058249753,
        0.998074,
        -0.0213348158
      ],
      [
        0.9964642,
        0.05683306,
        -0.06187983
      ]
    ],
    "translation": [
      2.13887048,
      0.915472746,
      -0.664791167
    ]
  },
  {
    "timeStamp": 78581,
    "rotation": [
      [
        0.00611056667,
        0.0009836956,
        -0.999980867
      ],
      [
        -0.07457033,
        0.9972156,
        0.0005252997
      ],
      [
        0.997197032,
        0.07456569,
        0.006166907
      ]
    ],
    "translation": [
      2.14385653,
      0.9000074,
      -0.67488265
    ]
  },
  {
    "timeStamp": 78626,
    "rotation": [
      [
        0.0002137527,
        -0.03209267,
        -0.999484837
      ],
      [
        -0.06337218,
        0.9974754,
        -0.0320417061
      ],
      [
        0.9979899,
        0.063346386,
        -0.00182056974
      ]
    ],
    "translation": [
      2.13921475,
      0.892093,
      -0.676943064
    ]
  },
  {
    "timeStamp": 78681,
    "rotation": [
      [
        0.0368479453,
        -0.02661453,
        -0.9989664
      ],
      [
        -0.08502829,
        0.9959367,
        -0.0296701714
      ],
      [
        0.9956969,
        0.08603369,
        0.034435235
      ]
    ],
    "translation": [
      2.13953686,
      0.877527833,
      -0.6765995
    ]
  },
  {
    "timeStamp": 78726,
    "rotation": [
      [
        0.0483635552,
        -0.0214119572,
        -0.998600245
      ],
      [
        -0.08369691,
        0.9961671,
        -0.02541334
      ],
      [
        0.9953169,
        0.08480884,
        0.04638607
      ]
    ],
    "translation": [
      2.13695884,
      0.870665431,
      -0.674455762
    ]
  },
  {
    "timeStamp": 78782,
    "rotation": [
      [
        0.02744906,
        -0.08079129,
        -0.996353
      ],
      [
        -0.0511706434,
        0.9953082,
        -0.0821163
      ],
      [
        0.9983126,
        0.053238038,
        0.0231861342
      ]
    ],
    "translation": [
      2.13395953,
      0.866258442,
      -0.667472363
    ]
  },
  {
    "timeStamp": 78827,
    "rotation": [
      [
        0.06666739,
        -0.0707734,
        -0.9952621
      ],
      [
        -0.07071665,
        0.9946376,
        -0.07546594
      ],
      [
        0.9952661,
        0.07541271,
        0.0613050461
      ]
    ],
    "translation": [
      2.14036441,
      0.8555657,
      -0.665347
    ]
  },
  {
    "timeStamp": 78873,
    "rotation": [
      [
        0.05107081,
        -0.0352425948,
        -0.998073041
      ],
      [
        -0.065753065,
        0.997090161,
        -0.0385724343
      ],
      [
        0.996528149,
        0.06759628,
        0.04860489
      ]
    ],
    "translation": [
      2.1330204,
      0.853452265,
      -0.6603218
    ]
  },
  {
    "timeStamp": 78930,
    "rotation": [
      [
        0.058127027,
        -0.0664892942,
        -0.996092558
      ],
      [
        -0.07130237,
        0.994954944,
        -0.07057421
      ],
      [
        0.9957596,
        0.07512602,
        0.0530929267
      ]
    ],
    "translation": [
      2.136129,
      0.8460582,
      -0.6569417
    ]
  },
  {
    "timeStamp": 78976,
    "rotation": [
      [
        0.05456182,
        -0.0598653927,
        -0.9967142
      ],
      [
        -0.06866256,
        0.9956133,
        -0.063557975
      ],
      [
        0.9961468,
        0.07190479,
        0.0502119623
      ]
    ],
    "translation": [
      2.13524914,
      0.8443457,
      -0.653938055
    ]
  },
  {
    "timeStamp": 79031,
    "rotation": [
      [
        0.0395659581,
        -0.0689332858,
        -0.996836364
      ],
      [
        -0.06728276,
        0.9951695,
        -0.07148858
      ],
      [
        0.996949136,
        0.06989842,
        0.0347368158
      ]
    ],
    "translation": [
      2.13493347,
      0.8409894,
      -0.652125537
    ]
  },
  {
    "timeStamp": 79076,
    "rotation": [
      [
        0.04823182,
        -0.09713257,
        -0.9941021
      ],
      [
        -0.06409887,
        0.992907941,
        -0.100125834
      ],
      [
        0.996777356,
        0.06855007,
        0.04166367
      ]
    ],
    "translation": [
      2.13725662,
      0.8374756,
      -0.65122366
    ]
  },
  {
    "timeStamp": 79126,
    "rotation": [
      [
        0.03770448,
        -0.09243262,
        -0.9950048
      ],
      [
        -0.06584168,
        0.993319333,
        -0.09477103
      ],
      [
        0.9971175,
        0.06908608,
        0.03136667
      ]
    ],
    "translation": [
      2.13251686,
      0.8351764,
      -0.6527151
    ]
  }
]