[
  {
    "id": "003 cracker box(Clone)-5734",
    "pickRotation": [
      [
        -0.996646464,
        -0.03983869,
        0.07147483
      ],
      [
        -0.0406375863,
        -0.5171747,
        -0.854914546
      ],
      [
        0.07102365,
        -0.854952157,
        0.5138214
      ]
    ],
    "pickTranslation": [
      0.0265391879,
      0.0598523542,
      0.14748311
    ],
    "placeRotation": [
      [
        0.998888731,
        0.0161585137,
        -0.0442735367
      ],
      [
        -0.0116682677,
        0.994932652,
        0.09986398
      ],
      [
        0.0456628427,
        -0.0992364138,
        0.9940156
      ]
    ],
    "placeTranslation": [
      0.257142633,
      0.6035322,
      0.5284319
    ]
  },
  {
    "id": "025 mug(Clone)-5520",
    "pickRotation": [
      [
        -0.995088756,
        -0.0447696075,
        -0.08828341
      ],
      [
        0.08826425,
        0.00240850332,
        -0.996094167
      ],
      [
        0.0448073745,
        -0.9989944,
        0.00155488134
      ]
    ],
    "pickTranslation": [
      0.06497804,
      0.007986835,
      0.05473694
    ],
    "placeRotation": [
      [
        0.600089431,
        -0.7849055,
        0.1543245
      ],
      [
        -0.05717324,
        0.150344238,
        0.9869791
      ],
      [
        -0.797887146,
        -0.601099,
        0.0453443974
      ]
    ],
    "placeTranslation": [
      -0.7694087,
      0.0787614,
      -0.5917154
    ]
  },
  {
    "id": "101 bread(Clone)-5794",
    "pickRotation": [
      [
        -0.994540334,
        -0.0728269145,
        0.07473798
      ],
      [
        0.06858619,
        -0.9959681,
        -0.0578226671
      ],
      [
        0.07864769,
        -0.05238098,
        0.9955254
      ]
    ],
    "pickTranslation": [
      -0.00175428111,
      0.0300828926,
      -0.01306849
    ],
    "placeRotation": [
      [
        0.932978749,
        0.355874419,
        -0.0538892448
      ],
      [
        -0.349281,
        0.859014452,
        -0.374295324
      ],
      [
        -0.0869105,
        0.368032068,
        0.9257424
      ]
    ],
    "placeTranslation": [
      0.271021843,
      0.389965773,
      -0.682609141
    ]
  },
  {
    "id": "010 potted meat can(Clone)-5906",
    "pickRotation": [
      [
        -0.0287086759,
        0.004661658,
        -0.9995769
      ],
      [
        0.999582052,
        -0.00325763668,
        -0.0287240148
      ],
      [
        -0.00339016016,
        -0.999983847,
        -0.004566187
      ]
    ],
    "pickTranslation": [
      0.0373953767,
      -0.02481701,
      0.0641064048
    ],
    "placeRotation": [
      [
        -0.0733555257,
        -0.9449207,
        -0.318973
      ],
      [
        -0.07436887,
        -0.313761443,
        0.94658494
      ],
      [
        -0.9945291,
        0.09315889,
        -0.04725655
      ]
    ],
    "placeTranslation": [
      -0.838193834,
      0.213230357,
      -0.00520560332
    ]
  },
  {
    "id": "004 sugar box(Clone)-5842",
    "pickRotation": [
      [
        -0.9720748,
        -0.057835564,
        0.2274324
      ],
      [
        -0.0988675058,
        -0.778013468,
        -0.6204194
      ],
      [
        0.212827787,
        -0.6255797,
        0.7505693
      ]
    ],
    "pickTranslation": [
      0.008256116,
      0.0190781821,
      0.119457826
    ],
    "placeRotation": [
      [
        0.9569408,
        -0.269618183,
        -0.10756544
      ],
      [
        0.279083937,
        0.956460357,
        0.08541494
      ],
      [
        0.07985266,
        -0.111756824,
        0.990522
      ]
    ],
    "placeTranslation": [
      0.7233628,
      0.38474527,
      0.07087947
    ]
  },
  {
    "id": "014 lemon(Clone)-5746",
    "pickRotation": [
      [
        -0.16989173,
        -0.60356003,
        -0.779007137
      ],
      [
        -0.1419909,
        -0.7672577,
        0.6254232
      ],
      [
        -0.9751797,
        0.216866165,
        0.0446507037
      ]
    ],
    "pickTranslation": [
      0.0235886164,
      0.0253125429,
      0.0239439141
    ],
    "placeRotation": [
      [
        0.145517945,
        -0.110717975,
        0.983140945
      ],
      [
        0.6675714,
        0.7443951,
        -0.0149782309
      ],
      [
        -0.7301869,
        0.6584964,
        0.182235
      ]
    ],
    "placeTranslation": [
      -0.179574832,
      0.3738831,
      -0.499991059
    ]
  },
  {
    "id": "014 lemon(Clone)-5782",
    "pickRotation": [
      [
        -0.108071141,
        -0.5821988,
        0.805832
      ],
      [
        -0.129127115,
        -0.795492232,
        -0.5920459
      ],
      [
        0.985721469,
        -0.168037832,
        0.0107920971
      ]
    ],
    "pickTranslation": [
      0.0211198144,
      0.0325348265,
      0.0181880724
    ],
    "placeRotation": [
      [
        -0.251167655,
        -0.05635336,
        -0.966301739
      ],
      [
        0.5317127,
        0.826160669,
        -0.186386883
      ],
      [
        0.808824062,
        -0.5606093,
        -0.177541047
      ]
    ],
    "placeTranslation": [
      0.102435134,
      0.33631286,
      0.08856626
    ]
  },
  {
    "id": "011 banana(Clone)-5462",
    "pickRotation": [
      [
        -0.996523,
        -0.06343998,
        0.0540115573
      ],
      [
        -0.05670144,
        0.041393403,
        -0.9975327
      ],
      [
        0.06104774,
        -0.9971268,
        -0.0448466167
      ]
    ],
    "pickTranslation": [
      0.01732847,
      -0.00146568194,
      0.0366835073
    ],
    "placeRotation": [
      [
        -0.3199721,
        0.9361067,
        -0.146021083
      ],
      [
        -0.580155432,
        -0.0717448443,
        0.811339855
      ],
      [
        0.7490244,
        0.344321042,
        0.566043735
      ]
    ],
    "placeTranslation": [
      0.8887698,
      0.5678769,
      0.0817191452
    ]
  },
  {
    "id": "103 toothpaste(Clone)-5870",
    "pickRotation": [
      [
        0.035179235,
        -0.0102638006,
        -0.9993283
      ],
      [
        -0.9936118,
        -0.107648991,
        -0.033872366
      ],
      [
        -0.107229017,
        0.994136,
        -0.0139852418
      ]
    ],
    "pickTranslation": [
      0.0279759876,
      0.0261486433,
      -0.0232990757
    ],
    "placeRotation": [
      [
        0.0612317659,
        0.9537369,
        -0.294340849
      ],
      [
        0.303175628,
        -0.298733175,
        -0.9048995
      ],
      [
        -0.950965345,
        -0.03382836,
        -0.307441741
      ]
    ],
    "placeTranslation": [
      0.3118266,
      0.521442831,
      -0.975922644
    ]
  },
  {
    "id": "057 racquetball(Clone)-5806",
    "pickRotation": [
      [
        -0.4340631,
        -0.0239440557,
        -0.900564253
      ],
      [
        0.04581295,
        -0.99894,
        0.0044782646
      ],
      [
        -0.899716854,
        -0.03931365,
        0.434699953
      ]
    ],
    "pickTranslation": [
      0.0157279968,
      -0.1219515,
      0.03417073
    ],
    "placeRotation": [
      [
        0.486308873,
        -0.01191333,
        0.873705745
      ],
      [
        0.07050334,
        0.997181833,
        -0.0256455243
      ],
      [
        -0.870937943,
        0.07407082,
        0.4857783
      ]
    ],
    "placeTranslation": [
      0.640080869,
      1.383738,
      -0.446813047
    ]
  },
  {
    "id": "057 racquetball(Clone)-5450",
    "pickRotation": [
      [
        -0.8490912,
        -0.08610904,
        -0.5211807
      ],
      [
        0.103281833,
        -0.994644344,
        -0.003929196
      ],
      [
        -0.518051147,
        -0.0571647473,
        0.853437245
      ]
    ],
    "pickTranslation": [
      0.010688141,
      -0.117940284,
      0.0245712437
    ],
    "placeRotation": [
      [
        0.9723489,
        0.00321323657,
        0.233510658
      ],
      [
        0.05497849,
        0.9686519,
        -0.2422621
      ],
      [
        -0.226968989,
        0.248401359,
        0.9416909
      ]
    ],
    "placeTranslation": [
      0.72862345,
      1.39928186,
      -0.4798884
    ]
  },
  {
    "id": "018 plum(Clone)-5758",
    "pickRotation": [
      [
        -0.97833693,
        0.207018957,
        0.000146269842
      ],
      [
        -0.176957175,
        -0.836636245,
        0.518387854
      ],
      [
        0.107438482,
        0.5071321,
        0.855145633
      ]
    ],
    "pickTranslation": [
      0.010962327,
      0.0281461254,
      0.0188953318
    ],
    "placeRotation": [
      [
        0.9406758,
        0.2766359,
        -0.196472764
      ],
      [
        -0.337979645,
        0.8150919,
        -0.470526248
      ],
      [
        0.0299789067,
        0.509016454,
        0.860234559
      ]
    ],
    "placeTranslation": [
      -0.463419557,
      0.50035423,
      -0.570033848
    ]
  },
  {
    "id": "012 strawberry(Clone)-5770",
    "pickRotation": [
      [
        -0.248621255,
        -0.5879443,
        -0.769746
      ],
      [
        0.2302942,
        -0.8077914,
        0.542621
      ],
      [
        -0.940825164,
        -0.0423609279,
        0.336234272
      ]
    ],
    "pickTranslation": [
      0.00872775,
      0.0240701512,
      0.0212723631
    ],
    "placeRotation": [
      [
        0.3501341,
        0.0327956639,
        0.9361253
      ],
      [
        0.505412936,
        0.834811449,
        -0.218283281
      ],
      [
        -0.7886469,
        0.5495582,
        0.275720626
      ]
    ],
    "placeTranslation": [
      -0.550952852,
      0.5377551,
      -0.733359039
    ]
  },
  {
    "id": "100 half egg carton(Clone)-5858",
    "pickRotation": [
      [
        0.0103058182,
        -0.00353797479,
        0.999940634
      ],
      [
        0.5798802,
        -0.8146536,
        -0.00885889
      ],
      [
        0.8146365,
        0.579937041,
        -0.00634407066
      ]
    ],
    "pickTranslation": [
      -0.108376794,
      0.0177007224,
      -0.0199472085
    ],
    "placeRotation": [
      [
        0.0007104034,
        -0.161566854,
        -0.986861467
      ],
      [
        -0.09751862,
        0.982146859,
        -0.160865188
      ],
      [
        0.9952334,
        0.09635165,
        -0.0150580574
      ]
    ],
    "placeTranslation": [
      -0.935070932,
      0.6968324,
      -0.5605871
    ]
  },
  {
    "id": "100 half egg carton(Clone)-5818",
    "pickRotation": [
      [
        0.142284751,
        -0.06482707,
        0.987700641
      ],
      [
        0.469508171,
        -0.874034643,
        -0.1250024
      ],
      [
        0.8713881,
        0.481519461,
        -0.09392495
      ]
    ],
    "pickTranslation": [
      -0.07939362,
      0.0351292938,
      -0.0248314478
    ],
    "placeRotation": [
      [
        0.0175978616,
        -0.085840404,
        -0.9961535
      ],
      [
        -0.0821288,
        0.992816865,
        -0.0870037451
      ],
      [
        0.996466339,
        0.08334397,
        0.0104214828
      ]
    ],
    "placeTranslation": [
      -0.0849058852,
      0.6799056,
      -0.4795581
    ]
  },
  {
    "id": "102 toothbrush(Clone)-5830",
    "pickRotation": [
      [
        -0.0210320521,
        -0.03639228,
        -0.999116242
      ],
      [
        -0.115939446,
        -0.992506266,
        0.038592115
      ],
      [
        -0.9930336,
        0.116648652,
        0.0166551434
      ]
    ],
    "pickTranslation": [
      0.01735963,
      0.0151425265,
      0.0301232468
    ],
    "placeRotation": [
      [
        0.026873881,
        -0.2757541,
        0.960852444
      ],
      [
        0.778892,
        0.6082642,
        0.152780473
      ],
      [
        -0.626582,
        0.7442945,
        0.23112908
      ]
    ],
    "placeTranslation": [
      0.763087749,
      0.441871375,
      0.5313495
    ]
  }
]