[
  {
    "timeStamp": 17416,
    "rotation": [
      [
        -0.00336104259,
        0.999988139,
        -0.003536112
      ],
      [
        -0.0145624252,
        0.003486812,
        0.9998879
      ],
      [
        0.9998883,
        0.00341215963,
        0.0145505322
      ]
    ],
    "translation": [
      1.76998472,
      0.7016601,
      -0.3598826
    ]
  },
  {
    "timeStamp": 17473,
    "rotation": [
      [
        -0.00287815719,
        0.999942541,
        -0.0103265662
      ],
      [
        -0.01575939,
        0.0102799712,
        0.999823
      ],
      [
        0.9998717,
        0.00304038078,
        0.0157288965
      ]
    ],
    "translation": [
      1.76994383,
      0.7019203,
      -0.3598755
    ]
  },
  {
    "timeStamp": 17515,
    "rotation": [
      [
        -0.00333305146,
        0.9998388,
        -0.0176413786
      ],
      [
        -0.00538544031,
        0.0176232737,
        0.9998302
      ],
      [
        0.99998,
        0.00342749641,
        0.005325833
      ]
    ],
    "translation": [
      1.7699573,
      0.702367067,
      -0.3598824
    ]
  },
  {
    "timeStamp": 17571,
    "rotation": [
      [
        -0.0167217012,
        0.999853253,
        0.0037326524
      ],
      [
        -0.0287353788,
        -0.00421220064,
        0.9995782
      ],
      [
        0.999447167,
        0.0166073889,
        0.0288015977
      ]
    ],
    "translation": [
      1.76944852,
      0.713804841,
      -0.371108949
    ]
  },
  {
    "timeStamp": 17615,
    "rotation": [
      [
        -0.00256756623,
        0.9992216,
        0.03936565
      ],
      [
        -0.028281264,
        -0.03942259,
        0.998822331
      ],
      [
        0.9995967,
        0.00145124167,
        0.02836047
      ]
    ],
    "translation": [
      1.7700603,
      0.7330419,
      -0.378744364
    ]
  },
  {
    "timeStamp": 17672,
    "rotation": [
      [
        0.02831907,
        0.993615568,
        0.109206796
      ],
      [
        -0.032724265,
        -0.108270511,
        0.9935827
      ],
      [
        0.9990631,
        -0.03171105,
        0.02944922
      ]
    ],
    "translation": [
      1.77271116,
      0.7679135,
      -0.393843859
    ]
  },
  {
    "timeStamp": 17715,
    "rotation": [
      [
        0.06382626,
        0.985102057,
        0.159688011
      ],
      [
        -0.031444706,
        -0.157949626,
        0.9869464
      ],
      [
        0.997465551,
        -0.06801443,
        0.02089491
      ]
    ],
    "translation": [
      1.77953613,
      0.797730744,
      -0.4082273
    ]
  },
  {
    "timeStamp": 17771,
    "rotation": [
      [
        0.142827675,
        0.9655773,
        0.217395365
      ],
      [
        -0.0559179932,
        -0.211424142,
        0.97579354
      ],
      [
        0.988166749,
        -0.15152663,
        0.02379593
      ]
    ],
    "translation": [
      1.797535,
      0.83405745,
      -0.431739926
    ]
  },
  {
    "timeStamp": 17816,
    "rotation": [
      [
        0.213643178,
        0.913030267,
        0.3474655
      ],
      [
        -0.143848643,
        -0.322398931,
        0.935610235
      ],
      [
        0.966262937,
        -0.249869183,
        0.06245984
      ]
    ],
    "translation": [
      1.81452942,
      0.8725231,
      -0.455649078
    ]
  },
  {
    "timeStamp": 17871,
    "rotation": [
      [
        0.293562651,
        0.8212862,
        0.489193052
      ],
      [
        -0.263415426,
        -0.42242983,
        0.867274642
      ],
      [
        0.9189305,
        -0.383460462,
        0.09232982
      ]
    ],
    "translation": [
      1.84632909,
      0.915388942,
      -0.48469153
    ]
  },
  {
    "timeStamp": 17915,
    "rotation": [
      [
        0.331595331,
        0.7272905,
        0.600910246
      ],
      [
        -0.379826128,
        -0.480127662,
        0.7907019
      ],
      [
        0.8635836,
        -0.490434468,
        0.117035843
      ]
    ],
    "translation": [
      1.87761593,
      0.94580853,
      -0.510768831
    ]
  },
  {
    "timeStamp": 17971,
    "rotation": [
      [
        0.390487015,
        0.5884785,
        0.707964
      ],
      [
        -0.5036163,
        -0.5071974,
        0.699372232
      ],
      [
        0.770642936,
        -0.629637957,
        0.0983133838
      ]
    ],
    "translation": [
      1.92539239,
      0.9735646,
      -0.5392394
    ]
  },
  {
    "timeStamp": 18015,
    "rotation": [
      [
        0.4142133,
        0.463041335,
        0.7835943
      ],
      [
        -0.622399747,
        -0.4840739,
        0.6150536
      ],
      [
        0.6641128,
        -0.7424723,
        0.08768696
      ]
    ],
    "translation": [
      1.96621644,
      0.98455596,
      -0.5611075
    ]
  },
  {
    "timeStamp": 18071,
    "rotation": [
      [
        0.4280562,
        0.314896524,
        0.8471174
      ],
      [
        -0.741399467,
        -0.413660616,
        0.528404832
      ],
      [
        0.516811967,
        -0.854239464,
        0.0563941039
      ]
    ],
    "translation": [
      2.016106,
      0.9840622,
      -0.5868243
    ]
  },
  {
    "timeStamp": 18117,
    "rotation": [
      [
        0.442610651,
        0.235805,
        0.865154147
      ],
      [
        -0.813625038,
        -0.299993455,
        0.4980142
      ],
      [
        0.376974851,
        -0.924337566,
        0.05907657
      ]
    ],
    "translation": [
      2.04962587,
      0.9658112,
      -0.6081248
    ]
  },
  {
    "timeStamp": 18166,
    "rotation": [
      [
        0.3629586,
        0.10797482,
        0.9255282
      ],
      [
        -0.8883678,
        -0.25963068,
        0.3786749
      ],
      [
        0.281182855,
        -0.9596527,
        0.00168615871
      ]
    ],
    "translation": [
      2.083184,
      0.9556941,
      -0.6271502
    ]
  },
  {
    "timeStamp": 18221,
    "rotation": [
      [
        0.349972248,
        0.0458707921,
        0.9356363
      ],
      [
        -0.922800243,
        -0.154906943,
        0.3527655
      ],
      [
        0.1611182,
        -0.986863554,
        -0.0118835587
      ]
    ],
    "translation": [
      2.10797739,
      0.9259797,
      -0.640090466
    ]
  },
  {
    "timeStamp": 18266,
    "rotation": [
      [
        0.319095224,
        0.004566976,
        0.947711647
      ],
      [
        -0.939728856,
        -0.1280822,
        0.317024648
      ],
      [
        0.122832835,
        -0.991753042,
        -0.0365787
      ]
    ],
    "translation": [
      2.1211977,
      0.9118278,
      -0.643314
    ]
  },
  {
    "timeStamp": 18321,
    "rotation": [
      [
        0.320025653,
        0.0148463976,
        0.947292566
      ],
      [
        -0.9419584,
        -0.102112338,
        0.31982398
      ],
      [
        0.101478487,
        -0.9946621,
        -0.0186938774
      ]
    ],
    "translation": [
      2.12601352,
      0.8884521,
      -0.642787039
    ]
  },
  {
    "timeStamp": 18366,
    "rotation": [
      [
        0.3018461,
        -0.008694293,
        0.953317046
      ],
      [
        -0.9505858,
        -0.07892848,
        0.300261468
      ],
      [
        0.0726333,
        -0.9968424,
        -0.0320889242
      ]
    ],
    "translation": [
      2.128543,
      0.870542049,
      -0.6373185
    ]
  },
  {
    "timeStamp": 18421,
    "rotation": [
      [
        0.4189636,
        -0.0264424756,
        0.9076179
      ],
      [
        -0.907493234,
        -0.04568381,
        0.417575121
      ],
      [
        0.0304217245,
        -0.9986059,
        -0.0431362242
      ]
    ],
    "translation": [
      2.13031983,
      0.8404595,
      -0.6307707
    ]
  },
  {
    "timeStamp": 18465,
    "rotation": [
      [
        0.5849323,
        -0.07068966,
        0.807995737
      ],
      [
        -0.8107456,
        -0.0796495,
        0.579954743
      ],
      [
        0.02335965,
        -0.9943133,
        -0.103900909
      ]
    ],
    "translation": [
      2.14247227,
      0.809850454,
      -0.616196036
    ]
  },
  {
    "timeStamp": 18521,
    "rotation": [
      [
        0.6583695,
        -0.116146132,
        0.7436798
      ],
      [
        -0.7523684,
        -0.1306466,
        0.645657241
      ],
      [
        0.02216866,
        -0.9846022,
        -0.17339842
      ]
    ],
    "translation": [
      2.14891982,
      0.795039237,
      -0.5985859
    ]
  },
  {
    "timeStamp": 18567,
    "rotation": [
      [
        0.7121661,
        -0.140945643,
        0.6877164
      ],
      [
        -0.7017375,
        -0.170271918,
        0.6917889
      ],
      [
        0.0195941515,
        -0.975265,
        -0.22016874
      ]
    ],
    "translation": [
      2.15515637,
      0.7835482,
      -0.5853978
    ]
  },
  {
    "timeStamp": 18617,
    "rotation": [
      [
        0.739454,
        -0.1921132,
        0.6452134
      ],
      [
        -0.6731992,
        -0.206344426,
        0.710087955
      ],
      [
        -0.00328108435,
        -0.9594345,
        -0.281912655
      ]
    ],
    "translation": [
      2.15786839,
      0.778508067,
      -0.5734928
    ]
  },
  {
    "timeStamp": 18667,
    "rotation": [
      [
        0.751025736,
        -0.288548648,
        0.5938855
      ],
      [
        -0.654606462,
        -0.207806692,
        0.7268471
      ],
      [
        -0.0863173753,
        -0.9346422,
        -0.344954
      ]
    ],
    "translation": [
      2.16118264,
      0.7760496,
      -0.5598465
    ]
  },
  {
    "timeStamp": 18722,
    "rotation": [
      [
        0.7486107,
        -0.269992,
        0.605546355
      ],
      [
        -0.659352,
        -0.2073622,
        0.7226727
      ],
      [
        -0.06954843,
        -0.9402687,
        -0.333253324
      ]
    ],
    "translation": [
      2.16206384,
      0.779470444,
      -0.5564586
    ]
  },
  {
    "timeStamp": 18767,
    "rotation": [
      [
        0.707028449,
        -0.2120476,
        0.6746455
      ],
      [
        -0.7062705,
        -0.16322507,
        0.6888683
      ],
      [
        -0.0359538123,
        -0.963531733,
        -0.265167743
      ]
    ],
    "translation": [
      2.149804,
      0.782551348,
      -0.561529
    ]
  },
  {
    "timeStamp": 18822,
    "rotation": [
      [
        0.464624166,
        -0.0424785875,
        0.8844885
      ],
      [
        -0.8821329,
        -0.109329291,
        0.458136082
      ],
      [
        0.07723953,
        -0.993097544,
        -0.08826879
      ]
    ],
    "translation": [
      2.11169624,
      0.8131937,
      -0.58415097
    ]
  },
  {
    "timeStamp": 18867,
    "rotation": [
      [
        0.237905324,
        0.09429864,
        0.9666999
      ],
      [
        -0.96566534,
        -0.08397623,
        0.245842323
      ],
      [
        0.104362413,
        -0.9919959,
        0.071082525
      ]
    ],
    "translation": [
      2.09405279,
      0.848021448,
      -0.6077377
    ]
  },
  {
    "timeStamp": 18922,
    "rotation": [
      [
        0.236544535,
        0.105462365,
        0.9658801
      ],
      [
        -0.9665324,
        -0.07606221,
        0.245009348
      ],
      [
        0.09930624,
        -0.9915101,
        0.0839407
      ]
    ],
    "translation": [
      2.092886,
      0.8559505,
      -0.617392361
    ]
  },
  {
    "timeStamp": 18967,
    "rotation": [
      [
        0.243771985,
        0.1038848,
        0.9642526
      ],
      [
        -0.9641707,
        -0.0813166648,
        0.252512038
      ],
      [
        0.104641974,
        -0.9912595,
        0.08033996
      ]
    ],
    "translation": [
      2.09650064,
      0.862175345,
      -0.6199986
    ]
  },
  {
    "timeStamp": 19013,
    "rotation": [
      [
        0.242861524,
        0.0987758562,
        0.9650189
      ],
      [
        -0.96293354,
        -0.0958225057,
        0.252144754
      ],
      [
        0.11737635,
        -0.99048537,
        0.07184298
      ]
    ],
    "translation": [
      2.09807467,
      0.868538439,
      -0.6230687
    ]
  },
  {
    "timeStamp": 19069,
    "rotation": [
      [
        0.2350339,
        0.102185771,
        0.966600835
      ],
      [
        -0.9632194,
        -0.108784162,
        0.245711982
      ],
      [
        0.130259126,
        -0.988799334,
        0.0728593543
      ]
    ],
    "translation": [
      2.09668326,
      0.8728987,
      -0.6251677
    ]
  },
  {
    "timeStamp": 19114,
    "rotation": [
      [
        0.234791964,
        0.09760821,
        0.9671325
      ],
      [
        -0.965644538,
        -0.09057236,
        0.243571773
      ],
      [
        0.111370079,
        -0.991094947,
        0.07298917
      ]
    ],
    "translation": [
      2.094821,
      0.8679835,
      -0.625166535
    ]
  },
  {
    "timeStamp": 19170,
    "rotation": [
      [
        0.220672145,
        0.08466611,
        0.971666336
      ],
      [
        -0.970647752,
        -0.07862233,
        0.227291569
      ],
      [
        0.09563857,
        -0.993302643,
        0.06483121
      ]
    ],
    "translation": [
      2.09379745,
      0.860716641,
      -0.6203775
    ]
  },
  {
    "timeStamp": 19215,
    "rotation": [
      [
        0.214232758,
        0.0723599643,
        0.9740988
      ],
      [
        -0.973375142,
        -0.067411676,
        0.219081208
      ],
      [
        0.08151834,
        -0.9950979,
        0.0559915937
      ]
    ],
    "translation": [
      2.09294963,
      0.8533653,
      -0.6153977
    ]
  },
  {
    "timeStamp": 19270,
    "rotation": [
      [
        0.194092408,
        0.0535809249,
        0.9795189
      ],
      [
        -0.9788878,
        -0.0546510257,
        0.196956828
      ],
      [
        0.06408484,
        -0.9970669,
        0.0418423675
      ]
    ],
    "translation": [
      2.09187245,
      0.8472308,
      -0.60761863
    ]
  },
  {
    "timeStamp": 19315,
    "rotation": [
      [
        0.185213879,
        0.0615069531,
        0.9807715
      ],
      [
        -0.9802829,
        -0.05836735,
        0.188781992
      ],
      [
        0.06885644,
        -0.9963986,
        0.0494837724
      ]
    ],
    "translation": [
      2.089096,
      0.842930138,
      -0.6031905
    ]
  },
  {
    "timeStamp": 19370,
    "rotation": [
      [
        0.155369908,
        0.0505713671,
        0.9865611
      ],
      [
        -0.985696137,
        -0.0580746047,
        0.15821059
      ],
      [
        0.06529507,
        -0.997030556,
        0.0408249535
      ]
    ],
    "translation": [
      2.08613014,
      0.839353561,
      -0.59653604
    ]
  },
  {
    "timeStamp": 19415,
    "rotation": [
      [
        0.150254592,
        0.0458775125,
        0.987582266
      ],
      [
        -0.9873324,
        -0.04454023,
        0.15228565
      ],
      [
        0.05097363,
        -0.997953653,
        0.03860398
      ]
    ],
    "translation": [
      2.08380413,
      0.8327713,
      -0.593503833
    ]
  },
  {
    "timeStamp": 19470,
    "rotation": [
      [
        0.1478673,
        0.0472606048,
        0.987877369
      ],
      [
        -0.9882168,
        -0.03286498,
        0.149490386
      ],
      [
        0.0395315774,
        -0.9983418,
        0.0418440662
      ]
    ],
    "translation": [
      2.08147645,
      0.8249596,
      -0.5898733
    ]
  },
  {
    "timeStamp": 19514,
    "rotation": [
      [
        0.135444656,
        0.039127335,
        0.99001205
      ],
      [
        -0.9903867,
        -0.0229782835,
        0.136404067
      ],
      [
        0.0280859061,
        -0.99897,
        0.03563891
      ]
    ],
    "translation": [
      2.08119941,
      0.8192346,
      -0.586555243
    ]
  },
  {
    "timeStamp": 19571,
    "rotation": [
      [
        0.125707224,
        0.0275794454,
        0.99168396
      ],
      [
        -0.991842151,
        -0.0178050511,
        0.126222447
      ],
      [
        0.02113813,
        -0.999461055,
        0.0251162332
      ]
    ],
    "translation": [
      2.08148241,
      0.814845264,
      -0.5822853
    ]
  },
  {
    "timeStamp": 19615,
    "rotation": [
      [
        0.114601955,
        0.0274609867,
        0.993031859
      ],
      [
        -0.9933386,
        -0.008940577,
        0.1148846
      ],
      [
        0.0120331217,
        -0.9995829,
        0.02625345
      ]
    ],
    "translation": [
      2.080631,
      0.8108075,
      -0.58064
    ]
  },
  {
    "timeStamp": 19670,
    "rotation": [
      [
        0.1038105,
        0.025288783,
        0.9942755
      ],
      [
        -0.9945827,
        -0.002735492,
        0.103912137
      ],
      [
        0.00534764444,
        -0.999676466,
        0.024867814
      ]
    ],
    "translation": [
      2.08069968,
      0.8075679,
      -0.577585936
    ]
  },
  {
    "timeStamp": 19715,
    "rotation": [
      [
        0.09526119,
        0.02324291,
        0.9951809
      ],
      [
        -0.9954523,
        0.002432219,
        0.0952303559
      ],
      [
        -0.000207067322,
        -0.9997269,
        0.0233689025
      ]
    ],
    "translation": [
      2.080032,
      0.8057319,
      -0.5760543
    ]
  },
  {
    "timeStamp": 19770,
    "rotation": [
      [
        0.0793158337,
        0.0348115228,
        0.99624157
      ],
      [
        -0.996829331,
        -0.00359013537,
        0.07948808
      ],
      [
        0.0063437433,
        -0.999387443,
        0.0344163962
      ]
    ],
    "translation": [
      2.077911,
      0.8064605,
      -0.5738658
    ]
  },
  {
    "timeStamp": 19814,
    "rotation": [
      [
        0.0788792446,
        0.0469443351,
        0.9957782
      ],
      [
        -0.996854067,
        -0.00404893141,
        0.07915535
      ],
      [
        0.00774773257,
        -0.9988893,
        0.0464772731
      ]
    ],
    "translation": [
      2.07521,
      0.807552934,
      -0.572425365
    ]
  },
  {
    "timeStamp": 19870,
    "rotation": [
      [
        0.09171843,
        0.07049344,
        0.993286669
      ],
      [
        -0.995783746,
        0.008056573,
        0.09137723
      ],
      [
        -0.00156099116,
        -0.997479737,
        0.07093515
      ]
    ],
    "translation": [
      2.07323122,
      0.8095251,
      -0.5722393
    ]
  }
]