[
  {
    "timeStamp": 48213,
    "rotation": [
      [
        0.188833445,
        -0.9752295,
        -0.115192652
      ],
      [
        0.07328485,
        -0.102981068,
        0.991979957
      ],
      [
        -0.979270756,
        -0.195760861,
        0.052023273
      ]
    ],
    "translation": [
      1.89049864,
      0.7091435,
      -0.5773418
    ]
  },
  {
    "timeStamp": 48270,
    "rotation": [
      [
        0.170608878,
        -0.977241337,
        -0.126063466
      ],
      [
        0.0886238441,
        -0.112201773,
        0.98972553
      ],
      [
        -0.9813452,
        -0.18002817,
        0.06746426
      ]
    ],
    "translation": [
      1.89308918,
      0.7198564,
      -0.5850287
    ]
  },
  {
    "timeStamp": 48313,
    "rotation": [
      [
        0.166886628,
        -0.9819717,
        -0.08877198
      ],
      [
        0.0701295957,
        -0.07798463,
        0.9944849
      ],
      [
        -0.983478844,
        -0.172191784,
        0.0558506846
      ]
    ],
    "translation": [
      1.89189541,
      0.7307851,
      -0.5891043
    ]
  },
  {
    "timeStamp": 48368,
    "rotation": [
      [
        0.163415164,
        -0.985924542,
        -0.0353308469
      ],
      [
        0.0121102966,
        -0.0338048749,
        0.9993551
      ],
      [
        -0.986483037,
        -0.16373764,
        0.00641560927
      ]
    ],
    "translation": [
      1.89516377,
      0.757566035,
      -0.596093953
    ]
  },
  {
    "timeStamp": 48413,
    "rotation": [
      [
        0.169684052,
        -0.9853726,
        0.0157482382
      ],
      [
        -0.0392745435,
        0.009205812,
        0.999186039
      ],
      [
        -0.9847156,
        -0.170164436,
        -0.03713798
      ]
    ],
    "translation": [
      1.89783931,
      0.786711454,
      -0.6060299
    ]
  },
  {
    "timeStamp": 48468,
    "rotation": [
      [
        0.197910011,
        -0.9775578,
        0.07219731
      ],
      [
        -0.08334151,
        0.0566062219,
        0.994912
      ],
      [
        -0.9766708,
        -0.202920079,
        -0.07026821
      ]
    ],
    "translation": [
      1.906297,
      0.820856869,
      -0.62695545
    ]
  },
  {
    "timeStamp": 48513,
    "rotation": [
      [
        0.2314971,
        -0.967134237,
        0.105168968
      ],
      [
        -0.104048833,
        0.08287101,
        0.991113663
      ],
      [
        -0.9672554,
        -0.240382612,
        -0.08144479
      ]
    ],
    "translation": [
      1.91582668,
      0.84648633,
      -0.648305058
    ]
  },
  {
    "timeStamp": 48568,
    "rotation": [
      [
        0.262656629,
        -0.9598938,
        0.0980576649
      ],
      [
        -0.11281316,
        0.07037845,
        0.991120636
      ],
      [
        -0.958271742,
        -0.271386564,
        -0.08980329
      ]
    ],
    "translation": [
      1.94165146,
      0.875568867,
      -0.6803061
    ]
  },
  {
    "timeStamp": 48613,
    "rotation": [
      [
        0.259831846,
        -0.963259339,
        0.0679621
      ],
      [
        -0.128794566,
        0.0351812877,
        0.991047
      ],
      [
        -0.957026243,
        -0.266258746,
        -0.114921361
      ]
    ],
    "translation": [
      1.97268033,
      0.8998242,
      -0.7069091
    ]
  },
  {
    "timeStamp": 48668,
    "rotation": [
      [
        0.192214817,
        -0.981333137,
        0.006224009
      ],
      [
        -0.157860726,
        -0.0246594343,
        0.9871534
      ],
      [
        -0.968572855,
        -0.190728053,
        -0.159653887
      ]
    ],
    "translation": [
      2.02545929,
      0.9300535,
      -0.741793633
    ]
  },
  {
    "timeStamp": 48713,
    "rotation": [
      [
        0.128268749,
        -0.989756644,
        -0.062681146
      ],
      [
        -0.167238235,
        -0.0838849843,
        0.9823414
      ],
      [
        -0.977537,
        -0.115521006,
        -0.176284984
      ]
    ],
    "translation": [
      2.073061,
      0.9500411,
      -0.767654538
    ]
  },
  {
    "timeStamp": 48768,
    "rotation": [
      [
        0.0489631258,
        -0.985554159,
        -0.162128463
      ],
      [
        -0.16799821,
        -0.16813688,
        0.9713427
      ],
      [
        -0.984570563,
        -0.0203226916,
        -0.173803851
      ]
    ],
    "translation": [
      2.12639213,
      0.9675526,
      -0.7964575
    ]
  },
  {
    "timeStamp": 48813,
    "rotation": [
      [
        0.00195345283,
        -0.971856356,
        -0.235566288
      ],
      [
        -0.155001432,
        -0.233014,
        0.960041165
      ],
      [
        -0.9879123,
        0.0346377157,
        -0.1510943
      ]
    ],
    "translation": [
      2.1660943,
      0.973911345,
      -0.812481
    ]
  },
  {
    "timeStamp": 48868,
    "rotation": [
      [
        -0.0610527433,
        -0.9632132,
        -0.261711568
      ],
      [
        -0.158292145,
        -0.249539033,
        0.95533967
      ],
      [
        -0.9855031,
        0.0997529849,
        -0.137234032
      ]
    ],
    "translation": [
      2.20363021,
      0.9697452,
      -0.822903037
    ]
  },
  {
    "timeStamp": 48913,
    "rotation": [
      [
        -0.101758309,
        -0.957604945,
        -0.2695143
      ],
      [
        -0.159495249,
        -0.251711428,
        0.95456934
      ],
      [
        -0.98194015,
        0.140121609,
        -0.12711972
      ]
    ],
    "translation": [
      2.22900271,
      0.9617139,
      -0.824087441
    ]
  },
  {
    "timeStamp": 48963,
    "rotation": [
      [
        -0.102234788,
        -0.943356752,
        -0.3156361
      ],
      [
        -0.19055894,
        -0.292850047,
        0.936977148
      ],
      [
        -0.976337731,
        0.155938923,
        -0.149825588
      ]
    ],
    "translation": [
      2.25226617,
      0.955437839,
      -0.8134756
    ]
  },
  {
    "timeStamp": 49018,
    "rotation": [
      [
        -0.098774,
        -0.942372739,
        -0.3196519
      ],
      [
        -0.166298479,
        -0.301073581,
        0.938988566
      ],
      [
        -0.981115937,
        0.145905271,
        -0.126976892
      ]
    ],
    "translation": [
      2.26732326,
      0.935458958,
      -0.798525333
    ]
  },
  {
    "timeStamp": 49063,
    "rotation": [
      [
        -0.108000644,
        -0.9476364,
        -0.3005347
      ],
      [
        -0.147506863,
        -0.283682,
        0.9475053
      ],
      [
        -0.9831468,
        0.1466621,
        -0.109145038
      ]
    ],
    "translation": [
      2.27976751,
      0.915840149,
      -0.7856222
    ]
  },
  {
    "timeStamp": 49118,
    "rotation": [
      [
        -0.112465389,
        -0.9635035,
        -0.242925167
      ],
      [
        -0.118729807,
        -0.229694217,
        0.9659937
      ],
      [
        -0.9865368,
        0.1374833,
        -0.088563934
      ]
    ],
    "translation": [
      2.28937817,
      0.886612833,
      -0.7726405
    ]
  },
  {
    "timeStamp": 49163,
    "rotation": [
      [
        -0.09397348,
        -0.9637878,
        -0.249563813
      ],
      [
        -0.115779169,
        -0.238392651,
        0.964242756
      ],
      [
        -0.9888196,
        0.119507551,
        -0.08918396
      ]
    ],
    "translation": [
      2.29587221,
      0.87278223,
      -0.7610145
    ]
  },
  {
    "timeStamp": 49218,
    "rotation": [
      [
        -0.07513216,
        -0.963729,
        -0.256089061
      ],
      [
        -0.0834481046,
        -0.249837562,
        0.964685261
      ],
      [
        -0.993675768,
        0.0938490257,
        -0.0616505221
      ]
    ],
    "translation": [
      2.303967,
      0.852206767,
      -0.7499731
    ]
  },
  {
    "timeStamp": 49263,
    "rotation": [
      [
        -0.0736627653,
        -0.9685496,
        -0.237666756
      ],
      [
        -0.0718769059,
        -0.232538328,
        0.969927669
      ],
      [
        -0.994689643,
        0.0885302946,
        -0.05248693
      ]
    ],
    "translation": [
      2.30835,
      0.836688459,
      -0.7444672
    ]
  },
  {
    "timeStamp": 49318,
    "rotation": [
      [
        -0.0305995513,
        -0.9707905,
        -0.237969428
      ],
      [
        -0.05387271,
        -0.236133009,
        0.9702262
      ],
      [
        -0.9980788,
        0.0425085425,
        -0.04507355
      ]
    ],
    "translation": [
      2.30910516,
      0.8219524,
      -0.736729145
    ]
  },
  {
    "timeStamp": 49364,
    "rotation": [
      [
        0.0201697815,
        -0.9592771,
        -0.281745821
      ],
      [
        -0.0270400327,
        -0.282223463,
        0.958967566
      ],
      [
        -0.999430835,
        -0.0117237531,
        -0.03163127
      ]
    ],
    "translation": [
      2.31068563,
      0.814360738,
      -0.7319194
    ]
  },
  {
    "timeStamp": 49420,
    "rotation": [
      [
        0.0488225035,
        -0.959375143,
        -0.277877063
      ],
      [
        -0.014592465,
        -0.2788643,
        0.9602196
      ],
      [
        -0.998700857,
        -0.042825412,
        -0.0276145
      ]
    ],
    "translation": [
      2.31359172,
      0.803996742,
      -0.73013854
    ]
  },
  {
    "timeStamp": 49466,
    "rotation": [
      [
        0.0576273873,
        -0.9636641,
        -0.2608268
      ],
      [
        0.002248657,
        -0.261135,
        0.965299666
      ],
      [
        -0.99833566,
        -0.05621421,
        -0.0128815789
      ]
    ],
    "translation": [
      2.31801319,
      0.795562744,
      -0.731244147
    ]
  },
  {
    "timeStamp": 49523,
    "rotation": [
      [
        0.112522438,
        -0.953492463,
        -0.27962628
      ],
      [
        0.00167954562,
        -0.281230569,
        0.9596388
      ],
      [
        -0.993647754,
        -0.108450539,
        -0.0300433133
      ]
    ],
    "translation": [
      2.31923866,
      0.7929293,
      -0.726223052
    ]
  },
  {
    "timeStamp": 49567,
    "rotation": [
      [
        0.156947047,
        -0.947877944,
        -0.277299553
      ],
      [
        -0.008790387,
        -0.282108873,
        0.9593421
      ],
      [
        -0.9875679,
        -0.148128346,
        -0.0526083671
      ]
    ],
    "translation": [
      2.31764412,
      0.790536642,
      -0.720964968
    ]
  },
  {
    "timeStamp": 49623,
    "rotation": [
      [
        0.2068753,
        -0.9395935,
        -0.272702456
      ],
      [
        -0.03145244,
        -0.284975141,
        0.9580187
      ],
      [
        -0.977861643,
        -0.189613238,
        -0.0885068253
      ]
    ],
    "translation": [
      2.31610918,
      0.7893949,
      -0.713002264
    ]
  },
  {
    "timeStamp": 49667,
    "rotation": [
      [
        0.2627694,
        -0.9206872,
        -0.2885955
      ],
      [
        -0.0420430526,
        -0.309748232,
        0.949888647
      ],
      [
        -0.9639422,
        -0.237468258,
        -0.120100856
      ]
    ],
    "translation": [
      2.314203,
      0.788576841,
      -0.7061076
    ]
  },
  {
    "timeStamp": 49723,
    "rotation": [
      [
        0.311386645,
        -0.9083496,
        -0.2791763
      ],
      [
        -0.0556334555,
        -0.3107037,
        0.9488773
      ],
      [
        -0.9486534,
        -0.279936165,
        -0.1472836
      ]
    ],
    "translation": [
      2.31292963,
      0.7834043,
      -0.6993345
    ]
  },
  {
    "timeStamp": 49767,
    "rotation": [
      [
        0.327734858,
        -0.9096942,
        -0.255041718
      ],
      [
        -0.06331326,
        -0.290491939,
        0.9547805
      ],
      [
        -0.942645848,
        -0.296767324,
        -0.152800038
      ]
    ],
    "translation": [
      2.3150053,
      0.777402,
      -0.695269346
    ]
  },
  {
    "timeStamp": 49823,
    "rotation": [
      [
        0.352741957,
        -0.900930941,
        -0.252777755
      ],
      [
        -0.0763314143,
        -0.2969471,
        0.9518382
      ],
      [
        -0.9326021,
        -0.316458374,
        -0.173515022
      ]
    ],
    "translation": [
      2.31610751,
      0.7749748,
      -0.690035
    ]
  },
  {
    "timeStamp": 49867,
    "rotation": [
      [
        0.361776948,
        -0.8999863,
        -0.243191361
      ],
      [
        -0.06333764,
        -0.283986062,
        0.9567342
      ],
      [
        -0.930110633,
        -0.3307212,
        -0.159742624
      ]
    ],
    "translation": [
      2.31809378,
      0.769577146,
      -0.688036
    ]
  },
  {
    "timeStamp": 49923,
    "rotation": [
      [
        0.362441152,
        -0.903677762,
        -0.228041664
      ],
      [
        -0.06794754,
        -0.2696475,
        0.9605589
      ],
      [
        -0.929526567,
        -0.3326512,
        -0.159134015
      ]
    ],
    "translation": [
      2.320258,
      0.7661787,
      -0.6860592
    ]
  },
  {
    "timeStamp": 49968,
    "rotation": [
      [
        0.369969666,
        -0.901639163,
        -0.223984957
      ],
      [
        -0.07272549,
        -0.268459022,
        0.9605419
      ],
      [
        -0.926193,
        -0.339081973,
        -0.164893851
      ]
    ],
    "translation": [
      2.32055163,
      0.766106844,
      -0.6842586
    ]
  },
  {
    "timeStamp": 50023,
    "rotation": [
      [
        0.369424462,
        -0.904757142,
        -0.21199061
      ],
      [
        -0.06792326,
        -0.253808647,
        0.964866638
      ],
      [
        -0.926775,
        -0.342046261,
        -0.155217171
      ]
    ],
    "translation": [
      2.32126379,
      0.762410045,
      -0.6833828
    ]
  },
  {
    "timeStamp": 50067,
    "rotation": [
      [
        0.375460744,
        -0.9021682,
        -0.2124188
      ],
      [
        -0.06757411,
        -0.255222052,
        0.964518249
      ],
      [
        -0.92437166,
        -0.347784728,
        -0.156789079
      ]
    ],
    "translation": [
      2.32157278,
      0.7613032,
      -0.6818915
    ]
  },
  {
    "timeStamp": 50123,
    "rotation": [
      [
        0.379818767,
        -0.8984585,
        -0.220249921
      ],
      [
        -0.0548372231,
        -0.259541661,
        0.964173734
      ],
      [
        -0.923434138,
        -0.3541334,
        -0.147847757
      ]
    ],
    "translation": [
      2.32216072,
      0.7585143,
      -0.6810466
    ]
  },
  {
    "timeStamp": 50167,
    "rotation": [
      [
        0.3681492,
        -0.897953033,
        -0.241135865
      ],
      [
        -0.0469914526,
        -0.27698946,
        0.959723234
      ],
      [
        -0.928578436,
        -0.341990024,
        -0.144169569
      ]
    ],
    "translation": [
      2.32522,
      0.7582945,
      -0.680942535
    ]
  },
  {
    "timeStamp": 50223,
    "rotation": [
      [
        0.355989158,
        -0.8888144,
        -0.288583875
      ],
      [
        -0.0233601779,
        -0.317181766,
        0.948077
      ],
      [
        -0.9341981,
        -0.330763757,
        -0.133676127
      ]
    ],
    "translation": [
      2.33123875,
      0.758880258,
      -0.68181324
    ]
  }
]