[
  {
    "timeStamp": 53422,
    "rotation": [
      [
        0.99726516,
        0.00271679321,
        -0.0738573745
      ],
      [
        0.0735298,
        -0.137349352,
        0.9877897
      ],
      [
        -0.007460664,
        -0.9905189,
        -0.137173489
      ]
    ],
    "translation": [
      1.76646137,
      0.7028432,
      -0.751194954
    ]
  },
  {
    "timeStamp": 53466,
    "rotation": [
      [
        0.9929112,
        0.00283013564,
        -0.118824646
      ],
      [
        0.118019611,
        -0.1420306,
        0.982801437
      ],
      [
        -0.0140952813,
        -0.9898582,
        -0.14135778
      ]
    ],
    "translation": [
      1.76622951,
      0.705640733,
      -0.751269
    ]
  },
  {
    "timeStamp": 53522,
    "rotation": [
      [
        0.961812139,
        0.08190683,
        -0.2611679
      ],
      [
        0.273526758,
        -0.252672642,
        0.928083837
      ],
      [
        0.0100264,
        -0.9640787,
        -0.265427321
      ]
    ],
    "translation": [
      1.77830958,
      0.7131933,
      -0.745221257
    ]
  },
  {
    "timeStamp": 53567,
    "rotation": [
      [
        0.975139439,
        0.08510622,
        -0.204597324
      ],
      [
        0.220017046,
        -0.261960447,
        0.9396644
      ],
      [
        0.02637488,
        -0.961318731,
        -0.274172783
      ]
    ],
    "translation": [
      1.77669263,
      0.7318448,
      -0.748578668
    ]
  },
  {
    "timeStamp": 53621,
    "rotation": [
      [
        0.9910033,
        0.07372523,
        -0.111700892
      ],
      [
        0.127750412,
        -0.2722334,
        0.9537132
      ],
      [
        0.0399040133,
        -0.9594027,
        -0.2792026
      ]
    ],
    "translation": [
      1.77904522,
      0.7657958,
      -0.7569771
    ]
  },
  {
    "timeStamp": 53666,
    "rotation": [
      [
        0.9969363,
        0.071352005,
        -0.0320438221
      ],
      [
        0.0510942526,
        -0.283886969,
        0.957495451
      ],
      [
        0.0592223927,
        -0.9561993,
        -0.286662936
      ]
    ],
    "translation": [
      1.78813994,
      0.7996684,
      -0.7676277
    ]
  },
  {
    "timeStamp": 53721,
    "rotation": [
      [
        0.997078061,
        0.0689555258,
        0.03287072
      ],
      [
        -0.01071302,
        -0.299827427,
        0.9539333
      ],
      [
        0.07563452,
        -0.9514981,
        -0.298212618
      ]
    ],
    "translation": [
      1.81373191,
      0.8414554,
      -0.7845945
    ]
  },
  {
    "timeStamp": 53765,
    "rotation": [
      [
        0.9972806,
        0.05108908,
        0.0531158671
      ],
      [
        -0.03398139,
        -0.320768,
        0.946548045
      ],
      [
        0.06539613,
        -0.945778966,
        -0.3181596
      ]
    ],
    "translation": [
      1.84399927,
      0.873413265,
      -0.7985218
    ]
  },
  {
    "timeStamp": 53821,
    "rotation": [
      [
        0.99838537,
        0.005863189,
        0.05649938
      ],
      [
        -0.0514624566,
        -0.327684641,
        0.9433845
      ],
      [
        0.0240452252,
        -0.9447689,
        -0.3268538
      ]
    ],
    "translation": [
      1.88875318,
      0.9088239,
      -0.815347254
    ]
  },
  {
    "timeStamp": 53865,
    "rotation": [
      [
        0.999004662,
        -0.031472303,
        0.0316093229
      ],
      [
        -0.040696118,
        -0.352972418,
        0.934748232
      ],
      [
        -0.018261455,
        -0.9351042,
        -0.3539019
      ]
    ],
    "translation": [
      1.927472,
      0.9348665,
      -0.826013
    ]
  },
  {
    "timeStamp": 53921,
    "rotation": [
      [
        0.996299565,
        -0.0675526857,
        -0.0531387739
      ],
      [
        0.0244016126,
        -0.370504439,
        0.9285101
      ],
      [
        -0.0824115,
        -0.9263709,
        -0.367485046
      ]
    ],
    "translation": [
      1.97704756,
      0.9545609,
      -0.834025145
    ]
  },
  {
    "timeStamp": 53965,
    "rotation": [
      [
        0.9860927,
        -0.09831005,
        -0.134001419
      ],
      [
        0.0844308361,
        -0.3981607,
        0.913421869
      ],
      [
        -0.143152654,
        -0.9120325,
        -0.384322941
      ]
    ],
    "translation": [
      2.01550627,
      0.9630065,
      -0.833555341
    ]
  },
  {
    "timeStamp": 54028,
    "rotation": [
      [
        0.9703774,
        -0.08535762,
        -0.226012945
      ],
      [
        0.176442355,
        -0.3886566,
        0.9043308
      ],
      [
        -0.165032938,
        -0.9174204,
        -0.362082869
      ]
    ],
    "translation": [
      2.05825949,
      0.9593143,
      -0.8329302
    ]
  },
  {
    "timeStamp": 54063,
    "rotation": [
      [
        0.95465,
        -0.0858271,
        -0.2850914
      ],
      [
        0.230367422,
        -0.3936714,
        0.8899178
      ],
      [
        -0.1886114,
        -0.9152358,
        -0.356046617
      ]
    ],
    "translation": [
      2.089316,
      0.9556326,
      -0.8280458
    ]
  },
  {
    "timeStamp": 54116,
    "rotation": [
      [
        0.9339468,
        -0.106940418,
        -0.341038227
      ],
      [
        0.2761586,
        -0.389819771,
        0.8785084
      ],
      [
        -0.226891488,
        -0.914660752,
        -0.3345384
      ]
    ],
    "translation": [
      2.12322259,
      0.9437585,
      -0.8161514
    ]
  },
  {
    "timeStamp": 54172,
    "rotation": [
      [
        0.922146142,
        -0.0521420427,
        -0.38331145
      ],
      [
        0.336451381,
        -0.3809033,
        0.8612277
      ],
      [
        -0.190910757,
        -0.923143446,
        -0.333705246
      ]
    ],
    "translation": [
      2.14507079,
      0.9260727,
      -0.8072387
    ]
  },
  {
    "timeStamp": 54216,
    "rotation": [
      [
        0.923883557,
        -0.08401319,
        -0.373337567
      ],
      [
        0.318205267,
        -0.3732643,
        0.8714466
      ],
      [
        -0.212566569,
        -0.9239132,
        -0.318119317
      ]
    ],
    "translation": [
      2.1580677,
      0.915003538,
      -0.7950272
    ]
  },
  {
    "timeStamp": 54271,
    "rotation": [
      [
        0.918373644,
        -0.06292579,
        -0.390679121
      ],
      [
        0.339726925,
        -0.380886346,
        0.859948337
      ],
      [
        -0.2029173,
        -0.922478139,
        -0.3284184
      ]
    ],
    "translation": [
      2.17217612,
      0.900008857,
      -0.782643437
    ]
  },
  {
    "timeStamp": 54316,
    "rotation": [
      [
        0.921235442,
        -0.03710856,
        -0.3872315
      ],
      [
        0.346975148,
        -0.3716788,
        0.8610825
      ],
      [
        -0.1758793,
        -0.9276194,
        -0.329527944
      ]
    ],
    "translation": [
      2.17790031,
      0.889822245,
      -0.7752441
    ]
  },
  {
    "timeStamp": 54371,
    "rotation": [
      [
        0.9202299,
        -0.0506915972,
        -0.388081431
      ],
      [
        0.3425939,
        -0.375080019,
        0.8613619
      ],
      [
        -0.18922542,
        -0.925605357,
        -0.3277932
      ]
    ],
    "translation": [
      2.18592072,
      0.880106747,
      -0.7626962
    ]
  },
  {
    "timeStamp": 54416,
    "rotation": [
      [
        0.9165431,
        -0.0134677421,
        -0.399709016
      ],
      [
        0.366894484,
        -0.369464368,
        0.8537473
      ],
      [
        -0.1591763,
        -0.9291473,
        -0.3336888
      ]
    ],
    "translation": [
      2.190079,
      0.870718539,
      -0.7577416
    ]
  },
  {
    "timeStamp": 54472,
    "rotation": [
      [
        0.9192419,
        -0.0225788075,
        -0.393045336
      ],
      [
        0.359222829,
        -0.360425949,
        0.860843837
      ],
      [
        -0.161100551,
        -0.932514548,
        -0.3232078
      ]
    ],
    "translation": [
      2.19630814,
      0.8624916,
      -0.7499811
    ]
  },
  {
    "timeStamp": 54517,
    "rotation": [
      [
        0.9182393,
        -0.0272565559,
        -0.395086944
      ],
      [
        0.359042823,
        -0.363663644,
        0.859556258
      ],
      [
        -0.167107329,
        -0.9311315,
        -0.324143976
      ]
    ],
    "translation": [
      2.20230174,
      0.8579881,
      -0.744646847
    ]
  },
  {
    "timeStamp": 54563,
    "rotation": [
      [
        0.9167543,
        -0.0199190937,
        -0.39895454
      ],
      [
        0.365419567,
        -0.361576945,
        0.857747436
      ],
      [
        -0.161338314,
        -0.932129443,
        -0.324198425
      ]
    ],
    "translation": [
      2.20697975,
      0.853680551,
      -0.7408223
    ]
  },
  {
    "timeStamp": 54619,
    "rotation": [
      [
        0.9143966,
        -0.0260770582,
        -0.4039788
      ],
      [
        0.367448926,
        -0.3653144,
        0.855293334
      ],
      [
        -0.169882789,
        -0.930518866,
        -0.324460268
      ]
    ],
    "translation": [
      2.21288848,
      0.8510214,
      -0.735424161
    ]
  },
  {
    "timeStamp": 54665,
    "rotation": [
      [
        0.9153915,
        -0.0233699977,
        -0.401885867
      ],
      [
        0.366513431,
        -0.364548743,
        0.8560211
      ],
      [
        -0.166512191,
        -0.930891,
        -0.3251394
      ]
    ],
    "translation": [
      2.21593285,
      0.849373341,
      -0.732756138
    ]
  },
  {
    "timeStamp": 54721,
    "rotation": [
      [
        0.919092357,
        -0.0262566786,
        -0.3931663
      ],
      [
        0.358350933,
        -0.3592521,
        0.8616975
      ],
      [
        -0.1638711,
        -0.9328711,
        -0.320776761
      ]
    ],
    "translation": [
      2.21786141,
      0.8485096,
      -0.7297975
    ]
  },
  {
    "timeStamp": 54765,
    "rotation": [
      [
        0.92276305,
        -0.0261144843,
        -0.3844818
      ],
      [
        0.3505714,
        -0.357412428,
        0.8656535
      ],
      [
        -0.160024673,
        -0.9335814,
        -0.320652038
      ]
    ],
    "translation": [
      2.21848226,
      0.848030269,
      -0.7283123
    ]
  },
  {
    "timeStamp": 54820,
    "rotation": [
      [
        0.9274851,
        -0.028031975,
        -0.372807622
      ],
      [
        0.341081142,
        -0.344872981,
        0.874486268
      ],
      [
        -0.153084874,
        -0.938230634,
        -0.31030336
      ]
    ],
    "translation": [
      2.21845579,
      0.847070336,
      -0.7274492
    ]
  },
  {
    "timeStamp": 54865,
    "rotation": [
      [
        0.9307869,
        -0.027518604,
        -0.3645251
      ],
      [
        0.334769428,
        -0.336408049,
        0.880204
      ],
      [
        -0.146851137,
        -0.9413142,
        -0.3039118
      ]
    ],
    "translation": [
      2.218385,
      0.84592,
      -0.7276722
    ]
  },
  {
    "timeStamp": 54920,
    "rotation": [
      [
        0.9362505,
        -0.03316311,
        -0.349764436
      ],
      [
        0.3211843,
        -0.322691053,
        0.890343249
      ],
      [
        -0.142392427,
        -0.9459232,
        -0.291468173
      ]
    ],
    "translation": [
      2.21800923,
      0.8448132,
      -0.728054643
    ]
  },
  {
    "timeStamp": 54965,
    "rotation": [
      [
        0.936422,
        -0.03212373,
        -0.3494022
      ],
      [
        0.321358353,
        -0.321257532,
        0.890798748
      ],
      [
        -0.140863866,
        -0.946446836,
        -0.2905094
      ]
    ],
    "translation": [
      2.21880865,
      0.843820333,
      -0.7284739
    ]
  },
  {
    "timeStamp": 55021,
    "rotation": [
      [
        0.934172451,
        -0.0238932855,
        -0.356020838
      ],
      [
        0.330540657,
        -0.317880124,
        0.8886479
      ],
      [
        -0.134404659,
        -0.9478298,
        -0.289057165
      ]
    ],
    "translation": [
      2.22016382,
      0.842943132,
      -0.7287605
    ]
  },
  {
    "timeStamp": 55065,
    "rotation": [
      [
        0.9347587,
        -0.0291925166,
        -0.354081959
      ],
      [
        0.3273151,
        -0.316827267,
        0.89021647
      ],
      [
        -0.138170466,
        -0.948034,
        -0.286601871
      ]
    ],
    "translation": [
      2.220825,
      0.843335569,
      -0.7289599
    ]
  },
  {
    "timeStamp": 55120,
    "rotation": [
      [
        0.9289423,
        -0.00708381925,
        -0.3701566
      ],
      [
        0.3493309,
        -0.314354628,
        0.882694244
      ],
      [
        -0.122613266,
        -0.9492792,
        -0.2895427
      ]
    ],
    "translation": [
      2.22168159,
      0.8428972,
      -0.729804754
    ]
  }
]