[
  {
    "timeStamp": 67026,
    "rotation": [
      [
        -0.124981716,
        -0.7066053,
        -0.6964829
      ],
      [
        -0.237936229,
        0.702848136,
        -0.670366168
      ],
      [
        0.963206053,
        0.08193501,
        -0.25597018
      ]
    ],
    "translation": [
      1.1766268,
      0.7704048,
      -0.799567759
    ]
  },
  {
    "timeStamp": 67083,
    "rotation": [
      [
        -0.101674668,
        -0.6900339,
        -0.7166
      ],
      [
        -0.216498435,
        0.7184161,
        -0.661064863
      ],
      [
        0.9709741,
        0.08792922,
        -0.222435981
      ]
    ],
    "translation": [
      1.17862868,
      0.780861855,
      -0.794908166
    ]
  },
  {
    "timeStamp": 67126,
    "rotation": [
      [
        -0.116207451,
        -0.6480477,
        -0.7526819
      ],
      [
        -0.240271941,
        0.75364995,
        -0.611785233
      ],
      [
        0.9637247,
        0.109754346,
        -0.2432874
      ]
    ],
    "translation": [
      1.19121563,
      0.7984006,
      -0.801018059
    ]
  },
  {
    "timeStamp": 67182,
    "rotation": [
      [
        -0.169057891,
        -0.616607666,
        -0.7689046
      ],
      [
        -0.281935751,
        0.7777893,
        -0.561743736
      ],
      [
        0.9444213,
        0.121814519,
        -0.305335164
      ]
    ],
    "translation": [
      1.221851,
      0.8206149,
      -0.8176654
    ]
  },
  {
    "timeStamp": 67226,
    "rotation": [
      [
        -0.224117443,
        -0.618306756,
        -0.7533048
      ],
      [
        -0.3257558,
        0.7760358,
        -0.5400478
      ],
      [
        0.9185067,
        0.124359265,
        -0.375340164
      ]
    ],
    "translation": [
      1.25892556,
      0.8334509,
      -0.837104142
    ]
  },
  {
    "timeStamp": 67282,
    "rotation": [
      [
        -0.285933644,
        -0.645491,
        -0.7082255
      ],
      [
        -0.373636454,
        0.755686,
        -0.537898242
      ],
      [
        0.882404566,
        0.110815667,
        -0.457254976
      ]
    ],
    "translation": [
      1.3196944,
      0.841465533,
      -0.8626936
    ]
  },
  {
    "timeStamp": 67326,
    "rotation": [
      [
        -0.302567542,
        -0.689260066,
        -0.658311
      ],
      [
        -0.4211799,
        0.716279,
        -0.556373954
      ],
      [
        0.8550207,
        0.108926654,
        -0.507025242
      ]
    ],
    "translation": [
      1.37552726,
      0.840520561,
      -0.8800088
    ]
  },
  {
    "timeStamp": 67381,
    "rotation": [
      [
        -0.271705776,
        -0.7309317,
        -0.626031
      ],
      [
        -0.4846567,
        0.6659166,
        -0.567153335
      ],
      [
        0.8314348,
        0.149311259,
        -0.5351843
      ]
    ],
    "translation": [
      1.44867575,
      0.8380558,
      -0.8940435
    ]
  },
  {
    "timeStamp": 67426,
    "rotation": [
      [
        -0.220372,
        -0.756482,
        -0.615768731
      ],
      [
        -0.5286777,
        0.6231534,
        -0.5763504
      ],
      [
        0.81971705,
        0.1985317,
        -0.5372607
      ]
    ],
    "translation": [
      1.50648463,
      0.837070346,
      -0.899379253
    ]
  },
  {
    "timeStamp": 67486,
    "rotation": [
      [
        -0.124437034,
        -0.7527549,
        -0.6464329
      ],
      [
        -0.5611053,
        0.59070617,
        -0.5798509
      ],
      [
        0.8183375,
        0.290561974,
        -0.495880485
      ]
    ],
    "translation": [
      1.57301211,
      0.842715561,
      -0.8976583
    ]
  },
  {
    "timeStamp": 67525,
    "rotation": [
      [
        -0.024141388,
        -0.7136077,
        -0.7001294
      ],
      [
        -0.590881646,
        0.5750968,
        -0.565793753
      ],
      [
        0.806396961,
        0.400034547,
        -0.4355414
      ]
    ],
    "translation": [
      1.62215984,
      0.853869855,
      -0.888948739
    ]
  },
  {
    "timeStamp": 67580,
    "rotation": [
      [
        0.08339087,
        -0.618959546,
        -0.7809833
      ],
      [
        -0.5708654,
        0.612700641,
        -0.5465442
      ],
      [
        0.816797733,
        0.491413176,
        -0.302248985
      ]
    ],
    "translation": [
      1.67573678,
      0.8807443,
      -0.8717419
    ]
  },
  {
    "timeStamp": 67625,
    "rotation": [
      [
        0.167860061,
        -0.530426264,
        -0.830945849
      ],
      [
        -0.528590262,
        0.663061261,
        -0.5300397
      ],
      [
        0.832115,
        0.528202355,
        -0.169076651
      ]
    ],
    "translation": [
      1.71552384,
      0.908136249,
      -0.853559434
    ]
  },
  {
    "timeStamp": 67680,
    "rotation": [
      [
        0.285334736,
        -0.377626419,
        -0.8808986
      ],
      [
        -0.4566829,
        0.7544914,
        -0.4713634
      ],
      [
        0.8426297,
        0.5367877,
        0.04282707
      ]
    ],
    "translation": [
      1.76736677,
      0.952560365,
      -0.824628234
    ]
  },
  {
    "timeStamp": 67725,
    "rotation": [
      [
        0.3971741,
        -0.251929,
        -0.8824877
      ],
      [
        -0.385865,
        0.82662,
        -0.409643233
      ],
      [
        0.832682967,
        0.5032208,
        0.231101483
      ]
    ],
    "translation": [
      1.81334531,
      0.9918626,
      -0.802781
    ]
  },
  {
    "timeStamp": 67780,
    "rotation": [
      [
        0.5354211,
        -0.128683418,
        -0.8347244
      ],
      [
        -0.285849,
        0.902388334,
        -0.322468072
      ],
      [
        0.7947419,
        0.41126135,
        0.4463737
      ]
    ],
    "translation": [
      1.87515509,
      1.0443542,
      -0.7835269
    ]
  },
  {
    "timeStamp": 67825,
    "rotation": [
      [
        0.6410995,
        -0.06475617,
        -0.7647208
      ],
      [
        -0.193204284,
        0.950724,
        -0.2424786
      ],
      [
        0.742740452,
        0.303200245,
        0.596997559
      ]
    ],
    "translation": [
      1.92653453,
      1.083926,
      -0.7780481
    ]
  },
  {
    "timeStamp": 67880,
    "rotation": [
      [
        0.7557777,
        -0.0302987248,
        -0.654126942
      ],
      [
        -0.11093998,
        0.9785642,
        -0.173506409
      ],
      [
        0.6453622,
        0.2037011,
        0.736215651
      ]
    ],
    "translation": [
      1.99051106,
      1.12030268,
      -0.779966831
    ]
  },
  {
    "timeStamp": 67925,
    "rotation": [
      [
        0.8273204,
        -0.02091393,
        -0.5613409
      ],
      [
        -0.0776283,
        0.985461652,
        -0.151126266
      ],
      [
        0.5563406,
        0.168605775,
        0.813669
      ]
    ],
    "translation": [
      2.03986526,
      1.13554239,
      -0.785774
    ]
  },
  {
    "timeStamp": 67981,
    "rotation": [
      [
        0.891128957,
        -0.0488385074,
        -0.4511142
      ],
      [
        -0.03835005,
        0.9825269,
        -0.18212679
      ],
      [
        0.452126652,
        0.1795987,
        0.8736852
      ]
    ],
    "translation": [
      2.09690881,
      1.13468766,
      -0.793887258
    ]
  },
  {
    "timeStamp": 68026,
    "rotation": [
      [
        0.9292607,
        -0.08679616,
        -0.359083623
      ],
      [
        0.00392489927,
        0.9742723,
        -0.22533983
      ],
      [
        0.369403869,
        0.20799008,
        0.90569365
      ]
    ],
    "translation": [
      2.13939929,
      1.12074149,
      -0.8016291
    ]
  },
  {
    "timeStamp": 68081,
    "rotation": [
      [
        0.9460075,
        -0.0319206156,
        -0.322569132
      ],
      [
        -0.07647619,
        0.94506675,
        -0.31780526
      ],
      [
        0.3149939,
        0.325315028,
        0.8915991
      ]
    ],
    "translation": [
      2.185697,
      1.08957529,
      -0.8082036
    ]
  },
  {
    "timeStamp": 68125,
    "rotation": [
      [
        0.938836336,
        -0.0133510074,
        -0.3441047
      ],
      [
        -0.118475378,
        0.9257258,
        -0.359159172
      ],
      [
        0.323341757,
        0.3779596,
        0.867523253
      ]
    ],
    "translation": [
      2.20841479,
      1.06281948,
      -0.814386249
    ]
  },
  {
    "timeStamp": 68178,
    "rotation": [
      [
        0.9309062,
        -0.04583184,
        -0.362371683
      ],
      [
        -0.115726016,
        0.9039762,
        -0.4116242
      ],
      [
        0.346440881,
        0.42511934,
        0.836213052
      ]
    ],
    "translation": [
      2.21969032,
      1.03557968,
      -0.819380164
    ]
  },
  {
    "timeStamp": 68232,
    "rotation": [
      [
        0.896994352,
        -0.0259164665,
        -0.4412816
      ],
      [
        -0.181194,
        0.8890037,
        -0.4205248
      ],
      [
        0.403199464,
        0.457165956,
        0.792735457
      ]
    ],
    "translation": [
      2.229008,
      0.9991337,
      -0.8217771
    ]
  },
  {
    "timeStamp": 68276,
    "rotation": [
      [
        0.906871736,
        -0.0243249778,
        -0.420704126
      ],
      [
        -0.186569631,
        0.871983767,
        -0.452588171
      ],
      [
        0.377856374,
        0.488930017,
        0.786239147
      ]
    ],
    "translation": [
      2.23176384,
      0.9771078,
      -0.820132852
    ]
  },
  {
    "timeStamp": 68331,
    "rotation": [
      [
        0.8852183,
        -0.01716,
        -0.4648592
      ],
      [
        -0.215018958,
        0.871061444,
        -0.4416093
      ],
      [
        0.412498951,
        0.490874171,
        0.767389834
      ]
    ],
    "translation": [
      2.23063684,
      0.9576204,
      -0.817592859
    ]
  },
  {
    "timeStamp": 68376,
    "rotation": [
      [
        0.882814765,
        -0.0152679142,
        -0.469473124
      ],
      [
        -0.217543557,
        0.872530639,
        -0.4374529
      ],
      [
        0.416308671,
        0.488320738,
        0.7669615
      ]
    ],
    "translation": [
      2.22947526,
      0.944235861,
      -0.8143551
    ]
  },
  {
    "timeStamp": 68431,
    "rotation": [
      [
        0.8700132,
        -0.0102540618,
        -0.49292177
      ],
      [
        -0.241630435,
        0.8626127,
        -0.444425434
      ],
      [
        0.429757744,
        0.5057609,
        0.7480068
      ]
    ],
    "translation": [
      2.22615361,
      0.927647054,
      -0.8111105
    ]
  },
  {
    "timeStamp": 68476,
    "rotation": [
      [
        0.867226958,
        -0.0149828037,
        -0.497687727
      ],
      [
        -0.238089979,
        0.8653881,
        -0.440927058
      ],
      [
        0.437299341,
        0.5008783,
        0.7469206
      ]
    ],
    "translation": [
      2.223123,
      0.9179386,
      -0.810098052
    ]
  },
  {
    "timeStamp": 68532,
    "rotation": [
      [
        0.872263849,
        -0.0390296355,
        -0.4874756
      ],
      [
        -0.220172063,
        0.8587292,
        -0.462718576
      ],
      [
        0.43666926,
        0.5109412,
        0.7404452
      ]
    ],
    "translation": [
      2.21966219,
      0.9053874,
      -0.8106079
    ]
  },
  {
    "timeStamp": 68576,
    "rotation": [
      [
        0.872272432,
        -0.0196909737,
        -0.488623619
      ],
      [
        -0.241084278,
        0.8520113,
        -0.4647096
      ],
      [
        0.425463468,
        0.5231529,
        0.7384388
      ]
    ],
    "translation": [
      2.217796,
      0.896534264,
      -0.8117592
    ]
  },
  {
    "timeStamp": 68632,
    "rotation": [
      [
        0.877610266,
        -0.0215486363,
        -0.478890151
      ],
      [
        -0.238623425,
        0.8467889,
        -0.475402385
      ],
      [
        0.4157631,
        0.5314924,
        0.7380087
      ]
    ],
    "translation": [
      2.21554065,
      0.885619,
      -0.8138923
    ]
  },
  {
    "timeStamp": 68678,
    "rotation": [
      [
        0.880377352,
        -0.00660694623,
        -0.4742279
      ],
      [
        -0.248505771,
        0.845227361,
        -0.473112673
      ],
      [
        0.4039562,
        0.5343661,
        0.7424772
      ]
    ],
    "translation": [
      2.214232,
      0.877259552,
      -0.8142512
    ]
  },
  {
    "timeStamp": 68723,
    "rotation": [
      [
        0.8869578,
        0.0102391476,
        -0.461736828
      ],
      [
        -0.259327769,
        0.838316262,
        -0.479557037
      ],
      [
        0.3821712,
        0.545088053,
        0.746206462
      ]
    ],
    "translation": [
      2.21370149,
      0.8682937,
      -0.813024
    ]
  },
  {
    "timeStamp": 68780,
    "rotation": [
      [
        0.8952508,
        0.0268876534,
        -0.444750577
      ],
      [
        -0.265147716,
        0.83434695,
        -0.483282328
      ],
      [
        0.358081967,
        0.5505835,
        0.754079
      ]
    ],
    "translation": [
      2.21187115,
      0.8583007,
      -0.8100518
    ]
  },
  {
    "timeStamp": 68825,
    "rotation": [
      [
        0.9015117,
        0.0369701274,
        -0.4311726
      ],
      [
        -0.2631153,
        0.8378596,
        -0.4782904
      ],
      [
        0.34357965,
        0.5446325,
        0.7650676
      ]
    ],
    "translation": [
      2.20951843,
      0.852221668,
      -0.8069913
    ]
  },
  {
    "timeStamp": 68881,
    "rotation": [
      [
        0.910516143,
        0.0554249361,
        -0.409742057
      ],
      [
        -0.262457937,
        0.843207061,
        -0.469167054
      ],
      [
        0.31949383,
        0.534724236,
        0.7823003
      ]
    ],
    "translation": [
      2.20681143,
      0.844790637,
      -0.8030541
    ]
  },
  {
    "timeStamp": 68925,
    "rotation": [
      [
        0.918060839,
        0.05459628,
        -0.392662048
      ],
      [
        -0.244817838,
        0.857120931,
        -0.4532194
      ],
      [
        0.3118148,
        0.5122137,
        0.800255358
      ]
    ],
    "translation": [
      2.20346284,
      0.8390353,
      -0.8003094
    ]
  },
  {
    "timeStamp": 68981,
    "rotation": [
      [
        0.924843252,
        0.04353825,
        -0.3778484
      ],
      [
        -0.221946359,
        0.8685271,
        -0.443171
      ],
      [
        0.308876663,
        0.493725777,
        0.81291455
      ]
    ],
    "translation": [
      2.19842029,
      0.829946041,
      -0.796102464
    ]
  },
  {
    "timeStamp": 69025,
    "rotation": [
      [
        0.929990232,
        0.04689188,
        -0.364580929
      ],
      [
        -0.213908181,
        0.875633,
        -0.433024436
      ],
      [
        0.298933744,
        0.480695337,
        0.8243607
      ]
    ],
    "translation": [
      2.19576931,
      0.8235199,
      -0.79370296
    ]
  },
  {
    "timeStamp": 69081,
    "rotation": [
      [
        0.9359883,
        0.0363298543,
        -0.3501514
      ],
      [
        -0.193573356,
        0.8839017,
        -0.425731242
      ],
      [
        0.294032663,
        0.46625945,
        0.834354162
      ]
    ],
    "translation": [
      2.19383144,
      0.8163578,
      -0.7888446
    ]
  },
  {
    "timeStamp": 69125,
    "rotation": [
      [
        0.9421642,
        0.04128292,
        -0.3325996
      ],
      [
        -0.188097715,
        0.8864886,
        -0.4227969
      ],
      [
        0.277391464,
        0.4609053,
        0.842983
      ]
    ],
    "translation": [
      2.19303083,
      0.8119594,
      -0.7844654
    ]
  },
  {
    "timeStamp": 69181,
    "rotation": [
      [
        0.948483169,
        0.0411972627,
        -0.3141376
      ],
      [
        -0.175064132,
        0.894548655,
        -0.411260635
      ],
      [
        0.264068544,
        0.445068032,
        0.8556765
      ]
    ],
    "translation": [
      2.19257951,
      0.8078197,
      -0.7810544
    ]
  },
  {
    "timeStamp": 69225,
    "rotation": [
      [
        0.9481083,
        0.04331258,
        -0.3149835
      ],
      [
        -0.175902486,
        0.8967089,
        -0.4061668
      ],
      [
        0.264856368,
        0.440496475,
        0.857795954
      ]
    ],
    "translation": [
      2.19092464,
      0.804673433,
      -0.7782851
    ]
  }
]