[
  {
    "timeStamp": 77332,
    "rotation": [
      [
        -0.9190839,
        0.39249596,
        -0.0350960866
      ],
      [
        0.382367283,
        0.9098005,
        0.161426
      ],
      [
        0.09528948,
        0.134944439,
        -0.9862606
      ]
    ],
    "translation": [
      1.29421806,
      0.7026708,
      -0.359826475
    ]
  },
  {
    "timeStamp": 77377,
    "rotation": [
      [
        -0.9150033,
        0.4029272,
        -0.0204609241
      ],
      [
        0.393508255,
        0.9025028,
        0.175042957
      ],
      [
        0.0889956057,
        0.152113348,
        -0.9843482
      ]
    ],
    "translation": [
      1.29495907,
      0.7076334,
      -0.364101231
    ]
  },
  {
    "timeStamp": 77433,
    "rotation": [
      [
        -0.8892961,
        0.457328439,
        0.0017316828
      ],
      [
        0.451826,
        0.877998054,
        0.158027425
      ],
      [
        0.07075002,
        0.1413156,
        -0.9874332
      ]
    ],
    "translation": [
      1.29654133,
      0.7309188,
      -0.373083085
    ]
  },
  {
    "timeStamp": 77477,
    "rotation": [
      [
        -0.857432842,
        0.514378,
        0.0149736488
      ],
      [
        0.5119034,
        0.8496126,
        0.126938567
      ],
      [
        0.052572608,
        0.116506353,
        -0.9917975
      ]
    ],
    "translation": [
      1.30558419,
      0.758590043,
      -0.3835147
    ]
  },
  {
    "timeStamp": 77532,
    "rotation": [
      [
        -0.8134342,
        0.579857945,
        0.04571231
      ],
      [
        0.581157565,
        0.8069659,
        0.105176419
      ],
      [
        0.0240991134,
        0.112120152,
        -0.9934024
      ]
    ],
    "translation": [
      1.32492983,
      0.794127464,
      -0.409323424
    ]
  },
  {
    "timeStamp": 77577,
    "rotation": [
      [
        -0.7619364,
        0.6441709,
        0.06705761
      ],
      [
        0.6461292,
        0.748963952,
        0.1468675
      ],
      [
        0.0443840325,
        0.15523158,
        -0.9868806
      ]
    ],
    "translation": [
      1.34890473,
      0.820057034,
      -0.4425095
    ]
  },
  {
    "timeStamp": 77632,
    "rotation": [
      [
        -0.7235848,
        0.679091454,
        0.123530731
      ],
      [
        0.689233065,
        0.701226234,
        0.182317317
      ],
      [
        0.0371871479,
        0.2170635,
        -0.9754489
      ]
    ],
    "translation": [
      1.38565612,
      0.846602559,
      -0.4974638
    ]
  },
  {
    "timeStamp": 77677,
    "rotation": [
      [
        -0.7151848,
        0.6736853,
        0.186168879
      ],
      [
        0.698115647,
        0.675642,
        0.236943945
      ],
      [
        0.03384213,
        0.2994261,
        -0.953519166
      ]
    ],
    "translation": [
      1.420869,
      0.8565765,
      -0.550110459
    ]
  },
  {
    "timeStamp": 77732,
    "rotation": [
      [
        -0.731407344,
        0.6310803,
        0.25842014
      ],
      [
        0.681650639,
        0.665514946,
        0.304043323
      ],
      [
        0.0198933035,
        0.398531765,
        -0.9169388
      ]
    ],
    "translation": [
      1.47105813,
      0.859607935,
      -0.622577369
    ]
  },
  {
    "timeStamp": 77777,
    "rotation": [
      [
        -0.746946931,
        0.5810082,
        0.323264152
      ],
      [
        0.6648451,
        0.6474452,
        0.372552961
      ],
      [
        0.00716051925,
        0.493197858,
        -0.8698877
      ]
    ],
    "translation": [
      1.51288867,
      0.8586143,
      -0.682360351
    ]
  },
  {
    "timeStamp": 77832,
    "rotation": [
      [
        -0.757335961,
        0.5408252,
        0.365992278
      ],
      [
        0.651989758,
        0.6577714,
        0.377155334
      ],
      [
        -0.03676415,
        0.5242565,
        -0.8507665
      ]
    ],
    "translation": [
      1.56811178,
      0.865568459,
      -0.7451864
    ]
  },
  {
    "timeStamp": 77877,
    "rotation": [
      [
        -0.719605744,
        0.5849841,
        0.374113858
      ],
      [
        0.6935252,
        0.6322546,
        0.3453649
      ],
      [
        -0.03450225,
        0.507984,
        -0.8606753
      ]
    ],
    "translation": [
      1.6081723,
      0.8875148,
      -0.77678436
    ]
  },
  {
    "timeStamp": 77932,
    "rotation": [
      [
        -0.6542223,
        0.6991968,
        0.288300157
      ],
      [
        0.756297231,
        0.603425264,
        0.25276947
      ],
      [
        0.00276800222,
        0.38340804,
        -0.9235749
      ]
    ],
    "translation": [
      1.66033721,
      0.931485236,
      -0.78351754
    ]
  },
  {
    "timeStamp": 77977,
    "rotation": [
      [
        -0.5925711,
        0.7927811,
        0.142680019
      ],
      [
        0.80347836,
        0.5691269,
        0.1746913
      ],
      [
        0.0572889335,
        0.218157321,
        -0.974230647
      ]
    ],
    "translation": [
      1.71007538,
      0.969168544,
      -0.7685837
    ]
  },
  {
    "timeStamp": 78032,
    "rotation": [
      [
        -0.550420344,
        0.8270979,
        -0.113782704
      ],
      [
        0.8279427,
        0.5582908,
        0.05312403
      ],
      [
        0.107462615,
        -0.0649650246,
        -0.9920843
      ]
    ],
    "translation": [
      1.79052114,
      1.010978,
      -0.737456739
    ]
  },
  {
    "timeStamp": 78076,
    "rotation": [
      [
        -0.534726858,
        0.7861659,
        -0.309855461
      ],
      [
        0.832400262,
        0.5531958,
        -0.03292858
      ],
      [
        0.1455234,
        -0.27553156,
        -0.9502133
      ]
    ],
    "translation": [
      1.86465836,
      1.0381676,
      -0.717233658
    ]
  },
  {
    "timeStamp": 78132,
    "rotation": [
      [
        -0.520261645,
        0.688610554,
        -0.5051173
      ],
      [
        0.8306595,
        0.5453888,
        -0.112052783
      ],
      [
        0.198324591,
        -0.477877259,
        -0.855745733
      ]
    ],
    "translation": [
      1.95710576,
      1.06566262,
      -0.706563532
    ]
  },
  {
    "timeStamp": 78177,
    "rotation": [
      [
        -0.526493132,
        0.5980016,
        -0.604317
      ],
      [
        0.8183482,
        0.549141,
        -0.1695593
      ],
      [
        0.230458483,
        -0.583813548,
        -0.7784925
      ]
    ],
    "translation": [
      2.023801,
      1.08042693,
      -0.707885444
    ]
  },
  {
    "timeStamp": 78232,
    "rotation": [
      [
        -0.548991561,
        0.488552928,
        -0.6781771
      ],
      [
        0.7718062,
        0.6077482,
        -0.186968759
      ],
      [
        0.3208168,
        -0.6260656,
        -0.710716844
      ]
    ],
    "translation": [
      2.09588861,
      1.0759275,
      -0.71543324
    ]
  },
  {
    "timeStamp": 78276,
    "rotation": [
      [
        -0.5272979,
        0.440763324,
        -0.726419032
      ],
      [
        0.747867644,
        0.646547437,
        -0.150566876
      ],
      [
        0.403300017,
        -0.622658849,
        -0.6705558
      ]
    ],
    "translation": [
      2.146457,
      1.05881464,
      -0.7243716
    ]
  },
  {
    "timeStamp": 78332,
    "rotation": [
      [
        -0.5066098,
        0.4273682,
        -0.748801
      ],
      [
        0.685683846,
        0.7262194,
        -0.0494271219
      ],
      [
        0.5226702,
        -0.538481,
        -0.660949349
      ]
    ],
    "translation": [
      2.19337964,
      1.01671791,
      -0.7374505
    ]
  },
  {
    "timeStamp": 78376,
    "rotation": [
      [
        -0.5382564,
        0.383286744,
        -0.7505806
      ],
      [
        0.635060668,
        0.7699509,
        -0.0622364767
      ],
      [
        0.55405587,
        -0.5101634,
        -0.657841444
      ]
    ],
    "translation": [
      2.21916938,
      0.9917956,
      -0.7472006
    ]
  },
  {
    "timeStamp": 78439,
    "rotation": [
      [
        -0.556016147,
        0.399732381,
        -0.728738666
      ],
      [
        0.584124,
        0.8116643,
        -0.0004581958
      ],
      [
        0.591308,
        -0.425928533,
        -0.684791744
      ]
    ],
    "translation": [
      2.23204255,
      0.95464325,
      -0.7575321
    ]
  },
  {
    "timeStamp": 78472,
    "rotation": [
      [
        -0.5799459,
        0.422547251,
        -0.696503043
      ],
      [
        0.5551583,
        0.830698431,
        0.0417047776
      ],
      [
        0.596206248,
        -0.362483,
        -0.7163408
      ]
    ],
    "translation": [
      2.23382139,
      0.93062675,
      -0.762476265
    ]
  },
  {
    "timeStamp": 78527,
    "rotation": [
      [
        -0.597282946,
        0.4447572,
        -0.667416
      ],
      [
        0.5236185,
        0.8465775,
        0.0955521762
      ],
      [
        0.6075169,
        -0.292399675,
        -0.7385294
      ]
    ],
    "translation": [
      2.22931147,
      0.903178,
      -0.767509043
    ]
  },
  {
    "timeStamp": 78583,
    "rotation": [
      [
        -0.6082817,
        0.439071685,
        -0.6612181
      ],
      [
        0.500765,
        0.8586309,
        0.1094863
      ],
      [
        0.6158147,
        -0.264516443,
        -0.7421612
      ]
    ],
    "translation": [
      2.22796965,
      0.880384564,
      -0.7701397
    ]
  },
  {
    "timeStamp": 78627,
    "rotation": [
      [
        -0.613656342,
        0.439934462,
        -0.6556551
      ],
      [
        0.477596462,
        0.868073761,
        0.13546066
      ],
      [
        0.6287508,
        -0.230012253,
        -0.7428101
      ]
    ],
    "translation": [
      2.227316,
      0.8616325,
      -0.7723514
    ]
  },
  {
    "timeStamp": 78682,
    "rotation": [
      [
        -0.63080734,
        0.4249256,
        -0.649246
      ],
      [
        0.4385634,
        0.885503531,
        0.15344584
      ],
      [
        0.6401127,
        -0.187940791,
        -0.7449389
      ]
    ],
    "translation": [
      2.2272613,
      0.8405007,
      -0.775694
    ]
  },
  {
    "timeStamp": 78727,
    "rotation": [
      [
        -0.614914,
        0.451238155,
        -0.646734059
      ],
      [
        0.4304183,
        0.87922585,
        0.204210654
      ],
      [
        0.6607729,
        -0.1527942,
        -0.7348694
      ]
    ],
    "translation": [
      2.22439528,
      0.8248324,
      -0.777982652
    ]
  },
  {
    "timeStamp": 78782,
    "rotation": [
      [
        -0.6485762,
        0.420457274,
        -0.634479761
      ],
      [
        0.388234228,
        0.899735,
        0.199376926
      ],
      [
        0.6546931,
        -0.117015637,
        -0.7467826
      ]
    ],
    "translation": [
      2.22280359,
      0.811133146,
      -0.780656159
    ]
  },
  {
    "timeStamp": 78827,
    "rotation": [
      [
        -0.651315331,
        0.414701164,
        -0.63546145
      ],
      [
        0.363866478,
        0.905573547,
        0.218031466
      ],
      [
        0.665875,
        -0.08921591,
        -0.7407097
      ]
    ],
    "translation": [
      2.22216558,
      0.801372766,
      -0.78277117
    ]
  }
]