[
  {
    "timeStamp": 74523,
    "rotation": [
      [
        -0.0855509,
        0.349251777,
        0.933115363
      ],
      [
        -0.49552983,
        0.797586262,
        -0.3439569
      ],
      [
        -0.864367545,
        -0.491812319,
        0.104830466
      ]
    ],
    "translation": [
      1.45245016,
      0.722070754,
      -0.494130522
    ]
  },
  {
    "timeStamp": 74567,
    "rotation": [
      [
        -0.119531453,
        0.37349084,
        0.9199004
      ],
      [
        -0.5223225,
        0.7643003,
        -0.37818563
      ],
      [
        -0.844329,
        -0.5256897,
        0.10372474
      ]
    ],
    "translation": [
      1.45429254,
      0.7272792,
      -0.4942969
    ]
  },
  {
    "timeStamp": 74623,
    "rotation": [
      [
        -0.157887116,
        0.3680807,
        0.9162905
      ],
      [
        -0.5818838,
        0.715023458,
        -0.387495369
      ],
      [
        -0.797798753,
        -0.5943551,
        0.101287223
      ]
    ],
    "translation": [
      1.46182251,
      0.7440652,
      -0.4905719
    ]
  },
  {
    "timeStamp": 74667,
    "rotation": [
      [
        -0.192369968,
        0.405197978,
        0.89376086
      ],
      [
        -0.5930868,
        0.6776055,
        -0.434855074
      ],
      [
        -0.781819642,
        -0.6137307,
        0.1099666
      ]
    ],
    "translation": [
      1.46828246,
      0.7688354,
      -0.4974122
    ]
  },
  {
    "timeStamp": 74723,
    "rotation": [
      [
        -0.226592362,
        0.468535483,
        0.8538913
      ],
      [
        -0.586128533,
        0.6345865,
        -0.503739238
      ],
      [
        -0.7778877,
        -0.61463356,
        0.130829573
      ]
    ],
    "translation": [
      1.4773277,
      0.8050058,
      -0.5172823
    ]
  },
  {
    "timeStamp": 74767,
    "rotation": [
      [
        -0.232591748,
        0.5227404,
        0.8201485
      ],
      [
        -0.5798379,
        0.602487445,
        -0.5484495
      ],
      [
        -0.7808259,
        -0.603118062,
        0.162971124
      ]
    ],
    "translation": [
      1.49023175,
      0.83374697,
      -0.542261243
    ]
  },
  {
    "timeStamp": 74823,
    "rotation": [
      [
        -0.228168234,
        0.597464,
        0.7687496
      ],
      [
        -0.5355266,
        0.582394958,
        -0.6115778
      ],
      [
        -0.8131116,
        -0.551228464,
        0.187073871
      ]
    ],
    "translation": [
      1.50912929,
      0.8649068,
      -0.5826953
    ]
  },
  {
    "timeStamp": 74867,
    "rotation": [
      [
        -0.211693168,
        0.649989,
        0.7298632
      ],
      [
        -0.5070046,
        0.5654074,
        -0.650584936
      ],
      [
        -0.835543156,
        -0.5077684,
        0.209854558
      ]
    ],
    "translation": [
      1.52991509,
      0.887852967,
      -0.618308961
    ]
  },
  {
    "timeStamp": 74923,
    "rotation": [
      [
        -0.180749565,
        0.6957861,
        0.695134
      ],
      [
        -0.49943012,
        0.5439405,
        -0.6743132
      ],
      [
        -0.8472893,
        -0.469052672,
        0.249179527
      ]
    ],
    "translation": [
      1.55973554,
      0.9154501,
      -0.6639862
    ]
  },
  {
    "timeStamp": 74968,
    "rotation": [
      [
        -0.208271071,
        0.7053741,
        0.677547455
      ],
      [
        -0.5217843,
        0.505795062,
        -0.686958969
      ],
      [
        -0.8272632,
        -0.496607244,
        0.262710661
      ]
    ],
    "translation": [
      1.59190059,
      0.9411192,
      -0.6912369
    ]
  },
  {
    "timeStamp": 75023,
    "rotation": [
      [
        -0.298621118,
        0.6901316,
        0.6591994
      ],
      [
        -0.525044262,
        0.457995445,
        -0.717334449
      ],
      [
        -0.7969655,
        -0.5603201,
        0.22558254
      ]
    ],
    "translation": [
      1.64070368,
      0.97611475,
      -0.710959256
    ]
  },
  {
    "timeStamp": 75067,
    "rotation": [
      [
        -0.399937749,
        0.6446322,
        0.6515359
      ],
      [
        -0.542738438,
        0.406261176,
        -0.735110044
      ],
      [
        -0.7385694,
        -0.6476119,
        0.187387511
      ]
    ],
    "translation": [
      1.68794668,
      1.00673556,
      -0.71876967
    ]
  },
  {
    "timeStamp": 75122,
    "rotation": [
      [
        -0.5296568,
        0.5517823,
        0.644204855
      ],
      [
        -0.566964149,
        0.3345834,
        -0.752732038
      ],
      [
        -0.630884469,
        -0.7639308,
        0.13562642
      ]
    ],
    "translation": [
      1.75691152,
      1.04634809,
      -0.720649838
    ]
  },
  {
    "timeStamp": 75167,
    "rotation": [
      [
        -0.630292535,
        0.434213281,
        0.643576145
      ],
      [
        -0.5874924,
        0.2751587,
        -0.761012733
      ],
      [
        -0.5075274,
        -0.8577567,
        0.08166653
      ]
    ],
    "translation": [
      1.81979442,
      1.07434881,
      -0.7209678
    ]
  },
  {
    "timeStamp": 75222,
    "rotation": [
      [
        -0.688033342,
        0.263850838,
        0.676012456
      ],
      [
        -0.6418812,
        0.213289708,
        -0.736543238
      ],
      [
        -0.338524044,
        -0.940686047,
        0.02261046
      ]
    ],
    "translation": [
      1.9034903,
      1.10126376,
      -0.721609
    ]
  },
  {
    "timeStamp": 75267,
    "rotation": [
      [
        -0.6958925,
        0.119181216,
        0.708187342
      ],
      [
        -0.6904886,
        0.1599954,
        -0.705426753
      ],
      [
        -0.197380349,
        -0.979896545,
        -0.0290463343
      ]
    ],
    "translation": [
      1.968525,
      1.11730015,
      -0.7279462
    ]
  },
  {
    "timeStamp": 75322,
    "rotation": [
      [
        -0.664509833,
        -0.0400447324,
        0.7462058
      ],
      [
        -0.7442095,
        0.125884145,
        -0.6559766
      ],
      [
        -0.06766708,
        -0.9912364,
        -0.113452919
      ]
    ],
    "translation": [
      2.04941082,
      1.1256752,
      -0.7354107
    ]
  },
  {
    "timeStamp": 75367,
    "rotation": [
      [
        -0.6615641,
        -0.145746425,
        0.735588849
      ],
      [
        -0.749869466,
        0.121549487,
        -0.6503242
      ],
      [
        0.005371987,
        -0.9818267,
        -0.189703554
      ]
    ],
    "translation": [
      2.109136,
      1.12298369,
      -0.7419965
    ]
  },
  {
    "timeStamp": 75422,
    "rotation": [
      [
        -0.697812557,
        -0.210468471,
        0.684661031
      ],
      [
        -0.716049,
        0.229272276,
        -0.659323931
      ],
      [
        -0.0182068888,
        -0.9503353,
        -0.3106948
      ]
    ],
    "translation": [
      2.17492628,
      1.09324336,
      -0.7456285
    ]
  },
  {
    "timeStamp": 75466,
    "rotation": [
      [
        -0.73473984,
        -0.172306076,
        0.6561006
      ],
      [
        -0.6712131,
        0.3245877,
        -0.6664201
      ],
      [
        -0.098133944,
        -0.930028737,
        -0.354141623
      ]
    ],
    "translation": [
      2.205297,
      1.06230223,
      -0.7447042
    ]
  },
  {
    "timeStamp": 75523,
    "rotation": [
      [
        -0.693358541,
        -0.0990890563,
        0.7137474
      ],
      [
        -0.6719797,
        0.446555048,
        -0.590789139
      ],
      [
        -0.260186762,
        -0.8892525,
        -0.3762086
      ]
    ],
    "translation": [
      2.21562433,
      1.01251733,
      -0.7479292
    ]
  },
  {
    "timeStamp": 75566,
    "rotation": [
      [
        -0.6837896,
        0.0213549715,
        0.7293667
      ],
      [
        -0.605972946,
        0.5402133,
        -0.58392334
      ],
      [
        -0.406483233,
        -0.8412572,
        -0.3564517
      ]
    ],
    "translation": [
      2.20842123,
      0.9756054,
      -0.7502363
    ]
  },
  {
    "timeStamp": 75622,
    "rotation": [
      [
        -0.6589824,
        0.05717844,
        0.7499819
      ],
      [
        -0.578636348,
        0.5984992,
        -0.5540566
      ],
      [
        -0.480543643,
        -0.7990803,
        -0.3613149
      ]
    ],
    "translation": [
      2.204537,
      0.9398164,
      -0.7538983
    ]
  },
  {
    "timeStamp": 75666,
    "rotation": [
      [
        -0.6624976,
        0.112334967,
        0.7405929
      ],
      [
        -0.5123878,
        0.653236568,
        -0.557441235
      ],
      [
        -0.546402454,
        -0.74877423,
        -0.3752086
      ]
    ],
    "translation": [
      2.19985032,
      0.9116113,
      -0.759131968
    ]
  },
  {
    "timeStamp": 75717,
    "rotation": [
      [
        -0.6539883,
        0.11208991,
        0.748154461
      ],
      [
        -0.4958925,
        0.6833367,
        -0.535855949
      ],
      [
        -0.571305454,
        -0.721447766,
        -0.391309649
      ]
    ],
    "translation": [
      2.19922256,
      0.8860791,
      -0.7621825
    ]
  },
  {
    "timeStamp": 75773,
    "rotation": [
      [
        -0.6471621,
        0.151605,
        0.747125864
      ],
      [
        -0.439045459,
        0.72706753,
        -0.527837
      ],
      [
        -0.6232337,
        -0.6696183,
        -0.403969049
      ]
    ],
    "translation": [
      2.192192,
      0.862255454,
      -0.7691285
    ]
  },
  {
    "timeStamp": 75817,
    "rotation": [
      [
        -0.644540846,
        0.161240309,
        0.747374535
      ],
      [
        -0.413932472,
        0.74827075,
        -0.5184118
      ],
      [
        -0.6428274,
        -0.6435002,
        -0.415548444
      ]
    ],
    "translation": [
      2.18975163,
      0.847847342,
      -0.772330761
    ]
  },
  {
    "timeStamp": 75873,
    "rotation": [
      [
        -0.650590956,
        0.171934292,
        0.739709437
      ],
      [
        -0.381566852,
        0.7681562,
        -0.5141429
      ],
      [
        -0.6566111,
        -0.6167453,
        -0.434151
      ]
    ],
    "translation": [
      2.1872437,
      0.833917,
      -0.7768578
    ]
  },
  {
    "timeStamp": 75917,
    "rotation": [
      [
        -0.6369452,
        0.182938829,
        0.7488886
      ],
      [
        -0.360512555,
        0.7879833,
        -0.499112248
      ],
      [
        -0.6814187,
        -0.5878909,
        -0.435950428
      ]
    ],
    "translation": [
      2.18304229,
      0.823175669,
      -0.7808365
    ]
  },
  {
    "timeStamp": 75972,
    "rotation": [
      [
        -0.6271545,
        0.197094724,
        0.7535455
      ],
      [
        -0.3286226,
        0.8101755,
        -0.485409945
      ],
      [
        -0.706175864,
        -0.5520592,
        -0.4433354
      ]
    ],
    "translation": [
      2.177611,
      0.813044846,
      -0.785340369
    ]
  }
]