[
  {
    "timeStamp": 57697,
    "rotation": [
      [
        -0.9998979,
        -0.00328526529,
        -0.01390538
      ],
      [
        -0.01377386,
        -0.03713909,
        0.9992152
      ],
      [
        -0.00379911414,
        0.9993047,
        0.0370900519
      ]
    ],
    "translation": [
      1.15397978,
      0.7031011,
      -0.489439547
    ]
  },
  {
    "timeStamp": 57754,
    "rotation": [
      [
        -0.999870956,
        -0.0106715038,
        0.0120074032
      ],
      [
        0.0127379838,
        -0.07125869,
        0.9973765
      ],
      [
        -0.009787866,
        0.997400761,
        0.07138542
      ]
    ],
    "translation": [
      1.148521,
      0.706154168,
      -0.496036
    ]
  },
  {
    "timeStamp": 57797,
    "rotation": [
      [
        -0.998033464,
        -0.002777034,
        0.06262257
      ],
      [
        0.0626485646,
        -0.07782865,
        0.9949964
      ],
      [
        0.00211067428,
        0.9969629,
        0.0778495744
      ]
    ],
    "translation": [
      1.14395452,
      0.7203194,
      -0.498711318
    ]
  },
  {
    "timeStamp": 57852,
    "rotation": [
      [
        -0.993188441,
        -0.043926727,
        0.107921869
      ],
      [
        0.110583887,
        -0.06351289,
        0.991835356
      ],
      [
        -0.0367136747,
        0.9970138,
        0.06793786
      ]
    ],
    "translation": [
      1.13863754,
      0.742428541,
      -0.5070175
    ]
  },
  {
    "timeStamp": 57897,
    "rotation": [
      [
        -0.9891164,
        -0.07762638,
        0.124991424
      ],
      [
        0.127598286,
        -0.0295635983,
        0.9913852
      ],
      [
        -0.0732624456,
        0.996544063,
        0.0391468331
      ]
    ],
    "translation": [
      1.14495754,
      0.757091761,
      -0.5093323
    ]
  },
  {
    "timeStamp": 57952,
    "rotation": [
      [
        -0.982103467,
        -0.08778236,
        0.166634336
      ],
      [
        0.170220464,
        -0.0350350626,
        0.984783
      ],
      [
        -0.08060853,
        0.995523334,
        0.04935041
      ]
    ],
    "translation": [
      1.1532768,
      0.7779113,
      -0.5209961
    ]
  },
  {
    "timeStamp": 57997,
    "rotation": [
      [
        -0.976346433,
        -0.09894067,
        0.192245573
      ],
      [
        0.192804053,
        0.00397633342,
        0.981229246
      ],
      [
        -0.09784791,
        0.995085359,
        0.0151938833
      ]
    ],
    "translation": [
      1.17043626,
      0.798169851,
      -0.5240896
    ]
  },
  {
    "timeStamp": 58053,
    "rotation": [
      [
        -0.958835542,
        -0.08708819,
        0.270277679
      ],
      [
        0.275397837,
        -0.05320199,
        0.959857047
      ],
      [
        -0.06921289,
        0.994779,
        0.07499585
      ]
    ],
    "translation": [
      1.19119561,
      0.8322017,
      -0.557191
    ]
  },
  {
    "timeStamp": 58097,
    "rotation": [
      [
        -0.9483787,
        -0.09084251,
        0.3038512
      ],
      [
        0.313361734,
        -0.120964736,
        0.941898048
      ],
      [
        -0.04880909,
        0.988491356,
        0.143186942
      ]
    ],
    "translation": [
      1.22658157,
      0.8508769,
      -0.592652
    ]
  },
  {
    "timeStamp": 58152,
    "rotation": [
      [
        -0.9449969,
        -0.10215389,
        0.310717583
      ],
      [
        0.3188704,
        -0.0762403,
        0.944727
      ],
      [
        -0.07281834,
        0.9918427,
        0.104620695
      ]
    ],
    "translation": [
      1.28516161,
      0.863074541,
      -0.6213377
    ]
  },
  {
    "timeStamp": 58197,
    "rotation": [
      [
        -0.9428578,
        -0.08648445,
        0.321775734
      ],
      [
        0.330086,
        -0.110818267,
        0.937423348
      ],
      [
        -0.0454139039,
        0.9900706,
        0.133033171
      ]
    ],
    "translation": [
      1.33417749,
      0.8702731,
      -0.65389
    ]
  },
  {
    "timeStamp": 58252,
    "rotation": [
      [
        -0.947903454,
        -0.08331717,
        0.307469249
      ],
      [
        0.317294717,
        -0.161069646,
        0.9345484
      ],
      [
        -0.0283399783,
        0.983419955,
        0.179114565
      ]
    ],
    "translation": [
      1.40496981,
      0.868554533,
      -0.706078231
    ]
  },
  {
    "timeStamp": 58298,
    "rotation": [
      [
        -0.9518471,
        -0.07721579,
        0.2966899
      ],
      [
        0.306474447,
        -0.215093538,
        0.927258432
      ],
      [
        -0.00778292539,
        0.9735361,
        0.228400826
      ]
    ],
    "translation": [
      1.4600091,
      0.8648455,
      -0.7488792
    ]
  },
  {
    "timeStamp": 58351,
    "rotation": [
      [
        -0.965559244,
        -0.0405720957,
        0.257000357
      ],
      [
        0.25913772,
        -0.238420352,
        0.9359505
      ],
      [
        0.0233006421,
        0.970314145,
        0.240722746
      ]
    ],
    "translation": [
      1.53152442,
      0.8523204,
      -0.7936473
    ]
  },
  {
    "timeStamp": 58396,
    "rotation": [
      [
        -0.9723007,
        0.0205372088,
        0.232829466
      ],
      [
        0.2211858,
        -0.2411458,
        0.944947362
      ],
      [
        0.07555244,
        0.9702715,
        0.2299237
      ]
    ],
    "translation": [
      1.58797514,
      0.839365959,
      -0.812280059
    ]
  },
  {
    "timeStamp": 58452,
    "rotation": [
      [
        -0.965695262,
        0.108781889,
        0.235794589
      ],
      [
        0.19479385,
        -0.297002524,
        0.9347967
      ],
      [
        0.171720535,
        0.9486601,
        0.265623868
      ]
    ],
    "translation": [
      1.645204,
      0.8352336,
      -0.847863
    ]
  },
  {
    "timeStamp": 58496,
    "rotation": [
      [
        -0.9513258,
        0.185118049,
        0.246395037
      ],
      [
        0.182911485,
        -0.304309845,
        0.934847
      ],
      [
        0.248037487,
        0.934412539,
        0.2556376
      ]
    ],
    "translation": [
      1.68503308,
      0.8375995,
      -0.860715747
    ]
  },
  {
    "timeStamp": 58551,
    "rotation": [
      [
        -0.918244,
        0.2809184,
        0.2791284
      ],
      [
        0.184433967,
        -0.3203781,
        0.929161966
      ],
      [
        0.35044533,
        0.904678166,
        0.242374375
      ]
    ],
    "translation": [
      1.72707367,
      0.847974658,
      -0.8706896
    ]
  },
  {
    "timeStamp": 58596,
    "rotation": [
      [
        -0.883031368,
        0.356776118,
        0.3049037
      ],
      [
        0.192497626,
        -0.317173451,
        0.928625643
      ],
      [
        0.428018868,
        0.8786989,
        0.211395577
      ]
    ],
    "translation": [
      1.757249,
      0.8597833,
      -0.870176554
    ]
  },
  {
    "timeStamp": 58651,
    "rotation": [
      [
        -0.8435384,
        0.431480169,
        0.319793552
      ],
      [
        0.20402351,
        -0.2933588,
        0.9339781
      ],
      [
        0.496807247,
        0.8530917,
        0.159427315
      ]
    ],
    "translation": [
      1.79784369,
      0.8756013,
      -0.8650325
    ]
  },
  {
    "timeStamp": 58696,
    "rotation": [
      [
        -0.806268334,
        0.4865044,
        0.336518556
      ],
      [
        0.219539762,
        -0.282156616,
        0.9339111
      ],
      [
        0.5493028,
        0.826862156,
        0.1206869
      ]
    ],
    "translation": [
      1.82875383,
      0.8913562,
      -0.8615245
    ]
  },
  {
    "timeStamp": 58752,
    "rotation": [
      [
        -0.7556301,
        0.5529168,
        0.351149857
      ],
      [
        0.252877623,
        -0.248279586,
        0.935099
      ],
      [
        0.6042153,
        0.795386851,
        0.04778723
      ]
    ],
    "translation": [
      1.86997664,
      0.9146011,
      -0.8513668
    ]
  },
  {
    "timeStamp": 58796,
    "rotation": [
      [
        -0.716078162,
        0.5880228,
        0.376113176
      ],
      [
        0.295174748,
        -0.233187512,
        0.926550269
      ],
      [
        0.632537663,
        0.774501562,
        -0.00658900943
      ]
    ],
    "translation": [
      1.899232,
      0.9359362,
      -0.8475005
    ]
  },
  {
    "timeStamp": 58852,
    "rotation": [
      [
        -0.6672619,
        0.645248353,
        0.372043073
      ],
      [
        0.3271231,
        -0.194871426,
        0.9246705
      ],
      [
        0.6691427,
        0.738701344,
        -0.0810453743
      ]
    ],
    "translation": [
      1.94536769,
      0.958065,
      -0.8407694
    ]
  },
  {
    "timeStamp": 58896,
    "rotation": [
      [
        -0.61659646,
        0.7046997,
        0.351008832
      ],
      [
        0.341820568,
        -0.1620014,
        0.9256966
      ],
      [
        0.709202051,
        0.6907633,
        -0.14099136
      ]
    ],
    "translation": [
      1.989672,
      0.971785665,
      -0.833292246
    ]
  },
  {
    "timeStamp": 58952,
    "rotation": [
      [
        -0.5468033,
        0.7857523,
        0.289135665
      ],
      [
        0.32843402,
        -0.116356589,
        0.9373325
      ],
      [
        0.770154059,
        0.607498467,
        -0.194443643
      ]
    ],
    "translation": [
      2.05578,
      0.97915256,
      -0.825558364
    ]
  },
  {
    "timeStamp": 59003,
    "rotation": [
      [
        -0.501082,
        0.8470564,
        0.177235112
      ],
      [
        0.27226603,
        -0.04009625,
        0.961386263
      ],
      [
        0.8214548,
        0.5299884,
        -0.210533187
      ]
    ],
    "translation": [
      2.117995,
      0.971641243,
      -0.8254614
    ]
  },
  {
    "timeStamp": 59047,
    "rotation": [
      [
        -0.4612157,
        0.883666,
        0.0800908059
      ],
      [
        0.2181305,
        0.0254276581,
        0.9755883
      ],
      [
        0.8600577,
        0.467426866,
        -0.204482138
      ]
    ],
    "translation": [
      2.172237,
      0.959404647,
      -0.8278358
    ]
  },
  {
    "timeStamp": 59102,
    "rotation": [
      [
        -0.433269858,
        0.8989194,
        0.06497045
      ],
      [
        0.193753377,
        0.0224992167,
        0.9807922
      ],
      [
        0.8801914,
        0.437535942,
        -0.1839169
      ]
    ],
    "translation": [
      2.19632316,
      0.9430015,
      -0.82934016
    ]
  },
  {
    "timeStamp": 59147,
    "rotation": [
      [
        -0.446303785,
        0.8940152,
        0.0393669121
      ],
      [
        0.164216042,
        0.03857593,
        0.9856698
      ],
      [
        0.879685163,
        0.446372867,
        -0.164028227
      ]
    ],
    "translation": [
      2.20922136,
      0.9287095,
      -0.8289132
    ]
  },
  {
    "timeStamp": 59202,
    "rotation": [
      [
        -0.450659543,
        0.8894842,
        0.07565517
      ],
      [
        0.16701144,
        0.0007563129,
        0.985954642
      ],
      [
        0.8769339,
        0.456965148,
        -0.148894876
      ]
    ],
    "translation": [
      2.201068,
      0.913326263,
      -0.8257176
    ]
  },
  {
    "timeStamp": 59247,
    "rotation": [
      [
        -0.459615469,
        0.8866889,
        0.0503634363
      ],
      [
        0.142869815,
        0.0178489946,
        0.9895805
      ],
      [
        0.8765511,
        0.462021947,
        -0.13488476
      ]
    ],
    "translation": [
      2.207886,
      0.9016995,
      -0.8233417
    ]
  },
  {
    "timeStamp": 59302,
    "rotation": [
      [
        -0.491676271,
        0.868533432,
        0.06248363
      ],
      [
        0.144666567,
        0.01071509,
        0.989422441
      ],
      [
        0.8586769,
        0.49551484,
        -0.1309161
      ]
    ],
    "translation": [
      2.20221,
      0.892972469,
      -0.818820059
    ]
  },
  {
    "timeStamp": 59347,
    "rotation": [
      [
        -0.5402095,
        0.839848936,
        0.0531738661
      ],
      [
        0.141502112,
        0.02836649,
        0.989531457
      ],
      [
        0.8295486,
        0.5420785,
        -0.134164244
      ]
    ],
    "translation": [
      2.19863176,
      0.8895563,
      -0.8147272
    ]
  },
  {
    "timeStamp": 59402,
    "rotation": [
      [
        -0.608758867,
        0.7918725,
        0.0484834164
      ],
      [
        0.1381851,
        0.04565655,
        0.9893535
      ],
      [
        0.7812282,
        0.6089774,
        -0.1372188
      ]
    ],
    "translation": [
      2.19263482,
      0.885146141,
      -0.808298349
    ]
  },
  {
    "timeStamp": 59448,
    "rotation": [
      [
        -0.6652318,
        0.7452656,
        0.0452310629
      ],
      [
        0.115754,
        0.0430967622,
        0.992342532
      ],
      [
        0.737609446,
        0.6653735,
        -0.114936806
      ]
    ],
    "translation": [
      2.18508577,
      0.8771386,
      -0.808358967
    ]
  },
  {
    "timeStamp": 59493,
    "rotation": [
      [
        -0.723675668,
        0.6900755,
        0.009452423
      ],
      [
        0.0752709,
        0.0653063953,
        0.9950223
      ],
      [
        0.686023235,
        0.7207849,
        -0.09920325
      ]
    ],
    "translation": [
      2.18950081,
      0.8670219,
      -0.808245063
    ]
  },
  {
    "timeStamp": 59550,
    "rotation": [
      [
        -0.7913167,
        0.611375153,
        0.0061912993
      ],
      [
        0.04199987,
        0.0442534,
        0.9981371
      ],
      [
        0.6099623,
        0.7901026,
        -0.06069613
      ]
    ],
    "translation": [
      2.18245387,
      0.853219151,
      -0.8105889
    ]
  },
  {
    "timeStamp": 59596,
    "rotation": [
      [
        -0.8205263,
        0.5715318,
        0.009378218
      ],
      [
        0.0444185771,
        0.04739579,
        0.9978881
      ],
      [
        0.569880247,
        0.81921,
        -0.06427612
      ]
    ],
    "translation": [
      2.17664576,
      0.843082368,
      -0.804281831
    ]
  },
  {
    "timeStamp": 59652,
    "rotation": [
      [
        -0.873069167,
        0.487560034,
        -0.005950453
      ],
      [
        0.012479431,
        0.03454312,
        0.9993253
      ],
      [
        0.487436622,
        0.8724058,
        -0.0362430066
      ]
    ],
    "translation": [
      2.17184353,
      0.824465752,
      -0.8052516
    ]
  },
  {
    "timeStamp": 59696,
    "rotation": [
      [
        -0.8981768,
        0.43939814,
        -0.0144147519
      ],
      [
        -0.008988857,
        0.0144267511,
        0.9998555
      ],
      [
        0.439542621,
        0.8981766,
        -0.009008085
      ]
    ],
    "translation": [
      2.167937,
      0.8074124,
      -0.8071255
    ]
  },
  {
    "timeStamp": 59752,
    "rotation": [
      [
        -0.925864339,
        0.376008153,
        -0.037324708
      ],
      [
        -0.032265313,
        0.0197460931,
        0.999284267
      ],
      [
        0.376476049,
        0.926405966,
        -0.006150182
      ]
    ],
    "translation": [
      2.170378,
      0.787057638,
      -0.803157747
    ]
  },
  {
    "timeStamp": 59796,
    "rotation": [
      [
        -0.9418953,
        0.332267433,
        -0.04931127
      ],
      [
        -0.0397811458,
        0.0354280248,
        0.998580158
      ],
      [
        0.333542645,
        0.9425196,
        -0.02015151
      ]
    ],
    "translation": [
      2.16885662,
      0.7738624,
      -0.7969654
    ]
  },
  {
    "timeStamp": 59851,
    "rotation": [
      [
        -0.9566328,
        0.282658458,
        -0.07041199
      ],
      [
        -0.06327163,
        0.03432276,
        0.997405946
      ],
      [
        0.284342,
        0.958606362,
        -0.0149500193
      ]
    ],
    "translation": [
      2.1703372,
      0.7582947,
      -0.795546949
    ]
  },
  {
    "timeStamp": 59896,
    "rotation": [
      [
        -0.9658992,
        0.242626742,
        -0.09039365
      ],
      [
        -0.08285619,
        0.0411142074,
        0.995713055
      ],
      [
        0.245303065,
        0.9692481,
        -0.01960905
      ]
    ],
    "translation": [
      2.171939,
      0.750061035,
      -0.7903652
    ]
  },
  {
    "timeStamp": 59952,
    "rotation": [
      [
        -0.974950433,
        0.2105049,
        -0.07182811
      ],
      [
        -0.0659634247,
        0.034759786,
        0.9972164
      ],
      [
        0.21241568,
        0.9769746,
        -0.0200034436
      ]
    ],
    "translation": [
      2.16481638,
      0.7454356,
      -0.7884095
    ]
  },
  {
    "timeStamp": 59996,
    "rotation": [
      [
        -0.978821158,
        0.190347031,
        -0.0753465146
      ],
      [
        -0.06903139,
        0.0396020934,
        0.996828139
      ],
      [
        0.192727163,
        0.980917752,
        -0.0256234482
      ]
    ],
    "translation": [
      2.16201282,
      0.74260056,
      -0.7857615
    ]
  },
  {
    "timeStamp": 60052,
    "rotation": [
      [
        -0.9840712,
        0.16658181,
        -0.06208292
      ],
      [
        -0.05679741,
        0.0363124348,
        0.9977251
      ],
      [
        0.168457255,
        0.9853587,
        -0.0262726061
      ]
    ],
    "translation": [
      2.15696526,
      0.740996063,
      -0.7813979
    ]
  },
  {
    "timeStamp": 60096,
    "rotation": [
      [
        -0.987408161,
        0.147998571,
        -0.0558697358
      ],
      [
        -0.0515418425,
        0.0329213627,
        0.998128057
      ],
      [
        0.149560839,
        0.988439441,
        -0.0248787049
      ]
    ],
    "translation": [
      2.152749,
      0.7386945,
      -0.7801889
    ]
  },
  {
    "timeStamp": 60152,
    "rotation": [
      [
        -0.9910049,
        0.123463891,
        -0.0516333431
      ],
      [
        -0.0473299734,
        0.0375397876,
        0.998173654
      ],
      [
        0.1251767,
        0.9916388,
        -0.0313585661
      ]
    ],
    "translation": [
      2.150755,
      0.7361307,
      -0.7773624
    ]
  },
  {
    "timeStamp": 60197,
    "rotation": [
      [
        -0.9916566,
        0.120741129,
        -0.04515208
      ],
      [
        -0.0433357432,
        0.01762832,
        0.998905
      ],
      [
        0.121404886,
        0.9925275,
        -0.0122488337
      ]
    ],
    "translation": [
      2.14721584,
      0.7336749,
      -0.77672267
    ]
  },
  {
    "timeStamp": 60252,
    "rotation": [
      [
        -0.993097365,
        0.109499305,
        -0.042042613
      ],
      [
        -0.03974845,
        0.02305154,
        0.9989438
      ],
      [
        0.110352784,
        0.9937195,
        -0.018539995
      ]
    ],
    "translation": [
      2.14497352,
      0.730710864,
      -0.775634646
    ]
  },
  {
    "timeStamp": 60296,
    "rotation": [
      [
        -0.99366045,
        0.105540991,
        -0.03872996
      ],
      [
        -0.0373006724,
        0.0154836364,
        0.999184132
      ],
      [
        0.106054559,
        0.9942944,
        -0.011448727
      ]
    ],
    "translation": [
      2.14304638,
      0.7297931,
      -0.7743365
    ]
  },
  {
    "timeStamp": 60352,
    "rotation": [
      [
        -0.9943179,
        0.100726813,
        -0.0344406553
      ],
      [
        -0.033181522,
        0.0141497357,
        0.9993492
      ],
      [
        0.101148583,
        0.9948135,
        -0.0107270656
      ]
    ],
    "translation": [
      2.14009261,
      0.728318036,
      -0.7746483
    ]
  },
  {
    "timeStamp": 60396,
    "rotation": [
      [
        -0.995347857,
        0.09002629,
        -0.0343223028
      ],
      [
        -0.0336077176,
        0.009441852,
        0.9993905
      ],
      [
        0.09029549,
        0.9958947,
        -0.006372348
      ]
    ],
    "translation": [
      2.14039135,
      0.7271825,
      -0.7751193
    ]
  },
  {
    "timeStamp": 60452,
    "rotation": [
      [
        -0.995330334,
        0.08925902,
        -0.03674622
      ],
      [
        -0.0359126627,
        0.0109272413,
        0.9992952
      ],
      [
        0.08959766,
        0.9959485,
        -0.007670686
      ]
    ],
    "translation": [
      2.140214,
      0.7248868,
      -0.776735365
    ]
  },
  {
    "timeStamp": 60496,
    "rotation": [
      [
        -0.995278,
        0.08922667,
        -0.03821375
      ],
      [
        -0.037153393,
        0.0135152033,
        0.999218166
      ],
      [
        0.08967338,
        0.995919645,
        -0.0101363119
      ]
    ],
    "translation": [
      2.140303,
      0.7246666,
      -0.77703315
    ]
  },
  {
    "timeStamp": 60552,
    "rotation": [
      [
        -0.9950787,
        0.0931847841,
        -0.0336892046
      ],
      [
        -0.0328979939,
        0.0100143636,
        0.999408543
      ],
      [
        0.09346704,
        0.9955985,
        -0.00689948769
      ]
    ],
    "translation": [
      2.14018321,
      0.7253959,
      -0.777719259
    ]
  },
  {
    "timeStamp": 60596,
    "rotation": [
      [
        -0.9942448,
        0.1014069,
        -0.03455404
      ],
      [
        -0.03393171,
        0.007855984,
        0.9993933
      ],
      [
        0.10161683,
        0.994814038,
        -0.004369862
      ]
    ],
    "translation": [
      2.14006352,
      0.7260779,
      -0.779015839
    ]
  },
  {
    "timeStamp": 60655,
    "rotation": [
      [
        -0.9938862,
        0.10370858,
        -0.0378776081
      ],
      [
        -0.0374651067,
        0.00592329027,
        0.9992804
      ],
      [
        0.103858307,
        0.994590044,
        -0.00200162362
      ]
    ],
    "translation": [
      2.139998,
      0.7275444,
      -0.781156063
    ]
  },
  {
    "timeStamp": 60695,
    "rotation": [
      [
        -0.9929496,
        0.111812778,
        -0.03935623
      ],
      [
        -0.0393899232,
        0.00190858112,
        0.9992221
      ],
      [
        0.111800909,
        0.993727446,
        0.00250917184
      ]
    ],
    "translation": [
      2.13991833,
      0.728985369,
      -0.7832322
    ]
  },
  {
    "timeStamp": 60750,
    "rotation": [
      [
        -0.9950003,
        0.0993517,
        -0.0101806046
      ],
      [
        -0.0109919608,
        -0.007622524,
        0.999910533
      ],
      [
        0.09926521,
        0.9950232,
        0.008676484
      ]
    ],
    "translation": [
      2.14068174,
      0.7292011,
      -0.785677552
    ]
  },
  {
    "timeStamp": 60795,
    "rotation": [
      [
        -0.9924844,
        0.115879841,
        -0.0393256247
      ],
      [
        -0.04052238,
        -0.00798898,
        0.9991467
      ],
      [
        0.115466788,
        0.993231058,
        0.0126246652
      ]
    ],
    "translation": [
      2.13997149,
      0.732179761,
      -0.7876974
    ]
  },
  {
    "timeStamp": 60850,
    "rotation": [
      [
        -0.9914124,
        0.130071521,
        -0.0135242464
      ],
      [
        -0.0152421044,
        -0.0122205578,
        0.999809146
      ],
      [
        0.129881427,
        0.9914293,
        0.0140981767
      ]
    ],
    "translation": [
      2.140715,
      0.7335268,
      -0.7898653
    ]
  },
  {
    "timeStamp": 60895,
    "rotation": [
      [
        -0.9860911,
        0.163216978,
        -0.03137806
      ],
      [
        -0.03379975,
        -0.0120807821,
        0.9993556
      ],
      [
        0.162732735,
        0.986516237,
        0.0174294431
      ]
    ],
    "translation": [
      2.14151716,
      0.7360574,
      -0.79233855
    ]
  },
  {
    "timeStamp": 60950,
    "rotation": [
      [
        -0.9799498,
        0.197518185,
        -0.0261731017
      ],
      [
        -0.0257091876,
        0.00491308467,
        0.9996574
      ],
      [
        0.1975791,
        0.9802869,
        0.000263456022
      ]
    ],
    "translation": [
      2.143361,
      0.7418492,
      -0.7914737
    ]
  },
  {
    "timeStamp": 60994,
    "rotation": [
      [
        -0.9744611,
        0.219838262,
        -0.0457914919
      ],
      [
        -0.0415641479,
        0.02381876,
        0.9988519
      ],
      [
        0.220676541,
        0.975245535,
        -0.0140730636
      ]
    ],
    "translation": [
      2.15074468,
      0.74433136,
      -0.7910006
    ]
  },
  {
    "timeStamp": 61049,
    "rotation": [
      [
        -0.9623686,
        0.260791868,
        -0.07638218
      ],
      [
        -0.06908992,
        0.0370301977,
        0.9969229
      ],
      [
        0.26281786,
        0.9646846,
        -0.0176186133
      ]
    ],
    "translation": [
      2.1618526,
      0.74702996,
      -0.7919739
    ]
  },
  {
    "timeStamp": 61101,
    "rotation": [
      [
        -0.9418598,
        0.32794854,
        -0.073142305
      ],
      [
        -0.06599544,
        0.03288551,
        0.997277856
      ],
      [
        0.329461157,
        0.944123,
        -0.009330431
      ]
    ],
    "translation": [
      2.17012262,
      0.751491249,
      -0.793900549
    ]
  },
  {
    "timeStamp": 61146,
    "rotation": [
      [
        -0.9144084,
        0.3978227,
        -0.07479581
      ],
      [
        -0.07424711,
        0.016807992,
        0.9970982
      ],
      [
        0.397925466,
        0.917308331,
        0.0141678145
      ]
    ],
    "translation": [
      2.17590165,
      0.7533705,
      -0.79940486
    ]
  },
  {
    "timeStamp": 61201,
    "rotation": [
      [
        -0.8878662,
        0.4561041,
        -0.06052062
      ],
      [
        -0.06409517,
        0.007644033,
        0.9979145
      ],
      [
        0.45561552,
        0.889893651,
        0.02244719
      ]
    ],
    "translation": [
      2.17298555,
      0.756616235,
      -0.8044284
    ]
  },
  {
    "timeStamp": 61246,
    "rotation": [
      [
        -0.8461387,
        0.5289331,
        -0.06541403
      ],
      [
        -0.0743276,
        0.0044258507,
        0.997224033
      ],
      [
        0.5277543,
        0.848652,
        0.0355694443
      ]
    ],
    "translation": [
      2.17433667,
      0.7562281,
      -0.8061223
    ]
  },
  {
    "timeStamp": 61301,
    "rotation": [
      [
        -0.8136241,
        0.5784281,
        -0.0586233
      ],
      [
        -0.07889187,
        -0.009941868,
        0.9968336
      ],
      [
        0.576013744,
        0.815672755,
        0.05372222
      ]
    ],
    "translation": [
      2.17062545,
      0.754045248,
      -0.813602567
    ]
  },
  {
    "timeStamp": 61346,
    "rotation": [
      [
        -0.757023036,
        0.6530362,
        -0.0214459486
      ],
      [
        -0.05186132,
        -0.0273356177,
        0.9982801
      ],
      [
        0.6513268,
        0.7568332,
        0.0545610078
      ]
    ],
    "translation": [
      2.16266227,
      0.7545173,
      -0.8119048
    ]
  },
  {
    "timeStamp": 61401,
    "rotation": [
      [
        -0.7136601,
        0.700060248,
        -0.0245937966
      ],
      [
        -0.0675546,
        -0.03383641,
        0.997141659
      ],
      [
        0.6972271,
        0.713281631,
        0.07143999
      ]
    ],
    "translation": [
      2.15479851,
      0.750530362,
      -0.8188466
    ]
  },
  {
    "timeStamp": 61446,
    "rotation": [
      [
        -0.6634994,
        0.747776866,
        -0.0244603083
      ],
      [
        -0.057401292,
        -0.01828064,
        0.9981838
      ],
      [
        0.74597156,
        0.663698435,
        0.0550525524
      ]
    ],
    "translation": [
      2.15417624,
      0.750091136,
      -0.813984454
    ]
  },
  {
    "timeStamp": 61503,
    "rotation": [
      [
        -0.5974874,
        0.8018777,
        0.0009953941
      ],
      [
        -0.05187168,
        -0.0398887955,
        0.9978568
      ],
      [
        0.8001988,
        0.5961552,
        0.0654277951
      ]
    ],
    "translation": [
      2.142527,
      0.7473813,
      -0.8173211
    ]
  },
  {
    "timeStamp": 61549,
    "rotation": [
      [
        -0.5565765,
        0.8299863,
        -0.0366809256
      ],
      [
        -0.0734116659,
        -0.005153992,
        0.9972884
      ],
      [
        0.8275466,
        0.55776006,
        0.06379926
      ]
    ],
    "translation": [
      2.14471531,
      0.7452241,
      -0.8175418
    ]
  },
  {
    "timeStamp": 61594,
    "rotation": [
      [
        -0.50151813,
        0.8645417,
        -0.0323594846
      ],
      [
        -0.07122722,
        -0.00398443174,
        0.99745214
      ],
      [
        0.862210035,
        0.502545238,
        0.0635771751
      ]
    ],
    "translation": [
      2.1440475,
      0.743827939,
      -0.8150001
    ]
  },
  {
    "timeStamp": 61651,
    "rotation": [
      [
        -0.456274062,
        0.8897657,
        -0.0114490949
      ],
      [
        -0.0735329,
        -0.0248791464,
        0.9969824
      ],
      [
        0.8867959,
        0.4557391,
        0.0767787546
      ]
    ],
    "translation": [
      2.13361573,
      0.7387277,
      -0.818570137
    ]
  },
  {
    "timeStamp": 61695,
    "rotation": [
      [
        -0.397423834,
        0.917435646,
        -0.0191353932
      ],
      [
        -0.08413092,
        -0.015663702,
        0.9963316
      ],
      [
        0.9137703,
        0.3975758,
        0.08340983
      ]
    ],
    "translation": [
      2.13357067,
      0.737009346,
      -0.818501532
    ]
  },
  {
    "timeStamp": 61751,
    "rotation": [
      [
        -0.349409044,
        0.9369702,
        0.000388970337
      ],
      [
        -0.07291559,
        -0.0276050959,
        0.996956
      ],
      [
        0.934128761,
        0.3483171,
        0.07796521
      ]
    ],
    "translation": [
      2.12543821,
      0.733724833,
      -0.8185734
    ]
  },
  {
    "timeStamp": 61803,
    "rotation": [
      [
        -0.287746251,
        0.9576452,
        0.0108560659
      ],
      [
        -0.07259983,
        -0.03311433,
        0.9968113
      ],
      [
        0.954951,
        0.286040574,
        0.0790534
      ]
    ],
    "translation": [
      2.12071157,
      0.731973052,
      -0.8185354
    ]
  },
  {
    "timeStamp": 61846,
    "rotation": [
      [
        -0.250505775,
        0.9680718,
        0.009154602
      ],
      [
        -0.0787719,
        -0.02980656,
        0.996446967
      ],
      [
        0.9649051,
        0.2488946,
        0.08372357
      ]
    ],
    "translation": [
      2.11807466,
      0.7302402,
      -0.81883955
    ]
  },
  {
    "timeStamp": 61901,
    "rotation": [
      [
        -0.199112132,
        0.9797728,
        0.0199926589
      ],
      [
        -0.08561305,
        -0.0377144329,
        0.9956144
      ],
      [
        0.9762299,
        0.196527287,
        0.09139074
      ]
    ],
    "translation": [
      2.11342168,
      0.728853,
      -0.818533659
    ]
  },
  {
    "timeStamp": 61946,
    "rotation": [
      [
        -0.153156489,
        0.987988,
        0.02056033
      ],
      [
        -0.07553565,
        -0.0324492864,
        0.996615
      ],
      [
        0.9853108,
        0.151085034,
        0.07959813
      ]
    ],
    "translation": [
      2.11197472,
      0.727923632,
      -0.8177537
    ]
  },
  {
    "timeStamp": 62001,
    "rotation": [
      [
        -0.119849011,
        0.99258256,
        0.0203994773
      ],
      [
        -0.076339066,
        -0.0297003873,
        0.9966395
      ],
      [
        0.989852846,
        0.117888987,
        0.07933238
      ]
    ],
    "translation": [
      2.11028671,
      0.727868557,
      -0.817307353
    ]
  },
  {
    "timeStamp": 62045,
    "rotation": [
      [
        -0.06562808,
        0.9978288,
        0.00554777868
      ],
      [
        -0.07944784,
        -0.0107673071,
        0.9967809
      ],
      [
        0.994676352,
        0.06497606,
        0.0799819753
      ]
    ],
    "translation": [
      2.11328769,
      0.727519751,
      -0.817103744
    ]
  },
  {
    "timeStamp": 62101,
    "rotation": [
      [
        -0.0267315488,
        0.999299,
        -0.0262096357
      ],
      [
        -0.07795631,
        0.024055237,
        0.996666551
      ],
      [
        0.996598363,
        0.02868563,
        0.07725863
      ]
    ],
    "translation": [
      2.11850476,
      0.7272272,
      -0.8160899
    ]
  },
  {
    "timeStamp": 62146,
    "rotation": [
      [
        0.000506046868,
        0.9996996,
        -0.0245057829
      ],
      [
        -0.07734874,
        0.024471499,
        0.996703744
      ],
      [
        0.997004,
        0.00139110244,
        0.07733789
      ]
    ],
    "translation": [
      2.11862278,
      0.726879,
      -0.815045834
    ]
  },
  {
    "timeStamp": 62201,
    "rotation": [
      [
        0.0279468019,
        0.9992791,
        -0.0256953966
      ],
      [
        -0.07563343,
        0.0277455915,
        0.9967496
      ],
      [
        0.9967439,
        -0.0259125214,
        0.07635431
      ]
    ],
    "translation": [
      2.11654162,
      0.7267623,
      -0.8139782
    ]
  },
  {
    "timeStamp": 62247,
    "rotation": [
      [
        0.0534253456,
        0.9983268,
        -0.0221205074
      ],
      [
        -0.06591722,
        0.0256296489,
        0.9974959
      ],
      [
        0.9963938,
        -0.0518334433,
        0.06717621
      ]
    ],
    "translation": [
      2.11489177,
      0.7261412,
      -0.814082861
    ]
  },
  {
    "timeStamp": 62303,
    "rotation": [
      [
        0.0860926,
        0.9960383,
        -0.0222666264
      ],
      [
        -0.0595771223,
        0.027456589,
        0.997846
      ],
      [
        0.9945042,
        -0.08458056,
        0.0617049
      ]
    ],
    "translation": [
      2.11290383,
      0.725807667,
      -0.8143031
    ]
  },
  {
    "timeStamp": 62349,
    "rotation": [
      [
        0.09282052,
        0.995055854,
        -0.03533052
      ],
      [
        -0.05830499,
        0.04085476,
        0.9974625
      ],
      [
        0.9939743,
        -0.09052506,
        0.0618088841
      ]
    ],
    "translation": [
      2.112457,
      0.7259201,
      -0.8143417
    ]
  },
  {
    "timeStamp": 62394,
    "rotation": [
      [
        0.09745959,
        0.993840933,
        -0.05274324
      ],
      [
        -0.07586078,
        0.0602596365,
        0.9952959
      ],
      [
        0.9923441,
        -0.09299997,
        0.0812664255
      ]
    ],
    "translation": [
      2.11219168,
      0.7271813,
      -0.8142438
    ]
  },
  {
    "timeStamp": 62451,
    "rotation": [
      [
        0.108306408,
        0.992869139,
        -0.0498054475
      ],
      [
        -0.053168498,
        0.0558137447,
        0.997024536
      ],
      [
        0.9926947,
        -0.105336055,
        0.0588343479
      ]
    ],
    "translation": [
      2.111444,
      0.725809455,
      -0.8143985
    ]
  },
  {
    "timeStamp": 62495,
    "rotation": [
      [
        0.124261908,
        0.9907784,
        -0.0540100522
      ],
      [
        -0.06698783,
        0.0626843646,
        0.995782733
      ],
      [
        0.989985645,
        -0.120119825,
        0.07415938
      ]
    ],
    "translation": [
      2.11049938,
      0.7266586,
      -0.8143173
    ]
  },
  {
    "timeStamp": 62550,
    "rotation": [
      [
        0.124782078,
        0.9904437,
        -0.0587429777
      ],
      [
        -0.0524637327,
        0.06570942,
        0.99645865
      ],
      [
        0.990796149,
        -0.121258311,
        0.0601617321
      ]
    ],
    "translation": [
      2.11045051,
      0.7258518,
      -0.81428045
    ]
  },
  {
    "timeStamp": 62595,
    "rotation": [
      [
        0.08902834,
        0.993794858,
        -0.06667683
      ],
      [
        -0.050182838,
        0.07133308,
        0.996189356
      ],
      [
        0.994764149,
        -0.08534304,
        0.0562221073
      ]
    ],
    "translation": [
      2.11191869,
      0.7256416,
      -0.811561167
    ]
  },
  {
    "timeStamp": 62651,
    "rotation": [
      [
        -0.0180990417,
        0.9993556,
        -0.03099726
      ],
      [
        -0.0155960061,
        0.030716382,
        0.999406457
      ],
      [
        0.999714553,
        0.0185717326,
        0.015030019
      ]
    ],
    "translation": [
      2.1009357,
      0.726063848,
      -0.795237
    ]
  },
  {
    "timeStamp": 62695,
    "rotation": [
      [
        -0.0182090532,
        0.9994712,
        -0.02694035
      ],
      [
        -0.0108049661,
        0.0267465319,
        0.99958384
      ],
      [
        0.9997758,
        0.018492572,
        0.0103122238
      ]
    ],
    "translation": [
      2.10131717,
      0.7297096,
      -0.7930892
    ]
  },
  {
    "timeStamp": 62751,
    "rotation": [
      [
        -0.0202327911,
        0.9997675,
        -0.007457906
      ],
      [
        -0.0322720036,
        0.006802478,
        0.999456
      ],
      [
        0.9992743,
        0.02046246,
        0.0321268663
      ]
    ],
    "translation": [
      2.09819078,
      0.7318911,
      -0.7977189
    ]
  },
  {
    "timeStamp": 62795,
    "rotation": [
      [
        -0.0256237835,
        0.9995445,
        -0.0159424879
      ],
      [
        -0.0206168015,
        0.015415946,
        0.9996686
      ],
      [
        0.999459,
        0.02594397,
        0.0202123951
      ]
    ],
    "translation": [
      2.10130763,
      0.735179067,
      -0.797780633
    ]
  },
  {
    "timeStamp": 62850,
    "rotation": [
      [
        -0.0178117827,
        0.9998124,
        -0.00761106564
      ],
      [
        -0.0210023019,
        0.007236457,
        0.999753237
      ],
      [
        0.999620736,
        0.017967239,
        0.0208694674
      ]
    ],
    "translation": [
      2.10213757,
      0.739031434,
      -0.797086954
    ]
  },
  {
    "timeStamp": 62899,
    "rotation": [
      [
        -0.0259382725,
        0.999601066,
        -0.0111761261
      ],
      [
        -0.0240444951,
        0.01055281,
        0.9996552
      ],
      [
        0.99937433,
        0.0261980556,
        0.023761183
      ]
    ],
    "translation": [
      2.10349655,
      0.7407464,
      -0.799627
    ]
  },
  {
    "timeStamp": 62946,
    "rotation": [
      [
        -0.024505822,
        0.9996521,
        -0.00975406
      ],
      [
        -0.0216018427,
        0.009225206,
        0.9997241
      ],
      [
        0.99946624,
        0.0247097667,
        0.0213682577
      ]
    ],
    "translation": [
      2.10439157,
      0.7428359,
      -0.7999323
    ]
  },
  {
    "timeStamp": 63001,
    "rotation": [
      [
        -0.027877951,
        0.999589264,
        -0.00663767569
      ],
      [
        -0.026957389,
        0.005886049,
        0.999619246
      ],
      [
        0.9992477,
        0.0280462746,
        0.0267822258
      ]
    ],
    "translation": [
      2.10438585,
      0.7420019,
      -0.802037358
    ]
  },
  {
    "timeStamp": 63045,
    "rotation": [
      [
        -0.0331145674,
        0.9994102,
        -0.009092768
      ],
      [
        -0.0286778212,
