[
  {
    "timeStamp": 88938,
    "rotation": [
      [
        0.9964269,
        -0.008196927,
        0.08406056
      ],
      [
        0.008005439,
        0.999964535,
        0.002614797
      ],
      [
        -0.0840790048,
        -0.0019325125,
        0.9964572
      ]
    ],
    "translation": [
      1.60647011,
      0.6973741,
      -0.6144536
    ]
  },
  {
    "timeStamp": 88983,
    "rotation": [
      [
        0.9963114,
        -0.01775787,
        0.08395347
      ],
      [
        0.0173621029,
        0.9998345,
        0.005441941
      ],
      [
        -0.08403621,
        -0.003964259,
        0.996454835
      ]
    ],
    "translation": [
      1.60655868,
      0.6996439,
      -0.614460051
    ]
  },
  {
    "timeStamp": 89038,
    "rotation": [
      [
        0.995688,
        0.0384387262,
        0.0844273642
      ],
      [
        -0.03953205,
        0.99915427,
        0.0113158831
      ],
      [
        -0.0839209855,
        -0.0146046756,
        0.9963654
      ]
    ],
    "translation": [
      1.60644889,
      0.700062752,
      -0.6145357
    ]
  },
  {
    "timeStamp": 89083,
    "rotation": [
      [
        0.995013952,
        0.02761019,
        0.09583814
      ],
      [
        -0.02745111,
        0.9996187,
        -0.002978222
      ],
      [
        -0.0958838239,
        0.000332509284,
        0.9953925
      ]
    ],
    "translation": [
      1.61140239,
      0.7098486,
      -0.62127465
    ]
  },
  {
    "timeStamp": 89138,
    "rotation": [
      [
        0.9888261,
        0.1071372,
        0.103655577
      ],
      [
        -0.111274078,
        0.9931743,
        0.0349696539
      ],
      [
        -0.0992015,
        -0.046113085,
        0.9939983
      ]
    ],
    "translation": [
      1.61646616,
      0.7436297,
      -0.622953534
    ]
  },
  {
    "timeStamp": 89183,
    "rotation": [
      [
        0.9766663,
        0.177056953,
        0.121547639
      ],
      [
        -0.186017022,
        0.980277538,
        0.066736
      ],
      [
        -0.107334346,
        -0.08778873,
        0.9903396
      ]
    ],
    "translation": [
      1.625902,
      0.7766362,
      -0.62295866
    ]
  },
  {
    "timeStamp": 89238,
    "rotation": [
      [
        0.949798048,
        0.2617742,
        0.171341211
      ],
      [
        -0.280628741,
        0.954936147,
        0.09666661
      ],
      [
        -0.138315082,
        -0.139897034,
        0.9804579
      ]
    ],
    "translation": [
      1.65394354,
      0.822463155,
      -0.6227601
    ]
  },
  {
    "timeStamp": 89283,
    "rotation": [
      [
        0.9246318,
        0.314780951,
        0.214404151
      ],
      [
        -0.34806332,
        0.926935852,
        0.140149519
      ],
      [
        -0.1546225,
        -0.204212919,
        0.966638
      ]
    ],
    "translation": [
      1.68544424,
      0.8654164,
      -0.6180419
    ]
  },
  {
    "timeStamp": 89338,
    "rotation": [
      [
        0.8969889,
        0.3616219,
        0.254244983
      ],
      [
        -0.413768083,
        0.889260232,
        0.194967225
      ],
      [
        -0.155585542,
        -0.2800819,
        0.947284162
      ]
    ],
    "translation": [
      1.73483109,
      0.9183399,
      -0.6146938
    ]
  },
  {
    "timeStamp": 89383,
    "rotation": [
      [
        0.890281,
        0.344214857,
        0.298187584
      ],
      [
        -0.424182147,
        0.8650489,
        0.2678804
      ],
      [
        -0.165738434,
        -0.364974678,
        0.9161464
      ]
    ],
    "translation": [
      1.78665519,
      0.962715447,
      -0.607310057
    ]
  },
  {
    "timeStamp": 89438,
    "rotation": [
      [
        0.881846249,
        0.3273158,
        0.339428365
      ],
      [
        -0.442667663,
        0.8226566,
        0.3567654
      ],
      [
        -0.162458,
        -0.464866161,
        0.8703487
      ]
    ],
    "translation": [
      1.856543,
      1.01889789,
      -0.6025897
    ]
  },
  {
    "timeStamp": 89483,
    "rotation": [
      [
        0.896029234,
        0.263673156,
        0.357222736
      ],
      [
        -0.41522494,
        0.7825488,
        0.463902622
      ],
      [
        -0.157225549,
        -0.5639981,
        0.810670257
      ]
    ],
    "translation": [
      1.91935873,
      1.06536233,
      -0.5965568
    ]
  },
  {
    "timeStamp": 89538,
    "rotation": [
      [
        0.927237451,
        0.165587127,
        0.335874259
      ],
      [
        -0.340099156,
        0.7477591,
        0.5702533
      ],
      [
        -0.156726435,
        -0.6429908,
        0.749666333
      ]
    ],
    "translation": [
      1.99567723,
      1.11034119,
      -0.593143344
    ]
  },
  {
    "timeStamp": 89583,
    "rotation": [
      [
        0.9502346,
        0.113887623,
        0.2899721
      ],
      [
        -0.2700353,
        0.765261,
        0.584342837
      ],
      [
        -0.1553549,
        -0.6335655,
        0.7579312
      ]
    ],
    "translation": [
      2.05348372,
      1.12837923,
      -0.5886158
    ]
  },
  {
    "timeStamp": 89638,
    "rotation": [
      [
        0.985841453,
        -0.00150096568,
        0.167673409
      ],
      [
        -0.11170204,
        0.739899,
        0.6633793
      ],
      [
        -0.1250571,
        -0.67271626,
        0.729255438
      ]
    ],
    "translation": [
      2.11887717,
      1.14663982,
      -0.580684
    ]
  },
  {
    "timeStamp": 89684,
    "rotation": [
      [
        0.9984338,
        -0.05263426,
        0.0189616345
      ],
      [
        0.0287823286,
        0.7738966,
        0.6326577
      ],
      [
        -0.0479738154,
        -0.6311211,
        0.7741994
      ]
    ],
    "translation": [
      2.15524578,
      1.13953733,
      -0.570873
    ]
  },
  {
    "timeStamp": 89737,
    "rotation": [
      [
        0.9664404,
        -0.159553036,
        -0.201335266
      ],
      [
        0.244533688,
        0.811527669,
        0.530684531
      ],
      [
        0.07871682,
        -0.5621082,
        0.8233092
      ]
    ],
    "translation": [
      2.19208765,
      1.10832167,
      -0.5588746
    ]
  },
  {
    "timeStamp": 89793,
    "rotation": [
      [
        0.873325169,
        -0.198711619,
        -0.444766074
      ],
      [
        0.408430338,
        0.796290636,
        0.4462128
      ],
      [
        0.2654954,
        -0.571344852,
        0.7765806
      ]
    ],
    "translation": [
      2.211801,
      1.07871032,
      -0.550656438
    ]
  },
  {
    "timeStamp": 89837,
    "rotation": [
      [
        0.7860384,
        -0.166307345,
        -0.595386863
      ],
      [
        0.4465621,
        0.8187579,
        0.36085704
      ],
      [
        0.427464515,
        -0.5495247,
        0.7178417
      ]
    ],
    "translation": [
      2.21456981,
      1.05063319,
      -0.550749063
    ]
  },
  {
    "timeStamp": 89893,
    "rotation": [
      [
        0.653149366,
        -0.167061985,
        -0.7385704
      ],
      [
        0.5058439,
        0.8220688,
        0.2613903
      ],
      [
        0.5634873,
        -0.5443282,
        0.621440947
      ]
    ],
    "translation": [
      2.21927643,
      1.01898384,
      -0.546941459
    ]
  },
  {
    "timeStamp": 89945,
    "rotation": [
      [
        0.598945141,
        -0.134880677,
        -0.789349
      ],
      [
        0.473442435,
        0.8546322,
        0.213204384
      ],
      [
        0.64584595,
        -0.501409054,
        0.575736
      ]
    ],
    "translation": [
      2.216059,
      1.00156355,
      -0.5421488
    ]
  },
  {
    "timeStamp": 89989,
    "rotation": [
      [
        0.52361387,
        -0.09785331,
        -0.84631747
      ],
      [
        0.429386556,
        0.8882981,
        0.16295284
      ],
      [
        0.735836744,
        -0.4487217,
        0.507142067
      ]
    ],
    "translation": [
      2.20805836,
      0.9819647,
      -0.5369576
    ]
  },
  {
    "timeStamp": 90033,
    "rotation": [
      [
        0.452723861,
        -0.088760525,
        -0.8872219
      ],
      [
        0.412174016,
        0.9031729,
        0.119964242
      ],
      [
        0.79066664,
        -0.420000464,
        0.4454727
      ]
    ],
    "translation": [
      2.201413,
      0.965584338,
      -0.5338198
    ]
  },
  {
    "timeStamp": 90088,
    "rotation": [
      [
        0.412767082,
        -0.0506672338,
        -0.9094263
      ],
      [
        0.3378863,
        0.935727537,
        0.101226047
      ],
      [
        0.845846355,
        -0.349065453,
        0.403357327
      ]
    ],
    "translation": [
      2.18938327,
      0.95008266,
      -0.531318963
    ]
  },
  {
    "timeStamp": 90133,
    "rotation": [
      [
        0.3567092,
        -0.0323163942,
        -0.9336564
      ],
      [
        0.297739446,
        0.951219141,
        0.08082891
      ],
      [
        0.8854997,
        -0.306818753,
        0.3489305
      ]
    ],
    "translation": [
      2.18203425,
      0.937859654,
      -0.5339677
    ]
  },
  {
    "timeStamp": 90188,
    "rotation": [
      [
        0.280020028,
        -0.004855082,
        -0.9599818
      ],
      [
        0.2735558,
        0.9589319,
        0.0749445558
      ],
      [
        0.920193434,
        -0.283594579,
        0.269848317
      ]
    ],
    "translation": [
      2.17620564,
      0.922945142,
      -0.5359102
    ]
  },
  {
    "timeStamp": 90233,
    "rotation": [
      [
        0.230988428,
        0.00208259956,
        -0.9729543
      ],
      [
        0.2692438,
        0.9608094,
        0.0659775957
      ],
      [
        0.934961,
        -0.27720198,
        0.221375123
      ]
    ],
    "translation": [
      2.172275,
      0.911923349,
      -0.537119865
    ]
  },
  {
    "timeStamp": 90288,
    "rotation": [
      [
        0.145453215,
        0.02211711,
        -0.989117861
      ],
      [
        0.271662027,
        0.9604305,
        0.06142449
      ],
      [
        0.9513375,
        -0.277640164,
        0.133689329
      ]
    ],
    "translation": [
      2.16917777,
      0.90168047,
      -0.5403154
    ]
  },
  {
    "timeStamp": 90333,
    "rotation": [
      [
        0.1232273,
        0.0422706529,
        -0.9914778
      ],
      [
        0.27610305,
        0.958184242,
        0.07516709
      ],
      [
        0.9531958,
        -0.2830127,
        0.106403396
      ]
    ],
    "translation": [
      2.16505814,
      0.896086037,
      -0.537274539
    ]
  },
  {
    "timeStamp": 90388,
    "rotation": [
      [
        0.0737809,
        0.06785046,
        -0.9949636
      ],
      [
        0.2783725,
        0.9566262,
        0.08587862
      ],
      [
        0.957635164,
        -0.283306718,
        0.0516930372
      ]
    ],
    "translation": [
      2.160586,
      0.8907898,
      -0.5351093
    ]
  },
  {
    "timeStamp": 90434,
    "rotation": [
      [
        0.03412769,
        0.08913369,
        -0.9954348
      ],
      [
        0.306570172,
        0.9470639,
        0.09531295
      ],
      [
        0.951236069,
        -0.30842343,
        0.00499537867
      ]
    ],
    "translation": [
      2.15702939,
      0.8864941,
      -0.532300353
    ]
  },
  {
    "timeStamp": 90491,
    "rotation": [
      [
        -0.0224458072,
        0.0984570459,
        -0.994888067
      ],
      [
        0.331684738,
        0.939508438,
        0.0854933262
      ],
      [
        0.9431232,
        -0.328070253,
        -0.0537447259
      ]
    ],
    "translation": [
      2.15534067,
      0.879123,
      -0.529620647
    ]
  },
  {
    "timeStamp": 90537,
    "rotation": [
      [
        -0.0550651,
        0.0853711441,
        -0.994826436
      ],
      [
        0.326630056,
        0.943060338,
        0.06284938
      ],
      [
        0.943546832,
        -0.3214794,
        -0.07981449
      ]
    ],
    "translation": [
      2.1550467,
      0.8727435,
      -0.5280928
    ]
  },
  {
    "timeStamp": 90583,
    "rotation": [
      [
        -0.07369947,
        0.08466743,
        -0.993679941
      ],
      [
        0.3170413,
        0.9466883,
        0.057149075
      ],
      [
        0.9455439,
        -0.310825735,
        -0.0966135
      ]
    ],
    "translation": [
      2.15450954,
      0.8685667,
      -0.5272704
    ]
  },
  {
    "timeStamp": 90637,
    "rotation": [
      [
        -0.0776039,
        0.0849715248,
        -0.9933567
      ],
      [
        0.3081407,
        0.9496222,
        0.0571576431
      ],
      [
        0.948170364,
        -0.301657975,
        -0.09987757
      ]
    ],
    "translation": [
      2.15390086,
      0.864982,
      -0.5258717
    ]
  },
  {
    "timeStamp": 90693,
    "rotation": [
      [
        -0.079245165,
        0.103982948,
        -0.9914171
      ],
      [
        0.32201457,
        0.943896,
        0.07325977
      ],
      [
        0.943412364,
        -0.31344524,
        -0.108283222
      ]
    ],
    "translation": [
      2.153479,
      0.863580465,
      -0.525032759
    ]
  }
]