[
  {
    "timeStamp": 52221,
    "rotation": [
      [
        0.989082634,
        -0.07926726,
        0.1242262
      ],
      [
        0.08113554,
        0.9966525,
        -0.0100449361
      ],
      [
        -0.123014107,
        0.0200144313,
        0.9922031
      ]
    ],
    "translation": [
      1.45646119,
      0.69964,
      -0.6015305
    ]
  },
  {
    "timeStamp": 52276,
    "rotation": [
      [
        0.9863894,
        -0.100386858,
        0.130224869
      ],
      [
        0.0990938246,
        0.994943142,
        0.0163879842
      ],
      [
        -0.131211489,
        -0.00326045323,
        0.991349041
      ]
    ],
    "translation": [
      1.46373141,
      0.702466547,
      -0.601370931
    ]
  },
  {
    "timeStamp": 52323,
    "rotation": [
      [
        0.988481,
        -0.07386829,
        0.132093817
      ],
      [
        0.071374014,
        0.9971722,
        0.0235252772
      ],
      [
        -0.133458048,
        -0.0138262231,
        0.990958035
      ]
    ],
    "translation": [
      1.46538115,
      0.704980433,
      -0.6031852
    ]
  },
  {
    "timeStamp": 52376,
    "rotation": [
      [
        0.9918186,
        -0.06127105,
        0.111990139
      ],
      [
        0.05546748,
        0.9969869,
        0.05422584
      ],
      [
        -0.114975177,
        -0.047570385,
        0.992228746
      ]
    ],
    "translation": [
      1.46954608,
      0.7139524,
      -0.6039976
    ]
  },
  {
    "timeStamp": 52431,
    "rotation": [
      [
        0.9907798,
        -0.0468649,
        0.127117857
      ],
      [
        0.0314461961,
        0.992191255,
        0.120696552
      ],
      [
        -0.131781667,
        -0.115586333,
        0.9845168
      ]
    ],
    "translation": [
      1.48629951,
      0.732611239,
      -0.6003604
    ]
  },
  {
    "timeStamp": 52476,
    "rotation": [
      [
        0.9933547,
        -0.0299173445,
        0.111136734
      ],
      [
        0.009540322,
        0.983705342,
        0.179534942
      ],
      [
        -0.114697009,
        -0.177281588,
        0.9774537
      ]
    ],
    "translation": [
      1.50207317,
      0.752557158,
      -0.600834668
    ]
  },
  {
    "timeStamp": 52532,
    "rotation": [
      [
        0.9943046,
        -0.03441015,
        0.100867853
      ],
      [
        0.00384234614,
        0.957401931,
        0.288733035
      ],
      [
        -0.106506422,
        -0.286701,
        0.9520813
      ]
    ],
    "translation": [
      1.53502321,
      0.78855145,
      -0.5996536
    ]
  },
  {
    "timeStamp": 52576,
    "rotation": [
      [
        0.9919771,
        -0.0638862848,
        0.109086826
      ],
      [
        0.0173999537,
        0.923695266,
        0.382732749
      ],
      [
        -0.125214353,
        -0.377764016,
        0.9173961
      ]
    ],
    "translation": [
      1.57507432,
      0.821289957,
      -0.602239668
    ]
  },
  {
    "timeStamp": 52631,
    "rotation": [
      [
        0.9835002,
        -0.126961365,
        0.128873065
      ],
      [
        0.0509550534,
        0.8779402,
        0.476051122
      ],
      [
        -0.173582941,
        -0.461629629,
        0.8699236
      ]
    ],
    "translation": [
      1.64020586,
      0.8629938,
      -0.6099538
    ]
  },
  {
    "timeStamp": 52676,
    "rotation": [
      [
        0.9640293,
        -0.216831759,
        0.153725386
      ],
      [
        0.102390848,
        0.8366773,
        0.538040161
      ],
      [
        -0.245282724,
        -0.502946436,
        0.8287831
      ]
    ],
    "translation": [
      1.70390284,
      0.8928386,
      -0.620400548
    ]
  },
  {
    "timeStamp": 52721,
    "rotation": [
      [
        0.9314753,
        -0.3199809,
        0.173106968
      ],
      [
        0.163063735,
        0.792562246,
        0.5875843
      ],
      [
        -0.3252138,
        -0.5190928,
        0.7904294
      ]
    ],
    "translation": [
      1.77623355,
      0.9202102,
      -0.63212055
    ]
  },
  {
    "timeStamp": 52776,
    "rotation": [
      [
        0.8690253,
        -0.466779083,
        0.164049625
      ],
      [
        0.2773406,
        0.734153032,
        0.619759262
      ],
      [
        -0.409728169,
        -0.493088871,
        0.7674544
      ]
    ],
    "translation": [
      1.866261,
      0.94756037,
      -0.6497557
    ]
  },
  {
    "timeStamp": 52831,
    "rotation": [
      [
        0.787813842,
        -0.6018995,
        0.130638391
      ],
      [
        0.405268967,
        0.6663037,
        0.6259365
      ],
      [
        -0.4637957,
        -0.440177768,
        0.768854439
      ]
    ],
    "translation": [
      1.9546448,
      0.9705161,
      -0.669449031
    ]
  },
  {
    "timeStamp": 52876,
    "rotation": [
      [
        0.7318686,
        -0.6734901,
        0.10382352
      ],
      [
        0.497882456,
        0.6325065,
        0.5933369
      ],
      [
        -0.4652756,
        -0.382552743,
        0.7982306
      ]
    ],
    "translation": [
      2.01351976,
      0.978874862,
      -0.682257056
    ]
  },
  {
    "timeStamp": 52938,
    "rotation": [
      [
        0.6541128,
        -0.751686,
        0.0842885152
      ],
      [
        0.604997635,
        0.586812139,
        0.538172364
      ],
      [
        -0.453998148,
        -0.3010311,
        0.8386096
      ]
    ],
    "translation": [
      2.083072,
      0.984840751,
      -0.6987691
    ]
  },
  {
    "timeStamp": 52973,
    "rotation": [
      [
        0.6294418,
        -0.775218844,
        0.0532811247
      ],
      [
        0.6803968,
        0.5829723,
        0.444076151
      ],
      [
        -0.3753176,
        -0.243267789,
        0.894403458
      ]
    ],
    "translation": [
      2.12452173,
      0.976344764,
      -0.707124949
    ]
  },
  {
    "timeStamp": 53026,
    "rotation": [
      [
        0.61128813,
        -0.7884554,
        0.06829993
      ],
      [
        0.70370543,
        0.5810059,
        0.408938646
      ],
      [
        -0.362112552,
        -0.201916292,
        0.910002351
      ]
    ],
    "translation": [
      2.169662,
      0.9656866,
      -0.7131203
    ]
  },
  {
    "timeStamp": 53071,
    "rotation": [
      [
        0.609300137,
        -0.790225744,
        0.0655483
      ],
      [
        0.744712055,
        0.5986727,
        0.294948936
      ],
      [
        -0.2723182,
        -0.13089782,
        0.953262031
      ]
    ],
    "translation": [
      2.19868922,
      0.9424051,
      -0.7210955
    ]
  },
  {
    "timeStamp": 53126,
    "rotation": [
      [
        0.6194738,
        -0.7845312,
        0.0276241
      ],
      [
        0.7655901,
        0.6115493,
        0.199697927
      ],
      [
        -0.17356275,
        -0.1025589,
        0.979468048
      ]
    ],
    "translation": [
      2.217828,
      0.9152465,
      -0.723109245
    ]
  },
  {
    "timeStamp": 53171,
    "rotation": [
      [
        0.623251438,
        -0.7818542,
        0.0161764827
      ],
      [
        0.775905252,
        0.6208266,
        0.112006046
      ],
      [
        -0.09761519,
        -0.05725651,
        0.9935759
      ]
    ],
    "translation": [
      2.22851515,
      0.8925042,
      -0.7295158
    ]
  },
  {
    "timeStamp": 53228,
    "rotation": [
      [
        0.593822241,
        -0.8040395,
        -0.0299277976
      ],
      [
        0.8045355,
        0.5929093,
        0.0343696773
      ],
      [
        -0.00989011,
        -0.044487454,
        0.998961
      ]
    ],
    "translation": [
      2.23891854,
      0.8717873,
      -0.7311578
    ]
  },
  {
    "timeStamp": 53271,
    "rotation": [
      [
        0.5515784,
        -0.833152235,
        -0.0402317755
      ],
      [
        0.8340817,
        0.5513896,
        0.0166525934
      ],
      [
        0.008309235,
        -0.0427417941,
        0.99905163
      ]
    ],
    "translation": [
      2.25099254,
      0.862959,
      -0.7297144
    ]
  }
]