[
  {
    "timeStamp": 11717,
    "rotation": [
      [
        0.9973406,
        0.0251648445,
        0.06839881
      ],
      [
        -0.0689182,
        0.0203851778,
        0.997414
      ],
      [
        0.02370543,
        -0.9994755,
        0.02206528
      ]
    ],
    "translation": [
      1.45814621,
      0.6961409,
      -0.469686538
    ]
  },
  {
    "timeStamp": 11763,
    "rotation": [
      [
        0.997487,
        -0.0482650362,
        0.0518665425
      ],
      [
        -0.0506124645,
        0.0268530846,
        0.9983573
      ],
      [
        -0.04957853,
        -0.9984735,
        0.0243427884
      ]
    ],
    "translation": [
      1.46337342,
      0.7010989,
      -0.4670518
    ]
  },
  {
    "timeStamp": 11817,
    "rotation": [
      [
        0.992257237,
        -0.0562930368,
        0.110709712
      ],
      [
        -0.112581991,
        -0.0312441662,
        0.993151069
      ],
      [
        -0.0524484441,
        -0.997925341,
        -0.0373398326
      ]
    ],
    "translation": [
      1.46574128,
      0.716795444,
      -0.453647435
    ]
  },
  {
    "timeStamp": 11861,
    "rotation": [
      [
        0.9829712,
        -0.08451546,
        0.163171455
      ],
      [
        -0.167730927,
        -0.0499493219,
        0.9845666
      ],
      [
        -0.07506081,
        -0.995169461,
        -0.0632746
      ]
    ],
    "translation": [
      1.47189832,
      0.7417057,
      -0.450158864
    ]
  },
  {
    "timeStamp": 11917,
    "rotation": [
      [
        0.9642353,
        -0.130405039,
        0.230748281
      ],
      [
        -0.240458116,
        -0.0641882643,
        0.9685348
      ],
      [
        -0.111490473,
        -0.9893808,
        -0.0932495445
      ]
    ],
    "translation": [
      1.4865706,
      0.7768808,
      -0.4469471
    ]
  },
  {
    "timeStamp": 11961,
    "rotation": [
      [
        0.9483206,
        -0.167942613,
        0.2692271
      ],
      [
        -0.287325233,
        -0.09442489,
        0.953167439
      ],
      [
        -0.1346557,
        -0.981264055,
        -0.137799218
      ]
    ],
    "translation": [
      1.50889611,
      0.807477832,
      -0.4438141
    ]
  },
  {
    "timeStamp": 12017,
    "rotation": [
      [
        0.9186646,
        -0.237445548,
        0.315713525
      ],
      [
        -0.349949151,
        -0.118367508,
        0.9292603
      ],
      [
        -0.1832785,
        -0.9641622,
        -0.1918339
      ]
    ],
    "translation": [
      1.54856062,
      0.847069,
      -0.43695873
    ]
  },
  {
    "timeStamp": 12061,
    "rotation": [
      [
        0.8920923,
        -0.304887176,
        0.3334894
      ],
      [
        -0.3906827,
        -0.149638176,
        0.908281565
      ],
      [
        -0.227020636,
        -0.9405595,
        -0.2526052
      ]
    ],
    "translation": [
      1.592804,
      0.8795,
      -0.430955648
    ]
  },
  {
    "timeStamp": 12114,
    "rotation": [
      [
        0.848912656,
        -0.40588817,
        0.3385293
      ],
      [
        -0.4372946,
        -0.179643556,
        0.8811933
      ],
      [
        -0.2968513,
        -0.8960932,
        -0.32999438
      ]
    ],
    "translation": [
      1.66041064,
      0.918572,
      -0.422850251
    ]
  },
  {
    "timeStamp": 12158,
    "rotation": [
      [
        0.808275461,
        -0.490351647,
        0.32595408
      ],
      [
        -0.4717153,
        -0.20796001,
        0.8568765
      ],
      [
        -0.3523854,
        -0.8463498,
        -0.399395347
      ]
    ],
    "translation": [
      1.722895,
      0.9506989,
      -0.41894
    ]
  },
  {
    "timeStamp": 12214,
    "rotation": [
      [
        0.7702831,
        -0.5791086,
        0.267015517
      ],
      [
        -0.485884428,
        -0.26179114,
        0.833895564
      ],
      [
        -0.4130138,
        -0.7720743,
        -0.4830331
      ]
    ],
    "translation": [
      1.80628121,
      0.9892665,
      -0.421727717
    ]
  },
  {
    "timeStamp": 12258,
    "rotation": [
      [
        0.7386741,
        -0.639173031,
        0.214052439
      ],
      [
        -0.4912566,
        -0.2930414,
        0.820239961
      ],
      [
        -0.461548984,
        -0.7110447,
        -0.53046006
      ]
    ],
    "translation": [
      1.87188673,
      1.01375413,
      -0.430361539
    ]
  },
  {
    "timeStamp": 12314,
    "rotation": [
      [
        0.7147523,
        -0.6898627,
        0.114971794
      ],
      [
        -0.45750913,
        -0.336867839,
        0.8229249
      ],
      [
        -0.52897495,
        -0.640788138,
        -0.5563956
      ]
    ],
    "translation": [
      1.95382619,
      1.03299892,
      -0.448281944
    ]
  },
  {
    "timeStamp": 12358,
    "rotation": [
      [
        0.6956709,
        -0.7171563,
        0.04157786
      ],
      [
        -0.419351637,
        -0.358432233,
        0.834068656
      ],
      [
        -0.583254755,
        -0.597673059,
        -0.550091565
      ]
    ],
    "translation": [
      2.01367259,
      1.03761244,
      -0.467682272
    ]
  },
  {
    "timeStamp": 12414,
    "rotation": [
      [
        0.6871643,
        -0.721957147,
        -0.08113708
      ],
      [
        -0.314933449,
        -0.396660149,
        0.8622515
      ],
      [
        -0.6546925,
        -0.5669557,
        -0.4999391
      ]
    ],
    "translation": [
      2.08268166,
      1.03181446,
      -0.494877458
    ]
  },
  {
    "timeStamp": 12459,
    "rotation": [
      [
        0.686033,
        -0.7163756,
        -0.127140611
      ],
      [
        -0.221061319,
        -0.371719182,
        0.90164113
      ],
      [
        -0.6931743,
        -0.5904497,
        -0.413374573
      ]
    ],
    "translation": [
      2.12327433,
      1.0072341,
      -0.5167846
    ]
  },
  {
    "timeStamp": 12515,
    "rotation": [
      [
        0.6751641,
        -0.72442615,
        -0.139140859
      ],
      [
        -0.1323767,
        -0.304546118,
        0.943254
      ],
      [
        -0.7256927,
        -0.6184323,
        -0.301515758
      ]
    ],
    "translation": [
      2.16224313,
      0.966522038,
      -0.544852853
    ]
  },
  {
    "timeStamp": 12565,
    "rotation": [
      [
        0.666574955,
        -0.7323895,
        -0.138864711
      ],
      [
        -0.07479757,
        -0.251059532,
        0.9650774
      ],
      [
        -0.7416759,
        -0.632909656,
        -0.222130969
      ]
    ],
    "translation": [
      2.184781,
      0.9327156,
      -0.5609844
    ]
  },
  {
    "timeStamp": 12611,
    "rotation": [
      [
        0.6844995,
        -0.717901647,
        -0.126798034
      ],
      [
        -0.0207451172,
        -0.1930421,
        0.980971158
      ],
      [
        -0.728718162,
        -0.6688438,
        -0.147030175
      ]
    ],
    "translation": [
      2.1977458,
      0.8917484,
      -0.5785649
    ]
  },
  {
    "timeStamp": 12667,
    "rotation": [
      [
        0.6904343,
        -0.715224266,
        -0.108419664
      ],
      [
        -0.0130271623,
        -0.162144974,
        0.9866809
      ],
      [
        -0.723277867,
        -0.6798259,
        -0.121267788
      ]
    ],
    "translation": [
      2.20124149,
      0.862181067,
      -0.5827131
    ]
  },
  {
    "timeStamp": 12712,
    "rotation": [
      [
        0.708017766,
        -0.698113143,
        -0.106531367
      ],
      [
        -0.00392494071,
        -0.154740408,
        0.987947345
      ],
      [
        -0.7061838,
        -0.699066162,
        -0.11229901
      ]
    ],
    "translation": [
      2.19946671,
      0.8425536,
      -0.5789562
    ]
  },
  {
    "timeStamp": 12767,
    "rotation": [
      [
        0.7215164,
        -0.6880896,
        -0.07711556
      ],
      [
        -0.0140681081,
        -0.125920251,
        0.9919406
      ],
      [
        -0.6922544,
        -0.714616537,
        -0.100533649
      ]
    ],
    "translation": [
      2.19150281,
      0.818405151,
      -0.5712147
    ]
  },
  {
    "timeStamp": 12811,
    "rotation": [
      [
        0.73469466,
        -0.675306141,
        -0.0646947548
      ],
      [
        -0.017610129,
        -0.114316463,
        0.9932883
      ],
      [
        -0.67816937,
        -0.728624344,
        -0.09587993
      ]
    ],
    "translation": [
      2.18469715,
      0.8037684,
      -0.5631982
    ]
  },
  {
    "timeStamp": 12867,
    "rotation": [
      [
        0.745456,
        -0.6654609,
        -0.0381726623
      ],
      [
        -0.0250913464,
        -0.0852434039,
        0.996044159
      ],
      [
        -0.666082442,
        -0.741549253,
        -0.0802425146
      ]
    ],
    "translation": [
      2.17481,
      0.7875403,
      -0.555324435
    ]
  },
  {
    "timeStamp": 12911,
    "rotation": [
      [
        0.7595616,
        -0.649350643,
        -0.037548542
      ],
      [
        -0.0220862925,
        -0.08344382,
        0.9962677
      ],
      [
        -0.6500603,
        -0.755897343,
        -0.07772247
      ]
    ],
    "translation": [
      2.16875744,
      0.7785087,
      -0.5492016
    ]
  },
  {
    "timeStamp": 12967,
    "rotation": [
      [
        0.771345556,
        -0.635625839,
        -0.0317128152
      ],
      [
        -0.0230632555,
        -0.07771581,
        0.996708751
      ],
      [
        -0.6359984,
        -0.768075466,
        -0.07460535
      ]
    ],
    "translation": [
      2.162598,
      0.7680992,
      -0.542883933
    ]
  },
  {
    "timeStamp": 13012,
    "rotation": [
      [
        0.781787336,
        -0.622752368,
        -0.03143393
      ],
      [
        -0.0187148675,
        -0.07382338,
        0.9970957
      ],
      [
        -0.623264253,
        -0.7789285,
        -0.06936891
      ]
    ],
    "translation": [
      2.158566,
      0.758319736,
      -0.538939953
    ]
  },
  {
    "timeStamp": 13058,
    "rotation": [
      [
        0.7913913,
        -0.6109551,
        -0.0208232123
      ],
      [
        -0.0295768678,
        -0.07229087,
        0.996944964
      ],
      [
        -0.6105939,
        -0.7883577,
        -0.0752805
      ]
    ],
    "translation": [
      2.153151,
      0.7511654,
      -0.533350945
    ]
  },
  {
    "timeStamp": 13115,
    "rotation": [
      [
        0.7989619,
        -0.5995197,
        -0.0472855456
      ],
      [
        -0.0145497192,
        -0.09787527,
        0.995092332
      ],
      [
        -0.6012056,
        -0.7943529,
        -0.08692145
      ]
    ],
    "translation": [
      2.15386081,
      0.74549216,
      -0.5267231
    ]
  }
]