[
  {
    "timeStamp": 9152,
    "rotation": [
      [
        0.9921819,
        0.119777828,
        -0.0350488722
      ],
      [
        0.0373133272,
        -0.0167146362,
        0.9991638
      ],
      [
        0.119091831,
        -0.992660046,
        -0.0210532676
      ]
    ],
    "translation": [
      1.46288109,
      0.7045058,
      -0.6400894
    ]
  },
  {
    "timeStamp": 9207,
    "rotation": [
      [
        0.9939137,
        0.107205257,
        -0.0253485478
      ],
      [
        0.0274343789,
        -0.0180263538,
        0.999461055
      ],
      [
        0.106690533,
        -0.994073451,
        -0.02085775
      ]
    ],
    "translation": [
      1.462085,
      0.7105726,
      -0.6391303
    ]
  },
  {
    "timeStamp": 9252,
    "rotation": [
      [
        0.9943508,
        0.100342795,
        0.0346104
      ],
      [
        -0.0345723554,
        -0.00211861054,
        0.99939996
      ],
      [
        0.100355916,
        -0.9949507,
        0.00136244472
      ]
    ],
    "translation": [
      1.45651066,
      0.733742833,
      -0.646539867
    ]
  },
  {
    "timeStamp": 9307,
    "rotation": [
      [
        0.9883154,
        0.09970261,
        0.115291163
      ],
      [
        -0.116405733,
        0.00541507266,
        0.993187
      ],
      [
        0.0983990356,
        -0.9950025,
        0.0169577561
      ]
    ],
    "translation": [
      1.45056987,
      0.773662,
      -0.658394158
    ]
  },
  {
    "timeStamp": 9351,
    "rotation": [
      [
        0.9804695,
        0.08181184,
        0.1788472
      ],
      [
        -0.180156752,
        0.008855125,
        0.983598053
      ],
      [
        0.0788862556,
        -0.996608436,
        0.0234211367
      ]
    ],
    "translation": [
      1.45721292,
      0.808493555,
      -0.664011836
    ]
  },
  {
    "timeStamp": 9407,
    "rotation": [
      [
        0.961945951,
        0.0253401473,
        0.272062153
      ],
      [
        -0.272574127,
        0.0195386168,
        0.961936355
      ],
      [
        0.019059889,
        -0.999487936,
        0.0257021617
      ]
    ],
    "translation": [
      1.46646893,
      0.8548959,
      -0.662893534
    ]
  },
  {
    "timeStamp": 9452,
    "rotation": [
      [
        0.942233145,
        -0.05953063,
        0.32962513
      ],
      [
        -0.331212252,
        -0.0188356079,
        0.943368256
      ],
      [
        -0.04995062,
        -0.9980487,
        -0.0374648124
      ]
    ],
    "translation": [
      1.48818028,
      0.8893079,
      -0.644952059
    ]
  },
  {
    "timeStamp": 9507,
    "rotation": [
      [
        0.89957,
        -0.2187648,
        0.378042132
      ],
      [
        -0.398597836,
        -0.0572824366,
        0.9153352
      ],
      [
        -0.178587943,
        -0.9740948,
        -0.138728738
      ]
    ],
    "translation": [
      1.52840519,
      0.93042016,
      -0.60363996
    ]
  },
  {
    "timeStamp": 9551,
    "rotation": [
      [
        0.8441372,
        -0.372572184,
        0.385515779
      ],
      [
        -0.452817023,
        -0.110479079,
        0.884732246
      ],
      [
        -0.2870352,
        -0.921403468,
        -0.261966527
      ]
    ],
    "translation": [
      1.57637918,
      0.9626161,
      -0.5669672
    ]
  },
  {
    "timeStamp": 9608,
    "rotation": [
      [
        0.7519767,
        -0.568486869,
        0.333697
      ],
      [
        -0.5110738,
        -0.183068037,
        0.839815259
      ],
      [
        -0.416334718,
        -0.8020653,
        -0.428201675
      ]
    ],
    "translation": [
      1.660075,
      1.00642931,
      -0.5133181
    ]
  },
  {
    "timeStamp": 9651,
    "rotation": [
      [
        0.677521765,
        -0.691750169,
        0.249892011
      ],
      [
        -0.5417152,
        -0.2395109,
        0.8057165
      ],
      [
        -0.497502685,
        -0.681260765,
        -0.5370054
      ]
    ],
    "translation": [
      1.73339558,
      1.03420413,
      -0.4890584
    ]
  },
  {
    "timeStamp": 9707,
    "rotation": [
      [
        0.6043715,
        -0.78876406,
        0.112189077
      ],
      [
        -0.5496253,
        -0.310845017,
        0.7754272
      ],
      [
        -0.5767557,
        -0.530308068,
        -0.6213906
      ]
    ],
    "translation": [
      1.83247888,
      1.05889881,
      -0.4701395
    ]
  },
  {
    "timeStamp": 9751,
    "rotation": [
      [
        0.558433235,
        -0.8295468,
        -0.002101165
      ],
      [
        -0.510876536,
        -0.345904559,
        0.786991239
      ],
      [
        -0.6535729,
        -0.438408643,
        -0.6169606
      ]
    ],
    "translation": [
      1.90206981,
      1.05902493,
      -0.4719168
    ]
  },
  {
    "timeStamp": 9807,
    "rotation": [
      [
        0.513496935,
        -0.8545165,
        -0.0782458559
      ],
      [
        -0.432553262,
        -0.336522,
        0.8364512
      ],
      [
        -0.7410928,
        -0.3956696,
        -0.542426944
      ]
    ],
    "translation": [
      1.97339177,
      1.03684926,
      -0.491038471
    ]
  },
  {
    "timeStamp": 9851,
    "rotation": [
      [
        0.481557131,
        -0.8713363,
        -0.09421154
      ],
      [
        -0.3707326,
        -0.299928635,
        0.878976762
      ],
      [
        -0.794141054,
        -0.388350248,
        -0.46746555
      ]
    ],
    "translation": [
      2.01142073,
      1.01547563,
      -0.508435
    ]
  },
  {
    "timeStamp": 9905,
    "rotation": [
      [
        0.4761378,
        -0.873761,
        -0.0991695
      ],
      [
        -0.262489676,
        -0.24885112,
        0.9322941
      ],
      [
        -0.839280665,
        -0.417869449,
        -0.347840667
      ]
    ],
    "translation": [
      2.03931546,
      0.9752338,
      -0.538297951
    ]
  },
  {
    "timeStamp": 9948,
    "rotation": [
      [
        0.450307816,
        -0.880925357,
        -0.145579234
      ],
      [
        -0.158182189,
        -0.239176065,
        0.9580048
      ],
      [
        -0.8787498,
        -0.408368975,
        -0.24704957
      ]
    ],
    "translation": [
      2.07530022,
      0.936413467,
      -0.5609663
    ]
  },
  {
    "timeStamp": 10001,
    "rotation": [
      [
        0.4417378,
        -0.8924724,
        -0.09143705
      ],
      [
        -0.122322515,
        -0.1608841,
        0.9793638
      ],
      [
        -0.888765931,
        -0.421437174,
        -0.180238053
      ]
    ],
    "translation": [
      2.080423,
      0.90054667,
      -0.57814
    ]
  },
  {
    "timeStamp": 10057,
    "rotation": [
      [
        0.4489362,
        -0.888004243,
        -0.09952276
      ],
      [
        -0.0709565356,
        -0.146453157,
        0.9866695
      ],
      [
        -0.890742064,
        -0.43588984,
        -0.128757834
      ]
    ],
    "translation": [
      2.089552,
      0.8652877,
      -0.589085042
    ]
  },
  {
    "timeStamp": 10101,
    "rotation": [
      [
        0.437802553,
        -0.897769868,
        -0.04835577
      ],
      [
        -0.07682684,
        -0.09094408,
        0.9928881
      ],
      [
        -0.89578265,
        -0.430973917,
        -0.108788364
      ]
    ],
    "translation": [
      2.08462572,
      0.8417145,
      -0.587562
    ]
  },
  {
    "timeStamp": 10157,
    "rotation": [
      [
        0.4386939,
        -0.8970489,
        -0.0533942841
      ],
      [
        -0.0400468633,
        -0.0788733959,
        0.9960799
      ],
      [
        -0.897743762,
        -0.4348359,
        -0.07052527
      ]
    ],
    "translation": [
      2.09130239,
      0.81024307,
      -0.587267756
    ]
  },
  {
    "timeStamp": 10201,
    "rotation": [
      [
        0.430962056,
        -0.9005826,
        -0.0567689426
      ],
      [
        -0.0311856065,
        -0.0777377561,
        0.996485949
      ],
      [
        -0.901831031,
        -0.427677244,
        -0.0615872368
      ]
    ],
    "translation": [
      2.096053,
      0.7928809,
      -0.5804577
    ]
  },
  {
    "timeStamp": 10257,
    "rotation": [
      [
        0.4269095,
        -0.9033909,
        -0.0404131338
      ],
      [
        -0.02814652,
        -0.05794304,
        0.997923
      ],
      [
        -0.9038562,
        -0.424885333,
        -0.0501637459
      ]
    ],
    "translation": [
      2.097111,
      0.777082562,
      -0.5731096
    ]
  },
  {
    "timeStamp": 10302,
    "rotation": [
      [
        0.421867371,
        -0.9047955,
        -0.0580773167
      ],
      [
        -0.0162474923,
        -0.07159065,
        0.997301757
      ],
      [
        -0.906511962,
        -0.41978547,
        -0.0449024178
      ]
    ],
    "translation": [
      2.104101,
      0.767340064,
      -0.566588938
    ]
  },
  {
    "timeStamp": 10357,
    "rotation": [
      [
        0.411402076,
        -0.9108439,
        -0.033341188
      ],
      [
        -0.0199853182,
        -0.0455861427,
        0.998760462
      ],
      [
        -0.9112348,
        -0.410225779,
        -0.03695774
      ]
    ],
    "translation": [
      2.10705256,
      0.7582413,
      -0.5594068
    ]
  },
  {
    "timeStamp": 10403,
    "rotation": [
      [
        0.4163436,
        -0.907945335,
        -0.047888808
      ],
      [
        -0.0219369661,
        -0.0626870245,
        0.9977921
      ],
      [
        -0.9089427,
        -0.414373815,
        -0.0460169055
      ]
    ],
    "translation": [
      2.11318731,
      0.7533648,
      -0.5520175
    ]
  },
  {
    "timeStamp": 10449,
    "rotation": [
      [
        0.417845637,
        -0.9064223,
        -0.0616732165
      ],
      [
        -0.0395219773,
        -0.08595407,
        0.99551487
      ],
      [
        -0.907658,
        -0.413534075,
        -0.07173914
      ]
    ],
    "translation": [
      2.12300944,
      0.7531395,
      -0.541394
    ]
  }
]