[
  {
    "timeStamp": 23066,
    "rotation": [
      [
        -0.6785713,
        0.7182223,
        -0.153940439
      ],
      [
        0.7253726,
        0.6882238,
        0.0135158394
      ],
      [
        0.115652837,
        -0.102492705,
        -0.9879877
      ]
    ],
    "translation": [
      1.74063015,
      0.705588043,
      -0.317587167
    ]
  },
  {
    "timeStamp": 23108,
    "rotation": [
      [
        -0.6774439,
        0.716189,
        -0.1677589
      ],
      [
        0.7248173,
        0.6888057,
        0.0136626922
      ],
      [
        0.125338361,
        -0.112338841,
        -0.98573333
      ]
    ],
    "translation": [
      1.7409091,
      0.7048959,
      -0.317489624
    ]
  },
  {
    "timeStamp": 23164,
    "rotation": [
      [
        -0.64415,
        0.734662235,
        -0.212936789
      ],
      [
        0.760145247,
        0.645830333,
        -0.07129059
      ],
      [
        0.08514653,
        -0.207784727,
        -0.9744617
      ]
    ],
    "translation": [
      1.74461234,
      0.728293538,
      -0.3133527
    ]
  },
  {
    "timeStamp": 23218,
    "rotation": [
      [
        -0.599873841,
        0.765984356,
        -0.231126234
      ],
      [
        0.799336433,
        0.5863282,
        -0.131455421
      ],
      [
        0.0348230265,
        -0.263604283,
        -0.964002132
      ]
    ],
    "translation": [
      1.74414766,
      0.764199555,
      -0.316840529
    ]
  },
  {
    "timeStamp": 23262,
    "rotation": [
      [
        -0.555263,
        0.7881794,
        -0.265436023
      ],
      [
        0.831671,
        0.525254667,
        -0.180085629
      ],
      [
        -0.002518266,
        -0.320750326,
        -0.9471604
      ]
    ],
    "translation": [
      1.75334978,
      0.7992279,
      -0.3282213
    ]
  },
  {
    "timeStamp": 23307,
    "rotation": [
      [
        -0.5083838,
        0.8002158,
        -0.318120241
      ],
      [
        0.8607955,
        0.461933851,
        -0.21365425
      ],
      [
        -0.0240189936,
        -0.382454842,
        -0.9236619
      ]
    ],
    "translation": [
      1.7694906,
      0.83572036,
      -0.343328357
    ]
  },
  {
    "timeStamp": 23362,
    "rotation": [
      [
        -0.4641679,
        0.814750135,
        -0.347462744
      ],
      [
        0.882141948,
        0.389866561,
        -0.264253139
      ],
      [
        -0.07983618,
        -0.429169267,
        -0.8996887
      ]
    ],
    "translation": [
      1.79069257,
      0.882542133,
      -0.3726436
    ]
  },
  {
    "timeStamp": 23418,
    "rotation": [
      [
        -0.4536776,
        0.7964426,
        -0.399819672
      ],
      [
        0.883475,
        0.343141079,
        -0.318945348
      ],
      [
        -0.116827123,
        -0.497929037,
        -0.859312534
      ]
    ],
    "translation": [
      1.82635629,
      0.9264957,
      -0.4047864
    ]
  },
  {
    "timeStamp": 23462,
    "rotation": [
      [
        -0.446052819,
        0.767156541,
        -0.4609856
      ],
      [
        0.8868844,
        0.309632272,
        -0.342875957
      ],
      [
        -0.120303512,
        -0.5617817,
        -0.8184915
      ]
    ],
    "translation": [
      1.86399448,
      0.9546736,
      -0.434742838
    ]
  },
  {
    "timeStamp": 23518,
    "rotation": [
      [
        -0.470564067,
        0.6960396,
        -0.5423083
      ],
      [
        0.8757781,
        0.293462723,
        -0.383265465
      ],
      [
        -0.107620679,
        -0.65529263,
        -0.7476692
      ]
    ],
    "translation": [
      1.923104,
      0.9823941,
      -0.47028327
    ]
  },
  {
    "timeStamp": 23562,
    "rotation": [
      [
        -0.484031,
        0.622375548,
        -0.615111947
      ],
      [
        0.872119,
        0.285617173,
        -0.397279739
      ],
      [
        -0.07157066,
        -0.728746533,
        -0.681033134
      ]
    ],
    "translation": [
      1.974744,
      0.9951177,
      -0.5016253
    ]
  },
  {
    "timeStamp": 23607,
    "rotation": [
      [
        -0.4941727,
        0.5368889,
        -0.68377167
      ],
      [
        0.8692796,
        0.294213057,
        -0.3972299
      ],
      [
        -0.0120937917,
        -0.790688932,
        -0.612098634
      ]
    ],
    "translation": [
      2.02973032,
      0.999070168,
      -0.534944534
    ]
  },
  {
    "timeStamp": 23664,
    "rotation": [
      [
        -0.4893153,
        0.448225021,
        -0.748107553
      ],
      [
        0.867703259,
        0.3363133,
        -0.366038859
      ],
      [
        0.0875307545,
        -0.828243732,
        -0.553489566
      ]
    ],
    "translation": [
      2.08860588,
      0.98891747,
      -0.57574296
    ]
  },
  {
    "timeStamp": 23710,
    "rotation": [
      [
        -0.444397151,
        0.4052943,
        -0.798904061
      ],
      [
        0.880462468,
        0.362082064,
        -0.3060758
      ],
      [
        0.16521807,
        -0.8394243,
        -0.5177546
      ]
    ],
    "translation": [
      2.12657237,
      0.9694197,
      -0.604702234
    ]
  },
  {
    "timeStamp": 23762,
    "rotation": [
      [
        -0.445228875,
        0.391387731,
        -0.805348933
      ],
      [
        0.857568145,
        0.445114732,
        -0.2577785
      ],
      [
        0.257581353,
        -0.805412054,
        -0.533819556
      ]
    ],
    "translation": [
      2.15045166,
      0.9414273,
      -0.6271625
    ]
  },
  {
    "timeStamp": 23808,
    "rotation": [
      [
        -0.433949977,
        0.422124565,
        -0.795926034
      ],
      [
        0.8445125,
        0.4983199,
        -0.1961528
      ],
      [
        0.313824862,
        -0.75729,
        -0.572735369
      ]
    ],
    "translation": [
      2.16347933,
      0.91001004,
      -0.6468438
    ]
  },
  {
    "timeStamp": 23862,
    "rotation": [
      [
        -0.446361125,
        0.463098377,
        -0.7657034
      ],
      [
        0.826032,
        0.542306244,
        -0.153541714
      ],
      [
        0.3441408,
        -0.701030552,
        -0.624598563
      ]
    ],
    "translation": [
      2.16377378,
      0.8824303,
      -0.6556102
    ]
  },
  {
    "timeStamp": 23917,
    "rotation": [
      [
        -0.41695258,
        0.5268807,
        -0.740639746
      ],
      [
        0.839184344,
        0.536179841,
        -0.09099874
      ],
      [
        0.349170625,
        -0.659475446,
        -0.6657116
      ]
    ],
    "translation": [
      2.15266347,
      0.8608681,
      -0.65693295
    ]
  },
  {
    "timeStamp": 23962,
    "rotation": [
      [
        -0.376595348,
        0.578266561,
        -0.723729
      ],
      [
        0.8668091,
        0.49559018,
        -0.0550662577
      ],
      [
        0.32683,
        -0.6480726,
        -0.687883735
      ]
    ],
    "translation": [
      2.14246678,
      0.8522816,
      -0.65298146
    ]
  },
  {
    "timeStamp": 24017,
    "rotation": [
      [
        -0.353274673,
        0.615429759,
        -0.7045873
      ],
      [
        0.8761573,
        0.4816671,
        -0.0185809731
      ],
      [
        0.3279412,
        -0.62389344,
        -0.70937407
      ]
    ],
    "translation": [
      2.13131714,
      0.8409858,
      -0.6490946
    ]
  },
  {
    "timeStamp": 24062,
    "rotation": [
      [
        -0.335323185,
        0.6422771,
        -0.6892304
      ],
      [
        0.8876295,
        0.460550517,
        -0.002672106
      ],
      [
        0.315709174,
        -0.6126772,
        -0.7245374
      ]
    ],
    "translation": [
      2.12367654,
      0.8353693,
      -0.643817365
    ]
  },
  {
    "timeStamp": 24117,
    "rotation": [
      [
        -0.3366369,
        0.656514764,
        -0.6750289
      ],
      [
        0.885862648,
        0.4638533,
        0.009351419
      ],
      [
        0.319253743,
        -0.594834864,
        -0.737732
      ]
    ],
    "translation": [
      2.117352,
      0.8255942,
      -0.63953656
    ]
  },
  {
    "timeStamp": 24162,
    "rotation": [
      [
        -0.34086293,
        0.6637853,
        -0.6657338
      ],
      [
        0.8819287,
        0.4710353,
        0.0180995762
      ],
      [
        0.325598359,
        -0.5809603,
        -0.7459698
      ]
    ],
    "translation": [
      2.11437941,
      0.8190048,
      -0.6382409
    ]
  }
]