[
  {
    "timeStamp": 29042,
    "rotation": [
      [
        0.183482111,
        -0.0530280769,
        -0.9815917
      ],
      [
        0.5948998,
        0.8009241,
        0.0679325238
      ],
      [
        0.7825782,
        -0.596413136,
        0.178501636
      ]
    ],
    "translation": [
      1.3290242,
      0.701211154,
      -0.5949793
    ]
  },
  {
    "timeStamp": 29098,
    "rotation": [
      [
        0.163315341,
        -0.119870856,
        -0.9792645
      ],
      [
        0.6054398,
        0.795883238,
        0.003547963
      ],
      [
        0.7789549,
        -0.593465149,
        0.202554509
      ]
    ],
    "translation": [
      1.33719289,
      0.7084758,
      -0.5920649
    ]
  },
  {
    "timeStamp": 29142,
    "rotation": [
      [
        0.20438236,
        -0.0991424248,
        -0.9738576
      ],
      [
        0.589508235,
        0.806690753,
        0.0415952019
      ],
      [
        0.781478047,
        -0.5825984,
        0.2233186
      ]
    ],
    "translation": [
      1.342637,
      0.7201163,
      -0.591897845
    ]
  },
  {
    "timeStamp": 29190,
    "rotation": [
      [
        0.245093673,
        -0.05860883,
        -0.967726231
      ],
      [
        0.590666234,
        0.8005558,
        0.101112194
      ],
      [
        0.768792868,
        -0.5963852,
        0.230829433
      ]
    ],
    "translation": [
      1.35015452,
      0.7397868,
      -0.5923138
    ]
  },
  {
    "timeStamp": 29243,
    "rotation": [
      [
        0.3004433,
        -0.01118781,
        -0.95373404
      ],
      [
        0.5767792,
        0.7985165,
        0.172328725
      ],
      [
        0.7596444,
        -0.601869,
        0.246361792
      ]
    ],
    "translation": [
      1.3709228,
      0.765527546,
      -0.59776324
    ]
  },
  {
    "timeStamp": 29287,
    "rotation": [
      [
        0.341905773,
        0.0191192459,
        -0.9395397
      ],
      [
        0.5679749,
        0.7923121,
        0.222813725
      ],
      [
        0.7486687,
        -0.6098163,
        0.260036826
      ]
    ],
    "translation": [
      1.39382124,
      0.785949469,
      -0.6036351
    ]
  },
  {
    "timeStamp": 29342,
    "rotation": [
      [
        0.388740152,
        0.0313183926,
        -0.920815
      ],
      [
        0.5693671,
        0.7775797,
        0.266816258
      ],
      [
        0.724363267,
        -0.628003955,
        0.2844448
      ]
    ],
    "translation": [
      1.4343468,
      0.808529139,
      -0.6097447
    ]
  },
  {
    "timeStamp": 29398,
    "rotation": [
      [
        0.4411186,
        0.0207423773,
        -0.8972091
      ],
      [
        0.5725308,
        0.763364851,
        0.29913646
      ],
      [
        0.691102743,
        -0.6456345,
        0.324858755
      ]
    ],
    "translation": [
      1.48417985,
      0.8275749,
      -0.612403452
    ]
  },
  {
    "timeStamp": 29442,
    "rotation": [
      [
        0.493306339,
        -0.0126736825,
        -0.8697634
      ],
      [
        0.579868436,
        0.750104547,
        0.317955643
      ],
      [
        0.6483838,
        -0.661197841,
        0.377380371
      ]
    ],
    "translation": [
      1.53216219,
      0.839863,
      -0.609798849
    ]
  },
  {
    "timeStamp": 29487,
    "rotation": [
      [
        0.560487032,
        -0.07970726,
        -0.8243185
      ],
      [
        0.5859957,
        0.7415183,
        0.3267409
      ],
      [
        0.5852037,
        -0.666181147,
        0.462319523
      ]
    ],
    "translation": [
      1.59142518,
      0.850775957,
      -0.6014581
    ]
  },
  {
    "timeStamp": 29542,
    "rotation": [
      [
        0.6419104,
        -0.195180133,
        -0.741522551
      ],
      [
        0.603550732,
        0.7250902,
        0.33161813
      ],
      [
        0.472945482,
        -0.660415649,
        0.5832441
      ]
    ],
    "translation": [
      1.67574155,
      0.8652193,
      -0.592409849
    ]
  },
  {
    "timeStamp": 29587,
    "rotation": [
      [
        0.702369153,
        -0.29057017,
        -0.649805
      ],
      [
        0.612369835,
        0.7120451,
        0.343503982
      ],
      [
        0.362878442,
        -0.6391876,
        0.6780549
      ]
    ],
    "translation": [
      1.7486459,
      0.879754543,
      -0.5871573
    ]
  },
  {
    "timeStamp": 29643,
    "rotation": [
      [
        0.7467911,
        -0.414176434,
        -0.5203468
      ],
      [
        0.632990062,
        0.68267715,
        0.365069181
      ],
      [
        0.2040258,
        -0.602004766,
        0.771986842
      ]
    ],
    "translation": [
      1.84334576,
      0.90065366,
      -0.590459645
    ]
  },
  {
    "timeStamp": 29687,
    "rotation": [
      [
        0.749705434,
        -0.5239013,
        -0.404313266
      ],
      [
        0.658463,
        0.651565433,
        0.376681417
      ],
      [
        0.0660926849,
        -0.5486254,
        0.8334518
      ]
    ],
    "translation": [
      1.92480421,
      0.916041,
      -0.600241661
    ]
  },
  {
    "timeStamp": 29742,
    "rotation": [
      [
        0.7164782,
        -0.6469542,
        -0.260977447
      ],
      [
        0.6914425,
        0.608945847,
        0.3887058
      ],
      [
        -0.092553705,
        -0.458950132,
        0.8836281
      ]
    ],
    "translation": [
      2.0178,
      0.9302317,
      -0.624697
    ]
  },
  {
    "timeStamp": 29798,
    "rotation": [
      [
        0.6645376,
        -0.7337453,
        -0.141448423
      ],
      [
        0.724435568,
        0.586175561,
        0.3627552
      ],
      [
        -0.183256313,
        -0.343534738,
        0.921086848
      ]
    ],
    "translation": [
      2.098776,
      0.9300948,
      -0.6581425
    ]
  },
  {
    "timeStamp": 29845,
    "rotation": [
      [
        0.6377733,
        -0.7696512,
        -0.0297030266
      ],
      [
        0.73281467,
        0.594473,
        0.3310355
      ],
      [
        -0.2371242,
        -0.232892409,
        0.9431507
      ]
    ],
    "translation": [
      2.1523068,
      0.9201725,
      -0.687492967
    ]
  },
  {
    "timeStamp": 29893,
    "rotation": [
      [
        0.612376869,
        -0.788492441,
        0.05722194
      ],
      [
        0.7580237,
        0.6061824,
        0.240713552
      ],
      [
        -0.224487752,
        -0.104031816,
        0.968907952
      ]
    ],
    "translation": [
      2.20064116,
      0.898115337,
      -0.7218732
    ]
  },
  {
    "timeStamp": 29937,
    "rotation": [
      [
        0.6297272,
        -0.773280442,
        0.0740341246
      ],
      [
        0.7548997,
        0.631653547,
        0.17646575
      ],
      [
        -0.18322143,
        -0.05523694,
        0.9815186
      ]
    ],
    "translation": [
      2.2193203,
      0.876186,
      -0.740441859
    ]
  },
  {
    "timeStamp": 29992,
    "rotation": [
      [
        0.651652932,
        -0.7561602,
        0.05975173
      ],
      [
        0.7484448,
        0.6537963,
        0.111268722
      ],
      [
        -0.123202443,
        -0.0277877171,
        0.9919924
      ]
    ],
    "translation": [
      2.22643948,
      0.8529061,
      -0.7491658
    ]
  },
  {
    "timeStamp": 30037,
    "rotation": [
      [
        0.6784714,
        -0.7345916,
        0.00719426665
      ],
      [
        0.7315557,
        0.676497161,
        0.08472175
      ],
      [
        -0.06710279,
        -0.05221828,
        0.9963787
      ]
    ],
    "translation": [
      2.2201457,
      0.8379869,
      -0.7469116
    ]
  },
  {
    "timeStamp": 30092,
    "rotation": [
      [
        0.692718267,
        -0.7183852,
        -0.06375016
      ],
      [
        0.721125245,
        0.6885854,
        0.0763452947
      ],
      [
        -0.0109479055,
        -0.09885763,
        0.9950414
      ]
    ],
    "translation": [
      2.20812774,
      0.8267316,
      -0.7362097
    ]
  },
  {
    "timeStamp": 30137,
    "rotation": [
      [
        0.708163559,
        -0.6941294,
        -0.129184708
      ],
      [
        0.705484,
        0.702967048,
        0.09016489
      ],
      [
        0.02822648,
        -0.154989228,
        0.9875128
      ]
    ],
    "translation": [
      2.19388318,
      0.8231108,
      -0.7215488
    ]
  },
  {
    "timeStamp": 30192,
    "rotation": [
      [
        0.714235246,
        -0.677853644,
        -0.174305409
      ],
      [
        0.698006153,
        0.7081902,
        0.1060854
      ],
      [
        0.0515310057,
        -0.197436169,
        0.978960454
      ]
    ],
    "translation": [
      2.183341,
      0.8213171,
      -0.706526339
    ]
  },
  {
    "timeStamp": 30237,
    "rotation": [
      [
        0.7198727,
        -0.668712437,
        -0.186029553
      ],
      [
        0.692104,
        0.7118779,
        0.119256012
      ],
      [
        0.05268235,
        -0.214600936,
        0.9752799
      ]
    ],
    "translation": [
      2.179985,
      0.8205344,
      -0.6957503
    ]
  },
  {
    "timeStamp": 30293,
    "rotation": [
      [
        0.7254087,
        -0.661088049,
        -0.191689566
      ],
      [
        0.686577737,
        0.714742064,
        0.133246928
      ],
      [
        0.0489206538,
        -0.228268281,
        0.9723684
      ]
    ],
    "translation": [
      2.17966914,
      0.819105566,
      -0.683428943
    ]
  },
  {
    "timeStamp": 30338,
    "rotation": [
      [
        0.720499158,
        -0.66425693,
        -0.199107349
      ],
      [
        0.6914551,
        0.7099652,
        0.133563548
      ],
      [
        0.0526387952,
        -0.233906224,
        0.9708331
      ]
    ],
    "translation": [
      2.18159819,
      0.8172491,
      -0.6759984
    ]
  },
  {
    "timeStamp": 30396,
    "rotation": [
      [
        0.700547338,
        -0.6823047,
        -0.209030584
      ],
      [
        0.710944533,
        0.6925956,
        0.121939473
      ],
      [
        0.0615737848,
        -0.234033525,
        0.9702768
      ]
    ],
    "translation": [
      2.185099,
      0.815459669,
      -0.669756353
    ]
  }
]