[
  {
    "timeStamp": 41943,
    "rotation": [
      [
        0.9983867,
        -0.0567752831,
        -0.0007699165
      ],
      [
        0.05677621,
        0.998386145,
        0.00124389294
      ],
      [
        0.0006980516,
        -0.00128559908,
        0.9999989
      ]
    ],
    "translation": [
      1.616183,
      0.699617147,
      -0.359922826
    ]
  },
  {
    "timeStamp": 41987,
    "rotation": [
      [
        0.998885632,
        -0.0365542,
        0.0298538823
      ],
      [
        0.0352916233,
        0.998503447,
        0.0417767167
      ],
      [
        -0.03133632,
        -0.04067657,
        0.9986809
      ]
    ],
    "translation": [
      1.62285769,
      0.7163389,
      -0.355922163
    ]
  },
  {
    "timeStamp": 42045,
    "rotation": [
      [
        0.9958315,
        0.03862248,
        0.08263224
      ],
      [
        -0.0477116629,
        0.992673039,
        0.1110133
      ],
      [
        -0.07773919,
        -0.114493057,
        0.9903777
      ]
    ],
    "translation": [
      1.63340068,
      0.7523455,
      -0.352224737
    ]
  },
  {
    "timeStamp": 42094,
    "rotation": [
      [
        0.9886452,
        0.092046544,
        0.118777789
      ],
      [
        -0.113637671,
        0.975152254,
        0.190169722
      ],
      [
        -0.0983219743,
        -0.201508015,
        0.9745395
      ]
    ],
    "translation": [
      1.64729059,
      0.7925292,
      -0.3533072
    ]
  },
  {
    "timeStamp": 42148,
    "rotation": [
      [
        0.980411649,
        0.08939287,
        0.175504759
      ],
      [
        -0.140315935,
        0.9423246,
        0.303867966
      ],
      [
        -0.13821882,
        -0.3225418,
        0.9364093
      ]
    ],
    "translation": [
      1.676267,
      0.84323,
      -0.360337257
    ]
  },
  {
    "timeStamp": 42187,
    "rotation": [
      [
        0.964386344,
        0.07371141,
        0.254019
      ],
      [
        -0.179095328,
        0.8887049,
        0.422052681
      ],
      [
        -0.19463782,
        -0.452515453,
        0.870256245
      ]
    ],
    "translation": [
      1.72150028,
      0.901798964,
      -0.382078528
    ]
  },
  {
    "timeStamp": 42242,
    "rotation": [
      [
        0.9351521,
        0.0277084447,
        0.353161126
      ],
      [
        -0.222414136,
        0.821873248,
        0.5244581
      ],
      [
        -0.2757218,
        -0.568996131,
        0.774739265
      ]
    ],
    "translation": [
      1.78168237,
      0.9528177,
      -0.418064117
    ]
  },
  {
    "timeStamp": 42298,
    "rotation": [
      [
        0.881812,
        -0.09796722,
        0.461313277
      ],
      [
        -0.231657371,
        0.762055635,
        0.6046536
      ],
      [
        -0.410782665,
        -0.640057445,
        0.649295
      ]
    ],
    "translation": [
      1.8650986,
      0.993149936,
      -0.4620326
    ]
  },
  {
    "timeStamp": 42342,
    "rotation": [
      [
        0.804167867,
        -0.209225789,
        0.5563619
      ],
      [
        -0.2548,
        0.724304557,
        0.640671432
      ],
      [
        -0.537020445,
        -0.6569684,
        0.529151738
      ]
    ],
    "translation": [
      1.934325,
      1.01269269,
      -0.5045318
    ]
  },
  {
    "timeStamp": 42398,
    "rotation": [
      [
        0.642379761,
        -0.379211158,
        0.6659934
      ],
      [
        -0.252527148,
        0.715741,
        0.65111053
      ],
      [
        -0.7235871,
        -0.5864416,
        0.3640164
      ]
    ],
    "translation": [
      2.03407454,
      1.02039492,
      -0.5734146
    ]
  },
  {
    "timeStamp": 42442,
    "rotation": [
      [
        0.497202754,
        -0.4349637,
        0.750730336
      ],
      [
        -0.271234959,
        0.743972659,
        0.6106851
      ],
      [
        -0.8241487,
        -0.507258654,
        0.251927882
      ]
    ],
    "translation": [
      2.09767771,
      1.01203513,
      -0.626506
    ]
  },
  {
    "timeStamp": 42487,
    "rotation": [
      [
        0.351802468,
        -0.5022893,
        0.789899051
      ],
      [
        -0.216515854,
        0.7772952,
        0.590705633
      ],
      [
        -0.910689831,
        -0.378837377,
        0.164700761
      ]
    ],
    "translation": [
      2.15068746,
      0.9950943,
      -0.684062541
    ]
  },
  {
    "timeStamp": 42542,
    "rotation": [
      [
        0.273550481,
        -0.467496246,
        0.840605438
      ],
      [
        -0.140543908,
        0.845132768,
        0.51575
      ],
      [
        -0.951534331,
        -0.259225637,
        0.16548273
      ]
    ],
    "translation": [
      2.18578315,
      0.963306546,
      -0.7235246
    ]
  },
  {
    "timeStamp": 42592,
    "rotation": [
      [
        0.2516726,
        -0.388228148,
        0.886532545
      ],
      [
        -0.05075096,
        0.9094626,
        0.412677
      ],
      [
        -0.9664809,
        -0.148851857,
        0.209183827
      ]
    ],
    "translation": [
      2.198044,
      0.92869544,
      -0.7432939
    ]
  },
  {
    "timeStamp": 42642,
    "rotation": [
      [
        0.271766484,
        -0.201420009,
        0.941048861
      ],
      [
        -0.0203005988,
        0.976434648,
        0.214856535
      ],
      [
        -0.962149,
        -0.07749466,
        0.261273265
      ]
    ],
    "translation": [
      2.19322586,
      0.8750659,
      -0.7557273
    ]
  },
  {
    "timeStamp": 42698,
    "rotation": [
      [
        0.227769464,
        -0.09803028,
        0.9687678
      ],
      [
        0.0367622562,
        0.995075643,
        0.0920491144
      ],
      [
        -0.973020852,
        0.0146481143,
        0.23025167
      ]
    ],
    "translation": [
      2.1873107,
      0.836006165,
      -0.776170552
    ]
  },
  {
    "timeStamp": 42742,
    "rotation": [
      [
        0.196868241,
        -0.06688541,
        0.978145838
      ],
      [
        0.0235441383,
        0.9977051,
        0.0634842142
      ],
      [
        -0.980147243,
        0.0105315754,
        0.197991192
      ]
    ],
    "translation": [
      2.18653536,
      0.8251381,
      -0.7840696
    ]
  },
  {
    "timeStamp": 42798,
    "rotation": [
      [
        0.161767915,
        -0.127129436,
        0.9786058
      ],
      [
        0.03252764,
        0.991815269,
        0.123468496
      ],
      [
        -0.98629266,
        0.0118584968,
        0.164579108
      ]
    ],
    "translation": [
      2.19305,
      0.839107037,
      -0.791219652
    ]
  }
]