[
  {
    "timeStamp": 0,
    "rotation": [
      [
        -0.9904451,
        -0.1345294,
        -0.0303361136
      ],
      [
        -0.112805,
        0.9168573,
        -0.382946074
      ],
      [
        0.07933139,
        -0.375865,
        -0.9232725
      ]
    ],
    "translation": [
      1.63886929,
      1.5364542,
      -1.54931819
    ]
  },
  {
    "timeStamp": 12,
    "rotation": [
      [
        -0.990754664,
        -0.132920623,
        -0.02715242
      ],
      [
        -0.112475812,
        0.9166917,
        -0.383439
      ],
      [
        0.07585735,
        -0.37684,
        -0.923167
      ]
    ],
    "translation": [
      1.63955951,
      1.53647411,
      -1.5491749
    ]
  },
  {
    "timeStamp": 43,
    "rotation": [
      [
        -0.993685,
        -0.09071266,
        0.06603989
      ],
      [
        -0.109863296,
        0.906204045,
        -0.4083188
      ],
      [
        -0.022805931,
        -0.4129956,
        -0.9104474
      ]
    ],
    "translation": [
      1.65589619,
      1.53567731,
      -1.54431283
    ]
  },
  {
    "timeStamp": 97,
    "rotation": [
      [
        -0.989827037,
        -0.0533340424,
        0.131901175
      ],
      [
        -0.104069024,
        0.9035702,
        -0.415608764
      ],
      [
        -0.09701587,
        -0.425107628,
        -0.8999286
      ]
    ],
    "translation": [
      1.66990852,
      1.53679955,
      -1.539621
    ]
  },
  {
    "timeStamp": 139,
    "rotation": [
      [
        -0.9806024,
        -0.0135474708,
        0.195539013
      ],
      [
        -0.0966895446,
        0.901215851,
        -0.422446668
      ],
      [
        -0.170499757,
        -0.4331588,
        -0.8850443
      ]
    ],
    "translation": [
      1.68280625,
      1.5376339,
      -1.53437531
    ]
  },
  {
    "timeStamp": 195,
    "rotation": [
      [
        -0.9598597,
        0.0463778,
        0.276619524
      ],
      [
        -0.08150455,
        0.8975561,
        -0.433301359
      ],
      [
        -0.268377125,
        -0.4384543,
        -0.857748
      ]
    ],
    "translation": [
      1.69976091,
      1.5389663,
      -1.5255264
    ]
  },
  {
    "timeStamp": 239,
    "rotation": [
      [
        -0.9334567,
        0.09148714,
        0.346826464
      ],
      [
        -0.0755607039,
        0.8950729,
        -0.439471364
      ],
      [
        -0.350640953,
        -0.436433941,
        -0.828599
      ]
    ],
    "translation": [
      1.71435046,
      1.54024923,
      -1.51660955
    ]
  },
  {
    "timeStamp": 370,
    "rotation": [
      [
        -0.924494267,
        0.102748312,
        0.3670874
      ],
      [
        -0.0758060962,
        0.8942001,
        -0.441202432
      ],
      [
        -0.3735824,
        -0.435716569,
        -0.8188939
      ]
    ],
    "translation": [
      1.71835709,
      1.54051554,
      -1.51312363
    ]
  },
  {
    "timeStamp": 371,
    "rotation": [
      [
        -0.924494267,
        0.102748312,
        0.3670874
      ],
      [
        -0.0758060962,
        0.8942001,
        -0.441202432
      ],
      [
        -0.3735824,
        -0.435716569,
        -0.8188939
      ]
    ],
    "translation": [
      1.71835709,
      1.54051554,
      -1.51312363
    ]
  },
  {
    "timeStamp": 417,
    "rotation": [
      [
        -0.7267064,
        0.2827555,
        0.6260568
      ],
      [
        -0.05793723,
        0.8828846,
        -0.466002166
      ],
      [
        -0.684500635,
        -0.374918759,
        -0.6252158
      ]
    ],
    "translation": [
      1.7773366,
      1.54327333,
      -1.46606076
    ]
  },
  {
    "timeStamp": 461,
    "rotation": [
      [
        -0.6146469,
        0.3535972,
        0.7051086
      ],
      [
        -0.047650896,
        0.8756207,
        -0.480643
      ],
      [
        -0.787361741,
        -0.3290248,
        -0.521348357
      ]
    ],
    "translation": [
      1.80056679,
      1.54231334,
      -1.44361818
    ]
  },
  {
    "timeStamp": 517,
    "rotation": [
      [
        -0.5048939,
        0.4120913,
        0.7584609
      ],
      [
        -0.0426668972,
        0.865692,
        -0.498755336
      ],
      [
        -0.8621263,
        -0.2841797,
        -0.419499964
      ]
    ],
    "translation": [
      1.81829262,
      1.54037178,
      -1.42222226
    ]
  },
  {
    "timeStamp": 561,
    "rotation": [
      [
        -0.353627443,
        0.477233976,
        0.8044845
      ],
      [
        -0.0404309146,
        0.8514536,
        -0.5228691
      ],
      [
        -0.9345121,
        -0.217426911,
        -0.2818024
      ]
    ],
    "translation": [
      1.839561,
      1.537438,
      -1.39375532
    ]
  },
  {
    "timeStamp": 617,
    "rotation": [
      [
        -0.228989974,
        0.5234633,
        0.8207007
      ],
      [
        -0.0374742039,
        0.8377375,
        -0.544785738
      ],
      [
        -0.972707152,
        -0.155505583,
        -0.172217116
      ]
    ],
    "translation": [
      1.854315,
      1.53455043,
      -1.368626
    ]
  },
  {
    "timeStamp": 661,
    "rotation": [
      [
        -0.06477798,
        0.5748513,
        0.8156898
      ],
      [
        -0.035705436,
        0.815548,
        -0.5775869
      ],
      [
        -0.9972607,
        -0.06653947,
        -0.0323042348
      ]
    ],
    "translation": [
      1.87078667,
      1.53004408,
      -1.33601582
    ]
  },
  {
    "timeStamp": 717,
    "rotation": [
      [
        0.05814214,
        0.6099131,
        0.7903325
      ],
      [
        -0.0345860459,
        0.7924271,
        -0.608985245
      ],
      [
        -0.997709036,
        0.008073231,
        0.06716789
      ]
    ],
    "translation": [
      1.88067555,
      1.526033,
      -1.30915964
    ]
  },
  {
    "timeStamp": 761,
    "rotation": [
      [
        0.203262657,
        0.6371807,
        0.743427932
      ],
      [
        -0.0369079374,
        0.7637249,
        -0.644485831
      ],
      [
        -0.978428364,
        0.103561513,
        0.1787538
      ]
    ],
    "translation": [
      1.89199364,
      1.52171314,
      -1.27484572
    ]
  },
  {
    "timeStamp": 818,
    "rotation": [
      [
        0.31562525,
        0.6402118,
        0.7003639
      ],
      [
        -0.0285344478,
        0.744162261,
        -0.6673892
      ],
      [
        -0.9484548,
        0.190660387,
        0.2531445
      ]
    ],
    "translation": [
      1.89908159,
      1.51823711,
      -1.24751472
    ]
  },
  {
    "timeStamp": 864,
    "rotation": [
      [
        0.441081226,
        0.6298746,
        0.6393007
      ],
      [
        -0.0138316164,
        0.717025161,
        -0.69691
      ],
      [
        -0.897360563,
        0.298551351,
        0.32497853
      ]
    ],
    "translation": [
      1.90683711,
      1.512777,
      -1.21416211
    ]
  },
  {
    "timeStamp": 909,
    "rotation": [
      [
        0.5174468,
        0.623057842,
        0.5865557
      ],
      [
        -0.0075793555,
        0.6887668,
        -0.72494334
      ],
      [
        -0.8556818,
        0.370673925,
        0.361122578
      ]
    ],
    "translation": [
      1.910783,
      1.50677145,
      -1.18856168
    ]
  },
  {
    "timeStamp": 966,
    "rotation": [
      [
        0.589442134,
        0.619084835,
        0.518933535
      ],
      [
        -0.006062198,
        0.645767,
        -0.7635105
      ],
      [
        -0.8077879,
        0.446899384,
        0.384395242
      ]
    ],
    "translation": [
      1.91483533,
      1.49970758,
      -1.15780759
    ]
  },
  {
    "timeStamp": 1011,
    "rotation": [
      [
        0.636099339,
        0.6117549,
        0.4702484
      ],
      [
        -0.0030097717,
        0.61140275,
        -0.7913139
      ],
      [
        -0.7716013,
        0.501938939,
        0.390754133
      ]
    ],
    "translation": [
      1.91709459,
      1.49465871,
      -1.13377249
    ]
  },
  {
    "timeStamp": 1067,
    "rotation": [
      [
        0.674584866,
        0.600163162,
        0.4298132
      ],
      [
        0.002567946,
        0.580335736,
        -0.8143733
      ],
      [
        -0.7381928,
        0.55046767,
        0.389944524
      ]
    ],
    "translation": [
      1.9189415,
      1.49056411,
      -1.11033511
    ]
  },
  {
    "timeStamp": 1111,
    "rotation": [
      [
        0.7135699,
        0.5834827,
        0.387770444
      ],
      [
        0.009825703,
        0.5451065,
        -0.8383092
      ],
      [
        -0.7005151,
        0.6020023,
        0.383238465
      ]
    ],
    "translation": [
      1.92015553,
      1.486329,
      -1.08165431
    ]
  },
  {
    "timeStamp": 1167,
    "rotation": [
      [
        0.7424216,
        0.5656405,
        0.358972162
      ],
      [
        0.0188231077,
        0.518008947,
        -0.855168045
      ],
      [
        -0.6696685,
        0.6416522,
        0.3739339
      ]
    ],
    "translation": [
      1.92065382,
      1.48388946,
      -1.05348063
    ]
  },
  {
    "timeStamp": 1211,
    "rotation": [
      [
        0.7631109,
        0.546877146,
        0.3443649
      ],
      [
        0.0296459273,
        0.502668738,
        -0.863970637
      ],
      [
        -0.645587265,
        0.6695144,
        0.367379278
      ]
    ],
    "translation": [
      1.92109346,
      1.48265517,
      -1.03144658
    ]
  },
  {
    "timeStamp": 1267,
    "rotation": [
      [
        0.788258851,
        0.520697832,
        0.327905178
      ],
      [
        0.04119256,
        0.487034231,
        -0.872410953
      ],
      [
        -0.613963544,
        0.701192856,
        0.362460166
      ]
    ],
    "translation": [
      1.92230916,
      1.48178923,
      -1.00429392
    ]
  },
  {
    "timeStamp": 1311,
    "rotation": [
      [
        0.8029637,
        0.5011611,
        0.322624832
      ],
      [
        0.05333156,
        0.478708118,
        -0.876352847
      ],
      [
        -0.593637049,
        0.7208856,
        0.357657552
      ]
    ],
    "translation": [
      1.92394769,
      1.480796,
      -0.983627439
    ]
  },
  {
    "timeStamp": 1366,
    "rotation": [
      [
        0.818480968,
        0.478421152,
        0.318122655
      ],
      [
        0.06722781,
        0.470151,
        -0.8800218
      ],
      [
        -0.5705868,
        0.7416678,
        0.35264647
      ]
    ],
    "translation": [
      1.925499,
      1.4785496,
      -0.9595218
    ]
  },
  {
    "timeStamp": 1411,
    "rotation": [
      [
        0.8345884,
        0.454926968,
        0.310650468
      ],
      [
        0.0776007846,
        0.4612094,
        -0.8838914
      ],
      [
        -0.54538095,
        0.761792243,
        0.3496173
      ]
    ],
    "translation": [
      1.92544127,
      1.475927,
      -0.9418137
    ]
  },
  {
    "timeStamp": 1467,
    "rotation": [
      [
        0.861161649,
        0.416880757,
        0.2908797
      ],
      [
        0.08403339,
        0.4476022,
        -0.8902756
      ],
      [
        -0.5013372,
        0.7911148,
        0.350425959
      ]
    ],
    "translation": [
      1.9234302,
      1.472799,
      -0.922907948
    ]
  },
  {
    "timeStamp": 1515,
    "rotation": [
      [
        0.883967936,
        0.3834079,
        0.267579973
      ],
      [
        0.08151606,
        0.4371569,
        -0.8956835
      ],
      [
        -0.460386574,
        0.813567638,
        0.355178773
      ]
    ],
    "translation": [
      1.919898,
      1.47080457,
      -0.910257459
    ]
  },
  {
    "timeStamp": 1563,
    "rotation": [
      [
        0.911279738,
        0.3398685,
        0.232505143
      ],
      [
        0.0719597,
        0.424502552,
        -0.9025627
      ],
      [
        -0.405451655,
        0.8392181,
        0.362383753
      ]
    ],
    "translation": [
      1.91404438,
      1.46988308,
      -0.8970369
    ]
  },
  {
    "timeStamp": 1608,
    "rotation": [
      [
        0.9332829,
        0.2967172,
        0.202341437
      ],
      [
        0.061252147,
        0.42364186,
        -0.9037565
      ],
      [
        -0.353880376,
        0.855854332,
        0.3772031
      ]
    ],
    "translation": [
      1.90818119,
      1.47007775,
      -0.8890699
    ]
  },
  {
    "timeStamp": 1663,
    "rotation": [
      [
        0.960204065,
        0.229627818,
        0.158994555
      ],
      [
        0.0464422069,
        0.4300683,
        -0.901601
      ],
      [
        -0.2754112,
        0.873105,
        0.402288944
      ]
    ],
    "translation": [
      1.90097368,
      1.471835,
      -0.880009055
    ]
  },
  {
    "timeStamp": 1708,
    "rotation": [
      [
        0.9782512,
        0.170699716,
        0.117839381
      ],
      [
        0.032559108,
        0.434698671,
        -0.899987161
      ],
      [
        -0.2048522,
        0.8842503,
        0.4196867
      ]
    ],
    "translation": [
      1.89480066,
      1.47249281,
      -0.8780639
    ]
  },
  {
    "timeStamp": 1763,
    "rotation": [
      [
        0.992415369,
        0.102408014,
        0.06800216
      ],
      [
        0.01628777,
        0.4387616,
        -0.898455858
      ],
      [
        -0.121845827,
        0.892749,
        0.433765769
      ]
    ],
    "translation": [
      1.88882732,
      1.47291458,
      -0.880302668
    ]
  },
  {
    "timeStamp": 1808,
    "rotation": [
      [
        0.9981877,
        0.0519638732,
        0.0303488243
      ],
      [
        0.00443315227,
        0.439455569,
        -0.8982534
      ],
      [
        -0.0600136854,
        0.896760046,
        0.438428819
      ]
    ],
    "translation": [
      1.88600087,
      1.47315454,
      -0.8859147
    ]
  },
  {
    "timeStamp": 1863,
    "rotation": [
      [
        0.999711633,
        -0.01441593,
        -0.0192039981
      ],
      [
        -0.0109296646,
        0.438922733,
        -0.898458362
      ],
      [
        0.0213811826,
        0.8984092,
        0.4386386
      ]
    ],
    "translation": [
      1.88368833,
      1.47449076,
      -0.896149755
    ]
  },
  {
    "timeStamp": 1908,
    "rotation": [
      [
        0.996164441,
        -0.06581429,
        -0.05766206
      ],
      [
        -0.0227504447,
        0.44151175,
        -0.896967
      ],
      [
        0.08449172,
        0.894838452,
        0.438321024
      ]
    ],
    "translation": [
      1.88264835,
      1.47648346,
      -0.9057412
    ]
  },
  {
    "timeStamp": 1964,
    "rotation": [
      [
        0.9856333,
        -0.131427035,
        -0.106084295
      ],
      [
        -0.0361708626,
        0.4492708,
        -0.8926631
      ],
      [
        0.164980635,
        0.8836757,
        0.438062459
      ]
    ],
    "translation": [
      1.88253331,
      1.47976148,
      -0.917870641
    ]
  },
  {
    "timeStamp": 2009,
    "rotation": [
      [
        0.9740682,
        -0.172887057,
        -0.145949081
      ],
      [
        -0.0506319441,
        0.462142169,
        -0.8853593
      ],
      [
        0.220516369,
        0.86979,
        0.4414044
      ]
    ],
    "translation": [
      1.88329768,
      1.48220813,
      -0.926739335
    ]
  },
  {
    "timeStamp": 2067,
    "rotation": [
      [
        0.9588007,
        -0.212379381,
        -0.1886697
      ],
      [
        -0.0673888549,
        0.4751476,
        -0.8773218
      ],
      [
        0.275971025,
        0.853890955,
        0.441259861
      ]
    ],
    "translation": [
      1.88500285,
      1.48337972,
      -0.9369054
    ]
  },
  {
    "timeStamp": 2110,
    "rotation": [
      [
        0.946415544,
        -0.2385599,
        -0.2176852
      ],
      [
        -0.0803828239,
        0.478828728,
        -0.8742206
      ],
      [
        0.3127879,
        0.844874144,
        0.4339948
      ]
    ],
    "translation": [
      1.88668251,
      1.48210847,
      -0.9446589
    ]
  },
  {
    "timeStamp": 2166,
    "rotation": [
      [
        0.932159066,
        -0.2682441,
        -0.2431555
      ],
      [
        -0.09149765,
        0.475268036,
        -0.8750706
      ],
      [
        0.350296527,
        0.8379531,
        0.4184817
      ]
    ],
    "translation": [
      1.88826442,
      1.47995222,
      -0.952574253
    ]
  },
  {
    "timeStamp": 2210,
    "rotation": [
      [
        0.920504332,
        -0.2899793,
        -0.261885166
      ],
      [
        -0.100465551,
        0.472056448,
        -0.875825
      ],
      [
        0.3775957,
        0.8325111,
        0.4053971
      ]
    ],
    "translation": [
      1.88791108,
      1.47878921,
      -0.956635356
    ]
  },
  {
    "timeStamp": 2266,
    "rotation": [
      [
        0.9052094,
        -0.31499216,
        -0.2852645
      ],
      [
        -0.1095507,
        0.475612938,
        -0.8728064
      ],
      [
        0.410602659,
        0.8213235,
        0.3960217
      ]
    ],
    "translation": [
      1.88542807,
      1.4780277,
      -0.959000468
    ]
  },
  {
    "timeStamp": 2310,
    "rotation": [
      [
        0.8916705,
        -0.334258646,
        -0.305278361
      ],
      [
        -0.117340587,
        0.4806587,
        -0.869021535
      ],
      [
        0.437212646,
        0.8107024,
        0.3893671
      ]
    ],
    "translation": [
      1.88169909,
      1.47718108,
      -0.959738851
    ]
  },
  {
    "timeStamp": 2366,
    "rotation": [
      [
        0.8753496,
        -0.360626936,
        -0.3220426
      ],
      [
        -0.1227406,
        0.4785083,
        -0.869462252
      ],
      [
        0.467651546,
        0.8006111,
        0.374598444
      ]
    ],
    "translation": [
      1.87578642,
      1.47505891,
      -0.961005449
    ]
  },
  {
    "timeStamp": 2410,
    "rotation": [
      [
        0.8608653,
        -0.387437254,
        -0.329853565
      ],
      [
        -0.122306235,
        0.471693844,
        -0.873238862
      ],
      [
        0.49391517,
        0.792084157,
        0.358678848
      ]
    ],
    "translation": [
      1.87008119,
      1.4729923,
      -0.962646
    ]
  },
  {
    "timeStamp": 2466,
    "rotation": [
      [
        0.84217757,
        -0.420093626,
        -0.338021278
      ],
      [
        -0.119916767,
        0.46526894,
        -0.877009034
      ],
      [
        0.5256967,
        0.7791317,
        0.341462761
      ]
    ],
    "translation": [
      1.86188972,
      1.4710685,
      -0.963368058
    ]
  },
  {
    "timeStamp": 2510,
    "rotation": [
      [
        0.8295216,
        -0.440934867,
        -0.3427396
      ],
      [
        -0.116049,
        0.4642175,
        -0.878085852
      ],
      [
        0.5462844,
        0.768165767,
        0.333908379
      ]
    ],
    "translation": [
      1.85396993,
      1.47013628,
      -0.962774634
    ]
  },
  {
    "timeStamp": 2566,
    "rotation": [
      [
        0.814159155,
        -0.463676125,
        -0.349498659
      ],
      [
        -0.112216137,
        0.464919955,
        -0.8782124
      ],
      [
        0.569695,
        0.754224062,
        0.3264869
      ]
    ],
    "translation": [
      1.84268713,
      1.46943867,
      -0.960803747
    ]
  },
  {
    "timeStamp": 2610,
    "rotation": [
      [
        0.80300796,
        -0.480725467,
        -0.352251679
      ],
      [
        -0.107280537,
        0.464804471,
        -0.878890038
      ],
      [
        0.58623296,
        0.7435455,
        0.321669221
      ]
    ],
    "translation": [
      1.83237743,
      1.4691447,
      -0.958394647
    ]
  },
  {
    "timeStamp": 2666,
    "rotation": [
      [
        0.7909531,
        -0.4991808,
        -0.35385257
      ],
      [
        -0.09950021,
        0.465678275,
        -0.8793426
      ],
      [
        0.6037324,
        0.7307272,
        0.3186611
      ]
    ],
    "translation": [
      1.81778789,
      1.46861875,
      -0.9542619
    ]
  },
  {
    "timeStamp": 2710,
    "rotation": [
      [
        0.7819198,
        -0.5145392,
        -0.3519246
      ],
      [
        -0.0894338861,
        0.466110379,
        -0.880194664
      ],
      [
        0.616930366,
        0.7197156,
        0.3184437
      ]
    ],
    "translation": [
      1.805121,
      1.46804631,
      -0.949801445
    ]
  },
  {
    "timeStamp": 2766,
    "rotation": [
      [
        0.775622666,
        -0.528337836,
        -0.345352679
      ],
      [
        -0.07727288,
        0.463543534,
        -0.8826983
      ],
      [
        0.6264489,
        0.7113272,
        0.318708718
      ]
    ],
    "translation": [
      1.78792119,
      1.46693134,
      -0.9431504
    ]
  },
  {
    "timeStamp": 2810,
    "rotation": [
      [
        0.7731286,
        -0.5369867,
        -0.3375165
      ],
      [
        -0.0675154,
        0.4594491,
        -0.8856343
      ],
      [
        0.6306456,
        0.7074968,
        0.3189584
      ]
    ],
    "translation": [
      1.773102,
      1.46615374,
      -0.936748
    ]
  },
  {
    "timeStamp": 2866,
    "rotation": [
      [
        0.772923648,
        -0.5465714,
        -0.32225582
      ],
      [
        -0.0477733351,
        0.4563174,
        -0.8885337
      ],
      [
        0.632698,
        0.702163935,
        0.326587
      ]
    ],
    "translation": [
      1.7531147,
      1.46577418,
      -0.926697
    ]
  },
  {
    "timeStamp": 2910,
    "rotation": [
      [
        0.773889,
        -0.5513492,
        -0.311624467
      ],
      [
        -0.0303051844,
        0.45924592,
        -0.8877921
      ],
      [
        0.6325957,
        0.696496367,
        0.338696629
      ]
    ],
    "translation": [
      1.735642,
      1.46550786,
      -0.9174315
    ]
  },
  {
    "timeStamp": 2966,
    "rotation": [
      [
        0.775774062,
        -0.5564596,
        -0.297535419
      ],
      [
        -0.0100454967,
        0.4605712,
        -0.8875659
      ],
      [
        0.630930841,
        0.6915395,
        0.351709276
      ]
    ],
    "translation": [
      1.71221721,
      1.46495688,
      -0.904737234
    ]
  },
  {
    "timeStamp": 3010,
    "rotation": [
      [
        0.7784728,
        -0.5594596,
        -0.284578681
      ],
      [
        0.004433869,
        0.458273053,
        -0.8888004
      ],
      [
        0.6276627,
        0.6906451,
        0.359233677
      ]
    ],
    "translation": [
      1.69273448,
      1.46445525,
      -0.8937955
    ]
  },
  {
    "timeStamp": 3066,
    "rotation": [
      [
        0.779693365,
        -0.5645167,
        -0.270922869
      ],
      [
        0.0227726065,
        0.45795092,
        -0.888685763
      ],
      [
        0.6257473,
        0.686732769,
        0.3699168
      ]
    ],
    "translation": [
      1.66724515,
      1.46359992,
      -0.8804389
    ]
  },
  {
    "timeStamp": 3110,
    "rotation": [
      [
        0.7780303,
        -0.570632339,
        -0.2627691
      ],
      [
        0.0366975255,
        0.458838522,
        -0.887761533
      ],
      [
        0.627154052,
        0.6810624,
        0.377931058
      ]
    ],
    "translation": [
      1.64677072,
      1.4627254,
      -0.8702667
    ]
  },
  {
    "timeStamp": 3166,
    "rotation": [
      [
        0.772994936,
        -0.579265237,
        -0.25870952
      ],
      [
        0.05117696,
        0.463400871,
        -0.8846697
      ],
      [
        0.632344663,
        0.670605242,
        0.387851566
      ]
    ],
    "translation": [
      1.620971,
      1.4617995,
      -0.858262539
    ]
  },
  {
    "timeStamp": 3210,
    "rotation": [
      [
        0.7707911,
        -0.585149765,
        -0.251954049
      ],
      [
        0.0640804246,
        0.4646803,
        -0.8831568
      ],
      [
        0.6338571,
        0.6645841,
        0.3956681
      ]
    ],
    "translation": [
      1.60136914,
      1.46090078,
      -0.8495053
    ]
  },
  {
    "timeStamp": 3265,
    "rotation": [
      [
        0.76872915,
        -0.5926223,
        -0.240529239
      ],
      [
        0.08112262,
        0.463386,
        -0.88243556
      ],
      [
        0.6344089,
        0.65884155,
        0.4042934
      ]
    ],
    "translation": [
      1.57858372,
      1.45935833,
      -0.839502
    ]
  },
  {
    "timeStamp": 3310,
    "rotation": [
      [
        0.7669685,
        -0.5974971,
        -0.23400107
      ],
      [
        0.09258362,
        0.463890642,
        -0.8810413
      ],
      [
        0.634970546,
        0.654066265,
        0.411108
      ]
    ],
    "translation": [
      1.56150579,
      1.45766389,
      -0.8321688
    ]
  },
  {
    "timeStamp": 3365,
    "rotation": [
      [
        0.764557064,
        -0.604117334,
        -0.224710166
      ],
      [
        0.108156577,
        0.4639285,
        -0.8792454
      ],
      [
        0.635416865,
        0.64792943,
        0.4200391
      ]
    ],
    "translation": [
      1.54175448,
      1.45480621,
      -0.823034048
    ]
  },
  {
    "timeStamp": 3410,
    "rotation": [
      [
        0.7611293,
        -0.611038,
        -0.217519283
      ],
      [
        0.117336452,
        0.459553421,
        -0.880365133
      ],
      [
        0.6378983,
        0.6445488,
        0.4214766
      ]
    ],
    "translation": [
      1.52745867,
      1.45180333,
      -0.8165715
    ]
  },
  {
    "timeStamp": 3465,
    "rotation": [
      [
        0.7564959,
        -0.61937803,
        -0.2099638
      ],
      [
        0.123726435,
        0.45079,
        -0.884013653
      ],
      [
        0.6421882,
        0.642774642,
        0.4176542
      ]
    ],
    "translation": [
      1.51124191,
      1.44728148,
      -0.809229732
    ]
  },
  {
    "timeStamp": 3510,
    "rotation": [
      [
        0.751992166,
        -0.6269692,
        -0.203512728
      ],
      [
        0.128619671,
        0.4423682,
        -0.8875626
      ],
      [
        0.646502,
        0.6412643,
        0.413298
      ]
    ],
    "translation": [
      1.49964547,
      1.44332576,
      -0.8036014
    ]
  },
  {
    "timeStamp": 3565,
    "rotation": [
      [
        0.743872166,
        -0.6388041,
        -0.196427062
      ],
      [
        0.135792583,
        0.432247639,
        -0.891472042
      ],
      [
        0.6543811,
        0.636467934,
        0.408281863
      ]
    ],
    "translation": [
      1.48656964,
      1.43845022,
      -0.797004
    ]
  },
  {
    "timeStamp": 3610,
    "rotation": [
      [
        0.735076249,
        -0.6498359,
        -0.193329439
      ],
      [
        0.138753563,
        0.423309475,
        -0.8952969
      ],
      [
        0.663634241,
        0.631286263,
        0.401331782
      ]
    ],
    "translation": [
      1.47747564,
      1.43471277,
      -0.7924371
    ]
  },
  {
    "timeStamp": 3666,
    "rotation": [
      [
        0.726652265,
        -0.6595291,
        -0.192348257
      ],
      [
        0.137027934,
        0.41349408,
        -0.90013665
      ],
      [
        0.673201144,
        0.627729237,
        0.390840322
      ]
    ],
    "translation": [
      1.46864128,
      1.43092763,
      -0.7873626
    ]
  },
  {
    "timeStamp": 3711,
    "rotation": [
      [
        0.7262348,
        -0.660054564,
        -0.192122579
      ],
      [
        0.134150758,
        0.410172641,
        -0.902087569
      ],
      [
        0.674230456,
        0.629354,
        0.386428446
      ]
    ],
    "translation": [
      1.463829,
      1.42884,
      -0.7837454
    ]
  },
  {
    "timeStamp": 3764,
    "rotation": [
      [
        0.7314999,
        -0.6552891,
        -0.188425273
      ],
      [
        0.1335141,
        0.40865773,
        -0.9028692
      ],
      [
        0.6686418,
        0.6352913,
        0.3864234
      ]
    ],
    "translation": [
      1.46164918,
      1.42762506,
      -0.779714465
    ]
  },
  {
    "timeStamp": 3810,
    "rotation": [
      [
        0.7390748,
        -0.6494771,
        -0.178739548
      ],
      [
        0.1338127,
        0.401604384,
        -0.9059846
      ],
      [
        0.660198867,
        0.6456728,
        0.383723974
      ]
    ],
    "translation": [
      1.46380758,
      1.42760074,
      -0.7774894
    ]
  },
  {
    "timeStamp": 3864,
    "rotation": [
      [
        0.753023565,
        -0.635936856,
        -0.168937147
      ],
      [
        0.135259613,
        0.400868267,
        -0.906095743
      ],
      [
        0.6439412,
        0.6594611,
        0.387879848
      ]
    ],
    "translation": [
      1.468086,
      1.42903125,
      -0.7738881
    ]
  },
  {
    "timeStamp": 3908,
    "rotation": [
      [
        0.77067107,
        -0.6170604,
        -0.15906775
      ],
      [
        0.137980685,
        0.405291826,
        -0.9037145
      ],
      [
        0.6221153,
        0.674518347,
        0.39748913
      ]
    ],
    "translation": [
      1.47363782,
      1.43127191,
      -0.77075386
    ]
  },
  {
    "timeStamp": 3964,
    "rotation": [
      [
        0.793654561,
        -0.591353953,
        -0.142873853
      ],
      [
        0.144087777,
        0.41087988,
        -0.900231361
      ],
      [
        0.5910594,
        0.69388634,
        0.41130355
      ]
    ],
    "translation": [
      1.48534346,
      1.43526876,
      -0.767189264
    ]
  },
  {
    "timeStamp": 4008,
    "rotation": [
      [
        0.819119036,
        -0.5598242,
        -0.1250636
      ],
      [
        0.147928417,
        0.416805476,
        -0.8968781
      ],
      [
        0.5542213,
        0.7161495,
        0.4242272
      ]
    ],
    "translation": [
      1.49865031,
      1.43969107,
      -0.7651448
    ]
  },
  {
    "timeStamp": 4064,
    "rotation": [
      [
        0.858841538,
        -0.50340116,
        -0.09475522
      ],
      [
        0.153049335,
        0.428710967,
        -0.890383542
      ],
      [
        0.4888427,
        0.750196159,
        0.44524
      ]
    ],
    "translation": [
      1.51990891,
      1.4464916,
      -0.763280034
    ]
  },
  {
    "timeStamp": 4109,
    "rotation": [
      [
        0.892209351,
        -0.446642429,
        -0.06688087
      ],
      [
        0.154835761,
        0.441630453,
        -0.8837355
      ],
      [
        0.4242504,
        0.7781215,
        0.463183045
      ]
    ],
    "translation": [
      1.54017472,
      1.45233,
      -0.7628226
    ]
  },
  {
    "timeStamp": 4165,
    "rotation": [
      [
        0.92925185,
        -0.36881578,
        -0.0215843767
      ],
      [
        0.160794869,
        0.456348538,
        -0.875152
      ],
      [
        0.332619876,
        0.809765935,
        0.48336643
      ]
    ],
    "translation": [
      1.56929135,
      1.45954645,
      -0.7637305
    ]
  },
  {
    "timeStamp": 4209,
    "rotation": [
      [
        0.9523834,
        -0.3040746,
        0.0224607736
      ],
      [
        0.168453112,
        0.4633422,
        -0.8700216
      ],
      [
        0.25414443,
        0.8323777,
        0.4925017
      ]
    ],
    "translation": [
      1.59515262,
      1.46491539,
      -0.766629934
    ]
  },
  {
    "timeStamp": 4265,
    "rotation": [
      [
        0.972732067,
        -0.2165917,
        0.08294871
      ],
      [
        0.17834802,
        0.469888359,
        -0.8645212
      ],
      [
        0.148271486,
        0.8557412,
        0.4957041
      ]
    ],
    "translation": [
      1.63007069,
      1.470363,
      -0.772344947
    ]
  },
  {
    "timeStamp": 4310,
    "rotation": [
      [
        0.9801139,
        -0.143454581,
        0.13710399
      ],
      [
        0.189473,
        0.4712457,
        -0.861410141
      ],
      [
        0.0589635558,
        0.870257556,
        0.489055216
      ]
    ],
    "translation": [
      1.65939236,
      1.4736799,
      -0.7789762
    ]
  },
  {
    "timeStamp": 4365,
    "rotation": [
      [
        0.9777434,
        -0.05817044,
        0.201578856
      ],
      [
        0.205115691,
        0.467016727,
        -0.8601296
      ],
      [
        -0.044106584,
        0.88233304,
        0.4685542
      ]
    ],
    "translation": [
      1.69590724,
      1.4764967,
      -0.7890564
    ]
  },
  {
    "timeStamp": 4409,
    "rotation": [
      [
        0.968961537,
        0.00210734527,
        0.2472025
      ],
      [
        0.21815066,
        0.46310848,
        -0.8590348
      ],
      [
        -0.116291881,
        0.8862991,
        0.4482746
      ]
    ],
    "translation": [
      1.72433257,
      1.47800338,
      -0.7974572
    ]
  },
  {
    "timeStamp": 4465,
    "rotation": [
      [
        0.9525699,
        0.07205622,
        0.2956661
      ],
      [
        0.231836468,
        0.4575433,
        -0.858432233
      ],
      [
        -0.197135448,
        0.8862629,
        0.419136733
      ]
    ],
    "translation": [
      1.75866508,
      1.47913635,
      -0.807276249
    ]
  },
  {
    "timeStamp": 4509,
    "rotation": [
      [
        0.9359686,
        0.125808313,
        0.3288389
      ],
      [
        0.241286859,
        0.450971752,
        -0.859305
      ],
      [
        -0.256404757,
        0.883627,
        0.391739517
      ]
    ],
    "translation": [
      1.784935,
      1.47951686,
      -0.814375162
    ]
  },
  {
    "timeStamp": 4565,
    "rotation": [
      [
        0.9142811,
        0.184516281,
        0.360615939
      ],
      [
        0.251038522,
        0.440580934,
        -0.861897945
      ],
      [
        -0.317914724,
        0.878545463,
        0.3564941
      ]
    ],
    "translation": [
      1.81620955,
      1.47896826,
      -0.8225614
    ]
  },
  {
    "timeStamp": 4609,
    "rotation": [
      [
        0.9006008,
        0.22075744,
        0.374411941
      ],
      [
        0.252313465,
        0.435885042,
        -0.863911
      ],
      [
        -0.353915334,
        0.8725081,
        0.336858362
      ]
    ],
    "translation": [
      1.83960152,
      1.47795248,
      -0.828151
    ]
  },
  {
    "timeStamp": 4665,
    "rotation": [
      [
        0.889194548,
        0.255331427,
        0.3796562
      ],
      [
        0.246595383,
        0.431503832,
        -0.8677529
      ],
      [
        -0.385387719,
        0.865222633,
        0.320727348
      ]
    ],
    "translation": [
      1.86654985,
      1.47717237,
      -0.834262848
    ]
  },
  {
    "timeStamp": 4709,
    "rotation": [
      [
        0.8849455,
        0.277455449,
        0.374018729
      ],
      [
        0.233897254,
        0.429683656,
        -0.872160554
      ],
      [
        -0.402695417,
        0.8592965,
        0.315350533
      ]
    ],
    "translation": [
      1.88635707,
      1.47673345,
      -0.839400768
    ]
  },
  {
    "timeStamp": 4774,
    "rotation": [
      [
        0.8835576,
        0.295263529,
        0.363518029
      ],
      [
        0.216801971,
        0.430149853,
        -0.8763378
      ],
      [
        -0.41511783,
        0.8531064,
        0.316048473
      ]
    ],
    "translation": [
      1.90473223,
      1.47656858,
      -0.844355464
    ]
  },
  {
    "timeStamp": 4809,
    "rotation": [
      [
        0.8826375,
        0.315539181,
        0.348405033
      ],
      [
        0.193528667,
        0.431525141,
        -0.881097436
      ],
      [
        -0.4283663,
        0.845116,
        0.3198144
      ]
    ],
    "translation": [
      1.92672575,
      1.47630835,
      -0.850556
    ]
  },
  {
    "timeStamp": 4860,
    "rotation": [
      [
        0.8802832,
        0.3359379,
        0.335033238
      ],
      [
        0.170676127,
        0.4346581,
        -0.88427484
      ],
      [
        -0.442686319,
        0.8355944,
        0.325285643
      ]
    ],
    "translation": [
      1.947167,
      1.47570431,
      -0.8563149
    ]
  },
  {
    "timeStamp": 4915,
    "rotation": [
      [
        0.877207637,
        0.352897346,
        0.325530738
      ],
      [
        0.154130682,
        0.43514955,
        -0.887067437
      ],
      [
        -0.454698265,
        0.8283166,
        0.327324182
      ]
    ],
    "translation": [
      1.96542513,
      1.47486365,
      -0.861572146
    ]
  },
  {
    "timeStamp": 4959,
    "rotation": [
      [
        0.8761797,
        0.360350132,
        0.320088983
      ],
      [
        0.144369066,
        0.437402934,
        -0.887601435
      ],
      [
        -0.459855139,
        0.8239093,
        0.33122015
      ]
    ],
    "translation": [
      1.97850382,
      1.47430623,
      -0.8645607
    ]
  },
  {
    "timeStamp": 5015,
    "rotation": [
      [
        0.877500236,
        0.3632326,
        0.3131381
      ],
      [
        0.1366884,
        0.436434537,
        -0.889292538
      ],
      [
        -0.4596843,
        0.8231567,
        0.33332172
      ]
    ],
    "translation": [
      1.99239063,
      1.47320509,
      -0.8675436
    ]
  },
  {
    "timeStamp": 5060,
    "rotation": [
      [
        0.8794746,
        0.3643512,
        0.306223154
      ],
      [
        0.1294766,
        0.435978472,
        -0.8905945
      ],
      [
        -0.457995921,
        0.822904,
        0.336257041
      ]
    ],
    "translation": [
      2.00199986,
      1.47215569,
      -0.8685405
    ]
  },
  {
    "timeStamp": 5115,
    "rotation": [
      [
        0.8832928,
        0.361647755,
        0.298336565
      ],
      [
        0.123915188,
        0.433629364,
        -0.892530441
      ],
      [
        -0.452149153,
        0.825334132,
        0.33820805
      ]
    ],
    "translation": [
      2.01200628,
      1.47058618,
      -0.868564367
    ]
  },
  {
    "timeStamp": 5159,
    "rotation": [
      [
        0.8872165,
        0.3581573,
        0.290809542
      ],
      [
        0.119839795,
        0.4297921,
        -0.8949398
      ],
      [
        -0.445516825,
        0.828855932,
        0.338397145
      ]
    ],
    "translation": [
      2.018496,
      1.46911657,
      -0.8679271
    ]
  },
  {
    "timeStamp": 5215,
    "rotation": [
      [
        0.8911638,
        0.354145765,
        0.2835627
      ],
      [
        0.116223492,
        0.4259587,
        -0.89724654
      ],
      [
        -0.438542,
        0.8325503,
        0.338438928
      ]
    ],
    "translation": [
      2.02453613,
      1.4673177,
      -0.8659022
    ]
  },
  {
    "timeStamp": 5260,
    "rotation": [
      [
        0.8956813,
        0.3480588,
        0.276785344
      ],
      [
        0.114058211,
        0.421786577,
        -0.8994925
      ],
      [
        -0.429820657,
        0.8372283,
        0.33808738
      ]
    ],
    "translation": [
      2.02761436,
      1.4659816,
      -0.86417377
    ]
  },
  {
    "timeStamp": 5318,
    "rotation": [
      [
        0.8990638,
        0.3432867,
        0.27173245
      ],
      [
        0.112955965,
        0.4177665,
        -0.9015055
      ],
      [
        -0.422995538,
        0.841204762,
        0.33682248
      ]
    ],
    "translation": [
      2.02935123,
      1.46478355,
      -0.862397552
    ]
  },
  {
    "timeStamp": 5363,
    "rotation": [
      [
        0.9025531,
        0.336880624,
        0.26815933
      ],
      [
        0.11400722,
        0.413588941,
        -0.9032976
      ],
      [
        -0.415211171,
        0.8458461,
