[
  {
    "timeStamp": 20759,
    "rotation": [
      [
        0.9994388,
        -0.0327232853,
        -0.007159696
      ],
      [
        0.00519369543,
        -0.0597744472,
        0.9981984
      ],
      [
        -0.0330923,
        -0.9976754,
        -0.05957095
      ]
    ],
    "translation": [
      1.157462,
      0.7044438,
      -0.229852676
    ]
  },
  {
    "timeStamp": 20803,
    "rotation": [
      [
        0.9910458,
        -0.02640801,
        -0.130885333
      ],
      [
        0.120245107,
        -0.2496315,
        0.9608461
      ],
      [
        -0.05804712,
        -0.9679808,
        -0.2442208
      ]
    ],
    "translation": [
      1.16273367,
      0.7069299,
      -0.226917937
    ]
  },
  {
    "timeStamp": 20858,
    "rotation": [
      [
        0.991381168,
        -0.009544827,
        -0.130661055
      ],
      [
        0.121138878,
        -0.3129973,
        0.9419969
      ],
      [
        -0.0498877354,
        -0.9497061,
        -0.309143364
      ]
    ],
    "translation": [
      1.16251647,
      0.706617,
      -0.228281349
    ]
  },
  {
    "timeStamp": 20905,
    "rotation": [
      [
        0.98812747,
        -0.01322847,
        -0.153065845
      ],
      [
        0.141650423,
        -0.307345748,
        0.94099617
      ],
      [
        -0.0594920628,
        -0.951506,
        -0.301822931
      ]
    ],
    "translation": [
      1.167866,
      0.7111746,
      -0.232547209
    ]
  },
  {
    "timeStamp": 20958,
    "rotation": [
      [
        0.9908207,
        -0.0237468332,
        -0.133080781
      ],
      [
        0.118462965,
        -0.3217202,
        0.939394832
      ],
      [
        -0.06512242,
        -0.946536958,
        -0.31595394
      ]
    ],
    "translation": [
      1.17136431,
      0.722908139,
      -0.237651527
    ]
  },
  {
    "timeStamp": 21003,
    "rotation": [
      [
        0.995039642,
        -0.0498607419,
        -0.08608178
      ],
      [
        0.06394636,
        -0.342270732,
        0.9374229
      ],
      [
        -0.07620387,
        -0.938277543,
        -0.3373845
      ]
    ],
    "translation": [
      1.173384,
      0.7400761,
      -0.243271455
    ]
  },
  {
    "timeStamp": 21058,
    "rotation": [
      [
        0.9979836,
        -0.06299398,
        -0.00777856
      ],
      [
        -0.0170435216,
        -0.3840067,
        0.923173
      ],
      [
        -0.06114136,
        -0.921178937,
        -0.384306043
      ]
    ],
    "translation": [
      1.17972314,
      0.7710887,
      -0.257809281
    ]
  },
  {
    "timeStamp": 21102,
    "rotation": [
      [
        0.9946344,
        -0.07988313,
        0.0657350644
      ],
      [
        -0.0925509557,
        -0.403180063,
        0.9104286
      ],
      [
        -0.0462248251,
        -0.9116274,
        -0.40841
      ]
    ],
    "translation": [
      1.18886817,
      0.798799336,
      -0.2743439
    ]
  },
  {
    "timeStamp": 21158,
    "rotation": [
      [
        0.9871409,
        -0.0775056,
        0.139806077
      ],
      [
        -0.159701079,
        -0.44009456,
        0.8836359
      ],
      [
        -0.006958843,
        -0.8946003,
        -0.446813077
      ]
    ],
    "translation": [
      1.2123636,
      0.8360461,
      -0.303823978
    ]
  },
  {
    "timeStamp": 21202,
    "rotation": [
      [
        0.9636182,
        -0.148196727,
        0.2224359
      ],
      [
        -0.265244752,
        -0.427640975,
        0.8641576
      ],
      [
        -0.032942608,
        -0.891718,
        -0.451391
      ]
    ],
    "translation": [
      1.24118149,
      0.869155049,
      -0.329950422
    ]
  },
  {
    "timeStamp": 21258,
    "rotation": [
      [
        0.948836863,
        -0.1863479,
        0.254917979
      ],
      [
        -0.313572317,
        -0.4610457,
        0.830126047
      ],
      [
        -0.0371634029,
        -0.8675894,
        -0.495890677
      ]
    ],
    "translation": [
      1.288448,
      0.90356,
      -0.367013
    ]
  },
  {
    "timeStamp": 21303,
    "rotation": [
      [
        0.92418313,
        -0.247363225,
        0.2910275
      ],
      [
        -0.3748175,
        -0.4407954,
        0.815604866
      ],
      [
        -0.07346708,
        -0.8628504,
        -0.500091732
      ]
    ],
    "translation": [
      1.33156562,
      0.927796066,
      -0.398758769
    ]
  },
  {
    "timeStamp": 21358,
    "rotation": [
      [
        0.903514,
        -0.309407,
        0.296529531
      ],
      [
        -0.412058443,
        -0.4370488,
        0.7994975
      ],
      [
        -0.117772251,
        -0.844544649,
        -0.522373438
      ]
    ],
    "translation": [
      1.39312315,
      0.9531085,
      -0.440642327
    ]
  },
  {
    "timeStamp": 21403,
    "rotation": [
      [
        0.892761946,
        -0.3508378,
        0.282646418
      ],
      [
        -0.42428866,
        -0.443744957,
        0.7893475
      ],
      [
        -0.151510015,
        -0.8246231,
        -0.5450151
      ]
    ],
    "translation": [
      1.4457109,
      0.96977675,
      -0.473329484
    ]
  },
  {
    "timeStamp": 21458,
    "rotation": [
      [
        0.8615876,
        -0.433327347,
        0.26437515
      ],
      [
        -0.451826572,
        -0.417313755,
        0.788480759
      ],
      [
        -0.231342882,
        -0.798796952,
        -0.5553412
      ]
    ],
    "translation": [
      1.51986265,
      0.9877647,
      -0.5134282
    ]
  },
  {
    "timeStamp": 21503,
    "rotation": [
      [
        0.8438157,
        -0.491861075,
        0.2145875
      ],
      [
        -0.451559216,
        -0.434746325,
        0.7791597
      ],
      [
        -0.2899472,
        -0.754366159,
        -0.588950157
      ]
    ],
    "translation": [
      1.58411682,
      1.0018636,
      -0.544854462
    ]
  },
  {
    "timeStamp": 21558,
    "rotation": [
      [
        0.803118169,
        -0.579847753,
        0.137031659
      ],
      [
        -0.451953024,
        -0.443000048,
        0.774267
      ],
      [
        -0.38825196,
        -0.6837598,
        -0.617845356
      ]
    ],
    "translation": [
      1.67015767,
      1.01850057,
      -0.582909048
    ]
  },
  {
    "timeStamp": 21603,
    "rotation": [
      [
        0.763880134,
        -0.642809153,
        0.0573023669
      ],
      [
        -0.445937365,
        -0.46156618,
        0.7668745
      ],
      [
        -0.4665051,
        -0.611353457,
        -0.6392338
      ]
    ],
    "translation": [
      1.74308372,
      1.031444,
      -0.613011658
    ]
  },
  {
    "timeStamp": 21658,
    "rotation": [
      [
        0.702511847,
        -0.7094755,
        -0.05587122
      ],
      [
        -0.427643478,
        -0.483588755,
        0.7637165
      ],
      [
        -0.5688569,
        -0.512626946,
        -0.643129468
      ]
    ],
    "translation": [
      1.83549356,
      1.04406583,
      -0.6490215
    ]
  },
  {
    "timeStamp": 21703,
    "rotation": [
      [
        0.651351333,
        -0.7421685,
        -0.157884061
      ],
      [
        -0.396386832,
        -0.51024735,
        0.763233364
      ],
      [
        -0.647007644,
        -0.434549928,
        -0.6265361
      ]
    ],
    "translation": [
      1.9071449,
      1.05179858,
      -0.6766395
    ]
  },
  {
    "timeStamp": 21758,
    "rotation": [
      [
        0.572825551,
        -0.780851543,
        -0.249282539
      ],
      [
        -0.3651146,
        -0.5153568,
        0.775305569
      ],
      [
        -0.733868,
        -0.353098154,
        -0.5803098
      ]
    ],
    "translation": [
      1.99054706,
      1.05300987,
      -0.7049616
    ]
  },
  {
    "timeStamp": 21802,
    "rotation": [
      [
        0.5157919,
        -0.8135635,
        -0.268464357
      ],
      [
        -0.3302044,
        -0.477942765,
        0.813963
      ],
      [
        -0.7905212,
        -0.3311874,
        -0.5151613
      ]
    ],
    "translation": [
      2.04624486,
      1.04215956,
      -0.7215232
    ]
  },
  {
    "timeStamp": 21858,
    "rotation": [
      [
        0.4760326,
        -0.8536206,
        -0.211482376
      ],
      [
        -0.2682457,
        -0.3699573,
        0.88948065
      ],
      [
        -0.837518454,
        -0.366692573,
        -0.4050918
      ]
    ],
    "translation": [
      2.09337783,
      1.01317346,
      -0.735016644
    ]
  },
  {
    "timeStamp": 21903,
    "rotation": [
      [
        0.4895813,
        -0.8355679,
        -0.249271825
      ],
      [
        -0.1526284,
        -0.363582879,
        0.9189734
      ],
      [
        -0.858495653,
        -0.411866218,
        -0.30553478
      ]
    ],
    "translation": [
      2.12297535,
      0.9860502,
      -0.7385718
    ]
  },
  {
    "timeStamp": 21958,
    "rotation": [
      [
        0.471862823,
        -0.874804258,
        -0.109831162
      ],
      [
        -0.11868839,
        -0.186463729,
        0.9752663
      ],
      [
        -0.8736466,
        -0.4471562,
        -0.191814423
      ]
    ],
    "translation": [
      2.14090037,
      0.945028961,
      -0.7356934
    ]
  },
  {
    "timeStamp": 22008,
    "rotation": [
      [
        0.4629657,
        -0.88514626,
        -0.0466789
      ],
      [
        -0.0393470675,
        -0.07313368,
        0.9965457
      ],
      [
        -0.885502458,
        -0.4595298,
        -0.06868629
      ]
    ],
    "translation": [
      2.1516335,
      0.9043313,
      -0.73064363
    ]
  },
  {
    "timeStamp": 22053,
    "rotation": [
      [
        0.5188157,
        -0.8542767,
        0.0322734267
      ],
      [
        0.0259356368,
        0.05346302,
        0.998232961
      ],
      [
        -0.8544926,
        -0.5170619,
        0.0498936623
      ]
    ],
    "translation": [
      2.14610529,
      0.870678663,
      -0.72883296
    ]
  },
  {
    "timeStamp": 22108,
    "rotation": [
      [
        0.611228764,
        -0.7913196,
        0.0145828072
      ],
      [
        0.163844451,
        0.144539475,
        0.9758398
      ],
      [
        -0.774309,
        -0.594072044,
        0.218000025
      ]
    ],
    "translation": [
      2.14284682,
      0.83350873,
      -0.7343265
    ]
  },
  {
    "timeStamp": 22153,
    "rotation": [
      [
        0.689573467,
        -0.7079796,
        -0.152490124
      ],
      [
        0.3502668,
        0.141740963,
        0.9258632
      ],
      [
        -0.6338782,
        -0.691862941,
        0.3457226
      ]
    ],
    "translation": [
      2.15400338,
      0.8068397,
      -0.743793964
    ]
  },
  {
    "timeStamp": 22209,
    "rotation": [
      [
        0.7365436,
        -0.628611743,
        -0.249701366
      ],
      [
        0.459455043,
        0.194048777,
        0.8667446
      ],
      [
        -0.4963916,
        -0.7531217,
        0.431744218
      ]
    ],
    "translation": [
      2.16786242,
      0.7883513,
      -0.75165683
    ]
  },
  {
    "timeStamp": 22253,
    "rotation": [
      [
        0.737893164,
        -0.600023568,
        -0.309007227
      ],
      [
        0.515136,
        0.204894647,
        0.8322578
      ],
      [
        -0.436060369,
        -0.7732981,
        0.460284084
      ]
    ],
    "translation": [
      2.18035746,
      0.777484238,
      -0.754284561
    ]
  },
  {
    "timeStamp": 22308,
    "rotation": [
      [
        0.7485771,
        -0.56783,
        -0.342346847
      ],
      [
        0.5607391,
        0.266617566,
        0.7838921
      ],
      [
        -0.3538418,
        -0.7787709,
        0.517988265
      ]
    ],
    "translation": [
      2.19402313,
      0.7668826,
      -0.763112366
    ]
  },
  {
    "timeStamp": 22353,
    "rotation": [
      [
        0.7670652,
        -0.545196056,
        -0.338189662
      ],
      [
        0.557152867,
        0.304709017,
        0.772485
      ],
      [
        -0.318106353,
        -0.780969739,
        0.537489235
      ]
    ],
    "translation": [
      2.19859433,
      0.7606898,
      -0.7698076
    ]
  },
  {
    "timeStamp": 22401,
    "rotation": [
      [
        0.784256,
        -0.5622011,
        -0.262435734
      ],
      [
        0.5149573,
        0.353895873,
        0.7807539
      ],
      [
        -0.3460658,
        -0.7474541,
        0.5670545
      ]
    ],
    "translation": [
      2.19720554,
      0.7559358,
      -0.7754909
    ]
  },
  {
    "timeStamp": 22453,
    "rotation": [
      [
        0.8004027,
        -0.5398229,
        -0.260666043
      ],
      [
        0.496327341,
        0.352912664,
        0.7931657
      ],
      [
        -0.336176634,
        -0.7642276,
        0.5504011
      ]
    ],
    "translation": [
      2.20113921,
      0.7522917,
      -0.77828
    ]
  }
]