[
  {
    "timeStamp": 69265,
    "rotation": [
      [
        0.8825694,
        -0.470080227,
        -0.009791594
      ],
      [
        -0.08337139,
        -0.1769559,
        0.9806813
      ],
      [
        -0.46273157,
        -0.86470294,
        -0.1953671
      ]
    ],
    "translation": [
      1.97988582,
      0.706950247,
      -0.734205365
    ]
  },
  {
    "timeStamp": 69311,
    "rotation": [
      [
        0.873015642,
        -0.486209959,
        -0.0379943475
      ],
      [
        -0.08368442,
        -0.2260987,
        0.9705031
      ],
      [
        -0.480458766,
        -0.844084859,
        -0.2380759
      ]
    ],
    "translation": [
      1.98155236,
      0.7086374,
      -0.735314548
    ]
  },
  {
    "timeStamp": 69368,
    "rotation": [
      [
        0.8691979,
        -0.489923775,
        -0.06685674
      ],
      [
        -0.121226676,
        -0.342226148,
        0.931764662
      ],
      [
        -0.479373783,
        -0.801783,
        -0.356854051
      ]
    ],
    "translation": [
      1.98209453,
      0.7123349,
      -0.737303555
    ]
  },
  {
    "timeStamp": 69416,
    "rotation": [
      [
        0.8960031,
        -0.443942517,
        -0.009670626
      ],
      [
        -0.180373788,
        -0.383773983,
        0.90563947
      ],
      [
        -0.405763179,
        -0.809711456,
        -0.423938274
      ]
    ],
    "translation": [
      1.9798336,
      0.714127541,
      -0.7387258
    ]
  },
  {
    "timeStamp": 69459,
    "rotation": [
      [
        0.88679,
        -0.46177268,
        -0.01922175
      ],
      [
        -0.108320437,
        -0.248090744,
        0.962661743
      ],
      [
        -0.449299634,
        -0.8515967,
        -0.270023823
      ]
    ],
    "translation": [
      1.981908,
      0.7158519,
      -0.7478976
    ]
  },
  {
    "timeStamp": 69514,
    "rotation": [
      [
        0.883047163,
        -0.469253123,
        -0.005410717
      ],
      [
        -0.14118439,
        -0.276643,
        0.9505449
      ],
      [
        -0.447543,
        -0.8386121,
        -0.31054002
      ]
    ],
    "translation": [
      1.97966492,
      0.7452193,
      -0.7501588
    ]
  },
  {
    "timeStamp": 69559,
    "rotation": [
      [
        0.8810592,
        -0.47294274,
        0.007725552
      ],
      [
        -0.196509391,
        -0.3511289,
        0.915473938
      ],
      [
        -0.4302541,
        -0.808104932,
        -0.40230307
      ]
    ],
    "translation": [
      1.9767642,
      0.780265868,
      -0.748254657
    ]
  },
  {
    "timeStamp": 69614,
    "rotation": [
      [
        0.8645338,
        -0.5024797,
        0.00977319852
      ],
      [
        -0.272082776,
        -0.451600879,
        0.8497221
      ],
      [
        -0.4225545,
        -0.737272561,
        -0.52714026
      ]
    ],
    "translation": [
      1.97970271,
      0.8346055,
      -0.7491723
    ]
  },
  {
    "timeStamp": 69658,
    "rotation": [
      [
        0.8501721,
        -0.526414,
        -0.009781185
      ],
      [
        -0.314836353,
        -0.5231835,
        0.7919325
      ],
      [
        -0.422001719,
        -0.670199454,
        -0.610530257
      ]
    ],
    "translation": [
      1.98944676,
      0.876745,
      -0.751899362
    ]
  },
  {
    "timeStamp": 69714,
    "rotation": [
      [
        0.8272476,
        -0.5584629,
        -0.0614859536
      ],
      [
        -0.349796951,
        -0.5975859,
        0.721479833
      ],
      [
        -0.439662874,
        -0.5753349,
        -0.6897002
      ]
    ],
    "translation": [
      2.01336384,
      0.9194838,
      -0.756877959
    ]
  },
  {
    "timeStamp": 69758,
    "rotation": [
      [
        0.8055575,
        -0.5778985,
        -0.130806938
      ],
      [
        -0.342884868,
        -0.6347114,
        0.692510962
      ],
      [
        -0.4832257,
        -0.5130057,
        -0.7094492
      ]
    ],
    "translation": [
      2.0434835,
      0.936224043,
      -0.758787036
    ]
  },
  {
    "timeStamp": 69809,
    "rotation": [
      [
        0.7891521,
        -0.5710118,
        -0.226240113
      ],
      [
        -0.275546759,
        -0.658344448,
        0.700468838
      ],
      [
        -0.5489199,
        -0.4904367,
        -0.67687434
      ]
    ],
    "translation": [
      2.08495665,
      0.9356805,
      -0.7605812
    ]
  },
  {
    "timeStamp": 69864,
    "rotation": [
      [
        0.769241154,
        -0.581477046,
        -0.264863163
      ],
      [
        -0.209244326,
        -0.6209129,
        0.7554363
      ],
      [
        -0.6037258,
        -0.5256916,
        -0.59930253
      ]
    ],
    "translation": [
      2.11631846,
      0.9118862,
      -0.7620948
    ]
  },
  {
    "timeStamp": 69909,
    "rotation": [
      [
        0.74691087,
        -0.609044254,
        -0.2668132
      ],
      [
        -0.190799728,
        -0.580707431,
        0.791438162
      ],
      [
        -0.6369613,
        -0.540225863,
        -0.549942136
      ]
    ],
    "translation": [
      2.13284445,
      0.889941,
      -0.7616167
    ]
  },
  {
    "timeStamp": 69964,
    "rotation": [
      [
        0.76336056,
        -0.604524851,
        -0.227662817
      ],
      [
        -0.140600085,
        -0.499474227,
        0.8548433
      ],
      [
        -0.6304858,
        -0.620544255,
        -0.4662752
      ]
    ],
    "translation": [
      2.135578,
      0.860808134,
      -0.7610554
    ]
  },
  {
    "timeStamp": 70009,
    "rotation": [
      [
        0.7358761,
        -0.644570768,
        -0.207400337
      ],
      [
        -0.17378363,
        -0.475826353,
        0.862199843
      ],
      [
        -0.6544354,
        -0.598429441,
        -0.462165058
      ]
    ],
    "translation": [
      2.137477,
      0.849141061,
      -0.7561362
    ]
  },
  {
    "timeStamp": 70064,
    "rotation": [
      [
        0.725981951,
        -0.6629734,
        -0.182801634
      ],
      [
        -0.160967827,
        -0.422238827,
        0.89207834
      ],
      [
        -0.668610156,
        -0.6182076,
        -0.413255155
      ]
    ],
    "translation": [
      2.13779116,
      0.832277,
      -0.7558701
    ]
  },
  {
    "timeStamp": 70109,
    "rotation": [
      [
        0.721048951,
        -0.671161234,
        -0.172136709
      ],
      [
        -0.14681986,
        -0.3907914,
        0.9086947
      ],
      [
        -0.6771502,
        -0.6299403,
        -0.3803195
      ]
    ],
    "translation": [
      2.13721371,
      0.8238847,
      -0.755886853
    ]
  }
]