[
  {
    "timeStamp": 67215,
    "rotation": [
      [
        0.7820412,
        0.5677009,
        -0.25715214
      ],
      [
        -0.613021553,
        0.775064945,
        -0.153228328
      ],
      [
        0.112321734,
        0.277470648,
        0.95414567
      ]
    ],
    "translation": [
      1.67261183,
      0.843305349,
      -0.202840433
    ]
  },
  {
    "timeStamp": 67259,
    "rotation": [
      [
        0.8422085,
        0.479179025,
        -0.247128054
      ],
      [
        -0.51255,
        0.8537934,
        -0.09126477
      ],
      [
        0.167264149,
        0.203529462,
        0.9646753
      ]
    ],
    "translation": [
      1.66955733,
      0.841185153,
      -0.213620514
    ]
  },
  {
    "timeStamp": 67315,
    "rotation": [
      [
        0.844094753,
        0.4936873,
        -0.20922935
      ],
      [
        -0.5232006,
        0.84372884,
        -0.119928688
      ],
      [
        0.117325552,
        0.21070008,
        0.970484555
      ]
    ],
    "translation": [
      1.67505574,
      0.8415789,
      -0.218824357
    ]
  },
  {
    "timeStamp": 67359,
    "rotation": [
      [
        0.8321617,
        0.5070398,
        -0.224538371
      ],
      [
        -0.5340383,
        0.841834366,
        -0.0782171339
      ],
      [
        0.149364933,
        0.1850014,
        0.971321046
      ]
    ],
    "translation": [
      1.678194,
      0.850047,
      -0.229072765
    ]
  },
  {
    "timeStamp": 67415,
    "rotation": [
      [
        0.7840396,
        0.58389914,
        -0.2105794
      ],
      [
        -0.5991404,
        0.8005696,
        -0.0109126084
      ],
      [
        0.162211612,
        0.134722546,
        0.9775158
      ]
    ],
    "translation": [
      1.68982053,
      0.866723359,
      -0.246699959
    ]
  },
  {
    "timeStamp": 67459,
    "rotation": [
      [
        0.755939841,
        0.621531546,
        -0.205556512
      ],
      [
        -0.6243919,
        0.7788895,
        0.0588727966
      ],
      [
        0.1966971,
        0.08384352,
        0.976872861
      ]
    ],
    "translation": [
      1.70082164,
      0.8865374,
      -0.267093629
    ]
  },
  {
    "timeStamp": 67515,
    "rotation": [
      [
        0.744231164,
        0.632376969,
        -0.214986965
      ],
      [
        -0.6172775,
        0.7741428,
        0.14025481
      ],
      [
        0.2551245,
        0.02832461,
        0.966493249
      ]
    ],
    "translation": [
      1.71759474,
      0.916549265,
      -0.301231325
    ]
  },
  {
    "timeStamp": 67559,
    "rotation": [
      [
        0.717318237,
        0.667248666,
        -0.200583756
      ],
      [
        -0.6295238,
        0.7440459,
        0.223820463
      ],
      [
        0.2985874,
        -0.034278255,
        0.9537665
      ]
    ],
    "translation": [
      1.73945808,
      0.9434034,
      -0.335947871
    ]
  },
  {
    "timeStamp": 67615,
    "rotation": [
      [
        0.7385541,
        0.648713052,
        -0.183600768
      ],
      [
        -0.583759964,
        0.751557,
        0.3072237
      ],
      [
        0.337286472,
        -0.119722553,
        0.9337582
      ]
    ],
    "translation": [
      1.76878929,
      0.9800322,
      -0.387758553
    ]
  },
  {
    "timeStamp": 67659,
    "rotation": [
      [
        0.736894369,
        0.6568549,
        -0.159775719
      ],
      [
        -0.5698738,
        0.730738163,
        0.375853062
      ],
      [
        0.363635153,
        -0.185912013,
        0.912801266
      ]
    ],
    "translation": [
      1.799771,
      1.00847447,
      -0.435481548
    ]
  },
  {
    "timeStamp": 67715,
    "rotation": [
      [
        0.759560645,
        0.649683058,
        -0.0312968865
      ],
      [
        -0.5744766,
        0.6926449,
        0.436141729
      ],
      [
        0.305031538,
        -0.313296765,
        0.899333537
      ]
    ],
    "translation": [
      1.84958434,
      1.04139614,
      -0.5063865
    ]
  },
  {
    "timeStamp": 67759,
    "rotation": [
      [
        0.7788183,
        0.625235736,
        0.05022209
      ],
      [
        -0.573888659,
        0.6779592,
        0.459372431
      ],
      [
        0.25316754,
        -0.386589557,
        0.88682276
      ]
    ],
    "translation": [
      1.88834524,
      1.06318712,
      -0.564674735
    ]
  },
  {
    "timeStamp": 67815,
    "rotation": [
      [
        0.815099955,
        0.552778,
        0.173345342
      ],
      [
        -0.5617471,
        0.681021869,
        0.469733357
      ],
      [
        0.141606286,
        -0.480255872,
        0.8656223
      ]
    ],
    "translation": [
      1.93784928,
      1.08591,
      -0.640466154
    ]
  },
  {
    "timeStamp": 67859,
    "rotation": [
      [
        0.8331367,
        0.4751141,
        0.28310734
      ],
      [
        -0.552458465,
        0.6909138,
        0.466291428
      ],
      [
        0.0259388667,
        -0.544889569,
        0.8381065
      ]
    ],
    "translation": [
      1.97994,
      1.09949911,
      -0.6992172
    ]
  },
  {
    "timeStamp": 67915,
    "rotation": [
      [
        0.8320364,
        0.375857085,
        0.4079791
      ],
      [
        -0.5376996,
        0.727249444,
        0.426599741
      ],
      [
        -0.136362046,
        -0.5743167,
        0.8071962
      ]
    ],
    "translation": [
      2.03050685,
      1.10890913,
      -0.760627866
    ]
  },
  {
    "timeStamp": 67959,
    "rotation": [
      [
        0.8184073,
        0.323885828,
        0.474665582
      ],
      [
        -0.520691156,
        0.7674033,
        0.374129534
      ],
      [
        -0.243084684,
        -0.553344548,
        0.796692967
      ]
    ],
    "translation": [
      2.07013679,
      1.10818577,
      -0.795081
    ]
  },
  {
    "timeStamp": 68020,
    "rotation": [
      [
        0.799357057,
        0.260798752,
        0.541306138
      ],
      [
        -0.474974155,
        0.8260349,
        0.303423643
      ],
      [
        -0.368005246,
        -0.49965024,
        0.7841695
      ]
    ],
    "translation": [
      2.1143744,
      1.09871256,
      -0.823791564
    ]
  },
  {
    "timeStamp": 68065,
    "rotation": [
      [
        0.7856289,
        0.272880971,
        0.555268645
      ],
      [
        -0.425734967,
        0.8896494,
        0.165147617
      ],
      [
        -0.448928744,
        -0.366142,
        0.815109253
      ]
    ],
    "translation": [
      2.15283871,
      1.07974315,
      -0.8345359
    ]
  },
  {
    "timeStamp": 68109,
    "rotation": [
      [
        0.7406157,
        0.310696751,
        0.5957817
      ],
      [
        -0.4667086,
        0.875750661,
        0.123466127
      ],
      [
        -0.483395666,
        -0.3694974,
        0.793599546
      ]
    ],
    "translation": [
      2.17508745,
      1.06026947,
      -0.844347
    ]
  },
  {
    "timeStamp": 68165,
    "rotation": [
      [
        0.744003952,
        0.396677136,
        0.5376852
      ],
      [
        -0.456748039,
        0.889270961,
        -0.0240496248
      ],
      [
        -0.4876878,
        -0.227693647,
        0.8428026
      ]
    ],
    "translation": [
      2.19032979,
      1.03117216,
      -0.834573
    ]
  },
  {
    "timeStamp": 68209,
    "rotation": [
      [
        0.715077937,
        0.467171937,
        0.5200134
      ],
      [
        -0.498478651,
        0.8622995,
        -0.0892112553
      ],
      [
        -0.490084261,
        -0.195422575,
        0.8494866
      ]
    ],
    "translation": [
      2.197163,
      1.00987768,
      -0.8306524
    ]
  },
  {
    "timeStamp": 68265,
    "rotation": [
      [
        0.7224951,
        0.4994585,
        0.478060782
      ],
      [
        -0.47162798,
        0.8616458,
        -0.1874394
      ],
      [
        -0.5055373,
        -0.0900428146,
        0.858093441
      ]
    ],
    "translation": [
      2.20076632,
      0.988470256,
      -0.8209177
    ]
  },
  {
    "timeStamp": 68309,
    "rotation": [
      [
        0.7239196,
        0.5094663,
        0.465171427
      ],
      [
        -0.457325935,
        0.859221339,
        -0.229328632
      ],
      [
        -0.516520441,
        -0.0467194729,
        0.854999363
      ]
    ],
    "translation": [
      2.2014935,
      0.97725594,
      -0.817078054
    ]
  },
  {
    "timeStamp": 68365,
    "rotation": [
      [
        0.7255934,
        0.503802657,
        0.468718529
      ],
      [
        -0.44933334,
        0.8627756,
        -0.231771
      ],
      [
        -0.5211658,
        -0.04243934,
        0.852399647
      ]
    ],
    "translation": [
      2.199952,
      0.974437535,
      -0.814644456
    ]
  }
]