[
  {
    "timeStamp": 90792,
    "rotation": [
      [
        -0.9999841,
        0.00490823435,
        -0.00278082257
      ],
      [
        0.00479701255,
        0.999240041,
        0.03868217
      ],
      [
        0.00296857068,
        0.0386682153,
        -0.99924767
      ]
    ],
    "translation": [
      1.77014816,
      0.733898044,
      -0.617942035
    ]
  },
  {
    "timeStamp": 90848,
    "rotation": [
      [
        -0.999871135,
        0.0137106469,
        0.008350424
      ],
      [
        0.0137182577,
        0.9999055,
        0.000854794052
      ],
      [
        -0.008337915,
        0.0009692371,
        -0.9999648
      ]
    ],
    "translation": [
      1.77124441,
      0.7351106,
      -0.6209244
    ]
  },
  {
    "timeStamp": 90892,
    "rotation": [
      [
        -0.9997033,
        0.0127193257,
        0.0207732972
      ],
      [
        0.0124422293,
        0.9998326,
        -0.01341425
      ],
      [
        -0.0209404416,
        -0.0131518031,
        -0.999694169
      ]
    ],
    "translation": [
      1.77162576,
      0.7345687,
      -0.622943044
    ]
  },
  {
    "timeStamp": 90947,
    "rotation": [
      [
        -0.998215258,
        -5.074942E-05,
        0.0597182959
      ],
      [
        -0.001301306,
        0.9997807,
        -0.020902222
      ],
      [
        -0.05970414,
        -0.0209426284,
        -0.997996449
      ]
    ],
    "translation": [
      1.77227092,
      0.7339598,
      -0.6308866
    ]
  },
  {
    "timeStamp": 90992,
    "rotation": [
      [
        -0.9978739,
        -0.008631542,
        0.06459928
      ],
      [
        -0.00932516251,
        0.99990195,
        -0.0104434658
      ],
      [
        -0.0645028055,
        -0.0110236611,
        -0.9978566
      ]
    ],
    "translation": [
      1.77519965,
      0.7347245,
      -0.6362149
    ]
  },
  {
    "timeStamp": 91048,
    "rotation": [
      [
        -0.9930006,
        -0.06885047,
        0.09596504
      ],
      [
        -0.06743838,
        0.997563064,
        0.017885033
      ],
      [
        -0.09696258,
        0.0112881213,
        -0.995223939
      ]
    ],
    "translation": [
      1.78311169,
      0.7343026,
      -0.645606041
    ]
  },
  {
    "timeStamp": 91093,
    "rotation": [
      [
        -0.9627601,
        -0.207142875,
        0.173737958
      ],
      [
        -0.193248659,
        0.9766763,
        0.09358597
      ],
      [
        -0.189071417,
        0.0565262064,
        -0.980335057
      ]
    ],
    "translation": [
      1.79353392,
      0.733982742,
      -0.657296062
    ]
  },
  {
    "timeStamp": 91148,
    "rotation": [
      [
        -0.889695466,
        -0.368545264,
        0.269474119
      ],
      [
        -0.356138,
        0.92954427,
        0.09546294
      ],
      [
        -0.285670549,
        -0.0110370284,
        -0.9582643
      ]
    ],
    "translation": [
      1.81429243,
      0.75277555,
      -0.6658805
    ]
  },
  {
    "timeStamp": 91193,
    "rotation": [
      [
        -0.8383753,
        -0.444713056,
        0.315209627
      ],
      [
        -0.463359,
        0.885996044,
        0.0175923016
      ],
      [
        -0.287098,
        -0.131306261,
        -0.948859
      ]
    ],
    "translation": [
      1.83449256,
      0.787890255,
      -0.661371
    ]
  },
  {
    "timeStamp": 91249,
    "rotation": [
      [
        -0.7958223,
        -0.4952188,
        0.3484612
      ],
      [
        -0.5521928,
        0.829673052,
        -0.08201112
      ],
      [
        -0.248495415,
        -0.257684052,
        -0.9337286
      ]
    ],
    "translation": [
      1.86309481,
      0.8360568,
      -0.6539675
    ]
  },
  {
    "timeStamp": 91293,
    "rotation": [
      [
        -0.7788508,
        -0.520173967,
        0.350443244
      ],
      [
        -0.5917438,
        0.7946333,
        -0.135635629
      ],
      [
        -0.207919762,
        -0.31301254,
        -0.9267106
      ]
    ],
    "translation": [
      1.88978577,
      0.869507551,
      -0.6506352
    ]
  },
  {
    "timeStamp": 91349,
    "rotation": [
      [
        -0.74910897,
        -0.558654845,
        0.356006384
      ],
      [
        -0.6404687,
        0.7480601,
        -0.17379871
      ],
      [
        -0.169220671,
        -0.3582051,
        -0.918179452
      ]
    ],
    "translation": [
      1.92838478,
      0.905434966,
      -0.6433879
    ]
  },
  {
    "timeStamp": 91393,
    "rotation": [
      [
        -0.7256176,
        -0.5962204,
        0.34351185
      ],
      [
        -0.674558938,
        0.7149033,
        -0.184074923
      ],
      [
        -0.135828525,
        -0.365286976,
        -0.9209322
      ]
    ],
    "translation": [
      1.96269357,
      0.926683545,
      -0.6372362
    ]
  },
  {
    "timeStamp": 91448,
    "rotation": [
      [
        -0.737042665,
        -0.6065726,
        0.298056662
      ],
      [
        -0.66904217,
        0.7172578,
        -0.194740474
      ],
      [
        -0.0956592262,
        -0.342944533,
        -0.934472263
      ]
    ],
    "translation": [
      2.00456119,
      0.9416162,
      -0.6280103
    ]
  },
  {
    "timeStamp": 91501,
    "rotation": [
      [
        -0.762515068,
        -0.5946137,
        0.25496164
      ],
      [
        -0.6426534,
        0.741581142,
        -0.192494184
      ],
      [
        -0.0746150762,
        -0.3106317,
        -0.947597265
      ]
    ],
    "translation": [
      2.03381968,
      0.941795,
      -0.6185778
    ]
  },
  {
    "timeStamp": 91543,
    "rotation": [
      [
        -0.791421533,
        -0.5685534,
        0.224497214
      ],
      [
        -0.607283831,
        0.773191333,
        -0.182705939
      ],
      [
        -0.06970123,
        -0.280930936,
        -0.957193553
      ]
    ],
    "translation": [
      2.0613904,
      0.93528986,
      -0.605364859
    ]
  },
  {
    "timeStamp": 91599,
    "rotation": [
      [
        -0.8388828,
        -0.509646058,
        0.19114539
      ],
      [
        -0.5377908,
        0.830242,
        -0.146557957
      ],
      [
        -0.08400425,
        -0.225741178,
        -0.9705587
      ]
    ],
    "translation": [
      2.075222,
      0.917663157,
      -0.596184254
    ]
  },
  {
    "timeStamp": 91643,
    "rotation": [
      [
        -0.8274778,
        -0.5242079,
        0.201212436
      ],
      [
        -0.546898842,
        0.833621562,
        -0.0773097
      ],
      [
        -0.127208665,
        -0.1740149,
        -0.976492047
      ]
    ],
    "translation": [
      2.083249,
      0.902570844,
      -0.59203124
    ]
  },
  {
    "timeStamp": 91699,
    "rotation": [
      [
        -0.7494461,
        -0.6056706,
        0.267383
      ],
      [
        -0.619462967,
        0.784023166,
        0.0396646522
      ],
      [
        -0.2336582,
        -0.135907352,
        -0.962773561
      ]
    ],
    "translation": [
      2.098412,
      0.881559551,
      -0.5925469
    ]
  },
  {
    "timeStamp": 91744,
    "rotation": [
      [
        -0.72269994,
        -0.6246656,
        0.295799941
      ],
      [
        -0.6220924,
        0.7743868,
        0.11543832
      ],
      [
        -0.301173955,
        -0.100587659,
        -0.9482491
      ]
    ],
    "translation": [
      2.1071384,
      0.8746753,
      -0.595135
    ]
  },
  {
    "timeStamp": 91801,
    "rotation": [
      [
        -0.7324623,
        -0.5743908,
        0.3654779
      ],
      [
        -0.5611253,
        0.8133374,
        0.153690383
      ],
      [
        -0.385535181,
        -0.09250647,
        -0.9180442
      ]
    ],
    "translation": [
      2.101653,
      0.869711161,
      -0.5970426
    ]
  },
  {
    "timeStamp": 91844,
    "rotation": [
      [
        -0.73475343,
        -0.540135145,
        0.410355151
      ],
      [
        -0.523274,
        0.836271,
        0.1638142
      ],
      [
        -0.431649923,
        -0.09436515,
        -0.8970917
      ]
    ],
    "translation": [
      2.0982244,
      0.867430449,
      -0.5964935
    ]
  },
  {
    "timeStamp": 91900,
    "rotation": [
      [
        -0.7882159,
        -0.494151384,
        0.366783381
      ],
      [
        -0.396618426,
        0.8636267,
        0.311195642
      ],
      [
        -0.4705417,
        0.0998163,
        -0.8767139
      ]
    ],
    "translation": [
      2.09498239,
      0.8707918,
      -0.5995685
    ]
  },
  {
    "timeStamp": 91944,
    "rotation": [
      [
        -0.8487993,
        -0.4350163,
        0.3005007
      ],
      [
        -0.294050038,
        0.8607581,
        0.4154878
      ],
      [
        -0.439402372,
        0.2643035,
        -0.858527362
      ]
    ],
    "translation": [
      2.09101748,
      0.8746266,
      -0.6021102
    ]
  },
  {
    "timeStamp": 91990,
    "rotation": [
      [
        -0.9555207,
        -0.1827327,
        0.231492952
      ],
      [
        -0.06536522,
        0.8966174,
        0.437955052
      ],
      [
        -0.2875893,
        0.403343529,
        -0.8686809
      ]
    ],
    "translation": [
      2.083029,
      0.872465134,
      -0.60344255
    ]
  },
  {
    "timeStamp": 92048,
    "rotation": [
      [
        -0.983523369,
        -0.0783715248,
        0.16290994
      ],
      [
        -0.00701235654,
        0.917006135,
        0.3988115
      ],
      [
        -0.18064487,
        0.391098022,
        -0.902446568
      ]
    ],
    "translation": [
      2.07814646,
      0.8674685,
      -0.6039608
    ]
  },
  {
    "timeStamp": 92095,
    "rotation": [
      [
        -0.993480742,
        -0.0255868975,
        0.111091509
      ],
      [
        0.0221539531,
        0.912575543,
        0.408307582
      ],
      [
        -0.111826718,
        0.408106834,
        -0.9060594
      ]
    ],
    "translation": [
      2.07304549,
      0.866802,
      -0.6027761
    ]
  },
  {
    "timeStamp": 92148,
    "rotation": [
      [
        -0.993090749,
        0.0194175653,
        0.115731269
      ],
      [
        0.05050093,
        0.960936844,
        0.27212137
      ],
      [
        -0.105926506,
        0.276085734,
        -0.9552781
      ]
    ],
    "translation": [
      2.074629,
      0.8619429,
      -0.6063711
    ]
  },
  {
    "timeStamp": 92196,
    "rotation": [
      [
        -0.994185,
        0.0471216552,
        0.09682845
      ],
      [
        0.07276473,
        0.956803739,
        0.281481564
      ],
      [
        -0.07938195,
        0.286890447,
        -0.95466876
      ]
    ],
    "translation": [
      2.07379675,
      0.861878753,
      -0.60592407
    ]
  },
  {
    "timeStamp": 92252,
    "rotation": [
      [
        -0.989704847,
        0.0101425285,
        0.14276363
      ],
      [
        0.042576123,
        0.9731922,
        0.226018116
      ],
      [
        -0.13664405,
        0.229769543,
        -0.9636049
      ]
    ],
    "translation": [
      2.0747602,
      0.8612251,
      -0.607333541
    ]
  },
  {
    "timeStamp": 92293,
    "rotation": [
      [
        -0.9834499,
        -0.008242357,
        0.180992633
      ],
      [
        0.0295749474,
        0.978262663,
        0.205249622
      ],
      [
        -0.178750083,
        0.207205564,
        -0.9618286
      ]
    ],
    "translation": [
      2.07789135,
      0.8606518,
      -0.6074646
    ]
  },
  {
    "timeStamp": 92344,
    "rotation": [
      [
        -0.988341,
        -0.07176926,
        0.134280533
      ],
      [
        -0.0436784439,
        0.9785134,
        0.201503441
      ],
      [
        -0.145857066,
        0.193288952,
        -0.970239639
      ]
    ],
    "translation": [
      2.07555318,
      0.8541116,
      -0.589786768
    ]
  },
  {
    "timeStamp": 92400,
    "rotation": [
      [
        -0.981432557,
        -0.0684356838,
        0.179183483
      ],
      [
        -0.02856479,
        0.9759145,
        0.21627529
      ],
      [
        -0.1896687,
        0.207141265,
        -0.959749043
      ]
    ],
    "translation": [
      2.07493234,
      0.8578159,
      -0.5899738
    ]
  },
  {
    "timeStamp": 92443,
    "rotation": [
      [
        -0.97160846,
        -0.0137901772,
        0.2361924
      ],
      [
        0.0157084186,
        0.992337167,
        0.122556604
      ],
      [
        -0.236072585,
        0.122787237,
        -0.9639466
      ]
    ],
    "translation": [
      2.07759976,
      0.8596145,
      -0.592166543
    ]
  },
  {
    "timeStamp": 92500,
    "rotation": [
      [
        -0.9749998,
        0.0391316637,
        0.218732938
      ],
      [
        0.0563252419,
        0.995745361,
        0.07292878
      ],
      [
        -0.21494849,
        0.08342573,
        -0.973055661
      ]
    ],
    "translation": [
      2.08001113,
      0.857603431,
      -0.5929724
    ]
  },
  {
    "timeStamp": 92543,
    "rotation": [
      [
        -0.9712807,
        0.020589523,
        0.237044036
      ],
      [
        0.01656139,
        0.9996828,
        -0.0189721454
      ],
      [
        -0.237359479,
        -0.014501499,
        -0.9713136
      ]
    ],
    "translation": [
      2.077923,
      0.853694,
      -0.592066944
    ]
  },
  {
    "timeStamp": 92599,
    "rotation": [
      [
        -0.9763374,
        0.0178020541,
        0.215519011
      ],
      [
        0.00850423,
        0.998995662,
        -0.043992307
      ],
      [
        -0.216085717,
        -0.04111851,
        -0.975508153
      ]
    ],
    "translation": [
      2.07711864,
      0.852782965,
      -0.5926191
    ]
  }
]