[
  {
    "id": "005 tomato soup can(Clone)-4718",
    "pickRotation": [
      [
        -0.952405035,
        -0.304721951,
        -0.008314415
      ],
      [
        0.294462144,
        -0.9125988,
        -0.283646852
      ],
      [
        0.0788456947,
        -0.272594959,
        0.958892763
      ]
    ],
    "pickTranslation": [
      0.0181997027,
      0.0985064358,
      0.0547301248
    ],
    "placeRotation": [
      [
        0.639198,
        -0.7690371,
        0.0027865523
      ],
      [
        0.768533349,
        0.6386391,
        -0.0386853963
      ],
      [
        0.0279709045,
        0.0268691871,
        0.999247551
      ]
    ],
    "placeTranslation": [
      -0.30341813,
      -0.126359463,
      1.11889637
    ]
  },
  {
    "id": "002 masterchef can(Clone)-4730",
    "pickRotation": [
      [
        -0.976379633,
        0.158599332,
        -0.146728218
      ],
      [
        0.174196452,
        0.1760761,
        -0.968840957
      ],
      [
        -0.127822191,
        -0.9715161,
        -0.199544549
      ]
    ],
    "pickTranslation": [
      0.009304619,
      -0.00930332,
      0.145708025
    ],
    "placeRotation": [
      [
        0.903333,
        -0.428707123,
        -0.0141326906
      ],
      [
        0.02300739,
        0.0155259594,
        0.9996147
      ],
      [
        -0.4283225,
        -0.9033101,
        0.0238885432
      ]
    ],
    "placeTranslation": [
      -0.7128637,
      -0.0153079191,
      -0.118090525
    ]
  },
  {
    "id": "002 masterchef can(Clone)-4528",
    "pickRotation": [
      [
        -0.820228159,
        0.195266,
        -0.5376773
      ],
      [
        0.569160044,
        0.372719139,
        -0.732896447
      ],
      [
        0.0572928749,
        -0.9071668,
        -0.416852355
      ]
    ],
    "pickTranslation": [
      0.0137282964,
      -0.03236423,
      0.1137674
    ],
    "placeRotation": [
      [
        0.7521497,
        -0.6587512,
        -0.0178237446
      ],
      [
        0.0362951942,
        0.0144049348,
        0.9992373
      ],
      [
        -0.657992,
        -0.752222955,
        0.03474417
      ]
    ],
    "placeTranslation": [
      -0.337013572,
      -0.00591873,
      0.05769514
    ]
  },
  {
    "id": "002 masterchef can(Clone)-4766",
    "pickRotation": [
      [
        -0.894108832,
        -0.06842141,
        -0.442592233
      ],
      [
        0.407127261,
        0.287570834,
        -0.866920054
      ],
      [
        0.186592534,
        -0.955312252,
        -0.22926341
      ]
    ],
    "pickTranslation": [
      0.0178127214,
      -0.00517461,
      0.114461854
    ],
    "placeRotation": [
      [
        -0.447143555,
        -0.889762,
        0.0915766358
      ],
      [
        0.219603,
        -0.009954942,
        0.975538552
      ],
      [
        -0.867085457,
        0.456316262,
        0.1998457
      ]
    ],
    "placeTranslation": [
      -0.0008454771,
      0.0145661766,
      0.5983533
    ]
  },
  {
    "id": "007 tuna fish can(Clone)-4920",
    "pickRotation": [
      [
        -0.9095086,
        -0.04570268,
        -0.4131651
      ],
      [
        0.3414519,
        0.4847279,
        -0.8052636
      ],
      [
        0.237075374,
        -0.8734702,
        -0.4252589
      ]
    ],
    "pickTranslation": [
      0.02119406,
      -0.013307713,
      0.004776749
    ],
    "placeRotation": [
      [
        0.800330043,
        -0.546280265,
        -0.247082382
      ],
      [
        0.481717974,
        0.3405303,
        0.80745703
      ],
      [
        -0.356958777,
        -0.765256166,
        0.535689652
      ]
    ],
    "placeTranslation": [
      0.6251693,
      0.173701838,
      0.193593934
    ]
  },
  {
    "id": "007 tuna fish can(Clone)-4144",
    "pickRotation": [
      [
        -0.8435271,
        0.319985539,
        -0.4313599
      ],
      [
        0.534080267,
        0.4148834,
        -0.736634254
      ],
      [
        -0.0567482561,
        -0.851751745,
        -0.520863354
      ]
    ],
    "pickTranslation": [
      0.00359001616,
      -0.0364862345,
      0.0282281656
    ],
    "placeRotation": [
      [
        0.7265714,
        -0.686946869,
        -0.0140702361
      ],
      [
        0.0262689423,
        0.007309528,
        0.9996282
      ],
      [
        -0.686588645,
        -0.726670861,
        0.0233562626
      ]
    ],
    "placeTranslation": [
      0.375507951,
      0.225933865,
      -0.471637964
    ]
  },
  {
    "id": "100 half egg carton(Clone)-4132",
    "pickRotation": [
      [
        -0.402604729,
        -0.9021981,
        -0.154751509
      ],
      [
        -0.91429466,
        0.3881348,
        0.115830019
      ],
      [
        -0.0444371738,
        0.1881222,
        -0.981139839
      ]
    ],
    "pickTranslation": [
      -0.0188035555,
      0.00259083812,
      0.0059338063
    ],
    "placeRotation": [
      [
        -0.838164866,
        0.493668824,
        0.23188515
      ],
      [
        0.537811637,
        0.8188139,
        0.200754225
      ],
      [
        -0.0907647,
        0.2929757,
        -0.951801956
      ]
    ],
    "placeTranslation": [
      -0.6330842,
      0.9377459,
      -0.159543991
    ]
  },
  {
    "id": "103 toothpaste(Clone)-4600",
    "pickRotation": [
      [
        -0.284138054,
        0.6852853,
        -0.670559168
      ],
      [
        -0.9579865,
        -0.231426239,
        0.169421926
      ],
      [
        -0.03908264,
        0.6905258,
        0.722251058
      ]
    ],
    "pickTranslation": [
      0.0199248344,
      0.0211697146,
      -0.0114429342
    ],
    "placeRotation": [
      [
        0.09218458,
        0.979452848,
        -0.17937161
      ],
      [
        0.0149093792,
        -0.181476161,
        -0.9832823
      ],
      [
        -0.9956303,
        0.0879691541,
        -0.03133234
      ]
    ],
    "placeTranslation": [
      0.375076443,
      0.445090234,
      -0.8104098
    ]
  },
  {
    "id": "103 toothpaste(Clone)-4564",
    "pickRotation": [
      [
        -0.2806863,
        0.6195949,
        -0.733019352
      ],
      [
        -0.9026134,
        -0.4300796,
        -0.0179038942
      ],
      [
        -0.326349825,
        0.6566077,
        0.6799721
      ]
    ],
    "pickTranslation": [
      0.025563512,
      0.01943256,
      -0.010061373
    ],
    "placeRotation": [
      [
        0.197939381,
        0.8986023,
        0.391578645
      ],
      [
        0.105237857,
        0.377691865,
        -0.9199314
      ],
      [
        -0.9745486,
        0.223299563,
        -0.0198068824
      ]
    ],
    "placeTranslation": [
      0.407023221,
      0.330856264,
      -0.478970379
    ]
  },
  {
    "id": "103 toothpaste(Clone)-4826",
    "pickRotation": [
      [
        -0.6606249,
        0.455993682,
        -0.596359253
      ],
      [
        -0.601865649,
        0.153094739,
        0.783785462
      ],
      [
        0.4487007,
        0.876716435,
        0.173308745
      ]
    ],
    "pickTranslation": [
      -0.0149273481,
      0.0174182467,
      -0.0336911976
    ],
    "placeRotation": [
      [
        0.07753696,
        0.941443264,
        -0.328135043
      ],
      [
        -0.236220226,
        -0.302406728,
        -0.923444748
      ],
      [
        -0.9686011,
        0.149113223,
        0.198940247
      ]
    ],
    "placeTranslation": [
      0.361831635,
      0.7632956,
      -0.5122068
    ]
  },
  {
    "id": "103 toothpaste(Clone)-4778",
    "pickRotation": [
      [
        -0.5309015,
        0.657149,
        -0.535069
      ],
      [
        -0.7421639,
        -0.0557656735,
        0.667894363
      ],
      [
        0.409067631,
        0.751695037,
        0.517318368
      ]
    ],
    "pickTranslation": [
      -0.00257290085,
      0.0124855153,
      -0.0362671539
    ],
    "placeRotation": [
      [
        0.07257249,
        0.98115,
        -0.179103047
      ],
      [
        -0.3644592,
        -0.141068816,
        -0.9204722
      ],
      [
        -0.928387165,
        0.132076725,
        0.3473514
      ]
    ],
    "placeTranslation": [
      0.462389261,
      0.458083749,
      -0.08463644
    ]
  },
  {
    "id": "057 racquetball(Clone)-4540",
    "pickRotation": [
      [
        -0.7352871,
        0.3284444,
        -0.5928551
      ],
      [
        0.0291957669,
        -0.858571231,
        -0.511862338
      ],
      [
        -0.677126646,
        -0.3936746,
        0.621707141
      ]
    ],
    "pickTranslation": [
      0.00239865482,
      -0.133626372,
      0.0257364921
    ],
    "placeRotation": [
      [
        0.07008518,
        -0.331804335,
        0.9407411
      ],
      [
        0.03086309,
        0.94332993,
        0.3304181
      ],
      [
        -0.997063458,
        0.005876764,
        0.07635396
      ]
    ],
    "placeTranslation": [
      0.606093764,
      1.37363982,
      -0.158109039
    ]
  },
  {
    "id": "058 golf ball(Clone)-4552",
    "pickRotation": [
      [
        -0.6411566,
        -0.1760822,
        -0.746935964
      ],
      [
        0.7443174,
        -0.3796613,
        -0.5494078
      ],
      [
        -0.186841741,
        -0.908213854,
        0.374483377
      ]
    ],
    "pickTranslation": [
      0.02393597,
      -0.0110129248,
      0.0205228627
    ],
    "placeRotation": [
      [
        0.160384774,
        -0.8652484,
        0.474996835
      ],
      [
        0.464277,
        0.490798652,
        0.7372676
      ],
      [
        -0.8710474,
        0.1022836,
        0.4804316
      ]
    ],
    "placeTranslation": [
      0.5961624,
      0.71653837,
      -0.155695572
    ]
  },
  {
    "id": "057 racquetball(Clone)-4814",
    "pickRotation": [
      [
        -0.796919048,
        0.598535061,
        0.08170586
      ],
      [
        -0.604082942,
        -0.789152563,
        -0.11100471
      ],
      [
        -0.00196182076,
        -0.137818888,
        0.9904555
      ]
    ],
    "pickTranslation": [
      0.0291792862,
      -0.117270328,
      0.0267908163
    ],
    "placeRotation": [
      [
        0.7289384,
        0.5007719,
        0.466772318
      ],
      [
        -0.444752365,
        0.8647619,
        -0.2332001
      ],
      [
        -0.5204269,
        -0.03760955,
        0.8530776
      ]
    ],
    "placeTranslation": [
      0.8408836,
      1.53853047,
      0.14937146
    ]
  },
  {
    "id": "018 plum(Clone)-4120",
    "pickRotation": [
      [
        -0.860840738,
        0.369791269,
        -0.349582016
      ],
      [
        0.5068265,
        0.561472654,
        -0.6541218
      ],
      [
        -0.0456077754,
        -0.740272164,
        -0.670758545
      ]
    ],
    "pickTranslation": [
      0.0114982314,
      0.01377484,
      0.0132205784
    ],
    "placeRotation": [
      [
        0.7087419,
        -0.6852702,
        -0.1675998
      ],
      [
        -0.157135531,
        -0.384949327,
        0.9094627
      ],
      [
        -0.6877451,
        -0.6182384,
        -0.380510032
      ]
    ],
    "placeTranslation": [
      0.4980272,
      0.6063587,
      -0.38901332
    ]
  },
  {
    "id": "101 bread(Clone)-4480",
    "pickRotation": [
      [
        -0.699419,
        -0.644538343,
        -0.308841884
      ],
      [
        0.713089645,
        -0.658412933,
        -0.240822554
      ],
      [
        -0.0481261276,
        -0.388667852,
        0.9201201
      ]
    ],
    "pickTranslation": [
      -0.00328469416,
      0.02893592,
      -0.02181101
    ],
    "placeRotation": [
      [
        0.276005059,
        -0.9571007,
        -0.08820151
      ],
      [
        0.947494447,
        0.286351055,
        -0.142328024
      ],
      [
        0.161478847,
        -0.04428719,
        0.9858819
      ]
    ],
    "placeTranslation": [
      0.1449414,
      0.70486486,
      -0.0302456655
    ]
  },
  {
    "id": "013 apple(Clone)-4492",
    "pickRotation": [
      [
        -0.3187286,
        0.250924528,
        -0.914029
      ],
      [
        0.939457655,
        0.211640909,
        -0.269494861
      ],
      [
        0.125823051,
        -0.944587231,
        -0.30318898
      ]
    ],
    "pickTranslation": [
      0.00336942077,
      -0.0005218201,
      0.0373373739
    ],
    "placeRotation": [
      [
        -0.446104527,
        -0.885690868,
        -0.128617689
      ],
      [
        0.140283123,
        -0.211132124,
        0.967338562
      ],
      [
        -0.8839183,
        0.413491219,
        0.218434468
      ]
    ],
    "placeTranslation": [
      0.605857134,
      0.5220735,
      0.3442933
    ]
  },
  {
    "id": "014 lemon(Clone)-4706",
    "pickRotation": [
      [
        -0.7231992,
        -0.0660480559,
        -0.6874741
      ],
      [
        0.0874381438,
        -0.996163,
        0.003722961
      ],
      [
        -0.685082138,
        -0.0574190132,
        0.7261994
      ]
    ],
    "pickTranslation": [
      0.0059584314,
      0.0165200979,
      0.02659047
    ],
    "placeRotation": [
      [
        0.491832376,
        0.106974475,
        0.864093363
      ],
      [
        0.356371135,
        0.8807557,
        -0.311879754
      ],
      [
        -0.7944184,
        0.4613305,
        0.395061553
      ]
    ],
    "placeTranslation": [
      0.656304538,
      0.6862129,
      -0.7390076
    ]
  },
  {
    "id": "016 pear(Clone)-4754",
    "pickRotation": [
      [
        -0.0164817218,
        -0.9428424,
        -0.332831085
      ],
      [
        0.449848443,
        0.2902908,
        -0.8446109
      ],
      [
        0.8929528,
        -0.16364418,
        0.419351727
      ]
    ],
    "pickTranslation": [
      0.0334415473,
      0.02610061,
      0.0210995059
    ],
    "placeRotation": [
      [
        0.154743269,
        -0.4320989,
        -0.8884509
      ],
      [
        0.98493737,
        0.137702957,
        0.104576543
      ],
      [
        0.07715491,
        -0.891251,
        0.446898967
      ]
    ],
    "placeTranslation": [
      0.257764965,
      0.6076517,
      -0.4585271
    ]
  },
  {
    "id": "016 pear(Clone)-4636",
    "pickRotation": [
      [
        0.5418879,
        -0.7166319,
        -0.439085841
      ],
      [
        0.5756011,
        0.697131753,
        -0.4274234
      ],
      [
        0.6124059,
        -0.0211227257,
        0.7902613
      ]
    ],
    "pickTranslation": [
      0.0406309925,
      0.02508343,
      0.0179912746
    ],
    "placeRotation": [
      [
        -0.119187184,
        -0.6574574,
        -0.744005442
      ],
      [
        0.9822958,
        -0.187164381,
        0.008031584
      ],
      [
        -0.144531742,
        -0.729876161,
        0.6681253
      ]
    ],
    "placeTranslation": [
      -0.5608152,
      0.7581873,
      -0.4390752
    ]
  },
  {
    "id": "016 pear(Clone)-4742",
    "pickRotation": [
      [
        -0.04350714,
        -0.79588443,
        -0.6038833
      ],
      [
        0.617867231,
        0.45355925,
        -0.64228034
      ],
      [
        0.7850778,
        -0.401063532,
        0.472017884
      ]
    ],
    "pickTranslation": [
      0.0358502269,
      0.0142369308,
      0.0291410331
    ],
    "placeRotation": [
      [
        -0.590927064,
        -0.298509419,
        -0.7494647
      ],
      [
        0.751094162,
        -0.542592943,
        -0.376098871
      ],
      [
        -0.2943852,
        -0.7851656,
        0.5448416
      ]
    ],
    "placeTranslation": [
      0.181821689,
      1.00463724,
      1.10129941
    ]
  },
  {
    "id": "011 banana(Clone)-4648",
    "pickRotation": [
      [
        -0.983946264,
        -0.0364957638,
        -0.174693465
      ],
      [
        0.134793088,
        0.489562482,
        -0.861486733
      ],
      [
        0.116963983,
        -0.8712041,
        -0.476783782
      ]
    ],
    "pickTranslation": [
      0.0190815143,
      0.0182312559,
      0.0264705084
    ],
    "placeRotation": [
      [
        0.7058601,
        0.3636051,
        -0.607908547
      ],
      [
        0.5685779,
        0.221011415,
        0.792384446
      ],
      [
        0.4224698,
        -0.9049559,
        -0.050734695
      ]
    ],
    "placeTranslation": [
      0.421088934,
      0.7458747,
      -0.282672375
    ]
  },
  {
    "id": "011 banana(Clone)-4862",
    "pickRotation": [
      [
        -0.9404003,
        0.213153228,
        0.264977336
      ],
      [
        -0.136961013,
        0.4758065,
        -0.868820965
      ],
      [
        -0.3112699,
        -0.853331,
        -0.418254882
      ]
    ],
    "pickTranslation": [
      0.02830441,
      0.0256541371,
      0.0166334771
    ],
    "placeRotation": [
      [
        0.7698742,
        0.418443859,
        -0.481869668
      ],
      [
        0.4433286,
        0.192485765,
        0.875447869
      ],
      [
        0.459078848,
        -0.8876114,
        -0.0373182967
      ]
    ],
    "placeTranslation": [
      0.25036028,
      0.8090323,
      -0.6163601
    ]
  },
  {
    "id": "100 half egg carton(Clone)-4504",
    "pickRotation": [
      [
        -0.307603866,
        0.7460744,
        -0.5905531
      ],
      [
        0.5702785,
        -0.352270335,
        -0.742083549
      ],
      [
        -0.7616839,
        -0.5650475,
        -0.317110479
      ]
    ],
    "pickTranslation": [
      -0.0663579255,
      0.022916425,
      0.0226028115
    ],
    "placeRotation": [
      [
        -0.97727,
        0.0120972451,
        0.211653277
      ],
      [
        0.0031312448,
        0.999085367,
        -0.04264573
      ],
      [
        -0.211975589,
        -0.0410136543,
        -0.976413965
      ]
    ],
    "placeTranslation": [
      -0.441778,
      0.7936692,
      -0.9222305
    ]
  },
  {
    "id": "100 half egg carton(Clone)-4516",
    "pickRotation": [
      [
        -0.150583357,
        -0.569688141,
        0.807948053
      ],
      [
        -0.7752313,
        -0.4391021,
        -0.454098761
      ],
      [
        0.6134664,
        -0.6947264,
        -0.37551865
      ]
    ],
    "pickTranslation": [
      -0.0706337541,
      0.0140974969,
      0.0206980128
    ],
    "placeRotation": [
      [
        0.0345682725,
        0.486592829,
        -0.8729447
      ],
      [
        0.0443888865,
        0.8718572,
        0.487744421
      ],
      [
        0.998416066,
        -0.0556095243,
        0.008539286
      ]
    ],
    "placeTranslation": [
      0.136995509,
      0.830233157,
      -0.1633397
    ]
  }
]