[
  {
    "timeStamp": 38083,
    "rotation": [
      [
        0.9999974,
        -0.000449784566,
        -0.00224880269
      ],
      [
        0.00223947433,
        -0.0197634865,
        0.9998022
      ],
      [
        -0.000494140433,
        -0.9998046,
        -0.0197624266
      ]
    ],
    "translation": [
      1.15382934,
      0.7032567,
      -0.750044
    ]
  },
  {
    "timeStamp": 38128,
    "rotation": [
      [
        0.9999785,
        -0.00318653416,
        0.0057353247
      ],
      [
        -0.00578252925,
        -0.0150075443,
        0.999870658
      ],
      [
        -0.00310004782,
        -0.99988234,
        -0.0150256483
      ]
    ],
    "translation": [
      1.15415192,
      0.70307374,
      -0.75003624
    ]
  },
  {
    "timeStamp": 38185,
    "rotation": [
      [
        0.9997947,
        -0.0147507824,
        0.0138942525
      ],
      [
        -0.01385407,
        0.0028227747,
        0.999900043
      ],
      [
        -0.0147885289,
        -0.9998873,
        0.0026178367
      ]
    ],
    "translation": [
      1.15775692,
      0.7052607,
      -0.752319455
    ]
  },
  {
    "timeStamp": 38227,
    "rotation": [
      [
        0.999227464,
        -0.01863069,
        0.034603443
      ],
      [
        -0.0346056223,
        0.000205624878,
        0.999401033
      ],
      [
        -0.0186266471,
        -0.9998264,
        -0.00043926065
      ]
    ],
    "translation": [
      1.15769863,
      0.713619947,
      -0.751508951
    ]
  },
  {
    "timeStamp": 38283,
    "rotation": [
      [
        0.996976733,
        -0.05181941,
        0.0578975677
      ],
      [
        -0.0571487658,
        0.01581838,
        0.998240352
      ],
      [
        -0.05264407,
        -0.998531163,
        0.0128091415
      ]
    ],
    "translation": [
      1.16447389,
      0.7259591,
      -0.7470145
    ]
  },
  {
    "timeStamp": 38327,
    "rotation": [
      [
        0.9921494,
        -0.08997032,
        0.08686175
      ],
      [
        -0.08495501,
        0.0248173438,
        0.9960757
      ],
      [
        -0.0917729139,
        -0.9956352,
        0.0169790834
      ]
    ],
    "translation": [
      1.17450809,
      0.7411783,
      -0.740911365
    ]
  },
  {
    "timeStamp": 38382,
    "rotation": [
      [
        0.9819943,
        -0.139474079,
        0.127413362
      ],
      [
        -0.124185,
        0.03164594,
        0.9917543
      ],
      [
        -0.142356142,
        -0.989719868,
        0.0137555413
      ]
    ],
    "translation": [
      1.194904,
      0.764397144,
      -0.7326997
    ]
  },
  {
    "timeStamp": 38427,
    "rotation": [
      [
        0.9699167,
        -0.186732441,
        0.156181261
      ],
      [
        -0.1511213,
        0.04112209,
        0.9876595
      ],
      [
        -0.190850586,
        -0.9815498,
        0.0116657522
      ]
    ],
    "translation": [
      1.218278,
      0.7831082,
      -0.726109
    ]
  },
  {
    "timeStamp": 38483,
    "rotation": [
      [
        0.9499074,
        -0.2578701,
        0.176575512
      ],
      [
        -0.171348736,
        0.0427907,
        0.984280765
      ],
      [
        -0.261372358,
        -0.965231538,
        -0.00353851356
      ]
    ],
    "translation": [
      1.258571,
      0.8051547,
      -0.716662049
    ]
  },
  {
    "timeStamp": 38528,
    "rotation": [
      [
        0.9262927,
        -0.320984,
        0.197360262
      ],
      [
        -0.185832649,
        0.06649109,
        0.9803291
      ],
      [
        -0.327792674,
        -0.9447477,
        0.00194090477
      ]
    ],
    "translation": [
      1.2955842,
      0.819585264,
      -0.711206138
    ]
  },
  {
    "timeStamp": 38583,
    "rotation": [
      [
        0.897891045,
        -0.3900245,
        0.2041387
      ],
      [
        -0.204678446,
        0.0406778865,
        0.977983654
      ],
      [
        -0.3897415,
        -0.9199056,
        -0.0433052965
      ]
    ],
    "translation": [
      1.34741366,
      0.8424222,
      -0.699980438
    ]
  },
  {
    "timeStamp": 38627,
    "rotation": [
      [
        0.85953933,
        -0.462204,
        0.218081638
      ],
      [
        -0.2144788,
        0.06109113,
        0.974816263
      ],
      [
        -0.463886827,
        -0.8846668,
        -0.04662273
      ]
    ],
    "translation": [
      1.39319789,
      0.8541025,
      -0.6935664
    ]
  },
  {
    "timeStamp": 38683,
    "rotation": [
      [
        0.8140809,
        -0.542671144,
        0.206833929
      ],
      [
        -0.229846343,
        0.0260028113,
        0.972879469
      ],
      [
        -0.5333319,
        -0.8395427,
        -0.103562579
      ]
    ],
    "translation": [
      1.45515132,
      0.87320435,
      -0.6815128
    ]
  },
  {
    "timeStamp": 38727,
    "rotation": [
      [
        0.761120856,
        -0.6138928,
        0.209357709
      ],
      [
        -0.231350973,
        0.0445969366,
        0.971847653
      ],
      [
        -0.605946958,
        -0.7881286,
        -0.108081035
      ]
    ],
    "translation": [
      1.50691116,
      0.880114436,
      -0.6762454
    ]
  },
  {
    "timeStamp": 38783,
    "rotation": [
      [
        0.706640244,
        -0.688158154,
        0.16461499
      ],
      [
        -0.228680462,
        -0.00195039366,
        0.9734996
      ],
      [
        -0.6696006,
        -0.725558162,
        -0.158746541
      ]
    ],
    "translation": [
      1.57576144,
      0.893038034,
      -0.668861151
    ]
  },
  {
    "timeStamp": 38827,
    "rotation": [
      [
        0.638044536,
        -0.754726052,
        0.1526034
      ],
      [
        -0.231259272,
        0.00120948814,
        0.9728914
      ],
      [
        -0.734451056,
        -0.656039,
        -0.173765689
      ]
    ],
    "translation": [
      1.6321,
      0.8997183,
      -0.667243361
    ]
  },
  {
    "timeStamp": 38883,
    "rotation": [
      [
        0.570030868,
        -0.8145288,
        0.107738696
      ],
      [
        -0.228362352,
        -0.0311042462,
        0.9730792
      ],
      [
        -0.7892499,
        -0.5792886,
        -0.2037381
      ]
    ],
    "translation": [
      1.70129752,
      0.9094891,
      -0.669156253
    ]
  },
  {
    "timeStamp": 38927,
    "rotation": [
      [
        0.493348032,
        -0.8637534,
        0.102653772
      ],
      [
        -0.239944756,
        -0.0217032749,
        0.9705439
      ],
      [
        -0.8360827,
        -0.5034472,
        -0.217960358
      ]
    ],
    "translation": [
      1.7549715,
      0.9150798,
      -0.6747893
    ]
  },
  {
    "timeStamp": 38983,
    "rotation": [
      [
        0.428640068,
        -0.9022089,
        0.0478190444
      ],
      [
        -0.229658127,
        -0.05761569,
        0.9715645
      ],
      [
        -0.873799,
        -0.427433521,
        -0.231896
      ]
    ],
    "translation": [
      1.82063329,
      0.9217976,
      -0.6846526
    ]
  },
  {
    "timeStamp": 39027,
    "rotation": [
      [
        0.347907126,
        -0.93606,
        0.0524629653
      ],
      [
        -0.2325184,
        -0.03193948,
        0.9720674
      ],
      [
        -0.9082378,
        -0.350387782,
        -0.228763133
      ]
    ],
    "translation": [
      1.86991835,
      0.9231267,
      -0.6960476
    ]
  },
  {
    "timeStamp": 39083,
    "rotation": [
      [
        0.285271019,
        -0.9584074,
        0.008704111
      ],
      [
        -0.233924687,
        -0.06081536,
        0.9703508
      ],
      [
        -0.9294621,
        -0.278849065,
        -0.241544008
      ]
    ],
    "translation": [
      1.92951727,
      0.931668341,
      -0.7064437
    ]
  },
  {
    "timeStamp": 39127,
    "rotation": [
      [
        0.221647516,
        -0.9751264,
        0.000962168036
      ],
      [
        -0.241282165,
        -0.0538876764,
        0.9689577
      ],
      [
        -0.9448044,
        -0.214999229,
        -0.247224674
      ]
    ],
    "translation": [
      1.97459543,
      0.9360036,
      -0.714916646
    ]
  },
  {
    "timeStamp": 39183,
    "rotation": [
      [
        0.1689112,
        -0.9850377,
        -0.03420143
      ],
      [
        -0.237396672,
        -0.0743375048,
        0.9685643
      ],
      [
        -0.956614733,
        -0.155482054,
        -0.2464011
      ]
    ],
    "translation": [
      2.02840185,
      0.940796137,
      -0.7242145
    ]
  },
  {
    "timeStamp": 39227,
    "rotation": [
      [
        0.129084915,
        -0.9904147,
        -0.049150642
      ],
      [
        -0.232991621,
        -0.0784699544,
        0.969307661
      ],
      [
        -0.9638734,
        -0.113671295,
        -0.240887612
      ]
    ],
    "translation": [
      2.06774426,
      0.9411067,
      -0.732352555
    ]
  },
  {
    "timeStamp": 39283,
    "rotation": [
      [
        0.089312084,
        -0.9931078,
        -0.07589597
      ],
      [
        -0.229064524,
        -0.0946385,
        0.96879977
      ],
      [
        -0.9693053,
        -0.06914045,
        -0.235938132
      ]
    ],
    "translation": [
      2.11406,
      0.94126296,
      -0.742247939
    ]
  },
  {
    "timeStamp": 39327,
    "rotation": [
      [
        0.07333375,
        -0.993301332,
        -0.0893001258
      ],
      [
        -0.204402387,
        -0.102610089,
        0.9734941
      ],
      [
        -0.976136148,
        -0.0531367958,
        -0.210557953
      ]
    ],
    "translation": [
      2.14451456,
      0.9340874,
      -0.7511264
    ]
  },
  {
    "timeStamp": 39383,
    "rotation": [
      [
        0.04521418,
        -0.9924003,
        -0.114443719
      ],
      [
        -0.172297373,
        -0.120591,
        0.9776356
      ],
      [
        -0.984006763,
        -0.0244846325,
        -0.176440373
      ]
    ],
    "translation": [
      2.18076348,
      0.9241425,
      -0.7618181
    ]
  },
  {
    "timeStamp": 39437,
    "rotation": [
      [
        0.05171629,
        -0.9921782,
        -0.113612227
      ],
      [
        -0.147095516,
        -0.1200916,
        0.9818049
      ],
      [
        -0.987769365,
        -0.0340634435,
        -0.152155653
      ]
    ],
    "translation": [
      2.19943929,
      0.913094,
      -0.7658975
    ]
  },
  {
    "timeStamp": 39482,
    "rotation": [
      [
        0.04111473,
        -0.992935359,
        -0.111305162
      ],
      [
        -0.125523463,
        -0.115649842,
        0.9853268
      ],
      [
        -0.9912383,
        -0.0265400261,
        -0.1293916
      ]
    ],
    "translation": [
      2.22009468,
      0.8991184,
      -0.7683921
    ]
  },
  {
    "timeStamp": 39533,
    "rotation": [
      [
        0.0421960168,
        -0.996828854,
        -0.0674656257
      ],
      [
        -0.07093532,
        -0.07034437,
        0.9949974
      ],
      [
        -0.996588,
        -0.0371992029,
        -0.07367863
      ]
    ],
    "translation": [
      2.22945476,
      0.87538147,
      -0.772328258
    ]
  },
  {
    "timeStamp": 39577,
    "rotation": [
      [
        0.04295064,
        -0.99813354,
        -0.0434125327
      ],
      [
        -0.06045518,
        -0.04596954,
        0.9971118
      ],
      [
        -0.9972464,
        -0.0402020626,
        -0.0623167641
      ]
    ],
    "translation": [
      2.23438215,
      0.860092163,
      -0.770413756
    ]
  },
  {
    "timeStamp": 39633,
    "rotation": [
      [
        0.0883752853,
        -0.9956499,
        -0.0295155421
      ],
      [
        0.007392579,
        -0.02897507,
        0.9995528
      ],
      [
        -0.996059835,
        -0.0885539651,
        0.00479974039
      ]
    ],
    "translation": [
      2.23560429,
      0.8343024,
      -0.7709236
    ]
  },
  {
    "timeStamp": 39677,
    "rotation": [
      [
        0.05329632,
        -0.998244464,
        0.025834797
      ],
      [
        0.0305419751,
        0.02748901,
        0.9991554
      ],
      [
        -0.998111546,
        -0.0524622463,
        0.03195342
      ]
    ],
    "translation": [
      2.23472786,
      0.8140607,
      -0.7772788
    ]
  },
  {
    "timeStamp": 39733,
    "rotation": [
      [
        0.104651056,
        -0.992867947,
        -0.0571088679
      ],
      [
        0.07231985,
        -0.04967457,
        0.9961437
      ],
      [
        -0.991876,
        -0.1083776,
        0.06660557
      ]
    ],
    "translation": [
      2.24497938,
      0.806764,
      -0.775312841
    ]
  },
  {
    "timeStamp": 39777,
    "rotation": [
      [
        0.0884707049,
        -0.99518466,
        -0.0421935543
      ],
      [
        0.09782796,
        -0.03347368,
        0.994640231
      ],
      [
        -0.9912631,
        -0.09212424,
        0.09439546
      ]
    ],
    "translation": [
      2.24867153,
      0.797071934,
      -0.7795305
    ]
  },
  {
    "timeStamp": 39835,
    "rotation": [
      [
        0.103710562,
        -0.9919296,
        -0.07293765
      ],
      [
        0.117950805,
        -0.0605496578,
        0.9911717
      ],
      [
        -0.9875889,
        -0.111398019,
        0.110719249
      ]
    ],
    "translation": [
      2.25504947,
      0.7909249,
      -0.7786829
    ]
  },
  {
    "timeStamp": 39877,
    "rotation": [
      [
        0.09529991,
        -0.9925841,
        -0.0754637346
      ],
      [
        0.133353561,
        -0.0623955019,
        0.9891024
      ],
      [
        -0.986475945,
        -0.104324743,
        0.126418337
      ]
    ],
    "translation": [
      2.25834751,
      0.785362661,
      -0.7813746
    ]
  },
  {
    "timeStamp": 39934,
    "rotation": [
      [
        0.101813592,
        -0.994121253,
        -0.0368359834
      ],
      [
        0.149617121,
        -0.0213050935,
        0.9885144
      ],
      [
        -0.983488,
        -0.106155507,
        0.1465684
      ]
    ],
    "translation": [
      2.253419,
      0.7734426,
      -0.7833237
    ]
  },
  {
    "timeStamp": 39979,
    "rotation": [
      [
        0.114865728,
        -0.9916579,
        -0.0584849864
      ],
      [
        0.155690283,
        -0.04017569,
        0.9869886
      ],
      [
        -0.981104732,
        -0.12247669,
        0.149776682
      ]
    ],
    "translation": [
      2.25403452,
      0.7704891,
      -0.7827537
    ]
  },
  {
    "timeStamp": 40036,
    "rotation": [
      [
        0.123532489,
        -0.9922409,
        -0.0140575562
      ],
      [
        0.158803225,
        0.00578330038,
        0.9872933
      ],
      [
        -0.9795515,
        -0.124195188,
        0.1582855
      ]
    ],
    "translation": [
      2.24637485,
      0.7602576,
      -0.7850743
    ]
  },
  {
    "timeStamp": 40080,
    "rotation": [
      [
        0.134013265,
        -0.990486443,
        -0.03125956
      ],
      [
        0.1581522,
        -0.009763034,
        0.9873665
      ],
      [
        -0.978278339,
        -0.137263969,
        0.155339211
      ]
    ],
    "translation": [
      2.24591517,
      0.758098,
      -0.7846461
    ]
  },
  {
    "timeStamp": 40136,
    "rotation": [
      [
        0.1459322,
        -0.989123166,
        -0.01841528
      ],
      [
        0.166870266,
        0.006263156,
        0.985959
      ],
      [
        -0.9751196,
        -0.146956116,
        0.165969253
      ]
    ],
    "translation": [
      2.24226975,
      0.75011003,
      -0.786621
    ]
  },
  {
    "timeStamp": 40181,
    "rotation": [
      [
        0.143534347,
        -0.9886218,
        -0.0449987724
      ],
      [
        0.177310109,
        -0.01904407,
        0.983970761
      ],
      [
        -0.9736319,
        -0.149212345,
        0.172559157
      ]
    ],
    "translation": [
      2.24537325,
      0.747828841,
      -0.78867954
    ]
  },
  {
    "timeStamp": 40236,
    "rotation": [
      [
        0.15935652,
        -0.9863613,
        -0.0411931723
      ],
      [
        0.171116784,
        -0.013497307,
        0.9851583
      ],
      [
        -0.972278059,
        -0.164040223,
        0.1666321
      ]
    ],
    "translation": [
      2.24389219,
      0.741406262,
      -0.787583649
    ]
  },
  {
    "timeStamp": 40281,
    "rotation": [
      [
        0.152240679,
        -0.9871811,
        -0.0479194149
      ],
      [
        0.166605785,
        -0.0221576,
        0.9857746
      ],
      [
        -0.974199831,
        -0.158058658,
        0.1610968
      ]
    ],
    "translation": [
      2.24419379,
      0.737289965,
      -0.788093269
    ]
  },
  {
    "timeStamp": 40337,
    "rotation": [
      [
        0.187764287,
        -0.980959,
        -0.04963921
      ],
      [
        0.159381509,
        -0.01943916,
        0.9870257
      ],
      [
        -0.9691966,
        -0.193239734,
        0.152696744
      ]
    ],
    "translation": [
      2.24139476,
      0.7326299,
      -0.785274267
    ]
  },
  {
    "timeStamp": 40382,
    "rotation": [
      [
        0.187164545,
        -0.980448961,
        -0.0607395545
      ],
      [
        0.149621859,
        -0.0326576456,
        0.9882038
      ],
      [
        -0.970867038,
        -0.194044665,
        0.14058423
      ]
    ],
    "translation": [
      2.24075127,
      0.730338454,
      -0.7850039
    ]
  },
  {
    "timeStamp": 40437,
    "rotation": [
      [
        0.197591156,
        -0.978096545,
        -0.0654591
      ],
      [
        0.121831432,
        -0.04175575,
        0.9916721
      ],
      [
        -0.9726844,
        -0.203920618,
        0.11091233
      ]
    ],
    "translation": [
      2.23957777,
      0.728222132,
      -0.784061968
    ]
  },
  {
    "timeStamp": 40482,
    "rotation": [
      [
        0.198162228,
        -0.977532148,
        -0.07185149
      ],
      [
        0.110829279,
        -0.05048884,
        0.992556155
      ],
      [
        -0.9738833,
        -0.2046504,
        0.0983342
      ]
    ],
    "translation": [
      2.23955131,
      0.7289708,
      -0.783916
    ]
  },
  {
    "timeStamp": 40538,
    "rotation": [
      [
        0.190918878,
        -0.978720367,
        -0.0752091855
      ],
      [
        0.08643624,
        -0.05955877,
        0.9944755
      ],
      [
        -0.9777928,
        -0.196364954,
        0.07322601
      ]
    ],
    "translation": [
      2.23962069,
      0.7294036,
      -0.784222066
    ]
  }
]