[
  {
    "timeStamp": 59886,
    "rotation": [
      [
        0.9996282,
        0.0040408494,
        -0.0269664451
      ],
      [
        0.02705719,
        -0.0243971776,
        0.9993361
      ],
      [
        0.00338026229,
        -0.999694169,
        -0.02449744
      ]
    ],
    "translation": [
      1.770104,
      0.7018383,
      -0.6200213
    ]
  },
  {
    "timeStamp": 59943,
    "rotation": [
      [
        0.999944,
        -0.0105811246,
        0.000250181562
      ],
      [
        -0.0007045577,
        -0.0429602452,
        0.999076545
      ],
      [
        -0.0105606057,
        -0.999020755,
        -0.0429652967
      ]
    ],
    "translation": [
      1.771967,
      0.7142233,
      -0.617821336
    ]
  },
  {
    "timeStamp": 59986,
    "rotation": [
      [
        0.9986797,
        -0.0257485136,
        0.0444501452
      ],
      [
        -0.04604914,
        -0.06525395,
        0.9968056
      ],
      [
        -0.0227657259,
        -0.9975364,
        -0.06635349
      ]
    ],
    "translation": [
      1.77249777,
      0.7327579,
      -0.6169046
    ]
  },
  {
    "timeStamp": 60041,
    "rotation": [
      [
        0.9943029,
        -0.04700817,
        0.09566579
      ],
      [
        -0.09989981,
        -0.0979860649,
        0.990161
      ],
      [
        -0.0371717662,
        -0.994076967,
        -0.102123939
      ]
    ],
    "translation": [
      1.78034806,
      0.763335764,
      -0.61591804
    ]
  },
  {
    "timeStamp": 60086,
    "rotation": [
      [
        0.984529,
        -0.08502639,
        0.153209507
      ],
      [
        -0.162524685,
        -0.116344333,
        0.979821265
      ],
      [
        -0.0654856041,
        -0.9895628,
        -0.128363267
      ]
    ],
    "translation": [
      1.7892648,
      0.793111145,
      -0.6154439
    ]
  },
  {
    "timeStamp": 60141,
    "rotation": [
      [
        0.9684122,
        -0.139989734,
        0.206351027
      ],
      [
        -0.2288759,
        -0.170592219,
        0.9583914
      ],
      [
        -0.09896308,
        -0.975346744,
        -0.197243854
      ]
    ],
    "translation": [
      1.81411672,
      0.8373146,
      -0.612040758
    ]
  },
  {
    "timeStamp": 60186,
    "rotation": [
      [
        0.949050963,
        -0.207373083,
        0.2372735
      ],
      [
        -0.279470265,
        -0.205991358,
        0.937797368
      ],
      [
        -0.145597622,
        -0.9563284,
        -0.2534509
      ]
    ],
    "translation": [
      1.84245551,
      0.872109652,
      -0.606933236
    ]
  },
  {
    "timeStamp": 60241,
    "rotation": [
      [
        0.927723467,
        -0.288538069,
        0.2368016
      ],
      [
        -0.315957844,
        -0.269242972,
        0.9097686
      ],
      [
        -0.198745713,
        -0.918832958,
        -0.34094888
      ]
    ],
    "translation": [
      1.89021838,
      0.9109161,
      -0.6010154
    ]
  },
  {
    "timeStamp": 60285,
    "rotation": [
      [
        0.9114492,
        -0.35410428,
        0.209452912
      ],
      [
        -0.323833168,
        -0.3034759,
        0.8961219
      ],
      [
        -0.253756732,
        -0.884597361,
        -0.391273558
      ]
    ],
    "translation": [
      1.9347105,
      0.9329891,
      -0.5959433
    ]
  },
  {
    "timeStamp": 60341,
    "rotation": [
      [
        0.8917083,
        -0.4270261,
        0.1500168
      ],
      [
        -0.315021932,
        -0.347566426,
        0.8831527
      ],
      [
        -0.324988455,
        -0.834773242,
        -0.444450468
      ]
    ],
    "translation": [
      1.99212,
      0.950631738,
      -0.5918495
    ]
  },
  {
    "timeStamp": 60385,
    "rotation": [
      [
        0.8818067,
        -0.4634926,
        0.08712974
      ],
      [
        -0.286703259,
        -0.3801525,
        0.879366457
      ],
      [
        -0.37445727,
        -0.8004116,
        -0.468105853
      ]
    ],
    "translation": [
      2.03715158,
      0.9567467,
      -0.588689
    ]
  },
  {
    "timeStamp": 60438,
    "rotation": [
      [
        0.874003351,
        -0.485141635,
        0.0274907369
      ],
      [
        -0.246621,
        -0.3941297,
        0.8853473
      ],
      [
        -0.418683916,
        -0.780576348,
        -0.464116782
      ]
    ],
    "translation": [
      2.08245945,
      0.952150464,
      -0.5876373
    ]
  },
  {
    "timeStamp": 60491,
    "rotation": [
      [
        0.8632315,
        -0.504604042,
        0.0143554453
      ],
      [
        -0.213227808,
        -0.338700056,
        0.916414857
      ],
      [
        -0.457564443,
        -0.794139147,
        -0.399972171
      ]
    ],
    "translation": [
      2.11478162,
      0.9303595,
      -0.5902542
    ]
  },
  {
    "timeStamp": 60539,
    "rotation": [
      [
        0.8835909,
        -0.467390627,
        -0.0285159424
      ],
      [
        -0.140150547,
        -0.322074771,
        0.9362829
      ],
      [
        -0.446794122,
        -0.823294461,
        -0.350087374
      ]
    ],
    "translation": [
      2.13254666,
      0.908715546,
      -0.595
    ]
  },
  {
    "timeStamp": 60591,
    "rotation": [
      [
        0.885573864,
        -0.464236379,
        0.0156036485
      ],
      [
        -0.131028473,
        -0.217438623,
        0.9672394
      ],
      [
        -0.445634872,
        -0.8586064,
        -0.25338614
      ]
    ],
    "translation": [
      2.1372242,
      0.880216539,
      -0.603632033
    ]
  },
  {
    "timeStamp": 60636,
    "rotation": [
      [
        0.9036018,
        -0.427552342,
        0.0265078545
      ],
      [
        -0.1080132,
        -0.167523339,
        0.9799332
      ],
      [
        -0.414532036,
        -0.888332665,
        -0.1975557
      ]
    ],
    "translation": [
      2.13606715,
      0.8632157,
      -0.6129168
    ]
  },
  {
    "timeStamp": 60691,
    "rotation": [
      [
        0.9268643,
        -0.371402651,
        0.0546139628
      ],
      [
        -0.09773148,
        -0.09826777,
        0.9903494
      ],
      [
        -0.3624516,
        -0.923257053,
        -0.127378613
      ]
    ],
    "translation": [
      2.12663579,
      0.8468849,
      -0.6240785
    ]
  },
  {
    "timeStamp": 60736,
    "rotation": [
      [
        0.9480635,
        -0.314066738,
        0.0503754877
      ],
      [
        -0.07622204,
        -0.07055926,
        0.9945912
      ],
      [
        -0.308813572,
        -0.9467753,
        -0.09083347
      ]
    ],
    "translation": [
      2.12039614,
      0.835907757,
      -0.633599758
    ]
  },
  {
    "timeStamp": 60792,
    "rotation": [
      [
        0.9644452,
        -0.2577226,
        0.0585203245
      ],
      [
        -0.06608405,
        -0.02077701,
        0.9975977
      ],
      [
        -0.255887568,
        -0.9659956,
        -0.0370696373
      ]
    ],
    "translation": [
      2.1123116,
      0.82390064,
      -0.645283639
    ]
  },
  {
    "timeStamp": 60837,
    "rotation": [
      [
        0.9707116,
        -0.231664315,
        0.0636450052
      ],
      [
        -0.0677828342,
        -0.009937261,
        0.9976506
      ],
      [
        -0.2304876,
        -0.972745,
        -0.0253490787
      ]
    ],
    "translation": [
      2.10925913,
      0.8206943,
      -0.6511604
    ]
  },
  {
    "timeStamp": 60894,
    "rotation": [
      [
        0.9764297,
        -0.199912786,
        0.08136274
      ],
      [
        -0.0821509138,
        0.004363696,
        0.996610343
      ],
      [
        -0.1995902,
        -0.9798039,
        -0.012162176
      ]
    ],
    "translation": [
      2.103979,
      0.8210194,
      -0.6579679
    ]
  },
  {
    "timeStamp": 60939,
    "rotation": [
      [
        0.9834588,
        -0.163712278,
        0.07750495
      ],
      [
        -0.07582428,
        0.0164996032,
        0.996984661
      ],
      [
        -0.164497435,
        -0.986370146,
        0.00381331425
      ]
    ],
    "translation": [
      2.10055971,
      0.821323335,
      -0.664709
    ]
  },
  {
    "timeStamp": 60996,
    "rotation": [
      [
        0.9890901,
        -0.122155294,
        0.08233355
      ],
      [
        -0.07932384,
        0.0293085668,
        0.99641794
      ],
      [
        -0.124130815,
        -0.9920781,
        0.0192989837
      ]
    ],
    "translation": [
      2.09621048,
      0.822572351,
      -0.67268157
    ]
  },
  {
    "timeStamp": 61041,
    "rotation": [
      [
        0.9941026,
        -0.08808525,
        0.0632533059
      ],
      [
        -0.0606204569,
        0.03225343,
        0.997639656
      ],
      [
        -0.08991747,
        -0.9955906,
        0.02672345
      ]
    ],
    "translation": [
      2.09515953,
      0.821128964,
      -0.6785861
    ]
  },
  {
    "timeStamp": 61085,
    "rotation": [
      [
        0.996233463,
        -0.06403899,
        0.0584631972
      ],
      [
        -0.05643845,
        0.0329842679,
        0.9978611
      ],
      [
        -0.06583038,
        -0.9974022,
        0.02924577
      ]
    ],
    "translation": [
      2.09409618,
      0.820496738,
      -0.6828506
    ]
  },
  {
    "timeStamp": 61141,
    "rotation": [
      [
        0.997691154,
        -0.0439411961,
        0.0517834425
      ],
      [
        -0.0504126139,
        0.03175236,
        0.9982236
      ],
      [
        -0.0455073826,
        -0.9985294,
        0.0294638555
      ]
    ],
    "translation": [
      2.093065,
      0.819640934,
      -0.687512
    ]
  },
  {
    "timeStamp": 61185,
    "rotation": [
      [
        0.9987216,
        -0.03263681,
        0.0385992453
      ],
      [
        -0.0377376974,
        0.0266144779,
        0.9989332
      ],
      [
        -0.0336292945,
        -0.9991128,
        0.0253488179
      ]
    ],
    "translation": [
      2.094317,
      0.8192795,
      -0.690086067
    ]
  },
  {
    "timeStamp": 61240,
    "rotation": [
      [
        0.9989883,
        -0.0298022255,
        0.0336797424
      ],
      [
        -0.0331669152,
        0.01753789,
        0.99929595
      ],
      [
        -0.0303719062,
        -0.9994019,
        0.0165316984
      ]
    ],
    "translation": [
      2.09518766,
      0.8193341,
      -0.6921239
    ]
  },
  {
    "timeStamp": 61285,
    "rotation": [
      [
        0.998687148,
        -0.0299067255,
        0.04158855
      ],
      [
        -0.04113882,
        0.015499223,
        0.9990332
      ],
      [
        -0.0305224061,
        -0.9994325,
        0.0142485471
      ]
    ],
    "translation": [
      2.09479785,
      0.8199509,
      -0.6941775
    ]
  },
  {
    "timeStamp": 61340,
    "rotation": [
      [
        0.9995268,
        -0.0181880016,
        0.0248066168
      ],
      [
        -0.0246689972,
        0.007752227,
        0.9996656
      ],
      [
        -0.018374227,
        -0.9998045,
        0.007299879
      ]
    ],
    "translation": [
      2.09647965,
      0.819636643,
      -0.696637034
    ]
  },
  {
    "timeStamp": 61385,
    "rotation": [
      [
        0.9994115,
        -0.015304721,
        0.0306987856
      ],
      [
        -0.0304342415,
        0.0172282718,
        0.9993883
      ],
      [
        -0.01582425,
        -0.999734461,
        0.0167523455
      ]
    ],
    "translation": [
      2.09577775,
      0.8191396,
      -0.700415254
    ]
  },
  {
    "timeStamp": 61441,
    "rotation": [
      [
        0.999664664,
        -0.0129803773,
        0.0224060137
      ],
      [
        -0.0221353173,
        0.0206355434,
        0.999542
      ],
      [
        -0.0134367906,
        -0.999702752,
        0.0203413
      ]
    ],
    "translation": [
      2.09701872,
      0.8170819,
      -0.703812838
    ]
  },
  {
    "timeStamp": 61485,
    "rotation": [
      [
        0.999573946,
        -0.0154072074,
        0.0247878432
      ],
      [
        -0.0243875645,
        0.025646504,
        0.999373555
      ],
      [
        -0.0160332788,
        -0.9995523,
        0.0252598338
      ]
    ],
    "translation": [
      2.09712863,
      0.8151219,
      -0.7061003
    ]
  },
  {
    "timeStamp": 61540,
    "rotation": [
      [
        0.9996638,
        -0.0169985853,
        0.0195832979
      ],
      [
        -0.0190035813,
        0.03362033,
        0.999254
      ],
      [
        -0.0176443029,
        -0.999290168,
        0.0332859941
      ]
    ],
    "translation": [
      2.09786153,
      0.8119084,
      -0.7087808
    ]
  },
  {
    "timeStamp": 61585,
    "rotation": [
      [
        0.9997543,
        -0.015108821,
        0.0162208769
      ],
      [
        -0.015610354,
        0.039685607,
        0.999090254
      ],
      [
        -0.0157388225,
        -0.999098,
        0.0394400023
      ]
    ],
    "translation": [
      2.09791946,
      0.810687542,
      -0.7108382
    ]
  }
]