[
  {
    "timeStamp": 42238,
    "rotation": [
      [
        0.9938187,
        0.0321908668,
        0.106245868
      ],
      [
        -0.104311712,
        -0.0567586832,
        0.992923737
      ],
      [
        0.03799344,
        -0.997868836,
        -0.0530499555
      ]
    ],
    "translation": [
      1.76504993,
      0.7033091,
      -0.7494628
    ]
  },
  {
    "timeStamp": 42294,
    "rotation": [
      [
        0.992523432,
        0.04028215,
        0.115215637
      ],
      [
        -0.111856394,
        -0.0775387958,
        0.990694642
      ],
      [
        0.0488409959,
        -0.9961753,
        -0.07245325
      ]
    ],
    "translation": [
      1.76692235,
      0.706598341,
      -0.7501965
    ]
  },
  {
    "timeStamp": 42338,
    "rotation": [
      [
        0.9908474,
        0.04966748,
        0.12551707
      ],
      [
        -0.120365873,
        -0.09580971,
        0.9880954
      ],
      [
        0.0611019768,
        -0.994159758,
        -0.08895453
      ]
    ],
    "translation": [
      1.767424,
      0.7155397,
      -0.7514211
    ]
  },
  {
    "timeStamp": 42393,
    "rotation": [
      [
        0.98537004,
        0.040430326,
        0.165563419
      ],
      [
        -0.158755,
        -0.135598838,
        0.9779621
      ],
      [
        0.0619895235,
        -0.989938557,
        -0.127196521
      ]
    ],
    "translation": [
      1.77040827,
      0.740147352,
      -0.753720641
    ]
  },
  {
    "timeStamp": 42438,
    "rotation": [
      [
        0.9804562,
        0.014379899,
        0.196211368
      ],
      [
        -0.1903816,
        -0.182108909,
        0.964671552
      ],
      [
        0.04960371,
        -0.983173251,
        -0.17581214
      ]
    ],
    "translation": [
      1.77611327,
      0.767057955,
      -0.75589776
    ]
  },
  {
    "timeStamp": 42494,
    "rotation": [
      [
        0.9695354,
        -0.05791099,
        0.238007173
      ],
      [
        -0.244949982,
        -0.226131156,
        0.942795932
      ],
      [
        -0.000777389563,
        -0.9723739,
        -0.233427465
      ]
    ],
    "translation": [
      1.7895844,
      0.805108964,
      -0.759681165
    ]
  },
  {
    "timeStamp": 42538,
    "rotation": [
      [
        0.960054934,
        -0.147998288,
        0.237467855
      ],
      [
        -0.2690838,
        -0.2555847,
        0.9285852
      ],
      [
        -0.076735884,
        -0.9553915,
        -0.285199285
      ]
    ],
    "translation": [
      1.80971813,
      0.8352305,
      -0.7611995
    ]
  },
  {
    "timeStamp": 42594,
    "rotation": [
      [
        0.941414833,
        -0.2683222,
        0.204306886
      ],
      [
        -0.2844845,
        -0.306460053,
        0.9083781
      ],
      [
        -0.181126133,
        -0.9132828,
        -0.364839554
      ]
    ],
    "translation": [
      1.84531713,
      0.8745373,
      -0.7592247
    ]
  },
  {
    "timeStamp": 42639,
    "rotation": [
      [
        0.9044059,
        -0.3813213,
        0.191426143
      ],
      [
        -0.3279733,
        -0.334328949,
        0.8835483
      ],
      [
        -0.2729165,
        -0.861869,
        -0.4274323
      ]
    ],
    "translation": [
      1.88020289,
      0.907323539,
      -0.7561317
    ]
  },
  {
    "timeStamp": 42693,
    "rotation": [
      [
        0.8582376,
        -0.5010109,
        0.111428067
      ],
      [
        -0.337104738,
        -0.386537939,
        0.8584572
      ],
      [
        -0.387025267,
        -0.7743232,
        -0.500634551
      ]
    ],
    "translation": [
      1.93281984,
      0.9463542,
      -0.7517825
    ]
  },
  {
    "timeStamp": 42738,
    "rotation": [
      [
        0.816243649,
        -0.577062368,
        0.0273014978
      ],
      [
        -0.339022428,
        -0.440204561,
        0.8314348
      ],
      [
        -0.4677715,
        -0.6879092,
        -0.554951251
      ]
    ],
    "translation": [
      1.97824144,
      0.9736419,
      -0.7495628
    ]
  },
  {
    "timeStamp": 42793,
    "rotation": [
      [
        0.7473351,
        -0.6555712,
        -0.108243331
      ],
      [
        -0.316003352,
        -0.4939802,
        0.8100157
      ],
      [
        -0.584493041,
        -0.571147859,
        -0.576331437
      ]
    ],
    "translation": [
      2.03570175,
      0.9977095,
      -0.750820339
    ]
  },
  {
    "timeStamp": 42841,
    "rotation": [
      [
        0.692027748,
        -0.6946804,
        -0.196256921
      ],
      [
        -0.2775766,
        -0.5070477,
        0.8159987
      ],
      [
        -0.6663699,
        -0.5102174,
        -0.5437181
      ]
    ],
    "translation": [
      2.07606769,
      1.005817,
      -0.7540269
    ]
  },
  {
    "timeStamp": 42892,
    "rotation": [
      [
        0.606255233,
        -0.752923667,
        -0.256047815
      ],
      [
        -0.2729838,
        -0.499422759,
        0.8222267
      ],
      [
        -0.7469501,
        -0.42858237,
        -0.5083136
      ]
    ],
    "translation": [
      2.11742544,
      1.00321126,
      -0.7596408
    ]
  },
  {
    "timeStamp": 42944,
    "rotation": [
      [
        0.5380309,
        -0.798554361,
        -0.269877017
      ],
      [
        -0.261165857,
        -0.462336928,
        0.8473706
      ],
      [
        -0.8014456,
        -0.385428965,
        -0.4573067
      ]
    ],
    "translation": [
      2.14579535,
      0.9883758,
      -0.7652065
    ]
  },
  {
    "timeStamp": 42988,
    "rotation": [
      [
        0.480217,
        -0.8289947,
        -0.2866346
      ],
      [
        -0.240425736,
        -0.438665122,
        0.8658917
      ],
      [
        -0.843556166,
        -0.3469016,
        -0.4099661
      ]
    ],
    "translation": [
      2.162358,
      0.975851357,
      -0.76989007
    ]
  },
  {
    "timeStamp": 43044,
    "rotation": [
      [
        0.418659568,
        -0.86690253,
        -0.270562559
      ],
      [
        -0.229749262,
        -0.38934356,
        0.891979158
      ],
      [
        -0.8786008,
        -0.311274052,
        -0.362172633
      ]
    ],
    "translation": [
      2.17493773,
      0.958558261,
      -0.7738369
    ]
  },
  {
    "timeStamp": 43088,
    "rotation": [
      [
        0.381417662,
        -0.8904463,
        -0.248245731
      ],
      [
        -0.213381022,
        -0.3461037,
        0.9136087
      ],
      [
        -0.899438262,
        -0.29549557,
        -0.3220144
      ]
    ],
    "translation": [
      2.180268,
      0.943596542,
      -0.7751746
    ]
  },
  {
    "timeStamp": 43143,
    "rotation": [
      [
        0.3601107,
        -0.9008694,
        -0.242393225
      ],
      [
        -0.180405751,
        -0.322166979,
        0.9293343
      ],
      [
        -0.915299952,
        -0.2909341,
        -0.2785378
      ]
    ],
    "translation": [
      2.18566775,
      0.9281607,
      -0.7763195
    ]
  },
  {
    "timeStamp": 43188,
    "rotation": [
      [
        0.3372244,
        -0.9182598,
        -0.207553759
      ],
      [
        -0.179787,
        -0.2792264,
        0.943244
      ],
      [
        -0.924097538,
        -0.280769378,
        -0.2592531
      ]
    ],
    "translation": [
      2.18618345,
      0.919118762,
      -0.776095569
    ]
  },
  {
    "timeStamp": 43245,
    "rotation": [
      [
        0.324984819,
        -0.928653955,
        -0.178848282
      ],
      [
        -0.174519449,
        -0.24475491,
        0.9537494
      ],
      [
        -0.9294772,
        -0.278741539,
        -0.2416098
      ]
    ],
    "translation": [
      2.18551254,
      0.911719739,
      -0.775976
    ]
  },
  {
    "timeStamp": 43290,
    "rotation": [
      [
        0.326365381,
        -0.9306006,
        -0.165734962
      ],
      [
        -0.164438143,
        -0.228558421,
        0.959542155
      ],
      [
        -0.9308306,
        -0.2859082,
        -0.2276198
      ]
    ],
    "translation": [
      2.184928,
      0.9084118,
      -0.7754648
    ]
  },
  {
    "timeStamp": 43336,
    "rotation": [
      [
        0.3239256,
        -0.935198247,
        -0.1430962
      ],
      [
        -0.163554028,
        -0.204328388,
        0.9651425
      ],
      [
        -0.931838155,
        -0.2892304,
        -0.219142631
      ]
    ],
    "translation": [
      2.182131,
      0.9043288,
      -0.775495052
    ]
  },
  {
    "timeStamp": 43392,
    "rotation": [
      [
        0.315944374,
        -0.9392271,
        -0.134281814
      ],
      [
        -0.148015484,
        -0.188591689,
        0.970837057
      ],
      [
        -0.9371609,
        -0.2868547,
        -0.198604643
      ]
    ],
    "translation": [
      2.18111944,
      0.8991882,
      -0.777289
    ]
  },
  {
    "timeStamp": 43438,
    "rotation": [
      [
        0.306012,
        -0.946503043,
        -0.1024144
      ],
      [
        -0.151369646,
        -0.154579237,
        0.9763158
      ],
      [
        -0.939916968,
        -0.283261925,
        -0.190574929
      ]
    ],
    "translation": [
      2.179233,
      0.893713,
      -0.7787
    ]
  },
  {
    "timeStamp": 43493,
    "rotation": [
      [
        0.28020978,
        -0.95752126,
        -0.0680836961
      ],
      [
        -0.1648303,
        -0.117865063,
        0.9792542
      ],
      [
        -0.9456814,
        -0.263174325,
        -0.190855458
      ]
    ],
    "translation": [
      2.17784834,
      0.888136148,
      -0.780743
    ]
  },
  {
    "timeStamp": 43538,
    "rotation": [
      [
        0.2678008,
        -0.9621104,
        -0.05124801
      ],
      [
        -0.172655284,
        -0.100251973,
        0.97986716
      ],
      [
        -0.9478781,
        -0.25356096,
        -0.192960992
      ]
    ],
    "translation": [
      2.17693782,
      0.8845685,
      -0.7819626
    ]
  },
  {
    "timeStamp": 43593,
    "rotation": [
      [
        0.26403895,
        -0.963696063,
        -0.0396651737
      ],
      [
        -0.173952624,
        -0.08803017,
        0.9808115
      ],
      [
        -0.9486959,
        -0.252072573,
        -0.19088085
      ]
    ],
    "translation": [
      2.17603683,
      0.880245447,
      -0.7834549
    ]
  },
  {
    "timeStamp": 43637,
    "rotation": [
      [
        0.258502573,
        -0.9656589,
        -0.0260615926
      ],
      [
        -0.1783179,
        -0.07421512,
        0.9811701
      ],
      [
        -0.949409842,
        -0.248987749,
        -0.191379085
      ]
    ],
    "translation": [
      2.17499137,
      0.87673,
      -0.7846151
    ]
  },
  {
    "timeStamp": 43693,
    "rotation": [
      [
        0.249568641,
        -0.9681537,
        -0.0198465325
      ],
      [
        -0.176746637,
        -0.06569301,
        0.9820616
      ],
      [
        -0.9520904,
        -0.241583973,
        -0.187512845
      ]
    ],
    "translation": [
      2.17460012,
      0.8732306,
      -0.786829948
    ]
  },
  {
    "timeStamp": 43737,
    "rotation": [
      [
        0.243941054,
        -0.9697071,
        -0.0126841208
      ],
      [
        -0.178197876,
        -0.05767662,
        0.982302845
      ],
      [
        -0.9532776,
        -0.237363711,
        -0.186869442
      ]
    ],
    "translation": [
      2.173955,
      0.8710958,
      -0.7882233
    ]
  },
  {
    "timeStamp": 43793,
    "rotation": [
      [
        0.240384981,
        -0.970559835,
        -0.0151218837
      ],
      [
        -0.177771777,
        -0.0593344234,
        0.9822813
      ],
      [
        -0.954260051,
        -0.233437434,
        -0.186801255
      ]
    ],
    "translation": [
      2.17432046,
      0.869565248,
      -0.789309
    ]
  },
  {
    "timeStamp": 43837,
    "rotation": [
      [
        0.234727025,
        -0.971983552,
        -0.0122961057
      ],
      [
        -0.174699783,
        -0.05462554,
        0.9831053
      ],
      [
        -0.956233859,
        -0.228613257,
        -0.18262741
      ]
    ],
    "translation": [
      2.173764,
      0.8678346,
      -0.790551
    ]
  },
  {
    "timeStamp": 43893,
    "rotation": [
      [
        0.229943141,
        -0.9731853,
        -0.006037188
      ],
      [
        -0.172009349,
        -0.0467463657,
        0.983985543
      ],
      [
        -0.957882464,
        -0.225222275,
        -0.17814599
      ]
    ],
    "translation": [
      2.17249465,
      0.865519643,
      -0.7917198
    ]
  },
  {
    "timeStamp": 43937,
    "rotation": [
      [
        0.231801063,
        -0.972734,
        -0.007538318
      ],
      [
        -0.168453723,
        -0.0477721728,
        0.984551251
      ],
      [
        -0.9580665,
        -0.226950169,
        -0.174934313
      ]
    ],
    "translation": [
      2.17207026,
      0.8641989,
      -0.792237759
    ]
  },
  {
    "timeStamp": 43993,
    "rotation": [
      [
        0.233311668,
        -0.972323358,
        -0.0123658516
      ],
      [
        -0.159056455,
        -0.0507053956,
        0.9859665
      ],
      [
        -0.9593053,
        -0.228070617,
        -0.166484475
      ]
    ],
    "translation": [
      2.17204165,
      0.862962067,
      -0.793116033
    ]
  },
  {
    "timeStamp": 44037,
    "rotation": [
      [
        0.2306308,
        -0.972964644,
        -0.0122133205
      ],
      [
        -0.1552864,
        -0.049194,
        0.986643851
      ],
      [
        -0.9605704,
        -0.225653887,
        -0.162433833
      ]
    ],
    "translation": [
      2.1715548,
      0.8616644,
      -0.793979645
    ]
  },
  {
    "timeStamp": 44093,
    "rotation": [
      [
        0.23212786,
        -0.9726094,
        -0.0121506248
      ],
      [
        -0.1549093,
        -0.0492980629,
        0.9866979
      ],
      [
        -0.9602707,
        -0.227157831,
        -0.162109688
      ]
    ],
    "translation": [
      2.171111,
      0.861291349,
      -0.7939194
    ]
  },
  {
    "timeStamp": 44137,
    "rotation": [
      [
        0.2315019,
        -0.9725727,
        -0.0225652568
      ],
      [
        -0.1427059,
        -0.0568945259,
        0.988128543
      ],
      [
        -0.9623107,
        -0.225533441,
        -0.15196307
      ]
    ],
    "translation": [
      2.17106867,
      0.860937655,
      -0.795258939
    ]
  },
  {
    "timeStamp": 44193,
    "rotation": [
      [
        0.236310273,
        -0.971583068,
        -0.013551902
      ],
      [
        -0.146528617,
        -0.04941945,
        0.9879712
      ],
      [
        -0.9605658,
        -0.231482,
        -0.154043049
      ]
    ],
    "translation": [
      2.16914821,
      0.860313535,
      -0.7948324
    ]
  }
]