[
  {
    "timeStamp": 67215,
    "rotation": [
      [
        0.9996035,
        0.006924615,
        -0.02729187
      ],
      [
        0.0277154874,
        -0.0710738,
        0.9970859
      ],
      [
        0.00496469345,
        -0.997447,
        -0.07123754
      ]
    ],
    "translation": [
      1.15368772,
      0.7012701,
      -0.620450437
    ]
  },
  {
    "timeStamp": 67259,
    "rotation": [
      [
        0.9998457,
        -0.0173806753,
        -0.00254379027
      ],
      [
        0.0009330951,
        -0.09205834,
        0.995753169
      ],
      [
        -0.01754104,
        -0.9956019,
        -0.09202792
      ]
    ],
    "translation": [
      1.15398765,
      0.711893,
      -0.618038654
    ]
  },
  {
    "timeStamp": 67315,
    "rotation": [
      [
        0.9973439,
        -0.0005151059,
        0.072835
      ],
      [
        -0.07264994,
        -0.0786217153,
        0.9942538
      ],
      [
        0.00521424925,
        -0.9969044,
        -0.07845031
      ]
    ],
    "translation": [
      1.15493751,
      0.7384292,
      -0.630510867
    ]
  },
  {
    "timeStamp": 67360,
    "rotation": [
      [
        0.990982234,
        0.04725374,
        0.1253849
      ],
      [
        -0.120382085,
        -0.0969548449,
        0.987981737
      ],
      [
        0.0588425025,
        -0.994166434,
        -0.0903920159
      ]
    ],
    "translation": [
      1.16737676,
      0.7625042,
      -0.6478531
    ]
  },
  {
    "timeStamp": 67415,
    "rotation": [
      [
        0.981678247,
        0.113707446,
        0.152900621
      ],
      [
        -0.146617219,
        -0.06175751,
        0.9872636
      ],
      [
        0.121701963,
        -0.991593,
        -0.04395453
      ]
    ],
    "translation": [
      1.197348,
      0.783463061,
      -0.6803335
    ]
  },
  {
    "timeStamp": 67460,
    "rotation": [
      [
        0.9720479,
        0.170761988,
        0.16113095
      ],
      [
        -0.159154877,
        -0.0252910666,
        0.986929655
      ],
      [
        0.172605231,
        -0.9849877,
        0.00259347283
      ]
    ],
    "translation": [
      1.23446178,
      0.7943694,
      -0.7095785
    ]
  },
  {
    "timeStamp": 67515,
    "rotation": [
      [
        0.961669445,
        0.243360147,
        0.126363069
      ],
      [
        -0.137683362,
        0.0300120488,
        0.9900215
      ],
      [
        0.237139374,
        -0.9694715,
        0.06236832
      ]
    ],
    "translation": [
      1.2947439,
      0.7967801,
      -0.74909395
    ]
  },
  {
    "timeStamp": 67560,
    "rotation": [
      [
        0.957970142,
        0.273651958,
        0.086069
      ],
      [
        -0.111847535,
        0.08001161,
        0.990499
      ],
      [
        0.2641655,
        -0.9584951,
        0.10725604
      ]
    ],
    "translation": [
      1.34977877,
      0.794407368,
      -0.7760526
    ]
  },
  {
    "timeStamp": 67615,
    "rotation": [
      [
        0.96053493,
        0.276326329,
        0.03188041
      ],
      [
        -0.07982079,
        0.164027676,
        0.983221
      ],
      [
        0.266460568,
        -0.946962833,
        0.1796109
      ]
    ],
    "translation": [
      1.42374969,
      0.7923378,
      -0.8080353
    ]
  },
  {
    "timeStamp": 67660,
    "rotation": [
      [
        0.9673839,
        0.25317955,
        0.008274332
      ],
      [
        -0.06447455,
        0.214502066,
        0.9745932
      ],
      [
        0.244972229,
        -0.9433393,
        0.2238295
      ]
    ],
    "translation": [
      1.48061907,
      0.7947379,
      -0.825653
    ]
  },
  {
    "timeStamp": 67715,
    "rotation": [
      [
        0.9848113,
        0.1733731,
        0.009408836
      ],
      [
        -0.05438405,
        0.2565478,
        0.965000331
      ],
      [
        0.164891288,
        -0.9508549,
        0.262079924
      ]
    ],
    "translation": [
      1.54608417,
      0.8026092,
      -0.836608768
    ]
  },
  {
    "timeStamp": 67760,
    "rotation": [
      [
        0.995592,
        0.08890955,
        0.0298599433
      ],
      [
        -0.0543542132,
        0.287499219,
        0.9562373
      ],
      [
        0.07643392,
        -0.9536452,
        0.291064531
      ]
    ],
    "translation": [
      1.59352875,
      0.8111154,
      -0.8382931
    ]
  },
  {
    "timeStamp": 67815,
    "rotation": [
      [
        0.9946158,
        -0.0543077476,
        0.08826135
      ],
      [
        -0.0669989362,
        0.312773943,
        0.947461665
      ],
      [
        -0.07906036,
        -0.9482738,
        0.307451338
      ]
    ],
    "translation": [
      1.64319122,
      0.8243803,
      -0.8298569
    ]
  },
  {
    "timeStamp": 67860,
    "rotation": [
      [
        0.9749248,
        -0.155138344,
        0.1595422
      ],
      [
        -0.105762728,
        0.307768941,
        0.9455647
      ],
      [
        -0.195795447,
        -0.9387281,
        0.283643723
      ]
    ],
    "translation": [
      1.67763281,
      0.840322852,
      -0.8166349
    ]
  },
  {
    "timeStamp": 67915,
    "rotation": [
      [
        0.931004941,
        -0.269457817,
        0.246216029
      ],
      [
        -0.173060462,
        0.268046856,
        0.947734654
      ],
      [
        -0.321371943,
        -0.9249559,
        0.202920437
      ]
    ],
    "translation": [
      1.71729863,
      0.866461039,
      -0.7884654
    ]
  },
  {
    "timeStamp": 67960,
    "rotation": [
      [
        0.8727146,
        -0.3719944,
        0.316211075
      ],
      [
        -0.23748453,
        0.242443755,
        0.940649867
      ],
      [
        -0.426579863,
        -0.896014035,
        0.123241283
      ]
    ],
    "translation": [
      1.75438869,
      0.891160846,
      -0.7609785
    ]
  },
  {
    "timeStamp": 68015,
    "rotation": [
      [
        0.7852146,
        -0.4983991,
        0.367473066
      ],
      [
        -0.314526767,
        0.190170109,
        0.9300044
      ],
      [
        -0.533395767,
        -0.8458332,
        -0.007435513
      ]
    ],
    "translation": [
      1.808995,
      0.9253656,
      -0.7191054
    ]
  },
  {
    "timeStamp": 68060,
    "rotation": [
      [
        0.7028135,
        -0.5947354,
        0.39031136
      ],
      [
        -0.382322431,
        0.1469064,
        0.9122763
      ],
      [
        -0.5999022,
        -0.7903849,
        -0.124132872
      ]
    ],
    "translation": [
      1.86016428,
      0.953590453,
      -0.6896831
    ]
  },
  {
    "timeStamp": 68115,
    "rotation": [
      [
        0.6330939,
        -0.685193062,
        0.360142529
      ],
      [
        -0.451772183,
        0.0507317148,
        0.890689731
      ],
      [
        -0.6285651,
        -0.7265926,
        -0.277433217
      ]
    ],
    "translation": [
      1.92803383,
      0.9892509,
      -0.6546391
    ]
  },
  {
    "timeStamp": 68160,
    "rotation": [
      [
        0.598293245,
        -0.742656469,
        0.3008432
      ],
      [
        -0.473736435,
        -0.0250422955,
        0.880310535
      ],
      [
        -0.6462345,
        -0.669204235,
        -0.36680603
      ]
    ],
    "translation": [
      1.98197126,
      1.00919485,
      -0.6347462
    ]
  },
  {
    "timeStamp": 68215,
    "rotation": [
      [
        0.5882745,
        -0.7823695,
        0.204526618
      ],
      [
        -0.451474071,
        -0.107921585,
        0.885733664
      ],
      [
        -0.670898139,
        -0.613392949,
        -0.416707039
      ]
    ],
    "translation": [
      2.04638219,
      1.017817,
      -0.613210142
    ]
  },
  {
    "timeStamp": 68260,
    "rotation": [
      [
        0.603713632,
        -0.7848087,
        0.14001818
      ],
      [
        -0.390754849,
        -0.13822405,
        0.910057545
      ],
      [
        -0.6948672,
        -0.60412693,
        -0.390115559
      ]
    ],
    "translation": [
      2.08600616,
      1.00734437,
      -0.599599957
    ]
  },
  {
    "timeStamp": 68315,
    "rotation": [
      [
        0.6363321,
        -0.770316541,
        0.0411564969
      ],
      [
        -0.265422344,
        -0.168537766,
        0.9492871
      ],
      [
        -0.724315166,
        -0.6149857,
        -0.311705232
      ]
    ],
    "translation": [
      2.12821078,
      0.9739952,
      -0.588581145
    ]
  },
  {
    "timeStamp": 68362,
    "rotation": [
      [
        0.6802872,
        -0.732229233,
        -0.0323997028
      ],
      [
        -0.151707411,
        -0.183917835,
        0.9711638
      ],
      [
        -0.7170734,
        -0.655755,
        -0.236201555
      ]
    ],
    "translation": [
      2.14990473,
      0.941402256,
      -0.5846483
    ]
  },
  {
    "timeStamp": 68410,
    "rotation": [
      [
        0.734852135,
        -0.66359967,
        -0.140099481
      ],
      [
        -0.004460035,
        -0.211290836,
        0.977413058
      ],
      [
        -0.6782127,
        -0.7176292,
        -0.15822719
      ]
    ],
    "translation": [
      2.17179751,
      0.8976735,
      -0.58630383
    ]
  },
  {
    "timeStamp": 68465,
    "rotation": [
      [
        0.746311545,
        -0.6541147,
        -0.123097464
      ],
      [
        0.030317042,
        -0.151343957,
        0.9880161
      ],
      [
        -0.664905965,
        -0.7410998,
        -0.09311893
      ]
    ],
    "translation": [
      2.17971444,
      0.8602961,
      -0.5911988
    ]
  },
  {
    "timeStamp": 68510,
    "rotation": [
      [
        0.760966361,
        -0.6324449,
        -0.144718841
      ],
      [
        0.0847048461,
        -0.124302857,
        0.9886222
      ],
      [
        -0.643238068,
        -0.76456666,
        -0.0410191454
      ]
    ],
    "translation": [
      2.18455267,
      0.8333918,
      -0.5972251
    ]
  },
  {
    "timeStamp": 68566,
    "rotation": [
      [
        0.7647372,
        -0.625265658,
        -0.15562734
      ],
      [
        0.115639061,
        -0.10442467,
        0.987786949
      ],
      [
        -0.6338806,
        -0.773394048,
        -0.00755229546
      ]
    ],
    "translation": [
      2.1875453,
      0.806963742,
      -0.602410734
    ]
  },
  {
    "timeStamp": 68610,
    "rotation": [
      [
        0.7796841,
        -0.604699,
        -0.162578732
      ],
      [
        0.1341402,
        -0.09231347,
        0.986653268
      ],
      [
        -0.6116364,
        -0.7910862,
        0.009139097
      ]
    ],
    "translation": [
      2.18669081,
      0.790818632,
      -0.6060596
    ]
  },
  {
    "timeStamp": 68665,
    "rotation": [
      [
        0.790511668,
        -0.588724434,
        -0.168803975
      ],
      [
        0.145818844,
        -0.0867716447,
        0.9854986
      ],
      [
        -0.594834566,
        -0.803662956,
        0.0172531232
      ]
    ],
    "translation": [
      2.1839354,
      0.7764002,
      -0.6090609
    ]
  },
  {
    "timeStamp": 68710,
    "rotation": [
      [
        0.7929935,
        -0.5844881,
        -0.171857461
      ],
      [
        0.161756918,
        -0.06996758,
        0.9843471
      ],
      [
        -0.5873636,
        -0.808379948,
        0.0390611552
      ]
    ],
    "translation": [
      2.183849,
      0.766694844,
      -0.611230552
    ]
  },
  {
    "timeStamp": 68765,
    "rotation": [
      [
        0.7914413,
        -0.588548958,
        -0.165017337
      ],
      [
        0.166129947,
        -0.05268838,
        0.984695256
      ],
      [
        -0.588235855,
        -0.806742847,
        0.0560758375
      ]
    ],
    "translation": [
      2.18215728,
      0.7586944,
      -0.614081562
    ]
  },
  {
    "timeStamp": 68811,
    "rotation": [
      [
        0.80232,
        -0.573095,
        -0.166867331
      ],
      [
        0.178519487,
        -0.0363724567,
        0.98326385
      ],
      [
        -0.569573,
        -0.818681359,
        0.07312628
      ]
    ],
    "translation": [
      2.17947769,
      0.752422035,
      -0.617961943
    ]
  },
  {
    "timeStamp": 68856,
    "rotation": [
      [
        0.808148146,
        -0.560129762,
        -0.182074562
      ],
      [
        0.2006057,
        -0.02888026,
        0.979246259
      ],
      [
        -0.55376333,
        -0.8279013,
        0.0890257
      ]
    ],
    "translation": [
      2.17846322,
      0.745919049,
      -0.6226941
    ]
  },
  {
    "timeStamp": 68913,
    "rotation": [
      [
        0.808641851,
        -0.5548236,
        -0.195625365
      ],
      [
        0.220598251,
        -0.0222976469,
        0.9751099
      ],
      [
        -0.545375943,
        -0.8316692,
        0.104362294
      ]
    ],
    "translation": [
      2.17906928,
      0.738424838,
      -0.627330959
    ]
  },
  {
    "timeStamp": 68959,
    "rotation": [
      [
        0.8064007,
        -0.5532877,
        -0.208783641
      ],
      [
        0.238085866,
        -0.0194233824,
        0.971049845
      ],
      [
        -0.5413252,
        -0.8327638,
        0.116066933
      ]
    ],
    "translation": [
      2.180252,
      0.733333647,
      -0.6307771
    ]
  }
]