[
  {
    "timeStamp": 70847,
    "rotation": [
      [
        0.996373057,
        -0.0849646553,
        -0.00466316426
      ],
      [
        0.08496312,
        0.9903416,
        0.1095664
      ],
      [
        -0.004691146,
        -0.109565206,
        0.9939685
      ]
    ],
    "translation": [
      1.60119557,
      0.846098661,
      -0.769089341
    ]
  },
  {
    "timeStamp": 70903,
    "rotation": [
      [
        0.998635352,
        -0.04857628,
        0.01917799
      ],
      [
        0.0458672866,
        0.9913839,
        0.122695267
      ],
      [
        -0.0249728318,
        -0.121648185,
        0.9922591
      ]
    ],
    "translation": [
      1.60483849,
      0.8598422,
      -0.767482638
    ]
  },
  {
    "timeStamp": 70948,
    "rotation": [
      [
        0.999047637,
        0.002610236,
        0.0435538031
      ],
      [
        -0.008791779,
        0.989777446,
        0.1423493
      ],
      [
        -0.0427370034,
        -0.142596647,
        0.988857746
      ]
    ],
    "translation": [
      1.61137342,
      0.87975055,
      -0.766401649
    ]
  },
  {
    "timeStamp": 71003,
    "rotation": [
      [
        0.992299259,
        0.07793605,
        0.09627114
      ],
      [
        -0.0930070058,
        0.9821382,
        0.16356723
      ],
      [
        -0.0818037838,
        -0.171261534,
        0.9818236
      ]
    ],
    "translation": [
      1.62877309,
      0.9110031,
      -0.7597278
    ]
  },
  {
    "timeStamp": 71047,
    "rotation": [
      [
        0.978497,
        0.134353966,
        0.156501308
      ],
      [
        -0.165313616,
        0.964592338,
        0.205506757
      ],
      [
        -0.123349309,
        -0.226959541,
        0.966061234
      ]
    ],
    "translation": [
      1.65080976,
      0.94079417,
      -0.752168536
    ]
  },
  {
    "timeStamp": 71103,
    "rotation": [
      [
        0.951039732,
        0.185967818,
        0.246858954
      ],
      [
        -0.248029,
        0.93578124,
        0.2505894
      ],
      [
        -0.184404418,
        -0.299548656,
        0.9360906
      ]
    ],
    "translation": [
      1.689356,
      0.9795208,
      -0.7385836
    ]
  },
  {
    "timeStamp": 71147,
    "rotation": [
      [
        0.920859158,
        0.203693092,
        0.332456917
      ],
      [
        -0.3064015,
        0.9053702,
        0.293977827
      ],
      [
        -0.241115332,
        -0.372577459,
        0.896130264
      ]
    ],
    "translation": [
      1.72808,
      1.008994,
      -0.7261488
    ]
  },
  {
    "timeStamp": 71202,
    "rotation": [
      [
        0.878548861,
        0.175165832,
        0.444374621
      ],
      [
        -0.35333845,
        0.864344954,
        0.3578543
      ],
      [
        -0.3214091,
        -0.471407115,
        0.8212621
      ]
    ],
    "translation": [
      1.78280044,
      1.0390842,
      -0.7086903
    ]
  },
  {
    "timeStamp": 71247,
    "rotation": [
      [
        0.8369166,
        0.125451133,
        0.532759368
      ],
      [
        -0.384236842,
        0.827863932,
        0.408660561
      ],
      [
        -0.3897853,
        -0.546720564,
        0.741056
      ]
    ],
    "translation": [
      1.83134651,
      1.0586518,
      -0.6948205
    ]
  },
  {
    "timeStamp": 71302,
    "rotation": [
      [
        0.7807943,
        0.0244096164,
        0.6243111
      ],
      [
        -0.407048225,
        0.7779448,
        0.47865817
      ],
      [
        -0.473995715,
        -0.627858341,
        0.617350757
      ]
    ],
    "translation": [
      1.89336216,
      1.0751034,
      -0.6790057
    ]
  },
  {
    "timeStamp": 71347,
    "rotation": [
      [
        0.71583426,
        -0.0597103573,
        0.6957126
      ],
      [
        -0.428443581,
        0.749183,
        0.505134642
      ],
      [
        -0.551377833,
        -0.6596663,
        0.5107083
      ]
    ],
    "translation": [
      1.94463253,
      1.083761,
      -0.6671005
    ]
  },
  {
    "timeStamp": 71403,
    "rotation": [
      [
        0.634362757,
        -0.1557687,
        0.757178962
      ],
      [
        -0.441929579,
        0.7305709,
        0.520542443
      ],
      [
        -0.6342571,
        -0.664832532,
        0.3946082
      ]
    ],
    "translation": [
      2.00434852,
      1.084741,
      -0.654451251
    ]
  },
  {
    "timeStamp": 71453,
    "rotation": [
      [
        0.5949524,
        -0.210989088,
        0.775574148
      ],
      [
        -0.406254023,
        0.7536636,
        0.516670942
      ],
      [
        -0.6935339,
        -0.62247473,
        0.362678826
      ]
    ],
    "translation": [
      2.04308319,
      1.07401228,
      -0.6433975
    ]
  },
  {
    "timeStamp": 71497,
    "rotation": [
      [
        0.555220544,
        -0.2348676,
        0.797851741
      ],
      [
        -0.35600242,
        0.799862742,
        0.483199656
      ],
      [
        -0.7516598,
        -0.552319467,
        0.360486776
      ]
    ],
    "translation": [
      2.08184361,
      1.05391467,
      -0.6326378
    ]
  },
  {
    "timeStamp": 71553,
    "rotation": [
      [
        0.552559853,
        -0.245678276,
        0.7964419
      ],
      [
        -0.3036825,
        0.8305383,
        0.46688652
      ],
      [
        -0.776179433,
        -0.499848247,
        0.384313941
      ]
    ],
    "translation": [
      2.1035254,
      1.03008235,
      -0.6271613
    ]
  },
  {
    "timeStamp": 71597,
    "rotation": [
      [
        0.582926154,
        -0.230378166,
        0.779181
      ],
      [
        -0.249285042,
        0.8620064,
        0.441363722
      ],
      [
        -0.77333957,
        -0.451520622,
        0.44505626
      ]
    ],
    "translation": [
      2.11249161,
      1.01069951,
      -0.6237217
    ]
  },
  {
    "timeStamp": 71653,
    "rotation": [
      [
        0.601074934,
        -0.219219789,
        0.7685386
      ],
      [
        -0.239331469,
        0.868136048,
        0.434810638
      ],
      [
        -0.762515068,
        -0.445289224,
        0.469348639
      ]
    ],
    "translation": [
      2.11545753,
      0.9920142,
      -0.622575462
    ]
  },
  {
    "timeStamp": 71697,
    "rotation": [
      [
        0.638541758,
        -0.1941395,
        0.744697452
      ],
      [
        -0.199631914,
        0.892750263,
        0.4039109
      ],
      [
        -0.7432439,
        -0.406579345,
        0.531301856
      ]
    ],
    "translation": [
      2.11250329,
      0.975372434,
      -0.6203174
    ]
  },
  {
    "timeStamp": 71753,
    "rotation": [
      [
        0.6791811,
        -0.171764,
        0.713589668
      ],
      [
        -0.141695336,
        0.9232581,
        0.357095
      ],
      [
        -0.7201635,
        -0.3436445,
        0.602721334
      ]
    ],
    "translation": [
      2.10368323,
      0.95120436,
      -0.6168722
    ]
  },
  {
    "timeStamp": 71797,
    "rotation": [
      [
        0.718289852,
        -0.170339108,
        0.674569666
      ],
      [
        -0.08309642,
        0.941622,
        0.326255947
      ],
      [
        -0.690763831,
        -0.290400654,
        0.662202954
      ]
    ],
    "translation": [
      2.09508228,
      0.9315369,
      -0.6144452
    ]
  },
  {
    "timeStamp": 71853,
    "rotation": [
      [
        0.7519563,
        -0.194225475,
        0.629951
      ],
      [
        -0.0196037851,
        0.9485995,
        0.3158712
      ],
      [
        -0.6589215,
        -0.249870762,
        0.70949775
      ]
    ],
    "translation": [
      2.084661,
      0.9080147,
      -0.614223063
    ]
  },
  {
    "timeStamp": 71899,
    "rotation": [
      [
        0.763223946,
        -0.191621616,
        0.617065966
      ],
      [
        0.0197020955,
        0.96147,
        0.274202973
      ],
      [
        -0.6458337,
        -0.197120771,
        0.7375922
      ]
    ],
    "translation": [
      2.08117723,
      0.893243134,
      -0.612627149
    ]
  },
  {
    "timeStamp": 71956,
    "rotation": [
      [
        0.7496734,
        -0.199515224,
        0.6310178
      ],
      [
        0.06676465,
        0.971411169,
        0.227821842
      ],
      [
        -0.658431649,
        -0.1286623,
        0.7415617
      ]
    ],
    "translation": [
      2.08044934,
      0.87996316,
      -0.6095532
    ]
  }
]