[
  {
    "id": "004 sugar box(Clone)-3340",
    "pickRotation": [
      [
        -0.980075,
        0.118364669,
        0.159507826
      ],
      [
        -0.192443013,
        -0.764686048,
        -0.6149967
      ],
      [
        0.04917954,
        -0.633439064,
        0.7722282
      ]
    ],
    "pickTranslation": [
      0.003175527,
      0.0306972936,
      0.115158536
    ],
    "placeRotation": [
      [
        -0.06299711,
        0.017113233,
        -0.9978669
      ],
      [
        -0.977351546,
        0.201342508,
        0.06515492
      ],
      [
        0.202028051,
        0.9793714,
        0.0040416494
      ]
    ],
    "placeTranslation": [
      0.6260099,
      0.248616785,
      0.5695027
    ]
  },
  {
    "id": "008 pudding box(Clone)-3204",
    "pickRotation": [
      [
        0.095769465,
        -0.419082075,
        0.9028834
      ],
      [
        -0.0231236164,
        -0.907744467,
        -0.418885678
      ],
      [
        0.99513495,
        0.019238526,
        -0.0966248959
      ]
    ],
    "pickTranslation": [
      0.0184547566,
      0.0589450821,
      0.0159604289
    ],
    "placeRotation": [
      [
        -0.898959339,
        0.436460316,
        0.03707485
      ],
      [
        0.173645049,
        0.277382463,
        0.9449372
      ],
      [
        0.4021437,
        0.855898,
        -0.325144738
      ]
    ],
    "placeTranslation": [
      0.774081349,
      0.3169399,
      -0.5792525
    ]
  },
  {
    "id": "010 potted meat can(Clone)-3280",
    "pickRotation": [
      [
        -0.0566799752,
        -0.03869329,
        -0.997642338
      ],
      [
        0.9921434,
        -0.11380849,
        -0.0519535244
      ],
      [
        -0.111529917,
        -0.992749,
        0.04483995
      ]
    ],
    "pickTranslation": [
      0.027275458,
      -0.0181531478,
      0.08567949
    ],
    "placeRotation": [
      [
        0.9994319,
        -0.03329446,
        0.00522240857
      ],
      [
        -0.00501307473,
        0.00636772439,
        0.999967158
      ],
      [
        -0.0333266258,
        -0.9994253,
        0.00619719969
      ]
    ],
    "placeTranslation": [
      0.9876645,
      0.235928938,
      0.137057349
    ]
  },
  {
    "id": "010 potted meat can(Clone)-3232",
    "pickRotation": [
      [
        -0.215879947,
        0.113344356,
        -0.969819069
      ],
      [
        0.9760264,
        -0.00314677763,
        -0.217629462
      ],
      [
        -0.0277188756,
        -0.9935508,
        -0.109947756
      ]
    ],
    "pickTranslation": [
      0.0236105788,
      -0.0208611116,
      0.08601344
    ],
    "placeRotation": [
      [
        0.9994694,
        -0.01137104,
        0.0305235777
      ],
      [
        0.00509282853,
        0.980115056,
        0.198364735
      ],
      [
        -0.03217223,
        -0.198104024,
        0.9796529
      ]
    ],
    "placeTranslation": [
      0.979795337,
      0.779691637,
      -0.7979932
    ]
  },
  {
    "id": "011 banana(Clone)-3134",
    "pickRotation": [
      [
        -0.9857861,
        -0.02689913,
        0.165838048
      ],
      [
        -0.167761192,
        0.210809872,
        -0.9630241
      ],
      [
        -0.009055791,
        -0.9771569,
        -0.21232605
      ]
    ],
    "pickTranslation": [
      0.0220422354,
      -0.00469740573,
      0.0244527627
    ],
    "placeRotation": [
      [
        0.236926869,
        -0.9713265,
        -0.01976009
      ],
      [
        -0.135806963,
        -0.05325196,
        0.9893031
      ],
      [
        -0.961988568,
        -0.231708929,
        -0.14452973
      ]
    ],
    "placeTranslation": [
      0.734216452,
      0.84041,
      -0.118121639
    ]
  },
  {
    "id": "006 mustard bottle(Clone)-3304",
    "pickRotation": [
      [
        -0.8003932,
        -0.279244184,
        -0.530465245
      ],
      [
        0.5820403,
        -0.150132656,
        -0.7991804
      ],
      [
        0.143526331,
        -0.9484107,
        0.282696515
      ]
    ],
    "pickTranslation": [
      0.02081649,
      -0.0227181185,
      0.170737937
    ],
    "placeRotation": [
      [
        0.4757213,
        -0.8795423,
        0.00972548
      ],
      [
        0.01033954,
        0.0166476965,
        0.999807954
      ],
      [
        -0.879535258,
        -0.475529373,
        0.0170137268
      ]
    ],
    "placeTranslation": [
      0.296967715,
      0.0722573549,
      0.50421983
    ]
  },
  {
    "id": "021 bleach cleanser(Clone)-3220",
    "pickRotation": [
      [
        0.270949066,
        0.3305529,
        0.9040583
      ],
      [
        -0.9405868,
        -0.108761616,
        0.321663529
      ],
      [
        0.204653651,
        -0.9374997,
        0.281444848
      ]
    ],
    "pickTranslation": [
      0.0148228519,
      0.0158110261,
      0.235511929
    ],
    "placeRotation": [
      [
        -0.971023,
        0.226066351,
        -0.0775136054
      ],
      [
        -0.06649849,
        0.05595161,
        0.996216536
      ],
      [
        0.229548037,
        0.972503662,
        -0.0392972268
      ]
    ],
    "placeTranslation": [
      0.281681985,
      0.0215219948,
      0.219002217
    ]
  },
  {
    "id": "010 potted meat can(Clone)-3368",
    "pickRotation": [
      [
        -0.08256257,
        0.14116092,
        -0.986537933
      ],
      [
        0.995433331,
        0.0592762977,
        -0.07482535
      ],
      [
        0.0479159,
        -0.98821044,
        -0.145410284
      ]
    ],
    "pickTranslation": [
      0.0416878834,
      -0.0311863646,
      0.0751066953
    ],
    "placeRotation": [
      [
        -0.1184154,
        -0.9929533,
        0.00463523669
      ],
      [
        -0.01572252,
        0.006542456,
        0.999855
      ],
      [
        -0.992839634,
        0.118325345,
        -0.0163864568
      ]
    ],
    "placeTranslation": [
      -0.133516043,
      0.0172181465,
      -0.865846455
    ]
  },
  {
    "id": "002 masterchef can(Clone)-3244",
    "pickRotation": [
      [
        -0.905656,
        -0.0243359189,
        -0.423314333
      ],
      [
        0.423302323,
        0.005897504,
        -0.9059693
      ],
      [
        0.0245440938,
        -0.9996864,
        0.00496034138
      ]
    ],
    "pickTranslation": [
      0.009532954,
      -0.0275686365,
      0.121839985
    ],
    "placeRotation": [
      [
        0.999768436,
        -0.01545725,
        0.0149705177
      ],
      [
        -0.01435718,
        0.0390558019,
        0.9991339
      ],
      [
        -0.0160285477,
        -0.9991175,
        0.0388248377
      ]
    ],
    "placeTranslation": [
      0.2425206,
      0.5360908,
      -0.7378846
    ]
  },
  {
    "id": "017 orange(Clone)-3316",
    "pickRotation": [
      [
        0.0146151884,
        0.375085682,
        -0.926874936
      ],
      [
        -0.657950461,
        -0.6944036,
        -0.2913844
      ],
      [
        -0.7529194,
        0.614096463,
        0.236638963
      ]
    ],
    "pickTranslation": [
      -0.009543988,
      -0.0009319696,
      0.0133869182
    ],
    "placeRotation": [
      [
        0.319924742,
        0.526269734,
        0.787837744
      ],
      [
        -0.190894857,
        0.850292742,
        -0.490470648
      ],
      [
        -0.92801255,
        0.006519511,
        0.372491837
      ]
    ],
    "placeTranslation": [
      -0.2277619,
      0.419765919,
      0.490989655
    ]
  },
  {
    "id": "013 apple(Clone)-3292",
    "pickRotation": [
      [
        -0.490537316,
        -0.175243,
        -0.853617668
      ],
      [
        0.8552298,
        0.09113422,
        -0.5101731
      ],
      [
        0.167198047,
        -0.980298162,
        0.105168305
      ]
    ],
    "pickTranslation": [
      0.00277416129,
      -0.003601648,
      0.058332704
    ],
    "placeRotation": [
      [
        0.7998972,
        -0.556535542,
        -0.224572271
      ],
      [
        0.255835652,
        -0.0222783368,
        0.966463566
      ],
      [
        -0.542874455,
        -0.830525041,
        0.124561273
      ]
    ],
    "placeTranslation": [
      -0.210679665,
      0.05587336,
      0.00322698383
    ]
  },
  {
    "id": "057 racquetball(Clone)-3192",
    "pickRotation": [
      [
        -0.5974549,
        -0.0473758839,
        -0.8005019
      ],
      [
        0.2805975,
        -0.9474963,
        -0.153348655
      ],
      [
        -0.7512075,
        -0.316237718,
        0.5793799
      ]
    ],
    "pickTranslation": [
      0.007720154,
      -0.103755847,
      0.0268661454
    ],
    "placeRotation": [
      [
        0.745116651,
        -0.2164896,
        0.6308196
      ],
      [
        0.0882184654,
        0.9695319,
        0.2285289
      ],
      [
        -0.661073864,
        -0.114630751,
        0.7415128
      ]
    ],
    "placeTranslation": [
      -0.3494253,
      0.939413846,
      -0.902575552
    ]
  },
  {
    "id": "057 racquetball(Clone)-3268",
    "pickRotation": [
      [
        -0.6274545,
        -0.01986942,
        -0.7783997
      ],
      [
        0.08372159,
        -0.995600641,
        -0.0420728363
      ],
      [
        -0.7741392,
        -0.09156765,
        0.6263576
      ]
    ],
    "pickTranslation": [
      0.0162605289,
      -0.112846777,
      0.0241869017
    ],
    "placeRotation": [
      [
        0.7493427,
        -0.0336294621,
        0.6613279
      ],
      [
        0.0164285563,
        0.999346256,
        0.0322031751
      ],
      [
        -0.6619786,
        -0.01326655,
        0.7494053
      ]
    ],
    "placeTranslation": [
      -0.693320632,
      1.09718907,
      -0.8677393
    ]
  },
  {
    "id": "018 plum(Clone)-3256",
    "pickRotation": [
      [
        -0.129942238,
        0.4096862,
        -0.9029243
      ],
      [
        -0.252947837,
        -0.8942107,
        -0.369330138
      ],
      [
        -0.958714,
        0.180401161,
        0.21982497
      ]
    ],
    "pickTranslation": [
      -0.0123059507,
      0.0471775867,
      0.01354259
    ],
    "placeRotation": [
      [
        0.135399729,
        0.289586067,
        0.9475267
      ],
      [
        -0.488145,
        0.851707935,
        -0.190546662
      ],
      [
        -0.8621957,
        -0.436730444,
        0.256681
      ]
    ],
    "placeTranslation": [
      -0.7559521,
      0.196557075,
      -0.4266398
    ]
  },
  {
    "id": "057 racquetball(Clone)-3328",
    "pickRotation": [
      [
        -0.863224149,
        -0.28302142,
        -0.418022752
      ],
      [
        0.4947707,
        -0.6387293,
        -0.5892596
      ],
      [
        -0.100230269,
        -0.715488553,
        0.6913972
      ]
    ],
    "pickTranslation": [
      0.0131539442,
      -0.09716685,
      0.0498941652
    ],
    "placeRotation": [
      [
        0.8404615,
        -0.530386746,
        0.110970385
      ],
      [
        0.290147454,
        0.61345005,
        0.734502256
      ],
      [
        -0.457645059,
        -0.585123062,
        0.6694715
      ]
    ],
    "placeTranslation": [
      -0.123140812,
      0.655948937,
      -0.468390077
    ]
  },
  {
    "id": "018 plum(Clone)-3380",
    "pickRotation": [
      [
        -0.1514465,
        -0.454617172,
        -0.8777171
      ],
      [
        0.452470124,
        -0.8213515,
        0.347350568
      ],
      [
        -0.8788258,
        -0.3445357,
        0.330091536
      ]
    ],
    "pickTranslation": [
      0.02173834,
      0.04756955,
      0.03135491
    ],
    "placeRotation": [
      [
        0.200159639,
        -0.418880135,
        0.885706246
      ],
      [
        0.3578644,
        0.8727969,
        0.33190152
      ],
      [
        -0.912068665,
        0.2505295,
        0.324601
      ]
    ],
    "placeTranslation": [
      -0.593456745,
      0.223787591,
      -0.1543908
    ]
  },
  {
    "id": "012 strawberry(Clone)-3356",
    "pickRotation": [
      [
        0.424620569,
        -0.579302132,
        -0.695777535
      ],
      [
        -0.123113662,
        -0.7983065,
        0.5895334
      ],
      [
        -0.896961749,
        -0.164668277,
        -0.4102974
      ]
    ],
    "pickTranslation": [
      0.005779021,
      0.03878154,
      0.0196567718
    ],
    "placeRotation": [
      [
        -0.4450383,
        -0.09494523,
        0.890464067
      ],
      [
        0.564603031,
        0.742080748,
        0.3613026
      ],
      [
        -0.6951002,
        0.6635522,
        -0.276648
      ]
    ],
    "placeTranslation": [
      -0.181736976,
      0.361208,
      0.419254929
    ]
  },
  {
    "id": "101 bread(Clone)-3392",
    "pickRotation": [
      [
        -0.997406065,
        -0.04291595,
        -0.0577871837
      ],
      [
        0.04378209,
        -0.9989457,
        -0.0138060935
      ],
      [
        -0.0571337566,
        -0.0163003244,
        0.9982335
      ]
    ],
    "pickTranslation": [
      0.007941725,
      0.05004777,
      -0.0173258781
    ],
    "placeRotation": [
      [
        0.08819658,
        -0.05816221,
        -0.994403541
      ],
      [
        0.158187166,
        0.9864431,
        -0.04366652
      ],
      [
        0.9834623,
        -0.153450653,
        0.09620143
      ]
    ],
    "placeTranslation": [
      -0.4225459,
      0.461118639,
      -0.00925447047
    ]
  }
]