[
  {
    "timeStamp": 48088,
    "rotation": [
      [
        0.999643862,
        0.0214159358,
        -0.01592349
      ],
      [
        0.0153371738,
        0.0272686556,
        0.999510467
      ],
      [
        0.0218396727,
        -0.9993987,
        0.0269304849
      ]
    ],
    "translation": [
      1.61609018,
      0.6981467,
      -0.222561151
    ]
  },
  {
    "timeStamp": 48133,
    "rotation": [
      [
        0.9999436,
        0.009440355,
        0.00485429168
      ],
      [
        -0.0050694216,
        0.0228995439,
        0.9997249
      ],
      [
        0.00932660047,
        -0.9996932,
        0.0229461119
      ]
    ],
    "translation": [
      1.61695254,
      0.703132033,
      -0.222930729
    ]
  },
  {
    "timeStamp": 48188,
    "rotation": [
      [
        0.9996353,
        0.0109138293,
        0.0247000251
      ],
      [
        -0.0244624354,
        -0.0213918071,
        0.999471843
      ],
      [
        0.01143645,
        -0.9997116,
        -0.0211170278
      ]
    ],
    "translation": [
      1.61637914,
      0.7239675,
      -0.222696766
    ]
  },
  {
    "timeStamp": 48232,
    "rotation": [
      [
        0.9985751,
        0.0218642186,
        0.0486803427
      ],
      [
        -0.04731855,
        -0.0589919351,
        0.997136354
      ],
      [
        0.0246733539,
        -0.99801904,
        -0.0578732938
      ]
    ],
    "translation": [
      1.61485815,
      0.7455524,
      -0.224687576
    ]
  },
  {
    "timeStamp": 48288,
    "rotation": [
      [
        0.9937653,
        0.0149685675,
        0.110482328
      ],
      [
        -0.1080348,
        -0.1155643,
        0.9874074
      ],
      [
        0.0275479015,
        -0.9931872,
        -0.113226674
      ]
    ],
    "translation": [
      1.61659849,
      0.783609748,
      -0.231462583
    ]
  },
  {
    "timeStamp": 48332,
    "rotation": [
      [
        0.9889947,
        -0.00527848769,
        0.147856623
      ],
      [
        -0.146614313,
        -0.168989629,
        0.9746521
      ],
      [
        0.0198415518,
        -0.9856037,
        -0.167903751
      ]
    ],
    "translation": [
      1.62682462,
      0.8195671,
      -0.240286142
    ]
  },
  {
    "timeStamp": 48388,
    "rotation": [
      [
        0.978019,
        -0.0270078126,
        0.2067594
      ],
      [
        -0.207484365,
        -0.224558339,
        0.9521154
      ],
      [
        0.0207150076,
        -0.974086344,
        -0.225226
      ]
    ],
    "translation": [
      1.64181244,
      0.865982056,
      -0.260131657
    ]
  },
  {
    "timeStamp": 48432,
    "rotation": [
      [
        0.9706859,
        -0.04740073,
        0.235631332
      ],
      [
        -0.239678785,
        -0.2642068,
        0.9342103
      ],
      [
        0.0179731287,
        -0.9633006,
        -0.267822772
      ]
    ],
    "translation": [
      1.6616888,
      0.9022018,
      -0.2813015
    ]
  },
  {
    "timeStamp": 48488,
    "rotation": [
      [
        0.961355865,
        -0.100779876,
        0.256199777
      ],
      [
        -0.274908155,
        -0.301219,
        0.9130677
      ],
      [
        -0.0148466052,
        -0.9482144,
        -0.317283839
      ]
    ],
    "translation": [
      1.70269394,
      0.9407525,
      -0.310615927
    ]
  },
  {
    "timeStamp": 48532,
    "rotation": [
      [
        0.9592675,
        -0.142261356,
        0.244064674
      ],
      [
        -0.278140754,
        -0.3244397,
        0.904088855
      ],
      [
        -0.04943266,
        -0.935147345,
        -0.350793153
      ]
    ],
    "translation": [
      1.74405265,
      0.964814365,
      -0.337441683
    ]
  },
  {
    "timeStamp": 48588,
    "rotation": [
      [
        0.9463035,
        -0.226278424,
        0.23088485
      ],
      [
        -0.298508257,
        -0.337428451,
        0.8927681
      ],
      [
        -0.124107026,
        -0.9137506,
        -0.3868557
      ]
    ],
    "translation": [
      1.8078109,
      0.98892796,
      -0.373473883
    ]
  },
  {
    "timeStamp": 48632,
    "rotation": [
      [
        0.934851944,
        -0.2947948,
        0.19785811
      ],
      [
        -0.2976072,
        -0.346775562,
        0.8894811
      ],
      [
        -0.193602055,
        -0.890417159,
        -0.411916882
      ]
    ],
    "translation": [
      1.86439025,
      1.00431883,
      -0.405394852
    ]
  },
  {
    "timeStamp": 48688,
    "rotation": [
      [
        0.9164225,
        -0.370663971,
        0.150923774
      ],
      [
        -0.2893225,
        -0.353033543,
        0.8897527
      ],
      [
        -0.276518136,
        -0.859055042,
        -0.430769324
      ]
    ],
    "translation": [
      1.93431866,
      1.01842415,
      -0.4481892
    ]
  },
  {
    "timeStamp": 48732,
    "rotation": [
      [
        0.9077414,
        -0.411337465,
        0.08250426
      ],
      [
        -0.246351242,
        -0.363440871,
        0.8984552
      ],
      [
        -0.33958286,
        -0.835890055,
        -0.431243837
      ]
    ],
    "translation": [
      1.98796737,
      1.02473259,
      -0.482814252
    ]
  },
  {
    "timeStamp": 48788,
    "rotation": [
      [
        0.888915,
        -0.457888,
        0.0129911071
      ],
      [
        -0.200411871,
        -0.363252044,
        0.909880757
      ],
      [
        -0.411904454,
        -0.8114102,
        -0.414666384
      ]
    ],
    "translation": [
      2.0489378,
      1.02561831,
      -0.5255726
    ]
  },
  {
    "timeStamp": 48832,
    "rotation": [
      [
        0.8624707,
        -0.5059255,
        -0.0135543011
      ],
      [
        -0.186478466,
        -0.3425663,
        0.9208008
      ],
      [
        -0.4704998,
        -0.7916361,
        -0.389797628
      ]
    ],
    "translation": [
      2.09429979,
      1.01943779,
      -0.5583602
    ]
  },
  {
    "timeStamp": 48893,
    "rotation": [
      [
        0.813248634,
        -0.5818871,
        0.005839439
      ],
      [
        -0.229089856,
        -0.3109205,
        0.9224133
      ],
      [
        -0.5349248,
        -0.7514891,
        -0.3861601
      ]
    ],
    "translation": [
      2.14480233,
      1.01055336,
      -0.595598
    ]
  },
  {
    "timeStamp": 48940,
    "rotation": [
      [
        0.7618249,
        -0.646964133,
        0.0325619057
      ],
      [
        -0.265548438,
        -0.2660543,
        0.9266602
      ],
      [
        -0.5908526,
        -0.71459955,
        -0.374487072
      ]
    ],
    "translation": [
      2.18734241,
      0.9931309,
      -0.6277436
    ]
  },
  {
    "timeStamp": 48982,
    "rotation": [
      [
        0.7532634,
        -0.6573884,
        -0.0208486915
      ],
      [
        -0.198292032,
        -0.257206678,
        0.945793331
      ],
      [
        -0.627115965,
        -0.7082974,
        -0.324099272
      ]
    ],
    "translation": [
      2.21372032,
      0.9779645,
      -0.6473197
    ]
  },
  {
    "timeStamp": 49038,
    "rotation": [
      [
        0.733199358,
        -0.6799456,
        -0.009631449
      ],
      [
        -0.204709932,
        -0.234205261,
        0.950390339
      ],
      [
        -0.648469448,
        -0.694853961,
        -0.310910761
      ]
    ],
    "translation": [
      2.23945141,
      0.9590119,
      -0.6677116
    ]
  },
  {
    "timeStamp": 49082,
    "rotation": [
      [
        0.741295159,
        -0.6711772,
        -0.00161970337
      ],
      [
        -0.17735447,
        -0.198209032,
        0.9639806
      ],
      [
        -0.647322834,
        -0.714306951,
        -0.2659677
      ]
    ],
    "translation": [
      2.24429154,
      0.938792944,
      -0.6743752
    ]
  },
  {
    "timeStamp": 49138,
    "rotation": [
      [
        0.772788942,
        -0.633927941,
        -0.0305404123
      ],
      [
        -0.123573408,
        -0.197492853,
        0.9724845
      ],
      [
        -0.622516632,
        -0.7477513,
        -0.230956912
      ]
    ],
    "translation": [
      2.244952,
      0.923292935,
      -0.6758729
    ]
  },
  {
    "timeStamp": 49182,
    "rotation": [
      [
        0.7913096,
        -0.6114045,
        -0.00371298962
      ],
      [
        -0.122571655,
        -0.16458188,
        0.978718042
      ],
      [
        -0.5990037,
        -0.7740139,
        -0.20517607
      ]
    ],
    "translation": [
      2.23855877,
      0.907343864,
      -0.6736651
    ]
  },
  {
    "timeStamp": 49238,
    "rotation": [
      [
        0.816785,
        -0.5761091,
        0.0309932
      ],
      [
        -0.1327445,
        -0.135378346,
        0.9818613
      ],
      [
        -0.5614635,
        -0.806083739,
        -0.187050313
      ]
    ],
    "translation": [
      2.2248888,
      0.8886441,
      -0.666487455
    ]
  },
  {
    "timeStamp": 49282,
    "rotation": [
      [
        0.8373693,
        -0.543601334,
        0.0575330257
      ],
      [
        -0.142325714,
        -0.115192533,
        0.983094156
      ],
      [
        -0.52778393,
        -0.831401348,
        -0.173827156
      ]
    ],
    "translation": [
      2.21229649,
      0.8723242,
      -0.656953454
    ]
  },
  {
    "timeStamp": 49338,
    "rotation": [
      [
        0.871949852,
        -0.484571755,
        0.0699559152
      ],
      [
        -0.1247796,
        -0.08178055,
        0.9888084
      ],
      [
        -0.4734276,
        -0.87092036,
        -0.1317732
      ]
    ],
    "translation": [
      2.19491243,
      0.8429234,
      -0.6476193
    ]
  },
  {
    "timeStamp": 49383,
    "rotation": [
      [
        0.8826722,
        -0.462817,
        0.08179364
      ],
      [
        -0.12161164,
        -0.0568036921,
        0.990951061
      ],
      [
        -0.45398283,
        -0.884632,
        -0.106422976
      ]
    ],
    "translation": [
      2.18742657,
      0.819620967,
      -0.6435071
    ]
  },
  {
    "timeStamp": 49439,
    "rotation": [
      [
        0.9029397,
        -0.4199,
        0.09156328
      ],
      [
        -0.1170838,
        -0.0353506543,
        0.9924927
      ],
      [
        -0.413510859,
        -0.90688163,
        -0.081083
      ]
    ],
    "translation": [
      2.17682552,
      0.797534168,
      -0.6390278
    ]
  },
  {
    "timeStamp": 49485,
    "rotation": [
      [
        0.9176048,
        -0.387371868,
        0.08913191
      ],
      [
        -0.107296281,
        -0.0254724622,
        0.9939007
      ],
      [
        -0.382738769,
        -0.9215716,
        -0.06493722
      ]
    ],
    "translation": [
      2.1706,
      0.7850379,
      -0.6361497
    ]
  },
  {
    "timeStamp": 49541,
    "rotation": [
      [
        0.9379021,
        -0.3349003,
        0.09045205
      ],
      [
        -0.102200583,
        -0.0175866317,
        0.994608343
      ],
      [
        -0.331503868,
        -0.9420895,
        -0.05072154
      ]
    ],
    "translation": [
      2.156042,
      0.774920464,
      -0.632361948
    ]
  },
  {
    "timeStamp": 49587,
    "rotation": [
      [
        0.953513443,
        -0.292048842,
        0.0742948055
      ],
      [
        -0.08281915,
        -0.01691587,
        0.996421039
      ],
      [
        -0.289746881,
        -0.9562538,
        -0.0403167456
      ]
    ],
    "translation": [
      2.14632177,
      0.7684605,
      -0.6297627
    ]
  },
  {
    "timeStamp": 49632,
    "rotation": [
      [
        0.9590263,
        -0.272988975,
        0.0758002251
      ],
      [
        -0.08367598,
        -0.0173064172,
        0.9963427
      ],
      [
        -0.270678759,
        -0.9618615,
        -0.0394399278
      ]
    ],
    "translation": [
      2.139209,
      0.7644357,
      -0.6267668
    ]
  },
  {
    "timeStamp": 49687,
    "rotation": [
      [
        0.970799,
        -0.231610328,
        0.06249675
      ],
      [
        -0.06862548,
        -0.0184916072,
        0.9974711
      ],
      [
        -0.229868934,
        -0.9726328,
        -0.0338460058
      ]
    ],
    "translation": [
      2.12940168,
      0.7595222,
      -0.623383045
    ]
  },
  {
    "timeStamp": 49732,
    "rotation": [
      [
        0.9742322,
        -0.2180736,
        0.0575802177
      ],
      [
        -0.0653841347,
        -0.0287341233,
        0.997446358
      ],
      [
        -0.2158622,
        -0.975509167,
        -0.0422522649
      ]
    ],
    "translation": [
      2.12542677,
      0.758981943,
      -0.6191605
    ]
  },
  {
    "timeStamp": 49787,
    "rotation": [
      [
        0.9799072,
        -0.193647027,
        0.0477782339
      ],
      [
        -0.0559328645,
        -0.03686139,
        0.997753859
      ],
      [
        -0.1914509,
        -0.980378568,
        -0.0469519719
      ]
    ],
    "translation": [
      2.11990929,
      0.757025361,
      -0.61421454
    ]
  },
  {
    "timeStamp": 49832,
    "rotation": [
      [
        0.9837792,
        -0.1759792,
        0.034782324
      ],
      [
        -0.0416267067,
        -0.0353511833,
        0.9985076
      ],
      [
        -0.17448695,
        -0.9837589,
        -0.0421031937
      ]
    ],
    "translation": [
      2.11699963,
      0.7535868,
      -0.611736655
    ]
  },
  {
    "timeStamp": 49888,
    "rotation": [
      [
        0.9880992,
        -0.15326573,
        0.013022352
      ],
      [
        -0.0187004916,
        -0.03566454,
        0.99918884
      ],
      [
        -0.152676985,
        -0.987541258,
        -0.03810625
      ]
    ],
    "translation": [
      2.11454082,
      0.749388933,
      -0.608516157
    ]
  },
  {
    "timeStamp": 49932,
    "rotation": [
      [
        0.9903963,
        -0.137212113,
        0.01697075
      ],
      [
        -0.02018438,
        -0.0220634472,
        0.9995528
      ],
      [
        -0.1367763,
        -0.990295947,
        -0.0246210974
      ]
    ],
    "translation": [
      2.10955644,
      0.7441241,
      -0.60894
    ]
  },
  {
    "timeStamp": 49987,
    "rotation": [
      [
        0.9941835,
        -0.107577041,
        0.005132931
      ],
      [
        -0.005953186,
        -0.00730506051,
        0.9999556
      ],
      [
        -0.107534766,
        -0.9941699,
        -0.007902997
      ]
    ],
    "translation": [
      2.10301161,
      0.7384516,
      -0.609583557
    ]
  },
  {
    "timeStamp": 50032,
    "rotation": [
      [
        0.995269,
        -0.0969176441,
        0.006825435
      ],
      [
        -0.00729430327,
        -0.004484313,
        0.999963343
      ],
      [
        -0.09688348,
        -0.9952823,
        -0.00517004449
      ]
    ],
    "translation": [
      2.09998417,
      0.736799538,
      -0.609755337
    ]
  },
  {
    "timeStamp": 50087,
    "rotation": [
      [
        0.9967048,
        -0.0802907646,
        0.0115277944
      ],
      [
        -0.011934109,
        -0.00458249,
        0.9999183
      ],
      [
        -0.080231376,
        -0.9967609,
        -0.00552558852
      ]
    ],
    "translation": [
      2.09846544,
      0.7366657,
      -0.6092186
    ]
  }
]