[
  {
    "timeStamp": 13492,
    "rotation": [
      [
        -0.8900259,
        0.4559099,
        6.856182E-05
      ],
      [
        0.455806822,
        0.889827847,
        -0.0211298149
      ],
      [
        -0.009694301,
        -0.0187748317,
        -0.9997767
      ]
    ],
    "translation": [
      1.15396154,
      0.7294136,
      -0.4906059
    ]
  },
  {
    "timeStamp": 13537,
    "rotation": [
      [
        -0.887023,
        0.4617128,
        0.0033971204
      ],
      [
        0.461705863,
        0.8870292,
        -0.002652448
      ],
      [
        -0.004238014,
        -0.0007843119,
        -0.9999907
      ]
    ],
    "translation": [
      1.15771377,
      0.731977165,
      -0.4916448
    ]
  },
  {
    "timeStamp": 13582,
    "rotation": [
      [
        -0.875895,
        0.48240605,
        -0.009608748
      ],
      [
        0.482485622,
        0.8758548,
        -0.009274559
      ],
      [
        0.003941765,
        -0.0127596231,
        -0.9999108
      ]
    ],
    "translation": [
      1.1608752,
      0.741508543,
      -0.4885076
    ]
  },
  {
    "timeStamp": 13637,
    "rotation": [
      [
        -0.8406462,
        0.5398341,
        -0.04350851
      ],
      [
        0.54013443,
        0.8415605,
        0.00554064475
      ],
      [
        0.0396060757,
        -0.0188427232,
        -0.9990376
      ]
    ],
    "translation": [
      1.16684413,
      0.7657122,
      -0.4873699
    ]
  },
  {
    "timeStamp": 13682,
    "rotation": [
      [
        -0.789148152,
        0.6084745,
        -0.08368973
      ],
      [
        0.6092946,
        0.7927321,
        0.0183246043
      ],
      [
        0.0774935856,
        -0.03653087,
        -0.996323347
      ]
    ],
    "translation": [
      1.17203629,
      0.795015,
      -0.487025
    ]
  },
  {
    "timeStamp": 13737,
    "rotation": [
      [
        -0.6986983,
        0.7001915,
        -0.146808013
      ],
      [
        0.6988564,
        0.711896658,
        0.06930306
      ],
      [
        0.153037548,
        -0.0541757867,
        -0.9867343
      ]
    ],
    "translation": [
      1.19269,
      0.834787846,
      -0.4905214
    ]
  },
  {
    "timeStamp": 13782,
    "rotation": [
      [
        -0.6217873,
        0.7567468,
        -0.201779127
      ],
      [
        0.749567866,
        0.6496815,
        0.126735657
      ],
      [
        0.22699897,
        -0.0724445358,
        -0.97119683
      ]
    ],
    "translation": [
      1.21735966,
      0.863036036,
      -0.4960427
    ]
  },
  {
    "timeStamp": 13837,
    "rotation": [
      [
        -0.5121154,
        0.812791944,
        -0.277681619
      ],
      [
        0.7856091,
        0.573942244,
        0.231103122
      ],
      [
        0.347211957,
        -0.09979774,
        -0.9324614
      ]
    ],
    "translation": [
      1.26292634,
      0.8899652,
      -0.502973258
    ]
  },
  {
    "timeStamp": 13882,
    "rotation": [
      [
        -0.4207733,
        0.84399116,
        -0.332608849
      ],
      [
        0.7916873,
        0.520653,
        0.319611639
      ],
      [
        0.4429232,
        -0.128838167,
        -0.887254059
      ]
    ],
    "translation": [
      1.303935,
      0.90665853,
      -0.509715557
    ]
  },
  {
    "timeStamp": 13937,
    "rotation": [
      [
        -0.298099458,
        0.860651433,
        -0.412814617
      ],
      [
        0.78101027,
        0.468557835,
        0.41288808
      ],
      [
        0.5487802,
        -0.199330717,
        -0.8118544
      ]
    ],
    "translation": [
      1.36939979,
      0.919508636,
      -0.5139218
    ]
  },
  {
    "timeStamp": 13981,
    "rotation": [
      [
        -0.176447734,
        0.8641529,
        -0.4712811
      ],
      [
        0.744870842,
        0.430218548,
        0.5099798
      ],
      [
        0.6434544,
        -0.261058778,
        -0.719593465
      ]
    ],
    "translation": [
      1.42463994,
      0.9276362,
      -0.5172944
    ]
  },
  {
    "timeStamp": 14037,
    "rotation": [
      [
        -0.022761656,
        0.843793452,
        -0.5361851
      ],
      [
        0.707143843,
        0.3927087,
        0.5879859
      ],
      [
        0.7067032,
        -0.365776479,
        -0.605622053
      ]
    ],
    "translation": [
      1.50328565,
      0.9350314,
      -0.5196481
    ]
  },
  {
    "timeStamp": 14081,
    "rotation": [
      [
        0.13699308,
        0.8074025,
        -0.5738763
      ],
      [
        0.6616631,
        0.356556267,
        0.659598
      ],
      [
        0.737180233,
        -0.4700732,
        -0.4853827
      ]
    ],
    "translation": [
      1.56953442,
      0.9450278,
      -0.5181958
    ]
  },
  {
    "timeStamp": 14137,
    "rotation": [
      [
        0.331662238,
        0.7323182,
        -0.594735444
      ],
      [
        0.61969465,
        0.306219518,
        0.72263974
      ],
      [
        0.711321831,
        -0.608226657,
        -0.352252215
      ]
    ],
    "translation": [
      1.658217,
      0.960474133,
      -0.5196894
    ]
  },
  {
    "timeStamp": 14182,
    "rotation": [
      [
        0.476002425,
        0.6551969,
        -0.5866334
      ],
      [
        0.5967759,
        0.2493197,
        0.762691438
      ],
      [
        0.6459723,
        -0.7131316,
        -0.272328943
      ]
    ],
    "translation": [
      1.72877753,
      0.97946316,
      -0.5184615
    ]
  },
  {
    "timeStamp": 14237,
    "rotation": [
      [
        0.635317743,
        0.527121544,
        -0.5643707
      ],
      [
        0.565865636,
        0.179558426,
        0.804707944
      ],
      [
        0.5255164,
        -0.8306032,
        -0.1842033
      ]
    ],
    "translation": [
      1.81785011,
      0.996477544,
      -0.5257636
    ]
  },
  {
    "timeStamp": 14281,
    "rotation": [
      [
        0.7494284,
        0.3947587,
        -0.531528652
      ],
      [
        0.5275541,
        0.129043549,
        0.839663267
      ],
      [
        0.400054753,
        -0.9096776,
        -0.111547679
      ]
    ],
    "translation": [
      1.89246154,
      1.00728512,
      -0.529453337
    ]
  },
  {
    "timeStamp": 14337,
    "rotation": [
      [
        0.8316311,
        0.24681814,
        -0.4974641
      ],
      [
        0.492505461,
        0.08606585,
        0.8660433
      ],
      [
        0.256569862,
        -0.9652324,
        -0.0499842465
      ]
    ],
    "translation": [
      1.97359478,
      1.00918651,
      -0.5430808
    ]
  },
  {
    "timeStamp": 14391,
    "rotation": [
      [
        0.876391649,
        0.136995748,
        -0.461703271
      ],
      [
        0.454246432,
        0.0833492652,
        0.8869685
      ],
      [
        0.159993529,
        -0.9870588,
        0.01081677
      ]
    ],
    "translation": [
      2.03378367,
      0.997579157,
      -0.5534713
    ]
  },
  {
    "timeStamp": 14435,
    "rotation": [
      [
        0.911191,
        0.0143476818,
        -0.4117342
      ],
      [
        0.4069632,
        0.124205671,
        0.9049607
      ],
      [
        0.0641238242,
        -0.99215275,
        0.107336111
      ]
    ],
    "translation": [
      2.09268141,
      0.9690293,
      -0.56935674
    ]
  },
  {
    "timeStamp": 14487,
    "rotation": [
      [
        0.933349967,
        -0.119829118,
        -0.33837688
      ],
      [
        0.353986949,
        0.150757745,
        0.9230197
      ],
      [
        -0.0595917143,
        -0.9812814,
        0.183127671
      ]
    ],
    "translation": [
      2.14311266,
      0.9436292,
      -0.5815685
    ]
  },
  {
    "timeStamp": 14532,
    "rotation": [
      [
        0.9375454,
        -0.183400065,
        -0.295589149
      ],
      [
        0.3241675,
        0.15237619,
        0.9336471
      ],
      [
        -0.126190186,
        -0.971156955,
        0.202311948
      ]
    ],
    "translation": [
      2.16967535,
      0.9247708,
      -0.5842668
    ]
  },
  {
    "timeStamp": 14587,
    "rotation": [
      [
        0.94591254,
        -0.233469918,
        -0.225258276
      ],
      [
        0.269201219,
        0.177362144,
        0.9466115
      ],
      [
        -0.181053028,
        -0.9560515,
        0.230619445
      ]
    ],
    "translation": [
      2.18514919,
      0.896866,
      -0.5833934
    ]
  },
  {
    "timeStamp": 14632,
    "rotation": [
      [
        0.948975146,
        -0.26279375,
        -0.174314618
      ],
      [
        0.231118083,
        0.203512982,
        0.9514026
      ],
      [
        -0.214547381,
        -0.9431447,
        0.253865153
      ]
    ],
    "translation": [
      2.192357,
      0.875543237,
      -0.579670131
    ]
  },
  {
    "timeStamp": 14687,
    "rotation": [
      [
        0.951086342,
        -0.278155029,
        -0.134404466
      ],
      [
        0.200307891,
        0.224043667,
        0.953772068
      ],
      [
        -0.235184014,
        -0.934041858,
        0.2688015
      ]
    ],
    "translation": [
      2.19272876,
      0.8534467,
      -0.573135
    ]
  },
  {
    "timeStamp": 14732,
    "rotation": [
      [
        0.953302145,
        -0.2892353,
        -0.0869362
      ],
      [
        0.154383644,
        0.219276279,
        0.963371
      ],
      [
        -0.259577841,
        -0.9318052,
        0.253689736
      ]
    ],
    "translation": [
      2.18901873,
      0.8418795,
      -0.565679669
    ]
  },
  {
    "timeStamp": 14787,
    "rotation": [
      [
        0.951954544,
        -0.2989004,
        -0.06664163
      ],
      [
        0.1370275,
        0.2211334,
        0.965569
      ],
      [
        -0.2738723,
        -0.92830956,
        0.2514665
      ]
    ],
    "translation": [
      2.18113732,
      0.832204759,
      -0.5581904
    ]
  },
  {
    "timeStamp": 14832,
    "rotation": [
      [
        0.949112058,
        -0.308576167,
        -0.0629839152
      ],
      [
        0.1345787,
        0.216569468,
        0.96694684
      ],
      [
        -0.284736365,
        -0.9262172,
        0.2470765
      ]
    ],
    "translation": [
      2.174497,
      0.8271771,
      -0.5530416
    ]
  },
  {
    "timeStamp": 14888,
    "rotation": [
      [
        0.935050845,
        -0.34921363,
        -0.06107162
      ],
      [
        0.14493975,
        0.219358638,
        0.964818239
      ],
      [
        -0.3235311,
        -0.9110058,
        0.255726427
      ]
    ],
    "translation": [
      2.16798854,
      0.819132745,
      -0.5480192
    ]
  },
  {
    "timeStamp": 14934,
    "rotation": [
      [
        0.9400046,
        -0.340229183,
        -0.0252078
      ],
      [
        0.1104507,
        0.233584762,
        0.9660429
      ],
      [
        -0.322787821,
        -0.910869,
        0.257149279
      ]
    ],
    "translation": [
      2.15935063,
      0.8127592,
      -0.5420116
    ]
  },
  {
    "timeStamp": 14991,
    "rotation": [
      [
        0.933537245,
        -0.358426064,
        -0.00624863524
      ],
      [
        0.092962496,
        0.225216955,
        0.969863534
      ],
      [
        -0.346217066,
        -0.9059846,
        0.243568584
      ]
    ],
    "translation": [
      2.15327787,
      0.81099087,
      -0.5351558
    ]
  },
  {
    "timeStamp": 15036,
    "rotation": [
      [
        0.9168869,
        -0.399098724,
        -0.00620471826
      ],
      [
        0.0991071239,
        0.212574944,
        0.9721058
      ],
      [
        -0.3866472,
        -0.89192605,
        0.234460711
      ]
    ],
    "translation": [
      2.151859,
      0.810349047,
      -0.5330214
    ]
  },
  {
    "timeStamp": 15092,
    "rotation": [
      [
        0.898543239,
        -0.438833654,
        0.00670955563
      ],
      [
        0.08422578,
        0.187421575,
        0.978661954
      ],
      [
        -0.430727333,
        -0.878805,
        0.205367491
      ]
    ],
    "translation": [
      2.150412,
      0.809289157,
      -0.529885769
    ]
  },
  {
    "timeStamp": 15136,
    "rotation": [
      [
        0.893794358,
        -0.448396236,
        0.008508733
      ],
      [
        0.06829184,
        0.154829323,
        0.98557806
      ],
      [
        -0.4432469,
        -0.880323052,
        0.169007391
      ]
    ],
    "translation": [
      2.14998,
      0.8080463,
      -0.5287356
    ]
  },
  {
    "timeStamp": 15181,
    "rotation": [
      [
        0.8892053,
        -0.457386166,
        0.0105769318
      ],
      [
        0.0520277545,
        0.124061771,
        0.9909096
      ],
      [
        -0.454540521,
        -0.8805717,
        0.134113163
      ]
    ],
    "translation": [
      2.14947772,
      0.8068501,
      -0.5276049
    ]
  },
  {
    "timeStamp": 15236,
    "rotation": [
      [
        0.8831129,
        -0.4690335,
        0.0109121734
      ],
      [
        0.0343058631,
        0.0877540261,
        0.9955513
      ],
      [
        -0.4679045,
        -0.878809869,
        0.09358732
      ]
    ],
    "translation": [
      2.148832,
      0.805535853,
      -0.5265265
    ]
  },
  {
    "timeStamp": 15292,
    "rotation": [
      [
        0.884854734,
        -0.465862632,
        0.00204586051
      ],
      [
        0.0398024544,
        0.07997437,
        0.996001959
      ],
      [
        -0.4641637,
        -0.8812356,
        0.08930818
      ]
    ],
    "translation": [
      2.1469872,
      0.805826366,
      -0.5263445
    ]
  },
  {
    "timeStamp": 15336,
    "rotation": [
      [
        0.8958488,
        -0.443489283,
        0.0277880542
      ],
      [
        0.0351459831,
        0.133056521,
        0.9904851
      ],
      [
        -0.4429669,
        -0.886348248,
        0.134785384
      ]
    ],
    "translation": [
      2.142594,
      0.8020903,
      -0.5279366
    ]
  },
  {
    "timeStamp": 15392,
    "rotation": [
      [
        0.9214387,
        -0.381276667,
        0.074691765
      ],
      [
        0.0335024036,
        0.2695025,
        0.962416768
      ],
      [
        -0.387076676,
        -0.884305656,
        0.2611037
      ]
    ],
    "translation": [
      2.13476324,
      0.784934,
      -0.537006736
    ]
  },
  {
    "timeStamp": 15436,
    "rotation": [
      [
        0.914323568,
        -0.3933989,
        0.09617547
      ],
      [
        0.01334008,
        0.2666065,
        0.9637131
      ],
      [
        -0.4047647,
        -0.8798626,
        0.2490126
      ]
    ],
    "translation": [
      2.13432741,
      0.7837108,
      -0.538224041
    ]
  },
  {
    "timeStamp": 15492,
    "rotation": [
      [
        0.9013039,
        -0.408257455,
        0.14483504
      ],
      [
        -0.0336912163,
        0.2672697,
        0.9630326
      ],
      [
        -0.431875259,
        -0.872864664,
        0.227136508
      ]
    ],
    "translation": [
      2.13322949,
      0.780829668,
      -0.53992945
    ]
  },
  {
    "timeStamp": 15536,
    "rotation": [
      [
        0.8903723,
        -0.413934529,
        0.189460665
      ],
      [
        -0.07679783,
        0.273639679,
        0.9587614
      ],
      [
        -0.448708415,
        -0.8682048,
        0.21185191
      ]
    ],
    "translation": [
      2.13217521,
      0.7781624,
      -0.540963531
    ]
  },
  {
    "timeStamp": 15592,
    "rotation": [
      [
        0.889573157,
        -0.4088961,
        0.203626022
      ],
      [
        -0.09328732,
        0.273756623,
        0.957264245
      ],
      [
        -0.447165549,
        -0.8705523,
        0.205381736
      ]
    ],
    "translation": [
      2.131766,
      0.77735287,
      -0.540695548
    ]
  },
  {
    "timeStamp": 15643,
    "rotation": [
      [
        0.897680461,
        -0.396302134,
        0.192651
      ],
      [
        -0.08722612,
        0.268735647,
        0.959256351
      ],
      [
        -0.431927532,
        -0.8779099,
        0.206670836
      ]
    ],
    "translation": [
      2.131794,
      0.7778979,
      -0.539539
    ]
  },
  {
    "timeStamp": 15686,
    "rotation": [
      [
        0.912731,
        -0.37406832,
        0.164301544
      ],
      [
        -0.07675874,
        0.237982824,
        0.9682315
      ],
      [
        -0.401285678,
        -0.89634645,
        0.1885013
      ]
    ],
    "translation": [
      2.13227654,
      0.7794428,
      -0.537010849
    ]
  },
  {
    "timeStamp": 15731,
    "rotation": [
      [
        0.9348048,
        -0.345627844,
        0.0817391
      ],
      [
        -0.0147755379,
        0.192100808,
        0.981263936
      ],
      [
        -0.354854316,
        -0.918498,
        0.174469918
      ]
    ],
    "translation": [
      2.13259721,
      0.7843354,
      -0.5336964
    ]
  },
  {
    "timeStamp": 15786,
    "rotation": [
      [
        0.9351696,
        -0.3381959,
        0.105268314
      ],
      [
        -0.0282921623,
        0.224927783,
        0.973964632
      ],
      [
        -0.3530686,
        -0.913800359,
        0.2007773
      ]
    ],
    "translation": [
      2.13318133,
      0.78304106,
      -0.5345049
    ]
  },
  {
    "timeStamp": 15831,
    "rotation": [
      [
        0.9358062,
        -0.335285157,
        0.108860731
      ],
      [
        -0.0331576169,
        0.2237227,
        0.974088669
      ],
      [
        -0.3509521,
        -0.915167749,
        0.198243827
      ]
    ],
    "translation": [
      2.13391972,
      0.7827204,
      -0.534366369
    ]
  },
  {
    "timeStamp": 15886,
    "rotation": [
      [
        0.9272004,
        -0.3551118,
        0.119143091
      ],
      [
        -0.0400285348,
        0.222321346,
        0.9741514
      ],
      [
        -0.372420728,
        -0.9080027,
        0.19192183
      ]
    ],
    "translation": [
      2.13427186,
      0.782352567,
      -0.5354244
    ]
  },
  {
    "timeStamp": 15931,
    "rotation": [
      [
        0.916341543,
        -0.375422984,
        0.139197126
      ],
      [
        -0.04213214,
        0.255308837,
        0.965941131
      ],
      [
        -0.398174763,
        -0.8909967,
        0.2181327
      ]
    ],
    "translation": [
      2.1339705,
      0.777665,
      -0.533916831
    ]
  },
  {
    "timeStamp": 15986,
    "rotation": [
      [
        0.9274529,
        -0.3721003,
        0.037047293
      ],
      [
        0.0574329868,
        0.239642859,
        0.969160855
      ],
      [
        -0.36950314,
        -0.89672333,
        0.243628308
      ]
    ],
    "translation": [
      2.13552022,
      0.772868156,
      -0.537712157
    ]
  },
  {
    "timeStamp": 16031,
    "rotation": [
      [
        0.9228249,
        -0.38285622,
        0.04260723
      ],
      [
        0.05473038,
        0.23978959,
        0.969280958
      ],
      [
        -0.381312,
        -0.8921447,
        0.242237657
      ]
    ],
    "translation": [
      2.13652158,
      0.7728557,
      -0.5396216
    ]
  },
  {
    "timeStamp": 16088,
    "rotation": [
      [
        0.9214741,
        -0.385876,
        0.0445550643
      ],
      [
        0.0530857444,
        0.238727644,
        0.9696345
      ],
      [
        -0.3847952,
        -0.8911278,
        0.24046585
      ]
    ],
    "translation": [
      2.137744,
      0.772697568,
      -0.5402063
    ]
  },
  {
    "timeStamp": 16133,
    "rotation": [
      [
        0.9220338,
        -0.385249466,
        0.03790131
      ],
      [
        0.0597869828,
        0.2384528,
        0.969312
      ],
      [
        -0.3824646,
        -0.891472459,
        0.242894441
      ]
    ],
    "translation": [
      2.13796473,
      0.7725023,
      -0.54028815
    ]
  },
  {
    "timeStamp": 16190,
    "rotation": [
      [
        0.920995057,
        -0.386892021,
        0.04563531
      ],
      [
        0.05085477,
        0.235537544,
        0.9705338
      ],
      [
        -0.386240631,
        -0.891536057,
        0.236604229
      ]
    ],
    "translation": [
      2.13711619,
      0.772585034,
      -0.5391798
    ]
  },
  {
    "timeStamp": 16235,
    "rotation": [
      [
        0.919914,
        -0.3888176,
        0.0507840477
      ],
      [
        0.04472212,
        0.232700884,
        0.97151953
      ],
      [
        -0.389561385,
        -0.891443253,
        0.231453553
      ]
    ],
    "translation": [
      2.13672638,
      0.772646666,
      -0.5387662
    ]
  },
  {
    "timeStamp": 16292,
    "rotation": [
      [
        0.922230065,
        -0.3828533,
        0.0539919175
      ],
      [
        0.03778688,
        0.228222191,
        0.972875535
      ],
      [
        -0.384790748,
        -0.8951749,
        0.2249402
      ]
    ],
    "translation": [
      2.13484979,
      0.77260536,
      -0.536265
    ]
  },
  {
    "timeStamp": 16336,
    "rotation": [
      [
        0.926786244,
        -0.3737727,
        0.03689419
      ],
      [
        0.0482715927,
        0.215952188,
        0.975209951
      ],
      [
        -0.372474253,
        -0.9020302,
        0.218184128
      ]
    ],
    "translation": [
      2.13487029,
      0.7735908,
      -0.5343172
    ]
  },
  {
    "timeStamp": 16392,
    "rotation": [
      [
        0.931331933,
        -0.3633151,
        0.02495897
      ],
      [
        0.06002511,
        0.220746189,
        0.9734825
      ],
      [
        -0.3591905,
        -0.9051372,
        0.227396
      ]
    ],
    "translation": [
      2.13309455,
      0.772999644,
      -0.5329341
    ]
  }
]