[
  {
    "timeStamp": 33462,
    "rotation": [
      [
        0.653758168,
        -0.7566603,
        -0.008092589
      ],
      [
        -0.0184243638,
        -0.026608279,
        0.999476135
      ],
      [
        -0.7564792,
        -0.6532666,
        -0.0313363634
      ]
    ],
    "translation": [
      1.50660491,
      0.7008999,
      -0.5307705
    ]
  },
  {
    "timeStamp": 33517,
    "rotation": [
      [
        0.6547876,
        -0.7557646,
        0.00854176
      ],
      [
        -0.0242260452,
        -0.009690931,
        0.999659538
      ],
      [
        -0.7554245,
        -0.6547716,
        -0.02465469
      ]
    ],
    "translation": [
      1.50671363,
      0.7052439,
      -0.5308504
    ]
  },
  {
    "timeStamp": 33562,
    "rotation": [
      [
        0.6310726,
        -0.7753548,
        -0.0239224546
      ],
      [
        -0.006645232,
        -0.03624126,
        0.999321
      ],
      [
        -0.7756953,
        -0.6304851,
        -0.0280232765
      ]
    ],
    "translation": [
      1.51742768,
      0.704656363,
      -0.5318759
    ]
  },
  {
    "timeStamp": 33617,
    "rotation": [
      [
        0.606111169,
        -0.7952549,
        0.01410126
      ],
      [
        -0.0492681935,
        -0.0198435113,
        0.998588443
      ],
      [
        -0.7938525,
        -0.605950356,
        -0.05120815
      ]
    ],
    "translation": [
      1.52385581,
      0.7223888,
      -0.5303392
    ]
  },
  {
    "timeStamp": 33661,
    "rotation": [
      [
        0.554442,
        -0.8276809,
        0.08682357
      ],
      [
        -0.115257137,
        0.0269545838,
        0.99296993
      ],
      [
        -0.824202538,
        -0.5605512,
        -0.0804513842
      ]
    ],
    "translation": [
      1.53041959,
      0.750692248,
      -0.5230868
    ]
  },
  {
    "timeStamp": 33717,
    "rotation": [
      [
        0.433763057,
        -0.8729694,
        0.2231006
      ],
      [
        -0.208523974,
        0.143625408,
        0.9674138
      ],
      [
        -0.8765656,
        -0.466150224,
        -0.119735658
      ]
    ],
    "translation": [
      1.5519644,
      0.798010767,
      -0.513739
    ]
  },
  {
    "timeStamp": 33761,
    "rotation": [
      [
        0.305015773,
        -0.882690847,
        0.357522339
      ],
      [
        -0.271387428,
        0.2792842,
        0.9210587
      ],
      [
        -0.912860453,
        -0.377964526,
        -0.1543651
      ]
    ],
    "translation": [
      1.57439792,
      0.844529867,
      -0.506379247
    ]
  },
  {
    "timeStamp": 33817,
    "rotation": [
      [
        0.111023247,
        -0.849032,
        0.516544759
      ],
      [
        -0.3401666,
        0.455898017,
        0.822461963
      ],
      [
        -0.93378824,
        -0.267023683,
        -0.238197058
      ]
    ],
    "translation": [
      1.62530255,
      0.90373677,
      -0.499543667
    ]
  },
  {
    "timeStamp": 33861,
    "rotation": [
      [
        -0.0632705241,
        -0.7632495,
        0.6429985
      ],
      [
        -0.383385718,
        0.613440633,
        0.690439
      ],
      [
        -0.9214186,
        -0.202832013,
        -0.331431657
      ]
    ],
    "translation": [
      1.67292166,
      0.958808661,
      -0.4929245
    ]
  },
  {
    "timeStamp": 33917,
    "rotation": [
      [
        -0.286665469,
        -0.6779652,
        0.6768944
      ],
      [
        -0.411570668,
        0.725176156,
        0.552022755
      ],
      [
        -0.865119934,
        -0.120344028,
        -0.486913562
      ]
    ],
    "translation": [
      1.755931,
      1.00572944,
      -0.4902954
    ]
  },
  {
    "timeStamp": 33962,
    "rotation": [
      [
        -0.4536482,
        -0.6094918,
        0.6501715
      ],
      [
        -0.409911424,
        0.790512264,
        0.455041736
      ],
      [
        -0.7913128,
        -0.0600838847,
        -0.608452141
      ]
    ],
    "translation": [
      1.82680357,
      1.0355072,
      -0.487675965
    ]
  },
  {
    "timeStamp": 34017,
    "rotation": [
      [
        -0.643090665,
        -0.515734136,
        0.5660854
      ],
      [
        -0.403461754,
        0.8564827,
        0.321956545
      ],
      [
        -0.6508863,
        -0.0213465616,
        -0.758875
      ]
    ],
    "translation": [
      1.91283274,
      1.06050742,
      -0.4974128
    ]
  },
  {
    "timeStamp": 34061,
    "rotation": [
      [
        -0.755537748,
        -0.445922375,
        0.47991243
      ],
      [
        -0.3774608,
        0.8950699,
        0.237430349
      ],
      [
        -0.53543067,
        -0.00176054728,
        -0.8445774
      ]
    ],
    "translation": [
      1.9749614,
      1.07172954,
      -0.5046731
    ]
  },
  {
    "timeStamp": 34117,
    "rotation": [
      [
        -0.828354239,
        -0.4247864,
        0.36522004
      ],
      [
        -0.371667,
        0.904519,
        0.209066927
      ],
      [
        -0.419157237,
        0.03744125,
        -0.907141268
      ]
    ],
    "translation": [
      2.02933216,
      1.06757438,
      -0.5141334
    ]
  },
  {
    "timeStamp": 34161,
    "rotation": [
      [
        -0.870746851,
        -0.390401125,
        0.298976421
      ],
      [
        -0.3377823,
        0.9167364,
        0.213301286
      ],
      [
        -0.357355654,
        0.08474247,
        -0.930115938
      ]
    ],
    "translation": [
      2.06625342,
      1.05368531,
      -0.5164077
    ]
  },
  {
    "timeStamp": 34214,
    "rotation": [
      [
        -0.9215017,
        -0.3133274,
        0.229478851
      ],
      [
        -0.270704567,
        0.9418748,
        0.1989746
      ],
      [
        -0.278484523,
        0.121234454,
        -0.952758431
      ]
    ],
    "translation": [
      2.10152364,
      1.03730929,
      -0.520603836
    ]
  },
  {
    "timeStamp": 34267,
    "rotation": [
      [
        -0.9635837,
        -0.227897689,
        0.139889732
      ],
      [
        -0.197801858,
        0.959489465,
        0.2006351
      ],
      [
        -0.179947,
        0.165658265,
        -0.969626963
      ]
    ],
    "translation": [
      2.14212584,
      1.0114361,
      -0.5267587
    ]
  },
  {
    "timeStamp": 34312,
    "rotation": [
      [
        -0.9854972,
        -0.137624234,
        0.09927183
      ],
      [
        -0.1188019,
        0.9772894,
        0.175475329
      ],
      [
        -0.121166959,
        0.161136761,
        -0.979465961
      ]
    ],
    "translation": [
      2.16502881,
      0.9948673,
      -0.530575037
    ]
  },
  {
    "timeStamp": 34367,
    "rotation": [
      [
        -0.996208847,
        -0.0601826124,
        0.06281794
      ],
      [
        -0.0490098558,
        0.984855235,
        0.166307718
      ],
      [
        -0.07187541,
        0.162598521,
        -0.984071
      ]
    ],
    "translation": [
      2.18136144,
      0.975160241,
      -0.532025456
    ]
  },
  {
    "timeStamp": 34412,
    "rotation": [
      [
        -0.9987643,
        -0.00676150853,
        0.0492366254
      ],
      [
        0.000912456,
        0.988040268,
        0.154193565
      ],
      [
        -0.0496903472,
        0.154047951,
        -0.9868131
      ]
    ],
    "translation": [
      2.18782687,
      0.9621863,
      -0.530873537
    ]
  },
  {
    "timeStamp": 34467,
    "rotation": [
      [
        -0.9981575,
        0.050481867,
        0.033661522
      ],
      [
        0.0550699756,
        0.9866406,
        0.1533219
      ],
      [
        -0.02547185,
        0.15489316,
        -0.9876028
      ]
    ],
    "translation": [
      2.19059539,
      0.9468354,
      -0.5290817
    ]
  },
  {
    "timeStamp": 34512,
    "rotation": [
      [
        -0.9971007,
        0.07169138,
        0.025503166
      ],
      [
        0.07483284,
        0.984609962,
        0.157934681
      ],
      [
        -0.0137881134,
        0.159385264,
        -0.987120152
      ]
    ],
    "translation": [
      2.18917727,
      0.9393181,
      -0.526769042
    ]
  },
  {
    "timeStamp": 34567,
    "rotation": [
      [
        -0.995553255,
        0.09402608,
        0.005739779
      ],
      [
        0.09403026,
        0.9882332,
        0.120637856
      ],
      [
        0.0056708646,
        0.12064112,
        -0.99268
      ]
    ],
    "translation": [
      2.18642783,
      0.937356055,
      -0.525965452
    ]
  },
  {
    "timeStamp": 34611,
    "rotation": [
      [
        -0.993913352,
        0.110127628,
        0.00286528352
      ],
      [
        0.109919354,
        0.989627,
        0.0924997
      ],
      [
        0.00735121127,
        0.09225164,
        -0.9957086
      ]
    ],
    "translation": [
      2.18250465,
      0.935872257,
      -0.5237086
    ]
  },
  {
    "timeStamp": 34667,
    "rotation": [
      [
        -0.9931678,
        0.116007105,
        -0.0126522332
      ],
      [
        0.114489622,
        0.989633143,
        0.08670902
      ],
      [
        0.02257993,
        0.08466806,
        -0.996153355
      ]
    ],
    "translation": [
      2.17959166,
      0.9304054,
      -0.52302283
    ]
  },
  {
    "timeStamp": 34713,
    "rotation": [
      [
        -0.9921599,
        0.124483675,
        -0.0110699823
      ],
      [
        0.12286637,
        0.9877887,
        0.09579852
      ],
      [
        0.0228601564,
        0.09368732,
        -0.995339155
      ]
    ],
    "translation": [
      2.17642927,
      0.9244866,
      -0.521632969
    ]
  },
  {
    "timeStamp": 34771,
    "rotation": [
      [
        -0.99268055,
        0.120428957,
        -0.00906449649
      ],
      [
        0.11872647,
        0.9868816,
        0.109401457
      ],
      [
        0.0221206881,
        0.1075245,
        -0.993956268
      ]
    ],
    "translation": [
      2.17197919,
      0.9174125,
      -0.5202402
    ]
  },
  {
    "timeStamp": 34815,
    "rotation": [
      [
        -0.9912841,
        0.131347269,
        -0.0101852678
      ],
      [
        0.12943238,
        0.985405564,
        0.110558353
      ],
      [
        0.0245581567,
        0.108276434,
        -0.993817449
      ]
    ],
    "translation": [
      2.169314,
      0.911221,
      -0.5198236
    ]
  },
  {
    "timeStamp": 34872,
    "rotation": [
      [
        -0.991809,
        0.12771377,
        0.00199482869
      ],
      [
        0.127057269,
        0.98487,
        0.117845058
      ],
      [
        0.0130857909,
        0.117133252,
        -0.993029952
      ]
    ],
    "translation": [
      2.164319,
      0.906359851,
      -0.5156642
    ]
  },
  {
    "timeStamp": 34916,
    "rotation": [
      [
        -0.9919731,
        0.126404569,
        0.00335615687
      ],
      [
        0.125832915,
        0.9841742,
        0.124768712
      ],
      [
        0.0124682924,
        0.124189518,
        -0.992180169
      ]
    ],
    "translation": [
      2.16121125,
      0.9023904,
      -0.5144923
    ]
  },
  {
    "timeStamp": 34972,
    "rotation": [
      [
        -0.990772,
        0.135538712,
        -0.0003870151
      ],
      [
        0.1343207,
        0.982242465,
        0.130987629
      ],
      [
        0.0181340389,
        0.129726887,
        -0.99138397
      ]
    ],
    "translation": [
      2.15989852,
      0.896695,
      -0.513589
    ]
  },
  {
    "timeStamp": 35021,
    "rotation": [
      [
        -0.991290569,
        0.1316344,
        0.00391183561
      ],
      [
        0.130993411,
        0.9825365,
        0.132146671
      ],
      [
        0.0135515267,
        0.131508172,
        -0.991222441
      ]
    ],
    "translation": [
      2.1584363,
      0.8946175,
      -0.5121184
    ]
  },
  {
    "timeStamp": 35070,
    "rotation": [
      [
        -0.9921958,
        0.12450546,
        0.006773782
      ],
      [
        0.124261186,
        0.9828273,
        0.136417285
      ],
      [
        0.0103272395,
        0.136194378,
        -0.990628362
      ]
    ],
    "translation": [
      2.15779042,
      0.8934861,
      -0.509967566
    ]
  },
  {
    "timeStamp": 35114,
    "rotation": [
      [
        -0.9920544,
        0.125594914,
        0.00734705152
      ],
      [
        0.125324339,
        0.9814168,
        0.1453094
      ],
      [
        0.0110396016,
        0.145075589,
        -0.989358962
      ]
    ],
    "translation": [
      2.15747428,
      0.89216,
      -0.5097382
    ]
  }
]