[
  {
    "timeStamp": 68501,
    "rotation": [
      [
        -0.6198723,
        0.7831516,
        -0.0493146144
      ],
      [
        -0.749532163,
        -0.6095228,
        -0.258231372
      ],
      [
        -0.2322927,
        -0.123107575,
        0.964823663
      ]
    ],
    "translation": [
      2.24432564,
      0.7583458,
      -0.7777784
    ]
  },
  {
    "timeStamp": 68546,
    "rotation": [
      [
        -0.628387034,
        0.776613533,
        -0.0447350144
      ],
      [
        -0.746064544,
        -0.617955863,
        -0.2480286
      ],
      [
        -0.220266625,
        -0.122482754,
        0.967719257
      ]
    ],
    "translation": [
      2.244443,
      0.760369837,
      -0.7764503
    ]
  },
  {
    "timeStamp": 68592,
    "rotation": [
      [
        -0.625995636,
        0.778551459,
        -0.0445764
      ],
      [
        -0.7502901,
        -0.6168838,
        -0.237737462
      ],
      [
        -0.212589309,
        -0.115377381,
        0.9703061
      ]
    ],
    "translation": [
      2.24445319,
      0.7632021,
      -0.7747392
    ]
  },
  {
    "timeStamp": 68645,
    "rotation": [
      [
        -0.6324926,
        0.7735515,
        -0.0396378636
      ],
      [
        -0.74587363,
        -0.622064233,
        -0.238135785
      ],
      [
        -0.2088676,
        -0.121054284,
        0.9704227
      ]
    ],
    "translation": [
      2.244586,
      0.7655962,
      -0.7736031
    ]
  },
  {
    "timeStamp": 68701,
    "rotation": [
      [
        -0.6337414,
        0.7723645,
        -0.042719055
      ],
      [
        -0.745255351,
        -0.6244312,
        -0.233837709
      ],
      [
        -0.20728305,
        -0.11635603,
        0.971336663
      ]
    ],
    "translation": [
      2.24478078,
      0.767522156,
      -0.772504151
    ]
  },
  {
    "timeStamp": 68745,
    "rotation": [
      [
        -0.632422566,
        0.7733339,
        -0.0446808673
      ],
      [
        -0.7464661,
        -0.623829842,
        -0.231569886
      ],
      [
        -0.2069541,
        -0.113097273,
        0.9717916
      ]
    ],
    "translation": [
      2.244553,
      0.769047439,
      -0.772222936
    ]
  },
  {
    "timeStamp": 68801,
    "rotation": [
      [
        -0.6380365,
        0.768491566,
        -0.0482706763
      ],
      [
        -0.7417114,
        -0.630220056,
        -0.2295362
      ],
      [
        -0.206817791,
        -0.110649563,
        0.972102344
      ]
    ],
    "translation": [
      2.24422765,
      0.770640254,
      -0.772461653
    ]
  },
  {
    "timeStamp": 68845,
    "rotation": [
      [
        -0.6341898,
        0.771519065,
        -0.0506128371
      ],
      [
        -0.7445009,
        -0.6270211,
        -0.229266316
      ],
      [
        -0.208618641,
        -0.10771706,
        0.972047031
      ]
    ],
    "translation": [
      2.243857,
      0.7716565,
      -0.77291137
    ]
  },
  {
    "timeStamp": 68901,
    "rotation": [
      [
        -0.636657357,
        0.769469142,
        -0.0508398637
      ],
      [
        -0.7438506,
        -0.6301711,
        -0.2226448
      ],
      [
        -0.203356117,
        -0.103931196,
        0.973573148
      ]
    ],
    "translation": [
      2.24365568,
      0.7749074,
      -0.773665369
    ]
  },
  {
    "timeStamp": 68945,
    "rotation": [
      [
        -0.6362975,
        0.7695817,
        -0.05356795
      ],
      [
        -0.7456597,
        -0.6313484,
        -0.213051111
      ],
      [
        -0.197780266,
        -0.09562042,
        0.975571454
      ]
    ],
    "translation": [
      2.24246144,
      0.779292643,
      -0.7745877
    ]
  },
  {
    "timeStamp": 69000,
    "rotation": [
      [
        -0.651020467,
        0.7555603,
        -0.07280865
      ],
      [
        -0.735388339,
        -0.6515774,
        -0.186147392
      ],
      [
        -0.188086048,
        -0.06764312,
        0.97982043
      ]
    ],
    "translation": [
      2.23746848,
      0.7880346,
      -0.7763334
    ]
  },
  {
    "timeStamp": 69045,
    "rotation": [
      [
        -0.643243253,
        0.7589378,
        -0.101249784
      ],
      [
        -0.7423014,
        -0.650557,
        -0.160512641
      ],
      [
        -0.187687859,
        -0.0280908253,
        0.981826961
      ]
    ],
    "translation": [
      2.23210621,
      0.7954499,
      -0.7791305
    ]
  },
  {
    "timeStamp": 69100,
    "rotation": [
      [
        -0.63439703,
        0.7600743,
        -0.140810058
      ],
      [
        -0.7547331,
        -0.6484107,
        -0.09970781
      ],
      [
        -0.167088091,
        0.04301967,
        0.985002935
      ]
    ],
    "translation": [
      2.2248652,
      0.807678938,
      -0.780703664
    ]
  },
  {
    "timeStamp": 69145,
    "rotation": [
      [
        -0.6207723,
        0.763319731,
        -0.1788431
      ],
      [
        -0.7698533,
        -0.6366317,
        -0.0450113751
      ],
      [
        -0.148215264,
        0.109741136,
        0.9828475
      ]
    ],
    "translation": [
      2.21834,
      0.8170447,
      -0.7823475
    ]
  },
  {
    "timeStamp": 69201,
    "rotation": [
      [
        -0.591378748,
        0.77397275,
        -0.2263566
      ],
      [
        -0.798672259,
        -0.6009197,
        0.0319067352
      ],
      [
        -0.1113272,
        0.1996537,
        0.973521769
      ]
    ],
    "translation": [
      2.21006417,
      0.8306185,
      -0.7816584
    ]
  },
  {
    "timeStamp": 69245,
    "rotation": [
      [
        -0.584508538,
        0.771991968,
        -0.249756262
      ],
      [
        -0.8075372,
        -0.5834415,
        0.0864852741
      ],
      [
        -0.07895223,
        0.25223884,
        0.964438736
      ]
    ],
    "translation": [
      2.20349813,
      0.840362847,
      -0.7798854
    ]
  },
  {
    "timeStamp": 69294,
    "rotation": [
      [
        -0.57573843,
        0.7737297,
        -0.2643249
      ],
      [
        -0.8159316,
        -0.564538956,
        0.124704838
      ],
      [
        -0.0527338721,
        0.2874684,
        0.956337333
      ]
    ],
    "translation": [
      2.19781542,
      0.8487457,
      -0.773972452
    ]
  },
  {
    "timeStamp": 69344,
    "rotation": [
      [
        -0.5712211,
        0.7716845,
        -0.279659539
      ],
      [
        -0.8201685,
        -0.549954951,
        0.15771243
      ],
      [
        -0.0320959054,
        0.3194566,
        0.947057247
      ]
    ],
    "translation": [
      2.19053817,
      0.8562952,
      -0.765275657
    ]
  },
  {
    "timeStamp": 69399,
    "rotation": [
      [
        -0.561166346,
        0.768817,
        -0.306614965
      ],
      [
        -0.8261063,
        -0.5432362,
        0.149809569
      ],
      [
        -0.0513881966,
        0.337364644,
        0.9399704
      ]
    ],
    "translation": [
      2.18294287,
      0.8576261,
      -0.7551411
    ]
  },
  {
    "timeStamp": 69444,
    "rotation": [
      [
        -0.5670505,
        0.761162758,
        -0.314777732
      ],
      [
        -0.8222127,
        -0.545898139,
        0.161125749
      ],
      [
        -0.0491936542,
        0.3501807,
        0.9353895
      ]
    ],
    "translation": [
      2.17806673,
      0.857692,
      -0.747179
    ]
  },
  {
    "timeStamp": 69499,
    "rotation": [
      [
        -0.5588437,
        0.760786831,
        -0.3299956
      ],
      [
        -0.827139258,
        -0.539899647,
        0.156041563
      ],
      [
        -0.0594501421,
        0.360155165,
        0.9309962
      ]
    ],
    "translation": [
      2.17396855,
      0.8541082,
      -0.738074064
    ]
  },
  {
    "timeStamp": 69544,
    "rotation": [
      [
        -0.551723361,
        0.7591056,
        -0.345485151
      ],
      [
        -0.831450939,
        -0.5331439,
        0.156355232
      ],
      [
        -0.06550316,
        0.3735188,
        0.925307
      ]
    ],
    "translation": [
      2.17131972,
      0.851396739,
      -0.7317284
    ]
  },
  {
    "timeStamp": 69599,
    "rotation": [
      [
        -0.5452874,
        0.7583032,
        -0.35726437
      ],
      [
        -0.835275233,
        -0.5274013,
        0.155444771
      ],
      [
        -0.07054744,
        0.383176148,
        0.920977235
      ]
    ],
    "translation": [
      2.16886044,
      0.849203467,
      -0.7244999
    ]
  },
  {
    "timeStamp": 69644,
    "rotation": [
      [
        -0.538824141,
        0.758592367,
        -0.3663416
      ],
      [
        -0.838670135,
        -0.524025,
        0.148425236
      ],
      [
        -0.07937792,
        0.387214869,
        0.9185661
      ]
    ],
    "translation": [
      2.16746,
      0.846561551,
      -0.7201513
    ]
  },
  {
    "timeStamp": 69700,
    "rotation": [
      [
        -0.5305811,
        0.7589178,
        -0.377528071
      ],
      [
        -0.8430682,
        -0.5186569,
        0.142236024
      ],
      [
        -0.08786209,
        0.393749654,
        0.915008962
      ]
    ],
    "translation": [
      2.16619158,
      0.843481541,
      -0.716382563
    ]
  },
  {
    "timeStamp": 69745,
    "rotation": [
      [
        -0.5197315,
        0.7613723,
        -0.387545228
      ],
      [
        -0.8490559,
        -0.510647357,
        0.13543798
      ],
      [
        -0.09478021,
        0.399438918,
        0.9118472
      ]
    ],
    "translation": [
      2.165995,
      0.840526342,
      -0.714197338
    ]
  },
  {
    "timeStamp": 69800,
    "rotation": [
      [
        -0.5178539,
        0.7606189,
        -0.391517848
      ],
      [
        -0.8494951,
        -0.511213839,
        0.130454838
      ],
      [
        -0.100922942,
        0.400149047,
        0.9108761
      ]
    ],
    "translation": [
      2.16582561,
      0.838819444,
      -0.7121151
    ]
  },
  {
    "timeStamp": 69845,
    "rotation": [
      [
        -0.5098783,
        0.764381,
        -0.394646436
      ],
      [
        -0.85433954,
        -0.5036158,
        0.128355011
      ],
      [
        -0.100638054,
        0.4026075,
        0.9098237
      ]
    ],
    "translation": [
      2.16570854,
      0.8390691,
      -0.7102586
    ]
  }
]