[
  {
    "timeStamp": 86159,
    "rotation": [
      [
        -0.7498014,
        0.406760365,
        0.5218657
      ],
      [
        -0.6391608,
        -0.2413259,
        -0.7302296
      ],
      [
        -0.171088725,
        -0.8810833,
        0.440931737
      ]
    ],
    "translation": [
      1.49357283,
      0.7513288,
      -0.201262653
    ]
  },
  {
    "timeStamp": 86204,
    "rotation": [
      [
        -0.7384919,
        0.395629257,
        0.5459919
      ],
      [
        -0.6651946,
        -0.295133561,
        -0.6858661
      ],
      [
        -0.110208169,
        -0.869697452,
        0.4811242
      ]
    ],
    "translation": [
      1.49723542,
      0.757265031,
      -0.200588942
    ]
  },
  {
    "timeStamp": 86259,
    "rotation": [
      [
        -0.784759164,
        0.358587772,
        0.505537152
      ],
      [
        -0.6167518,
        -0.370987236,
        -0.6942519
      ],
      [
        -0.0614024028,
        -0.856611431,
        0.5122953
      ]
    ],
    "translation": [
      1.49869466,
      0.781744957,
      -0.211266577
    ]
  },
  {
    "timeStamp": 86304,
    "rotation": [
      [
        -0.8073559,
        0.361080736,
        0.46668753
      ],
      [
        -0.587608635,
        -0.419902265,
        -0.6916633
      ],
      [
        -0.05378315,
        -0.8326481,
        0.5511847
      ]
    ],
    "translation": [
      1.49856722,
      0.802038848,
      -0.231923059
    ]
  },
  {
    "timeStamp": 86359,
    "rotation": [
      [
        -0.8306161,
        0.371380478,
        0.4149137
      ],
      [
        -0.5511479,
        -0.4419833,
        -0.7077335
      ],
      [
        -0.07945345,
        -0.8165337,
        0.571804047
      ]
    ],
    "translation": [
      1.50265372,
      0.819281161,
      -0.276526541
    ]
  },
  {
    "timeStamp": 86404,
    "rotation": [
      [
        -0.842904449,
        0.383796364,
        0.37711066
      ],
      [
        -0.5251623,
        -0.434266269,
        -0.73185885
      ],
      [
        -0.117118306,
        -0.8149314,
        0.5676003
      ]
    ],
    "translation": [
      1.50942564,
      0.826440036,
      -0.322526872
    ]
  },
  {
    "timeStamp": 86459,
    "rotation": [
      [
        -0.8508381,
        0.406623155,
        0.332764417
      ],
      [
        -0.493243456,
        -0.399873346,
        -0.7725362
      ],
      [
        -0.1810675,
        -0.8214371,
        0.5407917
      ]
    ],
    "translation": [
      1.52158761,
      0.828204,
      -0.389374942
    ]
  },
  {
    "timeStamp": 86503,
    "rotation": [
      [
        -0.8491262,
        0.426891923,
        0.311043352
      ],
      [
        -0.4737956,
        -0.3553186,
        -0.8057707
      ],
      [
        -0.2334575,
        -0.831572,
        0.503969848
      ]
    ],
    "translation": [
      1.5357244,
      0.825182855,
      -0.447064728
    ]
  },
  {
    "timeStamp": 86559,
    "rotation": [
      [
        -0.8508607,
        0.417920917,
        0.31839937
      ],
      [
        -0.458015174,
        -0.293109,
        -0.8392313
      ],
      [
        -0.2574066,
        -0.8599007,
        0.440809
      ]
    ],
    "translation": [
      1.563067,
      0.8205966,
      -0.5156445
    ]
  },
  {
    "timeStamp": 86604,
    "rotation": [
      [
        -0.855176747,
        0.402810067,
        0.326215774
      ],
      [
        -0.441096336,
        -0.235014215,
        -0.8661422
      ],
      [
        -0.27222544,
        -0.8845973,
        0.378656745
      ]
    ],
    "translation": [
      1.58781016,
      0.8173913,
      -0.567597
    ]
  },
  {
    "timeStamp": 86659,
    "rotation": [
      [
        -0.87161237,
        0.344529748,
        0.348699182
      ],
      [
        -0.4293245,
        -0.193213746,
        -0.882240832
      ],
      [
        -0.236584738,
        -0.918677151,
        0.316322535
      ]
    ],
    "translation": [
      1.62414217,
      0.8202014,
      -0.6192632
    ]
  },
  {
    "timeStamp": 86703,
    "rotation": [
      [
        -0.8879093,
        0.284484,
        0.3615051
      ],
      [
        -0.417170763,
        -0.16676639,
        -0.8933966
      ],
      [
        -0.193870142,
        -0.944064558,
        0.266751826
      ]
    ],
    "translation": [
      1.654387,
      0.825031757,
      -0.652201653
    ]
  },
  {
    "timeStamp": 86759,
    "rotation": [
      [
        -0.896920562,
        0.200076818,
        0.394338518
      ],
      [
        -0.4272192,
        -0.161988929,
        -0.8895186
      ],
      [
        -0.114093594,
        -0.9662965,
        0.230767846
      ]
    ],
    "translation": [
      1.69572461,
      0.834775448,
      -0.679614842
    ]
  },
  {
    "timeStamp": 86803,
    "rotation": [
      [
        -0.8976104,
        0.134079263,
        0.419902682
      ],
      [
        -0.43857342,
        -0.1762555,
        -0.881242
      ],
      [
        -0.0441461429,
        -0.9751701,
        0.217012361
      ]
    ],
    "translation": [
      1.72950268,
      0.8452292,
      -0.6914668
    ]
  },
  {
    "timeStamp": 86859,
    "rotation": [
      [
        -0.8861162,
        0.05118625,
        0.460627943
      ],
      [
        -0.459843934,
        -0.221067429,
        -0.860042334
      ],
      [
        0.0578074753,
        -0.9739144,
        0.2194291
      ]
    ],
    "translation": [
      1.7743417,
      0.861783,
      -0.696711838
    ]
  },
  {
    "timeStamp": 86903,
    "rotation": [
      [
        -0.871515,
        -0.0147826336,
        0.490146041
      ],
      [
        -0.468368381,
        -0.270943135,
        -0.840964258
      ],
      [
        0.145233363,
        -0.962481856,
        0.229207277
      ]
    ],
    "translation": [
      1.81196916,
      0.877842069,
      -0.6946476
    ]
  },
  {
    "timeStamp": 86959,
    "rotation": [
      [
        -0.837542653,
        -0.0778118744,
        0.5408027
      ],
      [
        -0.485988647,
        -0.346213222,
        -0.802465856
      ],
      [
        0.249674425,
        -0.934923351,
        0.252152652
      ]
    ],
    "translation": [
      1.86112809,
      0.900050044,
      -0.6885562
    ]
  },
  {
    "timeStamp": 87003,
    "rotation": [
      [
        -0.80774796,
        -0.140823334,
        0.572461367
      ],
      [
        -0.480674565,
        -0.404877424,
        -0.7778343
      ],
      [
        0.341313928,
        -0.9034617,
        0.25934872
      ]
    ],
    "translation": [
      1.90281427,
      0.918360054,
      -0.682950139
    ]
  },
  {
    "timeStamp": 87059,
    "rotation": [
      [
        -0.7615347,
        -0.2119581,
        0.612485766
      ],
      [
        -0.468176663,
        -0.47359553,
        -0.7460013
      ],
      [
        0.4481915,
        -0.8548574,
        0.261425585
      ]
    ],
    "translation": [
      1.9543792,
      0.940661132,
      -0.6785295
    ]
  },
  {
    "timeStamp": 87103,
    "rotation": [
      [
        -0.71959585,
        -0.2553139,
        0.6457527
      ],
      [
        -0.456439883,
        -0.526906848,
        -0.7169601
      ],
      [
        0.5233014,
        -0.8106688,
        0.262624532
      ]
    ],
    "translation": [
      1.99445891,
      0.9561353,
      -0.677094936
    ]
  },
  {
    "timeStamp": 87158,
    "rotation": [
      [
        -0.6545863,
        -0.295225382,
        0.695958853
      ],
      [
        -0.4526005,
        -0.5843406,
        -0.673571765
      ],
      [
        0.605532467,
        -0.7559022,
        0.248882174
      ]
    ],
    "translation": [
      2.04221058,
      0.968776464,
      -0.6780579
    ]
  },
  {
    "timeStamp": 87202,
    "rotation": [
      [
        -0.60527277,
        -0.32446456,
        0.726889
      ],
      [
        -0.454211652,
        -0.60913,
        -0.6501172
      ],
      [
        0.6537099,
        -0.7236597,
        0.221314222
      ]
    ],
    "translation": [
      2.07858825,
      0.9710524,
      -0.6789474
    ]
  },
  {
    "timeStamp": 87256,
    "rotation": [
      [
        -0.5615684,
        -0.346774429,
        0.7512579
      ],
      [
        -0.467816532,
        -0.6158299,
        -0.6339568
      ],
      [
        0.6824871,
        -0.70746094,
        0.183603778
      ]
    ],
    "translation": [
      2.10910177,
      0.9669626,
      -0.679590046
    ]
  },
  {
    "timeStamp": 87309,
    "rotation": [
      [
        -0.5656413,
        -0.352619976,
        0.745458961
      ],
      [
        -0.47899887,
        -0.59535116,
        -0.6450714
      ],
      [
        0.6712749,
        -0.721953034,
        0.167850628
      ]
    ],
    "translation": [
      2.13762522,
      0.951770365,
      -0.6751627
    ]
  },
  {
    "timeStamp": 87354,
    "rotation": [
      [
        -0.5982142,
        -0.3295672,
        0.73042804
      ],
      [
        -0.512454569,
        -0.5434272,
        -0.6648888
      ],
      [
        0.61606,
        -0.7720571,
        0.1561977
      ]
    ],
    "translation": [
      2.14296436,
      0.9339656,
      -0.668051958
    ]
  },
  {
    "timeStamp": 87409,
    "rotation": [
      [
        -0.6904872,
        -0.271747082,
        0.6703588
      ],
      [
        -0.509173155,
        -0.4756573,
        -0.7172816
      ],
      [
        0.513780236,
        -0.836602449,
        0.190068975
      ]
    ],
    "translation": [
      2.13414574,
      0.9116978,
      -0.6579878
    ]
  },
  {
    "timeStamp": 87454,
    "rotation": [
      [
        -0.715045154,
        -0.206036419,
        0.668026567
      ],
      [
        -0.5357151,
        -0.452431262,
        -0.7129623
      ],
      [
        0.449132323,
        -0.8676722,
        0.213131934
      ]
    ],
    "translation": [
      2.12582731,
      0.9005556,
      -0.6537382
    ]
  },
  {
    "timeStamp": 87509,
    "rotation": [
      [
        -0.755985141,
        -0.170932069,
        0.631877065
      ],
      [
        -0.526322961,
        -0.4152035,
        -0.7420176
      ],
      [
        0.3891922,
        -0.8935257,
        0.223922223
      ]
    ],
    "translation": [
      2.11575961,
      0.8867501,
      -0.651823
    ]
  },
  {
    "timeStamp": 87554,
    "rotation": [
      [
        -0.75529635,
        -0.1512452,
        0.6376929
      ],
      [
        -0.5424151,
        -0.4018656,
        -0.737760067
      ],
      [
        0.367849529,
        -0.903121769,
        0.221489921
      ]
    ],
    "translation": [
      2.11311746,
      0.8776618,
      -0.6513598
    ]
  },
  {
    "timeStamp": 87610,
    "rotation": [
      [
        -0.757874668,
        -0.12955986,
        0.6394061
      ],
      [
        -0.5435227,
        -0.416698724,
        -0.728659868
      ],
      [
        0.3608448,
        -0.8997646,
        0.24538669
      ]
    ],
    "translation": [
      2.10967731,
      0.877045333,
      -0.6515832
    ]
  },
  {
    "timeStamp": 87654,
    "rotation": [
      [
        -0.7763314,
        -0.143676892,
        0.613731563
      ],
      [
        -0.5168999,
        -0.412107259,
        -0.7503213
      ],
      [
        0.3607271,
        -0.899735868,
        0.245665252
      ]
    ],
    "translation": [
      2.106948,
      0.873521566,
      -0.647153258
    ]
  }
]