[
  {
    "timeStamp": 36749,
    "rotation": [
      [
        -0.983593643,
        0.180355564,
        -0.00391117344
      ],
      [
        -0.003674536,
        0.00164614513,
        0.9999919
      ],
      [
        0.180360541,
        0.9836001,
        -0.000956414966
      ]
    ],
    "translation": [
      1.45398414,
      0.7019402,
      -0.766550064
    ]
  },
  {
    "timeStamp": 36793,
    "rotation": [
      [
        -0.98257345,
        0.1855978,
        -0.01013837
      ],
      [
        -0.0100859981,
        0.00122637546,
        0.9999484
      ],
      [
        0.185600653,
        0.982625,
        0.0006669351
      ]
    ],
    "translation": [
      1.45402944,
      0.7021378,
      -0.7664305
    ]
  },
  {
    "timeStamp": 36850,
    "rotation": [
      [
        -0.98130697,
        0.192077458,
        0.01195385
      ],
      [
        0.0104090087,
        -0.009049893,
        0.9999049
      ],
      [
        0.192167372,
        0.981338,
        0.00688138744
      ]
    ],
    "translation": [
      1.44913423,
      0.7123234,
      -0.767060757
    ]
  },
  {
    "timeStamp": 36893,
    "rotation": [
      [
        -0.9763271,
        0.206027374,
        0.0658643544
      ],
      [
        0.0611364022,
        -0.02923792,
        0.9977011
      ],
      [
        0.207479462,
        0.97810936,
        0.0159500036
      ]
    ],
    "translation": [
      1.44185913,
      0.7355748,
      -0.7694702
    ]
  },
  {
    "timeStamp": 36949,
    "rotation": [
      [
        -0.951798856,
        0.257791251,
        0.16620028
      ],
      [
        0.14631097,
        -0.0946459,
        0.984700561
      ],
      [
        0.2695774,
        0.9615539,
        0.0523661748
      ]
    ],
    "translation": [
      1.43453646,
      0.7771102,
      -0.7739292
    ]
  },
  {
    "timeStamp": 36993,
    "rotation": [
      [
        -0.9105125,
        0.312942326,
        0.2702482
      ],
      [
        0.2274376,
        -0.16677995,
        0.9594043
      ],
      [
        0.345310181,
        0.9350142,
        0.08068038
      ]
    ],
    "translation": [
      1.43355656,
      0.816580355,
      -0.7734493
    ]
  },
  {
    "timeStamp": 37049,
    "rotation": [
      [
        -0.822239339,
        0.398401052,
        0.406446755
      ],
      [
        0.331593335,
        -0.245074674,
        0.9110347
      ],
      [
        0.462567031,
        0.8838636,
        0.06940291
      ]
    ],
    "translation": [
      1.44273376,
      0.8697098,
      -0.7578567
    ]
  },
  {
    "timeStamp": 37093,
    "rotation": [
      [
        -0.740086555,
        0.4776143,
        0.473451644
      ],
      [
        0.39042905,
        -0.268074185,
        0.8807391
      ],
      [
        0.547573745,
        0.8366724,
        0.0119236074
      ]
    ],
    "translation": [
      1.46907949,
      0.906356335,
      -0.732450068
    ]
  },
  {
    "timeStamp": 37149,
    "rotation": [
      [
        -0.608429551,
        0.607846439,
        0.510231435
      ],
      [
        0.449835449,
        -0.265520871,
        0.852728963
      ],
      [
        0.6538054,
        0.748345733,
        -0.111880139
      ]
    ],
    "translation": [
      1.52672863,
      0.947914243,
      -0.6867997
    ]
  },
  {
    "timeStamp": 37193,
    "rotation": [
      [
        -0.49001056,
        0.7141047,
        0.499944031
      ],
      [
        0.485193253,
        -0.253043532,
        0.8369925
      ],
      [
        0.7242079,
        0.652704656,
        -0.222484767
      ]
    ],
    "translation": [
      1.5899117,
      0.976427734,
      -0.6515976
    ]
  },
  {
    "timeStamp": 37247,
    "rotation": [
      [
        -0.338855565,
        0.8238729,
        0.4543241
      ],
      [
        0.5103775,
        -0.244699165,
        0.8244011
      ],
      [
        0.790374458,
        0.5112297,
        -0.337568521
      ]
    ],
    "translation": [
      1.68418813,
      1.00686908,
      -0.621568
    ]
  },
  {
    "timeStamp": 37302,
    "rotation": [
      [
        -0.209884,
        0.897889137,
        0.3869675
      ],
      [
        0.530780256,
        -0.2277485,
        0.8163351
      ],
      [
        0.821109653,
        0.376730382,
        -0.428781033
      ]
    ],
    "translation": [
      1.78597069,
      1.03451276,
      -0.6085851
    ]
  },
  {
    "timeStamp": 37346,
    "rotation": [
      [
        -0.152670681,
        0.952839434,
        0.2622758
      ],
      [
        0.5168742,
        -0.149212644,
        0.8429571
      ],
      [
        0.842337668,
        0.2642584,
        -0.4697177
      ]
    ],
    "translation": [
      1.87233269,
      1.04497015,
      -0.614839
    ]
  },
  {
    "timeStamp": 37401,
    "rotation": [
      [
        -0.108759262,
        0.992397666,
        0.0576055758
      ],
      [
        0.44472912,
        -0.00325127365,
        0.8956592
      ],
      [
        0.8890374,
        0.123030119,
        -0.4409945
      ]
    ],
    "translation": [
      1.9996208,
      1.03655,
      -0.643742859
    ]
  },
  {
    "timeStamp": 37447,
    "rotation": [
      [
        -0.0232776515,
        0.9968878,
        -0.0753189251
      ],
      [
        0.332077473,
        0.0787717,
        0.9399572
      ],
      [
        0.942964852,
        -0.003131729,
        -0.3328776
      ]
    ],
    "translation": [
      2.08161688,
      1.01651728,
      -0.6800831
    ]
  },
  {
    "timeStamp": 37501,
    "rotation": [
      [
        0.0397697054,
        0.991249561,
        -0.125867769
      ],
      [
        0.2175952,
        0.114352733,
        0.9693172
      ],
      [
        0.975228548,
        -0.06593766,
        -0.211143374
      ]
    ],
    "translation": [
      2.14893985,
      0.9809863,
      -0.7269447
    ]
  },
  {
    "timeStamp": 37546,
    "rotation": [
      [
        0.09920793,
        0.9879766,
        -0.118574791
      ],
      [
        0.156846359,
        0.1021469,
        0.982326448
      ],
      [
        0.9826276,
        -0.116052583,
        -0.144826755
      ]
    ],
    "translation": [
      2.17707276,
      0.9538138,
      -0.744764
    ]
  },
  {
    "timeStamp": 37602,
    "rotation": [
      [
        0.08593079,
        0.983458757,
        -0.159451246
      ],
      [
        0.08861893,
        0.151864022,
        0.984420657
      ],
      [
        0.992352,
        -0.09872243,
        -0.074103266
      ]
    ],
    "translation": [
      2.2090168,
      0.921969533,
      -0.760454059
    ]
  },
  {
    "timeStamp": 37643,
    "rotation": [
      [
        0.0958852842,
        0.9872382,
        -0.127148584
      ],
      [
        0.09374077,
        0.118213445,
        0.988553643
      ],
      [
        0.9909686,
        -0.106706716,
        -0.08120954
      ]
    ],
    "translation": [
      2.213357,
      0.904804468,
      -0.7528326
    ]
  },
  {
    "timeStamp": 37699,
    "rotation": [
      [
        0.08252932,
        0.9891651,
        -0.1214133
      ],
      [
        0.0538425073,
        0.117225386,
        0.9916447
      ],
      [
        0.9951331,
        -0.08837697,
        -0.0435846
      ]
    ],
    "translation": [
      2.22054172,
      0.8685687,
      -0.740774
    ]
  },
  {
    "timeStamp": 37743,
    "rotation": [
      [
        0.08758085,
        0.989933431,
        -0.111181922
      ],
      [
        0.04886622,
        0.107207023,
        0.993035138
      ],
      [
        0.994958162,
        -0.09240389,
        -0.0389850251
      ]
    ],
    "translation": [
      2.23105764,
      0.849970341,
      -0.7299374
    ]
  },
  {
    "timeStamp": 37799,
    "rotation": [
      [
        0.08372271,
        0.9938412,
        -0.0725969747
      ],
      [
        0.0239015874,
        0.0708289742,
        0.9972021
      ],
      [
        0.996202469,
        -0.08522363,
        -0.0178243872
      ]
    ],
    "translation": [
      2.22506118,
      0.8264622,
      -0.718251765
    ]
  },
  {
    "timeStamp": 37843,
    "rotation": [
      [
        0.08001317,
        0.993433535,
        -0.08177849
      ],
      [
        -0.000800295966,
        0.0821055248,
        0.996623337
      ],
      [
        0.996793449,
        -0.07967755,
        0.00736456458
      ]
    ],
    "translation": [
      2.23523378,
      0.811352253,
      -0.7152154
    ]
  },
  {
    "timeStamp": 37899,
    "rotation": [
      [
        0.08712692,
        0.994028,
        -0.06570572
      ],
      [
        -0.0026860463,
        0.0661907047,
        0.9978034
      ],
      [
        0.9961936,
        -0.0867590457,
        0.008436997
      ]
    ],
    "translation": [
      2.23706627,
      0.7970943,
      -0.7026461
    ]
  },
  {
    "timeStamp": 37943,
    "rotation": [
      [
        0.07341653,
        0.995451748,
        -0.0607111044
      ],
      [
        -0.0220480263,
        0.0624805652,
        0.9978026
      ],
      [
        0.9970576,
        -0.07191665,
        0.0265348535
      ]
    ],
    "translation": [
      2.23819566,
      0.7849484,
      -0.6988456
    ]
  },
  {
    "timeStamp": 37999,
    "rotation": [
      [
        0.06312965,
        0.9967507,
        -0.050026685
      ],
      [
        -0.0163158067,
        0.0511507429,
        0.9985577
      ],
      [
        0.997871935,
        -0.0622223839,
        0.0194919221
      ]
    ],
    "translation": [
      2.238322,
      0.774131835,
      -0.6870088
    ]
  },
  {
    "timeStamp": 38043,
    "rotation": [
      [
        0.0524826869,
        0.9967114,
        -0.0617415644
      ],
      [
        -0.0231483821,
        0.0630243942,
        0.9977435
      ],
      [
        0.9983535,
        -0.0509350374,
        0.0263799448
      ]
    ],
    "translation": [
      2.24464726,
      0.766413152,
      -0.6819664
    ]
  },
  {
    "timeStamp": 38100,
    "rotation": [
      [
        0.0506161526,
        0.99666816,
        -0.06395706
      ],
      [
        -0.0224868972,
        0.06516023,
        0.9976214
      ],
      [
        0.998465,
        -0.0490575656,
        0.0257101357
      ]
    ],
    "translation": [
      2.24880338,
      0.759443641,
      -0.673808038
    ]
  },
  {
    "timeStamp": 38145,
    "rotation": [
      [
        0.04780794,
        0.997413337,
        -0.0536755621
      ],
      [
        -0.0223125741,
        0.0547899976,
        0.9982486
      ],
      [
        0.998607337,
        -0.0465265736,
        0.0248742551
      ]
    ],
    "translation": [
      2.24907422,
      0.753948569,
      -0.6692155
    ]
  },
  {
    "timeStamp": 38191,
    "rotation": [
      [
        0.0252473652,
        0.9978215,
        -0.06094916
      ],
      [
        -0.0347248353,
        0.0618071631,
        0.99748385
      ],
      [
        0.9990779,
        -0.0230673775,
        0.0362096578
      ]
    ],
    "translation": [
      2.25058937,
      0.7480973,
      -0.6682552
    ]
  },
  {
    "timeStamp": 38248,
    "rotation": [
      [
        0.0171226747,
        0.99761,
        -0.066941604
      ],
      [
        -0.0439195,
        0.06763724,
        0.996742845
      ],
      [
        0.9988884,
        -0.01412687,
        0.0449726619
      ]
    ],
    "translation": [
      2.25039053,
      0.7419039,
      -0.665713966
    ]
  },
  {
    "timeStamp": 38292,
    "rotation": [
      [
        0.009792228,
        0.9965843,
        -0.0819990262
      ],
      [
        -0.0507689826,
        0.0823926851,
        0.995305955
      ],
      [
        0.9986624,
        -0.00558325136,
        0.0514023826
      ]
    ],
    "translation": [
      2.25160384,
      0.739552259,
      -0.66561985
    ]
  }
]