[
  {
    "timeStamp": 89091,
    "rotation": [
      [
        0.9999619,
        0.006493861,
        -0.00582352653
      ],
      [
        -0.005808362,
        0.9938193,
        0.110857867
      ],
      [
        0.00650742836,
        -0.110819824,
        0.993819237
      ]
    ],
    "translation": [
      1.61582088,
      0.692459166,
      -0.4961622
    ]
  },
  {
    "timeStamp": 89136,
    "rotation": [
      [
        0.9999195,
        0.006720917,
        0.0107654892
      ],
      [
        -0.008318928,
        0.987714767,
        0.1560458
      ],
      [
        -0.009584461,
        -0.156122789,
        0.987691164
      ]
    ],
    "translation": [
      1.61467063,
      0.6926606,
      -0.5012231
    ]
  },
  {
    "timeStamp": 89191,
    "rotation": [
      [
        0.9970575,
        0.0381529555,
        0.0664879158
      ],
      [
        -0.0350023,
        0.9982375,
        -0.04792458
      ],
      [
        -0.068199195,
        0.04545633,
        0.9966356
      ]
    ],
    "translation": [
      1.60786223,
      0.700374544,
      -0.536618531
    ]
  },
  {
    "timeStamp": 89236,
    "rotation": [
      [
        0.9944366,
        0.08962087,
        0.0553518832
      ],
      [
        -0.08570736,
        0.9938978,
        -0.06943673
      ],
      [
        -0.06123709,
        0.06430636,
        0.9960495
      ]
    ],
    "translation": [
      1.6001842,
      0.715056241,
      -0.564213336
    ]
  },
  {
    "timeStamp": 89291,
    "rotation": [
      [
        0.983512044,
        0.170637175,
        0.0598916821
      ],
      [
        -0.164380446,
        0.9815896,
        -0.09726776
      ],
      [
        -0.07538655,
        0.085819,
        0.9934546
      ]
    ],
    "translation": [
      1.59102941,
      0.7411478,
      -0.602347851
    ]
  },
  {
    "timeStamp": 89336,
    "rotation": [
      [
        0.968482554,
        0.235643178,
        0.08070868
      ],
      [
        -0.226012334,
        0.967562139,
        -0.112880088
      ],
      [
        -0.10469009,
        0.09108124,
        0.9903253
      ]
    ],
    "translation": [
      1.58942866,
      0.7643308,
      -0.632533252
    ]
  },
  {
    "timeStamp": 89381,
    "rotation": [
      [
        0.943022132,
        0.306298465,
        0.129963428
      ],
      [
        -0.28704226,
        0.9464475,
        -0.147796839
      ],
      [
        -0.168273509,
        0.102070689,
        0.9804415
      ]
    ],
    "translation": [
      1.59253025,
      0.788808942,
      -0.6583643
    ]
  },
  {
    "timeStamp": 89433,
    "rotation": [
      [
        0.902192354,
        0.3663929,
        0.227607578
      ],
      [
        -0.329790741,
        0.926050544,
        -0.183489755
      ],
      [
        -0.278005451,
        0.09048018,
        0.9563087
      ]
    ],
    "translation": [
      1.60700786,
      0.815601766,
      -0.6823032
    ]
  },
  {
    "timeStamp": 89489,
    "rotation": [
      [
        0.840443,
        0.412280321,
        0.351682276
      ],
      [
        -0.357825756,
        0.909591258,
        -0.211197525
      ],
      [
        -0.4069597,
        0.0516585074,
        0.9119842
      ]
    ],
    "translation": [
      1.63305593,
      0.8395246,
      -0.6946083
    ]
  },
  {
    "timeStamp": 89533,
    "rotation": [
      [
        0.7645014,
        0.43644172,
        0.474400818
      ],
      [
        -0.373841971,
        0.8997179,
        -0.225277275
      ],
      [
        -0.5251473,
        -0.005126138,
        0.8509959
      ]
    ],
    "translation": [
      1.66287553,
      0.8567282,
      -0.69542
    ]
  },
  {
    "timeStamp": 89589,
    "rotation": [
      [
        0.62001884,
        0.4320371,
        0.6549203
      ],
      [
        -0.382492572,
        0.8952639,
        -0.228477582
      ],
      [
        -0.685037255,
        -0.108841732,
        0.7203315
      ]
    ],
    "translation": [
      1.71424639,
      0.873848736,
      -0.68708843
    ]
  },
  {
    "timeStamp": 89633,
    "rotation": [
      [
        0.462608218,
        0.412813842,
        0.784588039
      ],
      [
        -0.395857364,
        0.8880403,
        -0.23384048
      ],
      [
        -0.7932784,
        -0.202408433,
        0.574230134
      ]
    ],
    "translation": [
      1.76561713,
      0.8873619,
      -0.6775316
    ]
  },
  {
    "timeStamp": 89689,
    "rotation": [
      [
        0.243013218,
        0.329057544,
        0.91250515
      ],
      [
        -0.410187632,
        0.8873196,
        -0.210736573
      ],
      [
        -0.8790282,
        -0.32308656,
        0.350605756
      ]
    ],
    "translation": [
      1.83865452,
      0.9017104,
      -0.6677518
    ]
  },
  {
    "timeStamp": 89734,
    "rotation": [
      [
        0.0457204357,
        0.26921016,
        0.961995542
      ],
      [
        -0.427955657,
        0.8754356,
        -0.224647433
      ],
      [
        -0.902642548,
        -0.401420474,
        0.1552353
      ]
    ],
    "translation": [
      1.90128732,
      0.9131015,
      -0.6651346
    ]
  },
  {
    "timeStamp": 89790,
    "rotation": [
      [
        -0.145081669,
        0.1310234,
        0.980706
      ],
      [
        -0.478159577,
        0.858474851,
        -0.185430184
      ],
      [
        -0.8662071,
        -0.495836467,
        -0.06189887
      ]
    ],
    "translation": [
      1.9749577,
      0.927044749,
      -0.6680261
    ]
  },
  {
    "timeStamp": 89834,
    "rotation": [
      [
        -0.2945174,
        0.0551535338,
        0.9540533
      ],
      [
        -0.5254164,
        0.824557245,
        -0.2098641
      ],
      [
        -0.798246264,
        -0.5630838,
        -0.2138679
      ]
    ],
    "translation": [
      2.02795959,
      0.936073661,
      -0.6751242
    ]
  },
  {
    "timeStamp": 89900,
    "rotation": [
      [
        -0.458322376,
        -0.0101918848,
        0.8887276
      ],
      [
        -0.5861718,
        0.7551042,
        -0.293632984
      ],
      [
        -0.6680892,
        -0.6555256,
        -0.352055341
      ]
    ],
    "translation": [
      2.08319449,
      0.9449283,
      -0.6875351
    ]
  },
  {
    "timeStamp": 89935,
    "rotation": [
      [
        -0.52530843,
        -0.069810465,
        0.8480434
      ],
      [
        -0.6269839,
        0.705546439,
        -0.330296069
      ],
      [
        -0.575275838,
        -0.7052168,
        -0.414399534
      ]
    ],
    "translation": [
      2.11489463,
      0.94358325,
      -0.6982842
    ]
  },
  {
    "timeStamp": 89986,
    "rotation": [
      [
        -0.612585962,
        -0.143551528,
        0.7772589
      ],
      [
        -0.6212428,
        0.695413768,
        -0.3611884
      ],
      [
        -0.4886674,
        -0.704125464,
        -0.515181
      ]
    ],
    "translation": [
      2.14799356,
      0.929733634,
      -0.7126656
    ]
  },
  {
    "timeStamp": 90041,
    "rotation": [
      [
        -0.7254443,
        -0.1805883,
        0.664167464
      ],
      [
        -0.572439551,
        0.6940851,
        -0.436530471
      ],
      [
        -0.382156432,
        -0.696874261,
        -0.606896
      ]
    ],
    "translation": [
      2.17256951,
      0.9125695,
      -0.7285379
    ]
  },
  {
    "timeStamp": 90086,
    "rotation": [
      [
        -0.758491755,
        -0.202927813,
        0.619282246
      ],
      [
        -0.558833063,
        0.691403747,
        -0.457893372
      ],
      [
        -0.335254818,
        -0.693383753,
        -0.63782686
      ]
    ],
    "translation": [
      2.180573,
      0.904700935,
      -0.735937357
    ]
  },
  {
    "timeStamp": 90141,
    "rotation": [
      [
        -0.7771185,
        -0.207516775,
        0.594157934
      ],
      [
        -0.5444391,
        0.695253432,
        -0.46926403
      ],
      [
        -0.3157102,
        -0.6881566,
        -0.653274536
      ]
    ],
    "translation": [
      2.178431,
      0.8993518,
      -0.7380439
    ]
  },
  {
    "timeStamp": 90186,
    "rotation": [
      [
        -0.8130796,
        -0.201368749,
        0.5462163
      ],
      [
        -0.5030434,
        0.7152637,
        -0.485123873
      ],
      [
        -0.2929999,
        -0.669214845,
        -0.682863533
      ]
    ],
    "translation": [
      2.17474413,
      0.89112854,
      -0.7407075
    ]
  },
  {
    "timeStamp": 90241,
    "rotation": [
      [
        -0.8635652,
        -0.172662154,
        0.473754138
      ],
      [
        -0.419382542,
        0.7675783,
        -0.484708
      ],
      [
        -0.279952675,
        -0.6172612,
        -0.735265434
      ]
    ],
    "translation": [
      2.1694746,
      0.8732393,
      -0.7451268
    ]
  },
  {
    "timeStamp": 90285,
    "rotation": [
      [
        -0.8948999,
        -0.158484563,
        0.417177171
      ],
      [
        -0.35790056,
        0.8132824,
        -0.4587799
      ],
      [
        -0.2665733,
        -0.559870064,
        -0.784528
      ]
    ],
    "translation": [
      2.166848,
      0.858899355,
      -0.7504465
    ]
  },
  {
    "timeStamp": 90342,
    "rotation": [
      [
        -0.9371443,
        -0.129232243,
        0.3241291
      ],
      [
        -0.269672841,
        0.8577168,
        -0.437719673
      ],
      [
        -0.221443474,
        -0.4976153,
        -0.838654757
      ]
    ],
    "translation": [
      2.16385627,
      0.8410195,
      -0.760297656
    ]
  },
  {
    "timeStamp": 90387,
    "rotation": [
      [
        -0.962274253,
        -0.09764399,
        0.253956378
      ],
      [
        -0.201182246,
        0.8837466,
        -0.422513366
      ],
      [
        -0.1831772,
        -0.457665235,
        -0.8700509
      ]
    ],
    "translation": [
      2.16127276,
      0.8307415,
      -0.7659266
    ]
  }
]