[
  {
    "timeStamp": 21803,
    "rotation": [
      [
        -0.996995032,
        0.009493476,
        -0.07688168
      ],
      [
        -0.07731586,
        -0.0602683946,
        0.9951834
      ],
      [
        0.00481423223,
        0.998137057,
        0.0608212836
      ]
    ],
    "translation": [
      1.76956046,
      0.8575921,
      -0.6201443
    ]
  },
  {
    "timeStamp": 21847,
    "rotation": [
      [
        -0.9974034,
        0.007994731,
        -0.0715728
      ],
      [
        -0.07192082,
        -0.0589816645,
        0.9956649
      ],
      [
        0.00373860123,
        0.99822706,
        0.0594034977
      ]
    ],
    "translation": [
      1.769552,
      0.857195854,
      -0.619684
    ]
  },
  {
    "timeStamp": 21903,
    "rotation": [
      [
        -0.997300446,
        0.0375065245,
        -0.06312733
      ],
      [
        -0.06520031,
        -0.056889914,
        0.9962492
      ],
      [
        0.0337745436,
        0.997675657,
        0.0591817759
      ]
    ],
    "translation": [
      1.76882172,
      0.8566405,
      -0.621849656
    ]
  },
  {
    "timeStamp": 21948,
    "rotation": [
      [
        -0.997466,
        -0.0129048685,
        -0.0699640438
      ],
      [
        -0.06932609,
        -0.0445966981,
        0.9965967
      ],
      [
        -0.0159811415,
        0.998921752,
        0.0435890481
      ]
    ],
    "translation": [
      1.769913,
      0.8564759,
      -0.6183274
    ]
  },
  {
    "timeStamp": 22003,
    "rotation": [
      [
        -0.999125838,
        0.0137775913,
        -0.039468646
      ],
      [
        -0.0401175171,
        -0.0505171865,
        0.9979171
      ],
      [
        0.0117550353,
        0.998628139,
        0.05102575
      ]
    ],
    "translation": [
      1.76279974,
      0.856441557,
      -0.619445
    ]
  },
  {
    "timeStamp": 22048,
    "rotation": [
      [
        -0.999576449,
        0.011051801,
        -0.0269215554
      ],
      [
        -0.027440438,
        -0.04984478,
        0.998379946
      ],
      [
        0.009691996,
        0.9986958,
        0.0501269326
      ]
    ],
    "translation": [
      1.75866616,
      0.8580453,
      -0.6206119
    ]
  },
  {
    "timeStamp": 22103,
    "rotation": [
      [
        -0.9996922,
        0.0217497349,
        -0.0119360881
      ],
      [
        -0.0128114857,
        -0.0405641,
        0.9990948
      ],
      [
        0.0212458614,
        0.99894017,
        0.040830262
      ]
    ],
    "translation": [
      1.75594211,
      0.8610811,
      -0.6170259
    ]
  },
  {
    "timeStamp": 22147,
    "rotation": [
      [
        -0.9996423,
        0.0264190212,
        0.004148822
      ],
      [
        0.00321535114,
        -0.0352782346,
        0.999372363
      ],
      [
        0.026548801,
        0.999028265,
        0.03518067
      ]
    ],
    "translation": [
      1.75270832,
      0.864546537,
      -0.6165824
    ]
  },
  {
    "timeStamp": 22199,
    "rotation": [
      [
        -0.999094546,
        0.03490894,
        0.0243219659
      ],
      [
        0.0232163984,
        -0.03173349,
        0.9992267
      ],
      [
        0.0356537662,
        0.9988866,
        0.0308942944
      ]
    ],
    "translation": [
      1.7493062,
      0.869274735,
      -0.615865946
    ]
  },
  {
    "timeStamp": 22254,
    "rotation": [
      [
        -0.9968603,
        0.0513136052,
        0.0603029877
      ],
      [
        0.0592834242,
        -0.0211659186,
        0.9980168
      ],
      [
        0.0524882041,
        0.998458266,
        0.0180574171
      ]
    ],
    "translation": [
      1.74523652,
      0.8791425,
      -0.613307655
    ]
  },
  {
    "timeStamp": 22299,
    "rotation": [
      [
        -0.995731354,
        0.0596149527,
        0.0704634
      ],
      [
        0.06982347,
        -0.0127527779,
        0.9974778
      ],
      [
        0.0603632033,
        0.99814,
        0.008535818
      ]
    ],
    "translation": [
      1.74758089,
      0.88591814,
      -0.6128008
    ]
  },
  {
    "timeStamp": 22354,
    "rotation": [
      [
        -0.995188,
        0.07123868,
        0.0672748
      ],
      [
        0.06781792,
        0.005230079,
        0.997684
      ],
      [
        0.0707218349,
        0.9974456,
        -0.0100361705
      ]
    ],
    "translation": [
      1.75570154,
      0.8939242,
      -0.6102776
    ]
  },
  {
    "timeStamp": 22398,
    "rotation": [
      [
        -0.9950093,
        0.07505608,
        0.0657498762
      ],
      [
        0.0673178062,
        0.01855222,
        0.9975591
      ],
      [
        0.0736530647,
        0.9970067,
        -0.02351224
      ]
    ],
    "translation": [
      1.76290715,
      0.9015436,
      -0.6110781
    ]
  },
  {
    "timeStamp": 22454,
    "rotation": [
      [
        -0.993118644,
        0.09565888,
        0.0675628558
      ],
      [
        0.07119236,
        0.0350480154,
        0.9968467
      ],
      [
        0.0929893,
        0.994797,
        -0.04161702
      ]
    ],
    "translation": [
      1.77410376,
      0.912672341,
      -0.608309
    ]
  },
  {
    "timeStamp": 22499,
    "rotation": [
      [
        -0.9922554,
        0.111853853,
        0.0540180467
      ],
      [
        0.060445454,
        0.0548898354,
        0.9966611
      ],
      [
        0.108515322,
        0.9922075,
        -0.06122579
      ]
    ],
    "translation": [
      1.78832889,
      0.921630263,
      -0.606797457
    ]
  },
  {
    "timeStamp": 22554,
    "rotation": [
      [
        -0.9880819,
        0.143665791,
        0.05526681
      ],
      [
        0.06606186,
        0.071486406,
        0.9952515
      ],
      [
        0.139032766,
        0.987040937,
        -0.08012525
      ]
    ],
    "translation": [
      1.806122,
      0.935074031,
      -0.603583336
    ]
  },
  {
    "timeStamp": 22600,
    "rotation": [
      [
        -0.9833493,
        0.1743413,
        0.05127596
      ],
      [
        0.06812477,
        0.09207182,
        0.99341923
      ],
      [
        0.168472916,
        0.9803713,
        -0.102415718
      ]
    ],
    "translation": [
      1.82327926,
      0.946704745,
      -0.6012414
    ]
  },
  {
    "timeStamp": 22645,
    "rotation": [
      [
        -0.9767625,
        0.206665218,
        0.0567852147
      ],
      [
        0.07971557,
        0.104370788,
        0.991338551
      ],
      [
        0.198948458,
        0.972829,
        -0.118419908
      ]
    ],
    "translation": [
      1.83982241,
      0.9595898,
      -0.598706543
    ]
  },
  {
    "timeStamp": 22701,
    "rotation": [
      [
        -0.968650639,
        0.245398059,
        0.03867326
      ],
      [
        0.07266773,
        0.131023526,
        0.98871243
      ],
      [
        0.237561,
        0.960527241,
        -0.144748554
      ]
    ],
    "translation": [
      1.86486888,
      0.973541141,
      -0.5962127
    ]
  },
  {
    "timeStamp": 22746,
    "rotation": [
      [
        -0.959770739,
        0.278235137,
        0.0377532728
      ],
      [
        0.07962162,
        0.140751943,
        0.986838043
      ],
      [
        0.269259185,
        0.950144231,
        -0.157243118
      ]
    ],
    "translation": [
      1.88325262,
      0.9858211,
      -0.5956525
    ]
  },
  {
    "timeStamp": 22803,
    "rotation": [
      [
        -0.948016,
        0.3176182,
        0.0196082052
      ],
      [
        0.07605139,
        0.166301444,
        0.983137846
      ],
      [
        0.3090016,
        0.9335216,
        -0.18181172
      ]
    ],
    "translation": [
      1.90887129,
      1.00108874,
      -0.5936727
    ]
  },
  {
    "timeStamp": 22847,
    "rotation": [
      [
        -0.9398358,
        0.341173947,
        0.0175826289
      ],
      [
        0.08177241,
        0.174691468,
        0.9812218
      ],
      [
        0.331695765,
        0.9236251,
        -0.1920799
      ]
    ],
    "translation": [
      1.92557061,
      1.011718,
      -0.5942852
    ]
  },
  {
    "timeStamp": 22903,
    "rotation": [
      [
        -0.9267029,
        0.375548631,
        -0.0135950549
      ],
      [
        0.0673367754,
        0.201533914,
        0.9771642
      ],
      [
        0.369712561,
        0.9046255,
        -0.2120503
      ]
    ],
    "translation": [
      1.95270908,
      1.02396584,
      -0.5937255
    ]
  },
  {
    "timeStamp": 22947,
    "rotation": [
      [
        -0.9180841,
        0.395911723,
        -0.0193781387
      ],
      [
        0.06971107,
        0.209392548,
        0.9753436
      ],
      [
        0.3902076,
        0.894096553,
        -0.2198394
      ]
    ],
    "translation": [
      1.97012,
      1.03328919,
      -0.595102668
    ]
  },
  {
    "timeStamp": 23003,
    "rotation": [
      [
        -0.9041603,
        0.425352931,
        -0.0396115445
      ],
      [
        0.06400475,
        0.2265617,
        0.9718916
      ],
      [
        0.4223714,
        0.876210451,
        -0.2320727
      ]
    ],
    "translation": [
      1.99395669,
      1.044145,
      -0.595558941
    ]
  },
  {
    "timeStamp": 23047,
    "rotation": [
      [
        -0.894151449,
        0.445029378,
        -0.0494168252
      ],
      [
        0.06323207,
        0.234755635,
        0.9699956
      ],
      [
        0.443277448,
        0.864198267,
        -0.238047227
      ]
    ],
    "translation": [
      2.01115847,
      1.05153787,
      -0.596646965
    ]
  },
  {
    "timeStamp": 23102,
    "rotation": [
      [
        -0.8765847,
        0.4766188,
        -0.06658704
      ],
      [
        0.06049907,
        0.2464038,
        0.9672771
      ],
      [
        0.477429748,
        0.843871832,
        -0.244828776
      ]
    ],
    "translation": [
      2.034055,
      1.05911016,
      -0.5951779
    ]
  },
  {
    "timeStamp": 23147,
    "rotation": [
      [
        -0.865657747,
        0.493607074,
        -0.08359855
      ],
      [
        0.0524686,
        0.255515456,
        0.9653802
      ],
      [
        0.4978792,
        0.8313026,
        -0.2470878
      ]
    ],
    "translation": [
      2.050928,
      1.06282759,
      -0.5948039
    ]
  },
  {
    "timeStamp": 23202,
    "rotation": [
      [
        -0.8515008,
        0.51494354,
        -0.0988917
      ],
      [
        0.047591228,
        0.263715833,
        0.9634257
      ],
      [
        0.52218914,
        0.815651357,
        -0.249061033
      ]
    ],
    "translation": [
      2.07003,
      1.06683075,
      -0.5927609
    ]
  },
  {
    "timeStamp": 23251,
    "rotation": [
      [
        -0.841068447,
        0.529823,
        -0.109047949
      ],
      [
        0.0442773961,
        0.268349141,
        0.962303638
      ],
      [
        0.5391135,
        0.804534853,
        -0.249159187
      ]
    ],
    "translation": [
      2.082851,
      1.068945,
      -0.5906482
    ]
  },
  {
    "timeStamp": 23297,
    "rotation": [
      [
        -0.830955446,
        0.5432332,
        -0.120044917
      ],
      [
        0.0390001647,
        0.272124648,
        0.9614714
      ],
      [
        0.5549704,
        0.7942581,
        -0.24730964
      ]
    ],
    "translation": [
      2.09625816,
      1.06982708,
      -0.5880366
    ]
  },
  {
    "timeStamp": 23353,
    "rotation": [
      [
        -0.824460268,
        0.5484525,
        -0.13951768
      ],
      [
        0.0219747759,
        0.27737245,
        0.960511148
      ],
      [
        0.5654931,
        0.7888374,
        -0.240734667
      ]
    ],
    "translation": [
      2.109722,
      1.06800723,
      -0.586607933
    ]
  },
  {
    "timeStamp": 23397,
    "rotation": [
      [
        -0.8223693,
        0.5491169,
        -0.148927227
      ],
      [
        0.00738613727,
        0.272037834,
        0.9622582
      ],
      [
        0.568906069,
        0.790231645,
        -0.227771431
      ]
    ],
    "translation": [
      2.117275,
      1.06372547,
      -0.5882313
    ]
  },
  {
    "timeStamp": 23453,
    "rotation": [
      [
        -0.820147753,
        0.5497623,
        -0.158489957
      ],
      [
        -0.0038462698,
        0.271702915,
        0.9623735
      ],
      [
        0.572138846,
        0.7898981,
        -0.22072202
      ]
    ],
    "translation": [
      2.12618184,
      1.05923569,
      -0.588512838
    ]
  },
  {
    "timeStamp": 23497,
    "rotation": [
      [
        -0.817735136,
        0.5581187,
        -0.14075771
      ],
      [
        0.009000393,
        0.256911665,
        0.966393
      ],
      [
        0.57552433,
        0.7889866,
        -0.215108976
      ]
    ],
    "translation": [
      2.12770367,
      1.05495524,
      -0.5884204
    ]
  },
  {
    "timeStamp": 23552,
    "rotation": [
      [
        -0.8159353,
        0.558454931,
        -0.14959164
      ],
      [
        -0.00305241463,
        0.25458017,
        0.967046857
      ],
      [
        0.578135133,
        0.7895043,
        -0.206016317
      ]
    ],
    "translation": [
      2.13375258,
      1.0477829,
      -0.5882592
    ]
  },
  {
    "timeStamp": 23597,
    "rotation": [
      [
        -0.8143089,
        0.5640744,
        -0.136824936
      ],
      [
        0.0007595985,
        0.236765027,
        0.9715666
      ],
      [
        0.5804313,
        0.7910514,
        -0.193228319
      ]
    ],
    "translation": [
      2.13484788,
      1.041481,
      -0.5902462
    ]
  },
  {
    "timeStamp": 23653,
    "rotation": [
      [
        -0.813898265,
        0.561538935,
        -0.149143115
      ],
      [
        -0.0168854054,
        0.233727843,
        0.972155452
      ],
      [
        0.580762,
        0.793754,
        -0.180748865
      ]
    ],
    "translation": [
      2.139985,
      1.03230107,
      -0.590917051
    ]
  },
  {
    "timeStamp": 23698,
    "rotation": [
      [
        -0.8112204,
        0.5677044,
        -0.140118822
      ],
      [
        -0.011537144,
        0.224039614,
        0.974511743
      ],
      [
        0.5846268,
        0.792160332,
        -0.175195813
      ]
    ],
    "translation": [
      2.14265418,
      1.02549064,
      -0.590573668
    ]
  },
  {
    "timeStamp": 23744,
    "rotation": [
      [
        -0.806980669,
        0.5763658,
        -0.128781378
      ],
      [
        -0.00386640662,
        0.212899253,
        0.9770665
      ],
      [
        0.5905652,
        0.7889717,
        -0.169577122
      ]
    ],
    "translation": [
      2.1432128,
      1.01881444,
      -0.5898993
    ]
  },
  {
    "timeStamp": 23801,
    "rotation": [
      [
        -0.8047829,
        0.577826262,
        -0.135798886
      ],
      [
        -0.01909325,
        0.203464448,
        0.978896141
      ],
      [
        0.593262136,
        0.790391743,
        -0.152712122
      ]
    ],
    "translation": [
      2.14722,
      1.00752,
      -0.5901123
    ]
  },
  {
    "timeStamp": 23846,
    "rotation": [
      [
        -0.802621543,
        0.5816426,
        -0.132252
      ],
      [
        -0.0256871358,
        0.1878081,
        0.9818698
      ],
      [
        0.5959353,
        0.7914671,
        -0.1357981
      ]
    ],
    "translation": [
      2.1493063,
      0.996524,
      -0.5908847
    ]
  },
  {
    "timeStamp": 23902,
    "rotation": [
      [
        -0.799952745,
        0.5850329,
        -0.133461714
      ],
      [
        -0.0349306539,
        0.1766355,
        0.9836563
      ],
      [
        0.5990454,
        0.791540444,
        -0.120864481
      ]
    ],
    "translation": [
      2.15159726,
      0.982845962,
      -0.5902209
    ]
  },
  {
    "timeStamp": 23947,
    "rotation": [
      [
        -0.797050655,
        0.589316964,
        -0.131968915
      ],
      [
        -0.04047569,
        0.1659027,
        0.985311151
      ],
      [
        0.60255456,
        0.7906844,
        -0.108379841
      ]
    ],
    "translation": [
      2.15289474,
      0.971363664,
      -0.5890738
    ]
  },
  {
    "timeStamp": 24002,
    "rotation": [
      [
        -0.7989701,
        0.585630357,
        -0.1366893
      ],
      [
        -0.05660992,
        0.153044611,
        0.9865965
      ],
      [
        0.5987004,
        0.79599905,
        -0.08912558
      ]
    ],
    "translation": [
      2.15150213,
      0.955535233,
      -0.5894639
    ]
  },
  {
    "timeStamp": 24046,
    "rotation": [
      [
        -0.7998758,
        0.5810181,
        -0.150388628
      ],
      [
        -0.07221793,
        0.155579492,
        0.985179961
      ],
      [
        0.5958048,
        0.798882365,
        -0.08248434
      ]
    ],
    "translation": [
      2.15395069,
      0.9455421,
      -0.587471962
    ]
  },
  {
    "timeStamp": 24102,
    "rotation": [
      [
        -0.801315963,
        0.579441667,
        -0.148795441
      ],
      [
        -0.07374394,
        0.151152059,
        0.985756
      ],
      [
        0.593678832,
        0.80087477,
        -0.07839025
      ]
    ],
    "translation": [
      2.15210986,
      0.9341128,
      -0.5846351
    ]
  },
  {
    "timeStamp": 24147,
    "rotation": [
      [
        -0.794235647,
        0.5879998,
        -0.153120279
      ],
      [
        -0.07095547,
        0.160524189,
        0.9844782
      ],
      [
        0.603452563,
        0.7927724,
        -0.08577223
      ]
    ],
    "translation": [
      2.1535852,
      0.9281796,
      -0.57946074
    ]
  },
  {
    "timeStamp": 24202,
    "rotation": [
      [
        -0.7877249,
        0.599272132,
        -0.142696992
      ],
      [
        -0.0568838865,
        0.159891,
        0.9854943
      ],
      [
        0.6133953,
        0.7844156,
        -0.09186119
      ]
    ],
    "translation": [
      2.15057874,
      0.9214491,
      -0.5735306
    ]
  },
  {
    "timeStamp": 24246,
    "rotation": [
      [
        -0.783303738,
        0.603736043,
        -0.148114935
      ],
      [
        -0.0551622733,
        0.169819161,
        0.9839302
      ],
      [
        0.6191868,
        0.778886557,
        -0.09971654
      ]
    ],
    "translation": [
      2.15015483,
      0.9171115,
      -0.5695324
    ]
  },
  {
    "timeStamp": 24302,
    "rotation": [
      [
        -0.777142644,
        0.6131297,
        -0.141849443
      ],
      [
        -0.04461945,
        0.171150357,
        0.984234035
      ],
      [
        0.627740741,
        0.7712195,
        -0.10565073
      ]
    ],
    "translation": [
      2.14707637,
      0.911621869,
      -0.5661717
    ]
  },
  {
    "timeStamp": 24346,
    "rotation": [
      [
        -0.7801191,
        0.609051645,
        -0.1430743
      ],
      [
        -0.0526802465,
        0.163927928,
        0.9850647
      ],
      [
        0.6234091,
        0.77600497,
        -0.09579831
      ]
    ],
    "translation": [
      2.14783359,
      0.906357765,
      -0.5668242
    ]
  },
  {
    "timeStamp": 24402,
    "rotation": [
      [
        -0.7628496,
        0.6335439,
        -0.129161134
      ],
      [
        -0.0438780375,
        0.148576036,
        0.9879271
      ],
      [
        0.6450854,
        0.7593071,
        -0.0855425149
      ]
    ],
    "translation": [
      2.147798,
      0.899489939,
      -0.5676544
    ]
  },
  {
    "timeStamp": 24446,
    "rotation": [
      [
        -0.763053536,
        0.6325461,
        -0.132795483
      ],
      [
        -0.05120153,
        0.1456553,
        0.9880096
      ],
      [
        0.644304,
        0.760703564,
        -0.0787554756
      ]
    ],
    "translation": [
      2.14778113,
      0.8943151,
      -0.567703247
    ]
  },
  {
    "timeStamp": 24502,
    "rotation": [
      [
        -0.7526248,
        0.644935,
        -0.1327204
      ],
      [
        -0.0523951724,
        0.142266035,
        0.988440752
      ],
      [
        0.656361639,
        0.75087893,
        -0.07328147
      ]
    ],
    "translation": [
      2.14789939,
      0.889310241,
      -0.568010151
    ]
  },
  {
    "timeStamp": 24546,
    "rotation": [
      [
        -0.7586833,
        0.6359949,
        -0.141103148
      ],
      [
        -0.0567376427,
        0.151264831,
        0.9868636
      ],
      [
        0.6489842,
        0.7567228,
        -0.07867725
      ]
    ],
    "translation": [
      2.14851046,
      0.886278033,
      -0.56724304
    ]
  },
  {
    "timeStamp": 24602,
    "rotation": [
      [
        -0.7480675,
        0.648973167,
        -0.1386681
      ],
      [
        -0.0556739,
        0.1468467,
        0.987591267
      ],
      [
        0.661283135,
        0.746505141,
        -0.07372038
      ]
    ],
    "translation": [
      2.146738,
      0.8838191,
      -0.568257153
    ]
  },
  {
    "timeStamp": 24646,
    "rotation": [
      [
        -0.74701345,
        0.64687115,
        -0.1533901
      ],
      [
        -0.0654024854,
        0.15810214,
        0.9852544
      ],
      [
        0.66158396,
        0.7460304,
        -0.0757974461
      ]
    ],
    "translation": [
      2.148056,
      0.878884554,
      -0.56776917
    ]
  },
  {
    "timeStamp": 24702,
    "rotation": [
      [
        -0.7341344,
        0.662649453,
        -0.148129553
      ],
      [
        -0.0606850833,
        0.15325211,
        0.986322
      ],
      [
        0.676286936,
        0.7330822,
        -0.07229471
      ]
    ],
    "translation": [
      2.14886212,
      0.876674354,
      -0.56927675
    ]
  },
  {
    "timeStamp": 24750,
    "rotation": [
      [
        -0.729853153,
        0.66932714,
        -0.138980284
      ],
      [
        -0.0514280125,
        0.148968473,
        0.9875037
      ],
      [
        0.681666732,
        0.7278802,
        -0.07430294
      ]
    ],
    "translation": [
      2.14870143,
      0.876010239,
      -0.5696306
    ]
  },
  {
    "timeStamp": 24798,
    "rotation": [
      [
        -0.7270999,
        0.6735397,
        -0.132928878
      ],
      [
        -0.044164408,
        0.147333771,
        0.98810035
      ],
      [
        0.6851097,
        0.7243184,
        -0.07737989
      ]
    ],
    "translation": [
      2.14871836,
      0.8755138,
      -0.56977
    ]
  },
  {
    "timeStamp": 24854,
    "rotation": [
      [
        -0.724825859,
        0.6779797,
        -0.122356124
      ],
      [
        -0.036812745,
        0.139233872,
        0.989575
      ],
      [
        0.6879479,
        0.7217738,
        -0.07596201
      ]
    ],
    "translation": [
      2.14875555,
      0.874934435,
      -0.5698096
    ]
  },
  {
    "timeStamp": 24898,
    "rotation": [
      [
        -0.723151445,
        0.6816503,
        -0.111377381
      ],
      [
        -0.0282588713,
        0.131920531,
        0.9908574
      ],
      [
        0.69011116,
        0.719687343,
        -0.07613585
      ]
    ],
    "translation": [
      2.14874244,
      0.8743803,
      -0.5699468
    ]
  }
]