[
  {
    "timeStamp": 39429,
    "rotation": [
      [
        0.999745965,
        -0.0137040094,
        0.0178927239
      ],
      [
        -0.0169892088,
        0.06342788,
        0.997841835
      ],
      [
        -0.014809316,
        -0.9978924,
        0.06317894
      ]
    ],
    "translation": [
      1.30844927,
      0.6945115,
      -0.752898633
    ]
  },
  {
    "timeStamp": 39485,
    "rotation": [
      [
        0.9998214,
        -0.0150530161,
        0.0114305923
      ],
      [
        -0.0110196015,
        0.0271085259,
        0.999571741
      ],
      [
        -0.0153564475,
        -0.999519169,
        0.0269378033
      ]
    ],
    "translation": [
      1.30859876,
      0.699848056,
      -0.75268966
    ]
  },
  {
    "timeStamp": 39529,
    "rotation": [
      [
        0.9963202,
        -0.0221756436,
        0.08279093
      ],
      [
        -0.08120499,
        0.06479199,
        0.9945892
      ],
      [
        -0.02741987,
        -0.9976524,
        0.06275279
      ]
    ],
    "translation": [
      1.30195534,
      0.7036556,
      -0.755134463
    ]
  },
  {
    "timeStamp": 39585,
    "rotation": [
      [
        0.9900154,
        -0.032754,
        0.1371012
      ],
      [
        -0.134528175,
        0.0708883852,
        0.9883709
      ],
      [
        -0.0420919731,
        -0.996946335,
        0.0657742545
      ]
    ],
    "translation": [
      1.30430162,
      0.724103451,
      -0.754099131
    ]
  },
  {
    "timeStamp": 39629,
    "rotation": [
      [
        0.9822929,
        -0.04344609,
        0.1822446
      ],
      [
        -0.177869081,
        0.08928898,
        0.979994953
      ],
      [
        -0.05884937,
        -0.995057762,
        0.07998022
      ]
    ],
    "translation": [
      1.310221,
      0.742887855,
      -0.756968558
    ]
  },
  {
    "timeStamp": 39685,
    "rotation": [
      [
        0.9693231,
        -0.0466167331,
        0.241328925
      ],
      [
        -0.236544922,
        0.08982751,
        0.9674593
      ],
      [
        -0.06677776,
        -0.9948658,
        0.0760449246
      ]
    ],
    "translation": [
      1.32606733,
      0.7720023,
      -0.757819653
    ]
  },
  {
    "timeStamp": 39730,
    "rotation": [
      [
        0.9580568,
        -0.06172688,
        0.279851556
      ],
      [
        -0.2741926,
        0.08654379,
        0.957772732
      ],
      [
        -0.08333973,
        -0.9943339,
        0.0659888238
      ]
    ],
    "translation": [
      1.3461535,
      0.7952301,
      -0.7548923
    ]
  },
  {
    "timeStamp": 39785,
    "rotation": [
      [
        0.9426645,
        -0.1099658,
        0.31510523
      ],
      [
        -0.309681326,
        0.0637858361,
        0.9486985
      ],
      [
        -0.124423631,
        -0.991886556,
        0.0260742847
      ]
    ],
    "translation": [
      1.385379,
      0.821862459,
      -0.7410544
    ]
  },
  {
    "timeStamp": 39829,
    "rotation": [
      [
        0.9257143,
        -0.17729494,
        0.334094971
      ],
      [
        -0.330189079,
        0.0519907139,
        0.9424819
      ],
      [
        -0.184467122,
        -0.982783556,
        -0.0104123084
      ]
    ],
    "translation": [
      1.42661953,
      0.840190768,
      -0.722397447
    ]
  },
  {
    "timeStamp": 39885,
    "rotation": [
      [
        0.8939737,
        -0.290385485,
        0.341302276
      ],
      [
        -0.349951774,
        0.02332785,
        0.9364772
      ],
      [
        -0.279901236,
        -0.956625342,
        -0.08076644
      ]
    ],
    "translation": [
      1.49120665,
      0.862732649,
      -0.692097068
    ]
  },
  {
    "timeStamp": 39930,
    "rotation": [
      [
        0.8553001,
        -0.3899182,
        0.341211766
      ],
      [
        -0.371144116,
        -0.00153685792,
        0.928574
      ],
      [
        -0.361543536,
        -0.9208482,
        -0.146030322
      ]
    ],
    "translation": [
      1.55077481,
      0.8830641,
      -0.6636421
    ]
  },
  {
    "timeStamp": 39985,
    "rotation": [
      [
        0.804029346,
        -0.515320241,
        0.29661727
      ],
      [
        -0.397704631,
        -0.09525426,
        0.9125556
      ],
      [
        -0.4420043,
        -0.851687551,
        -0.281532466
      ]
    ],
    "translation": [
      1.63607264,
      0.9159436,
      -0.6274798
    ]
  },
  {
    "timeStamp": 40029,
    "rotation": [
      [
        0.7491316,
        -0.612244368,
        0.252900332
      ],
      [
        -0.421589524,
        -0.146181613,
        0.894926369
      ],
      [
        -0.510944247,
        -0.7770378,
        -0.3676251
      ]
    ],
    "translation": [
      1.71084046,
      0.9427777,
      -0.6023695
    ]
  },
  {
    "timeStamp": 40085,
    "rotation": [
      [
        0.658869565,
        -0.7318031,
        0.174227253
      ],
      [
        -0.4470203,
        -0.194601953,
        0.8730996
      ],
      [
        -0.6050321,
        -0.653141856,
        -0.455348134
      ]
    ],
    "translation": [
      1.80926824,
      0.972748935,
      -0.584606946
    ]
  },
  {
    "timeStamp": 40129,
    "rotation": [
      [
        0.5940575,
        -0.798685968,
        0.09589807
      ],
      [
        -0.468241155,
        -0.246389151,
        0.84855324
      ],
      [
        -0.6540993,
        -0.5489928,
        -0.52034694
      ]
    ],
    "translation": [
      1.88980675,
      0.998921752,
      -0.5764776
    ]
  },
  {
    "timeStamp": 40184,
    "rotation": [
      [
        0.509788156,
        -0.8602748,
        -0.00658652373
      ],
      [
        -0.4757275,
        -0.2882727,
        0.8310127
      ],
      [
        -0.716798,
        -0.420507044,
        -0.5562144
      ]
    ],
    "translation": [
      1.982101,
      1.01994729,
      -0.578898251
    ]
  },
  {
    "timeStamp": 40229,
    "rotation": [
      [
        0.446322769,
        -0.8917956,
        -0.07413927
      ],
      [
        -0.460975379,
        -0.3001347,
        0.8351173
      ],
      [
        -0.7670056,
        -0.338555485,
        -0.545052767
      ]
    ],
    "translation": [
      2.05143213,
      1.02518976,
      -0.5857825
    ]
  },
  {
    "timeStamp": 40285,
    "rotation": [
      [
        0.3545095,
        -0.927719057,
        -0.116877496
      ],
      [
        -0.448335081,
        -0.278336227,
        0.849426031
      ],
      [
        -0.82056,
        -0.248729318,
        -0.5146019
      ]
    ],
    "translation": [
      2.12319422,
      1.02103043,
      -0.5978556
    ]
  },
  {
    "timeStamp": 40329,
    "rotation": [
      [
        0.324714959,
        -0.937785745,
        -0.122955032
      ],
      [
        -0.3844356,
        -0.2496403,
        0.888757
      ],
      [
        -0.8641582,
        -0.2413244,
        -0.441580176
      ]
    ],
    "translation": [
      2.16314983,
      0.9980489,
      -0.607577443
    ]
  },
  {
    "timeStamp": 40385,
    "rotation": [
      [
        0.334974617,
        -0.937437952,
        -0.0948784947
      ],
      [
        -0.261105627,
        -0.189107209,
        0.9466057
      ],
      [
        -0.9053263,
        -0.292315573,
        -0.308116466
      ]
    ],
    "translation": [
      2.19020844,
      0.950599253,
      -0.614042
    ]
  },
  {
    "timeStamp": 40432,
    "rotation": [
      [
        0.350423247,
        -0.9309561,
        -0.102587305
      ],
      [
        -0.226084039,
        -0.190373331,
        0.955324054
      ],
      [
        -0.908894658,
        -0.3115744,
        -0.277185559
      ]
    ],
    "translation": [
      2.20698047,
      0.9284363,
      -0.6136481
    ]
  },
  {
    "timeStamp": 40480,
    "rotation": [
      [
        0.382956475,
        -0.922057331,
        -0.0561656728
      ],
      [
        -0.172593132,
        -0.131147921,
        0.97622323
      ],
      [
        -0.9074998,
        -0.3641572,
        -0.2093647
      ]
    ],
    "translation": [
      2.20996976,
      0.890134931,
      -0.612155735
    ]
  },
  {
    "timeStamp": 40535,
    "rotation": [
      [
        0.43391183,
        -0.8960289,
        -0.09408882
      ],
      [
        -0.11287646,
        -0.157674953,
        0.9810186
      ],
      [
        -0.893856466,
        -0.415055156,
        -0.1695576
      ]
    ],
    "translation": [
      2.21627045,
      0.860796452,
      -0.6024942
    ]
  },
  {
    "timeStamp": 40579,
    "rotation": [
      [
        0.4477293,
        -0.8916746,
        -0.0667453259
      ],
      [
        -0.0830999538,
        -0.115815833,
        0.9897884
      ],
      [
        -0.8902993,
        -0.437610745,
        -0.125952259
      ]
    ],
    "translation": [
      2.21637464,
      0.8321515,
      -0.5977174
    ]
  },
  {
    "timeStamp": 40635,
    "rotation": [
      [
        0.4677663,
        -0.8793737,
        -0.08886234
      ],
      [
        -0.0384592451,
        -0.120695479,
        0.9919443
      ],
      [
        -0.883015037,
        -0.4605806,
        -0.09027733
      ]
    ],
    "translation": [
      2.22467685,
      0.8091853,
      -0.587718368
    ]
  },
  {
    "timeStamp": 40679,
    "rotation": [
      [
        0.462486178,
        -0.8802186,
        -0.106403641
      ],
      [
        -0.0157130565,
        -0.128127784,
        0.9916332
      ],
      [
        -0.8864873,
        -0.4569447,
        -0.07308825
      ]
    ],
    "translation": [
      2.235502,
      0.793885469,
      -0.5839929
    ]
  },
  {
    "timeStamp": 40735,
    "rotation": [
      [
        0.4437525,
        -0.8911054,
        -0.09494579
      ],
      [
        -0.004248343,
        -0.108039267,
        0.9941375
      ],
      [
        -0.896139264,
        -0.440747648,
        -0.0517284162
      ]
    ],
    "translation": [
      2.2453382,
      0.7788866,
      -0.579868138
    ]
  },
  {
    "timeStamp": 40780,
    "rotation": [
      [
        0.444423139,
        -0.891631067,
        -0.08649944
      ],
      [
        0.00379371,
        -0.0946851149,
        0.9955
      ],
      [
        -0.895809,
        -0.4427514,
        -0.0386976637
      ]
    ],
    "translation": [
      2.25011134,
      0.769501448,
      -0.5766656
    ]
  },
  {
    "timeStamp": 40835,
    "rotation": [
      [
        0.439479321,
        -0.8953709,
        -0.0718950555
      ],
      [
        0.004329651,
        -0.07792633,
        0.996949732
      ],
      [
        -0.898242235,
        -0.438450068,
        -0.0303703658
      ]
    ],
    "translation": [
      2.254428,
      0.7612072,
      -0.57227
    ]
  },
  {
    "timeStamp": 40880,
    "rotation": [
      [
        0.4370375,
        -0.8977613,
        -0.0549812
      ],
      [
        -0.008967385,
        -0.06547408,
        0.997814
      ],
      [
        -0.8993986,
        -0.4355891,
        -0.0366651975
      ]
    ],
    "translation": [
      2.25553346,
      0.7581295,
      -0.5666066
    ]
  },
  {
    "timeStamp": 40937,
    "rotation": [
      [
        0.444370359,
        -0.8946016,
        -0.0471493565
      ],
      [
        -0.008743834,
        -0.05696,
        0.998338163
      ],
      [
        -0.895800531,
        -0.4432196,
        -0.03313358
      ]
    ],
    "translation": [
      2.25668645,
      0.753038347,
      -0.5611294
    ]
  },
  {
    "timeStamp": 40983,
    "rotation": [
      [
        0.4365287,
        -0.898429632,
        -0.0476121455
      ],
      [
        0.00107563031,
        -0.0523993932,
        0.998625636
      ],
      [
        -0.8996897,
        -0.435979962,
        -0.0219074618
      ]
    ],
    "translation": [
      2.260716,
      0.74638015,
      -0.5600535
    ]
  },
  {
    "timeStamp": 41039,
    "rotation": [
      [
        0.415857345,
        -0.9083879,
        -0.0435205027
      ],
      [
        -0.00274791056,
        -0.0491095968,
        0.9987896
      ],
      [
        -0.9094257,
        -0.4152344,
        -0.0229187552
      ]
    ],
    "translation": [
      2.26763153,
      0.742502332,
      -0.556862533
    ]
  },
  {
    "timeStamp": 41084,
    "rotation": [
      [
        0.4134799,
        -0.909939349,
        -0.0323229022
      ],
      [
        0.00657186331,
        -0.03251621,
        0.9994496
      ],
      [
        -0.9104895,
        -0.413464755,
        -0.00746480236
      ]
    ],
    "translation": [
      2.26877856,
      0.737850249,
      -0.55704397
    ]
  }
]