[
  {
    "timeStamp": 36409,
    "rotation": [
      [
        0.999969,
        0.000544827664,
        0.0078558065
      ],
      [
        -0.007851593,
        -0.007347014,
        0.9999422
      ],
      [
        0.0006025146,
        -0.9999729,
        -0.007342508
      ]
    ],
    "translation": [
      1.46204817,
      0.704763,
      -0.750051439
    ]
  },
  {
    "timeStamp": 36453,
    "rotation": [
      [
        0.9999496,
        0.00127104332,
        0.00996152
      ],
      [
        -0.0099442685,
        -0.0129247522,
        0.999867
      ],
      [
        0.00139962474,
        -0.999915659,
        -0.01291146
      ]
    ],
    "translation": [
      1.46210635,
      0.704545736,
      -0.7501336
    ]
  },
  {
    "timeStamp": 36500,
    "rotation": [
      [
        0.999904931,
        0.00152186048,
        0.0136998817
      ],
      [
        -0.0136599122,
        -0.0237394739,
        0.999624848
      ],
      [
        0.00184652035,
        -0.999717,
        -0.02371643
      ]
    ],
    "translation": [
      1.46213686,
      0.7043604,
      -0.750219166
    ]
  },
  {
    "timeStamp": 36553,
    "rotation": [
      [
        0.9993986,
        0.00186073408,
        0.03462686
      ],
      [
        -0.0345384665,
        -0.0356970467,
        0.998765647
      ],
      [
        0.00309451227,
        -0.9993609,
        -0.03561131
      ]
    ],
    "translation": [
      1.46221554,
      0.705291331,
      -0.7502461
    ]
  },
  {
    "timeStamp": 36609,
    "rotation": [
      [
        0.99559325,
        -0.0336872265,
        0.08751696
      ],
      [
        -0.08768183,
        -0.00344557315,
        0.996142566
      ],
      [
        -0.0332557335,
        -0.9994265,
        -0.00638414733
      ]
    ],
    "translation": [
      1.45729589,
      0.727123,
      -0.75435555
    ]
  },
  {
    "timeStamp": 36653,
    "rotation": [
      [
        0.984160841,
        -0.06588158,
        0.164581433
      ],
      [
        -0.163794249,
        0.0172138736,
        0.986344337
      ],
      [
        -0.0678150058,
        -0.997679,
        0.006150195
      ]
    ],
    "translation": [
      1.451377,
      0.7582755,
      -0.7571259
    ]
  },
  {
    "timeStamp": 36713,
    "rotation": [
      [
        0.957423747,
        -0.108394124,
        0.267564148
      ],
      [
        -0.2639813,
        0.0464233421,
        0.96340996
      ],
      [
        -0.1168492,
        -0.9930235,
        0.0158327874
      ]
    ],
    "translation": [
      1.450136,
      0.8059051,
      -0.761414
    ]
  },
  {
    "timeStamp": 36751,
    "rotation": [
      [
        0.9211919,
        -0.1716178,
        0.349217623
      ],
      [
        -0.342075527,
        0.07054588,
        0.9370206
      ],
      [
        -0.1854453,
        -0.982634544,
        0.00628004456
      ]
    ],
    "translation": [
      1.46039283,
      0.8455329,
      -0.757407963
    ]
  },
  {
    "timeStamp": 36807,
    "rotation": [
      [
        0.859079361,
        -0.269316852,
        0.4352597
      ],
      [
        -0.419340521,
        0.117273539,
        0.9002224
      ],
      [
        -0.293489516,
        -0.9558846,
        -0.0121881906
      ]
    ],
    "translation": [
      1.48369133,
      0.892829657,
      -0.7469327
    ]
  },
  {
    "timeStamp": 36851,
    "rotation": [
      [
        0.8099977,
        -0.355432481,
        0.466445744
      ],
      [
        -0.449937642,
        0.133464232,
        0.883030832
      ],
      [
        -0.376111656,
        -0.9251244,
        -0.05181674
      ]
    ],
    "translation": [
      1.51468408,
      0.922174156,
      -0.7326357
    ]
  },
  {
    "timeStamp": 36907,
    "rotation": [
      [
        0.7441767,
        -0.487110645,
        0.457082331
      ],
      [
        -0.4537537,
        0.133535191,
        0.8810652
      ],
      [
        -0.490212828,
        -0.863071,
        -0.1216545
      ]
    ],
    "translation": [
      1.57001722,
      0.9481429,
      -0.7062391
    ]
  },
  {
    "timeStamp": 36952,
    "rotation": [
      [
        0.6568827,
        -0.620006,
        0.429066122
      ],
      [
        -0.4514465,
        0.132371679,
        0.882424951
      ],
      [
        -0.603904963,
        -0.77335006,
        -0.192946881
      ]
    ],
    "translation": [
      1.62841368,
      0.9653418,
      -0.6769817
    ]
  },
  {
    "timeStamp": 37007,
    "rotation": [
      [
        0.5317887,
        -0.7743647,
        0.342870444
      ],
      [
        -0.421137124,
        0.109449677,
        0.900369
      ],
      [
        -0.734741032,
        -0.6232015,
        -0.267909616
      ]
    ],
    "translation": [
      1.71651816,
      0.9768807,
      -0.6419436
    ]
  },
  {
    "timeStamp": 37051,
    "rotation": [
      [
        0.427783161,
        -0.861642659,
        0.2730815
      ],
      [
        -0.414843857,
        0.08126189,
        0.9062566
      ],
      [
        -0.8030605,
        -0.5009675,
        -0.3226847
      ]
    ],
    "translation": [
      1.792974,
      0.9846885,
      -0.6214614
    ]
  },
  {
    "timeStamp": 37107,
    "rotation": [
      [
        0.2865778,
        -0.9413248,
        0.178271756
      ],
      [
        -0.397516251,
        0.0524731353,
        0.9160935
      ],
      [
        -0.871696055,
        -0.333398,
        -0.359154284
      ]
    ],
    "translation": [
      1.88915145,
      0.9894188,
      -0.605250955
    ]
  },
  {
    "timeStamp": 37152,
    "rotation": [
      [
        0.195356682,
        -0.975994,
        0.096288614
      ],
      [
        -0.374371439,
        0.0165331233,
        0.9271314
      ],
      [
        -0.906466663,
        -0.217169032,
        -0.362154424
      ]
    ],
    "translation": [
      1.96231139,
      0.984697,
      -0.6016644
    ]
  },
  {
    "timeStamp": 37208,
    "rotation": [
      [
        0.0642957762,
        -0.997307,
        0.03528121
      ],
      [
        -0.324609935,
        0.0125304284,
        0.945764959
      ],
      [
        -0.94366014,
        -0.07226132,
        -0.322930127
      ]
    ],
    "translation": [
      2.04591632,
      0.964597046,
      -0.6027057
    ]
  },
  {
    "timeStamp": 37253,
    "rotation": [
      [
        -0.0345182568,
        -0.99917686,
        -0.0213089678
      ],
      [
        -0.2725153,
        -0.0111034736,
        0.9620874
      ],
      [
        -0.961532056,
        0.039016597,
        -0.271907717
      ]
    ],
    "translation": [
      2.106671,
      0.9370887,
      -0.605869353
    ]
  },
  {
    "timeStamp": 37301,
    "rotation": [
      [
        -0.0787146538,
        -0.9940168,
        -0.07572671
      ],
      [
        -0.204718709,
        -0.0582256354,
        0.9770875
      ],
      [
        -0.975650668,
        0.0924138,
        -0.198910624
      ]
    ],
    "translation": [
      2.15258312,
      0.9011232,
      -0.613426149
    ]
  },
  {
    "timeStamp": 37359,
    "rotation": [
      [
        -0.146988958,
        -0.985286355,
        -0.08720696
      ],
      [
        -0.124794967,
        -0.0689873844,
        0.98978126
      ],
      [
        -0.981234133,
        0.15636991,
        -0.11281839
      ]
    ],
    "translation": [
      2.19822,
      0.8516089,
      -0.6220091
    ]
  },
  {
    "timeStamp": 37403,
    "rotation": [
      [
        -0.137132823,
        -0.98677665,
        -0.0864083543
      ],
      [
        -0.07637045,
        -0.07644034,
        0.9941451
      ],
      [
        -0.98760426,
        0.142928943,
        -0.0648781
      ]
    ],
    "translation": [
      2.2097373,
      0.8237386,
      -0.6265203
    ]
  },
  {
    "timeStamp": 37458,
    "rotation": [
      [
        -0.147327214,
        -0.988193,
        -0.042064134
      ],
      [
        -0.0491056927,
        -0.03516796,
        0.99817425
      ],
      [
        -0.9878681,
        0.149123833,
        -0.0433447026
      ]
    ],
    "translation": [
      2.21250987,
      0.80128473,
      -0.6239083
    ]
  },
  {
    "timeStamp": 37503,
    "rotation": [
      [
        -0.129683122,
        -0.991016865,
        -0.0326766856
      ],
      [
        -0.0186562482,
        -0.030510461,
        0.9993603
      ],
      [
        -0.9913799,
        0.130209789,
        -0.0145319663
      ]
    ],
    "translation": [
      2.21253133,
      0.7846734,
      -0.6233593
    ]
  },
  {
    "timeStamp": 37558,
    "rotation": [
      [
        -0.09973516,
        -0.9943036,
        -0.037594378
      ],
      [
        0.008753469,
        -0.038658075,
        0.9992142
      ],
      [
        -0.9949755,
        0.09932771,
        0.0125591764
      ]
    ],
    "translation": [
      2.21311879,
      0.7678668,
      -0.6214948
    ]
  },
  {
    "timeStamp": 37603,
    "rotation": [
      [
        -0.113408685,
        -0.9934728,
        -0.0122612836
      ],
      [
        0.0254442673,
        -0.015240971,
        0.999560058
      ],
      [
        -0.9932226,
        0.11304681,
        0.0270066448
      ]
    ],
    "translation": [
      2.21513224,
      0.757359266,
      -0.619210958
    ]
  },
  {
    "timeStamp": 37658,
    "rotation": [
      [
        -0.10969758,
        -0.9936905,
        -0.023358129
      ],
      [
        0.0390872955,
        -0.0277943984,
        0.998849154
      ],
      [
        -0.9931962,
        0.108658321,
        0.04188965
      ]
    ],
    "translation": [
      2.22296858,
      0.745545268,
      -0.6164294
    ]
  },
  {
    "timeStamp": 37703,
    "rotation": [
      [
        -0.107346848,
        -0.9940234,
        -0.0198528
      ],
      [
        0.046488978,
        -0.02496479,
        0.9986068
      ],
      [
        -0.993134141,
        0.106274359,
        0.0488910265
      ]
    ],
    "translation": [
      2.2256577,
      0.738472,
      -0.613545537
    ]
  },
  {
    "timeStamp": 37749,
    "rotation": [
      [
        -0.09331725,
        -0.9952973,
        -0.0259839632
      ],
      [
        0.04615083,
        -0.0303938612,
        0.998472
      ],
      [
        -0.9945662,
        0.0919754654,
        0.0487700626
      ]
    ],
    "translation": [
      2.2290113,
      0.733346462,
      -0.6092118
    ]
  },
  {
    "timeStamp": 37805,
    "rotation": [
      [
        -0.09166556,
        -0.995546937,
        -0.0219958257
      ],
      [
        0.0371179841,
        -0.0254894644,
        0.998985767
      ],
      [
        -0.9950979,
        0.0907561556,
        0.0392892
      ]
    ],
    "translation": [
      2.232607,
      0.7303923,
      -0.601706743
    ]
  },
  {
    "timeStamp": 37851,
    "rotation": [
      [
        -0.07472295,
        -0.9970028,
        -0.0200466551
      ],
      [
        0.0280231815,
        -0.022194339,
        0.999360859
      ],
      [
        -0.9968105,
        0.07411343,
        0.0295976177
      ]
    ],
    "translation": [
      2.23241472,
      0.7293167,
      -0.5958333
    ]
  },
  {
    "timeStamp": 37908,
    "rotation": [
      [
        -0.07706194,
        -0.9968898,
        -0.0164971668
      ],
      [
        0.0262043457,
        -0.0185657572,
        0.9994842
      ],
      [
        -0.996681869,
        0.07658989,
        0.02755356
      ]
    ],
    "translation": [
      2.23502517,
      0.7267069,
      -0.590158939
    ]
  },
  {
    "timeStamp": 37952,
    "rotation": [
      [
        -0.07072976,
        -0.997454941,
        -0.00899941847
      ],
      [
        0.023014972,
        -0.0106514757,
        0.9996784
      ],
      [
        -0.99723,
        0.07049989,
        0.023709774
      ]
    ],
    "translation": [
      2.23453975,
      0.724866033,
      -0.589637
    ]
  },
  {
    "timeStamp": 38008,
    "rotation": [
      [
        -0.0506264977,
        -0.9987007,
        0.0058242837
      ],
      [
        0.0226288158,
        0.004683196,
        0.999733
      ],
      [
        -0.998461246,
        0.050744772,
        0.0223623179
      ]
    ],
    "translation": [
      2.23322582,
      0.7246129,
      -0.588689
    ]
  }
]