[
  {
    "timeStamp": 86607,
    "rotation": [
      [
        0.650580645,
        -0.4448752,
        0.615492344
      ],
      [
        0.5961088,
        0.801287,
        -0.0509253144
      ],
      [
        -0.4705306,
        0.400031447,
        0.7864959
      ]
    ],
    "translation": [
      1.7445575,
      0.7070354,
      -0.4892846
    ]
  },
  {
    "timeStamp": 86652,
    "rotation": [
      [
        0.664170861,
        -0.405576557,
        0.628000557
      ],
      [
        0.542735338,
        0.839295566,
        -0.03195922
      ],
      [
        -0.514116168,
        0.362064481,
        0.77755636
      ]
    ],
    "translation": [
      1.74435806,
      0.7083409,
      -0.4895944
    ]
  },
  {
    "timeStamp": 86700,
    "rotation": [
      [
        0.6768073,
        -0.408798248,
        0.612222
      ],
      [
        0.51212436,
        0.858879864,
        0.007348773
      ],
      [
        -0.5288293,
        0.3085601,
        0.790651739
      ]
    ],
    "translation": [
      1.74497914,
      0.707360268,
      -0.4903073
    ]
  },
  {
    "timeStamp": 86752,
    "rotation": [
      [
        0.647249758,
        -0.4248556,
        0.632902443
      ],
      [
        0.5888011,
        0.8059638,
        -0.0611202
      ],
      [
        -0.4841292,
        0.412213683,
        0.7718153
      ]
    ],
    "translation": [
      1.74715126,
      0.715193331,
      -0.508743763
    ]
  },
  {
    "timeStamp": 86806,
    "rotation": [
      [
        0.67021513,
        -0.387215465,
        0.633147538
      ],
      [
        0.5385483,
        0.8407379,
        -0.0559056
      ],
      [
        -0.5106636,
        0.378449321,
        0.772009552
      ]
    ],
    "translation": [
      1.7474097,
      0.7362524,
      -0.5311133
    ]
  },
  {
    "timeStamp": 86850,
    "rotation": [
      [
        0.6977561,
        -0.372248173,
        0.61201936
      ],
      [
        0.5148989,
        0.8546105,
        -0.06723091
      ],
      [
        -0.498011559,
        0.362038821,
        0.7879799
      ]
    ],
    "translation": [
      1.747113,
      0.750801563,
      -0.555983365
    ]
  },
  {
    "timeStamp": 86906,
    "rotation": [
      [
        0.7323003,
        -0.345764,
        0.586671531
      ],
      [
        0.489588469,
        0.8661246,
        -0.100654438
      ],
      [
        -0.473327965,
        0.3609369,
        0.803545356
      ]
    ],
    "translation": [
      1.74822259,
      0.767736,
      -0.595782638
    ]
  },
  {
    "timeStamp": 86950,
    "rotation": [
      [
        0.756709039,
        -0.3090853,
        0.576070964
      ],
      [
        0.4572896,
        0.8799798,
        -0.12853688
      ],
      [
        -0.467202,
        0.360696316,
        0.8072301
      ]
    ],
    "translation": [
      1.75192189,
      0.7837857,
      -0.6288191
    ]
  },
  {
    "timeStamp": 87007,
    "rotation": [
      [
        0.762428045,
        -0.277127177,
        0.5847256
      ],
      [
        0.433447778,
        0.889677167,
        -0.143518656
      ],
      [
        -0.4804441,
        0.362870663,
        0.798435
      ]
    ],
    "translation": [
      1.76522517,
      0.8035648,
      -0.666278
    ]
  },
  {
    "timeStamp": 87050,
    "rotation": [
      [
        0.7414294,
        -0.2387107,
        0.627136052
      ],
      [
        0.4005789,
        0.9072417,
        -0.1282539
      ],
      [
        -0.5383484,
        0.346308678,
        0.7682781
      ]
    ],
    "translation": [
      1.78522909,
      0.8233106,
      -0.6869191
    ]
  },
  {
    "timeStamp": 87107,
    "rotation": [
      [
        0.6753984,
        -0.1821687,
        0.7145989
      ],
      [
        0.361692935,
        0.926283836,
        -0.10571932
      ],
      [
        -0.6426626,
        0.329868019,
        0.6914997
      ]
    ],
    "translation": [
      1.82415926,
      0.8513992,
      -0.70345974
    ]
  },
  {
    "timeStamp": 87151,
    "rotation": [
      [
        0.5946834,
        -0.1505374,
        0.789740562
      ],
      [
        0.328374326,
        0.94211936,
        -0.06768623
      ],
      [
        -0.7338406,
        0.2995824,
        0.6096953
      ]
    ],
    "translation": [
      1.86563349,
      0.8761922,
      -0.71175617
    ]
  },
  {
    "timeStamp": 87207,
    "rotation": [
      [
        0.442591816,
        -0.160910666,
        0.8821679
      ],
      [
        0.292540282,
        0.9558553,
        0.0275813565
      ],
      [
        -0.847663045,
        0.245862365,
        0.4701266
      ]
    ],
    "translation": [
      1.93031991,
      0.9066057,
      -0.718592465
    ]
  },
  {
    "timeStamp": 87252,
    "rotation": [
      [
        0.2853022,
        -0.2205162,
        0.932724655
      ],
      [
        0.259331226,
        0.9546323,
        0.14637129
      ],
      [
        -0.9226863,
        0.200124577,
        0.329545438
      ]
    ],
    "translation": [
      1.98736382,
      0.927839637,
      -0.7248761
    ]
  },
  {
    "timeStamp": 87307,
    "rotation": [
      [
        0.1358268,
        -0.301123559,
        0.9438621
      ],
      [
        0.240303233,
        0.9342557,
        0.2634779
      ],
      [
        -0.961147964,
        0.191025764,
        0.199257925
      ]
    ],
    "translation": [
      2.05165482,
      0.9450423,
      -0.737654865
    ]
  },
  {
    "timeStamp": 87352,
    "rotation": [
      [
        0.07809433,
        -0.3369706,
        0.9382708
      ],
      [
        0.2530777,
        0.917016566,
        0.3082731
      ],
      [
        -0.9642889,
        0.213381052,
        0.156893536
      ]
    ],
    "translation": [
      2.089618,
      0.9446883,
      -0.747612238
    ]
  },
  {
    "timeStamp": 87400,
    "rotation": [
      [
        0.07054869,
        -0.351473182,
        0.933536053
      ],
      [
        0.3638519,
        0.880454957,
        0.303991526
      ],
      [
        -0.9287813,
        0.318222672,
        0.189999133
      ]
    ],
    "translation": [
      2.11689162,
      0.9255726,
      -0.759993136
    ]
  },
  {
    "timeStamp": 87458,
    "rotation": [
      [
        0.144828483,
        -0.2470524,
        0.9581179
      ],
      [
        0.513972342,
        0.846221,
        0.140507862
      ],
      [
        -0.8454923,
        0.472096533,
        0.249535
      ]
    ],
    "translation": [
      2.13589954,
      0.8883635,
      -0.781272
    ]
  },
  {
    "timeStamp": 87502,
    "rotation": [
      [
        0.17313838,
        -0.216363847,
        0.960838
      ],
      [
        0.543337047,
        0.834671438,
        0.0900466442
      ],
      [
        -0.8214669,
        0.506468356,
        0.262072146
      ]
    ],
    "translation": [
      2.14061,
      0.87233305,
      -0.7912747
    ]
  },
  {
    "timeStamp": 87558,
    "rotation": [
      [
        0.2631993,
        -0.2273576,
        0.9375685
      ],
      [
        0.59017235,
        0.806721449,
        0.02995121
      ],
      [
        -0.763166249,
        0.545443833,
        0.346508682
      ]
    ],
    "translation": [
      2.13321757,
      0.8544309,
      -0.805086732
    ]
  },
  {
    "timeStamp": 87602,
    "rotation": [
      [
        0.289508551,
        -0.1771332,
        0.940642655
      ],
      [
        0.5907245,
        0.8063164,
        -0.0299735386
      ],
      [
        -0.7531463,
        0.564338267,
        0.338072419
      ]
    ],
    "translation": [
      2.129358,
      0.8440173,
      -0.8099291
    ]
  },
  {
    "timeStamp": 87658,
    "rotation": [
      [
        0.2953849,
        -0.196625322,
        0.9349258
      ],
      [
        0.6030588,
        0.7973697,
        -0.02283755
      ],
      [
        -0.740991056,
        0.5705611,
        0.354107618
      ]
    ],
    "translation": [
      2.12896276,
      0.8321957,
      -0.812247
    ]
  },
  {
    "timeStamp": 87702,
    "rotation": [
      [
        0.320309222,
        -0.182488352,
        0.9295698
      ],
      [
        0.603084266,
        0.7960106,
        -0.0515408255
      ],
      [
        -0.7305418,
        0.5771179,
        0.3650254
      ]
    ],
    "translation": [
      2.125633,
      0.8250772,
      -0.8121095
    ]
  },
  {
    "timeStamp": 87758,
    "rotation": [
      [
        0.315752685,
        -0.19310917,
        0.9289828
      ],
      [
        0.6184633,
        0.784397542,
        -0.0471559763
      ],
      [
        -0.719585538,
        0.5894314,
        0.367106557
      ]
    ],
    "translation": [
      2.1267035,
      0.8191957,
      -0.8128274
    ]
  }
]