[
  {
    "timeStamp": 54634,
    "rotation": [
      [
        0.9995972,
        -0.0146744074,
        -0.0242919736
      ],
      [
        0.0283787157,
        0.507947743,
        0.86092025
      ],
      [
        -0.0002944386,
        -0.861262858,
        0.5081596
      ]
    ],
    "translation": [
      1.61486864,
      0.720041156,
      -0.7508265
    ]
  },
  {
    "timeStamp": 54690,
    "rotation": [
      [
        0.999796331,
        -0.0143485675,
        0.0141906571
      ],
      [
        -0.00523154065,
        0.494862854,
        0.8689554
      ],
      [
        -0.0194906928,
        -0.8688527,
        0.494687
      ]
    ],
    "translation": [
      1.61459267,
      0.727351546,
      -0.7511856
    ]
  },
  {
    "timeStamp": 54733,
    "rotation": [
      [
        0.998184443,
        -0.012367175,
        0.0589486249
      ],
      [
        -0.0455484465,
        0.485390276,
        0.8731103
      ],
      [
        -0.0394110046,
        -0.8742101,
        0.4839457
      ]
    ],
    "translation": [
      1.61435246,
      0.737653852,
      -0.750772238
    ]
  },
  {
    "timeStamp": 54789,
    "rotation": [
      [
        0.995906949,
        -0.007305199,
        0.09008919
      ],
      [
        -0.07659303,
        0.460992545,
        0.8840924
      ],
      [
        -0.04798892,
        -0.887374,
        0.458546132
      ]
    ],
    "translation": [
      1.61736393,
      0.751882732,
      -0.751851857
    ]
  },
  {
    "timeStamp": 54833,
    "rotation": [
      [
        0.9904993,
        -0.005122439,
        0.137422
      ],
      [
        -0.120893076,
        0.443851024,
        0.8879083
      ],
      [
        -0.06554315,
        -0.8960859,
        0.4390149
      ]
    ],
    "translation": [
      1.62172592,
      0.7677112,
      -0.752892435
    ]
  },
  {
    "timeStamp": 54889,
    "rotation": [
      [
        0.982704163,
        -0.005954535,
        0.185086548
      ],
      [
        -0.1655017,
        0.420146346,
        0.89223665
      ],
      [
        -0.08307628,
        -0.9074368,
        0.411894083
      ]
    ],
    "translation": [
      1.63133574,
      0.78780663,
      -0.7548551
    ]
  },
  {
    "timeStamp": 54933,
    "rotation": [
      [
        0.974930167,
        -0.008331019,
        0.2223552
      ],
      [
        -0.200315237,
        0.402211457,
        0.8933643
      ],
      [
        -0.09687643,
        -0.9155089,
        0.3904592
      ]
    ],
    "translation": [
      1.64389122,
      0.8035782,
      -0.7578911
    ]
  },
  {
    "timeStamp": 54989,
    "rotation": [
      [
        0.962826431,
        -0.03545406,
        0.267784
      ],
      [
        -0.234332919,
        0.38348338,
        0.893324435
      ],
      [
        -0.1343627,
        -0.922867,
        0.3609199
      ]
    ],
    "translation": [
      1.66622353,
      0.8224838,
      -0.759731948
    ]
  },
  {
    "timeStamp": 55033,
    "rotation": [
      [
        0.9558071,
        -0.06851789,
        0.285898834
      ],
      [
        -0.240435377,
        0.3774469,
        0.8942733
      ],
      [
        -0.16918534,
        -0.9234929,
        0.344292253
      ]
    ],
    "translation": [
      1.68903172,
      0.8327386,
      -0.762041152
    ]
  },
  {
    "timeStamp": 55089,
    "rotation": [
      [
        0.9361953,
        -0.123410136,
        0.329102129
      ],
      [
        -0.269227356,
        0.3501447,
        0.8971707
      ],
      [
        -0.225953341,
        -0.928530335,
        0.294578463
      ]
    ],
    "translation": [
      1.72167408,
      0.851174951,
      -0.7584649
    ]
  },
  {
    "timeStamp": 55133,
    "rotation": [
      [
        0.9032972,
        -0.2161924,
        0.3705603
      ],
      [
        -0.2975859,
        0.306421816,
        0.904183745
      ],
      [
        -0.309025437,
        -0.9270202,
        0.212454155
      ]
    ],
    "translation": [
      1.75690567,
      0.872446358,
      -0.748191953
    ]
  },
  {
    "timeStamp": 55189,
    "rotation": [
      [
        0.835565567,
        -0.3702621,
        0.405877084
      ],
      [
        -0.339876443,
        0.232060671,
        0.911390066
      ],
      [
        -0.431641281,
        -0.8994742,
        0.06805855
      ]
    ],
    "translation": [
      1.81537282,
      0.902913332,
      -0.7291175
    ]
  },
  {
    "timeStamp": 55233,
    "rotation": [
      [
        0.7704732,
        -0.5157226,
        0.374701649
      ],
      [
        -0.353578,
        0.143361121,
        0.9243539
      ],
      [
        -0.5304278,
        -0.8446762,
        -0.07189225
      ]
    ],
    "translation": [
      1.87111652,
      0.9232072,
      -0.7156727
    ]
  },
  {
    "timeStamp": 55289,
    "rotation": [
      [
        0.663874567,
        -0.6757234,
        0.320419282
      ],
      [
        -0.368779451,
        0.0769394562,
        0.926327169
      ],
      [
        -0.6505938,
        -0.7331291,
        -0.198114738
      ]
    ],
    "translation": [
      1.9478488,
      0.938448,
      -0.705392838
    ]
  },
  {
    "timeStamp": 55333,
    "rotation": [
      [
        0.5837581,
        -0.7638034,
        0.2753741
      ],
      [
        -0.350082368,
        0.0692314953,
        0.934157
      ],
      [
        -0.7325769,
        -0.641725361,
        -0.226979658
      ]
    ],
    "translation": [
      2.00272083,
      0.9364622,
      -0.7045011
    ]
  },
  {
    "timeStamp": 55389,
    "rotation": [
      [
        0.519466043,
        -0.8215475,
        0.23497805
      ],
      [
        -0.292276323,
        0.08757336,
        0.9523158
      ],
      [
        -0.8029505,
        -0.5633743,
        -0.194627509
      ]
    ],
    "translation": [
      2.0583992,
      0.918978453,
      -0.7102541
    ]
  },
  {
    "timeStamp": 55433,
    "rotation": [
      [
        0.436582983,
        -0.843569934,
        0.3127059
      ],
      [
        -0.236062363,
        0.227989942,
        0.944613755
      ],
      [
        -0.8681416,
        -0.4862204,
        -0.09959859
      ]
    ],
    "translation": [
      2.086575,
      0.8895143,
      -0.7171607
    ]
  },
  {
    "timeStamp": 55488,
    "rotation": [
      [
        0.3521684,
        -0.82025975,
        0.450723231
      ],
      [
        -0.216720626,
        0.3970186,
        0.89185673
      ],
      [
        -0.9104997,
        -0.411764771,
        -0.0379497968
      ]
    ],
    "translation": [
      2.10012937,
      0.8584073,
      -0.7237928
    ]
  },
  {
    "timeStamp": 55539,
    "rotation": [
      [
        0.28671068,
        -0.8055643,
        0.5185201
      ],
      [
        -0.194648325,
        0.480970353,
        0.854856431
      ],
      [
        -0.938034654,
        -0.346025556,
        -0.0189024061
      ]
    ],
    "translation": [
      2.11737227,
      0.826148868,
      -0.7262915
    ]
  },
  {
    "timeStamp": 55584,
    "rotation": [
      [
        0.205292955,
        -0.784370065,
        0.5853362
      ],
      [
        -0.165882379,
        0.561535,
        0.810655
      ],
      [
        -0.9645402,
        -0.263518721,
        -0.0148339914
      ]
    ],
    "translation": [
      2.126417,
      0.805060744,
      -0.7260754
    ]
  },
  {
    "timeStamp": 55639,
    "rotation": [
      [
        0.17715086,
        -0.7920925,
        0.5841293
      ],
      [
        -0.184133053,
        0.556361735,
        0.8102818
      ],
      [
        -0.966805339,
        -0.251099616,
        -0.04729045
      ]
    ],
    "translation": [
      2.13823175,
      0.7906809,
      -0.715951741
    ]
  }
]