[
  {
    "timeStamp": 69860,
    "rotation": [
      [
        -0.994961441,
        0.0143109662,
        0.0992314145
      ],
      [
        0.0110057434,
        0.999368846,
        -0.0337760225
      ],
      [
        -0.0996521562,
        -0.0325137265,
        -0.9944909
      ]
    ],
    "translation": [
      1.12258542,
      0.730780244,
      -0.502323449
    ]
  },
  {
    "timeStamp": 69904,
    "rotation": [
      [
        -0.994703233,
        0.0118370438,
        0.102104895
      ],
      [
        0.008561024,
        0.999436259,
        -0.03246359
      ],
      [
        -0.10243161,
        -0.0314175151,
        -0.994243741
      ]
    ],
    "translation": [
      1.12354565,
      0.7343832,
      -0.501850069
    ]
  },
  {
    "timeStamp": 69951,
    "rotation": [
      [
        -0.995672643,
        0.0586964451,
        0.0720459744
      ],
      [
        0.05180283,
        0.9942157,
        -0.0940825641
      ],
      [
        -0.07715155,
        -0.08994325,
        -0.9929541
      ]
    ],
    "translation": [
      1.12176728,
      0.7484503,
      -0.493546546
    ]
  },
  {
    "timeStamp": 70004,
    "rotation": [
      [
        -0.991087735,
        0.130816162,
        0.02514279
      ],
      [
        0.128139138,
        0.9878048,
        -0.08844241
      ],
      [
        -0.0364058651,
        -0.08443241,
        -0.9957639
      ]
    ],
    "translation": [
      1.1238091,
      0.7787082,
      -0.4966882
    ]
  },
  {
    "timeStamp": 70049,
    "rotation": [
      [
        -0.984879851,
        0.173221692,
        -0.002436531
      ],
      [
        0.172803715,
        0.9813128,
        -0.08464068
      ],
      [
        -0.0122706033,
        -0.08378194,
        -0.9964086
      ]
    ],
    "translation": [
      1.1332531,
      0.8021069,
      -0.5056484
    ]
  },
  {
    "timeStamp": 70104,
    "rotation": [
      [
        -0.976082444,
        0.209199175,
        -0.0591507964
      ],
      [
        0.2124655,
        0.9755814,
        -0.0556715243
      ],
      [
        0.04605998,
        -0.0669075,
        -0.9966955
      ]
    ],
    "translation": [
      1.157018,
      0.8279276,
      -0.5211806
    ]
  },
  {
    "timeStamp": 70160,
    "rotation": [
      [
        -0.9695783,
        0.226708025,
        -0.0923112258
      ],
      [
        0.228089,
        0.973629653,
        -0.0045552915
      ],
      [
        0.08884422,
        -0.0254718866,
        -0.9957198
      ]
    ],
    "translation": [
      1.190367,
      0.8463364,
      -0.551526964
    ]
  },
  {
    "timeStamp": 70204,
    "rotation": [
      [
        -0.9657193,
        0.2322096,
        -0.116038516
      ],
      [
        0.229624152,
        0.9726368,
        0.03535994
      ],
      [
        0.121074252,
        0.0075025307,
        -0.9926151
      ]
    ],
    "translation": [
      1.22221828,
      0.8562717,
      -0.5801329
    ]
  },
  {
    "timeStamp": 70249,
    "rotation": [
      [
        -0.9627936,
        0.228764191,
        -0.143859074
      ],
      [
        0.218899474,
        0.9723601,
        0.08123337
      ],
      [
        0.1584661,
        0.04672029,
        -0.986258447
      ]
    ],
    "translation": [
      1.25742066,
      0.8619092,
      -0.6125649
    ]
  },
  {
    "timeStamp": 70304,
    "rotation": [
      [
        -0.9573578,
        0.213285044,
        -0.194872841
      ],
      [
        0.190121755,
        0.972993731,
        0.1309082
      ],
      [
        0.2175308,
        0.08827643,
        -0.972053349
      ]
    ],
    "translation": [
      1.30594659,
      0.862916768,
      -0.652767241
    ]
  },
  {
    "timeStamp": 70360,
    "rotation": [
      [
        -0.947620869,
        0.199232683,
        -0.249641746
      ],
      [
        0.157490432,
        0.9714441,
        0.17746304
      ],
      [
        0.277869433,
        0.128851488,
        -0.9519379
      ]
    ],
    "translation": [
      1.35661364,
      0.861743152,
      -0.6930621
    ]
  },
  {
    "timeStamp": 70404,
    "rotation": [
      [
        -0.933282256,
        0.189614609,
        -0.305009156
      ],
      [
        0.130693942,
        0.9703481,
        0.203331143
      ],
      [
        0.334519625,
        0.1499025,
        -0.9303901
      ]
    ],
    "translation": [
      1.39753807,
      0.86113286,
      -0.719642043
    ]
  },
  {
    "timeStamp": 70460,
    "rotation": [
      [
        -0.9043335,
        0.1793272,
        -0.387327731
      ],
      [
        0.09766225,
        0.9703209,
        0.2212227
      ],
      [
        0.415503442,
        0.162231788,
        -0.895007133
      ]
    ],
    "translation": [
      1.44901454,
      0.861049,
      -0.744259357
    ]
  },
  {
    "timeStamp": 70504,
    "rotation": [
      [
        -0.8671481,
        0.189614818,
        -0.460543633
      ],
      [
        0.08696813,
        0.968133569,
        0.234849
      ],
      [
        0.4903986,
        0.163596243,
        -0.856005549
      ]
    ],
    "translation": [
      1.4891479,
      0.8672514,
      -0.75543493
    ]
  },
  {
    "timeStamp": 70560,
    "rotation": [
      [
        -0.8018778,
        0.215163961,
        -0.557401538
      ],
      [
        0.0921921656,
        0.96629256,
        0.240373358
      ],
      [
        0.5903326,
        0.141362011,
        -0.794685
      ]
    ],
    "translation": [
      1.53913724,
      0.880708337,
      -0.758174
    ]
  },
  {
    "timeStamp": 70604,
    "rotation": [
      [
        -0.7335699,
        0.242851764,
        -0.634742737
      ],
      [
        0.113129996,
        0.964579344,
        0.238302916
      ],
      [
        0.670132041,
        0.103003405,
        -0.735060155
      ]
    ],
    "translation": [
      1.580285,
      0.896492,
      -0.7529149
    ]
  },
  {
    "timeStamp": 70660,
    "rotation": [
      [
        -0.6631008,
        0.264076084,
        -0.700400651
      ],
      [
        0.153856069,
        0.96380657,
        0.21772711
      ],
      [
        0.7325473,
        0.0366141275,
        -0.679730654
      ]
    ],
    "translation": [
      1.63160324,
      0.9190819,
      -0.742285669
    ]
  },
  {
    "timeStamp": 70704,
    "rotation": [
      [
        -0.6216574,
        0.261764169,
        -0.738255858
      ],
      [
        0.195997566,
        0.964508,
        0.176944479
      ],
      [
        0.7583714,
        -0.0346975029,
        -0.650898635
      ]
    ],
    "translation": [
      1.674895,
      0.939712763,
      -0.7330403
    ]
  },
  {
    "timeStamp": 70760,
    "rotation": [
      [
        -0.5575304,
        0.22933422,
        -0.7978507
      ],
      [
        0.2430816,
        0.964059,
        0.107246041
      ],
      [
        0.793770254,
        -0.1341499,
        -0.593239069
      ]
    ],
    "translation": [
      1.74149048,
      0.965022,
      -0.7128807
    ]
  },
  {
    "timeStamp": 70804,
    "rotation": [
      [
        -0.498395443,
        0.195844978,
        -0.844539344
      ],
      [
        0.2733493,
        0.9599598,
        0.061296463
      ],
      [
        0.822728455,
        -0.200304359,
        -0.5319737
      ]
    ],
    "translation": [
      1.80151987,
      0.9848932,
      -0.698965967
    ]
  },
  {
    "timeStamp": 70860,
    "rotation": [
      [
        -0.447123051,
        0.132658392,
        -0.884580553
      ],
      [
        0.3158763,
        0.9486408,
        -0.0173985511
      ],
      [
        0.8368412,
        -0.287197351,
        -0.4660628
      ]
    ],
    "translation": [
      1.880263,
      1.00966966,
      -0.6802999
    ]
  },
  {
    "timeStamp": 70902,
    "rotation": [
      [
        -0.434313446,
        0.07764506,
        -0.8974091
      ],
      [
        0.333285421,
        0.9394243,
        -0.08001779
      ],
      [
        0.836834848,
        -0.333846152,
        -0.4338826
      ]
    ],
    "translation": [
      1.93874836,
      1.02583766,
      -0.6706526
    ]
  },
  {
    "timeStamp": 70957,
    "rotation": [
      [
        -0.481386572,
        0.003980687,
        -0.876499355
      ],
      [
        0.328356862,
        0.9279882,
        -0.176123977
      ],
      [
        0.81268,
        -0.3725883,
        -0.448028147
      ]
    ],
    "translation": [
      2.00180316,
      1.03956008,
      -0.6601455
    ]
  },
  {
    "timeStamp": 71002,
    "rotation": [
      [
        -0.5323114,
        -0.0339798555,
        -0.8458664
      ],
      [
        0.310811,
        0.921567,
        -0.232617065
      ],
      [
        0.7874269,
        -0.38672933,
        -0.4799993
      ]
    ],
    "translation": [
      2.04501534,
      1.044512,
      -0.6502696
    ]
  },
  {
    "timeStamp": 71053,
    "rotation": [
      [
        -0.601641357,
        -0.056469664,
        -0.7967677
      ],
      [
        0.268075436,
        0.9253685,
        -0.26800853
      ],
      [
        0.7524381,
        -0.3748389,
        -0.5416019
      ]
    ],
    "translation": [
      2.07716227,
      1.041445,
      -0.6412891
    ]
  },
  {
    "timeStamp": 71099,
    "rotation": [
      [
        -0.717411458,
        -0.09947347,
        -0.6895113
      ],
      [
        0.179692209,
        0.9298389,
        -0.321107954
      ],
      [
        0.673076153,
        -0.354266346,
        -0.649202466
      ]
    ],
    "translation": [
      2.10395956,
      1.02883732,
      -0.6341328
    ]
  },
  {
    "timeStamp": 71154,
    "rotation": [
      [
        -0.7956216,
        -0.0759934857,
        -0.601008534
      ],
      [
        0.127002314,
        0.9491295,
        -0.2881381
      ],
      [
        0.5923315,
        -0.305578351,
        -0.7454966
      ]
    ],
    "translation": [
      2.11573577,
      1.01481879,
      -0.6254923
    ]
  },
  {
    "timeStamp": 71210,
    "rotation": [
      [
        -0.8727687,
        -0.0677221343,
        -0.483413428
      ],
      [
        0.06784981,
        0.9638852,
        -0.257530183
      ],
      [
        0.483395517,
        -0.2575638,
        -0.8366539
      ]
    ],
    "translation": [
      2.11624718,
      0.994893432,
      -0.624684751
    ]
  },
  {
    "timeStamp": 71254,
    "rotation": [
      [
        -0.923413336,
        -0.06659833,
        -0.377984732
      ],
      [
        0.0214732569,
        0.974323153,
        -0.224128082
      ],
      [
        0.3832058,
        -0.215079427,
        -0.8982729
      ]
    ],
    "translation": [
      2.11030436,
      0.976022,
      -0.629332542
    ]
  },
  {
    "timeStamp": 71310,
    "rotation": [
      [
        -0.9592455,
        -0.058108747,
        -0.2765347
      ],
      [
        -0.00338721485,
        0.9809218,
        -0.1943733
      ],
      [
        0.2825537,
        -0.185515016,
        -0.9411416
      ]
    ],
    "translation": [
      2.10372543,
      0.95491153,
      -0.63393867
    ]
  },
  {
    "timeStamp": 71354,
    "rotation": [
      [
        -0.977202833,
        -0.0663471743,
        -0.201674521
      ],
      [
        -0.0302867014,
        0.9837649,
        -0.176887855
      ],
      [
        0.210136324,
        -0.166747257,
        -0.9633473
      ]
    ],
    "translation": [
      2.10034943,
      0.936902463,
      -0.6385014
    ]
  },
  {
    "timeStamp": 71410,
    "rotation": [
      [
        -0.9875865,
        -0.0776006654,
        -0.136568964
      ],
      [
        -0.0534273423,
        0.983556449,
        -0.172517329
      ],
      [
        0.147710741,
        -0.163079262,
        -0.975493133
      ]
    ],
    "translation": [
      2.09974265,
      0.9189751,
      -0.6375302
    ]
  },
  {
    "timeStamp": 71454,
    "rotation": [
      [
        -0.9907182,
        -0.06382843,
        -0.120014057
      ],
      [
        -0.043494273,
        0.9853348,
        -0.164995715
      ],
      [
        0.128785446,
        -0.158244327,
        -0.9789653
      ]
    ],
    "translation": [
      2.096599,
      0.9091075,
      -0.635170162
    ]
  },
  {
    "timeStamp": 71500,
    "rotation": [
      [
        -0.993178844,
        -0.06262492,
        -0.09835606
      ],
      [
        -0.0465844646,
        0.986395061,
        -0.1576538
      ],
      [
        0.106890984,
        -0.151996553,
        -0.982584059
      ]
    ],
    "translation": [
      2.09459329,
      0.9017389,
      -0.6336311
    ]
  },
  {
    "timeStamp": 71556,
    "rotation": [
      [
        -0.996050537,
        -0.0555376,
        -0.0692736953
      ],
      [
        -0.0443602465,
        0.98714143,
        -0.153570831
      ],
      [
        0.07691188,
        -0.1498913,
        -0.985706449
      ]
    ],
    "translation": [
      2.09072781,
      0.89378947,
      -0.6333532
    ]
  },
  {
    "timeStamp": 71602,
    "rotation": [
      [
        -0.997077465,
        -0.0488980524,
        -0.0586987324
      ],
      [
        -0.03944187,
        0.9874941,
        -0.152642787
      ],
      [
        0.0654285848,
        -0.1498815,
        -0.9865367
      ]
    ],
    "translation": [
      2.08706117,
      0.8896585,
      -0.63160497
    ]
  },
  {
    "timeStamp": 71659,
    "rotation": [
      [
        -0.9978127,
        -0.0436515324,
        -0.04964246
      ],
      [
        -0.03641245,
        0.989709556,
        -0.138380215
      ],
      [
        0.0551721267,
        -0.136269927,
        -0.9891342
      ]
    ],
    "translation": [
      2.08398438,
      0.8839663,
      -0.6300621
    ]
  },
  {
    "timeStamp": 71703,
    "rotation": [
      [
        -0.998332,
        -0.04275831,
        -0.0387928374
      ],
      [
        -0.0373418927,
        0.990684,
        -0.130961329
      ],
      [
        0.0440311246,
        -0.129294291,
        -0.990628242
      ]
    ],
    "translation": [
      2.08197927,
      0.879510343,
      -0.6297502
    ]
  },
  {
    "timeStamp": 71759,
    "rotation": [
      [
        -0.998607457,
        -0.0426264033,
        -0.0310820732
      ],
      [
        -0.03844912,
        0.9914823,
        -0.12443655
      ],
      [
        0.03612161,
        -0.123068191,
        -0.9917406
      ]
    ],
    "translation": [
      2.08040047,
      0.8737678,
      -0.6288784
    ]
  },
  {
    "timeStamp": 71804,
    "rotation": [
      [
        -0.9987545,
        -0.0441844873,
        -0.0231784582
      ],
      [
        -0.04110371,
        0.9919495,
        -0.119777843
      ],
      [
        0.02828418,
        -0.11867594,
        -0.9925301
      ]
    ],
    "translation": [
      2.0799737,
      0.869692,
      -0.6281823
    ]
  },
  {
    "timeStamp": 71859,
    "rotation": [
      [
        -0.9988121,
        -0.04758703,
        -0.0104816146
      ],
      [
        -0.0460089929,
        0.9918538,
        -0.118782848
      ],
      [
        0.0160487518,
        -0.118159495,
        -0.992864966
      ]
    ],
    "translation": [
      2.08056617,
      0.8648581,
      -0.627148
    ]
  },
  {
    "timeStamp": 71903,
    "rotation": [
      [
        -0.9986315,
        -0.0522977151,
        -0.000279337226
      ],
      [
        -0.0518765338,
        0.99123776,
        -0.121476389
      ],
      [
        0.00662982743,
        -0.121295653,
        -0.992594242
      ]
    ],
    "translation": [
      2.081344,
      0.8611659,
      -0.6256027
    ]
  },
  {
    "timeStamp": 71959,
    "rotation": [
      [
        -0.9987062,
        -0.04988081,
        0.00988939
      ],
      [
        -0.0507338867,
        0.9905991,
        -0.1270415
      ],
      [
        -0.00345948734,
        -0.127378866,
        -0.9918481
      ]
    ],
    "translation": [
      2.08142114,
      0.8593147,
      -0.6228424
    ]
  },
  {
    "timeStamp": 72003,
    "rotation": [
      [
        -0.999174058,
        -0.0399879776,
        0.007222408
      ],
      [
        -0.0405965671,
        0.9900618,
        -0.1346457
      ],
      [
        -0.00176642113,
        -0.134827688,
        -0.990867436
      ]
    ],
    "translation": [
      2.0801065,
      0.860077441,
      -0.619433761
    ]
  },
  {
    "timeStamp": 72059,
    "rotation": [
      [
        -0.999369442,
        -0.03543477,
        0.002255177
      ],
      [
        -0.03536671,
        0.9877963,
        -0.151682556
      ],
      [
        0.00314718136,
        -0.151666671,
        -0.9884267
      ]
    ],
    "translation": [
      2.078212,
      0.860530138,
      -0.6153655
    ]
  }
]