[
  {
    "timeStamp": 80654,
    "rotation": [
      [
        0.9950245,
        -0.004003567,
        0.09954969
      ],
      [
        0.00356942159,
        0.9999833,
        0.00453882245
      ],
      [
        -0.0995662,
        -0.004160905,
        0.995022237
      ]
    ],
    "translation": [
      1.76271093,
      0.699419856,
      -0.613667965
    ]
  },
  {
    "timeStamp": 80709,
    "rotation": [
      [
        0.994074047,
        -0.01951674,
        0.106938548
      ],
      [
        0.0175125711,
        0.9996535,
        0.0196485426
      ],
      [
        -0.107284978,
        -0.0176593382,
        0.9940715
      ]
    ],
    "translation": [
      1.76590908,
      0.7027248,
      -0.6122382
    ]
  },
  {
    "timeStamp": 80754,
    "rotation": [
      [
        0.9938847,
        0.018916931,
        0.108790673
      ],
      [
        -0.0254501142,
        0.9979346,
        0.0589813255
      ],
      [
        -0.107450239,
        -0.06138937,
        0.9923133
      ]
    ],
    "translation": [
      1.763753,
      0.7164714,
      -0.6090728
    ]
  },
  {
    "timeStamp": 80799,
    "rotation": [
      [
        0.994257033,
        0.0329893455,
        0.101806842
      ],
      [
        -0.0468668044,
        0.9894497,
        0.137086615
      ],
      [
        -0.09621035,
        -0.1410707,
        0.9853135
      ]
    ],
    "translation": [
      1.76501262,
      0.7382301,
      -0.606080353
    ]
  },
  {
    "timeStamp": 80855,
    "rotation": [
      [
        0.9930704,
        0.0669632,
        0.09657621
      ],
      [
        -0.0872206762,
        0.970725358,
        0.2237963
      ],
      [
        -0.07876286,
        -0.230668917,
        0.9698393
      ]
    ],
    "translation": [
      1.77141654,
      0.7667909,
      -0.6140594
    ]
  },
  {
    "timeStamp": 80899,
    "rotation": [
      [
        0.990431249,
        0.073675856,
        0.11669486
      ],
      [
        -0.107916646,
        0.940527558,
        0.322120845
      ],
      [
        -0.0860222057,
        -0.331631869,
        0.9394788
      ]
    ],
    "translation": [
      1.78443348,
      0.7943564,
      -0.619879246
    ]
  },
  {
    "timeStamp": 80955,
    "rotation": [
      [
        0.987686753,
        0.03030087,
        0.153481677
      ],
      [
        -0.09802591,
        0.884459436,
        0.456204355
      ],
      [
        -0.121924922,
        -0.4656322,
        0.8765392
      ]
    ],
    "translation": [
      1.81153655,
      0.828420639,
      -0.633390844
    ]
  },
  {
    "timeStamp": 81000,
    "rotation": [
      [
        0.9800737,
        0.0288832,
        0.196523145
      ],
      [
        -0.140879408,
        0.798549235,
        0.5852112
      ],
      [
        -0.140030622,
        -0.6012362,
        0.7867061
      ]
    ],
    "translation": [
      1.8371588,
      0.8628742,
      -0.641360939
    ]
  },
  {
    "timeStamp": 81055,
    "rotation": [
      [
        0.980786443,
        -0.08304178,
        0.176527515
      ],
      [
        -0.06637405,
        0.7088496,
        0.702229857
      ],
      [
        -0.183445871,
        -0.700454354,
        0.689718246
      ]
    ],
    "translation": [
      1.87574685,
      0.8973195,
      -0.6595043
    ]
  },
  {
    "timeStamp": 81100,
    "rotation": [
      [
        0.965774238,
        -0.119058117,
        0.230445862
      ],
      [
        -0.0960262343,
        0.661199152,
        0.744039357
      ],
      [
        -0.240954548,
        -0.7407029,
        0.627136469
      ]
    ],
    "translation": [
      1.91085124,
      0.9240427,
      -0.672115564
    ]
  },
  {
    "timeStamp": 81155,
    "rotation": [
      [
        0.945625365,
        -0.13803263,
        0.294515848
      ],
      [
        -0.150493369,
        0.6170514,
        0.7723984
      ],
      [
        -0.2883476,
        -0.7747222,
        0.5627265
      ]
    ],
    "translation": [
      1.95425749,
      0.951490462,
      -0.6885442
    ]
  },
  {
    "timeStamp": 81199,
    "rotation": [
      [
        0.9372671,
        -0.168627,
        0.305114985
      ],
      [
        -0.167140067,
        0.550712466,
        0.8177897
      ],
      [
        -0.305932045,
        -0.8174843,
        0.4879804
      ]
    ],
    "translation": [
      1.99144757,
      0.978071034,
      -0.698137343
    ]
  },
  {
    "timeStamp": 81255,
    "rotation": [
      [
        0.9336926,
        -0.207279578,
        0.291981846
      ],
      [
        -0.160278872,
        0.487242341,
        0.858432055
      ],
      [
        -0.320201337,
        -0.8483101,
        0.421712
      ]
    ],
    "translation": [
      2.03690219,
      1.0009737,
      -0.70918864
    ]
  },
  {
    "timeStamp": 81299,
    "rotation": [
      [
        0.928242,
        -0.2460708,
        0.278955042
      ],
      [
        -0.142700687,
        0.456979752,
        0.8779556
      ],
      [
        -0.343516052,
        -0.8547624,
        0.3890733
      ]
    ],
    "translation": [
      2.07669044,
      1.00989711,
      -0.7148034
    ]
  },
  {
    "timeStamp": 81355,
    "rotation": [
      [
        0.921446741,
        -0.283495575,
        0.26564303
      ],
      [
        -0.117187716,
        0.44909212,
        0.8857671
      ],
      [
        -0.37040922,
        -0.8473173,
        0.3805923
      ]
    ],
    "translation": [
      2.12151051,
      1.0067358,
      -0.718009055
    ]
  },
  {
    "timeStamp": 81399,
    "rotation": [
      [
        0.9262056,
        -0.294733465,
        0.235107139
      ],
      [
        -0.06882336,
        0.480942935,
        0.874046445
      ],
      [
        -0.370683879,
        -0.8257276,
        0.425167471
      ]
    ],
    "translation": [
      2.14888239,
      0.9879883,
      -0.717149138
    ]
  },
  {
    "timeStamp": 81464,
    "rotation": [
      [
        0.945796967,
        -0.2795552,
        0.165278375
      ],
      [
        -0.00142357359,
        0.505353332,
        0.862911344
      ],
      [
        -0.324755341,
        -0.8163742,
        0.4775637
      ]
    ],
    "translation": [
      2.165893,
      0.963419139,
      -0.7136334
    ]
  },
  {
    "timeStamp": 81499,
    "rotation": [
      [
        0.958616,
        -0.238849849,
        0.154938817
      ],
      [
        -0.00669961562,
        0.525138,
        0.8509907
      ],
      [
        -0.284623265,
        -0.8168114,
        0.501805544
      ]
    ],
    "translation": [
      2.16981,
      0.945524,
      -0.711936831
    ]
  },
  {
    "timeStamp": 81550,
    "rotation": [
      [
        0.972091854,
        -0.168142557,
        0.163601562
      ],
      [
        -0.04018158,
        0.5677262,
        0.8222362
      ],
      [
        -0.2311338,
        -0.8058629,
        0.545125842
      ]
    ],
    "translation": [
      2.16514015,
      0.9209859,
      -0.7102031
    ]
  },
  {
    "timeStamp": 81605,
    "rotation": [
      [
        0.988587856,
        -0.101302631,
        0.111498579
      ],
      [
        -0.029393293,
        0.5962031,
        0.8022954
      ],
      [
        -0.147750437,
        -0.796416759,
        0.586421549
      ]
    ],
    "translation": [
      2.15174675,
      0.9009537,
      -0.7107535
    ]
  },
  {
    "timeStamp": 81649,
    "rotation": [
      [
        0.995573,
        -0.05371511,
        0.0771308839
      ],
      [
        -0.030057352,
        0.595576465,
        0.8027361
      ],
      [
        -0.089056395,
        -0.801500738,
        0.5913253
      ]
    ],
    "translation": [
      2.13895464,
      0.890741169,
      -0.7156903
    ]
  },
  {
    "timeStamp": 81705,
    "rotation": [
      [
        0.998091757,
        -0.0005713945,
        0.0617463179
      ],
      [
        -0.04891275,
        0.60302,
        0.796225131
      ],
      [
        -0.03768922,
        -0.7977259,
        0.601841331
      ]
    ],
    "translation": [
      2.12890172,
      0.878475547,
      -0.722462833
    ]
  },
  {
    "timeStamp": 81749,
    "rotation": [
      [
        0.9981136,
        0.0307089034,
        0.053161364
      ],
      [
        -0.0608506352,
        0.6097416,
        0.7902609
      ],
      [
        -0.008146653,
        -0.792005062,
        0.6104601
      ]
    ],
    "translation": [
      2.12206483,
      0.8710745,
      -0.726932347
    ]
  },
  {
    "timeStamp": 81805,
    "rotation": [
      [
        0.9977305,
        0.0485433042,
        0.04666247
      ],
      [
        -0.06673913,
        0.6210485,
        0.7809255
      ],
      [
        0.008929049,
        -0.782267451,
        0.6228788
      ]
    ],
    "translation": [
      2.11634874,
      0.86059916,
      -0.732349038
    ]
  },
  {
    "timeStamp": 81849,
    "rotation": [
      [
        0.9968876,
        0.05988349,
        0.05127481
      ],
      [
        -0.07747981,
        0.62407583,
        0.777512848
      ],
      [
        0.0145608084,
        -0.7790657,
        0.6267732
      ]
    ],
    "translation": [
      2.11364174,
      0.8539518,
      -0.73593533
    ]
  },
  {
    "timeStamp": 81905,
    "rotation": [
      [
        0.996657968,
        0.060277,
        0.055131387
      ],
      [
        -0.08092036,
        0.6362759,
        0.767205834
      ],
      [
        0.0111660883,
        -0.76910305,
        0.6390271
      ]
    ],
    "translation": [
      2.11246347,
      0.8431913,
      -0.7391597
    ]
  },
  {
    "timeStamp": 81950,
    "rotation": [
      [
        0.995557964,
        0.06467173,
        0.06842396
      ],
      [
        -0.09399676,
        0.6412517,
        0.7615516
      ],
      [
        0.00537388772,
        -0.7646004,
        0.6444822
      ]
    ],
    "translation": [
      2.111961,
      0.8357544,
      -0.7402841
    ]
  },
  {
    "timeStamp": 82008,
    "rotation": [
      [
        0.988301,
        0.11149776,
        0.104064494
      ],
      [
        -0.151586652,
        0.6428855,
        0.7508127
      ],
      [
        0.01681238,
        -0.757803738,
        0.652265966
      ]
    ],
    "translation": [
      2.10987949,
      0.8283845,
      -0.7399566
    ]
  },
  {
    "timeStamp": 82053,
    "rotation": [
      [
        0.988175333,
        0.147935137,
        0.0403080024
      ],
      [
        -0.129047155,
        0.6604655,
        0.7396838
      ],
      [
        0.0828031749,
        -0.73613894,
        0.6717463
      ]
    ],
    "translation": [
      2.10666227,
      0.823081255,
      -0.7396368
    ]
  },
  {
    "timeStamp": 82099,
    "rotation": [
      [
        0.9667815,
        0.2353907,
        0.09962265
      ],
      [
        -0.230817452,
        0.636558354,
        0.7358782
      ],
      [
        0.109803252,
        -0.7344281,
        0.669745147
      ]
    ],
    "translation": [
      2.10531735,
      0.818456948,
      -0.7385324
    ]
  },
  {
    "timeStamp": 82154,
    "rotation": [
      [
        0.955308437,
        0.276539415,
        0.104459427
      ],
      [
        -0.2646066,
        0.6424035,
        0.7192365
      ],
      [
        0.131792143,
        -0.7147333,
        0.6868676
      ]
    ],
    "translation": [
      2.1037395,
      0.8166482,
      -0.7382642
    ]
  }
]