[
  {
    "timeStamp": 5844,
    "rotation": [
      [
        0.0210455675,
        0.99977684,
        -0.00182574312
      ],
      [
        0.00271285675,
        0.00176903466,
        0.999994755
      ],
      [
        0.9997749,
        -0.02105041,
        -0.002675021
      ]
    ],
    "translation": [
      1.61593533,
      0.704795063,
      -0.6208521
    ]
  },
  {
    "timeStamp": 5889,
    "rotation": [
      [
        0.0171366148,
        0.9998071,
        0.009591193
      ],
      [
        -0.014754842,
        -0.009338683,
        0.999847531
      ],
      [
        0.999744236,
        -0.0172755178,
        0.014591963
      ]
    ],
    "translation": [
      1.61372411,
      0.7067121,
      -0.621642768
    ]
  },
  {
    "timeStamp": 5943,
    "rotation": [
      [
        0.0031339766,
        0.9998406,
        0.0175767615
      ],
      [
        -0.02067391,
        -0.01750831,
        0.999632955
      ],
      [
        0.99978137,
        -0.003496209,
        0.0206157453
      ]
    ],
    "translation": [
      1.61194444,
      0.707149744,
      -0.6242859
    ]
  },
  {
    "timeStamp": 5988,
    "rotation": [
      [
        0.00758188032,
        0.9998503,
        0.0155567052
      ],
      [
        -0.03249371,
        -0.0153025957,
        0.9993548
      ],
      [
        0.9994432,
        -0.008082489,
        0.0323728248
      ]
    ],
    "translation": [
      1.61147785,
      0.7073929,
      -0.624252
    ]
  },
  {
    "timeStamp": 6041,
    "rotation": [
      [
        0.009160708,
        0.9999299,
        0.007501176
      ],
      [
        -0.0426219255,
        -0.007104221,
        0.999066
      ],
      [
        0.999049246,
        -0.009471872,
        0.04255386
      ]
    ],
    "translation": [
      1.6132201,
      0.7073269,
      -0.625461161
    ]
  },
  {
    "timeStamp": 6086,
    "rotation": [
      [
        0.0173343923,
        0.999817669,
        -0.008010127
      ],
      [
        -0.04322628,
        0.00875323,
        0.999026954
      ],
      [
        0.998914957,
        -0.0169712752,
        0.0433701277
      ]
    ],
    "translation": [
      1.6135565,
      0.7078631,
      -0.6254461
    ]
  },
  {
    "timeStamp": 6141,
    "rotation": [
      [
        0.06326492,
        0.996743262,
        -0.0500043146
      ],
      [
        -0.07535524,
        0.05473257,
        0.9956535
      ],
      [
        0.995147765,
        -0.05922185,
        0.0785724744
      ]
    ],
    "translation": [
      1.62419569,
      0.715203166,
      -0.6319116
    ]
  },
  {
    "timeStamp": 6186,
    "rotation": [
      [
        0.134529009,
        0.9858772,
        -0.09974022
      ],
      [
        -0.07657012,
        0.110696852,
        0.9909002
      ],
      [
        0.987946868,
        -0.125667721,
        0.09038068
      ]
    ],
    "translation": [
      1.63451791,
      0.723702133,
      -0.629432559
    ]
  },
  {
    "timeStamp": 6241,
    "rotation": [
      [
        0.204576537,
        0.97355324,
        -0.101698317
      ],
      [
        -0.101983845,
        0.124529153,
        0.9869609
      ],
      [
        0.9735234,
        -0.191537455,
        0.124762446
      ]
    ],
    "translation": [
      1.64803517,
      0.7446538,
      -0.6279927
    ]
  },
  {
    "timeStamp": 6286,
    "rotation": [
      [
        0.281339526,
        0.9532459,
        -0.110319771
      ],
      [
        -0.1173,
        0.1482634,
        0.981966734
      ],
      [
        0.9524121,
        -0.263325542,
        0.1535281
      ]
    ],
    "translation": [
      1.66270983,
      0.76825124,
      -0.6265622
    ]
  },
  {
    "timeStamp": 6341,
    "rotation": [
      [
        0.3816612,
        0.911897,
        -0.150925562
      ],
      [
        -0.1024112,
        0.204000458,
        0.9735994
      ],
      [
        0.9186112,
        -0.356128633,
        0.171247542
      ]
    ],
    "translation": [
      1.69105935,
      0.795733,
      -0.6214917
    ]
  },
  {
    "timeStamp": 6386,
    "rotation": [
      [
        0.4328606,
        0.894674063,
        -0.110408232
      ],
      [
        -0.119917452,
        0.178536579,
        0.976598442
      ],
      [
        0.8934492,
        -0.409491122,
        0.1845685
      ]
    ],
    "translation": [
      1.70802283,
      0.832345843,
      -0.621804833
    ]
  },
  {
    "timeStamp": 6443,
    "rotation": [
      [
        0.5279644,
        0.8437854,
        -0.09633117
      ],
      [
        -0.124196313,
        0.188920185,
        0.974106967
      ],
      [
        0.8401362,
        -0.5023298,
        0.204538181
      ]
    ],
    "translation": [
      1.7411474,
      0.876306355,
      -0.6197461
    ]
  },
  {
    "timeStamp": 6488,
    "rotation": [
      [
        0.6017782,
        0.791567147,
        -0.106228322
      ],
      [
        -0.1003268,
        0.2068768,
        0.9732094
      ],
      [
        0.792336762,
        -0.5749987,
        0.203909338
      ]
    ],
    "translation": [
      1.77645218,
      0.9092109,
      -0.6171552
    ]
  },
  {
    "timeStamp": 6544,
    "rotation": [
      [
        0.690288365,
        0.714336753,
        -0.114999846
      ],
      [
        -0.0494855754,
        0.2051812,
        0.9774722
      ],
      [
        0.721840143,
        -0.6690469,
        0.17698355
      ]
    ],
    "translation": [
      1.82900977,
      0.9509426,
      -0.6142776
    ]
  },
  {
    "timeStamp": 6588,
    "rotation": [
      [
        0.7643497,
        0.632869542,
        -0.123473108
      ],
      [
        -0.0118555594,
        0.205251157,
        0.9786375
      ],
      [
        0.6446929,
        -0.7465575,
        0.16438669
      ]
    ],
    "translation": [
      1.87245548,
      0.980045557,
      -0.619765
    ]
  },
  {
    "timeStamp": 6643,
    "rotation": [
      [
        0.851961851,
        0.499278545,
        -0.157740116
      ],
      [
        0.0344943665,
        0.247085363,
        0.968379557
      ],
      [
        0.5224664,
        -0.8304636,
        0.193285
      ]
    ],
    "translation": [
      1.93706775,
      1.00431609,
      -0.6346703
    ]
  },
  {
    "timeStamp": 6688,
    "rotation": [
      [
        0.9031787,
        0.3816695,
        -0.196460009
      ],
      [
        0.09255462,
        0.27375707,
        0.957335234
      ],
      [
        0.419167936,
        -0.882828057,
        0.211926281
      ]
    ],
    "translation": [
      1.98960507,
      1.01834941,
      -0.650889337
    ]
  },
  {
    "timeStamp": 6744,
    "rotation": [
      [
        0.944565833,
        0.225917324,
        -0.238236964
      ],
      [
        0.146878332,
        0.3581976,
        0.9220202
      ],
      [
        0.293636233,
        -0.9059006,
        0.305158854
      ]
    ],
    "translation": [
      2.05538225,
      1.02102661,
      -0.686790168
    ]
  },
  {
    "timeStamp": 6787,
    "rotation": [
      [
        0.96042037,
        0.114436656,
        -0.253962576
      ],
      [
        0.184399351,
        0.422150284,
        0.8875731
      ],
      [
        0.208781257,
        -0.8992738,
        0.3843397
      ]
    ],
    "translation": [
      2.09332156,
      1.02242947,
      -0.718330264
    ]
  },
  {
    "timeStamp": 6843,
    "rotation": [
      [
        0.9683271,
        -0.00125538837,
        -0.249681845
      ],
      [
        0.216927871,
        0.499375939,
        0.8387884
      ],
      [
        0.1236321,
        -0.8663845,
        0.483831584
      ]
    ],
    "translation": [
      2.13163066,
      1.01865458,
      -0.7578266
    ]
  },
  {
    "timeStamp": 6897,
    "rotation": [
      [
        0.971815646,
        -0.07138811,
        -0.224673524
      ],
      [
        0.225964576,
        0.553713,
        0.801462352
      ],
      [
        0.0671897754,
        -0.8296419,
        0.554238141
      ]
    ],
    "translation": [
      2.15449047,
      1.01095116,
      -0.7862972
    ]
  },
  {
    "timeStamp": 6934,
    "rotation": [
      [
        0.9756903,
        -0.113255054,
        -0.187621176
      ],
      [
        0.217542246,
        0.6041468,
        0.766604245
      ],
      [
        0.0265289154,
        -0.788783848,
        0.6140979
      ]
    ],
    "translation": [
      2.16655087,
      1.00359845,
      -0.804285347
    ]
  },
  {
    "timeStamp": 6987,
    "rotation": [
      [
        0.9741884,
        -0.153166577,
        -0.165822119
      ],
      [
        0.225730434,
        0.6555982,
        0.7205808
      ],
      [
        -0.00165619992,
        -0.7394126,
        0.673250556
      ]
    ],
    "translation": [
      2.17922854,
      0.990987241,
      -0.8212143
    ]
  },
  {
    "timeStamp": 7035,
    "rotation": [
      [
        0.976711631,
        -0.169399112,
        -0.1316749
      ],
      [
        0.2121742,
        0.6713913,
        0.7100816
      ],
      [
        -0.031881813,
        -0.721483,
        0.691697836
      ]
    ],
    "translation": [
      2.18389964,
      0.9806459,
      -0.8198453
    ]
  },
  {
    "timeStamp": 7094,
    "rotation": [
      [
        0.9693891,
        -0.21543768,
        -0.117776655
      ],
      [
        0.239625782,
        0.7255723,
        0.645077
      ],
      [
        -0.0535184145,
        -0.653552949,
        0.754986346
      ]
    ],
    "translation": [
      2.195464,
      0.962778151,
      -0.822385967
    ]
  },
  {
    "timeStamp": 7138,
    "rotation": [
      [
        0.9799963,
        -0.175804943,
        -0.0932730138
      ],
      [
        0.194478527,
        0.746461451,
        0.636375248
      ],
      [
        -0.0422532074,
        -0.641784966,
        0.7657197
      ]
    ],
    "translation": [
      2.189637,
      0.9479356,
      -0.811184645
    ]
  },
  {
    "timeStamp": 7194,
    "rotation": [
      [
        0.9818529,
        -0.160253733,
        -0.101407871
      ],
      [
        0.189115718,
        0.787496746,
        0.586586833
      ],
      [
        -0.0141443573,
        -0.595119834,
        0.803512454
      ]
    ],
    "translation": [
      2.187949,
      0.928685665,
      -0.8033391
    ]
  },
  {
    "timeStamp": 7238,
    "rotation": [
      [
        0.9747659,
        -0.188001454,
        -0.120361827
      ],
      [
        0.223226219,
        0.8178977,
        0.53029567
      ],
      [
        -0.00125270139,
        -0.543782055,
        0.839225531
      ]
    ],
    "translation": [
      2.196569,
      0.91216433,
      -0.7977834
    ]
  },
  {
    "timeStamp": 7294,
    "rotation": [
      [
        0.98001045,
        -0.166101128,
        -0.109498188
      ],
      [
        0.198304057,
        0.8597502,
        0.4706432
      ],
      [
        0.0159667283,
        -0.4829492,
        0.875502765
      ]
    ],
    "translation": [
      2.19461942,
      0.890633345,
      -0.795065761
    ]
  },
  {
    "timeStamp": 7338,
    "rotation": [
      [
        0.970388949,
        -0.193056017,
        -0.145171255
      ],
      [
        0.237308711,
        0.8740695,
        0.423895061
      ],
      [
        0.045054283,
        -0.44579348,
        0.8940013
      ]
    ],
    "translation": [
      2.20479655,
      0.8761475,
      -0.7888746
    ]
  },
  {
    "timeStamp": 7393,
    "rotation": [
      [
        0.966985047,
        -0.207008377,
        -0.148618385
      ],
      [
        0.249389246,
        0.888631165,
        0.384888977
      ],
      [
        0.0523917042,
        -0.409245729,
        0.9109188
      ]
    ],
    "translation": [
      2.21601772,
      0.860320866,
      -0.7814979
    ]
  },
  {
    "timeStamp": 7438,
    "rotation": [
      [
        0.9701788,
        -0.193770334,
        -0.145623371
      ],
      [
        0.233935684,
        0.905812562,
        0.353238851
      ],
      [
        0.06346027,
        -0.376771331,
        0.9241299
      ]
    ],
    "translation": [
      2.21833253,
      0.848363161,
      -0.7764596
    ]
  },
  {
    "timeStamp": 7495,
    "rotation": [
      [
        0.9646695,
        -0.209225476,
        -0.160116613
      ],
      [
        0.250708878,
        0.9157931,
        0.313796073
      ],
      [
        0.08097955,
        -0.342852175,
        0.935892463
      ]
    ],
    "translation": [
      2.22856832,
      0.8370705,
      -0.772396147
    ]
  },
  {
    "timeStamp": 7540,
    "rotation": [
      [
        0.9702525,
        -0.198968276,
        -0.1379189
      ],
      [
        0.23300609,
        0.9221077,
        0.30891037
      ],
      [
        0.06571271,
        -0.331857026,
        0.941038132
      ]
    ],
    "translation": [
      2.229419,
      0.828169167,
      -0.7651307
    ]
  },
  {
    "timeStamp": 7586,
    "rotation": [
      [
        0.9711288,
        -0.1964412,
        -0.13534987
      ],
      [
        0.228231549,
        0.930184364,
        0.287519366
      ],
      [
        0.06941969,
        -0.310109466,
        0.9481629
      ]
    ],
    "translation": [
      2.22980213,
      0.8225053,
      -0.7606968
    ]
  },
  {
    "timeStamp": 7643,
    "rotation": [
      [
        0.9735711,
        -0.1908634,
        -0.125421077
      ],
      [
        0.218868077,
        0.9365953,
        0.27365312
      ],
      [
        0.0652384162,
        -0.293871433,
        0.953616
      ]
    ],
    "translation": [
      2.23039126,
      0.817102134,
      -0.755944431
    ]
  },
  {
    "timeStamp": 7687,
    "rotation": [
      [
        0.9762682,
        -0.176750824,
        -0.125138581
      ],
      [
        0.202924222,
        0.948433757,
        0.2435061
      ],
      [
        0.07564576,
        -0.263120919,
        0.961792648
      ]
    ],
    "translation": [
      2.2316618,
      0.8179623,
      -0.7531291
    ]
  },
  {
    "timeStamp": 7743,
    "rotation": [
      [
        0.9797582,
        -0.152475074,
        -0.12971215
      ],
      [
        0.177827552,
        0.96047467,
        0.21416305
      ],
      [
        0.09193071,
        -0.2328944,
        0.968147159
      ]
    ],
    "translation": [
      2.23339939,
      0.817886353,
      -0.750838161
    ]
  },
  {
    "timeStamp": 7787,
    "rotation": [
      [
        0.9806221,
        -0.147331938,
        -0.129126191
      ],
      [
        0.170859,
        0.965655,
        0.195748672
      ],
      [
        0.09585132,
        -0.214017838,
        0.9721157
      ]
    ],
    "translation": [
      2.23383713,
      0.8182139,
      -0.749146342
    ]
  },
  {
    "timeStamp": 7843,
    "rotation": [
      [
        0.9818356,
        -0.132625982,
        -0.135680273
      ],
      [
        0.155868784,
        0.9715645,
        0.178234
      ],
      [
        0.108183675,
        -0.1961448,
        0.9745889
      ]
    ],
    "translation": [
      2.23509145,
      0.8181874,
      -0.7479769
    ]
  },
  {
    "timeStamp": 7887,
    "rotation": [
      [
        0.982176661,
        -0.129859641,
        -0.1358877
      ],
      [
        0.1516331,
        0.974639058,
        0.164578542
      ],
      [
        0.111069337,
        -0.182250276,
        0.976958752
      ]
    ],
    "translation": [
      2.23532462,
      0.8181298,
      -0.7467202
    ]
  },
  {
    "timeStamp": 7943,
    "rotation": [
      [
        0.984774768,
        -0.1105924,
        -0.134119377
      ],
      [
        0.130607024,
        0.9798671,
        0.1510046
      ],
      [
        0.11471919,
        -0.166222438,
        0.979392469
      ]
    ],
    "translation": [
      2.23709488,
      0.8182886,
      -0.745781541
    ]
  },
  {
    "timeStamp": 7987,
    "rotation": [
      [
        0.9869254,
        -0.100373767,
        -0.126108468
      ],
      [
        0.117976375,
        0.9829683,
        0.14090772
      ],
      [
        0.109817192,
        -0.153943226,
        0.9819581
      ]
    ],
    "translation": [
      2.23801684,
      0.8183639,
      -0.744620144
    ]
  },
  {
    "timeStamp": 8042,
    "rotation": [
      [
        0.9893385,
        -0.0886114538,
        -0.115573749
      ],
      [
        0.103139095,
        0.9865948,
        0.126463681
      ],
      [
        0.102818325,
        -0.137035564,
        0.985215545
      ]
    ],
    "translation": [
      2.23907781,
      0.8185985,
      -0.743463159
    ]
  },
  {
    "timeStamp": 8087,
    "rotation": [
      [
        0.9911439,
        -0.0817633942,
        -0.104635566
      ],
      [
        0.09384176,
        0.9887756,
        0.116261005
      ],
      [
        0.0939552,
        -0.125050575,
        0.987691641
      ]
    ],
    "translation": [
      2.23974,
      0.8191278,
      -0.74196887
    ]
  },
  {
    "timeStamp": 8143,
    "rotation": [
      [
        0.9936271,
        -0.08215842,
        -0.0771702155
      ],
      [
        0.09031798,
        0.9899305,
        0.1089962
      ],
      [
        0.0674382,
        -0.115271434,
        0.9910422
      ]
    ],
    "translation": [
      2.240169,
      0.8194965,
      -0.7402028
    ]
  },
  {
    "timeStamp": 8187,
    "rotation": [
      [
        0.9945579,
        -0.08829228,
        -0.0553080663
      ],
      [
        0.09413508,
        0.989022,
        0.113903552
      ],
      [
        0.0446440876,
        -0.118490107,
        0.9919511
      ]
    ],
    "translation": [
      2.2395494,
      0.819174,
      -0.7350822
    ]
  },
  {
    "timeStamp": 8242,
    "rotation": [
      [
        0.995255649,
        -0.09067263,
        -0.03528003
      ],
      [
        0.0941299349,
        0.98908,
        0.113403276
      ],
      [
        0.0246122,
        -0.116186157,
        0.9929225
      ]
    ],
    "translation": [
      2.23985314,
      0.8188735,
      -0.7299375
    ]
  },
  {
    "timeStamp": 8287,
    "rotation": [
      [
        0.9962883,
        -0.08305442,
        -0.0226207171
      ],
      [
        0.0851255655,
        0.98963654,
        0.115642458
      ],
      [
        0.01278167,
        -0.117138825,
        0.9930333
      ]
    ],
    "translation": [
      2.24046445,
      0.8190435,
      -0.7241694
    ]
  },
  {
    "timeStamp": 8343,
    "rotation": [
      [
        0.996219,
        -0.0861854,
        -0.0109432116
      ],
      [
        0.08687035,
        0.9898054,
        0.112866491
      ],
      [
        0.00110420655,
        -0.113390386,
        0.9935499
      ]
    ],
    "translation": [
      2.24049354,
      0.818892837,
      -0.7186476
    ]
  },
  {
    "timeStamp": 8387,
    "rotation": [
      [
        0.995947361,
        -0.08970865,
        -0.00641652849
      ],
      [
        0.08987152,
        0.989937842,
        0.1092986
      ],
      [
        -0.00345306587,
        -0.109432317,
        0.9939882
      ]
    ],
    "translation": [
      2.23958445,
      0.8189223,
      -0.715427637
    ]
  },
  {
    "timeStamp": 8442,
    "rotation": [
      [
        0.995631039,
        -0.0932012,
        -0.005686155
      ],
      [
        0.09327007,
        0.9897928,
        0.107753769
      ],
      [
        -0.004414665,
        -0.107813343,
        0.9941614
      ]
    ],
    "translation": [
      2.23904872,
      0.8191166,
      -0.7152454
    ]
  },
  {
    "timeStamp": 8487,
    "rotation": [
      [
        0.9953189,
        -0.09658218,
        -0.00348421
      ],
      [
        0.09641228,
        0.9897762,
        0.105108604
      ],
      [
        -0.00670303032,
        -0.1049525,
        0.9944547
      ]
    ],
    "translation": [
      2.238576,
      0.8193803,
      -0.714874
    ]
  },
  {
    "timeStamp": 8542,
    "rotation": [
      [
        0.9952859,
        -0.09696984,
        -0.00166453945
      ],
      [
        0.09662087,
        0.989927948,
        0.103474863
      ],
      [
        -0.008386167,
        -0.103147909,
        0.9946307
      ]
    ],
    "translation": [
      2.23836756,
      0.8195122,
      -0.714330435
    ]
  },
  {
    "timeStamp": 8587,
    "rotation": [
      [
        0.996232033,
        -0.086687386,
        -0.00265437248
      ],
      [
        0.0864964053,
        0.990870833,
        0.10340894
      ],
      [
        -0.00633411063,
        -0.103248894,
        0.994635344
      ]
    ],
    "translation": [
      2.23950315,
      0.8197476,
      -0.713640034
    ]
  }
]