[
  {
    "timeStamp": 20004,
    "rotation": [
      [
        0.07038732,
        0.997497261,
        -0.00669958955
      ],
      [
        0.00478018634,
        0.006378877,
        0.999968231
      ],
      [
        0.9975083,
        -0.0704171062,
        -0.00431923056
      ]
    ],
    "translation": [
      1.46127331,
      0.701541,
      -0.360128939
    ]
  },
  {
    "timeStamp": 20059,
    "rotation": [
      [
        0.07845782,
        0.9969075,
        -0.004450502
      ],
      [
        -0.0125700859,
        0.00545316935,
        0.9999061
      ],
      [
        0.996838152,
        -0.07839451,
        0.0129590575
      ]
    ],
    "translation": [
      1.46163225,
      0.701882958,
      -0.35997346
    ]
  },
  {
    "timeStamp": 20104,
    "rotation": [
      [
        0.07801753,
        0.9969518,
        -0.0005556309
      ],
      [
        -0.0114111863,
        0.00145028741,
        0.999933839
      ],
      [
        0.9968867,
        -0.07800603,
        0.01148955
      ]
    ],
    "translation": [
      1.461647,
      0.7016759,
      -0.359985054
    ]
  },
  {
    "timeStamp": 20159,
    "rotation": [
      [
        0.09632657,
        0.995264053,
        -0.0130615123
      ],
      [
        -0.025050031,
        0.0155424261,
        0.999565363
      ],
      [
        0.9950345,
        -0.0959575,
        0.0264285468
      ]
    ],
    "translation": [
      1.46727812,
      0.704194844,
      -0.36264047
    ]
  },
  {
    "timeStamp": 20204,
    "rotation": [
      [
        0.132083058,
        0.9907375,
        -0.03151624
      ],
      [
        -0.0372212753,
        0.0367296264,
        0.998631835
      ],
      [
        0.990539551,
        -0.130729288,
        0.0417278744
      ]
    ],
    "translation": [
      1.48080444,
      0.7114047,
      -0.3658361
    ]
  },
  {
    "timeStamp": 20259,
    "rotation": [
      [
        0.192172855,
        0.981009662,
        -0.0262605175
      ],
      [
        -0.010760406,
        0.02886405,
        0.9995254
      ],
      [
        0.981302142,
        -0.191799089,
        0.01610295
      ]
    ],
    "translation": [
      1.500405,
      0.727407,
      -0.362782955
    ]
  },
  {
    "timeStamp": 20304,
    "rotation": [
      [
        0.243772447,
        0.96982646,
        0.00342035922
      ],
      [
        -0.0181248914,
        0.00102962076,
        0.9998352
      ],
      [
        0.9696631,
        -0.243794262,
        0.0178289916
      ]
    ],
    "translation": [
      1.51919651,
      0.750329733,
      -0.3658152
    ]
  },
  {
    "timeStamp": 20359,
    "rotation": [
      [
        0.320251971,
        0.94721967,
        0.0146113168
      ],
      [
        -0.011687181,
        -0.011472011,
        0.9998659
      ],
      [
        0.947260261,
        -0.3203798,
        0.007396394
      ]
    ],
    "translation": [
      1.55916071,
      0.7826872,
      -0.371873528
    ]
  },
  {
    "timeStamp": 20404,
    "rotation": [
      [
        0.370032251,
        0.928689361,
        0.0247417483
      ],
      [
        -0.0441118,
        -0.009038398,
        0.9989857
      ],
      [
        0.927971065,
        -0.370748341,
        0.03762166
      ]
    ],
    "translation": [
      1.59865224,
      0.8093569,
      -0.38681075
    ]
  },
  {
    "timeStamp": 20459,
    "rotation": [
      [
        0.464697957,
        0.8854482,
        -0.006109274
      ],
      [
        -0.0219102316,
        0.01839567,
        0.9995907
      ],
      [
        0.8851982,
        -0.464373916,
        0.0279488061
      ]
    ],
    "translation": [
      1.66367948,
      0.843334556,
      -0.399437368
    ]
  },
  {
    "timeStamp": 20504,
    "rotation": [
      [
        0.54446733,
        0.8384884,
        -0.0221930165
      ],
      [
        -0.0297199115,
        0.04572694,
        0.9985118
      ],
      [
        0.838255346,
        -0.5429975,
        0.0498166233
      ]
    ],
    "translation": [
      1.72307062,
      0.8702058,
      -0.414631963
    ]
  },
  {
    "timeStamp": 20559,
    "rotation": [
      [
        0.6603587,
        0.7491176,
        -0.0524331219
      ],
      [
        -0.0147782182,
        0.08277255,
        0.9964589
      ],
      [
        0.7508049,
        -0.657245457,
        0.0657302
      ]
    ],
    "translation": [
      1.80310225,
      0.9046321,
      -0.43366155
    ]
  },
  {
    "timeStamp": 20604,
    "rotation": [
      [
        0.728746235,
        0.6816018,
        -0.0659378543
      ],
      [
        -0.0116538145,
        0.108620428,
        0.994015
      ],
      [
        0.684684634,
        -0.723616242,
        0.0871
      ]
    ],
    "translation": [
      1.86860931,
      0.9303086,
      -0.453295261
    ]
  },
  {
    "timeStamp": 20659,
    "rotation": [
      [
        0.816717267,
        0.5677011,
        -0.103384778
      ],
      [
        0.0193632543,
        0.152101129,
        0.9881753
      ],
      [
        0.5767131,
        -0.8090617,
        0.11323107
      ]
    ],
    "translation": [
      1.95080161,
      0.95849067,
      -0.481598049
    ]
  },
  {
    "timeStamp": 20704,
    "rotation": [
      [
        0.861725152,
        0.4920385,
        -0.123805635
      ],
      [
        0.0399379469,
        0.177474648,
        0.983314633
      ],
      [
        0.505801,
        -0.8522915,
        0.133283377
      ]
    ],
    "translation": [
      2.009054,
      0.975188434,
      -0.5084443
    ]
  },
  {
    "timeStamp": 20759,
    "rotation": [
      [
        0.903632641,
        0.404301,
        -0.141381934
      ],
      [
        0.0285846125,
        0.2724311,
        0.961750567
      ],
      [
        0.427353561,
        -0.873110533,
        0.234620854
      ]
    ],
    "translation": [
      2.06612635,
      0.9844794,
      -0.5538964
    ]
  },
  {
    "timeStamp": 20804,
    "rotation": [
      [
        0.9124821,
        0.360232055,
        -0.1939314
      ],
      [
        0.075971514,
        0.316581964,
        0.945517957
      ],
      [
        0.402001023,
        -0.8775014,
        0.261508018
      ]
    ],
    "translation": [
      2.10755372,
      0.9876922,
      -0.588231444
    ]
  },
  {
    "timeStamp": 20859,
    "rotation": [
      [
        0.932320535,
        0.311692476,
        -0.183374628
      ],
      [
        0.0476347879,
        0.396808267,
        0.91666466
      ],
      [
        0.358482063,
        -0.8633603,
        0.355105072
      ]
    ],
    "translation": [
      2.13759136,
      0.9865571,
      -0.6329058
    ]
  },
  {
    "timeStamp": 20910,
    "rotation": [
      [
        0.9444047,
        0.2790175,
        -0.17392239
      ],
      [
        0.0219124686,
        0.4743944,
        0.880039632
      ],
      [
        0.3280543,
        -0.834924638,
        0.441906363
      ]
    ],
    "translation": [
      2.15205073,
      0.976963043,
      -0.66920805
    ]
  },
  {
    "timeStamp": 20955,
    "rotation": [
      [
        0.945503652,
        0.2847121,
        -0.157993242
      ],
      [
        -0.0230398644,
        0.542503,
        0.839737833
      ],
      [
        0.324795336,
        -0.790335,
        0.5194983
      ]
    ],
    "translation": [
      2.15741754,
      0.961838841,
      -0.7085268
    ]
  },
  {
    "timeStamp": 21009,
    "rotation": [
      [
        0.949617147,
        0.2869181,
        -0.126116365
      ],
      [
        -0.0707809851,
        0.58833313,
        0.8055148
      ],
      [
        0.305315226,
        -0.756004035,
        0.5789996
      ]
    ],
    "translation": [
      2.150874,
      0.9431768,
      -0.7353934
    ]
  },
  {
    "timeStamp": 21054,
    "rotation": [
      [
        0.958145857,
        0.2503103,
        -0.138928533
      ],
      [
        -0.07237469,
        0.681318641,
        0.7284002
      ],
      [
        0.276980668,
        -0.6878587,
        0.670918763
      ]
    ],
    "translation": [
      2.1520865,
      0.925430834,
      -0.764112651
    ]
  },
  {
    "timeStamp": 21109,
    "rotation": [
      [
        0.957931757,
        0.243034437,
        -0.152646735
      ],
      [
        -0.07639813,
        0.728626132,
        0.68063736
      ],
      [
        0.2766407,
        -0.6403422,
        0.7165415
      ]
    ],
    "translation": [
      2.15239525,
      0.903689146,
      -0.7755972
    ]
  },
  {
    "timeStamp": 21154,
    "rotation": [
      [
        0.9670753,
        0.234722763,
        -0.09833919
      ],
      [
        -0.106000394,
        0.722819269,
        0.6828588
      ],
      [
        0.231363982,
        -0.6499519,
        0.7239014
      ]
    ],
    "translation": [
      2.14277983,
      0.891370535,
      -0.770879149
    ]
  },
  {
    "timeStamp": 21209,
    "rotation": [
      [
        0.977431655,
        0.193705127,
        -0.08429544
      ],
      [
        -0.09189732,
        0.7491725,
        0.6559691
      ],
      [
        0.1902164,
        -0.633418441,
        0.750065863
      ]
    ],
    "translation": [
      2.1436162,
      0.8791107,
      -0.7660057
    ]
  },
  {
    "timeStamp": 21254,
    "rotation": [
      [
        0.972807,
        0.227942958,
        -0.0410914868
      ],
      [
        -0.1455031,
        0.7394625,
        0.6572854
      ],
      [
        0.18020919,
        -0.633432865,
        0.7525207
      ]
    ],
    "translation": [
      2.12938619,
      0.872130036,
      -0.756678343
    ]
  },
  {
    "timeStamp": 21309,
    "rotation": [
      [
        0.9791599,
        0.197784752,
        -0.04611991
      ],
      [
        -0.123390563,
        0.7597306,
        0.638423264
      ],
      [
        0.161309078,
        -0.6194277,
        0.7683025
      ]
    ],
    "translation": [
      2.12923241,
      0.85988605,
      -0.7459211
    ]
  },
  {
    "timeStamp": 21354,
    "rotation": [
      [
        0.979765534,
        0.198219508,
        -0.0277222749
      ],
      [
        -0.1374784,
        0.767159641,
        0.6265507
      ],
      [
        0.145461977,
        -0.6100615,
        0.778887451
      ]
    ],
    "translation": [
      2.12574577,
      0.85051465,
      -0.7384084
    ]
  },
  {
    "timeStamp": 21411,
    "rotation": [
      [
        0.984225,
        0.176284373,
        -0.0150006153
      ],
      [
        -0.130316764,
        0.779695332,
        0.6124481
      ],
      [
        0.119660944,
        -0.600831866,
        0.790368438
      ]
    ],
    "translation": [
      2.122633,
      0.839667559,
      -0.7270272
    ]
  },
  {
    "timeStamp": 21460,
    "rotation": [
      [
        0.989074945,
        0.145022258,
        -0.0264429916
      ],
      [
        -0.099938184,
        0.791527,
        0.6029074
      ],
      [
        0.108365335,
        -0.593677938,
        0.7973728
      ]
    ],
    "translation": [
      2.12747669,
      0.8324718,
      -0.719322145
    ]
  },
  {
    "timeStamp": 21512,
    "rotation": [
      [
        0.986441731,
        0.15655224,
        0.0492364839
      ],
      [
        -0.154525772,
        0.7849946,
        0.599921048
      ],
      [
        0.055268608,
        -0.599395454,
        0.798542738
      ]
    ],
    "translation": [
      2.11667824,
      0.8240609,
      -0.708325565
    ]
  },
  {
    "timeStamp": 21556,
    "rotation": [
      [
        0.991364,
        0.13021405,
        0.0155458283
      ],
      [
        -0.113031574,
        0.78834796,
        0.6047573
      ],
      [
        0.06649238,
        -0.6012918,
        0.7962581
      ]
    ],
    "translation": [
      2.12002683,
      0.818057358,
      -0.7009816
    ]
  },
  {
    "timeStamp": 21612,
    "rotation": [
      [
        0.991881251,
        0.123625375,
        0.029803196
      ],
      [
        -0.115526557,
        0.7780359,
        0.617506146
      ],
      [
        0.0531514771,
        -0.615935862,
        0.7860012
      ]
    ],
    "translation": [
      2.1179657,
      0.8097489,
      -0.690486431
    ]
  },
  {
    "timeStamp": 21656,
    "rotation": [
      [
        0.9913276,
        0.124765217,
        0.0412719734
      ],
      [
        -0.124145038,
        0.7861019,
        0.605501354
      ],
      [
        0.04310153,
        -0.6053739,
        0.7947734
      ]
    ],
    "translation": [
      2.112293,
      0.805290341,
      -0.687286437
    ]
  },
  {
    "timeStamp": 21711,
    "rotation": [
      [
        0.9954091,
        0.09523698,
        0.009519835
      ],
      [
        -0.08113182,
        0.786826134,
        0.6118188
      ],
      [
        0.0507773161,
        -0.609782338,
        0.790940642
      ]
    ],
    "translation": [
      2.116503,
      0.7974107,
      -0.6805905
    ]
  },
  {
    "timeStamp": 21756,
    "rotation": [
      [
        0.994571269,
        0.10117545,
        0.0243234728
      ],
      [
        -0.0946111754,
        0.7819109,
        0.6161689
      ],
      [
        0.0433223769,
        -0.6151252,
        0.7872384
      ]
    ],
    "translation": [
      2.11326361,
      0.792196,
      -0.67545706
    ]
  },
  {
    "timeStamp": 21812,
    "rotation": [
      [
        0.996953,
        0.07692724,
        0.0129204737
      ],
      [
        -0.06733689,
        0.7651107,
        0.6403682
      ],
      [
        0.03937617,
        -0.639287055,
        0.7679594
      ]
    ],
    "translation": [
      2.11143184,
      0.7831939,
      -0.671874464
    ]
  },
  {
    "timeStamp": 21856,
    "rotation": [
      [
        0.9980522,
        0.0580881052,
        -0.0227509346
      ],
      [
        -0.0255504251,
        0.713312447,
        0.7003803
      ],
      [
        0.05691229,
        -0.6984348,
        0.713407159
      ]
    ],
    "translation": [
      2.11657977,
      0.769380033,
      -0.6659447
    ]
  },
  {
    "timeStamp": 21913,
    "rotation": [
      [
        0.998305,
        0.0529512428,
        -0.0241514482
      ],
      [
        -0.01967667,
        0.697629,
        0.716189
      ],
      [
        0.054771848,
        -0.7144999,
        0.697488368
      ]
    ],
    "translation": [
      2.11648631,
      0.7657527,
      -0.6640606
    ]
  },
  {
    "timeStamp": 21958,
    "rotation": [
      [
        0.998561442,
        0.0476438068,
        -0.02459938
      ],
      [
        -0.01564917,
        0.697757542,
        0.716163039
      ],
      [
        0.0512851365,
        -0.714747846,
        0.6974994
      ]
    ],
    "translation": [
      2.11614132,
      0.7657615,
      -0.6640881
    ]
  },
  {
    "timeStamp": 22014,
    "rotation": [
      [
        0.9988042,
        0.0419689752,
        -0.0250760987
      ],
      [
        -0.011344716,
        0.697871864,
        0.71613276
      ],
      [
        0.0475552641,
        -0.7149919,
        0.697513461
      ]
    ],
    "translation": [
      2.115774,
      0.765775263,
      -0.664117455
    ]
  },
  {
    "timeStamp": 22058,
    "rotation": [
      [
        0.999266,
        0.02791766,
        -0.0262293238
      ],
      [
        -0.0007105951,
        0.698117733,
        0.7159827
      ],
      [
        0.038299717,
        -0.7154385,
        0.69762516
      ]
    ],
    "translation": [
      2.11486626,
      0.7658155,
      -0.664193749
    ]
  },
  {
    "timeStamp": 22114,
    "rotation": [
      [
        0.9995459,
        0.0122754574,
        -0.0275200475
      ],
      [
        0.0111359386,
        0.69814086,
        0.7158738
      ],
      [
        0.02800055,
        -0.7158552,
        0.697687149
      ]
    ],
    "translation": [
      2.11386275,
      0.765862346,
      -0.664271235
    ]
  },
  {
    "timeStamp": 22158,
    "rotation": [
      [
        0.999338269,
        -0.021415988,
        -0.0294016227
      ],
      [
        0.036002025,
        0.6977209,
        0.7154645
      ],
      [
        0.00519174756,
        -0.716049552,
        0.6980302
      ]
    ],
    "translation": [
      2.111735,
      0.766019642,
      -0.664197564
    ]
  },
  {
    "timeStamp": 22214,
    "rotation": [
      [
        0.9992547,
        -0.0222892966,
        -0.03151599
      ],
      [
        0.0381327644,
        0.6968238,
        0.716227949
      ],
      [
        0.005996874,
        -0.716895938,
        0.6971544
      ]
    ],
    "translation": [
      2.111579,
      0.7658111,
      -0.6643159
    ]
  },
  {
    "timeStamp": 22258,
    "rotation": [
      [
        0.9990536,
        -0.0318744667,
        -0.0295959823
      ],
      [
        0.0434407443,
        0.69689554,
        0.715855837
      ],
      [
        -0.00219221856,
        -0.716464,
        0.69762063
      ]
    ],
    "translation": [
      2.111059,
      0.766242743,
      -0.6641258
    ]
  },
  {
    "timeStamp": 22314,
    "rotation": [
      [
        0.9992214,
        -0.0215217527,
        -0.033067558
      ],
      [
        0.03868449,
        0.6991876,
        0.7138909
      ],
      [
        0.00775624253,
        -0.7146143,
        0.699475765
      ]
    ],
    "translation": [
      2.11175919,
      0.7659111,
      -0.6643706
    ]
  },
  {
    "timeStamp": 22358,
    "rotation": [
      [
        0.9993741,
        -0.0113159278,
        -0.03351645
      ],
      [
        0.0318446755,
        0.7003767,
        0.713062644
      ],
      [
        0.015405179,
        -0.713683665,
        0.700298667
      ]
    ],
    "translation": [
      2.11251664,
      0.766086,
      -0.664441
    ]
  },
  {
    "timeStamp": 22414,
    "rotation": [
      [
        0.999236465,
        0.01720567,
        -0.03507909
      ],
      [
        0.0129461223,
        0.7013,
        0.712748647
      ],
      [
        0.0368642844,
        -0.7126586,
        0.7005418
      ]
    ],
    "translation": [
      2.11469936,
      0.7661042,
      -0.6645211
    ]
  },
  {
    "timeStamp": 22458,
    "rotation": [
      [
        0.9977504,
        0.0471186824,
        -0.0476857349
      ],
      [
        -0.00030993743,
        0.7145581,
        0.699576
      ],
      [
        0.06703733,
        -0.6979875,
        0.7129653
      ]
    ],
    "translation": [
      2.11883616,
      0.7693976,
      -0.6669628
    ]
  },
  {
    "timeStamp": 22515,
    "rotation": [
      [
        0.9796503,
        0.1819533,
        -0.08472476
      ],
      [
        -0.119167745,
        0.866949737,
        0.48393926
      ],
      [
        0.161506459,
        -0.4639948,
        0.8709905
      ]
    ],
    "translation": [
      2.12431479,
      0.8114944,
      -0.6986579
    ]
  },
  {
    "timeStamp": 22558,
    "rotation": [
      [
        0.9777915,
        0.192260265,
        -0.0834254846
      ],
      [
        -0.131099761,
        0.871661365,
        0.47224918
      ],
      [
        0.163513526,
        -0.450824171,
        0.877508342
      ]
    ],
    "translation": [
      2.12771344,
      0.822138846,
      -0.7051778
    ]
  },
  {
    "timeStamp": 22614,
    "rotation": [
      [
        0.9637688,
        0.245747566,
        -0.1037202
      ],
      [
        -0.17551747,
        0.8770673,
        0.447153926
      ],
      [
        0.200856581,
        -0.412748277,
        0.888423
      ]
    ],
    "translation": [
      2.13028669,
      0.8345614,
      -0.7122767
    ]
  },
  {
    "timeStamp": 22658,
    "rotation": [
      [
        0.957699358,
        0.268292457,
        -0.104072578
      ],
      [
        -0.201532677,
        0.883458138,
        0.422949463
      ],
      [
        0.205417916,
        -0.3840844,
        0.900157034
      ]
    ],
    "translation": [
      2.13299918,
      0.8423341,
      -0.7170793
    ]
  },
  {
    "timeStamp": 22714,
    "rotation": [
      [
        0.962863564,
        0.254185,
        -0.09101507
      ],
      [
        -0.1903764,
        0.878237069,
        0.438698649
      ],
      [
        0.191443428,
        -0.4050798,
        0.8940133
      ]
    ],
    "translation": [
      2.13049746,
      0.8450672,
      -0.7126212
    ]
  },
  {
    "timeStamp": 22758,
    "rotation": [
      [
        0.9634121,
        0.241445184,
        -0.116367251
      ],
      [
        -0.172141522,
        0.8901833,
        0.421830475
      ],
      [
        0.205437109,
        -0.386364937,
        0.8991761
      ]
    ],
    "translation": [
      2.13196015,
      0.8427574,
      -0.714771867
    ]
  },
  {
    "timeStamp": 22814,
    "rotation": [
      [
        0.9665882,
        0.225359723,
        -0.122148558
      ],
      [
        -0.157659486,
        0.8983955,
        0.40991357
      ],
      [
        0.202115715,
        -0.376959741,
        0.903908551
      ]
    ],
    "translation": [
      2.13048172,
      0.8360924,
      -0.715299249
    ]
  },
  {
    "timeStamp": 22858,
    "rotation": [
      [
        0.9683826,
        0.21637781,
        -0.124160133
      ],
      [
        -0.150603443,
        0.903831244,
        0.400509179
      ],
      [
        0.198881119,
        -0.369147182,
        0.907841742
      ]
    ],
    "translation": [
      2.12970924,
      0.8290924,
      -0.715081751
    ]
  },
  {
    "timeStamp": 22914,
    "rotation": [
      [
        0.968376637,
        0.221131936,
        -0.115530692
      ],
      [
        -0.161129028,
        0.9078516,
        0.387095451
      ],
      [
        0.1904839,
        -0.356238842,
        0.914773047
      ]
    ],
    "translation": [
      2.12633681,
      0.820818961,
      -0.714617252
    ]
  },
  {
    "timeStamp": 22958,
    "rotation": [
      [
        0.9696755,
        0.221124351,
        -0.104084209
      ],
      [
        -0.165477514,
        0.907445,
        0.3862133
      ],
      [
        0.17985186,
        -0.35727796,
        0.9165183
      ]
    ],
    "translation": [
      2.121965,
      0.8145013,
      -0.7134102
    ]
  },
  {
    "timeStamp": 23014,
    "rotation": [
      [
        0.9700031,
        0.223771632,
        -0.0949748755
      ],
      [
        -0.1690897,
        0.9017813,
        0.3977425
      ],
      [
        0.174650058,
        -0.3697522,
        0.9125682
      ]
    ],
    "translation": [
      2.11754847,
      0.8088057,
      -0.7074646
    ]
  },
  {
    "timeStamp": 23058,
    "rotation": [
      [
        0.97109884,
        0.219558477,
        -0.0936005563
      ],
      [
        -0.165416345,
        0.9018164,
        0.399205
      ],
      [
        0.172059357,
        -0.372184455,
        0.9120714
      ]
    ],
    "translation": [
      2.11507344,
      0.8036316,
      -0.7060248
    ]
  },
  {
    "timeStamp": 23114,
    "rotation": [
      [
        0.974331141,
        0.199068815,
        -0.105120949
      ],
      [
        -0.138802871,
        0.8988622,
        0.415668666
      ],
      [
        0.177235916,
        -0.39040783,
        0.9034208
      ]
    ],
    "translation": [
      2.11795688,
      0.796788931,
      -0.699138
    ]
  },
  {
    "timeStamp": 23158,
    "rotation": [
      [
        0.9772232,
        0.185995817,
        -0.102177784
      ],
      [
        -0.128287435,
        0.901312053,
        0.4137378
      ],
      [
        0.169047564,
        -0.391206056,
        0.904643953
      ]
    ],
    "translation": [
      2.11736584,
      0.7924353,
      -0.6976106
    ]
  },
  {
    "timeStamp": 23214,
    "rotation": [
      [
        0.98165834,
        0.166291192,
        -0.09324244
      ],
      [
        -0.111395456,
        0.8972068,
        0.4273302
      ],
      [
        0.154719,
        -0.40910548,
        0.8992746
      ]
    ],
    "translation": [
      2.1172235,
      0.7872356,
      -0.6918597
    ]
  },
  {
    "timeStamp": 23258,
    "rotation": [
      [
        0.982704759,
        0.154231891,
        -0.102488235
      ],
      [
        -0.09657496,
        0.899080753,
        0.426997781
      ],
      [
        0.158001885,
        -0.409714967,
        0.8984258
      ]
    ],
    "translation": [
      2.11871648,
      0.7852808,
      -0.690601
    ]
  },
  {
    "timeStamp": 23314,
    "rotation": [
      [
        0.9859865,
        0.142476872,
        -0.08678188
      ],
      [
        -0.08740384,
        0.884269536,
        0.4587243
      ],
      [
        0.142096177,
        -0.444710881,
        0.88433075
      ]
    ],
    "translation": [
      2.11592746,
      0.781279564,
      -0.6838028
    ]
  }
]