[
  {
    "timeStamp": 49980,
    "rotation": [
      [
        0.9995374,
        0.0130396476,
        -0.0274778325
      ],
      [
        0.0275818631,
        -0.007866239,
        0.9995886
      ],
      [
        0.0128181428,
        -0.999884069,
        -0.008222258
      ]
    ],
    "translation": [
      1.61562777,
      0.70259,
      -0.364829272
    ]
  },
  {
    "timeStamp": 50025,
    "rotation": [
      [
        0.9996058,
        0.0279479753,
        -0.002689164
      ],
      [
        0.00251807,
        0.006155265,
        0.9999779
      ],
      [
        0.02796391,
        -0.999590456,
        0.006082463
      ]
    ],
    "translation": [
      1.61970687,
      0.7044635,
      -0.363601267
    ]
  },
  {
    "timeStamp": 50079,
    "rotation": [
      [
        0.9997138,
        0.0238690432,
        -0.00158693548
      ],
      [
        0.00166759465,
        -0.00335971126,
        0.999992967
      ],
      [
        0.0238635447,
        -0.9997094,
        -0.0033985537
      ]
    ],
    "translation": [
      1.61980617,
      0.704420865,
      -0.36349836
    ]
  },
  {
    "timeStamp": 50137,
    "rotation": [
      [
        0.9997038,
        0.0239245277,
        0.004454001
      ],
      [
        -0.00411680248,
        -0.0141250659,
        0.999891758
      ],
      [
        0.0239848532,
        -0.999613941,
        -0.01402239
      ]
    ],
    "translation": [
      1.61983335,
      0.7046486,
      -0.363545
    ]
  },
  {
    "timeStamp": 50177,
    "rotation": [
      [
        0.9996437,
        0.0266178623,
        0.0019849923
      ],
      [
        -0.000688181142,
        -0.04864051,
        0.998816133
      ],
      [
        0.0266828984,
        -0.9984616,
        -0.04860486
      ]
    ],
    "translation": [
      1.61986506,
      0.705133438,
      -0.363855451
    ]
  },
  {
    "timeStamp": 50232,
    "rotation": [
      [
        0.997297645,
        0.0467962362,
        -0.0566351
      ],
      [
        0.0574836954,
        -0.01699048,
        0.998201847
      ],
      [
        0.04574983,
        -0.99876,
        -0.019634584
      ]
    ],
    "translation": [
      1.62525511,
      0.7048023,
      -0.37255913
    ]
  },
  {
    "timeStamp": 50276,
    "rotation": [
      [
        0.994820356,
        0.04882165,
        -0.08915618
      ],
      [
        0.0904429555,
        -0.0248099584,
        0.995592535
      ],
      [
        0.0463944972,
        -0.998499334,
        -0.0290970262
      ]
    ],
    "translation": [
      1.630925,
      0.7131418,
      -0.376036137
    ]
  },
  {
    "timeStamp": 50332,
    "rotation": [
      [
        0.9953154,
        0.0757775158,
        -0.0600427538
      ],
      [
        0.0645976141,
        -0.0591605529,
        0.9961562
      ],
      [
        0.07193409,
        -0.9953682,
        -0.06377845
      ]
    ],
    "translation": [
      1.63278139,
      0.7324666,
      -0.381557137
    ]
  },
  {
    "timeStamp": 50376,
    "rotation": [
      [
        0.99518317,
        0.09068842,
        -0.03722972
      ],
      [
        0.04567316,
        -0.092882894,
        0.994628966
      ],
      [
        0.08674334,
        -0.9915384,
        -0.09657752
      ]
    ],
    "translation": [
      1.63787282,
      0.754481137,
      -0.388602525
    ]
  },
  {
    "timeStamp": 50432,
    "rotation": [
      [
        0.9955783,
        0.08310362,
        0.04379216
      ],
      [
        -0.033683572,
        -0.119362049,
        0.992279232
      ],
      [
        0.08768913,
        -0.9893667,
        -0.116035029
      ]
    ],
    "translation": [
      1.64709246,
      0.79161483,
      -0.403746039
    ]
  },
  {
    "timeStamp": 50476,
    "rotation": [
      [
        0.9921492,
        0.108458914,
        0.0622632653
      ],
      [
        -0.0435581,
        -0.16700159,
        0.984994
      ],
      [
        0.117229439,
        -0.979973,
        -0.160966232
      ]
    ],
    "translation": [
      1.66191578,
      0.8218827,
      -0.420259684
    ]
  },
  {
    "timeStamp": 50532,
    "rotation": [
      [
        0.989454567,
        0.106275305,
        0.09841363
      ],
      [
        -0.0757155642,
        -0.199721217,
        0.976923048
      ],
      [
        0.123478062,
        -0.9740724,
        -0.189568385
      ]
    ],
    "translation": [
      1.68908012,
      0.8638424,
      -0.446573
    ]
  },
  {
    "timeStamp": 50577,
    "rotation": [
      [
        0.985053539,
        0.118256696,
        0.125239059
      ],
      [
        -0.0965783149,
        -0.222854733,
        0.9700559
      ],
      [
        0.1426257,
        -0.9676523,
        -0.208102822
      ]
    ],
    "translation": [
      1.71580589,
      0.897380531,
      -0.4718908
    ]
  },
  {
    "timeStamp": 50633,
    "rotation": [
      [
        0.9785032,
        0.141959131,
        0.149595976
      ],
      [
        -0.108792253,
        -0.26092276,
        0.959209859
      ],
      [
        0.1752016,
        -0.9548648,
        -0.239869714
      ]
    ],
    "translation": [
      1.75418472,
      0.9361135,
      -0.508998036
    ]
  },
  {
    "timeStamp": 50678,
    "rotation": [
      [
        0.965737343,
        0.1970156,
        0.1689267
      ],
      [
        -0.111525975,
        -0.272690356,
        0.955616
      ],
      [
        0.234335944,
        -0.94171375,
        -0.2413749
      ]
    ],
    "translation": [
      1.78800547,
      0.960791945,
      -0.5446706
    ]
  },
  {
    "timeStamp": 50734,
    "rotation": [
      [
        0.953344047,
        0.255736947,
        0.160417438
      ],
      [
        -0.08083434,
        -0.295731843,
        0.951844752
      ],
      [
        0.290862441,
        -0.920402765,
        -0.26126188
      ]
    ],
    "translation": [
      1.83643293,
      0.9837219,
      -0.585911
    ]
  },
  {
    "timeStamp": 50779,
    "rotation": [
      [
        0.9415088,
        0.299706638,
        0.154068425
      ],
      [
        -0.0590638556,
        -0.3033533,
        0.9510459
      ],
      [
        0.33177194,
        -0.904517949,
        -0.267907977
      ]
    ],
    "translation": [
      1.87748432,
      0.995472133,
      -0.618219
    ]
  },
  {
    "timeStamp": 50835,
    "rotation": [
      [
        0.9362233,
        0.324816734,
        0.134089485
      ],
      [
        -0.0417668521,
        -0.276018918,
        0.9602443
      ],
      [
        0.348914653,
        -0.9046036,
        -0.244848788
      ]
    ],
    "translation": [
      1.93061984,
      1.00062752,
      -0.6559071
    ]
  },
  {
    "timeStamp": 50879,
    "rotation": [
      [
        0.936255455,
        0.3353698,
        0.104655288
      ],
      [
        -0.0128034838,
        -0.2651221,
        0.9641298
      ],
      [
        0.351086468,
        -0.9040117,
        -0.24392812
      ]
    ],
    "translation": [
      1.97116172,
      0.999106467,
      -0.681806445
    ]
  },
  {
    "timeStamp": 50934,
    "rotation": [
      [
        0.930851638,
        0.3564756,
        0.08025221
      ],
      [
        -0.0018595187,
        -0.215005621,
        0.976611
      ],
      [
        0.365392685,
        -0.909229159,
        -0.199475437
      ]
    ],
    "translation": [
      2.01581073,
      0.991059,
      -0.71440953
    ]
  },
  {
    "timeStamp": 50978,
    "rotation": [
      [
        0.937529445,
        0.3423906,
        0.0617026575
      ],
      [
        0.008226403,
        -0.199121743,
        0.979940236
      ],
      [
        0.347808659,
        -0.9182153,
        -0.18949914
      ]
    ],
    "translation": [
      2.04674816,
      0.9820402,
      -0.7320967
    ]
  },
  {
    "timeStamp": 51034,
    "rotation": [
      [
        0.9332343,
        0.358728945,
        0.0196826514
      ],
      [
        0.04755025,
        -0.1776342,
        0.9829471
      ],
      [
        0.3561079,
        -0.916384041,
        -0.182831973
      ]
    ],
    "translation": [
      2.08056068,
      0.9667717,
      -0.751283
    ]
  },
  {
    "timeStamp": 51077,
    "rotation": [
      [
        0.931293368,
        0.364261717,
        -0.00243811542
      ],
      [
        0.070492655,
        -0.173651055,
        0.9822811
      ],
      [
        0.357384026,
        -0.9149638,
        -0.187397853
      ]
    ],
    "translation": [
      2.09661984,
      0.956604242,
      -0.759496152
    ]
  },
  {
    "timeStamp": 51130,
    "rotation": [
      [
        0.9096455,
        0.410150737,
        -0.06573759
      ],
      [
        0.130268008,
        -0.131403461,
        0.9827326
      ],
      [
        0.394430339,
        -0.9025018,
        -0.172960088
      ]
    ],
    "translation": [
      2.12298226,
      0.930471063,
      -0.773301065
    ]
  },
  {
    "timeStamp": 51185,
    "rotation": [
      [
        0.8830524,
        0.4665208,
        -0.05076238
      ],
      [
        0.12342561,
        -0.126528516,
        0.98425436
      ],
      [
        0.452752233,
        -0.875413537,
        -0.169311911
      ]
    ],
    "translation": [
      2.13189864,
      0.912575,
      -0.78178525
    ]
  },
  {
    "timeStamp": 51229,
    "rotation": [
      [
        0.8745812,
        0.482275,
        -0.0501848422
      ],
      [
        0.1226832,
        -0.119964518,
        0.9851687
      ],
      [
        0.469101846,
        -0.867766857,
        -0.164085761
      ]
    ],
    "translation": [
      2.13546157,
      0.898527741,
      -0.783508658
    ]
  },
  {
    "timeStamp": 51284,
    "rotation": [
      [
        0.844512939,
        0.534255564,
        -0.03699623
      ],
      [
        0.117231026,
        -0.1170188,
        0.9861863
      ],
      [
        0.5225463,
        -0.83718425,
        -0.161455229
      ]
    ],
    "translation": [
      2.13504434,
      0.8837693,
      -0.7871665
    ]
  },
  {
    "timeStamp": 51329,
    "rotation": [
      [
        0.8199066,
        0.5714234,
        -0.035049893
      ],
      [
        0.120492071,
        -0.1123885,
        0.9863318
      ],
      [
        0.5596739,
        -0.8129232,
        -0.161000058
      ]
    ],
    "translation": [
      2.13335776,
      0.8730041,
      -0.78890264
    ]
  },
  {
    "timeStamp": 51384,
    "rotation": [
      [
        0.7895061,
        0.61259,
        -0.03759717
      ],
      [
        0.125467435,
        -0.1011305,
        0.986929834
      ],
      [
        0.600781143,
        -0.7839043,
        -0.156703249
      ]
    ],
    "translation": [
      2.1321342,
      0.8601543,
      -0.790636957
    ]
  },
  {
    "timeStamp": 51435,
    "rotation": [
      [
        0.7681994,
        0.6388828,
        -0.0412112661
      ],
      [
        0.14341709,
        -0.108996205,
        0.983641863
      ],
      [
        0.62394,
        -0.7615435,
        -0.17535755
      ]
    ],
    "translation": [
      2.13135839,
      0.851178944,
      -0.7897574
    ]
  },
  {
    "timeStamp": 51479,
    "rotation": [
      [
        0.747877538,
        0.662531,
        -0.0416151322
      ],
      [
        0.137944728,
        -0.09378227,
        0.9859899
      ],
      [
        0.6493462,
        -0.7431403,
        -0.161530316
      ]
    ],
    "translation": [
      2.13071918,
      0.84382236,
      -0.7908796
    ]
  },
  {
    "timeStamp": 51529,
    "rotation": [
      [
        0.72680974,
        0.685247242,
        -0.0467310064
      ],
      [
        0.1546088,
        -0.0969355851,
        0.983208835
      ],
      [
        0.669211268,
        -0.7218308,
        -0.176398978
      ]
    ],
    "translation": [
      2.129997,
      0.834985137,
      -0.7892693
    ]
  },
  {
    "timeStamp": 51584,
    "rotation": [
      [
        0.717495143,
        0.695097268,
        -0.04517149
      ],
      [
        0.147450328,
        -0.088182,
        0.9851306
      ],
      [
        0.680778265,
        -0.713487,
        -0.165762469
      ]
    ],
    "translation": [
      2.13057947,
      0.8274704,
      -0.7886028
    ]
  },
  {
    "timeStamp": 51629,
    "rotation": [
      [
        0.702650249,
        0.70967567,
        -0.0514105149
      ],
      [
        0.161732346,
        -0.0889336243,
        0.98281914
      ],
      [
        0.692910731,
        -0.698892832,
        -0.177266747
      ]
    ],
    "translation": [
      2.13124657,
      0.821082354,
      -0.7864583
    ]
  },
  {
    "timeStamp": 51684,
    "rotation": [
      [
        0.695642948,
        0.716595352,
        -0.0507152751
      ],
      [
        0.1529196,
        -0.07873056,
        0.9850975
      ],
      [
        0.7019235,
        -0.6930315,
        -0.164349824
      ]
    ],
    "translation": [
      2.13097715,
      0.8173032,
      -0.7837878
    ]
  },
  {
    "timeStamp": 51729,
    "rotation": [
      [
        0.6852658,
        0.7262395,
        -0.0546531565
      ],
      [
        0.167175323,
        -0.0838161,
        0.982358038
      ],
      [
        0.7088464,
        -0.682313,
        -0.178845614
      ]
    ],
    "translation": [
      2.13083768,
      0.8142757,
      -0.780001938
    ]
  },
  {
    "timeStamp": 51784,
    "rotation": [
      [
        0.6764283,
        0.73435533,
        -0.05627594
      ],
      [
        0.16279833,
        -0.07456199,
        0.983838
      ],
      [
        0.7182906,
        -0.6746575,
        -0.169987664
      ]
    ],
    "translation": [
      2.13077831,
      0.809757,
      -0.778667331
    ]
  },
  {
    "timeStamp": 51829,
    "rotation": [
      [
        0.6672849,
        0.7424515,
        -0.059133023
      ],
      [
        0.163144365,
        -0.0682370663,
        0.984239638
      ],
      [
        0.7267151,
        -0.666415453,
        -0.166660339
      ]
    ],
    "translation": [
      2.13116312,
      0.8059305,
      -0.7776907
    ]
  },
  {
    "timeStamp": 51885,
    "rotation": [
      [
        0.665600836,
        0.7442617,
        -0.05522719
      ],
      [
        0.1511311,
        -0.0619506054,
        0.9865706
      ],
      [
        0.730845332,
        -0.6650087,
        -0.153715461
      ]
    ],
    "translation": [
      2.13018346,
      0.8026067,
      -0.777288735
    ]
  },
  {
    "timeStamp": 51929,
    "rotation": [
      [
        0.6496605,
        0.7554819,
        -0.0847837552
      ],
      [
        0.159574151,
        -0.0264755618,
        0.986830831
      ],
      [
        0.7432881,
        -0.654634356,
        -0.137755513
      ]
    ],
    "translation": [
      2.13090277,
      0.8014538,
      -0.7785005
    ]
  },
  {
    "timeStamp": 51975,
    "rotation": [
      [
        0.6359431,
        0.76126045,
        -0.126724139
      ],
      [
        0.167785868,
        0.0238928329,
        0.9855339
      ],
      [
        0.753275752,
        -0.648005962,
        -0.112534262
      ]
    ],
    "translation": [
      2.133071,
      0.8002148,
      -0.780647159
    ]
  },
  {
    "timeStamp": 52032,
    "rotation": [
      [
        0.626479149,
        0.7631119,
        -0.158694923
      ],
      [
        0.171925947,
        0.06329463,
        0.983074367
      ],
      [
        0.760240257,
        -0.6431594,
        -0.09154597
      ]
    ],
    "translation": [
      2.13388824,
      0.799563944,
      -0.7815053
    ]
  },
  {
    "timeStamp": 52078,
    "rotation": [
      [
        0.6191312,
        0.7565229,
        -0.210593522
      ],
      [
        0.188930318,
        0.116797775,
        0.9750198
      ],
      [
        0.7622217,
        -0.6434527,
        -0.07061697
      ]
    ],
    "translation": [
      2.13612723,
      0.7985282,
      -0.782096148
    ]
  },
  {
    "timeStamp": 52134,
    "rotation": [
      [
        0.62967366,
        0.741970658,
        -0.230196953
      ],
      [
        0.179154634,
        0.149640173,
        0.972374141
      ],
      [
        0.755919755,
        -0.6535192,
        -0.038703002
      ]
    ],
    "translation": [
      2.13670182,
      0.798629344,
      -0.7809956
    ]
  },
  {
    "timeStamp": 52178,
    "rotation": [
      [
        0.6337431,
        0.7361249,
        -0.237676
      ],
      [
        0.176716924,
        0.161354929,
        0.9709458
      ],
      [
        0.7530876,
        -0.6573316,
        -0.0278281588
      ]
    ],
    "translation": [
      2.1352253,
      0.798345149,
      -0.780285239
    ]
  },
  {
    "timeStamp": 52234,
    "rotation": [
      [
        0.6189315,
        0.7525693,
        -0.224862576
      ],
      [
        0.181220561,
        0.141737774,
        0.973175
      ],
      [
        0.764253139,
        -0.6430783,
        -0.0486550629
      ]
    ],
    "translation": [
      2.12977386,
      0.797547162,
      -0.778568149
    ]
  },
  {
    "timeStamp": 52278,
    "rotation": [
      [
        0.617031038,
        0.7641953,
        -0.187824816
      ],
      [
        0.1726801,
        0.101376988,
        0.979747057
      ],
      [
        0.767759264,
        -0.636967957,
        -0.06940858
      ]
    ],
    "translation": [
      2.12536526,
      0.7968819,
      -0.7786812
    ]
  },
  {
    "timeStamp": 52334,
    "rotation": [
      [
        0.6099909,
        0.7866182,
        -0.09561874
      ],
      [
        0.149690732,
        0.00410694163,
        0.988724351
      ],
      [
        0.77814126,
        -0.6174261,
        -0.115244254
      ]
    ],
    "translation": [
      2.12125731,
      0.7934562,
      -0.776663
    ]
  },
  {
    "timeStamp": 52378,
    "rotation": [
      [
        0.5979593,
        0.8006257,
        -0.0379898064
      ],
      [
        0.117178887,
        -0.04043263,
        0.9922874
      ],
      [
        0.792914748,
        -0.5977991,
        -0.117993489
      ]
    ],
    "translation": [
      2.11590433,
      0.7924499,
      -0.777488053
    ]
  },
  {
    "timeStamp": 52434,
    "rotation": [
      [
        0.598465264,
        0.8002817,
        -0.0372629166
      ],
      [
        0.113174021,
        -0.03840508,
        0.992832661
      ],
      [
        0.7931147,
        -0.5983931,
        -0.1135552
      ]
    ],
    "translation": [
      2.11696577,
      0.7921005,
      -0.7767828
    ]
  },
  {
    "timeStamp": 52478,
    "rotation": [
      [
        0.59396404,
        0.8031221,
        -0.046920903
      ],
      [
        0.112408862,
        -0.02509977,
        0.993344963
      ],
      [
        0.796599567,
        -0.595285535,
        -0.1051864
      ]
    ],
    "translation": [
      2.11893749,
      0.789745,
      -0.777239263
    ]
  },
  {
    "timeStamp": 52533,
    "rotation": [
      [
        0.5960217,
        0.801482558,
        -0.04882368
      ],
      [
        0.115213789,
        -0.0251870267,
        0.993021369
      ],
      [
        0.7946596,
        -0.59748745,
        -0.107353859
      ]
    ],
    "translation": [
      2.11958265,
      0.789724946,
      -0.7753476
    ]
  },
  {
    "timeStamp": 52578,
    "rotation": [
      [
        0.5867092,
        0.807829857,
        -0.05641998
      ],
      [
        0.1215757,
        -0.0189871229,
        0.9924005
      ],
      [
        0.8006195,
        -0.589109838,
        -0.109352395
      ]
    ],
    "translation": [
      2.11948466,
      0.7893763,
      -0.7756904
    ]
  },
  {
    "timeStamp": 52634,
    "rotation": [
      [
        0.5862705,
        0.8083909,
        -0.0528297648
      ],
      [
        0.108183,
        -0.0134954881,
        0.9940394
      ],
      [
        0.8028595,
        -0.588491261,
        -0.095366165
      ]
    ],
    "translation": [
      2.118277,
      0.78889817,
      -0.7761636
    ]
  },
  {
    "timeStamp": 52678,
    "rotation": [
      [
        0.5802051,
        0.8125097,
        -0.0564809479
      ],
      [
        0.1089499,
        -0.008702305,
        0.994009137
      ],
      [
        0.807150543,
        -0.582882762,
        -0.0935719758
      ]
    ],
    "translation": [
      2.11793923,
      0.785979569,
      -0.7772314
    ]
  },
  {
    "timeStamp": 52733,
    "rotation": [
      [
        0.572945,
        0.817145646,
        -0.06330045
      ],
      [
        0.10445492,
        0.00380199775,
        0.994522333
      ],
      [
        0.812910259,
        -0.576418638,
        -0.0831765458
      ]
    ],
    "translation": [
      2.11900449,
      0.782967865,
      -0.778068
    ]
  },
  {
    "timeStamp": 52778,
    "rotation": [
      [
        0.574784458,
        0.815399766,
        -0.06889144
      ],
      [
        0.106422812,
        0.00898606051,
        0.994280338
      ],
      [
        0.811355054,
        -0.5788285,
        -0.08161209
      ]
    ],
    "translation": [
      2.11941814,
      0.7799022,
      -0.7780526
    ]
  },
  {
    "timeStamp": 52833,
    "rotation": [
      [
        0.57520777,
        0.8146435,
        -0.07410797
      ],
      [
        0.104212128,
        0.0168788135,
        0.9944118
      ],
      [
        0.811342,
        -0.5797164,
        -0.07518691
      ]
    ],
    "translation": [
      2.12111354,
      0.77730155,
      -0.77836585
    ]
  },
  {
    "timeStamp": 52877,
    "rotation": [
      [
        0.5757583,
        0.8133917,
        -0.0830441
      ],
      [
        0.103984885,
        0.02789708,
        0.994187534
      ],
      [
        0.8109806,
        -0.581047058,
        -0.06851847
      ]
    ],
    "translation": [
      2.12298846,
      0.775239944,
      -0.779406667
    ]
  },
  {
    "timeStamp": 52933,
    "rotation": [
      [
        0.5809881,
        0.8089843,
        -0.0894275755
      ],
      [
        0.10971909,
        0.03102517,
        0.9934783
      ],
      [
        0.806482852,
        -0.587011,
        -0.07073577
      ]
    ],
    "translation": [
      2.12488961,
      0.7730848,
      -0.7791289
    ]
  },
  {
    "timeStamp": 52978,
    "rotation": [
      [
        0.5801859,
        0.80889523,
        -0.09525198
      ],
      [
        0.09918332,
        0.0459102839,
        0.9940095
      ],
      [
        0.808422565,
        -0.5861577,
        -0.0535924137
      ]
    ],
    "translation": [
      2.126185,
      0.771893,
      -0.781526
    ]
  },
  {
    "timeStamp": 53034,
    "rotation": [
      [
        0.5847525,
        0.8045936,
        -0.103409931
      ],
      [
        0.102899186,
        0.0528776236,
        0.9932853
      ],
      [
        0.804659069,
        -0.5914669,
        -0.0518717058
      ]
    ],
    "translation": [
      2.12789273,
      0.770053148,
      -0.7815559
    ]
  },
  {
    "timeStamp": 53078,
    "rotation": [
      [
        0.5842668,
        0.8046747,
        -0.105503321
      ],
      [
        0.100594275,
        0.0571916774,
        0.9932824
      ],
      [
        0.8053031,
        -0.590954959,
        -0.04753047
      ]
    ],
    "translation": [
      2.128291,
      0.7686096,
      -0.783207834
    ]
  },
  {
    "timeStamp": 53133,
    "rotation": [
      [
        0.5862361,
        0.8028667,
        -0.108316109
      ],
      [
        0.0974647552,
        0.06283483,
        0.993253469
      ],
      [
        0.804256141,
        -0.592838,
        -0.0414151624
      ]
    ],
    "translation": [
      2.12913871,
      0.7684457,
      -0.783619
    ]
  },
  {
    "timeStamp": 53178,
    "rotation": [
      [
        0.5882323,
        0.8006416,
        -0.113823764
      ],
      [
        0.101874135,
        0.06626489,
        0.992587864
      ],
      [
        0.80224967,
        -0.5954679,
        -0.0425855257
      ]
    ],
    "translation": [
      2.129311,
      0.767935,
      -0.7830778
    ]
  },
  {
    "timeStamp": 53234,
    "rotation": [
      [
        0.5941818,
        0.7958194,
        -0.116702668
      ],
      [
        0.0922908261,
        0.0766782,
        0.9927753
      ],
      [
        0.7990184,
        -0.6006596,
        -0.0278860386
      ]
    ],
    "translation": [
      2.13009858,
      0.767870665,
      -0.782986045
    ]
  }
]