[
  {
    "timeStamp": 93980,
    "rotation": [
      [
        -0.0506600328,
        0.9985728,
        0.0169071611
      ],
      [
        -0.03653065,
        -0.0187703278,
        0.999156237
      ],
      [
        0.9980476,
        0.049999658,
        0.0374294221
      ]
    ],
    "translation": [
      1.30831754,
      0.70158875,
      -0.7506886
    ]
  },
  {
    "timeStamp": 94024,
    "rotation": [
      [
        -0.0207699742,
        0.9995086,
        0.0234769136
      ],
      [
        -0.0495336875,
        -0.0244818926,
        0.998472333
      ],
      [
        0.998556435,
        0.0195753258,
        0.05001783
      ]
    ],
    "translation": [
      1.30862164,
      0.702155232,
      -0.7477803
    ]
  },
  {
    "timeStamp": 94079,
    "rotation": [
      [
        -0.0132310819,
        0.9991746,
        0.0384071022
      ],
      [
        -0.06547932,
        -0.0391938165,
        0.9970839
      ],
      [
        0.9977662,
        0.01067763,
        0.06594385
      ]
    ],
    "translation": [
      1.30854464,
      0.7026331,
      -0.7477627
    ]
  },
  {
    "timeStamp": 94124,
    "rotation": [
      [
        -0.009802124,
        0.998762548,
        0.04875887
      ],
      [
        -0.067431286,
        -0.0493104346,
        0.996504664
      ],
      [
        0.997675836,
        0.0064800093,
        0.06783119
      ]
    ],
    "translation": [
      1.30851376,
      0.702757239,
      -0.7477864
    ]
  },
  {
    "timeStamp": 94180,
    "rotation": [
      [
        -0.00219501252,
        0.999521255,
        0.0308625717
      ],
      [
        -0.0632799,
        -0.0309396256,
        0.9975161
      ],
      [
        0.9979934,
        0.00023656695,
        0.063317515
      ]
    ],
    "translation": [
      1.31318665,
      0.704079,
      -0.7463092
    ]
  },
  {
    "timeStamp": 94225,
    "rotation": [
      [
        -0.00445601856,
        0.9986915,
        0.0509459823
      ],
      [
        -0.0517575257,
        -0.05110854,
        0.99735105
      ],
      [
        0.9986498,
        0.00180739758,
        0.051917538
      ]
    ],
    "translation": [
      1.3161875,
      0.714919,
      -0.743933558
    ]
  },
  {
    "timeStamp": 94281,
    "rotation": [
      [
        0.0246478748,
        0.993397057,
        0.11204797
      ],
      [
        -0.0556037277,
        -0.110546224,
        0.992314339
      ],
      [
        0.9981486,
        -0.03068873,
        0.0525118522
      ]
    ],
    "translation": [
      1.32557011,
      0.7384666,
      -0.73835665
    ]
  },
  {
    "timeStamp": 94325,
    "rotation": [
      [
        0.0495760329,
        0.986052752,
        0.1588781
      ],
      [
        -0.0542738065,
        -0.156178981,
        0.9862365
      ],
      [
        0.997294664,
        -0.0575166233,
        0.0457741
      ]
    ],
    "translation": [
      1.34122419,
      0.7623341,
      -0.732265532
    ]
  },
  {
    "timeStamp": 94381,
    "rotation": [
      [
        0.103929296,
        0.9679161,
        0.228773385
      ],
      [
        -0.0443940125,
        -0.225275189,
        0.973283231
      ],
      [
        0.993593454,
        -0.111308813,
        0.0195569862
      ]
    ],
    "translation": [
      1.372436,
      0.796915,
      -0.7213163
    ]
  },
  {
    "timeStamp": 94425,
    "rotation": [
      [
        0.152747035,
        0.9507341,
        0.2697648
      ],
      [
        -0.0257256012,
        -0.26905033,
        0.9627825
      ],
      [
        0.9879304,
        -0.154002041,
        -0.0166384373
      ]
    ],
    "translation": [
      1.40829885,
      0.826728,
      -0.7112646
    ]
  },
  {
    "timeStamp": 94481,
    "rotation": [
      [
        0.230811462,
        0.9235085,
        0.306362569
      ],
      [
        6.48099729E-07,
        -0.314864546,
        0.9491366
      ],
      [
        0.9729985,
        -0.219071418,
        -0.072674945
      ]
    ],
    "translation": [
      1.4656986,
      0.86350584,
      -0.697018743
    ]
  },
  {
    "timeStamp": 94525,
    "rotation": [
      [
        0.306088954,
        0.892252445,
        0.331956327
      ],
      [
        0.0144975819,
        -0.353020847,
        0.9355031
      ],
      [
        0.9518925,
        -0.2815346,
        -0.12099129
      ]
    ],
    "translation": [
      1.52103233,
      0.8929267,
      -0.68735224
    ]
  },
  {
    "timeStamp": 94581,
    "rotation": [
      [
        0.398510158,
        0.860238969,
        0.3180857
      ],
      [
        0.0599270836,
        -0.3704957,
        0.926898956
      ],
      [
        0.915204,
        -0.3503167,
        -0.199197933
      ]
    ],
    "translation": [
      1.60121429,
      0.926081657,
      -0.6798845
    ]
  },
  {
    "timeStamp": 94625,
    "rotation": [
      [
        0.477365762,
        0.823788643,
        0.3057681
      ],
      [
        0.0829542,
        -0.38867116,
        0.917634666
      ],
      [
        0.874780238,
        -0.412682623,
        -0.253875047
      ]
    ],
    "translation": [
      1.67119491,
      0.9508678,
      -0.6788807
    ]
  },
  {
    "timeStamp": 94681,
    "rotation": [
      [
        0.5847756,
        0.7816574,
        0.216908112
      ],
      [
        0.153473943,
        -0.369172,
        0.9166012
      ],
      [
        0.796544552,
        -0.502716243,
        -0.335846841
      ]
    ],
    "translation": [
      1.7662102,
      0.9766395,
      -0.6824302
    ]
  },
  {
    "timeStamp": 94725,
    "rotation": [
      [
        0.6574746,
        0.739997149,
        0.141885176
      ],
      [
        0.18935819,
        -0.344539434,
        0.919476
      ],
      [
        0.729294658,
        -0.577665,
        -0.366650432
      ]
    ],
    "translation": [
      1.84213412,
      0.9916097,
      -0.6918388
    ]
  },
  {
    "timeStamp": 94780,
    "rotation": [
      [
        0.7406292,
        0.6690097,
        0.06240538
      ],
      [
        0.2209887,
        -0.330245852,
        0.917660952
      ],
      [
        0.634533167,
        -0.6658556,
        -0.3924333
      ]
    ],
    "translation": [
      1.93092632,
      1.00553763,
      -0.7098934
    ]
  },
  {
    "timeStamp": 94825,
    "rotation": [
      [
        0.8061833,
        0.591619849,
        0.00737292552
      ],
      [
        0.229798511,
        -0.324574143,
        0.9175207
      ],
      [
        0.54521656,
        -0.737995565,
        -0.397619635
      ]
    ],
    "translation": [
      1.99596083,
      1.0123204,
      -0.725205
    ]
  },
  {
    "timeStamp": 94881,
    "rotation": [
      [
        0.8382792,
        0.5438131,
        -0.0394362733
      ],
      [
        0.232874945,
        -0.291695833,
        0.9277299
      ],
      [
        0.4930083,
        -0.786880434,
        -0.37116304
      ]
    ],
    "translation": [
      2.05858016,
      1.01028585,
      -0.7472203
    ]
  },
  {
    "timeStamp": 94932,
    "rotation": [
      [
        0.8607025,
        0.505785048,
        -0.0580743141
      ],
      [
        0.224820137,
        -0.275256068,
        0.93471384
      ],
      [
        0.456778973,
        -0.8175668,
        -0.350624263
      ]
    ],
    "translation": [
      2.0995543,
      1.00308013,
      -0.762083054
    ]
  },
  {
    "timeStamp": 94978,
    "rotation": [
      [
        0.8948266,
        0.444300354,
        -0.04338904
      ],
      [
        0.18151018,
        -0.273312628,
        0.944645047
      ],
      [
        0.407847345,
        -0.8531691,
        -0.325212419
      ]
    ],
    "translation": [
      2.142522,
      0.9907936,
      -0.7772826
    ]
  },
  {
    "timeStamp": 95031,
    "rotation": [
      [
        0.9063438,
        0.4213633,
        -0.03152637
      ],
      [
        0.158858657,
        -0.27066195,
        0.9494767
      ],
      [
        0.39154163,
        -0.8655606,
        -0.312249959
      ]
    ],
    "translation": [
      2.172249,
      0.976485968,
      -0.7867867
    ]
  },
  {
    "timeStamp": 95075,
    "rotation": [
      [
        0.904894531,
        0.4255323,
        -0.009390096
      ],
      [
        0.134970352,
        -0.265952,
        0.9544907
      ],
      [
        0.403669327,
        -0.8649808,
        -0.298092723
      ]
    ],
    "translation": [
      2.185878,
      0.964686334,
      -0.790546536
    ]
  },
  {
    "timeStamp": 95131,
    "rotation": [
      [
        0.895351,
        0.445111483,
        -0.0149126416
      ],
      [
        0.1392117,
        -0.247906759,
        0.958729565
      ],
      [
        0.4230446,
        -0.8604755,
        -0.283928275
      ]
    ],
    "translation": [
      2.19862127,
      0.948696852,
      -0.7914974
    ]
  },
  {
    "timeStamp": 95175,
    "rotation": [
      [
        0.889126956,
        0.45690763,
        0.0262439158
      ],
      [
        0.103924334,
        -0.257413864,
        0.9606965
      ],
      [
        0.445705116,
        -0.8514538,
        -0.276357442
      ]
    ],
    "translation": [
      2.20338559,
      0.938978732,
      -0.7905549
    ]
  },
  {
    "timeStamp": 95231,
    "rotation": [
      [
        0.8854559,
        0.4633054,
        0.0362750739
      ],
      [
        0.09140273,
        -0.2501546,
        0.96388185
      ],
      [
        0.455646068,
        -0.8501593,
        -0.263848245
      ]
    ],
    "translation": [
      2.20971251,
      0.9283849,
      -0.7867326
    ]
  },
  {
    "timeStamp": 95275,
    "rotation": [
      [
        0.8728048,
        0.485038757,
        0.0543068424
      ],
      [
        0.0758824944,
        -0.244772121,
        0.9666067
      ],
      [
        0.4821345,
        -0.839538,
        -0.250444233
      ]
    ],
    "translation": [
      2.212063,
      0.921006262,
      -0.7844373
    ]
  },
  {
    "timeStamp": 95331,
    "rotation": [
      [
        0.86507535,
        0.494905323,
        0.08193576
      ],
      [
        0.0486718342,
        -0.245371267,
        0.9682066
      ],
      [
        0.499275267,
        -0.833583653,
        -0.236352563
      ]
    ],
    "translation": [
      2.212123,
      0.914404452,
      -0.780359149
    ]
  },
  {
    "timeStamp": 95375,
    "rotation": [
      [
        0.8554385,
        0.5108307,
        0.08530516
      ],
      [
        0.03669704,
        -0.2240839,
        0.9738787
      ],
      [
        0.5166027,
        -0.82996285,
        -0.210435972
      ]
    ],
    "translation": [
      2.21256638,
      0.9073648,
      -0.7783848
    ]
  },
  {
    "timeStamp": 95432,
    "rotation": [
      [
        0.841741443,
        0.5308701,
        0.09822631
      ],
      [
        0.0212369021,
        -0.2143582,
        0.976524234
      ],
      [
        0.5394631,
        -0.81989485,
        -0.191708192
      ]
    ],
    "translation": [
      2.21149826,
      0.9005461,
      -0.7746511
    ]
  },
  {
    "timeStamp": 95478,
    "rotation": [
      [
        0.838377059,
        0.537184954,
        0.09249957
      ],
      [
        0.0222174115,
        -0.203230619,
        0.9788788
      ],
      [
        0.54463774,
        -0.8186144,
        -0.182318762
      ]
    ],
    "translation": [
      2.21276546,
      0.8939454,
      -0.771425843
    ]
  },
  {
    "timeStamp": 95523,
    "rotation": [
      [
        0.835006058,
        0.5434981,
        0.0858761147
      ],
      [
        0.01587281,
        -0.179797381,
        0.9835756
      ],
      [
        0.5500118,
        -0.819928467,
        -0.158758745
      ]
    ],
    "translation": [
      2.21429944,
      0.885766268,
      -0.7695901
    ]
  },
  {
    "timeStamp": 95580,
    "rotation": [
      [
        0.829173,
        0.553763449,
        0.0762769058
      ],
      [
        0.007927826,
        -0.148090288,
        0.9889421
      ],
      [
        0.5589358,
        -0.8193994,
        -0.1271826
      ]
    ],
    "translation": [
      2.21491432,
      0.876242042,
      -0.768339753
    ]
  },
  {
    "timeStamp": 95624,
    "rotation": [
      [
        0.828092337,
        0.555178642,
        0.07771524
      ],
      [
        0.00236677658,
        -0.1420919,
        0.98985064
      ],
      [
        0.560586631,
        -0.8195038,
        -0.1189792
      ]
    ],
    "translation": [
      2.21579885,
      0.871706069,
      -0.7664098
    ]
  },
  {
    "timeStamp": 95681,
    "rotation": [
      [
        0.832731843,
        0.5482072,
        0.07763085
      ],
      [
        -0.008413937,
        -0.12766397,
        0.9917818
      ],
      [
        0.5536126,
        -0.8265414,
        -0.101697266
      ]
    ],
    "translation": [
      2.21861815,
      0.866598964,
      -0.764418364
    ]
  },
  {
    "timeStamp": 95724,
    "rotation": [
      [
        0.832785666,
        0.549413,
        0.0679224
      ],
      [
        -0.008453566,
        -0.110058062,
        0.9938892
      ],
      [
        0.553531051,
        -0.828270853,
        -0.08701027
      ]
    ],
    "translation": [
      2.22113419,
      0.862563848,
      -0.763406336
    ]
  },
  {
    "timeStamp": 95780,
    "rotation": [
      [
        0.8280507,
        0.557639539,
        0.05805447
      ],
      [
        -0.01169101,
        -0.0863513,
        0.996196151
      ],
      [
        0.560531437,
        -0.825579643,
        -0.0649838746
      ]
    ],
    "translation": [
      2.22305727,
      0.85710007,
      -0.762225449
    ]
  },
  {
    "timeStamp": 95824,
    "rotation": [
      [
        0.818134367,
        0.5728806,
        0.04963786
      ],
      [
        -0.00942732,
        -0.07294816,
        0.997291148
      ],
      [
        0.5749498,
        -0.816386163,
        -0.05428067
      ]
    ],
    "translation": [
      2.22316,
      0.8541803,
      -0.7607195
    ]
  },
  {
    "timeStamp": 95880,
    "rotation": [
      [
        0.8095275,
        0.586372554,
        0.0288525485
      ],
      [
        0.007168787,
        -0.05901513,
        0.998231351
      ],
      [
        0.587038159,
        -0.8078889,
        -0.05197795
      ]
    ],
    "translation": [
      2.22348046,
      0.851984262,
      -0.757555842
    ]
  },
  {
    "timeStamp": 95924,
    "rotation": [
      [
        0.799358845,
        0.5999475,
        0.032990206
      ],
      [
        0.00212158845,
        -0.0577234365,
        0.998330355
      ],
      [
        0.6008501,
        -0.7979542,
        -0.0474145859
      ]
    ],
    "translation": [
      2.22041488,
      0.8510847,
      -0.756058753
    ]
  },
  {
    "timeStamp": 95980,
    "rotation": [
      [
        0.7886069,
        0.614819944,
        0.00977296
      ],
      [
        0.0237325244,
        -0.0463149361,
        0.998644948
      ],
      [
        0.6144395,
        -0.787306368,
        -0.05111551
      ]
    ],
    "translation": [
      2.219452,
      0.8495374,
      -0.7531375
    ]
  },
  {
    "timeStamp": 96024,
    "rotation": [
      [
        0.778250158,
        0.6278171,
        -0.0131301451
      ],
      [
        0.04032277,
        -0.0290965326,
        0.998762965
      ],
      [
        0.62665844,
        -0.7778169,
        -0.0479597077
      ]
    ],
    "translation": [
      2.21990085,
      0.846630156,
      -0.7522783
    ]
  },
  {
    "timeStamp": 96080,
    "rotation": [
      [
        0.7788483,
        0.627002656,
        -0.0162154231
      ],
      [
        0.034558598,
        -0.01708531,
        0.9992566
      ],
      [
        0.6262595,
        -0.7788297,
        -0.0349751972
      ]
    ],
    "translation": [
      2.22042751,
      0.8427158,
      -0.7517989
    ]
  },
  {
    "timeStamp": 96124,
    "rotation": [
      [
        0.778363943,
        0.6277779,
        -0.006673998
      ],
      [
        0.0296188053,
        -0.026100656,
        0.999220431
      ],
      [
        0.6271143,
        -0.7779548,
        -0.0389098376
      ]
    ],
    "translation": [
      2.21910715,
      0.8421489,
      -0.7504953
    ]
  },
  {
    "timeStamp": 96180,
    "rotation": [
      [
        0.7723099,
        0.635194659,
        -0.008073593
      ],
      [
        0.0246045236,
        -0.01721105,
        0.9995491
      ],
      [
        0.634769261,
        -0.772160351,
        -0.0289209262
      ]
    ],
    "translation": [
      2.21751928,
      0.8404588,
      -0.751332
    ]
  },
  {
    "timeStamp": 96224,
    "rotation": [
      [
        0.7672366,
        0.6413304,
        0.00658767624
      ],
      [
        0.0114144441,
        -0.0239236131,
        0.999648631
      ],
      [
        0.64126265,
        -0.7668918,
        -0.0256755
      ]
    ],
    "translation": [
      2.21448374,
      0.840617359,
      -0.7510355
    ]
  }
]