[
  {
    "timeStamp": 80287,
    "rotation": [
      [
        0.9184073,
        -0.3779757,
        0.116886131
      ],
      [
        -0.121648572,
        0.0113434074,
        0.9925084
      ],
      [
        -0.37646994,
        -0.925746,
        -0.0355623327
      ]
    ],
    "translation": [
      1.14621508,
      0.703800738,
      -0.624976039
    ]
  },
  {
    "timeStamp": 80343,
    "rotation": [
      [
        0.9150543,
        -0.378995568,
        0.13797842
      ],
      [
        -0.145997465,
        0.007652548,
        0.989255369
      ],
      [
        -0.3759793,
        -0.9253669,
        -0.0483298972
      ]
    ],
    "translation": [
      1.14640188,
      0.706518948,
      -0.624954939
    ]
  },
  {
    "timeStamp": 80387,
    "rotation": [
      [
        0.9180158,
        -0.375576347,
        0.127238065
      ],
      [
        -0.124860622,
        0.03077293,
        0.991696954
      ],
      [
        -0.3763734,
        -0.926280439,
        -0.0186446626
      ]
    ],
    "translation": [
      1.1462127,
      0.705848336,
      -0.6249496
    ]
  },
  {
    "timeStamp": 80443,
    "rotation": [
      [
        0.927533448,
        -0.338744372,
        0.157904834
      ],
      [
        -0.166071787,
        0.00493890373,
        0.98610127
      ],
      [
        -0.334816128,
        -0.940865457,
        -0.05167488
      ]
    ],
    "translation": [
      1.1453073,
      0.7087654,
      -0.6204177
    ]
  },
  {
    "timeStamp": 80487,
    "rotation": [
      [
        0.922681868,
        -0.3423098,
        0.177432328
      ],
      [
        -0.185588941,
        0.009064646,
        0.982585669
      ],
      [
        -0.337957054,
        -0.9395434,
        -0.0551651269
      ]
    ],
    "translation": [
      1.14841056,
      0.7158506,
      -0.6173903
    ]
  },
  {
    "timeStamp": 80542,
    "rotation": [
      [
        0.916411757,
        -0.320558727,
        0.239648759
      ],
      [
        -0.249888778,
        0.009463743,
        0.9682283
      ],
      [
        -0.312642,
        -0.947181344,
        -0.0714313462
      ]
    ],
    "translation": [
      1.14823771,
      0.735108733,
      -0.610689938
    ]
  },
  {
    "timeStamp": 80587,
    "rotation": [
      [
        0.9100541,
        -0.283337,
        0.3025254
      ],
      [
        -0.3178574,
        -0.00862334948,
        0.9480993
      ],
      [
        -0.266022831,
        -0.958981633,
        -0.09790848
      ]
    ],
    "translation": [
      1.15231347,
      0.760892153,
      -0.603663564
    ]
  },
  {
    "timeStamp": 80642,
    "rotation": [
      [
        0.889258564,
        -0.2226281,
        0.399569631
      ],
      [
        -0.420435548,
        -0.05378952,
        0.9057266
      ],
      [
        -0.180147544,
        -0.9734184,
        -0.141433552
      ]
    ],
    "translation": [
      1.16659617,
      0.802385449,
      -0.5952832
    ]
  },
  {
    "timeStamp": 80687,
    "rotation": [
      [
        0.87471503,
        -0.155440018,
        0.459033817
      ],
      [
        -0.476137578,
        -0.09901356,
        0.87377876
      ],
      [
        -0.09036962,
        -0.982870638,
        -0.160619482
      ]
    ],
    "translation": [
      1.18878973,
      0.8372379,
      -0.593039334
    ]
  },
  {
    "timeStamp": 80742,
    "rotation": [
      [
        0.8093261,
        -0.115922004,
        0.5758067
      ],
      [
        -0.5867084,
        -0.113406166,
        0.8018181
      ],
      [
        -0.0276483279,
        -0.986762941,
        -0.159794986
      ]
    ],
    "translation": [
      1.23135972,
      0.8831242,
      -0.588848
    ]
  },
  {
    "timeStamp": 80787,
    "rotation": [
      [
        0.78690666,
        -0.0476750061,
        0.6152276
      ],
      [
        -0.6123834,
        -0.1830057,
        0.769087434
      ],
      [
        0.0759239048,
        -0.9819552,
        -0.1732038
      ]
    ],
    "translation": [
      1.27552068,
      0.9173366,
      -0.5894925
    ]
  },
  {
    "timeStamp": 80842,
    "rotation": [
      [
        0.762469053,
        -0.00627909135,
        0.6469942
      ],
      [
        -0.6252592,
        -0.264328718,
        0.7342896
      ],
      [
        0.166408479,
        -0.964412153,
        -0.205468535
      ]
    ],
    "translation": [
      1.34281719,
      0.957353532,
      -0.587982237
    ]
  },
  {
    "timeStamp": 80887,
    "rotation": [
      [
        0.7547931,
        0.04766414,
        0.654228866
      ],
      [
        -0.608478665,
        -0.3216839,
        0.7254469
      ],
      [
        0.245032713,
        -0.945646644,
        -0.213802189
      ]
    ],
    "translation": [
      1.40047455,
      0.9859752,
      -0.594323337
    ]
  },
  {
    "timeStamp": 80943,
    "rotation": [
      [
        0.7908494,
        0.07445822,
        0.6074646
      ],
      [
        -0.511685967,
        -0.464098722,
        0.7230421
      ],
      [
        0.33576,
        -0.8826485,
        -0.328932971
      ]
    ],
    "translation": [
      1.483047,
      1.02114439,
      -0.598458
    ]
  },
  {
    "timeStamp": 80987,
    "rotation": [
      [
        0.7885168,
        0.110216334,
        0.6050567
      ],
      [
        -0.493006527,
        -0.4748795,
        0.7289952
      ],
      [
        0.3676762,
        -0.873121858,
        -0.320113122
      ]
    ],
    "translation": [
      1.54788733,
      1.04395223,
      -0.6109227
    ]
  },
  {
    "timeStamp": 81042,
    "rotation": [
      [
        0.825835943,
        0.140604183,
        0.5461002
      ],
      [
        -0.395072222,
        -0.5467627,
        0.7382198
      ],
      [
        0.402384,
        -0.8253975,
        -0.3959875
      ]
    ],
    "translation": [
      1.63226509,
      1.06936729,
      -0.625492334
    ]
  },
  {
    "timeStamp": 81087,
    "rotation": [
      [
        0.8435775,
        0.191777,
        0.5015961
      ],
      [
        -0.320085436,
        -0.5704295,
        0.756409645
      ],
      [
        0.431187153,
        -0.798643768,
        -0.419816434
      ]
    ],
    "translation": [
      1.6989646,
      1.0854913,
      -0.6409133
    ]
  },
  {
    "timeStamp": 81142,
    "rotation": [
      [
        0.8708781,
        0.239807323,
        0.429026455
      ],
      [
        -0.226955011,
        -0.5780538,
        0.7838018
      ],
      [
        0.435961753,
        -0.7799655,
        -0.448988944
      ]
    ],
    "translation": [
      1.777799,
      1.09525013,
      -0.660309732
    ]
  },
  {
    "timeStamp": 81187,
    "rotation": [
      [
        0.8978908,
        0.227277741,
        0.377010465
      ],
      [
        -0.207058758,
        -0.5377279,
        0.8172976
      ],
      [
        0.3884826,
        -0.8119073,
        -0.435761124
      ]
    ],
    "translation": [
      1.83926451,
      1.095128,
      -0.670564353
    ]
  },
  {
    "timeStamp": 81242,
    "rotation": [
      [
        0.907952547,
        0.275460571,
        0.3158223
      ],
      [
        -0.139030337,
        -0.5129455,
        0.8470877
      ],
      [
        0.395338863,
        -0.8130243,
        -0.427432775
      ]
    ],
    "translation": [
      1.90644109,
      1.08900571,
      -0.6877403
    ]
  },
  {
    "timeStamp": 81287,
    "rotation": [
      [
        0.9244235,
        0.270855427,
        0.2684744
      ],
      [
        -0.108851843,
        -0.4872989,
        0.866424263
      ],
      [
        0.365503,
        -0.8301669,
        -0.420987457
      ]
    ],
    "translation": [
      1.95451343,
      1.08012021,
      -0.695654
    ]
  },
  {
    "timeStamp": 81342,
    "rotation": [
      [
        0.916675448,
        0.344217867,
        0.20302783
      ],
      [
        -0.037379276,
        -0.431957722,
        0.901118934
      ],
      [
        0.397880673,
        -0.833622634,
        -0.3830984
      ]
    ],
    "translation": [
      2.00424647,
      1.05938339,
      -0.711277843
    ]
  },
  {
    "timeStamp": 81386,
    "rotation": [
      [
        0.8977363,
        0.4040776,
        0.17547293
      ],
      [
        -0.00716049364,
        -0.38488242,
        0.9229378
      ],
      [
        0.440474927,
        -0.8298113,
        -0.342629552
      ]
    ],
    "translation": [
      2.034259,
      1.04106987,
      -0.72485435
    ]
  },
  {
    "timeStamp": 81442,
    "rotation": [
      [
        0.8574792,
        0.492249966,
        0.149730742
      ],
      [
        0.0246523954,
        -0.3299838,
        0.9436646
      ],
      [
        0.513927639,
        -0.805481553,
        -0.2950894
      ]
    ],
    "translation": [
      2.0639956,
      1.01802361,
      -0.742898345
    ]
  },
  {
    "timeStamp": 81486,
    "rotation": [
      [
        0.8065989,
        0.581854641,
        0.104131378
      ],
      [
        0.06734583,
        -0.2654797,
        0.9617614
      ],
      [
        0.5872502,
        -0.7687429,
        -0.253321141
      ]
    ],
    "translation": [
      2.08464718,
      0.9956382,
      -0.758866549
    ]
  },
  {
    "timeStamp": 81551,
    "rotation": [
      [
        0.736999,
        0.6724003,
        0.0686316341
      ],
      [
        0.092676945,
        -0.20111616,
        0.9751735
      ],
      [
        0.6695099,
        -0.7123413,
        -0.2105384
      ]
    ],
    "translation": [
      2.10501051,
      0.9706188,
      -0.775307953
    ]
  },
  {
    "timeStamp": 81587,
    "rotation": [
      [
        0.6948014,
        0.7174675,
        0.04991425
      ],
      [
        0.106900141,
        -0.171655685,
        0.9793399
      ],
      [
        0.711212635,
        -0.6751109,
        -0.195964
      ]
    ],
    "translation": [
      2.11693645,
      0.954054356,
      -0.7821919
    ]
  },
  {
    "timeStamp": 81637,
    "rotation": [
      [
        0.626516759,
        0.7785126,
        0.0373478755
      ],
      [
        0.119972132,
        -0.1436744,
        0.982326
      ],
      [
        0.770119131,
        -0.610963,
        -0.183414251
      ]
    ],
    "translation": [
      2.12628317,
      0.936720669,
      -0.7880472
    ]
  },
  {
    "timeStamp": 81692,
    "rotation": [
      [
        0.574961066,
        0.817759752,
        0.02624325
      ],
      [
        0.131556287,
        -0.1240589,
        0.9835153
      ],
      [
        0.807535,
        -0.562030554,
        -0.178910479
      ]
    ],
    "translation": [
      2.13096619,
      0.9210509,
      -0.786512434
    ]
  },
  {
    "timeStamp": 81737,
    "rotation": [
      [
        0.5365417,
        0.843001,
        0.0383705534
      ],
      [
        0.120373093,
        -0.121459588,
        0.985270441
      ],
      [
        0.8352445,
        -0.5240199,
        -0.16664277
      ]
    ],
    "translation": [
      2.1297996,
      0.9094925,
      -0.785238266
    ]
  },
  {
    "timeStamp": 81793,
    "rotation": [
      [
        0.4483136,
        0.8938277,
        0.00932702
      ],
      [
        0.155917317,
        -0.08846871,
        0.983800352
      ],
      [
        0.880173147,
        -0.439596832,
        -0.179024935
      ]
    ],
    "translation": [
      2.13216925,
      0.889888465,
      -0.781994462
    ]
  },
  {
    "timeStamp": 81837,
    "rotation": [
      [
        0.408349425,
        0.912784,
        0.00872839149
      ],
      [
        0.148696616,
        -0.0759501,
        0.9859619
      ],
      [
        0.900633156,
        -0.4013191,
        -0.166742057
      ]
    ],
    "translation": [
      2.130564,
      0.87808603,
      -0.7792771
    ]
  },
  {
    "timeStamp": 81892,
    "rotation": [
      [
        0.3442457,
        0.938752651,
        0.0154372463
      ],
      [
        0.155483887,
        -0.07321654,
        0.985121369
      ],
      [
        0.9259156,
        -0.336723566,
        -0.1711654
      ]
    ],
    "translation": [
      2.126379,
      0.866310537,
      -0.7761166
    ]
  },
  {
    "timeStamp": 81941,
    "rotation": [
      [
        0.28904283,
        0.9572798,
        0.008346729
      ],
      [
        0.1489975,
        -0.053597793,
        0.9873839
      ],
      [
        0.945650041,
        -0.284152567,
        -0.158124343
      ]
    ],
    "translation": [
      2.12623429,
      0.855801642,
      -0.7757636
    ]
  },
  {
    "timeStamp": 81993,
    "rotation": [
      [
        0.221109226,
        0.9752188,
        -0.007675373
      ],
      [
        0.160574347,
        -0.0286416579,
        0.9866081
      ],
      [
        0.9619389,
        -0.219380617,
        -0.16292806
      ]
    ],
    "translation": [
      2.12845659,
      0.8416947,
      -0.773384631
    ]
  },
  {
    "timeStamp": 82038,
    "rotation": [
      [
        0.210101932,
        0.977564335,
        -0.0150038907
      ],
      [
        0.132397816,
        -0.0132436883,
        0.9911082
      ],
      [
        0.9686733,
        -0.210220218,
        -0.132209912
      ]
    ],
    "translation": [
      2.12627053,
      0.8342987,
      -0.77303654
    ]
  },
  {
    "timeStamp": 82084,
    "rotation": [
      [
        0.171925321,
        0.9850541,
        -0.0104942694
      ],
      [
        0.121508405,
        -0.0106333848,
        0.992533445
      ],
      [
        0.9775875,
        -0.171916783,
        -0.121520504
      ]
    ],
    "translation": [
      2.12336063,
      0.8279402,
      -0.7744815
    ]
  },
  {
    "timeStamp": 82140,
    "rotation": [
      [
        0.1374393,
        0.9902539,
        -0.0225295387
      ],
      [
        0.111772269,
        0.007095041,
        0.9937085
      ],
      [
        0.9841836,
        -0.139092773,
        -0.109707788
      ]
    ],
    "translation": [
      2.12166357,
      0.819165945,
      -0.7744714
    ]
  },
  {
    "timeStamp": 82184,
    "rotation": [
      [
        0.133441165,
        0.9909025,
        -0.01748662
      ],
      [
        0.108171418,
        0.00297649531,
        0.9941278
      ],
      [
        0.985135734,
        -0.134549126,
        -0.10679014
      ]
    ],
    "translation": [
      2.11672974,
      0.8145092,
      -0.7729496
    ]
  },
  {
    "timeStamp": 82240,
    "rotation": [
      [
        0.0929005742,
        0.9956574,
        -0.005993442
      ],
      [
        0.09493146,
        -0.002865281,
        0.9954797
      ],
      [
        0.991139531,
        -0.0930496,
        -0.0947854
      ]
    ],
    "translation": [
      2.112877,
      0.809833646,
      -0.7768657
    ]
  },
  {
    "timeStamp": 82284,
    "rotation": [
      [
        0.07910187,
        0.9967679,
        -0.014021189
      ],
      [
        0.0833297744,
        0.00740442937,
        0.996494532
      ],
      [
        0.993377566,
        -0.07999296,
        -0.08247474
      ]
    ],
    "translation": [
      2.11090326,
      0.8053322,
      -0.7771034
    ]
  },
  {
    "timeStamp": 82340,
    "rotation": [
      [
        0.05689828,
        0.9982108,
        -0.01837896
      ],
      [
        0.0707349852,
        0.014331975,
        0.9973922
      ],
      [
        0.995871067,
        -0.0580499358,
        -0.0697929561
      ]
    ],
    "translation": [
      2.1086278,
      0.800580263,
      -0.7777747
    ]
  },
  {
    "timeStamp": 82385,
    "rotation": [
      [
        0.03907812,
        0.9975731,
        -0.0576266348
      ],
      [
        0.0597613,
        0.0552341975,
        0.996683359
      ],
      [
        0.9974475,
        -0.04239238,
        -0.0574578159
      ]
    ],
    "translation": [
      2.10963678,
      0.79829514,
      -0.7789
    ]
  },
  {
    "timeStamp": 82442,
    "rotation": [
      [
        0.0298041552,
        0.9955016,
        -0.0899354443
      ],
      [
        0.0427394658,
        0.08862391,
        0.9951478
      ],
      [
        0.9986416,
        -0.0335033126,
        -0.0399058461
      ]
    ],
    "translation": [
      2.109797,
      0.7967854,
      -0.780217648
    ]
  },
  {
    "timeStamp": 82486,
    "rotation": [
      [
        0.0305476971,
        0.990971744,
        -0.130544245
      ],
      [
        0.0427514464,
        0.1291903,
        0.9906978
      ],
      [
        0.9986186,
        -0.0358445048,
        -0.03841901
      ]
    ],
    "translation": [
      2.112892,
      0.7949432,
      -0.7802403
    ]
  },
  {
    "timeStamp": 82542,
    "rotation": [
      [
        0.0468212664,
        0.982555032,
        -0.179981232
      ],
      [
        0.0630707741,
        0.176911414,
        0.982203841
      ],
      [
        0.9969101,
        -0.0573395975,
        -0.05368729
      ]
    ],
    "translation": [
      2.11578822,
      0.792263,
      -0.779317558
    ]
  }
]