[
  {
    "timeStamp": 101566,
    "rotation": [
      [
        -0.447966725,
        -0.4907683,
        0.747310042
      ],
      [
        -0.832431,
        -0.07598789,
        -0.5488938
      ],
      [
        0.3261662,
        -0.8679702,
        -0.374490738
      ]
    ],
    "translation": [
      1.807495,
      0.74685353,
      -0.3477248
    ]
  },
  {
    "timeStamp": 101614,
    "rotation": [
      [
        -0.438343555,
        -0.491618216,
        0.752440333
      ],
      [
        -0.839406431,
        -0.07537245,
        -0.538252532
      ],
      [
        0.321328,
        -0.867542744,
        -0.3796285
      ]
    ],
    "translation": [
      1.80704558,
      0.7486817,
      -0.347381681
    ]
  },
  {
    "timeStamp": 101666,
    "rotation": [
      [
        -0.417502046,
        -0.504704535,
        0.7556225
      ],
      [
        -0.835276365,
        -0.114255823,
        -0.5378281
      ],
      [
        0.357778549,
        -0.85569793,
        -0.3738657
      ]
    ],
    "translation": [
      1.80647469,
      0.7492254,
      -0.3490878
    ]
  },
  {
    "timeStamp": 101721,
    "rotation": [
      [
        -0.428823322,
        -0.5208742,
        0.738106132
      ],
      [
        -0.8318226,
        -0.09104889,
        -0.547522843
      ],
      [
        0.352394253,
        -0.8487639,
        -0.394231051
      ]
    ],
    "translation": [
      1.80772638,
      0.7491063,
      -0.352316082
    ]
  },
  {
    "timeStamp": 101766,
    "rotation": [
      [
        -0.4489321,
        -0.5508125,
        0.70360893
      ],
      [
        -0.8075581,
        -0.08697088,
        -0.5833403
      ],
      [
        0.3825046,
        -0.8300853,
        -0.4057691
      ]
    ],
    "translation": [
      1.80816543,
      0.7671231,
      -0.360142916
    ]
  },
  {
    "timeStamp": 101821,
    "rotation": [
      [
        -0.4783446,
        -0.578074455,
        0.6610721
      ],
      [
        -0.7712838,
        -0.08338201,
        -0.631006062
      ],
      [
        0.419890016,
        -0.811712563,
        -0.40597418
      ]
    ],
    "translation": [
      1.81023932,
      0.7979998,
      -0.376437128
    ]
  },
  {
    "timeStamp": 101866,
    "rotation": [
      [
        -0.5213739,
        -0.607898951,
        0.5988557
      ],
      [
        -0.7255455,
        -0.0536016934,
        -0.686083436
      ],
      [
        0.4491691,
        -0.792203069,
        -0.413111866
      ]
    ],
    "translation": [
      1.81420755,
      0.8320058,
      -0.3981187
    ]
  },
  {
    "timeStamp": 101922,
    "rotation": [
      [
        -0.5627675,
        -0.621802151,
        0.544660151
      ],
      [
        -0.671790063,
        -0.03989255,
        -0.7396666
      ],
      [
        0.481654167,
        -0.7821576,
        -0.395270318
      ]
    ],
    "translation": [
      1.82717085,
      0.8817467,
      -0.436551452
    ]
  },
  {
    "timeStamp": 101966,
    "rotation": [
      [
        -0.596587241,
        -0.657422543,
        0.460303545
      ],
      [
        -0.6266739,
        0.0233029686,
        -0.778933167
      ],
      [
        0.5013618,
        -0.7531617,
        -0.425891757
      ]
    ],
    "translation": [
      1.8481431,
      0.9243687,
      -0.470916033
    ]
  },
  {
    "timeStamp": 102022,
    "rotation": [
      [
        -0.616176,
        -0.664644659,
        0.4225809
      ],
      [
        -0.5875502,
        0.0305900462,
        -0.8086093
      ],
      [
        0.524511039,
        -0.746533155,
        -0.409360945
      ]
    ],
    "translation": [
      1.88248694,
      0.9737161,
      -0.520162642
    ]
  },
  {
    "timeStamp": 102066,
    "rotation": [
      [
        -0.5994838,
        -0.6966526,
        0.3940741
      ],
      [
        -0.57362026,
        0.0305842422,
        -0.818550169
      ],
      [
        0.5581926,
        -0.716756463,
        -0.417948753
      ]
    ],
    "translation": [
      1.91944242,
      1.006554,
      -0.557572246
    ]
  },
  {
    "timeStamp": 102122,
    "rotation": [
      [
        -0.530378342,
        -0.7490566,
        0.39700526
      ],
      [
        -0.579963744,
        -0.0209728684,
        -0.8143723
      ],
      [
        0.6183373,
        -0.662174046,
        -0.423302084
      ]
    ],
    "translation": [
      1.974067,
      1.03450024,
      -0.5995674
    ]
  },
  {
    "timeStamp": 102166,
    "rotation": [
      [
        -0.448040217,
        -0.8053869,
        0.388087541
      ],
      [
        -0.5976591,
        -0.0530095324,
        -0.799996
      ],
      [
        0.664878666,
        -0.5903744,
        -0.4575964
      ]
    ],
    "translation": [
      2.02343082,
      1.04706812,
      -0.6290201
    ]
  },
  {
    "timeStamp": 102222,
    "rotation": [
      [
        -0.321411,
        -0.8644501,
        0.3865501
      ],
      [
        -0.6226365,
        -0.114632756,
        -0.7740692
      ],
      [
        0.7134555,
        -0.489474565,
        -0.5013939
      ]
    ],
    "translation": [
      2.081766,
      1.05217493,
      -0.663099
    ]
  },
  {
    "timeStamp": 102269,
    "rotation": [
      [
        -0.23657158,
        -0.9008747,
        0.363948584
      ],
      [
        -0.65581876,
        -0.12832506,
        -0.7439317
      ],
      [
        0.716892958,
        -0.4146774,
        -0.560452461
      ]
    ],
    "translation": [
      2.123862,
      1.04754937,
      -0.688909233
    ]
  },
  {
    "timeStamp": 102316,
    "rotation": [
      [
        -0.157969385,
        -0.943903863,
        0.289984673
      ],
      [
        -0.685650349,
        -0.106479608,
        -0.7201011
      ],
      [
        0.7105837,
        -0.312582046,
        -0.6303675
      ]
    ],
    "translation": [
      2.16789174,
      1.03805745,
      -0.7178384
    ]
  },
  {
    "timeStamp": 102372,
    "rotation": [
      [
        -0.09903006,
        -0.970582366,
        0.219460562
      ],
      [
        -0.6942428,
        -0.09061267,
        -0.714014232
      ],
      [
        0.7128955,
        -0.22306779,
        -0.664846361
      ]
    ],
    "translation": [
      2.20017076,
      1.02862978,
      -0.7404325
    ]
  },
  {
    "timeStamp": 102416,
    "rotation": [
      [
        -0.08960919,
        -0.9869491,
        0.133797511
      ],
      [
        -0.700963259,
        -0.03293935,
        -0.7124363
      ],
      [
        0.7075456,
        -0.157627985,
        -0.688863337
      ]
    ],
    "translation": [
      2.21752238,
      1.01808131,
      -0.7546776
    ]
  },
  {
    "timeStamp": 102472,
    "rotation": [
      [
        -0.0521770678,
        -0.995282352,
        0.0817961246
      ],
      [
        -0.692550242,
        -0.0229484,
        -0.721004546
      ],
      [
        0.719480157,
        -0.09426782,
        -0.6880856
      ]
    ],
    "translation": [
      2.23141074,
      1.0066328,
      -0.765368164
    ]
  },
  {
    "timeStamp": 102516,
    "rotation": [
      [
        -0.0600290671,
        -0.9980671,
        0.01608419
      ],
      [
        -0.6970233,
        0.0303775817,
        -0.7164048
      ],
      [
        0.7145314,
        -0.0542161651,
        -0.697499454
      ]
    ],
    "translation": [
      2.23689842,
      0.9944682,
      -0.7697967
    ]
  },
  {
    "timeStamp": 102572,
    "rotation": [
      [
        -0.0645198151,
        -0.9979164,
        3.753556E-05
      ],
      [
        -0.687161,
        0.0444008,
        -0.725147
      ],
      [
        0.7236344,
        -0.0468121469,
        -0.688594043
      ]
    ],
    "translation": [
      2.232085,
      0.9830545,
      -0.769624
    ]
  },
  {
    "timeStamp": 102616,
    "rotation": [
      [
        -0.06712027,
        -0.997687161,
        -0.0107376175
      ],
      [
        -0.70515877,
        0.05504829,
        -0.706909359
      ],
      [
        0.705865443,
        -0.0398762226,
        -0.7072227
      ]
    ],
    "translation": [
      2.22632742,
      0.970154047,
      -0.766470134
    ]
  },
  {
    "timeStamp": 102672,
    "rotation": [
      [
        -0.119355172,
        -0.9927682,
        0.0128664253
      ],
      [
        -0.702662468,
        0.07530767,
        -0.7075268
      ],
      [
        0.701441169,
        -0.09348774,
        -0.7065694
      ]
    ],
    "translation": [
      2.20824528,
      0.9609851,
      -0.758027256
    ]
  },
  {
    "timeStamp": 102717,
    "rotation": [
      [
        -0.1435321,
        -0.9887149,
        0.04291238
      ],
      [
        -0.7120916,
        0.07306798,
        -0.698274
      ],
      [
        0.6872584,
        -0.130782276,
        -0.714543164
      ]
    ],
    "translation": [
      2.194429,
      0.956120133,
      -0.7508418
    ]
  },
  {
    "timeStamp": 102774,
    "rotation": [
      [
        -0.174953446,
        -0.981455,
        0.07834075
      ],
      [
        -0.716625452,
        0.07237384,
        -0.693693
      ],
      [
        0.6751587,
        -0.177504942,
        -0.715997756
      ]
    ],
    "translation": [
      2.17983651,
      0.952305,
      -0.7402716
    ]
  },
  {
    "timeStamp": 102820,
    "rotation": [
      [
        -0.151585445,
        -0.9796983,
        0.131198823
      ],
      [
        -0.7315068,
        0.02192123,
        -0.681481659
      ],
      [
        0.664770365,
        -0.199275523,
        -0.719978869
      ]
    ],
    "translation": [
      2.17570877,
      0.9496878,
      -0.724749863
    ]
  },
  {
    "timeStamp": 102865,
    "rotation": [
      [
        -0.161612332,
        -0.97743845,
        0.135998264
      ],
      [
        -0.7497613,
        0.0320069231,
        -0.6609339
      ],
      [
        0.641669333,
        -0.2087813,
        -0.738018155
      ]
    ],
    "translation": [
      2.171691,
      0.9424512,
      -0.7134674
    ]
  },
  {
    "timeStamp": 102921,
    "rotation": [
      [
        -0.157394424,
        -0.969666,
        0.187015638
      ],
      [
        -0.772874355,
        0.00306808087,
        -0.6345517
      ],
      [
        0.6147294,
        -0.244414479,
        -0.749912858
      ]
    ],
    "translation": [
      2.16218853,
      0.933387756,
      -0.7017981
    ]
  },
  {
    "timeStamp": 102966,
    "rotation": [
      [
        -0.150967091,
        -0.955874,
        0.252019227
      ],
      [
        -0.7813462,
        -0.040790718,
        -0.6227634
      ],
      [
        0.6055634,
        -0.290931046,
        -0.7407105
      ]
    ],
    "translation": [
      2.15240979,
      0.928168535,
      -0.695521951
    ]
  },
  {
    "timeStamp": 103021,
    "rotation": [
      [
        -0.181664646,
        -0.9462799,
        0.2674926
      ],
      [
        -0.790528655,
        -0.0212509576,
        -0.612056136
      ],
      [
        0.584860861,
        -0.322649539,
        -0.7442009
      ]
    ],
    "translation": [
      2.14013338,
      0.9223352,
      -0.6900695
    ]
  },
  {
    "timeStamp": 103066,
    "rotation": [
      [
        -0.18369332,
        -0.9369493,
        0.297292441
      ],
      [
        -0.796505868,
        -0.03536126,
        -0.6035959
      ],
      [
        0.5760514,
        -0.3476717,
        -0.739789963
      ]
    ],
    "translation": [
      2.13128328,
      0.91744405,
      -0.687020361
    ]
  },
  {
    "timeStamp": 103121,
    "rotation": [
      [
        -0.185114309,
        -0.9365151,
        0.297778875
      ],
      [
        -0.803714454,
        -0.0300873313,
        -0.594253957
      ],
      [
        0.5654872,
        -0.349334151,
        -0.7471211
      ]
    ],
    "translation": [
      2.12578321,
      0.9103259,
      -0.682971656
    ]
  },
  {
    "timeStamp": 103165,
    "rotation": [
      [
        -0.190917566,
        -0.9394334,
        0.284632
      ],
      [
        -0.814317942,
        -0.0103381779,
        -0.580327
      ],
      [
        0.5481211,
        -0.34257558,
        -0.763023734
      ]
    ],
    "translation": [
      2.127153,
      0.906511366,
      -0.675308645
    ]
  },
  {
    "timeStamp": 103221,
    "rotation": [
      [
        -0.190731645,
        -0.949686468,
        0.248429224
      ],
      [
        -0.81988585,
        0.0149461981,
        -0.5723319
      ],
      [
        0.539822757,
        -0.3128454,
        -0.7814852
      ]
    ],
    "translation": [
      2.127534,
      0.9002016,
      -0.672559559
    ]
  },
  {
    "timeStamp": 103265,
    "rotation": [
      [
        -0.207813054,
        -0.9563076,
        0.20564428
      ],
      [
        -0.824924469,
        0.0583623536,
        -0.5622219
      ],
      [
        0.52565515,
        -0.286478043,
        -0.801009953
      ]
    ],
    "translation": [
      2.12724161,
      0.896189,
      -0.6721028
    ]
  },
  {
    "timeStamp": 103321,
    "rotation": [
      [
        -0.216499925,
        -0.961813569,
        0.1674588
      ],
      [
        -0.826191545,
        0.08911674,
        -0.5562964
      ],
      [
        0.520130038,
        -0.258791178,
        -0.813936055
      ]
    ],
    "translation": [
      2.12673116,
      0.8928531,
      -0.6716195
    ]
  },
  {
    "timeStamp": 103366,
    "rotation": [
      [
        -0.235469252,
        -0.959660947,
        0.15364
      ],
      [
        -0.8260233,
        0.11431735,
        -0.5519213
      ],
      [
        0.5120936,
        -0.256870717,
        -0.81962043
      ]
    ],
    "translation": [
      2.12394977,
      0.890710533,
      -0.6722334
    ]
  },
  {
    "timeStamp": 103421,
    "rotation": [
      [
        -0.244170934,
        -0.9605271,
        0.133297756
      ],
      [
        -0.831066132,
        0.136436358,
        -0.5391792
      ],
      [
        0.499709576,
        -0.242431134,
        -0.8315754
      ]
    ],
    "translation": [
      2.122372,
      0.88751477,
      -0.672537565
    ]
  }
]