[
  {
    "timeStamp": 113526,
    "rotation": [
      [
        0.8933994,
        0.08136298,
        -0.44183442
      ],
      [
        -0.318703234,
        0.807938337,
        -0.495644957
      ],
      [
        0.316647828,
        0.583623,
        0.747742236
      ]
    ],
    "translation": [
      1.1729784,
      0.7270085,
      -0.400075257
    ]
  },
  {
    "timeStamp": 113584,
    "rotation": [
      [
        0.8823751,
        0.1184346,
        -0.4553981
      ],
      [
        -0.3503132,
        0.81149143,
        -0.4677204
      ],
      [
        0.314157367,
        0.5722368,
        0.757529
      ]
    ],
    "translation": [
      1.17381465,
      0.7270146,
      -0.400505662
    ]
  },
  {
    "timeStamp": 113627,
    "rotation": [
      [
        0.868699431,
        0.127502084,
        -0.478648782
      ],
      [
        -0.352814436,
        0.837523937,
        -0.417223752
      ],
      [
        0.3476829,
        0.5313162,
        0.7725411
      ]
    ],
    "translation": [
      1.17487919,
      0.725661039,
      -0.401795477
    ]
  },
  {
    "timeStamp": 113683,
    "rotation": [
      [
        0.873216,
        0.126320884,
        -0.470677
      ],
      [
        -0.363666624,
        0.811834455,
        -0.4568056
      ],
      [
        0.324407727,
        0.5700595,
        0.7548455
      ]
    ],
    "translation": [
      1.181179,
      0.7288691,
      -0.407019824
    ]
  },
  {
    "timeStamp": 113727,
    "rotation": [
      [
        0.864796162,
        0.155538082,
        -0.4774259
      ],
      [
        -0.389755279,
        0.807391167,
        -0.4429563
      ],
      [
        0.3165729,
        0.569146156,
        0.7588506
      ]
    ],
    "translation": [
      1.188833,
      0.7376377,
      -0.411910832
    ]
  },
  {
    "timeStamp": 113783,
    "rotation": [
      [
        0.843791366,
        0.225580558,
        -0.4869595
      ],
      [
        -0.448453218,
        0.794797659,
        -0.408884227
      ],
      [
        0.294797927,
        0.5633915,
        0.771805763
      ]
    ],
    "translation": [
      1.20381033,
      0.756884754,
      -0.419485956
    ]
  },
  {
    "timeStamp": 113827,
    "rotation": [
      [
        0.8119411,
        0.304601282,
        -0.4979656
      ],
      [
        -0.5201971,
        0.764608,
        -0.380485773
      ],
      [
        0.264852077,
        0.5679723,
        0.7792694
      ]
    ],
    "translation": [
      1.22162735,
      0.7756073,
      -0.4298581
    ]
  },
  {
    "timeStamp": 113883,
    "rotation": [
      [
        0.767492831,
        0.37013948,
        -0.523403764
      ],
      [
        -0.5844906,
        0.7393821,
        -0.334192961
      ],
      [
        0.263297319,
        0.562415242,
        0.7838135
      ]
    ],
    "translation": [
      1.254054,
      0.802719533,
      -0.450166166
    ]
  },
  {
    "timeStamp": 113927,
    "rotation": [
      [
        0.733096063,
        0.405764073,
        -0.5458257
      ],
      [
        -0.6234073,
        0.721739531,
        -0.300758
      ],
      [
        0.2719072,
        0.560756266,
        0.7820607
      ]
    ],
    "translation": [
      1.28755379,
      0.823504567,
      -0.472304583
    ]
  },
  {
    "timeStamp": 113983,
    "rotation": [
      [
        0.71137017,
        0.426126122,
        -0.5588999
      ],
      [
        -0.635593057,
        0.7294531,
        -0.252823353
      ],
      [
        0.29995656,
        0.53508383,
        0.789754033
      ]
    ],
    "translation": [
      1.34139776,
      0.847874343,
      -0.5023916
    ]
  },
  {
    "timeStamp": 114027,
    "rotation": [
      [
        0.706044436,
        0.446263462,
        -0.5498638
      ],
      [
        -0.6413284,
        0.732226431,
        -0.22922115
      ],
      [
        0.3003318,
        0.5144836,
        0.8031858
      ]
    ],
    "translation": [
      1.39264882,
      0.8661069,
      -0.5265767
    ]
  },
  {
    "timeStamp": 114083,
    "rotation": [
      [
        0.723697245,
        0.469088763,
        -0.5061798
      ],
      [
        -0.626720846,
        0.7538095,
        -0.19746457
      ],
      [
        0.288934767,
        0.460138023,
        0.839517534
      ]
    ],
    "translation": [
      1.46587849,
      0.8895519,
      -0.554924548
    ]
  },
  {
    "timeStamp": 114127,
    "rotation": [
      [
        0.7456779,
        0.498256624,
        -0.4423853
      ],
      [
        -0.615677238,
        0.7691,
        -0.1715422
      ],
      [
        0.254766464,
        0.400281757,
        0.8802662
      ]
    ],
    "translation": [
      1.53041065,
      0.9090949,
      -0.575036168
    ]
  },
  {
    "timeStamp": 114183,
    "rotation": [
      [
        0.7955266,
        0.50081265,
        -0.341063052
      ],
      [
        -0.568797,
        0.8112396,
        -0.135500208
      ],
      [
        0.208823636,
        0.301789671,
        0.930223465
      ]
    ],
    "translation": [
      1.61596382,
      0.932208061,
      -0.599727452
    ]
  },
  {
    "timeStamp": 114227,
    "rotation": [
      [
        0.8231621,
        0.5150857,
        -0.238937035
      ],
      [
        -0.5498136,
        0.828163445,
        -0.10885939
      ],
      [
        0.141807,
        0.22097975,
        0.964913845
      ]
    ],
    "translation": [
      1.68636036,
      0.950119138,
      -0.618813634
    ]
  },
  {
    "timeStamp": 114283,
    "rotation": [
      [
        0.8461427,
        0.5246014,
        -0.0939994
      ],
      [
        -0.531885445,
        0.8423798,
        -0.0865683258
      ],
      [
        0.0337693319,
        0.123246074,
        0.991801441
      ]
    ],
    "translation": [
      1.77413154,
      0.96859616,
      -0.643438756
    ]
  },
  {
    "timeStamp": 114327,
    "rotation": [
      [
        0.872379243,
        0.48875457,
        0.008568545
      ],
      [
        -0.4872201,
        0.8707945,
        -0.06583022
      ],
      [
        -0.03963626,
        0.0532541536,
        0.997794032
      ]
    ],
    "translation": [
      1.84249854,
      0.9792511,
      -0.664233148
    ]
  },
  {
    "timeStamp": 114382,
    "rotation": [
      [
        0.876544058,
        0.4671352,
        0.115996584
      ],
      [
        -0.4622647,
        0.884168446,
        -0.067509234
      ],
      [
        -0.134096459,
        0.00555369444,
        0.99095273
      ]
    ],
    "translation": [
      1.91929114,
      0.98589313,
      -0.6907551
    ]
  },
  {
    "timeStamp": 114427,
    "rotation": [
      [
        0.872948349,
        0.443253756,
        0.203684434
      ],
      [
        -0.440673023,
        0.8956318,
        -0.0604236759
      ],
      [
        -0.209209278,
        -0.03701149,
        0.9771702
      ]
    ],
    "translation": [
      1.97632754,
      0.989519358,
      -0.7100943
    ]
  },
  {
    "timeStamp": 114483,
    "rotation": [
      [
        0.8638959,
        0.437628,
        0.249330357
      ],
      [
        -0.4356533,
        0.8976811,
        -0.06614239
      ],
      [
        -0.2527649,
        -0.0514814556,
        0.9661571
      ]
    ],
    "translation": [
      2.03169656,
      0.9900435,
      -0.7307993
    ]
  },
  {
    "timeStamp": 114526,
    "rotation": [
      [
        0.8599276,
        0.432874382,
        0.270452052
      ],
      [
        -0.428491443,
        0.9001461,
        -0.07830802
      ],
      [
        -0.2773439,
        -0.04854716,
        0.9595434
      ]
    ],
    "translation": [
      2.06165051,
      0.9863559,
      -0.7422035
    ]
  },
  {
    "timeStamp": 114579,
    "rotation": [
      [
        0.8459435,
        0.448178649,
        0.2889904
      ],
      [
        -0.442611843,
        0.8923575,
        -0.08827618
      ],
      [
        -0.297446281,
        -0.05323393,
        0.953253269
      ]
    ],
    "translation": [
      2.11158228,
      0.978082,
      -0.7581948
    ]
  },
  {
    "timeStamp": 114633,
    "rotation": [
      [
        0.8563669,
        0.442102283,
        0.2667983
      ],
      [
        -0.4260389,
        0.896884143,
        -0.118699983
      ],
      [
        -0.2917647,
        -0.0120157152,
        0.95641464
      ]
    ],
    "translation": [
      2.142224,
      0.966704,
      -0.770115554
    ]
  },
  {
    "timeStamp": 114678,
    "rotation": [
      [
        0.8688654,
        0.4277662,
        0.249176711
      ],
      [
        -0.407304525,
        0.903801441,
        -0.131324142
      ],
      [
        -0.2813823,
        0.0126122013,
        0.9595129
      ]
    ],
    "translation": [
      2.160547,
      0.9589671,
      -0.7787614
    ]
  },
  {
    "timeStamp": 114733,
    "rotation": [
      [
        0.8587238,
        0.461469531,
        0.222798631
      ],
      [
        -0.4379127,
        0.8866465,
        -0.148628682
      ],
      [
        -0.266131222,
        0.0300646443,
        0.963467836
      ]
    ],
    "translation": [
      2.17627335,
      0.952992737,
      -0.7879795
    ]
  },
  {
    "timeStamp": 114777,
    "rotation": [
      [
        0.8672119,
        0.4574339,
        0.196717247
      ],
      [
        -0.4337207,
        0.8879883,
        -0.15285
      ],
      [
        -0.244601384,
        0.0472330041,
        0.9684726
      ]
    ],
    "translation": [
      2.18600965,
      0.9486957,
      -0.79462713
    ]
  },
  {
    "timeStamp": 114833,
    "rotation": [
      [
        0.8851174,
        0.4461713,
        0.1322809
      ],
      [
        -0.426196337,
        0.891324,
        -0.154590428
      ],
      [
        -0.186878949,
        0.0804530457,
        0.979083
      ]
    ],
    "translation": [
      2.19100618,
      0.9449402,
      -0.80183816
    ]
  },
  {
    "timeStamp": 114877,
    "rotation": [
      [
        0.877096534,
        0.473014235,
        0.08342184
      ],
      [
        -0.4570436,
        0.875323355,
        -0.157861128
      ],
      [
        -0.147691652,
        0.100332029,
        0.983931243
      ]
    ],
    "translation": [
      2.191144,
      0.9433799,
      -0.8065901
    ]
  },
  {
    "timeStamp": 114933,
    "rotation": [
      [
        0.8739787,
        0.485410839,
        0.0231865328
      ],
      [
        -0.472869664,
        0.860461533,
        -0.189737245
      ],
      [
        -0.112051636,
        0.1548621,
        0.981561065
      ]
    ],
    "translation": [
      2.18758678,
      0.9354945,
      -0.8133987
    ]
  },
  {
    "timeStamp": 114977,
    "rotation": [
      [
        0.905927539,
        0.423280776,
        -0.011340824
      ],
      [
        -0.417407453,
        0.8882142,
        -0.1919546
      ],
      [
        -0.07117761,
        0.17863071,
        0.9813383
      ]
    ],
    "translation": [
      2.18683958,
      0.9275474,
      -0.8180683
    ]
  },
  {
    "timeStamp": 115034,
    "rotation": [
      [
        0.900090635,
        0.434882641,
        -0.0267202184
      ],
      [
        -0.430746466,
        0.8789531,
        -0.204692483
      ],
      [
        -0.06553139,
        0.195751429,
        0.978461564
      ]
    ],
    "translation": [
      2.18494654,
      0.9202905,
      -0.8227596
    ]
  },
  {
    "timeStamp": 115080,
    "rotation": [
      [
        0.9060122,
        0.423113018,
        -0.0108351186
      ],
      [
        -0.416666865,
        0.8871262,
        -0.198483974
      ],
      [
        -0.0743690357,
        0.184343532,
        0.980044246
      ]
    ],
    "translation": [
      2.18868661,
      0.9156337,
      -0.8241127
    ]
  },
  {
    "timeStamp": 115126,
    "rotation": [
      [
        0.904458165,
        0.4261082,
        0.0196769219
      ],
      [
        -0.416324943,
        0.891857266,
        -0.176816717
      ],
      [
        -0.09289206,
        0.151731327,
        0.9840471
      ]
    ],
    "translation": [
      2.19619346,
      0.915301144,
      -0.823040664
    ]
  },
  {
    "timeStamp": 115182,
    "rotation": [
      [
        0.889098,
        0.447360128,
        0.09681819
      ],
      [
        -0.432479531,
        0.8903339,
        -0.142362013
      ],
      [
        -0.1498876,
        0.08470189,
        0.985068142
      ]
    ],
    "translation": [
      2.2122798,
      0.9201299,
      -0.818877935
    ]
  },
  {
    "timeStamp": 115227,
    "rotation": [
      [
        0.8873716,
        0.441494673,
        0.132869065
      ],
      [
        -0.430381745,
        0.8965517,
        -0.10472168
      ],
      [
        -0.165358052,
        0.0357426219,
        0.985585749
      ]
    ],
    "translation": [
      2.22441244,
      0.927904844,
      -0.814641833
    ]
  },
  {
    "timeStamp": 115282,
    "rotation": [
      [
        0.887599051,
        0.433651924,
        0.1552867
      ],
      [
        -0.430844724,
        0.90086323,
        -0.0530871
      ],
      [
        -0.162913412,
        -0.0197844,
        0.98644197
      ]
    ],
    "translation": [
      2.23536086,
      0.939888358,
      -0.808679461
    ]
  },
  {
    "timeStamp": 115327,
    "rotation": [
      [
        0.8885668,
        0.427528948,
        0.1663371
      ],
      [
        -0.428203046,
        0.9030562,
        -0.0336403921
      ],
      [
        -0.164594,
        -0.04133432,
        0.9854949
      ]
    ],
    "translation": [
      2.24296069,
      0.9464367,
      -0.8042525
    ]
  },
  {
    "timeStamp": 115373,
    "rotation": [
      [
        0.8897783,
        0.4255195,
        0.165008157
      ],
      [
        -0.424508423,
        0.9043954,
        -0.0431462
      ],
      [
        -0.167592153,
        -0.0316567943,
        0.985348046
      ]
    ],
    "translation": [
      2.24790335,
      0.947916269,
      -0.8003246
    ]
  },
  {
    "timeStamp": 115425,
    "rotation": [
      [
        0.89264214,
        0.42538172,
        0.149132311
      ],
      [
        -0.423686445,
        0.904711545,
        -0.04457374
      ],
      [
        -0.153882578,
        -0.0233969428,
        0.9878121
      ]
    ],
    "translation": [
      2.25014973,
      0.9484195,
      -0.796039641
    ]
  },
  {
    "timeStamp": 115481,
    "rotation": [
      [
        0.8966778,
        0.421858549,
        0.134180263
      ],
      [
        -0.418904483,
        0.9066005,
        -0.0509375781
      ],
      [
        -0.143136352,
        -0.0105341217,
        0.989646852
      ]
    ],
    "translation": [
      2.25032139,
      0.9472211,
      -0.793521345
    ]
  },
  {
    "timeStamp": 115525,
    "rotation": [
      [
        0.89299643,
        0.435398638,
        0.11395333
      ],
      [
        -0.430375963,
        0.900175333,
        -0.06678955
      ],
      [
        -0.131658062,
        0.0106000584,
        0.991238534
      ]
    ],
    "translation": [
      2.24668,
      0.9443398,
      -0.792584538
    ]
  },
  {
    "timeStamp": 115581,
    "rotation": [
      [
        0.8828958,
        0.463723749,
        0.0738596246
      ],
      [
        -0.454751819,
        0.8835943,
        -0.111633077
      ],
      [
        -0.117028855,
        0.06497258,
        0.9910009
      ]
    ],
    "translation": [
      2.23535585,
      0.9363637,
      -0.794781
    ]
  },
  {
    "timeStamp": 115625,
    "rotation": [
      [
        0.8964061,
        0.442464232,
        0.0261035748
      ],
      [
        -0.436208338,
        0.8911109,
        -0.125074372
      ],
      [
        -0.07860211,
        0.100730836,
        0.991803944
      ]
    ],
    "translation": [
      2.22229075,
      0.9301296,
      -0.7965038
    ]
  },
  {
    "timeStamp": 115681,
    "rotation": [
      [
        0.8933924,
        0.448890537,
        -0.0186372958
      ],
      [
        -0.446028829,
        0.88119,
        -0.156724349
      ],
      [
        -0.05392908,
        0.148329109,
        0.9874666
      ]
    ],
    "translation": [
      2.20509982,
      0.9224368,
      -0.7981357
    ]
  },
  {
    "timeStamp": 115724,
    "rotation": [
      [
        0.891890049,
        0.4502139,
        -0.0428901426
      ],
      [
        -0.450960726,
        0.8781723,
        -0.159523919
      ],
      [
        -0.0341549553,
        0.161619559,
        0.9862619
      ]
    ],
    "translation": [
      2.194072,
      0.9179977,
      -0.7982649
    ]
  },
  {
    "timeStamp": 115781,
    "rotation": [
      [
        0.896131,
        0.442205071,
        -0.03747029
      ],
      [
        -0.441683859,
        0.8804782,
        -0.17226015
      ],
      [
        -0.04318254,
        0.170917675,
        0.984338641
      ]
    ],
    "translation": [
      2.18841147,
      0.9123015,
      -0.7952727
    ]
  },
  {
    "timeStamp": 115826,
    "rotation": [
      [
        0.8914418,
        0.451823115,
        -0.03445862
      ],
      [
        -0.4498701,
        0.873343349,
        -0.1867844
      ],
      [
        -0.0542993061,
        0.182009324,
        0.981796443
      ]
    ],
    "translation": [
      2.185068,
      0.908893943,
      -0.791345656
    ]
  },
  {
    "timeStamp": 115882,
    "rotation": [
      [
        0.8902588,
        0.4530163,
        -0.0470691249
      ],
      [
        -0.453693569,
        0.872987032,
        -0.179041013
      ],
      [
        -0.04001776,
        0.180747792,
        0.982715
      ]
    ],
    "translation": [
      2.17948866,
      0.906228,
      -0.786319256
    ]
  },
  {
    "timeStamp": 115926,
    "rotation": [
      [
        0.8954404,
        0.443337619,
        -0.04047602
      ],
      [
        -0.4424627,
        0.87625283,
        -0.190808237
      ],
      [
        -0.049125243,
        0.188766539,
        0.9807925
      ]
    ],
    "translation": [
      2.17775273,
      0.901376367,
      -0.7828947
    ]
  },
  {
    "timeStamp": 115982,
    "rotation": [
      [
        0.8879227,
        0.458492339,
        -0.03712168
      ],
      [
        -0.4558079,
        0.8661144,
        -0.205146253
      ],
      [
        -0.0619063638,
        0.199074373,
        0.9780271
      ]
    ],
    "translation": [
      2.17616177,
      0.8965602,
      -0.7789877
    ]
  },
  {
    "timeStamp": 116026,
    "rotation": [
      [
        0.8949178,
        0.444609076,
        -0.038012106
      ],
      [
        -0.441629022,
        0.8702666,
        -0.218173727
      ],
      [
        -0.06392135,
        0.2120348,
        0.9751694
      ]
    ],
    "translation": [
      2.17506671,
      0.893032,
      -0.776436865
    ]
  },
  {
    "timeStamp": 116082,
    "rotation": [
      [
        0.891972244,
        0.450360864,
        -0.0395059139
      ],
      [
        -0.447640926,
        0.867585361,
        -0.216594562
      ],
      [
        -0.06327096,
        0.2108808,
        0.97546196
      ]
    ],
    "translation": [
      2.173331,
      0.8926205,
      -0.7739809
    ]
  },
  {
    "timeStamp": 116126,
    "rotation": [
      [
        0.894926667,
        0.444607764,
        -0.03781847
      ],
      [
        -0.4411308,
        0.868794143,
        -0.224945441
      ],
      [
        -0.0671560243,
        0.217992559,
        0.973637164
      ]
    ],
    "translation": [
      2.17284918,
      0.891526341,
      -0.772842467
    ]
  },
  {
    "timeStamp": 116182,
    "rotation": [
      [
        0.888152,
        0.4582354,
        -0.03473092
      ],
      [
        -0.453791142,
        0.8625876,
        -0.223643
      ],
      [
        -0.0725226849,
        0.214389563,
        0.974052131
      ]
    ],
    "translation": [
      2.17155576,
      0.8917725,
      -0.771636963
    ]
  },
  {
    "timeStamp": 116226,
    "rotation": [
      [
        0.8879706,
        0.458539933,
        -0.0353462771
      ],
      [
        -0.45468238,
        0.863754869,
        -0.217236072
      ],
      [
        -0.0690809,
        0.208970577,
        0.975478947
      ]
    ],
    "translation": [
      2.17017651,
      0.8938598,
      -0.7709354
    ]
  },
  {
    "timeStamp": 116282,
    "rotation": [
      [
        0.8847774,
        0.46423623,
        -0.0406642221
      ],
      [
        -0.4627506,
        0.8649224,
        -0.194348037
      ],
      [
        -0.055052,
        0.190772161,
        0.9800894
      ]
    ],
    "translation": [
      2.1677177,
      0.899758756,
      -0.7711485
    ]
  },
  {
    "timeStamp": 116326,
    "rotation": [
      [
        0.8768194,
        0.47766754,
        -0.0549686626
      ],
      [
        -0.47935757,
        0.859511852,
        -0.17735754
      ],
      [
        -0.03747172,
        0.181860179,
        0.982610166
      ]
    ],
    "translation": [
      2.16490364,
      0.9052325,
      -0.772808731
    ]
  },
  {
    "timeStamp": 116382,
    "rotation": [
      [
        0.8812813,
        0.465860456,
        -0.07948086
      ],
      [
        -0.4722828,
        0.8620777,
        -0.1837686
      ],
      [
        -0.017091848,
        0.199489281,
        0.979750931
      ]
    ],
    "translation": [
      2.16101933,
      0.9068206,
      -0.7773015
    ]
  },
  {
    "timeStamp": 116426,
    "rotation": [
      [
        0.8844117,
        0.4550169,
        -0.103805616
      ],
      [
        -0.46664688,
        0.865733266,
        -0.1809603
      ],
      [
        0.007527976,
        0.208483964,
        0.9779968
      ]
    ],
    "translation": [
      2.15878582,
      0.9085213,
      -0.781914949
    ]
  },
  {
    "timeStamp": 116481,
    "rotation": [
      [
        0.8925619,
        0.438134849,
        -0.106635086
      ],
      [
        -0.45090884,
        0.8692053,
        -0.202887386
      ],
      [
        0.00379574951,
        0.22917226,
        0.9733785
      ]
    ],
    "translation": [
      2.16050315,
      0.908832431,
      -0.788435459
    ]
  },
  {
    "timeStamp": 116526,
    "rotation": [
      [
        0.88896656,
        0.439325452,
        -0.1293509
      ],
      [
        -0.457762271,
        0.860930741,
        -0.221927926
      ],
      [
        0.0138635738,
        0.256498456,
        0.966445267
      ]
    ],
    "translation": [
      2.161013,
      0.9089824,
      -0.79549855
    ]
  },
  {
    "timeStamp": 116582,
    "rotation": [
      [
        0.8866203,
        0.4348396,
        -0.157540679
      ],
      [
        -0.4618217,
        0.850795448,
        -0.250734776
      ],
      [
        0.0250054728,
        0.295062244,
        0.9551508
      ]
    ],
    "translation": [
      2.15899467,
      0.9081034,
      -0.806041956
    ]
  },
  {
    "timeStamp": 116626,
    "rotation": [
      [
        0.8949696,
        0.417504817,
        -0.157223314
      ],
      [
        -0.445456535,
        0.8556075,
        -0.2636365
      ],
      [
        0.0244519431,
        0.3059828,
        0.951723
      ]
    ],
    "translation": [
      2.15754676,
      0.905724347,
      -0.8121611
    ]
  },
  {
    "timeStamp": 116682,
    "rotation": [
      [
        0.8917321,
        0.417734861,
        -0.174102038
      ],
      [
        -0.451506823,
        0.8474591,
        -0.279203683
      ],
      [
        0.0309112389,
        0.327583134,
        0.944316566
      ]
    ],
    "translation": [
      2.15185547,
      0.901887953,
      -0.8200091
    ]
  },
  {
    "timeStamp": 116726,
    "rotation": [
      [
        0.8922211,
        0.4114015,
        -0.1862536
      ],
      [
        -0.449833035,
        0.84606266,
        -0.28605637
      ],
      [
        0.0398981981,
        0.33900854,
        0.9399369
      ]
    ],
    "translation": [
      2.14648747,
      0.8986137,
      -0.824446261
    ]
  },
  {
    "timeStamp": 116782,
    "rotation": [
      [
        0.8941879,
        0.408571035,
        -0.183023483
      ],
      [
        -0.446366221,
        0.845070541,
        -0.2943007
      ],
      [
        0.0344250165,
        0.344855636,
        0.9380242
      ]
    ],
    "translation": [
      2.14167452,
      0.8939719,
      -0.829031
    ]
  },
  {
    "timeStamp": 116826,
    "rotation": [
      [
        0.8997086,
        0.39250204,
        -0.190962166
      ],
      [
        -0.433479548,
        0.854757845,
        -0.285454869
      ],
      [
        0.05118479,
        0.3396044,
        0.9391746
      ]
    ],
    "translation": [
      2.13822174,
      0.891916454,
      -0.831987739
    ]
  },
  {
    "timeStamp": 116881,
    "rotation": [
      [
        0.9064782,
        0.386069775,
        -0.17101869
      ],
      [
        -0.420764953,
        0.85985,
        -0.289162517
      ],
      [
        0.0354134962,
        0.3340782,
        0.941879869
      ]
    ],
    "translation": [
      2.13753414,
      0.8885408,
      -0.834247768
    ]
  },
  {
    "timeStamp": 116926,
    "rotation": [
      [
        0.9075053,
        0.385958344,
        -0.16574192
      ],
      [
        -0.4191852,
        0.8573432,
        -0.298741549
      ],
      [
        0.0267959144,
        0.340586066,
        0.939831436
      ]
    ],
    "translation": [
      2.13734,
      0.8853291,
      -0.836577356
    ]
  },
  {
    "timeStamp": 116982,
    "rotation": [
      [
        0.9251532,
        0.34354046,
        -0.161467016
      ],
      [
        -0.377769947,
        0.8749097,
        -0.303022921
      ],
      [
        0.03716842,
        0.34134,
        0.939204752
      ]
    ],
    "translation": [
      2.13765931,
      0.8816239,
      -0.838989139
    ]
  },
  {
    "timeStamp": 117026,
    "rotation": [
      [
        0.92163527,
        0.3525658,
        -0.1621289
      ],
      [
        -0.386584222,
        0.8705329,
        -0.30450806
      ],
      [
        0.0337794,
        0.34332183,
        0.9386102
      ]
    ],
    "translation": [
      2.136899,
      0.8809608,
      -0.8399613
    ]
  },
  {
    "timeStamp": 117081,
    "rotation": [
      [
        0.9226444,
        0.346726924,
        -0.168842614
      ],
      [
        -0.384055763,
        0.86587745,
        -0.320558
      ],
      [
        0.0350509062,
        0.360606,
        0.932059467
      ]
    ],
    "translation": [
      2.136003,
      0.879226744,
      -0.841884
    ]
  }
]