[
  {
    "timeStamp": 1,
    "rotation": [
      [
        0.8523136,
        0.187468886,
        0.48827967
      ],
      [
        0.100725092,
        0.8572509,
        -0.5049508
      ],
      [
        -0.5132408,
        0.479558468,
        0.71176374
      ]
    ],
    "translation": [
      1.58664644,
      1.4978646,
      -1.23491347
    ]
  },
  {
    "timeStamp": 16,
    "rotation": [
      [
        0.856104255,
        0.184867591,
        0.482606918
      ],
      [
        0.0999193639,
        0.8570025,
        -0.505532265
      ],
      [
        -0.5070519,
        0.4810101,
        0.71521163
      ]
    ],
    "translation": [
      1.58586645,
      1.4978193,
      -1.23444688
    ]
  },
  {
    "timeStamp": 18,
    "rotation": [
      [
        0.8568045,
        0.185048029,
        0.48129335
      ],
      [
        0.09897627,
        0.8570111,
        -0.5057031
      ],
      [
        -0.50605315,
        0.4809253,
        0.7159756
      ]
    ],
    "translation": [
      1.58589947,
      1.49772823,
      -1.23425031
    ]
  },
  {
    "timeStamp": 64,
    "rotation": [
      [
        0.8458496,
        0.196814761,
        0.49578473
      ],
      [
        0.09235462,
        0.861371934,
        -0.499508768
      ],
      [
        -0.52536577,
        0.4682973,
        0.7104143
      ]
    ],
    "translation": [
      1.59078407,
      1.49804842,
      -1.2312901
    ]
  },
  {
    "timeStamp": 119,
    "rotation": [
      [
        0.8413532,
        0.20006375,
        0.502095
      ],
      [
        0.09283146,
        0.861674845,
        -0.498897552
      ],
      [
        -0.532453954,
        0.466359258,
        0.706400633
      ]
    ],
    "translation": [
      1.59209287,
      1.497708,
      -1.23088408
    ]
  },
  {
    "timeStamp": 164,
    "rotation": [
      [
        0.8370617,
        0.203350022,
        0.5079138
      ],
      [
        0.09346391,
        0.86156404,
        -0.498970777
      ],
      [
        -0.539066,
        0.465140939,
        0.702176452
      ]
    ],
    "translation": [
      1.5934782,
      1.49736655,
      -1.23071456
    ]
  },
  {
    "timeStamp": 219,
    "rotation": [
      [
        0.83383733,
        0.207260236,
        0.5116233
      ],
      [
        0.0928286538,
        0.8609892,
        -0.5000804
      ],
      [
        -0.544149,
        0.464479029,
        0.6986852
      ]
    ],
    "translation": [
      1.59466672,
      1.49707925,
      -1.23062921
    ]
  },
  {
    "timeStamp": 344,
    "rotation": [
      [
        0.8344495,
        0.2071089,
        0.5106857
      ],
      [
        0.09262388,
        0.8608002,
        -0.5004436
      ],
      [
        -0.54324466,
        0.4648966,
        0.6991111
      ]
    ],
    "translation": [
      1.59453714,
      1.49711263,
      -1.230576
    ]
  },
  {
    "timeStamp": 346,
    "rotation": [
      [
        0.8342852,
        0.207633719,
        0.510741
      ],
      [
        0.09238234,
        0.8606303,
        -0.5007804
      ],
      [
        -0.5435381,
        0.464977145,
        0.6988294
      ]
    ],
    "translation": [
      1.59466946,
      1.49705565,
      -1.2305274
    ]
  },
  {
    "timeStamp": 387,
    "rotation": [
      [
        0.868916452,
        0.18908526,
        0.4574177
      ],
      [
        0.08875087,
        0.8496541,
        -0.5198184
      ],
      [
        -0.4869368,
        0.492275,
        0.72149694
      ]
    ],
    "translation": [
      1.58854473,
      1.49374986,
      -1.225313
    ]
  },
  {
    "timeStamp": 441,
    "rotation": [
      [
        0.9007358,
        0.162507057,
        0.402823
      ],
      [
        0.0925506,
        0.8342817,
        -0.5435149
      ],
      [
        -0.424392849,
        0.526844859,
        0.7364273
      ]
    ],
    "translation": [
      1.58177423,
      1.48980665,
      -1.22172523
    ]
  },
  {
    "timeStamp": 485,
    "rotation": [
      [
        0.9266918,
        0.140682131,
        0.3484981
      ],
      [
        0.08561469,
        0.8238894,
        -0.560246766
      ],
      [
        -0.3659406,
        0.549012661,
        0.751447
      ]
    ],
    "translation": [
      1.57513,
      1.48692191,
      -1.21840215
    ]
  },
  {
    "timeStamp": 541,
    "rotation": [
      [
        0.9509663,
        0.125281438,
        0.282785624
      ],
      [
        0.0613845326,
        0.819656849,
        -0.569556534
      ],
      [
        -0.303142041,
        0.558987737,
        0.771775663
      ]
    ],
    "translation": [
      1.56643033,
      1.48508835,
      -1.21456623
    ]
  },
  {
    "timeStamp": 585,
    "rotation": [
      [
        0.9659822,
        0.108943723,
        0.234541148
      ],
      [
        0.0474072322,
        0.816967964,
        -0.574731052
      ],
      [
        -0.254225969,
        0.5662989,
        0.784011841
      ]
    ],
    "translation": [
      1.56003118,
      1.48398662,
      -1.21274376
    ]
  },
  {
    "timeStamp": 641,
    "rotation": [
      [
        0.97873944,
        0.0917503759,
        0.18344222
      ],
      [
        0.0326571055,
        0.8132519,
        -0.5809947
      ],
      [
        -0.202491224,
        0.5746331,
        0.792965353
      ]
    ],
    "translation": [
      1.55340946,
      1.4829284,
      -1.21147263
    ]
  },
  {
    "timeStamp": 686,
    "rotation": [
      [
        0.984345138,
        0.085074164,
        0.154359788
      ],
      [
        0.0214723982,
        0.811385334,
        -0.584117055
      ],
      [
        -0.174938545,
        0.5782873,
        0.7968565
      ]
    ],
    "translation": [
      1.54943585,
      1.482385,
      -1.21068072
    ]
  },
  {
    "timeStamp": 741,
    "rotation": [
      [
        0.9884358,
        0.07501941,
        0.131783217
      ],
      [
        0.0165393911,
        0.8105325,
        -0.58546
      ],
      [
        -0.150735453,
        0.580869257,
        0.7999186
      ]
    ],
    "translation": [
      1.545877,
      1.4821738,
      -1.21032608
    ]
  },
  {
    "timeStamp": 786,
    "rotation": [
      [
        0.9905554,
        0.0648098,
        0.12082959
      ],
      [
        0.0186692216,
        0.8092803,
        -0.587125957
      ],
      [
        -0.135836527,
        0.583836555,
        0.80042696
      ]
    ],
    "translation": [
      1.54319215,
      1.48154891,
      -1.21025324
    ]
  },
  {
    "timeStamp": 841,
    "rotation": [
      [
        0.9922107,
        0.04970658,
        0.114223965
      ],
      [
        0.0277890172,
        0.805514455,
        -0.5919242
      ],
      [
        -0.121431574,
        0.5904877,
        0.7978588
      ]
    ],
    "translation": [
      1.54041147,
      1.48049283,
      -1.2097435
    ]
  },
  {
    "timeStamp": 888,
    "rotation": [
      [
        0.993223,
        0.03944643,
        0.10932558
      ],
      [
        0.03367279,
        0.802634,
        -0.5955206
      ],
      [
        -0.11123959,
        0.5951661,
        0.795866251
      ]
    ],
    "translation": [
      1.53851759,
      1.47948873,
      -1.20903563
    ]
  },
  {
    "timeStamp": 945,
    "rotation": [
      [
        0.993950367,
        0.0314791128,
        0.105222829
      ],
      [
        0.0381095037,
        0.7996743,
        -0.5992235
      ],
      [
        -0.103007011,
        0.599608362,
        0.793636858
      ]
    ],
    "translation": [
      1.53690624,
      1.4786396,
      -1.20822036
    ]
  },
  {
    "timeStamp": 990,
    "rotation": [
      [
        0.9945359,
        0.0264609139,
        0.100985885
      ],
      [
        0.0400198773,
        0.7968049,
        -0.6029099
      ],
      [
        -0.09641959,
        0.603657,
        0.791392148
      ]
    ],
    "translation": [
      1.53527427,
      1.47773612,
      -1.20710206
    ]
  },
  {
    "timeStamp": 1035,
    "rotation": [
      [
        0.99477756,
        0.0238763615,
        0.09923417
      ],
      [
        0.0414031334,
        0.794269,
        -0.6061538
      ],
      [
        -0.09329138,
        0.6070968,
        0.789132535
      ]
    ],
    "translation": [
      1.53433764,
      1.477038,
      -1.20622253
    ]
  },
  {
    "timeStamp": 1090,
    "rotation": [
      [
        0.994748235,
        0.0225611217,
        0.0998343751
      ],
      [
        0.0434160233,
        0.7902914,
        -0.611191034
      ],
      [
        -0.0926874056,
        0.612315655,
        0.7851615
      ]
    ],
    "translation": [
      1.53354931,
      1.47603142,
      -1.20526147
    ]
  },
  {
    "timeStamp": 1135,
    "rotation": [
      [
        0.9945153,
        0.02229062,
        0.102188684
      ],
      [
        0.0455360338,
        0.787291765,
        -0.614896834
      ],
      [
        -0.09415875,
        0.616177559,
        0.78195864
      ]
    ],
    "translation": [
      1.53329635,
      1.47527254,
      -1.20486116
    ]
  },
  {
    "timeStamp": 1190,
    "rotation": [
      [
        0.9940379,
        0.02269836,
        0.1066463
      ],
      [
        0.04841959,
        0.7844669,
        -0.6182776
      ],
      [
        -0.09769438,
        0.619755149,
        0.7786908
      ]
    ],
    "translation": [
      1.53326452,
      1.474455,
      -1.20430434
    ]
  },
  {
    "timeStamp": 1235,
    "rotation": [
      [
        0.993671834,
        0.02242515,
        0.1100608
      ],
      [
        0.0510883555,
        0.782410741,
        -0.620663643
      ],
      [
        -0.100031234,
        0.6223588,
        0.7763139
      ]
    ],
    "translation": [
      1.53337133,
      1.47389758,
      -1.20406115
    ]
  },
  {
    "timeStamp": 1290,
    "rotation": [
      [
        0.993443,
        0.022070989,
        0.112177789
      ],
      [
        0.0530957729,
        0.7798917,
        -0.6236583
      ],
      [
        -0.101251289,
        0.6255251,
        0.7736061
      ]
    ],
    "translation": [
      1.53328025,
      1.47336638,
      -1.20396054
    ]
  },
  {
    "timeStamp": 1335,
    "rotation": [
      [
        0.993607759,
        0.0223206561,
        0.11065907
      ],
      [
        0.0520716272,
        0.779122531,
        -0.624705255
      ],
      [
        -0.1001608,
        0.6264742,
        0.7729799
      ]
    ],
    "translation": [
      1.53311265,
      1.47302127,
      -1.20402718
    ]
  },
  {
    "timeStamp": 1390,
    "rotation": [
      [
        0.994474947,
        0.0211609062,
        0.10281913
      ],
      [
        0.047921665,
        0.7799382,
        -0.6240191
      ],
      [
        -0.09339739,
        0.6254986,
        0.774615
      ]
    ],
    "translation": [
      1.53217888,
      1.47324538,
      -1.204365
    ]
  },
  {
    "timeStamp": 1435,
    "rotation": [
      [
        0.9952921,
        0.0173918679,
        0.09534756
      ],
      [
        0.046044562,
        0.7808146,
        -0.6230638
      ],
      [
        -0.08528501,
        0.6245207,
        0.7763378
      ]
    ],
    "translation": [
      1.53096545,
      1.4734906,
      -1.20461071
    ]
  },
  {
    "timeStamp": 1491,
    "rotation": [
      [
        0.996365666,
        0.0111650778,
        0.0844446346
      ],
      [
        0.0441175476,
        0.7803963,
        -0.623726964
      ],
      [
        -0.0728642344,
        0.6251856,
        0.7770675
      ]
    ],
    "translation": [
      1.52937508,
      1.47330606,
      -1.204768
    ]
  },
  {
    "timeStamp": 1534,
    "rotation": [
      [
        0.9969937,
        0.008120189,
        0.0770555
      ],
      [
        0.0418466628,
        0.7805476,
        -0.623694062
      ],
      [
        -0.06521,
        0.6250436,
        0.777861238
      ]
    ],
    "translation": [
      1.52826548,
      1.47304833,
      -1.204627
    ]
  },
  {
    "timeStamp": 1589,
    "rotation": [
      [
        0.9975545,
        0.007711145,
        0.06946607
      ],
      [
        0.03757228,
        0.778906941,
        -0.626013
      ],
      [
        -0.0589348823,
        0.627092063,
        0.7767124
      ]
    ],
    "translation": [
      1.52764034,
      1.47242224,
      -1.20462179
    ]
  },
  {
    "timeStamp": 1634,
    "rotation": [
      [
        0.997398,
        0.009475144,
        0.07146635
      ],
      [
        0.037627358,
        0.777163744,
        -0.628172457
      ],
      [
        -0.0614930838,
        0.629227042,
        0.7747851
      ]
    ],
    "translation": [
      1.52820754,
      1.47193849,
      -1.20463276
    ]
  },
  {
    "timeStamp": 1689,
    "rotation": [
      [
        0.9961814,
        0.01412357,
        0.08615738
      ],
      [
        0.0433445573,
        0.77662164,
        -0.6284744
      ],
      [
        -0.07578799,
        0.629809,
        0.7730439
      ]
    ],
    "translation": [
      1.53030324,
      1.47175968,
      -1.20447075
    ]
  },
  {
    "timeStamp": 1734,
    "rotation": [
      [
        0.993983567,
        0.0199682824,
        0.107693739
      ],
      [
        0.0523516051,
        0.7770419,
        -0.627267957
      ],
      [
        -0.09620802,
        0.629132,
        0.771321535
      ]
    ],
    "translation": [
      1.53336883,
      1.47201025,
      -1.20418763
    ]
  },
  {
    "timeStamp": 1789,
    "rotation": [
      [
        0.989445746,
        0.0307339057,
        0.141607434
      ],
      [
        0.06560059,
        0.7763608,
        -0.626865566
      ],
      [
        -0.1292045,
        0.629539,
        0.7661507
      ]
    ],
    "translation": [
      1.53823733,
      1.47190726,
      -1.20381212
    ]
  },
  {
    "timeStamp": 1834,
    "rotation": [
      [
        0.9848336,
        0.040947482,
        0.168600544
      ],
      [
        0.0750313,
        0.7756725,
        -0.6266598
      ],
      [
        -0.156438947,
        0.6298059,
        0.760835946
      ]
    ],
    "translation": [
      1.542288,
      1.4714061,
      -1.20315027
    ]
  },
  {
    "timeStamp": 1889,
    "rotation": [
      [
        0.97895205,
        0.0523365848,
        0.1972657
      ],
      [
        0.0853590444,
        0.772966,
        -0.628679037
      ],
      [
        -0.1853826,
        0.632285058,
        0.7522293
      ]
    ],
    "translation": [
      1.54687369,
      1.47094548,
      -1.20259285
    ]
  },
  {
    "timeStamp": 1935,
    "rotation": [
      [
        0.9757748,
        0.05873492,
        0.210745737
      ],
      [
        0.08948061,
        0.771888,
        -0.629430056
      ],
      [
        -0.199641615,
        0.633039653,
        0.7479332
      ]
    ],
    "translation": [
      1.54957414,
      1.47070014,
      -1.20166039
    ]
  },
  {
    "timeStamp": 1988,
    "rotation": [
      [
        0.97405833,
        0.06463869,
        0.216869056
      ],
      [
        0.08875745,
        0.772424161,
        -0.6288745
      ],
      [
        -0.2081645,
        0.6318092,
        0.746649
      ]
    ],
    "translation": [
      1.55243492,
      1.470785,
      -1.19961524
    ]
  },
  {
    "timeStamp": 2044,
    "rotation": [
      [
        0.973604262,
        0.07013959,
        0.217198551
      ],
      [
        0.08474779,
        0.7724906,
        -0.6293457
      ],
      [
        -0.2119259,
        0.631140769,
        0.746156
      ]
    ],
    "translation": [
      1.55438268,
      1.470596,
      -1.19815385
    ]
  },
  {
    "timeStamp": 2088,
    "rotation": [
      [
        0.972711742,
        0.07582103,
        0.219278544
      ],
      [
        0.08160548,
        0.7729063,
        -0.629250646
      ],
      [
        -0.2171922,
        0.6299738,
        0.745627642
      ]
    ],
    "translation": [
      1.55711579,
      1.47094738,
      -1.19645691
    ]
  },
  {
    "timeStamp": 2134,
    "rotation": [
      [
        0.972063363,
        0.07702329,
        0.221720949
      ],
      [
        0.08177351,
        0.7743131,
        -0.6274968
      ],
      [
        -0.22001332,
        0.628097534,
        0.746382952
      ]
    ],
    "translation": [
      1.55967975,
      1.47154641,
      -1.1952951
    ]
  },
  {
    "timeStamp": 2188,
    "rotation": [
      [
        0.9720568,
        0.07374861,
        0.222860247
      ],
      [
        0.08465334,
        0.7753623,
        -0.6258171
      ],
      [
        -0.218950585,
        0.627195656,
        0.747453153
      ]
    ],
    "translation": [
      1.56361759,
      1.47228992,
      -1.19403934
    ]
  },
  {
    "timeStamp": 2244,
    "rotation": [
      [
        0.9735613,
        0.06582546,
        0.218735784
      ],
      [
        0.08730879,
        0.7776396,
        -0.6226185
      ],
      [
        -0.211081758,
        0.6252548,
        0.7513327
      ]
    ],
    "translation": [
      1.5671562,
      1.47315347,
      -1.19332433
    ]
  },
  {
    "timeStamp": 2288,
    "rotation": [
      [
        0.9767234,
        0.0556889437,
        0.207147717
      ],
      [
        0.08648003,
        0.7815158,
        -0.6178627
      ],
      [
        -0.196297333,
        0.6213951,
        0.758508742
      ]
    ],
    "translation": [
      1.571949,
      1.47469747,
      -1.1928978
    ]
  },
  {
    "timeStamp": 2344,
    "rotation": [
      [
        0.9804652,
        0.04551225,
        0.191354632
      ],
      [
        0.08320717,
        0.785552144,
        -0.6131756
      ],
      [
        -0.178226054,
        0.6171194,
        0.766419649
      ]
    ],
    "translation": [
      1.57645535,
      1.47626936,
      -1.19310784
    ]
  },
  {
    "timeStamp": 2389,
    "rotation": [
      [
        0.9854368,
        0.0316714644,
        0.167066544
      ],
      [
        0.0771347,
        0.7923402,
        -0.605183661
      ],
      [
        -0.151540592,
        0.609256864,
        0.7783582
      ]
    ],
    "translation": [
      1.58271933,
      1.47870362,
      -1.193361
    ]
  },
  {
    "timeStamp": 2435,
    "rotation": [
      [
        0.9895938,
        0.0147766033,
        0.143128142
      ],
      [
        0.0742482543,
        0.799613059,
        -0.5959078
      ],
      [
        -0.12325263,
        0.6003337,
        0.790195048
      ]
    ],
    "translation": [
      1.58779645,
      1.48044646,
      -1.19506073
    ]
  },
  {
    "timeStamp": 2490,
    "rotation": [
      [
        0.994094133,
        -0.0124689545,
        0.107801922
      ],
      [
        0.07371063,
        0.8066459,
        -0.586420655
      ],
      [
        -0.07964592,
        0.590903461,
        0.8028011
      ]
    ],
    "translation": [
      1.59612715,
      1.48268545,
      -1.19574189
    ]
  },
  {
    "timeStamp": 2534,
    "rotation": [
      [
        0.9964611,
        -0.0313450843,
        0.07799286
      ],
      [
        0.0710971653,
        0.80927217,
        -0.5831156
      ],
      [
        -0.0448396429,
        0.586597,
        0.8086367
      ]
    ],
    "translation": [
      1.60425448,
      1.48512447,
      -1.19551027
    ]
  },
  {
    "timeStamp": 2590,
    "rotation": [
      [
        0.997915447,
        -0.05028507,
        0.0404500552
      ],
      [
        0.06443795,
        0.8107934,
        -0.5817747
      ],
      [
        -0.00354205654,
        0.5831685,
        0.8123435
      ]
    ],
    "translation": [
      1.61592448,
      1.488084,
      -1.19549251
    ]
  },
  {
    "timeStamp": 2634,
    "rotation": [
      [
        0.9979066,
        -0.0636688843,
        0.0113441544
      ],
      [
        0.0584159419,
        0.8121395,
        -0.580531657
      ],
      [
        0.0277487654,
        0.579979062,
        0.8141586
      ]
    ],
    "translation": [
      1.625721,
      1.49008024,
      -1.1947906
    ]
  },
  {
    "timeStamp": 2690,
    "rotation": [
      [
        0.99635005,
        -0.07946698,
        -0.0311695151
      ],
      [
        0.04693389,
        0.814993262,
        -0.5775667
      ],
      [
        0.0713004246,
        0.5739957,
        0.8157483
      ]
    ],
    "translation": [
      1.63760412,
      1.49223447,
      -1.19365215
    ]
  },
  {
    "timeStamp": 2734,
    "rotation": [
      [
        0.9935698,
        -0.09298149,
        -0.0646029338
      ],
      [
        0.038584426,
        0.814501047,
        -0.5788776
      ],
      [
        0.106444061,
        0.572662652,
        0.81285125
      ]
    ],
    "translation": [
      1.64605927,
      1.49268138,
      -1.19264543
    ]
  },
  {
    "timeStamp": 2790,
    "rotation": [
      [
        0.9878525,
        -0.111160748,
        -0.108584993
      ],
      [
        0.0272463616,
        0.811848342,
        -0.583232343
      ],
      [
        0.1529871,
        0.573189,
        0.805015147
      ]
    ],
    "translation": [
      1.65583348,
      1.49247324,
      -1.19163668
    ]
  },
  {
    "timeStamp": 2835,
    "rotation": [
      [
        0.982110441,
        -0.126621485,
        -0.1393773
      ],
      [
        0.021572696,
        0.810948253,
        -0.5847201
      ],
      [
        0.1870659,
        0.571252942,
        0.799172342
      ]
    ],
    "translation": [
      1.66314888,
      1.49194407,
      -1.190247
    ]
  },
  {
    "timeStamp": 2889,
    "rotation": [
      [
        0.9737977,
        -0.150785387,
        -0.170240581
      ],
      [
        0.0222632084,
        0.8081987,
        -0.588488936
      ],
      [
        0.226323739,
        0.5692791,
        0.790379
      ]
    ],
    "translation": [
      1.67256129,
      1.49090278,
      -1.18830585
    ]
  },
  {
    "timeStamp": 2934,
    "rotation": [
      [
        0.967972159,
        -0.165537417,
        -0.188751787
      ],
      [
        0.0223746952,
        0.8057165,
        -0.5918786
      ],
      [
        0.2500585,
        0.568698764,
        0.783615
      ]
    ],
    "translation": [
      1.68043566,
      1.4896003,
      -1.18611717
    ]
  },
  {
    "timeStamp": 2990,
    "rotation": [
      [
        0.9612138,
        -0.18308717,
        -0.206269324
      ],
      [
        0.0243691262,
        0.801337063,
        -0.59771657
      ],
      [
        0.2747255,
        0.5695068,
        0.7747179
      ]
    ],
    "translation": [
      1.69124317,
      1.48771846,
      -1.18278062
    ]
  },
  {
    "timeStamp": 3034,
    "rotation": [
      [
        0.9567144,
        -0.1921061,
        -0.2186157
      ],
      [
        0.0231502429,
        0.799038,
        -0.6008347
      ],
      [
        0.290106267,
        0.5697662,
        0.7688984
      ]
    ],
    "translation": [
      1.6995213,
      1.48639452,
      -1.17994
    ]
  },
  {
    "timeStamp": 3090,
    "rotation": [
      [
        0.9513771,
        -0.200934872,
        -0.233466908
      ],
      [
        0.01954212,
        0.7957851,
        -0.6052637
      ],
      [
        0.307408065,
        0.5712716,
        0.7610184
      ]
    ],
    "translation": [
      1.70973873,
      1.48497236,
      -1.17608309
    ]
  },
  {
    "timeStamp": 3134,
    "rotation": [
      [
        0.947337449,
        -0.205937564,
        -0.245237529
      ],
      [
        0.0144967278,
        0.79259336,
        -0.609578252
      ],
      [
        0.319908679,
        0.573921144,
        0.753838837
      ]
    ],
    "translation": [
      1.71759284,
      1.48400438,
      -1.17287159
    ]
  },
  {
    "timeStamp": 3189,
    "rotation": [
      [
        0.9426358,
        -0.212027892,
        -0.257840872
      ],
      [
        0.009176247,
        0.788554,
        -0.6148971
      ],
      [
        0.333696753,
        0.577258,
        0.7452649
      ]
    ],
    "translation": [
      1.72712231,
      1.48268974,
      -1.16881633
    ]
  },
  {
    "timeStamp": 3234,
    "rotation": [
      [
        0.93897295,
        -0.215047419,
        -0.268485337
      ],
      [
        0.00332615431,
        0.7861406,
        -0.6180387
      ],
      [
        0.343974859,
        0.5794286,
        0.738880038
      ]
    ],
    "translation": [
      1.7340641,
      1.48207247,
      -1.16586351
    ]
  },
  {
    "timeStamp": 3289,
    "rotation": [
      [
        0.9349489,
        -0.216121346,
        -0.281357318
      ],
      [
        -0.00561084459,
        0.7839361,
        -0.6208162
      ],
      [
        0.3547378,
        0.5820101,
        0.7317276
      ]
    ],
    "translation": [
      1.74196458,
      1.48143518,
      -1.16257143
    ]
  },
  {
    "timeStamp": 3334,
    "rotation": [
      [
        0.9328974,
        -0.215467975,
        -0.288576
      ],
      [
        -0.0119154248,
        0.7823782,
        -0.622689664
      ],
      [
        0.359945267,
        0.584344,
        0.727311134
      ]
    ],
    "translation": [
      1.74723148,
      1.48095381,
      -1.159935
    ]
  },
  {
    "timeStamp": 3389,
    "rotation": [
      [
        0.9299791,
        -0.218035191,
        -0.295972168
      ],
      [
        -0.01712469,
        0.7785516,
        -0.627346933
      ],
      [
        0.367213339,
        0.5884879,
        0.7203029
      ]
    ],
    "translation": [
      1.75286961,
      1.479388,
      -1.15745664
    ]
  },
  {
    "timeStamp": 3434,
    "rotation": [
      [
        0.928287745,
        -0.2221273,
        -0.2982303
      ],
      [
        -0.0196329411,
        0.7715963,
        -0.6358094
      ],
      [
        0.37134406,
        0.5960693,
        0.7119024
      ]
    ],
    "translation": [
      1.75634313,
      1.477368,
      -1.15625787
    ]
  },
  {
    "timeStamp": 3489,
    "rotation": [
      [
        0.9248903,
        -0.23078315,
        -0.3021871
      ],
      [
        -0.02288054,
        0.759519637,
        -0.6500818
      ],
      [
        0.379544973,
        0.608168542,
        0.6971919
      ]
    ],
    "translation": [
      1.75964165,
      1.4747653,
      -1.155759
    ]
  },
  {
    "timeStamp": 3534,
    "rotation": [
      [
        0.9242242,
        -0.236124352,
        -0.3000915
      ],
      [
        -0.0232039485,
        0.749706447,
        -0.6613636
      ],
      [
        0.381144583,
        0.618211567,
        0.687417865
      ]
    ],
    "translation": [
      1.7620573,
      1.47315037,
      -1.1554749
    ]
  },
  {
    "timeStamp": 3589,
    "rotation": [
      [
        0.924588263,
        -0.238950819,
        -0.2967137
      ],
      [
        -0.0206246786,
        0.746304154,
        -0.665285468
      ],
      [
        0.380409181,
        0.6212348,
        0.6850957
      ]
    ],
    "translation": [
      1.76482487,
      1.47251093,
      -1.15408576
    ]
  },
  {
    "timeStamp": 3634,
    "rotation": [
      [
        0.9264627,
        -0.239524826,
        -0.290335417
      ],
      [
        -0.0173760355,
        0.743335,
        -0.6686936
      ],
      [
        0.3759852,
        0.6245646,
        0.6845102
      ]
    ],
    "translation": [
      1.76701069,
      1.4718523,
      -1.15301168
    ]
  },
  {
    "timeStamp": 3689,
    "rotation": [
      [
        0.9285307,
        -0.2389064,
        -0.284173429
      ],
      [
        -0.0139871985,
        0.7423834,
        -0.6698293
      ],
      [
        0.370992124,
        0.625931859,
        0.685984135
      ]
    ],
    "translation": [
      1.76900125,
      1.47101486,
      -1.15154
    ]
  },
  {
    "timeStamp": 3734,
    "rotation": [
      [
        0.92979753,
        -0.23650755,
        -0.282029629
      ],
      [
        -0.0142509947,
        0.742529631,
        -0.6696616
      ],
      [
        0.367795378,
        0.6266689,
        0.687031746
      ]
    ],
    "translation": [
      1.76992917,
      1.47072279,
      -1.15034342
    ]
  },
  {
    "timeStamp": 3789,
    "rotation": [
      [
        0.931004047,
        -0.234923273,
        -0.279361159
      ],
      [
        -0.0144163966,
        0.7410908,
        -0.671250045
      ],
      [
        0.364724249,
        0.6289639,
        0.6865717
      ]
    ],
    "translation": [
      1.77037942,
      1.46985269,
      -1.14888144
    ]
  },
  {
    "timeStamp": 3834,
    "rotation": [
      [
        0.932582855,
        -0.232637659,
        -0.275987238
      ],
      [
        -0.01466818,
        0.739544153,
        -0.6729482
      ],
      [
        0.360657841,
        0.631628156,
        0.6862738
      ]
    ],
    "translation": [
      1.76986337,
      1.469129,
      -1.14707589
    ]
  },
  {
    "timeStamp": 3889,
    "rotation": [
      [
        0.93700695,
        -0.227299914,
        -0.265240759
      ],
      [
        -0.0125102326,
        0.7370026,
        -0.675774038
      ],
      [
        0.349086523,
        0.6365232,
        0.687733054
      ]
    ],
    "translation": [
      1.768594,
      1.46899188,
      -1.14405417
    ]
  },
  {
    "timeStamp": 3934,
    "rotation": [
      [
        0.9409782,
        -0.227854356,
        -0.2502846
      ],
      [
        -0.003206539,
        0.7334307,
        -0.6797567
      ],
      [
        0.338451952,
        0.6404388,
        0.68941164
      ]
    ],
    "translation": [
      1.766608,
      1.46926415,
      -1.14072514
    ]
  },
  {
    "timeStamp": 3989,
    "rotation": [
      [
        0.9452363,
        -0.230292276,
        -0.231287122
      ],
      [
        0.0100253886,
        0.728780746,
        -0.6846737
      ],
      [
        0.326232672,
        0.644859731,
        0.6911788
      ]
    ],
    "translation": [
      1.7632035,
      1.46960962,
      -1.13525081
    ]
  },
  {
    "timeStamp": 4034,
    "rotation": [
      [
        0.9490742,
        -0.228599191,
        -0.216796085
      ],
      [
        0.017734142,
        0.7257988,
        -0.687678456
      ],
      [
        0.314553082,
        0.6488132,
        0.692890942
      ]
    ],
    "translation": [
      1.75944686,
      1.46989655,
      -1.13001859
    ]
  },
  {
    "timeStamp": 4089,
    "rotation": [
      [
        0.9542721,
        -0.222221628,
        -0.199955568
      ],
      [
        0.0237718355,
        0.7231753,
        -0.6902553
      ],
      [
        0.2979926,
        0.653938055,
        0.6953886
      ]
    ],
    "translation": [
      1.75372422,
      1.4697715,
      -1.12277544
    ]
  },
  {
    "timeStamp": 4134,
    "rotation": [
      [
        0.958388746,
        -0.216269627,
        -0.186328828
      ],
      [
        0.0274719372,
        0.719562232,
        -0.6938844
      ],
      [
        0.2841413,
        0.659892142,
        0.6955617
      ]
    ],
    "translation": [
      1.74803913,
      1.46916,
      -1.11702192
    ]
  },
  {
    "timeStamp": 4189,
    "rotation": [
      [
        0.9635632,
        -0.207319662,
        -0.169010431
      ],
      [
        0.03192888,
        0.7164918,
        -0.6968644
      ],
      [
        0.2655683,
        0.6660766,
        0.6970047
      ]
    ],
    "translation": [
      1.74017906,
      1.46806276,
      -1.11025274
    ]
  },
  {
    "timeStamp": 4234,
    "rotation": [
      [
        0.9680173,
        -0.197847635,
        -0.154268831
      ],
      [
        0.03514809,
        0.7157855,
        -0.697435141
      ],
      [
        0.248409286,
        0.669707,
        0.6998467
      ]
    ],
    "translation": [
      1.73286033,
      1.46642411,
      -1.10480928
    ]
  },
  {
    "timeStamp": 4289,
    "rotation": [
      [
        0.97392416,
        -0.182656661,
        -0.134566754
      ],
      [
        0.0381645933,
        0.7165852,
        -0.696454644
      ],
      [
        0.223640636,
        0.673158348,
        0.7048707
      ]
    ],
    "translation": [
      1.72237015,
      1.46473575,
      -1.09851336
    ]
  },
  {
    "timeStamp": 4344,
    "rotation": [
      [
        0.9786007,
        -0.1695808,
        -0.116546705
      ],
      [
        0.04121232,
        0.716448963,
        -0.696421146
      ],
      [
        0.201599434,
        0.676715,
        0.7081062
      ]
    ],
    "translation": [
      1.7132957,
      1.4644872,
      -1.09362388
    ]
  },
  {
    "timeStamp": 4389,
    "rotation": [
      [
        0.983433545,
        -0.155914769,
        -0.092460826
      ],
      [
        0.0481365025,
        0.7163879,
        -0.6960397
      ],
      [
        0.174760684,
        0.680058062,
        0.7120251
      ]
    ],
    "translation": [
      1.702044,
      1.46404564,
      -1.08718252
    ]
  },
  {
    "timeStamp": 4444,
    "rotation": [
      [
        0.9860408,
        -0.149823889,
        -0.07263879
      ],
      [
        0.0574869625,
        0.715766251,
        -0.69596976
      ],
      [
        0.156265289,
        0.6820788,
        0.714387655
      ]
    ],
    "translation": [
      1.69320166,
      1.46364319,
      -1.0819931
    ]
  },
  {
    "timeStamp": 4493,
    "rotation": [
      [
        0.9889828,
        -0.139923483,
        -0.048315715
      ],
      [
        0.06744501,
        0.7164647,
        -0.6943554
      ],
      [
        0.131773129,
        0.683446944,
        0.718008459
      ]
    ],
    "translation": [
      1.68251967,
      1.46288264,
      -1.07456589
    ]
  },
  {
    "timeStamp": 4542,
    "rotation": [
      [
        0.99087584,
        -0.132350311,
        -0.02546353
      ],
      [
        0.07777748,
        0.7158136,
        -0.693946362
      ],
      [
        0.11007116,
        0.6856342,
        0.71957624
      ]
    ],
    "translation": [
      1.67266726,
      1.46222627,
      -1.06679213
    ]
  },
  {
    "timeStamp": 4587,
    "rotation": [
      [
        0.9915239,
        -0.12949279,
        -0.0105806347
      ],
      [
        0.08588117,
        0.714337945,
        -0.6945111
      ],
      [
        0.09749233,
        0.6877157,
        0.719404161
      ]
    ],
    "translation": [
      1.66563582,
      1.46195877,
      -1.060511
    ]
  },
  {
    "timeStamp": 4642,
    "rotation": [
      [
        0.992531,
        -0.121916793,
        0.004306881
      ],
      [
        0.09063711,
        0.7133317,
        -0.694940865
      ],
      [
        0.08165273,
        0.6901407,
        0.719054
      ]
    ],
    "translation": [
      1.6580807,
      1.4617368,
      -1.0512321
    ]
  },
  {
    "timeStamp": 4687,
    "rotation": [
      [
        0.992611766,
        -0.120476104,
        0.014397826
      ],
      [
        0.0964022651,
        0.711025238,
        -0.6965268
      ],
      [
        0.0736776143,
        0.6927687,
        0.717386246
      ]
    ],
    "translation": [
      1.65295148,
      1.46154463,
      -1.042779
    ]
  },
  {
    "timeStamp": 4742,
    "rotation": [
      [
        0.9918912,
        -0.124550827,
        0.02527756
      ],
      [
        0.106142543,
        0.702464461,
        -0.703759551
      ],
      [
        0.06989725,
        0.7007359,
        0.7099884
      ]
    ],
    "translation": [
      1.6482656,
      1.46128976,
      -1.03170276
    ]
  },
  {
    "timeStamp": 4787,
    "rotation": [
      [
        0.9914194,
        -0.127175331,
        0.0302343331
      ],
      [
        0.11092604,
        0.696115851,
        -0.7093082
      ],
      [
        0.0691599,
        0.706575632,
        0.70424974
      ]
    ],
    "translation": [
      1.64570451,
      1.46093845,
      -1.02179027
    ]
  },
  {
    "timeStamp": 4842,
    "rotation": [
      [
        0.990639865,
        -0.132969692,
        0.0308506
      ],
      [
        0.114880212,
        0.6900865,
        -0.7145511
      ],
      [
        0.07372406,
        0.711406946,
        0.6989027
      ]
    ],
    "translation": [
      1.64441681,
      1.459468,
      -1.00762
    ]
  },
  {
    "timeStamp": 4887,
    "rotation": [
      [
        0.9896696,
        -0.1406025,
        0.0280183386
      ],
      [
        0.117627338,
        0.6846027,
        -0.7193629
      ],
      [
        0.0819627941,
        0.715227365,
        0.694069147
      ]
    ],
    "translation": [
      1.64478588,
      1.45749831,
      -0.995276451
    ]
  },
  {
    "timeStamp": 4943,
    "rotation": [
      [
        0.9881538,
        -0.151609331,
        0.0238069333
      ],
      [
        0.1213236,
        0.676730037,
        -0.72616595
      ],
      [
        0.09398267,
        0.720452,
        0.687107146
      ]
    ],
    "translation": [
      1.64579344,
      1.454394,
      -0.9837814
    ]
  },
  {
    "timeStamp": 4988,
    "rotation": [
      [
        0.985263646,
        -0.1706753,
        0.0112026921
      ],
      [
        0.12363261,
        0.6653763,
        -0.73619926
      ],
      [
        0.118197024,
        0.7267354,
        0.6766721
      ]
    ],
    "translation": [
      1.6495682,
      1.45054889,
      -0.96759063
    ]
  },
  {
    "timeStamp": 5045,
    "rotation": [
      [
        0.982008636,
        -0.18878229,
        -0.004505922
      ],
      [
        0.122410409,
        0.654561639,
        -0.746032655
      ],
      [
        0.143787161,
        0.732058942,
        0.6658941
      ]
    ],
    "translation": [
      1.65410829,
      1.44712865,
      -0.9547294
    ]
  },
  {
    "timeStamp": 5088,
    "rotation": [
      [
        0.976873755,
        -0.212034136,
        -0.0275528152
      ],
      [
        0.1178634,
        0.6415136,
        -0.758003
      ],
      [
        0.178398028,
        0.7372258,
        0.651668847
      ]
    ],
    "translation": [
      1.66042662,
      1.44358218,
      -0.9385553
    ]
  },
  {
    "timeStamp": 5144,
    "rotation": [
      [
        0.9727409,
        -0.226534337,
        -0.0495721959
      ],
      [
        0.109416068,
        0.636841834,
        -0.763191044
      ],
      [
        0.204458624,
        0.736963153,
        0.6442686
      ]
    ],
    "translation": [
      1.66643739,
      1.44091856,
      -0.9250794
    ]
  },
  {
    "timeStamp": 5188,
    "rotation": [
      [
        0.9672913,
        -0.242569372,
        -0.07421332
      ],
      [
        0.0987324,
        0.62950635,
        -0.7706969
      ],
      [
        0.233665213,
        0.738161147,
        0.6328655
      ]
    ],
    "translation": [
      1.67448688,
      1.43671668,
      -0.908460557
    ]
  },
  {
    "timeStamp": 5234,
    "rotation": [
      [
        0.9637316,
        -0.2513148,
        -0.08979064
      ],
      [
        0.08941523,
        0.621078,
        -0.7786315
      ],
      [
        0.2514486,
        0.7423631,
        0.621023834
      ]
    ],
    "translation": [
      1.68128037,
      1.43259442,
      -0.8955489
    ]
  },
  {
    "timeStamp": 5288,
    "rotation": [
      [
        0.959886968,
        -0.26029706,
        -0.104223
      ],
      [
        0.07975012,
        0.6098153,
        -0.788520932
      ],
      [
        0.268806458,
        0.7485792,
        0.6061125
      ]
    ],
    "translation": [
      1.69003522,
      1.427313,
      -0.880115867
    ]
  },
  {
    "timeStamp": 5344,
    "rotation": [
      [
        0.95693934,
        -0.266878337,
        -0.114206396
      ],
      [
        0.07225729,
        0.6000298,
        -0.7967077
      ],
      [
        0.281151265,
        0.7541487,
        0.593476057
      ]
    ],
    "translation": [
      1.696543,
