[
  {
    "timeStamp": 78563,
    "rotation": [
      [
        0.502482355,
        -0.5090802,
        0.6988196
      ],
      [
        0.646668434,
        0.7577872,
        0.087053895
      ],
      [
        -0.573874,
        0.408161521,
        0.709980845
      ]
    ],
    "translation": [
      1.43989193,
      0.6984554,
      -0.750858665
    ]
  },
  {
    "timeStamp": 78618,
    "rotation": [
      [
        0.4615709,
        -0.5351871,
        0.7074794
      ],
      [
        0.6524751,
        0.7451407,
        0.137991548
      ],
      [
        -0.601023,
        0.397919834,
        0.693131447
      ]
    ],
    "translation": [
      1.44748688,
      0.6830938,
      -0.7538686
    ]
  },
  {
    "timeStamp": 78663,
    "rotation": [
      [
        0.5158985,
        -0.5367193,
        0.6676684
      ],
      [
        0.665809035,
        0.7416339,
        0.08171622
      ],
      [
        -0.5390242,
        0.402382374,
        0.7399604
      ]
    ],
    "translation": [
      1.44834316,
      0.7028387,
      -0.7551755
    ]
  },
  {
    "timeStamp": 78718,
    "rotation": [
      [
        0.517398238,
        -0.436995715,
        0.735753953
      ],
      [
        0.5451,
        0.831084847,
        0.110290594
      ],
      [
        -0.6596704,
        0.343995273,
        0.6682082
      ]
    ],
    "translation": [
      1.4447211,
      0.701988637,
      -0.741143942
    ]
  },
  {
    "timeStamp": 78763,
    "rotation": [
      [
        0.5294381,
        -0.3599891,
        0.7681817
      ],
      [
        0.448407769,
        0.887423038,
        0.106821723
      ],
      [
        -0.7201568,
        0.28790316,
        0.6312574
      ]
    ],
    "translation": [
      1.44500268,
      0.7236955,
      -0.7258083
    ]
  },
  {
    "timeStamp": 78818,
    "rotation": [
      [
        0.536515,
        -0.302855074,
        0.7876741
      ],
      [
        0.366617441,
        0.9243493,
        0.105688527
      ],
      [
        -0.760094345,
        0.2320716,
        0.606959164
      ]
    ],
    "translation": [
      1.45761275,
      0.763123333,
      -0.7140495
    ]
  },
  {
    "timeStamp": 78862,
    "rotation": [
      [
        0.495064348,
        -0.244880378,
        0.833633542
      ],
      [
        0.3144887,
        0.9449082,
        0.0908040851
      ],
      [
        -0.809943259,
        0.21721445,
        0.5448025
      ]
    ],
    "translation": [
      1.48113823,
      0.7972691,
      -0.702204049
    ]
  },
  {
    "timeStamp": 78918,
    "rotation": [
      [
        0.440606534,
        -0.166471347,
        0.8821299
      ],
      [
        0.235724121,
        0.9696275,
        0.0652439
      ],
      [
        -0.8661986,
        0.179192409,
        0.4664655
      ]
    ],
    "translation": [
      1.51986682,
      0.8448201,
      -0.686448038
    ]
  },
  {
    "timeStamp": 78962,
    "rotation": [
      [
        0.365966052,
        -0.1421102,
        0.9197138
      ],
      [
        0.188720584,
        0.979070961,
        0.07618745
      ],
      [
        -0.911292136,
        0.145686924,
        0.385125875
      ]
    ],
    "translation": [
      1.56474578,
      0.877693653,
      -0.67443645
    ]
  },
  {
    "timeStamp": 79018,
    "rotation": [
      [
        0.239333242,
        -0.10421966,
        0.965327859
      ],
      [
        0.137588054,
        0.9878299,
        0.07253691
      ],
      [
        -0.9611395,
        0.115457095,
        0.2507599
      ]
    ],
    "translation": [
      1.632666,
      0.915132344,
      -0.6565285
    ]
  },
  {
    "timeStamp": 79063,
    "rotation": [
      [
        0.1472919,
        -0.111238115,
        0.982818
      ],
      [
        0.101483591,
        0.990111232,
        0.09685455
      ],
      [
        -0.983873069,
        0.08547401,
        0.157124221
      ]
    ],
    "translation": [
      1.69269419,
      0.938929737,
      -0.6476578
    ]
  },
  {
    "timeStamp": 79118,
    "rotation": [
      [
        0.008116781,
        -0.128835231,
        0.9916328
      ],
      [
        0.06436189,
        0.989676535,
        0.128054246
      ],
      [
        -0.997893631,
        0.06278398,
        0.0163250677
      ]
    ],
    "translation": [
      1.77415967,
      0.964694858,
      -0.6382123
    ]
  },
  {
    "timeStamp": 79162,
    "rotation": [
      [
        -0.0712102354,
        -0.1497383,
        0.986158
      ],
      [
        0.0472457521,
        0.9870519,
        0.153285623
      ],
      [
        -0.9963418,
        0.05750728,
        -0.0632137
      ]
    ],
    "translation": [
      1.83413219,
      0.9807097,
      -0.6364673
    ]
  },
  {
    "timeStamp": 79218,
    "rotation": [
      [
        -0.184740692,
        -0.196551353,
        0.9629322
      ],
      [
        0.00524255633,
        0.9795862,
        0.2009565
      ],
      [
        -0.982773364,
        0.04217307,
        -0.179938987
      ]
    ],
    "translation": [
      1.91171753,
      0.998248935,
      -0.6346137
    ]
  },
  {
    "timeStamp": 79262,
    "rotation": [
      [
        -0.2559694,
        -0.197233319,
        0.946350157
      ],
      [
        0.001112774,
        0.9789037,
        0.204318956
      ],
      [
        -0.9666842,
        0.05335247,
        -0.2503499
      ]
    ],
    "translation": [
      1.965116,
      1.00551867,
      -0.636480451
    ]
  },
  {
    "timeStamp": 79318,
    "rotation": [
      [
        -0.339834332,
        -0.222344235,
        0.9138248
      ],
      [
        -0.006525668,
        0.972186446,
        0.234117538
      ],
      [
        -0.940462649,
        0.07359786,
        -0.331833273
      ]
    ],
    "translation": [
      2.02995181,
      1.005405,
      -0.6380794
    ]
  },
  {
    "timeStamp": 79373,
    "rotation": [
      [
        -0.4045987,
        -0.191168711,
        0.894289851
      ],
      [
        0.02231053,
        0.9755519,
        0.2186336
      ],
      [
        -0.9142221,
        0.108410954,
        -0.390441984
      ]
    ],
    "translation": [
      2.073478,
      0.9963933,
      -0.640363753
    ]
  },
  {
    "timeStamp": 79413,
    "rotation": [
      [
        -0.461279452,
        -0.189084381,
        0.8668727
      ],
      [
        0.0626562238,
        0.967646539,
        0.244405985
      ],
      [
        -0.8850398,
        0.16705443,
        -0.434508175
      ]
    ],
    "translation": [
      2.12099242,
      0.9788637,
      -0.6452561
    ]
  },
  {
    "timeStamp": 79468,
    "rotation": [
      [
        -0.502528,
        -0.149161652,
        0.851596355
      ],
      [
        0.09090653,
        0.9704279,
        0.223619685
      ],
      [
        -0.859768331,
        0.18979083,
        -0.474107444
      ]
    ],
    "translation": [
      2.154771,
      0.9625729,
      -0.6473651
    ]
  },
  {
    "timeStamp": 79513,
    "rotation": [
      [
        -0.5052601,
        -0.12942186,
        0.853207
      ],
      [
        0.132096276,
        0.9654392,
        0.224672243
      ],
      [
        -0.852797031,
        0.2262234,
        -0.4707018
      ]
    ],
    "translation": [
      2.17231226,
      0.9447541,
      -0.6483349
    ]
  },
  {
    "timeStamp": 79558,
    "rotation": [
      [
        -0.512870133,
        -0.125763029,
        0.8492043
      ],
      [
        0.143882453,
        0.9626253,
        0.229456767
      ],
      [
        -0.8463227,
        0.2398671,
        -0.47560665
      ]
    ],
    "translation": [
      2.187058,
      0.931346953,
      -0.646555662
    ]
  },
  {
    "timeStamp": 79613,
    "rotation": [
      [
        -0.522707164,
        -0.1061663,
        0.8458758
      ],
      [
        0.185701311,
        0.95421,
        0.234517127
      ],
      [
        -0.832040966,
        0.27966404,
        -0.479057223
      ]
    ],
    "translation": [
      2.200545,
      0.912427545,
      -0.645202
    ]
  },
  {
    "timeStamp": 79668,
    "rotation": [
      [
        -0.509121239,
        -0.08088832,
        0.8568854
      ],
      [
        0.218714774,
        0.950734854,
        0.219697624
      ],
      [
        -0.8324418,
        0.299266249,
        -0.466347843
      ]
    ],
    "translation": [
      2.20400143,
      0.8969625,
      -0.643346
    ]
  },
  {
    "timeStamp": 79713,
    "rotation": [
      [
        -0.510306835,
        -0.0707821,
        0.857074559
      ],
      [
        0.248249039,
        0.9420577,
        0.225609332
      ],
      [
        -0.823382854,
        0.327897936,
        -0.463166922
      ]
    ],
    "translation": [
      2.20609713,
      0.8839145,
      -0.643925369
    ]
  },
  {
    "timeStamp": 79768,
    "rotation": [
      [
        -0.497721165,
        -0.0372847319,
        0.8665353
      ],
      [
        0.278268933,
        0.9393964,
        0.200252041
      ],
      [
        -0.8214865,
        0.3407995,
        -0.4571823
      ]
    ],
    "translation": [
      2.20285344,
      0.869862437,
      -0.645073056
    ]
  },
  {
    "timeStamp": 79813,
    "rotation": [
      [
        -0.492260933,
        -0.0392876528,
        0.8695606
      ],
      [
        0.292768151,
        0.93330723,
        0.207904756
      ],
      [
        -0.8197353,
        0.356923044,
        -0.447928518
      ]
    ],
    "translation": [
      2.2004714,
      0.859851539,
      -0.646337032
    ]
  },
  {
    "timeStamp": 79858,
    "rotation": [
      [
        -0.474907935,
        -0.0279341359,
        0.879592061
      ],
      [
        0.306951672,
        0.931468964,
        0.1953105
      ],
      [
        -0.824768543,
        0.362746745,
        -0.433787584
      ]
    ],
    "translation": [
      2.19567752,
      0.8522133,
      -0.6470348
    ]
  },
  {
    "timeStamp": 79915,
    "rotation": [
      [
        -0.478114754,
        -0.0203761421,
        0.878061
      ],
      [
        0.3179735,
        0.9278983,
        0.194673046
      ],
      [
        -0.818718,
        0.3722762,
        -0.4371628
      ]
    ],
    "translation": [
      2.194864,
      0.8459389,
      -0.6479661
    ]
  },
  {
    "timeStamp": 79960,
    "rotation": [
      [
        -0.463220954,
        -0.0109648993,
        0.886175036
      ],
      [
        0.332221985,
        0.9248598,
        0.185102463
      ],
      [
        -0.821617246,
        0.380150139,
        -0.424771667
      ]
    ],
    "translation": [
      2.19054484,
      0.843451262,
      -0.6481716
    ]
  }
]