[
  {
    "timeStamp": 61270,
    "rotation": [
      [
        0.9999952,
        -0.0004157493,
        -0.00307516218
      ],
      [
        0.00307400478,
        -0.00275655254,
        0.9999915
      ],
      [
        -0.000424222,
        -0.9999961,
        -0.00275526126
      ]
    ],
    "translation": [
      1.15394449,
      0.702144265,
      -0.4900085
    ]
  },
  {
    "timeStamp": 61327,
    "rotation": [
      [
        1.0,
        0.000188652557,
        -2.06002838E-07
      ],
      [
        0.0,
        0.00109196885,
        0.9999994
      ],
      [
        0.000188652673,
        -0.9999994,
        0.00109196885
      ]
    ],
    "translation": [
      1.15391159,
      0.702136338,
      -0.490008473
    ]
  },
  {
    "timeStamp": 61370,
    "rotation": [
      [
        0.999884963,
        -0.007784092,
        -0.0130182207
      ],
      [
        0.0128614176,
        -0.01986568,
        0.9997199
      ],
      [
        -0.008040539,
        -0.99977237,
        -0.01976328
      ]
    ],
    "translation": [
      1.1567533,
      0.7033795,
      -0.487968415
    ]
  },
  {
    "timeStamp": 61425,
    "rotation": [
      [
        0.999966264,
        -0.00751019269,
        0.00333141931
      ],
      [
        -0.00334288855,
        -0.00151512562,
        0.999993265
      ],
      [
        -0.00750509463,
        -0.9999707,
        -0.0015401803
      ]
    ],
    "translation": [
      1.15731966,
      0.7084379,
      -0.489776939
    ]
  },
  {
    "timeStamp": 61470,
    "rotation": [
      [
        0.9999938,
        -0.000161559263,
        0.003509393
      ],
      [
        -0.00351294759,
        -0.0363855958,
        0.999331653
      ],
      [
        -3.3760447E-05,
        -0.9993378,
        -0.0363859423
      ]
    ],
    "translation": [
      1.16109872,
      0.717586637,
      -0.486691982
    ]
  },
  {
    "timeStamp": 61526,
    "rotation": [
      [
        0.9976592,
        -0.0214714613,
        0.0649237856
      ],
      [
        -0.06566935,
        -0.0360620953,
        0.9971896
      ],
      [
        -0.01906983,
        -0.999118865,
        -0.0373877
      ]
    ],
    "translation": [
      1.16190231,
      0.7390803,
      -0.483510435
    ]
  },
  {
    "timeStamp": 61570,
    "rotation": [
      [
        0.9956024,
        -0.0177755151,
        0.09197776
      ],
      [
        -0.09282417,
        -0.0548021533,
        0.9941732
      ],
      [
        -0.012631366,
        -0.998339,
        -0.05621115
      ]
    ],
    "translation": [
      1.16784978,
      0.7595957,
      -0.482734144
    ]
  },
  {
    "timeStamp": 61626,
    "rotation": [
      [
        0.988024,
        -0.0475460365,
        0.146792427
      ],
      [
        -0.150112242,
        -0.07603605,
        0.9857408
      ],
      [
        -0.03570657,
        -0.995970845,
        -0.08226268
      ]
    ],
    "translation": [
      1.18220317,
      0.794327736,
      -0.478482038
    ]
  },
  {
    "timeStamp": 61670,
    "rotation": [
      [
        0.974546731,
        -0.0800035745,
        0.2094233
      ],
      [
        -0.215091884,
        -0.07032943,
        0.974058151
      ],
      [
        -0.06319952,
        -0.9943104,
        -0.0857474357
      ]
    ],
    "translation": [
      1.19942307,
      0.8274991,
      -0.479725182
    ]
  },
  {
    "timeStamp": 61726,
    "rotation": [
      [
        0.9645161,
        -0.100926138,
        0.243972525
      ],
      [
        -0.2552782,
        -0.12061885,
        0.9593144
      ],
      [
        -0.0673922151,
        -0.9875551,
        -0.142103061
      ]
    ],
    "translation": [
      1.23222816,
      0.8723358,
      -0.4850768
    ]
  },
  {
    "timeStamp": 61770,
    "rotation": [
      [
        0.9470224,
        -0.127714634,
        0.294682384
      ],
      [
        -0.310443133,
        -0.128885776,
        0.941813946
      ],
      [
        -0.08230305,
        -0.983401,
        -0.161705837
      ]
    ],
    "translation": [
      1.26419353,
      0.9079667,
      -0.497080624
    ]
  },
  {
    "timeStamp": 61826,
    "rotation": [
      [
        0.927127242,
        -0.159756914,
        0.338987976
      ],
      [
        -0.361319929,
        -0.141110972,
        0.921702564
      ],
      [
        -0.09941343,
        -0.977018654,
        -0.188551188
      ]
    ],
    "translation": [
      1.30995131,
      0.9497771,
      -0.5175162
    ]
  },
  {
    "timeStamp": 61870,
    "rotation": [
      [
        0.9231591,
        -0.176021963,
        0.341750532
      ],
      [
        -0.370362818,
        -0.16905883,
        0.9133731
      ],
      [
        -0.102997765,
        -0.9697605,
        -0.22126019
      ]
    ],
    "translation": [
      1.35318708,
      0.9740733,
      -0.5370176
    ]
  },
  {
    "timeStamp": 61926,
    "rotation": [
      [
        0.9051356,
        -0.2178308,
        0.365074366
      ],
      [
        -0.402153224,
        -0.160272628,
        0.9014352
      ],
      [
        -0.137848914,
        -0.9627369,
        -0.23266983
      ]
    ],
    "translation": [
      1.40823972,
      0.999291062,
      -0.5646234
    ]
  },
  {
    "timeStamp": 61970,
    "rotation": [
      [
        0.9044185,
        -0.259191722,
        0.338890463
      ],
      [
        -0.388842136,
        -0.173867583,
        0.904749632
      ],
      [
        -0.175581574,
        -0.9500472,
        -0.258033752
      ]
    ],
    "translation": [
      1.459071,
      1.010974,
      -0.5856206
    ]
  },
  {
    "timeStamp": 62026,
    "rotation": [
      [
        0.8930138,
        -0.331520021,
        0.304336876
      ],
      [
        -0.3766492,
        -0.180473626,
        0.9086059
      ],
      [
        -0.246296242,
        -0.9260258,
        -0.28603217
      ]
    ],
    "translation": [
      1.525584,
      1.02088642,
      -0.608268
    ]
  },
  {
    "timeStamp": 62070,
    "rotation": [
      [
        0.8747193,
        -0.400429964,
        0.272987
      ],
      [
        -0.364272535,
        -0.171728238,
        0.9153223
      ],
      [
        -0.3196429,
        -0.9000918,
        -0.296079636
      ]
    ],
    "translation": [
      1.58031273,
      1.02440727,
      -0.625833035
    ]
  },
  {
    "timeStamp": 62126,
    "rotation": [
      [
        0.8319189,
        -0.512138844,
        0.213599354
      ],
      [
        -0.34739,
        -0.180517837,
        0.9201812
      ],
      [
        -0.432702035,
        -0.839718461,
        -0.328088135
      ]
    ],
    "translation": [
      1.65480268,
      1.0297153,
      -0.641621649
    ]
  },
  {
    "timeStamp": 62170,
    "rotation": [
      [
        0.7929078,
        -0.5813648,
        0.1825166
      ],
      [
        -0.343316019,
        -0.1787663,
        0.9220503
      ],
      [
        -0.503419757,
        -0.7937617,
        -0.341337025
      ]
    ],
    "translation": [
      1.708917,
      1.03441179,
      -0.656503439
    ]
  },
  {
    "timeStamp": 62226,
    "rotation": [
      [
        0.7340414,
        -0.6725725,
        0.09396555
      ],
      [
        -0.324292719,
        -0.225583628,
        0.918665469
      ],
      [
        -0.596672058,
        -0.7048108,
        -0.383698076
      ]
    ],
    "translation": [
      1.782241,
      1.04048073,
      -0.67141515
    ]
  },
  {
    "timeStamp": 62270,
    "rotation": [
      [
        0.6632292,
        -0.742656648,
        0.0926719
      ],
      [
        -0.344632924,
        -0.1931407,
        0.9186538
      ],
      [
        -0.6643456,
        -0.6412158,
        -0.3840405
      ]
    ],
    "translation": [
      1.83561039,
      1.04207671,
      -0.6852522
    ]
  },
  {
    "timeStamp": 62326,
    "rotation": [
      [
        0.5866982,
        -0.8097513,
        0.009386143
      ],
      [
        -0.325106651,
        -0.224905968,
        0.918543935
      ],
      [
        -0.7416811,
        -0.5419595,
        -0.395207435
      ]
    ],
    "translation": [
      1.90293026,
      1.04053271,
      -0.6977015
    ]
  },
  {
    "timeStamp": 62370,
    "rotation": [
      [
        0.515212834,
        -0.8569682,
        0.0126950741
      ],
      [
        -0.34286955,
        -0.192513987,
        0.919444859
      ],
      [
        -0.785491049,
        -0.4780625,
        -0.393014
      ]
    ],
    "translation": [
      1.9503547,
      1.03548014,
      -0.7033993
    ]
  },
  {
    "timeStamp": 62426,
    "rotation": [
      [
        0.4701166,
        -0.882299364,
        -0.0231999066
      ],
      [
        -0.3270202,
        -0.198541015,
        0.923926
      ],
      [
        -0.8197855,
        -0.4267661,
        -0.38186717
      ]
    ],
    "translation": [
      2.0002377,
      1.02773464,
      -0.704927266
    ]
  },
  {
    "timeStamp": 62470,
    "rotation": [
      [
        0.437838823,
        -0.8963245,
        -0.06999638
      ],
      [
        -0.3058532,
        -0.221710265,
        0.9259041
      ],
      [
        -0.8454294,
        -0.383988142,
        -0.371217072
      ]
    ],
    "translation": [
      2.04146028,
      1.02062583,
      -0.7030761
    ]
  },
  {
    "timeStamp": 62526,
    "rotation": [
      [
        0.402406037,
        -0.914069533,
        -0.0504607335
      ],
      [
        -0.320331633,
        -0.192228928,
        0.927596748
      ],
      [
        -0.857587934,
        -0.357106358,
        -0.370159447
      ]
    ],
    "translation": [
      2.07587528,
      1.01499224,
      -0.6978756
    ]
  },
  {
    "timeStamp": 62569,
    "rotation": [
      [
        0.387068,
        -0.916803,
        -0.09823761
      ],
      [
        -0.296970785,
        -0.224821061,
        0.928043
      ],
      [
        -0.8729185,
        -0.330042064,
        -0.359284729
      ]
    ],
    "translation": [
      2.101183,
      1.01012707,
      -0.694147348
    ]
  },
  {
    "timeStamp": 62623,
    "rotation": [
      [
        0.382753521,
        -0.9235069,
        -0.0251943842
      ],
      [
        -0.3324166,
        -0.163114324,
        0.928920269
      ],
      [
        -0.8619739,
        -0.347172469,
        -0.3694216
      ]
    ],
    "translation": [
      2.12035561,
      1.00225,
      -0.682551265
    ]
  },
  {
    "timeStamp": 62676,
    "rotation": [
      [
        0.3777318,
        -0.9229164,
        -0.07445754
      ],
      [
        -0.287665635,
        -0.193410277,
        0.937998354
      ],
      [
        -0.880094945,
        -0.332892925,
        -0.338548571
      ]
    ],
    "translation": [
      2.14413381,
      0.986313164,
      -0.6746259
    ]
  },
  {
    "timeStamp": 62720,
    "rotation": [
      [
        0.40134263,
        -0.9153482,
        -0.03258612
      ],
      [
        -0.292237759,
        -0.161689758,
        0.942578137
      ],
      [
        -0.868056,
        -0.3687739,
        -0.332392275
      ]
    ],
    "translation": [
      2.146366,
      0.9714663,
      -0.66550833
    ]
  },
  {
    "timeStamp": 62776,
    "rotation": [
      [
        0.404610932,
        -0.9119055,
        -0.0686895251
      ],
      [
        -0.235419407,
        -0.176446766,
        0.9557428
      ],
      [
        -0.8836672,
        -0.370533139,
        -0.286072552
      ]
    ],
    "translation": [
      2.16026878,
      0.944939,
      -0.659159
    ]
  },
  {
    "timeStamp": 62820,
    "rotation": [
      [
        0.45491457,
        -0.8905328,
        -0.00200445578
      ],
      [
        -0.26753217,
        -0.138810754,
        0.9534978
      ],
      [
        -0.8493993,
        -0.4332238,
        -0.3013932
      ]
    ],
    "translation": [
      2.14888382,
      0.9319811,
      -0.649379134
    ]
  },
  {
    "timeStamp": 62876,
    "rotation": [
      [
        0.509648,
        -0.8597055,
        -0.0341370627
      ],
      [
        -0.209082767,
        -0.162239909,
        0.9643457
      ],
      [
        -0.8345917,
        -0.4843394,
        -0.26243484
      ]
    ],
    "translation": [
      2.150234,
      0.9077847,
      -0.6457995
    ]
  },
  {
    "timeStamp": 62920,
    "rotation": [
      [
        0.5429267,
        -0.8397104,
        -0.01081248
      ],
      [
        -0.199212477,
        -0.141290173,
        0.9697172
      ],
      [
        -0.8158093,
        -0.52433145,
        -0.243991
      ]
    ],
    "translation": [
      2.14539456,
      0.8938087,
      -0.644153655
    ]
  },
  {
    "timeStamp": 62976,
    "rotation": [
      [
        0.561207831,
        -0.8272006,
        -0.02801838
      ],
      [
        -0.149035111,
        -0.134294435,
        0.9796701
      ],
      [
        -0.8141464,
        -0.5456228,
        -0.198649
      ]
    ],
    "translation": [
      2.151552,
      0.87458545,
      -0.647327065
    ]
  },
  {
    "timeStamp": 63020,
    "rotation": [
      [
        0.590880036,
        -0.8067533,
        -0.00315438351
      ],
      [
        -0.144725636,
        -0.109844454,
        0.9833558
      ],
      [
        -0.793672,
        -0.5805888,
        -0.181662768
      ]
    ],
    "translation": [
      2.14470577,
      0.8673059,
      -0.648098
    ]
  },
  {
    "timeStamp": 63077,
    "rotation": [
      [
        0.6301198,
        -0.7756754,
        -0.03573145
      ],
      [
        -0.0863253251,
        -0.115708776,
        0.989524841
      ],
      [
        -0.7716845,
        -0.620434642,
        -0.139870808
      ]
    ],
    "translation": [
      2.14597154,
      0.8520724,
      -0.6530529
    ]
  },
  {
    "timeStamp": 63123,
    "rotation": [
      [
        0.6412359,
        -0.7669842,
        -0.0234915167
      ],
      [
        -0.0946159,
        -0.109409779,
        0.989483356
      ],
      [
        -0.7614883,
        -0.632269561,
        -0.142726377
      ]
    ],
    "translation": [
      2.14291668,
      0.8498869,
      -0.65161
    ]
  },
  {
    "timeStamp": 63169,
    "rotation": [
      [
        0.6758992,
        -0.735207,
        -0.05129209
      ],
      [
        -0.05603274,
        -0.120658077,
        0.991111457
      ],
      [
        -0.734860957,
        -0.6670174,
        -0.12274836
      ]
    ],
    "translation": [
      2.142334,
      0.842536747,
      -0.65361166
    ]
  },
  {
    "timeStamp": 63226,
    "rotation": [
      [
        0.7040043,
        -0.7094451,
        -0.0326421522
      ],
      [
        -0.05928743,
        -0.104510225,
        0.992755055
      ],
      [
        -0.707716644,
        -0.696968555,
        -0.115636833
      ]
    ],
    "translation": [
      2.13616443,
      0.8385263,
      -0.6534351
    ]
  },
  {
    "timeStamp": 63270,
    "rotation": [
      [
        0.706611,
        -0.707239568,
        -0.0226500574
      ],
      [
        -0.0634985045,
        -0.09525751,
        0.993425369
      ],
      [
        -0.7047473,
        -0.700527,
        -0.112218671
      ]
    ],
    "translation": [
      2.13625026,
      0.836542,
      -0.6517282
    ]
  },
  {
    "timeStamp": 63325,
    "rotation": [
      [
        0.7177705,
        -0.695931137,
        -0.022029683
      ],
      [
        -0.06089728,
        -0.094263345,
        0.99368304
      ],
      [
        -0.693611562,
        -0.71189487,
        -0.110039763
      ]
    ],
    "translation": [
      2.13574934,
      0.833119333,
      -0.6505158
    ]
  },
  {
    "timeStamp": 63370,
    "rotation": [
      [
        0.7199561,
        -0.693817258,
        -0.0167580973
      ],
      [
        -0.067245625,
        -0.09377116,
        0.993320167
      ],
      [
        -0.6907541,
        -0.714019954,
        -0.1141673
      ]
    ],
    "translation": [
      2.135809,
      0.8314499,
      -0.6482337
    ]
  },
  {
    "timeStamp": 63423,
    "rotation": [
      [
        0.726675868,
        -0.6868652,
        -0.0125852991
      ],
      [
        -0.07034603,
        -0.09262173,
        0.9932133
      ],
      [
        -0.683369339,
        -0.7208588,
        -0.115624219
      ]
    ],
    "translation": [
      2.1350975,
      0.828914165,
      -0.6452122
    ]
  },
  {
    "timeStamp": 63478,
    "rotation": [
      [
        0.721926,
        -0.6919575,
        0.004210813
      ],
      [
        -0.0831489637,
        -0.08070576,
        0.9932637
      ],
      [
        -0.6869564,
        -0.717413,
        -0.115799136
      ]
    ],
    "translation": [
      2.13366127,
      0.827360749,
      -0.642618537
    ]
  },
  {
    "timeStamp": 63522,
    "rotation": [
      [
        0.722126365,
        -0.691755831,
        -0.00273818616
      ],
      [
        -0.08358318,
        -0.0911807,
        0.9923205
      ],
      [
        -0.686693132,
        -0.716351867,
        -0.123663135
      ]
    ],
    "translation": [
      2.133649,
      0.8287895,
      -0.639835656
    ]
  },
  {
    "timeStamp": 63578,
    "rotation": [
      [
        0.7191786,
        -0.6944312,
        0.02339668
      ],
      [
        -0.108786657,
        -0.07927825,
        0.9908988
      ],
      [
        -0.6862562,
        -0.7151785,
        -0.132560074
      ]
    ],
    "translation": [
      2.12908959,
      0.832143366,
      -0.6359677
    ]
  },
  {
    "timeStamp": 63622,
    "rotation": [
      [
        0.727606237,
        -0.6855434,
        0.0248892158
      ],
      [
        -0.09890041,
        -0.06892757,
        0.992707253
      ],
      [
        -0.678828359,
        -0.724761546,
        -0.117952652
      ]
    ],
    "translation": [
      2.125325,
      0.8281291,
      -0.636099
    ]
  },
  {
    "timeStamp": 63678,
    "rotation": [
      [
        0.7309389,
        -0.6819991,
        0.0246076267
      ],
      [
        -0.09042493,
        -0.0610475466,
        0.9940305
      ],
      [
        -0.676425636,
        -0.7288007,
        -0.106291749
      ]
    ],
    "translation": [
      2.12286067,
      0.822548747,
      -0.636270642
    ]
  },
  {
    "timeStamp": 63722,
    "rotation": [
      [
        0.7355783,
        -0.676879346,
        0.0275505148
      ],
      [
        -0.085924454,
        -0.0528812557,
        0.994897246
      ],
      [
        -0.67196846,
        -0.7341921,
        -0.09705879
      ]
    ],
    "translation": [
      2.120318,
      0.8177013,
      -0.6363458
    ]
  },
  {
    "timeStamp": 63779,
    "rotation": [
      [
        0.7400367,
        -0.6721746,
        0.0229569357
      ],
      [
        -0.07053739,
        -0.04362321,
        0.9965548
      ],
      [
        -0.668857336,
        -0.7391065,
        -0.07969621
      ]
    ],
    "translation": [
      2.11962962,
      0.8108058,
      -0.6380961
    ]
  },
  {
    "timeStamp": 63823,
    "rotation": [
      [
        0.7321634,
        -0.6808535,
        0.0193720423
      ],
      [
        -0.06572462,
        -0.04231218,
        0.9969403
      ],
      [
        -0.6779506,
        -0.731196463,
        -0.07572827
      ]
    ],
    "translation": [
      2.12060046,
      0.8075778,
      -0.6376278
    ]
  },
  {
    "timeStamp": 63869,
    "rotation": [
      [
        0.7305022,
        -0.6823866,
        0.0267413631
      ],
      [
        -0.0636080354,
        -0.0290009622,
        0.997553468
      ],
      [
        -0.6799416,
        -0.73041594,
        -0.0645905361
      ]
    ],
    "translation": [
      2.118941,
      0.805017531,
      -0.6377132
    ]
  }
]