[
  {
    "timeStamp": 17902,
    "rotation": [
      [
        -0.9978701,
        -0.064990826,
        0.00561058754
      ],
      [
        -0.06510168,
        0.9976232,
        -0.0225762725
      ],
      [
        -0.00413000165,
        -0.0228934456,
        -0.9997294
      ]
    ],
    "translation": [
      1.61475885,
      0.73279494,
      -0.6196524
    ]
  },
  {
    "timeStamp": 17957,
    "rotation": [
      [
        -0.9988052,
        -0.0486274324,
        0.00484496448
      ],
      [
        -0.04872583,
        0.9985511,
        -0.0228356626
      ],
      [
        -0.003727505,
        -0.0230444539,
        -0.9997275
      ]
    ],
    "translation": [
      1.615375,
      0.7330759,
      -0.6196416
    ]
  },
  {
    "timeStamp": 18002,
    "rotation": [
      [
        -0.9986584,
        -0.0514928475,
        0.00546113029
      ],
      [
        -0.05162547,
        0.9982785,
        -0.0278349835
      ],
      [
        -0.00401842641,
        -0.0280795749,
        -0.9995976
      ]
    ],
    "translation": [
      1.61367083,
      0.733026266,
      -0.6192163
    ]
  },
  {
    "timeStamp": 18057,
    "rotation": [
      [
        -0.998847544,
        -0.0470872521,
        0.00929277949
      ],
      [
        -0.0473158844,
        0.9985377,
        -0.0261443555
      ],
      [
        -0.008048126,
        -0.0265539214,
        -0.999614954
      ]
    ],
    "translation": [
      1.61351836,
      0.732902169,
      -0.6192025
    ]
  },
  {
    "timeStamp": 18102,
    "rotation": [
      [
        -0.998622239,
        -0.052356,
        0.00354480441
      ],
      [
        -0.05242826,
        0.998313963,
        -0.0249091089
      ],
      [
        -0.00223468663,
        -0.0250606369,
        -0.99968344
      ]
    ],
    "translation": [
      1.61322725,
      0.732854068,
      -0.6190534
    ]
  },
  {
    "timeStamp": 18157,
    "rotation": [
      [
        -0.997731864,
        -0.0671364,
        0.004881394
      ],
      [
        -0.06722458,
        0.997517467,
        -0.0209703837
      ],
      [
        -0.00346139935,
        -0.0212509688,
        -0.9997682
      ]
    ],
    "translation": [
      1.61185682,
      0.732713342,
      -0.61860764
    ]
  },
  {
    "timeStamp": 18202,
    "rotation": [
      [
        -0.9984387,
        -0.0510428,
        -0.02268735
      ],
      [
        -0.05053911,
        0.99847424,
        -0.0222465564
      ],
      [
        0.02378826,
        -0.0210652258,
        -0.9994951
      ]
    ],
    "translation": [
      1.61062717,
      0.7424757,
      -0.614727736
    ]
  },
  {
    "timeStamp": 18262,
    "rotation": [
      [
        -0.999480367,
        -0.01627817,
        -0.0278211776
      ],
      [
        -0.0149191823,
        0.9987177,
        -0.04837564
      ],
      [
        0.028572971,
        -0.0479354337,
        -0.9984417
      ]
    ],
    "translation": [
      1.60911465,
      0.7622529,
      -0.614120364
    ]
  },
  {
    "timeStamp": 18299,
    "rotation": [
      [
        -0.9997093,
        -0.003375709,
        -0.0238734148
      ],
      [
        -0.00172712491,
        0.99763304,
        -0.06874157
      ],
      [
        0.024048958,
        -0.06868035,
        -0.997348845
      ]
    ],
    "translation": [
      1.607422,
      0.7757739,
      -0.6150389
    ]
  },
  {
    "timeStamp": 18355,
    "rotation": [
      [
        -0.9987732,
        0.0328921936,
        -0.03701556
      ],
      [
        0.03622672,
        0.994974136,
        -0.0933499038
      ],
      [
        0.03375904,
        -0.09457634,
        -0.994945049
      ]
    ],
    "translation": [
      1.60785115,
      0.794691741,
      -0.615253866
    ]
  },
  {
    "timeStamp": 18399,
    "rotation": [
      [
        -0.9967618,
        0.0655035749,
        -0.0466382429
      ],
      [
        0.07041334,
        0.9911119,
        -0.112867996
      ],
      [
        0.0388304628,
        -0.115786463,
        -0.9925148
      ]
    ],
    "translation": [
      1.60748863,
      0.8113699,
      -0.6154562
    ]
  },
  {
    "timeStamp": 18455,
    "rotation": [
      [
        -0.9984674,
        0.05066055,
        -0.0222784411
      ],
      [
        0.0529240035,
        0.991755545,
        -0.116705112
      ],
      [
        0.01618242,
        -0.117705315,
        -0.9929167
      ]
    ],
    "translation": [
      1.60691166,
      0.8231137,
      -0.6218715
    ]
  },
  {
    "timeStamp": 18499,
    "rotation": [
      [
        -0.996837735,
        0.06761903,
        -0.0417390577
      ],
      [
        0.072727,
        0.987991333,
        -0.136323363
      ],
      [
        0.03201977,
        -0.138927832,
        -0.9897847
      ]
    ],
    "translation": [
      1.6129458,
      0.839878857,
      -0.6250927
    ]
  },
  {
    "timeStamp": 18555,
    "rotation": [
      [
        -0.9978121,
        0.0564533025,
        -0.03440977
      ],
      [
        0.0611415245,
        0.9859583,
        -0.1553964
      ],
      [
        0.0251539517,
        -0.157160282,
        -0.9872528
      ]
    ],
    "translation": [
      1.62310922,
      0.864729,
      -0.6329806
    ]
  },
  {
    "timeStamp": 18599,
    "rotation": [
      [
        -0.9985126,
        0.03812783,
        -0.0389722846
      ],
      [
        0.04435015,
        0.9837744,
        -0.1738415
      ],
      [
        0.03171174,
        -0.175311357,
        -0.9840022
      ]
    ],
    "translation": [
      1.63631964,
      0.884045243,
      -0.6405184
    ]
  },
  {
    "timeStamp": 18655,
    "rotation": [
      [
        -0.9980899,
        0.0326147079,
        -0.05246746
      ],
      [
        0.04190442,
        0.9814545,
        -0.187059343
      ],
      [
        0.0453935377,
        -0.188900664,
        -0.9809465
      ]
    ],
    "translation": [
      1.65950334,
      0.9120472,
      -0.6491001
    ]
  },
  {
    "timeStamp": 18700,
    "rotation": [
      [
        -0.99753195,
        -0.0132990573,
        -0.0689429343
      ],
      [
        0.00193890044,
        0.9763067,
        -0.216382921
      ],
      [
        0.07018714,
        -0.215982556,
        -0.9738713
      ]
    ],
    "translation": [
      1.68428838,
      0.9323922,
      -0.6554758
    ]
  },
  {
    "timeStamp": 18756,
    "rotation": [
      [
        -0.995357633,
        -0.0166655648,
        -0.09479162
      ],
      [
        0.00379251363,
        0.977337837,
        -0.211651549
      ],
      [
        0.09617073,
        -0.211028486,
        -0.972737432
      ]
    ],
    "translation": [
      1.7184906,
      0.95817405,
      -0.663982868
    ]
  },
  {
    "timeStamp": 18802,
    "rotation": [
      [
        -0.989496648,
        -0.08440534,
        -0.117354542
      ],
      [
        -0.05233087,
        0.965922356,
        -0.253486484
      ],
      [
        0.134750992,
        -0.244682774,
        -0.960194
      ]
    ],
    "translation": [
      1.75082839,
      0.978039265,
      -0.668444157
    ]
  },
  {
    "timeStamp": 18857,
    "rotation": [
      [
        -0.9800712,
        -0.12050321,
        -0.157922223
      ],
      [
        -0.07609767,
        0.9620988,
        -0.2618685
      ],
      [
        0.183492765,
        -0.244632259,
        -0.95209527
      ]
    ],
    "translation": [
      1.79544151,
      0.999460936,
      -0.6734802
    ]
  },
  {
    "timeStamp": 18901,
    "rotation": [
      [
        -0.970668137,
        -0.147289872,
        -0.190023541
      ],
      [
        -0.08736228,
        0.952426255,
        -0.291979462
      ],
      [
        0.223989025,
        -0.266814262,
        -0.9373575
      ]
    ],
    "translation": [
      1.83096659,
      1.0177815,
      -0.675659955
    ]
  },
  {
    "timeStamp": 18957,
    "rotation": [
      [
        -0.9495891,
        -0.242780432,
        -0.1983388
      ],
      [
        -0.178967625,
        0.939254642,
        -0.292867362
      ],
      [
        0.2573931,
        -0.24260743,
        -0.935355842
      ]
    ],
    "translation": [
      1.878432,
      1.02131629,
      -0.6799192
    ]
  },
  {
    "timeStamp": 19001,
    "rotation": [
      [
        -0.9428733,
        -0.247651041,
        -0.222842887
      ],
      [
        -0.177737683,
        0.9396774,
        -0.292259634
      ],
      [
        0.281778842,
        -0.235956222,
        -0.9300136
      ]
    ],
    "translation": [
      1.91265917,
      1.0278511,
      -0.6827316
    ]
  },
  {
    "timeStamp": 19057,
    "rotation": [
      [
        -0.929690063,
        -0.297466338,
        -0.217232689
      ],
      [
        -0.233398154,
        0.9319905,
        -0.277342528
      ],
      [
        0.2849589,
        -0.2071409,
        -0.9358905
      ]
    ],
    "translation": [
      1.9539752,
      1.0260278,
      -0.687208652
    ]
  },
  {
    "timeStamp": 19101,
    "rotation": [
      [
        -0.925865054,
        -0.3115352,
        -0.213821813
      ],
      [
        -0.250497252,
        0.929726541,
        -0.269925267
      ],
      [
        0.282887042,
        -0.196352586,
        -0.938840032
      ]
    ],
    "translation": [
      1.98130047,
      1.02426243,
      -0.691325247
    ]
  },
  {
    "timeStamp": 19157,
    "rotation": [
      [
        -0.916073263,
        -0.333967865,
        -0.2219804
      ],
      [
        -0.280629963,
        0.929315865,
        -0.240039289
      ],
      [
        0.2864553,
        -0.157599226,
        -0.9450427
      ]
    ],
    "translation": [
      2.01565433,
      1.0153656,
      -0.6952507
    ]
  },
  {
    "timeStamp": 19204,
    "rotation": [
      [
        -0.921587169,
        -0.3340789,
        -0.197657481
      ],
      [
        -0.289179236,
        0.930570543,
        -0.224530354
      ],
      [
        0.258945078,
        -0.149765849,
        -0.9542105
      ]
    ],
    "translation": [
      2.03258014,
      1.00903761,
      -0.698811769
    ]
  },
  {
    "timeStamp": 19251,
    "rotation": [
      [
        -0.911096752,
        -0.362991869,
        -0.195293635
      ],
      [
        -0.329229444,
        0.9259326,
        -0.185086071
      ],
      [
        0.248013467,
        -0.104334906,
        -0.963121831
      ]
    ],
    "translation": [
      2.05819488,
      0.989378154,
      -0.702768862
    ]
  },
  {
    "timeStamp": 19307,
    "rotation": [
      [
        -0.9220357,
        -0.341321319,
        -0.182619512
      ],
      [
        -0.32005313,
        0.9375361,
        -0.136352569
      ],
      [
        0.217752427,
        -0.06727399,
        -0.9736827
      ]
    ],
    "translation": [
      2.07215428,
      0.9714336,
      -0.707475364
    ]
  },
  {
    "timeStamp": 19352,
    "rotation": [
      [
        -0.915018141,
        -0.368180066,
        -0.164879277
      ],
      [
        -0.355034351,
        0.9290245,
        -0.104230404
      ],
      [
        0.19155246,
        -0.0368348956,
        -0.9807909
      ]
    ],
    "translation": [
      2.0856545,
      0.9498793,
      -0.7125329
    ]
  },
  {
    "timeStamp": 19407,
    "rotation": [
      [
        -0.924005747,
        -0.349628061,
        -0.154833958
      ],
      [
        -0.343419135,
        0.936855435,
        -0.06606868
      ],
      [
        0.1681565,
        -0.007874892,
        -0.98572886
      ]
    ],
    "translation": [
      2.09445024,
      0.9311057,
      -0.717707455
    ]
  },
  {
    "timeStamp": 19452,
    "rotation": [
      [
        -0.9262542,
        -0.3442599,
        -0.153421938
      ],
      [
        -0.3413475,
        0.938821554,
        -0.04578259
      ],
      [
        0.159796923,
        0.009963877,
        -0.987099648
      ]
    ],
    "translation": [
      2.10297346,
      0.9156453,
      -0.719982147
    ]
  },
  {
    "timeStamp": 19507,
    "rotation": [
      [
        -0.9248313,
        -0.359063238,
        -0.125541955
      ],
      [
        -0.362024,
        0.932168365,
        0.0008261839
      ],
      [
        0.116729595,
        0.0462132841,
        -0.99208796
      ]
    ],
    "translation": [
      2.10690069,
      0.892124355,
      -0.726460457
    ]
  },
  {
    "timeStamp": 19551,
    "rotation": [
      [
        -0.936554968,
        -0.334317863,
        -0.105339408
      ],
      [
        -0.338777453,
        0.9404729,
        0.0272152834
      ],
      [
        0.0899703,
        0.0611752272,
        -0.9940639
      ]
    ],
    "translation": [
      2.1052978,
      0.876900136,
      -0.7301423
    ]
  },
  {
    "timeStamp": 19607,
    "rotation": [
      [
        -0.9255293,
        -0.373983532,
        -0.0594289675
      ],
      [
        -0.377720922,
        0.922894239,
        0.07478717
      ],
      [
        0.0268774815,
        0.09166528,
        -0.995427132
      ]
    ],
    "translation": [
      2.10420346,
      0.853726268,
      -0.7372799
    ]
  },
  {
    "timeStamp": 19652,
    "rotation": [
      [
        -0.9308771,
        -0.3630831,
        -0.0404800065
      ],
      [
        -0.365314543,
        0.9262027,
        0.0932413042
      ],
      [
        0.00363834761,
        0.101584129,
        -0.9948203
      ]
    ],
    "translation": [
      2.102221,
      0.8408041,
      -0.740357757
    ]
  },
  {
    "timeStamp": 19698,
    "rotation": [
      [
        -0.9245298,
        -0.380434483,
        -0.0226772539
      ],
      [
        -0.380228132,
        0.916711569,
        0.122745432
      ],
      [
        -0.0259080958,
        0.122104339,
        -0.9921791
      ]
    ],
    "translation": [
      2.10143757,
      0.8251709,
      -0.745016158
    ]
  },
  {
    "timeStamp": 19755,
    "rotation": [
      [
        -0.921708763,
        -0.386951834,
        0.0268558972
      ],
      [
        -0.378955752,
        0.9131038,
        0.150446013
      ],
      [
        -0.08273758,
        0.12849021,
        -0.9882534
      ]
    ],
    "translation": [
      2.096645,
      0.8098587,
      -0.7517866
    ]
  },
  {
    "timeStamp": 19800,
    "rotation": [
      [
        -0.918603837,
        -0.394273221,
        0.0267519131
      ],
      [
        -0.384360373,
        0.9071365,
        0.171378434
      ],
      [
        -0.09183756,
        0.147146508,
        -0.984842062
      ]
    ],
    "translation": [
      2.098031,
      0.7979605,
      -0.7541128
    ]
  },
  {
    "timeStamp": 19856,
    "rotation": [
      [
        -0.9260075,
        -0.374580473,
        0.0468987
      ],
      [
        -0.360794246,
        0.914714,
        0.182005063
      ],
      [
        -0.11107444,
        0.151617274,
        -0.9821785
      ]
    ],
    "translation": [
      2.09400988,
      0.789419651,
      -0.7565085
    ]
  },
  {
    "timeStamp": 19901,
    "rotation": [
      [
        -0.923156857,
        -0.380407274,
        0.05542309
      ],
      [
        -0.3643488,
        0.9117886,
        0.189450622
      ],
      [
        -0.12260253,
        0.1546993,
        -0.9803248
      ]
    ],
    "translation": [
      2.09269285,
      0.7818427,
      -0.757405758
    ]
  },
  {
    "timeStamp": 19956,
    "rotation": [
      [
        -0.9199681,
        -0.385094583,
        0.0732170939
      ],
      [
        -0.363793254,
        0.908323646,
        0.206404045
      ],
      [
        -0.1459899,
        0.163249269,
        -0.9757237
      ]
    ],
    "translation": [
      2.09025669,
      0.773258269,
      -0.7609
    ]
  },
  {
    "timeStamp": 20001,
    "rotation": [
      [
        -0.921879232,
        -0.381781757,
        0.0661915243
      ],
      [
        -0.360681027,
        0.907935441,
        0.213453621
      ],
      [
        -0.141590327,
        0.172904432,
        -0.974708259
      ]
    ],
    "translation": [
      2.090997,
      0.768693447,
      -0.760444343
    ]
  },
  {
    "timeStamp": 20056,
    "rotation": [
      [
        -0.9110531,
        -0.403244764,
        0.08588287
      ],
      [
        -0.375603378,
        0.8976785,
        0.23042433
      ],
      [
        -0.170012608,
        0.177670911,
        -0.969292939
      ]
    ],
    "translation": [
      2.09077787,
      0.7625445,
      -0.765130162
    ]
  },
  {
    "timeStamp": 20101,
    "rotation": [
      [
        -0.914221764,
        -0.394822717,
        0.09117943
      ],
      [
        -0.365511179,
        0.900635958,
        0.235066846
      ],
      [
        -0.1749292,
        0.181576118,
        -0.9676931
      ]
    ],
    "translation": [
      2.09039927,
      0.7608821,
      -0.767189741
    ]
  },
  {
    "timeStamp": 20156,
    "rotation": [
      [
        -0.9077662,
        -0.408761173,
        0.09420616
      ],
      [
        -0.3770008,
        0.8934805,
        0.2440555
      ],
      [
        -0.183931783,
        0.186029539,
        -0.9651746
      ]
    ],
    "translation": [
      2.09135222,
      0.75821203,
      -0.769922137
    ]
  },
  {
    "timeStamp": 20201,
    "rotation": [
      [
        -0.9087786,
        -0.403242469,
        0.107316874
      ],
      [
        -0.368079543,
        0.895816147,
        0.249059752
      ],
      [
        -0.196567655,
        0.186839029,
        -0.962523937
      ]
    ],
    "translation": [
      2.09054351,
      0.7574604,
      -0.7727351
    ]
  },
  {
    "timeStamp": 20256,
    "rotation": [
      [
        -0.9040083,
        -0.4138147,
        0.107361175
      ],
      [
        -0.37707898,
        0.890138149,
        0.255862474
      ],
      [
        -0.201445922,
        0.190818161,
        -0.960733056
      ]
    ],
    "translation": [
      2.091852,
      0.7548044,
      -0.775707841
    ]
  },
  {
    "timeStamp": 20301,
    "rotation": [
      [
        -0.9099691,
        -0.4014569,
        0.103868544
      ],
      [
        -0.3651454,
        0.8944485,
        0.258129269
      ],
      [
        -0.196532845,
        0.196962535,
        -0.9605107
      ]
    ],
    "translation": [
      2.092698,
      0.7540186,
      -0.776996255
    ]
  },
  {
    "timeStamp": 20356,
    "rotation": [
      [
        -0.912750959,
        -0.394729346,
        0.105234943
      ],
      [
        -0.361959875,
        0.90086484,
        0.2396406
      ],
      [
        -0.189395636,
        0.180641353,
        -0.9651414
      ]
    ],
    "translation": [
      2.09224319,
      0.753627658,
      -0.7785961
    ]
  },
  {
    "timeStamp": 20401,
    "rotation": [
      [
        -0.9162335,
        -0.384985059,
        0.110917538
      ],
      [
        -0.352667034,
        0.9063575,
        0.232684344
      ],
      [
        -0.190110952,
        0.174076229,
        -0.96620667
      ]
    ],
    "translation": [
      2.08984351,
      0.7536934,
      -0.779823
    ]
  },
  {
    "timeStamp": 20456,
    "rotation": [
      [
        -0.9178802,
        -0.381689876,
        0.1086685
      ],
      [
        -0.3516017,
        0.9091145,
        0.22335431
      ],
      [
        -0.184044182,
        0.166804463,
        -0.968660951
      ]
    ],
    "translation": [
      2.08740926,
      0.753391564,
      -0.781045735
    ]
  },
  {
    "timeStamp": 20501,
    "rotation": [
      [
        -0.9246247,
        -0.365959853,
        0.10555879
      ],
      [
        -0.336287558,
        0.9145182,
        0.224871576
      ],
      [
        -0.1788294,
        0.172423691,
        -0.9686538
      ]
    ],
    "translation": [
      2.08452129,
      0.753921747,
      -0.781392336
    ]
  },
  {
    "timeStamp": 20556,
    "rotation": [
      [
        -0.928651631,
        -0.355885,
        0.104651891
      ],
      [
        -0.326986432,
        0.9185571,
        0.222109884
      ],
      [
        -0.175174311,
        0.172042951,
        -0.9693891
      ]
    ],
    "translation": [
      2.081951,
      0.7540742,
      -0.7823805
    ]
  }
]