[
  {
    "timeStamp": 53441,
    "rotation": [
      [
        0.99988,
        -0.00113503134,
        -0.0154432459
      ],
      [
        0.0154305659,
        -0.0104406383,
        0.999826431
      ],
      [
        -0.00129607075,
        -0.9999448,
        -0.0104218721
      ]
    ],
    "translation": [
      1.15360129,
      0.700808942,
      -0.360359341
    ]
  },
  {
    "timeStamp": 53497,
    "rotation": [
      [
        0.999865234,
        -0.00196903851,
        0.016294919
      ],
      [
        -0.01631578,
        -0.011088972,
        0.9998054
      ],
      [
        -0.00178795645,
        -0.9999365,
        -0.011119605
      ]
    ],
    "translation": [
      1.15361726,
      0.7016227,
      -0.36036092
    ]
  },
  {
    "timeStamp": 53541,
    "rotation": [
      [
        0.9987885,
        -0.0146734081,
        0.0469716229
      ],
      [
        -0.0471393019,
        -0.01129837,
        0.9988244
      ],
      [
        -0.0141254514,
        -0.9998285,
        -0.0119763752
      ]
    ],
    "translation": [
      1.15411437,
      0.7023338,
      -0.360464722
    ]
  },
  {
    "timeStamp": 53587,
    "rotation": [
      [
        0.9989732,
        -0.0452920347,
        0.00111629011
      ],
      [
        -0.0009996621,
        0.00259758974,
        0.9999961
      ],
      [
        -0.04529476,
        -0.998970449,
        0.00254964572
      ]
    ],
    "translation": [
      1.16921937,
      0.707620144,
      -0.364205569
    ]
  },
  {
    "timeStamp": 53641,
    "rotation": [
      [
        0.997902,
        -0.02285238,
        0.06057567
      ],
      [
        -0.0614838935,
        -0.0413889177,
        0.997249544
      ],
      [
        -0.0202823468,
        -0.9988817,
        -0.042707134
      ]
    ],
    "translation": [
      1.17080128,
      0.7354739,
      -0.3673752
    ]
  },
  {
    "timeStamp": 53696,
    "rotation": [
      [
        0.9919022,
        -0.000954674,
        0.127000809
      ],
      [
        -0.126780212,
        -0.066832155,
        0.989676833
      ],
      [
        0.00754292263,
        -0.9977638,
        -0.0664119944
      ]
    ],
    "translation": [
      1.17799473,
      0.767496943,
      -0.3782171
    ]
  },
  {
    "timeStamp": 53741,
    "rotation": [
      [
        0.986997247,
        0.036281947,
        0.156588823
      ],
      [
        -0.153064325,
        -0.08524277,
        0.9845329
      ],
      [
        0.04906882,
        -0.9956994,
        -0.07858091
      ]
    ],
    "translation": [
      1.19400132,
      0.789182365,
      -0.39524278
    ]
  },
  {
    "timeStamp": 53796,
    "rotation": [
      [
        0.977404356,
        0.09369388,
        0.18947874
      ],
      [
        -0.182472825,
        -0.07848276,
        0.9800735
      ],
      [
        0.106697716,
        -0.992502868,
        -0.05961281
      ]
    ],
    "translation": [
      1.22064555,
      0.810629964,
      -0.431007922
    ]
  },
  {
    "timeStamp": 53841,
    "rotation": [
      [
        0.970425248,
        0.14461112,
        0.193293869
      ],
      [
        -0.18376112,
        -0.07673039,
        0.9799716
      ],
      [
        0.1565463,
        -0.986509,
        -0.04788721
      ]
    ],
    "translation": [
      1.25184226,
      0.8206153,
      -0.466219068
    ]
  },
  {
    "timeStamp": 53896,
    "rotation": [
      [
        0.958071351,
        0.221053228,
        0.182303712
      ],
      [
        -0.178861067,
        -0.0356673375,
        0.9832276
      ],
      [
        0.223847941,
        -0.974609256,
        0.00536596263
      ]
    ],
    "translation": [
      1.29763818,
      0.82316,
      -0.5228898
    ]
  },
  {
    "timeStamp": 53941,
    "rotation": [
      [
        0.9516553,
        0.256783366,
        0.168565482
      ],
      [
        -0.1754659,
        0.004027431,
        0.9844773
      ],
      [
        0.252118528,
        -0.9664605,
        0.0488894545
      ]
    ],
    "translation": [
      1.340305,
      0.821633637,
      -0.5686154
    ]
  },
  {
    "timeStamp": 53997,
    "rotation": [
      [
        0.943757355,
        0.299886733,
        0.13924779
      ],
      [
        -0.152995721,
        0.02273816,
        0.9879652
      ],
      [
        0.2931114,
        -0.953703761,
        0.0673406944
      ]
    ],
    "translation": [
      1.39790893,
      0.8190809,
      -0.6219702
    ]
  },
  {
    "timeStamp": 54041,
    "rotation": [
      [
        0.948325,
        0.2978597,
        0.1093586
      ],
      [
        -0.13462393,
        0.06560785,
        0.9887224
      ],
      [
        0.28732577,
        -0.9523524,
        0.102316611
      ]
    ],
    "translation": [
      1.44579029,
      0.814515,
      -0.660751343
    ]
  },
  {
    "timeStamp": 54096,
    "rotation": [
      [
        0.9614811,
        0.261691123,
        0.08409445
      ],
      [
        -0.121083856,
        0.128576651,
        0.9842798
      ],
      [
        0.2467647,
        -0.95654887,
        0.1553106
      ]
    ],
    "translation": [
      1.50658429,
      0.8094271,
      -0.7055225
    ]
  },
  {
    "timeStamp": 54141,
    "rotation": [
      [
        0.9701788,
        0.235546082,
        0.0571939
      ],
      [
        -0.09190615,
        0.139133,
        0.985999644
      ],
      [
        0.2242908,
        -0.961852431,
        0.156632021
      ]
    ],
    "translation": [
      1.552115,
      0.8088724,
      -0.7317425
    ]
  },
  {
    "timeStamp": 54197,
    "rotation": [
      [
        0.982050657,
        0.176595032,
        0.06626205
      ],
      [
        -0.09844984,
        0.180262357,
        0.97867924
      ],
      [
        0.160885319,
        -0.9676361,
        0.194412529
      ]
    ],
    "translation": [
      1.60159123,
      0.811919332,
      -0.762256
    ]
  },
  {
    "timeStamp": 54241,
    "rotation": [
      [
        0.9883938,
        0.125062943,
        0.08623735
      ],
      [
        -0.111849986,
        0.21497044,
        0.970194459
      ],
      [
        0.10279689,
        -0.9685798,
        0.22646375
      ]
    ],
    "translation": [
      1.63636291,
      0.815616369,
      -0.7803632
    ]
  },
  {
    "timeStamp": 54296,
    "rotation": [
      [
        0.9918964,
        0.07482197,
        0.102679908
      ],
      [
        -0.115889,
        0.2016102,
        0.972585738
      ],
      [
        0.0520694442,
        -0.9766038,
        0.208647475
      ]
    ],
    "translation": [
      1.6743536,
      0.823980331,
      -0.7900791
    ]
  },
  {
    "timeStamp": 54341,
    "rotation": [
      [
        0.9900715,
        0.0300878566,
        0.137306765
      ],
      [
        -0.14052549,
        0.18880555,
        0.9719079
      ],
      [
        0.00331832,
        -0.981553435,
        0.191159114
      ]
    ],
    "translation": [
      1.69928145,
      0.8337018,
      -0.79234153
    ]
  },
  {
    "timeStamp": 54396,
    "rotation": [
      [
        0.9865948,
        -0.02705112,
        0.160931468
      ],
      [
        -0.155124873,
        0.150712892,
        0.9763308
      ],
      [
        -0.0506653041,
        -0.9882074,
        0.144496247
      ]
    ],
    "translation": [
      1.73285353,
      0.846989453,
      -0.7887468
    ]
  },
  {
    "timeStamp": 54441,
    "rotation": [
      [
        0.983150959,
        -0.06586555,
        0.170516759
      ],
      [
        -0.163586363,
        0.09923815,
        0.981525
      ],
      [
        -0.08157043,
        -0.9928814,
        0.0867913738
      ]
    ],
    "translation": [
      1.76036584,
      0.860802233,
      -0.7825881
    ]
  },
  {
    "timeStamp": 54496,
    "rotation": [
      [
        0.9794716,
        -0.09872256,
        0.17575343
      ],
      [
        -0.172937274,
        0.03646106,
        0.984257758
      ],
      [
        -0.1035766,
        -0.9944468,
        0.0186397638
      ]
    ],
    "translation": [
      1.7945627,
      0.8790709,
      -0.7768132
    ]
  },
  {
    "timeStamp": 54541,
    "rotation": [
      [
        0.9758634,
        -0.128588423,
        0.176509663
      ],
      [
        -0.17801027,
        -0.000179947587,
        0.984028637
      ],
      [
        -0.126502931,
        -0.991698,
        -0.0230656657
      ]
    ],
    "translation": [
      1.824564,
      0.8927609,
      -0.775645733
    ]
  },
  {
    "timeStamp": 54596,
    "rotation": [
      [
        0.974935,
        -0.162580952,
        0.151885062
      ],
      [
        -0.157805309,
        -0.02406489,
        0.987176955
      ],
      [
        -0.156841069,
        -0.9864017,
        -0.04911784
      ]
    ],
    "translation": [
      1.86715043,
      0.9052438,
      -0.779652536
    ]
  },
  {
    "timeStamp": 54640,
    "rotation": [
      [
        0.965217,
        -0.216515139,
        0.146551117
      ],
      [
        -0.161332875,
        -0.0521535724,
        0.985521
      ],
      [
        -0.205737039,
        -0.974885166,
        -0.08527053
      ]
    ],
    "translation": [
      1.90387869,
      0.917090058,
      -0.7811952
    ]
  },
  {
    "timeStamp": 54695,
    "rotation": [
      [
        0.9511458,
        -0.282248,
        0.1251305
      ],
      [
        -0.1491699,
        -0.0652677342,
        0.9866552
      ],
      [
        -0.270314455,
        -0.9571187,
        -0.104182042
      ]
    ],
    "translation": [
      1.95480216,
      0.9268095,
      -0.786995769
    ]
  },
  {
    "timeStamp": 54739,
    "rotation": [
      [
        0.934486449,
        -0.341130972,
        0.10180752
      ],
      [
        -0.136929885,
        -0.0804491,
        0.987308562
      ],
      [
        -0.328611225,
        -0.936566949,
        -0.121889614
      ]
    ],
    "translation": [
      1.99933386,
      0.9321517,
      -0.7914837
    ]
  },
  {
    "timeStamp": 54795,
    "rotation": [
      [
        0.906571448,
        -0.419430733,
        0.04696896
      ],
      [
        -0.09473642,
        -0.0937832445,
        0.991075039
      ],
      [
        -0.41128242,
        -0.90293,
        -0.124756575
      ]
    ],
    "translation": [
      2.059737,
      0.932421565,
      -0.796106637
    ]
  },
  {
    "timeStamp": 54838,
    "rotation": [
      [
        0.8873491,
        -0.460729837,
        0.0184264928
      ],
      [
        -0.0701004937,
        -0.0952977538,
        0.9929775
      ],
      [
        -0.455738366,
        -0.882409453,
        -0.116859771
      ]
    ],
    "translation": [
      2.09468818,
      0.9300601,
      -0.79937005
    ]
  },
  {
    "timeStamp": 54891,
    "rotation": [
      [
        0.8439597,
        -0.536406,
        -0.0008239264
      ],
      [
        -0.06305738,
        -0.10073708,
        0.992912769
      ],
      [
        -0.5326873,
        -0.8379264,
        -0.118842393
      ]
    ],
    "translation": [
      2.15106416,
      0.924970865,
      -0.7988668
    ]
  },
  {
    "timeStamp": 54946,
    "rotation": [
      [
        0.8327572,
        -0.551205039,
        -0.0518514328
      ],
      [
        -0.0162282288,
        -0.117917977,
        0.9928907
      ],
      [
        -0.5534006,
        -0.8259954,
        -0.107142113
      ]
    ],
    "translation": [
      2.18931556,
      0.9169304,
      -0.794570446
    ]
  },
  {
    "timeStamp": 54991,
    "rotation": [
      [
        0.8268153,
        -0.5595254,
        -0.0575123467
      ],
      [
        -0.00167576317,
        -0.104698949,
        0.994502544
      ],
      [
        -0.5624709,
        -0.822173536,
        -0.08750433
      ]
    ],
    "translation": [
      2.209426,
      0.909484744,
      -0.788448632
    ]
  },
  {
    "timeStamp": 55046,
    "rotation": [
      [
        0.82105124,
        -0.56916064,
        -0.0439426154
      ],
      [
        -0.005841319,
        -0.08534945,
        0.996333957
      ],
      [
        -0.570824564,
        -0.817784548,
        -0.0734009147
      ]
    ],
    "translation": [
      2.22688556,
      0.9000907,
      -0.7777947
    ]
  },
  {
    "timeStamp": 55091,
    "rotation": [
      [
        0.8241692,
        -0.563488662,
        -0.056794785
      ],
      [
        0.017750483,
        -0.07453289,
        0.997060537
      ],
      [
        -0.566065431,
        -0.822754741,
        -0.0514255166
      ]
    ],
    "translation": [
      2.23944044,
      0.892032862,
      -0.7700958
    ]
  },
  {
    "timeStamp": 55146,
    "rotation": [
      [
        0.822214067,
        -0.5691436,
        0.00629279763
      ],
      [
        -0.0277379341,
        -0.02902395,
        0.9991938
      ],
      [
        -0.5685021,
        -0.8217257,
        -0.039650768
      ]
    ],
    "translation": [
      2.24049115,
      0.884077,
      -0.7594124
    ]
  },
  {
    "timeStamp": 55191,
    "rotation": [
      [
        0.8400173,
        -0.5419203,
        -0.0263307039
      ],
      [
        0.0123713044,
        -0.029386621,
        0.9994916
      ],
      [
        -0.5424185,
        -0.839916,
        -0.01798101
      ]
    ],
    "translation": [
      2.24551821,
      0.8777494,
      -0.7552349
    ]
  },
  {
    "timeStamp": 55246,
    "rotation": [
      [
        0.843131542,
        -0.537701368,
        0.00254568644
      ],
      [
        -0.0201388933,
        -0.0268466566,
        0.9994367
      ],
      [
        -0.537330151,
        -0.8427079,
        -0.0334639736
      ]
    ],
    "translation": [
      2.24249244,
      0.8753107,
      -0.7460276
    ]
  },
  {
    "timeStamp": 55291,
    "rotation": [
      [
        0.852936268,
        -0.5218733,
        -0.0121618472
      ],
      [
        0.000184779448,
        -0.0229960512,
        0.999735534
      ],
      [
        -0.5220149,
        -0.8527129,
        -0.0195177346
      ]
    ],
    "translation": [
      2.243113,
      0.869995832,
      -0.744031847
    ]
  },
  {
    "timeStamp": 55337,
    "rotation": [
      [
        0.8576591,
        -0.5140186,
        -0.0143435467
      ],
      [
        0.0102027124,
        -0.0108780153,
        0.9998888
      ],
      [
        -0.5141175,
        -0.857710063,
        -0.004085245
      ]
    ],
    "translation": [
      2.24397945,
      0.8640455,
      -0.743580639
    ]
  },
  {
    "timeStamp": 55394,
    "rotation": [
      [
        0.857264936,
        -0.5144513,
        -0.0208975486
      ],
      [
        0.0206378642,
        -0.0062213405,
        0.999767661
      ],
      [
        -0.5144618,
        -0.857497036,
        0.005283839
      ]
    ],
    "translation": [
      2.2466712,
      0.856893837,
      -0.742594659
    ]
  },
  {
    "timeStamp": 55440,
    "rotation": [
      [
        0.861381531,
        -0.5074133,
        -0.023525117
      ],
      [
        0.03009073,
        0.004740517,
        0.9995359
      ],
      [
        -0.5070663,
        -0.8616897,
        0.0193518326
      ]
    ],
    "translation": [
      2.24739432,
      0.8512782,
      -0.743998051
    ]
  },
  {
    "timeStamp": 55496,
    "rotation": [
      [
        0.8633322,
        -0.5044107,
        -0.0150762135
      ],
      [
        0.02235451,
        0.008380972,
        0.999715
      ],
      [
        -0.504140556,
        -0.863423169,
        0.0185114164
      ]
    ],
    "translation": [
      2.246678,
      0.8464806,
      -0.7431735
    ]
  },
  {
    "timeStamp": 55540,
    "rotation": [
      [
        0.8653193,
        -0.5004792,
        -0.0272578932
      ],
      [
        0.037362,
        0.0101754777,
        0.99925
      ],
      [
        -0.4998265,
        -0.865688741,
        0.0275039449
      ]
    ],
    "translation": [
      2.24793553,
      0.8416856,
      -0.7433437
    ]
  },
  {
    "timeStamp": 55596,
    "rotation": [
      [
        0.8655471,
        -0.500418842,
        -0.0202264339
      ],
      [
        0.03018612,
        0.0118135195,
        0.999474466
      ],
      [
        -0.499916881,
        -0.865702868,
        0.025330862
      ]
    ],
    "translation": [
      2.24797463,
      0.8387706,
      -0.742235363
    ]
  },
  {
    "timeStamp": 55640,
    "rotation": [
      [
        0.867469549,
        -0.497164577,
        -0.0180011187
      ],
      [
        0.0248026,
        0.00708089257,
        0.9996673
      ],
      [
        -0.4968717,
        -0.8676274,
        0.0184734315
      ]
    ],
    "translation": [
      2.24724269,
      0.836962,
      -0.7401301
    ]
  }
]