[
  {
    "timeStamp": 86459,
    "rotation": [
      [
        -0.4994553,
        0.4914026,
        0.71348995
      ],
      [
        -0.613792658,
        0.380494952,
        -0.691724062
      ],
      [
        -0.611394346,
        -0.783420146,
        0.111579068
      ]
    ],
    "translation": [
      1.48892736,
      0.741530836,
      -0.3431252
    ]
  },
  {
    "timeStamp": 86515,
    "rotation": [
      [
        -0.510359764,
        0.494606465,
        0.7034895
      ],
      [
        -0.618617535,
        0.357096,
        -0.6998534
      ],
      [
        -0.59736526,
        -0.792367935,
        0.123724796
      ]
    ],
    "translation": [
      1.491503,
      0.7486663,
      -0.344763368
    ]
  },
  {
    "timeStamp": 86560,
    "rotation": [
      [
        -0.5084055,
        0.50463444,
        0.6977592
      ],
      [
        -0.6298703,
        0.3346022,
        -0.7009314
      ],
      [
        -0.5871859,
        -0.795855165,
        0.147740617
      ]
    ],
    "translation": [
      1.49451554,
      0.758967161,
      -0.3495561
    ]
  },
  {
    "timeStamp": 86615,
    "rotation": [
      [
        -0.530408,
        0.5168674,
        0.671949
      ],
      [
        -0.6252257,
        0.296781421,
        -0.7218127
      ],
      [
        -0.572503448,
        -0.802975059,
        0.165743545
      ]
    ],
    "translation": [
      1.50176775,
      0.779056847,
      -0.359627217
    ]
  },
  {
    "timeStamp": 86659,
    "rotation": [
      [
        -0.560209155,
        0.5206461,
        0.6442774
      ],
      [
        -0.626061,
        0.243179753,
        -0.740885437
      ],
      [
        -0.5424143,
        -0.8184077,
        0.189724714
      ]
    ],
    "translation": [
      1.51126385,
      0.8012379,
      -0.3719108
    ]
  },
  {
    "timeStamp": 86715,
    "rotation": [
      [
        -0.56717217,
        0.552760839,
        0.6105499
      ],
      [
        -0.6245548,
        0.1945869,
        -0.756351233
      ],
      [
        -0.536886334,
        -0.8103033,
        0.234865174
      ]
    ],
    "translation": [
      1.52262318,
      0.826197147,
      -0.3988388
    ]
  },
  {
    "timeStamp": 86759,
    "rotation": [
      [
        -0.588377059,
        0.5647938,
        0.578636646
      ],
      [
        -0.613410056,
        0.1544704,
        -0.7745108
      ],
      [
        -0.526821136,
        -0.810645938,
        0.255563349
      ]
    ],
    "translation": [
      1.53646135,
      0.8448725,
      -0.427779436
    ]
  },
  {
    "timeStamp": 86815,
    "rotation": [
      [
        -0.5955371,
        0.5918661,
        0.5431667
      ],
      [
        -0.5895112,
        0.137336209,
        -0.7959995
      ],
      [
        -0.5457216,
        -0.7942502,
        0.2671229
      ]
    ],
    "translation": [
      1.55708551,
      0.8595996,
      -0.4742456
    ]
  },
  {
    "timeStamp": 86859,
    "rotation": [
      [
        -0.5898784,
        0.610967,
        0.52797997
      ],
      [
        -0.569240749,
        0.149119809,
        -0.8085346
      ],
      [
        -0.5727202,
        -0.777484834,
        0.259824723
      ]
    ],
    "translation": [
      1.57545817,
      0.863029838,
      -0.5164519
    ]
  },
  {
    "timeStamp": 86915,
    "rotation": [
      [
        -0.5653215,
        0.635490835,
        0.5258926
      ],
      [
        -0.5559948,
        0.177387685,
        -0.8120366
      ],
      [
        -0.6093287,
        -0.751455247,
        0.2530485
      ]
    ],
    "translation": [
      1.60216022,
      0.862164736,
      -0.5736312
    ]
  },
  {
    "timeStamp": 86959,
    "rotation": [
      [
        -0.5537879,
        0.6462579,
        0.5250425
      ],
      [
        -0.5335787,
        0.208647951,
        -0.8196095
      ],
      [
        -0.639228165,
        -0.734041333,
        0.229282752
      ]
    ],
    "translation": [
      1.62600791,
      0.858775,
      -0.618827
    ]
  },
  {
    "timeStamp": 87015,
    "rotation": [
      [
        -0.5608716,
        0.6470986,
        0.516416967
      ],
      [
        -0.489007473,
        0.244394884,
        -0.837342739
      ],
      [
        -0.668053,
        -0.722173452,
        0.1793619
      ]
    ],
    "translation": [
      1.65856016,
      0.8544598,
      -0.671812356
    ]
  },
  {
    "timeStamp": 87059,
    "rotation": [
      [
        -0.5711811,
        0.63706553,
        0.5175903
      ],
      [
        -0.4631123,
        0.27050668,
        -0.8440102
      ],
      [
        -0.6777014,
        -0.721785069,
        0.140524566
      ]
    ],
    "translation": [
      1.68617308,
      0.854263365,
      -0.705584645
    ]
  },
  {
    "timeStamp": 87114,
    "rotation": [
      [
        -0.611593843,
        0.601082146,
        0.514444649
      ],
      [
        -0.454284579,
        0.2655593,
        -0.8503551
      ],
      [
        -0.647748768,
        -0.7537762,
        0.1106479
      ]
    ],
    "translation": [
      1.72386384,
      0.8654912,
      -0.7325026
    ]
  },
  {
    "timeStamp": 87159,
    "rotation": [
      [
        -0.6509005,
        0.5670122,
        0.5048027
      ],
      [
        -0.453443825,
        0.242925912,
        -0.8575405
      ],
      [
        -0.608865559,
        -0.7870732,
        0.09898758
      ]
    ],
    "translation": [
      1.75540364,
      0.8804616,
      -0.74497354
    ]
  },
  {
    "timeStamp": 87214,
    "rotation": [
      [
        -0.6924495,
        0.502774239,
        0.5174281
      ],
      [
        -0.4902566,
        0.1982575,
        -0.8487299
      ],
      [
        -0.5293035,
        -0.8413751,
        0.109205067
      ]
    ],
    "translation": [
      1.80048478,
      0.904063,
      -0.75152576
    ]
  },
  {
    "timeStamp": 87259,
    "rotation": [
      [
        -0.7254849,
        0.435679138,
        0.5327809
      ],
      [
        -0.521734834,
        0.156708613,
        -0.8385912
      ],
      [
        -0.448848039,
        -0.8863556,
        0.113619238
      ]
    ],
    "translation": [
      1.84098887,
      0.922983468,
      -0.7515918
    ]
  },
  {
    "timeStamp": 87314,
    "rotation": [
      [
        -0.752053261,
        0.335564047,
        0.567285359
      ],
      [
        -0.567288756,
        0.108640395,
        -0.816321433
      ],
      [
        -0.335558236,
        -0.9357318,
        0.108658351
      ]
    ],
    "translation": [
      1.89720571,
      0.944059968,
      -0.7504747
    ]
  },
  {
    "timeStamp": 87359,
    "rotation": [
      [
        -0.7614202,
        0.2494746,
        0.5983324
      ],
      [
        -0.599812,
        0.0789794,
        -0.796233535
      ],
      [
        -0.245895967,
        -0.965155244,
        0.08950134
      ]
    ],
    "translation": [
      1.94486237,
      0.9565211,
      -0.749162436
    ]
  },
  {
    "timeStamp": 87414,
    "rotation": [
      [
        -0.745819867,
        0.146385714,
        0.6498645
      ],
      [
        -0.6516614,
        0.0420124531,
        -0.7573456
      ],
      [
        -0.138166979,
        -0.988335,
        0.0640602
      ]
    ],
    "translation": [
      2.00334549,
      0.9690883,
      -0.75025785
    ]
  },
  {
    "timeStamp": 87459,
    "rotation": [
      [
        -0.724745,
        0.08142356,
        0.6841892
      ],
      [
        -0.684403,
        0.0296546053,
        -0.7285006
      ],
      [
        -0.079606466,
        -0.9962383,
        0.0342345
      ]
    ],
    "translation": [
      2.04471,
      0.972124934,
      -0.7518058
    ]
  },
  {
    "timeStamp": 87513,
    "rotation": [
      [
        -0.698498547,
        0.0282760989,
        0.7150526
      ],
      [
        -0.71335125,
        0.0518414266,
        -0.698886633
      ],
      [
        -0.05683113,
        -0.9982549,
        -0.0160403717
      ]
    ],
    "translation": [
      2.0826683,
      0.964385033,
      -0.7544322
    ]
  },
  {
    "timeStamp": 87565,
    "rotation": [
      [
        -0.6567556,
        -0.03321472,
        0.753371656
      ],
      [
        -0.752942264,
        0.08430292,
        -0.652664542
      ],
      [
        -0.041833356,
        -0.995886445,
        -0.08037519
      ]
    ],
    "translation": [
      2.12761831,
      0.9484342,
      -0.758808136
    ]
  },
  {
    "timeStamp": 87609,
    "rotation": [
      [
        -0.653728545,
        -0.07467215,
        0.753035843
      ],
      [
        -0.7558699,
        0.111841261,
        -0.645098567
      ],
      [
        -0.0360495858,
        -0.99091655,
        -0.129556254
      ]
    ],
    "translation": [
      2.1542623,
      0.934278667,
      -0.7626887
    ]
  },
  {
    "timeStamp": 87665,
    "rotation": [
      [
        -0.6641622,
        -0.0962640047,
        0.741364837
      ],
      [
        -0.7447804,
        0.171072632,
        -0.6450088
      ],
      [
        -0.0647361,
        -0.980544448,
        -0.18531552
      ]
    ],
    "translation": [
      2.17358279,
      0.912823737,
      -0.7668223
    ]
  },
  {
    "timeStamp": 87709,
    "rotation": [
      [
        -0.6424326,
        -0.116416283,
        0.7574481
      ],
      [
        -0.762886345,
        0.190913513,
        -0.617702544
      ],
      [
        -0.07269644,
        -0.974679053,
        -0.211461455
      ]
    ],
    "translation": [
      2.18523622,
      0.90239054,
      -0.7681106
    ]
  },
  {
    "timeStamp": 87764,
    "rotation": [
      [
        -0.621810734,
        -0.124257751,
        0.773247361
      ],
      [
        -0.775381565,
        0.236551657,
        -0.585514069
      ],
      [
        -0.110158272,
        -0.9636407,
        -0.243437529
      ]
    ],
    "translation": [
      2.19363236,
      0.886615634,
      -0.7699115
    ]
  },
  {
    "timeStamp": 87809,
    "rotation": [
      [
        -0.609012961,
        -0.13438943,
        0.7816922
      ],
      [
        -0.7803083,
        0.278212875,
        -0.5601041
      ],
      [
        -0.142204776,
        -0.9510716,
        -0.274300426
      ]
    ],
    "translation": [
      2.1975534,
      0.8747153,
      -0.7705143
    ]
  },
  {
    "timeStamp": 87865,
    "rotation": [
      [
        -0.597027838,
        -0.134213924,
        0.7909136
      ],
      [
        -0.783433259,
        0.309663147,
        -0.538833
      ],
      [
        -0.172597915,
        -0.9413264,
        -0.290025175
      ]
    ],
    "translation": [
      2.19831944,
      0.866448462,
      -0.770645
    ]
  },
  {
    "timeStamp": 87909,
    "rotation": [
      [
        -0.60919863,
        -0.130107015,
        0.7822718
      ],
      [
        -0.7688044,
        0.3387961,
        -0.542362452
      ],
      [
        -0.194465473,
        -0.9318204,
        -0.306420982
      ]
    ],
    "translation": [
      2.19609642,
      0.861995459,
      -0.7719612
    ]
  }
]