[
  {
    "timeStamp": 71455,
    "rotation": [
      [
        0.5099027,
        -0.185935467,
        0.839897156
      ],
      [
        -0.16599,
        -0.9792788,
        -0.116018869
      ],
      [
        0.8440655,
        -0.08025617,
        -0.530200362
      ]
    ],
    "translation": [
      1.31388533,
      0.6966547,
      -0.620713353
    ]
  },
  {
    "timeStamp": 71501,
    "rotation": [
      [
        0.506578445,
        -0.209369212,
        0.83638674
      ],
      [
        -0.1822494,
        -0.9741512,
        -0.13347134
      ],
      [
        0.842711866,
        -0.0848172754,
        -0.5316414
      ]
    ],
    "translation": [
      1.31685448,
      0.7007663,
      -0.625694036
    ]
  },
  {
    "timeStamp": 71548,
    "rotation": [
      [
        0.483828753,
        -0.235182986,
        0.8429702
      ],
      [
        -0.194812715,
        -0.9679904,
        -0.158248618
      ],
      [
        0.8532044,
        -0.08765609,
        -0.5141582
      ]
    ],
    "translation": [
      1.322171,
      0.709549963,
      -0.6356716
    ]
  },
  {
    "timeStamp": 71599,
    "rotation": [
      [
        0.4526991,
        -0.266704351,
        0.8508421
      ],
      [
        -0.208384082,
        -0.9594397,
        -0.189872429
      ],
      [
        0.866971552,
        -0.0913468748,
        -0.489914417
      ]
    ],
    "translation": [
      1.3356868,
      0.724460959,
      -0.655229151
    ]
  },
  {
    "timeStamp": 71654,
    "rotation": [
      [
        0.408726573,
        -0.302536517,
        0.8610542
      ],
      [
        -0.234328046,
        -0.946618259,
        -0.221368775
      ],
      [
        0.8820618,
        -0.111289844,
        -0.457800865
      ]
    ],
    "translation": [
      1.35668743,
      0.741253436,
      -0.682690263
    ]
  },
  {
    "timeStamp": 71698,
    "rotation": [
      [
        0.378453851,
        -0.3188359,
        0.868974268
      ],
      [
        -0.230953455,
        -0.941636145,
        -0.244911954
      ],
      [
        0.896344364,
        -0.108004749,
        -0.4300021
      ]
    ],
    "translation": [
      1.38066769,
      0.7546442,
      -0.7053288
    ]
  },
  {
    "timeStamp": 71754,
    "rotation": [
      [
        0.348014116,
        -0.327878922,
        0.8782833
      ],
      [
        -0.241930977,
        -0.9365237,
        -0.253757477
      ],
      [
        0.905734837,
        -0.124172762,
        -0.4052475
      ]
    ],
    "translation": [
      1.41846049,
      0.7671839,
      -0.7368733
    ]
  },
  {
    "timeStamp": 71798,
    "rotation": [
      [
        0.3472677,
        -0.33878082,
        0.874432743
      ],
      [
        -0.271187842,
        -0.928902268,
        -0.252185762
      ],
      [
        0.8976983,
        -0.149559572,
        -0.414451
      ]
    ],
    "translation": [
      1.45370734,
      0.775655448,
      -0.7604198
    ]
  },
  {
    "timeStamp": 71854,
    "rotation": [
      [
        0.373428583,
        -0.367019147,
        0.851967156
      ],
      [
        -0.304177731,
        -0.9160746,
        -0.261310846
      ],
      [
        0.876371443,
        -0.161568478,
        -0.453727484
      ]
    ],
    "translation": [
      1.50201833,
      0.787641943,
      -0.7832003
    ]
  },
  {
    "timeStamp": 71899,
    "rotation": [
      [
        0.422900945,
        -0.3829304,
        0.821291149
      ],
      [
        -0.317577183,
        -0.9114756,
        -0.261451751
      ],
      [
        0.848704636,
        -0.150255129,
        -0.5070739
      ]
    ],
    "translation": [
      1.54547548,
      0.7954873,
      -0.793994069
    ]
  },
  {
    "timeStamp": 71954,
    "rotation": [
      [
        0.5245433,
        -0.425040245,
        0.7376958
      ],
      [
        -0.361787379,
        -0.8956235,
        -0.258782625
      ],
      [
        0.770690739,
        -0.131146356,
        -0.6235675
      ]
    ],
    "translation": [
      1.605706,
      0.806374669,
      -0.798351645
    ]
  },
  {
    "timeStamp": 71999,
    "rotation": [
      [
        0.619541049,
        -0.4442181,
        0.6471779
      ],
      [
        -0.355226964,
        -0.8938767,
        -0.273492843
      ],
      [
        0.69998765,
        -0.06045497,
        -0.711591542
      ]
    ],
    "translation": [
      1.65585017,
      0.8180252,
      -0.7930793
    ]
  },
  {
    "timeStamp": 72055,
    "rotation": [
      [
        0.7155445,
        -0.4659574,
        0.5204611
      ],
      [
        -0.3485387,
        -0.8838143,
        -0.312078744
      ],
      [
        0.605406344,
        0.04190542,
        -0.7948127
      ]
    ],
    "translation": [
      1.71849239,
      0.8391687,
      -0.7834737
    ]
  },
  {
    "timeStamp": 72099,
    "rotation": [
      [
        0.78280133,
        -0.458517075,
        0.4206949
      ],
      [
        -0.3169601,
        -0.875588357,
        -0.3645289
      ],
      [
        0.535498261,
        0.152010217,
        -0.8307434
      ]
    ],
    "translation": [
      1.77105892,
      0.860626161,
      -0.7727774
    ]
  },
  {
    "timeStamp": 72155,
    "rotation": [
      [
        0.860184252,
        -0.406940252,
        0.307380378
      ],
      [
        -0.252378732,
        -0.86342144,
        -0.436816156
      ],
      [
        0.4431569,
        0.298166126,
        -0.8454046
      ]
    ],
    "translation": [
      1.83964646,
      0.889315248,
      -0.759408057
    ]
  },
  {
    "timeStamp": 72199,
    "rotation": [
      [
        0.9128863,
        -0.329240322,
        0.241328329
      ],
      [
        -0.177772284,
        -0.8528184,
        -0.491017044
      ],
      [
        0.367471874,
        0.405341268,
        -0.837056041
      ]
    ],
    "translation": [
      1.896305,
      0.911254346,
      -0.749656439
    ]
  },
  {
    "timeStamp": 72255,
    "rotation": [
      [
        0.9599676,
        -0.222812444,
        0.169755012
      ],
      [
        -0.09458145,
        -0.8282702,
        -0.5522887
      ],
      [
        0.2636598,
        0.5141236,
        -0.816186547
      ]
    ],
    "translation": [
      1.96647978,
      0.9355537,
      -0.74220717
    ]
  },
  {
    "timeStamp": 72299,
    "rotation": [
      [
        0.9812769,
        -0.12722753,
        0.144598678
      ],
      [
        -0.0226495843,
        -0.821781158,
        -0.569352865
      ],
      [
        0.191265821,
        0.5554177,
        -0.8092766
      ]
    ],
    "translation": [
      2.01890016,
      0.945197761,
      -0.7402782
    ]
  },
  {
    "timeStamp": 72355,
    "rotation": [
      [
        0.993241131,
        -0.04781393,
        0.105763555
      ],
      [
        0.0203020722,
        -0.82559526,
        -0.5638975
      ],
      [
        0.114280038,
        0.5622334,
        -0.8190444
      ]
    ],
    "translation": [
      2.07486534,
      0.9443179,
      -0.7412057
    ]
  },
  {
    "timeStamp": 72399,
    "rotation": [
      [
        0.996857762,
        0.003398041,
        0.0791397
      ],
      [
        0.0436380431,
        -0.8573626,
        -0.5128597
      ],
      [
        0.06610871,
        0.514701664,
        -0.8548168
      ]
    ],
    "translation": [
      2.11383057,
      0.927937448,
      -0.744671
    ]
  },
  {
    "timeStamp": 72449,
    "rotation": [
      [
        0.9978167,
        0.0260437485,
        0.06069323
      ],
      [
        0.05029334,
        -0.895271063,
        -0.4426741
      ],
      [
        0.042808,
        0.444760054,
        -0.894626141
      ]
    ],
    "translation": [
      2.14280462,
      0.903843641,
      -0.7509227
    ]
  },
  {
    "timeStamp": 72505,
    "rotation": [
      [
        0.999161,
        0.00436214264,
        0.04072134
      ],
      [
        0.0184920412,
        -0.935234,
        -0.3535469
      ],
      [
        0.0365417562,
        0.35400328,
        -0.93453
      ]
    ],
    "translation": [
      2.16724157,
      0.87069124,
      -0.760625839
    ]
  },
  {
    "timeStamp": 72549,
    "rotation": [
      [
        0.998616755,
        -0.0104419971,
        0.0515324324
      ],
      [
        0.00547135,
        -0.95412457,
        -0.299359977
      ],
      [
        0.0522942729,
        0.299227834,
        -0.952747643
      ]
    ],
    "translation": [
      2.17260981,
      0.851771,
      -0.766621232
    ]
  },
  {
    "timeStamp": 72605,
    "rotation": [
      [
        0.9960273,
        -0.0799051747,
        0.0393031724
      ],
      [
        -0.06762169,
        -0.9658812,
        -0.25000158
      ],
      [
        0.057938613,
        0.246350646,
        -0.9674474
      ]
    ],
    "translation": [
      2.16887379,
      0.827914655,
      -0.7738792
    ]
  },
  {
    "timeStamp": 72649,
    "rotation": [
      [
        0.9949153,
        -0.0895713,
        0.0460495
      ],
      [
        -0.07877409,
        -0.97696,
        -0.198352441
      ],
      [
        0.06275521,
        0.193716377,
        -0.9790484
      ]
    ],
    "translation": [
      2.168185,
      0.809360743,
      -0.7795063
    ]
  },
  {
    "timeStamp": 72705,
    "rotation": [
      [
        0.996555567,
        -0.00221646973,
        0.08289832
      ],
      [
        0.01001306,
        -0.9891129,
        -0.146817327
      ],
      [
        0.08232121,
        0.14714168,
        -0.985683858
      ]
    ],
    "translation": [
      2.17709851,
      0.7909677,
      -0.7853104
    ]
  }
]