[
  {
    "timeStamp": 49763,
    "rotation": [
      [
        0.996684432,
        -0.0200831387,
        -0.07884612
      ],
      [
        0.07489091,
        -0.152331427,
        0.985487938
      ],
      [
        -0.03180244,
        -0.9881254,
        -0.150322318
      ]
    ],
    "translation": [
      1.46048188,
      0.7018807,
      -0.6216246
    ]
  },
  {
    "timeStamp": 49806,
    "rotation": [
      [
        0.9956687,
        -0.06277202,
        -0.06858142
      ],
      [
        0.0591477379,
        -0.1414488,
        0.988177
      ],
      [
        -0.07173062,
        -0.987953365,
        -0.137123331
      ]
    ],
    "translation": [
      1.46056616,
      0.7032081,
      -0.6224878
    ]
  },
  {
    "timeStamp": 49862,
    "rotation": [
      [
        0.997980654,
        -0.0341568142,
        -0.0535538979
      ],
      [
        0.0477111675,
        -0.153490514,
        0.9869976
      ],
      [
        -0.04193272,
        -0.9875596,
        -0.151550889
      ]
    ],
    "translation": [
      1.46266115,
      0.7093715,
      -0.6299123
    ]
  },
  {
    "timeStamp": 49906,
    "rotation": [
      [
        0.9996518,
        -0.00967815053,
        -0.0245463829
      ],
      [
        0.0224493984,
        -0.176852092,
        0.9839814
      ],
      [
        -0.0138642024,
        -0.9841898,
        -0.176573247
      ]
    ],
    "translation": [
      1.46372163,
      0.7231094,
      -0.6396387
    ]
  },
  {
    "timeStamp": 49962,
    "rotation": [
      [
        0.9989677,
        0.0233657137,
        0.03895716
      ],
      [
        -0.03401075,
        -0.183809325,
        0.982373357
      ],
      [
        0.0301145427,
        -0.982684255,
        -0.18282488
      ]
    ],
    "translation": [
      1.4679631,
      0.7444439,
      -0.662988
    ]
  },
  {
    "timeStamp": 50006,
    "rotation": [
      [
        0.9945905,
        0.06861237,
        0.07798805
      ],
      [
        -0.06563392,
        -0.166818574,
        0.98380065
      ],
      [
        0.0805107653,
        -0.983597457,
        -0.161412865
      ]
    ],
    "translation": [
      1.47639966,
      0.7579043,
      -0.691729367
    ]
  },
  {
    "timeStamp": 50062,
    "rotation": [
      [
        0.9860948,
        0.123510875,
        0.111185052
      ],
      [
        -0.09107025,
        -0.158013538,
        0.9832283
      ],
      [
        0.139008135,
        -0.979681969,
        -0.144568175
      ]
    ],
    "translation": [
      1.49561679,
      0.7720926,
      -0.732465267
    ]
  },
  {
    "timeStamp": 50106,
    "rotation": [
      [
        0.980794,
        0.148914218,
        0.125967145
      ],
      [
        -0.1049674,
        -0.141343951,
        0.9843799
      ],
      [
        0.164392844,
        -0.9786963,
        -0.122998163
      ]
    ],
    "translation": [
      1.517358,
      0.7799255,
      -0.765599966
    ]
  },
  {
    "timeStamp": 50162,
    "rotation": [
      [
        0.978016138,
        0.148609787,
        0.146285862
      ],
      [
        -0.133457884,
        -0.09295598,
        0.986685455
      ],
      [
        0.160229251,
        -0.984517336,
        -0.0710793
      ]
    ],
    "translation": [
      1.5491972,
      0.7880336,
      -0.805112958
    ]
  },
  {
    "timeStamp": 50206,
    "rotation": [
      [
        0.979719043,
        0.122197345,
        0.158802778
      ],
      [
        -0.148473948,
        -0.0894909054,
        0.9848588
      ],
      [
        0.134558529,
        -0.988463044,
        -0.069532834
      ]
    ],
    "translation": [
      1.57889283,
      0.796486557,
      -0.826978266
    ]
  },
  {
    "timeStamp": 50262,
    "rotation": [
      [
        0.9839176,
        0.0188895036,
        0.1776215
      ],
      [
        -0.176017731,
        -0.0666864,
        0.9821256
      ],
      [
        0.0303968117,
        -0.9975952,
        -0.0622890331
      ]
    ],
    "translation": [
      1.62190259,
      0.8079426,
      -0.837607443
    ]
  },
  {
    "timeStamp": 50306,
    "rotation": [
      [
        0.9786995,
        -0.101976335,
        0.178179815
      ],
      [
        -0.187171236,
        -0.08664443,
        0.9784987
      ],
      [
        -0.08434544,
        -0.9910063,
        -0.1038859
      ]
    ],
    "translation": [
      1.66380632,
      0.821617,
      -0.8286727
    ]
  },
  {
    "timeStamp": 50362,
    "rotation": [
      [
        0.9478235,
        -0.270127863,
        0.1692972
      ],
      [
        -0.212097943,
        -0.137862727,
        0.967475235
      ],
      [
        -0.238002241,
        -0.9529034,
        -0.1879631
      ]
    ],
    "translation": [
      1.726444,
      0.8472063,
      -0.8050981
    ]
  },
  {
    "timeStamp": 50408,
    "rotation": [
      [
        0.902152836,
        -0.4084344,
        0.138930529
      ],
      [
        -0.232949108,
        -0.190127328,
        0.953722358
      ],
      [
        -0.363118529,
        -0.8927671,
        -0.26666832
      ]
    ],
    "translation": [
      1.78434193,
      0.870851755,
      -0.7841587
    ]
  },
  {
    "timeStamp": 50460,
    "rotation": [
      [
        0.835895,
        -0.546549857,
        0.05062343
      ],
      [
        -0.247539267,
        -0.2930497,
        0.9234967
      ],
      [
        -0.4899018,
        -0.7844776,
        -0.380251348
      ]
    ],
    "translation": [
      1.86610854,
      0.9029872,
      -0.761463344
    ]
  },
  {
    "timeStamp": 50505,
    "rotation": [
      [
        0.7751107,
        -0.630793869,
        -0.0360896327
      ],
      [
        -0.2610619,
        -0.371758342,
        0.8908661
      ],
      [
        -0.575369537,
        -0.6810982,
        -0.452830136
      ]
    ],
    "translation": [
      1.93538213,
      0.9276694,
      -0.748949766
    ]
  },
  {
    "timeStamp": 50560,
    "rotation": [
      [
        0.71047014,
        -0.680840552,
        -0.178012058
      ],
      [
        -0.242046118,
        -0.47394076,
        0.8466368
      ],
      [
        -0.6607918,
        -0.558423042,
        -0.501515567
      ]
    ],
    "translation": [
      2.01920986,
      0.950683057,
      -0.7459368
    ]
  },
  {
    "timeStamp": 50614,
    "rotation": [
      [
        0.6634165,
        -0.693129,
        -0.281869948
      ],
      [
        -0.206592336,
        -0.5317385,
        0.821324348
      ],
      [
        -0.7191649,
        -0.486647964,
        -0.495959282
      ]
    ],
    "translation": [
      2.08351684,
      0.958733,
      -0.7498285
    ]
  },
  {
    "timeStamp": 50657,
    "rotation": [
      [
        0.602836847,
        -0.694148958,
        -0.393376529
      ],
      [
        -0.111188255,
        -0.56131494,
        0.820099235
      ],
      [
        -0.7900791,
        -0.450647175,
        -0.4155625
      ]
    ],
    "translation": [
      2.15179968,
      0.9472554,
      -0.76060313
    ]
  },
  {
    "timeStamp": 50712,
    "rotation": [
      [
        0.5915427,
        -0.655842245,
        -0.468986243
      ],
      [
        0.06710585,
        -0.539605141,
        0.8392396
      ],
      [
        -0.8034762,
        -0.5279178,
        -0.275188625
      ]
    ],
    "translation": [
      2.20029449,
      0.9097616,
      -0.7746199
    ]
  },
  {
    "timeStamp": 50756,
    "rotation": [
      [
        0.5958091,
        -0.595986843,
        -0.538341165
      ],
      [
        0.179959759,
        -0.554190457,
        0.8127038
      ],
      [
        -0.7827043,
        -0.581096053,
        -0.222938076
      ]
    ],
    "translation": [
      2.229702,
      0.8863771,
      -0.781953156
    ]
  },
  {
    "timeStamp": 50812,
    "rotation": [
      [
        0.6040882,
        -0.6160709,
        -0.5055039
      ],
      [
        0.200699732,
        -0.496266335,
        0.8446534
      ],
      [
        -0.7712309,
        -0.6116996,
        -0.176143348
      ]
    ],
    "translation": [
      2.24731135,
      0.8585193,
      -0.786033154
    ]
  },
  {
    "timeStamp": 50856,
    "rotation": [
      [
        0.631583,
        -0.56834507,
        -0.527339339
      ],
      [
        0.268531084,
        -0.4777104,
        0.836471
      ],
      [
        -0.7273197,
        -0.6699079,
        -0.149095461
      ]
    ],
    "translation": [
      2.25582933,
      0.8415442,
      -0.7890951
    ]
  },
  {
    "timeStamp": 50912,
    "rotation": [
      [
        0.6487905,
        -0.586432934,
        -0.484940559
      ],
      [
        0.258042336,
        -0.4299674,
        0.8651833
      ],
      [
        -0.715880632,
        -0.6864579,
        -0.127634242
      ]
    ],
    "translation": [
      2.25757384,
      0.824042141,
      -0.78948313
    ]
  },
  {
    "timeStamp": 50956,
    "rotation": [
      [
        0.6672652,
        -0.5587214,
        -0.4925318
      ],
      [
        0.287693173,
        -0.4166154,
        0.8623597
      ],
      [
        -0.6870152,
        -0.7171206,
        -0.117252596
      ]
    ],
    "translation": [
      2.259081,
      0.8130776,
      -0.7893087
    ]
  },
  {
    "timeStamp": 51012,
    "rotation": [
      [
        0.675125837,
        -0.5427319,
        -0.499647051
      ],
      [
        0.319851547,
        -0.394971728,
        0.8612156
      ],
      [
        -0.6647556,
        -0.741241753,
        -0.0930620059
      ]
    ],
    "translation": [
      2.26172113,
      0.7997198,
      -0.790427
    ]
  },
  {
    "timeStamp": 51057,
    "rotation": [
      [
        0.663868964,
        -0.546840131,
        -0.510141
      ],
      [
        0.35196203,
        -0.373415738,
        0.858302653
      ],
      [
        -0.659849,
        -0.7493507,
        -0.0554321669
      ]
    ],
    "translation": [
      2.2655313,
      0.7894683,
      -0.793324351
    ]
  },
  {
    "timeStamp": 51114,
    "rotation": [
      [
        0.6684212,
        -0.5604465,
        -0.488991737
      ],
      [
        0.378018349,
        -0.3102182,
        0.8722768
      ],
      [
        -0.6405586,
        -0.7678962,
        0.00450263452
      ]
    ],
    "translation": [
      2.265393,
      0.7766915,
      -0.800130665
    ]
  }
]