[
  {
    "timeStamp": 52339,
    "rotation": [
      [
        -0.0116606923,
        0.9995784,
        0.0265890565
      ],
      [
        -0.0104474183,
        -0.0267112013,
        0.9995886
      ],
      [
        0.9998774,
        0.011378116,
        0.0107544847
      ]
    ],
    "translation": [
      1.76373327,
      0.70073235,
      -0.490844667
    ]
  },
  {
    "timeStamp": 52388,
    "rotation": [
      [
        -0.0123818684,
        0.9998331,
        0.0134355249
      ],
      [
        0.004390468,
        -0.0133820632,
        0.9999008
      ],
      [
        0.9999137,
        0.0124396281,
        -0.00422404
      ]
    ],
    "translation": [
      1.76116014,
      0.7013962,
      -0.4940341
    ]
  },
  {
    "timeStamp": 52436,
    "rotation": [
      [
        -0.06306834,
        0.995605946,
        0.0692189
      ],
      [
        0.0369216,
        -0.06698188,
        0.997070849
      ],
      [
        0.997326,
        0.06543925,
        -0.03253493
      ]
    ],
    "translation": [
      1.74861312,
      0.714729965,
      -0.5073765
    ]
  },
  {
    "timeStamp": 52494,
    "rotation": [
      [
        -0.141566962,
        0.9846484,
        0.10210973
      ],
      [
        0.06718589,
        -0.09335391,
        0.993363559
      ],
      [
        0.987646163,
        0.147487774,
        -0.052938655
      ]
    ],
    "translation": [
      1.73517871,
      0.733015954,
      -0.5362093
    ]
  },
  {
    "timeStamp": 52536,
    "rotation": [
      [
        -0.221728817,
        0.9642551,
        0.145081013
      ],
      [
        0.0499464124,
        -0.137358353,
        0.9892614
      ],
      [
        0.9738284,
        0.226594016,
        -0.0177047774
      ]
    ],
    "translation": [
      1.72426093,
      0.7452961,
      -0.5737437
    ]
  },
  {
    "timeStamp": 52592,
    "rotation": [
      [
        -0.327446759,
        0.9287945,
        0.173549414
      ],
      [
        0.0388759,
        -0.170276657,
        0.984629154
      ],
      [
        0.9440695,
        0.3291605,
        0.0196488183
      ]
    ],
    "translation": [
      1.71758115,
      0.7604271,
      -0.6306024
    ]
  },
  {
    "timeStamp": 52636,
    "rotation": [
      [
        -0.3783035,
        0.9079003,
        0.180564627
      ],
      [
        0.03295995,
        -0.1817264,
        0.9827966
      ],
      [
        0.925094664,
        0.3777468,
        0.03882339
      ]
    ],
    "translation": [
      1.720803,
      0.7719195,
      -0.676573634
    ]
  },
  {
    "timeStamp": 52692,
    "rotation": [
      [
        -0.405101985,
        0.8910971,
        0.204544127
      ],
      [
        0.02858153,
        -0.211271167,
        0.977009535
      ],
      [
        0.9138246,
        0.401634663,
        0.06011745
      ]
    ],
    "translation": [
      1.73281634,
      0.7890681,
      -0.730251431
    ]
  },
  {
    "timeStamp": 52736,
    "rotation": [
      [
        -0.3797965,
        0.8979652,
        0.222290561
      ],
      [
        0.0361411236,
        -0.225709125,
        0.9735241
      ],
      [
        0.9243638,
        0.3777749,
        0.053270068
      ]
    ],
    "translation": [
      1.75151443,
      0.804061,
      -0.764083564
    ]
  },
  {
    "timeStamp": 52793,
    "rotation": [
      [
        -0.293186665,
        0.923142135,
        0.248697087
      ],
      [
        0.0438286066,
        -0.246877,
        0.9680552
      ],
      [
        0.955050051,
        0.2947209,
        0.0319210067
      ]
    ],
    "translation": [
      1.785711,
      0.824637353,
      -0.7937583
    ]
  },
  {
    "timeStamp": 52837,
    "rotation": [
      [
        -0.201774389,
        0.94606936,
        0.2534559
      ],
      [
        0.08281702,
        -0.241371587,
        0.9668925
      ],
      [
        0.975924432,
        0.216084614,
        -0.02964804
      ]
    ],
    "translation": [
      1.82105768,
      0.844262242,
      -0.804905653
    ]
  },
  {
    "timeStamp": 52894,
    "rotation": [
      [
        -0.06466684,
        0.9697529,
        0.235366613
      ],
      [
        0.156199753,
        -0.223116428,
        0.962195754
      ],
      [
        0.9856063,
        0.09898638,
        -0.137046918
      ]
    ],
    "translation": [
      1.87633955,
      0.8705981,
      -0.806074262
    ]
  },
  {
    "timeStamp": 52938,
    "rotation": [
      [
        0.0388977975,
        0.9848558,
        0.168955892
      ],
      [
        0.224651545,
        -0.173374459,
        0.9588915
      ],
      [
        0.9736625,
        0.0006574601,
        -0.22799325
      ]
    ],
    "translation": [
      1.93087649,
      0.8891215,
      -0.7999118
    ]
  },
  {
    "timeStamp": 52994,
    "rotation": [
      [
        0.139475614,
        0.9885204,
        0.0580866523
      ],
      [
        0.306333631,
        -0.0988560244,
        0.9467773
      ],
      [
        0.941650867,
        -0.114258453,
        -0.316605031
      ]
    ],
    "translation": [
      2.00258327,
      0.9073632,
      -0.7902257
    ]
  },
  {
    "timeStamp": 53038,
    "rotation": [
      [
        0.2231137,
        0.974523962,
        -0.0228740666
      ],
      [
        0.357730865,
        -0.06002774,
        0.9318934
      ],
      [
        0.9067794,
        -0.216100946,
        -0.36201033
      ]
    ],
    "translation": [
      2.059851,
      0.9149682,
      -0.782320857
    ]
  },
  {
    "timeStamp": 53094,
    "rotation": [
      [
        0.282641828,
        0.9515202,
        -0.121338382
      ],
      [
        0.358600169,
        0.0125091961,
        0.9334074
      ],
      [
        0.8896739,
        -0.307331949,
        -0.337679654
      ]
    ],
    "translation": [
      2.12273169,
      0.9050507,
      -0.7763525
    ]
  },
  {
    "timeStamp": 53141,
    "rotation": [
      [
        0.260596871,
        0.9482405,
        -0.181464314
      ],
      [
        0.337623626,
        0.08658262,
        0.9372906
      ],
      [
        0.904488564,
        -0.305521667,
        -0.297585219
      ]
    ],
    "translation": [
      2.15787363,
      0.8859006,
      -0.7728499
    ]
  },
  {
    "timeStamp": 53189,
    "rotation": [
      [
        0.245332733,
        0.9421245,
        -0.228502229
      ],
      [
        0.330521762,
        0.140295908,
        0.9333126
      ],
      [
        0.9113546,
        -0.3044971,
        -0.276973456
      ]
    ],
    "translation": [
      2.18993425,
      0.863301337,
      -0.7688029
    ]
  },
  {
    "timeStamp": 53244,
    "rotation": [
      [
        0.2190132,
        0.9429231,
        -0.2508568
      ],
      [
        0.286549449,
        0.183604047,
        0.9403079
      ],
      [
        0.9326964,
        -0.277822733,
        -0.2299824
      ]
    ],
    "translation": [
      2.20858669,
      0.840141535,
      -0.7686939
    ]
  },
  {
    "timeStamp": 53289,
    "rotation": [
      [
        0.209058419,
        0.9447646,
        -0.252417266
      ],
      [
        0.265820146,
        0.193499789,
        0.944403231
      ],
      [
        0.941081464,
        -0.264533043,
        -0.2106847
      ]
    ],
    "translation": [
      2.21883,
      0.8262565,
      -0.76774466
    ]
  },
  {
    "timeStamp": 53344,
    "rotation": [
      [
        0.135955334,
        0.945652544,
        -0.295393646
      ],
      [
        0.260688275,
        0.2535079,
        0.9315446
      ],
      [
        0.9558022,
        -0.203654125,
        -0.212054774
      ]
    ],
    "translation": [
      2.225974,
      0.8156026,
      -0.765354633
    ]
  },
  {
    "timeStamp": 53388,
    "rotation": [
      [
        0.113184936,
        0.948881865,
        -0.2946394
      ],
      [
        0.264735132,
        0.257023484,
        0.9294376
      ],
      [
        0.9576557,
        -0.183199763,
        -0.222111151
      ]
    ],
    "translation": [
      2.2279923,
      0.809593558,
      -0.761326432
    ]
  },
  {
    "timeStamp": 53444,
    "rotation": [
      [
        0.07290792,
        0.9352115,
        -0.346502334
      ],
      [
        0.288577557,
        0.312783837,
        0.904925
      ],
      [
        0.954676569,
        -0.165969014,
        -0.247076616
      ]
    ],
    "translation": [
      2.234216,
      0.8067653,
      -0.7561803
    ]
  }
]