[
  {
    "timeStamp": 35915,
    "rotation": [
      [
        0.9999982,
        -4.008242E-06,
        -0.001874205
      ],
      [
        0.001874209,
        0.00171027123,
        0.9999968
      ],
      [
        -8.030274E-07,
        -0.9999985,
        0.00171027577
      ]
    ],
    "translation": [
      1.76999593,
      0.704696,
      -0.359996468
    ]
  },
  {
    "timeStamp": 35970,
    "rotation": [
      [
        0.999935746,
        0.006736949,
        0.009113372
      ],
      [
        -0.00920735,
        0.0140529051,
        0.999858856
      ],
      [
        0.006607925,
        -0.9998785,
        0.0141140316
      ]
    ],
    "translation": [
      1.77042031,
      0.704959333,
      -0.3597778
    ]
  },
  {
    "timeStamp": 36014,
    "rotation": [
      [
        0.999754548,
        0.009478897,
        0.0200266931
      ],
      [
        -0.02019304,
        0.0177915543,
        0.9996378
      ],
      [
        0.009119155,
        -0.9997968,
        0.0179785937
      ]
    ],
    "translation": [
      1.77053356,
      0.705182552,
      -0.359760821
    ]
  },
  {
    "timeStamp": 36069,
    "rotation": [
      [
        0.9989,
        0.046287857,
        -0.00750062754
      ],
      [
        0.00725323753,
        0.00551023846,
        0.9999585
      ],
      [
        0.0463272668,
        -0.998913,
        0.00516844029
      ]
    ],
    "translation": [
      1.78267872,
      0.7076745,
      -0.362001836
    ]
  },
  {
    "timeStamp": 36114,
    "rotation": [
      [
        0.9983507,
        0.0323425531,
        0.0474341847
      ],
      [
        -0.04671158,
        -0.0227436088,
        0.9986495
      ],
      [
        0.0333776921,
        -0.999218047,
        -0.0211953241
      ]
    ],
    "translation": [
      1.77384138,
      0.7263918,
      -0.361691535
    ]
  },
  {
    "timeStamp": 36169,
    "rotation": [
      [
        0.9894281,
        -0.015124565,
        0.144233331
      ],
      [
        -0.144981191,
        -0.07894723,
        0.9862798
      ],
      [
        -0.00353024178,
        -0.996764,
        -0.08030538
      ]
    ],
    "translation": [
      1.76488733,
      0.7648522,
      -0.363364756
    ]
  },
  {
    "timeStamp": 36214,
    "rotation": [
      [
        0.977224231,
        -0.06425639,
        0.202247486
      ],
      [
        -0.209762409,
        -0.148165956,
        0.9664609
      ],
      [
        -0.0321351178,
        -0.986872852,
        -0.158269927
      ]
    ],
    "translation": [
      1.76220691,
      0.8037872,
      -0.3633209
    ]
  },
  {
    "timeStamp": 36270,
    "rotation": [
      [
        0.9407074,
        -0.169557258,
        0.293802559
      ],
      [
        -0.3269881,
        -0.222775981,
        0.918395162
      ],
      [
        -0.0902684256,
        -0.960011065,
        -0.2650102
      ]
    ],
    "translation": [
      1.77240229,
      0.861834168,
      -0.372467339
    ]
  },
  {
    "timeStamp": 36314,
    "rotation": [
      [
        0.9248922,
        -0.248401538,
        0.2878734
      ],
      [
        -0.357523233,
        -0.31043002,
        0.880800962
      ],
      [
        -0.129427776,
        -0.9175674,
        -0.3759236
      ]
    ],
    "translation": [
      1.7977289,
      0.9075505,
      -0.3777481
    ]
  },
  {
    "timeStamp": 36369,
    "rotation": [
      [
        0.9036732,
        -0.343963623,
        0.25507623
      ],
      [
        -0.384257,
        -0.388434768,
        0.8375351
      ],
      [
        -0.189001128,
        -0.854872763,
        -0.48318848
      ]
    ],
    "translation": [
      1.84050965,
      0.9541157,
      -0.4028377
    ]
  },
  {
    "timeStamp": 36414,
    "rotation": [
      [
        0.892748356,
        -0.407239228,
        0.1927603
      ],
      [
        -0.3774186,
        -0.442268252,
        0.813605547
      ],
      [
        -0.246080339,
        -0.799096346,
        -0.5485339
      ]
    ],
    "translation": [
      1.88589513,
      0.983920634,
      -0.4247
    ]
  },
  {
    "timeStamp": 36469,
    "rotation": [
      [
        0.873405337,
        -0.475681543,
        0.104356356
      ],
      [
        -0.356371,
        -0.478245318,
        0.802671254
      ],
      [
        -0.331907958,
        -0.7382469,
        -0.5872211
      ]
    ],
    "translation": [
      1.93929207,
      1.005505,
      -0.464712054
    ]
  },
  {
    "timeStamp": 36514,
    "rotation": [
      [
        0.8540819,
        -0.520137,
        -0.001231255
      ],
      [
        -0.310398251,
        -0.511580646,
        0.801210463
      ],
      [
        -0.4173691,
        -0.683917165,
        -0.598381341
      ]
    ],
    "translation": [
      1.99343562,
      1.01407266,
      -0.496331662
    ]
  },
  {
    "timeStamp": 36569,
    "rotation": [
      [
        0.81819427,
        -0.5659755,
        -0.101142868
      ],
      [
        -0.23695679,
        -0.492234915,
        0.837589562
      ],
      [
        -0.5238412,
        -0.661344469,
        -0.5368555
      ]
    ],
    "translation": [
      2.04406977,
      1.003597,
      -0.5425219
    ]
  },
  {
    "timeStamp": 36624,
    "rotation": [
      [
        0.766261637,
        -0.6214892,
        -0.1630773
      ],
      [
        -0.187321126,
        -0.458859,
        0.868538558
      ],
      [
        -0.6146168,
        -0.634979963,
        -0.468024135
      ]
    ],
    "translation": [
      2.08725333,
      0.9867753,
      -0.5798722
    ]
  },
  {
    "timeStamp": 36664,
    "rotation": [
      [
        0.691044867,
        -0.676180065,
        -0.255416274
      ],
      [
        -0.106067576,
        -0.44440335,
        0.889525354
      ],
      [
        -0.714987159,
        -0.587610543,
        -0.378823459
      ]
    ],
    "translation": [
      2.13700843,
      0.967051744,
      -0.6216568
    ]
  },
  {
    "timeStamp": 36720,
    "rotation": [
      [
        0.608766556,
        -0.7451506,
        -0.272312
      ],
      [
        -0.08817834,
        -0.40466848,
        0.910202146
      ],
      [
        -0.7884338,
        -0.5300886,
        -0.312054783
      ]
    ],
    "translation": [
      2.16618419,
      0.949492633,
      -0.652145267
    ]
  },
  {
    "timeStamp": 36764,
    "rotation": [
      [
        0.5573481,
        -0.771514356,
        -0.3068042
      ],
      [
        -0.0233590528,
        -0.383943766,
        0.923060954
      ],
      [
        -0.829950333,
        -0.5072996,
        -0.232012153
      ]
    ],
    "translation": [
      2.18937373,
      0.9281807,
      -0.6816119
    ]
  },
  {
    "timeStamp": 36820,
    "rotation": [
      [
        0.5081879,
        -0.8161485,
        -0.275039256
      ],
      [
        -0.0135213425,
        -0.3268716,
        0.944972038
      ],
      [
        -0.8611401,
        -0.476504445,
        -0.177147627
      ]
    ],
    "translation": [
      2.19813466,
      0.902885854,
      -0.701391041
    ]
  },
  {
    "timeStamp": 36864,
    "rotation": [
      [
        0.477901518,
        -0.8312844,
        -0.283859879
      ],
      [
        0.04720926,
        -0.298377424,
        0.953279734
      ],
      [
        -0.8771439,
        -0.46897465,
        -0.103350706
      ]
    ],
    "translation": [
      2.208615,
      0.8810681,
      -0.723723
    ]
  },
  {
    "timeStamp": 36920,
    "rotation": [
      [
        0.4474529,
        -0.863188446,
        -0.233862415
      ],
      [
        0.0542881265,
        -0.234801814,
        0.9705261
      ],
      [
        -0.892658234,
        -0.4469607,
        -0.0582018681
      ]
    ],
    "translation": [
      2.20884275,
      0.8581524,
      -0.7352961
    ]
  },
  {
    "timeStamp": 36964,
    "rotation": [
      [
        0.439865857,
        -0.8610681,
        -0.2551073
      ],
      [
        0.114916719,
        -0.227761731,
        0.966912
      ],
      [
        -0.89068073,
        -0.454627633,
        -0.00123348332
      ]
    ],
    "translation": [
      2.21688962,
      0.841768444,
      -0.751755953
    ]
  },
  {
    "timeStamp": 37021,
    "rotation": [
      [
        0.4104452,
        -0.8937486,
        -0.180964619
      ],
      [
        0.09902061,
        -0.153594255,
        0.9831601
      ],
      [
        -0.906493068,
        -0.421452582,
        0.0254575014
      ]
    ],
    "translation": [
      2.20964456,
      0.8229586,
      -0.758266866
    ]
  },
  {
    "timeStamp": 37066,
    "rotation": [
      [
        0.397248417,
        -0.885113955,
        -0.24241899
      ],
      [
        0.15751411,
        -0.19447498,
        0.9681781
      ],
      [
        -0.9040924,
        -0.4227916,
        0.06216306
      ]
    ],
    "translation": [
      2.22710156,
      0.8150046,
      -0.769926667
    ]
  },
  {
    "timeStamp": 37123,
    "rotation": [
      [
        0.388708055,
        -0.9030652,
        -0.182700038
      ],
      [
        0.151991859,
        -0.1327272,
        0.9794294
      ],
      [
        -0.908737838,
        -0.408481,
        0.0856664255
      ]
    ],
    "translation": [
      2.21826982,
      0.7997454,
      -0.7728267
    ]
  },
  {
    "timeStamp": 37168,
    "rotation": [
      [
        0.3787965,
        -0.9000599,
        -0.215419054
      ],
      [
        0.185043618,
        -0.154407,
        0.970524251
      ],
      [
        -0.906792164,
        -0.4074931,
        0.108061507
      ]
    ],
    "translation": [
      2.22801018,
      0.791830957,
      -0.7788432
    ]
  },
  {
    "timeStamp": 37225,
    "rotation": [
      [
        0.376943141,
        -0.903795362,
        -0.202651978
      ],
      [
        0.1913212,
        -0.138098374,
        0.9717639
      ],
      [
        -0.9062616,
        -0.405071318,
        0.120859981
      ]
    ],
    "translation": [
      2.22782,
      0.7824058,
      -0.781314433
    ]
  },
  {
    "timeStamp": 37269,
    "rotation": [
      [
        0.368808657,
        -0.910232,
        -0.1883028
      ],
      [
        0.188493013,
        -0.125135332,
        0.9740696
      ],
      [
        -0.9101926,
        -0.394739032,
        0.125421375
      ]
    ],
    "translation": [
      2.22814322,
      0.774696946,
      -0.782586336
    ]
  },
  {
    "timeStamp": 37314,
    "rotation": [
      [
        0.364421278,
        -0.91677475,
        -0.163466468
      ],
      [
        0.181000143,
        -0.102458537,
        0.9781315
      ],
      [
        -0.913474739,
        -0.3860394,
        0.128598273
      ]
    ],
    "translation": [
      2.22554016,
      0.766975045,
      -0.7844658
    ]
  },
  {
    "timeStamp": 37369,
    "rotation": [
      [
        0.35737,
        -0.9215229,
        -0.151928484
      ],
      [
        0.179259732,
        -0.09196834,
        0.9794936
      ],
      [
        -0.916598439,
        -0.3772763,
        0.132325217
      ]
    ],
    "translation": [
      2.225978,
      0.7583081,
      -0.7851315
    ]
  },
  {
    "timeStamp": 37424,
    "rotation": [
      [
        0.3550643,
        -0.9282496,
        -0.110824034
      ],
      [
        0.154823825,
        -0.058522027,
        0.986207247
      ],
      [
        -0.9219321,
        -0.3673252,
        0.122936077
      ]
    ],
    "translation": [
      2.21940064,
      0.7500624,
      -0.783868
    ]
  },
  {
    "timeStamp": 37469,
    "rotation": [
      [
        0.355637461,
        -0.9264829,
        -0.12309093
      ],
      [
        0.1582843,
        -0.07009383,
        0.9849025
      ],
      [
        -0.921123266,
        -0.3697516,
        0.121719711
      ]
    ],
    "translation": [
      2.22196317,
      0.745819,
      -0.7845423
    ]
  },
  {
    "timeStamp": 37525,
    "rotation": [
      [
        0.339271843,
        -0.932643533,
        -0.122762561
      ],
      [
        0.160182044,
        -0.07131923,
        0.9845076
      ],
      [
        -0.926950037,
        -0.3536801,
        0.125196144
      ]
    ],
    "translation": [
      2.225254,
      0.7432352,
      -0.7870616
    ]
  }
]