[
  {
    "timeStamp": 27640,
    "rotation": [
      [
        -0.892533064,
        0.450976759,
        -0.00216959929
      ],
      [
        0.450939745,
        0.892505,
        0.00938575
      ],
      [
        0.006169133,
        0.0073987334,
        -0.9999536
      ]
    ],
    "translation": [
      1.61620831,
      0.725132644,
      -0.752079248
    ]
  },
  {
    "timeStamp": 27685,
    "rotation": [
      [
        -0.881872,
        0.4709821,
        -0.0218553431
      ],
      [
        0.470188439,
        0.881934762,
        0.03337604
      ],
      [
        0.0349945053,
        0.0191572662,
        -0.999203861
      ]
    ],
    "translation": [
      1.61589324,
      0.7342677,
      -0.754221857
    ]
  },
  {
    "timeStamp": 27740,
    "rotation": [
      [
        -0.85412997,
        0.518048763,
        -0.0456872471
      ],
      [
        0.516542435,
        0.855273366,
        0.0411263965
      ],
      [
        0.0603805669,
        0.0115278866,
        -0.998108864
      ]
    ],
    "translation": [
      1.61534393,
      0.75308764,
      -0.755203
    ]
  },
  {
    "timeStamp": 27785,
    "rotation": [
      [
        -0.818168759,
        0.5691392,
        -0.08173454
      ],
      [
        0.565895557,
        0.8222339,
        0.0607753
      ],
      [
        0.101794511,
        0.00347123714,
        -0.9947994
      ]
    ],
    "translation": [
      1.61529934,
      0.77439,
      -0.7565766
    ]
  },
  {
    "timeStamp": 27840,
    "rotation": [
      [
        -0.7417822,
        0.6520652,
        -0.156748623
      ],
      [
        0.646155357,
        0.7574836,
        0.09328403
      ],
      [
        0.179561779,
        -0.032087516,
        -0.983223259
      ]
    ],
    "translation": [
      1.62316334,
      0.809497237,
      -0.7536966
    ]
  },
  {
    "timeStamp": 27885,
    "rotation": [
      [
        -0.6567294,
        0.719253659,
        -0.226672977
      ],
      [
        0.70784533,
        0.6915977,
        0.143692911
      ],
      [
        0.260118157,
        -0.0660820454,
        -0.9633129
      ]
    ],
    "translation": [
      1.63312232,
      0.8408702,
      -0.7513524
    ]
  },
  {
    "timeStamp": 27940,
    "rotation": [
      [
        -0.537139952,
        0.780401766,
        -0.320084
      ],
      [
        0.7680463,
        0.6093826,
        0.19686988
      ],
      [
        0.348691225,
        -0.140092656,
        -0.92670846
      ]
    ],
    "translation": [
      1.66365588,
      0.8787337,
      -0.7439663
    ]
  },
  {
    "timeStamp": 27984,
    "rotation": [
      [
        -0.4028873,
        0.8247212,
        -0.396883845
      ],
      [
        0.804039061,
        0.5260975,
        0.2770247
      ],
      [
        0.437267721,
        -0.207500368,
        -0.875066042
      ]
    ],
    "translation": [
      1.69227624,
      0.9104849,
      -0.7358238
    ]
  },
  {
    "timeStamp": 28040,
    "rotation": [
      [
        -0.270667672,
        0.826954663,
        -0.492833763
      ],
      [
        0.8237604,
        0.4638733,
        0.325945348
      ],
      [
        0.498154432,
        -0.31775406,
        -0.806768
      ]
    ],
    "translation": [
      1.74648619,
      0.94091934,
      -0.7234548
    ]
  },
  {
    "timeStamp": 28085,
    "rotation": [
      [
        -0.133757249,
        0.828007758,
        -0.5445294
      ],
      [
        0.823388159,
        0.398626149,
        0.4038926
      ],
      [
        0.55148983,
        -0.394335449,
        -0.735090852
      ]
    ],
    "translation": [
      1.79088473,
      0.9656569,
      -0.7142068
    ]
  },
  {
    "timeStamp": 28140,
    "rotation": [
      [
        0.027067421,
        0.795526743,
        -0.60531354
      ],
      [
        0.808407545,
        0.338765532,
        0.481367975
      ],
      [
        0.5880005,
        -0.502369463,
        -0.633940339
      ]
    ],
    "translation": [
      1.85574937,
      0.9894158,
      -0.704497337
    ]
  },
  {
    "timeStamp": 28184,
    "rotation": [
      [
        0.176809877,
        0.7692809,
        -0.6139586
      ],
      [
        0.7722313,
        0.278329134,
        0.571132
      ],
      [
        0.6102435,
        -0.5750998,
        -0.5448514
      ]
    ],
    "translation": [
      1.90481782,
      1.008027,
      -0.6978001
    ]
  },
  {
    "timeStamp": 28240,
    "rotation": [
      [
        0.308889985,
        0.7229772,
        -0.6179732
      ],
      [
        0.7350143,
        0.23089987,
        0.637525856
      ],
      [
        0.603606641,
        -0.6511445,
        -0.460075945
      ]
    ],
    "translation": [
      1.96552408,
      1.02245271,
      -0.693886936
    ]
  },
  {
    "timeStamp": 28284,
    "rotation": [
      [
        0.377405375,
        0.6827071,
        -0.6256806
      ],
      [
        0.703964353,
        0.2274671,
        0.6728246
      ],
      [
        0.6016639,
        -0.694384456,
        -0.394754142
      ]
    ],
    "translation": [
      2.008321,
      1.02725661,
      -0.692860544
    ]
  },
  {
    "timeStamp": 28340,
    "rotation": [
      [
        0.4240886,
        0.6317987,
        -0.6488292
      ],
      [
        0.69402945,
        0.2335196,
        0.6810226
      ],
      [
        0.5817835,
        -0.7391205,
        -0.339453876
      ]
    ],
    "translation": [
      2.05486679,
      1.02825391,
      -0.6935507
    ]
  },
  {
    "timeStamp": 28384,
    "rotation": [
      [
        0.425244749,
        0.60824573,
        -0.6702268
      ],
      [
        0.7005726,
        0.247636452,
        0.669234037
      ],
      [
        0.573031366,
        -0.75413084,
        -0.3208142
      ]
    ],
    "translation": [
      2.07908916,
      1.02569056,
      -0.6939826
    ]
  },
  {
    "timeStamp": 28435,
    "rotation": [
      [
        0.423310935,
        0.5443406,
        -0.724224567
      ],
      [
        0.708418369,
        0.2994293,
        0.639128745
      ],
      [
        0.564757764,
        -0.783604145,
        -0.258869171
      ]
    ],
    "translation": [
      2.12661529,
      1.01450861,
      -0.695991635
    ]
  },
  {
    "timeStamp": 28490,
    "rotation": [
      [
        0.421328962,
        0.482248873,
        -0.7680612
      ],
      [
        0.7259108,
        0.328333,
        0.60436
      ],
      [
        0.543631732,
        -0.812178254,
        -0.211733446
      ]
    ],
    "translation": [
      2.16285229,
      1.01000416,
      -0.6970357
    ]
  },
  {
    "timeStamp": 28535,
    "rotation": [
      [
        0.378840148,
        0.407092154,
        -0.8311174
      ],
      [
        0.750511467,
        0.390314639,
        0.533279538
      ],
      [
        0.5414912,
        -0.8257908,
        -0.157660469
      ]
    ],
    "translation": [
      2.19411564,
      1.00325727,
      -0.6983898
    ]
  },
  {
    "timeStamp": 28590,
    "rotation": [
      [
        0.3284894,
        0.318814278,
        -0.8890738
      ],
      [
        0.7723274,
        0.451187581,
        0.447146684
      ],
      [
        0.5436958,
        -0.833539,
        -0.09801866
      ]
    ],
    "translation": [
      2.22288871,
      0.9980422,
      -0.7025095
    ]
  },
  {
    "timeStamp": 28635,
    "rotation": [
      [
        0.270136148,
        0.216002673,
        -0.938280046
      ],
      [
        0.7713286,
        0.534708142,
        0.345165759
      ],
      [
        0.576262653,
        -0.816964,
        -0.0221650638
      ]
    ],
    "translation": [
      2.24843574,
      0.9837505,
      -0.709570169
    ]
  },
  {
    "timeStamp": 28690,
    "rotation": [
      [
        0.224060565,
        0.124476217,
        -0.966593266
      ],
      [
        0.7499187,
        0.611416042,
        0.252571553
      ],
      [
        0.6224297,
        -0.781457663,
        0.04364717
      ]
    ],
    "translation": [
      2.26614118,
      0.9628621,
      -0.7186086
    ]
  },
  {
    "timeStamp": 28735,
    "rotation": [
      [
        0.262757361,
        0.170354843,
        -0.949704051
      ],
      [
        0.684209764,
        0.66110605,
        0.307889342
      ],
      [
        0.680305541,
        -0.730697,
        0.05715203
      ]
    ],
    "translation": [
      2.25836658,
      0.9353688,
      -0.728378654
    ]
  },
  {
    "timeStamp": 28791,
    "rotation": [
      [
        0.225066125,
        0.132502735,
        -0.9652918
      ],
      [
        0.668504834,
        0.699741364,
        0.251919121
      ],
      [
        0.7088345,
        -0.7020007,
        0.06890936
      ]
    ],
    "translation": [
      2.25795674,
      0.9088866,
      -0.731200039
    ]
  },
  {
    "timeStamp": 28836,
    "rotation": [
      [
        0.203356668,
        0.126500979,
        -0.9708984
      ],
      [
        0.643493235,
        0.7301085,
        0.2299088
      ],
      [
        0.737944841,
        -0.67152,
        0.06706991
      ]
    ],
    "translation": [
      2.2563684,
      0.887937546,
      -0.7342261
    ]
  },
  {
    "timeStamp": 28893,
    "rotation": [
      [
        0.222846344,
        0.149965212,
        -0.9632497
      ],
      [
        0.6013248,
        0.756576836,
        0.256904572
      ],
      [
        0.7672991,
        -0.636476159,
        0.0784225762
      ]
    ],
    "translation": [
      2.24748826,
      0.8639495,
      -0.7359535
    ]
  },
  {
    "timeStamp": 28938,
    "rotation": [
      [
        0.180606559,
        0.09408612,
        -0.979045
      ],
      [
        0.570580542,
        0.8007729,
        0.182210416
      ],
      [
        0.8011362,
        -0.59153235,
        0.09094113
      ]
    ],
    "translation": [
      2.25058842,
      0.844534338,
      -0.7405459
    ]
  },
  {
    "timeStamp": 28984,
    "rotation": [
      [
        0.19362098,
        0.075811,
        -0.9781429
      ],
      [
        0.54112947,
        0.823384047,
        0.170931652
      ],
      [
        0.8183458,
        -0.5623979,
        0.118400864
      ]
    ],
    "translation": [
      2.250887,
      0.829291761,
      -0.741917968
    ]
  },
  {
    "timeStamp": 29039,
    "rotation": [
      [
        0.176414251,
        0.0829590559,
        -0.980813861
      ],
      [
        0.507897556,
        0.8458747,
        0.162898734
      ],
      [
        0.8431596,
        -0.526890635,
        0.107089654
      ]
    ],
    "translation": [
      2.24617648,
      0.809997737,
      -0.7438061
    ]
  },
  {
    "timeStamp": 29084,
    "rotation": [
      [
        0.1692254,
        0.0527877323,
        -0.984162748
      ],
      [
        0.481562853,
        0.8668214,
        0.129297912
      ],
      [
        0.859918654,
        -0.495816678,
        0.121267579
      ]
    ],
    "translation": [
      2.24906349,
      0.7973653,
      -0.7455082
    ]
  },
  {
    "timeStamp": 29139,
    "rotation": [
      [
        0.121652745,
        -0.04998776,
        -0.9913132
      ],
      [
        0.455350667,
        0.890244365,
        0.0109887933
      ],
      [
        0.8819617,
        -0.452731967,
        0.131062627
      ]
    ],
    "translation": [
      2.25750518,
      0.7861537,
      -0.7492218
    ]
  },
  {
    "timeStamp": 29184,
    "rotation": [
      [
        0.113505252,
        -0.123499408,
        -0.985831857
      ],
      [
        0.4608644,
        0.8855812,
        -0.0578782558
      ],
      [
        0.880182147,
        -0.44776535,
        0.1574346
      ]
    ],
    "translation": [
      2.26226854,
      0.7774106,
      -0.7482928
    ]
  },
  {
    "timeStamp": 29239,
    "rotation": [
      [
        0.121625446,
        -0.07333285,
        -0.9898634
      ],
      [
        0.443040669,
        0.896421552,
        -0.0119735
      ],
      [
        0.8882129,
        -0.437093467,
        0.1415171
      ]
    ],
    "translation": [
      2.25691772,
      0.7681956,
      -0.749457359
    ]
  },
  {
    "timeStamp": 29284,
    "rotation": [
      [
        0.152780846,
        0.05095338,
        -0.9869457
      ],
      [
        0.412899524,
        0.9040374,
        0.110590585
      ],
      [
        0.897870839,
        -0.424405515,
        0.117080979
      ]
    ],
    "translation": [
      2.243108,
      0.7640905,
      -0.749978244
    ]
  },
  {
    "timeStamp": 29339,
    "rotation": [
      [
        0.167420357,
        0.118095815,
        -0.9787869
      ],
      [
        0.397674084,
        0.9003601,
        0.1766549
      ],
      [
        0.902122855,
        -0.4188138,
        0.103774972
      ]
    ],
    "translation": [
      2.23273373,
      0.7617054,
      -0.7524988
    ]
  },
  {
    "timeStamp": 29384,
    "rotation": [
      [
        0.183070824,
        0.139523655,
        -0.9731486
      ],
      [
        0.3901552,
        0.898276,
        0.202185765
      ],
      [
        0.902365744,
        -0.4166933,
        0.110012248
      ]
    ],
    "translation": [
      2.228272,
      0.763474,
      -0.7529946
    ]
  },
  {
    "timeStamp": 29439,
    "rotation": [
      [
        0.176328078,
        0.136062071,
        -0.974882364
      ],
      [
        0.3923413,
        0.8986118,
        0.196380377
      ],
      [
        0.9027606,
        -0.41711396,
        0.105067722
      ]
    ],
    "translation": [
      2.22938752,
      0.7645254,
      -0.75493
    ]
  },
  {
    "timeStamp": 29484,
    "rotation": [
      [
        0.187721312,
        0.147217616,
        -0.971127033
      ],
      [
        0.395307034,
        0.8937721,
        0.211904883
      ],
      [
        0.8991625,
        -0.4236724,
        0.109583922
      ]
    ],
    "translation": [
      2.23057961,
      0.7657755,
      -0.7542548
    ]
  },
  {
    "timeStamp": 29539,
    "rotation": [
      [
        0.192332253,
        0.156532079,
        -0.9687652
      ],
      [
        0.39017424,
        0.8936139,
        0.221851841
      ],
      [
        0.900428951,
        -0.420656472,
        0.110796
      ]
    ],
    "translation": [
      2.23148584,
      0.76410526,
      -0.756961942
    ]
  },
  {
    "timeStamp": 29584,
    "rotation": [
      [
        0.160140216,
        0.106063187,
        -0.9813795
      ],
      [
        0.392212629,
        0.905521333,
        0.1618655
      ],
      [
        0.905828059,
        -0.410830617,
        0.103411049
      ]
    ],
    "translation": [
      2.23803616,
      0.7630221,
      -0.758966565
    ]
  },
  {
    "timeStamp": 29639,
    "rotation": [
      [
        0.125421211,
        0.02407093,
        -0.9918115
      ],
      [
        0.3939098,
        0.916320741,
        0.07205133
      ],
      [
        0.9105518,
        -0.399721026,
        0.10544429
      ]
    ],
    "translation": [
      2.24728513,
      0.7628261,
      -0.760829449
    ]
  },
  {
    "timeStamp": 29684,
    "rotation": [
      [
        0.102986179,
        -0.04787769,
        -0.9935298
      ],
      [
        0.4025608,
        0.915390134,
        -0.002383992
      ],
      [
        0.909581542,
        -0.399710655,
        0.113546208
      ]
    ],
    "translation": [
      2.2554996,
      0.7632301,
      -0.762837946
    ]
  },
  {
    "timeStamp": 29739,
    "rotation": [
      [
        0.08412803,
        -0.101396464,
        -0.991282642
      ],
      [
        0.39958328,
        0.9147536,
        -0.05965668
      ],
      [
        0.9128284,
        -0.391081184,
        0.11747276
      ]
    ],
    "translation": [
      2.261879,
      0.7630554,
      -0.7646469
    ]
  },
  {
    "timeStamp": 29795,
    "rotation": [
      [
        0.0670340359,
        -0.151548132,
        -0.9861742
      ],
      [
        0.396409363,
        0.9110852,
        -0.113063537
      ],
      [
        0.9156233,
        -0.3833496,
        0.121148817
      ]
    ],
    "translation": [
      2.26693082,
      0.764345646,
      -0.766598165
    ]
  },
  {
    "timeStamp": 29839,
    "rotation": [
      [
        0.06467072,
        -0.152149171,
        -0.9862395
      ],
      [
        0.395505458,
        0.9112797,
        -0.114650473
      ],
      [
        0.916184,
        -0.3826486,
        0.119108938
      ]
    ],
    "translation": [
      2.26702857,
      0.765292764,
      -0.7669332
    ]
  },
  {
    "timeStamp": 29895,
    "rotation": [
      [
        0.103878923,
        -0.0624128543,
        -0.992629766
      ],
      [
        0.40836,
        0.912703335,
        -0.0146524161
      ],
      [
        0.906891,
        -0.4038282,
        0.120297559
      ]
    ],
    "translation": [
      2.25650239,
      0.765226364,
      -0.7651967
    ]
  },
  {
    "timeStamp": 29939,
    "rotation": [
      [
        0.153957814,
        0.06308132,
        -0.9860617
      ],
      [
        0.412279,
        0.9028349,
        0.122127838
      ],
      [
        0.8979549,
        -0.4253351,
        0.112991385
      ]
    ],
    "translation": [
      2.24175858,
      0.764655,
      -0.7626621
    ]
  },
  {
    "timeStamp": 29995,
    "rotation": [
      [
        0.18682155,
        0.174159229,
        -0.9668331
      ],
      [
        0.4122206,
        0.879430234,
        0.238068581
      ],
      [
        0.8917241,
        -0.443024874,
        0.0925044939
      ]
    ],
    "translation": [
      2.22496629,
      0.768866539,
      -0.759435952
    ]
  },
  {
    "timeStamp": 30039,
    "rotation": [
      [
        0.1767359,
        0.164036527,
        -0.97049284
      ],
      [
        0.426436484,
        0.875904262,
        0.22570689
      ],
      [
        0.887083054,
        -0.453744084,
        0.08485256
      ]
    ],
    "translation": [
      2.22523355,
      0.7744129,
      -0.7581761
    ]
  },
  {
    "timeStamp": 30095,
    "rotation": [
      [
        0.182994887,
        0.157599062,
        -0.970399559
      ],
      [
        0.4454616,
        0.8666321,
        0.22475031
      ],
      [
        0.8763999,
        -0.473403931,
        0.08838493
      ]
    ],
    "translation": [
      2.22447467,
      0.784056067,
      -0.7549189
    ]
  },
  {
    "timeStamp": 30139,
    "rotation": [
      [
        0.16801317,
        0.126417652,
        -0.977645159
      ],
      [
        0.4655434,
        0.864007652,
        0.1917293
      ],
      [
        0.8689309,
        -0.487349331,
        0.08631176
      ]
    ],
    "translation": [
      2.22831845,
      0.7926791,
      -0.7534747
    ]
  },
  {
    "timeStamp": 30195,
    "rotation": [
      [
        0.172195971,
        0.105794132,
        -0.97936517
      ],
      [
        0.485861361,
        0.855746567,
        0.1778666
      ],
      [
        0.8569056,
        -0.5064636,
        0.0959548354
      ]
    ],
    "translation": [
      2.23324347,
      0.803028166,
      -0.7505007
    ]
  },
  {
    "timeStamp": 30239,
    "rotation": [
      [
        0.160742253,
        0.0766326562,
        -0.984016955
      ],
      [
        0.502758861,
        0.851585031,
        0.148446456
      ],
      [
        0.84935,
        -0.518584847,
        0.09835796
      ]
    ],
    "translation": [
      2.23762846,
      0.8109261,
      -0.7490541
    ]
  },
  {
    "timeStamp": 30294,
    "rotation": [
      [
        0.154157564,
        0.054992564,
        -0.986514747
      ],
      [
        0.5211714,
        0.8437268,
        0.128473714
      ],
      [
        0.839414,
        -0.5339484,
        0.101406321
      ]
    ],
    "translation": [
      2.24249339,
      0.8211796,
      -0.746431649
    ]
  },
  {
    "timeStamp": 30339,
    "rotation": [
      [
        0.149152666,
        0.045855917,
        -0.9877503
      ],
      [
        0.534790635,
        0.836479366,
        0.119587883
      ],
      [
        0.8317166,
        -0.5460765,
        0.100239806
      ]
    ],
    "translation": [
      2.243883,
      0.830472231,
      -0.7443678
    ]
  },
  {
    "timeStamp": 30394,
    "rotation": [
      [
        0.145869821,
        0.0390180871,
        -0.988534033
      ],
      [
        0.55185,
        0.82610935,
        0.114039041
      ],
      [
        0.821086764,
        -0.5621574,
        0.09897229
      ]
    ],
    "translation": [
      2.245377,
      0.842350245,
      -0.7407983
    ]
  },
  {
    "timeStamp": 30439,
    "rotation": [
      [
        0.137818351,
        0.02904514,
        -0.99003154
      ],
      [
        0.571228,
        0.8142516,
        0.103406563
      ],
      [
        0.8091382,
        -0.5797851,
        0.09562741
      ]
    ],
    "translation": [
      2.246776,
      0.8538157,
      -0.737284839
    ]
  },
  {
    "timeStamp": 30494,
    "rotation": [
      [
        0.12819618,
        0.0168499369,
        -0.9916057
      ],
      [
        0.592981637,
        0.800141335,
        0.09025797
      ],
      [
        0.7949456,
        -0.599574745,
        0.0925833657
      ]
    ],
    "translation": [
      2.24944639,
      0.8681068,
      -0.732290149
    ]
  },
  {
    "timeStamp": 30539,
    "rotation": [
      [
        0.118202358,
        0.0073346477,
        -0.9929624
      ],
      [
        0.6162202,
        0.7835873,
        0.07914299
      ],
      [
        0.778653264,
        -0.6212384,
        0.08810211
      ]
    ],
    "translation": [
      2.25125122,
      0.8816763,
      -0.728488147
    ]
  },
  {
    "timeStamp": 30594,
    "rotation": [
      [
        0.0971654058,
        -0.02047082,
        -0.995057642
      ],
      [
        0.6472739,
        0.760772645,
        0.04755402
      ],
      [
        0.756039262,
        -0.6486955,
        0.08717101
      ]
    ],
    "translation": [
      2.2562263,
      0.89909935,
      -0.7213552
    ]
  },
  {
    "timeStamp": 30638,
    "rotation": [
      [
        0.09414637,
        -0.03337713,
        -0.9949987
      ],
      [
        0.673191547,
        0.738442838,
        0.0389261246
      ],
      [
        0.7334504,
        -0.6734895,
        0.09199092
      ]
    ],
    "translation": [
      2.258813,
      0.9127392,
      -0.7146336
    ]
  },
  {
    "timeStamp": 30698,
    "rotation": [
      [
        0.07421479,
        -0.0272362176,
        -0.9968702
      ],
      [
        0.6923619,
        0.72084713,
        0.03185002
      ],
      [
        0.7177236,
        -0.6925587,
        0.07235483
      ]
    ],
    "translation": [
      2.260726,
      0.923898041,
      -0.7001582
    ]
  },
  {
    "timeStamp": 30739,
    "rotation": [
      [
        0.0266787466,
        -0.0189205334,
        -0.999465
      ],
      [
        0.7013699,
        0.71277833,
        0.0052283206
      ],
      [
        0.712298036,
        -0.701134145,
        0.0322863273
      ]
    ],
    "translation": [
      2.26306,
      0.9273028,
      -0.6837655
    ]
  },
  {
    "timeStamp": 30794,
    "rotation": [
      [
        -0.0213186163,
        0.003077381,
        -0.999767959
      ],
      [
        0.7162065,
        0.697765052,
        -0.0131242871
      ],
      [
        0.697562754,
        -0.7163201,
        -0.0170794241
      ]
    ],
    "translation": [
      2.266316,
      0.9269782,
      -0.6580724
    ]
  },
  {
    "timeStamp": 30839,
    "rotation": [
      [
        -0.0761191845,
        0.07574633,
        -0.994217455
      ],
      [
        0.7071801,
        0.707033336,
        -0.000276386738
      ],
      [
        0.702924,
        -0.7031119,
        -0.1073851
      ]
    ],
    "translation": [
      2.26071239,
      0.919606745,
      -0.636923254
    ]
  },
  {
    "timeStamp": 30894,
    "rotation": [
      [
        -0.133365914,
        0.100316256,
        -0.985976756
      ],
      [
        0.6854571,
        0.727873862,
        -0.0186607242
      ],
      [
        0.7157947,
        -0.6783335,
        -0.165836051
      ]
    ],
    "translation": [
      2.25893331,
      0.9060331,
      -0.614314556
    ]
  },
  {
    "timeStamp": 30938,
    "rotation": [
      [
        -0.0970471054,
        0.157471731,
        -0.9827434
      ],
      [
        0.6768531,
        0.734360933,
        0.05083164
      ],
      [
        0.7296929,
        -0.6602398,
        -0.177852839
      ]
    ],
    "translation": [
      2.25321817,
      0.893317044,
      -0.600351334
    ]
  },
  {
    "timeStamp": 30994,
    "rotation": [
      [
        -0.1341625,
        0.145512864,
        -0.9802176
      ],
      [
        0.653357863,
        0.756702542,
        0.0229069851
      ],
      [
        0.745066345,
        -0.63735956,
        -0.196593091
      ]
    ],
    "translation": [
      2.252942,
      0.8792813,
      -0.5902152
    ]
  },
  {
    "timeStamp": 31038,
    "rotation": [
      [
        -0.117396228,
        0.173594922,
        -0.977795
      ],
      [
        0.6565321,
        0.7523094,
        0.0547381528
      ],
      [
        0.7451066,
        -0.63552773,
        -0.202288926
      ]
    ],
    "translation": [
      2.24700952,
      0.871735036,
      -0.583251655
    ]
  },
  {
    "timeStamp": 31094,
    "rotation": [
      [
        -0.147478834,
        0.155395269,
        -0.9767816
      ],
      [
        0.6383261,
        0.76932627,
        0.0260140784
      ],
      [
        0.7555062,
        -0.6196687,
        -0.212652221
      ]
    ],
    "translation": [
      2.244296,
      0.8606427,
      -0.580396533
    ]
  },
  {
    "timeStamp": 31139,
    "rotation": [
      [
        -0.178099409,
        0.163750514,
        -0.970291853
      ],
      [
        0.6324234,
        0.7744848,
        0.0146224694
      ],
      [
        0.7538708,
        -0.611031055,
        -0.241494954
      ]
    ],
    "translation": [
      2.239071,
      0.853258848,
      -0.5773567
    ]
  },
  {
    "timeStamp": 31194,
    "rotation": [
      [
        -0.229817986,
        0.1835914,
        -0.9557604
      ],
      [
        0.6206327,
        0.7841002,
        0.00138265244
      ],
      [
        0.749665737,
        -0.592858434,
        -0.29414317
      ]
    ],
    "translation": [
      2.23070168,
      0.844627738,
      -0.576335669
    ]
  },
  {
    "timeStamp": 31238,
    "rotation": [
      [
        -0.279126465,
        0.2230786,
        -0.9339831
      ],
      [
        0.6191102,
        0.7853001,
        0.0025413644
      ],
      [
        0.734023869,
        -0.5775291,
        -0.357308239
      ]
    ],
    "translation": [
      2.22169161,
      0.83926034,
      -0.5730347
    ]
  },
  {
    "timeStamp": 31294,
    "rotation": [
      [
        -0.3173116,
        0.234580517,
        -0.918849945
      ],
      [
        0.5968594,
        0.802344859,
        -0.00127980113
      ],
      [
        0.7369343,
        -0.54883033,
        -0.394604921
      ]
    ],
    "translation": [
      2.21867323,
      0.8291182,
      -0.5695263
    ]
  },
  {
    "timeStamp": 31338,
    "rotation": [
      [
        -0.3276468,
        0.22032477,
        -0.9187516
      ],
      [
        0.579501331,
        0.814893663,
        -0.01124406
      ],
      [
        0.7462076,
        -0.5361019,
        -0.3946758
      ]
    ],
    "translation": [
      2.221298,
      0.822178841,
      -0.565762162
    ]
  },
  {
    "timeStamp": 31394,
    "rotation": [
      [
        -0.312878519,
        0.238597319,
        -0.919335842
      ],
      [
        0.57631135,
        0.8170752,
        0.0159207452
      ],
      [
        0.7549651,
        -0.5248424,
        -0.3931516
      ]
    ],
    "translation": [
      2.21876526,
      0.817283034,
      -0.5630233
    ]
  },
  {
    "timeStamp": 31438,
    "rotation": [
      [
        -0.3618838,
        0.248489216,
        -0.898494959
      ],
      [
        0.565638959,
        0.8246529,
        0.0002468268
      ],
      [
        0.741007864,
        -0.5081345,
        -0.4389837
      ]
    ],
    "translation": [
      2.212823,
      0.8145907,
      -0.5622095
    ]
  },
  {
    "timeStamp": 31494,
    "rotation": [
      [
        -0.4644104,
        0.2939884,
        -0.835400462
      ],
      [
        0.5577134,
        0.8298382,
        -0.01800944
      ],
      [
        0.687952638,
        -0.4742778,
        -0.549346745
      ]
    ],
    "translation": [
      2.20062113,
      0.8115888,
      -0.5630836
    ]
  },
  {
    "timeStamp": 31539,
    "rotation": [
      [
        -0.530528,
        0.342446238,
        -0.7754164
      ],
      [
        0.5510398,
        0.834435642,
        -0.008502156
      ],
      [
        0.6441235,
        -0.431795925,
        -0.631393
      ]
    ],
    "translation": [
      2.18962288,
      0.8085695,
      -0.5650669
    ]
  },
  {
    "timeStamp": 31594,
    "rotation": [
      [
        -0.5700346,
        0.366586566,
        -0.7353059
      ],
      [
        0.546788335,
        0.8372458,
        -0.00648057461
      ],
      [
        0.6132561,
        -0.4057508,
        -0.677704334
      ]
    ],
    "translation": [
      2.18664,
      0.807162344,
      -0.560606
    ]
  },
  {
    "timeStamp": 31638,
    "rotation": [
      [
        -0.5895524,
        0.412376374,
        -0.694531262
      ],
      [
        0.551986933,
        0.8334379,
        0.0262981765
      ],
      [
        0.5896935,
        -0.367868036,
        -0.7189817
      ]
    ],
    "translation": [
      2.18129635,
      0.8059126,
      -0.5572231
    ]
  },
  {
    "timeStamp": 31694,
    "rotation": [
      [
        -0.6303923,
        0.437913328,
        -0.640966
      ],
      [
        0.53817445,
        0.8415943,
        0.0456878021
      ],
      [
        0.5594406,
        -0.316150278,
        -0.766208351
      ]
    ],
    "translation": [
      2.17584014,
      0.802849352,
      -0.5558243
    ]
  },
  {
    "timeStamp": 31738,
    "rotation": [
      [
        -0.6616946,
        0.440653741,
        -0.6066172
      ],
      [
        0.5203081,
        0.852414966,
        0.0516550057
      ],
      [
        0.539851546,
        -0.281447977,
        -0.7933141
      ]
    ],
    "translation": [
      2.174722,
      0.7996994,
      -0.5538223
    ]
  },
  {
    "timeStamp": 31794,
    "rotation": [
      [
        -0.661435664,
        0.450721532,
        -0.5994606
      ],
      [
        0.515623868,
        0.853704,
        0.07295018
      ],
      [
        0.5446421,
        -0.26084432,
        -0.797072947
      ]
    ],
    "translation": [
      2.17436123,
      0.798533559,
      -0.551542759
    ]
  },
  {
    "timeStamp": 31838,
    "rotation": [
      [
        -0.6561304,
        0.455457717,
        -0.601706862
      ],
      [
        0.5173555,
        0.8519541,
        0.0807310045
      ],
      [
        0.549396157,
        -0.2583263,
        -0.794626534
      ]
    ],
    "translation": [
      2.17435622,
      0.799351931,
      -0.5505843
    ]
  },
  {
    "timeStamp": 31894,
    "rotation": [
      [
        -0.632519,
        0.44589293,
        -0.633323967
      ],
      [
        0.5292096,
        0.8458432,
        0.06698055
      ],
      [
        0.5655589,
        -0.292794645,
        -0.770982742
      ]
    ],
    "translation": [
      2.17825556,
      0.8037997,
      -0.5489556
    ]
  },
  {
    "timeStamp": 31938,
    "rotation": [
      [
        -0.555106938,
        0.4054295,
        -0.7262804
      ],
      [
        0.546137,
        0.836238563,
        0.0493905433
      ],
      [
        0.627368033,
        -0.369231522,
        -0.6856219
      ]
    ],
    "translation": [
      2.19081235,
      0.8106317,
      -0.546474457
    ]
  },
  {
    "timeStamp": 31994,
    "rotation": [
      [
        -0.434221029,
        0.298929363,
        -0.8497608
      ],
      [
        0.558327,
        0.8295952,
        0.006534832
      ],
      [
        0.7069109,
        -0.471606821,
        -0.527128041
      ]
    ],
    "translation": [
      2.21582031,
      0.816861451,
      -0.54719007
    ]
  },
  {
    "timeStamp": 32038,
    "rotation": [
      [
        -0.3296823,
        0.264285833,
        -0.9063457
      ],
      [
        0.565418959,
        0.8240767,
        0.034626063
      ],
      [
        0.7560496,
        -0.501049459,
        -0.4211157
      ]
    ],
    "translation": [
      2.22674918,
      0.8164953,
      -0.5592167
    ]
  },
  {
    "timeStamp": 32094,
    "rotation": [
      [
        -0.221590519,
        0.243874222,
        -0.944152
      ],
      [
        0.554871142,
        0.827727735,
        0.08357475
      ],
      [
        0.801882565,
        -0.505363345,
        -0.3187354
      ]
    ],
    "translation": [
      2.230176,
      0.8092835,
      -0.57915777
    ]
  },
  {
    "timeStamp": 32138,
    "rotation": [
      [
        -0.185858876,
        0.2037258,
        -0.9612244
      ],
      [
        0.5353798,
        0.8412938,
        0.0747881159
      ],
      [
        0.8239083,
        -0.50072,
        -0.2654326
      ]
    ],
    "translation": [
      2.233567,
      0.8020474,
      -0.5950094
    ]
  },
  {
    "timeStamp": 32194,
    "rotation": [
      [
        -0.105835058,
        0.184679955,
        -0.9770835
      ],
      [
        0.525921345,
        0.844319761,
        0.1026197
      ],
      [
        0.8439228,
        -0.503008366,
        -0.186485767
      ]
    ],
    "translation": [
      2.23562479,
      0.793903947,
      -0.612898767
    ]
  },
  {
    "timeStamp": 32238,
    "rotation": [
      [
        -0.08525168,
        0.163812622,
        -0.982800841
      ],
      [
        0.5134931,
        0.852530062,
        0.09755693
      ],
      [
        0.8538483,
        -0.4963446,
        -0.156796277
      ]
    ],
    "translation": [
      2.2362988,
      0.78744185,
      -0.6261697
    ]
  },
  {
    "timeStamp": 32294,
    "rotation": [
      [
        -0.03639749,
        0.1397747,
        -0.9895142
      ],
      [
        0.5015011,
        0.8590165,
        0.102894329
      ],
      [
        0.864391,
        -0.492497325,
        -0.101363204
      ]
    ],
    "translation": [
      2.23706841,
      0.780562162,
      -0.642106652
    ]
  },
  {
    "timeStamp": 32338,
    "rotation": [
      [
        -0.000229058976,
        0.13213104,
        -0.9912322
      ],
      [
        0.4893198,
        0.8644728,
        0.11512097
      ],
      [
        0.872104347,
        -0.4850032,
        -0.06485236
      ]
    ],
    "translation": [
      2.237468,
      0.775496542,
      -0.6537505
    ]
  },
  {
    "timeStamp": 32394,
    "rotation": [
      [
        0.0244778488,
        0.118728675,
        -0.992625
      ],
      [
        0.477262,
        0.8710766,
        0.115959316
      ],
      [
        0.8784201,
        -0.47658062,
        -0.0353426039
      ]
    ],
    "translation": [
      2.237232,
      0.7708228,
      -0.667355239
    ]
  },
  {
    "timeStamp": 32438,
    "rotation": [
      [
        0.0246051159,
        0.11011181,
        -0.993614554
      ],
      [
        0.471689433,
        0.875045,
        0.108652547
      ],
      [
        0.8814214,
        -0.4713509,
        -0.0304079931
      ]
    ],
    "translation": [
      2.23644733,
      0.768606067,
      -0.6765201
    ]
  },
  {
    "timeStamp": 32493,
    "rotation": [
      [
        0.0363604,
        0.09770905,
        -0.9945506
      ],
      [
        0.463942468,
        0.879810333,
        0.103398025
      ],
      [
        0.8851188,
        -0.46517387,
        -0.0133411214
      ]
    ],
    "translation": [
      2.23855257,
      0.7660829,
      -0.686772943
    ]
  },
  {
    "timeStamp": 32538,
    "rotation": [
      [
        0.04929182,
        0.09921928,
        -0.993844
      ],
      [
        0.4512917,
        0.8854733,
        0.110782988
      ],
      [
        0.8910141,
        -0.453974247,
        -0.00113024423
      ]
    ],
    "translation": [
      2.237812,
      0.7631776,
      -0.695665538
    ]
  },
  {
    "timeStamp": 32594,
    "rotation": [
      [
        0.0541280657,
        0.100268967,
        -0.993486941
      ],
      [
        0.439964563,
        0.890766144,
        0.11387229
      ],
      [
        0.8963824,
        -0.4432627,
        0.00410065474
      ]
    ],
    "translation": [
      2.236964,
      0.7599832,
      -0.705794036
    ]
  },
  {
    "timeStamp": 32638,
    "rotation": [
      [
        0.06448021,
        0.102008693,
        -0.9926916
      ],
      [
        0.4299556,
        0.8948555,
        0.119882822
      ],
      [
        0.9005445,
        -0.434543341,
        0.0138412546
      ]
    ],
    "translation": [
      2.23650074,
      0.75737,
      -0.7136887
    ]
  },
  {
    "timeStamp": 32693,
    "rotation": [
      [
        0.06788114,
        0.0979251,
        -0.992876053
      ],
      [
        0.417587578,
        0.9010185,
        0.1174151
      ],
      [
        0.9060976,
        -0.422582954,
        0.020269854
      ]
    ],
    "translation": [
      2.23596215,
      0.7549376,
      -0.723167062
    ]
  },
  {
    "timeStamp": 32738,
    "rotation": [
      [
        0.07347642,
        0.103329733,
        -0.991929531
      ],
      [
        0.4107454,
        0.903207958,
        0.124513224
      ],
      [
        0.908784568,
        -0.416579276,
        0.0239222758
      ]
    ],
    "translation": [
      2.234584,
      0.753535867,
      -0.730180562
    ]
  },
  {
    "timeStamp": 32794,
    "rotation": [
      [
        0.08501811,
        0.110174142,
        -0.9902694
      ],
      [
        0.404862344,
        0.9043018,
        0.135368526
      ],
      [
        0.910416543,
        -0.4124316,
        0.0322766751
      ]
    ],
    "translation": [
      2.23182678,
      0.7519986,
      -0.7379599
    ]
  },
  {
    "timeStamp": 32838,
    "rotation": [
      [
        0.07553357,
        0.104906335,
        -0.9916095
      ],
      [
        0.423601121,
        0.8968805,
        0.127151415
      ],
      [
        0.902694166,
        -0.429651082,
        0.0233061444
      ]
    ],
    "translation": [
      2.23121667,
      0.7511628,
      -0.7410679
    ]
  },
  {
    "timeStamp": 32893,
    "rotation": [
      [
        0.06367035,
        0.09440299,
        -0.993495941
      ],
      [
        0.456767827,
        0.8823649,
        0.113116175
      ],
      [
        0.8873045,
        -0.460999131,
        0.0130602382
      ]
    ],
    "translation": [
      2.23057151,
      0.749693632,
      -0.7424415
    ]
  },
  {
    "timeStamp": 32938,
    "rotation": [
      [
        0.06033688,
        0.091365546,
        -0.9939878
      ],
      [
        0.468022019,
        0.8769665,
        0.109018952
      ],
      [
        0.8816546,
        -0.471786082,
        0.0101523353
      ]
    ],
    "translation": [
      2.2304,
      0.749482751,
      -0.742893934
    ]
  },
  {
    "timeStamp": 32993,
    "rotation": [
      [
        0.0545645654,
        0.07312548,
        -0.995829
      ],
      [
        0.472306162,
        0.876800537,
        0.09026414
      ],
      [
        0.879744053,
        -0.4752614,
        0.0133046275
      ]
    ],
    "translation": [
      2.230052,
      0.7495652,
      -0.7436016
    ]
  },
  {
    "timeStamp": 33038,
    "rotation": [
      [
