[
  {
    "timeStamp": 112523,
    "rotation": [
      [
        0.179435268,
        -0.177298233,
        -0.967661262
      ],
      [
        0.389040232,
        0.916232765,
        -0.0957348645
      ],
      [
        0.9035766,
        -0.359280974,
        0.233380631
      ]
    ],
    "translation": [
      1.32674766,
      0.7052851,
      -0.5912132
    ]
  },
  {
    "timeStamp": 112567,
    "rotation": [
      [
        0.182085961,
        -0.160512015,
        -0.9700931
      ],
      [
        0.417420536,
        0.905892968,
        -0.0715398341
      ],
      [
        0.8902835,
        -0.391910374,
        0.2319514
      ]
    ],
    "translation": [
      1.32692659,
      0.708173931,
      -0.5913186
    ]
  },
  {
    "timeStamp": 112623,
    "rotation": [
      [
        0.2205636,
        -0.106791727,
        -0.969508767
      ],
      [
        0.389138669,
        0.9210885,
        -0.0129290223
      ],
      [
        0.894384,
        -0.374421656,
        0.2447154
      ]
    ],
    "translation": [
      1.32942176,
      0.7085402,
      -0.5933992
    ]
  },
  {
    "timeStamp": 112667,
    "rotation": [
      [
        0.268660337,
        -0.0637014,
        -0.961126268
      ],
      [
        0.363723874,
        0.9306481,
        0.03998912
      ],
      [
        0.891923,
        -0.360328078,
        0.273197919
      ]
    ],
    "translation": [
      1.33519614,
      0.729350567,
      -0.5963434
    ]
  },
  {
    "timeStamp": 112723,
    "rotation": [
      [
        0.329978615,
        -0.002875789,
        -0.943984032
      ],
      [
        0.32682246,
        0.938499033,
        0.111384824
      ],
      [
        0.885607839,
        -0.3452698,
        0.31062448
      ]
    ],
    "translation": [
      1.35107839,
      0.7622364,
      -0.602863967
    ]
  },
  {
    "timeStamp": 112768,
    "rotation": [
      [
        0.3668377,
        0.0356711447,
        -0.929600835
      ],
      [
        0.294927925,
        0.943258762,
        0.152579263
      ],
      [
        0.882296741,
        -0.330137044,
        0.335502476
      ]
    ],
    "translation": [
      1.3731699,
      0.7880075,
      -0.6119284
    ]
  },
  {
    "timeStamp": 112823,
    "rotation": [
      [
        0.407037824,
        0.0667417049,
        -0.9109696
      ],
      [
        0.256936133,
        0.948690653,
        0.184309065
      ],
      [
        0.8765295,
        -0.3090818,
        0.369004637
      ]
    ],
    "translation": [
      1.41106272,
      0.8170902,
      -0.62542
    ]
  },
  {
    "timeStamp": 112868,
    "rotation": [
      [
        0.434544683,
        0.07739505,
        -0.8973187
      ],
      [
        0.232480243,
        0.9528991,
        0.1947722
      ],
      [
        0.870128632,
        -0.2932461,
        0.396084428
      ]
    ],
    "translation": [
      1.44834924,
      0.836304069,
      -0.63612926
    ]
  },
  {
    "timeStamp": 112923,
    "rotation": [
      [
        0.464805365,
        0.0570958927,
        -0.8835701
      ],
      [
        0.211817443,
        0.961771548,
        0.1735766
      ],
      [
        0.8597031,
        -0.2678349,
        0.434942663
      ]
    ],
    "translation": [
      1.50252676,
      0.8523423,
      -0.6494524
    ]
  },
  {
    "timeStamp": 112967,
    "rotation": [
      [
        0.509322762,
        0.0427653,
        -0.8595124
      ],
      [
        0.20265539,
        0.964716256,
        0.1680876
      ],
      [
        0.836373866,
        -0.259795666,
        0.4826853
      ]
    ],
    "translation": [
      1.54863524,
      0.8629693,
      -0.655859351
    ]
  },
  {
    "timeStamp": 113023,
    "rotation": [
      [
        0.5792678,
        0.008570508,
        -0.8150922
      ],
      [
        0.20373635,
        0.966685236,
        0.154955342
      ],
      [
        0.789265633,
        -0.255824566,
        0.5582235
      ]
    ],
    "translation": [
      1.61015666,
      0.8751195,
      -0.658364952
    ]
  },
  {
    "timeStamp": 113067,
    "rotation": [
      [
        0.657161355,
        -0.0233124066,
        -0.753389359
      ],
      [
        0.224287152,
        0.9602938,
        0.165924951
      ],
      [
        0.719607,
        -0.278015018,
        0.63629663
      ]
    ],
    "translation": [
      1.66257823,
      0.8883583,
      -0.6525563
    ]
  },
  {
    "timeStamp": 113123,
    "rotation": [
      [
        0.772890031,
        -0.07433141,
        -0.630171359
      ],
      [
        0.249993458,
        0.9484626,
        0.194735721
      ],
      [
        0.583219,
        -0.308048,
        0.7516396
      ]
    ],
    "translation": [
      1.73324764,
      0.907595038,
      -0.6370773
    ]
  },
  {
    "timeStamp": 113167,
    "rotation": [
      [
        0.8497617,
        -0.140274167,
        -0.5081616
      ],
      [
        0.291528344,
        0.9281803,
        0.231284514
      ],
      [
        0.439222336,
        -0.34468022,
        0.829626
      ]
    ],
    "translation": [
      1.79479122,
      0.9242424,
      -0.6217011
    ]
  },
  {
    "timeStamp": 113223,
    "rotation": [
      [
        0.9129935,
        -0.225142717,
        -0.340225816
      ],
      [
        0.3258824,
        0.9041739,
        0.276170552
      ],
      [
        0.24544552,
        -0.363015532,
        0.898874938
      ]
    ],
    "translation": [
      1.87422717,
      0.9424148,
      -0.6064688
    ]
  },
  {
    "timeStamp": 113267,
    "rotation": [
      [
        0.928536236,
        -0.306523383,
        -0.209437221
      ],
      [
        0.361101627,
        0.8766785,
        0.3178684
      ],
      [
        0.08617502,
        -0.370780468,
        0.9247139
      ]
    ],
    "translation": [
      1.93829167,
      0.9542551,
      -0.5980003
    ]
  },
  {
    "timeStamp": 113323,
    "rotation": [
      [
        0.9035354,
        -0.422528237,
        -0.07136998
      ],
      [
        0.4203224,
        0.8414762,
        0.339480281
      ],
      [
        -0.08338386,
        -0.336730868,
        0.9379016
      ]
    ],
    "translation": [
      2.01553941,
      0.961222351,
      -0.5922435
    ]
  },
  {
    "timeStamp": 113367,
    "rotation": [
      [
        0.883290768,
        -0.4680652,
        0.02669144
      ],
      [
        0.431834668,
        0.834443867,
        0.342377454
      ],
      [
        -0.182527483,
        -0.290892571,
        0.9391833
      ]
    ],
    "translation": [
      2.068836,
      0.9607729,
      -0.5901512
    ]
  },
  {
    "timeStamp": 113433,
    "rotation": [
      [
        0.8356889,
        -0.5396793,
        0.10183499
      ],
      [
        0.477278769,
        0.805389,
        0.351502031
      ],
      [
        -0.271715134,
        -0.245142668,
        0.930632055
      ]
    ],
    "translation": [
      2.12704253,
      0.9554707,
      -0.586819351
    ]
  },
  {
    "timeStamp": 113473,
    "rotation": [
      [
        0.799811959,
        -0.5801753,
        0.153939992
      ],
      [
        0.5160786,
        0.7956254,
        0.317243069
      ],
      [
        -0.306535155,
        -0.174289674,
        0.935766757
      ]
    ],
    "translation": [
      2.1707654,
      0.9391725,
      -0.583238661
    ]
  },
  {
    "timeStamp": 113518,
    "rotation": [
      [
        0.7914995,
        -0.5859519,
        0.173749477
      ],
      [
        0.5241443,
        0.796999633,
        0.30010727
      ],
      [
        -0.3143267,
        -0.146464959,
        0.937948167
      ]
    ],
    "translation": [
      2.19417048,
      0.9224026,
      -0.578860164
    ]
  },
  {
    "timeStamp": 113573,
    "rotation": [
      [
        0.7861977,
        -0.5902023,
        0.183178842
      ],
      [
        0.540025055,
        0.8002628,
        0.260676831
      ],
      [
        -0.300443262,
        -0.106022365,
        0.9478888
      ]
    ],
    "translation": [
      2.21397853,
      0.8993195,
      -0.5745695
    ]
  },
  {
    "timeStamp": 113618,
    "rotation": [
      [
        0.784002364,
        -0.594468057,
        0.178740263
      ],
      [
        0.554197252,
        0.8000118,
        0.22988373
      ],
      [
        -0.279652864,
        -0.08117203,
        0.956663668
      ]
    ],
    "translation": [
      2.22325253,
      0.879974842,
      -0.571983
    ]
  },
  {
    "timeStamp": 113673,
    "rotation": [
      [
        0.7688398,
        -0.616979957,
        0.167991534
      ],
      [
        0.5852496,
        0.784807444,
        0.203863353
      ],
      [
        -0.2576206,
        -0.05842128,
        0.964478433
      ]
    ],
    "translation": [
      2.232407,
      0.8604742,
      -0.570016
    ]
  },
  {
    "timeStamp": 113718,
    "rotation": [
      [
        0.7819541,
        -0.5995078,
        0.170698822
      ],
      [
        0.5749809,
        0.7994746,
        0.173888862
      ],
      [
        -0.240717113,
        -0.03782455,
        0.969858
      ]
    ],
    "translation": [
      2.23372221,
      0.8458841,
      -0.5696045
    ]
  },
  {
    "timeStamp": 113773,
    "rotation": [
      [
        0.7672699,
        -0.6202994,
        0.1628667
      ],
      [
        0.6014334,
        0.784123,
        0.153065577
      ],
      [
        -0.222654,
        -0.0194891524,
        0.9747027
      ]
    ],
    "translation": [
      2.23553753,
      0.8316582,
      -0.570616543
    ]
  },
  {
    "timeStamp": 113818,
    "rotation": [
      [
        0.782359242,
        -0.5978089,
        0.174752638
      ],
      [
        0.582321465,
        0.801628351,
        0.135254189
      ],
      [
        -0.22094284,
        -0.004055153,
        0.9752783
      ]
    ],
    "translation": [
      2.234104,
      0.820693,
      -0.5711603
    ]
  },
  {
    "timeStamp": 113864,
    "rotation": [
      [
        0.7765215,
        -0.609769,
        0.158732787
      ],
      [
        0.5967933,
        0.7925754,
        0.125148132
      ],
      [
        -0.202119157,
        -0.00244956184,
        0.9793579
      ]
    ],
    "translation": [
      2.23296833,
      0.8124832,
      -0.569387138
    ]
  },
  {
    "timeStamp": 113920,
    "rotation": [
      [
        0.753961444,
        -0.637118042,
        0.16007106
      ],
      [
        0.626358,
        0.7706744,
        0.117202953
      ],
      [
        -0.198034778,
        0.0118952822,
        0.9801228
      ]
    ],
    "translation": [
      2.235631,
      0.80140686,
      -0.5676506
    ]
  },
  {
    "timeStamp": 113966,
    "rotation": [
      [
        0.752191365,
        -0.636357069,
        0.171049476
      ],
      [
        0.627732337,
        0.7709439,
        0.107692614
      ],
      [
        -0.2004005,
        0.0263678245,
        0.9793592
      ]
    ],
    "translation": [
      2.23669958,
      0.7928509,
      -0.567067146
    ]
  }
]