[
  {
    "timeStamp": 102728,
    "rotation": [
      [
        0.9861969,
        -0.165491,
        -0.00533575658
      ],
      [
        0.165500373,
        0.9842483,
        0.0621688366
      ],
      [
        -0.00503667351,
        -0.06219378,
        0.998051345
      ]
    ],
    "translation": [
      1.58724082,
      0.843622565,
      -0.370888382
    ]
  },
  {
    "timeStamp": 102783,
    "rotation": [
      [
        0.989461958,
        -0.140596256,
        0.0346087739
      ],
      [
        0.13638486,
        0.985254347,
        0.103310287
      ],
      [
        -0.0486234874,
        -0.09750149,
        0.994046867
      ]
    ],
    "translation": [
      1.59452546,
      0.85742414,
      -0.374836445
    ]
  },
  {
    "timeStamp": 102828,
    "rotation": [
      [
        0.992687762,
        -0.10821797,
        0.0534778535
      ],
      [
        0.09953742,
        0.9844816,
        0.144527629
      ],
      [
        -0.06828845,
        -0.138147756,
        0.9880546
      ]
    ],
    "translation": [
      1.602334,
      0.8783388,
      -0.383618355
    ]
  },
  {
    "timeStamp": 102883,
    "rotation": [
      [
        0.994311869,
        -0.05124082,
        0.09337159
      ],
      [
        0.03316308,
        0.982033253,
        0.185771108
      ],
      [
        -0.101213068,
        -0.181617931,
        0.9781467
      ]
    ],
    "translation": [
      1.62219834,
      0.910080552,
      -0.3987619
    ]
  },
  {
    "timeStamp": 102928,
    "rotation": [
      [
        0.9920067,
        -0.0195716433,
        0.124657631
      ],
      [
        -0.008211526,
        0.9757915,
        0.218548462
      ],
      [
        -0.125917211,
        -0.217825174,
        0.9678311
      ]
    ],
    "translation": [
      1.64249849,
      0.937232733,
      -0.4179688
    ]
  },
  {
    "timeStamp": 102983,
    "rotation": [
      [
        0.9884364,
        0.0255474411,
        0.149468452
      ],
      [
        -0.06262859,
        0.9664841,
        0.248970151
      ],
      [
        -0.138098329,
        -0.255452156,
        0.956908047
      ]
    ],
    "translation": [
      1.67564881,
      0.975444257,
      -0.4512303
    ]
  },
  {
    "timeStamp": 103028,
    "rotation": [
      [
        0.9868525,
        0.0216871276,
        0.1601613
      ],
      [
        -0.0700000748,
        0.9505428,
        0.3026025
      ],
      [
        -0.145677611,
        -0.309835345,
        0.939563751
      ]
    ],
    "translation": [
      1.70581889,
      1.00445175,
      -0.4839843
    ]
  },
  {
    "timeStamp": 103083,
    "rotation": [
      [
        0.979006469,
        -0.0468073376,
        0.19838208
      ],
      [
        -0.0329918079,
        0.9240526,
        0.380839
      ],
      [
        -0.201141536,
        -0.3793888,
        0.9031092
      ]
    ],
    "translation": [
      1.75244427,
      1.03325009,
      -0.522530258
    ]
  },
  {
    "timeStamp": 103128,
    "rotation": [
      [
        0.9570866,
        -0.09899969,
        0.272367984
      ],
      [
        -0.0240978319,
        0.9093995,
        0.41522494
      ],
      [
        -0.288798451,
        -0.4039697,
        0.8679884
      ]
    ],
    "translation": [
      1.79977787,
      1.04972541,
      -0.5455452
    ]
  },
  {
    "timeStamp": 103183,
    "rotation": [
      [
        0.8980427,
        -0.20158717,
        0.391001225
      ],
      [
        0.00155565178,
        0.890274048,
        0.45542258
      ],
      [
        -0.439905584,
        -0.408380657,
        0.799817741
      ]
    ],
    "translation": [
      1.86253619,
      1.06004524,
      -0.5662475
    ]
  },
  {
    "timeStamp": 103228,
    "rotation": [
      [
        0.833755732,
        -0.286051869,
        0.472256
      ],
      [
        0.0282825623,
        0.876333058,
        0.480874717
      ],
      [
        -0.551408648,
        -0.387575448,
        0.738738
      ]
    ],
    "translation": [
      1.910634,
      1.0652492,
      -0.5778058
    ]
  },
  {
    "timeStamp": 103283,
    "rotation": [
      [
        0.747162461,
        -0.3730954,
        0.550043762
      ],
      [
        0.04495414,
        0.8540526,
        0.518240631
      ],
      [
        -0.6631195,
        -0.3624832,
        0.6548882
      ]
    ],
    "translation": [
      1.967636,
      1.0713346,
      -0.592013538
    ]
  },
  {
    "timeStamp": 103328,
    "rotation": [
      [
        0.688950658,
        -0.418580562,
        0.591724
      ],
      [
        0.0607371852,
        0.846856356,
        0.528342068
      ],
      [
        -0.7222589,
        -0.328061968,
        0.6088657
      ]
    ],
    "translation": [
      1.99978018,
      1.07163727,
      -0.598558068
    ]
  },
  {
    "timeStamp": 103378,
    "rotation": [
      [
        0.5975555,
        -0.4534227,
        0.6613133
      ],
      [
        0.102259986,
        0.861117542,
        0.498015434
      ],
      [
        -0.795280039,
        -0.229965985,
        0.5609326
      ]
    ],
    "translation": [
      2.05579519,
      1.0619303,
      -0.6085898
    ]
  },
  {
    "timeStamp": 103434,
    "rotation": [
      [
        0.5369971,
        -0.471285015,
        0.6996603
      ],
      [
        0.151934192,
        0.869859755,
        0.469318658
      ],
      [
        -0.829789162,
        -0.145720437,
        0.538716435
      ]
    ],
    "translation": [
      2.092409,
      1.04695415,
      -0.6193267
    ]
  },
  {
    "timeStamp": 103478,
    "rotation": [
      [
        0.506479859,
        -0.445600569,
        0.7381859
      ],
      [
        0.17442061,
        0.891361833,
        0.418391675
      ],
      [
        -0.8444262,
        -0.08315212,
        0.529178739
      ]
    ],
    "translation": [
      2.11627126,
      1.03412426,
      -0.626944065
    ]
  },
  {
    "timeStamp": 103534,
    "rotation": [
      [
        0.480421066,
        -0.444750041,
        0.7559054
      ],
      [
        0.221206263,
        0.895466447,
        0.386274
      ],
      [
        -0.8486833,
        -0.0183631629,
        0.528582454
      ]
    ],
    "translation": [
      2.134241,
      1.01806593,
      -0.6375115
    ]
  },
  {
    "timeStamp": 103578,
    "rotation": [
      [
        0.473569483,
        -0.408826679,
        0.780123532
      ],
      [
        0.227158651,
        0.9124707,
        0.3402884
      ],
      [
        -0.850958765,
        0.0160615928,
        0.5249868
      ]
    ],
    "translation": [
      2.145154,
      1.00567758,
      -0.6437339
    ]
  },
  {
    "timeStamp": 103634,
    "rotation": [
      [
        0.4790621,
        -0.39672038,
        0.783014953
      ],
      [
        0.25331682,
        0.916569769,
        0.3094033
      ],
      [
        -0.840434432,
        0.0501274727,
        0.5395898
      ]
    ],
    "translation": [
      2.150887,
      0.989883065,
      -0.650612652
    ]
  },
  {
    "timeStamp": 103678,
    "rotation": [
      [
        0.47359845,
        -0.370794058,
        0.798884451
      ],
      [
        0.253926426,
        0.9260282,
        0.279272646
      ],
      [
        -0.8433421,
        0.07059478,
        0.5327199
      ]
    ],
    "translation": [
      2.15647984,
      0.979162931,
      -0.6547048
    ]
  },
  {
    "timeStamp": 103724,
    "rotation": [
      [
        0.459565729,
        -0.386626124,
        0.7995747
      ],
      [
        0.278330117,
        0.917621,
        0.2837324
      ],
      [
        -0.8434049,
        0.09215202,
        0.529316843
      ]
    ],
    "translation": [
      2.15913749,
      0.9702827,
      -0.6574336
    ]
  },
  {
    "timeStamp": 103780,
    "rotation": [
      [
        0.450925916,
        -0.365952879,
        0.8140911
      ],
      [
        0.28019467,
        0.9240154,
        0.260166258
      ],
      [
        -0.8474413,
        0.110788286,
        0.519200563
      ]
    ],
    "translation": [
      2.16441441,
      0.960304439,
      -0.6601795
    ]
  },
  {
    "timeStamp": 103825,
    "rotation": [
      [
        0.450365245,
        -0.356233716,
        0.81869936
      ],
      [
        0.292429745,
        0.925232232,
        0.241723284
      ],
      [
        -0.843597054,
        0.1305483,
        0.5208658
      ]
    ],
    "translation": [
      2.1677897,
      0.9528369,
      -0.6599409
    ]
  },
  {
    "timeStamp": 103882,
    "rotation": [
      [
        0.440197229,
        -0.349189728,
        0.82722
      ],
      [
        0.303468138,
        0.924927354,
        0.228946671
      ],
      [
        -0.8450642,
        0.150253221,
        0.5131184
      ]
    ],
    "translation": [
      2.17139983,
      0.9450748,
      -0.6608135
    ]
  },
  {
    "timeStamp": 103927,
    "rotation": [
      [
        0.442307144,
        -0.325169683,
        0.835840344
      ],
      [
        0.287823975,
        0.9341281,
        0.211097211
      ],
      [
        -0.849424362,
        0.14720507,
        0.50676316
      ]
    ],
    "translation": [
      2.17451668,
      0.9415996,
      -0.662320554
    ]
  }
]