[
  {
    "timeStamp": 118754,
    "rotation": [
      [
        0.9981452,
        0.0597945154,
        0.01143012
      ],
      [
        0.008846359,
        0.0432983041,
        -0.999023
      ],
      [
        -0.060231,
        0.9972712,
        0.0426890329
      ]
    ],
    "translation": [
      1.46318519,
      0.696227252,
      -0.7543431
    ]
  },
  {
    "timeStamp": 118798,
    "rotation": [
      [
        0.9957475,
        0.08054007,
        0.04472358
      ],
      [
        0.0441398546,
        0.009014471,
        -0.9989847
      ],
      [
        -0.08086146,
        0.9967106,
        0.00542111043
      ]
    ],
    "translation": [
      1.46420932,
      0.7017507,
      -0.754186451
    ]
  },
  {
    "timeStamp": 118854,
    "rotation": [
      [
        0.98279506,
        0.1572912,
        -0.096816346
      ],
      [
        -0.0978860557,
        -0.0009499727,
        -0.9951972
      ],
      [
        -0.156627744,
        0.9875518,
        0.0144629879
      ]
    ],
    "translation": [
      1.46082962,
      0.721612453,
      -0.74498266
    ]
  },
  {
    "timeStamp": 118898,
    "rotation": [
      [
        0.966895163,
        0.205130875,
        -0.151773021
      ],
      [
        -0.1534675,
        -0.00771949347,
        -0.988123536
      ],
      [
        -0.203866258,
        0.9787041,
        0.0240169838
      ]
    ],
    "translation": [
      1.46392608,
      0.745461047,
      -0.736396
    ]
  },
  {
    "timeStamp": 118954,
    "rotation": [
      [
        0.9322564,
        0.2793853,
        -0.229873464
      ],
      [
        -0.2308782,
        -0.0297811851,
        -0.9725268
      ],
      [
        -0.2785556,
        0.9597171,
        0.036740277
      ]
    ],
    "translation": [
      1.47227526,
      0.7832949,
      -0.72269094
    ]
  },
  {
    "timeStamp": 118998,
    "rotation": [
      [
        0.8969871,
        0.3318981,
        -0.291989326
      ],
      [
        -0.287306875,
        -0.06428905,
        -0.955678642
      ],
      [
        -0.335959643,
        0.941122,
        0.03769016
      ]
    ],
    "translation": [
      1.48667157,
      0.8147486,
      -0.713752031
    ]
  },
  {
    "timeStamp": 119054,
    "rotation": [
      [
        0.8381687,
        0.407005668,
        -0.3630697
      ],
      [
        -0.355837733,
        -0.09641945,
        -0.929560542
      ],
      [
        -0.4133434,
        0.908322453,
        0.0640122
      ]
    ],
    "translation": [
      1.51267135,
      0.854623139,
      -0.697846055
    ]
  },
  {
    "timeStamp": 119098,
    "rotation": [
      [
        0.781516433,
        0.473990232,
        -0.405666471
      ],
      [
        -0.39933303,
        -0.119533,
        -0.9089802
      ],
      [
        -0.479338259,
        0.872378945,
        0.0958629549
      ]
    ],
    "translation": [
      1.54190826,
      0.88214004,
      -0.6838175
    ]
  },
  {
    "timeStamp": 119154,
    "rotation": [
      [
        0.707235,
        0.5530761,
        -0.4403699
      ],
      [
        -0.451566756,
        -0.125879079,
        -0.88331306
      ],
      [
        -0.5439727,
        0.823566258,
        0.160724685
      ]
    ],
    "translation": [
      1.58582711,
      0.9151542,
      -0.663405359
    ]
  },
  {
    "timeStamp": 119198,
    "rotation": [
      [
        0.6360083,
        0.6224995,
        -0.456056684
      ],
      [
        -0.499152452,
        -0.118843555,
        -0.8583257
      ],
      [
        -0.588506758,
        0.773544133,
        0.235136688
      ]
    ],
    "translation": [
      1.6275475,
      0.9404057,
      -0.6464263
    ]
  },
  {
    "timeStamp": 119254,
    "rotation": [
      [
        0.5467188,
        0.70600456,
        -0.450173467
      ],
      [
        -0.549642563,
        -0.102983132,
        -0.82902807
      ],
      [
        -0.6316579,
        0.7006797,
        0.331747323
      ]
    ],
    "translation": [
      1.68792582,
      0.971728563,
      -0.621898353
    ]
  },
  {
    "timeStamp": 119298,
    "rotation": [
      [
        0.468584865,
        0.7794742,
        -0.415750235
      ],
      [
        -0.592113554,
        -0.07214289,
        -0.8026188
      ],
      [
        -0.6556141,
        0.622266352,
        0.42773217
      ]
    ],
    "translation": [
      1.74282587,
      0.9957093,
      -0.6024902
    ]
  },
  {
    "timeStamp": 119354,
    "rotation": [
      [
        0.401466846,
        0.850138,
        -0.340719551
      ],
      [
        -0.6386236,
        -0.006815092,
        -0.7694891
      ],
      [
        -0.656493962,
        0.5265159,
        0.5401822
      ]
    ],
    "translation": [
      1.81796241,
      1.02402,
      -0.580111742
    ]
  },
  {
    "timeStamp": 119398,
    "rotation": [
      [
        0.375638932,
        0.889893353,
        -0.25881514
      ],
      [
        -0.6388222,
        0.04630544,
        -0.767959654
      ],
      [
        -0.671417654,
        0.45381242,
        0.5858777
      ]
    ],
    "translation": [
      1.87720954,
      1.03661454,
      -0.5673197
    ]
  },
  {
    "timeStamp": 119453,
    "rotation": [
      [
        0.386393458,
        0.911000252,
        -0.1441482
      ],
      [
        -0.585227847,
        0.121360518,
        -0.80173564
      ],
      [
        -0.712887466,
        0.394144952,
        0.580035567
      ]
    ],
    "translation": [
      1.94968343,
      1.039508,
      -0.556537569
    ]
  },
  {
    "timeStamp": 119498,
    "rotation": [
      [
        0.428834945,
        0.899707735,
        -0.0814035
      ],
      [
        -0.5201261,
        0.1722232,
        -0.8365453
      ],
      [
        -0.7386267,
        0.401079923,
        0.541816831
      ]
    ],
    "translation": [
      1.99929357,
      1.03556657,
      -0.5558758
    ]
  },
  {
    "timeStamp": 119553,
    "rotation": [
      [
        0.508283734,
        0.860037148,
        0.0445395075
      ],
      [
        -0.4181372,
        0.29167223,
        -0.86028403
      ],
      [
        -0.752867162,
        0.418644726,
        0.5078657
      ]
    ],
    "translation": [
      2.058102,
      1.02914035,
      -0.55920136
    ]
  },
  {
    "timeStamp": 119598,
    "rotation": [
      [
        0.570245862,
        0.8143669,
        0.107824855
      ],
      [
        -0.336444,
        0.3512742,
        -0.8737344
      ],
      [
        -0.7494165,
        0.4619664,
        0.474301517
      ]
    ],
    "translation": [
      2.095529,
      1.02433372,
      -0.564788461
    ]
  },
  {
    "timeStamp": 119653,
    "rotation": [
      [
        0.5869322,
        0.7946044,
        0.155288
      ],
      [
        -0.243818238,
        0.356366456,
        -0.9019732
      ],
      [
        -0.772051334,
        0.491535038,
        0.402902
      ]
    ],
    "translation": [
      2.13087821,
      1.01270235,
      -0.5697098
    ]
  },
  {
    "timeStamp": 119694,
    "rotation": [
      [
        0.635658145,
        0.7322369,
        0.2444744
      ],
      [
        -0.103464752,
        0.394641668,
        -0.9129912
      ],
      [
        -0.7650057,
        0.555055857,
        0.3266179
      ]
    ],
    "translation": [
      2.16618013,
      0.9959655,
      -0.577467561
    ]
  },
  {
    "timeStamp": 119749,
    "rotation": [
      [
        0.6887932,
        0.640820265,
        0.338988572
      ],
      [
        0.09094431,
        0.387524545,
        -0.917362452
      ],
      [
        -0.719230831,
        0.6627021,
        0.208645314
      ]
    ],
    "translation": [
      2.188893,
      0.9722202,
      -0.593753934
    ]
  },
  {
    "timeStamp": 119794,
    "rotation": [
      [
        0.705743968,
        0.588425457,
        0.394564182
      ],
      [
        0.221478045,
        0.3457692,
        -0.9118065
      ],
      [
        -0.6729583,
        0.730889261,
        0.1137012
      ]
    ],
    "translation": [
      2.20276761,
      0.954233944,
      -0.6088391
    ]
  },
  {
    "timeStamp": 119849,
    "rotation": [
      [
        0.7231357,
        0.5299618,
        0.4429618
      ],
      [
        0.3434645,
        0.28050074,
        -0.896298766
      ],
      [
        -0.599255264,
        0.8002873,
        0.0208170358
      ]
    ],
    "translation": [
      2.208984,
      0.9384045,
      -0.621787667
    ]
  },
  {
    "timeStamp": 119894,
    "rotation": [
      [
        0.7370548,
        0.499852657,
        0.454859942
      ],
      [
        0.402656972,
        0.215753838,
        -0.8895604
      ],
      [
        -0.5427869,
        0.8388073,
        -0.0422467552
      ]
    ],
    "translation": [
      2.208433,
      0.927949131,
      -0.6313875
    ]
  },
  {
    "timeStamp": 119966,
    "rotation": [
      [
        0.7407148,
        0.4773765,
        0.472708464
      ],
      [
        0.4689409,
        0.136464775,
        -0.8726235
      ],
      [
        -0.481078,
        0.8680375,
        -0.122779876
      ]
    ],
    "translation": [
      2.20776963,
      0.9158841,
      -0.638622642
    ]
  },
  {
    "timeStamp": 120004,
    "rotation": [
      [
        0.7285192,
        0.4922805,
        0.476360857
      ],
      [
        0.4955937,
        0.101307519,
        -0.862626
      ],
      [
        -0.4729129,
        0.8645211,
        -0.170166641
      ]
    ],
    "translation": [
      2.207147,
      0.9070588,
      -0.6347037
    ]
  },
  {
    "timeStamp": 120049,
    "rotation": [
      [
        0.7202963,
        0.5110533,
        0.469039053
      ],
      [
        0.505366564,
        0.07655989,
        -0.8595017
      ],
      [
        -0.4751608,
        0.8561326,
        -0.203123465
      ]
    ],
    "translation": [
      2.20561719,
      0.9021531,
      -0.6291867
    ]
  },
  {
    "timeStamp": 120095,
    "rotation": [
      [
        0.7174765,
        0.52150327,
        0.46180287
      ],
      [
        0.5132654,
        0.0524201766,
        -0.8566276
      ],
      [
        -0.470941871,
        0.851637542,
        -0.230059311
      ]
    ],
    "translation": [
      2.20313287,
      0.898176551,
      -0.62774837
    ]
  },
  {
    "timeStamp": 120149,
    "rotation": [
      [
        0.717519462,
        0.5010192,
        0.483885884
      ],
      [
        0.5338919,
        0.050578028,
        -0.844038665
      ],
      [
        -0.447353572,
        0.8639569,
        -0.231199384
      ]
    ],
    "translation": [
      2.201209,
      0.894976556,
      -0.627086043
    ]
  },
  {
    "timeStamp": 120194,
    "rotation": [
      [
        0.711892,
        0.4815455,
        0.5111983
      ],
      [
        0.550732255,
        0.06888363,
        -0.831834733
      ],
      [
        -0.435779482,
        0.8737099,
        -0.216164932
      ]
    ],
    "translation": [
      2.201911,
      0.893036544,
      -0.6252226
    ]
  },
  {
    "timeStamp": 120249,
    "rotation": [
      [
        0.7016058,
        0.43437922,
        0.5648575
      ],
      [
        0.589671254,
        0.09110649,
        -0.802488267
      ],
      [
        -0.4000464,
        0.896110654,
        -0.192220092
      ]
    ],
    "translation": [
      2.203958,
      0.890191257,
      -0.626761854
    ]
  },
  {
    "timeStamp": 120294,
    "rotation": [
      [
        0.692379534,
        0.383816034,
        0.610979438
      ],
      [
        0.6166593,
        0.12487568,
        -0.777262747
      ],
      [
        -0.374622375,
        0.914927,
        -0.150222361
      ]
    ],
    "translation": [
      2.206595,
      0.889538348,
      -0.624593437
    ]
  },
  {
    "timeStamp": 120349,
    "rotation": [
      [
        0.6708751,
        0.312776148,
        0.6723821
      ],
      [
        0.656562746,
        0.170994028,
        -0.7346335
      ],
      [
        -0.344749153,
        0.93430835,
        -0.09064156
      ]
    ],
    "translation": [
      2.20829535,
      0.890971541,
      -0.6207901
    ]
  },
  {
    "timeStamp": 120394,
    "rotation": [
      [
        0.667748,
        0.299572,
        0.681446433
      ],
      [
        0.662109554,
        0.179328308,
        -0.7276347
      ],
      [
        -0.340181619,
        0.9370688,
        -0.07860337
      ]
    ],
    "translation": [
      2.2041676,
      0.893315852,
      -0.616763
    ]
  },
  {
    "timeStamp": 120449,
    "rotation": [
      [
        0.699698,
        0.329693139,
        0.6338179
      ],
      [
        0.6215142,
        0.15662393,
        -0.76758647
      ],
      [
        -0.352339059,
        0.9310056,
        -0.09531953
      ]
    ],
    "translation": [
      2.187719,
      0.896276951,
      -0.61288327
    ]
  },
  {
    "timeStamp": 120494,
    "rotation": [
      [
        0.7164293,
        0.327863872,
        0.61582
      ],
      [
        0.607490361,
        0.140866667,
        -0.781736553
      ],
      [
        -0.343051672,
        0.9341637,
        -0.0982531458
      ]
    ],
    "translation": [
      2.17892885,
      0.8961022,
      -0.611555755
    ]
  },
  {
    "timeStamp": 120551,
    "rotation": [
      [
        0.729679644,
        0.334000468,
        0.5966668
      ],
      [
        0.5801606,
        0.159439489,
        -0.79874444
      ],
      [
        -0.361913264,
        0.9289901,
        -0.07743418
      ]
    ],
    "translation": [
      2.17310572,
      0.8908385,
      -0.604863167
    ]
  },
  {
    "timeStamp": 120596,
    "rotation": [
      [
        0.7314938,
        0.340224683,
        0.5909011
      ],
      [
        0.574647665,
        0.1588526,
        -0.8028362
      ],
      [
        -0.367010832,
        0.9268296,
        -0.07930962
      ]
    ],
    "translation": [
      2.17148876,
      0.8837206,
      -0.6029642
    ]
  },
  {
    "timeStamp": 120652,
    "rotation": [
      [
        0.716160834,
        0.318861425,
        0.620839
      ],
      [
        0.6020322,
        0.167790189,
        -0.7806431
      ],
      [
        -0.353087664,
        0.9328311,
        -0.07180008
      ]
    ],
    "translation": [
      2.17899823,
      0.8718639,
      -0.6040862
    ]
  },
  {
    "timeStamp": 120697,
    "rotation": [
      [
        0.7140057,
        0.322307736,
        0.6215413
      ],
      [
        0.607960045,
        0.154874474,
        -0.778715968
      ],
      [
        -0.347247064,
        0.933879852,
        -0.08536895
      ]
    ],
    "translation": [
      2.181948,
      0.86375165,
      -0.6060432
    ]
  },
  {
    "timeStamp": 120753,
    "rotation": [
      [
        0.712027431,
        0.369672745,
        0.5969582
      ],
      [
        0.6041617,
        0.110651992,
        -0.789141834
      ],
      [
        -0.357778847,
        0.922549844,
        -0.144554853
      ]
    ],
    "translation": [
      2.18165183,
      0.855235636,
      -0.610672534
    ]
  },
  {
    "timeStamp": 120797,
    "rotation": [
      [
        0.7106268,
        0.4146017,
        0.568432033
      ],
      [
        0.5961807,
        0.07417263,
        -0.799416661
      ],
      [
        -0.373601615,
        0.9069751,
        -0.194468468
      ]
    ],
    "translation": [
      2.18021131,
      0.8493351,
      -0.613271832
    ]
  },
  {
    "timeStamp": 120853,
    "rotation": [
      [
        0.7093474,
        0.498676777,
        0.498144269
      ],
      [
        0.5737445,
        0.00202907785,
        -0.819031835
      ],
      [
        -0.409442931,
        0.866785645,
        -0.284673721
      ]
    ],
    "translation": [
      2.17376375,
      0.844233334,
      -0.6166287
    ]
  },
  {
    "timeStamp": 120897,
    "rotation": [
      [
        0.706478834,
        0.51641953,
        0.483940452
      ],
      [
        0.580543,
        -0.03176225,
        -0.813609838
      ],
      [
        -0.404793,
        0.8557464,
        -0.322243124
      ]
    ],
    "translation": [
      2.17397261,
      0.8393149,
      -0.620585561
    ]
  },
  {
    "timeStamp": 120953,
    "rotation": [
      [
        0.6923345,
        0.520043731,
        0.500227332
      ],
      [
        0.599154353,
        -0.0280004647,
        -0.8001437
      ],
      [
        -0.4021031,
        0.8536805,
        -0.330972135
      ]
    ],
    "translation": [
      2.17985487,
      0.8336041,
      -0.620631456
    ]
  },
  {
    "timeStamp": 120997,
    "rotation": [
      [
        0.6980861,
        0.518293738,
        0.4940115
      ],
      [
        0.60012877,
        -0.04721047,
        -0.798509
      ],
      [
        -0.3905397,
        0.8538986,
        -0.343999922
      ]
    ],
    "translation": [
      2.179877,
      0.8303346,
      -0.622650146
    ]
  },
  {
    "timeStamp": 121053,
    "rotation": [
      [
        0.7100389,
        0.4884106,
        0.5072473
      ],
      [
        0.604530931,
        -0.053409595,
        -0.794789135
      ],
      [
        -0.361091554,
        0.870977938,
        -0.333182216
      ]
    ],
    "translation": [
      2.1799202,
      0.826732039,
      -0.6254985
    ]
  },
  {
    "timeStamp": 121097,
    "rotation": [
      [
        0.7118257,
        0.443704754,
        0.544454038
      ],
      [
        0.6236988,
        -0.0428778455,
        -0.7804879
      ],
      [
        -0.322961181,
        0.8951466,
        -0.307259679
      ]
    ],
    "translation": [
      2.18449569,
      0.8237759,
      -0.6272061
    ]
  },
  {
    "timeStamp": 121153,
    "rotation": [
      [
        0.7226901,
        0.420816422,
        0.5482997
      ],
      [
        0.6224723,
        -0.0514746867,
        -0.780947268
      ],
      [
        -0.30041188,
        0.905684233,
        -0.2991468
      ]
    ],
    "translation": [
      2.18527365,
      0.8234693,
      -0.6282639
    ]
  },
  {
    "timeStamp": 121197,
    "rotation": [
      [
        0.7255457,
        0.4282926,
        0.5386547
      ],
      [
        0.6184342,
        -0.0624489263,
        -0.7833513
      ],
      [
        -0.30186516,
        0.901479661,
        -0.310180336
      ]
    ],
    "translation": [
      2.18525815,
      0.82350564,
      -0.6284095
    ]
  },
  {
    "timeStamp": 121253,
    "rotation": [
      [
        0.7153793,
        0.428918153,
        0.5515992
      ],
      [
        0.632380068,
        -0.0616585128,
        -0.7722005
      ],
      [
        -0.297200054,
        0.901236653,
        -0.315348536
      ]
    ],
    "translation": [
      2.191231,
      0.8223373,
      -0.6287415
    ]
  },
  {
    "timeStamp": 121297,
    "rotation": [
      [
        0.711022139,
        0.4405301,
        0.5480701
      ],
      [
        0.635898054,
        -0.0701489151,
        -0.76857847
      ],
      [
        -0.3001354,
        0.894993,
        -0.330009639
      ]
    ],
    "translation": [
      2.19350219,
      0.8214039,
      -0.6293594
    ]
  },
  {
    "timeStamp": 121353,
    "rotation": [
      [
        0.711339235,
        0.462856352,
        0.528923869
      ],
      [
        0.6294504,
        -0.0847060159,
        -0.7724099
      ],
      [
        -0.3127118,
        0.8823768,
        -0.351599842
      ]
    ],
    "translation": [
      2.19315219,
      0.820577741,
      -0.629002035
    ]
  },
  {
    "timeStamp": 121397,
    "rotation": [
      [
        0.709076941,
        0.473937929,
        0.5221042
      ],
      [
        0.632643044,
        -0.1006003,
        -0.767881751
      ],
      [
        -0.311404437,
        0.8747928,
        -0.371166885
      ]
    ],
    "translation": [
      2.194059,
      0.8191789,
      -0.630268335
    ]
  },
  {
    "timeStamp": 121453,
    "rotation": [
      [
        0.7034626,
        0.490371257,
        0.5144672
      ],
      [
        0.635123134,
        -0.108835541,
        -0.7647048
      ],
      [
        -0.318996966,
        0.8646912,
        -0.388007849
      ]
    ],
    "translation": [
      2.19529438,
      0.8175527,
      -0.6300488
    ]
  },
  {
    "timeStamp": 121497,
    "rotation": [
      [
        0.699736,
        0.504802465,
        0.5055136
      ],
      [
        0.637595654,
        -0.122103974,
        -0.7606329
      ],
      [
        -0.322244138,
        0.8545555,
        -0.4073004
      ]
    ],
    "translation": [
      2.1955924,
      0.8173782,
      -0.630790532
    ]
  }
]