[
  {
    "timeStamp": 50636,
    "rotation": [
      [
        0.28158626,
        -0.351027,
        -0.893022537
      ],
      [
        0.9432708,
        -0.06936753,
        0.3246973
      ],
      [
        -0.175924286,
        -0.933792353,
        0.311580628
      ]
    ],
    "translation": [
      1.589102,
      0.852907658,
      -0.7523718
    ]
  },
  {
    "timeStamp": 50681,
    "rotation": [
      [
        0.2769087,
        -0.35809648,
        -0.8916774
      ],
      [
        0.945868731,
        -0.06189204,
        0.318593472
      ],
      [
        -0.169274926,
        -0.931630969,
        0.321573824
      ]
    ],
    "translation": [
      1.58888674,
      0.857206643,
      -0.7523695
    ]
  },
  {
    "timeStamp": 50735,
    "rotation": [
      [
        0.3046821,
        -0.357349157,
        -0.8828762
      ],
      [
        0.9361552,
        -0.05839357,
        0.346703917
      ],
      [
        -0.175448641,
        -0.9321436,
        0.3167428
      ]
    ],
    "translation": [
      1.58914363,
      0.8567903,
      -0.7523881
    ]
  },
  {
    "timeStamp": 50780,
    "rotation": [
      [
        0.3275927,
        -0.361131132,
        -0.87307924
      ],
      [
        0.927753031,
        -0.0518887639,
        0.369569868
      ],
      [
        -0.178766191,
        -0.931070268,
        0.318042129
      ]
    ],
    "translation": [
      1.5892278,
      0.8565663,
      -0.7524002
    ]
  },
  {
    "timeStamp": 50836,
    "rotation": [
      [
        0.224003136,
        -0.3442739,
        -0.9117555
      ],
      [
        0.9532215,
        -0.117428072,
        0.278530836
      ],
      [
        -0.202956587,
        -0.931496739,
        0.301865
      ]
    ],
    "translation": [
      1.59830141,
      0.858911753,
      -0.751643538
    ]
  },
  {
    "timeStamp": 50880,
    "rotation": [
      [
        0.243986711,
        -0.346101433,
        -0.9059163
      ],
      [
        0.944251537,
        -0.128136814,
        0.3032655
      ],
      [
        -0.221041858,
        -0.9294056,
        0.295543134
      ]
    ],
    "translation": [
      1.601141,
      0.8717535,
      -0.750357866
    ]
  },
  {
    "timeStamp": 50935,
    "rotation": [
      [
        0.284395427,
        -0.360668033,
        -0.888278
      ],
      [
        0.924455464,
        -0.14228113,
        0.353748679
      ],
      [
        -0.25397104,
        -0.921777964,
        0.292957455
      ]
    ],
    "translation": [
      1.60436261,
      0.8989763,
      -0.746647239
    ]
  },
  {
    "timeStamp": 50980,
    "rotation": [
      [
        0.323990583,
        -0.378907,
        -0.8668677
      ],
      [
        0.8993219,
        -0.161092073,
        0.40653348
      ],
      [
        -0.2936839,
        -0.911306143,
        0.288567036
      ]
    ],
    "translation": [
      1.60841179,
      0.928979456,
      -0.740009069
    ]
  },
  {
    "timeStamp": 51035,
    "rotation": [
      [
        0.371615618,
        -0.41609022,
        -0.82992214
      ],
      [
        0.8565575,
        -0.191113278,
        0.479358852
      ],
      [
        -0.3580657,
        -0.8890133,
        0.285384536
      ]
    ],
    "translation": [
      1.61975694,
      0.973736,
      -0.7303979
    ]
  },
  {
    "timeStamp": 51080,
    "rotation": [
      [
        0.40638116,
        -0.458274454,
        -0.790467441
      ],
      [
        0.8124715,
        -0.2145581,
        0.5420838
      ],
      [
        -0.418024361,
        -0.862525,
        0.285142571
      ]
    ],
    "translation": [
      1.63278353,
      1.015277,
      -0.721960247
    ]
  },
  {
    "timeStamp": 51136,
    "rotation": [
      [
        0.441779256,
        -0.5118734,
        -0.736761
      ],
      [
        0.744327545,
        -0.249315038,
        0.6195309
      ],
      [
        -0.500807,
        -0.8220874,
        0.270859271
      ]
    ],
    "translation": [
      1.65860868,
      1.066649,
      -0.715035856
    ]
  },
  {
    "timeStamp": 51181,
    "rotation": [
      [
        0.456842124,
        -0.5579039,
        -0.6928482
      ],
      [
        0.6886875,
        -0.271159321,
        0.67244494
      ],
      [
        -0.563031852,
        -0.784357,
        0.260344416
      ]
    ],
    "translation": [
      1.68559885,
      1.1060853,
      -0.7133375
    ]
  },
  {
    "timeStamp": 51235,
    "rotation": [
      [
        0.4499933,
        -0.6194998,
        -0.6432153
      ],
      [
        0.6247304,
        -0.296301752,
        0.722438335
      ],
      [
        -0.638136268,
        -0.7269286,
        0.2536866
      ]
    ],
    "translation": [
      1.72663152,
      1.14879346,
      -0.716216445
    ]
  },
  {
    "timeStamp": 51281,
    "rotation": [
      [
        0.4288653,
        -0.6661346,
        -0.6101961
      ],
      [
        0.5809871,
        -0.313856363,
        0.7509648
      ],
      [
        -0.6917576,
        -0.6765788,
        0.2524135
      ]
    ],
    "translation": [
      1.76338112,
      1.17635691,
      -0.7217915
    ]
  },
  {
    "timeStamp": 51336,
    "rotation": [
      [
        0.3918368,
        -0.7173591,
        -0.5760728
      ],
      [
        0.5350683,
        -0.3316812,
        0.7769746
      ],
      [
        -0.748442352,
        -0.6126855,
        0.2538712
      ]
    ],
    "translation": [
      1.812365,
      1.20368707,
      -0.7333813
    ]
  },
  {
    "timeStamp": 51380,
    "rotation": [
      [
        0.351742864,
        -0.752090454,
        -0.5573482
      ],
      [
        0.5141441,
        -0.342333555,
        0.7864246
      ],
      [
        -0.7822614,
        -0.5631765,
        0.266269475
      ]
    ],
    "translation": [
      1.85201073,
      1.21857166,
      -0.7431059
    ]
  },
  {
    "timeStamp": 51436,
    "rotation": [
      [
        0.295918,
        -0.787851632,
        -0.5401132
      ],
      [
        0.50616163,
        -0.3501955,
        0.7881393
      ],
      [
        -0.810082,
        -0.506609142,
        0.295151144
      ]
    ],
    "translation": [
      1.89935577,
      1.228551,
      -0.7531654
    ]
  },
  {
    "timeStamp": 51480,
    "rotation": [
      [
        0.242304072,
        -0.8078011,
        -0.5373509
      ],
      [
        0.504493654,
        -0.368183,
        0.7809785
      ],
      [
        -0.8287188,
        -0.4603244,
        0.318318337
      ]
    ],
    "translation": [
      1.93401515,
      1.23252892,
      -0.7574575
    ]
  },
  {
    "timeStamp": 51529,
    "rotation": [
      [
        0.209523454,
        -0.8312369,
        -0.51492244
      ],
      [
        0.514254868,
        -0.354221135,
        0.781069338
      ],
      [
        -0.8316501,
        -0.428453743,
        0.35325
      ]
    ],
    "translation": [
      1.96551263,
      1.23271048,
      -0.757374167
    ]
  },
  {
    "timeStamp": 51587,
    "rotation": [
      [
        0.174418449,
        -0.860196531,
        -0.479207873
      ],
      [
        0.5280496,
        -0.329058975,
        0.782869
      ],
      [
        -0.8311088,
        -0.3895923,
        0.396832466
      ]
    ],
    "translation": [
      2.00469,
      1.22900355,
      -0.753899753
    ]
  },
  {
    "timeStamp": 51631,
    "rotation": [
      [
        0.167837784,
        -0.8743306,
        -0.4553861
      ],
      [
        0.536261,
        -0.306637764,
        0.7863825
      ],
      [
        -0.827196836,
        -0.376190484,
        0.417404026
      ]
    ],
    "translation": [
      2.02400875,
      1.22424507,
      -0.7489056
    ]
  },
  {
    "timeStamp": 51686,
    "rotation": [
      [
        0.167465672,
        -0.882803261,
        -0.4388777
      ],
      [
        0.5519102,
        -0.284922451,
        0.7837182
      ],
      [
        -0.816915154,
        -0.373467028,
        0.4395134
      ]
    ],
    "translation": [
      2.0429523,
      1.21627247,
      -0.7394868
    ]
  },
  {
    "timeStamp": 51731,
    "rotation": [
      [
        0.1614599,
        -0.882202864,
        -0.442321956
      ],
      [
        0.5616475,
        -0.2863956,
        0.7762278
      ],
      [
        -0.811469436,
        -0.373758733,
        0.449245661
      ]
    ],
    "translation": [
      2.05522132,
      1.20932531,
      -0.7289684
    ]
  },
  {
    "timeStamp": 51786,
    "rotation": [
      [
        0.180976778,
        -0.8841748,
        -0.430676579
      ],
      [
        0.5809658,
        -0.257226139,
        0.77221334
      ],
      [
        -0.7935529,
        -0.389961034,
        0.4671234
      ]
    ],
    "translation": [
      2.068888,
      1.19907582,
      -0.7120563
    ]
  },
  {
    "timeStamp": 51831,
    "rotation": [
      [
        0.1953769,
        -0.879501641,
        -0.433940858
      ],
      [
        0.60645175,
        -0.2393853,
        0.7582288
      ],
      [
        -0.770742536,
        -0.411304623,
        0.486605
      ]
    ],
    "translation": [
      2.07795286,
      1.18687236,
      -0.6958759
    ]
  },
  {
    "timeStamp": 51886,
    "rotation": [
      [
        0.255424857,
        -0.8677188,
        -0.4264063
      ],
      [
        0.6484943,
        -0.173349634,
        0.7412186
      ],
      [
        -0.717086732,
        -0.4658477,
        0.518432856
      ]
    ],
    "translation": [
      2.083967,
      1.16495883,
      -0.6751677
    ]
  },
  {
    "timeStamp": 51931,
    "rotation": [
      [
        0.264014632,
        -0.85403,
        -0.4482511
      ],
      [
        0.6888962,
        -0.158305123,
        0.7073624
      ],
      [
        -0.675069153,
        -0.49555248,
        0.5465431
      ]
    ],
    "translation": [
      2.08788037,
      1.142569,
      -0.657777131
    ]
  },
  {
    "timeStamp": 51988,
    "rotation": [
      [
        0.30287832,
        -0.843629539,
        -0.443344116
      ],
      [
        0.7333433,
        -0.0907951742,
        0.6737684
      ],
      [
        -0.608664453,
        -0.5291933,
        0.591170132
      ]
    ],
    "translation": [
      2.0918045,
      1.11400461,
      -0.64038
    ]
  },
  {
    "timeStamp": 52034,
    "rotation": [
      [
        0.306608915,
        -0.8345825,
        -0.457671344
      ],
      [
        0.769130468,
        -0.06602882,
        0.635671735
      ],
      [
        -0.56074,
        -0.5469116,
        0.6216578
      ]
    ],
    "translation": [
      2.09555316,
      1.09322035,
      -0.631757855
    ]
  },
  {
    "timeStamp": 52086,
    "rotation": [
      [
        0.337421954,
        -0.8311896,
        -0.441893965
      ],
      [
        0.7874744,
        -0.007972015,
        0.6162958
      ],
      [
        -0.5157814,
        -0.5559319,
        0.6518506
      ]
    ],
    "translation": [
      2.097441,
      1.07743835,
      -0.6316983
    ]
  },
  {
    "timeStamp": 52130,
    "rotation": [
      [
        0.355767339,
        -0.8153497,
        -0.4567652
      ],
      [
        0.813276052,
        0.0293035749,
        0.5811397
      ],
      [
        -0.460447222,
        -0.578226745,
        0.6735296
      ]
    ],
    "translation": [
      2.09834647,
      1.05816936,
      -0.638004541
    ]
  },
  {
    "timeStamp": 52186,
    "rotation": [
      [
        0.368992269,
        -0.7984423,
        -0.475746363
      ],
      [
        0.8354729,
        0.06067268,
        0.5461721
      ],
      [
        -0.4072221,
        -0.5990065,
        0.6894646
      ]
    ],
    "translation": [
      2.09864569,
      1.04370666,
      -0.6483855
    ]
  },
  {
    "timeStamp": 52230,
    "rotation": [
      [
        0.371402353,
        -0.784554958,
        -0.496521682
      ],
      [
        0.848365963,
        0.0694580153,
        0.524834037
      ],
      [
        -0.377273738,
        -0.6161567,
        0.69138664
      ]
    ],
    "translation": [
      2.09903741,
      1.03539908,
      -0.6549315
    ]
  },
  {
    "timeStamp": 52285,
    "rotation": [
      [
        0.348164529,
        -0.7845215,
        -0.5131349
      ],
      [
        0.8647742,
        0.0574894,
        0.498859167
      ],
      [
        -0.361865938,
        -0.6174309,
        0.6984498
      ]
    ],
    "translation": [
      2.10404229,
      1.02728069,
      -0.6595406
    ]
  },
  {
    "timeStamp": 52330,
    "rotation": [
      [
        0.351626158,
        -0.774036765,
        -0.526522756
      ],
      [
        0.8744876,
        0.0708536953,
        0.479845047
      ],
      [
        -0.334111631,
        -0.6291637,
        0.7017995
      ]
    ],
    "translation": [
      2.10465956,
      1.02192831,
      -0.664618134
    ]
  },
  {
    "timeStamp": 52385,
    "rotation": [
      [
        0.306847185,
        -0.768592358,
        -0.5613472
      ],
      [
        0.8916912,
        0.0259435344,
        0.4519002
      ],
      [
        -0.332763731,
        -0.6392126,
        0.6933077
      ]
    ],
    "translation": [
      2.10910559,
      1.0139,
      -0.6667151
    ]
  },
  {
    "timeStamp": 52430,
    "rotation": [
      [
        0.287397951,
        -0.7844121,
        -0.5496363
      ],
      [
        0.8975729,
        0.0202710535,
        0.4403999
      ],
      [
        -0.3343133,
        -0.619908631,
        0.709892869
      ]
    ],
    "translation": [
      2.11510134,
      1.00931227,
      -0.6646004
    ]
  },
  {
    "timeStamp": 52485,
    "rotation": [
      [
        0.287179679,
        -0.7896602,
        -0.542185068
      ],
      [
        0.9035268,
        0.0353613459,
        0.4270702
      ],
      [
        -0.318067938,
        -0.612524569,
        0.7236342
      ]
    ],
    "translation": [
      2.12013173,
      1.00577915,
      -0.665389657
    ]
  },
  {
    "timeStamp": 52530,
    "rotation": [
      [
        0.301371872,
        -0.778840065,
        -0.550075531
      ],
      [
        0.8977016,
        0.0372945,
        0.439022571
      ],
      [
        -0.321413577,
        -0.626112759,
        0.7104055
      ]
    ],
    "translation": [
      2.121466,
      1.00677729,
      -0.6657201
    ]
  },
  {
    "timeStamp": 52587,
    "rotation": [
      [
        0.29967615,
        -0.7740137,
        -0.5577608
      ],
      [
        0.8893495,
        0.01502647,
        0.456981122
      ],
      [
        -0.34532848,
        -0.632990539,
        0.692871749
      ]
    ],
    "translation": [
      2.12728047,
      1.01066673,
      -0.6619492
    ]
  },
  {
    "timeStamp": 52633,
    "rotation": [
      [
        0.31579712,
        -0.78038,
        -0.5397029
      ],
      [
        0.8812117,
        0.0303454753,
        0.4717468
      ],
      [
        -0.351764232,
        -0.6245688,
        0.697263062
      ]
    ],
    "translation": [
      2.13345313,
      1.01532757,
      -0.655463
    ]
  },
  {
    "timeStamp": 52679,
    "rotation": [
      [
        0.299573421,
        -0.7922943,
        -0.5315312
      ],
      [
        0.876413465,
        0.008361794,
        0.481486678
      ],
      [
        -0.3770346,
        -0.610081732,
        0.6968824
      ]
    ],
    "translation": [
      2.14351988,
      1.02139,
      -0.6443427
    ]
  },
  {
    "timeStamp": 52734,
    "rotation": [
      [
        0.2690551,
        -0.8136708,
        -0.5153146
      ],
      [
        0.870458961,
        -0.023556076,
        0.491677
      ],
      [
        -0.412202,
        -0.5808484,
        0.7019292
      ]
    ],
    "translation": [
      2.15872526,
      1.028174,
      -0.6285459
    ]
  },
  {
    "timeStamp": 52779,
    "rotation": [
      [
        0.234278351,
        -0.8323708,
        -0.5022674
      ],
      [
        0.8690852,
        -0.0522090122,
        0.49189952
      ],
      [
        -0.4356657,
        -0.5517546,
        0.7111697
      ]
    ],
    "translation": [
      2.172793,
      1.03159142,
      -0.6152767
    ]
  },
  {
    "timeStamp": 52835,
    "rotation": [
      [
        0.189246461,
        -0.854908049,
        -0.483030021
      ],
      [
        0.872379,
        -0.0794103742,
        0.4823369
      ],
      [
        -0.45071128,
        -0.512665749,
        0.730775654
      ]
    ],
    "translation": [
      2.19016981,
      1.03176272,
      -0.6007208
    ]
  },
  {
    "timeStamp": 52879,
    "rotation": [
      [
        0.162518278,
        -0.8659612,
        -0.47296834
      ],
      [
        0.8777642,
        -0.0920599,
        0.470164776
      ],
      [
        -0.450685859,
        -0.491565049,
        0.745148361
      ]
    ],
    "translation": [
      2.20059848,
      1.028056,
      -0.590699434
    ]
  },
  {
    "timeStamp": 52934,
    "rotation": [
      [
        0.08335334,
        -0.876232147,
        -0.474625528
      ],
      [
        0.8848135,
        -0.154028311,
        0.4397503
      ],
      [
        -0.458429128,
        -0.456609726,
        0.7624633
      ]
    ],
    "translation": [
      2.21557,
      1.02140069,
      -0.5796269
    ]
  },
  {
    "timeStamp": 52979,
    "rotation": [
      [
        0.08902436,
        -0.8858261,
        -0.455397218
      ],
      [
        0.894585967,
        -0.12991868,
        0.427594423
      ],
      [
        -0.437938929,
        -0.445458323,
        0.780881763
      ]
    ],
    "translation": [
      2.22215748,
      1.01606083,
      -0.5737572
    ]
  },
  {
    "timeStamp": 53034,
    "rotation": [
      [
        0.0643039048,
        -0.8872388,
        -0.456806719
      ],
      [
        0.893897653,
        -0.152285665,
        0.421611249
      ],
      [
        -0.443634957,
        -0.435449719,
        0.7833081
      ]
    ],
    "translation": [
      2.228242,
      1.012385,
      -0.5683112
    ]
  },
  {
    "timeStamp": 53079,
    "rotation": [
      [
        0.08691933,
        -0.8855149,
        -0.4564081
      ],
      [
        0.895924449,
        -0.130851015,
        0.4244966
      ],
      [
        -0.4356195,
        -0.445804149,
        0.781981
      ]
    ],
    "translation": [
      2.2268734,
      1.012199,
      -0.5669869
    ]
  },
  {
    "timeStamp": 53135,
    "rotation": [
      [
        0.1218941,
        -0.872427762,
        -0.473298639
      ],
      [
        0.889180243,
        -0.115898281,
        0.442635357
      ],
      [
        -0.44102186,
        -0.474802434,
        0.7616182
      ]
    ],
    "translation": [
      2.21761751,
      1.015829,
      -0.5679271
    ]
  },
  {
    "timeStamp": 53180,
    "rotation": [
      [
        0.168894172,
        -0.855929852,
        -0.488731951
      ],
      [
        0.881764233,
        -0.09035369,
        0.4629557
      ],
      [
        -0.440416336,
        -0.5091369,
        0.7394681
      ]
    ],
    "translation": [
      2.20451069,
      1.01995993,
      -0.569438338
    ]
  },
  {
    "timeStamp": 53235,
    "rotation": [
      [
        0.19569914,
        -0.8314739,
        -0.51995486
      ],
      [
        0.8740813,
        -0.09249341,
        0.476892948
      ],
      [
        -0.4446164,
        -0.5478103,
        0.708674848
      ]
    ],
    "translation": [
      2.18770576,
      1.023487,
      -0.569480658
    ]
  },
  {
    "timeStamp": 53279,
    "rotation": [
      [
        0.220798671,
        -0.8138197,
        -0.5375365
      ],
      [
        0.871545255,
        -0.08275225,
        0.4832815
      ],
      [
        -0.437786371,
        -0.575195253,
        0.6910091
      ]
    ],
    "translation": [
      2.17389321,
      1.02400124,
      -0.5680874
    ]
  },
  {
    "timeStamp": 53334,
    "rotation": [
      [
        0.21649009,
        -0.8010194,
        -0.5581218
      ],
      [
        0.8737649,
        -0.09604587,
        0.47677055
      ],
      [
        -0.435507745,
        -0.5908833,
        0.679109633
      ]
    ],
    "translation": [
      2.161688,
      1.01983631,
      -0.563794136
    ]
  },
  {
    "timeStamp": 53379,
    "rotation": [
      [
        0.220443025,
        -0.790166855,
        -0.571875155
      ],
      [
        0.8795556,
        -0.09241378,
        0.466735125
      ],
      [
        -0.4216478,
        -0.6058845,
        0.6746237
      ]
    ],
    "translation": [
      2.153556,
      1.015386,
      -0.5621349
    ]
  },
  {
    "timeStamp": 53435,
    "rotation": [
      [
        0.221740156,
        -0.78093493,
        -0.583928049
      ],
      [
        0.8844281,
        -0.09110727,
        0.4576969
      ],
      [
        -0.4106316,
        -0.617932141,
        0.6704786
      ]
    ],
    "translation": [
      2.146361,
      1.01121509,
      -0.561820447
    ]
  },
  {
    "timeStamp": 53480,
    "rotation": [
      [
        0.211961776,
        -0.780510366,
        -0.588112056
      ],
      [
        0.890680969,
        -0.0933772549,
        0.444936
      ],
      [
        -0.402193457,
        -0.6181297,
        0.675393343
      ]
    ],
    "translation": [
      2.14370155,
      1.0095582,
      -0.5642314
    ]
  }
]