[
  {
    "timeStamp": 65129,
    "rotation": [
      [
        -0.9989672,
        0.0113872495,
        0.04398702
      ],
      [
        0.0112435566,
        0.999930561,
        -0.003512739
      ],
      [
        -0.04402397,
        -0.0030145403,
        -0.9990259
      ]
    ],
    "translation": [
      1.29659486,
      0.8823165,
      -0.6229057
    ]
  },
  {
    "timeStamp": 65173,
    "rotation": [
      [
        -0.9989462,
        0.0106490832,
        0.04464421
      ],
      [
        0.0113272574,
        0.9998238,
        0.0149652772
      ],
      [
        -0.04447698,
        0.0154552031,
        -0.9988909
      ]
    ],
    "translation": [
      1.29663837,
      0.8837638,
      -0.6222949
    ]
  },
  {
    "timeStamp": 65229,
    "rotation": [
      [
        -0.987592638,
        0.153719589,
        0.0321096033
      ],
      [
        0.154650167,
        0.9875485,
        0.0288335085
      ],
      [
        -0.0272775125,
        0.0334415175,
        -0.999068439
      ]
    ],
    "translation": [
      1.304941,
      0.8843651,
      -0.6178434
    ]
  },
  {
    "timeStamp": 65273,
    "rotation": [
      [
        -0.999703467,
        -0.0145913875,
        0.0194973964
      ],
      [
        -0.014932015,
        0.999736369,
        -0.017440578
      ],
      [
        -0.0192377735,
        -0.01772654,
        -0.99965775
      ]
    ],
    "translation": [
      1.299214,
      0.881275535,
      -0.618977249
    ]
  },
  {
    "timeStamp": 65329,
    "rotation": [
      [
        -0.999566257,
        0.009292742,
        0.0279446766
      ],
      [
        0.009985167,
        0.999644,
        0.0247418117
      ],
      [
        -0.0277048089,
        0.0250101127,
        -0.9993032
      ]
    ],
    "translation": [
      1.29318845,
      0.884585857,
      -0.607520163
    ]
  },
  {
    "timeStamp": 65373,
    "rotation": [
      [
        -0.9956486,
        0.07607228,
        0.0538216233
      ],
      [
        0.0775872543,
        0.9966296,
        0.0266389959
      ],
      [
        -0.0516137332,
        0.0306989513,
        -0.9981952
      ]
    ],
    "translation": [
      1.28802454,
      0.9103572,
      -0.6019511
    ]
  },
  {
    "timeStamp": 65428,
    "rotation": [
      [
        -0.9878216,
        0.153958127,
        0.0224807765
      ],
      [
        0.153925642,
        0.9880773,
        -0.00317887263
      ],
      [
        -0.0227021575,
        0.000320208928,
        -0.9997422
      ]
    ],
    "translation": [
      1.2893337,
      0.955448151,
      -0.586238742
    ]
  },
  {
    "timeStamp": 65473,
    "rotation": [
      [
        -0.976971447,
        0.213193178,
        -0.008684209
      ],
      [
        0.213362068,
        0.976476133,
        -0.0311595332
      ],
      [
        0.0018369226,
        -0.0322948545,
        -0.9994767
      ]
    ],
    "translation": [
      1.29764485,
      0.9956687,
      -0.5759361
    ]
  },
  {
    "timeStamp": 65529,
    "rotation": [
      [
        -0.9578022,
        0.283925533,
        -0.0447359458
      ],
      [
        0.286381572,
        0.9559552,
        -0.06430629
      ],
      [
        0.02450736,
        -0.0744042546,
        -0.996927
      ]
    ],
    "translation": [
      1.312507,
      1.04907012,
      -0.5682311
    ]
  },
  {
    "timeStamp": 65573,
    "rotation": [
      [
        -0.9436044,
        0.322649419,
        -0.0742156655
      ],
      [
        0.328099042,
        0.9413132,
        -0.079249315
      ],
      [
        0.04429044,
        -0.0991300941,
        -0.9940883
      ]
    ],
    "translation": [
      1.33065891,
      1.08460915,
      -0.567761362
    ]
  },
  {
    "timeStamp": 65618,
    "rotation": [
      [
        -0.927936,
        0.3564394,
        -0.109021641
      ],
      [
        0.368027419,
        0.9224998,
        -0.116404541
      ],
      [
        0.0590812676,
        -0.148138925,
        -0.98720026
      ]
    ],
    "translation": [
      1.35257053,
      1.11962807,
      -0.5681317
    ]
  },
  {
    "timeStamp": 65673,
    "rotation": [
      [
        -0.9038152,
        0.3965935,
        -0.160722375
      ],
      [
        0.417604119,
        0.8994286,
        -0.12897639
      ],
      [
        0.0934071,
        -0.183689147,
        -0.978536367
      ]
    ],
    "translation": [
      1.38452935,
      1.15835929,
      -0.5746782
    ]
  },
  {
    "timeStamp": 65718,
    "rotation": [
      [
        -0.890251756,
        0.407170445,
        -0.204117924
      ],
      [
        0.442552775,
        0.879247367,
        -0.176269829
      ],
      [
        0.1076983,
        -0.247257486,
        -0.9629459
      ]
    ],
    "translation": [
      1.41562331,
      1.18621159,
      -0.5816661
    ]
  },
  {
    "timeStamp": 65773,
    "rotation": [
      [
        -0.8761625,
        0.41030845,
        -0.25295487
      ],
      [
        0.466501474,
        0.853886068,
        -0.230770156
      ],
      [
        0.121307723,
        -0.320196,
        -0.939552546
      ]
    ],
    "translation": [
      1.45864284,
      1.21493232,
      -0.599364758
    ]
  },
  {
    "timeStamp": 65829,
    "rotation": [
      [
        -0.8629481,
        0.398581743,
        -0.310569
      ],
      [
        0.484003663,
        0.8285533,
        -0.28149575
      ],
      [
        0.145123884,
        -0.393232763,
        -0.907913566
      ]
    ],
    "translation": [
      1.50829709,
      1.24157846,
      -0.6200877
    ]
  },
  {
    "timeStamp": 65874,
    "rotation": [
      [
        -0.8550899,
        0.370834559,
        -0.3623574
      ],
      [
        0.4871341,
        0.8139342,
        -0.316561818
      ],
      [
        0.177543059,
        -0.447205484,
        -0.8766331
      ]
    ],
    "translation": [
      1.55100775,
      1.25591886,
      -0.6397761
    ]
  },
  {
    "timeStamp": 65929,
    "rotation": [
      [
        -0.843697846,
        0.3192354,
        -0.4315816
      ],
      [
        0.483598858,
        0.80099535,
        -0.3529003
      ],
      [
        0.233036563,
        -0.5064536,
        -0.83018
      ]
    ],
    "translation": [
      1.61019373,
      1.26933825,
      -0.6619295
    ]
  },
  {
    "timeStamp": 65973,
    "rotation": [
      [
        -0.829503655,
        0.279134125,
        -0.4837436
      ],
      [
        0.480228633,
        0.79868114,
        -0.362614065
      ],
      [
        0.2851389,
        -0.5330972,
        -0.796557069
      ]
    ],
    "translation": [
      1.65695584,
      1.27550554,
      -0.6808101
    ]
  },
  {
    "timeStamp": 66018,
    "rotation": [
      [
        -0.811098158,
        0.235348687,
        -0.5354725
      ],
      [
        0.470839083,
        0.8058707,
        -0.359002769
      ],
      [
        0.3470308,
        -0.5433079,
        -0.7644516
      ]
    ],
    "translation": [
      1.707115,
      1.27742326,
      -0.695818067
    ]
  },
  {
    "timeStamp": 66074,
    "rotation": [
      [
        -0.790558457,
        0.146240383,
        -0.594668865
      ],
      [
        0.438642323,
        0.8128464,
        -0.383240879
      ],
      [
        0.4273292,
        -0.563821256,
        -0.706749856
      ]
    ],
    "translation": [
      1.76747191,
      1.27678537,
      -0.71100533
    ]
  },
  {
    "timeStamp": 66129,
    "rotation": [
      [
        -0.753449142,
        0.07303142,
        -0.6534377
      ],
      [
        0.4207197,
        0.817276061,
        -0.39376992
      ],
      [
        0.5052814,
        -0.5715997,
        -0.6465018
      ]
    ],
    "translation": [
      1.82947791,
      1.27726543,
      -0.7236179
    ]
  },
  {
    "timeStamp": 66173,
    "rotation": [
      [
        -0.718826,
        0.04857176,
        -0.693491161
      ],
      [
        0.419148445,
        0.826128,
        -0.376599342
      ],
      [
        0.5546204,
        -0.561385155,
        -0.614201069
      ]
    ],
    "translation": [
      1.87089241,
      1.2792536,
      -0.7342695
    ]
  },
  {
    "timeStamp": 66229,
    "rotation": [
      [
        -0.7001969,
        -0.0097016,
        -0.7138839
      ],
      [
        0.388767362,
        0.8334826,
        -0.39264062
      ],
      [
        0.5988191,
        -0.5524605,
        -0.5798303
      ]
    ],
    "translation": [
      1.91563213,
      1.27486348,
      -0.7441724
    ]
  },
  {
    "timeStamp": 66273,
    "rotation": [
      [
        -0.7042011,
        -0.06461561,
        -0.7070542
      ],
      [
        0.339882761,
        0.843651533,
        -0.415610135
      ],
      [
        0.623362243,
        -0.532988667,
        -0.5721386
      ]
    ],
    "translation": [
      1.94299054,
      1.26560032,
      -0.748136461
    ]
  },
  {
    "timeStamp": 66318,
    "rotation": [
      [
        -0.7239287,
        -0.09755406,
        -0.6829425
      ],
      [
        0.289368868,
        0.855716944,
        -0.428968877
      ],
      [
        0.626253068,
        -0.5081652,
        -0.5912489
      ]
    ],
    "translation": [
      1.96391916,
      1.25271511,
      -0.7526326
    ]
  },
  {
    "timeStamp": 66373,
    "rotation": [
      [
        -0.7577241,
        -0.164193079,
        -0.6315812
      ],
      [
        0.195641115,
        0.866155,
        -0.45989126
      ],
      [
        0.6225582,
        -0.472033948,
        -0.624183655
      ]
    ],
    "translation": [
      1.98875046,
      1.23153865,
      -0.7551553
    ]
  },
  {
    "timeStamp": 66428,
    "rotation": [
      [
        -0.7827995,
        -0.251347154,
        -0.569253564
      ],
      [
        0.07079808,
        0.8728821,
        -0.482767522
      ],
      [
        0.6182335,
        -0.418212235,
        -0.665496767
      ]
    ],
    "translation": [
      2.017867,
      1.20163488,
      -0.7540081
    ]
  },
  {
    "timeStamp": 66480,
    "rotation": [
      [
        -0.791415751,
        -0.281708062,
        -0.5424958
      ],
      [
        0.00127348281,
        0.8867159,
        -0.462313
      ],
      [
        0.6112769,
        -0.366572648,
        -0.7014021
      ]
    ],
    "translation": [
      2.04144,
      1.18044674,
      -0.751360834
    ]
  },
  {
    "timeStamp": 66525,
    "rotation": [
      [
        -0.8003772,
        -0.3164736,
        -0.509157
      ],
      [
        -0.08224025,
        0.8992398,
        -0.429656148
      ],
      [
        0.593829036,
        -0.302013785,
        -0.7457579
      ]
    ],
    "translation": [
      2.06977439,
      1.15335858,
      -0.7479072
    ]
  },
  {
    "timeStamp": 66571,
    "rotation": [
      [
        -0.8179349,
        -0.359540164,
        -0.449125141
      ],
      [
        -0.168766573,
        0.8962707,
        -0.410142362
      ],
      [
        0.5500003,
        -0.259672433,
        -0.7937694
      ]
    ],
    "translation": [
      2.09106374,
      1.12525558,
      -0.7493325
    ]
  },
  {
    "timeStamp": 66624,
    "rotation": [
      [
        -0.828712,
        -0.3992196,
        -0.3922501
      ],
      [
        -0.2524749,
        0.8921514,
        -0.374596149
      ],
      [
        0.4994926,
        -0.211399019,
        -0.840129554
      ]
    ],
    "translation": [
      2.1186595,
      1.09253263,
      -0.7470876
    ]
  },
  {
    "timeStamp": 66679,
    "rotation": [
      [
        -0.858754337,
        -0.387474477,
        -0.335267872
      ],
      [
        -0.2888626,
        0.9065385,
        -0.3078091
      ],
      [
        0.423201382,
        -0.167486072,
        -0.890420735
      ]
    ],
    "translation": [
      2.13428617,
      1.06411636,
      -0.7480148
    ]
  },
  {
    "timeStamp": 66723,
    "rotation": [
      [
        -0.8778167,
        -0.391344249,
        -0.276202083
      ],
      [
        -0.320655018,
        0.9084654,
        -0.268087715
      ],
      [
        0.3558346,
        -0.146766275,
        -0.9229526
      ]
    ],
    "translation": [
      2.14816022,
      1.04142773,
      -0.7469586
    ]
  },
  {
    "timeStamp": 66779,
    "rotation": [
      [
        -0.9049448,
        -0.36509037,
        -0.218595535
      ],
      [
        -0.3180934,
        0.9216074,
        -0.222388
      ],
      [
        0.282650977,
        -0.131715059,
        -0.9501366
      ]
    ],
    "translation": [
      2.15997672,
      1.01943254,
      -0.7437103
    ]
  },
  {
    "timeStamp": 66823,
    "rotation": [
      [
        -0.936512232,
        -0.295655936,
        -0.188500643
      ],
      [
        -0.2643877,
        0.9485486,
        -0.174226
      ],
      [
        0.230312973,
        -0.113327526,
        -0.9664951
      ]
    ],
    "translation": [
      2.16135216,
      1.013029,
      -0.742774665
    ]
  },
  {
    "timeStamp": 66879,
    "rotation": [
      [
        -0.961361051,
        -0.242106974,
        -0.13103126
      ],
      [
        -0.2171424,
        0.9594645,
        -0.179657936
      ],
      [
        0.16921629,
        -0.1442637,
        -0.9749635
      ]
    ],
    "translation": [
      2.15742922,
      1.00946677,
      -0.7448116
    ]
  },
  {
    "timeStamp": 66924,
    "rotation": [
      [
        -0.9698708,
        -0.222739011,
        -0.09868092
      ],
      [
        -0.2026619,
        0.962453961,
        -0.18058379
      ],
      [
        0.135198891,
        -0.155144081,
        -0.978596747
      ]
    ],
    "translation": [
      2.15462828,
      1.00783086,
      -0.7476483
    ]
  },
  {
    "timeStamp": 66969,
    "rotation": [
      [
        -0.976154745,
        -0.209204957,
        -0.0579236448
      ],
      [
        -0.194717929,
        0.9618144,
        -0.192348272
      ],
      [
        0.09595201,
        -0.1764829,
        -0.9796157
      ]
    ],
    "translation": [
      2.15392876,
      1.006207,
      -0.7508459
    ]
  },
  {
    "timeStamp": 67026,
    "rotation": [
      [
        -0.9760367,
        -0.2154248,
        -0.0307311434
      ],
      [
        -0.2049853,
        0.9576103,
        -0.202394456
      ],
      [
        0.07302924,
        -0.19124499,
        -0.978821754
      ]
    ],
    "translation": [
      2.1544888,
      1.002671,
      -0.7530645
    ]
  },
  {
    "timeStamp": 67071,
    "rotation": [
      [
        -0.979380667,
        -0.2017551,
        -0.0104141273
      ],
      [
        -0.193208814,
        0.950463,
        -0.243496075
      ],
      [
        0.059024822,
        -0.236463234,
        -0.969845951
      ]
    ],
    "translation": [
      2.15257382,
      1.00116026,
      -0.753984749
    ]
  },
  {
    "timeStamp": 67129,
    "rotation": [
      [
        -0.979144,
        -0.202080444,
        0.0209879987
      ],
      [
        -0.200356469,
        0.9433061,
        -0.264633566
      ],
      [
        0.03367916,
        -0.263319463,
        -0.9641206
      ]
    ],
    "translation": [
      2.1514802,
      0.9998591,
      -0.7579503
    ]
  },
  {
    "timeStamp": 67173,
    "rotation": [
      [
        -0.977757454,
        -0.207904667,
        0.0276757646
      ],
      [
        -0.207426786,
        0.938986838,
        -0.2743681
      ],
      [
        0.03105523,
        -0.274006158,
        -0.9612264
      ]
    ],
    "translation": [
      2.15043,
      0.9992571,
      -0.759785652
    ]
  },
  {
    "timeStamp": 67230,
    "rotation": [
      [
        -0.9735782,
        -0.227758452,
        0.0164796617
      ],
      [
        -0.221964881,
        0.926919937,
        -0.302573919
      ],
      [
        0.05363844,
        -0.2982373,
        -0.952983439
      ]
    ],
    "translation": [
      2.14802814,
      0.999181151,
      -0.7605497
    ]
  },
  {
    "timeStamp": 67275,
    "rotation": [
      [
        -0.974193,
        -0.224720225,
        0.0211841278
      ],
      [
        -0.219330072,
        0.9202832,
        -0.3239954
      ],
      [
        0.0533129238,
        -0.320280373,
        -0.9458214
      ]
    ],
    "translation": [
      2.147603,
      1.0004822,
      -0.76446
    ]
  },
  {
    "timeStamp": 67328,
    "rotation": [
      [
        -0.9766116,
        -0.213305,
        0.0270319637
      ],
      [
        -0.21400851,
        0.952218235,
        -0.217900708
      ],
      [
        0.0207389779,
        -0.218589425,
        -0.9755965
      ]
    ],
    "translation": [
      2.1430347,
      1.00255,
      -0.7771209
    ]
  },
  {
    "timeStamp": 67372,
    "rotation": [
      [
        -0.9873195,
        -0.158679411,
        0.004580621
      ],
      [
        -0.158690885,
        0.9873257,
        -0.002258132
      ],
      [
        -0.004164246,
        -0.00295640063,
        -0.999986947
      ]
    ],
    "translation": [
      2.13818741,
      1.002378,
      -0.7928569
    ]
  },
  {
    "timeStamp": 67429,
    "rotation": [
      [
        -0.9917615,
        -0.126832768,
        0.0179605074
      ],
      [
        -0.1271361,
        0.9917414,
        -0.0168916639
      ],
      [
        -0.0156697631,
        -0.0190359317,
        -0.999695957
      ]
    ],
    "translation": [
      2.13389087,
      1.01306593,
      -0.7934175
    ]
  },
  {
    "timeStamp": 67472,
    "rotation": [
      [
        -0.992841,
        -0.119296804,
        0.00591591373
      ],
      [
        -0.119433455,
        0.992179036,
        -0.0362815522
      ],
      [
        -0.00154137239,
        -0.03672837,
        -0.9993241
      ]
    ],
    "translation": [
      2.1308403,
      1.02017975,
      -0.7924919
    ]
  },
  {
    "timeStamp": 67528,
    "rotation": [
      [
        -0.998357832,
        -0.0564239323,
        0.00990053
      ],
      [
        -0.05526916,
        0.9941701,
        0.09257994
      ],
      [
        -0.0150665361,
        0.09188072,
        -0.9956561
      ]
    ],
    "translation": [
      2.126606,
      1.02497256,
      -0.798158348
    ]
  },
  {
    "timeStamp": 67572,
    "rotation": [
      [
        -0.999880254,
        0.00704557728,
        0.0137728136
      ],
      [
        0.0133953644,
        0.8396627,
        0.542943
      ],
      [
        -0.007739171,
        0.5430625,
        -0.8396566
      ]
    ],
    "translation": [
      2.12499452,
      1.0220381,
      -0.803105235
    ]
  },
  {
    "timeStamp": 67627,
    "rotation": [
      [
        -0.999605,
        0.0267866738,
        -0.008503816
      ],
      [
        0.016171461,
        0.7956938,
        0.6054832
      ],
      [
        0.0229853131,
        0.6051065,
        -0.7958127
      ]
    ],
    "translation": [
      2.12586737,
      1.01922858,
      -0.801820636
    ]
  },
  {
    "timeStamp": 67673,
    "rotation": [
      [
        -0.999403954,
        0.0307403132,
        -0.0157072619
      ],
      [
        0.0148600545,
        0.79379046,
        0.6080098
      ],
      [
        0.0311586857,
        0.607414,
        -0.7937741
      ]
    ],
    "translation": [
      2.12625527,
      1.01901257,
      -0.80129534
    ]
  },
  {
    "timeStamp": 67727,
    "rotation": [
      [
        -0.9995925,
        0.0284891985,
        -0.00177958154
      ],
      [
        0.0229849163,
        0.8402987,
        0.541636169
      ],
      [
        0.01692616,
        0.541374564,
        -0.8406111
      ]
    ],
    "translation": [
      2.12585735,
      1.02273071,
      -0.8014802
    ]
  },
  {
    "timeStamp": 67772,
    "rotation": [
      [
        -0.9985744,
        0.04037132,
        -0.0349190831
      ],
      [
        0.0277634747,
        0.951564252,
        0.306193918
      ],
      [
        0.0455892049,
        0.304787934,
        -0.951328456
      ]
    ],
    "translation": [
      2.127514,
      1.031473,
      -0.782230437
    ]
  },
  {
    "timeStamp": 67828,
    "rotation": [
      [
        -0.9952874,
        0.07401446,
        -0.06264846
      ],
      [
        0.0567046255,
        0.9683297,
        0.243150443
      ],
      [
        0.07866102,
        0.238452122,
        -0.967963338
      ]
    ],
    "translation": [
      2.12666464,
      1.044679,
      -0.7575668
    ]
  },
  {
    "timeStamp": 67873,
    "rotation": [
      [
        -0.9909458,
        0.104021169,
        -0.08488824
      ],
      [
        0.08060808,
        0.9665621,
        0.243433952
      ],
      [
        0.107372038,
        0.234387174,
        -0.9661956
      ]
    ],
    "translation": [
      2.126174,
      1.05389392,
      -0.7450192
    ]
  },
  {
    "timeStamp": 67928,
    "rotation": [
      [
        -0.9823766,
        0.144238,
        -0.118876807
      ],
      [
        0.1118714,
        0.9632377,
        0.2442497
      ],
      [
        0.1497367,
        0.226646274,
        -0.9623983
      ]
    ],
    "translation": [
      2.1262002,
      1.0646621,
      -0.7279188
    ]
  },
  {
    "timeStamp": 67972,
    "rotation": [
      [
        -0.9747585,
        0.17529127,
        -0.138270721
      ],
      [
        0.135416627,
        0.956589341,
        0.258068
      ],
      [
        0.177505374,
        0.232829824,
        -0.956181
      ]
    ],
    "translation": [
      2.125022,
      1.07018435,
      -0.7183172
    ]
  },
  {
    "timeStamp": 68028,
    "rotation": [
      [
        -0.9708458,
        0.180952027,
        -0.157209113
      ],
      [
        0.137935787,
        0.958111644,
        0.250989616
      ],
      [
        0.196040958,
        0.221987471,
        -0.9551385
      ]
    ],
    "translation": [
      2.12160873,
      1.06848681,
      -0.7108949
    ]
  },
  {
    "timeStamp": 68073,
    "rotation": [
      [
        -0.972088,
        0.182066515,
        -0.147975683
      ],
      [
        0.143580854,
        0.9604648,
        0.238520578
      ],
      [
        0.185552031,
        0.210616514,
        -0.959797442
      ]
    ],
    "translation": [
      2.11815262,
      1.064133,
      -0.7084821
    ]
  },
  {
    "timeStamp": 68128,
    "rotation": [
      [
        -0.9626381,
        0.241109371,
        -0.123264581
      ],
      [
        0.196899012,
        0.9357328,
        0.2926344
      ],
      [
        0.185899615,
        0.257430345,
        -0.948246241
      ]
    ],
    "translation": [
      2.11350226,
      1.06782818,
      -0.7036521
    ]
  },
  {
    "timeStamp": 68173,
    "rotation": [
      [
        -0.92576474,
        0.36808762,
        -0.08643583
      ],
      [
        0.31841588,
        0.882259965,
        0.346740127
      ],
      [
        0.203889623,
        0.293477237,
        -0.9339701
      ]
    ],
    "translation": [
      2.09349823,
      1.077566,
      -0.69249016
    ]
  },
  {
    "timeStamp": 68228,
    "rotation": [
      [
        -0.911866844,
        0.245567009,
        -0.328931153
      ],
      [
        0.1779828,
        0.9586065,
        0.222251683
      ],
      [
        0.3698932,
        0.144119859,
        -0.9178282
      ]
    ],
    "translation": [
      2.09798861,
      1.06178737,
      -0.650590062
    ]
  },
  {
    "timeStamp": 68273,
    "rotation": [
      [
        -0.880885363,
        0.285614043,
        -0.377446145
      ],
      [
        0.2071719,
        0.949637234,
        0.235093266
      ],
      [
        0.425582856,
        0.128893986,
        -0.8956928
      ]
    ],
    "translation": [
      2.09704423,
      1.06683886,
      -0.626652241
    ]
  },
  {
    "timeStamp": 68329,
    "rotation": [
      [
        -0.8437142,
        0.337457836,
        -0.4174549
      ],
      [
        0.250356227,
        0.9352991,
        0.250074655
      ],
      [
        0.47483483,
        0.106479093,
        -0.873609841
      ]
    ],
    "translation": [
      2.08921313,
      1.07525218,
      -0.604761243
    ]
  },
  {
    "timeStamp": 68373,
    "rotation": [
      [
        -0.797399461,
        0.4042047,
        -0.448076546
      ],
      [
        0.2858606,
        0.906940937,
        0.3094219
      ],
      [
        0.5314487,
        0.118645437,
        -0.8387404
      ]
    ],
    "translation": [
      2.084671,
      1.08101857,
      -0.588948
    ]
  },
  {
    "timeStamp": 68428,
    "rotation": [
      [
        -0.725352943,
        0.473914146,
        -0.499267936
      ],
      [
        0.309696674,
        0.8724004,
        0.3781607
      ],
      [
        0.6147772,
        0.119678356,
        -0.7795679
      ]
    ],
    "translation": [
      2.08362031,
      1.08411217,
      -0.571075559
    ]
  },
  {
    "timeStamp": 68472,
    "rotation": [
      [
        -0.657743037,
        0.5130099,
        -0.551538646
      ],
      [
        0.3112221,
        0.8518863,
        0.4212251
      ],
      [
        0.685940862,
        0.105406873,
        -0.7199823
      ]
    ],
    "translation": [
      2.087402,
      1.082705,
      -0.5605498
    ]
  },
  {
    "timeStamp": 68528,
    "rotation": [
      [
        -0.5320895,
        0.5541626,
        -0.6401442
      ],
      [
        0.3087412,
        0.8309894,
        0.462747753
      ],
      [
        0.7883906,
        0.0485843,
        -0.613253534
      ]
    ],
    "translation": [
      2.10240126,
      1.08222771,
      -0.550915837
    ]
  },
  {
    "timeStamp": 68572,
    "rotation": [
      [
        -0.4503177,
        0.5888986,
        -0.6711277
      ],
      [
        0.319935024,
        0.808167756,
        0.4944759
      ],
      [
        0.8335799,
        0.007954013,
        -0.5523416
      ]
    ],
    "translation": [
      2.11248684,
      1.081731,
      -0.5518234
    ]
  },
  {
    "timeStamp": 68628,
    "rotation": [
      [
        -0.383782417,
        0.5668875,
        -0.7289373
      ],
      [
        0.309789121,
        0.822678864,
        0.476686716
      ],
      [
        0.869909048,
        -0.0428728536,
        -0.4913453
      ]
    ],
    "translation": [
      2.12322783,
      1.07986319,
      -0.5587754
    ]
  },
  {
    "timeStamp": 68672,
    "rotation": [
      [
        -0.3166287,
        0.616952538,
        -0.720496953
      ],
      [
        0.303288966,
        0.7855512,
        0.5393747
      ],
      [
        0.898755848,
        -0.04773726,
        -0.435842961
      ]
    ],
    "translation": [
      2.12843728,
      1.08275592,
      -0.5698269
    ]
  },
  {
    "timeStamp": 68728,
    "rotation": [
      [
        -0.268165022,
        0.6320144,
        -0.727080047
      ],
      [
        0.30974257,
        0.771214,
        0.556137145
      ],
      [
        0.912220955,
        -0.07607108,
        -0.4025744
      ]
    ],
    "translation": [
      2.13152266,
      1.09007311,
      -0.5868515
    ]
  },
  {
    "timeStamp": 68773,
    "rotation": [
      [
        -0.257915467,
        0.6475201,
        -0.7170755
      ],
      [
        0.3263736,
        0.756948,
        0.566136
      ],
      [
        0.909373343,
        -0.08801929,
        -0.4065621
      ]
    ],
    "translation": [
      2.13177967,
      1.09664643,
      -0.601906359
    ]
  },
  {
    "timeStamp": 68828,
    "rotation": [
      [
        -0.254509479,
        0.685157061,
        -0.6824842
      ],
      [
        0.344938427,
        0.7236207,
        0.5978215
      ],
      [
        0.903461337,
        -0.0832638144,
        -0.420505345
      ]
    ],
    "translation": [
      2.12784553,
      1.10186315,
      -0.6228709
    ]
  },
  {
    "timeStamp": 68872,
    "rotation": [
      [
        -0.248576269,
        0.667999566,
        -0.701417446
      ],
      [
        0.3307963,
        0.7391541,
        0.586706936
      ],
      [
        0.9103756,
        -0.08618489,
        -0.404707938
      ]
    ],
    "translation": [
      2.131127,
      1.09829819,
      -0.636700869
    ]
  },
  {
    "timeStamp": 68928,
    "rotation": [
      [
        -0.222610742,
        0.6988533,
        -0.679741561
      ],
      [
        0.3197929,
        0.711003363,
        0.6262641
      ],
      [
        0.920965254,
        -0.0779634,
        -0.3817653
      ]
    ],
    "translation": [
      2.137082,
      1.09464443,
      -0.650867939
    ]
  },
  {
    "timeStamp": 68972,
    "rotation": [
      [
        -0.2068781,
        0.7124152,
        -0.6705714
      ],
      [
        0.301877379,
        0.6984374,
        0.648887753
      ],
      [
        0.9306296,
        -0.06818968,
        -0.359553427
      ]
    ],
    "translation": [
      2.13890338,
      1.0874753,
      -0.6629263
    ]
  },
  {
    "timeStamp": 69095,
    "rotation": [
      [
        -0.202197909,
        0.7080072,
        -0.6766401
      ],
      [
        0.300997,
        0.7023964,
        0.6450117
      ],
      [
        0.9319425,
        -0.0732466057,
        -0.355131149
      ]
    ],
    "translation": [
      2.14049888,
      1.0770179,
      -0.67443347
    ]
  },
  {
    "timeStamp": 69097,
    "rotation": [
      [
        -0.202197909,
        0.7080072,
        -0.6766401
      ],
      [
        0.300997,
        0.7023964,
        0.6450117
      ],
      [
        0.9319425,
        -0.0732466057,
        -0.355131149
      ]
    ],
    "translation": [
      2.14049888,
      1.0770179,
      -0.67443347
    ]
  },
  {
    "timeStamp": 69126,
    "rotation": [
      [
        -0.145996243,
        0.805716,
        -0.5740269
      ],
      [
        0.308369935,
        0.5883988,
        0.7474589
      ],
      [
        0.9399963,
        -0.06788645,
        -0.334362626
      ]
    ],
    "translation": [
      2.13559747,
      1.05808485,
      -0.687620461
    ]
  },
  {
    "timeStamp": 69174,
    "rotation": [
      [
        0.0553148,
        0.8921696,
        -0.448300868
      ],
      [
        0.364802927,
        0.39988932,
        0.8408373
      ],
      [
        0.929440141,
        -0.2100522,
        -0.3033463
      ]
    ],
    "translation": [
      2.15280271,
      1.0605793,
      -0.683767
    ]
  },
  {
    "timeStamp": 69222,
    "rotation": [
      [
        0.123302884,
        0.91698575,
        -0.3793858
      ],
      [
        0.4599581,
        0.285949647,
        0.840637445
      ],
      [
        0.8793378,
        -0.2781546,
        -0.386516631
      ]
    ],
    "translation": [
      2.15921354,
      1.057571,
      -0.6877185
    ]
  },
  {
    "timeStamp": 69278,
    "rotation": [
      [
        0.223307759,
        0.9221823,
        -0.315774381
      ],
      [
        0.46684733,
        0.183199,
        0.865154147
      ],
      [
        0.8556794,
        -0.340614051,
        -0.3896086
      ]
    ],
    "translation": [
      2.16458,
      1.05190146,
      -0.6972863
    ]
  },
  {
    "timeStamp": 69323,
    "rotation": [
      [
        0.299143016,
        0.921447635,
        -0.247886688
      ],
      [
        0.4813069,
        0.07860521,
        0.8730206
      ],
      [
        0.823927939,
        -0.380467564,
        -0.4199849
      ]
    ],
    "translation": [
      2.168356,
      1.04856479,
      -0.70197475
    ]
  },
  {
    "timeStamp": 69378,
    "rotation": [
      [
        0.3190246,
        0.9418968,
        -0.105137549
      ],
      [
        0.408282667,
        -0.0364726149,
        0.91212666
      ],
      [
        0.8552945,
        -0.333916664,
        -0.396195769
      ]
    ],
    "translation": [
      2.16744757,
      1.030936,
      -0.703337669
    ]
  },
  {
    "timeStamp": 69422,
    "rotation": [
      [
        0.3667141,
        0.9282157,
        -0.06274071
      ],
      [
        0.284391284,
        -0.04763391,
        0.9575242
      ],
      [
        0.885800362,
        -0.368980527,
        -0.2814445
      ]
    ],
    "translation": [
      2.17220926,
      1.01164484,
      -0.702345967
    ]
  },
  {
    "timeStamp": 69478,
    "rotation": [
      [
        0.385389626,
        0.919371843,
        -0.07893208
      ],
      [
        0.208317757,
        -0.00335397664,
        0.9780555
      ],
      [
        0.8989319,
        -0.393375367,
        -0.192814067
      ]
    ],
    "translation": [
      2.17314959,
      0.99646616,
      -0.7025561
    ]
  },
  {
    "timeStamp": 69523,
    "rotation": [
      [
        0.401778,
        0.911175549,
        -0.09128887
      ],
      [
        0.1987465,
        0.0105474638,
        0.9799942
      ],
      [
        0.8939096,
        -0.411883444,
        -0.1768552
      ]
    ],
    "translation": [
      2.17375827,
      0.9939128,
      -0.704829454
    ]
  }
]