[
  {
    "timeStamp": 18240,
    "rotation": [
      [
        0.9697379,
        -0.244085878,
        -0.00552202249
      ],
      [
        0.005704246,
        3.97014555E-05,
        0.9999837
      ],
      [
        -0.244081691,
        -0.9697536,
        0.0014308258
      ]
    ],
    "translation": [
      2.214789,
      0.7252403,
      -0.6888537
    ]
  },
  {
    "timeStamp": 18284,
    "rotation": [
      [
        0.9696231,
        -0.244289964,
        -0.0123892324
      ],
      [
        0.01172962,
        -0.00415474828,
        0.9999226
      ],
      [
        -0.244322523,
        -0.9696933,
        -0.0011631113
      ]
    ],
    "translation": [
      2.214663,
      0.7253419,
      -0.6889688
    ]
  },
  {
    "timeStamp": 18340,
    "rotation": [
      [
        0.9691227,
        -0.245576635,
        -0.0222091619
      ],
      [
        0.020912338,
        -0.007887527,
        0.9997502
      ],
      [
        -0.245690465,
        -0.969345033,
        -0.00250839978
      ]
    ],
    "translation": [
      2.21407127,
      0.7254406,
      -0.689383268
    ]
  },
  {
    "timeStamp": 18384,
    "rotation": [
      [
        0.969584942,
        -0.243952334,
        -0.0198034663
      ],
      [
        0.017802624,
        -0.0104040774,
        0.9997874
      ],
      [
        -0.2441065,
        -0.9697314,
        -0.005744646
      ]
    ],
    "translation": [
      2.21408916,
      0.725305,
      -0.6897725
    ]
  },
  {
    "timeStamp": 18440,
    "rotation": [
      [
        0.9697688,
        -0.243412614,
        -0.0172839928
      ],
      [
        0.0143622151,
        -0.0137730818,
        0.999802
      ],
      [
        -0.24360247,
        -0.969825,
        -0.00986076053
      ]
    ],
    "translation": [
      2.21412945,
      0.725221157,
      -0.6897453
    ]
  },
  {
    "timeStamp": 18484,
    "rotation": [
      [
        0.9701631,
        -0.242272183,
        -0.009368928
      ],
      [
        0.00680196052,
        -0.0114296563,
        0.999911547
      ],
      [
        -0.242357835,
        -0.970141,
        -0.009440705
      ]
    ],
    "translation": [
      2.214148,
      0.7253761,
      -0.690265357
    ]
  },
  {
    "timeStamp": 18540,
    "rotation": [
      [
        0.9796284,
        -0.199527964,
        -0.0227324944
      ],
      [
        0.0208332259,
        -0.0116134463,
        0.9997155
      ],
      [
        -0.199735209,
        -0.9798233,
        -0.007220051
      ]
    ],
    "translation": [
      2.21742535,
      0.726315856,
      -0.6949172
    ]
  },
  {
    "timeStamp": 18585,
    "rotation": [
      [
        0.9822163,
        -0.17896682,
        -0.0567623563
      ],
      [
        0.0479777455,
        -0.0530403964,
        0.997439146
      ],
      [
        -0.18151921,
        -0.9824243,
        -0.0435107164
      ]
    ],
    "translation": [
      2.225916,
      0.733230233,
      -0.6874267
    ]
  },
  {
    "timeStamp": 18640,
    "rotation": [
      [
        0.9831889,
        -0.170598432,
        -0.0650822446
      ],
      [
        0.0514490046,
        -0.0831557959,
        0.995207548
      ],
      [
        -0.175192848,
        -0.9818255,
        -0.07298074
      ]
    ],
    "translation": [
      2.22876072,
      0.7449145,
      -0.677568853
    ]
  },
  {
    "timeStamp": 18684,
    "rotation": [
      [
        0.985236764,
        -0.153908387,
        -0.07497086
      ],
      [
        0.0609676167,
        -0.09377565,
        0.9937248
      ],
      [
        -0.159973055,
        -0.983625054,
        -0.08300779
      ]
    ],
    "translation": [
      2.23309,
      0.752940536,
      -0.673431039
    ]
  },
  {
    "timeStamp": 18740,
    "rotation": [
      [
        0.9882829,
        -0.12612021,
        -0.08596828
      ],
      [
        0.07177449,
        -0.1130692,
        0.9909913
      ],
      [
        -0.134704411,
        -0.9855501,
        -0.10269215
      ]
    ],
    "translation": [
      2.23559546,
      0.7611551,
      -0.6660658
    ]
  },
  {
    "timeStamp": 18785,
    "rotation": [
      [
        0.990785658,
        -0.105328381,
        -0.08514552
      ],
      [
        0.07390103,
        -0.106408872,
        0.9915724
      ],
      [
        -0.11350096,
        -0.988728046,
        -0.0976445
      ]
    ],
    "translation": [
      2.23748446,
      0.762979567,
      -0.6655308
    ]
  },
  {
    "timeStamp": 18840,
    "rotation": [
      [
        0.9926058,
        -0.09168219,
        -0.07954922
      ],
      [
        0.07108244,
        -0.09218341,
        0.9932017
      ],
      [
        -0.0983919948,
        -0.9915123,
        -0.0849847943
      ]
    ],
    "translation": [
      2.23893166,
      0.763457656,
      -0.665069938
    ]
  },
  {
    "timeStamp": 18884,
    "rotation": [
      [
        0.9934489,
        -0.086567685,
        -0.0746015161
      ],
      [
        0.06710417,
        -0.08650478,
        0.993988931
      ],
      [
        -0.09250069,
        -0.9924833,
        -0.08012902
      ]
    ],
    "translation": [
      2.2393353,
      0.7630353,
      -0.661181748
    ]
  },
  {
    "timeStamp": 18940,
    "rotation": [
      [
        0.994403064,
        -0.07713236,
        -0.07220154
      ],
      [
        0.0657157749,
        -0.0835512,
        0.9943343
      ],
      [
        -0.0827278644,
        -0.9935138,
        -0.07801476
      ]
    ],
    "translation": [
      2.2400887,
      0.761265039,
      -0.654661834
    ]
  },
  {
    "timeStamp": 18984,
    "rotation": [
      [
        0.995158136,
        -0.0583670326,
        -0.07907988
      ],
      [
        0.0745572448,
        -0.07597337,
        0.9943185
      ],
      [
        -0.0640433952,
        -0.995400131,
        -0.07125383
      ]
    ],
    "translation": [
      2.24183059,
      0.7591448,
      -0.6504678
    ]
  },
  {
    "timeStamp": 19040,
    "rotation": [
      [
        0.995488644,
        -0.047421068,
        -0.08218059
      ],
      [
        0.07866647,
        -0.07173885,
        0.9943164
      ],
      [
        -0.0530471,
        -0.9962956,
        -0.0676847547
      ]
    ],
    "translation": [
      2.242764,
      0.7558583,
      -0.643511236
    ]
  },
  {
    "timeStamp": 19084,
    "rotation": [
      [
        0.996352136,
        -0.0262874421,
        -0.08118731
      ],
      [
        0.0791676939,
        -0.07042715,
        0.9943704
      ],
      [
        -0.0318572447,
        -0.997170448,
        -0.06808913
      ]
    ],
    "translation": [
      2.24162078,
      0.754581451,
      -0.6377186
    ]
  },
  {
    "timeStamp": 19141,
    "rotation": [
      [
        0.996571243,
        -0.02180804,
        -0.0798139
      ],
      [
        0.07818685,
        -0.067359075,
        0.994660556
      ],
      [
        -0.0270677619,
        -0.997490466,
        -0.06542302
      ]
    ],
    "translation": [
      2.24286413,
      0.7521845,
      -0.631035745
    ]
  },
  {
    "timeStamp": 19185,
    "rotation": [
      [
        0.9970227,
        -0.0171916988,
        -0.0751679
      ],
      [
        0.0738830939,
        -0.06601526,
        0.9950795
      ],
      [
        -0.02206935,
        -0.997670531,
        -0.06454854
      ]
    ],
    "translation": [
      2.24284148,
      0.7512174,
      -0.625556231
    ]
  },
  {
    "timeStamp": 19240,
    "rotation": [
      [
        0.9971656,
        -0.001136898,
        -0.07522869
      ],
      [
        0.07500813,
        -0.06295583,
        0.9951936
      ],
      [
        -0.005867538,
        -0.998015642,
        -0.0626921058
      ]
    ],
    "translation": [
      2.24222279,
      0.7490752,
      -0.6201419
    ]
  },
  {
    "timeStamp": 19284,
    "rotation": [
      [
        0.9967208,
        0.0105144121,
        -0.08023202
      ],
      [
        0.0807161555,
        -0.0591926351,
        0.994977951
      ],
      [
        0.005712458,
        -0.998191237,
        -0.05984721
      ]
    ],
    "translation": [
      2.24312449,
      0.7464422,
      -0.616884649
    ]
  },
  {
    "timeStamp": 19337,
    "rotation": [
      [
        0.9970538,
        0.016931612,
        -0.07481381
      ],
      [
        0.0756825358,
        -0.0583643727,
        0.9954224
      ],
      [
        0.0124876658,
        -0.9981518,
        -0.0594738424
      ]
    ],
    "translation": [
      2.24360561,
      0.743443966,
      -0.6123172
    ]
  },
  {
    "timeStamp": 19382,
    "rotation": [
      [
        0.9970942,
        0.0262943357,
        -0.0714965239
      ],
      [
        0.07286752,
        -0.0555215739,
        0.995795
      ],
      [
        0.0222141817,
        -0.9981112,
        -0.0572762452
      ]
    ],
    "translation": [
      2.24329376,
      0.740902245,
      -0.609896541
    ]
  },
  {
    "timeStamp": 19437,
    "rotation": [
      [
        0.9966718,
        0.0354384929,
        -0.07341364
      ],
      [
        0.0750919655,
        -0.0486114174,
        0.995991051
      ],
      [
        0.0317277,
        -0.9981889,
        -0.0511107743
      ]
    ],
    "translation": [
      2.24487734,
      0.7369333,
      -0.608005762
    ]
  },
  {
    "timeStamp": 19482,
    "rotation": [
      [
        0.9968719,
        0.0340524465,
        -0.0713214651
      ],
      [
        0.07268417,
        -0.0406135246,
        0.996527731
      ],
      [
        0.0310375765,
        -0.998594463,
        -0.0429615565
      ]
    ],
    "translation": [
      2.24509025,
      0.733279467,
      -0.6081279
    ]
  },
  {
    "timeStamp": 19537,
    "rotation": [
      [
        0.99731,
        0.0260959435,
        -0.06849663
      ],
      [
        0.06921347,
        -0.02763449,
        0.997219
      ],
      [
        0.024130486,
        -0.9992774,
        -0.0293663442
      ]
    ],
    "translation": [
      2.24568,
      0.7299427,
      -0.608853042
    ]
  },
  {
    "timeStamp": 19583,
    "rotation": [
      [
        0.9979345,
        0.0218854025,
        -0.060395956
      ],
      [
        0.0609156266,
        -0.0239114612,
        0.997856438
      ],
      [
        0.0203943141,
        -0.9994745,
        -0.0251952372
      ]
    ],
    "translation": [
      2.24613285,
      0.7279069,
      -0.608769357
    ]
  },
  {
    "timeStamp": 19637,
    "rotation": [
      [
        0.9980549,
        0.0328044221,
        -0.0530110933
      ],
      [
        0.0538002923,
        -0.0236611962,
        0.998271346
      ],
      [
        0.03149341,
        -0.9991816,
        -0.0253800619
      ]
    ],
    "translation": [
      2.24518561,
      0.727996,
      -0.609351039
    ]
  }
]