[
  {
    "timeStamp": 51047,
    "rotation": [
      [
        0.9999723,
        0.000437358423,
        0.00743560959
      ],
      [
        -0.00740880053,
        -0.04447637,
        0.998982966
      ],
      [
        0.000767621852,
        -0.9990103,
        -0.0444718972
      ]
    ],
    "translation": [
      1.30802453,
      0.704375744,
      -0.490224779
    ]
  },
  {
    "timeStamp": 51091,
    "rotation": [
      [
        0.999981761,
        0.00536810374,
        -0.00277890987
      ],
      [
        0.003172482,
        -0.07475716,
        0.997196734
      ],
      [
        0.00514531275,
        -0.9971874,
        -0.07477283
      ]
    ],
    "translation": [
      1.30796707,
      0.704026759,
      -0.4908175
    ]
  },
  {
    "timeStamp": 51147,
    "rotation": [
      [
        0.999996662,
        0.0005736452,
        -0.002506228
      ],
      [
        0.00254747341,
        -0.08939078,
        0.9959934
      ],
      [
        0.000347313267,
        -0.9959964,
        -0.08939194
      ]
    ],
    "translation": [
      1.30795693,
      0.7039413,
      -0.490672022
    ]
  },
  {
    "timeStamp": 51200,
    "rotation": [
      [
        0.999995,
        0.00313166622,
        0.000269020355
      ],
      [
        4.28553976E-05,
        -0.0991643146,
        0.995071054
      ],
      [
        0.00314290752,
        -0.9950661,
        -0.0991639644
      ]
    ],
    "translation": [
      1.307985,
      0.703994334,
      -0.490788251
    ]
  },
  {
    "timeStamp": 51244,
    "rotation": [
      [
        0.9992362,
        -0.00196552114,
        0.0390268154
      ],
      [
        -0.0390652828,
        -0.0739387348,
        0.996497333
      ],
      [
        0.0009269702,
        -0.9972608,
        -0.0739590451
      ]
    ],
    "translation": [
      1.30498612,
      0.708233953,
      -0.494515032
    ]
  },
  {
    "timeStamp": 51300,
    "rotation": [
      [
        0.9980853,
        -0.0143165048,
        0.06017199
      ],
      [
        -0.06115717,
        -0.0830494538,
        0.994667053
      ],
      [
        -0.009242885,
        -0.996442556,
        -0.083766
      ]
    ],
    "translation": [
      1.306443,
      0.7171046,
      -0.498055339
    ]
  },
  {
    "timeStamp": 51344,
    "rotation": [
      [
        0.9943569,
        -0.04822696,
        0.09449061
      ],
      [
        -0.09838264,
        -0.08598799,
        0.9914267
      ],
      [
        -0.0396884345,
        -0.9951282,
        -0.09024745
      ]
    ],
    "translation": [
      1.30639279,
      0.7303762,
      -0.5007093
    ]
  },
  {
    "timeStamp": 51403,
    "rotation": [
      [
        0.97721076,
        -0.116541475,
        0.177418157
      ],
      [
        -0.1844679,
        -0.0526975319,
        0.981424749
      ],
      [
        -0.105027176,
        -0.9917868,
        -0.07299475
      ]
    ],
    "translation": [
      1.3031559,
      0.760766745,
      -0.5080908
    ]
  },
  {
    "timeStamp": 51445,
    "rotation": [
      [
        0.958080232,
        -0.173505008,
        0.227987736
      ],
      [
        -0.238606215,
        -0.0427410081,
        0.9701754
      ],
      [
        -0.158585861,
        -0.983905137,
        -0.08234868
      ]
    ],
    "translation": [
      1.30676258,
      0.7847278,
      -0.512795746
    ]
  },
  {
    "timeStamp": 51500,
    "rotation": [
      [
        0.928390443,
        -0.234774634,
        0.288048476
      ],
      [
        -0.2955359,
        0.00343866786,
        0.9553254
      ],
      [
        -0.225276679,
        -0.9720437,
        -0.06619191
      ]
    ],
    "translation": [
      1.31568754,
      0.814656436,
      -0.5213545
    ]
  },
  {
    "timeStamp": 51546,
    "rotation": [
      [
        0.899246037,
        -0.3103195,
        0.308315158
      ],
      [
        -0.3191266,
        0.01667763,
        0.9475653
      ],
      [
        -0.299189955,
        -0.950485945,
        -0.08403392
      ]
    ],
    "translation": [
      1.32874548,
      0.834948063,
      -0.519739449
    ]
  },
  {
    "timeStamp": 51600,
    "rotation": [
      [
        0.8608192,
        -0.378779829,
        0.339876622
      ],
      [
        -0.342195779,
        0.06351622,
        0.937479436
      ],
      [
        -0.376685977,
        -0.923304737,
        -0.07494086
      ]
    ],
    "translation": [
      1.3479315,
      0.859113753,
      -0.522644
    ]
  },
  {
    "timeStamp": 51644,
    "rotation": [
      [
        0.8310053,
        -0.444846928,
        0.3339782
      ],
      [
        -0.339342952,
        0.0703292638,
        0.938029945
      ],
      [
        -0.440768182,
        -0.8928409,
        -0.09251169
      ]
    ],
    "translation": [
      1.36895335,
      0.8722551,
      -0.521438062
    ]
  },
  {
    "timeStamp": 51702,
    "rotation": [
      [
        0.7979328,
        -0.513985932,
        0.314836055
      ],
      [
        -0.31727165,
        0.08595481,
        0.9444313
      ],
      [
        -0.512486041,
        -0.8534813,
        -0.094487004
      ]
    ],
    "translation": [
      1.40038729,
      0.8832005,
      -0.5232291
    ]
  },
  {
    "timeStamp": 51744,
    "rotation": [
      [
        0.754268169,
        -0.579094768,
        0.309400737
      ],
      [
        -0.311384,
        0.09936188,
        0.9450753
      ],
      [
        -0.578030765,
        -0.8091826,
        -0.105375327
      ]
    ],
    "translation": [
      1.42754662,
      0.8931019,
      -0.5238264
    ]
  },
  {
    "timeStamp": 51801,
    "rotation": [
      [
        0.7012439,
        -0.6485768,
        0.2959817
      ],
      [
        -0.2860172,
        0.124350391,
        0.950121641
      ],
      [
        -0.6530323,
        -0.750922859,
        -0.0983041748
      ]
    ],
    "translation": [
      1.46190059,
      0.9013744,
      -0.529598
    ]
  },
  {
    "timeStamp": 51847,
    "rotation": [
      [
        0.6648267,
        -0.690273464,
        0.2855312
      ],
      [
        -0.274647832,
        0.129590645,
        0.9527722
      ],
      [
        -0.694675565,
        -0.711848855,
        -0.103426792
      ]
    ],
    "translation": [
      1.48735392,
      0.906908333,
      -0.537779331
    ]
  },
  {
    "timeStamp": 51901,
    "rotation": [
      [
        0.6342305,
        -0.731895268,
        0.249160528
      ],
      [
        -0.240970716,
        0.119088136,
        0.963198364
      ],
      [
        -0.734632432,
        -0.670930147,
        -0.100836009
      ]
    ],
    "translation": [
      1.51944172,
      0.90787214,
      -0.5515789
    ]
  },
  {
    "timeStamp": 51947,
    "rotation": [
      [
        0.6193809,
        -0.7514174,
        0.227462679
      ],
      [
        -0.219209626,
        0.1126817,
        0.9691491
      ],
      [
        -0.7538664,
        -0.650134444,
        -0.09492503
      ]
    ],
    "translation": [
      1.54036617,
      0.907633245,
      -0.5640395
    ]
  },
  {
    "timeStamp": 51991,
    "rotation": [
      [
        0.5911407,
        -0.7819243,
        0.1978561
      ],
      [
        -0.2042967,
        0.09215079,
        0.974562
      ],
      [
        -0.780266345,
        -0.6165246,
        -0.105270468
      ]
    ],
    "translation": [
      1.56405139,
      0.905454934,
      -0.5720054
    ]
  },
  {
    "timeStamp": 52047,
    "rotation": [
      [
        0.552329659,
        -0.815685153,
        0.17201668
      ],
      [
        -0.1861906,
        0.08042681,
        0.979216337
      ],
      [
        -0.812567,
        -0.572878063,
        -0.107450806
      ]
    ],
    "translation": [
      1.59091115,
      0.903613031,
      -0.5810793
    ]
  },
  {
    "timeStamp": 52091,
    "rotation": [
      [
        0.5090913,
        -0.8450498,
        0.1634528
      ],
      [
        -0.176124454,
        0.08360791,
        0.9808108
      ],
      [
        -0.8425,
        -0.5281103,
        -0.106269874
      ]
    ],
    "translation": [
      1.61315107,
      0.903459132,
      -0.5880849
    ]
  },
  {
    "timeStamp": 52147,
    "rotation": [
      [
        0.482286274,
        -0.8647601,
        0.139964059
      ],
      [
        -0.1612047,
        0.0694347,
        0.984475434
      ],
      [
        -0.861053467,
        -0.497361839,
        -0.105915993
      ]
    ],
    "translation": [
      1.63702619,
      0.903887,
      -0.598569453
    ]
  },
  {
    "timeStamp": 52191,
    "rotation": [
      [
        0.447613329,
        -0.8844815,
        0.131661952
      ],
      [
        -0.157396153,
        0.0670094,
        0.9852595
      ],
      [
        -0.8802663,
        -0.461738318,
        -0.10921967
      ]
    ],
    "translation": [
      1.65590632,
      0.906466663,
      -0.604222655
    ]
  },
  {
    "timeStamp": 52252,
    "rotation": [
      [
        0.412142277,
        -0.902138948,
        0.127608955
      ],
      [
        -0.1631997,
        0.06469693,
        0.9844695
      ],
      [
        -0.8963842,
        -0.426567256,
        -0.120564461
      ]
    ],
    "translation": [
      1.676667,
      0.9115499,
      -0.6100989
    ]
  },
  {
    "timeStamp": 52293,
    "rotation": [
      [
        0.380430877,
        -0.9170053,
        0.119890049
      ],
      [
        -0.162337437,
        0.06140886,
        0.9848226
      ],
      [
        -0.9104498,
        -0.394119561,
        -0.125502467
      ]
    ],
    "translation": [
      1.69379282,
      0.914646864,
      -0.6144311
    ]
  },
  {
    "timeStamp": 52342,
    "rotation": [
      [
        0.3441106,
        -0.931748748,
        0.115897514
      ],
      [
        -0.1641921,
        0.06181885,
        0.9844894
      ],
      [
        -0.924461365,
        -0.357802719,
        -0.131713256
      ]
    ],
    "translation": [
      1.71444678,
      0.918168545,
      -0.6198709
    ]
  },
  {
    "timeStamp": 52397,
    "rotation": [
      [
        0.2950239,
        -0.9512681,
        0.089721635
      ],
      [
        -0.1630097,
        0.04241493,
        0.985712349
      ],
      [
        -0.941482246,
        -0.305434167,
        -0.14255251
      ]
    ],
    "translation": [
      1.74241185,
      0.9199344,
      -0.624212146
    ]
  },
  {
    "timeStamp": 52442,
    "rotation": [
      [
        0.235629886,
        -0.9676825,
        0.08982857
      ],
      [
        -0.160238191,
        0.0524815954,
        0.9856822
      ],
      [
        -0.958541751,
        -0.246650159,
        -0.14269346
      ]
    ],
    "translation": [
      1.76918936,
      0.921882033,
      -0.6301332
    ]
  },
  {
    "timeStamp": 52497,
    "rotation": [
      [
        0.178896919,
        -0.9825129,
        0.05161657
      ],
      [
        -0.151237592,
        0.0243776888,
        0.9881968
      ],
      [
        -0.9721744,
        -0.184591725,
        -0.1442318
      ]
    ],
    "translation": [
      1.80996442,
      0.9222713,
      -0.64049083
    ]
  },
  {
    "timeStamp": 52541,
    "rotation": [
      [
        0.108252548,
        -0.993488,
        0.0355371945
      ],
      [
        -0.143218562,
        0.0197889041,
        0.989493251
      ],
      [
        -0.983752966,
        -0.112204745,
        -0.140143737
      ]
    ],
    "translation": [
      1.84734762,
      0.925349236,
      -0.6490158
    ]
  },
  {
    "timeStamp": 52597,
    "rotation": [
      [
        0.0151848365,
        -0.999651432,
        0.0215977244
      ],
      [
        -0.1527351,
        0.0190277379,
        0.988083959
      ],
      [
        -0.9881505,
        -0.0183026269,
        -0.152392939
      ]
    ],
    "translation": [
      1.89611828,
      0.933465064,
      -0.6584299
    ]
  },
  {
    "timeStamp": 52641,
    "rotation": [
      [
        -0.04980405,
        -0.998733759,
        -0.00709819
      ],
      [
        -0.163578928,
        0.00114577031,
        0.9865296
      ],
      [
        -0.9852723,
        0.0502942838,
        -0.163428873
      ]
    ],
    "translation": [
      1.93452883,
      0.9411849,
      -0.6641896
    ]
  },
  {
    "timeStamp": 52697,
    "rotation": [
      [
        -0.14656271,
        -0.989074469,
        -0.0158453844
      ],
      [
        -0.187573,
        0.0120600043,
        0.9821766
      ],
      [
        -0.9712547,
        0.146922648,
        -0.18729122
      ]
    ],
    "translation": [
      1.98102927,
      0.9526676,
      -0.6700242
    ]
  },
  {
    "timeStamp": 52742,
    "rotation": [
      [
        -0.194626376,
        -0.979838431,
        -0.0451355875
      ],
      [
        -0.19479531,
        -0.006488507,
        0.980822444
      ],
      [
        -0.961340368,
        0.199686125,
        -0.1896051
      ]
    ],
    "translation": [
      2.012937,
      0.954640865,
      -0.6735756
    ]
  },
  {
    "timeStamp": 52794,
    "rotation": [
      [
        -0.230992973,
        -0.969929159,
        -0.07667931
      ],
      [
        -0.197522983,
        -0.0304207541,
        0.979826152
      ],
      [
        -0.9526946,
        0.24147886,
        -0.18455632
      ]
    ],
    "translation": [
      2.03987241,
      0.951422334,
      -0.6735532
    ]
  },
  {
    "timeStamp": 52841,
    "rotation": [
      [
        -0.2633154,
        -0.9581964,
        -0.111913025
      ],
      [
        -0.203785181,
        -0.0581419766,
        0.97728765
      ],
      [
        -0.942940354,
        0.2801411,
        -0.179956555
      ]
    ],
    "translation": [
      2.068382,
      0.9450414,
      -0.6690404
    ]
  },
  {
    "timeStamp": 52897,
    "rotation": [
      [
        -0.311692,
        -0.9430864,
        -0.115914427
      ],
      [
        -0.198558033,
        -0.0546511523,
        0.978564262
      ],
      [
        -0.9292055,
        0.328026384,
        -0.170223057
      ]
    ],
    "translation": [
      2.08907819,
      0.9358072,
      -0.6602233
    ]
  },
  {
    "timeStamp": 52941,
    "rotation": [
      [
        -0.3360251,
        -0.9355225,
        -0.109017156
      ],
      [
        -0.207324639,
        -0.0394383557,
        0.9774769
      ],
      [
        -0.918751061,
        0.351058722,
        -0.1807046
      ]
    ],
    "translation": [
      2.09998941,
      0.930026948,
      -0.6484094
    ]
  },
  {
    "timeStamp": 52997,
    "rotation": [
      [
        -0.382622957,
        -0.9178152,
        -0.105900556
      ],
      [
        -0.221292883,
        -0.0202448312,
        0.9749972
      ],
      [
        -0.8970112,
        0.396491349,
        -0.195359841
      ]
    ],
    "translation": [
      2.1144433,
      0.922798157,
      -0.6339813
    ]
  },
  {
    "timeStamp": 53041,
    "rotation": [
      [
        -0.4099803,
        -0.9080375,
        -0.0859301761
      ],
      [
        -0.226897627,
        0.01028507,
        0.9738643
      ],
      [
        -0.88342154,
        0.418762535,
        -0.210248232
      ]
    ],
    "translation": [
      2.120313,
      0.914642453,
      -0.622597933
    ]
  },
  {
    "timeStamp": 53096,
    "rotation": [
      [
        -0.407099932,
        -0.9092493,
        -0.08680666
      ],
      [
        -0.234196,
        0.0120485565,
        0.972114742
      ],
      [
        -0.88284874,
        0.416077644,
        -0.217847511
      ]
    ],
    "translation": [
      2.12160158,
      0.9001484,
      -0.6103351
    ]
  },
  {
    "timeStamp": 53141,
    "rotation": [
      [
        -0.422575355,
        -0.900975,
        -0.09835653
      ],
      [
        -0.216315344,
        -0.00512438035,
        0.9763101
      ],
      [
        -0.880135,
        0.4338406,
        -0.1927293
      ]
    ],
    "translation": [
      2.12583375,
      0.882916451,
      -0.60715425
    ]
  },
  {
    "timeStamp": 53197,
    "rotation": [
      [
        -0.4422859,
        -0.8925368,
        -0.08809812
      ],
      [
        -0.18310602,
        -0.006298531,
        0.983073
      ],
      [
        -0.8779837,
        0.450930625,
        -0.160643116
      ]
    ],
    "translation": [
      2.1271565,
      0.860041142,
      -0.606471956
    ]
  },
  {
    "timeStamp": 53243,
    "rotation": [
      [
        -0.459703922,
        -0.884238064,
        -0.0824335
      ],
      [
        -0.157151535,
        -0.0103609674,
        0.987520158
      ],
      [
        -0.874057055,
        0.466921449,
        -0.1341964
      ]
    ],
    "translation": [
      2.1280086,
      0.8444125,
      -0.6091057
    ]
  },
  {
    "timeStamp": 53300,
    "rotation": [
      [
        -0.491419762,
        -0.869660854,
        -0.0468679368
      ],
      [
        -0.140725076,
        0.02618236,
        0.989702463
      ],
      [
        -0.8594784,
        0.49295482,
        -0.13524963
      ]
    ],
    "translation": [
      2.12835836,
      0.8301536,
      -0.6134702
    ]
  },
  {
    "timeStamp": 53345,
    "rotation": [
      [
        -0.5195658,
        -0.8526849,
        0.0545876
      ],
      [
        -0.16771403,
        0.1644208,
        0.972027659
      ],
      [
        -0.837808669,
        0.4958772,
        -0.228434652
      ]
    ],
    "translation": [
      2.12238026,
      0.8310285,
      -0.6119372
    ]
  },
  {
    "timeStamp": 53402,
    "rotation": [
      [
        -0.552692533,
        -0.832953036,
        0.0268378835
      ],
      [
        -0.305578232,
        0.232511729,
        0.9233419
      ],
      [
        -0.7753405,
        0.502123058,
        -0.3830398
      ]
    ],
    "translation": [
      2.12291932,
      0.8325985,
      -0.6025915
    ]
  },
  {
    "timeStamp": 53446,
    "rotation": [
      [
        -0.553318858,
        -0.832195,
        0.0359127261
      ],
      [
        -0.426426351,
        0.320036,
        0.8460127
      ],
      [
        -0.715540946,
        0.452800661,
        -0.531951845
      ]
    ],
    "translation": [
      2.11956477,
      0.843493044,
      -0.5971229
    ]
  },
  {
    "timeStamp": 53502,
    "rotation": [
      [
        -0.586395264,
        -0.8098606,
        0.016321227
      ],
      [
        -0.400581,
        0.30744344,
        0.8631416
      ],
      [
        -0.704042256,
        0.4996042,
        -0.504698157
      ]
    ],
    "translation": [
      2.120125,
      0.8396456,
      -0.5990109
    ]
  },
  {
    "timeStamp": 53546,
    "rotation": [
      [
        -0.604277253,
        -0.7962562,
        0.0287236888
      ],
      [
        -0.385487318,
        0.323715359,
        0.864064753
      ],
      [
        -0.6973152,
        0.5110621,
        -0.5025605
      ]
    ],
    "translation": [
      2.11800838,
      0.838927269,
      -0.601471
    ]
  },
  {
    "timeStamp": 53602,
    "rotation": [
      [
        -0.600417,
        -0.7996792,
        0.00353965117
      ],
      [
        -0.385824561,
        0.293557078,
        0.874622
      ],
      [
        -0.700456142,
        0.52377224,
        -0.48479256
      ]
    ],
    "translation": [
      2.12142754,
      0.837263465,
      -0.60959053
    ]
  },
  {
    "timeStamp": 53646,
    "rotation": [
      [
        -0.598743558,
        -0.8009315,
        0.003871634
      ],
      [
        -0.3197623,
        0.24346751,
        0.91568315
      ],
      [
        -0.7343421,
        0.5470214,
        -0.4018823
      ]
    ],
    "translation": [
      2.12207913,
      0.832200468,
      -0.620318532
    ]
  },
  {
    "timeStamp": 53702,
    "rotation": [
      [
        -0.6211744,
        -0.783661246,
        0.004166455
      ],
      [
        -0.290005028,
        0.234807089,
        0.927773
      ],
      [
        -0.7280381,
        0.575100541,
        -0.373121858
      ]
    ],
    "translation": [
      2.123741,
      0.8298806,
      -0.630589247
    ]
  },
  {
    "timeStamp": 53746,
    "rotation": [
      [
        -0.621021,
        -0.783534944,
        0.02014678
      ],
      [
        -0.302566469,
        0.2633641,
        0.9160201
      ],
      [
        -0.7230397,
        0.562772,
        -0.400626063
      ]
    ],
    "translation": [
      2.123559,
      0.8298934,
      -0.6328726
    ]
  },
  {
    "timeStamp": 53802,
    "rotation": [
      [
        -0.6157371,
        -0.78790164,
        0.00887894351
      ],
      [
        -0.337632328,
        0.2740042,
        0.900514364
      ],
      [
        -0.711949646,
        0.55148226,
        -0.4347356
      ]
    ],
    "translation": [
      2.12344718,
      0.8291843,
      -0.6323552
    ]
  },
  {
    "timeStamp": 53846,
    "rotation": [
      [
        -0.595320642,
        -0.803222954,
        0.0206451826
      ],
      [
        -0.3223268,
        0.2622759,
        0.909569561
      ],
      [
        -0.736001849,
        0.534831047,
        -0.415038556
      ]
    ],
    "translation": [
      2.118804,
      0.8266311,
      -0.6346632
    ]
  },
  {
    "timeStamp": 53902,
    "rotation": [
      [
        -0.603051364,
        -0.7958886,
        0.0537626036
      ],
      [
        -0.159000769,
        0.185973376,
        0.9696044
      ],
      [
        -0.7816955,
        0.576172948,
        -0.2386984
      ]
    ],
    "translation": [
      2.11315465,
      0.813934445,
      -0.6499703
    ]
  },
  {
    "timeStamp": 53946,
    "rotation": [
      [
        -0.7027327,
        -0.7099767,
        0.0458256975
      ],
      [
        -0.05714702,
        0.120532468,
        0.9910631
      ],
      [
        -0.7091552,
        0.6938336,
        -0.12527515
      ]
    ],
    "translation": [
      2.115857,
      0.8060727,
      -0.6595253
    ]
  },
  {
    "timeStamp": 54002,
    "rotation": [
      [
        -0.755633533,
        -0.652252,
        0.0598773919
      ],
      [
        -0.0305008739,
        0.126357391,
        0.991515756
      ],
      [
        -0.65428406,
        0.747396231,
        -0.115374133
      ]
    ],
    "translation": [
      2.12007117,
      0.803822041,
      -0.6642743
    ]
  },
  {
    "timeStamp": 54046,
    "rotation": [
      [
        -0.7670808,
        -0.6375858,
        0.07121438
      ],
      [
        -0.006229156,
        0.118400261,
        0.9929464
      ],
      [
        -0.6415203,
        0.7612265,
        -0.094794184
      ]
    ],
    "translation": [
      2.12064147,
      0.801123261,
      -0.66658926
    ]
  },
  {
    "timeStamp": 54102,
    "rotation": [
      [
        -0.789493263,
        -0.6082109,
        0.08234033
      ],
      [
        0.008036334,
        0.123902,
        0.992261946
      ],
      [
        -0.613706648,
        0.7840458,
        -0.09293201
      ]
    ],
    "translation": [
      2.12221384,
      0.7999288,
      -0.668696046
    ]
  }
]