[
  {
    "timeStamp": 30602,
    "rotation": [
      [
        0.9929511,
        -0.0228180531,
        0.116307653
      ],
      [
        -0.117344476,
        -0.0511123464,
        0.9917751
      ],
      [
        -0.016685633,
        -0.998432159,
        -0.0534296334
      ]
    ],
    "translation": [
      1.61777663,
      0.703613,
      -0.614871
    ]
  },
  {
    "timeStamp": 30657,
    "rotation": [
      [
        0.9940924,
        -0.0200063251,
        0.106677406
      ],
      [
        -0.10743662,
        -0.041767437,
        0.993334234
      ],
      [
        -0.0154173411,
        -0.998927057,
        -0.043670103
      ]
    ],
    "translation": [
      1.61780274,
      0.703808665,
      -0.615594745
    ]
  },
  {
    "timeStamp": 30704,
    "rotation": [
      [
        0.993952751,
        -0.0288243312,
        0.105957776
      ],
      [
        -0.1074449,
        -0.0561682954,
        0.99262315
      ],
      [
        -0.0226602312,
        -0.998005152,
        -0.05892566
      ]
    ],
    "translation": [
      1.61821163,
      0.7036585,
      -0.616520762
    ]
  },
  {
    "timeStamp": 30756,
    "rotation": [
      [
        0.992954969,
        -0.0381671824,
        0.112177014
      ],
      [
        -0.114122249,
        -0.0533098355,
        0.9920354
      ],
      [
        -0.0318830721,
        -0.997848332,
        -0.05728999
      ]
    ],
    "translation": [
      1.618739,
      0.7036129,
      -0.618757248
    ]
  },
  {
    "timeStamp": 30812,
    "rotation": [
      [
        0.9943491,
        -0.0349063054,
        0.100256376
      ],
      [
        -0.101449646,
        -0.03427637,
        0.99425
      ],
      [
        -0.03126916,
        -0.9988026,
        -0.0376239121
      ]
    ],
    "translation": [
      1.61731207,
      0.7037969,
      -0.6236414
    ]
  },
  {
    "timeStamp": 30856,
    "rotation": [
      [
        0.9925387,
        0.008839305,
        0.121609651
      ],
      [
        -0.121638775,
        0.00283384835,
        0.9925704
      ],
      [
        0.00842900947,
        -0.999956965,
        0.0038879062
      ]
    ],
    "translation": [
      1.61624694,
      0.7052898,
      -0.6299991
    ]
  },
  {
    "timeStamp": 30912,
    "rotation": [
      [
        0.9866066,
        -0.0250299219,
        0.161186054
      ],
      [
        -0.16143474,
        -0.008241878,
        0.98684895
      ],
      [
        -0.0233722739,
        -0.999652743,
        -0.01217219
      ]
    ],
    "translation": [
      1.618565,
      0.7193855,
      -0.6310575
    ]
  },
  {
    "timeStamp": 30956,
    "rotation": [
      [
        0.980690241,
        -0.04238544,
        0.190919012
      ],
      [
        -0.19207637,
        -0.0251197666,
        0.9810584
      ],
      [
        -0.0367867462,
        -0.9987855,
        -0.03277595
      ]
    ],
    "translation": [
      1.62022233,
      0.736289442,
      -0.634361446
    ]
  },
  {
    "timeStamp": 31012,
    "rotation": [
      [
        0.9678223,
        -0.06722778,
        0.242488027
      ],
      [
        -0.2461586,
        -0.05299621,
        0.9677796
      ],
      [
        -0.0522107221,
        -0.9963292,
        -0.067839615
      ]
    ],
    "translation": [
      1.62432063,
      0.7638987,
      -0.6409429
    ]
  },
  {
    "timeStamp": 31056,
    "rotation": [
      [
        0.9606519,
        -0.06631938,
        0.269721657
      ],
      [
        -0.2741122,
        -0.069601506,
        0.959175766
      ],
      [
        -0.0448389165,
        -0.995367944,
        -0.08504178
      ]
    ],
    "translation": [
      1.63152921,
      0.7876446,
      -0.6478021
    ]
  },
  {
    "timeStamp": 31112,
    "rotation": [
      [
        0.951066256,
        -0.08933277,
        0.295791537
      ],
      [
        -0.30365026,
        -0.09306664,
        0.948227346
      ],
      [
        -0.05717944,
        -0.9916442,
        -0.115638465
      ]
    ],
    "translation": [
      1.65194893,
      0.8205978,
      -0.658292
    ]
  },
  {
    "timeStamp": 31157,
    "rotation": [
      [
        0.9427103,
        -0.101629883,
        0.317755848
      ],
      [
        -0.328042328,
        -0.109060071,
        0.9383465
      ],
      [
        -0.0607095771,
        -0.9888262,
        -0.136150941
      ]
    ],
    "translation": [
      1.67545915,
      0.8485128,
      -0.6683877
    ]
  },
  {
    "timeStamp": 31212,
    "rotation": [
      [
        0.9422913,
        -0.119455613,
        0.3127577
      ],
      [
        -0.327777356,
        -0.138911963,
        0.934486747
      ],
      [
        -0.0681839,
        -0.983073652,
        -0.170050383
      ]
    ],
    "translation": [
      1.7166574,
      0.88384366,
      -0.681403
    ]
  },
  {
    "timeStamp": 31256,
    "rotation": [
      [
        0.9476565,
        -0.1290671,
        0.2920425
      ],
      [
        -0.3106113,
        -0.160832688,
        0.9368316
      ],
      [
        -0.07394414,
        -0.978506267,
        -0.19250384
      ]
    ],
    "translation": [
      1.7566489,
      0.909745753,
      -0.693352938
    ]
  },
  {
    "timeStamp": 31312,
    "rotation": [
      [
        0.955203533,
        -0.153823078,
        0.2528331
      ],
      [
        -0.278676182,
        -0.179906636,
        0.943383932
      ],
      [
        -0.09962789,
        -0.971582234,
        -0.214714289
      ]
    ],
    "translation": [
      1.81654263,
      0.936074138,
      -0.70832926
    ]
  },
  {
    "timeStamp": 31356,
    "rotation": [
      [
        0.968250751,
        -0.157505885,
        0.194119349
      ],
      [
        -0.223205417,
        -0.1950684,
        0.955053747
      ],
      [
        -0.112560034,
        -0.96806,
        -0.224031314
      ]
    ],
    "translation": [
      1.865012,
      0.9540755,
      -0.7195389
    ]
  },
  {
    "timeStamp": 31412,
    "rotation": [
      [
        0.9708338,
        -0.206757113,
        0.121381089
      ],
      [
        -0.166422144,
        -0.216709,
        0.9619464
      ],
      [
        -0.1725849,
        -0.954090536,
        -0.244797379
      ]
    ],
    "translation": [
      1.93372917,
      0.974648952,
      -0.7331511
    ]
  },
  {
    "timeStamp": 31456,
    "rotation": [
      [
        0.9628398,
        -0.260031819,
        0.07295852
      ],
      [
        -0.135509685,
        -0.231467411,
        0.9633587
      ],
      [
        -0.2336164,
        -0.937446654,
        -0.258102864
      ]
    ],
    "translation": [
      1.98382926,
      0.9874785,
      -0.743376553
    ]
  },
  {
    "timeStamp": 31510,
    "rotation": [
      [
        0.941506565,
        -0.335620672,
        0.03040078
      ],
      [
        -0.112279415,
        -0.227353662,
        0.96731776
      ],
      [
        -0.3177401,
        -0.9141494,
        -0.25173825
      ]
    ],
    "translation": [
      2.04165268,
      0.994988739,
      -0.7558201
    ]
  },
  {
    "timeStamp": 31554,
    "rotation": [
      [
        0.923332334,
        -0.383563071,
        0.0183508676
      ],
      [
        -0.107042477,
        -0.2111953,
        0.971564949
      ],
      [
        -0.368780822,
        -0.899041653,
        -0.236060992
      ]
    ],
    "translation": [
      2.07709169,
      0.992932141,
      -0.763362944
    ]
  },
  {
    "timeStamp": 31610,
    "rotation": [
      [
        0.8946602,
        -0.446680158,
        0.00775303552
      ],
      [
        -0.0979940146,
        -0.179282323,
        0.978905
      ],
      [
        -0.4358675,
        -0.876547039,
        -0.204168722
      ]
    ],
    "translation": [
      2.11048627,
      0.9822619,
      -0.7719947
    ]
  },
  {
    "timeStamp": 31659,
    "rotation": [
      [
        0.8800476,
        -0.474386275,
        0.0217678919
      ],
      [
        -0.107516669,
        -0.154390261,
        0.982142448
      ],
      [
        -0.462554157,
        -0.8666725,
        -0.186875209
      ]
    ],
    "translation": [
      2.12640643,
      0.969979942,
      -0.7743655
    ]
  },
  {
    "timeStamp": 31707,
    "rotation": [
      [
        0.8591957,
        -0.511028051,
        0.0251600146
      ],
      [
        -0.101928614,
        -0.122770153,
        0.9871869
      ],
      [
        -0.5013913,
        -0.8507513,
        -0.157571986
      ]
    ],
    "translation": [
      2.14256358,
      0.954241335,
      -0.7760582
    ]
  },
  {
    "timeStamp": 31762,
    "rotation": [
      [
        0.8342134,
        -0.54964745,
        0.04445027
      ],
      [
        -0.112141915,
        -0.09017166,
        0.9895925
      ],
      [
        -0.53991884,
        -0.830516,
        -0.136860922
      ]
    ],
    "translation": [
      2.15631127,
      0.9380204,
      -0.7741635
    ]
  },
  {
    "timeStamp": 31807,
    "rotation": [
      [
        0.814496756,
        -0.5768336,
        0.0621137
      ],
      [
        -0.117494769,
        -0.0591595061,
        0.9913098
      ],
      [
        -0.568146169,
        -0.814716637,
        -0.115960158
      ]
    ],
    "translation": [
      2.16632032,
      0.9236788,
      -0.770924866
    ]
  },
  {
    "timeStamp": 31862,
    "rotation": [
      [
        0.7942141,
        -0.601283133,
        0.08764984
      ],
      [
        -0.120111436,
        -0.0139493393,
        0.99266243
      ],
      [
        -0.5956485,
        -0.798914254,
        -0.08329974
      ]
    ],
    "translation": [
      2.17612219,
      0.9070483,
      -0.76639235
    ]
  },
  {
    "timeStamp": 31906,
    "rotation": [
      [
        0.7958388,
        -0.599501,
        0.08508386
      ],
      [
        -0.09637057,
        0.0133191105,
        0.9952564
      ],
      [
        -0.5977905,
        -0.8002632,
        -0.0471743867
      ]
    ],
    "translation": [
      2.18235135,
      0.8952929,
      -0.7616461
    ]
  },
  {
    "timeStamp": 31962,
    "rotation": [
      [
        0.8116855,
        -0.5806501,
        0.06334055
      ],
      [
        -0.0518450551,
        0.0363927744,
        0.9979918
      ],
      [
        -0.5817892,
        -0.8133394,
        -0.000564348
      ]
    ],
    "translation": [
      2.18724561,
      0.8824816,
      -0.755833566
    ]
  },
  {
    "timeStamp": 32006,
    "rotation": [
      [
        0.8083826,
        -0.5835739,
        0.07719596
      ],
      [
        -0.04266949,
        0.07270356,
        0.9964404
      ],
      [
        -0.587109,
        -0.808798969,
        0.03387149
      ]
    ],
    "translation": [
      2.18851829,
      0.870623,
      -0.7552431
    ]
  },
  {
    "timeStamp": 32062,
    "rotation": [
      [
        0.7914493,
        -0.5988726,
        0.122309253
      ],
      [
        -0.0471530445,
        0.139684945,
        0.9890726
      ],
      [
        -0.6094133,
        -0.788568139,
        0.08231489
      ]
    ],
    "translation": [
      2.18708,
      0.854728639,
      -0.7597736
    ]
  },
  {
    "timeStamp": 32108,
    "rotation": [
      [
        0.780860662,
        -0.6077929,
        0.1443761
      ],
      [
        -0.0495942533,
        0.170068428,
        0.9841835
      ],
      [
        -0.622733533,
        -0.7756704,
        0.102656707
      ]
    ],
    "translation": [
      2.187819,
      0.8449583,
      -0.761841536
    ]
  },
  {
    "timeStamp": 32153,
    "rotation": [
      [
        0.7992342,
        -0.5900109,
        0.114507072
      ],
      [
        0.0018809106,
        0.192975789,
        0.9812017
      ],
      [
        -0.6010168,
        -0.783994555,
        0.155342609
      ]
    ],
    "translation": [
      2.19086814,
      0.8384299,
      -0.7631903
    ]
  },
  {
    "timeStamp": 32210,
    "rotation": [
      [
        0.8014028,
        -0.5919871,
        0.08546817
      ],
      [
        0.0572493747,
        0.218156338,
        0.9742332
      ],
      [
        -0.5953789,
        -0.7758602,
        0.208722
      ]
    ],
    "translation": [
      2.19506145,
      0.8344283,
      -0.766931951
    ]
  }
]