[
  {
    "timeStamp": 2827,
    "rotation": [
      [
        -0.9914901,
        0.129842386,
        -0.009399196
      ],
      [
        -0.008203102,
        0.009743655,
        0.9999189
      ],
      [
        0.129923433,
        0.9914868,
        -0.008595627
      ]
    ],
    "translation": [
      1.76032519,
      0.7020064,
      -0.76947546
    ]
  },
  {
    "timeStamp": 2880,
    "rotation": [
      [
        -0.9912832,
        0.130966783,
        -0.0143330293
      ],
      [
        -0.0137910591,
        0.00504433271,
        0.9998922
      ],
      [
        0.131024972,
        0.991373956,
        -0.00319419126
      ]
    ],
    "translation": [
      1.76029074,
      0.702405453,
      -0.7694993
    ]
  },
  {
    "timeStamp": 2925,
    "rotation": [
      [
        -0.9911737,
        0.131102115,
        -0.0196705665
      ],
      [
        -0.0189122222,
        0.00702708028,
        0.99979645
      ],
      [
        0.131213665,
        0.991344,
        -0.00448562438
      ]
    ],
    "translation": [
      1.759,
      0.7025531,
      -0.7694877
    ]
  },
  {
    "timeStamp": 2980,
    "rotation": [
      [
        -0.9908042,
        0.132415041,
        -0.02780589
      ],
      [
        -0.0258587431,
        0.0164022,
        0.999531031
      ],
      [
        0.132809028,
        0.9910586,
        -0.0128272828
      ]
    ],
    "translation": [
      1.75898218,
      0.702726841,
      -0.769534469
    ]
  },
  {
    "timeStamp": 3025,
    "rotation": [
      [
        -0.9898347,
        0.1388705,
        -0.0306950063
      ],
      [
        -0.0282332338,
        0.0196629111,
        0.999407947
      ],
      [
        0.139391825,
        0.9901153,
        -0.01554227
      ]
    ],
    "translation": [
      1.75876617,
      0.7027575,
      -0.7698389
    ]
  },
  {
    "timeStamp": 3074,
    "rotation": [
      [
        -0.9897182,
        0.139372692,
        -0.0321432576
      ],
      [
        -0.02894732,
        0.02489822,
        0.9992708
      ],
      [
        0.140071377,
        0.989926934,
        -0.0206077546
      ]
    ],
    "translation": [
      1.75874627,
      0.702598333,
      -0.769863665
    ]
  },
  {
    "timeStamp": 3128,
    "rotation": [
      [
        -0.9895357,
        0.140484855,
        -0.03291138
      ],
      [
        -0.0285781864,
        0.0327518471,
        0.999054849
      ],
      [
        0.141429991,
        0.989540935,
        -0.02839432
      ]
    ],
    "translation": [
      1.75869989,
      0.702313542,
      -0.76992774
    ]
  },
  {
    "timeStamp": 3175,
    "rotation": [
      [
        -0.9886217,
        0.14591898,
        -0.0365335047
      ],
      [
        -0.0312261246,
        0.0384992063,
        0.9987706
      ],
      [
        0.147146121,
        0.988547146,
        -0.03350467
      ]
    ],
    "translation": [
      1.75855482,
      0.702312,
      -0.7701232
    ]
  },
  {
    "timeStamp": 3231,
    "rotation": [
      [
        -0.989403248,
        0.144159973,
        -0.01729656
      ],
      [
        -0.0150403278,
        0.0167260971,
        0.999747
      ],
      [
        0.1444128,
        0.9894131,
        -0.0143806422
      ]
    ],
    "translation": [
      1.75448537,
      0.7024417,
      -0.776272357
    ]
  },
  {
    "timeStamp": 3275,
    "rotation": [
      [
        -0.9869252,
        0.160394058,
        -0.0158856828
      ],
      [
        -0.0133375535,
        0.01695088,
        0.999767363
      ],
      [
        0.160626024,
        0.9869075,
        -0.0145899868
      ]
    ],
    "translation": [
      1.75561059,
      0.7090516,
      -0.7792909
    ]
  },
  {
    "timeStamp": 3331,
    "rotation": [
      [
        -0.984401047,
        0.175783157,
        -0.0074039083
      ],
      [
        0.00163604738,
        0.0512262061,
        0.9986857
      ],
      [
        0.175931409,
        0.983095169,
        -0.05071472
      ]
    ],
    "translation": [
      1.75621712,
      0.7193493,
      -0.7742081
    ]
  },
  {
    "timeStamp": 3375,
    "rotation": [
      [
        -0.9837682,
        0.179276779,
        -0.007742799
      ],
      [
        0.002482386,
        0.05674127,
        0.998385847
      ],
      [
        0.17942673,
        0.982161045,
        -0.0562652946
      ]
    ],
    "translation": [
      1.75641835,
      0.728139758,
      -0.778239369
    ]
  },
  {
    "timeStamp": 3431,
    "rotation": [
      [
        -0.9808744,
        0.194617942,
        -0.003038159
      ],
      [
        0.0101498226,
        0.06673039,
        0.9977194
      ],
      [
        0.194376841,
        0.9786066,
        -0.06742947
      ]
    ],
    "translation": [
      1.75717282,
      0.7370579,
      -0.783214331
    ]
  },
  {
    "timeStamp": 3475,
    "rotation": [
      [
        -0.9792464,
        0.202448592,
        -0.00954937749
      ],
      [
        0.005773892,
        0.07496427,
        0.9971695
      ],
      [
        0.202591419,
        0.976419449,
        -0.074577406
      ]
    ],
    "translation": [
      1.76064181,
      0.745602965,
      -0.7874192
    ]
  },
  {
    "timeStamp": 3530,
    "rotation": [
      [
        -0.974605,
        0.2234436,
        -0.014761108
      ],
      [
        0.00595993455,
        0.0917776451,
        0.9957617
      ],
      [
        0.223851323,
        0.9703864,
        -0.0907786638
      ]
    ],
    "translation": [
      1.76760828,
      0.7595919,
      -0.7911581
    ]
  },
  {
    "timeStamp": 3575,
    "rotation": [
      [
        -0.9703261,
        0.240865588,
        -0.0212387573
      ],
      [
        0.00546182133,
        0.10964676,
        0.9939556
      ],
      [
        0.241738454,
        0.9643451,
        -0.107708678
      ]
    ],
    "translation": [
      1.7766813,
      0.773749948,
      -0.792094231
    ]
  },
  {
    "timeStamp": 3621,
    "rotation": [
      [
        -0.9644789,
        0.2617365,
        -0.0356986225
      ],
      [
        -0.000106513173,
        0.134754926,
        0.99087894
      ],
      [
        0.264159769,
        0.9556857,
        -0.1299404
      ]
    ],
    "translation": [
      1.79071927,
      0.7895444,
      -0.7889724
    ]
  },
  {
    "timeStamp": 3678,
    "rotation": [
      [
        -0.95587,
        0.285949022,
        -0.06742259
      ],
      [
        -0.0186954085,
        0.169823661,
        0.985297143
      ],
      [
        0.293194681,
        0.9430765,
        -0.1569834
      ]
    ],
    "translation": [
      1.81695521,
      0.8133637,
      -0.783519864
    ]
  },
  {
    "timeStamp": 3724,
    "rotation": [
      [
        -0.9475195,
        0.3046295,
        -0.09699309
      ],
      [
        -0.0313086174,
        0.213512659,
        0.976438463
      ],
      [
        0.318161249,
        0.9282312,
        -0.19276987
      ]
    ],
    "translation": [
      1.84333408,
      0.838534,
      -0.7724626
    ]
  },
  {
    "timeStamp": 3780,
    "rotation": [
      [
        -0.934226632,
        0.326507926,
        -0.14357321
      ],
      [
        -0.05334294,
        0.27010116,
        0.9613532
      ],
      [
        0.3526687,
        0.9057804,
        -0.234918788
      ]
    ],
    "translation": [
      1.88259053,
      0.8723012,
      -0.7560838
    ]
  },
  {
    "timeStamp": 3824,
    "rotation": [
      [
        -0.919765651,
        0.34181878,
        -0.192849964
      ],
      [
        -0.07488209,
        0.329508662,
        0.9411784
      ],
      [
        0.385258168,
        0.880104542,
        -0.277474642
      ]
    ],
    "translation": [
      1.92044437,
      0.9028341,
      -0.740102053
    ]
  },
  {
    "timeStamp": 3880,
    "rotation": [
      [
        -0.899179637,
        0.363444269,
        -0.243688673
      ],
      [
        -0.08577437,
        0.3997019,
        0.9126232
      ],
      [
        0.4290905,
        0.841514468,
        -0.328229636
      ]
    ],
    "translation": [
      1.96661174,
      0.9436741,
      -0.720895052
    ]
  },
  {
    "timeStamp": 3925,
    "rotation": [
      [
        -0.8835744,
        0.3655768,
        -0.292659938
      ],
      [
        -0.110226825,
        0.445034683,
        0.888703644
      ],
      [
        0.455133259,
        0.8174948,
        -0.352924883
      ]
    ],
    "translation": [
      2.00535917,
      0.9714302,
      -0.710023463
    ]
  },
  {
    "timeStamp": 3980,
    "rotation": [
      [
        -0.8608533,
        0.368256152,
        -0.351167828
      ],
      [
        -0.140951753,
        0.4905424,
        0.859942257
      ],
      [
        0.488941759,
        0.7897819,
        -0.370378733
      ]
    ],
    "translation": [
      2.056497,
      0.9972508,
      -0.6996868
    ]
  },
  {
    "timeStamp": 4024,
    "rotation": [
      [
        -0.840756357,
        0.357387722,
        -0.4066974
      ],
      [
        -0.190782085,
        0.507430732,
        0.840307236
      ],
      [
        0.5066863,
        0.7840842,
        -0.358442426
      ]
    ],
    "translation": [
      2.0995605,
      1.00782275,
      -0.697155237
    ]
  },
  {
    "timeStamp": 4080,
    "rotation": [
      [
        -0.8237303,
        0.35477522,
        -0.4422702
      ],
      [
        -0.233038872,
        0.499259,
        0.8345258
      ],
      [
        0.516876459,
        0.7904903,
        -0.328578353
      ]
    ],
    "translation": [
      2.141281,
      1.00495422,
      -0.698040545
    ]
  },
  {
    "timeStamp": 4125,
    "rotation": [
      [
        -0.813426852,
        0.3384001,
        -0.473098516
      ],
      [
        -0.281451076,
        0.4828117,
        0.8292636
      ],
      [
        0.5090404,
        0.8076994,
        -0.2974889
      ]
    ],
    "translation": [
      2.171904,
      0.9939476,
      -0.699237645
    ]
  },
  {
    "timeStamp": 4175,
    "rotation": [
      [
        -0.810048938,
        0.321437985,
        -0.490406275
      ],
      [
        -0.331192881,
        0.43935,
        0.8350346
      ],
      [
        0.4838719,
        0.838838,
        -0.249437034
      ]
    ],
    "translation": [
      2.20102859,
      0.968468249,
      -0.7026713
    ]
  },
  {
    "timeStamp": 4230,
    "rotation": [
      [
        -0.814409852,
        0.3039336,
        -0.494328737
      ],
      [
        -0.3684107,
        0.387355268,
        0.845120966
      ],
      [
        0.448341519,
        0.8703909,
        -0.20349355
      ]
    ],
    "translation": [
      2.218602,
      0.9372027,
      -0.7053497
    ]
  },
  {
    "timeStamp": 4275,
    "rotation": [
      [
        -0.824761033,
        0.296736568,
        -0.481369585
      ],
      [
        -0.373560369,
        0.353160053,
        0.857747436
      ],
      [
        0.424525529,
        0.8872573,
        -0.180423617
      ]
    ],
    "translation": [
      2.225037,
      0.911162257,
      -0.704614639
    ]
  },
  {
    "timeStamp": 4330,
    "rotation": [
      [
        -0.8314458,
        0.299651682,
        -0.467874527
      ],
      [
        -0.38304776,
        0.30083,
        0.8733703
      ],
      [
        0.402457625,
        0.9053784,
        -0.135342956
      ]
    ],
    "translation": [
      2.229514,
      0.8797692,
      -0.70802325
    ]
  },
  {
    "timeStamp": 4375,
    "rotation": [
      [
        -0.8396097,
        0.2926111,
        -0.457639962
      ],
      [
        -0.3800942,
        0.285392582,
        0.879817843
      ],
      [
        0.38805154,
        0.91264987,
        -0.128398612
      ]
    ],
    "translation": [
      2.23240924,
      0.856106162,
      -0.7029687
    ]
  },
  {
    "timeStamp": 4430,
    "rotation": [
      [
        -0.8496883,
        0.3014979,
        -0.432583839
      ],
      [
        -0.3566921,
        0.275540054,
        0.892663658
      ],
      [
        0.3883304,
        0.9127851,
        -0.126581237
      ]
    ],
    "translation": [
      2.2308538,
      0.8311623,
      -0.6909564
    ]
  },
  {
    "timeStamp": 4474,
    "rotation": [
      [
        -0.8593051,
        0.302600771,
        -0.412343919
      ],
      [
        -0.335761577,
        0.274411619,
        0.901089549
      ],
      [
        0.3858224,
        0.9127601,
        -0.134201571
      ]
    ],
    "translation": [
      2.228772,
      0.813221335,
      -0.67824775
    ]
  },
  {
    "timeStamp": 4531,
    "rotation": [
      [
        -0.87490344,
        0.299547523,
        -0.3805458
      ],
      [
        -0.3059243,
        0.267312139,
        0.913758457
      ],
      [
        0.3754386,
        0.91586864,
        -0.142233446
      ]
    ],
    "translation": [
      2.22082138,
      0.7942341,
      -0.6610793
    ]
  },
  {
    "timeStamp": 4577,
    "rotation": [
      [
        -0.8819614,
        0.2945206,
        -0.3679697
      ],
      [
        -0.2927085,
        0.2696447,
        0.917394936
      ],
      [
        0.36941275,
        0.9168148,
        -0.151607558
      ]
    ],
    "translation": [
      2.21818852,
      0.783598542,
      -0.6459438
    ]
  },
  {
    "timeStamp": 4622,
    "rotation": [
      [
        -0.888710439,
        0.29921636,
        -0.347366184
      ],
      [
        -0.2639114,
        0.285672516,
        0.9212719
      ],
      [
        0.374892622,
        0.9104179,
        -0.17491354
      ]
    ],
    "translation": [
      2.2133956,
      0.775337338,
      -0.625223041
    ]
  },
  {
    "timeStamp": 4679,
    "rotation": [
      [
        -0.9068851,
        0.282354861,
        -0.3127862
      ],
      [
        -0.231543928,
        0.2862695,
        0.929751158
      ],
      [
        0.352060884,
        0.9156012,
        -0.194235981
      ]
    ],
    "translation": [
      2.20291734,
      0.7673793,
      -0.605039358
    ]
  },
  {
    "timeStamp": 4724,
    "rotation": [
      [
        -0.9144309,
        0.265139371,
        -0.305805683
      ],
      [
        -0.229024142,
        0.284000665,
        0.9310701
      ],
      [
        0.3337124,
        0.9214362,
        -0.198975682
      ]
    ],
    "translation": [
      2.199192,
      0.7636167,
      -0.5926934
    ]
  },
  {
    "timeStamp": 4779,
    "rotation": [
      [
        -0.9270099,
        0.240306422,
        -0.28793323
      ],
      [
        -0.2155483,
        0.2868887,
        0.9333991
      ],
      [
        0.306906551,
        0.9273337,
        -0.214151025
      ]
    ],
    "translation": [
      2.19358253,
      0.760561168,
      -0.5779443
    ]
  },
  {
    "timeStamp": 4824,
    "rotation": [
      [
        -0.933257937,
        0.225487843,
        -0.279615521
      ],
      [
        -0.212415785,
        0.2812999,
        0.9358151
      ],
      [
        0.289670736,
        0.932751656,
        -0.214628175
      ]
    ],
    "translation": [
      2.190986,
      0.75770694,
      -0.56965977
    ]
  },
  {
    "timeStamp": 4879,
    "rotation": [
      [
        -0.938753366,
        0.195074961,
        -0.2840559
      ],
      [
        -0.227183014,
        0.269440174,
        0.935836434
      ],
      [
        0.259094357,
        0.9430523,
        -0.208620161
      ]
    ],
    "translation": [
      2.1919,
      0.7539384,
      -0.564279139
    ]
  },
  {
    "timeStamp": 4924,
    "rotation": [
      [
        -0.9450869,
        0.196693987,
        -0.261002362
      ],
      [
        -0.203750029,
        0.2698119,
        0.9411097
      ],
      [
        0.255532146,
        0.9426097,
        -0.214919284
      ]
    ],
    "translation": [
      2.18543148,
      0.751042962,
      -0.556841731
    ]
  },
  {
    "timeStamp": 4979,
    "rotation": [
      [
        -0.9511025,
        0.185932934,
        -0.246643662
      ],
      [
        -0.194214016,
        0.260922819,
        0.9456216
      ],
      [
        0.24017714,
        0.9472847,
        -0.212053552
      ]
    ],
    "translation": [
      2.17827964,
      0.7475734,
      -0.5516065
    ]
  },
  {
    "timeStamp": 5024,
    "rotation": [
      [
        -0.955993056,
        0.167816386,
        -0.2406552
      ],
      [
        -0.194578961,
        0.251251161,
        0.9481624
      ],
      [
        0.219582081,
        0.953263044,
        -0.207540825
      ]
    ],
    "translation": [
      2.1725297,
      0.7453724,
      -0.548691452
    ]
  },
  {
    "timeStamp": 5079,
    "rotation": [
      [
        -0.958540738,
        0.15851745,
        -0.236795157
      ],
      [
        -0.196083173,
        0.236043155,
        0.9517537
      ],
      [
        0.206763417,
        0.958726168,
        -0.195174366
      ]
    ],
    "translation": [
      2.16877079,
      0.7414291,
      -0.548193038
    ]
  },
  {
    "timeStamp": 5124,
    "rotation": [
      [
        -0.9598107,
        0.1462226,
        -0.23954609
      ],
      [
        -0.202905014,
        0.2281318,
        0.9522528
      ],
      [
        0.193888977,
        0.962587535,
        -0.189294055
      ]
    ],
    "translation": [
      2.167546,
      0.7389332,
      -0.547830939
    ]
  },
  {
    "timeStamp": 5179,
    "rotation": [
      [
        -0.960774064,
        0.141106829,
        -0.238751039
      ],
      [
        -0.2058047,
        0.214290217,
        0.954842448
      ],
      [
        0.185896829,
        0.966524,
        -0.176844031
      ]
    ],
    "translation": [
      2.16475,
      0.7372309,
      -0.547326744
    ]
  },
  {
    "timeStamp": 5224,
    "rotation": [
      [
        -0.960591257,
        0.145401046,
        -0.236903042
      ],
      [
        -0.204217359,
        0.209025934,
        0.956349
      ],
      [
        0.188573033,
        0.9670402,
        -0.171095058
      ]
    ],
    "translation": [
      2.16460824,
      0.737045348,
      -0.547585666
    ]
  },
  {
    "timeStamp": 5279,
    "rotation": [
      [
        -0.958539546,
        0.154648453,
        -0.239344329
      ],
      [
        -0.206179634,
        0.203396887,
        0.9571414
      ],
      [
        0.196702331,
        0.9668058,
        -0.1630786
      ]
    ],
    "translation": [
      2.164718,
      0.7370577,
      -0.548084438
    ]
  }
]