[
  {
    "timeStamp": 34164,
    "rotation": [
      [
        0.99852103,
        0.00367920264,
        -0.0542414933
      ],
      [
        0.0543517135,
        -0.044581186,
        0.997526169
      ],
      [
        0.00125197461,
        -0.998999,
        -0.0447152257
      ]
    ],
    "translation": [
      1.46173513,
      0.7044714,
      -0.6200682
    ]
  },
  {
    "timeStamp": 34220,
    "rotation": [
      [
        0.999015152,
        0.00166029565,
        -0.0443387367
      ],
      [
        0.0443613827,
        -0.0568530075,
        0.9973965
      ],
      [
        -0.000864801754,
        -0.9983812,
        -0.05687067
      ]
    ],
    "translation": [
      1.46185,
      0.7054188,
      -0.620083153
    ]
  },
  {
    "timeStamp": 34264,
    "rotation": [
      [
        0.99857837,
        0.0143489074,
        -0.0513355248
      ],
      [
        0.0520634465,
        -0.05605754,
        0.9970692
      ],
      [
        0.01142911,
        -0.998324454,
        -0.0567249
      ]
    ],
    "translation": [
      1.46148121,
      0.7055136,
      -0.6219219
    ]
  },
  {
    "timeStamp": 34320,
    "rotation": [
      [
        0.9988765,
        0.0133508993,
        -0.045469068
      ],
      [
        0.0461558737,
        -0.056666702,
        0.997325659
      ],
      [
        0.0107385879,
        -0.9983039,
        -0.05721926
      ]
    ],
    "translation": [
      1.46152949,
      0.7054478,
      -0.621914
    ]
  },
  {
    "timeStamp": 34365,
    "rotation": [
      [
        0.9989886,
        0.0132102789,
        -0.0429796875
      ],
      [
        0.0437568,
        -0.06560942,
        0.996885538
      ],
      [
        0.0103492774,
        -0.9977579,
        -0.0661211
      ]
    ],
    "translation": [
      1.46154058,
      0.705862164,
      -0.621951759
    ]
  },
  {
    "timeStamp": 34422,
    "rotation": [
      [
        0.997596562,
        0.0122929187,
        -0.06819028
      ],
      [
        0.0688435361,
        -0.0643756539,
        0.995548248
      ],
      [
        0.007848387,
        -0.99785,
        -0.06506722
      ]
    ],
    "translation": [
      1.465856,
      0.7071605,
      -0.6225334
    ]
  },
  {
    "timeStamp": 34466,
    "rotation": [
      [
        0.9979435,
        -0.003477175,
        -0.06400454
      ],
      [
        0.06356667,
        -0.07472558,
        0.9951761
      ],
      [
        -0.008243148,
        -0.997198045,
        -0.074350886
      ]
    ],
    "translation": [
      1.469222,
      0.7135614,
      -0.62159884
    ]
  },
  {
    "timeStamp": 34522,
    "rotation": [
      [
        0.9987208,
        -0.0391395539,
        -0.0320116
      ],
      [
        0.0281212721,
        -0.09619724,
        0.994964957
      ],
      [
        -0.04202192,
        -0.9945924,
        -0.0949735343
      ]
    ],
    "translation": [
      1.47319078,
      0.729483962,
      -0.620267332
    ]
  },
  {
    "timeStamp": 34566,
    "rotation": [
      [
        0.998211145,
        -0.05854649,
        -0.0121167814
      ],
      [
        0.005041046,
        -0.119524419,
        0.9928185
      ],
      [
        -0.0595742874,
        -0.9911036,
        -0.119015478
      ]
    ],
    "translation": [
      1.477828,
      0.746613145,
      -0.619264543
    ]
  },
  {
    "timeStamp": 34622,
    "rotation": [
      [
        0.995432436,
        -0.0946979,
        0.0121025993
      ],
      [
        -0.02561866,
        -0.142845526,
        0.9894134
      ],
      [
        -0.09196657,
        -0.9852042,
        -0.144619122
      ]
    ],
    "translation": [
      1.48858249,
      0.770153165,
      -0.61977
    ]
  },
  {
    "timeStamp": 34666,
    "rotation": [
      [
        0.9895981,
        -0.137948588,
        0.0408134535
      ],
      [
        -0.0613819025,
        -0.148309916,
        0.987034142
      ],
      [
        -0.130106926,
        -0.9792723,
        -0.155234769
      ]
    ],
    "translation": [
      1.50312078,
      0.7909707,
      -0.62168926
    ]
  },
  {
    "timeStamp": 34722,
    "rotation": [
      [
        0.9762718,
        -0.2002946,
        0.082313
      ],
      [
        -0.114018723,
        -0.152293622,
        0.9817364
      ],
      [
        -0.184100762,
        -0.9678268,
        -0.171517313
      ]
    ],
    "translation": [
      1.52855039,
      0.818611443,
      -0.625372767
    ]
  },
  {
    "timeStamp": 34766,
    "rotation": [
      [
        0.9594069,
        -0.2637271,
        0.0999315754
      ],
      [
        -0.14362511,
        -0.151945114,
        0.977898
      ],
      [
        -0.242714092,
        -0.9525548,
        -0.183655038
      ]
    ],
    "translation": [
      1.56066823,
      0.840641,
      -0.629770041
    ]
  },
  {
    "timeStamp": 34822,
    "rotation": [
      [
        0.9311971,
        -0.3472771,
        0.110772431
      ],
      [
        -0.17346634,
        -0.154908732,
        0.972580433
      ],
      [
        -0.3205953,
        -0.9248794,
        -0.204491451
      ]
    ],
    "translation": [
      1.61185861,
      0.866687059,
      -0.6368448
    ]
  },
  {
    "timeStamp": 34866,
    "rotation": [
      [
        0.9094217,
        -0.403710544,
        0.09984937
      ],
      [
        -0.179908246,
        -0.165443927,
        0.9696707
      ],
      [
        -0.3749468,
        -0.89980334,
        -0.223089159
      ]
    ],
    "translation": [
      1.65891314,
      0.8844004,
      -0.6425596
    ]
  },
  {
    "timeStamp": 34922,
    "rotation": [
      [
        0.8730466,
        -0.483538479,
        0.0630885959
      ],
      [
        -0.173400268,
        -0.186919883,
        0.966950536
      ],
      [
        -0.4557653,
        -0.8551324,
        -0.247035474
      ]
    ],
    "translation": [
      1.73146129,
      0.9054615,
      -0.6517606
    ]
  },
  {
    "timeStamp": 34966,
    "rotation": [
      [
        0.838185668,
        -0.5450228,
        0.0198742673
      ],
      [
        -0.158080712,
        -0.2079116,
        0.965289235
      ],
      [
        -0.521972537,
        -0.8122333,
        -0.2604261
      ]
    ],
    "translation": [
      1.794364,
      0.919631064,
      -0.660270333
    ]
  },
  {
    "timeStamp": 35022,
    "rotation": [
      [
        0.7953977,
        -0.602397442,
        -0.06678255
      ],
      [
        -0.108647011,
        -0.2501158,
        0.9621008
      ],
      [
        -0.596270442,
        -0.757997036,
        -0.26439023
      ]
    ],
    "translation": [
      1.87520337,
      0.9337148,
      -0.674747
    ]
  },
  {
    "timeStamp": 35066,
    "rotation": [
      [
        0.747322,
        -0.6550454,
        -0.111469224
      ],
      [
        -0.08687037,
        -0.262637377,
        0.9609761
      ],
      [
        -0.658759,
        -0.708475232,
        -0.253178746
      ]
    ],
    "translation": [
      1.937615,
      0.940665066,
      -0.6878902
    ]
  },
  {
    "timeStamp": 35121,
    "rotation": [
      [
        0.6829338,
        -0.7113326,
        -0.16615434
      ],
      [
        -0.05368723,
        -0.275720984,
        0.959737241
      ],
      [
        -0.7285047,
        -0.6465167,
        -0.22648865
      ]
    ],
    "translation": [
      2.00875878,
      0.9463083,
      -0.707652
    ]
  },
  {
    "timeStamp": 35166,
    "rotation": [
      [
        0.6391337,
        -0.743665,
        -0.196139216
      ],
      [
        -0.0326073542,
        -0.280997843,
        0.9591543
      ],
      [
        -0.7684041,
        -0.6066323,
        -0.20384413
      ]
    ],
    "translation": [
      2.05644584,
      0.9466443,
      -0.721433163
    ]
  },
  {
    "timeStamp": 35221,
    "rotation": [
      [
        0.598251462,
        -0.771727443,
        -0.2157127
      ],
      [
        -0.017767325,
        -0.281909674,
        0.959276438
      ],
      [
        -0.80111146,
        -0.5700559,
        -0.1823644
      ]
    ],
    "translation": [
      2.09518886,
      0.9413555,
      -0.7347363
    ]
  },
  {
    "timeStamp": 35263,
    "rotation": [
      [
        0.551315963,
        -0.806651831,
        -0.212987646
      ],
      [
        0.00388168357,
        -0.25280723,
        0.9675089
      ],
      [
        -0.8342876,
        -0.5342298,
        -0.136245489
      ]
    ],
    "translation": [
      2.1308217,
      0.9270644,
      -0.7481349
    ]
  },
  {
    "timeStamp": 35316,
    "rotation": [
      [
        0.522743344,
        -0.828953147,
        -0.19893755
      ],
      [
        0.000732633052,
        -0.2329236,
        0.9724948
      ],
      [
        -0.8524898,
        -0.5085109,
        -0.121151932
      ]
    ],
    "translation": [
      2.154221,
      0.9127645,
      -0.75561446
    ]
  },
  {
    "timeStamp": 35372,
    "rotation": [
      [
        0.502046347,
        -0.85088855,
        -0.1547195
      ],
      [
        -0.0166833438,
        -0.1883947,
        0.981951654
      ],
      [
        -0.864679754,
        -0.490404,
        -0.108778529
      ]
    ],
    "translation": [
      2.16650558,
      0.8942882,
      -0.758178353
    ]
  },
  {
    "timeStamp": 35416,
    "rotation": [
      [
        0.491878957,
        -0.8600813,
        -0.135333329
      ],
      [
        -0.01931616,
        -0.1661787,
        0.9859064
      ],
      [
        -0.870449245,
        -0.4823325,
        -0.09835328
      ]
    ],
    "translation": [
      2.17431068,
      0.880747437,
      -0.756558
    ]
  },
  {
    "timeStamp": 35471,
    "rotation": [
      [
        0.4784437,
        -0.8726528,
        -0.0978186652
      ],
      [
        -0.0351010263,
        -0.130312547,
        0.9908514
      ],
      [
        -0.8774163,
        -0.47063306,
        -0.09297824
      ]
    ],
    "translation": [
      2.179489,
      0.864372253,
      -0.7529177
    ]
  },
  {
    "timeStamp": 35516,
    "rotation": [
      [
        0.469508946,
        -0.8800424,
        -0.07132153
      ],
      [
        -0.04617734,
        -0.105143093,
        0.9933844
      ],
      [
        -0.881719351,
        -0.463109463,
        -0.09000364
      ]
    ],
    "translation": [
      2.18093276,
      0.852018654,
      -0.748359144
    ]
  },
  {
    "timeStamp": 35571,
    "rotation": [
      [
        0.47567904,
        -0.8792741,
        -0.0246301889
      ],
      [
        -0.0735916,
        -0.06768396,
        0.994989038
      ],
      [
        -0.8765351,
        -0.471482843,
        -0.09690302
      ]
    ],
    "translation": [
      2.174836,
      0.8369212,
      -0.739650249
    ]
  },
  {
    "timeStamp": 35616,
    "rotation": [
      [
        0.4956662,
        -0.8684893,
        -0.006427162
      ],
      [
        -0.07196038,
        -0.04844189,
        0.9962304
      ],
      [
        -0.865526855,
        -0.493335247,
        -0.0865078345
      ]
    ],
    "translation": [
      2.16707,
      0.825828,
      -0.734843969
    ]
  },
  {
    "timeStamp": 35672,
    "rotation": [
      [
        0.5000872,
        -0.8659305,
        0.008788048
      ],
      [
        -0.05622582,
        -0.02234113,
        0.9981681
      ],
      [
        -0.864147842,
        -0.499665231,
        -0.0598601662
      ]
    ],
    "translation": [
      2.15944481,
      0.8108904,
      -0.7342959
    ]
  },
  {
    "timeStamp": 35717,
    "rotation": [
      [
        0.507513463,
        -0.8614845,
        0.0165697113
      ],
      [
        -0.0495055467,
        -0.009955094,
        0.9987242
      ],
      [
        -0.8602205,
        -0.5076863,
        -0.0477006026
      ]
    ],
    "translation": [
      2.15391731,
      0.8011931,
      -0.732943237
    ]
  },
  {
    "timeStamp": 35763,
    "rotation": [
      [
        0.5074043,
        -0.861332536,
        0.0254399143
      ],
      [
        -0.0423474871,
        0.00456215255,
        0.9990925
      ],
      [
        -0.860667,
        -0.5080212,
        -0.0341604128
      ]
    ],
    "translation": [
      2.148998,
      0.79218787,
      -0.7325218
    ]
  },
  {
    "timeStamp": 35820,
    "rotation": [
      [
        0.496489465,
        -0.8665268,
        0.05127849
      ],
      [
        -0.04371057,
        0.0340415239,
        0.9984641
      ],
      [
        -0.866941452,
        -0.497968316,
        -0.0209751222
      ]
    ],
    "translation": [
      2.142368,
      0.78150177,
      -0.732898
    ]
  },
  {
    "timeStamp": 35865,
    "rotation": [
      [
        0.4968755,
        -0.8662456,
        0.05228063
      ],
      [
        -0.0340517275,
        0.0407360457,
        0.9985895
      ],
      [
        -0.8671535,
        -0.497954935,
        -0.009256417
      ]
    ],
    "translation": [
      2.138783,
      0.7749116,
      -0.732595265
    ]
  },
  {
    "timeStamp": 35921,
    "rotation": [
      [
        0.490087152,
        -0.8700508,
        0.0531621352
      ],
      [
        -0.0270600636,
        0.045773346,
        0.9985853
      ],
      [
        -0.8712533,
        -0.4908324,
        -0.00111070171
      ]
    ],
    "translation": [
      2.136661,
      0.76870966,
      -0.7325174
    ]
  },
  {
    "timeStamp": 35965,
    "rotation": [
      [
        0.4808499,
        -0.8749101,
        0.05758125
      ],
      [
        -0.0190698914,
        0.0552206971,
        0.998292
      ],
      [
        -0.876595557,
        -0.4811267,
        0.009868423
      ]
    ],
    "translation": [
      2.13501716,
      0.764180839,
      -0.7345756
    ]
  },
  {
    "timeStamp": 36021,
    "rotation": [
      [
        0.47318843,
        -0.879410744,
        0.05224449
      ],
      [
        -0.0111011732,
        0.0533470027,
        0.998514354
      ],
      [
        -0.8808913,
        -0.4730654,
        0.0154806925
      ]
    ],
    "translation": [
      2.13469887,
      0.761058569,
      -0.7365187
    ]
  },
  {
    "timeStamp": 36065,
    "rotation": [
      [
        0.465267628,
        -0.8830473,
        0.06126639
      ],
      [
        -0.0110863429,
        0.0633955449,
        0.9979269
      ],
      [
        -0.885100663,
        -0.4649823,
        0.0197061282
      ]
    ],
    "translation": [
      2.13336468,
      0.758059859,
      -0.7384031
    ]
  }
]