[
  {
    "id": "021 bleach cleanser(Clone)-53938",
    "pickRotation": [
      [
        -0.00204403,
        0.9877493,
        -0.156036079
      ],
      [
        0.977627158,
        0.03479387,
        0.207447648
      ],
      [
        0.210335359,
        -0.1521211,
        -0.9657216
      ]
    ],
    "pickTranslation": [
      -0.0113393208,
      0.0100543508,
      0.1475251
    ],
    "placeRotation": [
      [
        -0.95885843,
        0.135921568,
        -0.249230668
      ],
      [
        -0.220536813,
        0.19616805,
        0.9554484
      ],
      [
        0.178757131,
        0.971104264,
        -0.15812166
      ]
    ],
    "placeTranslation": [
      -0.704498649,
      0.09071949,
      -0.151835129
    ]
  },
  {
    "id": "005 tomato soup can(Clone)-53998",
    "pickRotation": [
      [
        0.201954663,
        -0.9572071,
        0.207289577
      ],
      [
        -0.9570032,
        -0.237865791,
        -0.166026413
      ],
      [
        0.208228752,
        -0.164846972,
        -0.9640883
      ]
    ],
    "pickTranslation": [
      0.0202985052,
      0.0801885948,
      0.06679611
    ],
    "placeRotation": [
      [
        0.9222149,
        -0.386542827,
        0.0102076856
      ],
      [
        -0.0829486,
        -0.1719772,
        0.98160243
      ],
      [
        -0.3776759,
        -0.906095147,
        -0.190663129
      ]
    ],
    "placeTranslation": [
      -0.825703,
      0.11950314,
      -0.3177138
    ]
  },
  {
    "id": "003 cracker box(Clone)-53950",
    "pickRotation": [
      [
        0.9859499,
        0.147991508,
        0.07746825
      ],
      [
        0.136161923,
        -0.980675757,
        0.140481427
      ],
      [
        0.09676129,
        -0.127959415,
        -0.987048
      ]
    ],
    "pickTranslation": [
      0.009356913,
      0.0407816432,
      0.135173976
    ],
    "placeRotation": [
      [
        0.970466,
        -0.233403847,
        0.06097793
      ],
      [
        -0.00108917011,
        0.2485292,
        0.9686238
      ],
      [
        -0.241235316,
        -0.940082967,
        0.240934923
      ]
    ],
    "placeTranslation": [
      0.09478862,
      0.154874265,
      0.300244331
    ]
  },
  {
    "id": "003 cracker box(Clone)-53950",
    "pickRotation": [
      [
        -0.9913974,
        -0.0412107669,
        0.124229029
      ],
      [
        -0.129540429,
        0.173187569,
        -0.9763326
      ],
      [
        0.0187204983,
        -0.984026253,
        -0.177036166
      ]
    ],
    "pickTranslation": [
      0.0153299021,
      -0.00278396788,
      0.182056352
    ],
    "placeRotation": [
      [
        0.997799635,
        0.03749079,
        -0.05468323
      ],
      [
        0.05572316,
        -0.02727773,
        0.9980736
      ],
      [
        0.0359269381,
        -0.9989246,
        -0.0293068159
      ]
    ],
    "placeTranslation": [
      -0.346145421,
      0.037591204,
      0.550449967
    ]
  },
  {
    "id": "016 pear(Clone)-53962",
    "pickRotation": [
      [
        0.992046237,
        0.0219187178,
        0.123951018
      ],
      [
        0.07226899,
        0.7070698,
        -0.703441143
      ],
      [
        -0.103060551,
        0.7068039,
        0.699861944
      ]
    ],
    "pickTranslation": [
      0.0376201943,
      0.008619673,
      0.0279580485
    ],
    "placeRotation": [
      [
        -0.924644053,
        0.125397652,
        0.359595537
      ],
      [
        -0.3754438,
        -0.458434582,
        -0.805530667
      ],
      [
        0.0638394058,
        -0.879837036,
        0.470968544
      ]
    ],
    "placeTranslation": [
      -0.0840760246,
      1.09458959,
      0.186995447
    ]
  },
  {
    "id": "017 orange(Clone)-53974",
    "pickRotation": [
      [
        -0.886559,
        0.4362193,
        -0.154031649
      ],
      [
        -0.4465716,
        -0.7200549,
        0.5311258
      ],
      [
        0.120776072,
        0.5396605,
        0.8331744
      ]
    ],
    "pickTranslation": [
      0.00511766551,
      -0.0126180863,
      0.0238006152
    ],
    "placeRotation": [
      [
        0.6099684,
        0.7618699,
        0.217928335
      ],
      [
        -0.347794622,
        0.504501641,
        -0.7902639
      ],
      [
        -0.7120235,
        0.406241715,
        0.5727043
      ]
    ],
    "placeTranslation": [
      0.07688797,
      0.968088567,
      -0.4189245
    ]
  },
  {
    "id": "011 banana(Clone)-54010",
    "pickRotation": [
      [
        -0.932204545,
        0.108764224,
        0.345202744
      ],
      [
        -0.324517637,
        0.171142772,
        -0.93026793
      ],
      [
        -0.160258844,
        -0.9792244,
        -0.124244168
      ]
    ],
    "pickTranslation": [
      0.02047714,
      0.0005066022,
      0.0116536887
    ],
    "placeRotation": [
      [
        0.8002744,
        -0.593102157,
        0.0882651955
      ],
      [
        0.0699154958,
        0.238487586,
        0.968625546
      ],
      [
        -0.5955441,
        -0.768995047,
        0.232322529
      ]
    ],
    "placeTranslation": [
      0.582709968,
      0.6685031,
      0.119468756
    ]
  },
  {
    "id": "025 mug(Clone)-54068",
    "pickRotation": [
      [
        -0.8976338,
        0.02712138,
        -0.439906865
      ],
      [
        0.43987453,
        0.117723592,
        -0.8903098
      ],
      [
        0.0276409872,
        -0.992676,
        -0.117602684
      ]
    ],
    "pickTranslation": [
      -0.0180030428,
      0.0348601453,
      0.05478999
    ],
    "placeRotation": [
      [
        0.452478766,
        -0.8898385,
        0.0587404221
      ],
      [
        0.005299781,
        0.0685511455,
        0.9976335
      ],
      [
        -0.8917595,
        -0.451096654,
        0.0357338861
      ]
    ],
    "placeTranslation": [
      0.4282984,
      0.194995552,
      -0.4259808
    ]
  },
  {
    "id": "006 mustard bottle(Clone)-54318",
    "pickRotation": [
      [
        -0.5539455,
        -0.238976315,
        -0.797517836
      ],
      [
        0.798695147,
        -0.422938138,
        -0.428029746
      ],
      [
        -0.235011727,
        -0.874078751,
        0.425153881
      ]
    ],
    "pickTranslation": [
      0.0479021966,
      0.00326469215,
      0.0876366347
    ],
    "placeRotation": [
      [
        -0.166655689,
        -0.957307458,
        0.236195564
      ],
      [
        0.305578232,
        0.177606687,
        0.9354559
      ],
      [
        -0.9374688,
        0.2280753,
        0.262933135
      ]
    ],
    "placeTranslation": [
      0.348455757,
      0.2539273,
      0.0571494177
    ]
  },
  {
    "id": "015 peach(Clone)-54330",
    "pickRotation": [
      [
        0.266532332,
        -0.103181742,
        0.95828706
      ],
      [
        -0.9613533,
        0.0427128337,
        0.2719842
      ],
      [
        -0.06899496,
        -0.993744969,
        -0.0878097638
      ]
    ],
    "pickTranslation": [
      0.0190607924,
      0.0103994831,
      0.03974718
    ],
    "placeRotation": [
      [
        0.363219559,
        0.9035479,
        -0.227316424
      ],
      [
        0.0642664656,
        0.219101429,
        0.9735833
      ],
      [
        0.9294844,
        -0.368233323,
        0.0215140972
      ]
    ],
    "placeTranslation": [
      0.16692166,
      0.8419049,
      -0.182565868
    ]
  },
  {
    "id": "012 strawberry(Clone)-54342",
    "pickRotation": [
      [
        -0.77922225,
        -0.300941348,
        -0.54977
      ],
      [
        -0.04852935,
        -0.8455746,
        0.5316469
      ],
      [
        -0.624866068,
        0.440951079,
        0.6442861
      ]
    ],
    "pickTranslation": [
      -0.00461547077,
      0.009591751,
      0.03167279
    ],
    "placeRotation": [
      [
        0.228643134,
        0.292003781,
        0.9286851
      ],
      [
        0.5627911,
        0.7387443,
        -0.3708409
      ],
      [
        -0.7943478,
        0.607446,
        0.00457167858
      ]
    ],
    "placeTranslation": [
      0.490320355,
      0.8546342,
      -0.8214147
    ]
  },
  {
    "id": "002 masterchef can(Clone)-54354",
    "pickRotation": [
      [
        -0.9695854,
        -0.006483453,
        -0.244667336
      ],
      [
        0.244283557,
        0.036264766,
        -0.9690255
      ],
      [
        0.0151554365,
        -0.9993212,
        -0.0335779861
      ]
    ],
    "pickTranslation": [
      0.0169120971,
      -0.00156094832,
      0.116016962
    ],
    "placeRotation": [
      [
        0.325823128,
        -0.943755448,
        -0.0562576838
      ],
      [
        0.08310541,
        -0.0306846723,
        0.996068239
      ],
      [
        -0.9417711,
        -0.3292174,
        0.068433404
      ]
    ],
    "placeTranslation": [
      0.7553971,
      0.510019243,
      0.595277
    ]
  },
  {
    "id": "010 potted meat can(Clone)-54366",
    "pickRotation": [
      [
        0.040863324,
        0.1567512,
        -0.986792445
      ],
      [
        0.999055266,
        -0.0210312139,
        0.0380303375
      ],
      [
        -0.0147921415,
        -0.9874142,
        -0.157462507
      ]
    ],
    "pickTranslation": [
      0.0335961953,
      -0.0247322042,
      0.0584263839
    ],
    "placeRotation": [
      [
        -0.789493263,
        -0.6082109,
        0.08234033
      ],
      [
        0.008036334,
        0.123902,
        0.992261946
      ],
      [
        -0.613706648,
        0.7840458,
        -0.09293201
      ]
    ],
    "placeTranslation": [
      -0.00175912189,
      0.470224738,
      -0.5244394
    ]
  },
  {
    "id": "103 toothpaste(Clone)-54282",
    "pickRotation": [
      [
        -0.0688611642,
        0.273752123,
        -0.959332049
      ],
      [
        -0.9954963,
        0.0439487137,
        0.08399812
      ],
      [
        0.06515607,
        0.960795641,
        0.269492865
      ]
    ],
    "pickTranslation": [
      -4.596823E-05,
      0.016928371,
      -0.0271024741
    ],
    "placeRotation": [
      [
        -0.613995969,
        0.30076015,
        0.7297618
      ],
      [
        -0.7601145,
        0.0238237232,
        -0.649352252
      ],
      [
        -0.212684929,
        -0.9534023,
        0.213984475
      ]
    ],
    "placeTranslation": [
      0.6257326,
      0.7001985,
      0.334091485
    ]
  },
  {
    "id": "008 pudding box(Clone)-54378",
    "pickRotation": [
      [
        0.0942621455,
        -0.342903823,
        0.934629142
      ],
      [
        -0.06957695,
        -0.9387828,
        -0.337410569
      ],
      [
        0.9931131,
        -0.0332236,
        -0.11234989
      ]
    ],
    "pickTranslation": [
      -0.00193744525,
      0.0351825729,
      0.0246749539
    ],
    "placeRotation": [
      [
        -0.08604897,
        -0.13482298,
        -0.9871263
      ],
      [
        0.39651,
        0.904318154,
        -0.1580772
      ],
      [
        0.9139887,
        -0.405007839,
        -0.0243569873
      ]
    ],
    "placeTranslation": [
      -0.302978277,
      0.8424157,
      0.296814352
    ]
  },
  {
    "id": "058 golf ball(Clone)-53986",
    "pickRotation": [
      [
        -0.7386704,
        0.0556581058,
        -0.67176497
      ],
      [
        0.5014178,
        -0.620672047,
        -0.6027822
      ],
      [
        -0.450495452,
        -0.7820923,
        0.430564165
      ]
    ],
    "pickTranslation": [
      0.0120724561,
      -0.03525339,
      0.0170068052
    ],
    "placeRotation": [
      [
        0.304697067,
        -0.7551187,
        0.580478549
      ],
      [
        0.0462711155,
        0.6204749,
        0.7828601
      ],
      [
        -0.9513247,
        -0.211675778,
        0.223997042
      ]
    ],
    "placeTranslation": [
      0.6217218,
      0.9041848,
      -0.9815944
    ]
  }
]