[
  {
    "timeStamp": 69248,
    "rotation": [
      [
        0.779941142,
        -0.481565,
        -0.399733722
      ],
      [
        0.5247031,
        0.851283431,
        -0.00177820027
      ],
      [
        0.341143042,
        -0.208354637,
        0.916629553
      ]
    ],
    "translation": [
      1.147404,
      0.6944288,
      -0.625718355
    ]
  },
  {
    "timeStamp": 69293,
    "rotation": [
      [
        0.8153454,
        -0.391863227,
        -0.4262101
      ],
      [
        0.449667722,
        0.8923078,
        0.039820455
      ],
      [
        0.364706427,
        -0.224120349,
        0.9037473
      ]
    ],
    "translation": [
      1.13777483,
      0.716196537,
      -0.6392056
    ]
  },
  {
    "timeStamp": 69348,
    "rotation": [
      [
        0.8473862,
        -0.225308791,
        -0.480804116
      ],
      [
        0.250272,
        0.968094,
        -0.0125686266
      ],
      [
        0.4682954,
        -0.109681323,
        0.876737952
      ]
    ],
    "translation": [
      1.13065183,
      0.7823619,
      -0.6833471
    ]
  },
  {
    "timeStamp": 69392,
    "rotation": [
      [
        0.8325091,
        -0.1204979,
        -0.5407484
      ],
      [
        0.140567377,
        0.9900621,
        -0.004210431
      ],
      [
        0.535881937,
        -0.0725063756,
        0.8411738
      ]
    ],
    "translation": [
      1.145216,
      0.833240569,
      -0.717347741
    ]
  },
  {
    "timeStamp": 69448,
    "rotation": [
      [
        0.797982,
        -0.05013553,
        -0.6005923
      ],
      [
        0.083433494,
        0.996128261,
        0.027700996
      ],
      [
        0.5968782,
        -0.07221441,
        0.7990754
      ]
    ],
    "translation": [
      1.18089032,
      0.871520162,
      -0.754608035
    ]
  },
  {
    "timeStamp": 69492,
    "rotation": [
      [
        0.7759727,
        -0.06172195,
        -0.62773937
      ],
      [
        0.08915393,
        0.9959422,
        0.0122814113
      ],
      [
        0.624434054,
        -0.06549547,
        0.7783267
      ]
    ],
    "translation": [
      1.2201376,
      0.8831691,
      -0.7776345
    ]
  },
  {
    "timeStamp": 69548,
    "rotation": [
      [
        0.773789167,
        -0.135608137,
        -0.6187575
      ],
      [
        0.106750563,
        0.990761638,
        -0.08364007
      ],
      [
        0.6243835,
        -0.00133293553,
        0.781116843
      ]
    ],
    "translation": [
      1.27698576,
      0.879241467,
      -0.7991527
    ]
  },
  {
    "timeStamp": 69592,
    "rotation": [
      [
        0.7890877,
        -0.216390774,
        -0.5749049
      ],
      [
        0.152009264,
        0.9755776,
        -0.158560753
      ],
      [
        0.595175445,
        0.03772747,
        0.8027097
      ]
    ],
    "translation": [
      1.326828,
      0.864173949,
      -0.8077921
    ]
  },
  {
    "timeStamp": 69648,
    "rotation": [
      [
        0.806791365,
        -0.327084541,
        -0.49204
      ],
      [
        0.244031012,
        0.9429062,
        -0.226664364
      ],
      [
        0.538086,
        0.06279784,
        0.8405474
      ]
    ],
    "translation": [
      1.39588606,
      0.839223146,
      -0.813128352
    ]
  },
  {
    "timeStamp": 69693,
    "rotation": [
      [
        0.8228351,
        -0.4027761,
        -0.4008913
      ],
      [
        0.299208581,
        0.906807661,
        -0.296941161
      ],
      [
        0.4831321,
        0.124383487,
        0.8666673
      ]
    ],
    "translation": [
      1.45164382,
      0.824969053,
      -0.8139149
    ]
  },
  {
    "timeStamp": 69748,
    "rotation": [
      [
        0.863834441,
        -0.451178372,
        -0.224116325
      ],
      [
        0.3471696,
        0.855515361,
        -0.384144127
      ],
      [
        0.3650525,
        0.254030555,
        0.8956591
      ]
    ],
    "translation": [
      1.51206887,
      0.8182923,
      -0.808162749
    ]
  },
  {
    "timeStamp": 69793,
    "rotation": [
      [
        0.882060349,
        -0.461505562,
        -0.09477407
      ],
      [
        0.391812652,
        0.830265164,
        -0.3964122
      ],
      [
        0.261634052,
        0.3125258,
        0.9131677
      ]
    ],
    "translation": [
      1.55503476,
      0.8194248,
      -0.7998657
    ]
  },
  {
    "timeStamp": 69848,
    "rotation": [
      [
        0.902468443,
        -0.430688322,
        -0.00763861276
      ],
      [
        0.3952699,
        0.835040033,
        -0.382713765
      ],
      [
        0.171208888,
        0.342367768,
        0.923835456
      ]
    ],
    "translation": [
      1.59592617,
      0.8320582,
      -0.7916927
    ]
  },
  {
    "timeStamp": 69892,
    "rotation": [
      [
        0.9146893,
        -0.400396019,
        0.0550146066
      ],
      [
        0.39325738,
        0.8503343,
        -0.349685818
      ],
      [
        0.093232,
        0.341488779,
        0.935250342
      ]
    ],
    "translation": [
      1.6223861,
      0.8442529,
      -0.7811303
    ]
  },
  {
    "timeStamp": 69948,
    "rotation": [
      [
        0.9259497,
        -0.351629436,
        0.137745515
      ],
      [
        0.377284139,
        0.8773111,
        -0.2966173
      ],
      [
        -0.0165463015,
        0.3266219,
        0.9450102
      ]
    ],
    "translation": [
      1.65287185,
      0.8601982,
      -0.762317
    ]
  },
  {
    "timeStamp": 69993,
    "rotation": [
      [
        0.9265359,
        -0.308287352,
        0.215615675
      ],
      [
        0.3579929,
        0.8986736,
        -0.253430426
      ],
      [
        -0.1156387,
        0.312001258,
        0.943018
      ]
    ],
    "translation": [
      1.67666793,
      0.873708844,
      -0.745437443
    ]
  },
  {
    "timeStamp": 70047,
    "rotation": [
      [
        0.916581333,
        -0.255524,
        0.307548672
      ],
      [
        0.325372,
        0.9237036,
        -0.202249154
      ],
      [
        -0.232404292,
        0.2854455,
        0.929789841
      ]
    ],
    "translation": [
      1.70640337,
      0.891123235,
      -0.725659966
    ]
  },
  {
    "timeStamp": 70092,
    "rotation": [
      [
        0.903318,
        -0.2153318,
        0.371010482
      ],
      [
        0.2916287,
        0.942541242,
        -0.162999034
      ],
      [
        -0.314593822,
        0.255437255,
        0.9142114
      ]
    ],
    "translation": [
      1.73028135,
      0.9054839,
      -0.7125838
    ]
  },
  {
    "timeStamp": 70147,
    "rotation": [
      [
        0.882250845,
        -0.167934611,
        0.439808339
      ],
      [
        0.255104333,
        0.9557024,
        -0.146815136
      ],
      [
        -0.395670563,
        0.2417248,
        0.8860101
      ]
    ],
    "translation": [
      1.75916708,
      0.91902107,
      -0.7043371
    ]
  },
  {
    "timeStamp": 70202,
    "rotation": [
      [
        0.86230725,
        -0.132133856,
        0.488842428
      ],
      [
        0.2267513,
        0.9639197,
        -0.139437258
      ],
      [
        -0.452780426,
        0.231083408,
        0.8611564
      ]
    ],
    "translation": [
      1.78709126,
      0.9291926,
      -0.699539542
    ]
  },
  {
    "timeStamp": 70247,
    "rotation": [
      [
        0.8434829,
        -0.102987178,
        0.527190864
      ],
      [
        0.199980646,
        0.971103251,
        -0.130254686
      ],
      [
        -0.49854216,
        0.215295568,
        0.839704454
      ]
    ],
    "translation": [
      1.81011486,
      0.9361508,
      -0.6968114
    ]
  },
  {
    "timeStamp": 70302,
    "rotation": [
      [
        0.8184413,
        -0.0566323847,
        0.5717925
      ],
      [
        0.173451245,
        0.973058164,
        -0.1518961
      ],
      [
        -0.547785163,
        0.223496169,
        0.806214
      ]
    ],
    "translation": [
      1.83848643,
      0.940601,
      -0.694322348
    ]
  },
  {
    "timeStamp": 70347,
    "rotation": [
      [
        0.795602441,
        -0.0304846521,
        0.6050517
      ],
      [
        0.157992154,
        0.974612951,
        -0.158644617
      ],
      [
        -0.584855,
        0.221811458,
        0.7802207
      ]
    ],
    "translation": [
      1.86106718,
      0.9423771,
      -0.692795157
    ]
  },
  {
    "timeStamp": 70392,
    "rotation": [
      [
        0.766049266,
        0.00673295232,
        0.6427466
      ],
      [
        0.118335739,
        0.981376469,
        -0.15131712
      ],
      [
        -0.6317952,
        0.191976264,
        0.750986
      ]
    ],
    "translation": [
      1.88486,
      0.9493672,
      -0.688644052
    ]
  },
  {
    "timeStamp": 70448,
    "rotation": [
      [
        0.6732771,
        0.120348819,
        0.7295301
      ],
      [
        -0.0379795432,
        0.990991,
        -0.128430411
      ],
      [
        -0.738414168,
        0.05876203,
        0.6717823
      ]
    ],
    "translation": [
      1.92247736,
      0.975099444,
      -0.677195668
    ]
  },
  {
    "timeStamp": 70492,
    "rotation": [
      [
        0.572160661,
        0.173077941,
        0.8016709
      ],
      [
        -0.0751490444,
        0.984430432,
        -0.15890044
      ],
      [
        -0.8166914,
        0.0306717753,
        0.576258957
      ]
    ],
    "translation": [
      1.95953488,
      0.9822314,
      -0.668602467
    ]
  },
  {
    "timeStamp": 70548,
    "rotation": [
      [
        0.457961917,
        0.190501139,
        0.868320346
      ],
      [
        -0.08516627,
        0.9816784,
        -0.170453161
      ],
      [
        -0.8848828,
        0.00410945667,
        0.465795577
      ]
    ],
    "translation": [
      2.00390434,
      0.978522658,
      -0.664800942
    ]
  },
  {
    "timeStamp": 70593,
    "rotation": [
      [
        0.3930631,
        0.194363311,
        0.898734868
      ],
      [
        -0.0711068362,
        0.980902851,
        -0.181034535
      ],
      [
        -0.916758,
        0.0072518005,
        0.399377257
      ]
    ],
    "translation": [
      2.03360319,
      0.9678755,
      -0.6656478
    ]
  },
  {
    "timeStamp": 70648,
    "rotation": [
      [
        0.350452662,
        0.1961515,
        0.9158097
      ],
      [
        -0.009171712,
        0.9784947,
        -0.20606786
      ],
      [
        -0.936535537,
        0.0638174862,
        0.3447151
      ]
    ],
    "translation": [
      2.06073928,
      0.946369946,
      -0.6701737
    ]
  },
  {
    "timeStamp": 70695,
    "rotation": [
      [
        0.327495724,
        0.2807519,
        0.9021779
      ],
      [
        -0.0009811095,
        0.954934955,
        -0.296813428
      ],
      [
        -0.9448522,
        0.0963199958,
        0.31301257
      ]
    ],
    "translation": [
      2.073169,
      0.93294,
      -0.6742004
    ]
  },
  {
    "timeStamp": 70743,
    "rotation": [
      [
        0.324841231,
        0.431825727,
        0.8414301
      ],
      [
        0.0116596064,
        0.8877826,
        -0.4601153
      ],
      [
        -0.945696652,
        0.159275174,
        0.283353478
      ]
    ],
    "translation": [
      2.078876,
      0.9155917,
      -0.6794906
    ]
  },
  {
    "timeStamp": 70798,
    "rotation": [
      [
        0.366739661,
        0.388332278,
        0.8453993
      ],
      [
        0.07649856,
        0.8930503,
        -0.443406224
      ],
      [
        -0.9271731,
        0.227286488,
        0.297810137
      ]
    ],
    "translation": [
      2.07780719,
      0.890760541,
      -0.6856818
    ]
  },
  {
    "timeStamp": 70842,
    "rotation": [
      [
        0.371415079,
        0.40503332,
        0.8354633
      ],
      [
        0.07480415,
        0.883851767,
        -0.46174714
      ],
      [
        -0.925448656,
        0.233995974,
        0.2979777
      ]
    ],
    "translation": [
      2.078753,
      0.8819909,
      -0.6851941
    ]
  },
  {
    "timeStamp": 70898,
    "rotation": [
      [
        0.391279072,
        0.423195541,
        0.8171941
      ],
      [
        0.1216435,
        0.8564161,
        -0.5017511
      ],
      [
        -0.9121971,
        0.295731068,
        0.283618748
      ]
    ],
    "translation": [
      2.075199,
      0.8646659,
      -0.6871727
    ]
  },
  {
    "timeStamp": 70942,
    "rotation": [
      [
        0.404769957,
        0.409257472,
        0.817722261
      ],
      [
        0.133772731,
        0.8581306,
        -0.4956983
      ],
      [
        -0.904580653,
        0.3100327,
        0.292597979
      ]
    ],
    "translation": [
      2.07328,
      0.8547932,
      -0.6873696
    ]
  },
  {
    "timeStamp": 70998,
    "rotation": [
      [
        0.412190527,
        0.424669266,
        0.806073844
      ],
      [
        0.153184518,
        0.839831352,
        -0.520785749
      ],
      [
        -0.8981278,
        0.338141,
        0.281117767
      ]
    ],
    "translation": [
      2.070165,
      0.8453793,
      -0.6886261
    ]
  },
  {
    "timeStamp": 71042,
    "rotation": [
      [
        0.4127626,
        0.3922977,
        0.822027743
      ],
      [
        0.183005154,
        0.848372757,
        -0.496762276
      ],
      [
        -0.892264664,
        0.3554802,
        0.27838406
      ]
    ],
    "translation": [
      2.07035327,
      0.8371808,
      -0.6891524
    ]
  },
  {
    "timeStamp": 71098,
    "rotation": [
      [
        0.416713625,
        0.3975434,
        0.8175017
      ],
      [
        0.190900445,
        0.840980053,
        -0.506270349
      ],
      [
        -0.888767,
        0.3670312,
        0.2745566
      ]
    ],
    "translation": [
      2.06907439,
      0.833952,
      -0.6890737
    ]
  }
]