[
  {
    "timeStamp": 47002,
    "rotation": [
      [
        0.999967635,
        0.0004652514,
        -0.008035254
      ],
      [
        -0.000417050149,
        0.99998194,
        0.005999354
      ],
      [
        0.0080379,
        -0.00599580863,
        0.9999497
      ]
    ],
    "translation": [
      1.61527348,
      0.850242138,
      -0.490289867
    ]
  },
  {
    "timeStamp": 47047,
    "rotation": [
      [
        0.999877453,
        -0.0064835106,
        -0.0142461238
      ],
      [
        0.00655168947,
        0.9999673,
        0.004744337
      ],
      [
        0.0142148975,
        -0.004837092,
        0.9998872
      ]
    ],
    "translation": [
      1.61868584,
      0.854078531,
      -0.4977804
    ]
  },
  {
    "timeStamp": 47092,
    "rotation": [
      [
        0.9995539,
        0.0269009937,
        -0.0129708741
      ],
      [
        -0.0262434967,
        0.998481154,
        0.0484427735
      ],
      [
        0.0142543316,
        -0.0480807647,
        0.998741746
      ]
    ],
    "translation": [
      1.62825775,
      0.8704025,
      -0.512557864
    ]
  },
  {
    "timeStamp": 47148,
    "rotation": [
      [
        0.9980324,
        0.06262524,
        0.003069788
      ],
      [
        -0.06248744,
        0.989417255,
        0.130953118
      ],
      [
        0.00516366865,
        -0.13088727,
        0.991383851
      ]
    ],
    "translation": [
      1.64652014,
      0.8971952,
      -0.538460135
    ]
  },
  {
    "timeStamp": 47192,
    "rotation": [
      [
        0.9961259,
        0.07601304,
        0.0442192778
      ],
      [
        -0.0838146955,
        0.9728385,
        0.21577853
      ],
      [
        -0.02661623,
        -0.2186488,
        0.975440562
      ]
    ],
    "translation": [
      1.66764164,
      0.9250225,
      -0.5644204
    ]
  },
  {
    "timeStamp": 47247,
    "rotation": [
      [
        0.995235264,
        0.0221805368,
        0.09494678
      ],
      [
        -0.054140836,
        0.9355778,
        0.348945469
      ],
      [
        -0.0810903,
        -0.35242334,
        0.932320833
      ]
    ],
    "translation": [
      1.695094,
      0.957978666,
      -0.606706
    ]
  },
  {
    "timeStamp": 47292,
    "rotation": [
      [
        0.985618,
        -0.0491747446,
        0.161675841
      ],
      [
        -0.0292143188,
        0.89273715,
        0.4496298
      ],
      [
        -0.166444451,
        -0.447886467,
        0.8784611
      ]
    ],
    "translation": [
      1.72558057,
      0.985212266,
      -0.6385549
    ]
  },
  {
    "timeStamp": 47347,
    "rotation": [
      [
        0.948402941,
        -0.177070856,
        0.263016671
      ],
      [
        -0.00256231148,
        0.82522136,
        0.5648036
      ],
      [
        -0.317057252,
        -0.5363353,
        0.782188654
      ]
    ],
    "translation": [
      1.77001083,
      1.01473236,
      -0.6812114
    ]
  },
  {
    "timeStamp": 47392,
    "rotation": [
      [
        0.8839064,
        -0.297892332,
        0.360513031
      ],
      [
        -0.00210796786,
        0.768335044,
        0.6400444
      ],
      [
        -0.467659116,
        -0.5664993,
        0.6785083
      ]
    ],
    "translation": [
      1.81777191,
      1.0359844,
      -0.7120759
    ]
  },
  {
    "timeStamp": 47447,
    "rotation": [
      [
        0.8022205,
        -0.342149884,
        0.489260226
      ],
      [
        -0.06924733,
        0.7606382,
        0.6454722
      ],
      [
        -0.5929982,
        -0.551691055,
        0.5865066
      ]
    ],
    "translation": [
      1.88563871,
      1.05359411,
      -0.7469803
    ]
  },
  {
    "timeStamp": 47492,
    "rotation": [
      [
        0.7006354,
        -0.395482928,
        0.5938883
      ],
      [
        -0.08425504,
        0.780656338,
        0.619255
      ],
      [
        -0.708527446,
        -0.483910024,
        0.513634
      ]
    ],
    "translation": [
      1.94365644,
      1.05903041,
      -0.7692161
    ]
  },
  {
    "timeStamp": 47547,
    "rotation": [
      [
        0.521392167,
        -0.5413378,
        0.6596238
      ],
      [
        0.048273433,
        0.7904853,
        0.6105756
      ],
      [
        -0.8519506,
        -0.286507,
        0.4382851
      ]
    ],
    "translation": [
      1.996589,
      1.05174029,
      -0.778398335
    ]
  },
  {
    "timeStamp": 47595,
    "rotation": [
      [
        0.404080033,
        -0.5974429,
        0.6926624
      ],
      [
        0.161244437,
        0.791902065,
        0.5889748
      ],
      [
        -0.9003996,
        -0.126304984,
        0.4163262
      ]
    ],
    "translation": [
      2.03470755,
      1.03818393,
      -0.78526485
    ]
  },
  {
    "timeStamp": 47656,
    "rotation": [
      [
        0.3597137,
        -0.555958152,
        0.749344051
      ],
      [
        0.2465191,
        0.8311923,
        0.498344958
      ],
      [
        -0.899908,
        0.005466124,
        0.436045557
      ]
    ],
    "translation": [
      2.073032,
      1.01975632,
      -0.7872914
    ]
  },
  {
    "timeStamp": 47698,
    "rotation": [
      [
        0.31248647,
        -0.560863435,
        0.766671
      ],
      [
        0.326068461,
        0.821382165,
        0.467985868
      ],
      [
        -0.892206,
        0.103747979,
        0.439550668
      ]
    ],
    "translation": [
      2.09475374,
      1.00477254,
      -0.7845033
    ]
  },
  {
    "timeStamp": 47742,
    "rotation": [
      [
        0.324158639,
        -0.529627144,
        0.7838471
      ],
      [
        0.351051122,
        0.8367714,
        0.420210272
      ],
      [
        -0.8784556,
        0.138955608,
        0.4571729
      ]
    ],
    "translation": [
      2.10724449,
      0.9945694,
      -0.7855281
    ]
  },
  {
    "timeStamp": 47797,
    "rotation": [
      [
        0.318001747,
        -0.5235421,
        0.7904293
      ],
      [
        0.394498646,
        0.831174135,
        0.3918167
      ],
      [
        -0.862116933,
        0.1872249,
        0.470851481
      ]
    ],
    "translation": [
      2.11666822,
      0.9820212,
      -0.781583369
    ]
  },
  {
    "timeStamp": 47842,
    "rotation": [
      [
        0.3005464,
        -0.519275963,
        0.8000152
      ],
      [
        0.4189561,
        0.8254156,
        0.378371239
      ],
      [
        -0.85682416,
        0.221453145,
        0.465629548
      ]
    ],
    "translation": [
      2.12529373,
      0.974727333,
      -0.779273033
    ]
  },
  {
    "timeStamp": 47897,
    "rotation": [
      [
        0.2932128,
        -0.497444034,
        0.81644094
      ],
      [
        0.441037416,
        0.828058,
        0.34613
      ],
      [
        -0.848240733,
        0.258591235,
        0.462188631
      ]
    ],
    "translation": [
      2.13550425,
      0.966128,
      -0.7742506
    ]
  }
]