[
  {
    "timeStamp": 39792,
    "rotation": [
      [
        0.05862894,
        0.994442344,
        0.08744791
      ],
      [
        -0.123784088,
        -0.07968067,
        0.989104867
      ],
      [
        0.9905757,
        -0.06881485,
        0.118424542
      ]
    ],
    "translation": [
      1.76382649,
      0.7019369,
      -0.3554564
    ]
  },
  {
    "timeStamp": 39836,
    "rotation": [
      [
        0.100298837,
        0.9910541,
        0.08804488
      ],
      [
        -0.259340763,
        -0.0593913,
        0.963958
      ],
      [
        0.96056366,
        -0.11951749,
        0.251063854
      ]
    ],
    "translation": [
      1.76861739,
      0.712388158,
      -0.368523866
    ]
  },
  {
    "timeStamp": 39892,
    "rotation": [
      [
        0.09469794,
        0.987196267,
        0.12835829
      ],
      [
        -0.18366465,
        -0.109398991,
        0.976882339
      ],
      [
        0.9784169,
        -0.116083644,
        0.1709532
      ]
    ],
    "translation": [
      1.7686131,
      0.7387669,
      -0.374357641
    ]
  },
  {
    "timeStamp": 39936,
    "rotation": [
      [
        0.105627,
        0.9805183,
        0.16561088
      ],
      [
        -0.107107155,
        -0.154355511,
        0.9821927
      ],
      [
        0.988620758,
        -0.121484153,
        0.08871641
      ]
    ],
    "translation": [
      1.77174163,
      0.7672205,
      -0.3867836
    ]
  },
  {
    "timeStamp": 39991,
    "rotation": [
      [
        0.09577952,
        0.9723936,
        0.212784111
      ],
      [
        -0.0192559622,
        -0.211916864,
        0.977098
      ],
      [
        0.9952163,
        -0.09768334,
        -0.001572923
      ]
    ],
    "translation": [
      1.77573144,
      0.81121707,
      -0.4147656
    ]
  },
  {
    "timeStamp": 40036,
    "rotation": [
      [
        0.08021802,
        0.9667432,
        0.242842719
      ],
      [
        0.05783582,
        -0.247731611,
        0.967100859
      ],
      [
        0.995098,
        -0.06353391,
        -0.07578493
      ]
    ],
    "translation": [
      1.78044689,
      0.8507411,
      -0.446475565
    ]
  },
  {
    "timeStamp": 40092,
    "rotation": [
      [
        0.0543586425,
        0.9624714,
        0.265883178
      ],
      [
        0.130358353,
        -0.27083835,
        0.953757465
      ],
      [
        0.9899757,
        -0.01718487,
        -0.14018859
      ]
    ],
    "translation": [
      1.78985822,
      0.8942183,
      -0.4973743
    ]
  },
  {
    "timeStamp": 40136,
    "rotation": [
      [
        0.03539705,
        0.9652404,
        0.258955657
      ],
      [
        0.1610941,
        -0.2612404,
        0.9517364
      ],
      [
        0.9863041,
        0.008027566,
        -0.164741665
      ]
    ],
    "translation": [
      1.803851,
      0.9182426,
      -0.5401
    ]
  },
  {
    "timeStamp": 40191,
    "rotation": [
      [
        0.06776071,
        0.9717583,
        0.226040632
      ],
      [
        0.184099674,
        -0.2348492,
        0.9544387
      ],
      [
        0.9805691,
        -0.0230594575,
        -0.194813937
      ]
    ],
    "translation": [
      1.83811736,
      0.9369847,
      -0.5861459
    ]
  },
  {
    "timeStamp": 40236,
    "rotation": [
      [
        0.147887439,
        0.966995239,
        0.207483947
      ],
      [
        0.179186165,
        -0.232516512,
        0.9559437
      ],
      [
        0.972636461,
        -0.104193792,
        -0.20765844
      ]
    ],
    "translation": [
      1.8793509,
      0.9443454,
      -0.6162332
    ]
  },
  {
    "timeStamp": 40291,
    "rotation": [
      [
        0.271862954,
        0.9506452,
        0.1495471
      ],
      [
        0.170062676,
        -0.200413913,
        0.9648383
      ],
      [
        0.9471902,
        -0.236871421,
        -0.216154367
      ]
    ],
    "translation": [
      1.94300413,
      0.9485071,
      -0.647900045
    ]
  },
  {
    "timeStamp": 40336,
    "rotation": [
      [
        0.370258451,
        0.9245783,
        0.0897976756
      ],
      [
        0.1786641,
        -0.16574274,
        0.9698497
      ],
      [
        0.911585331,
        -0.3430514,
        -0.226556614
      ]
    ],
    "translation": [
      1.99631941,
      0.951669,
      -0.670158446
    ]
  },
  {
    "timeStamp": 40392,
    "rotation": [
      [
        0.5002945,
        0.8658119,
        0.008672783
      ],
      [
        0.211184919,
        -0.131731257,
        0.9685287
      ],
      [
        0.8397061,
        -0.482718,
        -0.248750836
      ]
    ],
    "translation": [
      2.06342864,
      0.9525418,
      -0.69576025
    ]
  },
  {
    "timeStamp": 40436,
    "rotation": [
      [
        0.5718796,
        0.8160593,
        -0.08367196
      ],
      [
        0.238147542,
        -0.06754886,
        0.968877137
      ],
      [
        0.7850092,
        -0.574007332,
        -0.232972309
      ]
    ],
    "translation": [
      2.11329818,
      0.946457267,
      -0.715509
    ]
  },
  {
    "timeStamp": 40486,
    "rotation": [
      [
        0.638301432,
        0.7644987,
        -0.09007155
      ],
      [
        0.170464054,
        -0.0262731053,
        0.985013545
      ],
      [
        0.750675142,
        -0.6440896,
        -0.14708972
      ]
    ],
    "translation": [
      2.1612494,
      0.9183768,
      -0.7357494
    ]
  },
  {
    "timeStamp": 40542,
    "rotation": [
      [
        0.6582106,
        0.752414763,
        0.02511745
      ],
      [
        -0.0588843636,
        0.0181929022,
        0.998099
      ],
      [
        0.7505275,
        -0.6584383,
        0.0562802255
      ]
    ],
    "translation": [
      2.18746614,
      0.863750458,
      -0.7545887
    ]
  },
  {
    "timeStamp": 40586,
    "rotation": [
      [
        0.6802774,
        0.727851,
        0.08634575
      ],
      [
        -0.0835823044,
        -0.0400014669,
        0.9956977
      ],
      [
        0.7281735,
        -0.68456763,
        0.03362337
      ]
    ],
    "translation": [
      2.19768882,
      0.8425204,
      -0.7600623
    ]
  },
  {
    "timeStamp": 40642,
    "rotation": [
      [
        0.5978816,
        0.7889538,
        0.141737744
      ],
      [
        -0.181767434,
        -0.03877643,
        0.9825767
      ],
      [
        0.7807037,
        -0.613227844,
        0.12022239
      ]
    ],
    "translation": [
      2.1967442,
      0.8192269,
      -0.7624327
    ]
  },
  {
    "timeStamp": 40686,
    "rotation": [
      [
        0.597329736,
        0.7873219,
        0.152713269
      ],
      [
        -0.154773116,
        -0.07367055,
        0.985199451
      ],
      [
        0.7869196,
        -0.6121248,
        0.0778506547
      ]
    ],
    "translation": [
      2.19498086,
      0.816474736,
      -0.7535474
    ]
  },
  {
    "timeStamp": 40741,
    "rotation": [
      [
        0.540573359,
        0.826340258,
        0.157931045
      ],
      [
        -0.1938777,
        -0.0603095964,
        0.979170144
      ],
      [
        0.818652451,
        -0.559932649,
        0.127607182
      ]
    ],
    "translation": [
      2.1893146,
      0.8067956,
      -0.7495482
    ]
  },
  {
    "timeStamp": 40786,
    "rotation": [
      [
        0.5565869,
        0.8220365,
        0.120279111
      ],
      [
        -0.1646736,
        -0.0327437073,
        0.9858045
      ],
      [
        0.814305663,
        -0.568492651,
        0.117142983
      ]
    ],
    "translation": [
      2.19108057,
      0.805154562,
      -0.7460876
    ]
  }
]