[
  {
    "timeStamp": 32551,
    "rotation": [
      [
        0.57096386,
        -0.3798942,
        -0.727791667
      ],
      [
        -0.333931774,
        0.702384055,
        -0.628606558
      ],
      [
        0.7499932,
        0.6019444,
        0.274177164
      ]
    ],
    "translation": [
      1.49592221,
      0.774069965,
      -0.6695477
    ]
  },
  {
    "timeStamp": 32596,
    "rotation": [
      [
        0.6259573,
        -0.408073753,
        -0.66457
      ],
      [
        -0.310858369,
        0.65098,
        -0.6925259
      ],
      [
        0.7152234,
        0.6400788,
        0.280632526
      ]
    ],
    "translation": [
      1.4974643,
      0.780249953,
      -0.6635302
    ]
  },
  {
    "timeStamp": 32650,
    "rotation": [
      [
        0.623120666,
        -0.30856052,
        -0.718687
      ],
      [
        -0.338148415,
        0.7222862,
        -0.6032895
      ],
      [
        0.7052491,
        0.618945062,
        0.345732242
      ]
    ],
    "translation": [
      1.49834859,
      0.8145048,
      -0.6532095
    ]
  },
  {
    "timeStamp": 32695,
    "rotation": [
      [
        0.621528,
        -0.2335217,
        -0.747777045
      ],
      [
        -0.341688633,
        0.778147161,
        -0.527006447
      ],
      [
        0.704948068,
        0.5830562,
        0.4038486
      ]
    ],
    "translation": [
      1.507574,
      0.8468455,
      -0.6454955
    ]
  },
  {
    "timeStamp": 32750,
    "rotation": [
      [
        0.6300102,
        -0.115724035,
        -0.767916
      ],
      [
        -0.355190247,
        0.836406648,
        -0.4174491
      ],
      [
        0.690598965,
        0.5357535,
        0.4858407
      ]
    ],
    "translation": [
      1.53622723,
      0.8918479,
      -0.6370497
    ]
  },
  {
    "timeStamp": 32795,
    "rotation": [
      [
        0.6601202,
        -0.04021137,
        -0.75008285
      ],
      [
        -0.3385749,
        0.87544924,
        -0.344899416
      ],
      [
        0.670528352,
        0.4816343,
        0.5642872
      ]
    ],
    "translation": [
      1.57205987,
      0.926066637,
      -0.6323825
    ]
  },
  {
    "timeStamp": 32850,
    "rotation": [
      [
        0.7025414,
        0.03931335,
        -0.710556149
      ],
      [
        -0.32575655,
        0.9054875,
        -0.2719837
      ],
      [
        0.6327071,
        0.422548145,
        0.648948967
      ]
    ],
    "translation": [
      1.62665129,
      0.961569965,
      -0.631986558
    ]
  },
  {
    "timeStamp": 32895,
    "rotation": [
      [
        0.7528553,
        0.06774065,
        -0.6546908
      ],
      [
        -0.2952846,
        0.923731565,
        -0.2439814
      ],
      [
        0.588231146,
        0.3770028,
        0.715439
      ]
    ],
    "translation": [
      1.67794037,
      0.981377065,
      -0.63501966
    ]
  },
  {
    "timeStamp": 32950,
    "rotation": [
      [
        0.8233794,
        0.097677514,
        -0.55902195
      ],
      [
        -0.27481997,
        0.9304918,
        -0.242196172
      ],
      [
        0.496508241,
        0.353049725,
        0.792991459
      ]
    ],
    "translation": [
      1.74963093,
      0.993772149,
      -0.6445986
    ]
  },
  {
    "timeStamp": 32995,
    "rotation": [
      [
        0.8787184,
        0.113389216,
        -0.463677555
      ],
      [
        -0.2504441,
        0.936456859,
        -0.245614052
      ],
      [
        0.406364053,
        0.3319509,
        0.8512795
      ]
    ],
    "translation": [
      1.81137788,
      1.00169885,
      -0.65733844
    ]
  },
  {
    "timeStamp": 33050,
    "rotation": [
      [
        0.938948035,
        0.123196445,
        -0.321246475
      ],
      [
        -0.2118103,
        0.9427674,
        -0.257538319
      ],
      [
        0.271132916,
        0.3098584,
        0.9113039
      ]
    ],
    "translation": [
      1.8889209,
      1.0078299,
      -0.6796953
    ]
  },
  {
    "timeStamp": 33095,
    "rotation": [
      [
        0.967148,
        0.13624759,
        -0.214618832
      ],
      [
        -0.195718423,
        0.9378463,
        -0.2865983
      ],
      [
        0.162231147,
        0.31918782,
        0.9337024
      ]
    ],
    "translation": [
      1.94765365,
      1.00603831,
      -0.7027652
    ]
  },
  {
    "timeStamp": 33150,
    "rotation": [
      [
        0.982266,
        0.160313711,
        -0.09722602
      ],
      [
        -0.184584126,
        0.9178305,
        -0.3514481
      ],
      [
        0.0328950733,
        0.3631619,
        0.931145132
      ]
    ],
    "translation": [
      2.01146364,
      0.9937629,
      -0.733141541
    ]
  },
  {
    "timeStamp": 33195,
    "rotation": [
      [
        0.985694468,
        0.165433,
        -0.0322243571
      ],
      [
        -0.163707852,
        0.89429456,
        -0.416457653
      ],
      [
        -0.040077772,
        0.415775359,
        0.9085839
      ]
    ],
    "translation": [
      2.05202913,
      0.9762658,
      -0.7550637
    ]
  },
  {
    "timeStamp": 33245,
    "rotation": [
      [
        0.983394,
        0.181473359,
        0.00190397736
      ],
      [
        -0.157254815,
        0.8572984,
        -0.490214765
      ],
      [
        -0.0905932,
        0.481774867,
        0.8715996
      ]
    ],
    "translation": [
      2.08372784,
      0.95386,
      -0.7741879
    ]
  },
  {
    "timeStamp": 33300,
    "rotation": [
      [
        0.984640539,
        0.1657384,
        0.05489736
      ],
      [
        -0.109034896,
        0.829302132,
        -0.548059642
      ],
      [
        -0.136361033,
        0.533656,
        0.8346358
      ]
    ],
    "translation": [
      2.12312841,
      0.9232011,
      -0.789394438
    ]
  },
  {
    "timeStamp": 33345,
    "rotation": [
      [
        0.988071859,
        0.137614429,
        0.06911056
      ],
      [
        -0.07283829,
        0.8130571,
        -0.577609539
      ],
      [
        -0.135678232,
        0.5656858,
        0.8133824
      ]
    ],
    "translation": [
      2.14487648,
      0.900762,
      -0.793130159
    ]
  },
  {
    "timeStamp": 33400,
    "rotation": [
      [
        0.9898028,
        0.106955148,
        0.0940801054
      ],
      [
        -0.0302036814,
        0.803036034,
        -0.5951646
      ],
      [
        -0.139205635,
        0.586254,
        0.7980777
      ]
    ],
    "translation": [
      2.1682837,
      0.875004053,
      -0.791742444
    ]
  },
  {
    "timeStamp": 33445,
    "rotation": [
      [
        0.9911113,
        0.09337051,
        0.09476474
      ],
      [
        -0.0168836415,
        0.794847965,
        -0.6065737
      ],
      [
        -0.131959662,
        0.5995821,
        0.7893592
      ]
    ],
    "translation": [
      2.18483567,
      0.855781,
      -0.788489342
    ]
  },
  {
    "timeStamp": 33500,
    "rotation": [
      [
        0.991578,
        0.08676883,
        0.09614691
      ],
      [
        -0.00982281,
        0.790633142,
        -0.612211347
      ],
      [
        -0.1291378,
        0.6061109,
        0.784826756
      ]
    ],
    "translation": [
      2.20006156,
      0.837933838,
      -0.7823296
    ]
  },
  {
    "timeStamp": 33545,
    "rotation": [
      [
        0.991969466,
        0.09900302,
        0.07870836
      ],
      [
        -0.0287965667,
        0.782756567,
        -0.6216614
      ],
      [
        -0.123155832,
        0.6144026,
        0.779321551
      ]
    ],
    "translation": [
      2.20791554,
      0.8279464,
      -0.775804639
    ]
  },
  {
    "timeStamp": 33600,
    "rotation": [
      [
        0.9947405,
        0.0780819,
        0.06629115
      ],
      [
        -0.0191076118,
        0.7773036,
        -0.62883544
      ],
      [
        -0.100629017,
        0.624261439,
        0.7747074
      ]
    ],
    "translation": [
      2.216142,
      0.8183253,
      -0.767990768
    ]
  },
  {
    "timeStamp": 33646,
    "rotation": [
      [
        0.994374335,
        0.08227537,
        0.0667111352
      ],
      [
        -0.0224942621,
        0.779470444,
        -0.6260349
      ],
      [
        -0.103506617,
        0.621012449,
        0.7769362
      ]
    ],
    "translation": [
      2.22453046,
      0.8119501,
      -0.7629822
    ]
  },
  {
    "timeStamp": 33703,
    "rotation": [
      [
        0.9957387,
        0.07131927,
        0.0584640242
      ],
      [
        -0.0192566067,
        0.7807884,
        -0.6244987
      ],
      [
        -0.09018683,
        0.620711744,
        0.7788346
      ]
    ],
    "translation": [
      2.23222423,
      0.804969847,
      -0.7572666
    ]
  },
  {
    "timeStamp": 33748,
    "rotation": [
      [
        0.997639,
        0.04107047,
        0.05504187
      ],
      [
        0.000970983645,
        0.792956352,
        -0.609277666
      ],
      [
        -0.06866912,
        0.6078926,
        0.7910443
      ]
    ],
    "translation": [
      2.23728347,
      0.802354336,
      -0.750940561
    ]
  },
  {
    "timeStamp": 33793,
    "rotation": [
      [
        0.9974679,
        0.008934043,
        0.07055483
      ],
      [
        0.035213653,
        0.799885631,
        -0.5991185
      ],
      [
        -0.0617883466,
        0.6000859,
        0.7975456
      ]
    ],
    "translation": [
      2.24336433,
      0.800365865,
      -0.7462868
    ]
  }
]