[
  {
    "timeStamp": 18296,
    "rotation": [
      [
        0.0247571878,
        0.999692261,
        0.00159565127
      ],
      [
        0.0100625837,
        -0.001845257,
        0.999947667
      ],
      [
        0.999642849,
        -0.0247398354,
        -0.01010517
      ]
    ],
    "translation": [
      1.30972636,
      0.7046192,
      -0.7520182
    ]
  },
  {
    "timeStamp": 18343,
    "rotation": [
      [
        0.05640293,
        0.9983998,
        0.00406972133
      ],
      [
        -0.02202763,
        -0.00283082458,
        0.999753356
      ],
      [
        0.9981651,
        -0.0564786643,
        0.0218327157
      ]
    ],
    "translation": [
      1.30862141,
      0.706204534,
      -0.749096334
    ]
  },
  {
    "timeStamp": 18394,
    "rotation": [
      [
        0.061884746,
        0.997832537,
        0.0223711282
      ],
      [
        -0.009693694,
        -0.0218121372,
        0.9997151
      ],
      [
        0.9980362,
        -0.0620839745,
        0.008322846
      ]
    ],
    "translation": [
      1.312217,
      0.71350193,
      -0.74728024
    ]
  },
  {
    "timeStamp": 18448,
    "rotation": [
      [
        0.08792872,
        0.995240748,
        0.04200494
      ],
      [
        -0.0268226266,
        -0.03978743,
        0.9988481
      ],
      [
        0.995765567,
        -0.08895413,
        0.0231965128
      ]
    ],
    "translation": [
      1.31564724,
      0.725900769,
      -0.746273041
    ]
  },
  {
    "timeStamp": 18493,
    "rotation": [
      [
        0.101295829,
        0.993462265,
        0.0526484847
      ],
      [
        -0.028865641,
        -0.04996344,
        0.9983338
      ],
      [
        0.994437456,
        -0.1026468,
        0.0236158371
      ]
    ],
    "translation": [
      1.32104611,
      0.7406599,
      -0.7444675
    ]
  },
  {
    "timeStamp": 18548,
    "rotation": [
      [
        0.115292989,
        0.991037548,
        0.06746891
      ],
      [
        -0.0452615246,
        -0.06261006,
        0.997011244
      ],
      [
        0.9922998,
        -0.118002132,
        0.0376373678
      ]
    ],
    "translation": [
      1.3298403,
      0.763327837,
      -0.745638967
    ]
  },
  {
    "timeStamp": 18592,
    "rotation": [
      [
        0.118728563,
        0.98995477,
        0.07676634
      ],
      [
        -0.04131204,
        -0.07232118,
        0.996525466
      ],
      [
        0.9920669,
        -0.121487394,
        0.0323104635
      ]
    ],
    "translation": [
      1.33934283,
      0.7856594,
      -0.7478765
    ]
  },
  {
    "timeStamp": 18648,
    "rotation": [
      [
        0.13205108,
        0.986674368,
        0.09505872
      ],
      [
        -0.06110481,
        -0.0876134038,
        0.994278669
      ],
      [
        0.9893577,
        -0.137104124,
        0.04872111
      ]
    ],
    "translation": [
      1.35403943,
      0.8156072,
      -0.75388664
    ]
  },
  {
    "timeStamp": 18692,
    "rotation": [
      [
        0.144103184,
        0.983473539,
        0.109608665
      ],
      [
        -0.08309814,
        -0.09834698,
        0.9916766
      ],
      [
        0.9860674,
        -0.152012065,
        0.06755271
      ]
    ],
    "translation": [
      1.36884272,
      0.8411158,
      -0.760756254
    ]
  },
  {
    "timeStamp": 18749,
    "rotation": [
      [
        0.1611242,
        0.9803025,
        0.114218578
      ],
      [
        -0.08908492,
        -0.100812227,
        0.99090904
      ],
      [
        0.9829053,
        -0.169834614,
        0.07108689
      ]
    ],
    "translation": [
      1.3900305,
      0.8689581,
      -0.7722983
    ]
  },
  {
    "timeStamp": 18794,
    "rotation": [
      [
        0.186084971,
        0.97621876,
        0.111217529
      ],
      [
        -0.09478914,
        -0.09482961,
        0.990970433
      ],
      [
        0.977950633,
        -0.1949469,
        0.07488857
      ]
    ],
    "translation": [
      1.40899038,
      0.8883561,
      -0.7811166
    ]
  },
  {
    "timeStamp": 18850,
    "rotation": [
      [
        0.239700943,
        0.964315832,
        0.112420812
      ],
      [
        -0.0951029658,
        -0.0919168741,
        0.991214752
      ],
      [
        0.966177464,
        -0.248286679,
        0.0696767345
      ]
    ],
    "translation": [
      1.43608642,
      0.9101833,
      -0.788197756
    ]
  },
  {
    "timeStamp": 18895,
    "rotation": [
      [
        0.313668579,
        0.9432719,
        0.108858585
      ],
      [
        -0.0928042,
        -0.08364071,
        0.9921651
      ],
      [
        0.944986463,
        -0.3213136,
        0.06130413
      ]
    ],
    "translation": [
      1.46120691,
      0.925064564,
      -0.788404
    ]
  },
  {
    "timeStamp": 18951,
    "rotation": [
      [
        0.4215911,
        0.898519337,
        0.122163855
      ],
      [
        -0.1040353,
        -0.08590414,
        0.990856767
      ],
      [
        0.9007984,
        -0.43044576,
        0.0572613068
      ]
    ],
    "translation": [
      1.49738944,
      0.942297339,
      -0.783987343
    ]
  },
  {
    "timeStamp": 18995,
    "rotation": [
      [
        0.5208419,
        0.8445286,
        0.124479517
      ],
      [
        -0.09996817,
        -0.0844745338,
        0.9913982
      ],
      [
        0.8477795,
        -0.528805733,
        0.0404281057
      ]
    ],
    "translation": [
      1.53197408,
      0.9531348,
      -0.7761169
    ]
  },
  {
    "timeStamp": 19050,
    "rotation": [
      [
        0.649409056,
        0.751364052,
        0.117131978
      ],
      [
        -0.0862075239,
        -0.08029707,
        0.9930361
      ],
      [
        0.755537,
        -0.654984236,
        0.0126275951
      ]
    ],
    "translation": [
      1.582909,
      0.963928938,
      -0.762720048
    ]
  },
  {
    "timeStamp": 19094,
    "rotation": [
      [
        0.74344033,
        0.6592077,
        0.112879612
      ],
      [
        -0.08191429,
        -0.07775844,
        0.9936014
      ],
      [
        0.663767,
        -0.747929752,
        -0.00381022948
      ]
    ],
    "translation": [
      1.62933969,
      0.9720249,
      -0.752167
    ]
  },
  {
    "timeStamp": 19150,
    "rotation": [
      [
        0.838816762,
        0.537602842,
        0.08584629
      ],
      [
        -0.05579241,
        -0.07196765,
        0.9958453
      ],
      [
        0.5415474,
        -0.840121269,
        -0.0303735118
      ]
    ],
    "translation": [
      1.69281983,
      0.9811612,
      -0.7408166
    ]
  },
  {
    "timeStamp": 19195,
    "rotation": [
      [
        0.8938611,
        0.446012169,
        0.0456677563
      ],
      [
        -0.0163103063,
        -0.06944267,
        0.9974526
      ],
      [
        0.44804728,
        -0.8923289,
        -0.0547975078
      ]
    ],
    "translation": [
      1.74484885,
      0.989682436,
      -0.733524859
    ]
  },
  {
    "timeStamp": 19250,
    "rotation": [
      [
        0.944668055,
        0.327703476,
        -0.0145831853
      ],
      [
        0.0459218919,
        -0.0880976543,
        0.995052755
      ],
      [
        0.324797481,
        -0.940664232,
        -0.0982718
      ]
    ],
    "translation": [
      1.813471,
      1.00779557,
      -0.7228526
    ]
  },
  {
    "timeStamp": 19295,
    "rotation": [
      [
        0.963017642,
        0.256828278,
        -0.08146325
      ],
      [
        0.102892168,
        -0.07111144,
        0.9921473
      ],
      [
        0.2490185,
        -0.9638373,
        -0.0949071944
      ]
    ],
    "translation": [
      1.86883736,
      1.02042246,
      -0.716106653
    ]
  },
  {
    "timeStamp": 19350,
    "rotation": [
      [
        0.969176531,
        0.188144192,
        -0.159055278
      ],
      [
        0.175784245,
        -0.0757483244,
        0.9815101
      ],
      [
        0.172617257,
        -0.979216,
        -0.106486283
      ]
    ],
    "translation": [
      1.93490422,
      1.04267,
      -0.7081259
    ]
  },
  {
    "timeStamp": 19394,
    "rotation": [
      [
        0.9545471,
        0.186336532,
        -0.232634038
      ],
      [
        0.237434477,
        -0.00355471368,
        0.971397042
      ],
      [
        0.1801798,
        -0.9824796,
        -0.047635857
      ]
    ],
    "translation": [
      1.98426378,
      1.05606186,
      -0.705873251
    ]
  },
  {
    "timeStamp": 19450,
    "rotation": [
      [
        0.9196029,
        0.215483278,
        -0.328477651
      ],
      [
        0.309243381,
        0.118601732,
        0.9435582
      ],
      [
        0.242279053,
        -0.9692784,
        0.04242971
      ]
    ],
    "translation": [
      2.0361886,
      1.06386125,
      -0.701547563
    ]
  },
  {
    "timeStamp": 19494,
    "rotation": [
      [
        0.872986,
        0.23160845,
        -0.429246873
      ],
      [
        0.381747574,
        0.223321721,
        0.896881342
      ],
      [
        0.30358547,
        -0.946828842,
        0.106540784
      ]
    ],
    "translation": [
      2.07755518,
      1.067742,
      -0.6988438
    ]
  },
  {
    "timeStamp": 19550,
    "rotation": [
      [
        0.7890537,
        0.305899471,
        -0.532747447
      ],
      [
        0.388640672,
        0.4230488,
        0.818528056
      ],
      [
        0.475765467,
        -0.852909863,
        0.214923233
      ]
    ],
    "translation": [
      2.11403227,
      1.06761539,
      -0.7040429
    ]
  },
  {
    "timeStamp": 19594,
    "rotation": [
      [
        0.693532,
        0.311365783,
        -0.6496651
      ],
      [
        0.400182754,
        0.5833548,
        0.7067892
      ],
      [
        0.5990552,
        -0.7501657,
        0.279972017
      ]
    ],
    "translation": [
      2.14181876,
      1.06869328,
      -0.7057679
    ]
  },
  {
    "timeStamp": 19645,
    "rotation": [
      [
        0.5910822,
        0.238115832,
        -0.7706638
      ],
      [
        0.413341045,
        0.7310361,
        0.5428954
      ],
      [
        0.692655,
        -0.639442742,
        0.3336794
      ]
    ],
    "translation": [
      2.181935,
      1.0642767,
      -0.7074363
    ]
  },
  {
    "timeStamp": 19700,
    "rotation": [
      [
        0.433855951,
        0.126193613,
        -0.892101
      ],
      [
        0.390884519,
        0.865744054,
        0.3125643
      ],
      [
        0.81177485,
        -0.484316379,
        0.326281071
      ]
    ],
    "translation": [
      2.22561741,
      1.06811011,
      -0.6949711
    ]
  },
  {
    "timeStamp": 19744,
    "rotation": [
      [
        0.339788646,
        0.0438464172,
        -0.9394792
      ],
      [
        0.375426233,
        0.909553766,
        0.178233057
      ],
      [
        0.862321734,
        -0.4132667,
        0.292594939
      ]
    ],
    "translation": [
      2.251562,
      1.06875277,
      -0.6805876
    ]
  },
  {
    "timeStamp": 19801,
    "rotation": [
      [
        0.2551462,
        -0.02914345,
        -0.966463149
      ],
      [
        0.332095057,
        0.941381,
        0.05928597
      ],
      [
        0.9080822,
        -0.336084217,
        0.249868184
      ]
    ],
    "translation": [
      2.26922464,
      1.06563151,
      -0.6652883
    ]
  },
  {
    "timeStamp": 19845,
    "rotation": [
      [
        0.1831148,
        -0.0884924,
        -0.979100645
      ],
      [
        0.310186177,
        0.950267136,
        -0.0278742909
      ],
      [
        0.9328738,
        -0.2985993,
        0.201457083
      ]
    ],
    "translation": [
      2.28226066,
      1.06420469,
      -0.650453031
    ]
  },
  {
    "timeStamp": 19900,
    "rotation": [
      [
        0.134278521,
        -0.114325196,
        -0.984326661
      ],
      [
        0.294326752,
        0.9530975,
        -0.07054701
      ],
      [
        0.94622463,
        -0.280240744,
        0.161629483
      ]
    ],
    "translation": [
      2.28897071,
      1.05943489,
      -0.6347935
    ]
  },
  {
    "timeStamp": 19944,
    "rotation": [
      [
        0.126358509,
        -0.09984228,
        -0.986947358
      ],
      [
        0.259877175,
        0.963505268,
        -0.06419884
      ],
      [
        0.95733875,
        -0.248373,
        0.147693828
      ]
    ],
    "translation": [
      2.285001,
      1.05145025,
      -0.627238333
    ]
  },
  {
    "timeStamp": 20000,
    "rotation": [
      [
        0.08559497,
        -0.12465965,
        -0.988500655
      ],
      [
        0.247436851,
        0.9637185,
        -0.100108646
      ],
      [
        0.9651158,
        -0.236022681,
        0.113334842
      ]
    ],
    "translation": [
      2.28680563,
      1.04423428,
      -0.6157975
    ]
  },
  {
    "timeStamp": 20045,
    "rotation": [
      [
        0.0812724,
        -0.103036061,
        -0.9913517
      ],
      [
        0.232737675,
        0.969106555,
        -0.08164384
      ],
      [
        0.9691377,
        -0.224089518,
        0.102741979
      ]
    ],
    "translation": [
      2.28394532,
      1.03455174,
      -0.6099365
    ]
  },
  {
    "timeStamp": 20102,
    "rotation": [
      [
        0.062096376,
        -0.09444561,
        -0.9935915
      ],
      [
        0.219627291,
        0.9724039,
        -0.0787056
      ],
      [
        0.973605633,
        -0.213332474,
        0.08112558
      ]
    ],
    "translation": [
      2.281241,
      1.02340484,
      -0.6035455
    ]
  },
  {
    "timeStamp": 20147,
    "rotation": [
      [
        0.04714939,
        -0.09802439,
        -0.9940665
      ],
      [
        0.213985756,
        0.9730611,
        -0.08580354
      ],
      [
        0.975698233,
        -0.208670482,
        0.06685506
      ]
    ],
    "translation": [
      2.28343153,
      1.01511776,
      -0.599241734
    ]
  },
  {
    "timeStamp": 20193,
    "rotation": [
      [
        0.0606459826,
        -0.06735026,
        -0.995884538
      ],
      [
        0.194204748,
        0.979450762,
        -0.05441246
      ],
      [
        0.979084551,
        -0.1901056,
        0.0724794939
      ]
    ],
    "translation": [
      2.27863932,
      1.00420368,
      -0.60120213
    ]
  },
  {
    "timeStamp": 20249,
    "rotation": [
      [
        0.03678559,
        -0.06905064,
        -0.9969347
      ],
      [
        0.20025675,
        0.9778835,
        -0.06034188
      ],
      [
        0.979052663,
        -0.1974232,
        0.04979988
      ]
    ],
    "translation": [
      2.279223,
      0.9971702,
      -0.5956474
    ]
  },
  {
    "timeStamp": 20294,
    "rotation": [
      [
        0.0382463373,
        -0.0627777353,
        -0.9972945
      ],
      [
        0.196332932,
        0.9790438,
        -0.0540995
      ],
      [
        0.9797911,
        -0.193732619,
        0.0497701727
      ]
    ],
    "translation": [
      2.28121328,
      0.990731,
      -0.5920776
    ]
  },
  {
    "timeStamp": 20349,
    "rotation": [
      [
        0.049187813,
        -0.0466190055,
        -0.997701
      ],
      [
        0.187832341,
        0.981518865,
        -0.03660252
      ],
      [
        0.9809687,
        -0.1856001,
        0.0570353232
      ]
    ],
    "translation": [
      2.27908945,
      0.9809717,
      -0.5889067
    ]
  },
  {
    "timeStamp": 20394,
    "rotation": [
      [
        0.0402258448,
        -0.049536217,
        -0.997961938
      ],
      [
        0.177162126,
        0.983299255,
        -0.04166735
      ],
      [
        0.9833592,
        -0.175124943,
        0.0483299866
      ]
    ],
    "translation": [
      2.27951956,
      0.975126,
      -0.5870209
    ]
  },
  {
    "timeStamp": 20450,
    "rotation": [
      [
        0.0353718549,
        -0.0517923422,
        -0.998031259
      ],
      [
        0.168335319,
        0.9846959,
        -0.0451342352
      ],
      [
        0.985094965,
        -0.166407436,
        0.0435490049
      ]
    ],
    "translation": [
      2.27987647,
      0.967647,
      -0.5846895
    ]
  },
  {
    "timeStamp": 20496,
    "rotation": [
      [
        0.03291144,
        -0.0566238426,
        -0.997853041
      ],
      [
        0.156911343,
        0.9863057,
        -0.05079329
      ],
      [
        0.9870642,
        -0.154902771,
        0.04134566
      ]
    ],
    "translation": [
      2.2817862,
      0.962561548,
      -0.583517849
    ]
  },
  {
    "timeStamp": 20549,
    "rotation": [
      [
        0.0384004749,
        -0.05014013,
        -0.9980037
      ],
      [
        0.1505421,
        0.9876317,
        -0.0438265875
      ],
      [
        0.9878575,
        -0.1485586,
        0.0454737246
      ]
    ],
    "translation": [
      2.28269863,
      0.9565588,
      -0.58269906
    ]
  },
  {
    "timeStamp": 20593,
    "rotation": [
      [
        0.0389568955,
        -0.04806569,
        -0.9980842
      ],
      [
        0.150967911,
        0.987659931,
        -0.04167115
      ],
      [
        0.987770736,
        -0.149055317,
        0.0457325429
      ]
    ],
    "translation": [
      2.28427219,
      0.95318234,
      -0.581629336
    ]
  },
  {
    "timeStamp": 20648,
    "rotation": [
      [
        0.03901405,
        -0.04207795,
        -0.9983523
      ],
      [
        0.1490761,
        0.9881765,
        -0.0358234122
      ],
      [
        0.9880557,
        -0.147432864,
        0.0448255874
      ]
    ],
    "translation": [
      2.28559422,
      0.94818294,
      -0.580240369
    ]
  },
  {
    "timeStamp": 20693,
    "rotation": [
      [
        0.0356164128,
        -0.0418544263,
        -0.998488665
      ],
      [
        0.1475903,
        0.9883871,
        -0.036166396
      ],
      [
        0.9884071,
        -0.146079123,
        0.0413801074
      ]
    ],
    "translation": [
      2.28721666,
      0.9447567,
      -0.579387665
    ]
  },
  {
    "timeStamp": 20748,
    "rotation": [
      [
        0.0307607614,
        -0.0468465,
        -0.998428345
      ],
      [
        0.144347742,
        0.9886378,
        -0.0419398919
      ],
      [
        0.9890488,
        -0.142830789,
        0.03717344
      ]
    ],
    "translation": [
      2.28767943,
      0.943038046,
      -0.5786257
    ]
  },
  {
    "timeStamp": 20793,
    "rotation": [
      [
        0.0401349664,
        -0.0315092541,
        -0.99869734
      ],
      [
        0.152310416,
        0.9880152,
        -0.02505128
      ],
      [
        0.9875175,
        -0.151106581,
        0.0444531441
      ]
    ],
    "translation": [
      2.2876668,
      0.9359355,
      -0.5769573
    ]
  },
  {
    "timeStamp": 20848,
    "rotation": [
      [
        0.0450627245,
        -0.0210087653,
        -0.9987632
      ],
      [
        0.153605968,
        0.9880351,
        -0.0138526261
      ],
      [
        0.9871041,
        -0.152791753,
        0.047750622
      ]
    ],
    "translation": [
      2.285995,
      0.930390656,
      -0.5772626
    ]
  },
  {
    "timeStamp": 20893,
    "rotation": [
      [
        0.0429029539,
        -0.0258370042,
        -0.9987451
      ],
      [
        0.147702709,
        0.988844752,
        -0.0192360431
      ],
      [
        0.9881008,
        -0.146692067,
        0.0462405533
      ]
    ],
    "translation": [
      2.28539038,
      0.927154541,
      -0.5796366
    ]
  },
  {
    "timeStamp": 20949,
    "rotation": [
      [
        0.0343299024,
        -0.02560763,
        -0.9990824
      ],
      [
        0.146157011,
        0.9890525,
        -0.02032839
      ],
      [
        0.9886655,
        -0.14532502,
        0.03769681
      ]
    ],
    "translation": [
      2.28501749,
      0.9253393,
      -0.58288765
    ]
  },
  {
    "timeStamp": 20994,
    "rotation": [
      [
        0.0391330644,
        -0.02452097,
        -0.9989331
      ],
      [
        0.141600043,
        0.9897464,
        -0.018748302
      ],
      [
        0.9891501,
        -0.140715286,
        0.0422039777
      ]
    ],
    "translation": [
      2.283717,
      0.9290717,
      -0.587575138
    ]
  },
  {
    "timeStamp": 21049,
    "rotation": [
      [
        0.05339386,
        -0.009434631,
        -0.998528957
      ],
      [
        0.150089577,
        0.9886715,
        -0.0013158248
      ],
      [
        0.9872296,
        -0.149798542,
        0.0542050265
      ]
    ],
    "translation": [
      2.28144455,
      0.939541042,
      -0.592428
    ]
  },
  {
    "timeStamp": 21094,
    "rotation": [
      [
        0.1048757,
        0.008922088,
        -0.9944453
      ],
      [
        0.146099448,
        0.9889719,
        0.024280848
      ],
      [
        0.9836951,
        -0.147834376,
        0.102415606
      ]
    ],
    "translation": [
      2.28005862,
      0.9516885,
      -0.600419164
    ]
  },
  {
    "timeStamp": 21149,
    "rotation": [
      [
        0.251201421,
        0.0121859154,
        -0.967858136
      ],
      [
        0.11178454,
        0.992864966,
        0.0415137336
      ],
      [
        0.961458266,
        -0.118619882,
        0.2480469
      ]
    ],
    "translation": [
      2.2811048,
      0.970374465,
      -0.620991647
    ]
  },
  {
    "timeStamp": 21200,
    "rotation": [
      [
        0.422228217,
        0.0218674187,
        -0.906225741
      ],
      [
        0.07888296,
        0.9950303,
        0.0607634
      ],
      [
        0.9030508,
        -0.0971417949,
        0.4184049
      ]
    ],
    "translation": [
      2.27952981,
      0.984608,
      -0.640126765
    ]
  },
  {
    "timeStamp": 21244,
    "rotation": [
      [
        0.6660421,
        0.0436841324,
        -0.7446339
      ],
      [
        0.02916539,
        0.9959951,
        0.08451745
      ],
      [
        0.7453438,
        -0.07800972,
        0.662100554
      ]
    ],
    "translation": [
      2.26941752,
      0.999559462,
      -0.666392148
    ]
  },
  {
    "timeStamp": 21299,
    "rotation": [
      [
        0.744197965,
        0.049218867,
        -0.6661433
      ],
      [
        0.0122154513,
        0.9961119,
        0.08724581
      ],
      [
        0.667847455,
        -0.07306539,
        0.740703166
      ]
    ],
    "translation": [
      2.26688457,
      1.00945258,
      -0.675671041
    ]
  },
  {
    "timeStamp": 21344,
    "rotation": [
      [
        0.8190755,
        0.0908528343,
        -0.566445947
      ],
      [
        -0.0455185771,
        0.994559467,
        0.09369896
      ],
      [
        0.571877,
        -0.0509627163,
        0.818754852
      ]
    ],
    "translation": [
      2.25817919,
      1.01003361,
      -0.68775624
    ]
  },
  {
    "timeStamp": 21399,
    "rotation": [
      [
        0.8639141,
        0.09516752,
        -0.494566023
      ],
      [
        -0.07291574,
        0.995273054,
        0.0641466156
      ],
      [
        0.498332918,
        -0.0193555187,
        0.8667697
      ]
    ],
    "translation": [
      2.2510612,
      1.00607526,
      -0.7022175
    ]
  },
  {
    "timeStamp": 21444,
    "rotation": [
      [
        0.865594447,
        0.108172692,
        -0.4889222
      ],
      [
        -0.08406245,
        0.9939223,
        0.07107727
      ],
      [
        0.49363932,
        -0.02042409,
        0.869426847
      ]
    ],
    "translation": [
      2.25344253,
      0.9962714,
      -0.7135588
    ]
  },
  {
    "timeStamp": 21500,
    "rotation": [
      [
        0.8664446,
        0.20346202,
        -0.4559353
      ],
      [
        -0.16123201,
        0.978294969,
        0.130165979
      ],
      [
        0.472523063,
        -0.03927024,
        0.880443
      ]
    ],
    "translation": [
      2.23842549,
      0.9812434,
      -0.722399533
    ]
  },
  {
    "timeStamp": 21544,
    "rotation": [
      [
        0.864796638,
        0.2524753,
        -0.434031
      ],
      [
        -0.200838283,
        0.966161847,
        0.1618495
      ],
      [
        0.4602072,
        -0.052796863,
        0.886240244
      ]
    ],
    "translation": [
      2.229681,
      0.9683702,
      -0.7330002
    ]
  },
  {
    "timeStamp": 21599,
    "rotation": [
      [
        0.8684031,
        0.273011744,
        -0.413933218
      ],
      [
        -0.1951547,
        0.9555858,
        0.220840439
      ],
      [
        0.4558407,
        -0.1109975,
        0.883113146
      ]
    ],
    "translation": [
      2.22305846,
      0.9510782,
      -0.736709952
    ]
  },
  {
    "timeStamp": 21645,
    "rotation": [
      [
        0.8923141,
        0.210066751,
        -0.39955914
      ],
      [
        -0.133665219,
        0.968387067,
        0.210618511
      ],
      [
        0.431171834,
        -0.134530708,
        0.892184
      ]
    ],
    "translation": [
      2.22425985,
      0.93676585,
      -0.7427337
    ]
  },
  {
    "timeStamp": 21700,
    "rotation": [
      [
        0.9023542,
        0.09758148,
        -0.419803351
      ],
      [
        -0.03523352,
        0.987473547,
        0.153800622
      ],
      [
        0.4295528,
        -0.123991482,
        0.894489
      ]
    ],
    "translation": [
      2.23744178,
      0.9209185,
      -0.758869
    ]
  },
  {
    "timeStamp": 21744,
    "rotation": [
      [
        0.9021612,
        0.130142435,
        -0.41130057
      ],
      [
        -0.06618185,
        0.9838772,
        0.166149721
      ],
      [
        0.42629236,
        -0.1226732,
        0.89622885
      ]
    ],
    "translation": [
      2.22846675,
      0.9110276,
      -0.769163847
    ]
  },
  {
    "timeStamp": 21800,
    "rotation": [
      [
        0.9561715,
        0.1101345,
        -0.271305054
      ],
      [
        -0.101878427,
        0.99380666,
        0.0443749726
      ],
      [
        0.274511963,
        -0.0147899548,
        0.961469948
      ]
    ],
    "translation": [
      2.21139121,
      0.9081659,
      -0.786664248
    ]
  },
  {
    "timeStamp": 21844,
    "rotation": [
      [
        0.9798281,
        0.0217333455,
        -0.1986567
      ],
      [
        -0.0290151853,
        0.999006748,
        -0.0338178165
      ],
      [
        0.1977244,
        0.03889971,
        0.9794855
      ]
    ],
    "translation": [
      2.21608114,
      0.905270457,
      -0.7959285
    ]
  },
  {
    "timeStamp": 21900,
    "rotation": [
      [
        0.9714624,
        0.04229091,
        -0.233392924
      ],
      [
        -0.03682013,
        0.998936534,
        0.0277496148
      ],
      [
        0.234318286,
        -0.01836415,
        0.9719865
      ]
    ],
    "translation": [
      2.21574545,
      0.895192266,
      -0.782077432
    ]
  },
  {
    "timeStamp": 21944,
    "rotation": [
      [
        0.9845111,
        0.0192439016,
        -0.174262911
      ],
      [
        -0.0130980881,
        0.999253333,
        0.03634922
      ],
      [
        0.174832284,
        -0.0335036963,
        0.984028041
      ]
    ],
    "translation": [
      2.21418762,
      0.8919287,
      -0.768991053
    ]
  },
  {
    "timeStamp": 22000,
    "rotation": [
      [
        0.9876911,
        0.00772630656,
        -0.156225935
      ],
      [
        -0.00121136452,
        0.9991272,
        0.0417543277
      ],
      [
        0.156412184,
        -0.04105113,
        0.9868384
      ]
    ],
    "translation": [
      2.2220633,
      0.8860025,
      -0.757742
    ]
  },
  {
    "timeStamp": 22045,
    "rotation": [
      [
        0.9921823,
        0.0148234544,
        -0.12391293
      ],
      [
        -0.009398947,
        0.9989764,
        0.0442473069
      ],
      [
        0.124441981,
        -0.0427367464,
        0.9913061
      ]
    ],
    "translation": [
      2.22153687,
      0.8807649,
      -0.747619867
    ]
  },
  {
    "timeStamp": 22101,
    "rotation": [
      [
        0.994542658,
        -0.01615092,
        -0.103073269
      ],
      [
        0.0197368916,
        0.999231458,
        0.03386595
      ],
      [
        0.102447085,
        -0.03571548,
        0.994097054
      ]
    ],
    "translation": [
      2.22879171,
      0.8730323,
      -0.7400879
    ]
  },
  {
    "timeStamp": 22147,
    "rotation": [
      [
        0.9978804,
        -0.00533719547,
        -0.06485507
      ],
      [
        0.008440823,
        0.9988272,
        0.0476754755
      ],
      [
        0.06452456,
        -0.0481218547,
        0.9967551
      ]
    ],
    "translation": [
      2.22819018,
      0.865510941,
      -0.732104361
    ]
  },
  {
    "timeStamp": 22204,
    "rotation": [
      [
        0.9992264,
        -0.00409548543,
        -0.03911433
      ],
      [
        0.00605261931,
        0.9987284,
        0.05004967
      ],
      [
        0.0388596132,
        -0.0502476953,
        0.997980535
      ]
    ],
    "translation": [
      2.22865486,
      0.8577751,
      -0.726164
    ]
  },
  {
    "timeStamp": 22249,
    "rotation": [
      [
        0.999725759,
        -0.00418019155,
        -0.02304195
      ],
      [
        0.00554599,
        0.9982109,
        0.0595330074
      ],
      [
        0.0227518678,
        -0.05964447,
        0.9979604
      ]
    ],
    "translation": [
      2.23054647,
      0.8513053,
      -0.7214078
    ]
  },
  {
    "timeStamp": 22293,
    "rotation": [
      [
        0.999969363,
        -0.00444539776,
        -0.0064392467
      ],
      [
        0.004831976,
        0.9981065,
        0.0613188334
      ],
      [
        0.006154468,
        -0.06134807,
        0.9980975
      ]
    ],
    "translation": [
      2.23124743,
      0.8457243,
      -0.717931151
    ]
  },
  {
    "timeStamp": 22349,
    "rotation": [
      [
        0.9998984,
        -0.0137311192,
        -0.00382207846
      ],
      [
        0.0139205176,
        0.99839133,
        0.0549628846
      ],
      [
        0.003061228,
        -0.055010505,
        0.9984811
      ]
    ],
    "translation": [
      2.23434782,
      0.8399842,
      -0.7147031
    ]
  },
  {
    "timeStamp": 22394,
    "rotation": [
      [
        0.999941468,
        -0.0104569662,
        0.00277700275
      ],
      [
        0.0103044743,
        0.9986868,
        0.05018492
      ],
      [
        -0.003298138,
        -0.0501533672,
        0.9987361
      ]
    ],
    "translation": [
      2.23482823,
      0.836776733,
      -0.7119469
    ]
  },
  {
    "timeStamp": 22449,
    "rotation": [
      [
        0.9999386,
        -0.0110390307,
        -0.00100238691
      ],
      [
        0.0110688265,
        0.999237359,
        0.0374466255
      ],
      [
        0.00058824796,
        -0.03745542,
        0.999298155
      ]
    ],
    "translation": [
      2.23630667,
      0.833433867,
      -0.710993648
    ]
  },
  {
    "timeStamp": 22493,
    "rotation": [
      [
        0.999827266,
        -0.018336514,
        -0.003025516
      ],
      [
        0.0184164383,
        0.999411762,
        0.0289302673
      ],
      [
        0.00249325577,
        -0.028980989,
        0.999576867
      ]
    ],
    "translation": [
      2.23901725,
      0.830765367,
      -0.710272253
    ]
  },
  {
    "timeStamp": 22549,
    "rotation": [
      [
        0.9993027,
        -0.0313164964,
        -0.0203327443
      ],
      [
        0.03170685,
        0.9993134,
        0.0191684589
      ],
      [
        0.0197184961,
        -0.01979978,
        0.9996095
      ]
    ],
    "translation": [
      2.24263787,
      0.827968836,
      -0.70880115
    ]
  },
  {
    "timeStamp": 22593,
    "rotation": [
      [
        0.9992911,
        -0.0362706557,
        -0.0100826677
      ],
      [
        0.0364198461,
        0.99922353,
        0.0150291668
      ],
      [
        0.009529721,
        -0.0153857227,
        0.9998362
      ]
    ],
    "translation": [
      2.24390173,
      0.8275115,
      -0.708255768
    ]
  }
]