[
  {
    "id": "004 sugar box(Clone)-34120",
    "pickRotation": [
      [
        -0.992389441,
        0.05866384,
        -0.108266957
      ],
      [
        0.110001966,
        0.0271911584,
        -0.993559361
      ],
      [
        -0.0553421043,
        -0.9979074,
        -0.0334373564
      ]
    ],
    "pickTranslation": [
      0.007254353,
      -0.004449099,
      0.146645978
    ],
    "placeRotation": [
      [
        -0.0380318165,
        0.9992752,
        0.00160385121
      ],
      [
        0.114293084,
        0.00275543542,
        0.993443251
      ],
      [
        0.9927188,
        0.03796576,
        -0.114315048
      ]
    ],
    "placeTranslation": [
      -0.84525454,
      0.001738062,
      -0.4453494
    ]
  },
  {
    "id": "004 sugar box(Clone)-34120",
    "pickRotation": [
      [
        -0.426971346,
        0.8315957,
        0.355167657
      ],
      [
        -0.0272264276,
        0.380768776,
        -0.9242694
      ],
      [
        -0.9038552,
        -0.4043065,
        -0.13993597
      ]
    ],
    "pickTranslation": [
      -0.00449649338,
      -0.01093761,
      0.145421
    ],
    "placeRotation": [
      [
        -0.07421753,
        0.9969862,
        -0.0225890484
      ],
      [
        -0.0681989,
        0.0175242368,
        0.9975178
      ],
      [
        0.9949074,
        0.0755738541,
        0.06669276
      ]
    ],
    "placeTranslation": [
      -0.730464637,
      0.003183001,
      -0.343084484
    ]
  },
  {
    "id": "004 sugar box(Clone)-34248",
    "pickRotation": [
      [
        -0.9646143,
        0.263609529,
        0.00540902326
      ],
      [
        0.000100890276,
        0.02088378,
        -0.9997819
      ],
      [
        -0.26366502,
        -0.964403331,
        -0.020171389
      ]
    ],
    "pickTranslation": [
      0.006156943,
      -0.0119618028,
      0.171958372
    ],
    "placeRotation": [
      [
        -0.113127142,
        0.99272716,
        -0.0411711261
      ],
      [
        -0.0256215017,
        0.0385086425,
        0.998929739
      ],
      [
        0.993250132,
        0.114060938,
        0.02107879
      ]
    ],
    "placeTranslation": [
      -0.482604116,
      -0.0023832568,
      -0.301741838
    ]
  },
  {
    "id": "004 sugar box(Clone)-34148",
    "pickRotation": [
      [
        -0.979513943,
        0.161799118,
        -0.119889937
      ],
      [
        0.116971955,
        -0.0274765976,
        -0.992755055
      ],
      [
        -0.163921058,
        -0.986441135,
        0.007987751
      ]
    ],
    "pickTranslation": [
      0.009094717,
      -0.0137627125,
      0.161867037
    ],
    "placeRotation": [
      [
        -0.126944289,
        0.991829634,
        0.0126120774
      ],
      [
        0.147425368,
        0.006292203,
        0.9890532
      ],
      [
        0.9808929,
        0.127414,
        -0.14701961
      ]
    ],
    "placeTranslation": [
      -0.360232472,
      0.00385409966,
      -0.426321834
    ]
  },
  {
    "id": "006 mustard bottle(Clone)-34236",
    "pickRotation": [
      [
        -0.33139652,
        0.3947328,
        -0.856949449
      ],
      [
        0.925570548,
        -0.0401722044,
        -0.376437753
      ],
      [
        -0.18301788,
        -0.9179173,
        -0.3520401
      ]
    ],
    "pickTranslation": [
      0.00249344553,
      -0.02747216,
      0.135736674
    ],
    "placeRotation": [
      [
        0.425594419,
        -0.8937656,
        0.141606152
      ],
      [
        -0.270701528,
        0.02357341,
        0.9623746
      ],
      [
        -0.863475561,
        -0.4479143,
        -0.231911033
      ]
    ],
    "placeTranslation": [
      -0.745511353,
      0.102176256,
      -0.122457355
    ]
  },
  {
    "id": "006 mustard bottle(Clone)-34276",
    "pickRotation": [
      [
        -0.406964034,
        -0.104213111,
        -0.90748
      ],
      [
        0.892075837,
        -0.258972645,
        -0.370316058
      ],
      [
        -0.1964207,
        -0.9602462,
        0.198358536
      ]
    ],
    "pickTranslation": [
      0.0348246656,
      0.00278016087,
      0.130726665
    ],
    "placeRotation": [
      [
        0.726575255,
        -0.6822564,
        -0.08132998
      ],
      [
        0.03908372,
        -0.0771382451,
        0.9962541
      ],
      [
        -0.68597436,
        -0.727032244,
        -0.0293816235
      ]
    ],
    "placeTranslation": [
      -0.6881537,
      0.0569124334,
      0.440013945
    ]
  },
  {
    "id": "006 mustard bottle(Clone)-34224",
    "pickRotation": [
      [
        -0.367262065,
        -0.157639489,
        -0.9166615
      ],
      [
        0.9211928,
        -0.197844863,
        -0.335053921
      ],
      [
        -0.128539056,
        -0.967474639,
        0.217877284
      ]
    ],
    "pickTranslation": [
      0.0344372876,
      -0.0110682771,
      0.1292942
    ],
    "placeRotation": [
      [
        0.9507722,
        0.262577057,
        -0.164576873
      ],
      [
        0.172839537,
        -0.008519802,
        0.9849132
      ],
      [
        0.257213444,
        -0.964873433,
        -0.05348409
      ]
    ],
    "placeTranslation": [
      -0.09084055,
      0.032319326,
      0.408846051
    ]
  },
  {
    "id": "021 bleach cleanser(Clone)-34164",
    "pickRotation": [
      [
        -0.0391664356,
        0.625343561,
        0.779366
      ],
      [
        -0.9983123,
        0.008980606,
        -0.0573752224
      ],
      [
        -0.0428784043,
        -0.7802978,
        0.6239365
      ]
    ],
    "pickTranslation": [
      -0.00915948,
      0.0135386586,
      0.1800719
    ],
    "placeRotation": [
      [
        -0.9629801,
        0.0554810055,
        -0.2638015
      ],
      [
        -0.2549313,
        0.130691439,
        0.95808655
      ],
      [
        0.08763218,
        0.9898695,
        -0.1117094
      ]
    ],
    "placeTranslation": [
      -0.0464905836,
      0.0993046,
      -0.159169525
    ]
  },
  {
    "id": "021 bleach cleanser(Clone)-34164",
    "pickRotation": [
      [
        -0.112577662,
        0.437508732,
        0.8921392
      ],
      [
        -0.974575162,
        0.126430944,
        -0.184982374
      ],
      [
        -0.1937254,
        -0.8902816,
        0.4121518
      ]
    ],
    "pickTranslation": [
      0.004694257,
      -0.004206075,
      0.216544434
    ],
    "placeRotation": [
      [
        -0.9945307,
        0.09772508,
        -0.0368580967
      ],
      [
        -0.0380435735,
        -0.0102946218,
        0.999223053
      ],
      [
        0.09726971,
        0.995160162,
        0.0139561286
      ]
    ],
    "placeTranslation": [
      -0.0307974368,
      0.0105271963,
      -0.3670078
    ]
  },
  {
    "id": "100 half egg carton(Clone)-34050",
    "pickRotation": [
      [
        -0.160924345,
        -0.216888458,
        0.962841034
      ],
      [
        -0.340813726,
        -0.9033349,
        -0.260446042
      ],
      [
        0.9262556,
        -0.370061517,
        0.07145002
      ]
    ],
    "pickTranslation": [
      -0.09079367,
      0.009139904,
      -0.002821557
    ],
    "placeRotation": [
      [
        -0.99924165,
        0.0288250614,
        -0.02617754
      ],
      [
        0.0279598385,
        0.9990696,
        0.03283751
      ],
      [
        0.0270997267,
        0.0320806876,
        -0.9991178
      ]
    ],
    "placeTranslation": [
      0.412519127,
      0.209475189,
      -0.9749857
    ]
  },
  {
    "id": "005 tomato soup can(Clone)-34264",
    "pickRotation": [
      [
        -0.6548301,
        0.0105797146,
        -0.755702
      ],
      [
        0.7520056,
        -0.09063453,
        -0.652895868
      ],
      [
        -0.07540016,
        -0.995828032,
        0.051394213
      ]
    ],
    "pickTranslation": [
      0.0136012025,
      0.08271047,
      0.08993274
    ],
    "placeRotation": [
      [
        0.678779662,
        -0.7226606,
        -0.13045989
      ],
      [
        0.288513035,
        0.09907147,
        0.9523366
      ],
      [
        -0.6752913,
        -0.6840662,
        0.2757447
      ]
    ],
    "placeTranslation": [
      -0.0710168853,
      -0.0116114113,
      1.04212141
    ]
  },
  {
    "id": "103 toothpaste(Clone)-34188",
    "pickRotation": [
      [
        0.05516548,
        0.0542591847,
        -0.9970019
      ],
      [
        -0.9554054,
        0.292980433,
        -0.0369192064
      ],
      [
        0.290098846,
        0.9545776,
        0.06800192
      ]
    ],
    "pickTranslation": [
      -0.02002477,
      0.0250994265,
      -0.02576035
    ],
    "placeRotation": [
      [
        -0.624944031,
        0.587521553,
        0.514065564
      ],
      [
        -0.735182345,
        -0.221428812,
        -0.6406841
      ],
      [
        -0.2625868,
        -0.77832365,
        0.570316136
      ]
    ],
    "placeTranslation": [
      -0.152528942,
      0.6016566,
      0.259964079
    ]
  },
  {
    "id": "018 plum(Clone)-34176",
    "pickRotation": [
      [
        -0.480249077,
        0.8682412,
        -0.124571376
      ],
      [
        -0.6913234,
        -0.2872687,
        0.6629846
      ],
      [
        0.5398451,
        0.404516846,
        0.738196
      ]
    ],
    "pickTranslation": [
      0.0096497545,
      0.0197575781,
      0.0235074814
    ],
    "placeRotation": [
      [
        0.634541333,
        0.5069348,
        -0.583416045
      ],
      [
        -0.7346473,
        0.161098808,
        -0.65904516
      ],
      [
        -0.240105316,
        0.8467964,
        0.4746422
      ]
    ],
    "placeTranslation": [
      0.928800046,
      0.308266252,
      0.5148756
    ]
  },
  {
    "id": "011 banana(Clone)-34062",
    "pickRotation": [
      [
        -0.946364,
        -0.177497983,
        0.269980758
      ],
      [
        -0.290670127,
        0.102829069,
        -0.9512818
      ],
      [
        0.141088724,
        -0.9787342,
        -0.1489071
      ]
    ],
    "pickTranslation": [
      0.003976418,
      -0.00687335338,
      0.0290363841
    ],
    "placeRotation": [
      [
        0.6240481,
        -0.7782183,
        0.07028659
      ],
      [
        0.395704448,
        0.392309368,
        0.830368161
      ],
      [
        -0.6737818,
        -0.490376949,
        0.552764356
      ]
    ],
    "placeTranslation": [
      0.823769033,
      0.496478826,
      0.0126342243
    ]
  },
  {
    "id": "101 bread(Clone)-34136",
    "pickRotation": [
      [
        -0.923211634,
        -0.367036968,
        -0.113860309
      ],
      [
        0.377424657,
        -0.9217639,
        -0.08889322
      ],
      [
        -0.0723252147,
        -0.125040933,
        0.9895119
      ]
    ],
    "pickTranslation": [
      -0.00386194978,
      0.0272112787,
      -0.00979184
    ],
    "placeRotation": [
      [
        0.384592146,
        -0.151710033,
        0.9105344
      ],
      [
        0.1713087,
        0.980997145,
        0.0910927951
      ],
      [
        -0.9070513,
        0.120948896,
        0.403273046
      ]
    ],
    "placeTranslation": [
      0.426308781,
      0.585634768,
      -0.0301557034
    ]
  }
]