[
  {
    "timeStamp": 13143,
    "rotation": [
      [
        -0.0373039059,
        0.9992064,
        -0.0139634293
      ],
      [
        0.0129592735,
        0.0144557,
        0.99981153
      ],
      [
        0.999219954,
        0.0371159241,
        -0.0134882433
      ]
    ],
    "translation": [
      1.6123507,
      0.700838447,
      -0.360458046
    ]
  },
  {
    "timeStamp": 13198,
    "rotation": [
      [
        -0.00699020643,
        0.998937964,
        -0.0455426052
      ],
      [
        -0.04904778,
        0.0451463945,
        0.9977756
      ],
      [
        0.998771966,
        0.009208391,
        0.0486801043
      ]
    ],
    "translation": [
      1.61812747,
      0.708209932,
      -0.36318332
    ]
  },
  {
    "timeStamp": 13242,
    "rotation": [
      [
        0.0330522768,
        0.999443531,
        -0.00450082729
      ],
      [
        -0.05372816,
        0.00627356675,
        0.9985359
      ],
      [
        0.99800843,
        -0.03276206,
        0.0539056137
      ]
    ],
    "translation": [
      1.62209249,
      0.719772,
      -0.363093644
    ]
  },
  {
    "timeStamp": 13298,
    "rotation": [
      [
        0.07347439,
        0.9959007,
        0.0527577437
      ],
      [
        -0.05803711,
        -0.0485412665,
        0.9971336
      ],
      [
        0.995606959,
        -0.07632569,
        0.0542326532
      ]
    ],
    "translation": [
      1.628397,
      0.7489215,
      -0.366732478
    ]
  },
  {
    "timeStamp": 13342,
    "rotation": [
      [
        0.118229948,
        0.9842296,
        0.131581724
      ],
      [
        -0.087257944,
        -0.121700764,
        0.988723934
      ],
      [
        0.989145,
        -0.1283783,
        0.07149318
      ]
    ],
    "translation": [
      1.6358918,
      0.7828239,
      -0.374772429
    ]
  },
  {
    "timeStamp": 13398,
    "rotation": [
      [
        0.188987643,
        0.9395156,
        0.285646856
      ],
      [
        -0.1935297,
        -0.249548391,
        0.948826551
      ],
      [
        0.962720037,
        -0.234597653,
        0.1346626
      ]
    ],
    "translation": [
      1.65232992,
      0.8372333,
      -0.390625775
    ]
  },
  {
    "timeStamp": 13443,
    "rotation": [
      [
        0.219404638,
        0.8792247,
        0.422877669
      ],
      [
        -0.2901155,
        -0.355036974,
        0.8886967
      ],
      [
        0.931501269,
        -0.3176675,
        0.177179962
      ]
    ],
    "translation": [
      1.6736964,
      0.882901132,
      -0.406900823
    ]
  },
  {
    "timeStamp": 13498,
    "rotation": [
      [
        0.243611574,
        0.768061161,
        0.592229247
      ],
      [
        -0.437677264,
        -0.4578539,
        0.773827136
      ],
      [
        0.865501046,
        -0.4477185,
        0.2246244
      ]
    ],
    "translation": [
      1.71361482,
      0.9352014,
      -0.427864641
    ]
  },
  {
    "timeStamp": 13543,
    "rotation": [
      [
        0.241028875,
        0.6320213,
        0.736514866
      ],
      [
        -0.5601322,
        -0.5291477,
        0.6373811
      ],
      [
        0.792563558,
        -0.566172957,
        0.226475641
      ]
    ],
    "translation": [
      1.75561881,
      0.9748088,
      -0.443050921
    ]
  },
  {
    "timeStamp": 13598,
    "rotation": [
      [
        0.221492708,
        0.460792571,
        0.8594249
      ],
      [
        -0.6920389,
        -0.5466457,
        0.471445322
      ],
      [
        0.6870394,
        -0.699177146,
        0.197808355
      ]
    ],
    "translation": [
      1.81943953,
      1.009636,
      -0.460850716
    ]
  },
  {
    "timeStamp": 13643,
    "rotation": [
      [
        0.214403749,
        0.330905437,
        0.9189846
      ],
      [
        -0.7814345,
        -0.506357253,
        0.364640325
      ],
      [
        0.585996,
        -0.796306431,
        0.15001601
      ]
    ],
    "translation": [
      1.87432325,
      1.02286088,
      -0.474809229
    ]
  },
  {
    "timeStamp": 13699,
    "rotation": [
      [
        0.216170356,
        0.219123453,
        0.951449037
      ],
      [
        -0.8558498,
        -0.426459551,
        0.292665869
      ],
      [
        0.469884485,
        -0.8775632,
        0.09534886
      ]
    ],
    "translation": [
      1.94049382,
      1.022423,
      -0.497682869
    ]
  },
  {
    "timeStamp": 13743,
    "rotation": [
      [
        0.270129442,
        0.146133974,
        0.9516695
      ],
      [
        -0.8716178,
        -0.382794738,
        0.306187123
      ],
      [
        0.409038424,
        -0.9122023,
        0.0239688419
      ]
    ],
    "translation": [
      1.98916864,
      1.0159291,
      -0.517230153
    ]
  },
  {
    "timeStamp": 13796,
    "rotation": [
      [
        0.316316366,
        0.07503422,
        0.945681632
      ],
      [
        -0.87838006,
        -0.353363752,
        0.3218423
      ],
      [
        0.358318835,
        -0.932471931,
        -0.0458661728
      ]
    ],
    "translation": [
      2.03601265,
      1.00597739,
      -0.5372024
    ]
  },
  {
    "timeStamp": 13848,
    "rotation": [
      [
        0.288887739,
        -0.03592075,
        0.9566889
      ],
      [
        -0.930203,
        -0.246869236,
        0.27162075
      ],
      [
        0.226420224,
        -0.968382835,
        -0.10473109
      ]
    ],
    "translation": [
      2.088003,
      0.9848504,
      -0.566861331
    ]
  },
  {
    "timeStamp": 13893,
    "rotation": [
      [
        0.2909136,
        -0.045156274,
        0.9556831
      ],
      [
        -0.9437786,
        -0.177466378,
        0.2789045
      ],
      [
        0.157007322,
        -0.983090341,
        -0.0942449048
      ]
    ],
    "translation": [
      2.1086235,
      0.9592403,
      -0.5829779
    ]
  },
  {
    "timeStamp": 13948,
    "rotation": [
      [
        0.262718558,
        -0.05438719,
        0.9633385
      ],
      [
        -0.9626284,
        -0.0828283951,
        0.25784868
      ],
      [
        0.06576811,
        -0.9950786,
        -0.07411522
      ]
    ],
    "translation": [
      2.11826777,
      0.931602538,
      -0.6010846
    ]
  },
  {
    "timeStamp": 13993,
    "rotation": [
      [
        0.238487616,
        -0.0349338278,
        0.970517039
      ],
      [
        -0.9702346,
        -0.051845938,
        0.236552015
      ],
      [
        0.0420537,
        -0.9980439,
        -0.0462586246
      ]
    ],
    "translation": [
      2.11731339,
      0.9137235,
      -0.6101603
    ]
  },
  {
    "timeStamp": 14048,
    "rotation": [
      [
        0.226534978,
        -0.0197450239,
        0.973802865
      ],
      [
        -0.973949,
        -0.0151188429,
        0.226262435
      ],
      [
        0.0102552148,
        -0.9996907,
        -0.0226555932
      ]
    ],
    "translation": [
      2.11449933,
      0.8911254,
      -0.6146804
    ]
  },
  {
    "timeStamp": 14093,
    "rotation": [
      [
        0.181557432,
        -0.0274739284,
        0.982996464
      ],
      [
        -0.9833577,
        0.00170025032,
        0.181671679
      ],
      [
        -0.0066625746,
        -0.9996211,
        -0.0267080069
      ]
    ],
    "translation": [
      2.11486387,
      0.8773839,
      -0.612121463
    ]
  },
  {
    "timeStamp": 14148,
    "rotation": [
      [
        0.135085523,
        -0.0361404344,
        0.990174651
      ],
      [
        -0.990359,
        0.0260141362,
        0.136060163
      ],
      [
        -0.03067581,
        -0.99900806,
        -0.03227787
      ]
    ],
    "translation": [
      2.11451912,
      0.8597585,
      -0.605515838
    ]
  },
  {
    "timeStamp": 14193,
    "rotation": [
      [
        0.06518746,
        -0.0277644973,
        0.9974867
      ],
      [
        -0.9967607,
        0.0453732722,
        0.06640296
      ],
      [
        -0.04710288,
        -0.9985842,
        -0.0247167926
      ]
    ],
    "translation": [
      2.110508,
      0.852199852,
      -0.599960744
    ]
  },
  {
    "timeStamp": 14249,
    "rotation": [
      [
        0.05620121,
        -0.00243122038,
        0.9984165
      ],
      [
        -0.9968978,
        0.0550514571,
        0.05624978
      ],
      [
        -0.055101037,
        -0.998480558,
        0.00067028
      ]
    ],
    "translation": [
      2.103769,
      0.842595935,
      -0.592422664
    ]
  },
  {
    "timeStamp": 14295,
    "rotation": [
      [
        0.03909518,
        0.0271393619,
        0.998866856
      ],
      [
        -0.997693062,
        0.0565814562,
        0.0375119075
      ],
      [
        -0.05549929,
        -0.998029053,
        0.0292888135
      ]
    ],
    "translation": [
      2.096857,
      0.8386915,
      -0.5874674
    ]
  },
  {
    "timeStamp": 14340,
    "rotation": [
      [
        0.0253961738,
        0.0431957841,
        0.9987438
      ],
      [
        -0.997904837,
        0.0605651326,
        0.0227553919
      ],
      [
        -0.0595061146,
        -0.997229159,
        0.0446434058
      ]
    ],
    "translation": [
      2.092125,
      0.834860146,
      -0.5822008
    ]
  },
  {
    "timeStamp": 14397,
    "rotation": [
      [
        0.03505061,
        0.0595053248,
        0.997612357
      ],
      [
        -0.9971679,
        0.06854589,
        0.0309463833
      ],
      [
        -0.06654076,
        -0.9958718,
        0.06173937
      ]
    ],
    "translation": [
      2.0878427,
      0.827260852,
      -0.5756568
    ]
  },
  {
    "timeStamp": 14442,
    "rotation": [
      [
        0.0359561034,
        0.07066754,
        0.9968517
      ],
      [
        -0.9964844,
        0.07806506,
        0.0304087643
      ],
      [
        -0.07567038,
        -0.994440556,
        0.07322602
      ]
    ],
    "translation": [
      2.08409524,
      0.820350945,
      -0.5737873
    ]
  },
  {
    "timeStamp": 14498,
    "rotation": [
      [
        0.0416442,
        0.04811261,
        0.9979734
      ],
      [
        -0.998221159,
        0.0446551554,
        0.0395017
      ],
      [
        -0.04266413,
        -0.997843266,
        0.0498866551
      ]
    ],
    "translation": [
      2.08211255,
      0.8156365,
      -0.56858325
    ]
  },
  {
    "timeStamp": 14542,
    "rotation": [
      [
        0.04250899,
        0.03600342,
        0.9984472
      ],
      [
        -0.9988061,
        0.0256064478,
        0.04160092
      ],
      [
        -0.02406891,
        -0.999023557,
        0.03704894
      ]
    ],
    "translation": [
      2.081249,
      0.814050436,
      -0.5662914
    ]
  },
  {
    "timeStamp": 14598,
    "rotation": [
      [
        0.0454245023,
        0.0252322983,
        0.9986491
      ],
      [
        -0.998895466,
        0.0131740943,
        0.04510285
      ],
      [
        -0.0120182484,
        -0.9995948,
        0.0258028563
      ]
    ],
    "translation": [
      2.07997346,
      0.8123792,
      -0.5643196
    ]
  },
  {
    "timeStamp": 14642,
    "rotation": [
      [
        0.0487597175,
        0.03812321,
        0.998082757
      ],
      [
        -0.998648763,
        0.0198451038,
        0.04802936
      ],
      [
        -0.0179760214,
        -0.999075949,
        0.03903934
      ]
    ],
    "translation": [
      2.077449,
      0.81035316,
      -0.5666116
    ]
  },
  {
    "timeStamp": 14698,
    "rotation": [
      [
        0.0501623228,
        0.06266015,
        0.996773541
      ],
      [
        -0.9979597,
        0.0426157378,
        0.0475430638
      ],
      [
        -0.039499186,
        -0.9971247,
        0.06467001
      ]
    ],
    "translation": [
      2.07394028,
      0.80621016,
      -0.5715524
    ]
  },
  {
    "timeStamp": 14742,
    "rotation": [
      [
        0.0036641222,
        0.06870848,
        0.99763006
      ],
      [
        -0.996134162,
        0.08781242,
        -0.002389163
      ],
      [
        -0.08776847,
        -0.993764639,
        0.06876462
      ]
    ],
    "translation": [
      2.072337,
      0.8082665,
      -0.572133958
    ]
  },
  {
    "timeStamp": 14798,
    "rotation": [
      [
        -0.000360288221,
        0.0562226549,
        0.998418152
      ],
      [
        -0.995327532,
        0.09638231,
        -0.005786628
      ],
      [
        -0.0965551957,
        -0.9937552,
        0.0559252352
      ]
    ],
    "translation": [
      2.07157,
      0.808627665,
      -0.572721243
    ]
  },
  {
    "timeStamp": 14842,
    "rotation": [
      [
        0.00373681262,
        0.04867683,
        0.9988076
      ],
      [
        -0.9945794,
        0.103971511,
        -0.00134605181
      ],
      [
        -0.103913054,
        -0.9933884,
        0.0488014929
      ]
    ],
    "translation": [
      2.07112741,
      0.8089255,
      -0.5731608
    ]
  },
  {
    "timeStamp": 14898,
    "rotation": [
      [
        0.008546571,
        0.0582338162,
        0.9982664
      ],
      [
        -0.993453741,
        0.11422047,
        0.00184232288
      ],
      [
        -0.113915168,
        -0.9917472,
        0.0588287972
      ]
    ],
    "translation": [
      2.071647,
      0.808469,
      -0.57714045
    ]
  },
  {
    "timeStamp": 14942,
    "rotation": [
      [
        0.00596483331,
        0.0552339554,
        0.998455644
      ],
      [
        -0.9944756,
        0.104967959,
        0.000134293237
      ],
      [
        -0.104798429,
        -0.992940545,
        0.0555549376
      ]
    ],
    "translation": [
      2.071504,
      0.807564557,
      -0.577849567
    ]
  },
  {
    "timeStamp": 14998,
    "rotation": [
      [
        0.0005949134,
        0.0603179447,
        0.9981791
      ],
      [
        -0.994139254,
        0.107944526,
        -0.005930364
      ],
      [
        -0.108105674,
        -0.9923254,
        0.0600286536
      ]
    ],
    "translation": [
      2.07170486,
      0.8077476,
      -0.577807546
    ]
  },
  {
    "timeStamp": 15042,
    "rotation": [
      [
        -0.004168121,
        0.0605841242,
        0.9981544
      ],
      [
        -0.9938581,
        0.11013028,
        -0.0108346641
      ],
      [
        -0.110583432,
        -0.992069,
        0.0597529858
      ]
    ],
    "translation": [
      2.071633,
      0.8078971,
      -0.577796
    ]
  },
  {
    "timeStamp": 15097,
    "rotation": [
      [
        -0.0013839755,
        0.06573869,
        0.9978359
      ],
      [
        -0.9938166,
        0.110694654,
        -0.008671105
      ],
      [
        -0.111025132,
        -0.99167794,
        0.0651790053
      ]
    ],
    "translation": [
      2.071959,
      0.8079215,
      -0.5777591
    ]
  },
  {
    "timeStamp": 15142,
    "rotation": [
      [
        -0.00555506675,
        0.06663456,
        0.997761965
      ],
      [
        -0.9937141,
        0.111195125,
        -0.0129585871
      ],
      [
        -0.111809753,
        -0.9915621,
        0.065598
      ]
    ],
    "translation": [
      2.0719676,
      0.807948,
      -0.57775414
    ]
  }
]