[
  {
    "timeStamp": 55634,
    "rotation": [
      [
        0.9983838,
        0.021902578,
        -0.0524406768
      ],
      [
        0.0545831434,
        -0.1126126,
        0.9921386
      ],
      [
        0.0158249009,
        -0.9933975,
        -0.113626108
      ]
    ],
    "translation": [
      1.15237558,
      0.7004678,
      -0.621179044
    ]
  },
  {
    "timeStamp": 55679,
    "rotation": [
      [
        0.998465538,
        0.011762064,
        -0.05411305
      ],
      [
        0.0551548153,
        -0.123856239,
        0.990766168
      ],
      [
        0.004951224,
        -0.9922305,
        -0.124314927
      ]
    ],
    "translation": [
      1.15443146,
      0.702975869,
      -0.6179985
    ]
  },
  {
    "timeStamp": 55735,
    "rotation": [
      [
        0.9997357,
        -0.0225500967,
        0.004474869
      ],
      [
        -0.00763695827,
        -0.142156765,
        0.9898147
      ],
      [
        -0.0216842853,
        -0.989587247,
        -0.142291412
      ]
    ],
    "translation": [
      1.156408,
      0.721478343,
      -0.6130438
    ]
  },
  {
    "timeStamp": 55779,
    "rotation": [
      [
        0.997451544,
        -0.0234663114,
        0.0673779845
      ],
      [
        -0.07009362,
        -0.1460309,
        0.986793756
      ],
      [
        -0.0133171622,
        -0.9890017,
        -0.147303581
      ]
    ],
    "translation": [
      1.15831852,
      0.7437668,
      -0.613748
    ]
  },
  {
    "timeStamp": 55834,
    "rotation": [
      [
        0.987890065,
        -0.0275200773,
        0.152695388
      ],
      [
        -0.15515545,
        -0.176210776,
        0.9720476
      ],
      [
        0.000155727088,
        -0.983967662,
        -0.178346768
      ]
    ],
    "translation": [
      1.17415881,
      0.7780183,
      -0.616623461
    ]
  },
  {
    "timeStamp": 55893,
    "rotation": [
      [
        0.975409567,
        -0.0220196266,
        0.219297454
      ],
      [
        -0.219501764,
        -0.186801419,
        0.9575616
      ],
      [
        0.0198799074,
        -0.9821509,
        -0.187041223
      ]
    ],
    "translation": [
      1.20246673,
      0.8091765,
      -0.6260531
    ]
  },
  {
    "timeStamp": 55934,
    "rotation": [
      [
        0.9633897,
        -0.0256051216,
        0.266879648
      ],
      [
        -0.266635269,
        -0.195595786,
        0.943741441
      ],
      [
        0.0280359332,
        -0.9803503,
        -0.1952622
      ]
    ],
    "translation": [
      1.23557889,
      0.831119537,
      -0.6330866
    ]
  },
  {
    "timeStamp": 55979,
    "rotation": [
      [
        0.956573367,
        -0.0304033533,
        0.2899016
      ],
      [
        -0.289959222,
        -0.2010915,
        0.935674
      ],
      [
        0.0298491269,
        -0.9791005,
        -0.201174513
      ]
    ],
    "translation": [
      1.27541244,
      0.846815646,
      -0.6400067
    ]
  },
  {
    "timeStamp": 56034,
    "rotation": [
      [
        0.958035648,
        -0.038969934,
        0.2839879
      ],
      [
        -0.285992026,
        -0.196995065,
        0.9377641
      ],
      [
        0.0193996057,
        -0.9796297,
        -0.199873373
      ]
    ],
    "translation": [
      1.33490753,
      0.8548417,
      -0.6490974
    ]
  },
  {
    "timeStamp": 56079,
    "rotation": [
      [
        0.9640716,
        -0.0548951626,
        0.259908646
      ],
      [
        -0.26561147,
        -0.18422997,
        0.9463138
      ],
      [
        -0.00406506425,
        -0.981348932,
        -0.19219166
      ]
    ],
    "translation": [
      1.38796449,
      0.8540616,
      -0.6560475
    ]
  },
  {
    "timeStamp": 56134,
    "rotation": [
      [
        0.974693239,
        -0.07427284,
        0.210847348
      ],
      [
        -0.220091954,
        -0.153659523,
        0.9633007
      ],
      [
        -0.0391483642,
        -0.9853285,
        -0.166117758
      ]
    ],
    "translation": [
      1.45306873,
      0.847434938,
      -0.666433632
    ]
  },
  {
    "timeStamp": 56179,
    "rotation": [
      [
        0.978106737,
        -0.111615427,
        0.175639674
      ],
      [
        -0.188618064,
        -0.118893087,
        0.974827
      ],
      [
        -0.08792339,
        -0.986613631,
        -0.137342811
      ]
    ],
    "translation": [
      1.50712478,
      0.842835546,
      -0.6751241
    ]
  },
  {
    "timeStamp": 56235,
    "rotation": [
      [
        0.9765537,
        -0.143702671,
        0.160288423
      ],
      [
        -0.172470346,
        -0.07668087,
        0.982025445
      ],
      [
        -0.1288286,
        -0.9866456,
        -0.09966744
      ]
    ],
    "translation": [
      1.56616712,
      0.843917966,
      -0.6871354
    ]
  },
  {
    "timeStamp": 56290,
    "rotation": [
      [
        0.9678321,
        -0.197691157,
        0.155625537
      ],
      [
        -0.171878621,
        -0.067800954,
        0.9827822
      ],
      [
        -0.1837358,
        -0.9779168,
        -0.09959883
      ]
    ],
    "translation": [
      1.62181473,
      0.8516002,
      -0.6934693
    ]
  },
  {
    "timeStamp": 56334,
    "rotation": [
      [
        0.955235541,
        -0.235619277,
        0.178909779
      ],
      [
        -0.190021291,
        -0.0251363814,
        0.9814581
      ],
      [
        -0.226753309,
        -0.971520364,
        -0.06878384
      ]
    ],
    "translation": [
      1.65949488,
      0.859827757,
      -0.700315952
    ]
  },
  {
    "timeStamp": 56379,
    "rotation": [
      [
        0.939021,
        -0.299255252,
        0.169368818
      ],
      [
        -0.195897341,
        -0.06076311,
        0.978740036
      ],
      [
        -0.2826017,
        -0.952236354,
        -0.115681149
      ]
    ],
    "translation": [
      1.70026529,
      0.8720827,
      -0.697369933
    ]
  },
  {
    "timeStamp": 56434,
    "rotation": [
      [
        0.895520449,
        -0.394861758,
        0.205249354
      ],
      [
        -0.247462347,
        -0.05851414,
        0.967129
      ],
      [
        -0.369872242,
        -0.916875243,
        -0.15011403
      ]
    ],
    "translation": [
      1.7450335,
      0.8920308,
      -0.693823159
    ]
  },
  {
    "timeStamp": 56479,
    "rotation": [
      [
        0.8546782,
        -0.4803299,
        0.196998566
      ],
      [
        -0.274399281,
        -0.09582811,
        0.956829131
      ],
      [
        -0.440715641,
        -0.871837258,
        -0.213704363
      ]
    ],
    "translation": [
      1.783612,
      0.908614635,
      -0.686735153
    ]
  },
  {
    "timeStamp": 56534,
    "rotation": [
      [
        0.7913785,
        -0.580921,
        0.190396965
      ],
      [
        -0.315184921,
        -0.12085861,
        0.9413032
      ],
      [
        -0.523811638,
        -0.804937363,
        -0.278742433
      ]
    ],
    "translation": [
      1.82840478,
      0.927265048,
      -0.6819681
    ]
  },
  {
    "timeStamp": 56590,
    "rotation": [
      [
        0.7094055,
        -0.677272558,
        0.19505319
      ],
      [
        -0.3679967,
        -0.119903572,
        0.922063768
      ],
      [
        -0.6011009,
        -0.725896,
        -0.3342943
      ]
    ],
    "translation": [
      1.869921,
      0.944221258,
      -0.6790493
    ]
  },
  {
    "timeStamp": 56634,
    "rotation": [
      [
        0.64251,
        -0.74348557,
        0.1855
      ],
      [
        -0.409882963,
        -0.128920957,
        0.902981341
      ],
      [
        -0.6474387,
        -0.6562078,
        -0.38757506
      ]
    ],
    "translation": [
      1.90172541,
      0.95708096,
      -0.6792281
    ]
  },
  {
    "timeStamp": 56690,
    "rotation": [
      [
        0.564110458,
        -0.8109578,
        0.155327991
      ],
      [
        -0.4640815,
        -0.155803353,
        0.8719826
      ],
      [
        -0.6829404,
        -0.5639794,
        -0.464240819
      ]
    ],
    "translation": [
      1.94254518,
      0.974141657,
      -0.680398166
    ]
  },
  {
    "timeStamp": 56734,
    "rotation": [
      [
        0.521193564,
        -0.8488157,
        0.08870813
      ],
      [
        -0.485072464,
        -0.209108025,
        0.8491045
      ],
      [
        -0.702183664,
        -0.4855777,
        -0.520722866
      ]
    ],
    "translation": [
      1.97782779,
      0.9827887,
      -0.6836142
    ]
  },
  {
    "timeStamp": 56779,
    "rotation": [
      [
        0.4686019,
        -0.8832061,
        0.0189539138
      ],
      [
        -0.502457559,
        -0.24881877,
        0.8280251
      ],
      [
        -0.726600766,
        -0.397537678,
        -0.560370564
      ]
    ],
    "translation": [
      2.017923,
      0.9885698,
      -0.6869525
    ]
  },
  {
    "timeStamp": 56834,
    "rotation": [
      [
        0.394507557,
        -0.9160999,
        -0.07158782
      ],
      [
        -0.505682766,
        -0.281493127,
        0.8155039
      ],
      [
        -0.7672345,
        -0.285521746,
        -0.5743071
      ]
    ],
    "translation": [
      2.06792879,
      0.9860491,
      -0.694253266
    ]
  },
  {
    "timeStamp": 56898,
    "rotation": [
      [
        0.33800742,
        -0.930921435,
        -0.138333753
      ],
      [
        -0.4584846,
        -0.291238159,
        0.839626253
      ],
      [
        -0.821914136,
        -0.220376015,
        -0.525253832
      ]
    ],
    "translation": [
      2.11425471,
      0.966671467,
      -0.7051338
    ]
  },
  {
    "timeStamp": 56934,
    "rotation": [
      [
        0.330665737,
        -0.928160548,
        -0.170816123
      ],
      [
        -0.344532937,
        -0.2872272,
        0.8937548
      ],
      [
        -0.8786109,
        -0.236682311,
        -0.414758056
      ]
    ],
    "translation": [
      2.139415,
      0.935595632,
      -0.716026247
    ]
  },
  {
    "timeStamp": 56984,
    "rotation": [
      [
        0.357277721,
        -0.926596165,
        -0.117354654
      ],
      [
        -0.143207386,
        -0.178508177,
        0.9734611
      ],
      [
        -0.9229541,
        -0.330989927,
        -0.1964724
      ]
    ],
    "translation": [
      2.15205264,
      0.877757668,
      -0.7379269
    ]
  },
  {
    "timeStamp": 57029,
    "rotation": [
      [
        0.375458628,
        -0.92454493,
        -0.06517249
      ],
      [
        -0.144791245,
        -0.127962723,
        0.9811529
      ],
      [
        -0.915459633,
        -0.3589459,
        -0.181910723
      ]
    ],
    "translation": [
      2.14896,
      0.8521245,
      -0.744555
    ]
  },
  {
    "timeStamp": 57084,
    "rotation": [
      [
        0.444862068,
        -0.8933841,
        -0.06294949
      ],
      [
        -0.125419542,
        -0.131739289,
        0.9833182
      ],
      [
        -0.886773765,
        -0.429545879,
        -0.170653626
      ]
    ],
    "translation": [
      2.14447665,
      0.8277454,
      -0.751956642
    ]
  },
  {
    "timeStamp": 57129,
    "rotation": [
      [
        0.466627449,
        -0.8823267,
        -0.0613051429
      ],
      [
        -0.108564653,
        -0.125929624,
        0.9860808
      ],
      [
        -0.8777656,
        -0.4534768,
        -0.154551715
      ]
    ],
    "translation": [
      2.141468,
      0.809060335,
      -0.7542612
    ]
  },
  {
    "timeStamp": 57184,
    "rotation": [
      [
        0.484653831,
        -0.8725905,
        -0.0607984662
      ],
      [
        -0.105522051,
        -0.127325535,
        0.986231863
      ],
      [
        -0.8683177,
        -0.471565455,
        -0.153786346
      ]
    ],
    "translation": [
      2.14079165,
      0.7915832,
      -0.7510585
    ]
  },
  {
    "timeStamp": 57240,
    "rotation": [
      [
        0.5069567,
        -0.85812813,
        -0.08130807
      ],
      [
        -0.0820196047,
        -0.141923621,
        0.986473739
      ],
      [
        -0.8580604,
        -0.4934306,
        -0.142332464
      ]
    ],
    "translation": [
      2.13984227,
      0.777352333,
      -0.7477453
    ]
  },
  {
    "timeStamp": 57284,
    "rotation": [
      [
        0.5235179,
        -0.8497934,
        -0.0614844263
      ],
      [
        -0.08963717,
        -0.1266968,
        0.987883151
      ],
      [
        -0.8472864,
        -0.511663258,
        -0.1425011
      ]
    ],
    "translation": [
      2.13569164,
      0.767708659,
      -0.7431404
    ]
  },
  {
    "timeStamp": 57329,
    "rotation": [
      [
        0.5332828,
        -0.8395217,
        -0.103984505
      ],
      [
        -0.06404394,
        -0.162636936,
        0.9846053
      ],
      [
        -0.8435092,
        -0.518413544,
        -0.140497759
      ]
    ],
    "translation": [
      2.14023876,
      0.7590021,
      -0.738647938
    ]
  },
  {
    "timeStamp": 57386,
    "rotation": [
      [
        0.5209065,
        -0.8486114,
        -0.09227763
      ],
      [
        -0.0566076227,
        -0.142205983,
        0.9882171
      ],
      [
        -0.8517347,
        -0.5095451,
        -0.122113891
      ]
    ],
    "translation": [
      2.14264846,
      0.7477995,
      -0.734311044
    ]
  },
  {
    "timeStamp": 57431,
    "rotation": [
      [
        0.529015243,
        -0.840041041,
        -0.120307609
      ],
      [
        -0.0272637,
        -0.158520848,
        0.9869791
      ],
      [
        -0.8481742,
        -0.518847,
        -0.106762573
      ]
    ],
    "translation": [
      2.14693451,
      0.739213467,
      -0.7317108
    ]
  },
  {
    "timeStamp": 57488,
    "rotation": [
      [
        0.5274999,
        -0.8406556,
        -0.122645967
      ],
      [
        -0.0007641262,
        -0.144834369,
        0.98945564
      ],
      [
        -0.8495548,
        -0.5218441,
        -0.07704248
      ]
    ],
    "translation": [
      2.14997673,
      0.729261041,
      -0.729377031
    ]
  },
  {
    "timeStamp": 57534,
    "rotation": [
      [
        0.523749948,
        -0.8417541,
        -0.1309049
      ],
      [
        0.0141219664,
        -0.145066828,
        0.989321053
      ],
      [
        -0.851755,
        -0.520005465,
        -0.06409152
      ]
    ],
    "translation": [
      2.15243983,
      0.723723531,
      -0.727195859
    ]
  },
  {
    "timeStamp": 57590,
    "rotation": [
      [
        0.5181159,
        -0.84828335,
        -0.109413408
      ],
      [
        0.0222157463,
        -0.114532366,
        0.9931711
      ],
      [
        -0.855021834,
        -0.5170084,
        -0.040495798
      ]
    ],
    "translation": [
      2.152388,
      0.722971261,
      -0.727332056
    ]
  }
]