[
  {
    "timeStamp": 46372,
    "rotation": [
      [
        -0.469932735,
        0.882700861,
        0.00156116381
      ],
      [
        -0.08857157,
        -0.0489133224,
        0.9948681
      ],
      [
        0.878247261,
        0.467382818,
        0.101168178
      ]
    ],
    "translation": [
      1.314163,
      0.7028627,
      -0.6170745
    ]
  },
  {
    "timeStamp": 46427,
    "rotation": [
      [
        -0.473634034,
        0.880339861,
        0.0259336531
      ],
      [
        -0.07980021,
        -0.0722210854,
        0.99419117
      ],
      [
        0.8770991,
        0.46881327,
        0.104457669
      ]
    ],
    "translation": [
      1.31424487,
      0.703220963,
      -0.6170943
    ]
  },
  {
    "timeStamp": 46473,
    "rotation": [
      [
        -0.4670144,
        0.8838105,
        0.02786639
      ],
      [
        -0.116776384,
        -0.09288268,
        0.988805354
      ],
      [
        0.8765049,
        0.458532184,
        0.146585748
      ]
    ],
    "translation": [
      1.31821847,
      0.7090637,
      -0.626078248
    ]
  },
  {
    "timeStamp": 46528,
    "rotation": [
      [
        -0.4997814,
        0.8615225,
        0.08942884
      ],
      [
        -0.07153776,
        -0.1439534,
        0.986995339
      ],
      [
        0.86319226,
        0.4868844,
        0.133576632
      ]
    ],
    "translation": [
      1.32194543,
      0.7315795,
      -0.6356393
    ]
  },
  {
    "timeStamp": 46572,
    "rotation": [
      [
        -0.5097045,
        0.844203949,
        0.165894315
      ],
      [
        -0.022668099,
        -0.2059325,
        0.9783036
      ],
      [
        0.860050857,
        0.494885236,
        0.124101214
      ]
    ],
    "translation": [
      1.33053637,
      0.757602334,
      -0.646160543
    ]
  },
  {
    "timeStamp": 46628,
    "rotation": [
      [
        -0.5318487,
        0.81532,
        0.228888929
      ],
      [
        0.0301651265,
        -0.251874834,
        0.967289567
      ],
      [
        0.8463019,
        0.5213562,
        0.109365076
      ]
    ],
    "translation": [
      1.35335708,
      0.7878326,
      -0.664919734
    ]
  },
  {
    "timeStamp": 46672,
    "rotation": [
      [
        -0.531662941,
        0.803526938,
        0.267729282
      ],
      [
        0.05472127,
        -0.282858163,
        0.9575995
      ],
      [
        0.8451864,
        0.52377063,
        0.10641519
      ]
    ],
    "translation": [
      1.38125229,
      0.8086651,
      -0.681383669
    ]
  },
  {
    "timeStamp": 46727,
    "rotation": [
      [
        -0.5374696,
        0.791372061,
        0.291301578
      ],
      [
        0.0522071049,
        -0.313548774,
        0.948135853
      ],
      [
        0.841665447,
        0.5248022,
        0.1272077
      ]
    ],
    "translation": [
      1.42383015,
      0.8275308,
      -0.706537068
    ]
  },
  {
    "timeStamp": 46772,
    "rotation": [
      [
        -0.556774855,
        0.7776719,
        0.291938663
      ],
      [
        0.0256775916,
        -0.335171342,
        0.9418072
      ],
      [
        0.8302665,
        0.531870842,
        0.166646227
      ]
    ],
    "translation": [
      1.46161127,
      0.83638227,
      -0.731298566
    ]
  },
  {
    "timeStamp": 46828,
    "rotation": [
      [
        -0.5601786,
        0.771621466,
        0.3013307
      ],
      [
        0.0004595197,
        -0.3634731,
        0.931604564
      ],
      [
        0.8283717,
        0.5220034,
        0.203255251
      ]
    ],
    "translation": [
      1.51156545,
      0.8467438,
      -0.7573735
    ]
  },
  {
    "timeStamp": 46872,
    "rotation": [
      [
        -0.5149684,
        0.7967472,
        0.31622982
      ],
      [
        -0.01740866,
        -0.378550768,
        0.925416768
      ],
      [
        0.857032359,
        0.471055269,
        0.208812
      ]
    ],
    "translation": [
      1.5538063,
      0.854925931,
      -0.7671293
    ]
  },
  {
    "timeStamp": 46927,
    "rotation": [
      [
        -0.4177902,
        0.8342366,
        0.35986197
      ],
      [
        -0.0188251548,
        -0.403950274,
        0.9145872
      ],
      [
        0.9083485,
        0.375331134,
        0.184471115
      ]
    ],
    "translation": [
      1.60580444,
      0.868230343,
      -0.766175
    ]
  },
  {
    "timeStamp": 46972,
    "rotation": [
      [
        -0.307078,
        0.867045343,
        0.3923461
      ],
      [
        0.00588553,
        -0.410526872,
        0.9118295
      ],
      [
        0.9516662,
        0.282311946,
        0.120960765
      ]
    ],
    "translation": [
      1.64827132,
      0.878371835,
      -0.755064249
    ]
  },
  {
    "timeStamp": 47027,
    "rotation": [
      [
        -0.153286546,
        0.902066946,
        0.403458118
      ],
      [
        0.0516567379,
        -0.4004104,
        0.9148787
      ],
      [
        0.9868307,
        0.161079943,
        0.0147796944
      ]
    ],
    "translation": [
      1.70732009,
      0.884607434,
      -0.735113144
    ]
  },
  {
    "timeStamp": 47072,
    "rotation": [
      [
        -0.013336475,
        0.9288108,
        0.37031427
      ],
      [
        0.07765983,
        -0.368266374,
        0.9264712
      ],
      [
        0.996890664,
        0.0411144,
        -0.06721991
      ]
    ],
    "translation": [
      1.75947976,
      0.88463366,
      -0.717319965
    ]
  },
  {
    "timeStamp": 47128,
    "rotation": [
      [
        0.181969091,
        0.923278451,
        0.3382959
      ],
      [
        0.110986128,
        -0.361126542,
        0.9258886
      ],
      [
        0.9770206,
        -0.130936965,
        -0.168184981
      ]
    ],
    "translation": [
      1.8272121,
      0.892743349,
      -0.697434
    ]
  },
  {
    "timeStamp": 47172,
    "rotation": [
      [
        0.3212759,
        0.9129311,
        0.251671821
      ],
      [
        0.19362402,
        -0.323473483,
        0.926215231
      ],
      [
        0.9269798,
        -0.248840928,
        -0.280689627
      ]
    ],
    "translation": [
      1.88648832,
      0.9063467,
      -0.6837897
    ]
  },
  {
    "timeStamp": 47227,
    "rotation": [
      [
        0.4399216,
        0.8876892,
        0.1359299
      ],
      [
        0.283516884,
        -0.2809086,
        0.9169016
      ],
      [
        0.852107465,
        -0.364826381,
        -0.375252634
      ]
    ],
    "translation": [
      1.95761144,
      0.9237532,
      -0.6772457
    ]
  },
  {
    "timeStamp": 47272,
    "rotation": [
      [
        0.518687069,
        0.85429126,
        0.03391354
      ],
      [
        0.3425503,
        -0.243997455,
        0.9072621
      ],
      [
        0.783340931,
        -0.458968043,
        -0.419196039
      ]
    ],
    "translation": [
      2.013199,
      0.9344832,
      -0.6781803
    ]
  },
  {
    "timeStamp": 47326,
    "rotation": [
      [
        0.5933239,
        0.802368462,
        -0.06458776
      ],
      [
        0.365020037,
        -0.196668878,
        0.909989953
      ],
      [
        0.717444837,
        -0.5634946,
        -0.4095689
      ]
    ],
    "translation": [
      2.07647538,
      0.9352294,
      -0.6867371
    ]
  },
  {
    "timeStamp": 47370,
    "rotation": [
      [
        0.622954369,
        0.771289468,
        -0.130539253
      ],
      [
        0.347937346,
        -0.1237367,
        0.929316342
      ],
      [
        0.7006194,
        -0.62434113,
        -0.345442683
      ]
    ],
    "translation": [
      2.11900377,
      0.9211243,
      -0.697781146
    ]
  },
  {
    "timeStamp": 47419,
    "rotation": [
      [
        0.67678,
        0.7214367,
        -0.1466218
      ],
      [
        0.31501472,
        -0.103783652,
        0.9433953
      ],
      [
        0.665383041,
        -0.684659064,
        -0.297501862
      ]
    ],
    "translation": [
      2.15436125,
      0.904095232,
      -0.7073465
    ]
  },
  {
    "timeStamp": 47478,
    "rotation": [
      [
        0.69162637,
        0.7026005,
        -0.167348266
      ],
      [
        0.271173239,
        -0.03785559,
        0.961785853
      ],
      [
        0.6694161,
        -0.710576832,
        -0.216708377
      ]
    ],
    "translation": [
      2.1920526,
      0.876167953,
      -0.717947
    ]
  },
  {
    "timeStamp": 47522,
    "rotation": [
      [
        0.710729063,
        0.68149966,
        -0.174420282
      ],
      [
        0.2569932,
        -0.020732617,
        0.9661908
      ],
      [
        0.6548425,
        -0.7315247,
        -0.18987605
      ]
    ],
    "translation": [
      2.209272,
      0.8630277,
      -0.719875634
    ]
  },
  {
    "timeStamp": 47577,
    "rotation": [
      [
        0.709761143,
        0.6884844,
        -0.149092048
      ],
      [
        0.181854844,
        0.0253943279,
        0.9829974
      ],
      [
        0.6805644,
        -0.7248065,
        -0.107180305
      ]
    ],
    "translation": [
      2.219383,
      0.8381157,
      -0.722796857
    ]
  },
  {
    "timeStamp": 47622,
    "rotation": [
      [
        0.720336556,
        0.6833066,
        -0.119194724
      ],
      [
        0.142193079,
        0.0227213036,
        0.9895781
      ],
      [
        0.6788935,
        -0.729777932,
        -0.08079448
      ]
    ],
    "translation": [
      2.22394323,
      0.821144044,
      -0.721578836
    ]
  },
  {
    "timeStamp": 47677,
    "rotation": [
      [
        0.7136325,
        0.6855672,
        -0.143966317
      ],
      [
        0.11445298,
        0.08864541,
        0.9894658
      ],
      [
        0.6911072,
        -0.7225923,
        -0.0152049577
      ]
    ],
    "translation": [
      2.23310971,
      0.8007139,
      -0.723064542
    ]
  },
  {
    "timeStamp": 47722,
    "rotation": [
      [
        0.7200487,
        0.682906747,
        -0.123159558
      ],
      [
        0.08501679,
        0.08932885,
        0.992367148
      ],
      [
        0.6886959,
        -0.72502327,
        0.00626258226
      ]
    ],
    "translation": [
      2.23440075,
      0.789173961,
      -0.722542465
    ]
  },
  {
    "timeStamp": 47778,
    "rotation": [
      [
        0.711000741,
        0.6832077,
        -0.1664485
      ],
      [
        0.09229366,
        0.143990114,
        0.9852658
      ],
      [
        0.69710815,
        -0.7158869,
        0.0393213369
      ]
    ],
    "translation": [
      2.2406404,
      0.7799245,
      -0.7243342
    ]
  }
]