[
  {
    "timeStamp": 42285,
    "rotation": [
      [
        0.9997392,
        0.0149129275,
        0.0172936916
      ],
      [
        -0.0171340127,
        -0.0107695069,
        0.9997952
      ],
      [
        0.01509612,
        -0.9998308,
        -0.01051118
      ]
    ],
    "translation": [
      1.77388144,
      0.702505,
      -0.360473663
    ]
  },
  {
    "timeStamp": 42330,
    "rotation": [
      [
        0.999878347,
        0.0146249412,
        0.0054160743
      ],
      [
        -0.00546201132,
        0.00310286,
        0.9999803
      ],
      [
        0.0146078486,
        -0.999888241,
        0.003182364
      ]
    ],
    "translation": [
      1.77272952,
      0.7024562,
      -0.35798496
    ]
  },
  {
    "timeStamp": 42385,
    "rotation": [
      [
        0.99976325,
        0.021635592,
        0.00233651279
      ],
      [
        -0.00228919764,
        -0.00221142313,
        0.999994934
      ],
      [
        0.02164065,
        -0.9997635,
        -0.00216137129
      ]
    ],
    "translation": [
      1.774184,
      0.705831,
      -0.352484643
    ]
  },
  {
    "timeStamp": 42432,
    "rotation": [
      [
        0.9992469,
        0.0375049151,
        0.00995443948
      ],
      [
        -0.009262173,
        -0.0185867511,
        0.99978435
      ],
      [
        0.0376818478,
        -0.9991236,
        -0.0182253756
      ]
    ],
    "translation": [
      1.77343655,
      0.710000157,
      -0.349194437
    ]
  },
  {
    "timeStamp": 42485,
    "rotation": [
      [
        0.9976823,
        0.06702325,
        0.0117439441
      ],
      [
        -0.00934855,
        -0.0359421521,
        0.999310136
      ],
      [
        0.06739912,
        -0.9971038,
        -0.03523228
      ]
    ],
    "translation": [
      1.77548969,
      0.71617347,
      -0.349668682
    ]
  },
  {
    "timeStamp": 42529,
    "rotation": [
      [
        0.990431845,
        0.1365399,
        0.0200383328
      ],
      [
        -0.0105718728,
        -0.06970671,
        0.9975115
      ],
      [
        0.137596935,
        -0.988179,
        -0.0675962642
      ]
    ],
    "translation": [
      1.772682,
      0.727731,
      -0.3457493
    ]
  },
  {
    "timeStamp": 42585,
    "rotation": [
      [
        0.919199169,
        0.392746717,
        -0.028688062
      ],
      [
        0.09665574,
        -0.154394075,
        0.9832701
      ],
      [
        0.381746829,
        -0.906594,
        -0.179880127
      ]
    ],
    "translation": [
      1.75491047,
      0.7657252,
      -0.329061925
    ]
  },
  {
    "timeStamp": 42629,
    "rotation": [
      [
        0.7902407,
        0.6120501,
        -0.0302354842
      ],
      [
        0.21875681,
        -0.235668242,
        0.9468928
      ],
      [
        0.572420359,
        -0.754887462,
        -0.320124775
      ]
    ],
    "translation": [
      1.72451556,
      0.812262058,
      -0.31738764
    ]
  },
  {
    "timeStamp": 42685,
    "rotation": [
      [
        0.61886847,
        0.785039961,
        0.02672166
      ],
      [
        0.333654523,
        -0.293521941,
        0.895834565
      ],
      [
        0.7111093,
        -0.545488,
        -0.443583637
      ]
    ],
    "translation": [
      1.69685829,
      0.8596215,
      -0.3393651
    ]
  },
  {
    "timeStamp": 42730,
    "rotation": [
      [
        0.495386153,
        0.863838136,
        0.09152147
      ],
      [
        0.3721038,
        -0.3062243,
        0.876222253
      ],
      [
        0.7849403,
        -0.400012881,
        -0.473136753
      ]
    ],
    "translation": [
      1.68031847,
      0.8885325,
      -0.3693986
    ]
  },
  {
    "timeStamp": 42785,
    "rotation": [
      [
        0.343813241,
        0.9208645,
        0.183850512
      ],
      [
        0.417728066,
        -0.325331479,
        0.848329365
      ],
      [
        0.8410088,
        -0.214867353,
        -0.4965242
      ]
    ],
    "translation": [
      1.67716157,
      0.9217171,
      -0.4145515
    ]
  },
  {
    "timeStamp": 42829,
    "rotation": [
      [
        0.280866057,
        0.94867295,
        0.145374715
      ],
      [
        0.5040092,
        -0.274698615,
        0.81885004
      ],
      [
        0.8167551,
        -0.156716987,
        -0.555293441
      ]
    ],
    "translation": [
      1.693898,
      0.95459497,
      -0.448901534
    ]
  },
  {
    "timeStamp": 42885,
    "rotation": [
      [
        0.2322587,
        0.963668346,
        0.131906077
      ],
      [
        0.610032558,
        -0.249949425,
        0.751921237
      ],
      [
        0.757572532,
        -0.0941732451,
        -0.645922
      ]
    ],
    "translation": [
      1.72684944,
      0.9980151,
      -0.492971957
    ]
  },
  {
    "timeStamp": 42929,
    "rotation": [
      [
        0.223900273,
        0.9688486,
        0.105834991
      ],
      [
        0.6607938,
        -0.230729312,
        0.714223742
      ],
      [
        0.716393948,
        -0.08997979,
        -0.6918695
      ]
    ],
    "translation": [
      1.76492524,
      1.02753925,
      -0.5228236
    ]
  },
  {
    "timeStamp": 42985,
    "rotation": [
      [
        0.252570719,
        0.967264,
        0.024665596
      ],
      [
        0.6988376,
        -0.199992016,
        0.6867527
      ],
      [
        0.669204056,
        -0.156216368,
        -0.726472557
      ]
    ],
    "translation": [
      1.82534552,
      1.05444026,
      -0.5524918
    ]
  },
  {
    "timeStamp": 43038,
    "rotation": [
      [
        0.313385457,
        0.945402741,
        -0.08946067
      ],
      [
        0.7337218,
        -0.181252256,
        0.654828131
      ],
      [
        0.6028614,
        -0.270852864,
        -0.750464439
      ]
    ],
    "translation": [
      1.90193915,
      1.07897019,
      -0.5786129
    ]
  },
  {
    "timeStamp": 43083,
    "rotation": [
      [
        0.356985182,
        0.9075472,
        -0.221177921
      ],
      [
        0.765212,
        -0.1483234,
        0.6264589
      ],
      [
        0.53573513,
        -0.392884552,
        -0.7474153
      ]
    ],
    "translation": [
      1.96813333,
      1.09245515,
      -0.5999274
    ]
  },
  {
    "timeStamp": 43138,
    "rotation": [
      [
        0.415836543,
        0.8432566,
        -0.340585023
      ],
      [
        0.763902843,
        -0.120656431,
        0.6339515
      ],
      [
        0.49349,
        -0.523794055,
        -0.6943395
      ]
    ],
    "translation": [
      2.045814,
      1.09243071,
      -0.625831962
    ]
  },
  {
    "timeStamp": 43183,
    "rotation": [
      [
        0.462372273,
        0.797543645,
        -0.38747403
      ],
      [
        0.716184556,
        -0.0782749653,
        0.693507552
      ],
      [
        0.522773,
        -0.5981616,
        -0.607380569
      ]
    ],
    "translation": [
      2.0971787,
      1.07069707,
      -0.640695155
    ]
  },
  {
    "timeStamp": 43239,
    "rotation": [
      [
        0.614048243,
        0.717599,
        -0.328628033
      ],
      [
        0.5436445,
        -0.0826972,
        0.8352316
      ],
      [
        0.572184741,
        -0.691529334,
        -0.4408988
      ]
    ],
    "translation": [
      2.154176,
      1.01608753,
      -0.659296036
    ]
  },
  {
    "timeStamp": 43283,
    "rotation": [
      [
        0.715687037,
        0.6716668,
        -0.191457033
      ],
      [
        0.323579162,
        -0.0759439245,
        0.9431485
      ],
      [
        0.618941545,
        -0.736950636,
        -0.271689475
      ]
    ],
    "translation": [
      2.18093657,
      0.9576643,
      -0.6762762
    ]
  },
  {
    "timeStamp": 43338,
    "rotation": [
      [
        0.7734153,
        0.6236137,
        -0.113730974
      ],
      [
        0.22092019,
        -0.0970025957,
        0.970455945
      ],
      [
        0.594157457,
        -0.775691,
        -0.212792143
      ]
    ],
    "translation": [
      2.20112777,
      0.9199652,
      -0.696479559
    ]
  },
  {
    "timeStamp": 43384,
    "rotation": [
      [
        0.75255233,
        0.65227735,
        -0.09054915
      ],
      [
        0.164389014,
        -0.0529264472,
        0.9849746
      ],
      [
        0.6376842,
        -0.7561302,
        -0.147057161
      ]
    ],
    "translation": [
      2.203351,
      0.8953501,
      -0.7082923
    ]
  },
  {
    "timeStamp": 43435,
    "rotation": [
      [
        0.7807418,
        0.622103,
        -0.05856719
      ],
      [
        0.1359969,
        -0.0776947141,
        0.987658
      ],
      [
        0.6098746,
        -0.779070854,
        -0.145263582
      ]
    ],
    "translation": [
      2.20916414,
      0.8735751,
      -0.719034553
    ]
  },
  {
    "timeStamp": 43479,
    "rotation": [
      [
        0.776682854,
        0.6249197,
        -0.07898801
      ],
      [
        0.12111067,
        -0.0250961259,
        0.9923217
      ],
      [
        0.618139148,
        -0.7802856,
        -0.0951761752
      ]
    ],
    "translation": [
      2.21488023,
      0.8513036,
      -0.726863563
    ]
  },
  {
    "timeStamp": 43535,
    "rotation": [
      [
        0.767118,
        0.6369538,
        -0.076288484
      ],
      [
        0.107102275,
        -0.009913089,
        0.994198561
      ],
      [
        0.632502258,
        -0.7708383,
        -0.07582371
      ]
    ],
    "translation": [
      2.21401477,
      0.8288622,
      -0.7279365
    ]
  },
  {
    "timeStamp": 43580,
    "rotation": [
      [
        0.768259346,
        0.6350714,
        -0.08038631
      ],
      [
        0.08806409,
        0.0195293762,
        0.99592334
      ],
      [
        0.634052336,
        -0.772206545,
        -0.040923357
      ]
    ],
    "translation": [
      2.21727586,
      0.8094737,
      -0.7313105
    ]
  },
  {
    "timeStamp": 43635,
    "rotation": [
      [
        0.76416564,
        0.642447,
        -0.0575561747
      ],
      [
        0.0567627475,
        0.0219059326,
        0.998147368
      ],
      [
        0.642517567,
        -0.76601696,
        -0.0197272953
      ]
    ],
    "translation": [
      2.21555924,
      0.788003266,
      -0.7296208
    ]
  },
  {
    "timeStamp": 43679,
    "rotation": [
      [
        0.757013738,
        0.650529146,
        -0.061172206
      ],
      [
        0.03974761,
        0.0475996844,
        0.998075366
      ],
      [
        0.6521889,
        -0.757988155,
        0.0101766363
      ]
    ],
    "translation": [
      2.21667528,
      0.771096468,
      -0.730494261
    ]
  },
  {
    "timeStamp": 43735,
    "rotation": [
      [
        0.757549047,
        0.6509565,
        -0.0487359278
      ],
      [
        0.0200400762,
        0.05143245,
        0.9984754
      ],
      [
        0.652470648,
        -0.7573707,
        0.0259173829
      ]
    ],
    "translation": [
      2.217899,
      0.756740749,
      -0.7284441
    ]
  },
  {
    "timeStamp": 43780,
    "rotation": [
      [
        0.7481138,
        0.6623329,
        -0.0405084677
      ],
      [
        0.00580119854,
        0.0545157753,
        0.998496056
      ],
      [
        0.663545132,
        -0.7472237,
        0.0369416773
      ]
    ],
    "translation": [
      2.2167542,
      0.748488843,
      -0.725009561
    ]
  },
  {
    "timeStamp": 43837,
    "rotation": [
      [
        0.7535862,
        0.6567409,
        -0.02827115
      ],
      [
        -0.01299026,
        0.0578776933,
        0.99823916
      ],
      [
        0.6572208,
        -0.751892,
        0.0521470644
      ]
    ],
    "translation": [
      2.21978855,
      0.740510345,
      -0.7232769
    ]
  },
  {
    "timeStamp": 43882,
    "rotation": [
      [
        0.7534416,
        0.6573318,
        -0.0155144
      ],
      [
        -0.0243927725,
        0.05152299,
        0.998373866
      ],
      [
        0.657062232,
        -0.751837969,
        0.05485371
      ]
    ],
    "translation": [
      2.22029638,
      0.7352911,
      -0.719934
    ]
  },
  {
    "timeStamp": 43940,
    "rotation": [
      [
        0.7438501,
        0.668147862,
        -0.0162891671
      ],
      [
        -0.027898144,
        0.0553917,
        0.9980749
      ],
      [
        0.6677639,
        -0.7419637,
        0.05984321
      ]
    ],
    "translation": [
      2.2201643,
      0.7321452,
      -0.7156938
    ]
  },
  {
    "timeStamp": 43985,
    "rotation": [
      [
        0.7447604,
        0.6672525,
        -0.010300464
      ],
      [
        -0.0338730924,
        0.05321417,
        0.99800843
      ],
      [
        0.6664717,
        -0.7429282,
        0.06223371
      ]
    ],
    "translation": [
      2.22090483,
      0.7309092,
      -0.713037
    ]
  },
  {
    "timeStamp": 44030,
    "rotation": [
      [
        0.744362235,
        0.6677584,
        0.00484866
      ],
      [
        -0.05007292,
        0.04857377,
        0.99756366
      ],
      [
        0.665896,
        -0.742791533,
        0.0695930943
      ]
    ],
    "translation": [
      2.21993828,
      0.727405846,
      -0.7117337
    ]
  },
  {
    "timeStamp": 44085,
    "rotation": [
      [
        0.749578238,
        0.6619152,
        0.000929611444
      ],
      [
        -0.0494775847,
        0.054629717,
        0.997280061
      ],
      [
        0.660064,
        -0.7475854,
        0.0736992061
      ]
    ],
    "translation": [
      2.22224379,
      0.7273719,
      -0.710961759
    ]
  }
]