[
  {
    "timeStamp": 65497,
    "rotation": [
      [
        -0.9970798,
        0.00721992,
        -0.0760244951
      ],
      [
        0.00585756544,
        0.9998185,
        0.018127704
      ],
      [
        0.07614158,
        0.01762945,
        -0.996941149
      ]
    ],
    "translation": [
      1.13799691,
      0.7325878,
      -0.7392633
    ]
  },
  {
    "timeStamp": 65541,
    "rotation": [
      [
        -0.9970658,
        0.0147421174,
        -0.07511634
      ],
      [
        0.0155998589,
        0.999819458,
        -0.010844904
      ],
      [
        0.0749429,
        -0.0119848866,
        -0.9971158
      ]
    ],
    "translation": [
      1.13825822,
      0.7348819,
      -0.740326
    ]
  },
  {
    "timeStamp": 65598,
    "rotation": [
      [
        -0.996221244,
        0.0669426,
        -0.05533387
      ],
      [
        0.0622117557,
        0.99458915,
        0.08319888
      ],
      [
        0.0606040172,
        0.07944208,
        -0.994995534
      ]
    ],
    "translation": [
      1.13967669,
      0.754243553,
      -0.753381431
    ]
  },
  {
    "timeStamp": 65641,
    "rotation": [
      [
        -0.987640738,
        0.140878662,
        -0.06869421
      ],
      [
        0.131602466,
        0.9834252,
        0.12472187
      ],
      [
        0.08512627,
        0.114140071,
        -0.9898108
      ]
    ],
    "translation": [
      1.14327908,
      0.7844014,
      -0.75935775
    ]
  },
  {
    "timeStamp": 65697,
    "rotation": [
      [
        -0.9708516,
        0.2338436,
        -0.05257707
      ],
      [
        0.221781656,
        0.9596465,
        0.172891408
      ],
      [
        0.0908849537,
        0.156191275,
        -0.983536541
      ]
    ],
    "translation": [
      1.15935707,
      0.8276892,
      -0.773658
    ]
  },
  {
    "timeStamp": 65741,
    "rotation": [
      [
        -0.961281657,
        0.273716182,
        -0.03189203
      ],
      [
        0.2617249,
        0.943077147,
        0.20519641
      ],
      [
        0.08624223,
        0.188904613,
        -0.9782011
      ]
    ],
    "translation": [
      1.18348348,
      0.8550971,
      -0.787754357
    ]
  },
  {
    "timeStamp": 65797,
    "rotation": [
      [
        -0.9545563,
        0.297714025,
        -0.0137360021
      ],
      [
        0.284127533,
        0.922971845,
        0.2596045
      ],
      [
        0.08996585,
        0.243904352,
        -0.9656173
      ]
    ],
    "translation": [
      1.22383821,
      0.8793167,
      -0.8047988
    ]
  },
  {
    "timeStamp": 65841,
    "rotation": [
      [
        -0.950875163,
        0.3095261,
        -0.00547495624
      ],
      [
        0.295851976,
        0.913790643,
        0.278313279
      ],
      [
        0.09114819,
        0.2630214,
        -0.9604747
      ]
    ],
    "translation": [
      1.261065,
      0.8928584,
      -0.8149104
    ]
  },
  {
    "timeStamp": 65897,
    "rotation": [
      [
        -0.9546161,
        0.297409,
        -0.0159967374
      ],
      [
        0.2777757,
        0.9084049,
        0.312476
      ],
      [
        0.107464686,
        0.293851137,
        -0.949790955
      ]
    ],
    "translation": [
      1.31371069,
      0.89768976,
      -0.822992146
    ]
  },
  {
    "timeStamp": 65941,
    "rotation": [
      [
        -0.9549826,
        0.294476956,
        -0.0359379277
      ],
      [
        0.266131222,
        0.9039193,
        0.3348196
      ],
      [
        0.131081641,
        0.3101827,
        -0.9415967
      ]
    ],
    "translation": [
      1.35651624,
      0.898502767,
      -0.825773
    ]
  },
  {
    "timeStamp": 65996,
    "rotation": [
      [
        -0.9444775,
        0.308544278,
        -0.1129722
      ],
      [
        0.253136426,
        0.902475655,
        0.348510653
      ],
      [
        0.20948562,
        0.3005631,
        -0.930471659
      ]
    ],
    "translation": [
      1.40784454,
      0.8994604,
      -0.8159904
    ]
  },
  {
    "timeStamp": 66041,
    "rotation": [
      [
        -0.930489063,
        0.322360367,
        -0.17399393
      ],
      [
        0.243109226,
        0.89872086,
        0.364963979
      ],
      [
        0.2740219,
        0.297295481,
        -0.914618731
      ]
    ],
    "translation": [
      1.447018,
      0.9015929,
      -0.8079087
    ]
  },
  {
    "timeStamp": 66097,
    "rotation": [
      [
        -0.901469946,
        0.344839871,
        -0.2616056
      ],
      [
        0.245228022,
        0.9049263,
        0.347809732
      ],
      [
        0.356672436,
        0.249387,
        -0.9003282
      ]
    ],
    "translation": [
      1.4916054,
      0.9075889,
      -0.7924416
    ]
  },
  {
    "timeStamp": 66141,
    "rotation": [
      [
        -0.8640063,
        0.370272458,
        -0.341161937
      ],
      [
        0.2528455,
        0.9050635,
        0.3419491
      ],
      [
        0.435387522,
        0.209184915,
        -0.8756023
      ]
    ],
    "translation": [
      1.52466142,
      0.914681256,
      -0.7770225
    ]
  },
  {
    "timeStamp": 66197,
    "rotation": [
      [
        -0.806982756,
        0.3922164,
        -0.441525966
      ],
      [
        0.270863116,
        0.9101553,
        0.313449234
      ],
      [
        0.524797142,
        0.133355,
        -0.8407166
      ]
    ],
    "translation": [
      1.56511211,
      0.92518115,
      -0.7564495
    ]
  },
  {
    "timeStamp": 66241,
    "rotation": [
      [
        -0.7591673,
        0.407640636,
        -0.5074388
      ],
      [
        0.292907417,
        0.910158336,
        0.292945355
      ],
      [
        0.581266046,
        0.07376196,
        -0.8103635
      ]
    ],
    "translation": [
      1.59543025,
      0.935180247,
      -0.7429662
    ]
  },
  {
    "timeStamp": 66296,
    "rotation": [
      [
        -0.6882883,
        0.4251563,
        -0.587793648
      ],
      [
        0.319857448,
        0.9051072,
        0.280128747
      ],
      [
        0.6511148,
        0.004799135,
        -0.7589641
      ]
    ],
    "translation": [
      1.63329673,
      0.947529554,
      -0.7279387
    ]
  },
  {
    "timeStamp": 66341,
    "rotation": [
      [
        -0.6301174,
        0.4346318,
        -0.643465
      ],
      [
        0.3380311,
        0.8995706,
        0.2766004
      ],
      [
        0.6990615,
        -0.043220453,
        -0.7137541
      ]
    ],
    "translation": [
      1.66285145,
      0.9563755,
      -0.719310462
    ]
  },
  {
    "timeStamp": 66396,
    "rotation": [
      [
        -0.5414462,
        0.4574256,
        -0.7054062
      ],
      [
        0.367878944,
        0.8833504,
        0.290443182
      ],
      [
        0.7559769,
        -0.10224472,
        -0.646563947
      ]
    ],
    "translation": [
      1.69957387,
      0.9685981,
      -0.7108962
    ]
  },
  {
    "timeStamp": 66440,
    "rotation": [
      [
        -0.4706384,
        0.47334528,
        -0.744609833
      ],
      [
        0.3845891,
        0.8695823,
        0.309706181
      ],
      [
        0.7940975,
        -0.14060919,
        -0.5913022
      ]
    ],
    "translation": [
      1.72764742,
      0.9765167,
      -0.7057377
    ]
  },
  {
    "timeStamp": 66496,
    "rotation": [
      [
        -0.368749946,
        0.5167712,
        -0.772639
      ],
      [
        0.4180944,
        0.834596932,
        0.358671218
      ],
      [
        0.8301931,
        -0.19077605,
        -0.5238167
      ]
    ],
    "translation": [
      1.76299858,
      0.9912133,
      -0.6998873
    ]
  },
  {
    "timeStamp": 66540,
    "rotation": [
      [
        -0.2761697,
        0.532294,
        -0.8002459
      ],
      [
        0.445483565,
        0.8086792,
        0.384164453
      ],
      [
        0.8516306,
        -0.250401825,
        -0.4604609
      ]
    ],
    "translation": [
      1.795446,
      1.00441551,
      -0.6930145
    ]
  },
  {
    "timeStamp": 66596,
    "rotation": [
      [
        -0.142998114,
        0.5325534,
        -0.834229231
      ],
      [
        0.47785908,
        0.775286853,
        0.413014442
      ],
      [
        0.8667192,
        -0.339583725,
        -0.365350038
      ]
    ],
    "translation": [
      1.84421325,
      1.02217269,
      -0.680977941
    ]
  },
  {
    "timeStamp": 66641,
    "rotation": [
      [
        -0.0178121887,
        0.5155329,
        -0.8566846
      ],
      [
        0.519162357,
        0.7370296,
        0.43273288
      ],
      [
        0.85449,
        -0.4370505,
        -0.280773371
      ]
    ],
    "translation": [
      1.89046526,
      1.04048216,
      -0.6725306
    ]
  },
  {
    "timeStamp": 66696,
    "rotation": [
      [
        0.18903935,
        0.4735991,
        -0.860214
      ],
      [
        0.570479453,
        0.660048068,
        0.488763541
      ],
      [
        0.7992605,
        -0.583129942,
        -0.1454035
      ]
    ],
    "translation": [
      1.95960081,
      1.065139,
      -0.6663993
    ]
  },
  {
    "timeStamp": 66740,
    "rotation": [
      [
        0.368528336,
        0.4301038,
        -0.8241344
      ],
      [
        0.583482742,
        0.5831342,
        0.5652454
      ],
      [
        0.723695159,
        -0.689177155,
        -0.0360566862
      ]
    ],
    "translation": [
      2.01920938,
      1.080359,
      -0.6672629
    ]
  },
  {
    "timeStamp": 66796,
    "rotation": [
      [
        0.5554318,
        0.3453197,
        -0.756471932
      ],
      [
        0.5795579,
        0.491609752,
        0.649948
      ],
      [
        0.596328855,
        -0.7994211,
        0.07292293
      ]
    ],
    "translation": [
      2.0889678,
      1.08850908,
      -0.6771985
    ]
  },
  {
    "timeStamp": 66849,
    "rotation": [
      [
        0.664909661,
        0.313398331,
        -0.677994668
      ],
      [
        0.543939352,
        0.41890958,
        0.72707963
      ],
      [
        0.511884,
        -0.8522302,
        0.108067319
      ]
    ],
    "translation": [
      2.13168669,
      1.08432019,
      -0.6856264
    ]
  },
  {
    "timeStamp": 66891,
    "rotation": [
      [
        0.8033165,
        0.268173784,
        -0.531756938
      ],
      [
        0.440843552,
        0.332573771,
        0.833697557
      ],
      [
        0.400424272,
        -0.904144645,
        0.148939326
      ]
    ],
    "translation": [
      2.178082,
      1.0626862,
      -0.70047164
    ]
  },
  {
    "timeStamp": 66947,
    "rotation": [
      [
        0.888879061,
        0.225849077,
        -0.398605227
      ],
      [
        0.333691031,
        0.2769964,
        0.901067853
      ],
      [
        0.313917547,
        -0.9339514,
        0.1708525
      ]
    ],
    "translation": [
      2.20959234,
      1.03379869,
      -0.7131815
    ]
  },
  {
    "timeStamp": 66991,
    "rotation": [
      [
        0.925130367,
        0.2032217,
        -0.320678771
      ],
      [
        0.266902059,
        0.252558768,
        0.9300416
      ],
      [
        0.269994855,
        -0.9459995,
        0.179409489
      ]
    ],
    "translation": [
      2.22369933,
      1.01018262,
      -0.721747756
    ]
  },
  {
    "timeStamp": 67046,
    "rotation": [
      [
        0.9542875,
        0.167778969,
        -0.247356981
      ],
      [
        0.209042311,
        0.216852114,
        0.9535599
      ],
      [
        0.2136272,
        -0.9616784,
        0.171866357
      ]
    ],
    "translation": [
      2.23672867,
      0.987301648,
      -0.7336329
    ]
  },
  {
    "timeStamp": 67091,
    "rotation": [
      [
        0.968329549,
        0.161321416,
        -0.19056052
      ],
      [
        0.158651441,
        0.191772357,
        0.9685314
      ],
      [
        0.192789078,
        -0.9680903,
        0.16010496
      ]
    ],
    "translation": [
      2.242445,
      0.9703103,
      -0.737787962
    ]
  },
  {
    "timeStamp": 67146,
    "rotation": [
      [
        0.9834613,
        0.1345652,
        -0.1212274
      ],
      [
        0.100304469,
        0.152656853,
        0.983175933
      ],
      [
        0.150807455,
        -0.979075134,
        0.136634618
      ]
    ],
    "translation": [
      2.250206,
      0.9539567,
      -0.745603859
    ]
  },
  {
    "timeStamp": 67190,
    "rotation": [
      [
        0.982307553,
        0.1302169,
        -0.1345936
      ],
      [
        0.109507069,
        0.183630049,
        0.976876736
      ],
      [
        0.151921317,
        -0.974332333,
        0.166121528
      ]
    ],
    "translation": [
      2.25081944,
      0.9476496,
      -0.747097969
    ]
  },
  {
    "timeStamp": 67247,
    "rotation": [
      [
        0.984109938,
        0.125417665,
        -0.125689849
      ],
      [
        0.100244351,
        0.191830322,
        0.9762951
      ],
      [
        0.146555811,
        -0.97338146,
        0.176209718
      ]
    ],
    "translation": [
      2.25252986,
      0.9406833,
      -0.7505918
    ]
  },
  {
    "timeStamp": 67296,
    "rotation": [
      [
        0.984291136,
        0.120647855,
        -0.128899574
      ],
      [
        0.10335274,
        0.198176116,
        0.974702239
      ],
      [
        0.14314054,
        -0.9727129,
        0.1825937
      ]
    ],
    "translation": [
      2.25277185,
      0.9366286,
      -0.7538453
    ]
  },
  {
    "timeStamp": 67349,
    "rotation": [
      [
        0.9844248,
        0.114116356,
        -0.13373518
      ],
      [
        0.109171607,
        0.199454129,
        0.973806739
      ],
      [
        0.137801334,
        -0.97323966,
        0.183889329
      ]
    ],
    "translation": [
      2.254348,
      0.9312362,
      -0.757688344
    ]
  },
  {
    "timeStamp": 67394,
    "rotation": [
      [
        0.9864549,
        0.112845704,
        -0.119048685
      ],
      [
        0.0968819857,
        0.184834987,
        0.9779826
      ],
      [
        0.13236548,
        -0.976269364,
        0.171398669
      ]
    ],
    "translation": [
      2.255982,
      0.92385596,
      -0.7610429
    ]
  },
  {
    "timeStamp": 67440,
    "rotation": [
      [
        0.988166451,
        0.09809629,
        -0.117916055
      ],
      [
        0.0977202356,
        0.189926222,
        0.9769231
      ],
      [
        0.1182279,
        -0.976885438,
        0.178092733
      ]
    ],
    "translation": [
      2.25928068,
      0.9169667,
      -0.765485764
    ]
  },
  {
    "timeStamp": 67495,
    "rotation": [
      [
        0.9906003,
        0.08668623,
        -0.105813622
      ],
      [
        0.0898522,
        0.170902118,
        0.981182456
      ],
      [
        0.1031388,
        -0.981467247,
        0.161506727
      ]
    ],
    "translation": [
      2.26318836,
      0.9092397,
      -0.770826
    ]
  },
  {
    "timeStamp": 67540,
    "rotation": [
      [
        0.9909566,
        0.07970977,
        -0.1079415
      ],
      [
        0.09334622,
        0.168365553,
        0.9812948
      ],
      [
        0.09639242,
        -0.98249656,
        0.159402356
      ]
    ],
    "translation": [
      2.26636386,
      0.90338695,
      -0.773471951
    ]
  },
  {
    "timeStamp": 67595,
    "rotation": [
      [
        0.9914028,
        0.07169052,
        -0.109457605
      ],
      [
        0.09609075,
        0.168877453,
        0.9809419
      ],
      [
        0.08880915,
        -0.9830264,
        0.160536781
      ]
    ],
    "translation": [
      2.269917,
      0.895983,
      -0.775711238
    ]
  },
  {
    "timeStamp": 67640,
    "rotation": [
      [
        0.9933554,
        0.0602903664,
        -0.0980311
      ],
      [
        0.08770107,
        0.155008465,
        0.984012663
      ],
      [
        0.07452212,
        -0.9860717,
        0.148690969
      ]
    ],
    "translation": [
      2.2731576,
      0.8889251,
      -0.7783224
    ]
  },
  {
    "timeStamp": 67695,
    "rotation": [
      [
        0.994638264,
        0.05493274,
        -0.08761862
      ],
      [
        0.07895482,
        0.143811136,
        0.986450434
      ],
      [
        0.06678898,
        -0.98807925,
        0.138702855
      ]
    ],
    "translation": [
      2.27536559,
      0.8815125,
      -0.77928853
    ]
  },
  {
    "timeStamp": 67740,
    "rotation": [
      [
        0.99589777,
        0.0449284874,
        -0.0785428956
      ],
      [
        0.07194325,
        0.133290961,
        0.988462269
      ],
      [
        0.05487919,
        -0.990058,
        0.129511863
      ]
    ],
    "translation": [
      2.27707267,
      0.87623024,
      -0.7807689
    ]
  },
  {
    "timeStamp": 67795,
    "rotation": [
      [
        0.9971443,
        0.0391113535,
        -0.06460326
      ],
      [
        0.05942147,
        0.121623889,
        0.990796
      ],
      [
        0.04660865,
        -0.991805434,
        0.11895252
      ]
    ],
    "translation": [
      2.27856827,
      0.8700021,
      -0.7807245
    ]
  },
  {
    "timeStamp": 67840,
    "rotation": [
      [
        0.997333169,
        0.03832726,
        -0.0621101856
      ],
      [
        0.0570441559,
        0.121485978,
        0.9909526
      ],
      [
        0.0455260351,
        -0.991852939,
        0.118975639
      ]
    ],
    "translation": [
      2.27882123,
      0.8660602,
      -0.7800745
    ]
  },
  {
    "timeStamp": 67895,
    "rotation": [
      [
        0.9977912,
        0.042904716,
        -0.0507151224
      ],
      [
        0.04488192,
        0.12743032,
        0.990831554
      ],
      [
        0.0489739776,
        -0.9909192,
        0.1252232
      ]
    ],
    "translation": [
      2.27868223,
      0.859098732,
      -0.7786775
    ]
  },
  {
    "timeStamp": 67940,
    "rotation": [
      [
        0.997891068,
        0.0443926565,
        -0.04735736
      ],
      [
        0.0409230664,
        0.136061847,
        0.989854753
      ],
      [
        0.0503858253,
        -0.9897052,
        0.13395822
      ]
    ],
    "translation": [
      2.27836251,
      0.8540181,
      -0.778354466
    ]
  },
  {
    "timeStamp": 67996,
    "rotation": [
      [
        0.998001754,
        0.04720074,
        -0.0420069955
      ],
      [
        0.0346500948,
        0.147108257,
        0.9885133
      ],
      [
        0.0528381355,
        -0.987993538,
        0.1451788
      ]
    ],
    "translation": [
      2.27813959,
      0.8473685,
      -0.779916167
    ]
  },
  {
    "timeStamp": 68040,
    "rotation": [
      [
        0.9981595,
        0.0467457,
        -0.0386319943
      ],
      [
        0.031276498,
        0.148954213,
        0.9883493
      ],
      [
        0.05195549,
        -0.98773855,
        0.147218034
      ]
    ],
    "translation": [
      2.27831388,
      0.8441767,
      -0.781280458
    ]
  },
  {
    "timeStamp": 68095,
    "rotation": [
      [
        0.998245955,
        0.0450367555,
        -0.0384282619
      ],
      [
        0.0311969686,
        0.151508957,
        0.987963438
      ],
      [
        0.0503169,
        -0.9874294,
        0.1498382
      ]
    ],
    "translation": [
      2.27809548,
      0.84143,
      -0.7838457
    ]
  },
  {
    "timeStamp": 68140,
    "rotation": [
      [
        0.9983488,
        0.0464265123,
        -0.0338277966
      ],
      [
        0.0265690386,
        0.148910448,
        0.9884937
      ],
      [
        0.05092963,
        -0.987760246,
        0.147431061
      ]
    ],
    "translation": [
      2.277819,
      0.839474,
      -0.7854696
    ]
  },
  {
    "timeStamp": 68195,
    "rotation": [
      [
        0.9984354,
        0.0428515859,
        -0.035923712
      ],
      [
        0.0289693419,
        0.153107122,
        0.987784863
      ],
      [
        0.0478283353,
        -0.9872801,
        0.151626185
      ]
    ],
    "translation": [
      2.27792239,
      0.836522043,
      -0.7886266
    ]
  },
  {
    "timeStamp": 68240,
    "rotation": [
      [
        0.998822331,
        0.0364396535,
        -0.03203316
      ],
      [
        0.026158914,
        0.151587144,
        0.988097668
      ],
      [
        0.0408617631,
        -0.9877719,
        0.1504554
      ]
    ],
    "translation": [
      2.27955842,
      0.8328934,
      -0.7912231
    ]
  },
  {
    "timeStamp": 68295,
    "rotation": [
      [
        0.998930156,
        0.0349698551,
        -0.0302596148
      ],
      [
        0.0246029664,
        0.152168646,
        0.988048255
      ],
      [
        0.0391564779,
        -0.9877357,
        0.151145488
      ]
    ],
    "translation": [
      2.281203,
      0.82767576,
      -0.7923476
    ]
  },
  {
    "timeStamp": 68340,
    "rotation": [
      [
        0.9988765,
        0.0323533639,
        -0.03462525
      ],
      [
        0.0291886143,
        0.15556246,
        0.98739475
      ],
      [
        0.03733192,
        -0.9872961,
        0.154443353
      ]
    ],
    "translation": [
      2.28280473,
      0.823156536,
      -0.7931421
    ]
  },
  {
    "timeStamp": 68395,
    "rotation": [
      [
        0.999241352,
        0.0309671685,
        -0.0236149039
      ],
      [
        0.0187515337,
        0.148874849,
        0.9886782
      ],
      [
        0.0341322348,
        -0.988371,
        0.14818123
      ]
    ],
    "translation": [
      2.28508162,
      0.8160234,
      -0.79384
    ]
  },
  {
    "timeStamp": 68440,
    "rotation": [
      [
        0.9990994,
        0.03670896,
        -0.02128319
      ],
      [
        0.0157344639,
        0.145314083,
        0.989260435
      ],
      [
        0.0394074731,
        -0.9887043,
        0.1446056
      ]
    ],
    "translation": [
      2.28612542,
      0.8118908,
      -0.7920583
    ]
  },
  {
    "timeStamp": 68495,
    "rotation": [
      [
        0.998728037,
        0.045252528,
        -0.02223757
      ],
      [
        0.015366259,
        0.146886766,
        0.989033937
      ],
      [
        0.0480226949,
        -0.988117635,
        0.146004558
      ]
    ],
    "translation": [
      2.28644753,
      0.806843638,
      -0.7896286
    ]
  },
  {
    "timeStamp": 68540,
    "rotation": [
      [
        0.9987961,
        0.0470695868,
        -0.0138120921
      ],
      [
        0.006984384,
        0.142243266,
        0.989807069
      ],
      [
        0.0485544875,
        -0.9887119,
        0.141743258
      ]
    ],
    "translation": [
      2.286806,
      0.802698135,
      -0.789037764
    ]
  },
  {
    "timeStamp": 68595,
    "rotation": [
      [
        0.9989784,
        0.0444258638,
        -0.008281542
      ],
      [
        0.002168338,
        0.135924011,
        0.9907169
      ],
      [
        0.0451391153,
        -0.9897227,
        0.135688812
      ]
    ],
    "translation": [
      2.28767872,
      0.7983938,
      -0.789666951
    ]
  },
  {
    "timeStamp": 68639,
    "rotation": [
      [
        0.9991419,
        0.041395627,
        0.00139842532
      ],
      [
        -0.00678126141,
        0.130181611,
        0.991467
      ],
      [
        0.04086035,
        -0.9906257,
        0.13035062
      ]
    ],
    "translation": [
      2.28840637,
      0.7945826,
      -0.7893371
    ]
  },
  {
    "timeStamp": 68696,
    "rotation": [
      [
        0.999274552,
        0.0364004858,
        0.011196889
      ],
      [
        -0.01560934,
        0.123293146,
        0.9922475
      ],
      [
        0.0347377919,
        -0.991702437,
        0.123771884
      ]
    ],
    "translation": [
      2.289234,
      0.790513754,
      -0.7900069
    ]
  },
  {
    "timeStamp": 68740,
    "rotation": [
      [
        0.9993233,
        0.0318341069,
        0.0184242576
      ],
      [
        -0.022265086,
        0.124851219,
        0.9919256
      ],
      [
        0.02927677,
        -0.9916646,
        0.125475526
      ]
    ],
    "translation": [
      2.289115,
      0.788083,
      -0.7906236
    ]
  },
  {
    "timeStamp": 68796,
    "rotation": [
      [
        0.9988778,
        0.0412952639,
        0.023189038
      ],
      [
        -0.0284045767,
        0.130562127,
        0.991033137
      ],
      [
        0.03789736,
        -0.9905797,
        0.1315886
      ]
    ],
    "translation": [
      2.28829265,
      0.7860559,
      -0.7892413
    ]
  },
  {
    "timeStamp": 68840,
    "rotation": [
      [
        0.99876976,
        0.04550806,
        0.0196981058
      ],
      [
        -0.0258649811,
        0.139171064,
        0.9899305
      ],
      [
        0.0423084125,
        -0.989222169,
        0.1401769
      ]
    ],
    "translation": [
      2.28743362,
      0.787246,
      -0.788022459
    ]
  }
]