[
  {
    "timeStamp": 6037,
    "rotation": [
      [
        0.108863965,
        0.9939781,
        -0.01249704
      ],
      [
        -0.0233834554,
        0.0151289124,
        0.9996121
      ],
      [
        0.993781567,
        -0.108529516,
        0.0248896368
      ]
    ],
    "translation": [
      1.30575335,
      0.7020269,
      -0.6224314
    ]
  },
  {
    "timeStamp": 6081,
    "rotation": [
      [
        0.108986445,
        0.9936107,
        -0.0293210112
      ],
      [
        -0.01925445,
        0.0316013135,
        0.9993151
      ],
      [
        0.9938567,
        -0.108347237,
        0.0225755423
      ]
    ],
    "translation": [
      1.30573761,
      0.7036879,
      -0.6224136
    ]
  },
  {
    "timeStamp": 6138,
    "rotation": [
      [
        0.10380993,
        0.993902266,
        -0.03717165
      ],
      [
        -0.01838195,
        0.0392844453,
        0.999058962
      ],
      [
        0.994427264,
        -0.103028946,
        0.0223479774
      ]
    ],
    "translation": [
      1.30602312,
      0.704143941,
      -0.622675061
    ]
  },
  {
    "timeStamp": 6181,
    "rotation": [
      [
        0.120291941,
        0.992210448,
        -0.0323760845
      ],
      [
        -0.05361683,
        0.0390586965,
        0.9977974
      ],
      [
        0.9912896,
        -0.11829111,
        0.0578976274
      ]
    ],
    "translation": [
      1.30952632,
      0.709982157,
      -0.6281182
    ]
  },
  {
    "timeStamp": 6237,
    "rotation": [
      [
        0.152373463,
        0.9883229,
        -0.000424561178
      ],
      [
        -0.06556187,
        0.01053655,
        0.9977929
      ],
      [
        0.986146033,
        -0.152009323,
        0.06640179
      ]
    ],
    "translation": [
      1.31007171,
      0.724912643,
      -0.6285883
    ]
  },
  {
    "timeStamp": 6281,
    "rotation": [
      [
        0.194455683,
        0.979448736,
        0.0535467677
      ],
      [
        -0.08848768,
        -0.0368506,
        0.995395362
      ],
      [
        0.976911962,
        -0.198298529,
        0.07950333
      ]
    ],
    "translation": [
      1.31205654,
      0.747477233,
      -0.6276253
    ]
  },
  {
    "timeStamp": 6337,
    "rotation": [
      [
        0.282779127,
        0.9401367,
        0.19020775
      ],
      [
        -0.132213965,
        -0.158204347,
        0.9785146
      ],
      [
        0.950029135,
        -0.30185163,
        0.07956231
      ]
    ],
    "translation": [
      1.31741083,
      0.7965407,
      -0.6186509
    ]
  },
  {
    "timeStamp": 6381,
    "rotation": [
      [
        0.370851666,
        0.90073,
        0.226173446
      ],
      [
        -0.154548064,
        -0.18028681,
        0.9713967
      ],
      [
        0.9157423,
        -0.3951988,
        0.07234641
      ]
    ],
    "translation": [
      1.33344054,
      0.8336186,
      -0.609395266
    ]
  },
  {
    "timeStamp": 6436,
    "rotation": [
      [
        0.4661176,
        0.823859632,
        0.3224743
      ],
      [
        -0.191073284,
        -0.2621479,
        0.945922554
      ],
      [
        0.8638434,
        -0.502527356,
        0.03522582
      ]
    ],
    "translation": [
      1.36239767,
      0.8865403,
      -0.597106159
    ]
  },
  {
    "timeStamp": 6481,
    "rotation": [
      [
        0.5716775,
        0.708960354,
        0.412989169
      ],
      [
        -0.255417,
        -0.324564546,
        0.910725
      ],
      [
        0.7797095,
        -0.626125455,
        -0.004465745
      ]
    ],
    "translation": [
      1.39788425,
      0.930698454,
      -0.58208406
    ]
  },
  {
    "timeStamp": 6536,
    "rotation": [
      [
        0.667273462,
        0.5705376,
        0.478782833
      ],
      [
        -0.34025532,
        -0.338318318,
        0.8773637
      ],
      [
        0.66255,
        -0.7483499,
        -0.03162237
      ]
    ],
    "translation": [
      1.45216775,
      0.9704397,
      -0.5663902
    ]
  },
  {
    "timeStamp": 6581,
    "rotation": [
      [
        0.7390443,
        0.439314961,
        0.5107014
      ],
      [
        -0.379159629,
        -0.35536,
        0.854375362
      ],
      [
        0.5568227,
        -0.8250586,
        -0.0960562751
      ]
    ],
    "translation": [
      1.50437558,
      0.999951839,
      -0.555164456
    ]
  },
  {
    "timeStamp": 6636,
    "rotation": [
      [
        0.788299143,
        0.2760723,
        0.549880564
      ],
      [
        -0.479157031,
        -0.285204619,
        0.830100536
      ],
      [
        0.385996222,
        -0.9178467,
        -0.0925445855
      ]
    ],
    "translation": [
      1.57476974,
      1.01252472,
      -0.5466814
    ]
  },
  {
    "timeStamp": 6681,
    "rotation": [
      [
        0.803800941,
        0.128261447,
        0.580907047
      ],
      [
        -0.544513762,
        -0.234664,
        0.8052562
      ],
      [
        0.239601314,
        -0.9635776,
        -0.118783019
      ]
    ],
    "translation": [
      1.635248,
      1.01731813,
      -0.5432579
    ]
  },
  {
    "timeStamp": 6737,
    "rotation": [
      [
        0.7607689,
        -0.00754721044,
        0.648978949
      ],
      [
        -0.6355751,
        -0.211160585,
        0.742600441
      ],
      [
        0.131434247,
        -0.977422237,
        -0.165441215
      ]
    ],
    "translation": [
      1.70509636,
      1.02761042,
      -0.5435017
    ]
  },
  {
    "timeStamp": 6781,
    "rotation": [
      [
        0.7303192,
        -0.125460088,
        0.671486139
      ],
      [
        -0.683045149,
        -0.147242948,
        0.7153802
      ],
      [
        0.009119927,
        -0.9811112,
        -0.193229258
      ]
    ],
    "translation": [
      1.76484251,
      1.0220772,
      -0.547924638
    ]
  },
  {
    "timeStamp": 6836,
    "rotation": [
      [
        0.664610147,
        -0.243225411,
        0.7064947
      ],
      [
        -0.7452996,
        -0.1485745,
        0.6499647
      ],
      [
        -0.05312083,
        -0.958523333,
        -0.280019939
      ]
    ],
    "translation": [
      1.83444571,
      1.02957249,
      -0.5552656
    ]
  },
  {
    "timeStamp": 6881,
    "rotation": [
      [
        0.6091688,
        -0.31310758,
        0.7286131
      ],
      [
        -0.786904037,
        -0.124575704,
        0.6043699
      ],
      [
        -0.0984653,
        -0.941511869,
        -0.322273254
      ]
    ],
    "translation": [
      1.88598692,
      1.02860415,
      -0.5637674
    ]
  },
  {
    "timeStamp": 6936,
    "rotation": [
      [
        0.5049199,
        -0.395218343,
        0.7673711
      ],
      [
        -0.843894243,
        -0.0392143056,
        0.535074532
      ],
      [
        -0.181379348,
        -0.9177498,
        -0.353322536
      ]
    ],
    "translation": [
      1.94172406,
      1.01460993,
      -0.5742873
    ]
  },
  {
    "timeStamp": 6981,
    "rotation": [
      [
        0.473546177,
        -0.4195708,
        0.7744123
      ],
      [
        -0.8511695,
        0.008023471,
        0.524829566
      ],
      [
        -0.226416633,
        -0.9076872,
        -0.35332638
      ]
    ],
    "translation": [
      1.98079,
      0.996871,
      -0.5813249
    ]
  },
  {
    "timeStamp": 7036,
    "rotation": [
      [
        0.3996341,
        -0.466605127,
        0.789032459
      ],
      [
        -0.8764573,
        0.0576642,
        0.4780141
      ],
      [
        -0.268542767,
        -0.8825839,
        -0.3859149
      ]
    ],
    "translation": [
      2.02043867,
      0.9757393,
      -0.586773
    ]
  },
  {
    "timeStamp": 7080,
    "rotation": [
      [
        0.365204126,
        -0.464495182,
        0.806765258
      ],
      [
        -0.881591737,
        0.105814643,
        0.459999174
      ],
      [
        -0.299034983,
        -0.879231155,
        -0.370851219
      ]
    ],
    "translation": [
      2.035321,
      0.9603756,
      -0.5908965
    ]
  },
  {
    "timeStamp": 7131,
    "rotation": [
      [
        0.294193476,
        -0.5166941,
        0.804038167
      ],
      [
        -0.9021895,
        0.127525583,
        0.412057519
      ],
      [
        -0.315443128,
        -0.846619368,
        -0.428638816
      ]
    ],
    "translation": [
      2.06694865,
      0.942453265,
      -0.5913967
    ]
  },
  {
    "timeStamp": 7187,
    "rotation": [
      [
        0.22529994,
        -0.628777444,
        0.744230449
      ],
      [
        -0.9324369,
        0.08232545,
        0.351829678
      ],
      [
        -0.282491654,
        -0.773215055,
        -0.5677473
      ]
    ],
    "translation": [
      2.09657025,
      0.939792633,
      -0.5848485
    ]
  },
  {
    "timeStamp": 7231,
    "rotation": [
      [
        0.163983211,
        -0.712274253,
        0.682477057
      ],
      [
        -0.9686516,
        0.0146111324,
        0.247993276
      ],
      [
        -0.186610982,
        -0.701749265,
        -0.687549531
      ]
    ],
    "translation": [
      2.11335683,
      0.952464461,
      -0.573308647
    ]
  },
  {
    "timeStamp": 7286,
    "rotation": [
      [
        0.0924070552,
        -0.8237527,
        0.559367836
      ],
      [
        -0.980851054,
        0.0214187484,
        0.193578
      ],
      [
        -0.171441361,
        -0.566544533,
        -0.805999458
      ]
    ],
    "translation": [
      2.12862945,
      0.9425269,
      -0.565730035
    ]
  },
  {
    "timeStamp": 7331,
    "rotation": [
      [
        -0.008201795,
        -0.8785811,
        0.4775228
      ],
      [
        -0.9990962,
        0.02711704,
        0.03273171
      ],
      [
        -0.0417064652,
        -0.476822764,
        -0.878009439
      ]
    ],
    "translation": [
      2.13748884,
      0.9511992,
      -0.5589279
    ]
  },
  {
    "timeStamp": 7386,
    "rotation": [
      [
        -0.03647171,
        -0.9199675,
        0.390294284
      ],
      [
        -0.9907458,
        0.08438115,
        0.106313936
      ],
      [
        -0.130738854,
        -0.38280496,
        -0.9145314
      ]
    ],
    "translation": [
      2.1428318,
      0.922983944,
      -0.5562691
    ]
  },
  {
    "timeStamp": 7431,
    "rotation": [
      [
        -0.117670253,
        -0.950504959,
        0.287565738
      ],
      [
        -0.9890705,
        0.138084084,
        0.0516940542
      ],
      [
        -0.08884371,
        -0.278339952,
        -0.9563648
      ]
    ],
    "translation": [
      2.15346336,
      0.908822238,
      -0.556579351
    ]
  },
  {
    "timeStamp": 7486,
    "rotation": [
      [
        -0.16271235,
        -0.963821769,
        0.211121529
      ],
      [
        -0.9811193,
        0.180721074,
        0.06888302
      ],
      [
        -0.104545064,
        -0.195927292,
        -0.9750297
      ]
    ],
    "translation": [
      2.16018581,
      0.8862091,
      -0.555227757
    ]
  },
  {
    "timeStamp": 7531,
    "rotation": [
      [
        -0.1963364,
        -0.966519952,
        0.165200412
      ],
      [
        -0.9705643,
        0.21552895,
        0.107481182
      ],
      [
        -0.139488176,
        -0.139235154,
        -0.980385959
      ]
    ],
    "translation": [
      2.16205955,
      0.8666308,
      -0.5527185
    ]
  },
  {
    "timeStamp": 7586,
    "rotation": [
      [
        -0.231548131,
        -0.962154567,
        0.143680662
      ],
      [
        -0.9640114,
        0.2467686,
        0.09893117
      ],
      [
        -0.130642951,
        -0.115602456,
        -0.9846667
      ]
    ],
    "translation": [
      2.16573119,
      0.8524243,
      -0.543531239
    ]
  },
  {
    "timeStamp": 7632,
    "rotation": [
      [
        -0.214960381,
        -0.9688564,
        0.122919753
      ],
      [
        -0.9644367,
        0.2304108,
        0.129509732
      ],
      [
        -0.153798372,
        -0.09070886,
        -0.9839299
      ]
    ],
    "translation": [
      2.17188215,
      0.8448693,
      -0.538863838
    ]
  },
  {
    "timeStamp": 7690,
    "rotation": [
      [
        -0.191546783,
        -0.9778027,
        0.0849215761
      ],
      [
        -0.972052157,
        0.2009607,
        0.121364422
      ],
      [
        -0.135736361,
        -0.05930124,
        -0.9889687
      ]
    ],
    "translation": [
      2.18307018,
      0.8404967,
      -0.532271445
    ]
  },
  {
    "timeStamp": 7736,
    "rotation": [
      [
        -0.151637584,
        -0.985233665,
        0.07950267
      ],
      [
        -0.9820321,
        0.159308091,
        0.101162955
      ],
      [
        -0.112334564,
        -0.06273407,
        -0.991688132
      ]
    ],
    "translation": [
      2.188819,
      0.8382158,
      -0.5239241
    ]
  },
  {
    "timeStamp": 7780,
    "rotation": [
      [
        -0.116349019,
        -0.9915142,
        0.0579878427
      ],
      [
        -0.9898826,
        0.120535567,
        0.07485802
      ],
      [
        -0.08121239,
        -0.0486914963,
        -0.9955068
      ]
    ],
    "translation": [
      2.19461417,
      0.835055649,
      -0.518384635
    ]
  },
  {
    "timeStamp": 7836,
    "rotation": [
      [
        -0.108124636,
        -0.993826151,
        0.0248716772
      ],
      [
        -0.991289735,
        0.109673426,
        0.07291356
      ],
      [
        -0.07519116,
        -0.0167712886,
        -0.997028053
      ]
    ],
    "translation": [
      2.198959,
      0.8252444,
      -0.51787436
    ]
  },
  {
    "timeStamp": 7880,
    "rotation": [
      [
        -0.11648491,
        -0.9928047,
        0.0277499668
      ],
      [
        -0.989148259,
        0.118484132,
        0.086874336
      ],
      [
        -0.08953718,
        -0.0173292831,
        -0.995832741
      ]
    ],
    "translation": [
      2.19782376,
      0.8139728,
      -0.5148978
    ]
  },
  {
    "timeStamp": 7936,
    "rotation": [
      [
        -0.09805631,
        -0.995157063,
        -0.006884095
      ],
      [
        -0.990541339,
        0.09692966,
        0.0971208
      ],
      [
        -0.09598318,
        0.0163422879,
        -0.9952488
      ]
    ],
    "translation": [
      2.19958258,
      0.8054538,
      -0.5153436
    ]
  },
  {
    "timeStamp": 7980,
    "rotation": [
      [
        -0.106055751,
        -0.994354546,
        -0.00335613033
      ],
      [
        -0.9893561,
        0.105183236,
        0.100553818
      ],
      [
        -0.0996331349,
        0.0139847184,
        -0.994926
      ]
    ],
    "translation": [
      2.19824886,
      0.7981647,
      -0.5132155
    ]
  },
  {
    "timeStamp": 8036,
    "rotation": [
      [
        -0.09071044,
        -0.995575845,
        -0.02450308
      ],
      [
        -0.9895561,
        0.0873395354,
        0.114676654
      ],
      [
        -0.112029225,
        0.03464954,
        -0.9931007
      ]
    ],
    "translation": [
      2.201523,
      0.792621255,
      -0.513913631
    ]
  },
  {
    "timeStamp": 8080,
    "rotation": [
      [
        -0.08554981,
        -0.995767951,
        -0.0335766822
      ],
      [
        -0.988538146,
        0.08062473,
        0.127639964
      ],
      [
        -0.124392673,
        0.04411141,
        -0.991252065
      ]
    ],
    "translation": [
      2.204153,
      0.789125443,
      -0.514029443
    ]
  },
  {
    "timeStamp": 8136,
    "rotation": [
      [
        -0.0801894143,
        -0.996217549,
        -0.033471752
      ],
      [
        -0.9864349,
        0.07448713,
        0.146280244
      ],
      [
        -0.143233731,
        0.04474783,
        -0.9886768
      ]
    ],
    "translation": [
      2.208062,
      0.783920348,
      -0.514574766
    ]
  },
  {
    "timeStamp": 8181,
    "rotation": [
      [
        -0.07603363,
        -0.995674,
        -0.05340581
      ],
      [
        -0.986476839,
        0.06731571,
        0.149438992
      ],
      [
        -0.145197466,
        0.06404598,
        -0.987327635
      ]
    ],
    "translation": [
      2.21358013,
      0.780680656,
      -0.5173933
    ]
  },
  {
    "timeStamp": 8235,
    "rotation": [
      [
        -0.0731644258,
        -0.9961043,
        -0.04922511
      ],
      [
        -0.9854402,
        0.0646093339,
        0.157267913
      ],
      [
        -0.153474852,
        0.0600148179,
        -0.9863284
      ]
    ],
    "translation": [
      2.21816945,
      0.7758944,
      -0.516586065
    ]
  },
  {
    "timeStamp": 8280,
    "rotation": [
      [
        -0.0672039,
        -0.997061253,
        -0.03677642
      ],
      [
        -0.9835454,
        0.060007602,
        0.170403555
      ],
      [
        -0.16769591,
        0.0476230644,
        -0.9846878
      ]
    ],
    "translation": [
      2.22010612,
      0.7720132,
      -0.5129937
    ]
  },
  {
    "timeStamp": 8336,
    "rotation": [
      [
        -0.0616249964,
        -0.998071969,
        -0.007398044
      ],
      [
        -0.9799819,
        0.0590988621,
        0.190112621
      ],
      [
        -0.189308867,
        0.01896564,
        -0.981734455
      ]
    ],
    "translation": [
      2.22037625,
      0.7671166,
      -0.5071621
    ]
  },
  {
    "timeStamp": 8380,
    "rotation": [
      [
        -0.0622408837,
        -0.998003066,
        -0.0107675269
      ],
      [
        -0.9797036,
        0.05903285,
        0.191562235
      ],
      [
        -0.190544069,
        0.0224719867,
        -0.9814214
      ]
    ],
    "translation": [
      2.22203183,
      0.7646594,
      -0.5058035
    ]
  },
  {
    "timeStamp": 8436,
    "rotation": [
      [
        -0.058065258,
        -0.998281062,
        -0.0079558
      ],
      [
        -0.980104,
        0.0554892346,
        0.190570429
      ],
      [
        -0.1898014,
        0.0188630316,
        -0.9816413
      ]
    ],
    "translation": [
      2.22448254,
      0.7632772,
      -0.5036232
    ]
  },
  {
    "timeStamp": 8480,
    "rotation": [
      [
        -0.05442239,
        -0.9985121,
        -0.003442581
      ],
      [
        -0.979419649,
        0.0527100675,
        0.1948302
      ],
      [
        -0.194358841,
        0.0139748566,
        -0.980830967
      ]
    ],
    "translation": [
      2.2260716,
      0.761952341,
      -0.5017921
    ]
  },
  {
    "timeStamp": 8535,
    "rotation": [
      [
        -0.0552933142,
        -0.998468935,
        -0.00160190009
      ],
      [
        -0.979605436,
        0.0539381579,
        0.193556011
      ],
      [
        -0.193173259,
        0.0122715831,
        -0.9810879
      ]
    ],
    "translation": [
      2.228687,
      0.7610207,
      -0.5005477
    ]
  },
  {
    "timeStamp": 8580,
    "rotation": [
      [
        -0.05628674,
        -0.9983919,
        -0.00673538959
      ],
      [
        -0.981465638,
        0.05409222,
        0.183845535
      ],
      [
        -0.183185562,
        0.01695862,
        -0.9829321
      ]
    ],
    "translation": [
      2.231369,
      0.760520756,
      -0.5001093
    ]
  },
  {
    "timeStamp": 8636,
    "rotation": [
      [
        -0.05246516,
        -0.9986216,
        -0.00152289891
      ],
      [
        -0.980846345,
        0.0512447134,
        0.187921241
      ],
      [
        -0.187584162,
        0.0113530476,
        -0.9821829
      ]
    ],
    "translation": [
      2.23211122,
      0.758092,
      -0.498749346
    ]
  },
  {
    "timeStamp": 8680,
    "rotation": [
      [
        -0.04691611,
        -0.998898447,
        -0.0009130506
      ],
      [
        -0.9820451,
        0.0459573045,
        0.18296288
      ],
      [
        -0.182719365,
        0.009480563,
        -0.9831194
      ]
    ],
    "translation": [
      2.23223376,
      0.757830739,
      -0.498462647
    ]
  }
]