[
  {
    "timeStamp": 49928,
    "rotation": [
      [
        0.99865675,
        0.051002875,
        -0.009136867
      ],
      [
        0.009262077,
        -0.00221914053,
        0.999954641
      ],
      [
        0.0509802848,
        -0.9986961,
        -0.00268855225
      ]
    ],
    "translation": [
      1.61724746,
      0.7040497,
      -0.49482426
    ]
  },
  {
    "timeStamp": 49973,
    "rotation": [
      [
        0.9987064,
        0.05064344,
        -0.00455217762
      ],
      [
        0.004698892,
        -0.002778325,
        0.9999851
      ],
      [
        0.0506300367,
        -0.9987129,
        -0.003012699
      ]
    ],
    "translation": [
      1.61725092,
      0.704634547,
      -0.49484092
    ]
  },
  {
    "timeStamp": 50028,
    "rotation": [
      [
        0.9991197,
        0.0347150974,
        0.0235518813
      ],
      [
        -0.0223089252,
        -0.03576717,
        0.9991111
      ],
      [
        0.0355266221,
        -0.998757,
        -0.03496123
      ]
    ],
    "translation": [
      1.6105839,
      0.7113714,
      -0.490126818
    ]
  },
  {
    "timeStamp": 50072,
    "rotation": [
      [
        0.9994734,
        0.0187948588,
        0.0264532436
      ],
      [
        -0.0252971984,
        -0.0592901036,
        0.9979202
      ],
      [
        0.0203241762,
        -0.998063862,
        -0.0587834232
      ]
    ],
    "translation": [
      1.60916328,
      0.7260479,
      -0.486085624
    ]
  },
  {
    "timeStamp": 50128,
    "rotation": [
      [
        0.999574363,
        -0.009774369,
        0.027485095
      ],
      [
        -0.02855391,
        -0.1350071,
        0.9904331
      ],
      [
        -0.00597016839,
        -0.9907964,
        -0.135228738
      ]
    ],
    "translation": [
      1.61326015,
      0.764342546,
      -0.47689712
    ]
  },
  {
    "timeStamp": 50172,
    "rotation": [
      [
        0.996895,
        -0.0786533356,
        -0.00373756653
      ],
      [
        -0.0113783721,
        -0.1908585,
        0.9815516
      ],
      [
        -0.07791565,
        -0.9784614,
        -0.191160828
      ]
    ],
    "translation": [
      1.63094783,
      0.8031826,
      -0.468535721
    ]
  },
  {
    "timeStamp": 50227,
    "rotation": [
      [
        0.976362467,
        -0.212315649,
        -0.0404779464
      ],
      [
        -0.0244523156,
        -0.294577867,
        0.9553146
      ],
      [
        -0.214752153,
        -0.9317435,
        -0.2928064
      ]
    ],
    "translation": [
      1.67010486,
      0.8639561,
      -0.460830748
    ]
  },
  {
    "timeStamp": 50272,
    "rotation": [
      [
        0.910766959,
        -0.4011889,
        -0.09772921
      ],
      [
        -0.0584840365,
        -0.3596234,
        0.9312629
      ],
      [
        -0.408758074,
        -0.8424479,
        -0.350996256
      ]
    ],
    "translation": [
      1.71757889,
      0.9120809,
      -0.458462238
    ]
  },
  {
    "timeStamp": 50328,
    "rotation": [
      [
        0.725135148,
        -0.6413052,
        -0.250811845
      ],
      [
        -0.0425832458,
        -0.4052958,
        0.9131933
      ],
      [
        -0.687288642,
        -0.651508152,
        -0.321203083
      ]
    ],
    "translation": [
      1.80780375,
      0.956393838,
      -0.483034849
    ]
  },
  {
    "timeStamp": 50372,
    "rotation": [
      [
        0.5076763,
        -0.8049175,
        -0.307201028
      ],
      [
        -0.112997741,
        -0.415696979,
        0.9024564
      ],
      [
        -0.8541055,
        -0.423442721,
        -0.30199337
      ]
    ],
    "translation": [
      1.86364925,
      0.9895624,
      -0.514121532
    ]
  },
  {
    "timeStamp": 50427,
    "rotation": [
      [
        0.204553917,
        -0.873593867,
        -0.441578418
      ],
      [
        -0.108261675,
        -0.4685404,
        0.8767835
      ],
      [
        -0.97285,
        -0.131543487,
        -0.190418512
      ]
    ],
    "translation": [
      1.93887925,
      1.02914333,
      -0.571367562
    ]
  },
  {
    "timeStamp": 50472,
    "rotation": [
      [
        -0.03300656,
        -0.8807469,
        -0.472435683
      ],
      [
        -0.143494919,
        -0.463619977,
        0.8743373
      ],
      [
        -0.989100456,
        0.09665098,
        -0.111080207
      ]
    ],
    "translation": [
      1.98379445,
      1.04674673,
      -0.623451352
    ]
  },
  {
    "timeStamp": 50528,
    "rotation": [
      [
        -0.223346442,
        -0.8460879,
        -0.483995527
      ],
      [
        -0.168577358,
        -0.4555276,
        0.8741146
      ],
      [
        -0.96005106,
        0.276821077,
        -0.04089079
      ]
    ],
    "translation": [
      2.028469,
      1.05903339,
      -0.668567538
    ]
  },
  {
    "timeStamp": 50572,
    "rotation": [
      [
        -0.331944436,
        -0.8109757,
        -0.481800139
      ],
      [
        -0.242296249,
        -0.4203211,
        0.8744271
      ],
      [
        -0.9116498,
        0.406999558,
        -0.0569731072
      ]
    ],
    "translation": [
      2.06204367,
      1.05830562,
      -0.690296769
    ]
  },
  {
    "timeStamp": 50627,
    "rotation": [
      [
        -0.45479396,
        -0.783460259,
        -0.42350024
      ],
      [
        -0.329158425,
        -0.2939859,
        0.8973444
      ],
      [
        -0.8275368,
        0.5475055,
        -0.124179542
      ]
    ],
    "translation": [
      2.095169,
      1.03752315,
      -0.705781937
    ]
  },
  {
    "timeStamp": 50673,
    "rotation": [
      [
        -0.5465145,
        -0.7625676,
        -0.34613958
      ],
      [
        -0.4152385,
        -0.112186879,
        0.902768552
      ],
      [
        -0.7272544,
        0.6371066,
        -0.255335659
      ]
    ],
    "translation": [
      2.11425614,
      1.01216865,
      -0.694606066
    ]
  },
  {
    "timeStamp": 50726,
    "rotation": [
      [
        -0.6492192,
        -0.6898661,
        -0.3203112
      ],
      [
        -0.3979501,
        -0.05080402,
        0.9159993
      ],
      [
        -0.648189962,
        0.7221522,
        -0.241549343
      ]
    ],
    "translation": [
      2.142486,
      0.981045,
      -0.7102999
    ]
  },
  {
    "timeStamp": 50778,
    "rotation": [
      [
        -0.697147667,
        -0.6472389,
        -0.308329254
      ],
      [
        -0.350079149,
        -0.06798071,
        0.934250057
      ],
      [
        -0.625643432,
        0.7592499,
        -0.17919226
      ]
    ],
    "translation": [
      2.162107,
      0.956275642,
      -0.7276262
    ]
  },
  {
    "timeStamp": 50824,
    "rotation": [
      [
        -0.748237669,
        -0.6130661,
        -0.2535554
      ],
      [
        -0.299280733,
        -0.0291769784,
        0.9537189
      ],
      [
        -0.592090666,
        0.789492667,
        -0.161647558
      ]
    ],
    "translation": [
      2.17295718,
      0.9188588,
      -0.7342687
    ]
  },
  {
    "timeStamp": 50878,
    "rotation": [
      [
        -0.7869116,
        -0.586154342,
        -0.1928554
      ],
      [
        -0.263400644,
        0.03644228,
        0.96399796
      ],
      [
        -0.558023453,
        0.8093794,
        -0.183070272
      ]
    ],
    "translation": [
      2.17440271,
      0.8856392,
      -0.7238835
    ]
  },
  {
    "timeStamp": 50922,
    "rotation": [
      [
        -0.8088466,
        -0.565234065,
        -0.162103921
      ],
      [
        -0.210723937,
        0.0212599281,
        0.9773144
      ],
      [
        -0.5489651,
        0.8246566,
        -0.136304364
      ]
    ],
    "translation": [
      2.17193556,
      0.862666368,
      -0.7301506
    ]
  },
  {
    "timeStamp": 50978,
    "rotation": [
      [
        -0.8225025,
        -0.555822432,
        -0.120627843
      ],
      [
        -0.1644181,
        0.02932718,
        0.985954642
      ],
      [
        -0.544478,
        0.830783546,
        -0.115508936
      ]
    ],
    "translation": [
      2.16727638,
      0.8382261,
      -0.728404462
    ]
  },
  {
    "timeStamp": 51022,
    "rotation": [
      [
        -0.8300906,
        -0.5505264,
        -0.0887152255
      ],
      [
        -0.118546307,
        0.01876431,
        0.9927712
      ],
      [
        -0.544882059,
        0.834606946,
        -0.08083894
      ]
    ],
    "translation": [
      2.16002131,
      0.8232759,
      -0.7270117
    ]
  },
  {
    "timeStamp": 51078,
    "rotation": [
      [
        -0.8380205,
        -0.539925635,
        -0.07875239
      ],
      [
        -0.0986825153,
        0.008024298,
        0.9950866
      ],
      [
        -0.5366408,
        0.841674447,
        -0.0600057468
      ]
    ],
    "translation": [
      2.15601826,
      0.8132483,
      -0.726422548
    ]
  },
  {
    "timeStamp": 51122,
    "rotation": [
      [
        -0.852651536,
        -0.519341052,
        -0.0571867228
      ],
      [
        -0.08990134,
        0.0380113572,
        0.9952251
      ],
      [
        -0.5146875,
        0.8537213,
        -0.0790999
      ]
    ],
    "translation": [
      2.14903021,
      0.80331254,
      -0.719353259
    ]
  },
  {
    "timeStamp": 51178,
    "rotation": [
      [
        -0.8594219,
        -0.5098617,
        -0.0378817245
      ],
      [
        -0.0821726248,
        0.06461906,
        0.994521
      ],
      [
        -0.5046203,
        0.857826,
        -0.09743171
      ]
    ],
    "translation": [
      2.14375949,
      0.792758167,
      -0.706929564
    ]
  },
  {
    "timeStamp": 51222,
    "rotation": [
      [
        -0.865101755,
        -0.499720424,
        -0.043340914
      ],
      [
        -0.09863507,
        0.0847604647,
        0.991507351
      ],
      [
        -0.4918029,
        0.8620297,
        -0.12261638
      ]
    ],
    "translation": [
      2.1443367,
      0.7883697,
      -0.6972101
    ]
  },
  {
    "timeStamp": 51280,
    "rotation": [
      [
        -0.8695428,
        -0.492109179,
        -0.04151954
      ],
      [
        -0.09974322,
        0.09265835,
        0.9906895
      ],
      [
        -0.483680278,
        0.865588248,
        -0.129654959
      ]
    ],
    "translation": [
      2.143309,
      0.784218431,
      -0.6903459
    ]
  },
  {
    "timeStamp": 51325,
    "rotation": [
      [
        -0.877912,
        -0.477720857,
        -0.0324550122
      ],
      [
        -0.09117333,
        0.100239433,
        0.9907772
      ],
      [
        -0.47006166,
        0.8727742,
        -0.131556809
      ]
    ],
    "translation": [
      2.140723,
      0.7804474,
      -0.688014269
    ]
  },
  {
    "timeStamp": 51371,
    "rotation": [
      [
        -0.882591367,
        -0.469051868,
        -0.0319805257
      ],
      [
        -0.0847774446,
        0.0918751359,
        0.9921551
      ],
      [
        -0.462433964,
        0.878378749,
        -0.120853223
      ]
    ],
    "translation": [
      2.140142,
      0.7771321,
      -0.6898322
    ]
  },
  {
    "timeStamp": 51427,
    "rotation": [
      [
        -0.894567668,
        -0.446359754,
        -0.0226220842
      ],
      [
        -0.07893366,
        0.107968196,
        0.9910158
      ],
      [
        -0.4399071,
        0.888316333,
        -0.131817654
      ]
    ],
    "translation": [
      2.13774061,
      0.7712212,
      -0.688669562
    ]
  },
  {
    "timeStamp": 51472,
    "rotation": [
      [
        -0.8996279,
        -0.4363452,
        -0.0165080335
      ],
      [
        -0.07348818,
        0.114030361,
        0.990755558
      ],
      [
        -0.430429,
        0.89252454,
        -0.13465111
      ]
    ],
    "translation": [
      2.13651729,
      0.766994,
      -0.687543
    ]
  },
  {
    "timeStamp": 51527,
    "rotation": [
      [
        -0.902519643,
        -0.4300808,
        -0.0221077166
      ],
      [
        -0.07813435,
        0.1130481,
        0.99051255
      ],
      [
        -0.4235012,
        0.8956844,
        -0.135632217
      ]
    ],
    "translation": [
      2.13744068,
      0.7633885,
      -0.6873164
    ]
  },
  {
    "timeStamp": 51572,
    "rotation": [
      [
        -0.904524863,
        -0.425855964,
        -0.0219437536
      ],
      [
        -0.07425514,
        0.10662736,
        0.991522431
      ],
      [
        -0.419905931,
        0.898486137,
        -0.128069088
      ]
    ],
    "translation": [
      2.138269,
      0.7608183,
      -0.6882502
    ]
  },
  {
    "timeStamp": 51627,
    "rotation": [
      [
        -0.9034972,
        -0.427548766,
        -0.0299142
      ],
      [
        -0.0819520354,
        0.1038293,
        0.9912131
      ],
      [
        -0.420685977,
        0.898009837,
        -0.128847972
      ]
    ],
    "translation": [
      2.1416657,
      0.7583084,
      -0.6865642
    ]
  },
  {
    "timeStamp": 51672,
    "rotation": [
      [
        -0.9030866,
        -0.428109437,
        -0.03401138
      ],
      [
        -0.08504152,
        0.10064017,
        0.991281748
      ],
      [
        -0.420954138,
        0.8981057,
        -0.127293885
      ]
    ],
    "translation": [
      2.14418,
      0.756051362,
      -0.6853086
    ]
  }
]