[
  {
    "timeStamp": 73084,
    "rotation": [
      [
        0.8597173,
        -0.317366451,
        -0.4002057
      ],
      [
        0.42181322,
        -0.000691173365,
        0.9066825
      ],
      [
        -0.288027227,
        -0.9483027,
        0.133275166
      ]
    ],
    "translation": [
      1.45888114,
      0.691454649,
      -0.496593922
    ]
  },
  {
    "timeStamp": 73140,
    "rotation": [
      [
        0.8527657,
        -0.315883279,
        -0.415942729
      ],
      [
        0.4325478,
        -0.0192202423,
        0.9014061
      ],
      [
        -0.292733639,
        -0.948603332,
        0.120244257
      ]
    ],
    "translation": [
      1.4589473,
      0.6914672,
      -0.4965552
    ]
  },
  {
    "timeStamp": 73184,
    "rotation": [
      [
        0.869334638,
        -0.288980752,
        -0.4009332
      ],
      [
        0.419061959,
        0.000951296941,
        0.907957137
      ],
      [
        -0.26200074,
        -0.957334459,
        0.121927835
      ]
    ],
    "translation": [
      1.45463693,
      0.69556427,
      -0.499095052
    ]
  },
  {
    "timeStamp": 73239,
    "rotation": [
      [
        0.870256364,
        -0.332199335,
        -0.363727152
      ],
      [
        0.35379687,
        -0.09226084,
        0.9307608
      ],
      [
        -0.342755884,
        -0.9386861,
        0.0372405
      ]
    ],
    "translation": [
      1.4648416,
      0.7365647,
      -0.484951854
    ]
  },
  {
    "timeStamp": 73283,
    "rotation": [
      [
        0.8534599,
        -0.387029827,
        -0.349018782
      ],
      [
        0.295969158,
        -0.191280335,
        0.935849369
      ],
      [
        -0.428962082,
        -0.9020087,
        -0.0487012044
      ]
    ],
    "translation": [
      1.48936784,
      0.7822671,
      -0.479346335
    ]
  },
  {
    "timeStamp": 73339,
    "rotation": [
      [
        0.798078656,
        -0.4949634,
        -0.343630135
      ],
      [
        0.233455077,
        -0.271748245,
        0.933622837
      ],
      [
        -0.5554901,
        -0.8253267,
        -0.101324752
      ]
    ],
    "translation": [
      1.540844,
      0.8355833,
      -0.4817808
    ]
  },
  {
    "timeStamp": 73389,
    "rotation": [
      [
        0.7125156,
        -0.618016064,
        -0.3322314
      ],
      [
        0.18422997,
        -0.2921027,
        0.938475
      ],
      [
        -0.6770383,
        -0.729885042,
        -0.0942706242
      ]
    ],
    "translation": [
      1.59974539,
      0.8700575,
      -0.497206032
    ]
  },
  {
    "timeStamp": 73436,
    "rotation": [
      [
        0.5839518,
        -0.750138342,
        -0.3103109
      ],
      [
        0.15213348,
        -0.2743586,
        0.949517131
      ],
      [
        -0.79740566,
        -0.6016809,
        -0.0460910425
      ]
    ],
    "translation": [
      1.67765212,
      0.900653,
      -0.5278046
    ]
  },
  {
    "timeStamp": 73481,
    "rotation": [
      [
        0.466631472,
        -0.829184651,
        -0.30774644
      ],
      [
        0.181312844,
        -0.250879735,
        0.9508864
      ],
      [
        -0.86566776,
        -0.499511927,
        0.0332734473
      ]
    ],
    "translation": [
      1.74312973,
      0.913337648,
      -0.563105
    ]
  },
  {
    "timeStamp": 73536,
    "rotation": [
      [
        0.308992028,
        -0.9047959,
        -0.293032885
      ],
      [
        0.176469266,
        -0.248216033,
        0.952495337
      ],
      [
        -0.934549332,
        -0.346024781,
        0.0829718858
      ]
    ],
    "translation": [
      1.82293677,
      0.938705266,
      -0.609191835
    ]
  },
  {
    "timeStamp": 73581,
    "rotation": [
      [
        0.183586761,
        -0.9471492,
        -0.263067067
      ],
      [
        0.132986024,
        -0.241224587,
        0.96131444
      ],
      [
        -0.9739664,
        -0.211468816,
        0.08167197
      ]
    ],
    "translation": [
      1.88189363,
      0.961809754,
      -0.6431979
    ]
  },
  {
    "timeStamp": 73636,
    "rotation": [
      [
        0.05798695,
        -0.9747506,
        -0.215635881
      ],
      [
        0.109572127,
        -0.20848015,
        0.971869349
      ],
      [
        -0.992285967,
        -0.0799834,
        0.09471637
      ]
    ],
    "translation": [
      1.94544876,
      0.9801932,
      -0.6821112
    ]
  },
  {
    "timeStamp": 73680,
    "rotation": [
      [
        -0.0440595523,
        -0.9908917,
        -0.1272494
      ],
      [
        0.0446876027,
        -0.129200384,
        0.9906111
      ],
      [
        -0.998028934,
        0.0379594155,
        0.04997308
      ]
    ],
    "translation": [
      1.98962009,
      0.9875585,
      -0.705854058
    ]
  },
  {
    "timeStamp": 73736,
    "rotation": [
      [
        -0.12414936,
        -0.9914021,
        -0.0413376763
      ],
      [
        0.03495838,
        -0.0460042134,
        0.998329341
      ],
      [
        -0.9916475,
        0.122496836,
        0.04036921
      ]
    ],
    "translation": [
      2.03487015,
      0.982981265,
      -0.725931168
    ]
  },
  {
    "timeStamp": 73781,
    "rotation": [
      [
        -0.177964851,
        -0.9833868,
        0.0357622653
      ],
      [
        0.009836668,
        0.0345627852,
        0.9993541
      ],
      [
        -0.9839877,
        0.17820169,
        0.00352228852
      ]
    ],
    "translation": [
      2.06491756,
      0.97548604,
      -0.7369282
    ]
  },
  {
    "timeStamp": 73838,
    "rotation": [
      [
        -0.245577,
        -0.954681337,
        0.168153137
      ],
      [
        0.0175076127,
        0.1690688,
        0.9854487
      ],
      [
        -0.969218969,
        0.244947508,
        -0.024805218
      ]
    ],
    "translation": [
      2.09066987,
      0.957829356,
      -0.745134
    ]
  },
  {
    "timeStamp": 73883,
    "rotation": [
      [
        -0.283024251,
        -0.9154821,
        0.285989225
      ],
      [
        0.0229528528,
        0.2916306,
        0.9562556
      ],
      [
        -0.958838046,
        0.2772078,
        -0.0615256056
      ]
    ],
    "translation": [
      2.10310388,
      0.9389851,
      -0.749062955
    ]
  },
  {
    "timeStamp": 73937,
    "rotation": [
      [
        -0.339139521,
        -0.839399159,
        0.4247276
      ],
      [
        0.02762922,
        0.442402035,
        0.896391153
      ],
      [
        -0.940330267,
        0.315736562,
        -0.126844063
      ]
    ],
    "translation": [
      2.10552478,
      0.919919848,
      -0.749331653
    ]
  },
  {
    "timeStamp": 73980,
    "rotation": [
      [
        -0.374846429,
        -0.7409394,
        0.557224333
      ],
      [
        0.0567136854,
        0.5815963,
        0.811498165
      ],
      [
        -0.9253506,
        0.335789442,
        -0.175987884
      ]
    ],
    "translation": [
      2.10626316,
      0.898015738,
      -0.749843955
    ]
  },
  {
    "timeStamp": 74034,
    "rotation": [
      [
        -0.407293946,
        -0.6728145,
        0.6176021
      ],
      [
        0.06890484,
        0.6516686,
        0.7553676
      ],
      [
        -0.9106941,
        0.3502124,
        -0.219060481
      ]
    ],
    "translation": [
      2.112274,
      0.8833491,
      -0.7510432
    ]
  },
  {
    "timeStamp": 74090,
    "rotation": [
      [
        -0.425518453,
        -0.584278345,
        0.691052
      ],
      [
        0.105661727,
        0.7263347,
        0.6791712
      ],
      [
        -0.89876,
        0.362017632,
        -0.247332945
      ]
    ],
    "translation": [
      2.11020875,
      0.867317855,
      -0.752949238
    ]
  },
  {
    "timeStamp": 74134,
    "rotation": [
      [
        -0.418859273,
        -0.5643407,
        0.711390555
      ],
      [
        0.141033962,
        0.7334879,
        0.6649097
      ],
      [
        -0.897031963,
        0.37883383,
        -0.227637008
      ]
    ],
    "translation": [
      2.115211,
      0.8570987,
      -0.7583098
    ]
  },
  {
    "timeStamp": 74190,
    "rotation": [
      [
        -0.42823,
        -0.5308476,
        0.731313765
      ],
      [
        0.135950714,
        0.762215436,
        0.632886231
      ],
      [
        -0.8933848,
        0.3704435,
        -0.2542344
      ]
    ],
    "translation": [
      2.12216234,
      0.852323234,
      -0.7578202
    ]
  },
  {
    "timeStamp": 74233,
    "rotation": [
      [
        -0.421132058,
        -0.505883634,
        0.7528145
      ],
      [
        0.167224273,
        0.772469938,
        0.612638831
      ],
      [
        -0.8914504,
        0.3838907,
        -0.240715817
      ]
    ],
    "translation": [
      2.12458014,
      0.8454105,
      -0.7637271
    ]
  },
  {
    "timeStamp": 74289,
    "rotation": [
      [
        -0.422938645,
        -0.488652617,
        0.763113
      ],
      [
        0.15873915,
        0.7891654,
        0.5933127
      ],
      [
        -0.8921461,
        0.3720708,
        -0.256200254
      ]
    ],
    "translation": [
      2.13013887,
      0.8422471,
      -0.7641897
    ]
  },
  {
    "timeStamp": 74333,
    "rotation": [
      [
        -0.420273334,
        -0.4756566,
        0.7727361
      ],
      [
        0.154803991,
        0.8015267,
        0.577573
      ],
      [
        -0.894095063,
        0.362361163,
        -0.263226777
      ]
    ],
    "translation": [
      2.13280487,
      0.841121435,
      -0.7636682
    ]
  },
  {
    "timeStamp": 74390,
    "rotation": [
      [
        -0.382499158,
        -0.469266653,
        0.7959166
      ],
      [
        0.200631723,
        0.798684835,
        0.5673178
      ],
      [
        -0.9019098,
        0.3766847,
        -0.211346492
      ]
    ],
    "translation": [
      2.12973547,
      0.835459769,
      -0.7702818
    ]
  }
]