[
  {
    "timeStamp": 66708,
    "rotation": [
      [
        1.0,
        7.375699E-07,
        -8.795433E-15
      ],
      [
        0.0,
        1.19248806E-08,
        1.0
      ],
      [
        7.375699E-07,
        -1.0,
        1.19248806E-08
      ]
    ],
    "translation": [
      1.15400159,
      0.702113,
      -0.489999384
    ]
  },
  {
    "timeStamp": 66754,
    "rotation": [
      [
        0.999957144,
        0.000370322785,
        -0.009250005
      ],
      [
        0.00924948,
        0.00139436021,
        0.99995625
      ],
      [
        0.0003832045,
        -0.999999,
        0.00139087508
      ]
    ],
    "translation": [
      1.15395164,
      0.702128947,
      -0.490002841
    ]
  },
  {
    "timeStamp": 66800,
    "rotation": [
      [
        0.9990179,
        0.04075759,
        -0.017378144
      ],
      [
        0.01799302,
        -0.0147681022,
        0.999729037
      ],
      [
        0.0404899,
        -0.9990599,
        -0.015486951
      ]
    ],
    "translation": [
      1.1526407,
      0.704854965,
      -0.489216417
    ]
  },
  {
    "timeStamp": 66852,
    "rotation": [
      [
        0.9947959,
        0.0998152047,
        -0.0204458926
      ],
      [
        0.0293054469,
        -0.08811679,
        0.995678961
      ],
      [
        0.0975822657,
        -0.9910965,
        -0.0905833542
      ]
    ],
    "translation": [
      1.14941657,
      0.730510831,
      -0.481530279
    ]
  },
  {
    "timeStamp": 66908,
    "rotation": [
      [
        0.9906003,
        0.136725217,
        0.004161272
      ],
      [
        0.0233378652,
        -0.19890599,
        0.9797407
      ],
      [
        0.134782955,
        -0.970434248,
        -0.2002272
      ]
    ],
    "translation": [
      1.15285683,
      0.7730359,
      -0.47312355
    ]
  },
  {
    "timeStamp": 66952,
    "rotation": [
      [
        0.9866674,
        0.162449136,
        0.009888915
      ],
      [
        0.03608342,
        -0.27760002,
        0.9600189
      ],
      [
        0.1586994,
        -0.9468625,
        -0.2797606
      ]
    ],
    "translation": [
      1.16385818,
      0.810301661,
      -0.470578372
    ]
  },
  {
    "timeStamp": 67007,
    "rotation": [
      [
        0.976154566,
        0.216904223,
        -0.008643527
      ],
      [
        0.0898344,
        -0.367401,
        0.925713956
      ],
      [
        0.197615623,
        -0.9044164,
        -0.378125638
      ]
    ],
    "translation": [
      1.18807149,
      0.856520534,
      -0.47418803
    ]
  },
  {
    "timeStamp": 67052,
    "rotation": [
      [
        0.9691382,
        0.2392657,
        -0.0593563057
      ],
      [
        0.157418817,
        -0.4153597,
        0.895932853
      ],
      [
        0.189711779,
        -0.877626538,
        -0.440205842
      ]
    ],
    "translation": [
      1.22434747,
      0.885687232,
      -0.480927825
    ]
  },
  {
    "timeStamp": 67107,
    "rotation": [
      [
        0.9700549,
        0.214722425,
        -0.11352437
      ],
      [
        0.2035357,
        -0.463585019,
        0.8623585
      ],
      [
        0.132539526,
        -0.8596414,
        -0.4934066
      ]
    ],
    "translation": [
      1.28558373,
      0.9153662,
      -0.48748517
    ]
  },
  {
    "timeStamp": 67152,
    "rotation": [
      [
        0.9592778,
        0.2037533,
        -0.195628762
      ],
      [
        0.271049976,
        -0.4691137,
        0.840514243
      ],
      [
        0.0794854,
        -0.8593118,
        -0.5052377
      ]
    ],
    "translation": [
      1.34387064,
      0.9287539,
      -0.495219737
    ]
  },
  {
    "timeStamp": 67208,
    "rotation": [
      [
        0.918586,
        0.212988541,
        -0.332919925
      ],
      [
        0.394685954,
        -0.450540066,
        0.800772548
      ],
      [
        0.020561628,
        -0.8669773,
        -0.497923374
      ]
    ],
    "translation": [
      1.42293417,
      0.938167632,
      -0.5083362
    ]
  },
  {
    "timeStamp": 67253,
    "rotation": [
      [
        0.8790144,
        0.2154907,
        -0.4253204
      ],
      [
        0.4765921,
        -0.4231409,
        0.7705918
      ],
      [
        -0.0139150824,
        -0.8800656,
        -0.474648148
      ]
    ],
    "translation": [
      1.48788536,
      0.9464105,
      -0.5221584
    ]
  },
  {
    "timeStamp": 67309,
    "rotation": [
      [
        0.8164605,
        0.2025413,
        -0.5407119
      ],
      [
        0.57417053,
        -0.383721918,
        0.7232466
      ],
      [
        -0.0609957166,
        -0.9009631,
        -0.429587036
      ]
    ],
    "translation": [
      1.57105124,
      0.9619185,
      -0.542966366
    ]
  },
  {
    "timeStamp": 67353,
    "rotation": [
      [
        0.7576989,
        0.176676929,
        -0.628233731
      ],
      [
        0.643958449,
        -0.358589828,
        0.6758186
      ],
      [
        -0.1058767,
        -0.9166235,
        -0.385475725
      ]
    ],
    "translation": [
      1.63804734,
      0.9778382,
      -0.561852455
    ]
  },
  {
    "timeStamp": 67408,
    "rotation": [
      [
        0.708808,
        0.106638521,
        -0.697294354
      ],
      [
        0.680698454,
        -0.362708777,
        0.6364683
      ],
      [
        -0.1850428,
        -0.9257811,
        -0.329679549
      ]
    ],
    "translation": [
      1.71678483,
      1.00488746,
      -0.58678025
    ]
  },
  {
    "timeStamp": 67453,
    "rotation": [
      [
        0.6841939,
        0.0424366258,
        -0.7280644
      ],
      [
        0.6850782,
        -0.379739,
        0.621664047
      ],
      [
        -0.250093132,
        -0.92411983,
        -0.2888875
      ]
    ],
    "translation": [
      1.77691829,
      1.0242002,
      -0.6068928
    ]
  },
  {
    "timeStamp": 67508,
    "rotation": [
      [
        0.649253547,
        -0.0228513461,
        -0.7602287
      ],
      [
        0.6912279,
        -0.399258018,
        0.602326334
      ],
      [
        -0.317291349,
        -0.9165538,
        -0.243424177
      ]
    ],
    "translation": [
      1.84383786,
      1.04175127,
      -0.631158769
    ]
  },
  {
    "timeStamp": 67553,
    "rotation": [
      [
        0.6494243,
        -0.0550781228,
        -0.758428931
      ],
      [
        0.682867765,
        -0.396585763,
        0.6135237
      ],
      [
        -0.334573835,
        -0.916343868,
        -0.219941363
      ]
    ],
    "translation": [
      1.88919139,
      1.047208,
      -0.6492172
    ]
  },
  {
    "timeStamp": 67609,
    "rotation": [
      [
        0.6767281,
        -0.0961267054,
        -0.729930639
      ],
      [
        0.6437677,
        -0.403778434,
        0.6500201
      ],
      [
        -0.35721454,
        -0.909792662,
        -0.211364955
      ]
    ],
    "translation": [
      1.93779778,
      1.05058,
      -0.668313
    ]
  },
  {
    "timeStamp": 67653,
    "rotation": [
      [
        0.703047037,
        -0.116837882,
        -0.7014797
      ],
      [
        0.6138889,
        -0.3982192,
        0.6815877
      ],
      [
        -0.358977944,
        -0.9098189,
        -0.208241358
      ]
    ],
    "translation": [
      1.97101414,
      1.0492394,
      -0.6824318
    ]
  },
  {
    "timeStamp": 67708,
    "rotation": [
      [
        0.723464251,
        -0.1544661,
        -0.6728594
      ],
      [
        0.5984441,
        -0.345599025,
        0.72279036
      ],
      [
        -0.344186157,
        -0.9255817,
        -0.157589212
      ]
    ],
    "translation": [
      2.01079917,
      1.03702,
      -0.7023277
    ]
  },
  {
    "timeStamp": 67753,
    "rotation": [
      [
        0.710410535,
        -0.186121568,
        -0.6787309
      ],
      [
        0.6216745,
        -0.286115,
        0.7291495
      ],
      [
        -0.32990554,
        -0.9399452,
        -0.08755207
      ]
    ],
    "translation": [
      2.044724,
      1.02200317,
      -0.721364
    ]
  },
  {
    "timeStamp": 67808,
    "rotation": [
      [
        0.7344132,
        -0.21662055,
        -0.6432051
      ],
      [
        0.599209964,
        -0.238098055,
        0.764366865
      ],
      [
        -0.31872347,
        -0.946776032,
        -0.0450611562
      ]
    ],
    "translation": [
      2.07893562,
      1.00521028,
      -0.7397398
    ]
  },
  {
    "timeStamp": 67853,
    "rotation": [
      [
        0.779435456,
        -0.2485029,
        -0.5750883
      ],
      [
        0.530253053,
        -0.227179557,
        0.816836
      ],
      [
        -0.333634466,
        -0.9416134,
        -0.0453023836
      ]
    ],
    "translation": [
      2.09862518,
      0.9951165,
      -0.747218251
    ]
  },
  {
    "timeStamp": 67903,
    "rotation": [
      [
        0.826465547,
        -0.266722858,
        -0.4957959
      ],
      [
        0.4602604,
        -0.187047839,
        0.867855668
      ],
      [
        -0.324214518,
        -0.945448041,
        -0.03182662
      ]
    ],
    "translation": [
      2.116231,
      0.981870532,
      -0.7538647
    ]
  },
  {
    "timeStamp": 67959,
    "rotation": [
      [
        0.8635262,
        -0.276663959,
        -0.421639025
      ],
      [
        0.3783423,
        -0.197391644,
        0.9043747
      ],
      [
        -0.333435923,
        -0.940475166,
        -0.0657791942
      ]
    ],
    "translation": [
      2.127547,
      0.976082861,
      -0.7536055
    ]
  },
  {
    "timeStamp": 68003,
    "rotation": [
      [
        0.8804262,
        -0.290961981,
        -0.374420583
      ],
      [
        0.321515,
        -0.214083537,
        0.9223862
      ],
      [
        -0.3485366,
        -0.932474852,
        -0.094936125
      ]
    ],
    "translation": [
      2.14076185,
      0.9721872,
      -0.752279341
    ]
  },
  {
    "timeStamp": 68059,
    "rotation": [
      [
        0.8942497,
        -0.295924455,
        -0.335776985
      ],
      [
        0.2921071,
        -0.18252331,
        0.9388071
      ],
      [
        -0.339103073,
        -0.937610745,
        -0.0767797753
      ]
    ],
    "translation": [
      2.15570784,
      0.9590623,
      -0.7551206
    ]
  },
  {
    "timeStamp": 68103,
    "rotation": [
      [
        0.8987521,
        -0.3037147,
        -0.3162311
      ],
      [
        0.280186653,
        -0.156931341,
        0.94703114
      ],
      [
        -0.337253839,
        -0.939749956,
        -0.05594556
      ]
    ],
    "translation": [
      2.16837,
      0.9480178,
      -0.758517265
    ]
  },
  {
    "timeStamp": 68159,
    "rotation": [
      [
        0.9196642,
        -0.289485216,
        -0.2653603
      ],
      [
        0.226224065,
        -0.161803573,
        0.9605427
      ],
      [
        -0.320999175,
        -0.943407655,
        -0.08331643
      ]
    ],
    "translation": [
      2.1700635,
      0.9423094,
      -0.7558323
    ]
  },
  {
    "timeStamp": 68203,
    "rotation": [
      [
        0.9170462,
        -0.307026923,
        -0.254481465
      ],
      [
        0.225019515,
        -0.128450319,
        0.9658503
      ],
      [
        -0.329230249,
        -0.942992568,
        -0.04870783
      ]
    ],
    "translation": [
      2.1765306,
      0.930438042,
      -0.7610674
    ]
  },
  {
    "timeStamp": 68258,
    "rotation": [
      [
        0.934700131,
        -0.288211137,
        -0.208014488
      ],
      [
        0.1883254,
        -0.09476191,
        0.9775243
      ],
      [
        -0.301445216,
        -0.9528665,
        -0.03429649
      ]
    ],
    "translation": [
      2.17116046,
      0.919098139,
      -0.7645905
    ]
  },
  {
    "timeStamp": 68303,
    "rotation": [
      [
        0.9330298,
        -0.299657077,
        -0.199150935
      ],
      [
        0.180974528,
        -0.08753516,
        0.9795845
      ],
      [
        -0.310972124,
        -0.950022757,
        -0.0274426136
      ]
    ],
    "translation": [
      2.171967,
      0.912799358,
      -0.765545368
    ]
  },
  {
    "timeStamp": 68360,
    "rotation": [
      [
        0.9430828,
        -0.280888855,
        -0.17803438
      ],
      [
        0.168107837,
        -0.05925389,
        0.983986139
      ],
      [
        -0.286939979,
        -0.9579094,
        -0.008661705
      ]
    ],
    "translation": [
      2.16740084,
      0.904234946,
      -0.7698253
    ]
  },
  {
    "timeStamp": 68405,
    "rotation": [
      [
        0.9449882,
        -0.2766196,
        -0.174582168
      ],
      [
        0.164903983,
        -0.0580622032,
        0.9845991
      ],
      [
        -0.282496065,
        -0.959223866,
        -0.00925242249
      ]
    ],
    "translation": [
      2.16693,
      0.899183154,
      -0.7707639
    ]
  },
  {
    "timeStamp": 68451,
    "rotation": [
      [
        0.948332369,
        -0.271592021,
        -0.1640233
      ],
      [
        0.154930115,
        -0.0547459349,
        0.9864074
      ],
      [
        -0.27688,
        -0.9608542,
        -0.009839555
      ]
    ],
    "translation": [
      2.1649766,
      0.8938891,
      -0.7703662
    ]
  },
  {
    "timeStamp": 68508,
    "rotation": [
      [
        0.957072437,
        -0.251514941,
        -0.144057259
      ],
      [
        0.1381995,
        -0.0408974476,
        0.98955965
      ],
      [
        -0.2547806,
        -0.9669889,
        -0.004382585
      ]
    ],
    "translation": [
      2.15918255,
      0.887254,
      -0.7698014
    ]
  },
  {
    "timeStamp": 68553,
    "rotation": [
      [
        0.9588783,
        -0.249357343,
        -0.1355486
      ],
      [
        0.12760663,
        -0.0478224531,
        0.9906713
      ],
      [
        -0.253513426,
        -0.96723,
        -0.0140362605
      ]
    ],
    "translation": [
      2.15562987,
      0.8789891,
      -0.7733076
    ]
  },
  {
    "timeStamp": 68608,
    "rotation": [
      [
        0.961202741,
        -0.2486856,
        -0.119351678
      ],
      [
        0.110404223,
        -0.049673032,
        0.9926447
      ],
      [
        -0.252784967,
        -0.9673097,
        -0.0202899147
      ]
    ],
    "translation": [
      2.15322924,
      0.874901056,
      -0.770927131
    ]
  },
  {
    "timeStamp": 68653,
    "rotation": [
      [
        0.964299738,
        -0.238080218,
        -0.115947679
      ],
      [
        0.110752024,
        -0.0351319,
        0.993226945
      ],
      [
        -0.240541145,
        -0.9706099,
        -0.007509815
      ]
    ],
    "translation": [
      2.15051746,
      0.869141,
      -0.7719756
    ]
  },
  {
    "timeStamp": 68700,
    "rotation": [
      [
        0.9642355,
        -0.243044078,
        -0.105733193
      ],
      [
        0.09818453,
        -0.04300052,
        0.9942388
      ],
      [
        -0.246190429,
        -0.9690617,
        -0.017599456
      ]
    ],
    "translation": [
      2.14992881,
      0.867092133,
      -0.771014631
    ]
  },
  {
    "timeStamp": 68751,
    "rotation": [
      [
        0.9643587,
        -0.249281675,
        -0.08871849
      ],
      [
        0.080272615,
        -0.0438657,
        0.9958073
      ],
      [
        -0.252128184,
        -0.967437,
        -0.0222917777
      ]
    ],
    "translation": [
      2.14934659,
      0.8641079,
      -0.7702521
    ]
  },
  {
    "timeStamp": 68807,
    "rotation": [
      [
        0.9667981,
        -0.241126969,
        -0.08461159
      ],
      [
        0.07945311,
        -0.0310543384,
        0.996354759
      ],
      [
        -0.242875561,
        -0.9699966,
        -0.0108649889
      ]
    ],
    "translation": [
      2.1466434,
      0.85852325,
      -0.772204
    ]
  },
  {
    "timeStamp": 68851,
    "rotation": [
      [
        0.966862738,
        -0.242365539,
        -0.08022049
      ],
      [
        0.07425892,
        -0.0336486176,
        0.99667114
      ],
      [
        -0.244258046,
        -0.9696013,
        -0.0145357922
      ]
    ],
    "translation": [
      2.14504027,
      0.8565519,
      -0.771496058
    ]
  },
  {
    "timeStamp": 68907,
    "rotation": [
      [
        0.968439937,
        -0.237630174,
        -0.0752058
      ],
      [
        0.07038863,
        -0.0287044384,
        0.997106552
      ],
      [
        -0.23910135,
        -0.9709315,
        -0.0110720638
      ]
    ],
    "translation": [
      2.143168,
      0.8533339,
      -0.771088958
    ]
  },
  {
    "timeStamp": 68951,
    "rotation": [
      [
        0.971224666,
        -0.228385866,
        -0.06754723
      ],
      [
        0.06334953,
        -0.0256698113,
        0.997661233
      ],
      [
        -0.229585633,
        -0.973232269,
        -0.0104630161
      ]
    ],
    "translation": [
      2.14067316,
      0.8508973,
      -0.7705639
    ]
  },
  {
    "timeStamp": 69006,
    "rotation": [
      [
        0.970251441,
        -0.233866647,
        -0.06259802
      ],
      [
        0.0572973862,
        -0.02939798,
        0.9979242
      ],
      [
        -0.23522146,
        -0.971824169,
        -0.0151234856
      ]
    ],
    "translation": [
      2.14079738,
      0.848357439,
      -0.76882267
    ]
  },
  {
    "timeStamp": 69051,
    "rotation": [
      [
        0.9700192,
        -0.235949114,
        -0.0582297742
      ],
      [
        0.0543744043,
        -0.0228194464,
        0.998259842
      ],
      [
        -0.2368673,
        -0.9714975,
        -0.009305709
      ]
    ],
    "translation": [
      2.14090657,
      0.84465003,
      -0.768760741
    ]
  },
  {
    "timeStamp": 69107,
    "rotation": [
      [
        0.9705607,
        -0.235857055,
        -0.0488186739
      ],
      [
        0.04531222,
        -0.0202675,
        0.998767257
      ],
      [
        -0.23655574,
        -0.971576333,
        -0.008983633
      ]
    ],
    "translation": [
      2.14058638,
      0.8407561,
      -0.767786741
    ]
  },
  {
    "timeStamp": 69151,
    "rotation": [
      [
        0.9702938,
        -0.238006935,
        -0.0433894843
      ],
      [
        0.04138669,
        -0.0134078292,
        0.99905324
      ],
      [
        -0.238363355,
        -0.9711709,
        -0.00315921544
      ]
    ],
    "translation": [
      2.1402812,
      0.836148262,
      -0.7681959
    ]
  },
  {
    "timeStamp": 69208,
    "rotation": [
      [
        0.9704832,
        -0.238440737,
        -0.0361723229
      ],
      [
        0.0356324427,
        -0.00657557929,
        0.999343336
      ],
      [
        -0.238522008,
        -0.9711348,
        0.002114736
      ]
    ],
    "translation": [
      2.13941026,
      0.8314202,
      -0.7690358
    ]
  },
  {
    "timeStamp": 69252,
    "rotation": [
      [
        0.9710211,
        -0.237129748,
        -0.0297918264
      ],
      [
        0.0302023,
        -0.00190239272,
        0.999542
      ],
      [
        -0.237077817,
        -0.971476138,
        0.00531459972
      ]
    ],
    "translation": [
      2.1386497,
      0.82769376,
      -0.7704782
    ]
  },
  {
    "timeStamp": 69308,
    "rotation": [
      [
        0.970699131,
        -0.239243433,
        -0.0224867687
      ],
      [
        0.0236557182,
        0.002015334,
        0.9997181
      ],
      [
        -0.239130691,
        -0.970957458,
        0.00761575857
      ]
    ],
    "translation": [
      2.13761735,
      0.823978841,
      -0.771426737
    ]
  },
  {
    "timeStamp": 69352,
    "rotation": [
      [
        0.9697753,
        -0.243528321,
        -0.0151566761
      ],
      [
        0.0156050567,
        -8.79997242E-05,
        0.9998782
      ],
      [
        -0.2435,
        -0.969893754,
        0.00371493329
      ]
    ],
    "translation": [
      2.136941,
      0.8219606,
      -0.77059567
    ]
  },
  {
    "timeStamp": 69408,
    "rotation": [
      [
        0.970266759,
        -0.241876423,
        -0.008845682
      ],
      [
        0.0105010672,
        0.00555563672,
        0.9999294
      ],
      [
        -0.241810217,
        -0.970291138,
        0.00793041
      ]
    ],
    "translation": [
      2.13524914,
      0.817931354,
      -0.7708698
    ]
  },
  {
    "timeStamp": 69452,
    "rotation": [
      [
        0.969026268,
        -0.246942118,
        -0.002777996
      ],
      [
        0.00308492384,
        0.000856031955,
        0.9999949
      ],
      [
        -0.246938467,
        -0.969029844,
        0.00159131514
      ]
    ],
    "translation": [
      2.13461685,
      0.8160377,
      -0.7691785
    ]
  },
  {
    "timeStamp": 69508,
    "rotation": [
      [
        0.968082547,
        -0.250564158,
        0.00580203068
      ],
      [
        -0.004388428,
        0.006200019,
        0.999971151
      ],
      [
        -0.250592917,
        -0.9680801,
        0.004902547
      ]
    ],
    "translation": [
      2.13351679,
      0.812451959,
      -0.7690206
    ]
  },
  {
    "timeStamp": 69552,
    "rotation": [
      [
        0.967407942,
        -0.252797037,
        0.0146819958
      ],
      [
        -0.0132660344,
        0.007304852,
        0.9998853
      ],
      [
        -0.2528753,
        -0.967491746,
        0.00371315749
      ]
    ],
    "translation": [
      2.13197327,
      0.809999049,
      -0.7684663
    ]
  },
  {
    "timeStamp": 69608,
    "rotation": [
      [
        0.966672659,
        -0.2553756,
        0.0180906281
      ],
      [
        -0.016535189,
        0.008236597,
        0.999829352
      ],
      [
        -0.255481,
        -0.9668068,
        0.00373940938
      ]
    ],
    "translation": [
      2.131055,
      0.8068989,
      -0.7678462
    ]
  },
  {
    "timeStamp": 69653,
    "rotation": [
      [
        0.9664579,
        -0.255584031,
        0.0252178144
      ],
      [
        -0.021977758,
        0.0155256381,
        0.9996379
      ],
      [
        -0.255883,
        -0.966662169,
        0.009387712
      ]
    ],
    "translation": [
      2.12959862,
      0.803905,
      -0.7684111
    ]
  },
  {
    "timeStamp": 69708,
    "rotation": [
      [
        0.9647879,
        -0.2610967,
        0.0318267569
      ],
      [
        -0.0290805772,
        0.014375587,
        0.9994737
      ],
      [
        -0.261416823,
        -0.965205669,
        0.00627654931
      ]
    ],
    "translation": [
      2.128513,
      0.8006747,
      -0.7686851
    ]
  },
  {
    "timeStamp": 69752,
    "rotation": [
      [
        0.9646201,
        -0.261238158,
        0.0355329
      ],
      [
        -0.0304410867,
        0.0235131,
        0.999259949
      ],
      [
        -0.261880338,
        -0.964987934,
        0.0147288358
      ]
    ],
    "translation": [
      2.127837,
      0.796747744,
      -0.7698021
    ]
  },
  {
    "timeStamp": 69808,
    "rotation": [
      [
        0.962313056,
        -0.2684477,
        0.043466866
      ],
      [
        -0.03811286,
        0.0251261145,
        0.9989575
      ],
      [
        -0.26926,
        -0.9629665,
        0.01394788
      ]
    ],
    "translation": [
      2.12747264,
      0.7926513,
      -0.7705813
    ]
  },
  {
    "timeStamp": 69852,
    "rotation": [
      [
        0.9617938,
        -0.269361436,
        0.0489617474
      ],
      [
        -0.04320579,
        0.02725987,
        0.998694241
      ],
      [
        -0.2703444,
        -0.9626533,
        0.0145803979
      ]
    ],
    "translation": [
      2.12659836,
      0.7899377,
      -0.7709614
    ]
  },
  {
    "timeStamp": 69908,
    "rotation": [
      [
        0.9607388,
        -0.272822142,
        0.0504877456
      ],
      [
        -0.04487923,
        0.0267630517,
        0.998633862
      ],
      [
        -0.273800641,
        -0.961692154,
        0.0134682553
      ]
    ],
    "translation": [
      2.126407,
      0.786524951,
      -0.770924568
    ]
  },
  {
    "timeStamp": 69952,
    "rotation": [
      [
        0.95906055,
        -0.2778354,
        0.0548667759
      ],
      [
        -0.0495386347,
        0.0261667669,
        0.998429358
      ],
      [
        -0.2788347,
        -0.960272253,
        0.011331927
      ]
    ],
    "translation": [
      2.12638164,
      0.784337044,
      -0.7703111
    ]
  },
  {
    "timeStamp": 70007,
    "rotation": [
      [
        0.958582044,
        -0.278245181,
        0.06082874
      ],
      [
        -0.0553598,
        0.0274777412,
        0.9980883
      ],
      [
        -0.2793847,
        -0.960117,
        0.0109360712
      ]
    ],
    "translation": [
      2.12516737,
      0.7808616,
      -0.769941449
    ]
  },
  {
    "timeStamp": 70052,
    "rotation": [
      [
        0.9569864,
        -0.282892168,
        0.0644123
      ],
      [
        -0.05916421,
        0.02706503,
        0.9978813
      ],
      [
        -0.28403613,
        -0.9587698,
        0.009163775
      ]
    ],
    "translation": [
      2.12520242,
      0.7783497,
      -0.769255042
    ]
  },
  {
    "timeStamp": 70108,
    "rotation": [
      [
        0.956946969,
        -0.281291634,
        0.07160626
      ],
      [
        -0.0658513,
        0.0298715178,
        0.9973822
      ],
      [
        -0.28269428,
        -0.9591573,
        0.010062038
      ]
    ],
    "translation": [
      2.1234,
      0.774733663,
      -0.768047631
    ]
  },
  {
    "timeStamp": 70152,
    "rotation": [
      [
        0.95593977,
        -0.2834386,
        0.07643115
      ],
      [
        -0.06961188,
        0.03406907,
        0.99699223
      ],
      [
        -0.285190016,
        -0.958385,
        0.0128372842
      ]
    ],
    "translation": [
      2.122877,
      0.771955252,
      -0.7677625
    ]
  },
  {
    "timeStamp": 70208,
    "rotation": [
      [
        0.9567388,
        -0.2803695,
        0.0777411237
      ],
      [
        -0.07068414,
        0.0352109559,
        0.9968771
      ],
      [
        -0.282231271,
        -0.9592461,
        0.0138700111
      ]
    ],
    "translation": [
      2.12143087,
      0.768138468,
      -0.768247
    ]
  },
  {
    "timeStamp": 70252,
    "rotation": [
      [
        0.95615387,
        -0.281866461,
        0.07950533
      ],
      [
        -0.0712875649,
        0.03930786,
        0.996681
      ],
      [
        -0.284056127,
        -0.9586481,
        0.0174907856
      ]
    ],
    "translation": [
      2.12078547,
      0.7646366,
      -0.7683814
    ]
  },
  {
    "timeStamp": 70308,
    "rotation": [
      [
        0.9565292,
        -0.28186214,
        0.07487055
      ],
      [
        -0.06653923,
        0.03902878,
        0.9970202
      ],
      [
        -0.283944368,
        -0.9586608,
        0.01857728
      ]
    ],
    "translation": [
      2.12075877,
      0.7601304,
      -0.768240452
    ]
  },
  {
    "timeStamp": 70353,
    "rotation": [
      [
        0.9531097,
        -0.288946867,
        0.08995306
      ],
      [
        -0.07961346,
        0.0473647267,
        0.9956999
      ],
      [
        -0.291964978,
        -0.9561727,
        0.0221397225
      ]
    ],
    "translation": [
      2.1201427,
      0.757027566,
      -0.7692434
    ]
  },
  {
    "timeStamp": 70407,
    "rotation": [
      [
        0.9473925,
        -0.300214767,
        0.110988416
      ],
      [
        -0.09941606,
        0.0536022447,
        0.993601143
      ],
      [
        -0.304242969,
        -0.9523643,
        0.0209361985
      ]
    ],
    "translation": [
      2.11971021,
      0.755810261,
      -0.7698711
    ]
  },
  {
    "timeStamp": 70452,
    "rotation": [
      [
        0.945325553,
        -0.303899378,
        0.118341327
      ],
      [
        -0.107046328,
        0.0536244959,
        0.992806852
      ],
      [
        -0.3080594,
        -0.95119375,
        0.018161295
      ]
    ],
    "translation": [
      2.11956644,
      0.754168749,
      -0.7697668
    ]
  },
  {
    "timeStamp": 70508,
    "rotation": [
      [
        0.941793,
        -0.308944941,
        0.13258557
      ],
      [
        -0.119421005,
        0.0612287931,
        0.9909539
      ],
      [
        -0.314268261,
        -0.949106932,
        0.02077033
      ]
    ],
    "translation": [
      2.11926222,
      0.7523244,
      -0.769903541
    ]
  },
  {
    "timeStamp": 70552,
    "rotation": [
      [
        0.9415322,
        -0.308366179,
        0.135747448
      ],
      [
        -0.122443438,
        0.06218847,
        0.9905252
      ],
      [
        -0.3138864,
        -0.9492328,
        0.02079503
      ]
    ],
    "translation": [
      2.119189,
      0.7511535,
      -0.76952064
    ]
  },
  {
    "timeStamp": 70607,
    "rotation": [
      [
        0.940666258,
        -0.306491345,
        0.145637035
      ],
      [
        -0.132497653,
        0.06336766,
        0.98915565
      ],
      [
        -0.312396348,
        -0.9497619,
        0.01899843
      ]
    ],
    "translation": [
      2.11892414,
      0.7506295,
      -0.7693851
    ]
  },
  {
    "timeStamp": 70652,
    "rotation": [
      [
        0.940097,
        -0.3026297,
        0.156948656
      ],
      [
        -0.142756224,
        0.068607986,
        0.9873771
      ],
      [
        -0.3095776,
        -0.9506357,
        0.0212958883
      ]
    ],
    "translation": [
      2.1186,
      0.7500021,
      -0.7692279
    ]
  },
  {
    "timeStamp": 70707,
    "rotation": [
      [
        0.939496756,
        -0.3021585,
        0.161387727
      ],
      [
        -0.145029724,
        0.07597028,
        0.9865064
      ],
      [
        -0.310341984,
        -0.9502256,
        0.0275518615
      ]
    ],
    "translation": [
      2.11848116,
      0.7497337,
      -0.769354939
    ]
  },
  {
    "timeStamp": 70752,
    "rotation": [
      [
        0.9416233,
        -0.3093252,
        0.132904619
      ],
      [
        -0.116877377,
        0.06986899,
        0.990685642
      ],
      [
        -0.315729916,
        -0.9483862,
        0.02963715
      ]
    ],
    "translation": [
      2.11924672,
      0.7475794,
      -0.7678555
    ]
  }
]