[
  {
    "timeStamp": 19586,
    "rotation": [
      [
        1.0,
        8.218637E-07,
        -9.800626E-15
      ],
      [
        0.0,
        1.19248806E-08,
        1.0
      ],
      [
        8.218637E-07,
        -1.0,
        1.19248806E-08
      ]
    ],
    "translation": [
      1.77000141,
      0.702113,
      -0.489999384
    ]
  },
  {
    "timeStamp": 19633,
    "rotation": [
      [
        0.999999762,
        -0.000732089859,
        1.40718271E-06
      ],
      [
        0.0,
        0.00192214129,
        0.999998152
      ],
      [
        -0.0007320912,
        -0.9999979,
        0.00192214083
      ]
    ],
    "translation": [
      1.77007687,
      0.7020638,
      -0.4899684
    ]
  },
  {
    "timeStamp": 19685,
    "rotation": [
      [
        0.999987245,
        -0.00407103729,
        0.00299228984
      ],
      [
        -0.00297731045,
        0.00368058379,
        0.9999888
      ],
      [
        -0.004082005,
        -0.9999849,
        0.003668416
      ]
    ],
    "translation": [
      1.77041364,
      0.7019961,
      -0.4896771
    ]
  },
  {
    "timeStamp": 19740,
    "rotation": [
      [
        0.999810934,
        -0.006801448,
        -0.01821569
      ],
      [
        0.0181317888,
        -0.0122000007,
        0.999761164
      ],
      [
        -0.007022061,
        -0.9999024,
        -0.0120743727
      ]
    ],
    "translation": [
      1.77541077,
      0.7041421,
      -0.488026142
    ]
  },
  {
    "timeStamp": 19784,
    "rotation": [
      [
        0.999678731,
        -0.00538690761,
        -0.0247653425
      ],
      [
        0.0246604383,
        -0.018738905,
        0.999520242
      ],
      [
        -0.00584839936,
        -0.999809861,
        -0.0186000429
      ]
    ],
    "translation": [
      1.776085,
      0.7068774,
      -0.488005817
    ]
  },
  {
    "timeStamp": 19840,
    "rotation": [
      [
        0.99945,
        -0.00640952354,
        -0.0325339437
      ],
      [
        0.0323531739,
        -0.0265337415,
        0.9991242
      ],
      [
        -0.00726716174,
        -0.999627352,
        -0.0263117813
      ]
    ],
    "translation": [
      1.77851677,
      0.711258233,
      -0.4877432
    ]
  },
  {
    "timeStamp": 19884,
    "rotation": [
      [
        0.9992107,
        -0.0110508772,
        -0.038155973
      ],
      [
        0.0376287475,
        -0.04452472,
        0.99829936
      ],
      [
        -0.0127309747,
        -0.998947144,
        -0.0440737456
      ]
    ],
    "translation": [
      1.78162694,
      0.7203197,
      -0.485784948
    ]
  },
  {
    "timeStamp": 19940,
    "rotation": [
      [
        0.9983834,
        -0.0468101464,
        -0.03224001
      ],
      [
        0.0276072863,
        -0.09644717,
        0.9949552
      ],
      [
        -0.0496834479,
        -0.994236767,
        -0.0949989557
      ]
    ],
    "translation": [
      1.78962517,
      0.7457009,
      -0.4788784
    ]
  },
  {
    "timeStamp": 19984,
    "rotation": [
      [
        0.9923821,
        -0.119275451,
        -0.0308397431
      ],
      [
        0.01369603,
        -0.141963631,
        0.989777148
      ],
      [
        -0.122434229,
        -0.982659459,
        -0.139248565
      ]
    ],
    "translation": [
      1.80437624,
      0.7732141,
      -0.4759304
    ]
  },
  {
    "timeStamp": 20040,
    "rotation": [
      [
        0.9750593,
        -0.216938779,
        -0.0468730256
      ],
      [
        -0.004660888,
        -0.231160238,
        0.9729045
      ],
      [
        -0.2218959,
        -0.948421061,
        -0.226406053
      ]
    ],
    "translation": [
      1.829753,
      0.819605,
      -0.472287536
    ]
  },
  {
    "timeStamp": 20085,
    "rotation": [
      [
        0.9635891,
        -0.251998454,
        -0.08940304
      ],
      [
        0.009090011,
        -0.3032917,
        0.9528544
      ],
      [
        -0.267233044,
        -0.9189728,
        -0.2899579
      ]
    ],
    "translation": [
      1.8485173,
      0.8600626,
      -0.4729118
    ]
  },
  {
    "timeStamp": 20130,
    "rotation": [
      [
        0.9457006,
        -0.291724533,
        -0.143342435
      ],
      [
        0.0324491225,
        -0.35406357,
        0.9346582
      ],
      [
        -0.3234151,
        -0.8885582,
        -0.325371921
      ]
    ],
    "translation": [
      1.8757211,
      0.899903655,
      -0.478307217
    ]
  },
  {
    "timeStamp": 20186,
    "rotation": [
      [
        0.9010462,
        -0.377371222,
        -0.2137911
      ],
      [
        0.0451208353,
        -0.408687949,
        0.911558151
      ],
      [
        -0.431369662,
        -0.8310025,
        -0.351219416
      ]
    ],
    "translation": [
      1.920403,
      0.940727949,
      -0.490953028
    ]
  },
  {
    "timeStamp": 20231,
    "rotation": [
      [
        0.8522252,
        -0.46307078,
        -0.243470013
      ],
      [
        0.0192697179,
        -0.437271029,
        0.8991233
      ],
      [
        -0.5228201,
        -0.770947158,
        -0.363730133
      ]
    ],
    "translation": [
      1.9598695,
      0.963560939,
      -0.5048077
    ]
  },
  {
    "timeStamp": 20286,
    "rotation": [
      [
        0.7936318,
        -0.535715938,
        -0.288369656
      ],
      [
        0.0259860326,
        -0.443700939,
        0.8957981
      ],
      [
        -0.6078432,
        -0.7184274,
        -0.33821404
      ]
    ],
    "translation": [
      2.0062232,
      0.975811541,
      -0.521809
    ]
  },
  {
    "timeStamp": 20330,
    "rotation": [
      [
        0.7486401,
        -0.5695939,
        -0.339265078
      ],
      [
        0.0856654048,
        -0.424331278,
        0.901445746
      ],
      [
        -0.6574188,
        -0.703921735,
        -0.2688769
      ]
    ],
    "translation": [
      2.04299545,
      0.974450946,
      -0.538429558
    ]
  },
  {
    "timeStamp": 20386,
    "rotation": [
      [
        0.695016742,
        -0.6441287,
        -0.319452554
      ],
      [
        0.0604469,
        -0.390385181,
        0.9186651
      ],
      [
        -0.716448069,
        -0.6577975,
        -0.232388645
      ]
    ],
    "translation": [
      2.081292,
      0.9641966,
      -0.5565684
    ]
  },
  {
    "timeStamp": 20430,
    "rotation": [
      [
        0.66111666,
        -0.673596263,
        -0.330443442
      ],
      [
        0.122189514,
        -0.337881863,
        0.9332232
      ],
      [
        -0.740266562,
        -0.6573461,
        -0.141072914
      ]
    ],
    "translation": [
      2.10797358,
      0.9491469,
      -0.5748724
    ]
  },
  {
    "timeStamp": 20485,
    "rotation": [
      [
        0.654173851,
        -0.703732,
        -0.2771601
      ],
      [
        0.105343387,
        -0.278100163,
        0.9547581
      ],
      [
        -0.7489722,
        -0.6537748,
        -0.107792333
      ]
    ],
    "translation": [
      2.12757874,
      0.9289357,
      -0.5854011
    ]
  },
  {
    "timeStamp": 20536,
    "rotation": [
      [
        0.6436163,
        -0.7082851,
        -0.289983124
      ],
      [
        0.139354244,
        -0.2641049,
        0.9543736
      ],
      [
        -0.752554536,
        -0.6546608,
        -0.0712797
      ]
    ],
    "translation": [
      2.14829922,
      0.919075966,
      -0.594452739
    ]
  },
  {
    "timeStamp": 20581,
    "rotation": [
      [
        0.6524079,
        -0.707895756,
        -0.270643026
      ],
      [
        0.137542039,
        -0.240585387,
        0.96083343
      ],
      [
        -0.74528265,
        -0.664080143,
        -0.05959438
      ]
    ],
    "translation": [
      2.1596787,
      0.907417834,
      -0.5981557
    ]
  },
  {
    "timeStamp": 20636,
    "rotation": [
      [
        0.65794,
        -0.7202274,
        -0.219971478
      ],
      [
        0.0860882849,
        -0.218251482,
        0.972088
      ],
      [
        -0.74813354,
        -0.658512533,
        -0.08159323
      ]
    ],
    "translation": [
      2.166134,
      0.889385641,
      -0.5949456
    ]
  },
  {
    "timeStamp": 20680,
    "rotation": [
      [
        0.6878715,
        -0.6914807,
        -0.220651686
      ],
      [
        0.123409063,
        -0.188152239,
        0.974355638
      ],
      [
        -0.715264261,
        -0.697461963,
        -0.0440895781
      ]
    ],
    "translation": [
      2.16620445,
      0.872181952,
      -0.5910444
    ]
  },
  {
    "timeStamp": 20736,
    "rotation": [
      [
        0.7025269,
        -0.6955344,
        -0.150624782
      ],
      [
        0.0524198078,
        -0.160503685,
        0.9856423
      ],
      [
        -0.709723949,
        -0.700336,
        -0.07629837
      ]
    ],
    "translation": [
      2.15956116,
      0.8536598,
      -0.580967247
    ]
  },
  {
    "timeStamp": 20780,
    "rotation": [
      [
        0.7252171,
        -0.672673047,
        -0.146871269
      ],
      [
        0.0675537363,
        -0.142768651,
        0.987448037
      ],
      [
        -0.6851983,
        -0.7260359,
        -0.05809669
      ]
    ],
    "translation": [
      2.15478778,
      0.8407247,
      -0.574807763
    ]
  },
  {
    "timeStamp": 20836,
    "rotation": [
      [
        0.7380089,
        -0.663352668,
        -0.123717472
      ],
      [
        0.0576595142,
        -0.120678969,
        0.9910156
      ],
      [
        -0.672323,
        -0.73851186,
        -0.05081356
      ]
    ],
    "translation": [
      2.15027857,
      0.827795,
      -0.5696847
    ]
  },
  {
    "timeStamp": 20880,
    "rotation": [
      [
        0.738176763,
        -0.6652361,
        -0.112053506
      ],
      [
        0.0479087941,
        -0.113987334,
        0.9923264
      ],
      [
        -0.672904,
        -0.737880647,
        -0.0522721447
      ]
    ],
    "translation": [
      2.1505723,
      0.821154058,
      -0.5662675
    ]
  },
  {
    "timeStamp": 20938,
    "rotation": [
      [
        0.741408169,
        -0.6653819,
        -0.08706814
      ],
      [
        0.0243091024,
        -0.103032447,
        0.9943809
      ],
      [
        -0.670613945,
        -0.739358664,
        -0.06021426
      ]
    ],
    "translation": [
      2.148214,
      0.8116662,
      -0.561673164
    ]
  },
  {
    "timeStamp": 20983,
    "rotation": [
      [
        0.732043743,
        -0.6769596,
        -0.0764049739
      ],
      [
        0.0165825076,
        -0.09441332,
        0.995394945
      ],
      [
        -0.6810558,
        -0.72993964,
        -0.0578889921
      ]
    ],
    "translation": [
      2.14708686,
      0.8065645,
      -0.560454667
    ]
  },
  {
    "timeStamp": 21040,
    "rotation": [
      [
        0.709278047,
        -0.7041938,
        -0.03218445
      ],
      [
        -0.0222561955,
        -0.0680037141,
        0.9974368
      ],
      [
        -0.7045774,
        -0.7067438,
        -0.0639062151
      ]
    ],
    "translation": [
      2.14620566,
      0.7974905,
      -0.5593853
    ]
  },
  {
    "timeStamp": 21085,
    "rotation": [
      [
        0.701212168,
        -0.712952137,
        0.0008673136
      ],
      [
        -0.05033055,
        -0.04828822,
        0.997564554
      ],
      [
        -0.7111739,
        -0.699548,
        -0.06974356
      ]
    ],
    "translation": [
      2.14438725,
      0.792667866,
      -0.556338668
    ]
  },
  {
    "timeStamp": 21130,
    "rotation": [
      [
        0.6894552,
        -0.724328339,
        0.000107702828
      ],
      [
        -0.0575025566,
        -0.0545858443,
        0.996852
      ],
      [
        -0.722042263,
        -0.687290967,
        -0.07928523
      ]
    ],
    "translation": [
      2.1457777,
      0.790897548,
      -0.5537185
    ]
  },
  {
    "timeStamp": 21186,
    "rotation": [
      [
        0.6717235,
        -0.740753233,
        0.008487654
      ],
      [
        -0.06276227,
        -0.0454898775,
        0.9969913
      ],
      [
        -0.738138437,
        -0.670235157,
        -0.07704798
      ]
    ],
    "translation": [
      2.146249,
      0.7898068,
      -0.554071
    ]
  },
  {
    "timeStamp": 21230,
    "rotation": [
      [
        0.6419258,
        -0.766279936,
        0.02731814
      ],
      [
        -0.0933930352,
        -0.0427751951,
        0.99471
      ],
      [
        -0.761057854,
        -0.641081333,
        -0.0990237147
      ]
    ],
    "translation": [
      2.14696,
      0.7891708,
      -0.5519336
    ]
  },
  {
    "timeStamp": 21286,
    "rotation": [
      [
        0.624497533,
        -0.7798458,
        0.04293466
      ],
      [
        -0.09824659,
        -0.0239023324,
        0.994875
      ],
      [
        -0.774822831,
        -0.625515163,
        -0.09154414
      ]
    ],
    "translation": [
      2.147533,
      0.7918149,
      -0.551603138
    ]
  },
  {
    "timeStamp": 21330,
    "rotation": [
      [
        0.595412135,
        -0.8022454,
        0.0434356
      ],
      [
        -0.114096507,
        -0.0309174675,
        0.992988467
      ],
      [
        -0.795277536,
        -0.5961932,
        -0.109942041
      ]
    ],
    "translation": [
      2.14840055,
      0.79411155,
      -0.5507043
    ]
  },
  {
    "timeStamp": 21385,
    "rotation": [
      [
        0.562006056,
        -0.8259741,
        0.0437724181
      ],
      [
        -0.127516329,
        -0.0342331976,
        0.9912455
      ],
      [
        -0.817244649,
        -0.562667668,
        -0.124564447
      ]
    ],
    "translation": [
      2.1498704,
      0.7992484,
      -0.552688
    ]
  },
  {
    "timeStamp": 21430,
    "rotation": [
      [
        0.559547961,
        -0.8284281,
        0.024757741
      ],
      [
        -0.114167191,
        -0.04745642,
        0.992327452
      ],
      [
        -0.820897043,
        -0.5580813,
        -0.121133454
      ]
    ],
    "translation": [
      2.14987516,
      0.80268997,
      -0.5529657
    ]
  },
  {
    "timeStamp": 21485,
    "rotation": [
      [
        0.52369523,
        -0.8517475,
        0.01641809
      ],
      [
        -0.104079373,
        -0.0448414,
        0.993557632
      ],
      [
        -0.845524,
        -0.5220302,
        -0.112132572
      ]
    ],
    "translation": [
      2.15029073,
      0.8039507,
      -0.5584435
    ]
  },
  {
    "timeStamp": 21530,
    "rotation": [
      [
        0.499990255,
        -0.865574,
        0.02813167
      ],
      [
        -0.108305231,
        -0.03026701,
        0.9936568
      ],
      [
        -0.859232,
        -0.499865562,
        -0.108879395
      ]
    ],
    "translation": [
      2.146862,
      0.8031326,
      -0.5610961
    ]
  },
  {
    "timeStamp": 21585,
    "rotation": [
      [
        0.48935023,
        -0.871595263,
        0.0292903036
      ],
      [
        -0.106475078,
        -0.0263769832,
        0.993965447
      ],
      [
        -0.865563035,
        -0.4895159,
        -0.10571076
      ]
    ],
    "translation": [
      2.14218068,
      0.8043529,
      -0.561624765
    ]
  },
  {
    "timeStamp": 21630,
    "rotation": [
      [
        0.4797853,
        -0.8767611,
        0.03310653
      ],
      [
        -0.109359384,
        -0.0223200545,
        0.993751645
      ],
      [
        -0.870543838,
        -0.480407953,
        -0.106590882
      ]
    ],
    "translation": [
      2.13914871,
      0.8041517,
      -0.5622529
    ]
  },
  {
    "timeStamp": 21685,
    "rotation": [
      [
        0.461334348,
        -0.886309564,
        0.04032391
      ],
      [
        -0.120089673,
        -0.017347794,
        0.992611468
      ],
      [
        -0.87906146,
        -0.462768257,
        -0.114439756
      ]
    ],
    "translation": [
      2.137731,
      0.802859068,
      -0.562516451
    ]
  },
  {
    "timeStamp": 21730,
    "rotation": [
      [
        0.4508054,
        -0.8916717,
        0.0411819369
      ],
      [
        -0.116598353,
        -0.0130829271,
        0.993092954
      ],
      [
        -0.8849741,
        -0.452493429,
        -0.109865315
      ]
    ],
    "translation": [
      2.13869715,
      0.8011689,
      -0.5659466
    ]
  },
  {
    "timeStamp": 21785,
    "rotation": [
      [
        0.428390831,
        -0.9024596,
        0.0452543274
      ],
      [
        -0.13020575,
        -0.0120927412,
        0.991413236
      ],
      [
        -0.894163132,
        -0.430604726,
        -0.12268585
      ]
    ],
    "translation": [
      2.14193225,
      0.7983963,
      -0.5683773
    ]
  },
  {
    "timeStamp": 21830,
    "rotation": [
      [
        0.412496537,
        -0.9095269,
        0.051063545
      ],
      [
        -0.143802062,
        -0.009661565,
        0.9895593
      ],
      [
        -0.8995374,
        -0.415532857,
        -0.1347772
      ]
    ],
    "translation": [
      2.144022,
      0.7944236,
      -0.569261
    ]
  },
  {
    "timeStamp": 21885,
    "rotation": [
      [
        0.372571468,
        -0.9268329,
        0.04659644
      ],
      [
        -0.15572761,
        -0.01294262,
        0.987715244
      ],
      [
        -0.9148439,
        -0.375250846,
        -0.149155527
      ]
    ],
    "translation": [
      2.149801,
      0.7887392,
      -0.569743335
    ]
  },
  {
    "timeStamp": 21929,
    "rotation": [
      [
        0.34255752,
        -0.937844157,
        0.0557012744
      ],
      [
        -0.1633602,
        -0.00107404648,
        0.9865659
      ],
      [
        -0.9251852,
        -0.347054958,
        -0.153574333
      ]
    ],
    "translation": [
      2.15097833,
      0.7821385,
      -0.5688493
    ]
  },
  {
    "timeStamp": 21985,
    "rotation": [
      [
        0.317889869,
        -0.9458864,
        0.06515288
      ],
      [
        -0.159539416,
        0.0143733881,
        0.9870869
      ],
      [
        -0.9346085,
        -0.324179381,
        -0.146337017
      ]
    ],
    "translation": [
      2.15092945,
      0.774365067,
      -0.5654742
    ]
  },
  {
    "timeStamp": 22030,
    "rotation": [
      [
        0.304538965,
        -0.950772047,
        0.05734577
      ],
      [
        -0.1449619,
        0.013240207,
        0.98934865
      ],
      [
        -0.941404343,
        -0.309608161,
        -0.133793563
      ]
    ],
    "translation": [
      2.15179515,
      0.769929647,
      -0.563315034
    ]
  },
  {
    "timeStamp": 22085,
    "rotation": [
      [
        0.2811866,
        -0.9577237,
        0.06082358
      ],
      [
        -0.140008539,
        0.0217614044,
        0.989911139
      ],
      [
        -0.9493849,
        -0.2868656,
        -0.127970472
      ]
    ],
    "translation": [
      2.15019345,
      0.7636139,
      -0.559882641
    ]
  },
  {
    "timeStamp": 22130,
    "rotation": [
      [
        0.27635482,
        -0.9602008,
        0.0405270346
      ],
      [
        -0.113661744,
        0.00921859,
        0.993476748
      ],
      [
        -0.9543108,
        -0.279158443,
        -0.106590487
      ]
    ],
    "translation": [
      2.15208578,
      0.761085,
      -0.560156763
    ]
  },
  {
    "timeStamp": 22185,
    "rotation": [
      [
        0.257792234,
        -0.965272963,
        0.0423240066
      ],
      [
        -0.102175534,
        0.0163236428,
        0.9946324
      ],
      [
        -0.9607827,
        -0.260733,
        -0.0944191739
      ]
    ],
    "translation": [
      2.14954853,
      0.7548449,
      -0.560085535
    ]
  },
  {
    "timeStamp": 22229,
    "rotation": [
      [
        0.257851064,
        -0.965558946,
        0.0347671434
      ],
      [
        -0.08082792,
        0.0143007878,
        0.9966255
      ],
      [
        -0.9627978,
        -0.259791076,
        -0.07435665
      ]
    ],
    "translation": [
      2.14934754,
      0.751357555,
      -0.5613878
    ]
  },
  {
    "timeStamp": 22285,
    "rotation": [
      [
        0.2689984,
        -0.962853134,
        0.023530582
      ],
      [
        -0.07037207,
        0.00471723825,
        0.997509658
      ],
      [
        -0.9605663,
        -0.269984424,
        -0.06648904
      ]
    ],
    "translation": [
      2.14909577,
      0.748063564,
      -0.5592736
    ]
  },
  {
    "timeStamp": 22330,
    "rotation": [
      [
        0.2886667,
        -0.9574224,
        0.0037327325
      ],
      [
        -0.0542482175,
        -0.0124633694,
        0.9984497
      ],
      [
        -0.95589155,
        -0.288421661,
        -0.0555362143
      ]
    ],
    "translation": [
      2.1501267,
      0.747130036,
      -0.5577981
    ]
  },
  {
    "timeStamp": 22385,
    "rotation": [
      [
        0.312543929,
        -0.9492678,
        -0.0347414836
      ],
      [
        -0.0307656117,
        -0.0466704629,
        0.998436451
      ],
      [
        -0.949404955,
        -0.3109864,
        -0.0437913723
      ]
    ],
    "translation": [
      2.1544292,
      0.7489637,
      -0.5570539
    ]
  },
  {
    "timeStamp": 22430,
    "rotation": [
      [
        0.3216115,
        -0.946294844,
        -0.0330459476
      ],
      [
        -0.0442963131,
        -0.0498983,
        0.9977715
      ],
      [
        -0.945835,
        -0.319430977,
        -0.05796524
      ]
    ],
    "translation": [
      2.15399146,
      0.7466337,
      -0.5547403
    ]
  },
  {
    "timeStamp": 22485,
    "rotation": [
      [
        0.3431506,
        -0.938063145,
        -0.0478042662
      ],
      [
        -0.0270724036,
        -0.0607510544,
        0.997785747
      ],
      [
        -0.938890159,
        -0.34109658,
        -0.0462423824
      ]
    ],
    "translation": [
      2.155423,
      0.744898558,
      -0.5550613
    ]
  },
  {
    "timeStamp": 22530,
    "rotation": [
      [
        0.362104774,
        -0.9309279,
        -0.04747051
      ],
      [
        -0.0238416623,
        -0.0601595379,
        0.997904
      ],
      [
        -0.931832433,
        -0.360214025,
        -0.0439789258
      ]
    ],
    "translation": [
      2.15541649,
      0.7425811,
      -0.554145038
    ]
  },
  {
    "timeStamp": 22585,
    "rotation": [
      [
        0.3670599,
        -0.929159641,
        -0.04392554
      ],
      [
        -0.0310719721,
        -0.0594428442,
        0.997748
      ],
      [
        -0.9296782,
        -0.364868432,
        -0.05068991
      ]
    ],
    "translation": [
      2.15534186,
      0.739188731,
      -0.5538765
    ]
  },
  {
    "timeStamp": 22640,
    "rotation": [
      [
        0.382036746,
        -0.923277736,
        -0.04007728
      ],
      [
        -0.0290608332,
        -0.0553475954,
        0.998044133
      ],
      [
        -0.9236901,
        -0.380124837,
        -0.0479760356
      ]
    ],
    "translation": [
      2.15396571,
      0.735430062,
      -0.551797748
    ]
  },
  {
    "timeStamp": 22685,
    "rotation": [
      [
        0.402541071,
        -0.9147438,
        -0.0347070545
      ],
      [
        -0.0340937041,
        -0.052869916,
        0.9980192
      ],
      [
        -0.914766848,
        -0.400560439,
        -0.0524693169
      ]
    ],
    "translation": [
      2.15195775,
      0.733385742,
      -0.5476049
    ]
  },
  {
    "timeStamp": 22740,
    "rotation": [
      [
        0.42590642,
        -0.903964162,
        -0.03811201
      ],
      [
        -0.0247500036,
        -0.0537481643,
        0.998247743
      ],
      [
        -0.9044286,
        -0.424216837,
        -0.0452648029
      ]
    ],
    "translation": [
      2.152422,
      0.73283,
      -0.544864357
    ]
  },
  {
    "timeStamp": 22785,
    "rotation": [
      [
        0.43227002,
        -0.900554359,
        -0.0463076457
      ],
      [
        -0.02156328,
        -0.0616619028,
        0.9978641
      ],
      [
        -0.901486337,
        -0.4303482,
        -0.0460735
      ]
    ],
    "translation": [
      2.15463471,
      0.734079242,
      -0.544653952
    ]
  },
  {
    "timeStamp": 22840,
    "rotation": [
      [
        0.4211466,
        -0.905764759,
        -0.0471779965
      ],
      [
        -0.0324468836,
        -0.06702832,
        0.9972233
      ],
      [
        -0.906412,
        -0.418446422,
        -0.0576179959
      ]
    ],
    "translation": [
      2.157577,
      0.735084,
      -0.545555949
    ]
  },
  {
    "timeStamp": 22885,
    "rotation": [
      [
        0.417211473,
        -0.9069152,
        -0.058646705
      ],
      [
        -0.0253551416,
        -0.07612188,
        0.9967761
      ],
      [
        -0.90845567,
        -0.414379448,
        -0.0547538847
      ]
    ],
    "translation": [
      2.15911961,
      0.7358873,
      -0.545679748
    ]
  },
  {
    "timeStamp": 22940,
    "rotation": [
      [
        0.41085127,
        -0.910435259,
        -0.0480517447
      ],
      [
        -0.03040527,
        -0.06635904,
        0.997332454
      ],
      [
        -0.9111953,
        -0.4082943,
        -0.0549457222
      ]
    ],
    "translation": [
      2.15846038,
      0.7337182,
      -0.5455643
    ]
  },
  {
    "timeStamp": 22985,
    "rotation": [
      [
        0.4091711,
        -0.911699355,
        -0.03719306
      ],
      [
        -0.0309060086,
        -0.0545856059,
        0.998030663
      ],
      [
        -0.9119341,
        -0.4072158,
        -0.050511837
      ]
    ],
    "translation": [
      2.157126,
      0.732100248,
      -0.5446323
    ]
  },
  {
    "timeStamp": 23040,
    "rotation": [
      [
        0.4040579,
        -0.9142376,
        -0.03011347
      ],
      [
        -0.0361618027,
        -0.04885956,
        0.9981508
      ],
      [
        -0.914018333,
        -0.402221769,
        -0.05280257
      ]
    ],
    "translation": [
      2.15502119,
      0.730549335,
      -0.5413686
    ]
  },
  {
    "timeStamp": 23084,
    "rotation": [
      [
        0.3993098,
        -0.9165308,
        -0.0228701327
      ],
      [
        -0.03427407,
        -0.03985081,
        0.998617649
      ],
      [
        -0.9161752,
        -0.397973984,
        -0.04732606
      ]
    ],
    "translation": [
      2.15372777,
      0.7292499,
      -0.5398332
    ]
  },
  {
    "timeStamp": 23132,
    "rotation": [
      [
        0.394320428,
        -0.918808043,
        -0.0174114089
      ],
      [
        -0.03635089,
        -0.0345267057,
        0.998742461
      ],
      [
        -0.9182537,
        -0.393191636,
        -0.0470140763
      ]
    ],
    "translation": [
      2.15272141,
      0.7286619,
      -0.538041353
    ]
  },
  {
    "timeStamp": 23182,
    "rotation": [
      [
        0.393701375,
        -0.919031739,
        -0.0194866285
      ],
      [
        -0.0259816758,
        -0.03231541,
        0.999139965
      ],
      [
        -0.9188711,
        -0.392856479,
        -0.0366006121
      ]
    ],
    "translation": [
      2.15278172,
      0.729153037,
      -0.538172841
    ]
  },
  {
    "timeStamp": 23238,
    "rotation": [
      [
        0.3914937,
        -0.919904232,
        -0.0225569941
      ],
      [
        -0.0158142187,
        -0.03123622,
        0.9993869
      ],
      [
        -0.920044839,
        -0.390896976,
        -0.026776351
      ]
    ],
    "translation": [
      2.152801,
      0.729643047,
      -0.5383185
    ]
  },
  {
    "timeStamp": 23282,
    "rotation": [
      [
        0.39640972,
        -0.9177997,
        -0.02242604
      ],
      [
        -0.0160186235,
        -0.0313380845,
        0.999380469
      ],
      [
        -0.9179339,
        -0.3958049,
        -0.02712461
      ]
    ],
    "translation": [
      2.15303683,
      0.7296255,
      -0.5381035
    ]
  },
  {
    "timeStamp": 23338,
    "rotation": [
      [
        0.410131544,
        -0.911721051,
        -0.023594588
      ],
      [
        -0.0139706079,
        -0.0321478546,
        0.9993855
      ],
      [
        -0.9119193,
        -0.4095499,
        -0.0259221476
      ]
    ],
    "translation": [
      2.153753,
      0.729741931,
      -0.537748158
    ]
  },
  {
    "timeStamp": 23382,
    "rotation": [
      [
        0.416263133,
        -0.9087836,
        -0.0289367754
      ],
      [
        -0.00363197713,
        -0.0334867537,
        0.999432564
      ],
      [
        -0.909236968,
        -0.415921837,
        -0.0172399823
      ]
    ],
    "translation": [
      2.15426922,
      0.7302678,
      -0.5376067
    ]
  }
]