[
  {
    "timeStamp": 1,
    "rotation": [
      [
        -0.915318966,
        0.169624433,
        0.36526528
      ],
      [
        0.0124815758,
        0.9184864,
        -0.3952555
      ],
      [
        -0.402536184,
        -0.357225776,
        -0.842825234
      ]
    ],
    "translation": [
      1.70297456,
      1.59510946,
      -1.75874019
    ]
  },
  {
    "timeStamp": 14,
    "rotation": [
      [
        -0.915252745,
        0.170376584,
        0.365081161
      ],
      [
        0.0130704846,
        0.9182582,
        -0.3957665
      ],
      [
        -0.402668118,
        -0.357454568,
        -0.8426652
      ]
    ],
    "translation": [
      1.70308471,
      1.59506512,
      -1.7585175
    ]
  },
  {
    "timeStamp": 16,
    "rotation": [
      [
        -0.9140224,
        0.172525674,
        0.367148578
      ],
      [
        0.0139650535,
        0.917901635,
        -0.396562159
      ],
      [
        -0.405423433,
        -0.357339442,
        -0.8413919
      ]
    ],
    "translation": [
      1.70380116,
      1.59497976,
      -1.75768685
    ]
  },
  {
    "timeStamp": 71,
    "rotation": [
      [
        -0.8792781,
        0.2273519,
        0.418546528
      ],
      [
        0.0354669727,
        0.9075414,
        -0.4184623
      ],
      [
        -0.4749865,
        -0.353100151,
        -0.806044757
      ]
    ],
    "translation": [
      1.718035,
      1.59423614,
      -1.73928285
    ]
  },
  {
    "timeStamp": 113,
    "rotation": [
      [
        -0.8409303,
        0.270017564,
        0.468963534
      ],
      [
        0.04450636,
        0.8981902,
        -0.4373483
      ],
      [
        -0.539310157,
        -0.346907556,
        -0.767332852
      ]
    ],
    "translation": [
      1.72878385,
      1.5940392,
      -1.72447491
    ]
  },
  {
    "timeStamp": 169,
    "rotation": [
      [
        -0.787561834,
        0.3227826,
        0.524935961
      ],
      [
        0.05531152,
        0.885431468,
        -0.461467
      ],
      [
        -0.6137483,
        -0.334398776,
        -0.7151856
      ]
    ],
    "translation": [
      1.73981547,
      1.59322786,
      -1.70732045
    ]
  },
  {
    "timeStamp": 213,
    "rotation": [
      [
        -0.6877495,
        0.406845421,
        0.6012299
      ],
      [
        0.0570062846,
        0.855909348,
        -0.5139743
      ],
      [
        -0.723706365,
        -0.3192117,
        -0.611843944
      ]
    ],
    "translation": [
      1.75483525,
      1.59081519,
      -1.679498
    ]
  },
  {
    "timeStamp": 348,
    "rotation": [
      [
        -0.648922861,
        0.433085471,
        0.625568569
      ],
      [
        0.0517880954,
        0.845427334,
        -0.5315737
      ],
      [
        -0.7590896,
        -0.312553346,
        -0.5710458
      ]
    ],
    "translation": [
      1.7581346,
      1.58977628,
      -1.67071724
    ]
  },
  {
    "timeStamp": 350,
    "rotation": [
      [
        -0.648922861,
        0.433085471,
        0.625568569
      ],
      [
        0.0517880954,
        0.845427334,
        -0.5315737
      ],
      [
        -0.7590896,
        -0.312553346,
        -0.5710458
      ]
    ],
    "translation": [
      1.7581346,
      1.58977628,
      -1.67071724
    ]
  },
  {
    "timeStamp": 382,
    "rotation": [
      [
        -0.138075754,
        0.6561134,
        0.7419234
      ],
      [
        -0.00508247875,
        0.7486192,
        -0.6629807
      ],
      [
        -0.9904086,
        -0.0953123644,
        -0.100031488
      ]
    ],
    "translation": [
      1.78992784,
      1.5800637,
      -1.55450082
    ]
  },
  {
    "timeStamp": 434,
    "rotation": [
      [
        0.0511838458,
        0.695946634,
        0.716267049
      ],
      [
        -0.0252118818,
        0.717879,
        -0.695711255
      ],
      [
        -0.998370945,
        0.0175507385,
        0.05428993
      ]
    ],
    "translation": [
      1.79181027,
      1.57706952,
      -1.50778985
    ]
  },
  {
    "timeStamp": 490,
    "rotation": [
      [
        0.182609543,
        0.7034814,
        0.686853468
      ],
      [
        -0.04606049,
        0.70395416,
        -0.708750248
      ],
      [
        -0.982106,
        0.09778775,
        0.160951465
      ]
    ],
    "translation": [
      1.7901597,
      1.57638621,
      -1.47026634
    ]
  },
  {
    "timeStamp": 534,
    "rotation": [
      [
        0.334550232,
        0.694138,
        0.637376368
      ],
      [
        -0.07755785,
        0.6943352,
        -0.715460241
      ],
      [
        -0.93918097,
        0.189923868,
        0.286125869
      ]
    ],
    "translation": [
      1.7863543,
      1.5766995,
      -1.42305231
    ]
  },
  {
    "timeStamp": 590,
    "rotation": [
      [
        0.4403113,
        0.6723805,
        0.595004559
      ],
      [
        -0.09689873,
        0.694419,
        -0.713016748
      ],
      [
        -0.892601,
        0.256294161,
        0.370913357
      ]
    ],
    "translation": [
      1.78091109,
      1.578077,
      -1.38709545
    ]
  },
  {
    "timeStamp": 634,
    "rotation": [
      [
        0.552277863,
        0.6406875,
        0.533393562
      ],
      [
        -0.105423167,
        0.6883586,
        -0.7176687
      ],
      [
        -0.8269674,
        0.3401205,
        0.447708517
      ]
    ],
    "translation": [
      1.7728467,
      1.57843828,
      -1.3426466
    ]
  },
  {
    "timeStamp": 690,
    "rotation": [
      [
        0.614310861,
        0.623360038,
        0.483781457
      ],
      [
        -0.106576696,
        0.6730385,
        -0.7318884
      ],
      [
        -0.78183347,
        0.398047179,
        0.479890466
      ]
    ],
    "translation": [
      1.76473761,
      1.57685041,
      -1.30912852
    ]
  },
  {
    "timeStamp": 734,
    "rotation": [
      [
        0.6764229,
        0.59997946,
        0.42717284
      ],
      [
        -0.102613911,
        0.651107967,
        -0.7520165
      ],
      [
        -0.7293301,
        0.4648473,
        0.501990557
      ]
    ],
    "translation": [
      1.75424337,
      1.573719,
      -1.26771069
    ]
  },
  {
    "timeStamp": 790,
    "rotation": [
      [
        0.7109077,
        0.586942,
        0.38743943
      ],
      [
        -0.09470053,
        0.6257731,
        -0.774235
      ],
      [
        -0.6968802,
        0.5137189,
        0.5004506
      ]
    ],
    "translation": [
      1.7461592,
      1.56930077,
      -1.23588622
    ]
  },
  {
    "timeStamp": 835,
    "rotation": [
      [
        0.747482657,
        0.569775343,
        0.341504961
      ],
      [
        -0.08538419,
        0.5922421,
        -0.801223338
      ],
      [
        -0.6587709,
        0.5697414,
        0.491340518
      ]
    ],
    "translation": [
      1.73666763,
      1.56275821,
      -1.19543219
    ]
  },
  {
    "timeStamp": 881,
    "rotation": [
      [
        0.7760558,
        0.551401,
        0.306095272
      ],
      [
        -0.0748595744,
        0.5624624,
        -0.8234271
      ],
      [
        -0.6262056,
        0.6161112,
        0.477779835
      ]
    ],
    "translation": [
      1.7290926,
      1.55588341,
      -1.16298532
    ]
  },
  {
    "timeStamp": 938,
    "rotation": [
      [
        0.8127159,
        0.5225773,
        0.25769344
      ],
      [
        -0.06829718,
        0.5246618,
        -0.8485668
      ],
      [
        -0.57864356,
        0.6720439,
        0.462091476
      ]
    ],
    "translation": [
      1.71869731,
      1.54648912,
      -1.12296963
    ]
  },
  {
    "timeStamp": 984,
    "rotation": [
      [
        0.837464333,
        0.500555456,
        0.219311967
      ],
      [
        -0.0718409345,
        0.498663634,
        -0.863813341
      ],
      [
        -0.541749358,
        0.7076573,
        0.453573376
      ]
    ],
    "translation": [
      1.70974541,
      1.53980923,
      -1.09281349
    ]
  },
  {
    "timeStamp": 1040,
    "rotation": [
      [
        0.860251248,
        0.477236152,
        0.179480955
      ],
      [
        -0.08328329,
        0.4788068,
        -0.873961031
      ],
      [
        -0.503022552,
        0.7368783,
        0.45163995
      ]
    ],
    "translation": [
      1.70005369,
      1.53561,
      -1.06639647
    ]
  },
  {
    "timeStamp": 1083,
    "rotation": [
      [
        0.8876452,
        0.4392696,
        0.138304844
      ],
      [
        -0.09262297,
        0.464466631,
        -0.880733669
      ],
      [
        -0.451117516,
        0.7689688,
        0.452968031
      ]
    ],
    "translation": [
      1.68811965,
      1.53216386,
      -1.03702784
    ]
  },
  {
    "timeStamp": 1140,
    "rotation": [
      [
        0.9084108,
        0.403397441,
        0.109819807
      ],
      [
        -0.09503529,
        0.45504424,
        -0.885383
      ],
      [
        -0.4071341,
        0.7938547,
        0.451704085
      ]
    ],
    "translation": [
      1.67851424,
      1.53207409,
      -1.01885545
    ]
  },
  {
    "timeStamp": 1184,
    "rotation": [
      [
        0.9279381,
        0.363370657,
        0.0830223262
      ],
      [
        -0.09673591,
        0.4498845,
        -0.8878322
      ],
      [
        -0.359962642,
        0.815822065,
        0.452615947
      ]
    ],
    "translation": [
      1.66698885,
      1.53346789,
      -0.9988948
    ]
  },
  {
    "timeStamp": 1239,
    "rotation": [
      [
        0.941043735,
        0.330976963,
        0.069934465
      ],
      [
        -0.09292808,
        0.4517031,
        -0.887315452
      ],
      [
        -0.3252706,
        0.8285038,
        0.455829471
      ]
    ],
    "translation": [
      1.6567893,
      1.53495264,
      -0.981850863
    ]
  },
  {
    "timeStamp": 1284,
    "rotation": [
      [
        0.9504705,
        0.303986,
        0.0647944659
      ],
      [
        -0.08329244,
        0.449953616,
        -0.8891592
      ],
      [
        -0.299446464,
        0.8397227,
        0.452987343
      ]
    ],
    "translation": [
      1.6493535,
      1.5344466,
      -0.9696796
    ]
  },
  {
    "timeStamp": 1339,
    "rotation": [
      [
        0.960277736,
        0.272152632,
        0.06164165
      ],
      [
        -0.06947669,
        0.447127581,
        -0.891767859
      ],
      [
        -0.270258665,
        0.852062166,
        0.4482749
      ]
    ],
    "translation": [
      1.64262223,
      1.53429341,
      -0.9584689
    ]
  },
  {
    "timeStamp": 1384,
    "rotation": [
      [
        0.973395944,
        0.22420986,
        0.0472252965
      ],
      [
        -0.05967919,
        0.447081447,
        -0.892500162
      ],
      [
        -0.221220881,
        0.86593765,
        0.448567927
      ]
    ],
    "translation": [
      1.63624716,
      1.53627348,
      -0.9442967
    ]
  },
  {
    "timeStamp": 1440,
    "rotation": [
      [
        0.981141031,
        0.190007329,
        0.0354903154
      ],
      [
        -0.05636541,
        0.456870735,
        -0.8877455
      ],
      [
        -0.18489264,
        0.8690031,
        0.458964437
      ]
    ],
    "translation": [
      1.63135982,
      1.53654659,
      -0.9354346
    ]
  },
  {
    "timeStamp": 1483,
    "rotation": [
      [
        0.9859379,
        0.1649711,
        0.0266655535
      ],
      [
        -0.05124601,
        0.450348824,
        -0.891380847
      ],
      [
        -0.159060881,
        0.8774796,
        0.4524701
      ]
    ],
    "translation": [
      1.62854791,
      1.53565311,
      -0.9273778
    ]
  },
  {
    "timeStamp": 1539,
    "rotation": [
      [
        0.98959446,
        0.142402515,
        0.0205998514
      ],
      [
        -0.0451149642,
        0.443039417,
        -0.895366251
      ],
      [
        -0.136628956,
        0.8851201,
        0.444853842
      ]
    ],
    "translation": [
      1.62923717,
      1.53396583,
      -0.9173138
    ]
  },
  {
    "timeStamp": 1583,
    "rotation": [
      [
        0.99117583,
        0.132201329,
        0.009662402
      ],
      [
        -0.04907249,
        0.433679581,
        -0.8997299
      ],
      [
        -0.123135872,
        0.891316354,
        0.436340153
      ]
    ],
    "translation": [
      1.62947869,
      1.53110135,
      -0.9081913
    ]
  },
  {
    "timeStamp": 1639,
    "rotation": [
      [
        0.9930286,
        0.117423229,
        -0.0103024328
      ],
      [
        -0.0584577,
        0.4146941,
        -0.908081234
      ],
      [
        -0.102357469,
        0.90235287,
        0.418667376
      ]
    ],
    "translation": [
      1.62886453,
      1.52425,
      -0.8978399
    ]
  },
  {
    "timeStamp": 1683,
    "rotation": [
      [
        0.9946586,
        0.0964232162,
        -0.0368360467
      ],
      [
        -0.0718800053,
        0.390932858,
        -0.9176082
      ],
      [
        -0.07407832,
        0.915354669,
        0.395775646
      ]
    ],
    "translation": [
      1.62603426,
      1.51677513,
      -0.8929678
    ]
  },
  {
    "timeStamp": 1739,
    "rotation": [
      [
        0.9949665,
        0.06601918,
        -0.0753861144
      ],
      [
        -0.09411376,
        0.357297421,
        -0.9292369
      ],
      [
        -0.0344121978,
        0.931654453,
        0.361712277
      ]
    ],
    "translation": [
      1.6198597,
      1.50892067,
      -0.8904275
    ]
  },
  {
    "timeStamp": 1783,
    "rotation": [
      [
        0.9941389,
        0.0428555869,
        -0.09925333
      ],
      [
        -0.107941173,
        0.342142,
        -0.9334279
      ],
      [
        -0.006043877,
        0.9386705,
        0.344762534
      ]
    ],
    "translation": [
      1.61413622,
      1.50527072,
      -0.88875246
    ]
  },
  {
    "timeStamp": 1839,
    "rotation": [
      [
        0.9929056,
        0.01025285,
        -0.1184619
      ],
      [
        -0.115002029,
        0.3359604,
        -0.934828937
      ],
      [
        0.0302138478,
        0.941820264,
        0.334756076
      ]
    ],
    "translation": [
      1.60642767,
      1.50438273,
      -0.888289452
    ]
  },
  {
    "timeStamp": 1883,
    "rotation": [
      [
        0.9918237,
        -0.0263727251,
        -0.124861225
      ],
      [
        -0.108694121,
        0.338096976,
        -0.9348134
      ],
      [
        0.06686877,
        0.9407417,
        0.332466
      ]
    ],
    "translation": [
      1.60124135,
      1.50600886,
      -0.8883569
    ]
  },
  {
    "timeStamp": 1939,
    "rotation": [
      [
        0.9908596,
        -0.0622537434,
        -0.119673088
      ],
      [
        -0.0907639861,
        0.348627925,
        -0.9328561
      ],
      [
        0.09979516,
        0.935191453,
        0.33979097
      ]
    ],
    "translation": [
      1.59636283,
      1.50912213,
      -0.8880174
    ]
  },
  {
    "timeStamp": 1983,
    "rotation": [
      [
        0.989531934,
        -0.09155738,
        -0.111551687
      ],
      [
        -0.07137889,
        0.361298084,
        -0.9297143
      ],
      [
        0.125425637,
        0.9279444,
        0.350980729
      ]
    ],
    "translation": [
      1.5928793,
      1.5127641,
      -0.88703835
    ]
  },
  {
    "timeStamp": 2039,
    "rotation": [
      [
        0.9850822,
        -0.13312915,
        -0.109040149
      ],
      [
        -0.05080243,
        0.380420148,
        -0.9234174
      ],
      [
        0.164414823,
        0.9151815,
        0.3679818
      ]
    ],
    "translation": [
      1.58882689,
      1.51787853,
      -0.884298444
    ]
  },
  {
    "timeStamp": 2083,
    "rotation": [
      [
        0.9801537,
        -0.165553436,
        -0.109044671
      ],
      [
        -0.0362222828,
        0.3912413,
        -0.919575
      ],
      [
        0.194901586,
        0.9052747,
        0.3774799
      ]
    ],
    "translation": [
      1.586138,
      1.521332,
      -0.8813338
    ]
  },
  {
    "timeStamp": 2139,
    "rotation": [
      [
        0.9738761,
        -0.198983952,
        -0.109410822
      ],
      [
        -0.0221187714,
        0.396401316,
        -0.917810857
      ],
      [
        0.226000234,
        0.896254063,
        0.381644458
      ]
    ],
    "translation": [
      1.58421588,
      1.52446818,
      -0.877275
    ]
  },
  {
    "timeStamp": 2183,
    "rotation": [
      [
        0.9682242,
        -0.22258921,
        -0.113999173
      ],
      [
        -0.0168283731,
        0.39682132,
        -0.9177416
      ],
      [
        0.249516681,
        0.8904981,
        0.380466223
      ]
    ],
    "translation": [
      1.58386922,
      1.525768,
      -0.8726064
    ]
  },
  {
    "timeStamp": 2239,
    "rotation": [
      [
        0.958579957,
        -0.25486064,
        -0.127163127
      ],
      [
        -0.0171670672,
        0.393953,
        -0.9189702
      ],
      [
        0.284305662,
        0.8830895,
        0.37326026
      ]
    ],
    "translation": [
      1.58447838,
      1.524631,
      -0.8657912
    ]
  },
  {
    "timeStamp": 2283,
    "rotation": [
      [
        0.9472827,
        -0.285000682,
        -0.146390349
      ],
      [
        -0.0275911409,
        0.382640243,
        -0.923485339
      ],
      [
        0.319208771,
        0.878840744,
        0.354604959
      ]
    ],
    "translation": [
      1.58662057,
      1.52231872,
      -0.8614267
    ]
  },
  {
    "timeStamp": 2338,
    "rotation": [
      [
        0.930458,
        -0.321981132,
        -0.174860224
      ],
      [
        -0.0482996739,
        0.36528933,
        -0.9296402
      ],
      [
        0.363201171,
        0.873436868,
        0.3243348
      ]
    ],
    "translation": [
      1.592107,
      1.51909971,
      -0.855177164
    ]
  },
  {
    "timeStamp": 2383,
    "rotation": [
      [
        0.9162659,
        -0.349817127,
        -0.195153549
      ],
      [
        -0.0631611943,
        0.354924768,
        -0.932758868
      ],
      [
        0.395559847,
        0.866981268,
        0.30311057
      ]
    ],
    "translation": [
      1.5996511,
      1.51647031,
      -0.8488486
    ]
  },
  {
    "timeStamp": 2438,
    "rotation": [
      [
        0.9006515,
        -0.377830029,
        -0.21464251
      ],
      [
        -0.07685785,
        0.347654462,
        -0.9344674
      ],
      [
        0.427691251,
        0.8581264,
        0.2840763
      ]
    ],
    "translation": [
      1.61451316,
      1.51222134,
      -0.839991331
    ]
  },
  {
    "timeStamp": 2483,
    "rotation": [
      [
        0.8875203,
        -0.401522726,
        -0.226024881
      ],
      [
        -0.0820262954,
        0.345021755,
        -0.9350036
      ],
      [
        0.4534087,
        0.8483746,
        0.2732784
      ]
    ],
    "translation": [
      1.63028526,
      1.50847626,
      -0.8323624
    ]
  },
  {
    "timeStamp": 2538,
    "rotation": [
      [
        0.868632,
        -0.4274524,
        -0.250525
      ],
      [
        -0.09705564,
        0.349045366,
        -0.932066262
      ],
      [
        0.48585853,
        0.833937466,
        0.2617053
      ]
    ],
    "translation": [
      1.65432549,
      1.504032,
      -0.823274851
    ]
  },
  {
    "timeStamp": 2583,
    "rotation": [
      [
        0.856366754,
        -0.443409741,
        -0.26462
      ],
      [
        -0.110770881,
        0.3427827,
        -0.9328611
      ],
      [
        0.504346848,
        0.8281834,
        0.24443084
      ]
    ],
    "translation": [
      1.67700434,
      1.50214148,
      -0.8174429
    ]
  },
  {
    "timeStamp": 2629,
    "rotation": [
      [
        0.8446817,
        -0.459747344,
        -0.274126261
      ],
      [
        -0.12664713,
        0.325928956,
        -0.9368729
      ],
      [
        0.520070553,
        0.8260767,
        0.2170805
      ]
    ],
    "translation": [
      1.70220208,
      1.50374591,
      -0.813042164
    ]
  },
  {
    "timeStamp": 2681,
    "rotation": [
      [
        0.831545532,
        -0.467294574,
        -0.300279677
      ],
      [
        -0.154628485,
        0.3244854,
        -0.933166265
      ],
      [
        0.5334999,
        0.822402,
        0.197567314
      ]
    ],
    "translation": [
      1.73336554,
      1.51020384,
      -0.8056464
    ]
  },
  {
    "timeStamp": 2737,
    "rotation": [
      [
        0.826296151,
        -0.444659024,
        -0.345706582
      ],
      [
        -0.194555,
        0.3506731,
        -0.9160659
      ],
      [
        0.528567,
        0.8242007,
        0.203249186
      ]
    ],
    "translation": [
      1.76018608,
      1.516789,
      -0.7971041
    ]
  },
  {
    "timeStamp": 2781,
    "rotation": [
      [
        0.816564,
        -0.440758646,
        -0.372766733
      ],
      [
        -0.217683256,
        0.3629675,
        -0.906018
      ],
      [
        0.534637451,
        0.8209668,
        0.200440422
      ]
    ],
    "translation": [
      1.781184,
      1.518486,
      -0.7929846
    ]
  },
  {
    "timeStamp": 2837,
    "rotation": [
      [
        0.798702538,
        -0.451292574,
        -0.398006618
      ],
      [
        -0.2405399,
        0.366833478,
        -0.898651063
      ],
      [
        0.5515567,
        0.813491344,
        0.184436977
      ]
    ],
    "translation": [
      1.806212,
      1.51756656,
      -0.79074347
    ]
  },
  {
    "timeStamp": 2881,
    "rotation": [
      [
        0.787357,
        -0.460956067,
        -0.409375817
      ],
      [
        -0.256020278,
        0.359587848,
        -0.8973016
      ],
      [
        0.5608232,
        0.811305165,
        0.1651099
      ]
    ],
    "translation": [
      1.82500434,
      1.51648951,
      -0.790358543
    ]
  },
  {
    "timeStamp": 2936,
    "rotation": [
      [
        0.7699558,
        -0.4757697,
        -0.425219
      ],
      [
        -0.272591442,
        0.357273877,
        -0.893336058
      ],
      [
        0.576941848,
        0.8037403,
        0.14539437
      ]
    ],
    "translation": [
      1.84618974,
      1.51581454,
      -0.7896755
    ]
  },
  {
    "timeStamp": 2981,
    "rotation": [
      [
        0.757115543,
        -0.4851266,
        -0.437525153
      ],
      [
        -0.28232497,
        0.360985816,
        -0.888809264
      ],
      [
        0.5891254,
        0.796455562,
        0.136344612
      ]
    ],
    "translation": [
      1.86102843,
      1.51505733,
      -0.789058447
    ]
  },
  {
    "timeStamp": 3037,
    "rotation": [
      [
        0.74239707,
        -0.497860759,
        -0.448309332
      ],
      [
        -0.2924511,
        0.3612141,
        -0.8854359
      ],
      [
        0.6027595,
        0.7884536,
        0.122564353
      ]
    ],
    "translation": [
      1.87743425,
      1.51357388,
      -0.7898656
    ]
  },
  {
    "timeStamp": 3082,
    "rotation": [
      [
        0.730817556,
        -0.5085271,
        -0.455308557
      ],
      [
        -0.302845925,
        0.3562251,
        -0.883961558
      ],
      [
        0.6117107,
        0.783902943,
        0.1063302
      ]
    ],
    "translation": [
      1.88889313,
      1.51261747,
      -0.791875243
    ]
  },
  {
    "timeStamp": 3138,
    "rotation": [
      [
        0.7200833,
        -0.5205502,
        -0.458811134
      ],
      [
        -0.3085153,
        0.352082551,
        -0.8836607
      ],
      [
        0.6215291,
        0.7778595,
        0.0929310545
      ]
    ],
    "translation": [
      1.90108669,
      1.512372,
      -0.795004368
    ]
  },
  {
    "timeStamp": 3182,
    "rotation": [
      [
        0.712467551,
        -0.526165366,
        -0.464262873
      ],
      [
        -0.309248865,
        0.358460456,
        -0.880835533
      ],
      [
        0.629885,
        0.7711395,
        0.0926754251
      ]
    ],
    "translation": [
      1.90822947,
      1.51364422,
      -0.796333551
    ]
  },
  {
    "timeStamp": 3238,
    "rotation": [
      [
        0.704881847,
        -0.530979156,
        -0.4703219
      ],
      [
        -0.3046985,
        0.372104853,
        -0.876753569
      ],
      [
        0.6405469,
        0.761314034,
        0.100501396
      ]
    ],
    "translation": [
      1.91469145,
      1.51561046,
      -0.7973267
    ]
  },
  {
    "timeStamp": 3282,
    "rotation": [
      [
        0.701615155,
        -0.5360402,
        -0.46946466
      ],
      [
        -0.297316879,
        0.37852186,
        -0.87654084
      ],
      [
        0.6475638,
        0.7545741,
        0.106202856
      ]
    ],
    "translation": [
      1.91801751,
      1.51657355,
      -0.798955441
    ]
  },
  {
    "timeStamp": 3338,
    "rotation": [
      [
        0.693281,
        -0.5470162,
        -0.469185174
      ],
      [
        -0.289665669,
        0.384624481,
        -0.8764461
      ],
      [
        0.659890354,
        0.7435303,
        0.108201019
      ]
    ],
    "translation": [
      1.91927242,
      1.51730585,
      -0.8016882
    ]
  },
  {
    "timeStamp": 3382,
    "rotation": [
      [
        0.6833027,
        -0.5591551,
        -0.469513655
      ],
      [
        -0.285819471,
        0.386884,
        -0.876714349
      ],
      [
        0.6718666,
        0.7332574,
        0.104541488
      ]
    ],
    "translation": [
      1.91836584,
      1.51757443,
      -0.804532766
    ]
  },
  {
    "timeStamp": 3438,
    "rotation": [
      [
        0.6723363,
        -0.5709276,
        -0.4711747
      ],
      [
        -0.287151635,
        0.3855163,
        -0.8768815
      ],
      [
        0.6822814,
        0.7248578,
        0.09525378
      ]
    ],
    "translation": [
      1.91499281,
      1.51760232,
      -0.8088119
    ]
  },
  {
    "timeStamp": 3482,
    "rotation": [
      [
        0.670163631,
        -0.580042362,
        -0.4630675
      ],
      [
        -0.2811942,
        0.3789699,
        -0.8816528
      ],
      [
        0.6868846,
        0.721063554,
        0.0908673257
      ]
    ],
    "translation": [
      1.9118371,
      1.51638556,
      -0.8125508
    ]
  },
  {
    "timeStamp": 3538,
    "rotation": [
      [
        0.6718724,
        -0.594052434,
        -0.4423677
      ],
      [
        -0.26662752,
        0.3632291,
        -0.8927342
      ],
      [
        0.6910118,
        0.717750847,
        0.08565285
      ]
    ],
    "translation": [
      1.90726066,
      1.514353,
      -0.8180381
    ]
  },
  {
    "timeStamp": 3582,
    "rotation": [
      [
        0.6731099,
        -0.606278241,
        -0.423497051
      ],
      [
        -0.2512984,
        0.351064324,
        -0.9019994
      ],
      [
        0.6955373,
        0.713568866,
        0.08394813
      ]
    ],
    "translation": [
      1.9030776,
      1.51341689,
      -0.8226005
    ]
  },
  {
    "timeStamp": 3638,
    "rotation": [
      [
        0.6695522,
        -0.6177287,
        -0.412445337
      ],
      [
        -0.2359006,
        0.349682838,
        -0.9066823
      ],
      [
        0.7043088,
        0.7043672,
        0.088408336
      ]
    ],
    "translation": [
      1.89508343,
      1.51405954,
      -0.82732
    ]
  },
  {
    "timeStamp": 3682,
    "rotation": [
      [
        0.6644202,
        -0.622159541,
        -0.4140814
      ],
      [
        -0.227878749,
        0.359024167,
        -0.905081749
      ],
      [
        0.7117704,
        0.6957149,
        0.09676596
      ]
    ],
    "translation": [
      1.88671708,
      1.51573491,
      -0.830462
    ]
  },
  {
    "timeStamp": 3738,
    "rotation": [
      [
        0.6561392,
        -0.6263143,
        -0.420965135
      ],
      [
        -0.221563682,
        0.373365879,
        -0.900837064
      ],
      [
        0.7213812,
        0.6843451,
        0.106211491
      ]
    ],
    "translation": [
      1.87490439,
      1.51853991,
      -0.8338343
    ]
  },
  {
    "timeStamp": 3782,
    "rotation": [
      [
        0.6534069,
        -0.6271696,
        -0.423931152
      ],
      [
        -0.217660815,
        0.380711555,
        -0.898711562
      ],
      [
        0.7250401,
        0.67949754,
        0.112249322
      ]
    ],
    "translation": [
      1.86436212,
      1.52006555,
      -0.836389065
    ]
  },
  {
    "timeStamp": 3838,
    "rotation": [
      [
        0.6551508,
        -0.624982655,
        -0.424469173
      ],
      [
        -0.210409492,
        0.3886697,
        -0.8970305
      ],
      [
        0.725606859,
        0.677002549,
        0.123134956
      ]
    ],
    "translation": [
      1.84926581,
      1.52108335,
      -0.838883638
    ]
  },
  {
    "timeStamp": 3882,
    "rotation": [
      [
        0.66371876,
        -0.6196994,
        -0.418867677
      ],
      [
        -0.2009319,
        0.391695619,
        -0.897886932
      ],
      [
        0.7204886,
        0.680108249,
        0.135458335
      ]
    ],
    "translation": [
      1.83591056,
      1.52116513,
      -0.84022
    ]
  },
  {
    "timeStamp": 3937,
    "rotation": [
      [
        0.6822364,
        -0.607322156,
        -0.407079
      ],
      [
        -0.186684892,
        0.39362213,
        -0.900116861
      ],
      [
        0.7068962,
        0.690088,
        0.155165479
      ]
    ],
    "translation": [
      1.81677079,
      1.520652,
      -0.8409376
    ]
  },
  {
    "timeStamp": 3982,
    "rotation": [
      [
        0.698504865,
        -0.5988912,
        -0.391688973
      ],
      [
        -0.170637012,
        0.392170876,
        -0.903927565
      ],
      [
        0.6949633,
        0.698234439,
        0.171740264
      ]
    ],
    "translation": [
      1.79976606,
      1.51966381,
      -0.8415216
    ]
  },
  {
    "timeStamp": 4038,
    "rotation": [
      [
        0.710135162,
        -0.5953525,
        -0.375850379
      ],
      [
        -0.151957184,
        0.391645551,
        -0.907481551
      ],
      [
        0.6874715,
        0.7015477,
        0.187653184
      ]
    ],
    "translation": [
      1.77611768,
      1.51760268,
      -0.84229815
    ]
  },
  {
    "timeStamp": 4082,
    "rotation": [
      [
        0.7170025,
        -0.5918302,
        -0.368299454
      ],
      [
        -0.141433045,
        0.39384982,
        -0.9082285
      ],
      [
        0.6825717,
        0.703291833,
        0.198686972
      ]
    ],
    "translation": [
      1.755229,
      1.51502061,
      -0.842419
    ]
  },
  {
    "timeStamp": 4138,
    "rotation": [
      [
        0.7301703,
        -0.58393383,
        -0.3547853
      ],
      [
        -0.1274996,
        0.393685073,
        -0.910360336
      ],
      [
        0.6712638,
        0.70995307,
        0.213005826
      ]
    ],
    "translation": [
      1.72840142,
      1.51044846,
      -0.8417895
    ]
  },
  {
    "timeStamp": 4182,
    "rotation": [
      [
        0.7347226,
        -0.584203362,
        -0.344803125
      ],
      [
        -0.113983922,
        0.394740462,
        -0.911694944
      ],
      [
        0.668723,
        0.7091449,
        0.22343494
      ]
    ],
    "translation": [
      1.70680094,
      1.50588679,
      -0.840615153
    ]
  },
  {
    "timeStamp": 4237,
    "rotation": [
      [
        0.7371229,
        -0.587873161,
        -0.333249122
      ],
      [
        -0.0968610644,
        0.3961402,
        -0.913066745
      ],
      [
        0.668780863,
        0.7053213,
        0.235061958
      ]
    ],
    "translation": [
      1.68037176,
      1.49919677,
      -0.838875055
    ]
  },
  {
    "timeStamp": 4282,
    "rotation": [
      [
        0.7401486,
        -0.5893751,
        -0.323754728
      ],
      [
        -0.08375571,
        0.396910548,
        -0.9140279
      ],
      [
        0.6672069,
        0.7036328,
        0.244409263
      ]
    ],
    "translation": [
      1.65981817,
      1.4929831,
      -0.8362398
    ]
  },
  {
    "timeStamp": 4338,
    "rotation": [
      [
        0.745571,
        -0.594112754,
        -0.3019169
      ],
      [
        -0.0566478334,
        0.3949006,
        -0.9169758
      ],
      [
        0.664014161,
        0.700773537,
        0.260771245
      ]
    ],
    "translation": [
      1.63607192,
      1.483641,
      -0.83203876
    ]
  },
  {
    "timeStamp": 4382,
    "rotation": [
      [
        0.7472035,
        -0.602775455,
        -0.2799082
      ],
      [
        -0.03193604,
        0.388118654,
        -0.9210559
      ],
      [
        0.6638275,
        0.6971554,
        0.270753354
      ]
    ],
    "translation": [
      1.61892176,
      1.47521639,
      -0.8281946
    ]
  },
  {
    "timeStamp": 4437,
    "rotation": [
      [
        0.7456642,
        -0.6155322,
        -0.255156755
      ],
      [
        -0.00221160357,
        0.380644768,
        -0.9247187
      ],
      [
        0.666318238,
        0.690093935,
        0.282471836
      ]
    ],
    "translation": [
      1.59834123,
      1.46353245,
      -0.82252717
    ]
  },
  {
    "timeStamp": 4482,
    "rotation": [
      [
        0.7428356,
        -0.626923,
        -0.234867826
      ],
      [
        0.0186560713,
        0.370072931,
        -0.928815365
      ],
      [
        0.669213951,
        0.6855754,
        0.286599278
      ]
    ],
    "translation": [
      1.58391261,
      1.45292187,
      -0.818642
    ]
  },
  {
    "timeStamp": 4537,
    "rotation": [
      [
        0.737696,
        -0.6419032,
        -0.2092004
      ],
      [
        0.0390994065,
        0.349965274,
        -0.935946345
      ],
      [
        0.6739998,
        0.682264268,
        0.283266
      ]
    ],
    "translation": [
      1.56841946,
      1.44064343,
      -0.8142878
    ]
  },
  {
    "timeStamp": 4582,
    "rotation": [
      [
        0.7346703,
        -0.650851667,
        -0.191446334
      ],
      [
        0.04834772,
        0.3317033,
        -0.942144036
      ],
      [
        0.6766994,
        0.6829092,
        0.275159746
      ]
    ],
    "translation": [
      1.55886841,
      1.43292928,
      -0.811666
    ]
  },
  {
    "timeStamp": 4637,
    "rotation": [
      [
        0.733140349,
        -0.6567065,
        -0.176753372
      ],
      [
        0.0519466251,
        0.313217878,
        -0.948259532
      ],
      [
        0.6780905,
        0.68602556,
        0.263746351
      ]
    ],
    "translation": [
      1.5492444,
      1.42674232,
      -0.8088983
    ]
  },
  {
    "timeStamp": 4682,
    "rotation": [
      [
        0.728359,
        -0.661005735,
        -0.18045646
      ],
      [
        0.04770909,
        0.31164974,
        -0.9489986
      ],
      [
        0.6835327,
        0.6826022,
        0.2585289
      ]
    ],
    "translation": [
      1.54197884,
      1.42464852,
      -0.8061341
    ]
  },
  {
    "timeStamp": 4739,
    "rotation": [
      [
        0.7210291,
        -0.6661465,
        -0.1906981
      ],
      [
        0.0382228643,
        0.313034743,
        -0.9489722
      ],
      [
        0.6918497,
        0.6769476,
        0.251169175
      ]
    ],
    "translation": [
      1.534893,
      1.42414784,
      -0.802454352
    ]
  },
  {
    "timeStamp": 4782,
    "rotation": [
      [
        0.7174099,
        -0.667421937,
        -0.199677065
      ],
      [
        0.0301128421,
        0.316065282,
        -0.9482594
      ],
      [
        0.696000159,
        0.674277842,
        0.246846333
      ]
    ],
    "translation": [
      1.53034592,
      1.42489994,
      -0.7991798
    ]
  },
  {
    "timeStamp": 4837,
    "rotation": [
      [
        0.71626544,
        -0.6664608,
        -0.206866741
      ],
      [
        0.0229729414,
        0.3188031,
        -0.947542548
      ],
      [
        0.6974497,
        0.673939645,
        0.2436582
      ]
    ],
    "translation": [
      1.52615213,
      1.426431,
      -0.795403242
    ]
  },
  {
    "timeStamp": 4884,
    "rotation": [
      [
        0.71665597,
        -0.664687634,
        -0.211174443
      ],
      [
        0.0158364959,
        0.318221956,
        -0.947883964
      ],
      [
        0.6972471,
        0.675962448,
        0.238581985
      ]
    ],
    "translation": [
      1.52394509,
      1.42764783,
      -0.7932999
    ]
  },
  {
    "timeStamp": 4935,
    "rotation": [
      [
        0.7173981,
        -0.6623082,
        -0.2160734
      ],
      [
        0.008343271,
        0.3183003,
        -0.9479532
      ],
      [
        0.696613431,
        0.6782571,
        0.233873874
      ]
    ],
    "translation": [
      1.52168322,
      1.42910266,
      -0.7910855
    ]
  },
  {
    "timeStamp": 4980,
    "rotation": [
      [
        0.7173058,
        -0.6607336,
        -0.221141428
      ],
      [
        0.00216338,
        0.319496542,
        -0.947585
      ],
      [
        0.6967551,
        0.679229736,
        0.230606139
      ]
    ],
    "translation": [
      1.51959467,
      1.43003988,
      -0.7898388
    ]
  },
  {
    "timeStamp": 5035,
    "rotation": [
      [
        0.7163993,
        -0.6602769,
        -0.225402713
      ],
      [
        -0.004690031,
        0.31850493,
        -0.9479096
      ],
      [
        0.697674632,
        0.680138946,
        0.225080013
      ]
    ],
    "translation": [
      1.51727986,
      1.43095326,
      -0.7886374
    ]
  },
  {
    "timeStamp": 5080,
    "rotation": [
      [
        0.7196629,
        -0.6570783,
        -0.224351078
      ],
      [
        -0.006562444,
        0.316670269,
        -0.948513
      ],
      [
        0.694292665,
        0.6840819,
        0.2235838
      ]
    ],
    "translation": [
      1.51594472,
      1.43139482,
      -0.7871549
    ]
  },
  {
    "timeStamp": 5135,
    "rotation": [
      [
        0.725790739,
        -0.6525698,
        -0.217670813
      ],
      [
        -0.001242682,
        0.315176576,
        -0.949032247
      ],
      [
        0.6879145,
        0.6890693,
        0.22794129
      ]
    ],
    "translation": [
      1.514709,
      1.43127942,
      -0.784486532
    ]
  },
  {
    "timeStamp": 5180,
    "rotation": [
      [
        0.7283158,
        -0.651907563,
        -0.211122662
      ],
      [
        0.00702598225,
        0.315187722,
        -0.949003339
      ],
      [
        0.6852057,
        0.6896907,
        0.234136462
      ]
    ],
    "translation": [
      1.51324582,
      1.4303726,
      -0.7823638
    ]
  },
  {
    "timeStamp": 5235,
    "rotation": [
      [
        0.731153846,
        -0.6516085,
        -0.202040732
      ],
      [
        0.0177869517,
        0.3142622,
        -0.9491696
      ],
      [
        0.6819807,
        0.6903953,
        0.241364136
      ]
    ],
    "translation": [
      1.511384,
      1.42826819,
      -0.7798009
    ]
  },
  {
    "timeStamp": 5280,
    "rotation": [
      [
        0.731399953,
        -0.6530988,
        -0.196255252
      ],
      [
        0.0242005922,
        0.3124621,
        -0.9496219
      ],
      [
        0.68151927,
        0.6898039,
        0.2443401
      ]
    ],
    "translation": [
      1.50930047,
      1.42588568,
      -0.778167
    ]
  },
  {
    "timeStamp": 5337,
    "rotation": [
      [
        0.732555568,
        -0.6536125,
        -0.1901398
      ],
      [
        0.0352518223,
        0.315378875,
