[
  {
    "id": "004 sugar box(Clone)-88560",
    "pickRotation": [
      [
        -0.972864151,
        -0.115607873,
        0.200424746
      ],
      [
        -0.08226701,
        -0.6367909,
        -0.7666352
      ],
      [
        0.216257721,
        -0.7623202,
        0.6100003
      ]
    ],
    "pickTranslation": [
      0.009866847,
      0.0256366059,
      0.125964716
    ],
    "placeRotation": [
      [
        -0.04190459,
        -0.9991204,
        -0.00154719444
      ],
      [
        -0.983379543,
        0.04097049,
        0.176878765
      ],
      [
        -0.1766598,
        0.008933512,
        -0.9842314
      ]
    ],
    "placeTranslation": [
      -0.987226367,
      0.211326718,
      0.441461176
    ]
  },
  {
    "id": "100 half egg carton(Clone)-88464",
    "pickRotation": [
      [
        -0.0926339254,
        -0.192965984,
        0.976823
      ],
      [
        -0.717279,
        -0.66750133,
        -0.19988209
      ],
      [
        0.690601051,
        -0.719170451,
        -0.07657718
      ]
    ],
    "pickTranslation": [
      -0.061701,
      0.0279930625,
      0.03938247
    ],
    "placeRotation": [
      [
        0.0125962058,
        -0.0209297128,
        -0.99970156
      ],
      [
        -0.000519940455,
        0.999780655,
        -0.02093792
      ],
      [
        0.999920547,
        0.000783523661,
        0.012582561
      ]
    ],
    "placeTranslation": [
      -0.9612475,
      0.451902151,
      0.5009968
    ]
  },
  {
    "id": "025 mug(Clone)-88588",
    "pickRotation": [
      [
        -0.9577348,
        0.00200485787,
        -0.287645549
      ],
      [
        0.2853982,
        0.131570742,
        -0.949335039
      ],
      [
        0.0359424576,
        -0.991304755,
        -0.126582056
      ]
    ],
    "pickTranslation": [
      -0.02207091,
      0.0421360023,
      0.08101949
    ],
    "placeRotation": [
      [
        0.418559343,
        -0.9076312,
        -0.0318385176
      ],
      [
        -0.000311363168,
        -0.0352005437,
        0.999380231
      ],
      [
        -0.9081894,
        -0.418290019,
        -0.0150161181
      ]
    ],
    "placeTranslation": [
      -0.7622696,
      0.0455012061,
      -0.241173074
    ]
  },
  {
    "id": "002 masterchef can(Clone)-88476",
    "pickRotation": [
      [
        -0.763942957,
        -0.05265123,
        -0.643132269
      ],
      [
        0.641829252,
        0.0409939364,
        -0.7657511
      ],
      [
        0.0666822642,
        -0.997771263,
        0.00247606821
      ]
    ],
    "pickTranslation": [
      0.0232560188,
      -0.0146535737,
      0.152635574
    ],
    "placeRotation": [
      [
        -0.033335112,
        -0.999413848,
        -0.00779297343
      ],
      [
        0.006790962,
        -0.008023624,
        0.999944746
      ],
      [
        -0.9994212,
        0.0332803428,
        0.00705444952
      ]
    ],
    "placeTranslation": [
      -0.582032144,
      0.141897872,
      -0.366047978
    ]
  },
  {
    "id": "007 tuna fish can(Clone)-88116",
    "pickRotation": [
      [
        -0.8144871,
        -0.07963088,
        0.574691057
      ],
      [
        -0.573940635,
        -0.0343113355,
        -0.8181778
      ],
      [
        0.08487064,
        -0.996233761,
        -0.0177572556
      ]
    ],
    "pickTranslation": [
      0.0252352,
      -0.0298588648,
      0.0408063941
    ],
    "placeRotation": [
      [
        0.9672834,
        -0.252915919,
        0.019908838
      ],
      [
        0.00292680366,
        0.08959394,
        0.995974064
      ],
      [
        -0.253681421,
        -0.9633309,
        0.08740297
      ]
    ],
    "placeTranslation": [
      -0.462877661,
      0.673505,
      -0.517219961
    ]
  },
  {
    "id": "101 bread(Clone)-89266",
    "pickRotation": [
      [
        -0.9525139,
        -0.304383039,
        0.008268639
      ],
      [
        0.3039886,
        -0.952144,
        -0.03182354
      ],
      [
        0.0175594818,
        -0.0277987886,
        0.999459267
      ]
    ],
    "pickTranslation": [
      0.0107283834,
      0.0591178238,
      -0.0203756262
    ],
    "placeRotation": [
      [
        0.276538432,
        0.0283844545,
        0.9605836
      ],
      [
        -0.0229019113,
        0.999474466,
        -0.0229405127
      ],
      [
        -0.960729957,
        -0.0156552661,
        0.277043164
      ]
    ],
    "placeTranslation": [
      -0.6242518,
      0.8294491,
      0.217893541
    ]
  },
  {
    "id": "021 bleach cleanser(Clone)-88488",
    "pickRotation": [
      [
        0.198195845,
        0.394807458,
        0.897131741
      ],
      [
        -0.9624158,
        -0.09499568,
        0.254423976
      ],
      [
        0.185672134,
        -0.9138396,
        0.3611412
      ]
    ],
    "pickTranslation": [
      -0.0181628484,
      0.007180974,
      0.2339639
    ],
    "placeRotation": [
      [
        0.992794633,
        0.0379059575,
        0.113674708
      ],
      [
        -0.109615892,
        -0.0959273,
        0.9893343
      ],
      [
        0.04840616,
        -0.994666338,
        -0.0910810158
      ]
    ],
    "placeTranslation": [
      -0.136696056,
      0.118722379,
      -0.6594073
    ]
  },
  {
    "id": "006 mustard bottle(Clone)-88802",
    "pickRotation": [
      [
        -0.8907887,
        -0.119202219,
        -0.4385048
      ],
      [
        0.44771412,
        -0.06508072,
        -0.891805232
      ],
      [
        0.0777669549,
        -0.990734756,
        0.111341678
      ]
    ],
    "pickTranslation": [
      0.0133795636,
      -0.0261206627,
      0.178390026
    ],
    "placeRotation": [
      [
        -0.90846175,
        -0.417019576,
        -0.0281417742
      ],
      [
        -0.07772471,
        0.102397248,
        0.991702437
      ],
      [
        -0.4106777,
        0.903111041,
        -0.125436708
      ]
    ],
    "placeTranslation": [
      0.097880654,
      0.184198588,
      -0.3353399
    ]
  },
  {
    "id": "025 mug(Clone)-89052",
    "pickRotation": [
      [
        -0.182220161,
        0.0440597236,
        0.9822701
      ],
      [
        -0.9407134,
        -0.2984929,
        -0.1611221
      ],
      [
        0.286101669,
        -0.953394353,
        0.0958389938
      ]
    ],
    "pickTranslation": [
      -0.04358097,
      0.0212084558,
      0.0722379
    ],
    "placeRotation": [
      [
        0.878160536,
        0.4735767,
        0.06752173
      ],
      [
        -0.05903294,
        -0.0327871032,
        0.99771744
      ],
      [
        0.47470957,
        -0.8801421,
        -0.0008357154
      ]
    ],
    "placeTranslation": [
      0.311612964,
      0.09901422,
      0.250898
    ]
  },
  {
    "id": "013 apple(Clone)-88452",
    "pickRotation": [
      [
        -0.9372015,
        -0.332825661,
        -0.104309663
      ],
      [
        0.07143985,
        0.109547481,
        -0.991411
      ],
      [
        0.341393858,
        -0.936603665,
        -0.0788910538
      ]
    ],
    "pickTranslation": [
      0.00566296,
      -0.00342800422,
      0.06410875
    ],
    "placeRotation": [
      [
        0.267521918,
        -0.96198684,
        -0.0548931248
      ],
      [
        0.0621307567,
        -0.03962895,
        0.997280955
      ],
      [
        -0.96154654,
        -0.270205051,
        0.0491673574
      ]
    ],
    "placeTranslation": [
      0.3300504,
      0.4379413,
      0.375076443
    ]
  },
  {
    "id": "012 strawberry(Clone)-88548",
    "pickRotation": [
      [
        0.785805345,
        -0.075137496,
        -0.6138927
      ],
      [
        -0.1608076,
        -0.9832762,
        -0.08549142
      ],
      [
        -0.5972025,
        0.165898219,
        -0.7847464
      ]
    ],
    "pickTranslation": [
      0.0138651384,
      0.0406179577,
      0.0271315463
    ],
    "placeRotation": [
      [
        -0.8163991,
        0.0479575843,
        -0.575493455
      ],
      [
        0.27330175,
        0.90996623,
        -0.3118776
      ],
      [
        0.5087227,
        -0.411899954,
        -0.7560025
      ]
    ],
    "placeTranslation": [
      0.134541929,
      0.6686,
      0.576464832
    ]
  },
  {
    "id": "025 mug(Clone)-88838",
    "pickRotation": [
      [
        -0.930673957,
        -0.355005652,
        0.0884139
      ],
      [
        -0.125154957,
        0.08185443,
        -0.9887548
      ],
      [
        0.343776464,
        -0.9312738,
        -0.120610505
      ]
    ],
    "pickTranslation": [
      0.0590864159,
      0.0310288146,
      0.06366582
    ],
    "placeRotation": [
      [
        0.9570926,
        -0.285373479,
        0.0503574274
      ],
      [
        -0.028263377,
        0.081020236,
        0.996311665
      ],
      [
        -0.2884009,
        -0.954985738,
        0.06947825
      ]
    ],
    "placeTranslation": [
      0.586679161,
      0.114353679,
      -0.5362347
    ]
  },
  {
    "id": "016 pear(Clone)-88814",
    "pickRotation": [
      [
        -0.681604147,
        -0.5742914,
        -0.453437
      ],
      [
        0.457519531,
        0.14912045,
        -0.8766065
      ],
      [
        0.571044266,
        -0.8049549,
        0.161108419
      ]
    ],
    "pickTranslation": [
      0.0553200133,
      0.02331446,
      0.0588752925
    ],
    "placeRotation": [
      [
        -0.395819157,
        -0.464057148,
        0.7924507
      ],
      [
        0.155247435,
        0.816692948,
        0.555797458
      ],
      [
        -0.9051108,
        0.3430212,
        -0.251219034
      ]
    ],
    "placeTranslation": [
      0.5416241,
      0.7132106,
      -0.429642767
    ]
  },
  {
    "id": "015 peach(Clone)-88826",
    "pickRotation": [
      [
        0.405663669,
        0.00870132353,
        0.913981
      ],
      [
        -0.899546742,
        -0.173458919,
        0.4009085
      ],
      [
        0.1620266,
        -0.9848027,
        -0.06253873
      ]
    ],
    "pickTranslation": [
      -0.0102549465,
      0.005847506,
      0.0535964519
    ],
    "placeRotation": [
      [
        0.7376797,
        0.674381852,
        -0.0322142653
      ],
      [
        -0.07165931,
        0.1256515,
        0.989483
      ],
      [
        0.6713372,
        -0.727613032,
        0.14101629
      ]
    ],
    "placeTranslation": [
      0.827302158,
      0.620287836,
      -0.3531898
    ]
  },
  {
    "id": "103 toothpaste(Clone)-88512",
    "pickRotation": [
      [
        -0.08795054,
        -0.05876918,
        0.9943897
      ],
      [
        0.9406821,
        0.323493332,
        0.10231898
      ],
      [
        -0.327691644,
        0.944403648,
        0.0268317051
      ]
    ],
    "pickTranslation": [
      0.0380342864,
      0.0139147192,
      -0.0226716585
    ],
    "placeRotation": [
      [
        0.533138633,
        -0.0119864913,
        0.845943034
      ],
      [
        0.819348931,
        -0.241807312,
        -0.5198045
      ],
      [
        0.210785821,
        0.9702503,
        -0.1190957
      ]
    ],
    "placeTranslation": [
      0.856014431,
      1.08997571,
      0.775423169
    ]
  },
  {
    "id": "057 racquetball(Clone)-88500",
    "pickRotation": [
      [
        0.6303976,
        0.7703797,
        -0.09546713
      ],
      [
        -0.7708808,
        0.6067976,
        -0.193750933
      ],
      [
        -0.09133257,
        0.1957339,
        0.9763947
      ]
    ],
    "pickTranslation": [
      -0.0200083423,
      -0.130730912,
      0.0216157064
    ],
    "placeRotation": [
      [
        -0.151418269,
        0.203737855,
        0.9672453
      ],
      [
        -0.8278322,
        -0.560858667,
        -0.0114560127
      ],
      [
        0.5401539,
        -0.8024515,
        0.253585041
      ]
    ],
    "placeTranslation": [
      1.3880589,
      0.6324208,
      0.339407921
    ]
  },
  {
    "id": "013 apple(Clone)-88576",
    "pickRotation": [
      [
        -0.8132789,
        0.153966486,
        -0.561134338
      ],
      [
        0.56125623,
        -0.0468634,
        -0.8263142
      ],
      [
        -0.153521359,
        -0.9869641,
        -0.04830164
      ]
    ],
    "pickTranslation": [
      0.008555779,
      0.00754101947,
      0.0680923462
    ],
    "placeRotation": [
      [
        -0.2776369,
        -0.9599274,
        0.0381746441
      ],
      [
        -0.16561164,
        0.08696567,
        0.9823491
      ],
      [
        -0.946303666,
        0.266414165,
        -0.183120027
      ]
    ],
    "placeTranslation": [
      0.4494963,
      0.6771356,
      0.1829926
    ]
  }
]