[
  {
    "timeStamp": 21168,
    "rotation": [
      [
        0.9998811,
        -0.00278337183,
        -0.0151659288
      ],
      [
        0.0146946479,
        -0.1259582,
        0.9919267
      ],
      [
        -0.00467116944,
        -0.992031634,
        -0.12590234
      ]
    ],
    "translation": [
      1.15398884,
      0.7042379,
      -0.6200895
    ]
  },
  {
    "timeStamp": 21213,
    "rotation": [
      [
        0.999423,
        0.008288498,
        -0.03293807
      ],
      [
        0.0335697681,
        -0.0935564,
        0.995047867
      ],
      [
        0.005165881,
        -0.9955795,
        -0.09378066
      ]
    ],
    "translation": [
      1.15384507,
      0.703550756,
      -0.620350361
    ]
  },
  {
    "timeStamp": 21268,
    "rotation": [
      [
        0.9992034,
        0.00579783926,
        -0.0394836441
      ],
      [
        0.0397413559,
        -0.05449807,
        0.9977227
      ],
      [
        0.00363284,
        -0.998497,
        -0.05468507
      ]
    ],
    "translation": [
      1.15364742,
      0.702646255,
      -0.620760262
    ]
  },
  {
    "timeStamp": 21312,
    "rotation": [
      [
        0.997808754,
        -0.059380956,
        -0.0291818082
      ],
      [
        0.0229227524,
        -0.1034828,
        0.994367063
      ],
      [
        -0.0620662831,
        -0.9928571,
        -0.101894863
      ]
    ],
    "translation": [
      1.15169251,
      0.704832435,
      -0.6142435
    ]
  },
  {
    "timeStamp": 21367,
    "rotation": [
      [
        0.9964292,
        -0.08360089,
        -0.0118185794
      ],
      [
        0.00234585674,
        -0.112511039,
        0.9936477
      ],
      [
        -0.08439956,
        -0.990127265,
        -0.111913167
      ]
    ],
    "translation": [
      1.15336549,
      0.720450044,
      -0.611486852
    ]
  },
  {
    "timeStamp": 21412,
    "rotation": [
      [
        0.996798038,
        -0.0793430358,
        0.009915759
      ],
      [
        -0.0197734572,
        -0.124439567,
        0.992030144
      ],
      [
        -0.07747677,
        -0.989049733,
        -0.125610009
      ]
    ],
    "translation": [
      1.15825427,
      0.7407335,
      -0.617077
    ]
  },
  {
    "timeStamp": 21467,
    "rotation": [
      [
        0.993107438,
        -0.0977629945,
        0.06465394
      ],
      [
        -0.0749958456,
        -0.106104232,
        0.991522849
      ],
      [
        -0.0900742039,
        -0.9895375,
        -0.112704709
      ]
    ],
    "translation": [
      1.17200422,
      0.775746047,
      -0.6285725
    ]
  },
  {
    "timeStamp": 21512,
    "rotation": [
      [
        0.984611,
        -0.13323839,
        0.113087565
      ],
      [
        -0.122208327,
        -0.0623660833,
        0.990543067
      ],
      [
        -0.124925524,
        -0.9891198,
        -0.07768917
      ]
    ],
    "translation": [
      1.19198465,
      0.806294739,
      -0.6412611
    ]
  },
  {
    "timeStamp": 21567,
    "rotation": [
      [
        0.9685958,
        -0.183907971,
        0.167331919
      ],
      [
        -0.167647541,
        0.0139442431,
        0.985748351
      ],
      [
        -0.1836203,
        -0.982844532,
        -0.0173253827
      ]
    ],
    "translation": [
      1.2309612,
      0.8420492,
      -0.6616203
    ]
  },
  {
    "timeStamp": 21612,
    "rotation": [
      [
        0.9480713,
        -0.231688052,
        0.217902154
      ],
      [
        -0.2060124,
        0.07463668,
        0.9756988
      ],
      [
        -0.242321283,
        -0.969922662,
        0.0230302848
      ]
    ],
    "translation": [
      1.26929736,
      0.869605362,
      -0.6794069
    ]
  },
  {
    "timeStamp": 21668,
    "rotation": [
      [
        0.920024633,
        -0.286175966,
        0.2676903
      ],
      [
        -0.241377369,
        0.12427032,
        0.9624416
      ],
      [
        -0.308693618,
        -0.9500844,
        0.0452553481
      ]
    ],
    "translation": [
      1.32644629,
      0.899563849,
      -0.702877
    ]
  },
  {
    "timeStamp": 21712,
    "rotation": [
      [
        0.8913674,
        -0.34299016,
        0.2963478
      ],
      [
        -0.2634252,
        0.140069723,
        0.954456747
      ],
      [
        -0.368878633,
        -0.928837061,
        0.03450133
      ]
    ],
    "translation": [
      1.37711143,
      0.920011938,
      -0.7181414
    ]
  },
  {
    "timeStamp": 21767,
    "rotation": [
      [
        0.8413019,
        -0.4375528,
        0.3174248
      ],
      [
        -0.262699753,
        0.182268277,
        0.9475057
      ],
      [
        -0.472440273,
        -0.8805258,
        0.0383976363
      ]
    ],
    "translation": [
      1.44474828,
      0.938525,
      -0.7357949
    ]
  },
  {
    "timeStamp": 21812,
    "rotation": [
      [
        0.788213,
        -0.527063549,
        0.317685664
      ],
      [
        -0.257160783,
        0.186898872,
        0.948123
      ],
      [
        -0.559096158,
        -0.8290191,
        0.0117760487
      ]
    ],
    "translation": [
      1.50093877,
      0.9503748,
      -0.7442177
    ]
  },
  {
    "timeStamp": 21868,
    "rotation": [
      [
        0.709240139,
        -0.6338222,
        0.30862236
      ],
      [
        -0.251470476,
        0.181520119,
        0.9506908
      ],
      [
        -0.658590138,
        -0.751877546,
        -0.0306462161
      ]
    ],
    "translation": [
      1.57169342,
      0.962118864,
      -0.750991
    ]
  },
  {
    "timeStamp": 21912,
    "rotation": [
      [
        0.630674541,
        -0.732442558,
        0.256471217
      ],
      [
        -0.239048913,
        0.131060809,
        0.962121964
      ],
      [
        -0.738312364,
        -0.668095,
        -0.09243288
      ]
    ],
    "translation": [
      1.63193059,
      0.9667501,
      -0.75099355
    ]
  },
  {
    "timeStamp": 21968,
    "rotation": [
      [
        0.5259714,
        -0.8226717,
        0.215790227
      ],
      [
        -0.219639763,
        0.113728561,
        0.9689294
      ],
      [
        -0.8216523,
        -0.557025254,
        -0.120873451
      ]
    ],
    "translation": [
      1.70205331,
      0.9714425,
      -0.754406
    ]
  },
  {
    "timeStamp": 22012,
    "rotation": [
      [
        0.447716832,
        -0.877968669,
        0.16947183
      ],
      [
        -0.214785174,
        0.07838516,
        0.9735107
      ],
      [
        -0.8679959,
        -0.4722572,
        -0.153480276
      ]
    ],
    "translation": [
      1.75386345,
      0.97598964,
      -0.7571607
    ]
  },
  {
    "timeStamp": 22067,
    "rotation": [
      [
        0.349839717,
        -0.9279754,
        0.1283505
      ],
      [
        -0.224367157,
        0.0500236452,
        0.973219931
      ],
      [
        -0.9095447,
        -0.3692686,
        -0.190706953
      ]
    ],
    "translation": [
      1.81329739,
      0.9843869,
      -0.7580019
    ]
  },
  {
    "timeStamp": 22112,
    "rotation": [
      [
        0.2856291,
        -0.953480244,
        0.09639285
      ],
      [
        -0.238150537,
        0.0268081818,
        0.9708582
      ],
      [
        -0.9282782,
        -0.300261348,
        -0.219414622
      ]
    ],
    "translation": [
      1.85503852,
      0.9907095,
      -0.75853467
    ]
  },
  {
    "timeStamp": 22167,
    "rotation": [
      [
        0.227434337,
        -0.972688854,
        0.0463684164
      ],
      [
        -0.255365342,
        -0.0136243366,
        0.966748655
      ],
      [
        -0.9397139,
        -0.231712714,
        -0.251489639
      ]
    ],
    "translation": [
      1.90355754,
      0.996663868,
      -0.75716275
    ]
  },
  {
    "timeStamp": 22212,
    "rotation": [
      [
        0.16309309,
        -0.9862483,
        0.02673751
      ],
      [
        -0.281139821,
        -0.0204803459,
        0.9594483
      ],
      [
        -0.945706666,
        -0.163996354,
        -0.2806139
      ]
    ],
    "translation": [
      1.94021332,
      1.003081,
      -0.7535685
    ]
  },
  {
    "timeStamp": 22268,
    "rotation": [
      [
        0.112312868,
        -0.993632138,
        -0.009003959
      ],
      [
        -0.299027622,
        -0.042438373,
        0.9533003
      ],
      [
        -0.947611868,
        -0.104375459,
        -0.301889837
      ]
    ],
    "translation": [
      1.98207963,
      1.00784755,
      -0.7469279
    ]
  },
  {
    "timeStamp": 22312,
    "rotation": [
      [
        0.0840430856,
        -0.995336,
        -0.0473608635
      ],
      [
        -0.3220034,
        -0.07210658,
        0.9439886
      ],
      [
        -0.9430009,
        -0.0640853643,
        -0.3265616
      ]
    ],
    "translation": [
      2.01297522,
      1.01212561,
      -0.7379864
    ]
  },
  {
    "timeStamp": 22368,
    "rotation": [
      [
        0.06535542,
        -0.994304,
        -0.0841920152
      ],
      [
        -0.345112056,
        -0.101688385,
        0.9330365
      ],
      [
        -0.9362833,
        -0.03192331,
        -0.349792182
      ]
    ],
    "translation": [
      2.04409957,
      1.01376593,
      -0.72304523
    ]
  },
  {
    "timeStamp": 22412,
    "rotation": [
      [
        0.05034398,
        -0.993772566,
        -0.09940604
      ],
      [
        -0.359620422,
        -0.110893577,
        0.9264857
      ],
      [
        -0.931739569,
        -0.0108945388,
        -0.362963736
      ]
    ],
    "translation": [
      2.06470966,
      1.01111054,
      -0.7083247
    ]
  },
  {
    "timeStamp": 22462,
    "rotation": [
      [
        0.0308291037,
        -0.996106565,
        -0.08259144
      ],
      [
        -0.3638927,
        -0.08814548,
        0.927260756
      ],
      [
        -0.930930555,
        0.00146779686,
        -0.365193337
      ]
    ],
    "translation": [
      2.07901073,
      1.00305831,
      -0.691080332
    ]
  },
  {
    "timeStamp": 22518,
    "rotation": [
      [
        -0.0232266951,
        -0.9980016,
        -0.0587649122
      ],
      [
        -0.350118756,
        -0.0469379537,
        0.9355286
      ],
      [
        -0.9364173,
        0.04230393,
        -0.348328859
      ]
    ],
    "translation": [
      2.09775734,
      0.9824805,
      -0.6625922
    ]
  },
  {
    "timeStamp": 22562,
    "rotation": [
      [
        -0.0538220666,
        -0.9983304,
        -0.0209644679
      ],
      [
        -0.33148396,
        -0.0019412007,
        0.943458855
      ],
      [
        -0.941924334,
        0.05772829,
        -0.330826044
      ]
    ],
    "translation": [
      2.105798,
      0.96539855,
      -0.6432589
    ]
  },
  {
    "timeStamp": 22618,
    "rotation": [
      [
        -0.07768345,
        -0.9965413,
        -0.0295082089
      ],
      [
        -0.28756547,
        -0.0059427456,
        0.9577426
      ],
      [
        -0.9546054,
        0.0828862861,
        -0.2861092
      ]
    ],
    "translation": [
      2.115379,
      0.938973367,
      -0.622550845
    ]
  },
  {
    "timeStamp": 22662,
    "rotation": [
      [
        -0.110785343,
        -0.9938108,
        0.008175134
      ],
      [
        -0.247364879,
        0.0355401076,
        0.968270361
      ],
      [
        -0.962568045,
        0.105247922,
        -0.2497712
      ]
    ],
    "translation": [
      2.11808515,
      0.9209476,
      -0.608296633
    ]
  },
  {
    "timeStamp": 22718,
    "rotation": [
      [
        -0.118661866,
        -0.992881954,
        0.010239087
      ],
      [
        -0.211664036,
        0.035368748,
        0.976702332
      ],
      [
        -0.970112264,
        0.11373008,
        -0.2143543
      ]
    ],
    "translation": [
      2.12054443,
      0.903986633,
      -0.592976153
    ]
  },
  {
    "timeStamp": 22762,
    "rotation": [
      [
        -0.136698425,
        -0.9902567,
        0.0265552942
      ],
      [
        -0.18378444,
        0.051693555,
        0.981606364
      ],
      [
        -0.9734151,
        0.129303589,
        -0.189060211
      ]
    ],
    "translation": [
      2.12105012,
      0.893032551,
      -0.583613
    ]
  },
  {
    "timeStamp": 22817,
    "rotation": [
      [
        -0.158459082,
        -0.9855044,
        -0.0605948158
      ],
      [
        -0.148308188,
        -0.0369173028,
        0.988251865
      ],
      [
        -0.976163566,
        0.1655842,
        -0.140308484
      ]
    ],
    "translation": [
      2.12750053,
      0.8861047,
      -0.5749258
    ]
  },
  {
    "timeStamp": 22862,
    "rotation": [
      [
        -0.1804601,
        -0.956907034,
        -0.227515131
      ],
      [
        -0.140995771,
        -0.203756571,
        0.9688155
      ],
      [
        -0.973424,
        0.206911191,
        -0.0981499
      ]
    ],
    "translation": [
      2.14688444,
      0.880959451,
      -0.572683632
    ]
  },
  {
    "timeStamp": 22918,
    "rotation": [
      [
        -0.294047147,
        -0.8732172,
        -0.3886231
      ],
      [
        -0.182362661,
        -0.3478724,
        0.919635057
      ],
      [
        -0.9382324,
        0.3412864,
        -0.05695132
      ]
    ],
    "translation": [
      2.16780281,
      0.874318957,
      -0.570842147
    ]
  },
  {
    "timeStamp": 22965,
    "rotation": [
      [
        -0.274638951,
        -0.911080956,
        -0.307416379
      ],
      [
        -0.138604328,
        -0.27886045,
        0.9502766
      ],
      [
        -0.951505244,
        0.303592235,
        -0.04969382
      ]
    ],
    "translation": [
      2.16326451,
      0.8623291,
      -0.564776063
    ]
  },
  {
    "timeStamp": 23010,
    "rotation": [
      [
        -0.1760613,
        -0.9840326,
        -0.0261198469
      ],
      [
        -0.105955347,
        -0.0074361884,
        0.9943431
      ],
      [
        -0.9786602,
        0.177832872,
        -0.102954291
      ]
    ],
    "translation": [
      2.122918,
      0.8534152,
      -0.554719865
    ]
  },
  {
    "timeStamp": 23066,
    "rotation": [
      [
        -0.1825263,
        -0.9830957,
        -0.0143884
      ],
      [
        -0.09759681,
        0.00355445221,
        0.9952197
      ],
      [
        -0.978345037,
        0.183058038,
        -0.09659579
      ]
    ],
    "translation": [
      2.11661863,
      0.8523135,
      -0.5536024
    ]
  },
  {
    "timeStamp": 23115,
    "rotation": [
      [
        -0.185651526,
        -0.9826146,
        -0.00142902532
      ],
      [
        -0.09407543,
        0.0163265951,
        0.9954312
      ],
      [
        -0.9781019,
        0.184937745,
        -0.09547095
      ]
    ],
    "translation": [
      2.111593,
      0.8541171,
      -0.5547283
    ]
  },
  {
    "timeStamp": 23166,
    "rotation": [
      [
        -0.172893584,
        -0.9849225,
        -0.005951623
      ],
      [
        -0.107074976,
        0.0127884783,
        0.9941687
      ],
      [
        -0.979103,
        0.172522664,
        -0.1076716
      ]
    ],
    "translation": [
      2.10676622,
      0.8590373,
      -0.555250168
    ]
  },
  {
    "timeStamp": 23210,
    "rotation": [
      [
        -0.170988664,
        -0.9852712,
        0.0018676921
      ],
      [
        -0.107968025,
        0.0206214115,
        0.9939405
      ],
      [
        -0.9793395,
        0.1697509,
        -0.109903812
      ]
    ],
    "translation": [
      2.103338,
      0.8612604,
      -0.556146443
    ]
  },
  {
    "timeStamp": 23266,
    "rotation": [
      [
        -0.169321835,
        -0.985524833,
        -0.008420802
      ],
      [
        -0.111599833,
        0.0106832143,
        0.9936958
      ],
      [
        -0.97922194,
        0.169194162,
        -0.1117933
      ]
    ],
    "translation": [
      2.103092,
      0.862713635,
      -0.556404352
    ]
  },
  {
    "timeStamp": 23310,
    "rotation": [
      [
        -0.167552561,
        -0.985859334,
        -0.002750908
      ],
      [
        -0.110483,
        0.0160043091,
        0.993749142
      ],
      [
        -0.9796528,
        0.166809142,
        -0.111602262
      ]
    ],
    "translation": [
      2.10193586,
      0.86277163,
      -0.556203067
    ]
  },
  {
    "timeStamp": 23366,
    "rotation": [
      [
        -0.167056769,
        -0.9859098,
        -0.008591194
      ],
      [
        -0.110564463,
        0.01007441,
        0.993817866
      ],
      [
        -0.9797282,
        0.166973874,
        -0.110689588
      ]
    ],
    "translation": [
      2.1021986,
      0.8623191,
      -0.555423856
    ]
  },
  {
    "timeStamp": 23411,
    "rotation": [
      [
        -0.16884762,
        -0.9854604,
        -0.01893108
      ],
      [
        -0.109029248,
        -0.000414926471,
        0.994038463
      ],
      [
        -0.9795934,
        0.169905066,
        -0.107373945
      ]
    ],
    "translation": [
      2.1035738,
      0.8608343,
      -0.5543543
    ]
  },
  {
    "timeStamp": 23466,
    "rotation": [
      [
        -0.16619955,
        -0.9859034,
        -0.0192939658
      ],
      [
        -0.103971109,
        -0.00193671149,
        0.9945784
      ],
      [
        -0.9805956,
        0.1673045,
        -0.102183588
      ]
    ],
    "translation": [
      2.103141,
      0.8587709,
      -0.5529188
    ]
  },
  {
    "timeStamp": 23511,
    "rotation": [
      [
        -0.166780487,
        -0.985620141,
        -0.0271506421
      ],
      [
        -0.104379579,
        -0.009732515,
        0.9944899
      ],
      [
        -0.980453551,
        0.16869548,
        -0.101255424
      ]
    ],
    "translation": [
      2.10414767,
      0.857784331,
      -0.55140847
    ]
  },
  {
    "timeStamp": 23567,
    "rotation": [
      [
        -0.166671962,
        -0.985636,
        -0.0272400416
      ],
      [
        -0.101825491,
        -0.0102731176,
        0.994749248
      ],
      [
        -0.980740547,
        0.168570533,
        -0.0986506343
      ]
    ],
    "translation": [
      2.10409284,
      0.8557326,
      -0.5495694
    ]
  },
  {
    "timeStamp": 23611,
    "rotation": [
      [
        -0.165781438,
        -0.985224962,
        -0.0429911874
      ],
      [
        -0.103404842,
        -0.025987491,
        0.994299769
      ],
      [
        -0.9807262,
        0.16928196,
        -0.09756879
      ]
    ],
    "translation": [
      2.10607147,
      0.8540381,
      -0.5471645
    ]
  },
  {
    "timeStamp": 23667,
    "rotation": [
      [
        -0.182300285,
        -0.982405663,
        -0.04056755
      ],
      [
        -0.0966352,
        -0.0231575742,
        0.99505043
      ],
      [
        -0.9784826,
        0.185318246,
        -0.09071334
      ]
    ],
    "translation": [
      2.1098063,
      0.8510431,
      -0.5447577
    ]
  },
  {
    "timeStamp": 23711,
    "rotation": [
      [
        -0.198386446,
        -0.979324937,
        -0.03956592
      ],
      [
        -0.09218414,
        -0.0215455946,
        0.99550885
      ],
      [
        -0.9757791,
        0.201142818,
        -0.08600388
      ]
    ],
    "translation": [
      2.112214,
      0.8479497,
      -0.5433077
    ]
  },
  {
    "timeStamp": 23767,
    "rotation": [
      [
        -0.213811636,
        -0.976105034,
        -0.0387764
      ],
      [
        -0.08472873,
        -0.0210145228,
        0.996182442
      ],
      [
        -0.9731935,
        0.216280863,
        -0.0782109946
      ]
    ],
    "translation": [
      2.11363578,
      0.84457767,
      -0.542712
    ]
  },
  {
    "timeStamp": 23811,
    "rotation": [
      [
        -0.2261594,
        -0.973329842,
        -0.0384831876
      ],
      [
        -0.08004788,
        -0.0208025686,
        0.9965739
      ],
      [
        -0.9707957,
        0.22846505,
        -0.0732082948
      ]
    ],
    "translation": [
      2.11417842,
      0.841668367,
      -0.541894436
    ]
  },
  {
    "timeStamp": 23867,
    "rotation": [
      [
        -0.240547672,
        -0.96954,
        -0.046141725
      ],
      [
        -0.07341433,
        -0.0292280912,
        0.99687314
      ],
      [
        -0.967857,
        0.243182972,
        -0.0641473755
      ]
    ],
    "translation": [
      2.11545,
      0.8371176,
      -0.541990638
    ]
  },
  {
    "timeStamp": 23911,
    "rotation": [
      [
        -0.256272674,
        -0.965640664,
        -0.0431541651
      ],
      [
        -0.0698807761,
        -0.026019495,
        0.9972159
      ],
      [
        -0.964075148,
        0.258574873,
        -0.06081164
      ]
    ],
    "translation": [
      2.11660528,
      0.833809733,
      -0.5415098
    ]
  },
  {
    "timeStamp": 23967,
    "rotation": [
      [
        -0.283460379,
        -0.9573623,
        -0.0557466522
      ],
      [
        -0.07017432,
        -0.0372677743,
        0.996838331
      ],
      [
        -0.956413,
        0.286476165,
        -0.0566183142
      ]
    ],
    "translation": [
      2.119548,
      0.831128657,
      -0.541618764
    ]
  },
  {
    "timeStamp": 24011,
    "rotation": [
      [
        -0.297061026,
        -0.953286767,
        -0.0547643527
      ],
      [
        -0.07080748,
        -0.0352031775,
        0.9968686
      ],
      [
        -0.9522295,
        0.300008535,
        -0.05704234
      ]
    ],
    "translation": [
      2.12034321,
      0.829118133,
      -0.5409425
    ]
  },
  {
    "timeStamp": 24067,
    "rotation": [
      [
        -0.3134849,
        -0.947912037,
        -0.05647978
      ],
      [
        -0.0741139,
        -0.0348728672,
        0.996639848
      ],
      [
        -0.9466965,
        0.3166175,
        -0.05932134
      ]
    ],
    "translation": [
      2.12051,
      0.8268149,
      -0.540089
    ]
  },
  {
    "timeStamp": 24111,
    "rotation": [
      [
        -0.3251761,
        -0.944410443,
        -0.0484717153
      ],
      [
        -0.06919566,
        -0.0273573585,
        0.9972279
      ],
      [
        -0.9431185,
        0.327628732,
        -0.0564531423
      ]
    ],
    "translation": [
      2.119192,
      0.824925244,
      -0.5399597
    ]
  },
  {
    "timeStamp": 24167,
    "rotation": [
      [
        -0.3241175,
        -0.945523143,
        -0.0305578541
      ],
      [
        -0.07241338,
        -0.00741001964,
        0.9973472
      ],
      [
        -0.943241239,
        0.325470477,
        -0.06606681
      ]
    ],
    "translation": [
      2.11535573,
      0.8242162,
      -0.5374105
    ]
  },
  {
    "timeStamp": 24211,
    "rotation": [
      [
        -0.329635561,
        -0.943468869,
        -0.03474087
      ],
      [
        -0.0707495,
        -0.01200861,
        0.9974218
      ],
      [
        -0.9414536,
        0.331243634,
        -0.06279149
      ]
    ],
    "translation": [
      2.114018,
      0.8232013,
      -0.5375198
    ]
  },
  {
    "timeStamp": 24266,
    "rotation": [
      [
        -0.326953769,
        -0.944866836,
        -0.0181090347
      ],
      [
        -0.06696825,
        0.004050611,
        0.9977469
      ],
      [
        -0.942664564,
        0.327429831,
        -0.06460044
      ]
    ],
    "translation": [
      2.11008883,
      0.8219871,
      -0.53629154
    ]
  }
]