[
  {
    "timeStamp": 11595,
    "rotation": [
      [
        0.9995327,
        0.0040747663,
        -0.030295033
      ],
      [
        0.02953659,
        0.1265115,
        0.9915253
      ],
      [
        0.007872909,
        -0.9919568,
        0.12633203
      ]
    ],
    "translation": [
      1.15652418,
      0.70102644,
      -0.497904748
    ]
  },
  {
    "timeStamp": 11650,
    "rotation": [
      [
        0.9954017,
        0.0922681838,
        -0.0257306229
      ],
      [
        0.0131309722,
        0.134645373,
        0.9908068
      ],
      [
        0.09488446,
        -0.9865886,
        0.132814661
      ]
    ],
    "translation": [
      1.15996575,
      0.7102975,
      -0.4965087
    ]
  },
  {
    "timeStamp": 11694,
    "rotation": [
      [
        0.997991741,
        0.0505210347,
        -0.0382113121
      ],
      [
        0.0379370041,
        0.00637776,
        0.99925977
      ],
      [
        0.05072734,
        -0.998702645,
        0.00444833469
      ]
    ],
    "translation": [
      1.15907288,
      0.703046441,
      -0.484752417
    ]
  },
  {
    "timeStamp": 11750,
    "rotation": [
      [
        0.9982142,
        0.05142118,
        -0.03040234
      ],
      [
        0.029499067,
        0.0182349719,
        0.99939847
      ],
      [
        0.0519446321,
        -0.99851054,
        0.01668553
      ]
    ],
    "translation": [
      1.15892208,
      0.705074847,
      -0.4845006
    ]
  },
  {
    "timeStamp": 11794,
    "rotation": [
      [
        0.997211635,
        -0.0735402852,
        0.0126815662
      ],
      [
        -0.0126227662,
        0.00126429321,
        0.999919534
      ],
      [
        -0.0735504,
        -0.9972915,
        0.00033248603
      ]
    ],
    "translation": [
      1.14648414,
      0.7284683,
      -0.486180633
    ]
  },
  {
    "timeStamp": 11850,
    "rotation": [
      [
        0.986418366,
        -0.0824613944,
        0.142052308
      ],
      [
        -0.14199537,
        0.006584644,
        0.9898454
      ],
      [
        -0.0825594,
        -0.9965725,
        -0.005213923
      ]
    ],
    "translation": [
      1.12786424,
      0.7812866,
      -0.4991414
    ]
  },
  {
    "timeStamp": 11894,
    "rotation": [
      [
        0.9574404,
        -0.09909398,
        0.27108717
      ],
      [
        -0.2666001,
        0.0562731735,
        0.962163031
      ],
      [
        -0.1105995,
        -0.9934856,
        0.0274597425
      ]
    ],
    "translation": [
      1.121442,
      0.836873353,
      -0.5147985
    ]
  },
  {
    "timeStamp": 11950,
    "rotation": [
      [
        0.89657557,
        -0.09535931,
        0.432502925
      ],
      [
        -0.421165466,
        0.118525647,
        0.8992059
      ],
      [
        -0.137010351,
        -0.988361359,
        0.06610515
      ]
    ],
    "translation": [
      1.12220693,
      0.9160509,
      -0.537270546
    ]
  },
  {
    "timeStamp": 11994,
    "rotation": [
      [
        0.84417,
        -0.07918201,
        0.5301955
      ],
      [
        -0.5106254,
        0.182350755,
        0.840243936
      ],
      [
        -0.163213745,
        -0.98004,
        0.113502689
      ]
    ],
    "translation": [
      1.13831258,
      0.974312842,
      -0.5558508
    ]
  },
  {
    "timeStamp": 12050,
    "rotation": [
      [
        0.800700963,
        -0.0548989438,
        0.596543431
      ],
      [
        -0.577572,
        0.19359231,
        0.793052733
      ],
      [
        -0.159023985,
        -0.9795449,
        0.123301446
      ]
    ],
    "translation": [
      1.16679573,
      1.034431,
      -0.5765661
    ]
  },
  {
    "timeStamp": 12094,
    "rotation": [
      [
        0.7700117,
        -0.0462002046,
        0.636354864
      ],
      [
        -0.613755643,
        0.218856514,
        0.7585551
      ],
      [
        -0.17431581,
        -0.9746627,
        0.140166447
      ]
    ],
    "translation": [
      1.19882011,
      1.07666552,
      -0.589915633
    ]
  },
  {
    "timeStamp": 12149,
    "rotation": [
      [
        0.7455376,
        -0.08113418,
        0.6615066
      ],
      [
        -0.6283657,
        0.2452067,
        0.7382616
      ],
      [
        -0.2221041,
        -0.9660698,
        0.131828874
      ]
    ],
    "translation": [
      1.2450608,
      1.11771619,
      -0.5963112
    ]
  },
  {
    "timeStamp": 12194,
    "rotation": [
      [
        0.7237839,
        -0.126727164,
        0.678289831
      ],
      [
        -0.642335534,
        0.235359,
        0.729391
      ],
      [
        -0.252075285,
        -0.9636111,
        0.08894769
      ]
    ],
    "translation": [
      1.28914738,
      1.14363778,
      -0.5976547
    ]
  },
  {
    "timeStamp": 12250,
    "rotation": [
      [
        0.6958351,
        -0.21919243,
        0.6839357
      ],
      [
        -0.63911,
        0.245457828,
        0.7288956
      ],
      [
        -0.327645779,
        -0.944301367,
        0.0307101
      ]
    ],
    "translation": [
      1.35281956,
      1.166086,
      -0.5918064
    ]
  },
  {
    "timeStamp": 12294,
    "rotation": [
      [
        0.658408165,
        -0.340337276,
        0.671318948
      ],
      [
        -0.6381382,
        0.220524371,
        0.737664342
      ],
      [
        -0.399096847,
        -0.9140785,
        -0.07198715
      ]
    ],
    "translation": [
      1.41053224,
      1.17643952,
      -0.5838741
    ]
  },
  {
    "timeStamp": 12350,
    "rotation": [
      [
        0.6125562,
        -0.4805076,
        0.6276045
      ],
      [
        -0.607295454,
        0.22212024,
        0.762794137
      ],
      [
        -0.505932033,
        -0.8483956,
        -0.155748934
      ]
    ],
    "translation": [
      1.49221706,
      1.17806184,
      -0.5798522
    ]
  },
  {
    "timeStamp": 12395,
    "rotation": [
      [
        0.5715539,
        -0.5949088,
        0.565163434
      ],
      [
        -0.5787019,
        0.196057811,
        0.791622043
      ],
      [
        -0.5817476,
        -0.7795158,
        -0.232217222
      ]
    ],
    "translation": [
      1.559,
      1.17343342,
      -0.582943559
    ]
  },
  {
    "timeStamp": 12450,
    "rotation": [
      [
        0.51177907,
        -0.7245026,
        0.4617122
      ],
      [
        -0.527612269,
        0.159085259,
        0.8344562
      ],
      [
        -0.6780173,
        -0.6706622,
        -0.300839961
      ]
    ],
    "translation": [
      1.64874816,
      1.16124892,
      -0.588404536
    ]
  },
  {
    "timeStamp": 12494,
    "rotation": [
      [
        0.442623764,
        -0.8110466,
        0.382475823
      ],
      [
        -0.492608279,
        0.136479512,
        0.8594827
      ],
      [
        -0.749280632,
        -0.5688382,
        -0.339119166
      ]
    ],
    "translation": [
      1.71660471,
      1.15339541,
      -0.595436633
    ]
  },
  {
    "timeStamp": 12550,
    "rotation": [
      [
        0.346323371,
        -0.900013566,
        0.264642537
      ],
      [
        -0.470671743,
        0.0773247,
        0.8789135
      ],
      [
        -0.81149745,
        -0.428948075,
        -0.3968316
      ]
    ],
    "translation": [
      1.80524278,
      1.14383507,
      -0.6026541
    ]
  },
  {
    "timeStamp": 12594,
    "rotation": [
      [
        0.260036349,
        -0.947218835,
        0.1875035
      ],
      [
        -0.442033619,
        0.0558677763,
        0.895257
      ],
      [
        -0.8584797,
        -0.3156822,
        -0.404174924
      ]
    ],
    "translation": [
      1.869136,
      1.131711,
      -0.611188531
    ]
  },
  {
    "timeStamp": 12650,
    "rotation": [
      [
        0.135645077,
        -0.9866189,
        0.09046283
      ],
      [
        -0.4224581,
        0.0249928143,
        0.9060378
      ],
      [
        -0.896174967,
        -0.161116317,
        -0.413415
      ]
    ],
    "translation": [
      1.94790208,
      1.11523438,
      -0.622217059
    ]
  },
  {
    "timeStamp": 12694,
    "rotation": [
      [
        0.0555029139,
        -0.997261643,
        0.0488725677
      ],
      [
        -0.40855515,
        0.0219788831,
        0.91246897
      ],
      [
        -0.9110445,
        -0.07061183,
        -0.4062165
      ]
    ],
    "translation": [
      1.996513,
      1.09952641,
      -0.630108535
    ]
  },
  {
    "timeStamp": 12745,
    "rotation": [
      [
        -0.0208363347,
        -0.9992303,
        -0.0332355723
      ],
      [
        -0.404626757,
        -0.0219705254,
        0.914217949
      ],
      [
        -0.9142445,
        0.0324969552,
        -0.403857559
      ]
    ],
    "translation": [
      2.04428387,
      1.08093333,
      -0.634513855
    ]
  },
  {
    "timeStamp": 12791,
    "rotation": [
      [
        -0.11074166,
        -0.9931704,
        -0.03672866
      ],
      [
        -0.389286131,
        0.00934436,
        0.9210695
      ],
      [
        -0.914435744,
        0.11629872,
        -0.387662232
      ]
    ],
    "translation": [
      2.082986,
      1.05408823,
      -0.6360965
    ]
  },
  {
    "timeStamp": 12845,
    "rotation": [
      [
        -0.151383713,
        -0.9857943,
        -0.07274993
      ],
      [
        -0.371546358,
        -0.0114535773,
        0.9283438
      ],
      [
        -0.9159893,
        0.167566091,
        -0.3645344
      ]
    ],
    "translation": [
      2.10792375,
      1.01968122,
      -0.630357742
    ]
  },
  {
    "timeStamp": 12900,
    "rotation": [
      [
        -0.163354337,
        -0.98518914,
        -0.05213259
      ],
      [
        -0.3371819,
        0.00609168876,
        0.94141984
      ],
      [
        -0.927159,
        0.171363175,
        -0.33318302
      ]
    ],
    "translation": [
      2.11816049,
      0.98374635,
      -0.618064165
    ]
  },
  {
    "timeStamp": 12955,
    "rotation": [
      [
        -0.18595846,
        -0.9794245,
        -0.07840349
      ],
      [
        -0.320211142,
        -0.01502916,
        0.947227
      ],
      [
        -0.9289157,
        0.201250523,
        -0.310827851
      ]
    ],
    "translation": [
      2.13228846,
      0.9566668,
      -0.604717851
    ]
  },
  {
    "timeStamp": 13000,
    "rotation": [
      [
        -0.1922324,
        -0.9791052,
        -0.0663306639
      ],
      [
        -0.2799354,
        -0.010073008,
        0.959966
      ],
      [
        -0.940575838,
        0.203104869,
        -0.272149831
      ]
    ],
    "translation": [
      2.14214444,
      0.9222911,
      -0.588332236
    ]
  },
  {
    "timeStamp": 13044,
    "rotation": [
      [
        -0.1660055,
        -0.977501869,
        -0.130124256
      ],
      [
        -0.255305529,
        -0.0848534554,
        0.963129759
      ],
      [
        -0.9525026,
        0.193106309,
        -0.2354755
      ]
    ],
    "translation": [
      2.15162,
      0.895161,
      -0.5778065
    ]
  },
  {
    "timeStamp": 13100,
    "rotation": [
      [
        -0.149041265,
        -0.981855869,
        -0.117242068
      ],
      [
        -0.193257436,
        -0.08735665,
        0.9772514
      ],
      [
        -0.9697619,
        0.1683087,
        -0.176731214
      ]
    ],
    "translation": [
      2.1498847,
      0.861507237,
      -0.569764137
    ]
  },
  {
    "timeStamp": 13144,
    "rotation": [
      [
        -0.154160753,
        -0.98253864,
        -0.104174361
      ],
      [
        -0.157511681,
        -0.07964745,
        0.984299958
      ],
      [
        -0.97541,
        0.168149069,
        -0.1424828
      ]
    ],
    "translation": [
      2.14838552,
      0.840077043,
      -0.564168453
    ]
  },
  {
    "timeStamp": 13200,
    "rotation": [
      [
        -0.112706192,
        -0.983863533,
        -0.138959944
      ],
      [
        -0.11896345,
        -0.125483781,
        0.9849373
      ],
      [
        -0.98648113,
        0.1275397,
        -0.102901004
      ]
    ],
    "translation": [
      2.14635348,
      0.816943944,
      -0.5610899
    ]
  },
  {
    "timeStamp": 13244,
    "rotation": [
      [
        -0.134437144,
        -0.9858088,
        -0.10053701
      ],
      [
        -0.105957426,
        -0.0865754262,
        0.9905946
      ],
      [
        -0.985240936,
        0.143825367,
        -0.0928148
      ]
    ],
    "translation": [
      2.14401126,
      0.802734256,
      -0.5578912
    ]
  },
  {
    "timeStamp": 13300,
    "rotation": [
      [
        -0.09747145,
        -0.9832862,
        -0.153777421
      ],
      [
        -0.09622022,
        -0.1444789,
        0.9848185
      ],
      [
        -0.990576,
        0.110788189,
        -0.0805294439
      ]
    ],
    "translation": [
      2.14735341,
      0.7894762,
      -0.5534824
    ]
  },
  {
    "timeStamp": 13344,
    "rotation": [
      [
        -0.114986382,
        -0.985848248,
        -0.121988766
      ],
      [
        -0.07596403,
        -0.113717124,
        0.9906048
      ],
      [
        -0.99045825,
        0.123172812,
        -0.06181309
      ]
    ],
    "translation": [
      2.14619875,
      0.779675364,
      -0.550404668
    ]
  },
  {
    "timeStamp": 13400,
    "rotation": [
      [
        -0.104662076,
        -0.985014558,
        -0.137084574
      ],
      [
        -0.07263907,
        -0.129901871,
        0.9888625
      ],
      [
        -0.9918515,
        0.113454096,
        -0.05795474
      ]
    ],
    "translation": [
      2.148271,
      0.7711537,
      -0.54586333
    ]
  },
  {
    "timeStamp": 13446,
    "rotation": [
      [
        -0.101109639,
        -0.986092567,
        -0.131902948
      ],
      [
        -0.0615307949,
        -0.126130372,
        0.9901036
      ],
      [
        -0.9929707,
        0.108225092,
        -0.0479220636
      ]
    ],
    "translation": [
      2.14744687,
      0.763325751,
      -0.5432682
    ]
  },
  {
    "timeStamp": 13491,
    "rotation": [
      [
        -0.10329663,
        -0.9877977,
        -0.116556846
      ],
      [
        -0.05298227,
        -0.111552931,
        0.9923451
      ],
      [
        -0.9932385,
        0.108681366,
        -0.04081272
      ]
    ],
    "translation": [
      2.14645672,
      0.757012367,
      -0.5398899
    ]
  },
  {
    "timeStamp": 13548,
    "rotation": [
      [
        -0.09437179,
        -0.9862706,
        -0.135514751
      ],
      [
        -0.0500299744,
        -0.131251827,
        0.99008584
      ],
      [
        -0.9942791,
        0.100215971,
        -0.0369566232
      ]
    ],
    "translation": [
      2.1490202,
      0.7505465,
      -0.5357539
    ]
  },
  {
    "timeStamp": 13594,
    "rotation": [
      [
        -0.09774881,
        -0.9860924,
        -0.134413525
      ],
      [
        -0.0470933355,
        -0.130325928,
        0.990352154
      ],
      [
        -0.9940963,
        0.103135712,
        -0.0336991772
      ]
    ],
    "translation": [
      2.150765,
      0.7462063,
      -0.5329492
    ]
  },
  {
    "timeStamp": 13649,
    "rotation": [
      [
        -0.0934665352,
        -0.985336363,
        -0.142745584
      ],
      [
        -0.05123068,
        -0.138423547,
        0.98904717
      ],
      [
        -0.9943035,
        0.09975577,
        -0.0375414826
      ]
    ],
    "translation": [
      2.15344048,
      0.743162632,
      -0.5284133
    ]
  },
  {
    "timeStamp": 13693,
    "rotation": [
      [
        -0.09477631,
        -0.9830984,
        -0.156636775
      ],
      [
        -0.0519626178,
        -0.152245089,
        0.986975849
      ],
      [
        -0.9941415,
        0.101681188,
        -0.0366551355
      ]
    ],
    "translation": [
      2.15720582,
      0.742403865,
      -0.5253493
    ]
  }
]