[
  {
    "timeStamp": 15992,
    "rotation": [
      [
        0.9999465,
        -0.009697177,
        0.00360778417
      ],
      [
        -0.00505309552,
        -0.153426439,
        0.98814714
      ],
      [
        -0.009028708,
        -0.98811245,
        -0.153467238
      ]
    ],
    "translation": [
      1.15386951,
      0.7008781,
      -0.357945472
    ]
  },
  {
    "timeStamp": 16048,
    "rotation": [
      [
        0.9993969,
        -0.0346852764,
        -0.00167288748
      ],
      [
        -0.00142071128,
        -0.08897451,
        0.9960329
      ],
      [
        -0.03469652,
        -0.9954298,
        -0.0889701247
      ]
    ],
    "translation": [
      1.15391552,
      0.704249442,
      -0.354141384
    ]
  },
  {
    "timeStamp": 16092,
    "rotation": [
      [
        0.999212563,
        -0.0396735258,
        0.000501494
      ],
      [
        -0.004292532,
        -0.09552859,
        0.9954174
      ],
      [
        -0.03944381,
        -0.9946357,
        -0.0956236646
      ]
    ],
    "translation": [
      1.15392208,
      0.704252362,
      -0.353952944
    ]
  },
  {
    "timeStamp": 16148,
    "rotation": [
      [
        0.999161541,
        -0.0409404933,
        0.000307679526
      ],
      [
        -0.00468088733,
        -0.106765807,
        0.9942732
      ],
      [
        -0.0406731851,
        -0.9934409,
        -0.106867924
      ]
    ],
    "translation": [
      1.1539222,
      0.704191744,
      -0.353944153
    ]
  },
  {
    "timeStamp": 16192,
    "rotation": [
      [
        0.999406338,
        -0.03363824,
        0.00744041149
      ],
      [
        -0.0120486533,
        -0.13894318,
        0.990227044
      ],
      [
        -0.0322757,
        -0.9897288,
        -0.139266
      ]
    ],
    "translation": [
      1.15403187,
      0.704617858,
      -0.354022563
    ]
  },
  {
    "timeStamp": 16248,
    "rotation": [
      [
        0.9949812,
        -0.07564909,
        0.065494515
      ],
      [
        -0.08148888,
        -0.23276256,
        0.9691136
      ],
      [
        -0.0580678843,
        -0.9695869,
        -0.237758934
      ]
    ],
    "translation": [
      1.14652073,
      0.7219455,
      -0.3421247
    ]
  },
  {
    "timeStamp": 16292,
    "rotation": [
      [
        0.9931454,
        -0.08457721,
        0.08067754
      ],
      [
        -0.09905751,
        -0.242627129,
        0.9650491
      ],
      [
        -0.0620466173,
        -0.9664258,
        -0.249342024
      ]
    ],
    "translation": [
      1.14637685,
      0.742223859,
      -0.342410922
    ]
  },
  {
    "timeStamp": 16348,
    "rotation": [
      [
        0.984553933,
        -0.116200253,
        0.130962372
      ],
      [
        -0.153407887,
        -0.21205762,
        0.965141237
      ],
      [
        -0.08437809,
        -0.9703243,
        -0.2266082
      ]
    ],
    "translation": [
      1.1462847,
      0.7828129,
      -0.345267057
    ]
  },
  {
    "timeStamp": 16392,
    "rotation": [
      [
        0.979298234,
        -0.128268331,
        0.156595379
      ],
      [
        -0.1816063,
        -0.215034381,
        0.9595725
      ],
      [
        -0.08940937,
        -0.9681464,
        -0.233877137
      ]
    ],
    "translation": [
      1.15182328,
      0.8186086,
      -0.3477259
    ]
  },
  {
    "timeStamp": 16447,
    "rotation": [
      [
        0.9726247,
        -0.125803709,
        0.1953831
      ],
      [
        -0.217035025,
        -0.191296518,
        0.95723635
      ],
      [
        -0.08304777,
        -0.9734367,
        -0.213363528
      ]
    ],
    "translation": [
      1.166333,
      0.869071245,
      -0.360780448
    ]
  },
  {
    "timeStamp": 16492,
    "rotation": [
      [
        0.964750648,
        -0.170520887,
        0.2004467
      ],
      [
        -0.232676223,
        -0.196828365,
        0.9524287
      ],
      [
        -0.122955419,
        -0.965495348,
        -0.22956644
      ]
    ],
    "translation": [
      1.18532193,
      0.9081113,
      -0.363701344
    ]
  },
  {
    "timeStamp": 16548,
    "rotation": [
      [
        0.9450514,
        -0.250684977,
        0.2098452
      ],
      [
        -0.2589733,
        -0.182299,
        0.948525131
      ],
      [
        -0.199526444,
        -0.9507493,
        -0.237202615
      ]
    ],
    "translation": [
      1.21758318,
      0.9570255,
      -0.3730063
    ]
  },
  {
    "timeStamp": 16592,
    "rotation": [
      [
        0.913419247,
        -0.344943,
        0.216054648
      ],
      [
        -0.28284964,
        -0.156247556,
        0.946352363
      ],
      [
        -0.2926796,
        -0.925527453,
        -0.240286529
      ]
    ],
    "translation": [
      1.25434613,
      0.99396044,
      -0.376637071
    ]
  },
  {
    "timeStamp": 16648,
    "rotation": [
      [
        0.8504767,
        -0.476131916,
        0.22357963
      ],
      [
        -0.323752344,
        -0.138816491,
        0.935903
      ],
      [
        -0.414576739,
        -0.868348062,
        -0.272209
      ]
    ],
    "translation": [
      1.31141353,
      1.03815985,
      -0.382343233
    ]
  },
  {
    "timeStamp": 16692,
    "rotation": [
      [
        0.7986853,
        -0.5551233,
        0.232249409
      ],
      [
        -0.334364623,
        -0.08851666,
        0.9382777
      ],
      [
        -0.5003019,
        -0.827044666,
        -0.256310552
      ]
    ],
    "translation": [
      1.36493707,
      1.06886208,
      -0.39524895
    ]
  },
  {
    "timeStamp": 16748,
    "rotation": [
      [
        0.6904872,
        -0.6985416,
        0.187795416
      ],
      [
        -0.330819726,
        -0.0740863,
        0.940781355
      ],
      [
        -0.64326185,
        -0.7117239,
        -0.282246977
      ]
    ],
    "translation": [
      1.44507921,
      1.09515309,
      -0.4046213
    ]
  },
  {
    "timeStamp": 16792,
    "rotation": [
      [
        0.623613954,
        -0.7689898,
        0.14057143
      ],
      [
        -0.30939734,
        -0.0776564,
        0.9477567
      ],
      [
        -0.717898965,
        -0.6345267,
        -0.286351025
      ]
    ],
    "translation": [
      1.51447928,
      1.10952246,
      -0.42208454
    ]
  },
  {
    "timeStamp": 16847,
    "rotation": [
      [
        0.5371871,
        -0.84002614,
        0.07606689
      ],
      [
        -0.305416048,
        -0.109657437,
        0.94588387
      ],
      [
        -0.786225855,
        -0.531348646,
        -0.315464
      ]
    ],
    "translation": [
      1.59951508,
      1.12700129,
      -0.4489654
    ]
  },
  {
    "timeStamp": 16892,
    "rotation": [
      [
        0.449860364,
        -0.8926023,
        0.0297792256
      ],
      [
        -0.298400939,
        -0.118795633,
        0.947018743
      ],
      [
        -0.8417735,
        -0.434912324,
        -0.3197948
      ]
    ],
    "translation": [
      1.66835618,
      1.13833225,
      -0.472454458
    ]
  },
  {
    "timeStamp": 16947,
    "rotation": [
      [
        0.366836727,
        -0.9297814,
        -0.0306185726
      ],
      [
        -0.312741071,
        -0.154252976,
        0.937229455
      ],
      [
        -0.8761415,
        -0.3342345,
        -0.347366452
      ]
    ],
    "translation": [
      1.74533761,
      1.15130877,
      -0.5052321
    ]
  },
  {
    "timeStamp": 16991,
    "rotation": [
      [
        0.299731851,
        -0.951181769,
        -0.0735797659
      ],
      [
        -0.314914316,
        -0.1714468,
        0.9335068
      ],
      [
        -0.90054965,
        -0.2566304,
        -0.350928843
      ]
    ],
    "translation": [
      1.80299783,
      1.15615988,
      -0.5316759
    ]
  },
  {
    "timeStamp": 17047,
    "rotation": [
      [
        0.2483511,
        -0.9569214,
        -0.150409967
      ],
      [
        -0.3229173,
        -0.22817941,
        0.9185089
      ],
      [
        -0.913261235,
        -0.17954272,
        -0.3656751
      ]
    ],
    "translation": [
      1.86826289,
      1.15588152,
      -0.562660336
    ]
  },
  {
    "timeStamp": 17091,
    "rotation": [
      [
        0.177869722,
        -0.9679194,
        -0.177466765
      ],
      [
        -0.311747849,
        -0.226478651,
        0.9227788
      ],
      [
        -0.9333679,
        -0.108809516,
        -0.342030466
      ]
    ],
    "translation": [
      1.91628861,
      1.14953971,
      -0.5840136
    ]
  },
  {
    "timeStamp": 17147,
    "rotation": [
      [
        0.103762187,
        -0.9729452,
        -0.206424534
      ],
      [
        -0.305618078,
        -0.2286933,
        0.9242819
      ],
      [
        -0.946483552,
        -0.0328184664,
        -0.321079373
      ]
    ],
    "translation": [
      1.96665716,
      1.13629222,
      -0.60605
    ]
  },
  {
    "timeStamp": 17192,
    "rotation": [
      [
        0.0684054643,
        -0.970287859,
        -0.232082337
      ],
      [
        -0.303080916,
        -0.2418438,
        0.9217665
      ],
      [
        -0.950506568,
        0.007285868,
        -0.310619146
      ]
    ],
    "translation": [
      2.0010612,
      1.122396,
      -0.618239
    ]
  },
  {
    "timeStamp": 17247,
    "rotation": [
      [
        0.0188893359,
        -0.9735069,
        -0.227875963
      ],
      [
        -0.282478869,
        -0.223827332,
        0.9327953
      ],
      [
        -0.959087551,
        0.0467502438,
        -0.279223084
      ]
    ],
    "translation": [
      2.03260827,
      1.09809077,
      -0.627965868
    ]
  },
  {
    "timeStamp": 17292,
    "rotation": [
      [
        -0.00350698666,
        -0.964294136,
        -0.264810264
      ],
      [
        -0.2844195,
        -0.252913147,
        0.92473805
      ],
      [
        -0.958693445,
        0.0785602555,
        -0.27337712
      ]
    ],
    "translation": [
      2.05853772,
      1.07811165,
      -0.627838254
    ]
  },
  {
    "timeStamp": 17347,
    "rotation": [
      [
        -0.0408908539,
        -0.9661381,
        -0.2547646
      ],
      [
        -0.277572453,
        -0.2339571,
        0.931781948
      ],
      [
        -0.9598341,
        0.108816996,
        -0.2586066
      ]
    ],
    "translation": [
      2.08154225,
      1.0504353,
      -0.622585
    ]
  },
  {
    "timeStamp": 17392,
    "rotation": [
      [
        -0.1076769,
        -0.963234663,
        -0.246139511
      ],
      [
        -0.264471859,
        -0.21090588,
        0.9410491
      ],
      [
        -0.958363354,
        0.166426182,
        -0.232038781
      ]
    ],
    "translation": [
      2.10130286,
      1.02506936,
      -0.6141285
    ]
  },
  {
    "timeStamp": 17447,
    "rotation": [
      [
        -0.140486315,
        -0.952932,
        -0.268671185
      ],
      [
        -0.265579164,
        -0.225147635,
        0.9374307
      ],
      [
        -0.953798354,
        0.20304963,
        -0.22144872
      ]
    ],
    "translation": [
      2.12341666,
      0.994091034,
      -0.5990702
    ]
  },
  {
    "timeStamp": 17495,
    "rotation": [
      [
        -0.178379789,
        -0.950881064,
        -0.252993762
      ],
      [
        -0.240603566,
        -0.20716022,
        0.9482587
      ],
      [
        -0.9540915,
        0.2300214,
        -0.19183217
      ]
    ],
    "translation": [
      2.13415575,
      0.9674268,
      -0.587913156
    ]
  },
  {
    "timeStamp": 17542,
    "rotation": [
      [
        -0.158324689,
        -0.951769,
        -0.262809932
      ],
      [
        -0.230906934,
        -0.223096892,
        0.9470532
      ],
      [
        -0.960007966,
        0.210626543,
        -0.184448332
      ]
    ],
    "translation": [
      2.14132643,
      0.9398285,
      -0.573322654
    ]
  },
  {
    "timeStamp": 17598,
    "rotation": [
      [
        -0.198879212,
        -0.948304534,
        -0.247316748
      ],
      [
        -0.195815235,
        -0.2088179,
        0.95815
      ],
      [
        -0.9602622,
        0.23898451,
        -0.144162938
      ]
    ],
    "translation": [
      2.15018487,
      0.9162166,
      -0.5628061
    ]
  },
  {
    "timeStamp": 17642,
    "rotation": [
      [
        -0.2074456,
        -0.9457952,
        -0.249875382
      ],
      [
        -0.178998515,
        -0.214420408,
        0.960199654
      ],
      [
        -0.9617306,
        0.243916541,
        -0.12481536
      ]
    ],
    "translation": [
      2.157997,
      0.8996523,
      -0.557775
    ]
  },
  {
    "timeStamp": 17698,
    "rotation": [
      [
        -0.225044325,
        -0.9430763,
        -0.2448715
      ],
      [
        -0.167346641,
        -0.210172281,
        0.963235557
      ],
      [
        -0.959869862,
        0.2577491,
        -0.110522583
      ]
    ],
    "translation": [
      2.162929,
      0.88637495,
      -0.5512531
    ]
  },
  {
    "timeStamp": 17742,
    "rotation": [
      [
        -0.199624345,
        -0.9495797,
        -0.2417612
      ],
      [
        -0.159696534,
        -0.21190007,
        0.964155257
      ],
      [
        -0.966771543,
        0.2310773,
        -0.109344177
      ]
    ],
    "translation": [
      2.16026783,
      0.87690413,
      -0.546830535
    ]
  },
  {
    "timeStamp": 17798,
    "rotation": [
      [
        -0.1938886,
        -0.956092358,
        -0.219760492
      ],
      [
        -0.136915833,
        -0.1954468,
        0.97111
      ],
      [
        -0.9714223,
        0.218375847,
        -0.09300926
      ]
    ],
    "translation": [
      2.15590072,
      0.864849448,
      -0.5444393
    ]
  },
  {
    "timeStamp": 17842,
    "rotation": [
      [
        -0.175595775,
        -0.9598706,
        -0.218665257
      ],
      [
        -0.131947353,
        -0.197165146,
        0.9714503
      ],
      [
        -0.9755798,
        0.1994349,
        -0.09203102
      ]
    ],
    "translation": [
      2.15292335,
      0.8576278,
      -0.543066144
    ]
  },
  {
    "timeStamp": 17897,
    "rotation": [
      [
        -0.178449318,
        -0.9637476,
        -0.198358953
      ],
      [
        -0.1139713,
        -0.1799923,
        0.977043152
      ],
      [
        -0.9773261,
        0.196959913,
        -0.07772007
      ]
    ],
    "translation": [
      2.15172338,
      0.8494771,
      -0.542397141
    ]
  },
  {
    "timeStamp": 17942,
    "rotation": [
      [
        -0.168821156,
        -0.963291049,
        -0.208733723
      ],
      [
        -0.112735085,
        -0.191512331,
        0.974994242
      ],
      [
        -0.9791783,
        0.1881313,
        -0.0762653649
      ]
    ],
    "translation": [
      2.15295553,
      0.8441647,
      -0.5416932
    ]
  },
  {
    "timeStamp": 18000,
    "rotation": [
      [
        -0.177268639,
        -0.96338433,
        -0.201162919
      ],
      [
        -0.105716243,
        -0.1845777,
        0.97711575
      ],
      [
        -0.9784682,
        0.194478154,
        -0.06912553
      ]
    ],
    "translation": [
      2.15628934,
      0.8384113,
      -0.5407653
    ]
  },
  {
    "timeStamp": 18045,
    "rotation": [
      [
        -0.169478387,
        -0.9644767,
        -0.2026367
      ],
      [
        -0.106057681,
        -0.186568409,
        0.976700544
      ],
      [
        -0.9798106,
        0.187020823,
        -0.07067085
      ]
    ],
    "translation": [
      2.157502,
      0.8353179,
      -0.5392455
    ]
  },
  {
    "timeStamp": 18091,
    "rotation": [
      [
        -0.16967085,
        -0.967393756,
        -0.188045457
      ],
      [
        -0.112731643,
        -0.170507476,
        0.9788865
      ],
      [
        -0.979031861,
        0.1872872,
        -0.08012574
      ]
    ],
    "translation": [
      2.15715051,
      0.8348753,
      -0.536362767
    ]
  },
  {
    "timeStamp": 18147,
    "rotation": [
      [
        -0.1787732,
        -0.966678441,
        -0.183228791
      ],
      [
        -0.117419,
        -0.163936108,
        0.979457855
      ],
      [
        -0.9768587,
        0.196615368,
        -0.08419904
      ]
    ],
    "translation": [
      2.15933871,
      0.83408016,
      -0.532675445
    ]
  },
  {
    "timeStamp": 18192,
    "rotation": [
      [
        -0.181463137,
        -0.9691027,
        -0.167066187
      ],
      [
        -0.123323262,
        -0.1461199,
        0.98155
      ],
      [
        -0.9756344,
        0.198718265,
        -0.09299753
      ]
    ],
    "translation": [
      2.158538,
      0.834913433,
      -0.5292024
    ]
  },
  {
    "timeStamp": 18247,
    "rotation": [
      [
        -0.192711636,
        -0.9664462,
        -0.169835314
      ],
      [
        -0.134173527,
        -0.145500913,
        0.9802178
      ],
      [
        -0.972039,
        0.211686775,
        -0.101631768
      ]
    ],
    "translation": [
      2.16107965,
      0.8357029,
      -0.524837
    ]
  },
  {
    "timeStamp": 18292,
    "rotation": [
      [
        -0.190796331,
        -0.96781075,
        -0.1641314
      ],
      [
        -0.139884681,
        -0.138690367,
        0.9804067
      ],
      [
        -0.971611559,
        0.210017443,
        -0.108920291
      ]
    ],
    "translation": [
      2.16158581,
      0.835943758,
      -0.521484733
    ]
  },
  {
    "timeStamp": 18347,
    "rotation": [
      [
        -0.20212093,
        -0.9643594,
        -0.1707571
      ],
      [
        -0.139675975,
        -0.144188508,
        0.9796429
      ],
      [
        -0.969349146,
        0.221857026,
        -0.105554327
      ]
    ],
    "translation": [
      2.16503119,
      0.833169937,
      -0.518857956
    ]
  },
  {
    "timeStamp": 18391,
    "rotation": [
      [
        -0.202350184,
        -0.9644925,
        -0.169730753
      ],
      [
        -0.132726222,
        -0.1447075,
        0.9805322
      ],
      [
        -0.970277369,
        0.220938623,
        -0.09873185
      ]
    ],
    "translation": [
      2.16641045,
      0.829084635,
      -0.5175824
    ]
  },
  {
    "timeStamp": 18447,
    "rotation": [
      [
        -0.2085893,
        -0.9648428,
        -0.159902617
      ],
      [
        -0.116799355,
        -0.137753069,
        0.9835558
      ],
      [
        -0.97100383,
        0.223835751,
        -0.0839592
      ]
    ],
    "translation": [
      2.16640973,
      0.8221951,
      -0.517545938
    ]
  }
]