[
  {
    "timeStamp": 107806,
    "rotation": [
      [
        0.65827316,
        -0.5722258,
        0.489115566
      ],
      [
        0.628062367,
        0.7756731,
        0.0622012019
      ],
      [
        -0.4149869,
        0.2662497,
        0.8699983
      ]
    ],
    "translation": [
      1.442626,
      0.701395631,
      -0.7401067
    ]
  },
  {
    "timeStamp": 107850,
    "rotation": [
      [
        0.6775953,
        -0.5846176,
        0.44619146
      ],
      [
        0.617120564,
        0.78199625,
        0.08743059
      ],
      [
        -0.400033474,
        0.216111347,
        0.8906566
      ]
    ],
    "translation": [
      1.44363487,
      0.7021898,
      -0.740978062
    ]
  },
  {
    "timeStamp": 107902,
    "rotation": [
      [
        0.6792274,
        -0.5915353,
        0.4344378
      ],
      [
        0.6129218,
        0.782786965,
        0.107570782
      ],
      [
        -0.403704166,
        0.193211377,
        0.894255161
      ]
    ],
    "translation": [
      1.44385159,
      0.701755,
      -0.74129343
    ]
  },
  {
    "timeStamp": 107958,
    "rotation": [
      [
        0.6812965,
        -0.576181352,
        0.451497644
      ],
      [
        0.6032109,
        0.7913337,
        0.09963767
      ],
      [
        -0.414694637,
        0.2044655,
        0.886691749
      ]
    ],
    "translation": [
      1.4434768,
      0.701802552,
      -0.7410016
    ]
  },
  {
    "timeStamp": 108002,
    "rotation": [
      [
        0.686167836,
        -0.5525769,
        0.4731094
      ],
      [
        0.5892104,
        0.803598762,
        0.08402473
      ],
      [
        -0.426620245,
        0.2211059,
        0.876987636
      ]
    ],
    "translation": [
      1.443026,
      0.7019542,
      -0.740614235
    ]
  },
  {
    "timeStamp": 108058,
    "rotation": [
      [
        0.6646855,
        -0.555798948,
        0.499280185
      ],
      [
        0.6210681,
        0.7825056,
        0.0442654081
      ],
      [
        -0.4152922,
        0.2806644,
        0.8653091
      ]
    ],
    "translation": [
      1.448263,
      0.710703731,
      -0.746493042
    ]
  },
  {
    "timeStamp": 108102,
    "rotation": [
      [
        0.670505464,
        -0.533635139,
        0.5154183
      ],
      [
        0.6039088,
        0.7961167,
        0.03863214
      ],
      [
        -0.4309486,
        0.285362571,
        0.856067538
      ]
    ],
    "translation": [
      1.45241392,
      0.7254695,
      -0.7471707
    ]
  },
  {
    "timeStamp": 108158,
    "rotation": [
      [
        0.6736108,
        -0.4843035,
        0.558299839
      ],
      [
        0.581345856,
        0.8136447,
        0.00438862
      ],
      [
        -0.456383139,
        0.32160908,
        0.8296277
      ]
    ],
    "translation": [
      1.46194828,
      0.75060457,
      -0.7472334
    ]
  },
  {
    "timeStamp": 108202,
    "rotation": [
      [
        0.6696466,
        -0.443553865,
        0.595678866
      ],
      [
        0.5644379,
        0.8252321,
        -0.020042792
      ],
      [
        -0.482683271,
        0.349645346,
        0.802972555
      ]
    ],
    "translation": [
      1.47451282,
      0.771340549,
      -0.7468667
    ]
  },
  {
    "timeStamp": 108259,
    "rotation": [
      [
        0.65649724,
        -0.396321625,
        0.641826
      ],
      [
        0.548037,
        0.835253358,
        -0.0448031276
      ],
      [
        -0.5183309,
        0.381157517,
        0.7655404
      ]
    ],
    "translation": [
      1.49667084,
      0.797072053,
      -0.746513367
    ]
  },
  {
    "timeStamp": 108304,
    "rotation": [
      [
        0.6453933,
        -0.346442282,
        0.680768132
      ],
      [
        0.532001,
        0.843402267,
        -0.07514995
      ],
      [
        -0.5481263,
        0.410670638,
        0.7286338
      ]
    ],
    "translation": [
      1.51856685,
      0.8189035,
      -0.7470611
    ]
  },
  {
    "timeStamp": 108361,
    "rotation": [
      [
        0.621854544,
        -0.300293535,
        0.723270833
      ],
      [
        0.511421442,
        0.8551493,
        -0.08466253
      ],
      [
        -0.593081,
        0.422544,
        0.685355
      ]
    ],
    "translation": [
      1.5517447,
      0.845004439,
      -0.7486655
    ]
  },
  {
    "timeStamp": 108405,
    "rotation": [
      [
        0.589375854,
        -0.2647739,
        0.7632371
      ],
      [
        0.491242677,
        0.867487133,
        -0.07840108
      ],
      [
        -0.641339839,
        0.42114234,
        0.6413442
      ]
    ],
    "translation": [
      1.58259094,
      0.8646322,
      -0.7503389
    ]
  },
  {
    "timeStamp": 108450,
    "rotation": [
      [
        0.5470882,
        -0.218523756,
        0.8080481
      ],
      [
        0.474505424,
        0.876205862,
        -0.08430752
      ],
      [
        -0.6895934,
        0.4295469,
        0.583052635
      ]
    ],
    "translation": [
      1.61604059,
      0.883926332,
      -0.7515486
    ]
  },
  {
    "timeStamp": 108506,
    "rotation": [
      [
        0.4773372,
        -0.175505757,
        0.8610151
      ],
      [
        0.4536112,
        0.8884159,
        -0.07038599
      ],
      [
        -0.7525863,
        0.4241639,
        0.503685355
      ]
    ],
    "translation": [
      1.66298854,
      0.9047154,
      -0.7535913
    ]
  },
  {
    "timeStamp": 108550,
    "rotation": [
      [
        0.394422561,
        -0.132991269,
        0.9092547
      ],
      [
        0.4387846,
        0.896640539,
        -0.0591926277
      ],
      [
        -0.8074026,
        0.4223139,
        0.412009746
      ]
    ],
    "translation": [
      1.70451617,
      0.919032156,
      -0.7526537
    ]
  },
  {
    "timeStamp": 108606,
    "rotation": [
      [
        0.283662319,
        -0.09334134,
        0.954370558
      ],
      [
        0.41598174,
        0.9087082,
        -0.0347645879
      ],
      [
        -0.863999367,
        0.4068621,
        0.2965946
      ]
    ],
    "translation": [
      1.75938892,
      0.934425235,
      -0.754896462
    ]
  },
  {
    "timeStamp": 108650,
    "rotation": [
      [
        0.1846091,
        -0.072383225,
        0.9801429
      ],
      [
        0.401914954,
        0.9156413,
        -0.008080542
      ],
      [
        -0.8968744,
        0.395425856,
        0.198127627
      ]
    ],
    "translation": [
      1.80555046,
      0.9433347,
      -0.757512152
    ]
  },
  {
    "timeStamp": 108705,
    "rotation": [
      [
        0.06424643,
        -0.053625647,
        0.9964922
      ],
      [
        0.389934063,
        0.920519531,
        0.02439716
      ],
      [
        -0.918598831,
        0.386998832,
        0.0800505653
      ]
    ],
    "translation": [
      1.86257613,
      0.951362431,
      -0.7649553
    ]
  },
  {
    "timeStamp": 108750,
    "rotation": [
      [
        -0.0442601442,
        -0.0324866176,
        0.9984917
      ],
      [
        0.379503638,
        0.9240015,
        0.0468852855
      ],
      [
        -0.924131,
        0.38100636,
        -0.0285676513
      ]
    ],
    "translation": [
      1.90965128,
      0.9567147,
      -0.7703344
    ]
  },
  {
    "timeStamp": 108805,
    "rotation": [
      [
        -0.160204619,
        -0.0262140632,
        0.986735642
      ],
      [
        0.354659975,
        0.93136394,
        0.08232499
      ],
      [
        -0.9211681,
        0.3631445,
        -0.139911741
      ]
    ],
    "translation": [
      1.96445107,
      0.963050067,
      -0.7789013
    ]
  },
  {
    "timeStamp": 108850,
    "rotation": [
      [
        -0.229124427,
        -0.00376028754,
        0.973389864
      ],
      [
        0.344252974,
        0.9350535,
        0.08464526
      ],
      [
        -0.9104899,
        0.354486674,
        -0.212949112
      ]
    ],
    "translation": [
      2.003729,
      0.965355,
      -0.7850739
    ]
  },
  {
    "timeStamp": 108906,
    "rotation": [
      [
        -0.309451044,
        -0.013088325,
        0.950825334
      ],
      [
        0.324873984,
        0.9382855,
        0.118647628
      ],
      [
        -0.8936985,
        0.345614016,
        -0.286101371
      ]
    ],
    "translation": [
      2.04989958,
      0.9619751,
      -0.789710045
    ]
  },
  {
    "timeStamp": 108953,
    "rotation": [
      [
        -0.367893249,
        -0.0156609043,
        0.929736137
      ],
      [
        0.3228747,
        0.935496867,
        0.1435183
      ],
      [
        -0.872012854,
        0.352987677,
        -0.3391065
      ]
    ],
    "translation": [
      2.08311629,
      0.9558034,
      -0.7913283
    ]
  },
  {
    "timeStamp": 109001,
    "rotation": [
      [
        -0.4286087,
        -0.0257250126,
        0.9031239
      ],
      [
        0.304928035,
        0.936825037,
        0.171399117
      ],
      [
        -0.850478351,
        0.348850936,
        -0.393687069
      ]
    ],
    "translation": [
      2.12025237,
      0.948261261,
      -0.7903519
    ]
  },
  {
    "timeStamp": 109056,
    "rotation": [
      [
        -0.47808525,
        0.0061334027,
        0.878292
      ],
      [
        0.3253135,
        0.930092454,
        0.170584455
      ],
      [
        -0.815846562,
        0.3672742,
        -0.4466588
      ]
    ],
    "translation": [
      2.1476078,
      0.9366664,
      -0.7903247
    ]
  },
  {
    "timeStamp": 109100,
    "rotation": [
      [
        -0.519712269,
        0.0206489787,
        0.854091763
      ],
      [
        0.323900849,
        0.929838061,
        0.174612433
      ],
      [
        -0.790561438,
        0.367389262,
        -0.489936471
      ]
    ],
    "translation": [
      2.1668396,
      0.929013252,
      -0.788252652
    ]
  },
  {
    "timeStamp": 109156,
    "rotation": [
      [
        -0.530185938,
        0.05043553,
        0.84638
      ],
      [
        0.358391523,
        0.918,
        0.1697988
      ],
      [
        -0.768412948,
        0.393360347,
        -0.5047863
      ]
    ],
    "translation": [
      2.17852044,
      0.915846,
      -0.787369
    ]
  },
  {
    "timeStamp": 109200,
    "rotation": [
      [
        -0.4962454,
        0.0302257985,
        0.867656
      ],
      [
        0.3732706,
        0.9097358,
        0.18179594
      ],
      [
        -0.7838428,
        0.414085865,
        -0.46273464
      ]
    ],
    "translation": [
      2.178609,
      0.9053613,
      -0.7847007
    ]
  },
  {
    "timeStamp": 109256,
    "rotation": [
      [
        -0.4726278,
        -0.08109359,
        0.8775231
      ],
      [
        0.354579121,
        0.8941012,
        0.273599446
      ],
      [
        -0.8067816,
        0.440462083,
        -0.393823
      ]
    ],
    "translation": [
      2.1840415,
      0.8906364,
      -0.7832556
    ]
  },
  {
    "timeStamp": 109300,
    "rotation": [
      [
        -0.37618,
        -0.0517713,
        0.925099134
      ],
      [
        0.364017576,
        0.909897,
        0.198943749
      ],
      [
        -0.8520445,
        0.411591,
        -0.3234394
      ]
    ],
    "translation": [
      2.17542481,
      0.886369646,
      -0.7794109
    ]
  },
  {
    "timeStamp": 109356,
    "rotation": [
      [
        -0.230305091,
        -0.223799586,
        0.947033942
      ],
      [
        0.356735855,
        0.8860267,
        0.2961356
      ],
      [
        -0.9053724,
        0.406042516,
        -0.124219105
      ]
    ],
    "translation": [
      2.16826415,
      0.8730251,
      -0.784661233
    ]
  },
  {
    "timeStamp": 109401,
    "rotation": [
      [
        -0.103442632,
        -0.2717995,
        0.9567783
      ],
      [
        0.399476379,
        0.869591951,
        0.290221423
      ],
      [
        -0.910888731,
        0.412231565,
        0.0186246019
      ]
    ],
    "translation": [
      2.16238618,
      0.8650583,
      -0.790900052
    ]
  },
  {
    "timeStamp": 109458,
    "rotation": [
      [
        -0.008956081,
        -0.312291354,
        0.9499442
      ],
      [
        0.460824668,
        0.841802835,
        0.281084836
      ],
      [
        -0.887446046,
        0.440275133,
        0.1363723
      ]
    ],
    "translation": [
      2.16245413,
      0.8558333,
      -0.798214138
    ]
  },
  {
    "timeStamp": 109504,
    "rotation": [
      [
        0.0240137856,
        -0.381319553,
        0.924131334
      ],
      [
        0.493639082,
        0.8083663,
        0.3207247
      ],
      [
        -0.869335234,
        0.448485523,
        0.207646176
      ]
    ],
    "translation": [
      2.170942,
      0.850212932,
      -0.804466069
    ]
  },
  {
    "timeStamp": 109560,
    "rotation": [
      [
        0.05646184,
        -0.376583427,
        0.924660444
      ],
      [
        0.509146,
        0.8075227,
        0.297787517
      ],
      [
        -0.85882616,
        0.453973562,
        0.237330154
      ]
    ],
    "translation": [
      2.17325687,
      0.851653934,
      -0.8055818
    ]
  },
  {
    "timeStamp": 109605,
    "rotation": [
      [
        0.0977408141,
        -0.384249181,
        0.918041
      ],
      [
        0.5220783,
        0.8051358,
        0.28140834
      ],
      [
        -0.8472786,
        0.451784223,
        0.279302776
      ]
    ],
    "translation": [
      2.17158079,
      0.85156405,
      -0.8104903
    ]
  },
  {
    "timeStamp": 109650,
    "rotation": [
      [
        0.1396642,
        -0.396103084,
        0.907522
      ],
      [
        0.534171641,
        0.801847041,
        0.267772466
      ],
      [
        -0.8337593,
        0.447374254,
        0.323576331
      ]
    ],
    "translation": [
      2.168902,
      0.8506235,
      -0.8154214
    ]
  },
  {
    "timeStamp": 109705,
    "rotation": [
      [
        0.187591121,
        -0.415597916,
        0.88999325
      ],
      [
        0.5587484,
        0.7903487,
        0.251295179
      ],
      [
        -0.807842731,
        0.450141519,
        0.380477041
      ]
    ],
    "translation": [
      2.16702437,
      0.8481784,
      -0.820618749
    ]
  },
  {
    "timeStamp": 109750,
    "rotation": [
      [
        0.2319862,
        -0.45843628,
        0.8579152
      ],
      [
        0.5959626,
        0.764041543,
        0.247121483
      ],
      [
        -0.768772364,
        0.453956664,
        0.45045796
      ]
    ],
    "translation": [
      2.1663487,
      0.846375167,
      -0.8243578
    ]
  },
  {
    "timeStamp": 109805,
    "rotation": [
      [
        0.120112509,
        -0.523236632,
        0.843680263
      ],
      [
        0.6994798,
        0.6476655,
        0.302088439
      ],
      [
        -0.70448637,
        0.5538527,
        0.4437862
      ]
    ],
    "translation": [
      2.171353,
      0.840532541,
      -0.8272102
    ]
  },
  {
    "timeStamp": 109861,
    "rotation": [
      [
        0.004178186,
        -0.5506016,
        0.8347577
      ],
      [
        0.755961955,
        0.548182845,
        0.357794642
      ],
      [
        -0.65460217,
        0.6295501,
        0.4185243
      ]
    ],
    "translation": [
      2.17761469,
      0.836321831,
      -0.8290383
    ]
  },
  {
    "timeStamp": 109905,
    "rotation": [
      [
        0.00644823629,
        -0.5824367,
        0.812850535
      ],
      [
        0.7488727,
        0.5414968,
        0.3820613
      ],
      [
        -0.6626825,
        0.6062579,
        0.439662665
      ]
    ],
    "translation": [
      2.17947388,
      0.8355359,
      -0.828916252
    ]
  },
  {
    "timeStamp": 109950,
    "rotation": [
      [
        -0.06056581,
        -0.6240727,
        0.7790154
      ],
      [
        0.7289386,
        0.5055087,
        0.461637765
      ],
      [
        -0.6818946,
        0.5958139,
        0.4242941
      ]
    ],
    "translation": [
      2.18381453,
      0.8340052,
      -0.827958941
    ]
  },
  {
    "timeStamp": 110005,
    "rotation": [
      [
        -0.09050742,
        -0.624663055,
        0.775631666
      ],
      [
        0.7278199,
        0.490117073,
        0.479649246
      ],
      [
        -0.6797695,
        0.607932,
        0.410283
      ]
    ],
    "translation": [
      2.18577147,
      0.8336592,
      -0.8279671
    ]
  },
  {
    "timeStamp": 110060,
    "rotation": [
      [
        -0.0206901971,
        -0.6344947,
        0.772650242
      ],
      [
        0.707878,
        0.536452234,
        0.459486365
      ],
      [
        -0.7060316,
        0.556448936,
        0.438045561
      ]
    ],
    "translation": [
      2.18367052,
      0.8350501,
      -0.8270767
    ]
  },
  {
    "timeStamp": 110104,
    "rotation": [
      [
        0.04801315,
        -0.5906466,
        0.8055006
      ],
      [
        0.665614,
        0.6202024,
        0.4150987
      ],
      [
        -0.7447501,
        0.5162223,
        0.422920585
      ]
    ],
    "translation": [
      2.180459,
      0.838007152,
      -0.8252723
    ]
  },
  {
    "timeStamp": 110160,
    "rotation": [
      [
        0.3982711,
        -0.569357932,
        0.719174266
      ],
      [
        0.5759542,
        0.7654366,
        0.28702563
      ],
      [
        -0.7139026,
        0.2998974,
        0.632775366
      ]
    ],
    "translation": [
      2.168893,
      0.84565556,
      -0.8206673
    ]
  },
  {
    "timeStamp": 110205,
    "rotation": [
      [
        0.3910151,
        -0.5784493,
        0.715893567
      ],
      [
        0.5720594,
        0.7620713,
        0.303307325
      ],
      [
        -0.721009851,
        0.290935874,
        0.6288888
      ]
    ],
    "translation": [
      2.16989923,
      0.84992516,
      -0.815772
    ]
  },
  {
    "timeStamp": 110260,
    "rotation": [
      [
        0.384980232,
        -0.595427,
        0.705164433
      ],
      [
        0.582138658,
        0.7495537,
        0.315093368
      ],
      [
        -0.7161737,
        0.289198756,
        0.635184467
      ]
    ],
    "translation": [
      2.17640543,
      0.852536,
      -0.8146147
    ]
  },
  {
    "timeStamp": 110304,
    "rotation": [
      [
        0.356632233,
        -0.6100114,
        0.7076013
      ],
      [
        0.58649683,
        0.73574394,
        0.338677317
      ],
      [
        -0.7272104,
        0.294222683,
        0.620159745
      ]
    ],
    "translation": [
      2.18341255,
      0.8539326,
      -0.8115528
    ]
  },
  {
    "timeStamp": 110360,
    "rotation": [
      [
        0.325655937,
        -0.584997952,
        0.742782354
      ],
      [
        0.558274746,
        0.753009558,
        0.348289847
      ],
      [
        -0.76307106,
        0.301254,
        0.5718117
      ]
    ],
    "translation": [
      2.19045854,
      0.8597191,
      -0.8049165
    ]
  },
  {
    "timeStamp": 110405,
    "rotation": [
      [
        0.3051129,
        -0.559113741,
        0.7709072
      ],
      [
        0.533605039,
        0.7708674,
        0.347892433
      ],
      [
        -0.7887787,
        0.3052135,
        0.533547461
      ]
    ],
    "translation": [
      2.19388747,
      0.86580044,
      -0.8008909
    ]
  },
  {
    "timeStamp": 110460,
    "rotation": [
      [
        0.149503991,
        -0.508252263,
        0.8481322
      ],
      [
        0.4656191,
        0.7928995,
        0.393076748
      ],
      [
        -0.8722657,
        0.336139977,
        0.3551936
      ]
    ],
    "translation": [
      2.20730662,
      0.872637451,
      -0.7820713
    ]
  },
  {
    "timeStamp": 110505,
    "rotation": [
      [
        -0.0301436987,
        -0.398592383,
        0.9166327
      ],
      [
        0.382467151,
        0.8426597,
        0.3790032
      ],
      [
        -0.923477232,
        0.362006456,
        0.127047613
      ]
    ],
    "translation": [
      2.21700835,
      0.882757664,
      -0.7673637
    ]
  },
  {
    "timeStamp": 110560,
    "rotation": [
      [
        -0.272381574,
        -0.267020524,
        0.924396157
      ],
      [
        0.326644033,
        0.8780065,
        0.349868983
      ],
      [
        -0.9050481,
        0.397246361,
        -0.151932135
      ]
    ],
    "translation": [
      2.22833872,
      0.8896599,
      -0.76032263
    ]
  },
  {
    "timeStamp": 110605,
    "rotation": [
      [
        -0.453757554,
        -0.11481078,
        0.8836983
      ],
      [
        0.333851874,
        0.897540748,
        0.288034022
      ],
      [
        -0.826224566,
        0.425721943,
        -0.3689361
      ]
    ],
    "translation": [
      2.2321682,
      0.888806641,
      -0.76436764
    ]
  },
  {
    "timeStamp": 110660,
    "rotation": [
      [
        -0.5711803,
        0.200026736,
        0.7960794
      ],
      [
        0.432402074,
        0.8976953,
        0.084685646
      ],
      [
        -0.6976973,
        0.392597139,
        -0.599237859
      ]
    ],
    "translation": [
      2.22504,
      0.8829823,
      -0.7741887
    ]
  },
  {
    "timeStamp": 110705,
    "rotation": [
      [
        -0.630691,
        0.287285239,
        0.720899463
      ],
      [
        0.462554723,
        0.8850664,
        0.05196644
      ],
      [
        -0.6231147,
        0.36623022,
        -0.6910886
      ]
    ],
    "translation": [
      2.21758413,
      0.8770084,
      -0.779994667
    ]
  },
  {
    "timeStamp": 110760,
    "rotation": [
      [
        -0.6557248,
        0.417482734,
        0.629073143
      ],
      [
        0.502811968,
        0.863026738,
        -0.0486309975
      ],
      [
        -0.5632096,
        0.284416974,
        -0.775823355
      ]
    ],
    "translation": [
      2.20484138,
      0.8738377,
      -0.77527833
    ]
  },
  {
    "timeStamp": 110804,
    "rotation": [
      [
        -0.6717364,
        0.486285985,
        0.5588346
      ],
      [
        0.5238604,
        0.8452097,
        -0.1057872
      ],
      [
        -0.5237753,
        0.2216902,
        -0.8225041
      ]
    ],
    "translation": [
      2.198367,
      0.8712139,
      -0.7705442
    ]
  },
  {
    "timeStamp": 110860,
    "rotation": [
      [
        -0.7328842,
        0.497329116,
        0.4642677
      ],
      [
        0.516909957,
        0.850717,
        -0.09531396
      ],
      [
        -0.442362845,
        0.170130491,
        -0.8805514
      ]
    ],
    "translation": [
      2.198286,
      0.8689259,
      -0.766937733
    ]
  },
  {
    "timeStamp": 110904,
    "rotation": [
      [
        -0.733086646,
        0.547104239,
        0.404055536
      ],
      [
        0.546429,
        0.8275008,
        -0.129065
      ],
      [
        -0.4049683,
        0.126171812,
        -0.905583441
      ]
    ],
    "translation": [
      2.19621944,
      0.864263237,
      -0.7627126
    ]
  },
  {
    "timeStamp": 110960,
    "rotation": [
      [
        -0.761981666,
        0.561524451,
        0.322605461
      ],
      [
        0.5625648,
        0.8207115,
        -0.0997673944
      ],
      [
        -0.320787847,
        0.105465554,
        -0.941261
      ]
    ],
    "translation": [
      2.20040464,
      0.856454968,
      -0.7643833
    ]
  },
  {
    "timeStamp": 111004,
    "rotation": [
      [
        -0.7792782,
        0.5593899,
        0.282503843
      ],
      [
        0.562439263,
        0.8231144,
        -0.0783890039
      ],
      [
        -0.276382983,
        0.0978044048,
        -0.9560579
      ]
    ],
    "translation": [
      2.20463872,
      0.8519822,
      -0.766535461
    ]
  },
  {
    "timeStamp": 111060,
    "rotation": [
      [
        -0.8045515,
        0.540021837,
        0.2471302
      ],
      [
        0.5507676,
        0.8341317,
        -0.0296542421
      ],
      [
        -0.222153082,
        0.112252936,
        -0.96852845
      ]
    ],
    "translation": [
      2.2115202,
      0.8469182,
      -0.773804963
    ]
  },
  {
    "timeStamp": 111104,
    "rotation": [
      [
        -0.8169282,
        0.5268653,
        0.234608814
      ],
      [
        0.543529749,
        0.8393549,
        0.007663
      ],
      [
        -0.1928827,
        0.133777,
        -0.972059667
      ]
    ],
    "translation": [
      2.216235,
      0.842191041,
      -0.778767049
    ]
  },
  {
    "timeStamp": 111160,
    "rotation": [
      [
        -0.821408868,
        0.530171931,
        0.210250214
      ],
      [
        0.566471756,
        0.801240742,
        0.192673162
      ],
      [
        -0.06631114,
        0.277364254,
        -0.958473742
      ]
    ],
    "translation": [
      2.21906328,
      0.829767466,
      -0.7884633
    ]
  },
  {
    "timeStamp": 111204,
    "rotation": [
      [
        -0.8347866,
        0.52931273,
        0.15152356
      ],
      [
        0.5447146,
        0.7539673,
        0.367177337
      ],
      [
        0.0801078156,
        0.389051825,
        -0.9177262
      ]
    ],
    "translation": [
      2.22295761,
      0.820347846,
      -0.7953849
    ]
  },
  {
    "timeStamp": 111261,
    "rotation": [
      [
        -0.7716375,
        0.613631248,
        0.167428613
      ],
      [
        0.5912581,
        0.5949431,
        0.5444782
      ],
      [
        0.234498322,
        0.51913327,
        -0.8218949
      ]
    ],
    "translation": [
      2.22045088,
      0.8146205,
      -0.8072865
    ]
  },
  {
    "timeStamp": 111304,
    "rotation": [
      [
        -0.7707588,
        0.61519444,
        0.165730834
      ],
      [
        0.589234948,
        0.58933866,
        0.552704453
      ],
      [
        0.242349133,
        0.523656249,
        -0.816732
      ]
    ],
    "translation": [
      2.220595,
      0.8143571,
      -0.807599247
    ]
  },
  {
    "timeStamp": 111360,
    "rotation": [
      [
        -0.7737424,
        0.626406133,
        0.09454109
      ],
      [
        0.5607168,
        0.6077251,
        0.562376
      ],
      [
        0.2948208,
        0.488144964,
        -0.8214591
      ]
    ],
    "translation": [
      2.22429419,
      0.8134458,
      -0.807017446
    ]
  }
]