[
  {
    "timeStamp": 84239,
    "rotation": [
      [
        -0.012560145,
        0.153090835,
        -0.988132358
      ],
      [
        -0.0110724634,
        0.988128364,
        0.153230965
      ],
      [
        0.999859869,
        0.0128656626,
        -0.0107159428
      ]
    ],
    "translation": [
      1.830537,
      0.727515638,
      -0.6587303
    ]
  },
  {
    "timeStamp": 84283,
    "rotation": [
      [
        0.006882551,
        0.1281311,
        -0.991733432
      ],
      [
        -0.00203427277,
        0.9917566,
        0.12811999
      ],
      [
        0.9999743,
        0.00113566383,
        0.007086469
      ]
    ],
    "translation": [
      1.8304913,
      0.73701,
      -0.658439159
    ]
  },
  {
    "timeStamp": 84339,
    "rotation": [
      [
        0.0021005962,
        0.143685982,
        -0.989621043
      ],
      [
        0.000697053852,
        0.989622831,
        0.14368771
      ],
      [
        0.999997556,
        -0.0009916491,
        0.00197864114
      ]
    ],
    "translation": [
      1.83093321,
      0.7378411,
      -0.658692
    ]
  },
  {
    "timeStamp": 84383,
    "rotation": [
      [
        -0.0007198405,
        0.187821984,
        -0.9822028
      ],
      [
        0.00170651823,
        0.9822019,
        0.187820554
      ],
      [
        0.999998331,
        -0.00154094619,
        -0.00102755032
      ]
    ],
    "translation": [
      1.83262718,
      0.7391349,
      -0.6588162
    ]
  },
  {
    "timeStamp": 84439,
    "rotation": [
      [
        -0.005911185,
        0.00878975447,
        -0.999943852
      ],
      [
        -0.09277581,
        0.995643556,
        0.0093004
      ],
      [
        0.9956695,
        0.09282558,
        -0.00506995665
      ]
    ],
    "translation": [
      1.8496964,
      0.739500046,
      -0.6674437
    ]
  },
  {
    "timeStamp": 84484,
    "rotation": [
      [
        -0.0103125917,
        0.00336302747,
        -0.9999412
      ],
      [
        -0.09407835,
        0.99555546,
        0.004318526
      ],
      [
        0.995511353,
        0.094117336,
        -0.00995037
      ]
    ],
    "translation": [
      1.8523705,
      0.754202962,
      -0.672003865
    ]
  },
  {
    "timeStamp": 84539,
    "rotation": [
      [
        -0.0273705013,
        0.0160562582,
        -0.9994964
      ],
      [
        -0.08915289,
        0.9958473,
        0.0184390265
      ],
      [
        0.9956418,
        0.08961267,
        -0.0258253776
      ]
    ],
    "translation": [
      1.85554528,
      0.7803017,
      -0.68024075
    ]
  },
  {
    "timeStamp": 84583,
    "rotation": [
      [
        -0.05141788,
        0.0165088214,
        -0.998540759
      ],
      [
        -0.07282065,
        0.997139752,
        0.0202354137
      ],
      [
        0.996018767,
        0.07375485,
        -0.05006863
      ]
    ],
    "translation": [
      1.86150563,
      0.8074139,
      -0.68838346
    ]
  },
  {
    "timeStamp": 84639,
    "rotation": [
      [
        -0.0578741,
        0.0437426753,
        -0.9973651
      ],
      [
        -0.06463945,
        0.9967791,
        0.04746781
      ],
      [
        0.996229053,
        0.06721629,
        -0.05486019
      ]
    ],
    "translation": [
      1.87750363,
      0.841786265,
      -0.6999055
    ]
  },
  {
    "timeStamp": 84683,
    "rotation": [
      [
        -0.07832621,
        0.05075453,
        -0.995635
      ],
      [
        -0.0419223532,
        0.9976521,
        0.0541553721
      ],
      [
        0.996045947,
        0.0459811464,
        -0.07601456
      ]
    ],
    "translation": [
      1.89265645,
      0.8715671,
      -0.7101269
    ]
  },
  {
    "timeStamp": 84738,
    "rotation": [
      [
        -0.184999034,
        0.07713209,
        -0.9797071
      ],
      [
        0.0359135866,
        0.996779859,
        0.07169463
      ],
      [
        0.9820823,
        -0.02192136,
        -0.187173411
      ]
    ],
    "translation": [
      1.90495312,
      0.9161254,
      -0.721636832
    ]
  },
  {
    "timeStamp": 84783,
    "rotation": [
      [
        -0.321418583,
        0.007291233,
        -0.9469091
      ],
      [
        0.06195336,
        0.997989833,
        -0.0133448746
      ],
      [
        0.9449084,
        -0.0629534945,
        -0.321224183
      ]
    ],
    "translation": [
      1.91450107,
      0.9408818,
      -0.7331625
    ]
  },
  {
    "timeStamp": 84838,
    "rotation": [
      [
        -0.444633454,
        -0.0563222058,
        -0.8939401
      ],
      [
        0.07117292,
        0.9926439,
        -0.09794141
      ],
      [
        0.89288044,
        -0.107172355,
        -0.437354058
      ]
    ],
    "translation": [
      1.94044626,
      0.9650681,
      -0.7398077
    ]
  },
  {
    "timeStamp": 84883,
    "rotation": [
      [
        -0.484012157,
        -0.114625365,
        -0.8675213
      ],
      [
        0.03810749,
        0.9876819,
        -0.1517633
      ],
      [
        0.8742311,
        -0.106514342,
        -0.473682
      ]
    ],
    "translation": [
      1.96896935,
      0.9752971,
      -0.7400842
    ]
  },
  {
    "timeStamp": 84939,
    "rotation": [
      [
        -0.4600464,
        -0.205075115,
        -0.8638874
      ],
      [
        -0.007007148,
        0.973769665,
        -0.227428138
      ],
      [
        0.8878672,
        -0.09857411,
        -0.44941622
      ]
    ],
    "translation": [
      2.018117,
      0.9801723,
      -0.7292491
    ]
  },
  {
    "timeStamp": 84980,
    "rotation": [
      [
        -0.390838772,
        -0.234906912,
        -0.889979661
      ],
      [
        -0.0348279737,
        0.9699683,
        -0.240724772
      ],
      [
        0.9198,
        -0.06308839,
        -0.38728258
      ]
    ],
    "translation": [
      2.05077338,
      0.978301346,
      -0.7216212
    ]
  },
  {
    "timeStamp": 85033,
    "rotation": [
      [
        -0.19428581,
        -0.217198834,
        -0.9565969
      ],
      [
        -0.0148748513,
        0.9757192,
        -0.218519509
      ],
      [
        0.9808322,
        -0.0282260031,
        -0.1927992
      ]
    ],
    "translation": [
      2.10893083,
      0.979357839,
      -0.7094502
    ]
  },
  {
    "timeStamp": 85089,
    "rotation": [
      [
        -0.0318669453,
        -0.172423154,
        -0.9845074
      ],
      [
        -0.000165627876,
        0.985008538,
        -0.172505558
      ],
      [
        0.999492168,
        -0.005334163,
        -0.03141777
      ]
    ],
    "translation": [
      2.14044976,
      0.971877,
      -0.709419847
    ]
  },
  {
    "timeStamp": 85133,
    "rotation": [
      [
        0.04871972,
        -0.127210125,
        -0.990678549
      ],
      [
        0.01686641,
        0.991819739,
        -0.1265272
      ],
      [
        0.998670042,
        -0.01054482,
        0.0504667573
      ]
    ],
    "translation": [
      2.15390158,
      0.9638181,
      -0.7119118
    ]
  },
  {
    "timeStamp": 85189,
    "rotation": [
      [
        -0.100090422,
        -0.12533851,
        -0.987052262
      ],
      [
        0.0501092859,
        0.99014,
        -0.130811855
      ],
      [
        0.9937157,
        -0.0625534952,
        -0.09282292
      ]
    ],
    "translation": [
      2.12893963,
      0.9582256,
      -0.7133966
    ]
  },
  {
    "timeStamp": 85233,
    "rotation": [
      [
        -0.247148037,
        -0.164386585,
        -0.9549319
      ],
      [
        0.0470028929,
        0.982310534,
        -0.181264579
      ],
      [
        0.9678371,
        -0.08968374,
        -0.235049456
      ]
    ],
    "translation": [
      2.11180854,
      0.9531841,
      -0.7168004
    ]
  },
  {
    "timeStamp": 85289,
    "rotation": [
      [
        -0.4196729,
        -0.151047513,
        -0.8950192
      ],
      [
        0.0452222563,
        0.9813523,
        -0.186822131
      ],
      [
        0.9065482,
        -0.118878976,
        -0.405016273
      ]
    ],
    "translation": [
      2.10037065,
      0.952351,
      -0.720602155
    ]
  },
  {
    "timeStamp": 85333,
    "rotation": [
      [
        -0.5222724,
        -0.180167556,
        -0.8335294
      ],
      [
        0.0355180725,
        0.9719837,
        -0.232349366
      ],
      [
        0.852038741,
        -0.150955021,
        -0.501241
      ]
    ],
    "translation": [
      2.10075855,
      0.950917244,
      -0.722762048
    ]
  },
  {
    "timeStamp": 85389,
    "rotation": [
      [
        -0.683796,
        -0.175322816,
        -0.7082972
      ],
      [
        -0.0156971514,
        0.9740145,
        -0.225940928
      ],
      [
        0.729504347,
        -0.143379256,
        -0.668779254
      ]
    ],
    "translation": [
      2.09622288,
      0.942703247,
      -0.7313692
    ]
  },
  {
    "timeStamp": 85434,
    "rotation": [
      [
        -0.748719,
        -0.221215755,
        -0.624886751
      ],
      [
        -0.0913305059,
        0.968108654,
        -0.233290285
      ],
      [
        0.6565657,
        -0.11759764,
        -0.7450451
      ]
    ],
    "translation": [
      2.102513,
      0.9278959,
      -0.7367257
    ]
  },
  {
    "timeStamp": 85480,
    "rotation": [
      [
        -0.7870774,
        -0.254150033,
        -0.5620649
      ],
      [
        -0.150314257,
        0.962733865,
        -0.224831462
      ],
      [
        0.598259866,
        -0.0924733952,
        -0.7959484
      ]
    ],
    "translation": [
      2.10913873,
      0.9156881,
      -0.7424377
    ]
  },
  {
    "timeStamp": 85537,
    "rotation": [
      [
        -0.832405567,
        -0.251473755,
        -0.493823767
      ],
      [
        -0.188024938,
        0.966412961,
        -0.175193056
      ],
      [
        0.5212942,
        -0.0529804826,
        -0.8517308
      ]
    ],
    "translation": [
      2.10755658,
      0.905424535,
      -0.754477262
    ]
  },
  {
    "timeStamp": 85582,
    "rotation": [
      [
        -0.8609037,
        -0.256899357,
        -0.4391442
      ],
      [
        -0.213215038,
        0.9658759,
        -0.147048041
      ],
      [
        0.461935341,
        -0.032962054,
        -0.8863009
      ]
    ],
    "translation": [
      2.10471153,
      0.896807849,
      -0.7650828
    ]
  },
  {
    "timeStamp": 85639,
    "rotation": [
      [
        -0.885454655,
        -0.290403068,
        -0.362817019
      ],
      [
        -0.27190125,
        0.956870556,
        -0.102315821
      ],
      [
        0.376881748,
        0.008054382,
        -0.9262264
      ]
    ],
    "translation": [
      2.10036945,
      0.8865446,
      -0.7747881
    ]
  },
  {
    "timeStamp": 85683,
    "rotation": [
      [
        -0.8907215,
        -0.3321612,
        -0.310296863
      ],
      [
        -0.3336963,
        0.94136405,
        -0.04980427
      ],
      [
        0.308645338,
        0.0591831841,
        -0.949334145
      ]
    ],
    "translation": [
      2.09882641,
      0.878330648,
      -0.7807802
    ]
  },
  {
    "timeStamp": 85738,
    "rotation": [
      [
        -0.8856584,
        -0.360140681,
        -0.2931006
      ],
      [
        -0.3903216,
        0.919329345,
        0.0498248823
      ],
      [
        0.251512021,
        0.158531323,
        -0.9547825
      ]
    ],
    "translation": [
      2.099128,
      0.8688143,
      -0.7853019
    ]
  },
  {
    "timeStamp": 85783,
    "rotation": [
      [
        -0.884295642,
        -0.352807045,
        -0.305857
      ],
      [
        -0.408397645,
        0.901947856,
        0.14036198
      ],
      [
        0.226346344,
        0.249032751,
        -0.9416741
      ]
    ],
    "translation": [
      2.100259,
      0.863641262,
      -0.7863436
    ]
  },
  {
    "timeStamp": 85838,
    "rotation": [
      [
        -0.8931174,
        -0.350092739,
        -0.28244704
      ],
      [
        -0.41122824,
        0.8899317,
        0.1972635
      ],
      [
        0.182298064,
        0.292329669,
        -0.9387815
      ]
    ],
    "translation": [
      2.09882331,
      0.8611587,
      -0.7890648
    ]
  },
  {
    "timeStamp": 85883,
    "rotation": [
      [
        -0.901581943,
        -0.341727316,
        -0.2652781
      ],
      [
        -0.409322858,
        0.8723157,
        0.267432481
      ],
      [
        0.140017256,
        0.349696666,
        -0.9263409
      ]
    ],
    "translation": [
      2.09772873,
      0.858441,
      -0.7918685
    ]
  },
  {
    "timeStamp": 85938,
    "rotation": [
      [
        -0.9184638,
        -0.32166332,
        -0.230123714
      ],
      [
        -0.386952221,
        0.8511797,
        0.354628056
      ],
      [
        0.0818058,
        0.414759934,
        -0.9062461
      ]
    ],
    "translation": [
      2.09549212,
      0.856630743,
      -0.795990348
    ]
  },
  {
    "timeStamp": 85982,
    "rotation": [
      [
        -0.9333162,
        -0.2952597,
        -0.20430994
      ],
      [
        -0.35690093,
        0.825125039,
        0.43793875
      ],
      [
        0.03927559,
        0.48165375,
        -0.875481069
      ]
    ],
    "translation": [
      2.09379,
      0.855403841,
      -0.7993469
    ]
  },
  {
    "timeStamp": 86038,
    "rotation": [
      [
        -0.937079251,
        -0.286665827,
        -0.19926168
      ],
      [
        -0.34741208,
        0.8220294,
        0.4511901
      ],
      [
        0.0344581641,
        0.4920268,
        -0.8698979
      ]
    ],
    "translation": [
      2.09345484,
      0.8555958,
      -0.799760759
    ]
  },
  {
    "timeStamp": 86082,
    "rotation": [
      [
        -0.933894932,
        -0.2969676,
        -0.199124455
      ],
      [
        -0.354337662,
        0.843157351,
        0.404388934
      ],
      [
        0.0478028581,
        0.448214084,
        -0.8926472
      ]
    ],
    "translation": [
      2.09352255,
      0.857139468,
      -0.798535049
    ]
  },
  {
    "timeStamp": 86138,
    "rotation": [
      [
        -0.9340301,
        -0.312318444,
        -0.173334941
      ],
      [
        -0.3552613,
        0.86268127,
        0.359959
      ],
      [
        0.0371109769,
        0.397791743,
        -0.9167249
      ]
    ],
    "translation": [
      2.09230518,
      0.85903126,
      -0.7989598
    ]
  },
  {
    "timeStamp": 86183,
    "rotation": [
      [
        -0.9363293,
        -0.316319942,
        -0.15241079
      ],
      [
        -0.3499338,
        0.876358747,
        0.3309707
      ],
      [
        0.0288739055,
        0.363231272,
        -0.931251466
      ]
    ],
    "translation": [
      2.091212,
      0.8605259,
      -0.79938823
    ]
  },
  {
    "timeStamp": 86238,
    "rotation": [
      [
        -0.9361943,
        -0.3174149,
        -0.150956735
      ],
      [
        -0.350908,
        0.8686219,
        0.349799275
      ],
      [
        0.0200928282,
        0.380452037,
        -0.924582362
      ]
    ],
    "translation": [
      2.09115076,
      0.8596351,
      -0.8000408
    ]
  },
  {
    "timeStamp": 86282,
    "rotation": [
      [
        -0.9370856,
        -0.3092173,
        -0.162034288
      ],
      [
        -0.348456562,
        0.8566578,
        0.3804148
      ],
      [
        0.0211770963,
        0.412943184,
        -0.91051054
      ]
    ],
    "translation": [
      2.0916636,
      0.8584486,
      -0.800080836
    ]
  },
  {
    "timeStamp": 86338,
    "rotation": [
      [
        -0.939733,
        -0.277878523,
        -0.199211851
      ],
      [
        -0.336313039,
        0.8562289,
        0.392129481
      ],
      [
        0.06160659,
        0.435494572,
        -0.898080766
      ]
    ],
    "translation": [
      2.093321,
      0.8587336,
      -0.797422945
    ]
  },
  {
    "timeStamp": 86382,
    "rotation": [
      [
        -0.933773339,
        -0.307574421,
        -0.1829355
      ],
      [
        -0.330078453,
        0.9377299,
        0.108216919
      ],
      [
        0.138259321,
        0.161433145,
        -0.977150857
      ]
    ],
    "translation": [
      2.09814262,
      0.8547834,
      -0.7754146
    ]
  },
  {
    "timeStamp": 86438,
    "rotation": [
      [
        -0.925407469,
        -0.35480836,
        -0.133161768
      ],
      [
        -0.321063221,
        0.9206867,
        -0.2219334
      ],
      [
        0.2013441,
        -0.162625477,
        -0.96592623
      ]
    ],
    "translation": [
      2.10415435,
      0.8577632,
      -0.7446088
    ]
  },
  {
    "timeStamp": 86482,
    "rotation": [
      [
        -0.9248517,
        -0.351514667,
        -0.14521271
      ],
      [
        -0.3097575,
        0.9177186,
        -0.248682112
      ],
      [
        0.22067982,
        -0.185013354,
        -0.957637966
      ]
    ],
    "translation": [
      2.10462022,
      0.86335367,
      -0.735211253
    ]
  },
  {
    "timeStamp": 86538,
    "rotation": [
      [
        -0.92332685,
        -0.3584357,
        -0.137809053
      ],
      [
        -0.31831044,
        0.915113568,
        -0.247478545
      ],
      [
        0.214816079,
        -0.184637532,
        -0.9590427
      ]
    ],
    "translation": [
      2.10440731,
      0.866097,
      -0.732675433
    ]
  },
  {
    "timeStamp": 86583,
    "rotation": [
      [
        -0.9251526,
        -0.350071,
        -0.14677535
      ],
      [
        -0.310761929,
        0.920530736,
        -0.236749113
      ],
      [
        0.21799022,
        -0.173416853,
        -0.960420132
      ]
    ],
    "translation": [
      2.102703,
      0.8681212,
      -0.731057644
    ]
  },
  {
    "timeStamp": 86638,
    "rotation": [
      [
        -0.925241232,
        -0.34915027,
        -0.148400828
      ],
      [
        -0.313698441,
        0.9240849,
        -0.2183126
      ],
      [
        0.213358879,
        -0.1554387,
        -0.964529335
      ]
    ],
    "translation": [
      2.10107636,
      0.8647037,
      -0.7335951
    ]
  },
  {
    "timeStamp": 86682,
    "rotation": [
      [
        -0.9247218,
        -0.353564024,
        -0.141003966
      ],
      [
        -0.321698248,
        0.923935831,
        -0.2070092
      ],
      [
        0.203469619,
        -0.146065176,
        -0.9681245
      ]
    ],
    "translation": [
      2.10099149,
      0.857577741,
      -0.7386915
    ]
  },
  {
    "timeStamp": 86738,
    "rotation": [
      [
        -0.9233783,
        -0.358620316,
        -0.136982039
      ],
      [
        -0.330627531,
        0.9242411,
        -0.190954626
      ],
      [
        0.195084646,
        -0.131033316,
        -0.971994
      ]
    ],
    "translation": [
      2.10087824,
      0.848180652,
      -0.746215463
    ]
  },
  {
    "timeStamp": 86784,
    "rotation": [
      [
        -0.9237367,
        -0.3562382,
        -0.140729666
      ],
      [
        -0.331458271,
        0.9275856,
        -0.172396079
      ],
      [
        0.191952869,
        -0.112602584,
        -0.974922955
      ]
    ],
    "translation": [
      2.09997988,
      0.841944,
      -0.7523062
    ]
  },
  {
    "timeStamp": 86838,
    "rotation": [
      [
        -0.9284531,
        -0.340610117,
        -0.1481876
      ],
      [
        -0.318481058,
        0.9352802,
        -0.1543395
      ],
      [
        0.19116652,
        -0.09610205,
        -0.9768417
      ]
    ],
    "translation": [
      2.09583688,
      0.8368159,
      -0.759132564
    ]
  },
  {
    "timeStamp": 86885,
    "rotation": [
      [
        -0.931201041,
        -0.333221138,
        -0.147743836
      ],
      [
        -0.313734323,
        0.9390535,
        -0.140531987
      ],
      [
        0.1855676,
        -0.08451122,
        -0.978990555
      ]
    ],
    "translation": [
      2.09222937,
      0.8322295,
      -0.7641028
    ]
  },
  {
    "timeStamp": 86937,
    "rotation": [
      [
        -0.9332474,
        -0.330949277,
        -0.139720589
      ],
      [
        -0.3122329,
        0.9396179,
        -0.140103087
      ],
      [
        0.177650973,
        -0.08712548,
        -0.9802292
      ]
    ],
    "translation": [
      2.08865619,
      0.8252412,
      -0.7677171
    ]
  },
  {
    "timeStamp": 86982,
    "rotation": [
      [
        -0.9328777,
        -0.33448568,
        -0.133635789
      ],
      [
        -0.317586035,
        0.9388625,
        -0.13295202
      ],
      [
        0.16993618,
        -0.08158711,
        -0.982071936
      ]
    ],
    "translation": [
      2.08704686,
      0.818820357,
      -0.7704394
    ]
  },
  {
    "timeStamp": 87038,
    "rotation": [
      [
        -0.9279653,
        -0.3547723,
        -0.114091985
      ],
      [
        -0.33811903,
        0.930246,
        -0.142540991
      ],
      [
        0.1567032,
        -0.09369642,
        -0.983191252
      ]
    ],
    "translation": [
      2.0874846,
      0.8103253,
      -0.7707347
    ]
  },
  {
    "timeStamp": 87082,
    "rotation": [
      [
        -0.916362345,
        -0.386715353,
        -0.10359136
      ],
      [
        -0.371647954,
        0.917903244,
        -0.13903749
      ],
      [
        0.148854777,
        -0.08890921,
        -0.984854
      ]
    ],
    "translation": [
      2.09067655,
      0.804140866,
      -0.7701078
    ]
  },
  {
    "timeStamp": 87137,
    "rotation": [
      [
        -0.914464235,
        -0.395159066,
        -0.08720362
      ],
      [
        -0.380931348,
        0.9133193,
        -0.14401111
      ],
      [
        0.136552051,
        -0.09847441,
        -0.985726237
      ]
    ],
    "translation": [
      2.09273028,
      0.7967198,
      -0.768901765
    ]
  },
  {
    "timeStamp": 87182,
    "rotation": [
      [
        -0.9069421,
        -0.4137077,
        -0.0793850943
      ],
      [
        -0.400521159,
        0.9052466,
        -0.141814828
      ],
      [
        0.130532965,
        -0.0968224257,
        -0.9867049
      ]
    ],
    "translation": [
      2.09569454,
      0.789884,
      -0.768505
    ]
  },
  {
    "timeStamp": 87237,
    "rotation": [
      [
        -0.9009104,
        -0.4295437,
        -0.0620707646
      ],
      [
        -0.41944927,
        0.898473144,
        -0.129646972
      ],
      [
        0.111457951,
        -0.09076476,
        -0.98961556
      ]
    ],
    "translation": [
      2.09733129,
      0.782393,
      -0.771527469
    ]
  },
  {
    "timeStamp": 87282,
    "rotation": [
      [
        -0.9012026,
        -0.430234641,
        -0.0522680134
      ],
      [
        -0.421243072,
        0.8978961,
        -0.127815485
      ],
      [
        0.101921894,
        -0.0931701139,
        -0.990419745
      ]
    ],
    "translation": [
      2.09552455,
      0.778544366,
      -0.772695661
    ]
  },
  {
    "timeStamp": 87338,
    "rotation": [
      [
        -0.9019645,
        -0.429428041,
        -0.0452948436
      ],
      [
        -0.421673983,
        0.8985272,
        -0.121819444
      ],
      [
        0.09301133,
        -0.09077716,
        -0.9915182
      ]
    ],
    "translation": [
      2.09277225,
      0.7753181,
      -0.7737328
    ]
  },
  {
    "timeStamp": 87382,
    "rotation": [
      [
        -0.9023023,
        -0.4287431,
        -0.045055043
      ],
      [
        -0.420834124,
        0.898659945,
        -0.123729259
      ],
      [
        0.09353723,
        -0.0926805,
        -0.991292655
      ]
    ],
    "translation": [
      2.09052157,
      0.772556,
      -0.7726002
    ]
  },
  {
    "timeStamp": 87437,
    "rotation": [
      [
        -0.897752,
        -0.4392975,
        -0.0325440429
      ],
      [
        -0.432437867,
        0.8929812,
        -0.124828778
      ],
      [
        0.08389819,
        -0.097992,
        -0.991644442
      ]
    ],
    "translation": [
      2.089781,
      0.767326653,
      -0.7730889
    ]
  },
  {
    "timeStamp": 87482,
    "rotation": [
      [
        -0.8985534,
        -0.43796733,
        -0.0280434471
      ],
      [
        -0.431692839,
        0.8935685,
        -0.123193115
      ],
      [
        0.0790133,
        -0.0985894352,
        -0.9919864
      ]
    ],
    "translation": [
      2.088419,
      0.7634609,
      -0.7734509
    ]
  },
  {
    "timeStamp": 87537,
    "rotation": [
      [
        -0.89944607,
        -0.436353981,
        -0.0243297555
      ],
      [
        -0.430700153,
        0.8944825,
        -0.1199935
      ],
      [
        0.07412218,
        -0.0974488556,
        -0.992476463
      ]
    ],
    "translation": [
      2.08722067,
      0.7581538,
      -0.774138331
    ]
  },
  {
    "timeStamp": 87582,
    "rotation": [
      [
        -0.898923457,
        -0.437699735,
        -0.0188553
      ],
      [
        -0.432772934,
        0.8938534,
        -0.117190316
      ],
      [
        0.06814805,
        -0.09718506,
        -0.9929305
      ]
    ],
    "translation": [
      2.08665133,
      0.7538259,
      -0.77421
    ]
  },
  {
    "timeStamp": 87637,
    "rotation": [
      [
        -0.9035931,
        -0.427725822,
        -0.0238790885
      ],
      [
        -0.422715843,
        0.8992784,
        -0.112293221
      ],
      [
        0.0695046559,
        -0.09137331,
        -0.9933882
      ]
    ],
    "translation": [
      2.08554316,
      0.750203848,
      -0.773101
    ]
  },
  {
    "timeStamp": 87682,
    "rotation": [
      [
        -0.9055427,
        -0.423794985,
        -0.019754
      ],
      [
        -0.419004947,
        0.900669038,
        -0.115022331
      ],
      [
        0.0665377,
        -0.0958806053,
        -0.993166447
      ]
    ],
    "translation": [
      2.08539581,
      0.7471637,
      -0.7719708
    ]
  },
  {
    "timeStamp": 87737,
    "rotation": [
      [
        -0.917975366,
        -0.396451622,
        -0.01213255
      ],
      [
        -0.3931228,
        0.9134788,
        -0.104933135
      ],
      [
        0.05268374,
        -0.09155645,
        -0.99440527
      ]
    ],
    "translation": [
      2.08411026,
      0.7474154,
      -0.771554053
    ]
  },
  {
    "timeStamp": 87782,
    "rotation": [
      [
        -0.926197946,
        -0.376757532,
        -0.0145302061
      ],
      [
        -0.3737367,
        0.922495544,
        -0.09655505
      ],
      [
        0.0497818924,
        -0.08399861,
        -0.995221555
      ]
    ],
    "translation": [
      2.08286524,
      0.7476619,
      -0.7714044
    ]
  },
  {
    "timeStamp": 87837,
    "rotation": [
      [
        -0.9395521,
        -0.3422818,
        0.009218518
      ],
      [
        -0.341472626,
        0.9346652,
        -0.09898203
      ],
      [
        0.0252635181,
        -0.09614664,
        -0.995046556
      ]
    ],
    "translation": [
      2.082552,
      0.7482306,
      -0.772524357
    ]
  },
  {
    "timeStamp": 87882,
    "rotation": [
      [
        -0.950374,
        -0.3109592,
        0.009678043
      ],
      [
        -0.3104152,
        0.945715964,
        -0.09624853
      ],
      [
        0.0207766853,
        -0.09447631,
        -0.9953103
      ]
    ],
    "translation": [
      2.0821197,
      0.748693645,
      -0.773201764
    ]
  },
  {
    "timeStamp": 87938,
    "rotation": [
      [
        -0.9655161,
        -0.2582684,
        -0.03280464
      ],
      [
        -0.255654424,
        0.96437645,
        -0.0679626837
      ],
      [
        0.0491886325,
        -0.0572324134,
        -0.9971484
      ]
    ],
    "translation": [
      2.08001232,
      0.7495228,
      -0.7732322
    ]
  },
  {
    "timeStamp": 87982,
    "rotation": [
      [
        -0.966297567,
        -0.244468212,
        -0.0806490257
      ],
      [
        -0.2394123,
        0.968570948,
        -0.06746866
      ],
      [
        0.09460825,
        -0.04588643,
        -0.99445647
      ]
    ],
    "translation": [
      2.07899332,
      0.748596966,
      -0.771214664
    ]
  },
  {
    "timeStamp": 88037,
    "rotation": [
      [
        -0.971461654,
        -0.222350344,
        -0.08259893
      ],
      [
        -0.218586072,
        0.9744187,
        -0.05223255
      ],
      [
        0.0920998752,
        -0.03268694,
        -0.9952131
      ]
    ],
    "translation": [
      2.07900143,
      0.749890566,
      -0.7707783
    ]
  },
  {
    "timeStamp": 88082,
    "rotation": [
      [
        -0.9719538,
        -0.223491758,
        -0.07319319
      ],
      [
        -0.220042437,
        0.974086463,
        -0.0523164645
      ],
      [
        0.08298879,
        -0.03474358,
        -0.9959447
      ]
    ],
    "translation": [
      2.07865047,
      0.749899566,
      -0.7711256
    ]
  },
  {
    "timeStamp": 88137,
    "rotation": [
      [
        -0.970782,
        -0.231291,
        -0.06392795
      ],
      [
        -0.22843194,
        0.972325861,
        -0.04900207
      ],
      [
        0.0734925345,
        -0.0329671428,
        -0.9967507
      ]
    ],
    "translation": [
      2.078182,
      0.7499281,
      -0.771336436
    ]
  },
  {
    "timeStamp": 88182,
    "rotation": [
      [
        -0.9683191,
        -0.243608266,
        -0.054891
      ],
      [
        -0.241176561,
        0.9693249,
        -0.0473607369
      ],
      [
        0.06474469,
        -0.0326218829,
        -0.997368455
      ]
    ],
    "translation": [
      2.0777607,
      0.749937654,
      -0.7715383
    ]
  },
  {
    "timeStamp": 88237,
    "rotation": [
      [
        -0.966796637,
        -0.250485867,
        -0.0506077446
      ],
      [
        -0.248474315,
        0.9676902,
        -0.0428510979
      ],
      [
        0.05970621,
        -0.0288535729,
        -0.9977989
      ]
    ],
    "translation": [
      2.077635,
      0.7498024,
      -0.7715019
    ]
  },
  {
    "timeStamp": 88282,
    "rotation": [
      [
        -0.9679546,
        -0.246382341,
        -0.0485764965
      ],
      [
        -0.244610131,
        0.9688103,
        -0.0396538451
      ],
      [
        0.0568314157,
        -0.0265008174,
        -0.998032033
      ]
    ],
    "translation": [
      2.077767,
      0.7497,
      -0.7714757
    ]
  },
  {
    "timeStamp": 88337,
    "rotation": [
      [
        -0.9678266,
        -0.246504962,
        -0.0504668
      ],
      [
        -0.244563669,
        0.9687371,
        -0.04167663
      ],
      [
        0.05916256,
        -0.0279934071,
        -0.9978558
      ]
    ],
    "translation": [
      2.07760739,
      0.7487334,
      -0.7709229
    ]
  },
  {
    "timeStamp": 88381,
    "rotation": [
      [
        -0.9708329,
        -0.235003173,
        -0.0475079641
      ],
      [
        -0.233346984,
        0.9716543,
        -0.03790768
      ],
      [
        0.0550697446,
        -0.02571618,
        -0.9981513
      ]
    ],
    "translation": [
      2.077918,
      0.7493952,
      -0.771294355
    ]
  },
  {
    "timeStamp": 88437,
    "rotation": [
      [
        -0.973526239,
        -0.224286318,
        -0.04407071
      ],
      [
        -0.223076344,
        0.974315941,
        -0.03074736
      ],
      [
        0.0498350039,
        -0.020102229,
        -0.9985552
      ]
    ],
    "translation": [
      2.07831,
      0.7498319,
      -0.7712302
    ]
  },
  {
    "timeStamp": 88482,
    "rotation": [
      [
        -0.9762558,
        -0.213699847,
        -0.03545502
      ],
      [
        -0.212884516,
        0.9767469,
        -0.0254106876
      ],
      [
        0.04006084,
        -0.0172595065,
        -0.9990482
      ]
    ],
    "translation": [
      2.0788064,
      0.7501952,
      -0.7712901
    ]
  },
  {
    "timeStamp": 88537,
    "rotation": [
      [
        -0.9806376,
        -0.194890276,
        -0.01917198
      ],
      [
        -0.194567,
        0.980733,
        -0.01750502
      ],
      [
        0.0222141519,
        -0.0134358462,
        -0.9996629
      ]
    ],
    "translation": [
      2.07966948,
      0.750500143,
      -0.7714313
    ]
  },
  {
    "timeStamp": 88581,
    "rotation": [
      [
        -0.985956669,
        -0.166373834,
        -0.0144612053
      ],
      [
        -0.166226953,
        0.986028,
        -0.010834449
      ],
      [
        0.0160617232,
        -0.008278456,
        -0.9998367
      ]
    ],
    "translation": [
      2.08059788,
      0.750861,
      -0.771347
    ]
  }
]