[
  {
    "timeStamp": 76854,
    "rotation": [
      [
        0.99113667,
        -0.127098888,
        -0.0386531353
      ],
      [
        0.126926214,
        0.991888165,
        -0.006898842
      ],
      [
        0.03921642,
        0.00193159864,
        0.9992289
      ]
    ],
    "translation": [
      1.77394736,
      0.7001326,
      -0.347044945
    ]
  },
  {
    "timeStamp": 76909,
    "rotation": [
      [
        0.9936802,
        -0.105376348,
        -0.0386726223
      ],
      [
        0.105493054,
        0.9944196,
        0.0009840169
      ],
      [
        0.03835312,
        -0.00505749136,
        0.9992515
      ]
    ],
    "translation": [
      1.7739253,
      0.700470567,
      -0.347038656
    ]
  },
  {
    "timeStamp": 76953,
    "rotation": [
      [
        0.9926019,
        -0.11502178,
        -0.03887851
      ],
      [
        0.115432434,
        0.993279159,
        0.008480749
      ],
      [
        0.03764174,
        -0.0129058482,
        0.999208
      ]
    ],
    "translation": [
      1.77392232,
      0.7011634,
      -0.34702757
    ]
  },
  {
    "timeStamp": 77009,
    "rotation": [
      [
        0.9915086,
        -0.123796105,
        -0.0398143679
      ],
      [
        0.124983035,
        0.991739631,
        0.0288401823
      ],
      [
        0.0359151848,
        -0.03357141,
        0.9987908
      ]
    ],
    "translation": [
      1.77385175,
      0.7026523,
      -0.346912563
    ]
  },
  {
    "timeStamp": 77053,
    "rotation": [
      [
        0.991223335,
        -0.12405055,
        -0.04569287
      ],
      [
        0.127070859,
        0.9893841,
        0.07051316
      ],
      [
        0.0364606,
        -0.07570052,
        0.9964638
      ]
    ],
    "translation": [
      1.77446032,
      0.70528543,
      -0.3433499
    ]
  },
  {
    "timeStamp": 77109,
    "rotation": [
      [
        0.990470231,
        -0.131432176,
        -0.04116035
      ],
      [
        0.134443536,
        0.9875365,
        0.0818326548
      ],
      [
        0.0298919044,
        -0.08658656,
        0.9957958
      ]
    ],
    "translation": [
      1.77604425,
      0.7115563,
      -0.343145669
    ]
  },
  {
    "timeStamp": 77153,
    "rotation": [
      [
        0.9918654,
        -0.121492006,
        -0.0379841
      ],
      [
        0.124550521,
        0.9878822,
        0.09260605
      ],
      [
        0.0262729246,
        -0.09658368,
        0.994978
      ]
    ],
    "translation": [
      1.77494264,
      0.721708238,
      -0.345473647
    ]
  },
  {
    "timeStamp": 77209,
    "rotation": [
      [
        0.996592462,
        -0.07395329,
        -0.0365297869
      ],
      [
        0.07768794,
        0.990386665,
        0.1144507
      ],
      [
        0.0277146045,
        -0.116898634,
        0.992757142
      ]
    ],
    "translation": [
      1.77059019,
      0.743725359,
      -0.3538456
    ]
  },
  {
    "timeStamp": 77253,
    "rotation": [
      [
        0.998447359,
        -0.0365674272,
        -0.0420192443
      ],
      [
        0.0423198231,
        0.9884722,
        0.145367429
      ],
      [
        0.0362191461,
        -0.146919981,
        0.988485038
      ]
    ],
    "translation": [
      1.76623952,
      0.7668675,
      -0.365557641
    ]
  },
  {
    "timeStamp": 77309,
    "rotation": [
      [
        0.99671334,
        0.03694902,
        -0.0720920563
      ],
      [
        -0.02206524,
        0.9801023,
        0.197263032
      ],
      [
        0.07794626,
        -0.195023969,
        0.9776963
      ]
    ],
    "translation": [
      1.75814819,
      0.8018865,
      -0.38710773
    ]
  },
  {
    "timeStamp": 77353,
    "rotation": [
      [
        0.9919543,
        0.0863459,
        -0.09257975
      ],
      [
        -0.06332307,
        0.97165823,
        0.2277508
      ],
      [
        0.109621219,
        -0.220055953,
        0.9693083
      ]
    ],
    "translation": [
      1.75470626,
      0.829919,
      -0.409292221
    ]
  },
  {
    "timeStamp": 77409,
    "rotation": [
      [
        0.9853722,
        0.136546969,
        -0.101963826
      ],
      [
        -0.108225,
        0.963584542,
        0.24452436
      ],
      [
        0.131639823,
        -0.22991246,
        0.964267254
      ]
    ],
    "translation": [
      1.7562573,
      0.86029017,
      -0.442285657
    ]
  },
  {
    "timeStamp": 77453,
    "rotation": [
      [
        0.9796634,
        0.177570656,
        -0.09342607
      ],
      [
        -0.148099273,
        0.9540745,
        0.2604006
      ],
      [
        0.135374933,
        -0.24126859,
        0.960969865
      ]
    ],
    "translation": [
      1.76023173,
      0.883508563,
      -0.471494019
    ]
  },
  {
    "timeStamp": 77509,
    "rotation": [
      [
        0.9705584,
        0.222702309,
        -0.09176151
      ],
      [
        -0.19407621,
        0.948680341,
        0.249679908
      ],
      [
        0.142656624,
        -0.2245202,
        0.96397084
      ]
    ],
    "translation": [
      1.76523435,
      0.9055889,
      -0.5117886
    ]
  },
  {
    "timeStamp": 77553,
    "rotation": [
      [
        0.9683979,
        0.239465371,
        -0.06972684
      ],
      [
        -0.21496594,
        0.9431419,
        0.2535214
      ],
      [
        0.126471892,
        -0.23052071,
        0.96481353
      ]
    ],
    "translation": [
      1.77358925,
      0.9225804,
      -0.5443453
    ]
  },
  {
    "timeStamp": 77609,
    "rotation": [
      [
        0.9636164,
        0.2659695,
        -0.0265279915
      ],
      [
        -0.252611637,
        0.9386413,
        0.234818891
      ],
      [
        0.0873549357,
        -0.219574049,
        0.9716771
      ]
    ],
    "translation": [
      1.7874037,
      0.9395388,
      -0.5845665
    ]
  },
  {
    "timeStamp": 77653,
    "rotation": [
      [
        0.9674293,
        0.251279175,
        -0.03064919
      ],
      [
        -0.234472439,
        0.93512404,
        0.265641928
      ],
      [
        0.0954110846,
        -0.2498034,
        0.9635845
      ]
    ],
    "translation": [
      1.79909849,
      0.954753,
      -0.6141542
    ]
  },
  {
    "timeStamp": 77709,
    "rotation": [
      [
        0.963133037,
        0.268999547,
        0.00374034769
      ],
      [
        -0.2604613,
        0.92890203,
        0.263250649
      ],
      [
        0.06733989,
        -0.2545196,
        0.9647202
      ]
    ],
    "translation": [
      1.81714165,
      0.969117165,
      -0.6490064
    ]
  },
  {
    "timeStamp": 77753,
    "rotation": [
      [
        0.9597806,
        0.274653375,
        0.0581962466
      ],
      [
        -0.2801708,
        0.9236701,
        0.261415154
      ],
      [
        0.0180444233,
        -0.267206073,
        0.963470459
      ]
    ],
    "translation": [
      1.8365227,
      0.9781637,
      -0.6739298
    ]
  },
  {
    "timeStamp": 77808,
    "rotation": [
      [
        0.9679368,
        0.236360684,
        0.08504099
      ],
      [
        -0.250907183,
        0.9259098,
        0.2823769
      ],
      [
        -0.0119974837,
        -0.29466036,
        0.9555267
      ]
    ],
    "translation": [
      1.8602438,
      0.987959266,
      -0.701371133
    ]
  },
  {
    "timeStamp": 77852,
    "rotation": [
      [
        0.9724209,
        0.2076683,
        0.106167153
      ],
      [
        -0.230133548,
        0.928290248,
        0.292088568
      ],
      [
        -0.0378963947,
        -0.30846563,
        0.9504803
      ]
    ],
    "translation": [
      1.87911963,
      0.993201,
      -0.7210357
    ]
  },
  {
    "timeStamp": 77908,
    "rotation": [
      [
        0.972883642,
        0.192323968,
        0.128486827
      ],
      [
        -0.22303462,
        0.9272045,
        0.3009109
      ],
      [
        -0.06126119,
        -0.3214083,
        0.944957
      ]
    ],
    "translation": [
      1.90093541,
      0.997995257,
      -0.741897166
    ]
  },
  {
    "timeStamp": 77952,
    "rotation": [
      [
        0.9683945,
        0.183315441,
        0.1691373
      ],
      [
        -0.228037581,
        0.9254282,
        0.302624315
      ],
      [
        -0.101048715,
        -0.3316294,
        0.93798244
      ]
    ],
    "translation": [
      1.91838861,
      1.00110352,
      -0.755243242
    ]
  },
  {
    "timeStamp": 78008,
    "rotation": [
      [
        0.9711891,
        0.157269225,
        0.179048181
      ],
      [
        -0.209512845,
        0.9214982,
        0.327025265
      ],
      [
        -0.113561563,
        -0.355116248,
        0.9278989
      ]
    ],
    "translation": [
      1.93646348,
      1.004982,
      -0.7683259
    ]
  },
  {
    "timeStamp": 78052,
    "rotation": [
      [
        0.9669756,
        0.155048117,
        0.202282533
      ],
      [
        -0.216937214,
        0.917294264,
        0.333930284
      ],
      [
        -0.13377735,
        -0.366785049,
        0.9206369
      ]
    ],
    "translation": [
      1.94921839,
      1.00643587,
      -0.7764434
    ]
  },
  {
    "timeStamp": 78108,
    "rotation": [
      [
        0.960158169,
        0.1492896,
        0.23623915
      ],
      [
        -0.225211456,
        0.913867235,
        0.337826073
      ],
      [
        -0.165457308,
        -0.3775702,
        0.9110788
      ]
    ],
    "translation": [
      1.96542,
      1.00615156,
      -0.7835855
    ]
  },
  {
    "timeStamp": 78152,
    "rotation": [
      [
        0.959444046,
        0.134692132,
        0.247639179
      ],
      [
        -0.217781439,
        0.9119418,
        0.347754747
      ],
      [
        -0.1789927,
        -0.387582451,
        0.904290557
      ]
    ],
    "translation": [
      1.97725987,
      1.00523937,
      -0.7876889
    ]
  },
  {
    "timeStamp": 78209,
    "rotation": [
      [
        0.953442335,
        0.129814819,
        0.272205353
      ],
      [
        -0.223406985,
        0.910342634,
        0.348375648
      ],
      [
        -0.202575818,
        -0.392968684,
        0.896960735
      ]
    ],
    "translation": [
      1.992118,
      1.00340772,
      -0.7912241
    ]
  },
  {
    "timeStamp": 78253,
    "rotation": [
      [
        0.948281,
        0.13057436,
        0.289332718
      ],
      [
        -0.231410518,
        0.908277452,
        0.348541468
      ],
      [
        -0.21728383,
        -0.397469878,
        0.8915186
      ]
    ],
    "translation": [
      2.00242114,
      1.00223315,
      -0.7933359
    ]
  },
  {
    "timeStamp": 78302,
    "rotation": [
      [
        0.945781,
        0.123124972,
        0.3005636
      ],
      [
        -0.229608923,
        0.907954931,
        0.35056752
      ],
      [
        -0.2297346,
        -0.400572181,
        0.8869971
      ]
    ],
    "translation": [
      2.01280475,
      1.00143731,
      -0.795320332
    ]
  },
  {
    "timeStamp": 78359,
    "rotation": [
      [
        0.945264161,
        0.116411738,
        0.3048343
      ],
      [
        -0.226576731,
        0.90642786,
        0.356442869
      ],
      [
        -0.234816179,
        -0.406001031,
        0.88319
      ]
    ],
    "translation": [
      2.02767324,
      1.001003,
      -0.796973944
    ]
  },
  {
    "timeStamp": 78403,
    "rotation": [
      [
        0.9468429,
        0.09442315,
        0.3075267
      ],
      [
        -0.209885642,
        0.9057858,
        0.368103266
      ],
      [
        -0.243795872,
        -0.4130814,
        0.877455
      ]
    ],
    "translation": [
      2.04303932,
      1.00367069,
      -0.796525538
    ]
  },
  {
    "timeStamp": 78459,
    "rotation": [
      [
        0.9596512,
        0.042145174,
        0.278016925
      ],
      [
        -0.158538237,
        0.8976719,
        0.411157966
      ],
      [
        -0.232239649,
        -0.438644558,
        0.8681335
      ]
    ],
    "translation": [
      2.07026148,
      1.01555479,
      -0.7925675
    ]
  },
  {
    "timeStamp": 78503,
    "rotation": [
      [
        0.9830084,
        -0.00201864052,
        0.18354927
      ],
      [
        -0.08308904,
        0.8867398,
        0.454740226
      ],
      [
        -0.163678408,
        -0.4622644,
        0.871505
      ]
    ],
    "translation": [
      2.09508252,
      1.03113639,
      -0.7856031
    ]
  },
  {
    "timeStamp": 78559,
    "rotation": [
      [
        0.992567837,
        -0.101315424,
        0.0674108043
      ],
      [
        0.0558068231,
        0.871224463,
        0.4877024
      ],
      [
        -0.108141713,
        -0.480315745,
        0.870403469
      ]
    ],
    "translation": [
      2.13881016,
      1.05377746,
      -0.771401644
    ]
  },
  {
    "timeStamp": 78603,
    "rotation": [
      [
        0.98372376,
        -0.1754642,
        -0.0387290157
      ],
      [
        0.171644747,
        0.8538437,
        0.491415352
      ],
      [
        -0.05315727,
        -0.4900646,
        0.8700638
      ]
    ],
    "translation": [
      2.17629218,
      1.06881344,
      -0.75535655
    ]
  },
  {
    "timeStamp": 78659,
    "rotation": [
      [
        0.974605441,
        -0.22381793,
        -0.00705133751
      ],
      [
        0.202210933,
        0.8661175,
        0.457111746
      ],
      [
        -0.0962025151,
        -0.446929455,
        0.8893813
      ]
    ],
    "translation": [
      2.227818,
      1.07957566,
      -0.7331144
    ]
  },
  {
    "timeStamp": 78703,
    "rotation": [
      [
        0.972015,
        -0.215559661,
        0.0933848545
      ],
      [
        0.148821339,
        0.8726074,
        0.465197265
      ],
      [
        -0.181766078,
        -0.4382811,
        0.880267441
      ]
    ],
    "translation": [
      2.2646594,
      1.09265959,
      -0.7145294
    ]
  },
  {
    "timeStamp": 78756,
    "rotation": [
      [
        0.957582831,
        -0.260060936,
        0.124110557
      ],
      [
        0.172685057,
        0.8626955,
        0.4753276
      ],
      [
        -0.230683759,
        -0.433733523,
        0.8710111
      ]
    ],
    "translation": [
      2.28656864,
      1.09906638,
      -0.702512264
    ]
  },
  {
    "timeStamp": 78803,
    "rotation": [
      [
        0.934773,
        -0.290417165,
        0.204590723
      ],
      [
        0.1521302,
        0.8476879,
        0.5082142
      ],
      [
        -0.3210232,
        -0.443940461,
        0.836576939
      ]
    ],
    "translation": [
      2.30725622,
      1.10424268,
      -0.695240855
    ]
  },
  {
    "timeStamp": 78859,
    "rotation": [
      [
        0.898457944,
        -0.228621244,
        0.374840766
      ],
      [
        -0.000760797469,
        0.8529237,
        0.522035062
      ],
      [
        -0.43905887,
        -0.4693117,
        0.7661422
      ]
    ],
    "translation": [
      2.315427,
      1.09934068,
      -0.6974594
    ]
  },
  {
    "timeStamp": 78903,
    "rotation": [
      [
        0.858355761,
        -0.2627177,
        0.4406867
      ],
      [
        -0.008116994,
        0.8518851,
        0.5236658
      ],
      [
        -0.5129907,
        -0.453068584,
        0.729088
      ]
    ],
    "translation": [
      2.317714,
      1.08575869,
      -0.706588447
    ]
  },
  {
    "timeStamp": 78958,
    "rotation": [
      [
        0.880522668,
        -0.203311116,
        0.4281874
      ],
      [
        -0.0164473187,
        0.889692366,
        0.4562642
      ],
      [
        -0.4737186,
        -0.4087935,
        0.7800504
      ]
    ],
    "translation": [
      2.294818,
      1.05097628,
      -0.7164817
    ]
  },
  {
    "timeStamp": 79003,
    "rotation": [
      [
        0.929328144,
        -0.139781415,
        0.3417752
      ],
      [
        -0.004298652,
        0.92142266,
        0.388537943
      ],
      [
        -0.3692298,
        -0.3625484,
        0.8557032
      ]
    ],
    "translation": [
      2.26379848,
      1.0192101,
      -0.72325325
    ]
  },
  {
    "timeStamp": 79057,
    "rotation": [
      [
        0.9205961,
        -0.0947205052,
        0.378854722
      ],
      [
        -0.04587499,
        0.937190533,
        0.345788181
      ],
      [
        -0.3878123,
        -0.3357112,
        0.8584286
      ]
    ],
    "translation": [
      2.24768972,
      0.99409163,
      -0.736772358
    ]
  },
  {
    "timeStamp": 79103,
    "rotation": [
      [
        0.8884529,
        -0.04494337,
        0.456762165
      ],
      [
        -0.114453085,
        0.942058861,
        0.3153183
      ],
      [
        -0.444468319,
        -0.33242327,
        0.831831
      ]
    ],
    "translation": [
      2.242322,
      0.970045,
      -0.751145661
    ]
  },
  {
    "timeStamp": 79158,
    "rotation": [
      [
        0.7919709,
        -0.243030682,
        0.560105562
      ],
      [
        -0.0486738458,
        0.8893146,
        0.4546982
      ],
      [
        -0.608615637,
        -0.387370229,
        0.692482
      ]
    ],
    "translation": [
      2.25673962,
      0.9713574,
      -0.764175534
    ]
  },
  {
    "timeStamp": 79203,
    "rotation": [
      [
        0.797234237,
        -0.2735049,
        0.5381567
      ],
      [
        -0.06846596,
        0.8447564,
        0.530753255
      ],
      [
        -0.599774957,
        -0.4599801,
        0.654742956
      ]
    ],
    "translation": [
      2.24512529,
      0.96903193,
      -0.763534844
    ]
  },
  {
    "timeStamp": 79258,
    "rotation": [
      [
        0.7622004,
        -0.3476915,
        0.5460413
      ],
      [
        0.000286907,
        0.8436954,
        0.53682214
      ],
      [
        -0.647341,
        -0.4090094,
        0.643164754
      ]
    ],
    "translation": [
      2.23943663,
      0.951944947,
      -0.762374
    ]
  },
  {
    "timeStamp": 79303,
    "rotation": [
      [
        0.794479549,
        -0.289642453,
        0.53376925
      ],
      [
        0.0144336829,
        0.8876926,
        0.460210443
      ],
      [
        -0.607119441,
        -0.3579235,
        0.709434152
      ]
    ],
    "translation": [
      2.2306447,
      0.92760545,
      -0.753164053
    ]
  },
  {
    "timeStamp": 79358,
    "rotation": [
      [
        0.820622265,
        -0.256131053,
        0.510858059
      ],
      [
        0.02015458,
        0.9063506,
        0.42204532
      ],
      [
        -0.5711155,
        -0.336043656,
        0.748933733
      ]
    ],
    "translation": [
      2.230459,
      0.910655856,
      -0.7488081
    ]
  },
  {
    "timeStamp": 79403,
    "rotation": [
      [
        0.886814952,
        -0.169209272,
        0.430032
      ],
      [
        0.0185790211,
        0.9428561,
        0.332681835
      ],
      [
        -0.461751163,
        -0.287037641,
        0.8392826
      ]
    ],
    "translation": [
      2.231898,
      0.8953501,
      -0.7454835
    ]
  },
  {
    "timeStamp": 79458,
    "rotation": [
      [
        0.922985852,
        -0.120121069,
        0.365606457
      ],
      [
        0.0366264321,
        0.973144054,
        0.227264643
      ],
      [
        -0.383087039,
        -0.196371183,
        0.9025977
      ]
    ],
    "translation": [
      2.24499488,
      0.884543061,
      -0.748108447
    ]
  },
  {
    "timeStamp": 79504,
    "rotation": [
      [
        0.8911398,
        -0.296649843,
        0.343320072
      ],
      [
        0.212466776,
        0.941405356,
        0.261942565
      ],
      [
        -0.40090856,
        -0.160483345,
        0.901952
      ]
    ],
    "translation": [
      2.27510548,
      0.89774996,
      -0.75137794
    ]
  },
  {
    "timeStamp": 79550,
    "rotation": [
      [
        0.8702077,
        -0.385781854,
        0.3064487
      ],
      [
        0.322633058,
        0.9162874,
        0.237329364
      ],
      [
        -0.372352481,
        -0.107655369,
        0.9218264
      ]
    ],
    "translation": [
      2.29430771,
      0.908263266,
      -0.7553253
    ]
  },
  {
    "timeStamp": 79607,
    "rotation": [
      [
        0.8522936,
        -0.4503083,
        0.266116738
      ],
      [
        0.4123777,
        0.8914565,
        0.187749833
      ],
      [
        -0.321776778,
        -0.05027738,
        0.945479751
      ]
    ],
    "translation": [
      2.2998116,
      0.9120932,
      -0.7593015
    ]
  },
  {
    "timeStamp": 79652,
    "rotation": [
      [
        0.815841734,
        -0.540995359,
        0.204270273
      ],
      [
        0.5113125,
        0.839864433,
        0.182173848
      ],
      [
        -0.270114541,
        -0.0441790931,
        0.9618141
      ]
    ],
    "translation": [
      2.29923677,
      0.9159545,
      -0.761043847
    ]
  },
  {
    "timeStamp": 79702,
    "rotation": [
      [
        0.780817,
        -0.6059652,
        0.152088791
      ],
      [
        0.5873891,
        0.794957936,
        0.1517102
      ],
      [
        -0.212835282,
        -0.0291226,
        0.976654
      ]
    ],
    "translation": [
      2.29376721,
      0.9141868,
      -0.7612882
    ]
  },
  {
    "timeStamp": 79758,
    "rotation": [
      [
        0.756654,
        -0.644999266,
        0.107007928
      ],
      [
        0.6389181,
        0.764181733,
        0.08837392
      ],
      [
        -0.138774619,
        0.00150081713,
        0.9903229
      ]
    ],
    "translation": [
      2.28502035,
      0.9025395,
      -0.7616916
    ]
  },
  {
    "timeStamp": 79803,
    "rotation": [
      [
        0.7191093,
        -0.6880456,
        0.09733995
      ],
      [
        0.6876705,
        0.724763751,
        0.04274002
      ],
      [
        -0.09995556,
        0.0362030677,
        0.994333
      ]
    ],
    "translation": [
      2.28412342,
      0.8988152,
      -0.7612561
    ]
  },
  {
    "timeStamp": 79851,
    "rotation": [
      [
        0.699027538,
        -0.7047427,
        0.121236235
      ],
      [
        0.709827244,
        0.704373658,
        0.001760307
      ],
      [
        -0.08663617,
        0.0848262757,
        0.992622137
      ]
    ],
    "translation": [
      2.28590846,
      0.896095455,
      -0.7619321
    ]
  },
  {
    "timeStamp": 79902,
    "rotation": [
      [
        0.684139848,
        -0.7156534,
        0.140687078
      ],
      [
        0.7264805,
        0.6857461,
        -0.0444799736
      ],
      [
        -0.06464337,
        0.132636949,
        0.9890544
      ]
    ],
    "translation": [
      2.28760314,
      0.892801344,
      -0.7628207
    ]
  },
  {
    "timeStamp": 79958,
    "rotation": [
      [
        0.646238446,
        -0.7476421,
        0.152994022
      ],
      [
        0.761546969,
        0.644729435,
        -0.06610781
      ],
      [
        -0.04921476,
        0.15923354,
        0.986013532
      ]
    ],
    "translation": [
      2.28837276,
      0.892338455,
      -0.7629232
    ]
  },
  {
    "timeStamp": 80002,
    "rotation": [
      [
        0.623176038,
        -0.769966245,
        0.137126237
      ],
      [
        0.781658769,
        0.618955731,
        -0.076834254
      ],
      [
        -0.0257152822,
        0.155067191,
        0.9875692
      ]
    ],
    "translation": [
      2.28869677,
      0.891750634,
      -0.7616024
    ]
  },
  {
    "timeStamp": 80058,
    "rotation": [
      [
        0.5726265,
        -0.8139086,
        0.09824291
      ],
      [
        0.8191873,
        0.563370347,
        -0.107452191
      ],
      [
        0.0321091153,
        0.142009318,
        0.989344358
      ]
    ],
    "translation": [
      2.28824067,
      0.889705956,
      -0.757369041
    ]
  },
  {
    "timeStamp": 80102,
    "rotation": [
      [
        0.60308,
        -0.795246542,
        0.0622696429
      ],
      [
        0.7972621,
        0.598395348,
        -0.07934848
      ],
      [
        0.02583974,
        0.0974987149,
        0.9949001
      ]
    ],
    "translation": [
      2.28549838,
      0.8805926,
      -0.749028742
    ]
  },
  {
    "timeStamp": 80158,
    "rotation": [
      [
        0.6200123,
        -0.7790695,
        0.09292689
      ],
      [
        0.780994058,
        0.624154747,
        0.0218882412
      ],
      [
        -0.07505322,
        0.05900437,
        0.9954323
      ]
    ],
    "translation": [
      2.27937961,
      0.874138653,
      -0.74313587
    ]
  },
  {
    "timeStamp": 80202,
    "rotation": [
      [
        0.607968569,
        -0.7882068,
        0.09541609
      ],
      [
        0.789361656,
        0.6129828,
        0.0340622962
      ],
      [
        -0.08533656,
        0.0546090044,
        0.99485445
      ]
    ],
    "translation": [
      2.281311,
      0.874295235,
      -0.7399067
    ]
  },
  {
    "timeStamp": 80259,
    "rotation": [
      [
        0.6027536,
        -0.790776968,
        0.106582887
      ],
      [
        0.790501535,
        0.609973967,
        0.0551280938
      ],
      [
        -0.108606808,
        0.0510252751,
        0.9927744
      ]
    ],
    "translation": [
      2.285154,
      0.875667155,
      -0.7362548
    ]
  },
  {
    "timeStamp": 80304,
    "rotation": [
      [
        0.588909566,
        -0.804337442,
        0.0789109245
      ],
      [
        0.80298245,
        0.593388259,
        0.05576369
      ],
      [
        -0.0916776359,
        0.0305243134,
        0.995320857
      ]
    ],
    "translation": [
      2.28714728,
      0.8743552,
      -0.7334623
    ]
  },
  {
    "timeStamp": 80350,
    "rotation": [
      [
        0.583114743,
        -0.8099021,
        0.0635282844
      ],
      [
        0.8077817,
        0.5863489,
        0.0606934354
      ],
      [
        -0.08640548,
        0.0159257483,
        0.996132731
      ]
    ],
    "translation": [
      2.28808165,
      0.8732892,
      -0.7305885
    ]
  },
  {
    "timeStamp": 80406,
    "rotation": [
      [
        0.552648664,
        -0.831956,
        0.0492813773
      ],
      [
        0.8281463,
        0.5548325,
        0.0795902759
      ],
      [
        -0.09355852,
        -0.003173271,
        0.995608747
      ]
    ],
    "translation": [
      2.28975153,
      0.8718487,
      -0.728927553
    ]
  },
  {
    "timeStamp": 80452,
    "rotation": [
      [
        0.5544806,
        -0.8318061,
        0.02549221
      ],
      [
        0.8280987,
        0.5545275,
        0.0821691155
      ],
      [
        -0.08248491,
        -0.0244511161,
        0.996292353
      ]
    ],
    "translation": [
      2.29041672,
      0.868281245,
      -0.7256745
    ]
  },
  {
    "timeStamp": 80508,
    "rotation": [
      [
        0.5314482,
        -0.8470836,
        0.00349332369
      ],
      [
        0.8435998,
        0.529627442,
        0.08851071
      ],
      [
        -0.07682613,
        -0.044091884,
        0.9960691
      ]
    ],
    "translation": [
      2.291678,
      0.8638743,
      -0.723547459
    ]
  },
  {
    "timeStamp": 80552,
    "rotation": [
      [
        0.488309741,
        -0.8726111,
        -0.0101762768
      ],
      [
        0.869785666,
        0.4857151,
        0.086912334
      ],
      [
        -0.0708979,
        -0.05129132,
        0.996163964
      ]
    ],
    "translation": [
      2.293339,
      0.8631055,
      -0.722904
    ]
  },
  {
    "timeStamp": 80607,
    "rotation": [
      [
        0.4387335,
        -0.8983077,
        -0.02358485
      ],
      [
        0.8963034,
        0.435570836,
        0.0831756
      ],
      [
        -0.06444441,
        -0.0576311052,
        0.996255755
      ]
    ],
    "translation": [
      2.29543853,
      0.862185955,
      -0.720665753
    ]
  },
  {
    "timeStamp": 80652,
    "rotation": [
      [
        0.409656,
        -0.9119283,
        -0.02384692
      ],
      [
        0.9098644,
        0.406564236,
        0.0827778652
      ],
      [
        -0.06579217,
        -0.0556079149,
        0.996282637
      ]
    ],
    "translation": [
      2.29583073,
      0.8621258,
      -0.7199342
    ]
  }
]