[
  {
    "timeStamp": 1,
    "rotation": [
      [
        0.9071175,
        -0.313519239,
        -0.280790985
      ],
      [
        0.064569,
        0.7629251,
        -0.64325434
      ],
      [
        0.4158951,
        0.5653769,
        0.712306261
      ]
    ],
    "translation": [
      1.64154088,
      1.43866587,
      -0.9722513
    ]
  },
  {
    "timeStamp": 16,
    "rotation": [
      [
        0.9285665,
        -0.257462263,
        -0.267352521
      ],
      [
        0.06175489,
        0.817431748,
        -0.5727056
      ],
      [
        0.365992516,
        0.515284956,
        0.774939239
      ]
    ],
    "translation": [
      1.635472,
      1.447473,
      -0.9703703
    ]
  },
  {
    "timeStamp": 19,
    "rotation": [
      [
        0.9294117,
        -0.257914841,
        -0.263958067
      ],
      [
        0.06433158,
        0.8175233,
        -0.572291136
      ],
      [
        0.36339426,
        0.514913261,
        0.7764078
      ]
    ],
    "translation": [
      1.63596058,
      1.4478395,
      -0.970492363
    ]
  },
  {
    "timeStamp": 61,
    "rotation": [
      [
        0.9737359,
        -0.204365566,
        -0.100364648
      ],
      [
        0.08666182,
        0.740311861,
        -0.666654348
      ],
      [
        0.210542336,
        0.6404475,
        0.738579
      ]
    ],
    "translation": [
      1.66065621,
      1.43680239,
      -0.975220442
    ]
  },
  {
    "timeStamp": 117,
    "rotation": [
      [
        0.9794755,
        -0.18412669,
        -0.08200629
      ],
      [
        0.07840298,
        0.722844958,
        -0.686547935
      ],
      [
        0.185689643,
        0.666027367,
        0.7224451
      ]
    ],
    "translation": [
      1.66448021,
      1.4343667,
      -0.9759896
    ]
  },
  {
    "timeStamp": 161,
    "rotation": [
      [
        0.9828316,
        -0.170524552,
        -0.0704512149
      ],
      [
        0.07510322,
        0.7185252,
        -0.691434
      ],
      [
        0.168527454,
        0.6742721,
        0.7189962
      ]
    ],
    "translation": [
      1.66725349,
      1.43382549,
      -0.9760705
    ]
  },
  {
    "timeStamp": 217,
    "rotation": [
      [
        0.985510945,
        -0.159002021,
        -0.0590469427
      ],
      [
        0.07491717,
        0.7203979,
        -0.6895029
      ],
      [
        0.152169645,
        0.675089,
        0.721872032
      ]
    ],
    "translation": [
      1.670192,
      1.43501759,
      -0.9754721
    ]
  },
  {
    "timeStamp": 341,
    "rotation": [
      [
        0.9852289,
        -0.160377234,
        -0.06002651
      ],
      [
        0.07539994,
        0.7210077,
        -0.6888126
      ],
      [
        0.153749436,
        0.6741121,
        0.72245
      ]
    ],
    "translation": [
      1.670142,
      1.43499756,
      -0.975392461
    ]
  },
  {
    "timeStamp": 342,
    "rotation": [
      [
        0.9856481,
        -0.158482432,
        -0.0581475981
      ],
      [
        0.07528756,
        0.720978,
        -0.6888559
      ],
      [
        0.1510947,
        0.6745917,
        0.7225624
      ]
    ],
    "translation": [
      1.67070079,
      1.435102,
      -0.9753381
    ]
  },
  {
    "timeStamp": 384,
    "rotation": [
      [
        0.9884234,
        -0.142639279,
        -0.0517032966
      ],
      [
        0.0662132949,
        0.7121578,
        -0.698889852
      ],
      [
        0.136510059,
        0.687375665,
        0.713358045
      ]
    ],
    "translation": [
      1.67625773,
      1.43345857,
      -0.975344539
    ]
  },
  {
    "timeStamp": 439,
    "rotation": [
      [
        0.987915158,
        -0.141293555,
        -0.06371684
      ],
      [
        0.05526843,
        0.7051933,
        -0.706857741
      ],
      [
        0.14480713,
        0.69479394,
        0.7044802
      ]
    ],
    "translation": [
      1.67636454,
      1.43182445,
      -0.974994063
    ]
  },
  {
    "timeStamp": 484,
    "rotation": [
      [
        0.98703146,
        -0.1404123,
        -0.07780315
      ],
      [
        0.04346571,
        0.700336456,
        -0.7124883
      ],
      [
        0.15453051,
        0.6998666,
        0.697357237
      ]
    ],
    "translation": [
      1.675839,
      1.43007016,
      -0.9739647
    ]
  },
  {
    "timeStamp": 539,
    "rotation": [
      [
        0.9862007,
        -0.136437654,
        -0.09377079
      ],
      [
        0.02660177,
        0.6896414,
        -0.723662257
      ],
      [
        0.163403,
        0.7111817,
        0.6837543
      ]
    ],
    "translation": [
      1.67532718,
      1.42669725,
      -0.972679138
    ]
  },
  {
    "timeStamp": 583,
    "rotation": [
      [
        0.986192346,
        -0.131968036,
        -0.1000455
      ],
      [
        0.0158996042,
        0.6767871,
        -0.7360071
      ],
      [
        0.164838925,
        0.7242539,
        0.669540465
      ]
    ],
    "translation": [
      1.67588282,
      1.42315841,
      -0.971552849
    ]
  },
  {
    "timeStamp": 639,
    "rotation": [
      [
        0.9887115,
        -0.117932454,
        -0.09242062
      ],
      [
        0.0075569856,
        0.6552934,
        -0.755336642
      ],
      [
        0.14964132,
        0.7461116,
        0.6487873
      ]
    ],
    "translation": [
      1.67882788,
      1.41822731,
      -0.970683455
    ]
  },
  {
    "timeStamp": 683,
    "rotation": [
      [
        0.992083,
        -0.101476781,
        -0.0739854351
      ],
      [
        0.008041561,
        0.639252961,
        -0.7689545
      ],
      [
        0.12532644,
        0.762271762,
        0.635008
      ]
    ],
    "translation": [
      1.68236923,
      1.41450024,
      -0.9696659
    ]
  },
  {
    "timeStamp": 739,
    "rotation": [
      [
        0.995157,
        -0.0835629851,
        -0.051765848
      ],
      [
        0.0119968047,
        0.625933647,
        -0.779784
      ],
      [
        0.0975630656,
        0.7753865,
        0.623904765
      ]
    ],
    "translation": [
      1.686279,
      1.41089129,
      -0.9679104
    ]
  },
  {
    "timeStamp": 783,
    "rotation": [
      [
        0.996318638,
        -0.0766067,
        -0.03847874
      ],
      [
        0.0171384756,
        0.617779136,
        -0.786164939
      ],
      [
        0.08399686,
        0.7826113,
        0.6168178
      ]
    ],
    "translation": [
      1.68891692,
      1.4084115,
      -0.9663739
    ]
  },
  {
    "timeStamp": 839,
    "rotation": [
      [
        0.997352064,
        -0.06740597,
        -0.02730121
      ],
      [
        0.0193704348,
        0.608060062,
        -0.7936547
      ],
      [
        0.07009784,
        0.791024268,
        0.6077556
      ]
    ],
    "translation": [
      1.69163561,
      1.405533,
      -0.9643377
    ]
  },
  {
    "timeStamp": 885,
    "rotation": [
      [
        0.998169661,
        -0.0573463552,
        -0.0192038529
      ],
      [
        0.01895302,
        0.598177433,
        -0.801139534
      ],
      [
        0.0574297458,
        0.7993092,
        0.598169446
      ]
    ],
    "translation": [
      1.6935761,
      1.4028728,
      -0.962708354
    ]
  },
  {
    "timeStamp": 931,
    "rotation": [
      [
        0.998719931,
        -0.0489949472,
        -0.0125646163
      ],
      [
        0.0186428372,
        0.5874886,
        -0.8090177
      ],
      [
        0.0470193475,
        0.8077479,
        0.587649941
      ]
    ],
    "translation": [
      1.69547391,
      1.40026569,
      -0.961256266
    ]
  },
  {
    "timeStamp": 988,
    "rotation": [
      [
        0.999076843,
        -0.04247491,
        -0.00643215328
      ],
      [
        0.0191835444,
        0.5750809,
        -0.81787163
      ],
      [
        0.0384380333,
        0.8169932,
        0.5753648
      ]
    ],
    "translation": [
      1.69788027,
      1.397213,
      -0.959657669
    ]
  },
  {
    "timeStamp": 1033,
    "rotation": [
      [
        0.9993385,
        -0.0363312028,
        -0.00159267639
      ],
      [
        0.019307375,
        0.5671701,
        -0.823374331
      ],
      [
        0.0308175,
        0.8227989,
        0.5674964
      ]
    ],
    "translation": [
      1.69977546,
      1.39523542,
      -0.9587786
    ]
  },
  {
    "timeStamp": 1088,
    "rotation": [
      [
        0.999501,
        -0.0315761939,
        0.000836657942
      ],
      [
        0.0184212774,
        0.5611746,
        -0.8274925
      ],
      [
        0.0256595518,
        0.827095,
        0.5614762
      ]
    ],
    "translation": [
      1.70188332,
      1.39360237,
      -0.957847
    ]
  },
  {
    "timeStamp": 1133,
    "rotation": [
      [
        0.999630749,
        -0.0271706581,
        -0.000314090954
      ],
      [
        0.0150157847,
        0.562003,
        -0.8269989
      ],
      [
        0.0226466246,
        0.8266888,
        0.562203467
      ]
    ],
    "translation": [
      1.7031858,
      1.39321649,
      -0.9573662
    ]
  },
  {
    "timeStamp": 1188,
    "rotation": [
      [
        0.999741733,
        -0.022459073,
        -0.00347048347
      ],
      [
        0.009819015,
        0.564612031,
        -0.8252981
      ],
      [
        0.0204949062,
        0.8250509,
        0.5646867
      ]
    ],
    "translation": [
      1.70446444,
      1.39347863,
      -0.9571202
    ]
  },
  {
    "timeStamp": 1233,
    "rotation": [
      [
        0.9997018,
        -0.0232799463,
        -0.007375046
      ],
      [
        0.007183304,
        0.5689795,
        -0.822320342
      ],
      [
        0.0233398229,
        0.82202214,
        0.568977058
      ]
    ],
    "translation": [
      1.70455027,
      1.39390063,
      -0.9574213
    ]
  },
  {
    "timeStamp": 1288,
    "rotation": [
      [
        0.9992044,
        -0.0336562879,
        -0.0213970579
      ],
      [
        0.00219671219,
        0.582138658,
        -0.813086569
      ],
      [
        0.03982153,
        0.812392652,
        0.5817494
      ]
    ],
    "translation": [
      1.70321608,
      1.39523,
      -0.9571897
    ]
  },
  {
    "timeStamp": 1333,
    "rotation": [
      [
        0.9977588,
        -0.0489021353,
        -0.0456733368
      ],
      [
        -0.007569933,
        0.595694542,
        -0.8031754
      ],
      [
        0.06648435,
        0.801721036,
        0.593989253
      ]
    ],
    "translation": [
      1.70056593,
      1.39754522,
      -0.9575536
    ]
  },
  {
    "timeStamp": 1388,
    "rotation": [
      [
        0.9950598,
        -0.06302432,
        -0.0767069161
      ],
      [
        -0.0218992066,
        0.614276767,
        -0.7887867
      ],
      [
        0.09683202,
        0.7865698,
        0.6098619
      ]
    ],
    "translation": [
      1.69669843,
      1.40084767,
      -0.958714
    ]
  },
  {
    "timeStamp": 1433,
    "rotation": [
      [
        0.9928828,
        -0.07188154,
        -0.09495665
      ],
      [
        -0.02906631,
        0.6269487,
        -0.77851814
      ],
      [
        0.115494035,
        0.775737345,
        0.62039727
      ]
    ],
    "translation": [
      1.6939218,
      1.4034133,
      -0.9601885
    ]
  },
  {
    "timeStamp": 1488,
    "rotation": [
      [
        0.9911636,
        -0.0795444,
        -0.106147476
      ],
      [
        -0.0306958966,
        0.6409686,
        -0.766953
      ],
      [
        0.129044026,
        0.7634342,
        0.632863164
      ]
    ],
    "translation": [
      1.69200015,
      1.40642929,
      -0.961974859
    ]
  },
  {
    "timeStamp": 1533,
    "rotation": [
      [
        0.99278456,
        -0.07797818,
        -0.09109443
      ],
      [
        -0.01842455,
        0.6514609,
        -0.7584585
      ],
      [
        0.118487664,
        0.754664242,
        0.6453236
      ]
    ],
    "translation": [
      1.69340348,
      1.40930152,
      -0.9629173
    ]
  },
  {
    "timeStamp": 1588,
    "rotation": [
      [
        0.997925341,
        -0.0597096048,
        -0.02407786
      ],
      [
        0.0213005152,
        0.659128964,
        -0.7517282
      ],
      [
        0.0607558079,
        0.7496557,
        0.659033358
      ]
    ],
    "translation": [
      1.70110559,
      1.41324747,
      -0.964563847
    ]
  },
  {
    "timeStamp": 1633,
    "rotation": [
      [
        0.996371269,
        -0.0345653966,
        0.0777783841
      ],
      [
        0.0810447857,
        0.6644443,
        -0.7429303
      ],
      [
        -0.0259997323,
        0.7465379,
        0.6648346
      ]
    ],
    "translation": [
      1.71221161,
      1.41676652,
      -0.966146946
    ]
  },
  {
    "timeStamp": 1688,
    "rotation": [
      [
        0.9776614,
        8.777455E-05,
        0.210186034
      ],
      [
        0.1555074,
        0.6724632,
        -0.7236095
      ],
      [
        -0.14140588,
        0.740130544,
        0.657427669
      ]
    ],
    "translation": [
      1.727407,
      1.420572,
      -0.968364358
    ]
  },
  {
    "timeStamp": 1733,
    "rotation": [
      [
        0.9540389,
        0.0255119838,
        0.298594922
      ],
      [
        0.202498987,
        0.6796112,
        -0.7050694
      ],
      [
        -0.220916137,
        0.733128846,
        0.643209338
      ]
    ],
    "translation": [
      1.73888445,
      1.42332363,
      -0.9703959
    ]
  },
  {
    "timeStamp": 1788,
    "rotation": [
      [
        0.924237669,
        0.05108077,
        0.378385335
      ],
      [
        0.241942927,
        0.688306034,
        -0.6838848
      ],
      [
        -0.295378268,
        0.7236197,
        0.623799741
      ]
    ],
    "translation": [
      1.75228631,
      1.426012,
      -0.972261548
    ]
  },
  {
    "timeStamp": 1833,
    "rotation": [
      [
        0.902983546,
        0.0729534253,
        0.423436522
      ],
      [
        0.258859843,
        0.6941989,
        -0.671624541
      ],
      [
        -0.34294647,
        0.7160766,
        0.607965469
      ]
    ],
    "translation": [
      1.76230955,
      1.42737889,
      -0.972865939
    ]
  },
  {
    "timeStamp": 1888,
    "rotation": [
      [
        0.883273959,
        0.1051885,
        0.456905276
      ],
      [
        0.26052326,
        0.7001078,
        -0.6648133
      ],
      [
        -0.389813662,
        0.706246734,
        0.5909829
      ]
    ],
    "translation": [
      1.77393222,
      1.42816556,
      -0.97290206
    ]
  },
  {
    "timeStamp": 1932,
    "rotation": [
      [
        0.873007953,
        0.13351354,
        0.469074965
      ],
      [
        0.251032978,
        0.701589942,
        -0.6668988
      ],
      [
        -0.418138325,
        0.699961245,
        0.5789773
      ]
    ],
    "translation": [
      1.78256547,
      1.4282434,
      -0.9722886
    ]
  },
  {
    "timeStamp": 1988,
    "rotation": [
      [
        0.866305649,
        0.166675791,
        0.4708861
      ],
      [
        0.233822688,
        0.6977188,
        -0.6771377
      ],
      [
        -0.441408575,
        0.696712,
        0.565465152
      ]
    ],
    "translation": [
      1.79306924,
      1.42664337,
      -0.9704305
    ]
  },
  {
    "timeStamp": 2032,
    "rotation": [
      [
        0.874575138,
        0.187211633,
        0.447292119
      ],
      [
        0.210815534,
        0.6839076,
        -0.6984462
      ],
      [
        -0.436663777,
        0.7051398,
        0.5586615
      ]
    ],
    "translation": [
      1.79913962,
      1.42266846,
      -0.9675585
    ]
  },
  {
    "timeStamp": 2088,
    "rotation": [
      [
        0.912498534,
        0.2023677,
        0.355518937
      ],
      [
        0.148333088,
        0.646244645,
        -0.748575449
      ],
      [
        -0.381239682,
        0.7358092,
        0.559679449
      ]
    ],
    "translation": [
      1.80050755,
      1.412888,
      -0.9620557
    ]
  },
  {
    "timeStamp": 2133,
    "rotation": [
      [
        0.9432206,
        0.203500569,
        0.2625307
      ],
      [
        0.08794751,
        0.609152,
        -0.7881618
      ],
      [
        -0.3203125,
        0.7664994,
        0.5566674
      ]
    ],
    "translation": [
      1.79914927,
      1.404423,
      -0.957156062
    ]
  },
  {
    "timeStamp": 2188,
    "rotation": [
      [
        0.9646574,
        0.201915041,
        0.169311479
      ],
      [
        0.0220141914,
        0.5785313,
        -0.81536305
      ],
      [
        -0.262586057,
        0.790273249,
        0.5536395
      ]
    ],
    "translation": [
      1.79850578,
      1.39600062,
      -0.9494349
    ]
  },
  {
    "timeStamp": 2232,
    "rotation": [
      [
        0.9738991,
        0.197150663,
        0.11248181
      ],
      [
        -0.0179397352,
        0.5608622,
        -0.8277148
      ],
      [
        -0.226271316,
        0.8040928,
        0.54976
      ]
    ],
    "translation": [
      1.79870963,
      1.39014077,
      -0.9424027
    ]
  },
  {
    "timeStamp": 2288,
    "rotation": [
      [
        0.9822229,
        0.1801842,
        0.05264794
      ],
      [
        -0.0540717356,
        0.5401468,
        -0.839831948
      ],
      [
        -0.179762065,
        0.8220554,
        0.540287435
      ]
    ],
    "translation": [
      1.79863834,
      1.38362312,
      -0.933962464
    ]
  },
  {
    "timeStamp": 2332,
    "rotation": [
      [
        0.9868324,
        0.16145198,
        0.009753406
      ],
      [
        -0.07783773,
        0.5268916,
        -0.846360743
      ],
      [
        -0.1417856,
        0.83445704,
        0.5325208
      ]
    ],
    "translation": [
      1.797981,
      1.37905407,
      -0.9272405
    ]
  },
  {
    "timeStamp": 2388,
    "rotation": [
      [
        0.99031204,
        0.1342881,
        -0.0353372023
      ],
      [
        -0.100295827,
        0.5157365,
        -0.850856364
      ],
      [
        -0.0960352,
        0.8461575,
        0.524208665
      ]
    ],
    "translation": [
      1.79662251,
      1.3741858,
      -0.9191191
    ]
  },
  {
    "timeStamp": 2432,
    "rotation": [
      [
        0.9919184,
        0.107438751,
        -0.06748905
      ],
      [
        -0.113645561,
        0.515840769,
        -0.8491131
      ],
      [
        -0.0564140566,
        0.84992075,
        0.523881853
      ]
    ],
    "translation": [
      1.79484,
      1.37186527,
      -0.9127109
    ]
  },
  {
    "timeStamp": 2488,
    "rotation": [
      [
        0.9915802,
        0.07002722,
        -0.10892579
      ],
      [
        -0.129488,
        0.5282591,
        -0.839151442
      ],
      [
        -0.001222393,
        0.8461906,
        0.532879
      ]
    ],
    "translation": [
      1.79232216,
      1.37137353,
      -0.904832959
    ]
  },
  {
    "timeStamp": 2532,
    "rotation": [
      [
        0.98960495,
        0.0488001667,
        -0.135279924
      ],
      [
        -0.140113756,
        0.5391417,
        -0.8304784
      ],
      [
        0.032407552,
        0.8408001,
        0.5403748
      ]
    ],
    "translation": [
      1.79080176,
      1.37257922,
      -0.9000217
    ]
  },
  {
    "timeStamp": 2587,
    "rotation": [
      [
        0.985444844,
        0.02442445,
        -0.168231577
      ],
      [
        -0.1532686,
        0.5557274,
        -0.8171143
      ],
      [
        0.0735333338,
        0.8310057,
        0.551382244
      ]
    ],
    "translation": [
      1.78970623,
      1.37563658,
      -0.895510435
    ]
  },
  {
    "timeStamp": 2632,
    "rotation": [
      [
        0.9818408,
        0.009811222,
        -0.189452842
      ],
      [
        -0.161247849,
        0.569263041,
        -0.806187749
      ],
      [
        0.0999388248,
        0.8220969,
        0.5605078
      ]
    ],
    "translation": [
      1.78973687,
      1.37895179,
      -0.893311858
    ]
  },
  {
    "timeStamp": 2687,
    "rotation": [
      [
        0.9790252,
        -0.00337810931,
        -0.203711182
      ],
      [
        -0.1630917,
        0.58626616,
        -0.793532
      ],
      [
        0.122109622,
        0.810111463,
        0.573418438
      ]
    ],
    "translation": [
      1.79125619,
      1.38348,
      -0.891465068
    ]
  },
  {
    "timeStamp": 2732,
    "rotation": [
      [
        0.978628159,
        -0.0137790153,
        -0.205175817
      ],
      [
        -0.1560057,
        0.6002956,
        -0.7844153
      ],
      [
        0.133974627,
        0.7996595,
        0.5853166
      ]
    ],
    "translation": [
      1.7938838,
      1.38676238,
      -0.89045167
    ]
  },
  {
    "timeStamp": 2787,
    "rotation": [
      [
        0.9815471,
        -0.0273814034,
        -0.189250052
      ],
      [
        -0.1327479,
        0.614779949,
        -0.777446866
      ],
      [
        0.137634724,
        0.788223267,
        0.599800646
      ]
    ],
    "translation": [
      1.79967761,
      1.39005065,
      -0.888819933
    ]
  },
  {
    "timeStamp": 2832,
    "rotation": [
      [
        0.9843298,
        -0.03702706,
        -0.172405854
      ],
      [
        -0.112141058,
        0.623084843,
        -0.7740734
      ],
      [
        0.136085138,
        0.7812773,
        0.609168768
      ]
    ],
    "translation": [
      1.80512822,
      1.39165187,
      -0.8876418
    ]
  },
  {
    "timeStamp": 2887,
    "rotation": [
      [
        0.9866118,
        -0.04792097,
        -0.155887231
      ],
      [
        -0.08950817,
        0.6399167,
        -0.7632135
      ],
      [
        0.136328787,
        0.7669486,
        0.627060056
      ]
    ],
    "translation": [
      1.8122009,
      1.39226472,
      -0.884259343
    ]
  },
  {
    "timeStamp": 2932,
    "rotation": [
      [
        0.987466455,
        -0.0534199439,
        -0.148513913
      ],
      [
        -0.07703471,
        0.658148944,
        -0.748936355
      ],
      [
        0.137752414,
        0.7509903,
        0.6457848
      ]
    ],
    "translation": [
      1.817356,
      1.39146566,
      -0.879909754
    ]
  },
  {
    "timeStamp": 2987,
    "rotation": [
      [
        0.987298369,
        -0.0584061965,
        -0.147752
      ],
      [
        -0.071073994,
        0.6693659,
        -0.7395254
      ],
      [
        0.142093018,
        0.740633547,
        0.656712651
      ]
    ],
    "translation": [
      1.8221283,
      1.38847,
      -0.875534534
    ]
  },
  {
    "timeStamp": 3031,
    "rotation": [
      [
        0.9859944,
        -0.06763278,
        -0.152449355
      ],
      [
        -0.06970931,
        0.663281143,
        -0.7451166
      ],
      [
        0.151511088,
        0.7453079,
        0.649276853
      ]
    ],
    "translation": [
      1.8245579,
      1.38609958,
      -0.8737756
    ]
  },
  {
    "timeStamp": 3087,
    "rotation": [
      [
        0.981285632,
        -0.0877127647,
        -0.171420515
      ],
      [
        -0.07306347,
        0.6540514,
        -0.752913356
      ],
      [
        0.178157941,
        0.751347661,
        0.6354027
      ]
    ],
    "translation": [
      1.82489872,
      1.38599777,
      -0.8724891
    ]
  },
  {
    "timeStamp": 3132,
    "rotation": [
      [
        0.9698786,
        -0.108874857,
        -0.217902765
      ],
      [
        -0.0945223346,
        0.6562421,
        -0.7486066
      ],
      [
        0.2245014,
        0.7466543,
        0.626184046
      ]
    ],
    "translation": [
      1.82054877,
      1.389022,
      -0.870748639
    ]
  },
  {
    "timeStamp": 3187,
    "rotation": [
      [
        0.9396568,
        -0.1351033,
        -0.3143123
      ],
      [
        -0.146108389,
        0.672253251,
        -0.7257602
      ],
      [
        0.309350073,
        0.7278892,
        0.6119476
      ]
    ],
    "translation": [
      1.80995107,
      1.39273167,
      -0.8682641
    ]
  },
  {
    "timeStamp": 3232,
    "rotation": [
      [
        0.9139859,
        -0.156158656,
        -0.374492
      ],
      [
        -0.175749958,
        0.679525733,
        -0.712289751
      ],
      [
        0.3657072,
        0.7168398,
        0.5936321
      ]
    ],
    "translation": [
      1.80106735,
      1.39374459,
      -0.867260456
    ]
  },
  {
    "timeStamp": 3287,
    "rotation": [
      [
        0.888397634,
        -0.178516522,
        -0.422943771
      ],
      [
        -0.196973413,
        0.683955252,
        -0.7024291
      ],
      [
        0.414669842,
        0.707345068,
        0.5724612
      ]
    ],
    "translation": [
      1.78928459,
      1.39388955,
      -0.865683436
    ]
  },
  {
    "timeStamp": 3331,
    "rotation": [
      [
        0.871866167,
        -0.19871892,
        -0.447616041
      ],
      [
        -0.202948734,
        0.685207963,
        -0.699501157
      ],
      [
        0.445714176,
        0.700714469,
        0.5570799
      ]
    ],
    "translation": [
      1.77908659,
      1.39339268,
      -0.8640598
    ]
  },
  {
    "timeStamp": 3387,
    "rotation": [
      [
        0.853714943,
        -0.225490317,
        -0.4693877
      ],
      [
        -0.200747579,
        0.6892025,
        -0.696204245
      ],
      [
        0.480490476,
        0.68858844,
        0.543115854
      ]
    ],
    "translation": [
      1.7648617,
      1.39318419,
      -0.8611555
    ]
  },
  {
    "timeStamp": 3431,
    "rotation": [
      [
        0.8412929,
        -0.247625053,
        -0.4805289
      ],
      [
        -0.192588776,
        0.693294048,
        -0.6944443
      ],
      [
        0.505109668,
        0.6767755,
        0.535573542
      ]
    ],
    "translation": [
      1.75237322,
      1.39253426,
      -0.858728766
    ]
  },
  {
    "timeStamp": 3487,
    "rotation": [
      [
        0.831988037,
        -0.280646652,
        -0.478574276
      ],
      [
        -0.169089168,
        0.693304956,
        -0.7005263
      ],
      [
        0.5283983,
        0.663751245,
        0.5293671
      ]
    ],
    "translation": [
      1.73567235,
      1.39038491,
      -0.8557637
    ]
  },
  {
    "timeStamp": 3532,
    "rotation": [
      [
        0.826341867,
        -0.307178676,
        -0.4720174
      ],
      [
        -0.146680683,
        0.6918233,
        -0.7070115
      ],
      [
        0.5437315,
        0.653469,
        0.526625335
      ]
    ],
    "translation": [
      1.72083282,
      1.38818479,
      -0.8530072
    ]
  },
  {
    "timeStamp": 3587,
    "rotation": [
      [
        0.8151534,
        -0.3386002,
        -0.4699732
      ],
      [
        -0.125879973,
        0.68841213,
        -0.714313
      ],
      [
        0.565401733,
        0.6414349,
        0.5185385
      ]
    ],
    "translation": [
      1.699298,
      1.38493681,
      -0.850562
    ]
  },
  {
    "timeStamp": 3632,
    "rotation": [
      [
        0.797746658,
        -0.363221169,
        -0.481321752
      ],
      [
        -0.122501627,
        0.6839523,
        -0.719168
      ],
      [
        0.59041816,
        0.6326766,
        0.501125455
      ]
    ],
    "translation": [
      1.679338,
      1.38228631,
      -0.8494532
    ]
  },
  {
    "timeStamp": 3687,
    "rotation": [
      [
        0.77463454,
        -0.39539817,
        -0.493560046
      ],
      [
        -0.118017383,
        0.6763524,
        -0.727062166
      ],
      [
        0.6212995,
        0.621456146,
        0.47726208
      ]
    ],
    "translation": [
      1.6528151,
      1.37826037,
      -0.8488326
    ]
  },
  {
    "timeStamp": 3731,
    "rotation": [
      [
        0.7594265,
        -0.421211362,
        -0.495835036
      ],
      [
        -0.109214127,
        0.6687762,
        -0.7353983
      ],
      [
        0.64136076,
        0.612633169,
        0.461884171
      ]
    ],
    "translation": [
      1.63090789,
      1.37426293,
      -0.84836936
    ]
  },
  {
    "timeStamp": 3787,
    "rotation": [
      [
        0.7429602,
        -0.453739375,
        -0.492067724
      ],
      [
        -0.0909505859,
        0.659903169,
        -0.7458256
      ],
      [
        0.6631275,
        0.5988726,
        0.449013948
      ]
    ],
    "translation": [
      1.60324192,
      1.36819,
      -0.8478662
    ]
  },
  {
    "timeStamp": 3831,
    "rotation": [
      [
        0.7327007,
        -0.4782805,
        -0.484146059
      ],
      [
        -0.07203211,
        0.652904749,
        -0.754007161
      ],
      [
        0.6767282,
        0.587335646,
        0.4439322
      ]
    ],
    "translation": [
      1.58186,
      1.36263669,
      -0.8472004
    ]
  },
  {
    "timeStamp": 3887,
    "rotation": [
      [
        0.736658,
        -0.5003525,
        -0.454953134
      ],
      [
        -0.0422980152,
        0.637336135,
        -0.76942414
      ],
      [
        0.674941361,
        0.58604604,
        0.448334843
      ]
    ],
    "translation": [
      1.55894268,
      1.35540891,
      -0.8458277
    ]
  },
  {
    "timeStamp": 3931,
    "rotation": [
      [
        0.756483257,
        -0.510049164,
        -0.4093689
      ],
      [
        -0.0061455844,
        0.620362461,
        -0.784291148
      ],
      [
        0.6539842,
        0.595818937,
        0.466159284
      ]
    ],
    "translation": [
      1.54385173,
      1.349192,
      -0.843904734
    ]
  },
  {
    "timeStamp": 3987,
    "rotation": [
      [
        0.7831111,
        -0.518068433,
        -0.3440088
      ],
      [
        0.0479852743,
        0.6018635,
        -0.797156036
      ],
      [
        0.6200277,
        0.60775435,
        0.49618566
      ]
    ],
    "translation": [
      1.528424,
      1.34132063,
      -0.8411945
    ]
  },
  {
    "timeStamp": 4032,
    "rotation": [
      [
        0.7990676,
        -0.5241038,
        -0.294628829
      ],
      [
        0.0948312953,
        0.5937645,
        -0.799031138
      ],
      [
        0.5937154,
        0.610539854,
        0.5241594
      ]
    ],
    "translation": [
      1.51818478,
      1.335517,
      -0.8389313
    ]
  },
  {
    "timeStamp": 4087,
    "rotation": [
      [
        0.809595048,
        -0.5312733,
        -0.2496089
      ],
      [
        0.1373964,
        0.584937751,
        -0.799356043
      ],
      [
        0.570682168,
        0.6128593,
        0.5465577
      ]
    ],
    "translation": [
      1.50582254,
      1.33053613,
      -0.835885167
    ]
  },
  {
    "timeStamp": 4131,
    "rotation": [
      [
        0.8145269,
        -0.536247969,
        -0.221323326
      ],
      [
        0.157472819,
        0.5715622,
        -0.8053068
      ],
      [
        0.5583441,
        0.621091664,
        0.5499972
      ]
    ],
    "translation": [
      1.497617,
      1.32714939,
      -0.8339443
    ]
  },
  {
    "timeStamp": 4187,
    "rotation": [
      [
        0.8254822,
        -0.5323055,
        -0.187696636
      ],
      [
        0.1791382,
        0.5624311,
        -0.807205558
      ],
      [
        0.5352464,
        0.632710159,
        0.5596331
      ]
    ],
    "translation": [
      1.4893167,
      1.32396221,
      -0.830659032
    ]
  },
  {
    "timeStamp": 4231,
    "rotation": [
      [
        0.8394669,
        -0.524119258,
        -0.143507183
      ],
      [
        0.200781167,
        0.54455626,
        -0.8143374
      ],
      [
        0.5049576,
        0.654795766,
        0.562370241
      ]
    ],
    "translation": [
      1.48643267,
      1.32124424,
      -0.8286649
    ]
  },
  {
    "timeStamp": 4287,
    "rotation": [
      [
        0.8567195,
        -0.5084981,
        -0.08637988
      ],
      [
        0.223925471,
        0.5175562,
        -0.8258287
      ],
      [
        0.4646387,
        0.6881609,
        0.5572661
      ]
    ],
    "translation": [
      1.484812,
      1.31723964,
      -0.8266467
    ]
  },
  {
    "timeStamp": 4331,
    "rotation": [
      [
        0.8659819,
        -0.495865434,
        -0.064751856
      ],
      [
        0.230258182,
        0.5103234,
        -0.828583837
      ],
      [
        0.44391048,
        0.7026289,
        0.5561079
      ]
    ],
    "translation": [
      1.48268461,
      1.3144685,
      -0.8238394
    ]
  },
  {
    "timeStamp": 4387,
    "rotation": [
      [
        0.8722196,
        -0.486715436,
        -0.0483850837
      ],
      [
        0.233809158,
        0.501787364,
        -0.8327921
      ],
      [
        0.429611772,
        0.7150647,
        0.55146724
      ]
    ],
    "translation": [
      1.48050308,
      1.31083369,
      -0.820040464
    ]
  },
  {
    "timeStamp": 4431,
    "rotation": [
      [
        0.876166046,
        -0.480027646,
        -0.04366459
      ],
      [
        0.229023561,
        0.494302422,
        -0.838578165
      ],
      [
        0.4241242,
        0.7247335,
        0.543028653
      ]
    ],
    "translation": [
      1.47917283,
      1.30781913,
      -0.817244768
    ]
  },
  {
    "timeStamp": 4487,
    "rotation": [
      [
        0.8792867,
        -0.47443068,
        -0.04207633
      ],
      [
        0.220414951,
        0.483630836,
        -0.8470646
      ],
      [
        0.422222853,
        0.7355384,
        0.529821754
      ]
    ],
    "translation": [
      1.47852433,
      1.30404353,
      -0.8138714
    ]
  },
  {
    "timeStamp": 4531,
    "rotation": [
      [
        0.8826799,
        -0.467830151,
        -0.044844836
      ],
      [
        0.20868282,
        0.4756452,
        -0.8545251
      ],
      [
        0.421102822,
        0.744913757,
        0.5174706
      ]
    ],
    "translation": [
      1.478996,
      1.3014183,
      -0.811519742
    ]
  },
  {
    "timeStamp": 4587,
    "rotation": [
      [
        0.889840245,
        -0.4538625,
        -0.0468326546
      ],
      [
        0.1950514,
        0.471178174,
        -0.8602012
      ],
      [
        0.412479579,
        0.7563068,
        0.5077998
      ]
    ],
    "translation": [
      1.48054206,
      1.29921579,
      -0.8081522
    ]
  },
  {
    "timeStamp": 4631,
    "rotation": [
      [
        0.894694,
        -0.4442558,
        -0.04646934
      ],
      [
        0.189082056,
        0.470926523,
        -0.861670554
      ],
      [
        0.4046858,
        0.7621449,
        0.5053359
      ]
    ],
    "translation": [
      1.48263609,
      1.29825568,
      -0.80543375
    ]
  },
  {
    "timeStamp": 4687,
    "rotation": [
      [
        0.8988576,
        -0.436008215,
        -0.04417971
      ],
      [
        0.185591877,
        0.470045626,
        -0.8629095
      ],
      [
        0.3970021,
        0.767433345,
        0.503423631
      ]
    ],
    "translation": [
      1.4859426,
      1.29780769,
      -0.8020363
    ]
  },
  {
    "timeStamp": 4731,
    "rotation": [
      [
        0.901977062,
        -0.4295525,
        -0.04384049
      ],
      [
        0.182602838,
        0.47148484,
        -0.862762
      ],
      [
        0.391271681,
        0.7701861,
        0.503706038
      ]
    ],
    "translation": [
      1.48891938,
      1.29754508,
      -0.799073458
    ]
  },
  {
    "timeStamp": 4787,
    "rotation": [
      [
        0.906214356,
        -0.420377523,
        -0.04536907
      ],
      [
        0.176273331,
        0.473151952,
        -0.8631656
      ],
      [
        0.384321868,
        0.7742157,
        0.5028784
      ]
    ],
    "translation": [
      1.49307013,
      1.297348,
      -0.795574546
    ]
  },
  {
    "timeStamp": 4831,
    "rotation": [
      [
        0.9104379,
        -0.411103934,
        -0.0457866527
      ],
      [
        0.170886546,
        0.474614471,
        -0.863445938
      ],
      [
        0.376697034,
        0.778289557,
        0.5023591
      ]
    ],
    "translation": [
      1.49698853,
      1.29756939,
      -0.793172956
    ]
  },
  {
    "timeStamp": 4886,
    "rotation": [
      [
        0.916236,
        -0.3979821,
        -0.0460635237
      ],
      [
        0.163946062,
        0.4773557,
        -0.863280535
      ],
      [
        0.3655589,
        0.783416748,
        0.5026181
      ]
    ],
    "translation": [
      1.50322735,
      1.29883814,
      -0.790973663
    ]
  },
  {
    "timeStamp": 4931,
    "rotation": [
      [
        0.9230608,
        -0.381812364,
        -0.0466704145
      ],
      [
        0.155925035,
        0.482326716,
        -0.8620025
      ],
      [
        0.3516336,
        0.78840363,
        0.504750967
      ]
    ],
    "translation": [
      1.50957823,
      1.30153048,
      -0.789787531
    ]
  },
  {
    "timeStamp": 4986,
    "rotation": [
      [
        0.9349865,
        -0.352205336,
        -0.04185203
      ],
      [
        0.147134647,
        0.492520779,
        -0.857773066
      ],
      [
        0.322725236,
        0.79584837,
        0.512321949
      ]
    ],
    "translation": [
      1.519887,
      1.307071,
      -0.78924036
    ]
  },
  {
    "timeStamp": 5031,
    "rotation": [
      [
        0.9472195,
        -0.319061577,
        -0.031224072
      ],
      [
        0.143101454,
        0.5079601,
        -0.8494107
      ],
      [
        0.28687492,
        0.800110161,
        0.526807845
      ]
    ],
    "translation": [
      1.53000736,
      1.31361389,
      -0.788663268
    ]
  },
  {
    "timeStamp": 5087,
    "rotation": [
      [
        0.964464545,
        -0.2642038,
        0.00212757266
      ],
      [
        0.148938239,
        0.537006259,
        -0.830326259
      ],
      [
        0.218232825,
        0.801137149,
        0.5572735
      ]
    ],
    "translation": [
      1.54718935,
      1.32362258,
      -0.787421346
    ]
  },
  {
    "timeStamp": 5131,
    "rotation": [
      [
        0.9756752,
        -0.21222885,
        0.0549249724
      ],
      [
        0.167801917,
        0.561780453,
        -0.810089648
      ],
      [
        0.141068622,
        0.7996009,
        0.583727658
      ]
    ],
    "translation": [
      1.56539929,
      1.33191848,
      -0.7865398
    ]
  },
  {
    "timeStamp": 5186,
    "rotation": [
      [
        0.979353666,
        -0.14169009,
        0.144188538
      ],
      [
        0.200539038,
        0.5909543,
        -0.781381547
      ],
      [
        0.02550519,
        0.7941643,
        0.607167661
      ]
    ],
    "translation": [
      1.59317493,
      1.34237242,
      -0.7867373
    ]
  },
  {
    "timeStamp": 5231,
    "rotation": [
      [
        0.9704608,
        -0.08340604,
        0.226383328
      ],
      [
        0.228994891,
        0.6138127,
        -0.75551
      ],
      [
        -0.075942874,
        0.7850334,
        0.614780664
      ]
    ],
    "translation": [
      1.61779284,
      1.35035133,
      -0.7876873
    ]
  },
  {
    "timeStamp": 5286,
    "rotation": [
      [
        0.9452948,
        -0.0151726753,
        0.325864315
      ],
      [
        0.260741174,
        0.6354414,
        -0.7267931
      ],
      [
        -0.196040288,
        0.771999955,
        0.604635656
      ]
    ],
    "translation": [
      1.65005445,
      1.3587724,
      -0.791051149
    ]
  },
  {
    "timeStamp": 5331,
    "rotation": [
      [
        0.9207176,
        0.033896897,
        0.388754576
      ],
      [
        0.27593714,
        0.6478729,
        -0.7100136
