[
  {
    "timeStamp": 14808,
    "rotation": [
      [
        -0.8916989,
        0.452628136,
        0.0008895136
      ],
      [
        0.449798763,
        0.8863409,
        -0.10991282
      ],
      [
        -0.05053805,
        -0.0976090357,
        -0.99394083
      ]
    ],
    "translation": [
      1.30785584,
      0.732446849,
      -0.3631128
    ]
  },
  {
    "timeStamp": 14855,
    "rotation": [
      [
        -0.8894649,
        0.457000464,
        -0.00164099748
      ],
      [
        0.454101741,
        0.8834078,
        -0.115681753
      ],
      [
        -0.0514169447,
        -0.103640042,
        -0.993284941
      ]
    ],
    "translation": [
      1.30928135,
      0.7340071,
      -0.363717973
    ]
  },
  {
    "timeStamp": 14908,
    "rotation": [
      [
        -0.8635248,
        0.5034689,
        -0.0290532913
      ],
      [
        0.502152264,
        0.8530889,
        -0.141712323
      ],
      [
        -0.0465627,
        -0.136961281,
        -0.989481449
      ]
    ],
    "translation": [
      1.30791306,
      0.7499654,
      -0.362276077
    ]
  },
  {
    "timeStamp": 14964,
    "rotation": [
      [
        -0.8172818,
        0.5712917,
        -0.07534187
      ],
      [
        0.5757743,
        0.80436784,
        -0.1465481
      ],
      [
        -0.0231191367,
        -0.163151011,
        -0.9863302
      ]
    ],
    "translation": [
      1.305285,
      0.778451264,
      -0.363518
    ]
  },
  {
    "timeStamp": 15008,
    "rotation": [
      [
        -0.762602568,
        0.636039436,
        -0.117860496
      ],
      [
        0.6468618,
        0.7505803,
        -0.13490358
      ],
      [
        0.00265977345,
        -0.179117262,
        -0.983824134
      ]
    ],
    "translation": [
      1.31150723,
      0.807880163,
      -0.3675824
    ]
  },
  {
    "timeStamp": 15064,
    "rotation": [
      [
        -0.677805841,
        0.711396933,
        -0.185724825
      ],
      [
        0.7330317,
        0.673421443,
        -0.09575056
      ],
      [
        0.0569544174,
        -0.201042473,
        -0.9779255
      ]
    ],
    "translation": [
      1.32830882,
      0.847646952,
      -0.3776831
    ]
  },
  {
    "timeStamp": 15108,
    "rotation": [
      [
        -0.5946322,
        0.7635688,
        -0.251744121
      ],
      [
        0.790092,
        0.612947166,
        -0.00709779561
      ],
      [
        0.148886189,
        -0.2031216,
        -0.9677678
      ]
    ],
    "translation": [
      1.35349691,
      0.8740831,
      -0.390671253
    ]
  },
  {
    "timeStamp": 15164,
    "rotation": [
      [
        -0.461664915,
        0.824474752,
        -0.32727176
      ],
      [
        0.8288148,
        0.5324031,
        0.172084
      ],
      [
        0.316119432,
        -0.191802531,
        -0.929128766
      ]
    ],
    "translation": [
      1.39289594,
      0.9012398,
      -0.419600636
    ]
  },
  {
    "timeStamp": 15208,
    "rotation": [
      [
        -0.358265132,
        0.8610448,
        -0.360898852
      ],
      [
        0.82432127,
        0.47322458,
        0.310729772
      ],
      [
        0.438338459,
        -0.186172962,
        -0.8793174
      ]
    ],
    "translation": [
      1.43144822,
      0.9146208,
      -0.447451919
    ]
  },
  {
    "timeStamp": 15263,
    "rotation": [
      [
        -0.256951183,
        0.8816452,
        -0.395825475
      ],
      [
        0.7806209,
        0.4308038,
        0.4528124
      ],
      [
        0.569743037,
        -0.192638963,
        -0.798926234
      ]
    ],
    "translation": [
      1.48236072,
      0.921196938,
      -0.489808947
    ]
  },
  {
    "timeStamp": 15308,
    "rotation": [
      [
        -0.170286223,
        0.8885954,
        -0.4259118
      ],
      [
        0.718830645,
        0.407658726,
        0.5631135
      ],
      [
        0.67400676,
        -0.210268021,
        -0.708168268
      ]
    ],
    "translation": [
      1.52546287,
      0.918651342,
      -0.5247432
    ]
  },
  {
    "timeStamp": 15364,
    "rotation": [
      [
        -0.07417393,
        0.8800716,
        -0.4690119
      ],
      [
        0.6374573,
        0.4035208,
        0.656368136
      ],
      [
        0.766907036,
        -0.250289679,
        -0.590938747
      ]
    ],
    "translation": [
      1.58087492,
      0.9148409,
      -0.570478141
    ]
  },
  {
    "timeStamp": 15408,
    "rotation": [
      [
        0.0117650162,
        0.866280437,
        -0.499419421
      ],
      [
        0.570594251,
        0.404337764,
        0.7147959
      ],
      [
        0.821147859,
        -0.293375462,
        -0.4895376
      ]
    ],
    "translation": [
      1.62535107,
      0.911692441,
      -0.6053659
    ]
  },
  {
    "timeStamp": 15464,
    "rotation": [
      [
        0.134259835,
        0.8313766,
        -0.5392469
      ],
      [
        0.505305946,
        0.4106714,
        0.758956432
      ],
      [
        0.8524319,
        -0.374382049,
        -0.364962876
      ]
    ],
    "translation": [
      1.67888713,
      0.9125463,
      -0.636450052
    ]
  },
  {
    "timeStamp": 15508,
    "rotation": [
      [
        0.24774465,
        0.7829637,
        -0.570605338
      ],
      [
        0.483007282,
        0.410734028,
        0.7733056
      ],
      [
        0.8398372,
        -0.467188835,
        -0.27642
      ]
    ],
    "translation": [
      1.72445285,
      0.916224,
      -0.6500281
    ]
  },
  {
    "timeStamp": 15564,
    "rotation": [
      [
        0.435321,
        0.684863269,
        -0.584344
      ],
      [
        0.457627654,
        0.390625566,
        0.7987419
      ],
      [
        0.775288641,
        -0.6151211,
        -0.143364847
      ]
    ],
    "translation": [
      1.78856659,
      0.9260385,
      -0.6464421
    ]
  },
  {
    "timeStamp": 15611,
    "rotation": [
      [
        0.581140041,
        0.573965967,
        -0.576922238
      ],
      [
        0.448993146,
        0.36512506,
        0.8155298
      ],
      [
        0.678735137,
        -0.732971132,
        -0.04551799
      ]
    ],
    "translation": [
      1.84470451,
      0.933963656,
      -0.6407822
    ]
  },
  {
    "timeStamp": 15660,
    "rotation": [
      [
        0.724296153,
        0.42231828,
        -0.5450159
      ],
      [
        0.446889728,
        0.314408064,
        0.8375184
      ],
      [
        0.5250568,
        -0.8501734,
        0.0389948562
      ]
    ],
    "translation": [
      1.91701961,
      0.9448422,
      -0.6270118
    ]
  },
  {
    "timeStamp": 15705,
    "rotation": [
      [
        0.813206732,
        0.2781005,
        -0.511228859
      ],
      [
        0.445643544,
        0.267398924,
        0.8543416
      ],
      [
        0.3742949,
        -0.9225822,
        0.0935169
      ]
    ],
    "translation": [
      1.97689676,
      0.9532154,
      -0.615172744
    ]
  },
  {
    "timeStamp": 15760,
    "rotation": [
      [
        0.8880209,
        0.08897979,
        -0.4511114
      ],
      [
        0.4255792,
        0.212367773,
        0.8796489
      ],
      [
        0.174072519,
        -0.9731303,
        0.150719076
      ]
    ],
    "translation": [
      2.04869485,
      0.9596417,
      -0.6041814
    ]
  },
  {
    "timeStamp": 15809,
    "rotation": [
      [
        0.9274788,
        -0.0630681,
        -0.368518025
      ],
      [
        0.373830527,
        0.171781167,
        0.9114505
      ],
      [
        0.00582099473,
        -0.983114243,
        0.182900161
      ]
    ],
    "translation": [
      2.101382,
      0.958649,
      -0.5997602
    ]
  },
  {
    "timeStamp": 15858,
    "rotation": [
      [
        0.9197411,
        -0.265871018,
        -0.2887714
      ],
      [
        0.325731218,
        0.106449723,
        0.9394507
      ],
      [
        -0.219033048,
        -0.9581133,
        0.184508681
      ]
    ],
    "translation": [
      2.159714,
      0.9563216,
      -0.5977921
    ]
  },
  {
    "timeStamp": 15913,
    "rotation": [
      [
        0.8924005,
        -0.4020055,
        -0.204970688
      ],
      [
        0.2699206,
        0.11154934,
        0.9563993
      ],
      [
        -0.361613452,
        -0.908817053,
        0.208056241
      ]
    ],
    "translation": [
      2.20367455,
      0.928845,
      -0.5985758
    ]
  },
  {
    "timeStamp": 15958,
    "rotation": [
      [
        0.8912295,
        -0.440869927,
        -0.106506623
      ],
      [
        0.187315792,
        0.143917486,
        0.971699834
      ],
      [
        -0.413065076,
        -0.885957956,
        0.210845411
      ]
    ],
    "translation": [
      2.218995,
      0.900949061,
      -0.592273951
    ]
  },
  {
    "timeStamp": 16014,
    "rotation": [
      [
        0.8873614,
        -0.457118034,
        -0.0602725
      ],
      [
        0.14961727,
        0.161827192,
        0.975411
      ],
      [
        -0.436124235,
        -0.8745599,
        0.211991966
      ]
    ],
    "translation": [
      2.22872877,
      0.876028061,
      -0.5796725
    ]
  },
  {
    "timeStamp": 16058,
    "rotation": [
      [
        0.880847633,
        -0.471175879,
        -0.0458339229
      ],
      [
        0.132126257,
        0.151719,
        0.979553
      ],
      [
        -0.454587877,
        -0.8688928,
        0.195896015
      ]
    ],
    "translation": [
      2.231093,
      0.8618474,
      -0.5715111
    ]
  },
  {
    "timeStamp": 16114,
    "rotation": [
      [
        0.8723785,
        -0.488310456,
        -0.022552276
      ],
      [
        0.126742721,
        0.1813896,
        0.9752098
      ],
      [
        -0.472114384,
        -0.8536104,
        0.22013019
      ]
    ],
    "translation": [
      2.231607,
      0.842268944,
      -0.5655542
    ]
  },
  {
    "timeStamp": 16158,
    "rotation": [
      [
        0.869416237,
        -0.494060755,
        0.00440890761
      ],
      [
        0.109763019,
        0.20183897,
        0.9732487
      ],
      [
        -0.4817339,
        -0.845674336,
        0.229711667
      ]
    ],
    "translation": [
      2.232101,
      0.8289095,
      -0.560837865
    ]
  },
  {
    "timeStamp": 16214,
    "rotation": [
      [
        0.8622587,
        -0.506063044,
        0.0202524867
      ],
      [
        0.100034647,
        0.209372014,
        0.9727057
      ],
      [
        -0.496490747,
        -0.836698,
        0.231156677
      ]
    ],
    "translation": [
      2.233888,
      0.814769268,
      -0.5577463
    ]
  },
  {
    "timeStamp": 16259,
    "rotation": [
      [
        0.8624549,
        -0.505634964,
        0.0224691462
      ],
      [
        0.103214629,
        0.219165653,
        0.970212936
      ],
      [
        -0.495498031,
        -0.8344458,
        0.241209418
      ]
    ],
    "translation": [
      2.23392773,
      0.805065632,
      -0.55461967
    ]
  },
  {
    "timeStamp": 16305,
    "rotation": [
      [
        0.865252,
        -0.5003422,
        0.03157166
      ],
      [
        0.09676858,
        0.228470862,
        0.968729556
      ],
      [
        -0.491909474,
        -0.835140049,
        0.246102259
      ]
    ],
    "translation": [
      2.23414922,
      0.795634031,
      -0.5522804
    ]
  },
  {
    "timeStamp": 16362,
    "rotation": [
      [
        0.864004254,
        -0.502319,
        0.03423934
      ],
      [
        0.09901111,
        0.236191437,
        0.966649055
      ],
      [
        -0.4936532,
        -0.8317988,
        0.253805548
      ]
    ],
    "translation": [
      2.236426,
      0.7872938,
      -0.54885006
    ]
  },
  {
    "timeStamp": 16408,
    "rotation": [
      [
        0.862657964,
        -0.5045107,
        0.0359180048
      ],
      [
        0.101948686,
        0.242998436,
        0.964654446
      ],
      [
        -0.495406538,
        -0.8285051,
        0.261058748
      ]
    ],
    "translation": [
      2.237864,
      0.780460835,
      -0.5474079
    ]
  },
  {
    "timeStamp": 16463,
    "rotation": [
      [
        0.862471461,
        -0.5042354,
        0.0434702337
      ],
      [
        0.0989107862,
        0.252169549,
        0.9626148
      ],
      [
        -0.496346325,
        -0.8259281,
        0.267363369
      ]
    ],
    "translation": [
      2.24176025,
      0.7739973,
      -0.5448337
    ]
  },
  {
    "timeStamp": 16507,
    "rotation": [
      [
        0.8589379,
        -0.5105528,
        0.0395146422
      ],
      [
        0.115635246,
        0.268554568,
        0.95629853
      ],
      [
        -0.49885273,
        -0.8168318,
        0.289709628
      ]
    ],
    "translation": [
      2.24516034,
      0.768330455,
      -0.5447219
    ]
  }
]