[
  {
    "timeStamp": 22160,
    "rotation": [
      [
        0.9999708,
        5.50891964E-05,
        0.007635366
      ],
      [
        -0.00763383741,
        -0.0140582873,
        0.999872
      ],
      [
        0.000162428623,
        -0.9999011,
        -0.0140574565
      ]
    ],
    "translation": [
      1.77002323,
      0.704707,
      -0.750057042
    ]
  },
  {
    "timeStamp": 22206,
    "rotation": [
      [
        0.999778569,
        -0.0114136832,
        -0.0176809486
      ],
      [
        0.017612908,
        -0.00603450555,
        0.99982667
      ],
      [
        -0.0115184,
        -0.9999167,
        -0.005832141
      ]
    ],
    "translation": [
      1.77321827,
      0.705215454,
      -0.750761032
    ]
  },
  {
    "timeStamp": 22260,
    "rotation": [
      [
        0.997914851,
        -0.0611604936,
        0.0206209738
      ],
      [
        -0.0219403356,
        -0.0209795162,
        0.999539137
      ],
      [
        -0.06069969,
        -0.9979074,
        -0.0222776532
      ]
    ],
    "translation": [
      1.76941252,
      0.7227689,
      -0.744469941
    ]
  },
  {
    "timeStamp": 22305,
    "rotation": [
      [
        0.98381114,
        -0.151406065,
        0.0958740562
      ],
      [
        -0.100892238,
        -0.02579907,
        0.9945628
      ],
      [
        -0.148109376,
        -0.988134861,
        -0.04065711
      ]
    ],
    "translation": [
      1.75946414,
      0.7512279,
      -0.7340208
    ]
  },
  {
    "timeStamp": 22360,
    "rotation": [
      [
        0.9208175,
        -0.321034372,
        0.221431792
      ],
      [
        -0.244273141,
        -0.0321625359,
        0.969172955
      ],
      [
        -0.304016024,
        -0.9465213,
        -0.1080359
      ]
    ],
    "translation": [
      1.75206149,
      0.8000299,
      -0.7063886
    ]
  },
  {
    "timeStamp": 22404,
    "rotation": [
      [
        0.835828,
        -0.45747745,
        0.303489566
      ],
      [
        -0.360166639,
        -0.03972297,
        0.9320419
      ],
      [
        -0.414332658,
        -0.888333559,
        -0.19796969
      ]
    ],
    "translation": [
      1.76048756,
      0.844709337,
      -0.676916
    ]
  },
  {
    "timeStamp": 22460,
    "rotation": [
      [
        0.6915188,
        -0.658449054,
        0.29706347
      ],
      [
        -0.465951622,
        -0.09234571,
        0.879978061
      ],
      [
        -0.5519882,
        -0.7469385,
        -0.370664179
      ]
    ],
    "translation": [
      1.800517,
      0.8982524,
      -0.625654161
    ]
  },
  {
    "timeStamp": 22504,
    "rotation": [
      [
        0.514385462,
        -0.824538648,
        0.2356771
      ],
      [
        -0.52942735,
        -0.0891390145,
        0.8436593
      ],
      [
        -0.674621642,
        -0.55873996,
        -0.4823851
      ]
    ],
    "translation": [
      1.85847116,
      0.9371384,
      -0.583104134
    ]
  },
  {
    "timeStamp": 22560,
    "rotation": [
      [
        0.254817724,
        -0.9557031,
        0.147307679
      ],
      [
        -0.5702593,
        -0.0254915822,
        0.8210691
      ],
      [
        -0.7809432,
        -0.29322654,
        -0.551494241
      ]
    ],
    "translation": [
      1.94143188,
      0.97257,
      -0.546819448
    ]
  },
  {
    "timeStamp": 22605,
    "rotation": [
      [
        0.107779555,
        -0.989523649,
        0.09605522
      ],
      [
        -0.56885916,
        0.0178562272,
        0.822241068
      ],
      [
        -0.8153421,
        -0.143262669,
        -0.5609751
      ]
    ],
    "translation": [
      2.00087237,
      0.98669225,
      -0.5343521
    ]
  },
  {
    "timeStamp": 22653,
    "rotation": [
      [
        0.0938503742,
        -0.995504856,
        -0.0127353268
      ],
      [
        -0.5148391,
        -0.05947672,
        0.855221152
      ],
      [
        -0.8521343,
        -0.07370619,
        -0.5181067
      ]
    ],
    "translation": [
      2.04899979,
      0.977914333,
      -0.535327554
    ]
  },
  {
    "timeStamp": 22711,
    "rotation": [
      [
        0.02766593,
        -0.9976084,
        -0.06334057
      ],
      [
        -0.3089393,
        -0.0687958747,
        0.948590338
      ],
      [
        -0.950679243,
        -0.006675243,
        -0.310103744
      ]
    ],
    "translation": [
      2.10749626,
      0.930599,
      -0.550823033
    ]
  },
  {
    "timeStamp": 22755,
    "rotation": [
      [
        -0.05107093,
        -0.9966174,
        -0.0643859655
      ],
      [
        -0.236457735,
        -0.0505702458,
        0.9703249
      ],
      [
        -0.970298648,
        0.06477996,
        -0.233075216
      ]
    ],
    "translation": [
      2.14006162,
      0.9031064,
      -0.5542735
    ]
  },
  {
    "timeStamp": 22811,
    "rotation": [
      [
        -0.04933288,
        -0.991097,
        -0.123665206
      ],
      [
        -0.189350158,
        -0.112289965,
        0.9754678
      ],
      [
        -0.980669558,
        0.07153869,
        -0.182124764
      ]
    ],
    "translation": [
      2.1764183,
      0.873177767,
      -0.5560363
    ]
  },
  {
    "timeStamp": 22855,
    "rotation": [
      [
        -0.0934629142,
        -0.9886853,
        -0.117328435
      ],
      [
        -0.154662013,
        -0.101996176,
        0.982688367
      ],
      [
        -0.9835366,
        0.109991178,
        -0.143379211
      ]
    ],
    "translation": [
      2.19891047,
      0.853955746,
      -0.5562294
    ]
  },
  {
    "timeStamp": 22910,
    "rotation": [
      [
        -0.11539562,
        -0.98728013,
        -0.109369852
      ],
      [
        -0.121212743,
        -0.09528667,
        0.9880425
      ],
      [
        -0.98589617,
        0.127272785,
        -0.108675279
      ]
    ],
    "translation": [
      2.21638513,
      0.8356002,
      -0.55271554
    ]
  },
  {
    "timeStamp": 22955,
    "rotation": [
      [
        -0.117348842,
        -0.9875568,
        -0.104693756
      ],
      [
        -0.104402527,
        -0.09256995,
        0.9902176
      ],
      [
        -0.987587631,
        0.127131164,
        -0.0922404453
      ]
    ],
    "translation": [
      2.22573042,
      0.825153768,
      -0.5495703
    ]
  },
  {
    "timeStamp": 23010,
    "rotation": [
      [
        -0.10668274,
        -0.989815056,
        -0.09425998
      ],
      [
        -0.100731514,
        -0.08355392,
        0.991399
      ],
      [
        -0.9891774,
        0.11526008,
        -0.090791814
      ]
    ],
    "translation": [
      2.23147869,
      0.818768144,
      -0.5419392
    ]
  },
  {
    "timeStamp": 23055,
    "rotation": [
      [
        -0.0977539346,
        -0.9903093,
        -0.09864974
      ],
      [
        -0.09495664,
        -0.0893911347,
        0.9914598
      ],
      [
        -0.9906702,
        0.106286518,
        -0.0852981061
      ]
    ],
    "translation": [
      2.23441482,
      0.8155896,
      -0.5367928
    ]
  },
  {
    "timeStamp": 23112,
    "rotation": [
      [
        -0.0947546661,
        -0.991890132,
        -0.08470902
      ],
      [
        -0.08177393,
        -0.0770490542,
        0.9936682
      ],
      [
        -0.9921364,
        0.101081677,
        -0.07380999
      ]
    ],
    "translation": [
      2.236226,
      0.811097,
      -0.5304016
    ]
  },
  {
    "timeStamp": 23157,
    "rotation": [
      [
        -0.09337862,
        -0.992997348,
        -0.07236539
      ],
      [
        -0.0673153549,
        -0.06621994,
        0.9955318
      ],
      [
        -0.9933524,
        0.09783268,
        -0.06066044
      ]
    ],
    "translation": [
      2.237742,
      0.8064474,
      -0.526219368
    ]
  },
  {
    "timeStamp": 23214,
    "rotation": [
      [
        -0.092261076,
        -0.992833555,
        -0.07595602
      ],
      [
        -0.0537353158,
        -0.0712058,
        0.996013165
      ],
      [
        -0.994283855,
        0.09597478,
        -0.0467807
      ]
    ],
    "translation": [
      2.2434113,
      0.8017621,
      -0.521926045
    ]
  }
]