[
  {
    "timeStamp": 57234,
    "rotation": [
      [
        -0.815083444,
        0.578787863,
        0.0253690761
      ],
      [
        -0.0296653453,
        -0.0854283,
        0.9959026
      ],
      [
        0.578583539,
        0.8109911,
        0.086801134
      ]
    ],
    "translation": [
      1.46676552,
      0.6995206,
      -0.486742169
    ]
  },
  {
    "timeStamp": 57278,
    "rotation": [
      [
        -0.8087022,
        0.5881923,
        -0.005535572
      ],
      [
        -0.0308722686,
        -0.03304457,
        0.998976946
      ],
      [
        0.5874076,
        0.8080457,
        0.0448820479
      ]
    ],
    "translation": [
      1.47626162,
      0.707713842,
      -0.481899738
    ]
  },
  {
    "timeStamp": 57325,
    "rotation": [
      [
        -0.804331064,
        0.59205544,
        0.0502187274
      ],
      [
        0.027286008,
        -0.04762399,
        0.9984926
      ],
      [
        0.593554556,
        0.8044889,
        0.0221506245
      ]
    ],
    "translation": [
      1.47486091,
      0.721923351,
      -0.483886331
    ]
  },
  {
    "timeStamp": 57378,
    "rotation": [
      [
        -0.8010843,
        0.588413239,
        0.109698437
      ],
      [
        0.103119574,
        -0.0448581725,
        0.993656933
      ],
      [
        0.589601755,
        0.807315052,
        -0.0247417465
      ]
    ],
    "translation": [
      1.47766221,
      0.749745,
      -0.494665384
    ]
  },
  {
    "timeStamp": 57433,
    "rotation": [
      [
        -0.791451633,
        0.5851742,
        0.176565871
      ],
      [
        0.179646,
        -0.05341321,
        0.9822802
      ],
      [
        0.584235966,
        0.8091466,
        -0.06285023
      ]
    ],
    "translation": [
      1.485847,
      0.7797323,
      -0.515126348
    ]
  },
  {
    "timeStamp": 57478,
    "rotation": [
      [
        -0.7896378,
        0.5724378,
        0.22087808
      ],
      [
        0.226408064,
        -0.06274095,
        0.9720098
      ],
      [
        0.5702733,
        0.8175442,
        -0.08006191
      ]
    ],
    "translation": [
      1.49627578,
      0.801888943,
      -0.5385734
    ]
  },
  {
    "timeStamp": 57533,
    "rotation": [
      [
        -0.7853917,
        0.55947727,
        0.264849246
      ],
      [
        0.268408746,
        -0.07773783,
        0.9601633
      ],
      [
        0.557778358,
        0.825192153,
        -0.08911394
      ]
    ],
    "translation": [
      1.51589012,
      0.825998664,
      -0.5719868
    ]
  },
  {
    "timeStamp": 57578,
    "rotation": [
      [
        -0.7714738,
        0.5655691,
        0.2914785
      ],
      [
        0.308940649,
        -0.0675088,
        0.948682368
      ],
      [
        0.5562228,
        0.82193315,
        -0.122646026
      ]
    ],
    "translation": [
      1.53973961,
      0.846744061,
      -0.594894
    ]
  },
  {
    "timeStamp": 57632,
    "rotation": [
      [
        -0.728437,
        0.598592758,
        0.33326593
      ],
      [
        0.370775968,
        -0.0646093339,
        0.926472247
      ],
      [
        0.5761117,
        0.7984437,
        -0.174879983
      ]
    ],
    "translation": [
      1.580602,
      0.87628293,
      -0.617472351
    ]
  },
  {
    "timeStamp": 57676,
    "rotation": [
      [
        -0.679932833,
        0.66169405,
        0.3159941
      ],
      [
        0.400784463,
        -0.0255196579,
        0.915816844
      ],
      [
        0.6140546,
        0.7493395,
        -0.247845054
      ]
    ],
    "translation": [
      1.62609744,
      0.8990281,
      -0.6271319
    ]
  },
  {
    "timeStamp": 57732,
    "rotation": [
      [
        -0.5882483,
        0.765681446,
        0.260184258
      ],
      [
        0.433338046,
        0.0268099587,
        0.9008326
      ],
      [
        0.682775259,
        0.642661,
        -0.3475698
      ]
    ],
    "translation": [
      1.6979028,
      0.926772058,
      -0.6357047
    ]
  },
  {
    "timeStamp": 57776,
    "rotation": [
      [
        -0.5125434,
        0.8433122,
        0.161628813
      ],
      [
        0.451922864,
        0.1048816,
        0.88587
      ],
      [
        0.7301131,
        0.527090549,
        -0.434868425
      ]
    ],
    "translation": [
      1.76591289,
      0.948409557,
      -0.642007
    ]
  },
  {
    "timeStamp": 57832,
    "rotation": [
      [
        -0.413620979,
        0.90978533,
        0.03476193
      ],
      [
        0.4605078,
        0.17612125,
        0.870008
      ],
      [
        0.7853982,
        0.3758617,
        -0.49181065
      ]
    ],
    "translation": [
      1.85628366,
      0.967003465,
      -0.6564221
    ]
  },
  {
    "timeStamp": 57876,
    "rotation": [
      [
        -0.346137673,
        0.935516536,
        -0.0706933
      ],
      [
        0.45105052,
        0.232010975,
        0.861814559
      ],
      [
        0.8226434,
        0.266420245,
        -0.502272964
      ]
    ],
    "translation": [
      1.927139,
      0.9765898,
      -0.6726128
    ]
  },
  {
    "timeStamp": 57932,
    "rotation": [
      [
        -0.281762272,
        0.935005248,
        -0.215349033
      ],
      [
        0.386468977,
        0.316025764,
        0.8664695
      ],
      [
        0.878209352,
        0.160912693,
        -0.4503947
      ]
    ],
    "translation": [
      2.01163936,
      0.978593,
      -0.6993362
    ]
  },
  {
    "timeStamp": 57977,
    "rotation": [
      [
        -0.199659258,
        0.950805366,
        -0.23686555
      ],
      [
        0.336452723,
        0.293558836,
        0.8947753
      ],
      [
        0.9202911,
        0.09895611,
        -0.3785128
      ]
    ],
    "translation": [
      2.06509137,
      0.9695586,
      -0.7235265
    ]
  },
  {
    "timeStamp": 58032,
    "rotation": [
      [
        -0.134095073,
        0.971060038,
        -0.197638154
      ],
      [
        0.214232981,
        0.223130122,
        0.9509559
      ],
      [
        0.967534363,
        0.08517789,
        -0.237953752
      ]
    ],
    "translation": [
      2.108365,
      0.9440533,
      -0.7516291
    ]
  },
  {
    "timeStamp": 58077,
    "rotation": [
      [
        -0.19787994,
        0.9618284,
        -0.189022943
      ],
      [
        0.05548308,
        0.203517124,
        0.977498055
      ],
      [
        0.9786548,
        0.182939678,
        -0.09363715
      ]
    ],
    "translation": [
      2.12224269,
      0.9140415,
      -0.7715597
    ]
  },
  {
    "timeStamp": 58125,
    "rotation": [
      [
        -0.218170568,
        0.971785,
        -0.08964071
      ],
      [
        0.0199366268,
        0.09627234,
        0.995155334
      ],
      [
        0.975707,
        0.215326458,
        -0.0403779037
      ]
    ],
    "translation": [
      2.12102842,
      0.888493,
      -0.7848638
    ]
  },
  {
    "timeStamp": 58183,
    "rotation": [
      [
        -0.256830424,
        0.965063632,
        -0.05186965
      ],
      [
        -0.07798491,
        0.03280073,
        0.9964148
      ],
      [
        0.963305,
        0.2599547,
        0.06683617
      ]
    ],
    "translation": [
      2.12108946,
      0.8520719,
      -0.805388749
    ]
  },
  {
    "timeStamp": 58227,
    "rotation": [
      [
        -0.2661861,
        0.963624358,
        -0.0239402577
      ],
      [
        -0.0864187554,
        0.000879197032,
        0.9962585
      ],
      [
        0.96004,
        0.267259032,
        0.08304118
      ]
    ],
    "translation": [
      2.11848736,
      0.8349492,
      -0.810097337
    ]
  },
  {
    "timeStamp": 58283,
    "rotation": [
      [
        -0.274088174,
        0.9616736,
        -0.00771638472
      ],
      [
        -0.136862,
        -0.031062765,
        0.990102947
      ],
      [
        0.9519162,
        0.2724316,
        0.14013052
      ]
    ],
    "translation": [
      2.11598945,
      0.813680053,
      -0.816462159
    ]
  },
  {
    "timeStamp": 58328,
    "rotation": [
      [
        -0.284523547,
        0.9580078,
        0.0356002
      ],
      [
        -0.160235584,
        -0.08413617,
        0.9834865
      ],
      [
        0.945183,
        0.274120629,
        0.177445665
      ]
    ],
    "translation": [
      2.110565,
      0.7999569,
      -0.820876241
    ]
  },
  {
    "timeStamp": 58383,
    "rotation": [
      [
        -0.296319485,
        0.9540198,
        0.0451774821
      ],
      [
        -0.156195983,
        -0.09507109,
        0.983140051
      ],
      [
        0.9422301,
        0.284267,
        0.177185476
      ]
    ],
    "translation": [
      2.10607123,
      0.7892305,
      -0.819012046
    ]
  }
]