[
  {
    "id": "008 pudding box(Clone)-15140",
    "pickRotation": [
      [
        0.08512255,
        -0.5381313,
        0.838551641
      ],
      [
        -0.117384486,
        -0.8411615,
        -0.5278903
      ],
      [
        0.9894316,
        -0.05349758,
        -0.13477008
      ]
    ],
    "pickTranslation": [
      0.0303092971,
      0.0611292534,
      0.0196118057
    ],
    "placeRotation": [
      [
        0.8872747,
        -0.460695654,
        -0.02243268
      ],
      [
        0.136375755,
        0.215570062,
        0.9669184
      ],
      [
        -0.4406193,
        -0.8609815,
        0.254097551
      ]
    ],
    "placeTranslation": [
      -0.757774532,
      0.03267819,
      0.569581866
    ]
  },
  {
    "id": "008 pudding box(Clone)-15920",
    "pickRotation": [
      [
        0.112622313,
        -0.441544682,
        0.890143
      ],
      [
        0.0607083365,
        -0.891111255,
        -0.449705839
      ],
      [
        0.9917816,
        0.104686014,
        -0.07355356
      ]
    ],
    "pickTranslation": [
      0.01844872,
      0.05444318,
      0.0213252138
    ],
    "placeRotation": [
      [
        0.8602515,
        -0.5091196,
        0.027653819
      ],
      [
        0.118113011,
        0.251748323,
        0.960558236
      ],
      [
        -0.4960008,
        -0.8230553,
        0.2767005
      ]
    ],
    "placeTranslation": [
      -0.726198256,
      0.25864318,
      0.572012067
    ]
  },
  {
    "id": "004 sugar box(Clone)-15936",
    "pickRotation": [
      [
        -0.993415952,
        0.06873032,
        0.0916563645
      ],
      [
        -0.09716901,
        -0.08168712,
        -0.99191
      ],
      [
        -0.06068715,
        -0.994285345,
        0.08782775
      ]
    ],
    "pickTranslation": [
      0.005648536,
      -0.0105914921,
      0.184705108
    ],
    "placeRotation": [
      [
        -0.0124333221,
        -0.999804854,
        0.0153511893
      ],
      [
        -0.9834877,
        0.0149995647,
        0.180352032
      ],
      [
        -0.1805471,
        -0.0128553314,
        -0.983482361
      ]
    ],
    "placeTranslation": [
      -0.9424663,
      0.2207702,
      -0.661691248
    ]
  },
  {
    "id": "010 potted meat can(Clone)-14732",
    "pickRotation": [
      [
        -0.0580861941,
        0.1209472,
        -0.990958035
      ],
      [
        0.9981438,
        -0.0111622987,
        -0.0598697662
      ],
      [
        -0.01830245,
        -0.9925962,
        -0.120074317
      ]
    ],
    "pickTranslation": [
      0.0276911911,
      -0.0271748342,
      0.09046007
    ],
    "placeRotation": [
      [
        -0.101643413,
        -0.993107438,
        -0.0583631545
      ],
      [
        -0.0410639234,
        -0.05442862,
        0.9976729
      ],
      [
        -0.993973,
        0.103803515,
        -0.0352485739
      ]
    ],
    "placeTranslation": [
      -0.8603918,
      0.461885184,
      0.545687735
    ]
  },
  {
    "id": "007 tuna fish can(Clone)-14744",
    "pickRotation": [
      [
        -0.170631036,
        0.2856357,
        -0.943025649
      ],
      [
        0.9852765,
        0.0390355662,
        -0.166452318
      ],
      [
        -0.0107331853,
        -0.957542956,
        -0.288090855
      ]
    ],
    "pickTranslation": [
      0.00835153,
      -0.02291055,
      0.0374432579
    ],
    "placeRotation": [
      [
        0.8477264,
        -0.529414237,
        0.032870613
      ],
      [
        -0.0902696848,
        -0.08292421,
        0.992459059
      ],
      [
        -0.5226962,
        -0.844301,
        -0.1180871
      ]
    ],
    "placeTranslation": [
      -0.6128516,
      0.411474466,
      -0.823468745
    ]
  },
  {
    "id": "007 tuna fish can(Clone)-15370",
    "pickRotation": [
      [
        -0.9611362,
        -0.00378331,
        -0.276048541
      ],
      [
        0.275790125,
        0.03221214,
        -0.960678
      ],
      [
        0.0125266565,
        -0.99947387,
        -0.0299168546
      ]
    ],
    "pickTranslation": [
      0.0247756876,
      -0.0180204269,
      0.03707373
    ],
    "placeRotation": [
      [
        0.992779255,
        -0.0942859352,
        -0.0741580054
      ],
      [
        0.07035029,
        -0.04309131,
        0.996591151
      ],
      [
        -0.09716012,
        -0.9946121,
        -0.0361471139
      ]
    ],
    "placeTranslation": [
      -0.5530342,
      0.5161043,
      -0.777964234
    ]
  },
  {
    "id": "013 apple(Clone)-15168",
    "pickRotation": [
      [
        -0.399063975,
        0.1139924,
        -0.909809649
      ],
      [
        0.913720548,
        -0.033418972,
        -0.404966533
      ],
      [
        -0.0765680149,
        -0.9929194,
        -0.0908208862
      ]
    ],
    "pickTranslation": [
      0.00281545427,
      0.00134618615,
      0.07175526
    ],
    "placeRotation": [
      [
        0.608925343,
        -0.791311264,
        -0.0551038161
      ],
      [
        -0.0166921243,
        -0.082235314,
        0.996473134
      ],
      [
        -0.7930519,
        -0.605857968,
        -0.06328383
      ]
    ],
    "placeTranslation": [
      -0.635235548,
      0.6096322,
      -0.574923635
    ]
  },
  {
    "id": "013 apple(Clone)-15080",
    "pickRotation": [
      [
        -0.31084004,
        0.0261421315,
        -0.9501026
      ],
      [
        0.946022451,
        0.10501606,
        -0.306615621
      ],
      [
        0.09176045,
        -0.994126856,
        -0.05737424
      ]
    ],
    "pickTranslation": [
      0.00389692956,
      -0.00265244488,
      0.07784844
    ],
    "placeRotation": [
      [
        0.40070042,
        -0.91099447,
        -0.09761286
      ],
      [
        -0.00200371887,
        -0.107411005,
        0.9942127
      ],
      [
        -0.916206956,
        -0.398185849,
        -0.04486501
      ]
    ],
    "placeTranslation": [
      -0.151890755,
      0.232426256,
      -0.548530161
    ]
  },
  {
    "id": "025 mug(Clone)-15706",
    "pickRotation": [
      [
        -0.9619066,
        -0.06288573,
        -0.2660472
      ],
      [
        0.264860034,
        0.0266688187,
        -0.96391803
      ],
      [
        0.06771185,
        -0.997664332,
        -0.008996995
      ]
    ],
    "pickTranslation": [
      0.0618222058,
      0.0189399272,
      0.07363525
    ],
    "placeRotation": [
      [
        0.7971675,
        -0.6037451,
        0.003987939
      ],
      [
        -0.0138880089,
        -0.0117330784,
        0.9998347
      ],
      [
        -0.6035985,
        -0.797091067,
        -0.0177380461
      ]
    ],
    "placeTranslation": [
      -0.220303342,
      0.148683921,
      0.3031053
    ]
  },
  {
    "id": "016 pear(Clone)-15156",
    "pickRotation": [
      [
        -0.8506996,
        0.147327349,
        0.5045838
      ],
      [
        0.482081234,
        0.6013218,
        0.6371889
      ],
      [
        -0.209541872,
        0.7853067,
        -0.582568049
      ]
    ],
    "pickTranslation": [
      0.0184224546,
      -0.01950776,
      0.015086038
    ],
    "placeRotation": [
      [
        0.865840554,
        0.201599553,
        -0.45790574
      ],
      [
        -0.48159638,
        0.0877921358,
        -0.8719848
      ],
      [
        -0.135591224,
        0.975525558,
        0.173103616
      ]
    ],
    "placeTranslation": [
      0.008042467,
      1.10448337,
      0.315363
    ]
  },
  {
    "id": "014 lemon(Clone)-15252",
    "pickRotation": [
      [
        -0.676821,
        -0.6839546,
        0.272248656
      ],
      [
        0.656019,
        -0.72818017,
        -0.198475808
      ],
      [
        0.333994538,
        0.0442677028,
        0.9415349
      ]
    ],
    "pickTranslation": [
      0.0215350315,
      0.0375309475,
      0.0194023773
    ],
    "placeRotation": [
      [
        0.669379,
        -0.731389046,
        0.130391255
      ],
      [
        0.7259988,
        0.681225061,
        0.09411815
      ],
      [
        -0.157662764,
        0.03166318,
        0.9869853
      ]
    ],
    "placeTranslation": [
      0.2397945,
      0.65954417,
      0.470788956
    ]
  },
  {
    "id": "103 toothpaste(Clone)-15180",
    "pickRotation": [
      [
        -0.177013472,
        0.09660288,
        -0.979456
      ],
      [
        -0.950157046,
        0.2427327,
        0.195658892
      ],
      [
        0.256647229,
        0.9652713,
        0.04882095
      ]
    ],
    "pickTranslation": [
      0.0300474279,
      0.0276041012,
      -0.0161440279
    ],
    "placeRotation": [
      [
        0.9353423,
        -0.0896427855,
        0.34219718
      ],
      [
        0.3318753,
        0.5572237,
        -0.7611574
      ],
      [
        -0.1224481,
        0.8255095,
        0.5509451
      ]
    ],
    "placeTranslation": [
      0.422336519,
      0.158499,
      0.0341566652
    ]
  },
  {
    "id": "011 banana(Clone)-15312",
    "pickRotation": [
      [
        -0.9732767,
        0.107573651,
        0.202880472
      ],
      [
        -0.18696703,
        0.1417352,
        -0.9720877
      ],
      [
        -0.133326322,
        -0.9840422,
        -0.117834829
      ]
    ],
    "pickTranslation": [
      0.009329732,
      0.0364334658,
      0.0215053
    ],
    "placeRotation": [
      [
        0.4320646,
        -0.9017978,
        0.008996033
      ],
      [
        -0.00611218344,
        0.007046795,
        0.9999565
      ],
      [
        -0.9018219,
        -0.4321008,
        -0.00246728281
      ]
    ],
    "placeTranslation": [
      0.4801941,
      0.285479128,
      0.0619847141
    ]
  },
  {
    "id": "103 toothpaste(Clone)-15104",
    "pickRotation": [
      [
        -0.223342687,
        0.08360828,
        -0.971147656
      ],
      [
        -0.9729933,
        0.0404954739,
        0.2272535
      ],
      [
        0.05832736,
        0.9956755,
        0.07230593
      ]
    ],
    "pickTranslation": [
      0.0267832465,
      0.0115191313,
      -0.03947233
    ],
    "placeRotation": [
      [
        0.913969338,
        -0.009944262,
        0.405661345
      ],
      [
        0.402475119,
        0.149606228,
        -0.9031233
      ],
      [
        -0.05170857,
        0.9886956,
        0.140737832
      ]
    ],
    "placeTranslation": [
      0.58559984,
      0.427061647,
      0.0470501557
    ]
  },
  {
    "id": "103 toothpaste(Clone)-15216",
    "pickRotation": [
      [
        -0.234163776,
        0.143773034,
        -0.9615075
      ],
      [
        -0.9564811,
        0.143041834,
        0.254328519
      ],
      [
        0.174101382,
        0.979218245,
        0.104020968
      ]
    ],
    "pickTranslation": [
      0.0296611,
      0.0203393772,
      -0.0310497023
    ],
    "placeRotation": [
      [
        0.9183878,
        0.126125529,
        0.3750416
      ],
      [
        0.367724359,
        0.07789775,
        -0.926666439
      ],
      [
        -0.146091208,
        0.9889511,
        0.0251609124
      ]
    ],
    "placeTranslation": [
      0.469132721,
      0.5473133,
      0.0325483829
    ]
  },
  {
    "id": "015 peach(Clone)-15276",
    "pickRotation": [
      [
        0.502387047,
        0.05400561,
        0.8629546
      ],
      [
        -0.864458144,
        0.0107426457,
        0.50259006
      ],
      [
        0.0178722683,
        -0.9984829,
        0.0520825535
      ]
    ],
    "pickTranslation": [
      0.0181794856,
      0.0124397231,
      0.0450026356
    ],
    "placeRotation": [
      [
        -0.29636693,
        0.9542514,
        0.0396347865
      ],
      [
        -0.168264866,
        -0.09301896,
        0.98134315
      ],
      [
        0.9401349,
        0.2841685,
        0.18813473
      ]
    ],
    "placeTranslation": [
      0.8754534,
      0.391678482,
      -0.6611221
    ]
  },
  {
    "id": "012 strawberry(Clone)-15288",
    "pickRotation": [
      [
        -0.143316448,
        -0.240465581,
        -0.9600191
      ],
      [
        0.0701763257,
        -0.9700603,
        0.232504413
      ],
      [
        -0.9871858,
        -0.0340489075,
        0.155900583
      ]
    ],
    "pickTranslation": [
      -0.00172449951,
      0.0369951949,
      0.02291522
    ],
    "placeRotation": [
      [
        -0.1323714,
        0.153795928,
        0.9791959
      ],
      [
        0.325565279,
        0.939826548,
        -0.1036013
      ],
      [
        -0.9362078,
        0.305078328,
        -0.174476773
      ]
    ],
    "placeTranslation": [
      0.6254205,
      0.4438107,
      -0.952248
    ]
  },
  {
    "id": "058 golf ball(Clone)-15092",
    "pickRotation": [
      [
        -0.3584207,
        0.08351556,
        -0.929817
      ],
      [
        0.7218101,
        -0.606852531,
        -0.332746446
      ],
      [
        -0.5920513,
        -0.7904145,
        0.15722613
      ]
    ],
    "pickTranslation": [
      0.004764389,
      -0.024763383,
      0.0322134644
    ],
    "placeRotation": [
      [
        0.07459352,
        -0.7831798,
        0.617304742
      ],
      [
        0.108615987,
        0.621727347,
        0.775665939
      ],
      [
        -0.991281152,
        0.009189513,
        0.131442681
      ]
    ],
    "placeTranslation": [
      0.7943693,
      0.4449099,
      -0.562473238
    ]
  },
  {
    "id": "058 golf ball(Clone)-15300",
    "pickRotation": [
      [
        -0.7737464,
        0.2147031,
        -0.596002638
      ],
      [
        0.497332633,
        -0.376886845,
        -0.7814196
      ],
      [
        -0.392398745,
        -0.9010321,
        0.18483597
      ]
    ],
    "pickTranslation": [
      0.00760357827,
      -0.03635765,
      0.0231463015
    ],
    "placeRotation": [
      [
        0.504624665,
        -0.7900694,
        0.348057747
      ],
      [
        -0.0330344252,
        0.385187835,
        0.922246754
      ],
      [
        -0.862706542,
        -0.476886362,
        0.168275818
      ]
    ],
    "placeTranslation": [
      0.8470791,
      0.464878529,
      -0.421011537
    ]
  },
  {
    "id": "101 bread(Clone)-15264",
    "pickRotation": [
      [
        -0.968254745,
        0.0348983631,
        -0.247517422
      ],
      [
        -0.012671547,
        -0.995785832,
        -0.0908300057
      ],
      [
        -0.249644145,
        -0.08481016,
        0.964616537
      ]
    ],
    "pickTranslation": [
      -0.00420469744,
      0.04974398,
      -0.003097594
    ],
    "placeRotation": [
      [
        -0.0524145775,
        -0.0503758639,
        0.997354
      ],
      [
        -0.3888823,
        0.9209182,
        0.0260779541
      ],
      [
        -0.9197952,
        -0.386486441,
        -0.06785982
      ]
    ],
    "placeTranslation": [
      0.6535795,
      0.5626877,
      0.0417735763
    ]
  }
]