[
  {
    "timeStamp": 62730,
    "rotation": [
      [
        -0.890026,
        0.455909878,
        6.78467259E-05
      ],
      [
        0.4558068,
        0.8898279,
        -0.021129854
      ],
      [
        -0.009693681,
        -0.018775193,
        -0.9997767
      ]
    ],
    "translation": [
      1.15396166,
      0.729413569,
      -0.6206059
    ]
  },
  {
    "timeStamp": 62786,
    "rotation": [
      [
        -0.8893104,
        0.45730412,
        -0.000161710457
      ],
      [
        0.4572366,
        0.8891729,
        -0.0174994878
      ],
      [
        -0.007858799,
        -0.0156364162,
        -0.9998469
      ]
    ],
    "translation": [
      1.15408063,
      0.729375958,
      -0.6204537
    ]
  },
  {
    "timeStamp": 62830,
    "rotation": [
      [
        -0.8895993,
        0.456741631,
        -0.00036769014
      ],
      [
        0.456698269,
        0.8895032,
        -0.0145189371
      ],
      [
        -0.00630434137,
        -0.01308396,
        -0.999894559
      ]
    ],
    "translation": [
      1.15480947,
      0.7293947,
      -0.6199363
    ]
  },
  {
    "timeStamp": 62887,
    "rotation": [
      [
        -0.889353752,
        0.457016021,
        -0.0136488024
      ],
      [
        0.457188755,
        0.8892447,
        -0.0149081983
      ],
      [
        0.00532384031,
        -0.0194987413,
        -0.9997957
      ]
    ],
    "translation": [
      1.15633583,
      0.7295111,
      -0.6185225
    ]
  },
  {
    "timeStamp": 62930,
    "rotation": [
      [
        -0.889585853,
        0.456573337,
        -0.0133331427
      ],
      [
        0.4567351,
        0.8894931,
        -0.0139679313
      ],
      [
        0.00548235374,
        -0.0185153875,
        -0.9998135
      ]
    ],
    "translation": [
      1.15764928,
      0.7298307,
      -0.6187181
    ]
  },
  {
    "timeStamp": 62985,
    "rotation": [
      [
        -0.8897276,
        0.4562617,
        -0.0144950831
      ],
      [
        0.456455678,
        0.8896084,
        -0.0156587213
      ],
      [
        0.005750472,
        -0.0205483586,
        -0.9997723
      ]
    ],
    "translation": [
      1.15872693,
      0.7306119,
      -0.617634237
    ]
  },
  {
    "timeStamp": 63030,
    "rotation": [
      [
        -0.8888481,
        0.457834184,
        -0.0183524117
      ],
      [
        0.458094031,
        0.8887948,
        -0.0139173921
      ],
      [
        0.009939669,
        -0.0207775775,
        -0.9997347
      ]
    ],
    "translation": [
      1.15976667,
      0.731922746,
      -0.6170393
    ]
  },
  {
    "timeStamp": 63085,
    "rotation": [
      [
        -0.8877819,
        0.4598612,
        -0.019261552
      ],
      [
        0.460137457,
        0.8877423,
        -0.01367972
      ],
      [
        0.0108085228,
        -0.02100757,
        -0.9997209
      ]
    ],
    "translation": [
      1.16079807,
      0.7340084,
      -0.616506636
    ]
  },
  {
    "timeStamp": 63130,
    "rotation": [
      [
        -0.8868831,
        0.461562216,
        -0.0199671183
      ],
      [
        0.461869836,
        0.886818,
        -0.0151677271
      ],
      [
        0.01070635,
        -0.02267421,
        -0.9996855
      ]
    ],
    "translation": [
      1.16165376,
      0.7364349,
      -0.6160237
    ]
  },
  {
    "timeStamp": 63185,
    "rotation": [
      [
        -0.8831466,
        0.468627572,
        -0.0209815949
      ],
      [
        0.469003,
        0.882981539,
        -0.0194884688
      ],
      [
        0.009393528,
        -0.0270516053,
        -0.9995899
      ]
    ],
    "translation": [
      1.16274631,
      0.742126167,
      -0.6148607
    ]
  },
  {
    "timeStamp": 63230,
    "rotation": [
      [
        -0.8794919,
        0.475184739,
        -0.02633286
      ],
      [
        0.475753576,
        0.8792847,
        -0.0227387361
      ],
      [
        0.01234898,
        -0.03252649,
        -0.9993946
      ]
    ],
    "translation": [
      1.16416836,
      0.748789549,
      -0.613146365
    ]
  },
  {
    "timeStamp": 63285,
    "rotation": [
      [
        -0.873657048,
        0.485207826,
        -0.0360110663
      ],
      [
        0.486214459,
        0.8733903,
        -0.0280151479
      ],
      [
        0.01785855,
        -0.0419847332,
        -0.998958647
      ]
    ],
    "translation": [
      1.16720426,
      0.7590522,
      -0.6097939
    ]
  },
  {
    "timeStamp": 63330,
    "rotation": [
      [
        -0.868407249,
        0.493889272,
        -0.04407027
      ],
      [
        0.4955751,
        0.867456,
        -0.04387965
      ],
      [
        0.0165573321,
        -0.0599455349,
        -0.998064339
      ]
    ],
    "translation": [
      1.17091978,
      0.7696949,
      -0.6056218
    ]
  },
  {
    "timeStamp": 63385,
    "rotation": [
      [
        -0.8601077,
        0.505076349,
        -0.07150226
      ],
      [
        0.5091334,
        0.85866183,
        -0.0590165034
      ],
      [
        0.0315884277,
        -0.0871647447,
        -0.9956929
      ]
    ],
    "translation": [
      1.177358,
      0.7846316,
      -0.59792316
    ]
  },
  {
    "timeStamp": 63430,
    "rotation": [
      [
        -0.85765636,
        0.5073617,
        -0.0837238356
      ],
      [
        0.5129028,
        0.8556998,
        -0.06861876
      ],
      [
        0.0368279368,
        -0.101793505,
        -0.994123638
      ]
    ],
    "translation": [
      1.18499088,
      0.79646,
      -0.5932813
    ]
  },
  {
    "timeStamp": 63485,
    "rotation": [
      [
        -0.8508737,
        0.512453139,
        -0.115783237
      ],
      [
        0.5228407,
        0.8475579,
        -0.09101214
      ],
      [
        0.0514935441,
        -0.137976021,
        -0.989096045
      ]
    ],
    "translation": [
      1.19699633,
      0.8143527,
      -0.584186554
    ]
  },
  {
    "timeStamp": 63530,
    "rotation": [
      [
        -0.84378475,
        0.516701937,
        -0.145074025
      ],
      [
        0.532247245,
        0.840337336,
        -0.102693588
      ],
      [
        0.06884915,
        -0.163866535,
        -0.984077
      ]
    ],
    "translation": [
      1.2099117,
      0.8309117,
      -0.5765844
    ]
  },
  {
    "timeStamp": 63585,
    "rotation": [
      [
        -0.829867065,
        0.5230733,
        -0.194203258
      ],
      [
        0.5491715,
        0.8272587,
        -0.118548006
      ],
      [
        0.09864704,
        -0.20503,
        -0.973771751
      ]
    ],
    "translation": [
      1.22905958,
      0.854430258,
      -0.565425336
    ]
  },
  {
    "timeStamp": 63629,
    "rotation": [
      [
        -0.812477,
        0.5313739,
        -0.239839375
      ],
      [
        0.5693413,
        0.811705,
        -0.130328372
      ],
      [
        0.125425726,
        -0.24243927,
        -0.962024748
      ]
    ],
    "translation": [
      1.24491489,
      0.8724774,
      -0.5561455
    ]
  },
  {
    "timeStamp": 63685,
    "rotation": [
      [
        -0.787752151,
        0.5398839,
        -0.29660055
      ],
      [
        0.5933258,
        0.794431746,
        -0.129779741
      ],
      [
        0.165562883,
        -0.278215021,
        -0.9461424
      ]
    ],
    "translation": [
      1.26561177,
      0.89434886,
      -0.5473499
    ]
  },
  {
    "timeStamp": 63730,
    "rotation": [
      [
        -0.7814863,
        0.5318563,
        -0.326202452
      ],
      [
        0.6003756,
        0.7833061,
        -0.161185175
      ],
      [
        0.169789016,
        -0.321807981,
        -0.9314565
      ]
    ],
    "translation": [
      1.28550148,
      0.913433,
      -0.5391642
    ]
  },
  {
    "timeStamp": 63786,
    "rotation": [
      [
        -0.752338,
        0.536479533,
        -0.3823314
      ],
      [
        0.62631017,
        0.7624261,
        -0.162610069
      ],
      [
        0.204262465,
        -0.361795783,
        -0.909604669
      ]
    ],
    "translation": [
      1.31239891,
      0.9397881,
      -0.529902339
    ]
  },
  {
    "timeStamp": 63830,
    "rotation": [
      [
        -0.732730269,
        0.5269009,
        -0.430676073
      ],
      [
        0.641844451,
        0.745393753,
        -0.180066332
      ],
      [
        0.226146147,
        -0.408367127,
        -0.8843609
      ]
    ],
    "translation": [
      1.33812785,
      0.961359739,
      -0.521104038
    ]
  },
  {
    "timeStamp": 63885,
    "rotation": [
      [
        -0.703238249,
        0.517544746,
        -0.487445772
      ],
      [
        0.662293553,
        0.726180434,
        -0.18447037
      ],
      [
        0.2585019,
        -0.4525588,
        -0.8534444
      ]
    ],
    "translation": [
      1.37023854,
      0.98466897,
      -0.5128582
    ]
  },
  {
    "timeStamp": 63930,
    "rotation": [
      [
        -0.679660559,
        0.5009333,
        -0.535842657
      ],
      [
        0.6777649,
        0.7082352,
        -0.197579414
      ],
      [
        0.280528545,
        -0.4974623,
        -0.8208746
      ]
    ],
    "translation": [
      1.40027726,
      1.00423932,
      -0.505635142
    ]
  },
  {
    "timeStamp": 63985,
    "rotation": [
      [
        -0.658628345,
        0.466093123,
        -0.5907333
      ],
      [
        0.688124835,
        0.6907237,
        -0.222227126
      ],
      [
        0.304454982,
        -0.552863359,
        -0.7756605
      ]
    ],
    "translation": [
      1.44112587,
      1.02598536,
      -0.4970839
    ]
  },
  {
    "timeStamp": 64030,
    "rotation": [
      [
        -0.6395424,
        0.4348126,
        -0.633974433
      ],
      [
        0.696091056,
        0.677525043,
        -0.2375227
      ],
      [
        0.3262557,
        -0.5932098,
        -0.735975146
      ]
    ],
    "translation": [
      1.47550523,
      1.04184389,
      -0.4908712
    ]
  },
  {
    "timeStamp": 64085,
    "rotation": [
      [
        -0.6146381,
        0.3874588,
        -0.687092245
      ],
      [
        0.7049393,
        0.660659254,
        -0.258050233
      ],
      [
        0.35395,
        -0.6429658,
        -0.6792013
      ]
    ],
    "translation": [
      1.52270782,
      1.06160092,
      -0.484981716
    ]
  },
  {
    "timeStamp": 64129,
    "rotation": [
      [
        -0.5934437,
        0.342235863,
        -0.728491068
      ],
      [
        0.7098527,
        0.6491707,
        -0.273288369
      ],
      [
        0.379385918,
        -0.6793026,
        -0.628183365
      ]
    ],
    "translation": [
      1.56140959,
      1.07458389,
      -0.4824314
    ]
  },
  {
    "timeStamp": 64185,
    "rotation": [
      [
        -0.570175767,
        0.282444924,
        -0.7714431
      ],
      [
        0.71396,
        0.6348985,
        -0.295237362
      ],
      [
        0.406399727,
        -0.7191167,
        -0.563658059
      ]
    ],
    "translation": [
      1.61138368,
      1.09156394,
      -0.481701046
    ]
  },
  {
    "timeStamp": 64230,
    "rotation": [
      [
        -0.5465011,
        0.23479633,
        -0.8038702
      ],
      [
        0.7187242,
        0.6241921,
        -0.3063001
      ],
      [
        0.429851323,
        -0.7451543,
        -0.5098755
      ]
    ],
    "translation": [
      1.652334,
      1.10443461,
      -0.4835673
    ]
  },
  {
    "timeStamp": 64286,
    "rotation": [
      [
        -0.520674,
        0.177942708,
        -0.835005939
      ],
      [
        0.7203273,
        0.6165617,
        -0.317773819
      ],
      [
        0.45828715,
        -0.766934156,
        -0.449204624
      ]
    ],
    "translation": [
      1.69909346,
      1.11572886,
      -0.488985658
    ]
  },
  {
    "timeStamp": 64329,
    "rotation": [
      [
        -0.4977734,
        0.124728106,
        -0.8582916
      ],
      [
        0.7219663,
        0.6079698,
        -0.3303594
      ],
      [
        0.4806103,
        -0.7841018,
        -0.3926807
      ]
    ],
    "translation": [
      1.73914063,
      1.1246717,
      -0.4959631
    ]
  },
  {
    "timeStamp": 64385,
    "rotation": [
      [
        -0.4633464,
        0.07690631,
        -0.882833838
      ],
      [
        0.7279218,
        0.6012053,
        -0.3296696
      ],
      [
        0.5054107,
        -0.7953852,
        -0.3345481
      ]
    ],
    "translation": [
      1.782189,
      1.13334954,
      -0.506682754
    ]
  },
  {
    "timeStamp": 64429,
    "rotation": [
      [
        -0.4378716,
        0.0358307622,
        -0.8983232
      ],
      [
        0.7304606,
        0.5966884,
        -0.3322503
      ],
      [
        0.5241143,
        -0.8016727,
        -0.287445873
      ]
    ],
    "translation": [
      1.815654,
      1.13862848,
      -0.5167925
    ]
  },
  {
    "timeStamp": 64485,
    "rotation": [
      [
        -0.400710672,
        -0.006883793,
        -0.916178763
      ],
      [
        0.735256255,
        0.5942162,
        -0.326044977
      ],
      [
        0.5466527,
        -0.8042758,
        -0.233047441
      ]
    ],
    "translation": [
      1.85570586,
      1.14200509,
      -0.5303471
    ]
  },
  {
    "timeStamp": 64530,
    "rotation": [
      [
        -0.374287575,
        -0.0388468541,
        -0.926498652
      ],
      [
        0.7345524,
        0.597396135,
        -0.32179302
      ],
      [
        0.5659873,
        -0.8010049,
        -0.195062891
      ]
    ],
    "translation": [
      1.88480532,
      1.14138293,
      -0.5411453
    ]
  },
  {
    "timeStamp": 64585,
    "rotation": [
      [
        -0.34937185,
        -0.07659632,
        -0.9338482
      ],
      [
        0.72893244,
        0.6039971,
        -0.32224986
      ],
      [
        0.588724732,
        -0.793297231,
        -0.155186057
      ]
    ],
    "translation": [
      1.92074335,
      1.1383183,
      -0.554397464
    ]
  },
  {
    "timeStamp": 64630,
    "rotation": [
      [
        -0.331321478,
        -0.102502428,
        -0.9379336
      ],
      [
        0.7241742,
        0.6095978,
        -0.3224319
      ],
      [
        0.604812264,
        -0.786055863,
        -0.127743214
      ]
    ],
    "translation": [
      1.946993,
      1.1343559,
      -0.5637471
    ]
  },
  {
    "timeStamp": 64685,
    "rotation": [
      [
        -0.3079118,
        -0.126942918,
        -0.942908168
      ],
      [
        0.7157091,
        0.6220728,
        -0.317467868
      ],
      [
        0.6268578,
        -0.772600055,
        -0.100689366
      ]
    ],
    "translation": [
      1.97931325,
      1.12622678,
      -0.5745685
    ]
  },
  {
    "timeStamp": 64730,
    "rotation": [
      [
        -0.2879704,
        -0.142175138,
        -0.9470265
      ],
      [
        0.709525347,
        0.632484138,
        -0.310704947
      ],
      [
        0.6431538,
        -0.761413157,
        -0.08125985
      ]
    ],
    "translation": [
      2.00313234,
      1.11803222,
      -0.582257
    ]
  },
  {
    "timeStamp": 64785,
    "rotation": [
      [
        -0.272374958,
        -0.151874244,
        -0.9501295
      ],
      [
        0.69620204,
        0.650502264,
        -0.3035613
      ],
      [
        0.664164543,
        -0.744164646,
        -0.07144537
      ]
    ],
    "translation": [
      2.02903771,
      1.10574067,
      -0.589826047
    ]
  },
  {
    "timeStamp": 64830,
    "rotation": [
      [
        -0.260441959,
        -0.157558158,
        -0.952546835
      ],
      [
        0.686350465,
        0.6636682,
        -0.297435045
      ],
      [
        0.679038346,
        -0.731245458,
        -0.0647069439
      ]
    ],
    "translation": [
      2.048516,
      1.09466612,
      -0.5948346
    ]
  },
  {
    "timeStamp": 64885,
    "rotation": [
      [
        -0.252841949,
        -0.15740788,
        -0.9546171
      ],
      [
        0.671974242,
        0.6812964,
        -0.290320277
      ],
      [
        0.696075857,
        -0.7148832,
        -0.06648626
      ]
    ],
    "translation": [
      2.0686276,
      1.07975376,
      -0.5995883
    ]
  },
  {
    "timeStamp": 64930,
    "rotation": [
      [
        -0.238005266,
        -0.145836279,
        -0.960252762
      ],
      [
        0.6623743,
        0.6987157,
        -0.270289958
      ],
      [
        0.7103617,
        -0.700377166,
        -0.0696998
      ]
    ],
    "translation": [
      2.08263421,
      1.06555617,
      -0.601942539
    ]
  },
  {
    "timeStamp": 64985,
    "rotation": [
      [
        -0.232873991,
        -0.142134368,
        -0.962064147
      ],
      [
        0.6458108,
        0.717042,
        -0.2622578
      ],
      [
        0.7271163,
        -0.682384431,
        -0.07518854
      ]
    ],
    "translation": [
      2.099099,
      1.04838014,
      -0.603284836
    ]
  },
  {
    "timeStamp": 65029,
    "rotation": [
      [
        -0.2267621,
        -0.138405308,
        -0.9640658
      ],
      [
        0.633536637,
        0.730852365,
        -0.253941119
      ],
      [
        0.7397366,
        -0.6683552,
        -0.07804478
      ]
    ],
    "translation": [
      2.1116147,
      1.03463137,
      -0.603901565
    ]
  },
  {
    "timeStamp": 65079,
    "rotation": [
      [
        -0.213619232,
        -0.121669859,
        -0.96931076
      ],
      [
        0.6274848,
        0.7433876,
        -0.231598258
      ],
      [
        0.748752058,
        -0.6577016,
        -0.08245589
      ]
    ],
    "translation": [
      2.120721,
      1.02203536,
      -0.603854239
    ]
  },
  {
    "timeStamp": 65135,
    "rotation": [
      [
        -0.209768727,
        -0.103749789,
        -0.97223103
      ],
      [
        0.615579,
        0.7585302,
        -0.213762552
      ],
      [
        0.7596444,
        -0.6433257,
        -0.0952497348
      ]
    ],
    "translation": [
      2.13298249,
      1.002581,
      -0.6028171
    ]
  },
  {
    "timeStamp": 65179,
    "rotation": [
      [
        -0.2085059,
        -0.093045786,
        -0.973585
      ],
      [
        0.600591063,
        0.773476243,
        -0.202545732
      ],
      [
        0.771890938,
        -0.62695843,
        -0.1053919
      ]
    ],
    "translation": [
      2.1394887,
      0.9875571,
      -0.6022479
    ]
  },
  {
    "timeStamp": 65235,
    "rotation": [
      [
        -0.205901012,
        -0.07672805,
        -0.9755601
      ],
      [
        0.5872589,
        0.787760556,
        -0.185904011
      ],
      [
        0.7827718,
        -0.6111842,
        -0.11714147
      ]
    ],
    "translation": [
      2.14602947,
      0.9696343,
      -0.600418746
    ]
  },
  {
    "timeStamp": 65280,
    "rotation": [
      [
        -0.2124394,
        -0.06642026,
        -0.9749143
      ],
      [
        0.5757111,
        0.7976409,
        -0.179793477
      ],
      [
        0.7895735,
        -0.5994642,
        -0.131211489
      ]
    ],
    "translation": [
      2.149265,
      0.955841,
      -0.598582268
    ]
  },
  {
    "timeStamp": 65335,
    "rotation": [
      [
        -0.210405111,
        -0.05369744,
        -0.9761385
      ],
      [
        0.5641626,
        0.8087848,
        -0.166095659
      ],
      [
        0.7984048,
        -0.5856482,
        -0.139878362
      ]
    ],
    "translation": [
      2.15357256,
      0.9379802,
      -0.595779359
    ]
  },
  {
    "timeStamp": 65379,
    "rotation": [
      [
        -0.201849326,
        -0.0424141251,
        -0.978497744
      ],
      [
        0.552863955,
        0.819736063,
        -0.149579912
      ],
      [
        0.8084542,
        -0.5711687,
        -0.142013937
      ]
    ],
    "translation": [
      2.15657473,
      0.923318,
      -0.593821943
    ]
  },
  {
    "timeStamp": 65435,
    "rotation": [
      [
        -0.194459885,
        -0.0268029068,
        -0.9805442
      ],
      [
        0.544421732,
        0.8285795,
        -0.1306178
      ],
      [
        0.815959752,
        -0.5592295,
        -0.146533385
      ]
    ],
    "translation": [
      2.15818715,
      0.9075076,
      -0.590449
    ]
  },
  {
    "timeStamp": 65479,
    "rotation": [
      [
        -0.186877176,
        -0.0105797378,
        -0.9823263
      ],
      [
        0.5378257,
        0.835674763,
        -0.111315928
      ],
      [
        0.822083,
        -0.549122751,
        -0.1504785
      ]
    ],
    "translation": [
      2.15792346,
      0.894943833,
      -0.587382138
    ]
  },
  {
    "timeStamp": 65535,
    "rotation": [
      [
        -0.179084077,
        -0.00248622382,
        -0.9838306
      ],
      [
        0.5306329,
        0.8418335,
        -0.09871709
      ],
      [
        0.828466952,
        -0.539731562,
        -0.149439692
      ]
    ],
    "translation": [
      2.15840268,
      0.8815445,
      -0.582700253
    ]
  },
  {
    "timeStamp": 65581,
    "rotation": [
      [
        -0.174378619,
        0.00735603133,
        -0.9846512
      ],
      [
        0.5198815,
        0.849926651,
        -0.0857198238
      ],
      [
        0.8362508,
        -0.5268496,
        -0.152033314
      ]
    ],
    "translation": [
      2.15788269,
      0.870316,
      -0.5791046
    ]
  },
  {
    "timeStamp": 65627,
    "rotation": [
      [
        -0.1742326,
        0.0133896563,
        -0.9846134
      ],
      [
        0.5171921,
        0.852128565,
        -0.0799319
      ],
      [
        0.837947,
        -0.523161054,
        -0.155393615
      ]
    ],
    "translation": [
      2.15714073,
      0.8613738,
      -0.5743204
    ]
  },
  {
    "timeStamp": 65683,
    "rotation": [
      [
        -0.182304218,
        0.0182212,
        -0.983073354
      ],
      [
        0.5059528,
        0.859036,
        -0.0779033
      ],
      [
        0.843075931,
        -0.5115908,
        -0.16582495
      ]
    ],
    "translation": [
      2.15666,
      0.8497808,
      -0.5698009
    ]
  },
  {
    "timeStamp": 65729,
    "rotation": [
      [
        -0.177845836,
        0.0223278143,
        -0.98380506
      ],
      [
        0.50007695,
        0.863080859,
        -0.0708127
      ],
      [
        0.8475222,
        -0.504572,
        -0.16466096
      ]
    ],
    "translation": [
      2.15784383,
      0.8411807,
      -0.566602051
    ]
  },
  {
    "timeStamp": 65784,
    "rotation": [
      [
        -0.1759624,
        0.0235050824,
        -0.9841162
      ],
      [
        0.493132561,
        0.867334843,
        -0.0674575
      ],
      [
        0.8519727,
        -0.497169733,
        -0.164209455
      ]
    ],
    "translation": [
      2.15984273,
      0.830091357,
      -0.5638132
    ]
  },
  {
    "timeStamp": 65829,
    "rotation": [
      [
        -0.171720773,
        0.0271207076,
        -0.984772265
      ],
      [
        0.4861121,
        0.8717818,
        -0.0607574
      ],
      [
        0.85685885,
        -0.489143044,
        -0.162886754
      ]
    ],
    "translation": [
      2.16121387,
      0.8212562,
      -0.5625407
    ]
  },
  {
    "timeStamp": 65884,
    "rotation": [
      [
        -0.1682525,
        0.0270965919,
        -0.9853714
      ],
      [
        0.479950875,
        0.875384,
        -0.0578797162
      ],
      [
        0.861009955,
        -0.482668281,
        -0.160290569
      ]
    ],
    "translation": [
      2.16323066,
      0.8117821,
      -0.561489642
    ]
  },
  {
    "timeStamp": 65929,
    "rotation": [
      [
        -0.157366037,
        0.0308528058,
        -0.9870583
      ],
      [
        0.4779658,
        0.8770225,
        -0.0487883836
      ],
      [
        0.864167035,
        -0.4794577,
        -0.152760133
      ]
    ],
    "translation": [
      2.16453052,
      0.8053308,
      -0.5608261
    ]
  },
  {
    "timeStamp": 65984,
    "rotation": [
      [
        -0.147051826,
        0.03235634,
        -0.98859936
      ],
      [
        0.476170182,
        0.8783456,
        -0.0420814
      ],
      [
        0.8669704,
        -0.476929724,
        -0.144569457
      ]
    ],
    "translation": [
      2.16543627,
      0.7985416,
      -0.56019026
    ]
  },
  {
    "timeStamp": 66029,
    "rotation": [
      [
        -0.141469762,
        0.0330350362,
        -0.989391267
      ],
      [
        0.473729521,
        0.8798346,
        -0.0383599848
      ],
      [
        0.86923337,
        -0.47413063,
        -0.140119657
      ]
    ],
    "translation": [
      2.16586185,
      0.7937109,
      -0.55991745
    ]
  },
  {
    "timeStamp": 66084,
    "rotation": [
      [
        -0.132490873,
        0.0344100446,
        -0.9905867
      ],
      [
        0.472652227,
        0.880644858,
        -0.0326261967
      ],
      [
        0.87123245,
        -0.472525716,
        -0.1329414
      ]
    ],
    "translation": [
      2.166017,
      0.7887548,
      -0.5590192
    ]
  },
  {
    "timeStamp": 66129,
    "rotation": [
      [
        -0.1317129,
        0.0363115743,
        -0.99062264
      ],
      [
        0.471780032,
        0.881191134,
        -0.0304274112
      ],
      [
        0.871823,
        -0.471363664,
        -0.133195311
      ]
    ],
    "translation": [
      2.16540551,
      0.7854393,
      -0.558403552
    ]
  },
  {
    "timeStamp": 66184,
    "rotation": [
      [
        -0.1284114,
        0.0370524228,
        -0.991028547
      ],
      [
        0.4740129,
        0.880056,
        -0.02851628
      ],
      [
        0.871104062,
        -0.47342217,
        -0.130572543
      ]
    ],
    "translation": [
      2.16544843,
      0.7824654,
      -0.557314038
    ]
  },
  {
    "timeStamp": 66229,
    "rotation": [
      [
        -0.12370041,
        0.0331342481,
        -0.9917663
      ],
      [
        0.474044383,
        0.879999042,
        -0.0297261346
      ],
      [
        0.871768355,
        -0.473818332,
        -0.124563351
      ]
    ],
    "translation": [
      2.1664722,
      0.7803134,
      -0.556913733
    ]
  },
  {
    "timeStamp": 66284,
    "rotation": [
      [
        -0.111971207,
        0.0325619,
        -0.9931778
      ],
      [
        0.475231081,
        0.879513,
        -0.02474238
      ],
      [
        0.8727072,
        -0.47475937,
        -0.113954566
      ]
    ],
    "translation": [
      2.16826916,
      0.7779123,
      -0.5566112
    ]
  },
  {
    "timeStamp": 66329,
    "rotation": [
      [
        -0.111229651,
        0.02902346,
        -0.993370831
      ],
      [
        0.475405633,
        0.8793355,
        -0.0275404155
      ],
      [
        0.87270695,
        -0.4753174,
        -0.111606106
      ]
    ],
    "translation": [
      2.16851068,
      0.7759263,
      -0.556638658
    ]
  },
  {
    "timeStamp": 66384,
    "rotation": [
      [
        -0.105307937,
        0.02348191,
        -0.9941624
      ],
      [
        0.475706756,
        0.879104853,
        -0.02962558
      ],
      [
        0.8732773,
        -0.476049542,
        -0.103747226
      ]
    ],
    "translation": [
      2.169632,
      0.774520934,
      -0.556442261
    ]
  },
  {
    "timeStamp": 66429,
    "rotation": [
      [
        -0.10569939,
        0.0177911222,
        -0.994239
      ],
      [
        0.4799001,
        0.876611352,
        -0.0353328
      ],
      [
        0.8709326,
        -0.480870038,
        -0.101195246
      ]
    ],
    "translation": [
      2.1697576,
      0.7739829,
      -0.5559342
    ]
  },
  {
    "timeStamp": 66484,
    "rotation": [
      [
        -0.106382191,
        0.016207058,
        -0.9941932
      ],
      [
        0.480275542,
        0.876332462,
        -0.037105456
      ],
      [
        0.8706424,
        -0.481434077,
        -0.101010017
      ]
    ],
    "translation": [
      2.169318,
      0.7723733,
      -0.555641532
    ]
  },
  {
    "timeStamp": 66529,
    "rotation": [
      [
        -0.108112752,
        0.0127707478,
        -0.994056642
      ],
      [
        0.478905,
        0.876917243,
        -0.04081945
      ],
      [
        0.871184051,
        -0.48047176,
        -0.100921907
      ]
    ],
    "translation": [
      2.16955137,
      0.7706912,
      -0.555607259
    ]
  },
  {
    "timeStamp": 66584,
    "rotation": [
      [
        -0.09839036,
        0.009947063,
        -0.9950982
      ],
      [
        0.479181141,
        0.8768662,
        -0.03861384
      ],
      [
        0.872183859,
        -0.4806315,
        -0.09104163
      ]
    ],
    "translation": [
      2.171032,
      0.768715,
      -0.555677652
    ]
  },
  {
    "timeStamp": 66628,
    "rotation": [
      [
        -0.0930215,
        0.0126179466,
        -0.99558413
      ],
      [
        0.479003966,
        0.877168,
        -0.03363815
      ],
      [
        0.8728701,
        -0.4800178,
        -0.0876395255
      ]
    ],
    "translation": [
      2.17132664,
      0.767150462,
      -0.5558616
    ]
  },
  {
    "timeStamp": 66684,
    "rotation": [
      [
        -0.08778693,
        0.008623532,
        -0.9961019
      ],
      [
        0.478535026,
        0.877387345,
        -0.0345777273
      ],
      [
        0.8736691,
        -0.479705155,
        -0.0811498
      ]
    ],
    "translation": [
      2.17275715,
      0.7654375,
      -0.5559994
    ]
  },
  {
    "timeStamp": 66729,
    "rotation": [
      [
        -0.08795432,
        0.010861177,
        -0.996065259
      ],
      [
        0.47651,
        0.8785683,
        -0.03249669
      ],
      [
        0.8747584,
        -0.477493256,
        -0.08244933
      ]
    ],
    "translation": [
      2.17282343,
      0.7640892,
      -0.5566066
    ]
  },
  {
    "timeStamp": 66784,
    "rotation": [
      [
        -0.08478786,
        0.006623688,
        -0.996377
      ],
      [
        0.475090921,
        0.8792568,
        -0.0345833153
      ],
      [
        0.8758422,
        -0.476301938,
        -0.07769716
      ]
    ],
    "translation": [
      2.17509913,
      0.7628455,
      -0.557187736
    ]
  },
  {
    "timeStamp": 66828,
    "rotation": [
      [
        -0.08330865,
        0.00517276628,
        -0.9965104
      ],
      [
        0.475485831,
        0.8790193,
        -0.035187915
      ],
      [
        0.8757699,
        -0.476758033,
        -0.0756894946
      ]
    ],
    "translation": [
      2.17626166,
      0.762113035,
      -0.5574752
    ]
  },
  {
    "timeStamp": 66884,
    "rotation": [
      [
        -0.0778628662,
        0.003718441,
        -0.9969572
      ],
      [
        0.47333622,
        0.8802375,
        -0.0336847
      ],
      [
        0.8774339,
        -0.474518716,
        -0.0702979
      ]
    ],
    "translation": [
      2.17859721,
      0.760888457,
      -0.5580645
    ]
  },
  {
    "timeStamp": 66928,
    "rotation": [
      [
        -0.07523175,
        0.001294532,
        -0.9971652
      ],
      [
        0.4723942,
        0.880712032,
        -0.0344967246
      ],
      [
        0.8781708,
        -0.473650336,
        -0.06686904
      ]
    ],
    "translation": [
      2.1802175,
      0.7602814,
      -0.5583212
    ]
  },
  {
    "timeStamp": 66984,
    "rotation": [
      [
        -0.0682247654,
        -0.004717087,
        -0.9976588
      ],
      [
        0.473398954,
        0.8800901,
        -0.0365345329
      ],
      [
        0.878201962,
        -0.474783182,
        -0.05781088
      ]
    ],
    "translation": [
      2.18322372,
      0.760322452,
      -0.558216155
    ]
  },
  {
    "timeStamp": 67028,
    "rotation": [
      [
        -0.0610921644,
        -0.006922998,
        -0.998108149
      ],
      [
        0.47451663,
        0.879544735,
        -0.03514482
      ],
      [
        0.878124,
        -0.475765973,
        -0.05044821
      ]
    ],
    "translation": [
      2.18550754,
      0.7601789,
      -0.55767
    ]
  },
  {
    "timeStamp": 67084,
    "rotation": [
      [
        -0.0600095,
        -0.006837949,
        -0.998174369
      ],
      [
        0.4728501,
        0.8804688,
        -0.03445901
      ],
      [
        0.879097044,
        -0.474054754,
        -0.0496031642
      ]
    ],
    "translation": [
      2.18687487,
      0.759983361,
      -0.55671376
    ]
  },
  {
    "timeStamp": 67128,
    "rotation": [
      [
        -0.0614691637,
        -0.009899751,
        -0.998059869
      ],
      [
        0.477756441,
        0.877664447,
        -0.0381299257
      ],
      [
        0.876339138,
        -0.479173362,
        -0.04921963
      ]
    ],
    "translation": [
      2.187852,
      0.760435462,
      -0.5548494
    ]
  },
  {
    "timeStamp": 67184,
    "rotation": [
      [
        -0.0600527637,
        -0.0125153894,
        -0.998116732
      ],
      [
        0.475369722,
        0.8788935,
        -0.0396215767
      ],
      [
        0.8777342,
        -0.476853877,
        -0.0468305461
      ]
    ],
    "translation": [
      2.18906617,
      0.7595385,
      -0.55352217
    ]
  },
  {
    "timeStamp": 67228,
    "rotation": [
      [
        -0.0582252853,
        -0.0171288177,
        -0.9981565
      ],
      [
        0.4759236,
        0.8784428,
        -0.0428364426
      ],
      [
        0.877557158,
        -0.4775404,
        -0.0429955721
      ]
    ],
    "translation": [
      2.19006777,
      0.759203136,
      -0.5523973
    ]
  },
  {
    "timeStamp": 67284,
    "rotation": [
      [
        -0.05820636,
        -0.018121969,
        -0.9981401
      ],
      [
        0.474736542,
        0.8790452,
        -0.04364389
      ],
      [
        0.8782011,
        -0.4763939,
        -0.04256286
      ]
    ],
    "translation": [
      2.19056749,
      0.758781433,
      -0.5509347
    ]
  },
  {
    "timeStamp": 67328,
    "rotation": [
      [
        -0.0573854521,
        -0.0199421551,
        -0.998152852
      ],
      [
        0.4754146,
        0.878616035,
        -0.04488629
      ],
      [
        0.877888262,
        -0.4771123,
        -0.0409389846
      ]
    ],
    "translation": [
      2.19091058,
      0.758456,
      -0.549808145
    ]
  },
  {
    "timeStamp": 67383,
    "rotation": [
      [
        -0.058369007,
        -0.02295955,
        -0.998031
      ],
      [
        0.4717504,
        0.880433142,
        -0.0478441566
      ],
      [
        0.879798055,
        -0.473614156,
        -0.0405588336
      ]
    ],
    "translation": [
      2.1919024,
      0.757143736,
      -0.5486772
    ]
  },
  {
    "timeStamp": 67428,
    "rotation": [
      [
        -0.0580373667,
        -0.0218269415,
        -0.9980757
      ],
      [
        0.468526423,
        0.8822229,
        -0.0465378165
      ],
      [
        0.8815411,
        -0.4703258,
        -0.0409753919
      ]
    ],
    "translation": [
      2.19223714,
      0.7553668,
      -0.5483713
    ]
  },
  {
    "timeStamp": 67484,
    "rotation": [
      [
        -0.06542274,
        -0.0235801376,
        -0.997579
      ],
      [
        0.467464566,
        0.8825094,
        -0.0515172333
      ],
      [
        0.8815876,
        -0.4697032,
        -0.04671331
      ]
    ],
    "translation": [
      2.192999,
      0.7544794,
      -0.5475227
    ]
  },
  {
    "timeStamp": 67528,
    "rotation": [
      [
        -0.06457001,
        -0.0260149613,
        -0.997574031
      ],
      [
        0.465892255,
        0.883241355,
        -0.053189192
      ],
      [
        0.88248235,
        -0.468196422,
        -0.0449107327
      ]
    ],
    "translation": [
      2.19386053,
      0.7541809,
      -0.5469145
    ]
  },
  {
    "timeStamp": 67583,
    "rotation": [
      [
        -0.0635394454,
        -0.0280453321,
        -0.9975852
      ],
      [
        0.4662838,
        0.8829534,
        -0.0545218
      ],
      [
        0.8823503,
        -0.468622118,
        -0.04302529
      ]
    ],
    "translation": [
      2.19497442,
      0.7536506,
      -0.5463031
    ]
  },
  {
    "timeStamp": 67628,
    "rotation": [
      [
        -0.0603342839,
        -0.0291911252,
        -0.9977513
      ],
      [
        0.4658059,
        0.883237243,
        -0.0540082
      ],
      [
        0.88282764,
        -0.468016952,
        -0.03969209
      ]
    ],
    "translation": [
      2.19562459,
      0.753168941,
      -0.545727432
    ]
  },
  {
    "timeStamp": 67684,
    "rotation": [
      [
        -0.06261658,
        -0.032835912,
        -0.9974973
      ],
      [
        0.463587463,
        0.884137332,
        -0.05820538
      ],
      [
        0.8838359,
        -0.466071874,
        -0.0401393324
      ]
    ],
    "translation": [
      2.19650817,
      0.752350867,
      -0.545433462
    ]
  },
  {
    "timeStamp": 67728,
    "rotation": [
      [
        -0.0581052229,
        -0.0295079872,
        -0.99787426
      ],
      [
        0.45947367,
        0.8866103,
        -0.05297251
      ],
      [
        0.886288762,
        -0.461574942,
        -0.0379585437
      ]
    ],
    "translation": [
      2.19644332,
      0.7512838,
      -0.5459719
    ]
  },
  {
    "timeStamp": 67784,
    "rotation": [
      [
        -0.0569893569,
        -0.0249395054,
        -0.9980632
      ],
      [
        0.4561532,
        0.888592243,
        -0.0482503772
      ],
      [
        0.8880746,
        -0.4580195,
        -0.0392640643
      ]
    ],
    "translation": [
      2.19641471,
      0.7507837,
      -0.546413
    ]
  },
  {
    "timeStamp": 67828,
    "rotation": [
      [
        -0.05893257,
        -0.0259020422,
        -0.9979258
      ],
      [
        0.456187785,
        0.8884777,
        -0.0500014126
      ],
      [
        0.88793,
        -0.4581883,
        -0.040544074
      ]
    ],
    "translation": [
      2.19626,
      0.7508108,
      -0.5465808
    ]
  },
  {
    "timeStamp": 67883,
    "rotation": [
      [
        -0.05913376,
        -0.0235922653,
        -0.997971237
      ],
      [
        0.456989646,
        0.888171852,
        -0.0480750352
      ],
      [
        0.88750416,
        -0.458905369,
        -0.0417395234
      ]
    ],
    "translation": [
      2.19633532,
      0.7508655,
      -0.5473196
    ]
  }
]