[
  {
    "timeStamp": 181487,
    "rotation": [
      [
        0.773011565,
        0.585399568,
        0.244459584
      ],
      [
        -0.316521347,
        0.689853,
        -0.6510892
      ],
      [
        -0.549788535,
        0.4259228,
        0.7185558
      ]
    ],
    "translation": [
      1.33071458,
      0.7732958,
      -0.818965554
    ]
  },
  {
    "timeStamp": 181531,
    "rotation": [
      [
        0.7658048,
        0.6045456,
        0.219243
      ],
      [
        -0.340684265,
        0.670554042,
        -0.6590079
      ],
      [
        -0.5454146,
        0.429978818,
        0.719472766
      ]
    ],
    "translation": [
      1.333023,
      0.7742283,
      -0.818455
    ]
  },
  {
    "timeStamp": 181587,
    "rotation": [
      [
        0.75727284,
        0.6148736,
        0.220155224
      ],
      [
        -0.353251129,
        0.66915226,
        -0.6537958
      ],
      [
        -0.5493191,
        0.4173317,
        0.7239356
      ]
    ],
    "translation": [
      1.33452833,
      0.774280667,
      -0.8194793
    ]
  },
  {
    "timeStamp": 181631,
    "rotation": [
      [
        0.747593641,
        0.629263,
        0.212442309
      ],
      [
        -0.3731417,
        0.6625642,
        -0.6494412
      ],
      [
        -0.549426,
        0.40624702,
        0.7301331
      ]
    ],
    "translation": [
      1.33543432,
      0.7776792,
      -0.8187537
    ]
  },
  {
    "timeStamp": 181687,
    "rotation": [
      [
        0.737991631,
        0.640150368,
        0.213485166
      ],
      [
        -0.3822393,
        0.6572733,
        -0.6495267
      ],
      [
        -0.5561129,
        0.397742867,
        0.729752839
      ]
    ],
    "translation": [
      1.3392849,
      0.7861521,
      -0.8158611
    ]
  },
  {
    "timeStamp": 181731,
    "rotation": [
      [
        0.717415333,
        0.6639145,
        0.211027771
      ],
      [
        -0.402923763,
        0.642553866,
        -0.651749134
      ],
      [
        -0.5683024,
        0.3825467,
        0.7284849
      ]
    ],
    "translation": [
      1.34361517,
      0.799916446,
      -0.811438143
    ]
  },
  {
    "timeStamp": 181787,
    "rotation": [
      [
        0.682145655,
        0.701967239,
        0.2047421
      ],
      [
        -0.448114365,
        0.6225811,
        -0.641549945
      ],
      [
        -0.5778156,
        0.345882624,
        0.7392525
      ]
    ],
    "translation": [
      1.35313523,
      0.825421,
      -0.8016857
    ]
  },
  {
    "timeStamp": 181831,
    "rotation": [
      [
        0.6448196,
        0.736435533,
        0.2046224
      ],
      [
        -0.4814912,
        0.599291861,
        -0.6395432
      ],
      [
        -0.5936109,
        0.313866079,
        0.7410224
      ]
    ],
    "translation": [
      1.36730313,
      0.8498838,
      -0.7937198
    ]
  },
  {
    "timeStamp": 181887,
    "rotation": [
      [
        0.601104438,
        0.771348059,
        0.2090349
      ],
      [
        -0.5313447,
        0.581120968,
        -0.616418064
      ],
      [
        -0.596947432,
        0.259462059,
        0.7591661
      ]
    ],
    "translation": [
      1.38994884,
      0.8795557,
      -0.7840075
    ]
  },
  {
    "timeStamp": 181931,
    "rotation": [
      [
        0.5603244,
        0.797380865,
        0.224099085
      ],
      [
        -0.5562309,
        0.562728,
        -0.6115099
      ],
      [
        -0.613713145,
        0.217993051,
        0.758838058
      ]
    ],
    "translation": [
      1.41586232,
      0.9042596,
      -0.777228534
    ]
  },
  {
    "timeStamp": 181987,
    "rotation": [
      [
        0.5156843,
        0.8179446,
        0.255022049
      ],
      [
        -0.582327366,
        0.552942157,
        -0.595944464
      ],
      [
        -0.628462,
        0.15881291,
        0.7614552
      ]
    ],
    "translation": [
      1.4523474,
      0.9330419,
      -0.769140959
    ]
  },
  {
    "timeStamp": 182031,
    "rotation": [
      [
        0.48388797,
        0.82897985,
        0.280436873
      ],
      [
        -0.602155566,
        0.547925532,
        -0.58067745
      ],
      [
        -0.6350284,
        0.1121162,
        0.7643094
      ]
    ],
    "translation": [
      1.48309958,
      0.950666845,
      -0.7663523
    ]
  },
  {
    "timeStamp": 182086,
    "rotation": [
      [
        0.44703573,
        0.837689936,
        0.313743025
      ],
      [
        -0.6195595,
        0.5429462,
        -0.566882133
      ],
      [
        -0.645217061,
        0.059034083,
        0.7617152
      ]
    ],
    "translation": [
      1.52249873,
      0.9706947,
      -0.7644217
    ]
  },
  {
    "timeStamp": 182131,
    "rotation": [
      [
        0.41448772,
        0.8433306,
        0.342042863
      ],
      [
        -0.6350302,
        0.537241042,
        -0.5550754
      ],
      [
        -0.651871562,
        0.012864396,
        0.758220255
      ]
    ],
    "translation": [
      1.55419588,
      0.9833989,
      -0.765475452
    ]
  },
  {
    "timeStamp": 182187,
    "rotation": [
      [
        0.375269443,
        0.847402453,
        0.375608742
      ],
      [
        -0.6554698,
        0.5291267,
        -0.5388732
      ],
      [
        -0.6553871,
        -0.04397754,
        0.75401175
      ]
    ],
    "translation": [
      1.5929147,
      0.995496154,
      -0.7689497
    ]
  },
  {
    "timeStamp": 182231,
    "rotation": [
      [
        0.3364794,
        0.849936068,
        0.4054507
      ],
      [
        -0.6686869,
        0.51880914,
        -0.53263
      ],
      [
        -0.663053,
        -0.0919005945,
        0.7429098
      ]
    ],
    "translation": [
      1.62278914,
      1.00351858,
      -0.7722597
    ]
  },
  {
    "timeStamp": 182287,
    "rotation": [
      [
        0.2850657,
        0.8484578,
        0.44593367
      ],
      [
        -0.6831506,
        0.506184459,
        -0.526386261
      ],
      [
        -0.6723412,
        -0.1545852,
        0.7239203
      ]
    ],
    "translation": [
      1.66119409,
      1.01228774,
      -0.7766511
    ]
  },
  {
    "timeStamp": 182331,
    "rotation": [
      [
        0.2560459,
        0.8444151,
        0.470535368
      ],
      [
        -0.6956224,
        0.4989482,
        -0.5168754
      ],
      [
        -0.6712302,
        -0.194971129,
        0.715147734
      ]
    ],
    "translation": [
      1.68976724,
      1.01797748,
      -0.781600833
    ]
  },
  {
    "timeStamp": 182386,
    "rotation": [
      [
        0.203082591,
        0.843168139,
        0.497820228
      ],
      [
        -0.7075468,
        0.477814436,
        -0.5206447
      ],
      [
        -0.676856756,
        -0.246497229,
        0.6936166
      ]
    ],
    "translation": [
      1.72205687,
      1.02341616,
      -0.7865925
    ]
  },
  {
    "timeStamp": 182431,
    "rotation": [
      [
        0.175281718,
        0.8367191,
        0.5188232
      ],
      [
        -0.715834141,
        0.4701079,
        -0.5163139
      ],
      [
        -0.6759126,
        -0.280890971,
        0.6813534
      ]
    ],
    "translation": [
      1.746527,
      1.02572954,
      -0.7910797
    ]
  },
  {
    "timeStamp": 182486,
    "rotation": [
      [
        0.156788781,
        0.821096063,
        0.5488337
      ],
      [
        -0.72831744,
        0.471458167,
        -0.497273445
      ],
      [
        -0.6670614,
        -0.3217583,
        0.671938
      ]
    ],
    "translation": [
      1.77463841,
      1.02591717,
      -0.7963122
    ]
  },
  {
    "timeStamp": 182531,
    "rotation": [
      [
        0.130856812,
        0.8167379,
        0.5619749
      ],
      [
        -0.7301383,
        0.4628494,
        -0.5026614
      ],
      [
        -0.67065233,
        -0.3445427,
        0.656898558
      ]
    ],
    "translation": [
      1.7971015,
      1.02821136,
      -0.7995805
    ]
  },
  {
    "timeStamp": 182586,
    "rotation": [
      [
        0.114117928,
        0.8054582,
        0.5815619
      ],
      [
        -0.7351076,
        0.462233,
        -0.495941
      ],
      [
        -0.668276846,
        -0.370914817,
        0.6448475
      ]
    ],
    "translation": [
      1.82188034,
      1.02950442,
      -0.8039332
    ]
  },
  {
    "timeStamp": 182631,
    "rotation": [
      [
        0.100201048,
        0.79797,
        0.594309449
      ],
      [
        -0.7382144,
        0.460098743,
        -0.493303835
      ],
      [
        -0.667082667,
        -0.3892982,
        0.6351753
      ]
    ],
    "translation": [
      1.84066939,
      1.02972078,
      -0.8076685
    ]
  },
  {
    "timeStamp": 182686,
    "rotation": [
      [
        0.07136381,
        0.795168459,
        0.6021746
      ],
      [
        -0.7329911,
        0.4512544,
        -0.5090123
      ],
      [
        -0.676484466,
        -0.40506354,
        0.615054667
      ]
    ],
    "translation": [
      1.86125576,
      1.02940857,
      -0.812562168
    ]
  },
  {
    "timeStamp": 182731,
    "rotation": [
      [
        0.0601187274,
        0.7885601,
        0.612012
      ],
      [
        -0.7335027,
        0.4507484,
        -0.508723557
      ],
      [
        -0.6770225,
        -0.418328673,
        0.605509341
      ]
    ],
    "translation": [
      1.87490964,
      1.02863419,
      -0.816088
    ]
  },
  {
    "timeStamp": 182785,
    "rotation": [
      [
        0.0496216938,
        0.791164041,
        0.6095878
      ],
      [
        -0.729096055,
        0.4458321,
        -0.51928097
      ],
      [
        -0.6826102,
        -0.4186804,
        0.5989575
      ]
    ],
    "translation": [
      1.8879447,
      1.02582812,
      -0.8216178
    ]
  },
  {
    "timeStamp": 182830,
    "rotation": [
      [
        0.0328257419,
        0.795260251,
        0.6053788
      ],
      [
        -0.7205148,
        0.438604653,
        -0.5371074
      ],
      [
        -0.6926622,
        -0.418553442,
        0.5873943
      ]
    ],
    "translation": [
      1.89570451,
      1.02033389,
      -0.8255203
    ]
  },
  {
    "timeStamp": 182885,
    "rotation": [
      [
        0.03441878,
        0.7967874,
        0.603278756
      ],
      [
        -0.708165467,
        0.445385128,
        -0.547844648
      ],
      [
        -0.7052071,
        -0.408365041,
        0.5795869
      ]
    ],
    "translation": [
      1.90275407,
      1.01308584,
      -0.83103025
    ]
  },
  {
    "timeStamp": 182930,
    "rotation": [
      [
        0.03586618,
        0.7971718,
        0.602686346
      ],
      [
        -0.714183152,
        0.44229,
        -0.5425145
      ],
      [
        -0.69903934,
        -0.4109705,
        0.5851899
      ]
    ],
    "translation": [
      1.90781665,
      1.01524365,
      -0.83295
    ]
  },
  {
    "timeStamp": 182985,
    "rotation": [
      [
        0.0263106469,
        0.783450842,
        0.6208966
      ],
      [
        -0.7038421,
        0.455578923,
        -0.54502666
      ],
      [
        -0.709868968,
        -0.422673136,
        0.5634123
      ]
    ],
    "translation": [
      1.91860247,
      1.01872766,
      -0.832092047
    ]
  },
  {
    "timeStamp": 183030,
    "rotation": [
      [
        0.0115360478,
        0.7701438,
        0.637765944
      ],
      [
        -0.709250331,
        0.4558991,
        -0.537698746
      ],
      [
        -0.7048623,
        -0.446132779,
        0.551484048
      ]
    ],
    "translation": [
      1.93068361,
      1.02399826,
      -0.8300945
    ]
  },
  {
    "timeStamp": 183085,
    "rotation": [
      [
        0.000779116468,
        0.737786949,
        0.675033152
      ],
      [
        -0.712498248,
        0.474062651,
        -0.5173111
      ],
      [
        -0.7016734,
        -0.4805569,
        0.526041269
      ]
    ],
    "translation": [
      1.95019114,
      1.0297848,
      -0.8260611
    ]
  },
  {
    "timeStamp": 183130,
    "rotation": [
      [
        -0.01268274,
        0.6960745,
        0.71785754
      ],
      [
        -0.708848059,
        0.500089645,
        -0.4974382
      ],
      [
        -0.705247164,
        -0.515160859,
        0.487068564
      ]
    ],
    "translation": [
      1.97174537,
      1.03181553,
      -0.8224266
    ]
  },
  {
    "timeStamp": 183186,
    "rotation": [
      [
        -0.04527639,
        0.6386993,
        0.7681232
      ],
      [
        -0.709300935,
        0.5208927,
        -0.474934727
      ],
      [
        -0.7034502,
        -0.56633383,
        0.4294459
      ]
    ],
    "translation": [
      2.00015354,
      1.03073871,
      -0.818229139
    ]
  },
  {
    "timeStamp": 183230,
    "rotation": [
      [
        -0.04769875,
        0.583009958,
        0.811063647
      ],
      [
        -0.707574666,
        0.553404,
        -0.4394112
      ],
      [
        -0.7050269,
        -0.594847441,
        0.3861264
      ]
    ],
    "translation": [
      2.02367,
      1.02328885,
      -0.8156276
    ]
  },
  {
    "timeStamp": 183278,
    "rotation": [
      [
        -0.07309032,
        0.538584,
        0.8393957
      ],
      [
        -0.6944898,
        0.576564431,
        -0.430415422
      ],
      [
        -0.715780556,
        -0.614410937,
        0.3318998
      ]
    ],
    "translation": [
      2.04530835,
      1.00964057,
      -0.81386745
    ]
  },
  {
    "timeStamp": 183336,
    "rotation": [
      [
        -0.11511147,
        0.4966722,
        0.8602709
      ],
      [
        -0.684549868,
        0.5878927,
        -0.431014776
      ],
      [
        -0.71982,
        -0.6385131,
        0.2723237
      ]
    ],
    "translation": [
      2.06921244,
      0.9909525,
      -0.812688053
    ]
  },
  {
    "timeStamp": 183381,
    "rotation": [
      [
        -0.111531541,
        0.4589479,
        0.881435
      ],
      [
        -0.679771245,
        0.6117615,
        -0.4045478
      ],
      [
        -0.724894345,
        -0.644293964,
        0.243748888
      ]
    ],
    "translation": [
      2.082148,
      0.9801467,
      -0.810925245
    ]
  },
  {
    "timeStamp": 183436,
    "rotation": [
      [
        -0.155839235,
        0.4494931,
        0.8795852
      ],
      [
        -0.6736771,
        0.6028704,
        -0.427441746
      ],
      [
        -0.722408,
        -0.659168541,
        0.208862334
      ]
    ],
    "translation": [
      2.09244275,
      0.971254647,
      -0.806062758
    ]
  },
  {
    "timeStamp": 183481,
    "rotation": [
      [
        -0.159331083,
        0.451833278,
        0.8777586
      ],
      [
        -0.670594931,
        0.602976263,
        -0.4321135
      ],
      [
        -0.724510849,
        -0.65746963,
        0.206924245
      ]
    ],
    "translation": [
      2.094357,
      0.964404464,
      -0.8012304
    ]
  },
  {
    "timeStamp": 183536,
    "rotation": [
      [
        -0.151511356,
        0.440852344,
        0.8846997
      ],
      [
        -0.663356245,
        0.6181949,
        -0.4216557
      ],
      [
        -0.7328048,
        -0.6507567,
        0.198778614
      ]
    ],
    "translation": [
      2.09691644,
      0.955983,
      -0.7967938
    ]
  },
  {
    "timeStamp": 183581,
    "rotation": [
      [
        -0.168992281,
        0.4482737,
        0.877776861
      ],
      [
        -0.652932,
        0.6162187,
        -0.440402448
      ],
      [
        -0.7383234,
        -0.647553265,
        0.188556015
      ]
    ],
    "translation": [
      2.09779239,
      0.9506899,
      -0.794837534
    ]
  },
  {
    "timeStamp": 183636,
    "rotation": [
      [
        -0.168745726,
        0.459410876,
        0.872047365
      ],
      [
        -0.6323295,
        0.6282216,
        -0.4533179
      ],
      [
        -0.7560981,
        -0.627916753,
        0.184489325
      ]
    ],
    "translation": [
      2.098133,
      0.943149865,
      -0.794642
    ]
  },
  {
    "timeStamp": 183681,
    "rotation": [
      [
        -0.174162075,
        0.447689831,
        0.877064049
      ],
      [
        -0.6346284,
        0.6300012,
        -0.4475994
      ],
      [
        -0.752937138,
        -0.6345646,
        0.174394369
      ]
    ],
    "translation": [
      2.101053,
      0.9403597,
      -0.7939356
    ]
  },
  {
    "timeStamp": 183738,
    "rotation": [
      [
        -0.184596717,
        0.466155738,
        0.865229964
      ],
      [
        -0.6235743,
        0.6249137,
        -0.4697212
      ],
      [
        -0.7596572,
        -0.6262442,
        0.175325736
      ]
    ],
    "translation": [
      2.10105133,
      0.9378708,
      -0.7940341
    ]
  },
  {
    "timeStamp": 183783,
    "rotation": [
      [
        -0.19831498,
        0.4724005,
        0.858783364
      ],
      [
        -0.618932962,
        0.619033158,
        -0.483445853
      ],
      [
        -0.759995461,
        -0.6274039,
        0.169620708
      ]
    ],
    "translation": [
      2.100926,
      0.9355944,
      -0.793312252
    ]
  },
  {
    "timeStamp": 183829,
    "rotation": [
      [
        -0.190503314,
        0.464677185,
        0.864744842
      ],
      [
        -0.6148945,
        0.630187631,
        -0.474097371
      ],
      [
        -0.7652537,
        -0.622043967,
        0.165674627
      ]
    ],
    "translation": [
      2.10182381,
      0.9304402,
      -0.7933483
    ]
  },
  {
    "timeStamp": 183886,
    "rotation": [
      [
        -0.1948664,
        0.4689236,
        0.8614741
      ],
      [
        -0.6036899,
        0.6348962,
        -0.482146472
      ],
      [
        -0.77303654,
        -0.6140174,
        0.159364522
      ]
    ],
    "translation": [
      2.101691,
      0.922411561,
      -0.794002235
    ]
  },
  {
    "timeStamp": 183930,
    "rotation": [
      [
        -0.2018727,
        0.475043446,
        0.856493533
      ],
      [
        -0.5940249,
        0.6359048,
        -0.492706329
      ],
      [
        -0.778705239,
        -0.608242452,
        0.153815821
      ]
    ],
    "translation": [
      2.10059619,
      0.9176523,
      -0.7941399
    ]
  },
  {
    "timeStamp": 183985,
    "rotation": [
      [
        -0.198419884,
        0.475451976,
        0.8570735
      ],
      [
        -0.5870782,
        0.6425769,
        -0.492376029
      ],
      [
        -0.784836769,
        -0.6008663,
        0.151627451
      ]
    ],
    "translation": [
      2.09958816,
      0.9123394,
      -0.794123769
    ]
  },
  {
    "timeStamp": 184030,
    "rotation": [
      [
        -0.207655415,
        0.4862372,
        0.848794758
      ],
      [
        -0.5762011,
        0.6403978,
        -0.5078218
      ],
      [
        -0.7904882,
        -0.594528437,
        0.147188321
      ]
    ],
    "translation": [
      2.09783125,
      0.9085728,
      -0.7939555
    ]
  },
  {
    "timeStamp": 184086,
    "rotation": [
      [
        -0.207427248,
        0.4816424,
        0.85146606
      ],
      [
        -0.571428657,
        0.646808565,
        -0.50508213
      ],
      [
        -0.79400456,
        -0.5913199,
        0.141058549
      ]
    ],
    "translation": [
      2.09696174,
      0.90344274,
      -0.7933919
    ]
  },
  {
    "timeStamp": 184130,
    "rotation": [
      [
        -0.1989179,
        0.4844574,
        0.8518995
      ],
      [
        -0.5661488,
        0.652739763,
        -0.5033948
      ],
      [
        -0.799942,
        -0.5824361,
        0.144433364
      ]
    ],
    "translation": [
      2.09580827,
      0.899626851,
      -0.79333806
    ]
  },
  {
    "timeStamp": 184186,
    "rotation": [
      [
        -0.207658961,
        0.48130703,
        0.8515993
      ],
      [
        -0.560689747,
        0.6548084,
        -0.5068066
      ],
      [
        -0.8015639,
        -0.5827259,
        0.133887067
      ]
    ],
    "translation": [
      2.096018,
      0.8961109,
      -0.7923842
    ]
  },
  {
    "timeStamp": 184230,
    "rotation": [
      [
        -0.213398218,
        0.4829239,
        0.8492618
      ],
      [
        -0.552568853,
        0.657221854,
        -0.51256907
      ],
      [
        -0.805685341,
        -0.578657,
        0.126598746
      ]
    ],
    "translation": [
      2.09628367,
      0.893032968,
      -0.792298436
    ]
  },
  {
    "timeStamp": 184285,
    "rotation": [
      [
        -0.215804353,
        0.475399882,
        0.8528912
      ],
      [
        -0.5477258,
        0.6641705,
        -0.508796632
      ],
      [
        -0.808347046,
        -0.576951,
        0.117057875
      ]
    ],
    "translation": [
      2.098178,
      0.8899645,
      -0.7922773
    ]
  },
  {
    "timeStamp": 184330,
    "rotation": [
      [
        -0.220473245,
        0.480722785,
        0.8487032
      ],
      [
        -0.542913139,
        0.662386954,
        -0.5162256
      ],
      [
        -0.810331345,
        -0.574586034,
        0.11495211
      ]
    ],
    "translation": [
      2.0975914,
      0.889167,
      -0.7922141
    ]
  },
  {
    "timeStamp": 184385,
    "rotation": [
      [
        -0.2163704,
        0.475429982,
        0.852731
      ],
      [
        -0.5372805,
        0.6712841,
        -0.510595
      ],
      [
        -0.815176964,
        -0.5686334,
        0.110193238
      ]
    ],
    "translation": [
      2.09763622,
      0.8876821,
      -0.7927305
    ]
  },
  {
    "timeStamp": 184430,
    "rotation": [
      [
        -0.215616226,
        0.4733643,
        0.8540702
      ],
      [
        -0.537178,
        0.6729031,
        -0.5085678
      ],
      [
        -0.8154443,
        -0.5684432,
        0.109192044
      ]
    ],
    "translation": [
      2.097348,
      0.88729465,
      -0.793021142
    ]
  },
  {
    "timeStamp": 184485,
    "rotation": [
      [
        -0.210870519,
        0.4801607,
        0.8514572
      ],
      [
        -0.5339032,
        0.6730682,
        -0.5117877
      ],
      [
        -0.81882906,
        -0.5625166,
        0.114429072
      ]
    ],
    "translation": [
      2.09513259,
      0.8875164,
      -0.793747
    ]
  },
  {
    "timeStamp": 184530,
    "rotation": [
      [
        -0.200917661,
        0.4767109,
        0.8557914
      ],
      [
        -0.5457712,
        0.670990348,
        -0.5019021
      ],
      [
        -0.81349,
        -0.5679073,
        0.125361234
      ]
    ],
    "translation": [
      2.09357619,
      0.889362037,
      -0.7931561
    ]
  },
  {
    "timeStamp": 184585,
    "rotation": [
      [
        -0.211987287,
        0.46782437,
        0.858022034
      ],
      [
        -0.5425051,
        0.673940361,
        -0.5014905
      ],
      [
        -0.8128651,
        -0.571790934,
        0.110930316
      ]
    ],
    "translation": [
      2.09452271,
      0.8898562,
      -0.7930558
    ]
  },
  {
    "timeStamp": 184630,
    "rotation": [
      [
        -0.213699013,
        0.4702391,
        0.856275558
      ],
      [
        -0.5405563,
        0.6731863,
        -0.5045979
      ],
      [
        -0.8137147,
        -0.570697248,
        0.110331453
      ]
    ],
    "translation": [
      2.09356141,
      0.889407933,
      -0.793260634
    ]
  },
  {
    "timeStamp": 184685,
    "rotation": [
      [
        -0.211216792,
        0.463590264,
        0.8605066
      ],
      [
        -0.539617956,
        0.6787417,
        -0.498118669
      ],
      [
        -0.8149846,
        -0.5695558,
        0.10679999
      ]
    ],
    "translation": [
      2.09392357,
      0.888195753,
      -0.7936371
    ]
  },
  {
    "timeStamp": 184730,
    "rotation": [
      [
        -0.212454,
        0.4649488,
        0.8594684
      ],
      [
        -0.5349423,
        0.6807054,
        -0.5004766
      ],
      [
        -0.817740738,
        -0.5660943,
        0.104102194
      ]
    ],
    "translation": [
      2.09417844,
      0.8871718,
      -0.7944323
    ]
  },
  {
    "timeStamp": 184786,
    "rotation": [
      [
        -0.211611748,
        0.465734452,
        0.8592507
      ],
      [
        -0.530725,
        0.683489442,
        -0.501171768
      ],
      [
        -0.8207018,
        -0.5620797,
        0.10254252
      ]
    ],
    "translation": [
      2.094399,
      0.8862612,
      -0.795612037
    ]
  },
  {
    "timeStamp": 184830,
    "rotation": [
      [
        -0.214582458,
        0.465549827,
        0.8586138
      ],
      [
        -0.5323188,
        0.6813089,
        -0.502448857
      ],
      [
        -0.8188963,
        -0.5648729,
        0.10162396
      ]
    ],
    "translation": [
      2.09502387,
      0.886882663,
      -0.79617244
    ]
  },
  {
    "timeStamp": 184885,
    "rotation": [
      [
        -0.2081667,
        0.466854453,
        0.859484434
      ],
      [
        -0.534123838,
        0.6818818,
        -0.499748856
      ],
      [
        -0.819376767,
        -0.5631022,
        0.107413009
      ]
    ],
    "translation": [
      2.09468174,
      0.888987,
      -0.796677
    ]
  },
  {
    "timeStamp": 184930,
    "rotation": [
      [
        -0.207502067,
        0.467450172,
        0.8593214
      ],
      [
        -0.537310064,
        0.679605246,
        -0.499434263
      ],
      [
        -0.81746,
        -0.565355659,
        0.110146187
      ]
    ],
    "translation": [
      2.09445047,
      0.893129647,
      -0.7964029
    ]
  },
  {
    "timeStamp": 184985,
    "rotation": [
      [
        -0.202113152,
        0.467348337,
        0.860660136
      ],
      [
        -0.5494159,
        0.673378944,
        -0.494674623
      ],
      [
        -0.810735762,
        -0.5728406,
        0.120669879
      ]
    ],
    "translation": [
      2.09390569,
      0.907005847,
      -0.7946193
    ]
  },
  {
    "timeStamp": 185030,
    "rotation": [
      [
        -0.218391448,
        0.469671279,
        0.8554029
      ],
      [
        -0.5857056,
        0.6380363,
        -0.499858558
      ],
      [
        -0.7805473,
        -0.610179067,
        0.135747418
      ]
    ],
    "translation": [
      2.093192,
      0.927786231,
      -0.787050843
    ]
  },
  {
    "timeStamp": 185085,
    "rotation": [
      [
        -0.184392869,
        0.4660579,
        0.865326166
      ],
      [
        -0.642501235,
        0.6090969,
        -0.4649658
      ],
      [
        -0.743768454,
        -0.6417095,
        0.187129647
      ]
    ],
    "translation": [
      2.091302,
      0.953540146,
      -0.770931244
    ]
  },
  {
    "timeStamp": 185130,
    "rotation": [
      [
        -0.185120568,
        0.450251669,
        0.8735008
      ],
      [
        -0.6722675,
        0.5903117,
        -0.4467533
      ],
      [
        -0.7167892,
        -0.669929445,
        0.193410724
      ]
    ],
    "translation": [
      2.09388638,
      0.9675797,
      -0.7551537
    ]
  },
  {
    "timeStamp": 185185,
    "rotation": [
      [
        -0.178162888,
        0.44759056,
        0.8763108
      ],
      [
        -0.682927847,
        0.584908247,
        -0.43759793
      ],
      [
        -0.7084261,
        -0.676420748,
        0.201463118
      ]
    ],
    "translation": [
      2.09643745,
      0.9730575,
      -0.737727046
    ]
  },
  {
    "timeStamp": 185229,
    "rotation": [
      [
        -0.179413468,
        0.443312734,
        0.8782282
      ],
      [
        -0.6841054,
        0.585313,
        -0.435210854
      ],
      [
        -0.7069729,
        -0.6788833,
        0.198259592
      ]
    ],
    "translation": [
      2.09847641,
      0.9725076,
      -0.726798356
    ]
  },
  {
    "timeStamp": 185285,
    "rotation": [
      [
        -0.1746415,
        0.443056,
        0.8793189
      ],
      [
        -0.686763167,
        0.5851461,
        -0.4312313
      ],
      [
        -0.705589652,
        -0.6791947,
        0.202083722
      ]
    ],
    "translation": [
      2.099083,
      0.9741231,
      -0.719755232
    ]
  },
  {
    "timeStamp": 185329,
    "rotation": [
      [
        -0.176704749,
        0.456524283,
        0.8719868
      ],
      [
        -0.685204864,
        0.578938961,
        -0.4419547
      ],
      [
        -0.7065902,
        -0.6755851,
        0.2105114
      ]
    ],
    "translation": [
      2.09687042,
      0.9752411,
      -0.7176367
    ]
  },
  {
    "timeStamp": 185385,
    "rotation": [
      [
        -0.173665524,
        0.4545978,
        0.8736024
      ],
      [
        -0.685571849,
        0.5810252,
        -0.4386354
      ],
      [
        -0.7069877,
        -0.675093055,
        0.210755408
      ]
    ],
    "translation": [
      2.09566736,
      0.9743942,
      -0.7181941
    ]
  },
  {
    "timeStamp": 185429,
    "rotation": [
      [
        -0.167110637,
        0.4624554,
        0.870752037
      ],
      [
        -0.679124534,
        0.586255968,
        -0.44169426
      ],
      [
        -0.7147474,
        -0.665160835,
        0.2160952
      ]
    ],
    "translation": [
      2.0931704,
      0.9723418,
      -0.7218214
    ]
  },
  {
    "timeStamp": 185485,
    "rotation": [
      [
        -0.158758059,
        0.471449,
        0.86748594
      ],
      [
        -0.659791231,
        0.602971733,
        -0.448442519
      ],
      [
        -0.734487236,
        -0.643553436,
        0.215331286
      ]
    ],
    "translation": [
      2.090453,
      0.9672301,
      -0.731886148
    ]
  },
  {
    "timeStamp": 185529,
    "rotation": [
      [
        -0.1542361,
        0.477150232,
        0.8651814
      ],
      [
        -0.6322774,
        0.625216663,
        -0.4575252
      ],
      [
        -0.7592341,
        -0.6176016,
        0.205260366
      ]
    ],
    "translation": [
      2.089598,
      0.9599034,
      -0.7457901
    ]
  },
  {
    "timeStamp": 185585,
    "rotation": [
      [
        -0.174033,
        0.477370441,
        0.8612955
      ],
      [
        -0.600938857,
        0.6414145,
        -0.476927519
      ],
      [
        -0.7801186,
        -0.60058707,
        0.175243139
      ]
    ],
    "translation": [
      2.091164,
      0.9487037,
      -0.7660574
    ]
  },
  {
    "timeStamp": 185629,
    "rotation": [
      [
        -0.169651479,
        0.4769338,
        0.8624109
      ],
      [
        -0.579464,
        0.6595638,
        -0.4787453
      ],
      [
        -0.79714483,
        -0.580956,
        0.164470017
      ]
    ],
    "translation": [
      2.091398,
      0.938107252,
      -0.780735552
    ]
  },
  {
    "timeStamp": 185685,
    "rotation": [
      [
        -0.175455064,
        0.464990765,
        0.8677552
      ],
      [
        -0.5528736,
        0.6827716,
        -0.4776543
      ],
      [
        -0.8145835,
        -0.56356585,
        0.1372854
      ]
    ],
    "translation": [
      2.09402037,
      0.921858966,
      -0.795000553
    ]
  },
  {
    "timeStamp": 185730,
    "rotation": [
      [
        -0.170867145,
        0.4562071,
        0.8733152
      ],
      [
        -0.53615737,
        0.7005804,
        -0.470874
      ],
      [
        -0.8266436,
        -0.5486913,
        0.124892622
      ]
    ],
    "translation": [
      2.09599185,
      0.9097594,
      -0.80082196
    ]
  },
  {
    "timeStamp": 185785,
    "rotation": [
      [
        -0.166440621,
        0.4512397,
        0.876744032
      ],
      [
        -0.5170596,
        0.717157543,
        -0.4672626
      ],
      [
        -0.839611053,
        -0.531100452,
        0.1139537
      ]
    ],
    "translation": [
      2.097565,
      0.8954627,
      -0.8025621
    ]
  },
  {
    "timeStamp": 185830,
    "rotation": [
      [
        -0.17266883,
        0.462932527,
        0.869413
      ],
      [
        -0.5060287,
        0.715589166,
        -0.4815259
      ],
      [
        -0.8450565,
        -0.523092449,
        0.1106972
      ]
    ],
    "translation": [
      2.095982,
      0.8885142,
      -0.8007885
    ]
  },
  {
    "timeStamp": 185885,
    "rotation": [
      [
        -0.160843357,
        0.475135952,
        0.865086854
      ],
      [
        -0.501427233,
        0.715618849,
        -0.486271948
      ],
      [
        -0.850117743,
        -0.511991739,
        0.123143576
      ]
    ],
    "translation": [
      2.09262,
      0.8826675,
      -0.797401965
    ]
  },
  {
    "timeStamp": 185929,
    "rotation": [
      [
        -0.155033439,
        0.469945848,
        0.868973851
      ],
      [
        -0.497882962,
        0.7225659,
        -0.4795948
      ],
      [
        -0.8532744,
        -0.507000446,
        0.12195614
      ]
    ],
    "translation": [
      2.09230614,
      0.877805948,
      -0.7958317
    ]
  },
  {
    "timeStamp": 185985,
    "rotation": [
      [
        -0.165897548,
        0.4692156,
        0.86736083
      ],
      [
        -0.496784538,
        0.720024943,
        -0.4845299
      ],
      [
        -0.8518704,
        -0.5112738,
        0.11364869
      ]
    ],
    "translation": [
      2.09393215,
      0.874184847,
      -0.794173241
    ]
  },
  {
    "timeStamp": 186029,
    "rotation": [
      [
        -0.16167219,
        0.466968238,
        0.869369268
      ],
      [
        -0.4835463,
        0.7304697,
        -0.482283145
      ],
      [
        -0.860258758,
        -0.498352021,
        0.107704118
      ]
    ],
    "translation": [
      2.09423375,
      0.871194661,
      -0.7951296
    ]
  }
]