[
  {
    "timeStamp": 129978,
    "rotation": [
      [
        0.9990236,
        -0.04367951,
        0.00662027346
      ],
      [
        -0.00580161856,
        0.018842537,
        0.9998056
      ],
      [
        -0.0437957644,
        -0.998867869,
        0.0185707267
      ]
    ],
    "translation": [
      1.48061013,
      0.702264249,
      -0.49203518
    ]
  },
  {
    "timeStamp": 130033,
    "rotation": [
      [
        0.997912347,
        -0.06331921,
        0.0127118453
      ],
      [
        -0.0112142684,
        0.0239507426,
        0.99965024
      ],
      [
        -0.06360152,
        -0.9977059,
        0.0231906641
      ]
    ],
    "translation": [
      1.48285031,
      0.703052461,
      -0.4898566
    ]
  },
  {
    "timeStamp": 130077,
    "rotation": [
      [
        0.9974749,
        -0.06651452,
        0.0248936582
      ],
      [
        -0.0233559739,
        0.0237965789,
        0.999443948
      ],
      [
        -0.0670699254,
        -0.9975017,
        0.0221829787
      ]
    ],
    "translation": [
      1.48201716,
      0.7050931,
      -0.489455432
    ]
  },
  {
    "timeStamp": 130133,
    "rotation": [
      [
        0.998172343,
        -0.0566611439,
        0.0210110638
      ],
      [
        -0.0200272761,
        0.0178750269,
        0.99963963
      ],
      [
        -0.0570163,
        -0.998233438,
        0.016707588
      ]
    ],
    "translation": [
      1.48111641,
      0.7059407,
      -0.490987182
    ]
  },
  {
    "timeStamp": 130177,
    "rotation": [
      [
        0.9982853,
        -0.0551421531,
        0.0196409114
      ],
      [
        -0.01831654,
        0.02442094,
        0.999533951
      ],
      [
        -0.0555961058,
        -0.998179853,
        0.0233690515
      ]
    ],
    "translation": [
      1.48087478,
      0.705477834,
      -0.491507828
    ]
  },
  {
    "timeStamp": 130233,
    "rotation": [
      [
        0.998031557,
        -0.0574744679,
        0.02509283
      ],
      [
        -0.0235638134,
        0.0271285046,
        0.9993542
      ],
      [
        -0.0581180863,
        -0.9979783,
        0.0257207863
      ]
    ],
    "translation": [
      1.48221779,
      0.704593241,
      -0.491235584
    ]
  },
  {
    "timeStamp": 130277,
    "rotation": [
      [
        0.998269856,
        -0.0514596067,
        0.0284458939
      ],
      [
        -0.0269935019,
        0.0287022255,
        0.9992235
      ],
      [
        -0.0522361025,
        -0.9982625,
        0.0272634923
      ]
    ],
    "translation": [
      1.481757,
      0.704458058,
      -0.491293669
    ]
  },
  {
    "timeStamp": 130333,
    "rotation": [
      [
        0.998617232,
        -0.04562953,
        0.0261050761
      ],
      [
        -0.0250324979,
        0.0239217933,
        0.9994004
      ],
      [
        -0.0462266542,
        -0.998671949,
        0.022746494
      ]
    ],
    "translation": [
      1.48193157,
      0.7065836,
      -0.49057883
    ]
  },
  {
    "timeStamp": 130377,
    "rotation": [
      [
        0.9990297,
        -0.03760931,
        0.0229178537
      ],
      [
        -0.0220562741,
        0.0231658742,
        0.9994883
      ],
      [
        -0.03812098,
        -0.999024,
        0.0223138742
      ]
    ],
    "translation": [
      1.481919,
      0.7095021,
      -0.4906655
    ]
  },
  {
    "timeStamp": 130432,
    "rotation": [
      [
        0.999328434,
        -0.03314217,
        0.0156246778
      ],
      [
        -0.0153009128,
        0.0100002382,
        0.9998329
      ],
      [
        -0.0332928821,
        -0.999400556,
        0.009486417
      ]
    ],
    "translation": [
      1.484043,
      0.71751523,
      -0.489879251
    ]
  },
  {
    "timeStamp": 130477,
    "rotation": [
      [
        0.999167442,
        -0.03533777,
        0.0203880575
      ],
      [
        -0.0203334019,
        0.001905386,
        0.999791443
      ],
      [
        -0.0353692435,
        -0.9993736,
        0.00118526258
      ]
    ],
    "translation": [
      1.48673737,
      0.7263674,
      -0.4902792
    ]
  },
  {
    "timeStamp": 130533,
    "rotation": [
      [
        0.999522567,
        -0.0287682842,
        0.0112715149
      ],
      [
        -0.0121515868,
        -0.03060252,
        0.9994578
      ],
      [
        -0.0284077544,
        -0.999117553,
        -0.03093749
      ]
    ],
    "translation": [
      1.49316037,
      0.7450804,
      -0.491168737
    ]
  },
  {
    "timeStamp": 130577,
    "rotation": [
      [
        0.9984639,
        -0.0456228927,
        0.0314359367
      ],
      [
        -0.032989,
        -0.0336972661,
        0.9988875
      ],
      [
        -0.04451282,
        -0.9983902,
        -0.0351505578
      ]
    ],
    "translation": [
      1.50000906,
      0.762753546,
      -0.495125771
    ]
  },
  {
    "timeStamp": 130632,
    "rotation": [
      [
        0.997913361,
        -0.0510636158,
        0.0395144
      ],
      [
        -0.0428729951,
        -0.06644391,
        0.99686867
      ],
      [
        -0.04827824,
        -0.9964827,
        -0.06849452
      ]
    ],
    "translation": [
      1.5120337,
      0.7904496,
      -0.5012611
    ]
  },
  {
    "timeStamp": 130677,
    "rotation": [
      [
        0.996349752,
        -0.06398172,
        0.05651197
      ],
      [
        -0.0614531338,
        -0.07809367,
        0.9950502
      ],
      [
        -0.0592517927,
        -0.9948908,
        -0.0817404762
      ]
    ],
    "translation": [
      1.52442563,
      0.814129,
      -0.508372247
    ]
  },
  {
    "timeStamp": 130732,
    "rotation": [
      [
        0.994593441,
        -0.08345863,
        0.0617932
      ],
      [
        -0.06988865,
        -0.09784398,
        0.992744744
      ],
      [
        -0.07680703,
        -0.99169606,
        -0.103147805
      ]
    ],
    "translation": [
      1.5456512,
      0.842237532,
      -0.518430769
    ]
  },
  {
    "timeStamp": 130777,
    "rotation": [
      [
        0.992342055,
        -0.09935828,
        0.0733841658
      ],
      [
        -0.0841491148,
        -0.108885832,
        0.990486145
      ],
      [
        -0.09042251,
        -0.9890763,
        -0.1164129
      ]
    ],
    "translation": [
      1.56483138,
      0.865051746,
      -0.5277062
    ]
  },
  {
    "timeStamp": 130832,
    "rotation": [
      [
        0.989961743,
        -0.12099313,
        0.0730505362
      ],
      [
        -0.08848819,
        -0.127570719,
        0.987874269
      ],
      [
        -0.110206895,
        -0.9844218,
        -0.1369966
      ]
    ],
    "translation": [
      1.5927366,
      0.8906071,
      -0.538769245
    ]
  },
  {
    "timeStamp": 130877,
    "rotation": [
      [
        0.986821532,
        -0.145632565,
        0.07052906
      ],
      [
        -0.09016946,
        -0.132995933,
        0.987006366
      ],
      [
        -0.1343602,
        -0.9803587,
        -0.144374862
      ]
    ],
    "translation": [
      1.61869967,
      0.9082608,
      -0.548228562
    ]
  },
  {
    "timeStamp": 130933,
    "rotation": [
      [
        0.983916044,
        -0.169028729,
        0.05777951
      ],
      [
        -0.08208503,
        -0.140542328,
        0.9866661
      ],
      [
        -0.158654466,
        -0.975539446,
        -0.152156577
      ]
    ],
    "translation": [
      1.6513958,
      0.926484,
      -0.560052931
    ]
  },
  {
    "timeStamp": 130977,
    "rotation": [
      [
        0.980891049,
        -0.189256027,
        0.0451109223
      ],
      [
        -0.07438553,
        -0.150556922,
        0.9857989
      ],
      [
        -0.179776639,
        -0.9703169,
        -0.161757842
      ]
    ],
    "translation": [
      1.67939734,
      0.941007257,
      -0.569268942
    ]
  },
  {
    "timeStamp": 131032,
    "rotation": [
      [
        0.976819158,
        -0.212238088,
        0.0279172659
      ],
      [
        -0.06302997,
        -0.1605268,
        0.985016942
      ],
      [
        -0.204576641,
        -0.963943064,
        -0.170183
      ]
    ],
    "translation": [
      1.71469653,
      0.955755949,
      -0.5800716
    ]
  },
  {
    "timeStamp": 131077,
    "rotation": [
      [
        0.970106542,
        -0.242115557,
        0.0165302753
      ],
      [
        -0.0584298633,
        -0.1669181,
        0.9842379
      ],
      [
        -0.2355401,
        -0.9557815,
        -0.176075131
      ]
    ],
    "translation": [
      1.74430835,
      0.965121746,
      -0.587474167
    ]
  },
  {
    "timeStamp": 131133,
    "rotation": [
      [
        0.960704267,
        -0.2775226,
        -0.005341782
      ],
      [
        -0.04443492,
        -0.172760442,
        0.983961046
      ],
      [
        -0.273994267,
        -0.9450582,
        -0.178303376
      ]
    ],
    "translation": [
      1.783133,
      0.974676132,
      -0.5972408
    ]
  },
  {
    "timeStamp": 131177,
    "rotation": [
      [
        0.9535035,
        -0.3005615,
        -0.0222232044
      ],
      [
        -0.0350330658,
        -0.183772668,
        0.98234427
      ],
      [
        -0.299338877,
        -0.935890138,
        -0.185757473
      ]
    ],
    "translation": [
      1.813604,
      0.9831124,
      -0.6043024
    ]
  },
  {
    "timeStamp": 131232,
    "rotation": [
      [
        0.9424035,
        -0.332701921,
        -0.0344263762
      ],
      [
        -0.0315971747,
        -0.191018552,
        0.981077731
      ],
      [
        -0.33298254,
        -0.9234833,
        -0.190528974
      ]
    ],
    "translation": [
      1.84802461,
      0.9900242,
      -0.613389254
    ]
  },
  {
    "timeStamp": 131277,
    "rotation": [
      [
        0.9343367,
        -0.353780031,
        -0.04306537
      ],
      [
        -0.0274475887,
        -0.191909254,
        0.9810288
      ],
      [
        -0.35533303,
        -0.9154292,
        -0.189018264
      ]
    ],
    "translation": [
      1.87595475,
      0.994294167,
      -0.6211877
    ]
  },
  {
    "timeStamp": 131332,
    "rotation": [
      [
        0.9200467,
        -0.388196468,
        -0.0530811362
      ],
      [
        -0.025140496,
        -0.1936887,
        0.980740845
      ],
      [
        -0.391001374,
        -0.9009929,
        -0.1879621
      ]
    ],
    "translation": [
      1.91003275,
      0.9970929,
      -0.6302473
    ]
  },
  {
    "timeStamp": 131377,
    "rotation": [
      [
        0.909634531,
        -0.4117678,
        -0.0548845641
      ],
      [
        -0.026739236,
        -0.189886019,
        0.981442
      ],
      [
        -0.414548,
        -0.891285956,
        -0.183737233
      ]
    ],
    "translation": [
      1.93651366,
      0.9984288,
      -0.6381527
    ]
  },
  {
    "timeStamp": 131432,
    "rotation": [
      [
        0.8947265,
        -0.44260627,
        -0.0597006865
      ],
      [
        -0.0287913214,
        -0.190557361,
        0.981253743
      ],
      [
        -0.445685476,
        -0.8762349,
        -0.183239937
      ]
    ],
    "translation": [
      1.96794951,
      1.00011015,
      -0.646034658
    ]
  },
  {
    "timeStamp": 131477,
    "rotation": [
      [
        0.8817516,
        -0.466903985,
        -0.0671922341
      ],
      [
        -0.02434802,
        -0.187301308,
        0.9820007
      ],
      [
        -0.47108525,
        -0.8642447,
        -0.1765214
      ]
    ],
    "translation": [
      1.993339,
      0.998690546,
      -0.6527018
    ]
  },
  {
    "timeStamp": 131532,
    "rotation": [
      [
        0.8584309,
        -0.509878457,
        -0.0558595657
      ],
      [
        -0.03538954,
        -0.16751872,
        0.9852335
      ],
      [
        -0.5117069,
        -0.843778,
        -0.161847621
      ]
    ],
    "translation": [
      2.02287722,
      0.9921267,
      -0.660920143
    ]
  },
  {
    "timeStamp": 131577,
    "rotation": [
      [
        0.8331898,
        -0.551416039,
        -0.04165548
      ],
      [
        -0.04298861,
        -0.139687374,
        0.989262044
      ],
      [
        -0.5513137,
        -0.8224523,
        -0.140090689
      ]
    ],
    "translation": [
      2.04441667,
      0.9839851,
      -0.667870045
    ]
  },
  {
    "timeStamp": 131628,
    "rotation": [
      [
        0.805750668,
        -0.589666843,
        -0.0553064756
      ],
      [
        -0.0295284837,
        -0.133264124,
        0.9906406
      ],
      [
        -0.5915183,
        -0.796576142,
        -0.124789625
      ]
    ],
    "translation": [
      2.06719851,
      0.9771563,
      -0.6718151
    ]
  },
  {
    "timeStamp": 131682,
    "rotation": [
      [
        0.762503743,
        -0.6458211,
        -0.0387723148
      ],
      [
        -0.0420754962,
        -0.109299943,
        0.9931179
      ],
      [
        -0.6456143,
        -0.7556248,
        -0.110514849
      ]
    ],
    "translation": [
      2.09123731,
      0.9665929,
      -0.674415648
    ]
  },
  {
    "timeStamp": 131727,
    "rotation": [
      [
        0.737949133,
        -0.6731249,
        -0.04831173
      ],
      [
        -0.03675184,
        -0.111566611,
        0.993077159
      ],
      [
        -0.673854947,
        -0.731064856,
        -0.107069053
      ]
    ],
    "translation": [
      2.10332227,
      0.9612114,
      -0.6736796
    ]
  },
  {
    "timeStamp": 131782,
    "rotation": [
      [
        0.707416356,
        -0.7051041,
        -0.0488915555
      ],
      [
        -0.0357802063,
        -0.104810476,
        0.9938483
      ],
      [
        -0.7058909,
        -0.701315165,
        -0.09937341
      ]
    ],
    "translation": [
      2.11322784,
      0.952510357,
      -0.670173049
    ]
  },
  {
    "timeStamp": 131827,
    "rotation": [
      [
        0.672445953,
        -0.738633037,
        -0.04730407
      ],
      [
        -0.0366465822,
        -0.0970599055,
        0.994603634
      ],
      [
        -0.739238441,
        -0.6670837,
        -0.09233592
      ]
    ],
    "translation": [
      2.12092733,
      0.94410634,
      -0.6685194
    ]
  },
  {
    "timeStamp": 131882,
    "rotation": [
      [
        0.6371539,
        -0.7702271,
        -0.0280207917
      ],
      [
        -0.05533002,
        -0.0819721445,
        0.9950976
      ],
      [
        -0.768748,
        -0.6324799,
        -0.09484555
      ]
    ],
    "translation": [
      2.125535,
      0.9334064,
      -0.664148569
    ]
  },
  {
    "timeStamp": 131927,
    "rotation": [
      [
        0.59607023,
        -0.8021351,
        -0.03577063
      ],
      [
        -0.0490282923,
        -0.0808277,
        0.995521545
      ],
      [
        -0.80143404,
        -0.591646969,
        -0.0875063
      ]
    ],
    "translation": [
      2.13136721,
      0.9243465,
      -0.6640673
    ]
  },
  {
    "timeStamp": 131983,
    "rotation": [
      [
        0.54930234,
        -0.8354644,
        -0.0163172372
      ],
      [
        -0.0597332381,
        -0.05873558,
        0.9964849
      ],
      [
        -0.833486,
        -0.5463968,
        -0.08216859
      ]
    ],
    "translation": [
      2.134646,
      0.912831545,
      -0.6633362
    ]
  },
  {
    "timeStamp": 132027,
    "rotation": [
      [
        0.4926502,
        -0.870036244,
        -0.0182438586
      ],
      [
        -0.0445581228,
        -0.0461565219,
        0.997939944
      ],
      [
        -0.869085968,
        -0.4908224,
        -0.0615061931
      ]
    ],
    "translation": [
      2.13995957,
      0.903118253,
      -0.667656243
    ]
  },
  {
    "timeStamp": 132083,
    "rotation": [
      [
        0.42045638,
        -0.90721035,
        0.0136278337
      ],
      [
        -0.066916,
        -0.0160268527,
        0.9976299
      ],
      [
        -0.9048417,
        -0.420371771,
        -0.06744548
      ]
    ],
    "translation": [
      2.1425004,
      0.8925052,
      -0.66900456
    ]
  },
  {
    "timeStamp": 132129,
    "rotation": [
      [
        0.365530878,
        -0.930696547,
        0.0138234878
      ],
      [
        -0.0614237562,
        -0.009300015,
        0.998068452
      ],
      [
        -0.9287703,
        -0.365673929,
        -0.06056632
      ]
    ],
    "translation": [
      2.14507771,
      0.8851206,
      -0.6721636
    ]
  },
  {
    "timeStamp": 132185,
    "rotation": [
      [
        0.2902696,
        -0.956709564,
        0.0212221313
      ],
      [
        -0.0590098053,
        0.00423974544,
        0.9982484
      ],
      [
        -0.9551238,
        -0.2910135,
        -0.0552245751
      ]
    ],
    "translation": [
      2.147397,
      0.876783967,
      -0.676211655
    ]
  },
  {
    "timeStamp": 132231,
    "rotation": [
      [
        0.250869066,
        -0.967849553,
        0.0182156153
      ],
      [
        -0.0601664,
        0.00319123222,
        0.99818325
      ],
      [
        -0.9661494,
        -0.251509279,
        -0.05743145
      ]
    ],
    "translation": [
      2.148066,
      0.8732411,
      -0.674738348
    ]
  },
  {
    "timeStamp": 132287,
    "rotation": [
      [
        0.189223185,
        -0.9819337,
        -0.0008715251
      ],
      [
        -0.0575187765,
        -0.0119701615,
        0.998272657
      ],
      [
        -0.980248034,
        -0.1888462,
        -0.0587446578
      ]
    ],
    "translation": [
      2.15261865,
      0.871312857,
      -0.6739801
    ]
  },
  {
    "timeStamp": 132332,
    "rotation": [
      [
        0.145274892,
        -0.989313066,
        -0.0124469521
      ],
      [
        -0.054169286,
        -0.02051473,
        0.998321
      ],
      [
        -0.98790735,
        -0.144356728,
        -0.0565706566
      ]
    ],
    "translation": [
      2.15642715,
      0.868948,
      -0.6724088
    ]
  },
  {
    "timeStamp": 132377,
    "rotation": [
      [
        0.08568942,
        -0.996185064,
        -0.0165092777
      ],
      [
        -0.0469940826,
        -0.0205929875,
        0.998682857
      ],
      [
        -0.995213,
        -0.0848007,
        -0.048579406
      ]
    ],
    "translation": [
      2.160165,
      0.864692569,
      -0.6754428
    ]
  },
  {
    "timeStamp": 132432,
    "rotation": [
      [
        0.02858573,
        -0.9990383,
        -0.0332473479
      ],
      [
        -0.0387839079,
        -0.0343443975,
        0.9986572
      ],
      [
        -0.998838663,
        -0.0272578765,
        -0.03972837
      ]
    ],
    "translation": [
      2.16534233,
      0.8606913,
      -0.678418
    ]
  },
  {
    "timeStamp": 132488,
    "rotation": [
      [
        -0.0394813,
        -0.998495042,
        -0.0380649529
      ],
      [
        -0.0304969586,
        -0.0368727855,
        0.9988545
      ],
      [
        -0.998754859,
        0.0405969322,
        -0.0289952736
      ]
    ],
    "translation": [
      2.16682458,
      0.8548024,
      -0.684940934
    ]
  },
  {
    "timeStamp": 132532,
    "rotation": [
      [
        -0.07889799,
        -0.9959981,
        -0.04198727
      ],
      [
        -0.0204349421,
        -0.0404938348,
        0.9989708
      ],
      [
        -0.9966732,
        0.0796747953,
        -0.0171582811
      ]
    ],
    "translation": [
      2.16669726,
      0.850317,
      -0.6892376
    ]
  },
  {
    "timeStamp": 132587,
    "rotation": [
      [
        -0.117904209,
        -0.99247247,
        -0.0331199244
      ],
      [
        -0.0158541985,
        -0.03146695,
        0.999379039
      ],
      [
        -0.9928984,
        0.118356086,
        -0.01202477
      ]
    ],
    "translation": [
      2.16259,
      0.843866348,
      -0.692020535
    ]
  },
  {
    "timeStamp": 132632,
    "rotation": [
      [
        -0.137016788,
        -0.990443945,
        -0.0157235824
      ],
      [
        -0.0181013178,
        -0.0133671528,
        0.9997468
      ],
      [
        -0.990403354,
        0.13726671,
        -0.0160968155
      ]
    ],
    "translation": [
      2.15681386,
      0.8384242,
      -0.691145241
    ]
  },
  {
    "timeStamp": 132687,
    "rotation": [
      [
        -0.146315455,
        -0.9890269,
        -0.0204336084
      ],
      [
        -0.028585447,
        -0.01642019,
        0.999456465
      ],
      [
        -0.988824844,
        0.146820053,
        -0.02586925
      ]
    ],
    "translation": [
      2.15201139,
      0.835064769,
      -0.686750054
    ]
  },
  {
    "timeStamp": 132732,
    "rotation": [
      [
        -0.1523002,
        -0.9873222,
        -0.04471644
      ],
      [
        -0.0304294936,
        -0.04053848,
        0.9987145
      ],
      [
        -0.987865746,
        0.153465122,
        -0.0238696951
      ]
    ],
    "translation": [
      2.15225244,
      0.835444331,
      -0.685127735
    ]
  },
  {
    "timeStamp": 132787,
    "rotation": [
      [
        -0.167040959,
        -0.9853179,
        -0.03529865
      ],
      [
        -0.0382940136,
        -0.029290989,
        0.9988371
      ],
      [
        -0.985206,
        0.168198451,
        -0.0328389779
      ]
    ],
    "translation": [
      2.14973259,
      0.830857158,
      -0.683216333
    ]
  },
  {
    "timeStamp": 132831,
    "rotation": [
      [
        -0.177139372,
        -0.9837642,
        -0.02880503
      ],
      [
        -0.0488784947,
        -0.0204381,
        0.9985956
      ],
      [
        -0.982971251,
        0.178298548,
        -0.04446452
      ]
    ],
    "translation": [
      2.1481595,
      0.8267215,
      -0.6807865
    ]
  },
  {
    "timeStamp": 132887,
    "rotation": [
      [
        -0.1825905,
        -0.982156038,
        -0.045057755
      ],
      [
        -0.0514978133,
        -0.03621152,
        0.998016357
      ],
      [
        -0.9818394,
        0.184548721,
        -0.04396701
      ]
    ],
    "translation": [
      2.15025449,
      0.8254976,
      -0.6801412
    ]
  },
  {
    "timeStamp": 132931,
    "rotation": [
      [
        -0.186306179,
        -0.982009947,
        -0.0307646561
      ],
      [
        -0.0594489351,
        -0.0199879687,
        0.9980312
      ],
      [
        -0.9806915,
        0.187768325,
        -0.0546555631
      ]
    ],
    "translation": [
      2.14892936,
      0.8211539,
      -0.678434849
    ]
  },
  {
    "timeStamp": 132987,
    "rotation": [
      [
        -0.199537128,
        -0.979741,
        -0.0171051938
      ],
      [
        -0.0594766252,
        -0.005314543,
        0.998215556
      ],
      [
        -0.978083551,
        0.200198427,
        -0.0572112352
      ]
    ],
    "translation": [
      2.146197,
      0.814734936,
      -0.6792377
    ]
  },
  {
    "timeStamp": 133032,
    "rotation": [
      [
        -0.201747969,
        -0.979145169,
        -0.0239295363
      ],
      [
        -0.06505303,
        -0.0109821195,
        0.9978214
      ],
      [
        -0.9772748,
        0.202865109,
        -0.0614807345
      ]
    ],
    "translation": [
      2.14747977,
      0.813147068,
      -0.67872566
    ]
  },
  {
    "timeStamp": 133087,
    "rotation": [
      [
        -0.207113117,
        -0.977929533,
        -0.0275313966
      ],
      [
        -0.0650609061,
        -0.0143111255,
        0.997778654
      ],
      [
        -0.976151168,
        0.208444282,
        -0.060660962
      ]
    ],
    "translation": [
      2.1490376,
      0.811996341,
      -0.6791715
    ]
  },
  {
    "timeStamp": 133131,
    "rotation": [
      [
        -0.215070277,
        -0.976421,
        -0.0186242685
      ],
      [
        -0.06454206,
        -0.00481773727,
        0.997903347
      ],
      [
        -0.974463463,
        0.215821415,
        -0.06198407
      ]
    ],
    "translation": [
      2.14825249,
      0.8094464,
      -0.679405
    ]
  },
  {
    "timeStamp": 133187,
    "rotation": [
      [
        -0.213710144,
        -0.976725757,
        -0.01829483
      ],
      [
        -0.06652368,
        -0.004133568,
        0.99777627
      ],
      [
        -0.9746294,
        0.214451969,
        -0.064092
      ]
    ],
    "translation": [
      2.14874744,
      0.8082558,
      -0.677922547
    ]
  },
  {
    "timeStamp": 133232,
    "rotation": [
      [
        -0.215180844,
        -0.976289332,
        -0.0235861652
      ],
      [
        -0.06500211,
        -0.009779829,
        0.9978372
      ],
      [
        -0.974408448,
        0.216248617,
        -0.0613564327
      ]
    ],
    "translation": [
      2.14988327,
      0.808122635,
      -0.6777907
    ]
  },
  {
    "timeStamp": 133287,
    "rotation": [
      [
        -0.2187988,
        -0.975645661,
        -0.0155756278
      ],
      [
        -0.06353251,
        -0.00168432249,
        0.9979783
      ],
      [
        -0.97369945,
        0.219346032,
        -0.06161669
      ]
    ],
    "translation": [
      2.14912844,
      0.8056797,
      -0.677840948
    ]
  },
  {
    "timeStamp": 133331,
    "rotation": [
      [
        -0.224782959,
        -0.97427994,
        -0.01585056
      ],
      [
        -0.0583291538,
        -0.0027837106,
        0.9982935
      ],
      [
        -0.9726615,
        0.22532393,
        -0.05620319
      ]
    ],
    "translation": [
      2.14943886,
      0.8041513,
      -0.679362535
    ]
  },
  {
    "timeStamp": 133387,
    "rotation": [
      [
        -0.221922368,
        -0.9748305,
        -0.0213552639
      ],
      [
        -0.05868197,
        -0.008509017,
        0.9982405
      ],
      [
        -0.97329694,
        0.222785056,
        -0.05531663
      ]
    ],
    "translation": [
      2.150282,
      0.803140044,
      -0.678631663
    ]
  },
  {
    "timeStamp": 133431,
    "rotation": [
      [
        -0.221874252,
        -0.9750371,
        -0.008634332
      ],
      [
        -0.0572336838,
        0.00418299763,
        0.998352051
      ],
      [
        -0.973394156,
        0.222002789,
        -0.05673306
      ]
    ],
    "translation": [
      2.1481142,
      0.7999224,
      -0.6776687
    ]
  },
  {
    "timeStamp": 133487,
    "rotation": [
      [
        -0.222765177,
        -0.97482425,
        -0.009660125
      ],
      [
        -0.0526523441,
        0.00213618623,
        0.9986106
      ],
      [
        -0.97344923,
        0.2229643,
        -0.05180265
      ]
    ],
    "translation": [
      2.14694858,
      0.798392832,
      -0.677758455
    ]
  },
  {
    "timeStamp": 133531,
    "rotation": [
      [
        -0.212868556,
        -0.9769992,
        -0.0126309851
      ],
      [
        -0.05045293,
        -0.0019191755,
        0.9987246
      ],
      [
        -0.9757773,
        0.21323435,
        -0.04888394
      ]
    ],
    "translation": [
      2.14625978,
      0.797999442,
      -0.6758926
    ]
  },
  {
    "timeStamp": 133587,
    "rotation": [
      [
        -0.203163892,
        -0.9790453,
        -0.0139587689
      ],
      [
        -0.043879576,
        -0.005138061,
        0.9990236
      ],
      [
        -0.978161037,
        0.20357804,
        -0.0419162251
      ]
    ],
    "translation": [
      2.145514,
      0.7980665,
      -0.6744668
    ]
  },
  {
    "timeStamp": 133632,
    "rotation": [
      [
        -0.201370761,
        -0.9794305,
        -0.0128740761
      ],
      [
        -0.0380157158,
        -0.00531873759,
        0.999263
      ],
      [
        -0.9787771,
        0.201711759,
        -0.0361627154
      ]
    ],
    "translation": [
      2.14493179,
      0.7977037,
      -0.6748206
    ]
  }
]