[
  {
    "timeStamp": 98102,
    "rotation": [
      [
        -0.997260332,
        -0.06778714,
        -0.0296090152
      ],
      [
        -0.06711782,
        0.9974789,
        -0.0230437536
      ],
      [
        0.0310964379,
        -0.02099333,
        -0.9992959
      ]
    ],
    "translation": [
      1.2870928,
      0.7326286,
      -0.486988455
    ]
  },
  {
    "timeStamp": 98146,
    "rotation": [
      [
        -0.9972712,
        -0.0670476556,
        -0.0308996271
      ],
      [
        -0.06628003,
        0.997481942,
        -0.0252321474
      ],
      [
        0.0325135775,
        -0.0231152661,
        -0.999204
      ]
    ],
    "translation": [
      1.286398,
      0.7328953,
      -0.486955643
    ]
  },
  {
    "timeStamp": 98202,
    "rotation": [
      [
        -0.997411966,
        -0.06320437,
        -0.0342721865
      ],
      [
        -0.06225115,
        0.997662,
        -0.0282022841
      ],
      [
        0.0359745659,
        -0.0259958133,
        -0.999014556
      ]
    ],
    "translation": [
      1.28554523,
      0.732946754,
      -0.487863123
    ]
  },
  {
    "timeStamp": 98247,
    "rotation": [
      [
        -0.997421265,
        -0.05991553,
        -0.0395098925
      ],
      [
        -0.0588365048,
        0.9978768,
        -0.0279307924
      ],
      [
        0.0410994925,
        -0.0255341418,
        -0.998828769
      ]
    ],
    "translation": [
      1.28530312,
      0.7328632,
      -0.487858444
    ]
  },
  {
    "timeStamp": 98303,
    "rotation": [
      [
        -0.997491241,
        -0.05324704,
        -0.04664796
      ],
      [
        -0.0518068075,
        0.998158336,
        -0.0315584764
      ],
      [
        0.04824245,
        -0.0290626213,
        -0.9984127
      ]
    ],
    "translation": [
      1.28505838,
      0.7330529,
      -0.488009453
    ]
  },
  {
    "timeStamp": 98348,
    "rotation": [
      [
        -0.997579753,
        -0.0497772954,
        -0.0485474132
      ],
      [
        -0.0482629575,
        0.9983257,
        -0.0318822972
      ],
      [
        0.050053142,
        -0.0294620916,
        -0.9983119
      ]
    ],
    "translation": [
      1.28484213,
      0.7331465,
      -0.488173276
    ]
  },
  {
    "timeStamp": 98403,
    "rotation": [
      [
        -0.9974329,
        -0.05200088,
        -0.0492296852
      ],
      [
        -0.05036747,
        0.9981566,
        -0.0338587
      ],
      [
        0.05089962,
        -0.0312922075,
        -0.9982134
      ]
    ],
    "translation": [
      1.28462458,
      0.7331809,
      -0.488367647
    ]
  },
  {
    "timeStamp": 98447,
    "rotation": [
      [
        -0.997706354,
        -0.0576107055,
        -0.03553863
      ],
      [
        -0.05647574,
        0.997886062,
        -0.03215416
      ],
      [
        0.0373159237,
        -0.030073341,
        -0.9988509
      ]
    ],
    "translation": [
      1.28567159,
      0.7331399,
      -0.490202785
    ]
  },
  {
    "timeStamp": 98503,
    "rotation": [
      [
        -0.998066068,
        -0.0561334975,
        -0.0267057568
      ],
      [
        -0.05534911,
        0.998038352,
        -0.0292563662
      ],
      [
        0.0282956325,
        -0.0277216472,
        -0.9992151
      ]
    ],
    "translation": [
      1.285661,
      0.7369876,
      -0.491510183
    ]
  },
  {
    "timeStamp": 98547,
    "rotation": [
      [
        -0.9985825,
        -0.0462090559,
        -0.0264149383
      ],
      [
        -0.0453457944,
        0.9984459,
        -0.032395605
      ],
      [
        0.0278708581,
        -0.0311518777,
        -0.999126
      ]
    ],
    "translation": [
      1.28423882,
      0.7421719,
      -0.491228759
    ]
  },
  {
    "timeStamp": 98603,
    "rotation": [
      [
        -0.9989753,
        -0.0370210633,
        -0.0260353945
      ],
      [
        -0.03590668,
        0.9984705,
        -0.04204103
      ],
      [
        0.027551977,
        -0.0410631038,
        -0.9987766
      ]
    ],
    "translation": [
      1.2829752,
      0.7482508,
      -0.490891039
    ]
  },
  {
    "timeStamp": 98648,
    "rotation": [
      [
        -0.999264359,
        -0.02944512,
        -0.0245694183
      ],
      [
        -0.0281674154,
        0.998310447,
        -0.0508223064
      ],
      [
        0.0260243751,
        -0.0500928648,
        -0.998405457
      ]
    ],
    "translation": [
      1.28171015,
      0.7534157,
      -0.49087435
    ]
  },
  {
    "timeStamp": 98702,
    "rotation": [
      [
        -0.9996725,
        -0.0107903834,
        -0.02320605
      ],
      [
        -0.009453335,
        0.9983309,
        -0.0569736958
      ],
      [
        0.0237820856,
        -0.05673566,
        -0.9981059
      ]
    ],
    "translation": [
      1.27974594,
      0.7632276,
      -0.491897464
    ]
  },
  {
    "timeStamp": 98748,
    "rotation": [
      [
        -0.999724865,
        0.00392807834,
        -0.02312409
      ],
      [
        0.00533373328,
        0.998120844,
        -0.0610432066
      ],
      [
        0.0228408538,
        -0.06114975,
        -0.9978672
      ]
    ],
    "translation": [
      1.2780087,
      0.7721119,
      -0.492361337
    ]
  },
  {
    "timeStamp": 98802,
    "rotation": [
      [
        -0.9995194,
        0.0200093631,
        -0.0236756448
      ],
      [
        0.0216885135,
        0.997101,
        -0.07293294
      ],
      [
        0.0221476667,
        -0.07341138,
        -0.9970558
      ]
    ],
    "translation": [
      1.27663338,
      0.783789158,
      -0.4927295
    ]
  },
  {
    "timeStamp": 98847,
    "rotation": [
      [
        -0.998505831,
        0.04334706,
        -0.0332738571
      ],
      [
        0.0457533449,
        0.996108234,
        -0.07533291
      ],
      [
        0.0298789032,
        -0.07674274,
        -0.9966032
      ]
    ],
    "translation": [
      1.27515507,
      0.798133731,
      -0.4914343
    ]
  },
  {
    "timeStamp": 98902,
    "rotation": [
      [
        -0.9956016,
        0.0762389451,
        -0.05445246
      ],
      [
        0.08072447,
        0.99305594,
        -0.0855768844
      ],
      [
        0.04755005,
        -0.08959613,
        -0.99484247
      ]
    ],
    "translation": [
      1.27791667,
      0.820494056,
      -0.488411725
    ]
  },
  {
    "timeStamp": 98947,
    "rotation": [
      [
        -0.990927935,
        0.104671039,
        -0.08429572
      ],
      [
        0.111521244,
        0.9904451,
        -0.0811263
      ],
      [
        0.07499871,
        -0.08979108,
        -0.99313277
      ]
    ],
    "translation": [
      1.28143108,
      0.842301548,
      -0.483387351
    ]
  },
  {
    "timeStamp": 99002,
    "rotation": [
      [
        -0.982546031,
        0.143089786,
        -0.118863642
      ],
      [
        0.153449729,
        0.984656334,
        -0.08309659
      ],
      [
        0.105149567,
        -0.09988582,
        -0.989427269
      ]
    ],
    "translation": [
      1.29183865,
      0.872201741,
      -0.480418831
    ]
  },
  {
    "timeStamp": 99047,
    "rotation": [
      [
        -0.97371614,
        0.168899029,
        -0.152806833
      ],
      [
        0.183104828,
        0.9794857,
        -0.08414508
      ],
      [
        0.135460079,
        -0.109913088,
        -0.9846673
      ]
    ],
    "translation": [
      1.30268133,
      0.8982476,
      -0.477439284
    ]
  },
  {
    "timeStamp": 99102,
    "rotation": [
      [
        -0.9643728,
        0.1776112,
        -0.196059272
      ],
      [
        0.200135782,
        0.974482358,
        -0.101635247
      ],
      [
        0.173004746,
        -0.137252748,
        -0.975310743
      ]
    ],
    "translation": [
      1.323253,
      0.9262661,
      -0.476284444
    ]
  },
  {
    "timeStamp": 99147,
    "rotation": [
      [
        -0.953942537,
        0.183273658,
        -0.237496063
      ],
      [
        0.2130713,
        0.9712319,
        -0.106345184
      ],
      [
        0.211173475,
        -0.1520508,
        -0.965549767
      ]
    ],
    "translation": [
      1.34083974,
      0.9476206,
      -0.4741411
    ]
  },
  {
    "timeStamp": 99202,
    "rotation": [
      [
        -0.9406987,
        0.191030473,
        -0.280345
      ],
      [
        0.229385674,
        0.9670119,
        -0.110770881
      ],
      [
        0.249936312,
        -0.168509141,
        -0.953486562
      ]
    ],
    "translation": [
      1.36747956,
      0.9749774,
      -0.4783548
    ]
  },
  {
    "timeStamp": 99247,
    "rotation": [
      [
        -0.932161331,
        0.170913279,
        -0.319161236
      ],
      [
        0.220771477,
        0.9670287,
        -0.1269471
      ],
      [
        0.2869411,
        -0.188796878,
        -0.939159453
      ]
    ],
    "translation": [
      1.39132082,
      0.989341557,
      -0.479735672
    ]
  },
  {
    "timeStamp": 99302,
    "rotation": [
      [
        -0.90992105,
        0.168318674,
        -0.379094452
      ],
      [
        0.227747217,
        0.966608047,
        -0.117474154
      ],
      [
        0.346662641,
        -0.193229914,
        -0.917871058
      ]
    ],
    "translation": [
      1.42358184,
      1.01024461,
      -0.483026177
    ]
  },
  {
    "timeStamp": 99347,
    "rotation": [
      [
        -0.8924102,
        0.1505545,
        -0.425367355
      ],
      [
        0.224018425,
        0.966138661,
        -0.128030062
      ],
      [
        0.391688377,
        -0.209545463,
        -0.895919
      ]
    ],
    "translation": [
      1.45100915,
      1.025369,
      -0.486315072
    ]
  },
  {
    "timeStamp": 99402,
    "rotation": [
      [
        -0.8660202,
        0.120628186,
        -0.485239983
      ],
      [
        0.219164446,
        0.9638477,
        -0.151540771
      ],
      [
        0.449417353,
        -0.237584725,
        -0.861148953
      ]
    ],
    "translation": [
      1.48746371,
      1.04361236,
      -0.4939212
    ]
  },
  {
    "timeStamp": 99447,
    "rotation": [
      [
        -0.8367493,
        0.0994595,
        -0.538477838
      ],
      [
        0.219364464,
        0.961895347,
        -0.163207144
      ],
      [
        0.501726866,
        -0.254686356,
        -0.826683164
      ]
    ],
    "translation": [
      1.51978636,
      1.05786252,
      -0.4991681
    ]
  },
  {
    "timeStamp": 99503,
    "rotation": [
      [
        -0.7968716,
        0.07276653,
        -0.5997505
      ],
      [
        0.221492469,
        0.9587858,
        -0.177963242
      ],
      [
        0.562082469,
        -0.274654061,
        -0.7801464
      ]
    ],
    "translation": [
      1.560087,
      1.07314587,
      -0.511818349
    ]
  },
  {
    "timeStamp": 99547,
    "rotation": [
      [
        -0.7619497,
        0.0424485877,
        -0.6462436
      ],
      [
        0.2178401,
        0.9565061,
        -0.194014877
      ],
      [
        0.609900236,
        -0.288607359,
        -0.73805654
      ]
    ],
    "translation": [
      1.59412348,
      1.08200741,
      -0.5216782
    ]
  },
  {
    "timeStamp": 99602,
    "rotation": [
      [
        -0.7123571,
        -0.002960621,
        -0.7018109
      ],
      [
        0.204553962,
        0.9556976,
        -0.211659491
      ],
      [
        0.671345651,
        -0.294335365,
        -0.6801924
      ]
    ],
    "translation": [
      1.63758838,
      1.08795273,
      -0.538369
    ]
  },
  {
    "timeStamp": 99647,
    "rotation": [
      [
        -0.672736943,
        -0.0294220448,
        -0.7392965
      ],
      [
        0.201222509,
        0.9542701,
        -0.2210837
      ],
      [
        0.7119933,
        -0.297494262,
        -0.6360524
      ]
    ],
    "translation": [
      1.67055631,
      1.09288824,
      -0.5506957
    ]
  },
  {
    "timeStamp": 99702,
    "rotation": [
      [
        -0.6166763,
        -0.05820419,
        -0.7850622
      ],
      [
        0.198069885,
        0.953708231,
        -0.226293921
      ],
      [
        0.761891544,
        -0.295047283,
        -0.5766007
      ]
    ],
    "translation": [
      1.71296167,
      1.09765112,
      -0.571262956
    ]
  },
  {
    "timeStamp": 99747,
    "rotation": [
      [
        -0.5709662,
        -0.0725163445,
        -0.8177646
      ],
      [
        0.198713988,
        0.9542649,
        -0.223363519
      ],
      [
        0.796561539,
        -0.2900343,
        -0.530443
      ]
    ],
    "translation": [
      1.74584424,
      1.09990978,
      -0.5851042
    ]
  },
  {
    "timeStamp": 99802,
    "rotation": [
      [
        -0.509255,
        -0.09307025,
        -0.8555684
      ],
      [
        0.190607935,
        0.957248747,
        -0.217585653
      ],
      [
        0.8392425,
        -0.2738847,
        -0.469743758
      ]
    ],
    "translation": [
      1.7867707,
      1.09698617,
      -0.60534364
    ]
  },
  {
    "timeStamp": 99847,
    "rotation": [
      [
        -0.465162247,
        -0.122707628,
        -0.8766795
      ],
      [
        0.173341215,
        0.9585474,
        -0.226140663
      ],
      [
        0.868088067,
        -0.2571568,
        -0.4246098
      ]
    ],
    "translation": [
      1.81977975,
      1.09107184,
      -0.619226336
    ]
  },
  {
    "timeStamp": 99902,
    "rotation": [
      [
        -0.409959555,
        -0.140215188,
        -0.9012618
      ],
      [
        0.1611456,
        0.961435258,
        -0.222877532
      ],
      [
        0.8977556,
        -0.236605138,
        -0.371554524
      ]
    ],
    "translation": [
      1.85597634,
      1.08523893,
      -0.6365982
    ]
  },
  {
    "timeStamp": 99947,
    "rotation": [
      [
        -0.364964962,
        -0.152730048,
        -0.918408453
      ],
      [
        0.1512059,
        0.9636326,
        -0.220338255
      ],
      [
        0.918660641,
        -0.21928452,
        -0.328598469
      ]
    ],
    "translation": [
      1.88623571,
      1.08038509,
      -0.6477657
    ]
  },
  {
    "timeStamp": 100002,
    "rotation": [
      [
        -0.318304628,
        -0.165492773,
        -0.933431447
      ],
      [
        0.135797247,
        0.966529667,
        -0.217668444
      ],
      [
        0.938211739,
        -0.196042284,
        -0.28517738
      ]
    ],
    "translation": [
      1.91947579,
      1.072687,
      -0.660540044
    ]
  },
  {
    "timeStamp": 100047,
    "rotation": [
      [
        -0.289333045,
        -0.1815043,
        -0.9398631
      ],
      [
        0.114903681,
        0.9681737,
        -0.2223442
      ],
      [
        0.9503071,
        -0.172325253,
        -0.259269118
      ]
    ],
    "translation": [
      1.94575834,
      1.06453454,
      -0.668360949
    ]
  },
  {
    "timeStamp": 100102,
    "rotation": [
      [
        -0.263613284,
        -0.190255627,
        -0.9456801
      ],
      [
        0.09949731,
        0.969765,
        -0.222836524
      ],
      [
        0.9594833,
        -0.1528353,
        -0.236713022
      ]
    ],
    "translation": [
      1.97369242,
      1.05661333,
      -0.6754169
    ]
  },
  {
    "timeStamp": 100147,
    "rotation": [
      [
        -0.2522502,
        -0.196414128,
        -0.9475185
      ],
      [
        0.08748015,
        0.970545,
        -0.224476472
      ],
      [
        0.9636997,
        -0.1395133,
        -0.227637812
      ]
    ],
    "translation": [
      1.995,
      1.051014,
      -0.678273261
    ]
  },
  {
    "timeStamp": 100200,
    "rotation": [
      [
        -0.243640244,
        -0.210444555,
        -0.9467589
      ],
      [
        0.06879471,
        0.9699666,
        -0.233306855
      ],
      [
        0.967422664,
        -0.121974945,
        -0.221845433
      ]
    ],
    "translation": [
      2.01622844,
      1.04255986,
      -0.6789702
    ]
  },
  {
    "timeStamp": 100252,
    "rotation": [
      [
        -0.240531534,
        -0.207294717,
        -0.9482476
      ],
      [
        0.055157,
        0.9724313,
        -0.226572528
      ],
      [
        0.969072938,
        -0.106800325,
        -0.222466633
      ]
    ],
    "translation": [
      2.04254866,
      1.03267992,
      -0.6761723
    ]
  },
  {
    "timeStamp": 100297,
    "rotation": [
      [
        -0.241075382,
        -0.220283583,
        -0.945176065
      ],
      [
        0.0232825559,
        0.9723069,
        -0.232545137
      ],
      [
        0.970227063,
        -0.07806702,
        -0.2292705
      ]
    ],
    "translation": [
      2.06065154,
      1.01918054,
      -0.67373836
    ]
  },
  {
    "timeStamp": 100352,
    "rotation": [
      [
        -0.252487361,
        -0.2115716,
        -0.9441862
      ],
      [
        0.0137953265,
        0.974915743,
        -0.222146451
      ],
      [
        0.9675019,
        -0.06911453,
        -0.243235186
      ]
    ],
    "translation": [
      2.078387,
      1.00890708,
      -0.6677186
    ]
  },
  {
    "timeStamp": 100397,
    "rotation": [
      [
        -0.243640319,
        -0.199889138,
        -0.9490436
      ],
      [
        0.00267338753,
        0.9783888,
        -0.2067562
      ],
      [
        0.969862,
        -0.05291131,
        -0.2378406
      ]
    ],
    "translation": [
      2.09267759,
      0.997286439,
      -0.662822664
    ]
  },
  {
    "timeStamp": 100452,
    "rotation": [
      [
        -0.238577485,
        -0.193508282,
        -0.9516488
      ],
      [
        -0.0229123421,
        0.9807951,
        -0.193690792
      ],
      [
        0.97085315,
        -0.0244057626,
        -0.238429353
      ]
    ],
    "translation": [
      2.10829425,
      0.978076935,
      -0.658746839
    ]
  },
  {
    "timeStamp": 100497,
    "rotation": [
      [
        -0.241384163,
        -0.184425,
        -0.952743948
      ],
      [
        -0.03465997,
        0.98278743,
        -0.181459248
      ],
      [
        0.9698105,
        -0.01077931,
        -0.2436215
      ]
    ],
    "translation": [
      2.114084,
      0.9642829,
      -0.6567957
    ]
  },
  {
    "timeStamp": 100552,
    "rotation": [
      [
        -0.234945431,
        -0.17466031,
        -0.9561874
      ],
      [
        -0.0508307,
        0.984585,
        -0.167357862
      ],
      [
        0.9706785,
        0.009283713,
        -0.240201846
      ]
    ],
    "translation": [
      2.121644,
      0.947847962,
      -0.65383935
    ]
  },
  {
    "timeStamp": 100596,
    "rotation": [
      [
        -0.232267737,
        -0.162839413,
        -0.9589239
      ],
      [
        -0.05762091,
        0.9864582,
        -0.153558359
      ],
      [
        0.9709437,
        0.0195874162,
        -0.238505334
      ]
    ],
    "translation": [
      2.12513065,
      0.9370107,
      -0.651888669
    ]
  },
  {
    "timeStamp": 100653,
    "rotation": [
      [
        -0.230735958,
        -0.140975326,
        -0.9627496
      ],
      [
        -0.06503922,
        0.9894702,
        -0.12930049
      ],
      [
        0.9708402,
        0.0327822119,
        -0.237475276
      ]
    ],
    "translation": [
      2.12713718,
      0.924213,
      -0.6497569
    ]
  },
  {
    "timeStamp": 100699,
    "rotation": [
      [
        -0.222081959,
        -0.128753617,
        -0.966489553
      ],
      [
        -0.07558074,
        0.990533531,
        -0.114589617
      ],
      [
        0.9720942,
        0.0475997068,
        -0.229710951
      ]
    ],
    "translation": [
      2.13000035,
      0.9136079,
      -0.6480824
    ]
  },
  {
    "timeStamp": 100755,
    "rotation": [
      [
        -0.212306321,
        -0.112186447,
        -0.9707421
      ],
      [
        -0.0898911357,
        0.991418362,
        -0.09491631
      ],
      [
        0.9730599,
        0.06710978,
        -0.22056897
      ]
    ],
    "translation": [
      2.13178158,
      0.9010947,
      -0.646459
    ]
  },
  {
    "timeStamp": 100801,
    "rotation": [
      [
        -0.210916,
        -0.117542811,
        -0.97041136
      ],
      [
        -0.107544564,
        0.989507735,
        -0.0964814052
      ],
      [
        0.9715702,
        0.08401299,
        -0.2213441
      ]
    ],
    "translation": [
      2.13164616,
      0.8906344,
      -0.6456459
    ]
  },
  {
    "timeStamp": 100857,
    "rotation": [
      [
        -0.210066572,
        -0.119362161,
        -0.970373452
      ],
      [
        -0.118461974,
        0.9883144,
        -0.09592434
      ],
      [
        0.9704838,
        0.09480186,
        -0.22175169
      ]
    ],
    "translation": [
      2.131015,
      0.8797093,
      -0.64452523
    ]
  },
  {
    "timeStamp": 100902,
    "rotation": [
      [
        -0.1979488,
        -0.101755641,
        -0.974916458
      ],
      [
        -0.1261133,
        0.9889748,
        -0.0776166841
      ],
      [
        0.9720657,
        0.1075858,
        -0.2085991
      ]
    ],
    "translation": [
      2.13239622,
      0.8711358,
      -0.6426593
    ]
  },
  {
    "timeStamp": 100957,
    "rotation": [
      [
        -0.198649019,
        -0.0876348,
        -0.9761448
      ],
      [
        -0.142360389,
        0.988011062,
        -0.05972926
      ],
      [
        0.969676256,
        0.1270992,
        -0.208743155
      ]
    ],
    "translation": [
      2.13107038,
      0.859426439,
      -0.642505646
    ]
  },
  {
    "timeStamp": 101001,
    "rotation": [
      [
        -0.1916758,
        -0.0794914,
        -0.9782338
      ],
      [
        -0.15518865,
        0.9866305,
        -0.0497659445
      ],
      [
        0.9691114,
        0.142271876,
        -0.20144935
      ]
    ],
    "translation": [
      2.13149667,
      0.8503307,
      -0.6410222
    ]
  },
  {
    "timeStamp": 101057,
    "rotation": [
      [
        -0.1880546,
        -0.07175009,
        -0.9795342
      ],
      [
        -0.166630089,
        0.9852007,
        -0.04017489
      ],
      [
        0.967920363,
        0.1556648,
        -0.197227255
      ]
    ],
    "translation": [
      2.130934,
      0.8415465,
      -0.638959765
    ]
  },
  {
    "timeStamp": 101102,
    "rotation": [
      [
        -0.1809042,
        -0.06233483,
        -0.981523335
      ],
      [
        -0.172525272,
        0.98452574,
        -0.0307274386
      ],
      [
        0.968250334,
        0.163778856,
        -0.188859165
      ]
    ],
    "translation": [
      2.13127446,
      0.835858047,
      -0.6357849
    ]
  },
  {
    "timeStamp": 101157,
    "rotation": [
      [
        -0.1778262,
        -0.0541663,
        -0.982570052
      ],
      [
        -0.1856869,
        0.98239404,
        -0.0205508545
      ],
      [
        0.9663841,
        0.1787959,
        -0.184753373
      ]
    ],
    "translation": [
      2.13056946,
      0.8271646,
      -0.6335252
    ]
  },
  {
    "timeStamp": 101202,
    "rotation": [
      [
        -0.170170471,
        -0.0496518,
        -0.9841629
      ],
      [
        -0.191782773,
        0.981301248,
        -0.0163464919
      ],
      [
        0.966572,
        0.185963809,
        -0.176510856
      ]
    ],
    "translation": [
      2.13101363,
      0.821791768,
      -0.63127327
    ]
  },
  {
    "timeStamp": 101257,
    "rotation": [
      [
        -0.174124971,
        -0.04730438,
        -0.983586669
      ],
      [
        -0.198149353,
        0.980097651,
        -0.0120580727
      ],
      [
        0.96458143,
        0.192797452,
        -0.1800328
      ]
    ],
    "translation": [
      2.12821078,
      0.815449655,
      -0.6297302
    ]
  },
  {
    "timeStamp": 101301,
    "rotation": [
      [
        -0.17262882,
        -0.04657166,
        -0.9838853
      ],
      [
        -0.211222023,
        0.97739476,
        -0.009204209
      ],
      [
        0.962073,
        0.206229344,
        -0.178563461
      ]
    ],
    "translation": [
      2.12676144,
      0.808824,
      -0.6300554
    ]
  },
  {
    "timeStamp": 101357,
    "rotation": [
      [
        -0.175196484,
        -0.0503946245,
        -0.983242869
      ],
      [
        -0.226540059,
        0.973955,
        -0.009553157
      ],
      [
        0.958115757,
        0.22107023,
        -0.182049885
      ]
    ],
    "translation": [
      2.1249125,
      0.8016722,
      -0.6315093
    ]
  },
  {
    "timeStamp": 101402,
    "rotation": [
      [
        -0.174220532,
        -0.04664881,
        -0.9836011
      ],
      [
        -0.233853042,
        0.972260654,
        -0.00468970835
      ],
      [
        0.956535339,
        0.229201049,
        -0.180296734
      ]
    ],
    "translation": [
      2.12364078,
      0.7988851,
      -0.630915165
    ]
  },
  {
    "timeStamp": 101457,
    "rotation": [
      [
        -0.178218544,
        -0.044968307,
        -0.9829629
      ],
      [
        -0.232727334,
        0.9725393,
        -0.00229623914
      ],
      [
        0.9560733,
        0.2283531,
        -0.183789909
      ]
    ],
    "translation": [
      2.12129784,
      0.798079848,
      -0.62895745
    ]
  },
  {
    "timeStamp": 101502,
    "rotation": [
      [
        -0.171790645,
        -0.04488221,
        -0.9841106
      ],
      [
        -0.241732955,
        0.970340669,
        -0.00205624849
      ],
      [
        0.955014765,
        0.2375387,
        -0.177544951
      ]
    ],
    "translation": [
      2.12236166,
      0.7947172,
      -0.6277243
    ]
  },
  {
    "timeStamp": 101557,
    "rotation": [
      [
        -0.157948241,
        -0.0348263532,
        -0.986833036
      ],
      [
        -0.251615822,
        0.9678078,
        0.006117608
      ],
      [
        0.9548517,
        0.249269068,
        -0.161626413
      ]
    ],
    "translation": [
      2.125142,
      0.790504932,
      -0.6264856
    ]
  },
  {
    "timeStamp": 101601,
    "rotation": [
      [
        -0.153834626,
        -0.0307732914,
        -0.9876173
      ],
      [
        -0.2642931,
        0.9643783,
        0.0111180078
      ],
      [
        0.952094555,
        0.262730777,
        -0.156487957
      ]
    ],
    "translation": [
      2.12533283,
      0.7856219,
      -0.626594543
    ]
  },
  {
    "timeStamp": 101657,
    "rotation": [
      [
        -0.151830062,
        -0.0303761885,
        -0.9879398
      ],
      [
        -0.2804576,
        0.959770143,
        0.01359165
      ],
      [
        0.9477823,
        0.2791388,
        -0.1542412
      ]
    ],
    "translation": [
      2.12475467,
      0.7792574,
      -0.6276553
    ]
  },
  {
    "timeStamp": 101702,
    "rotation": [
      [
        -0.149581388,
        -0.0291711129,
        -0.988319039
      ],
      [
        -0.294252127,
        0.9555883,
        0.0163298175
      ],
      [
        0.9439497,
        0.293257624,
        -0.151521891
      ]
    ],
    "translation": [
      2.123911,
      0.774558067,
      -0.6284222
    ]
  },
  {
    "timeStamp": 101757,
    "rotation": [
      [
        -0.148895457,
        -0.0208046045,
        -0.98863405
      ],
      [
        -0.293560266,
        0.9556367,
        0.0241020862
      ],
      [
        0.944273531,
        0.293812364,
        -0.148397356
      ]
    ],
    "translation": [
      2.1210947,
      0.7727898,
      -0.627313554
    ]
  },
  {
    "timeStamp": 101801,
    "rotation": [
      [
        -0.140355453,
        -0.0185680613,
        -0.989927053
      ],
      [
        -0.296862543,
        0.9546139,
        0.0241845548
      ],
      [
        0.9445491,
        0.2972667,
        -0.139497429
      ]
    ],
    "translation": [
      2.12105536,
      0.771245241,
      -0.626407146
    ]
  },
  {
    "timeStamp": 101857,
    "rotation": [
      [
        -0.132059127,
        -0.0013869555,
        -0.9912409
      ],
      [
        -0.294252932,
        0.954977155,
        0.0378659442
      ],
      [
        0.9465599,
        0.296676069,
        -0.126521558
      ]
    ],
    "translation": [
      2.119801,
      0.771879,
      -0.6241252
    ]
  },
  {
    "timeStamp": 101901,
    "rotation": [
      [
        -0.13010639,
        0.00647769123,
        -0.9914789
      ],
      [
        -0.291969776,
        0.955389142,
        0.0445555151
      ],
      [
        0.947536767,
        0.295278817,
        -0.122410953
      ]
    ],
    "translation": [
      2.11737871,
      0.772258162,
      -0.622706831
    ]
  },
  {
    "timeStamp": 101957,
    "rotation": [
      [
        -0.118364774,
        -0.00463321945,
        -0.9929594
      ],
      [
        -0.289034367,
        0.95684886,
        0.02998934
      ],
      [
        0.9499731,
        0.29054907,
        -0.114596359
      ]
    ],
    "translation": [
      2.11704016,
      0.7724605,
      -0.6202847
    ]
  }
]