[
  {
    "timeStamp": 33318,
    "rotation": [
      [
        0.9999252,
        -0.007074617,
        -0.009981708
      ],
      [
        0.00993938651,
        -0.005992252,
        0.999932647
      ],
      [
        -0.00713395467,
        -0.9999571,
        -0.0059214863
      ]
    ],
    "translation": [
      1.15399158,
      0.7037245,
      -0.4893071
    ]
  },
  {
    "timeStamp": 33374,
    "rotation": [
      [
        0.996171534,
        -0.03883433,
        -0.07832121
      ],
      [
        0.07730575,
        -0.026997,
        0.9966419
      ],
      [
        -0.0408183448,
        -0.9988809,
        -0.0238915253
      ]
    ],
    "translation": [
      1.16880858,
      0.705266,
      -0.483487755
    ]
  },
  {
    "timeStamp": 33418,
    "rotation": [
      [
        0.997342467,
        -0.0355015025,
        -0.06362133
      ],
      [
        0.06265422,
        -0.0277205259,
        0.997650266
      ],
      [
        -0.0371816866,
        -0.9989851,
        -0.0254225377
      ]
    ],
    "translation": [
      1.17053509,
      0.7130504,
      -0.487140149
    ]
  },
  {
    "timeStamp": 33473,
    "rotation": [
      [
        0.9998212,
        -0.0114150066,
        0.0150735453
      ],
      [
        -0.0155650573,
        -0.0442693457,
        0.9988984
      ],
      [
        -0.0107351458,
        -0.9989544,
        -0.0444391072
      ]
    ],
    "translation": [
      1.15823281,
      0.7417772,
      -0.4982155
    ]
  },
  {
    "timeStamp": 33517,
    "rotation": [
      [
        0.9912092,
        0.0387306958,
        0.126507536
      ],
      [
        -0.123728596,
        -0.06727696,
        0.990032852
      ],
      [
        0.046855703,
        -0.9969823,
        -0.0618934557
      ]
    ],
    "translation": [
      1.14928555,
      0.782424,
      -0.5208022
    ]
  },
  {
    "timeStamp": 33573,
    "rotation": [
      [
        0.953203,
        0.144746259,
        0.265428871
      ],
      [
        -0.2584906,
        -0.06514943,
        0.9638144
      ],
      [
        0.156801075,
        -0.9873216,
        -0.0246850867
      ]
    ],
    "translation": [
      1.145232,
      0.8394982,
      -0.5787562
    ]
  },
  {
    "timeStamp": 33619,
    "rotation": [
      [
        0.9034189,
        0.2645054,
        0.337448031
      ],
      [
        -0.342343271,
        -0.0288421251,
        0.939132154
      ],
      [
        0.258138239,
        -0.963952839,
        0.0644951239
      ]
    ],
    "translation": [
      1.1665889,
      0.8751197,
      -0.6466974
    ]
  },
  {
    "timeStamp": 33664,
    "rotation": [
      [
        0.8642215,
        0.3812188,
        0.328318954
      ],
      [
        -0.335869133,
        -0.0487053767,
        0.940648556
      ],
      [
        0.3745838,
        -0.9232009,
        0.0859473944
      ]
    ],
    "translation": [
      1.21028841,
      0.888795733,
      -0.709854841
    ]
  },
  {
    "timeStamp": 33720,
    "rotation": [
      [
        0.8220349,
        0.477358043,
        0.310464054
      ],
      [
        -0.369104683,
        0.0315094367,
        0.9288535
      ],
      [
        0.433613151,
        -0.8781437,
        0.202096939
      ]
    ],
    "translation": [
      1.27578282,
      0.900424361,
      -0.789128363
    ]
  },
  {
    "timeStamp": 33765,
    "rotation": [
      [
        0.8178358,
        0.50582397,
        0.2743842
      ],
      [
        -0.395415872,
        0.14755328,
        0.9065728
      ],
      [
        0.41808,
        -0.8499236,
        0.320685178
      ]
    ],
    "translation": [
      1.33232808,
      0.9054014,
      -0.852923334
    ]
  },
  {
    "timeStamp": 33820,
    "rotation": [
      [
        0.819887161,
        0.5346531,
        0.204770908
      ],
      [
        -0.3695194,
        0.220974982,
        0.902566
      ],
      [
        0.437310457,
        -0.8156691,
        0.378739238
      ]
    ],
    "translation": [
      1.41403449,
      0.894875765,
      -0.916888535
    ]
  },
  {
    "timeStamp": 33865,
    "rotation": [
      [
        0.8413782,
        0.5141302,
        0.166592
      ],
      [
        -0.34621647,
        0.276057273,
        0.8966195
      ],
      [
        0.4149902,
        -0.812073,
        0.4102689
      ]
    ],
    "translation": [
      1.47368813,
      0.8857492,
      -0.952665269
    ]
  },
  {
    "timeStamp": 33921,
    "rotation": [
      [
        0.8598714,
        0.49266085,
        0.133814633
      ],
      [
        -0.2858162,
        0.2473902,
        0.92580086
      ],
      [
        0.4230014,
        -0.8343161,
        0.353534222
      ]
    ],
    "translation": [
      1.54510951,
      0.8700086,
      -0.970499337
    ]
  },
  {
    "timeStamp": 33965,
    "rotation": [
      [
        0.886851847,
        0.440953135,
        0.1380368
      ],
      [
        -0.2826697,
        0.281451344,
        0.9169967
      ],
      [
        0.3655019,
        -0.85225904,
        0.374249727
      ]
    ],
    "translation": [
      1.59280884,
      0.873798847,
      -0.981781244
    ]
  },
  {
    "timeStamp": 34021,
    "rotation": [
      [
        0.9030799,
        0.38344413,
        0.19343552
      ],
      [
        -0.295775652,
        0.228725061,
        0.927470565
      ],
      [
        0.3113896,
        -0.89479357,
        0.319970429
      ]
    ],
    "translation": [
      1.64033234,
      0.889801562,
      -0.9774273
    ]
  },
  {
    "timeStamp": 34065,
    "rotation": [
      [
        0.9197048,
        0.339052767,
        0.1979554
      ],
      [
        -0.258400261,
        0.143134877,
        0.9553752
      ],
      [
        0.295588285,
        -0.9298149,
        0.219253153
      ]
    ],
    "translation": [
      1.68214262,
      0.897556961,
      -0.954280257
    ]
  },
  {
    "timeStamp": 34120,
    "rotation": [
      [
        0.956118166,
        0.214384317,
        0.199693426
      ],
      [
        -0.214867935,
        0.0497377776,
        0.9753758
      ],
      [
        0.199172959,
        -0.9754822,
        0.0936195
      ]
    ],
    "translation": [
      1.73517263,
      0.912572861,
      -0.9036072
    ]
  },
  {
    "timeStamp": 34165,
    "rotation": [
      [
        0.969987154,
        0.127862245,
        0.206824258
      ],
      [
        -0.204867154,
        -0.02841826,
        0.978377163
      ],
      [
        0.130975083,
        -0.991384745,
        -0.0013705719
      ]
    ],
    "translation": [
      1.778358,
      0.9333259,
      -0.8619761
    ]
  },
  {
    "timeStamp": 34220,
    "rotation": [
      [
        0.983633041,
        0.0344650522,
        0.176856384
      ],
      [
        -0.168699712,
        -0.168646425,
        0.971132755
      ],
      [
        0.06329632,
        -0.985073864,
        -0.160071954
      ]
    ],
    "translation": [
      1.83782887,
      0.960216761,
      -0.8075682
    ]
  },
  {
    "timeStamp": 34265,
    "rotation": [
      [
        0.988585532,
        -0.0241667628,
        0.148709908
      ],
      [
        -0.149053782,
        -0.3006637,
        0.94201076
      ],
      [
        0.0219463371,
        -0.953424,
        -0.300833941
      ]
    ],
    "translation": [
      1.88709235,
      0.983831167,
      -0.758954346
    ]
  },
  {
    "timeStamp": 34320,
    "rotation": [
      [
        0.985472858,
        -0.11172691,
        0.127907872
      ],
      [
        -0.161206529,
        -0.378393233,
        0.9114993
      ],
      [
        -0.053439524,
        -0.9188774,
        -0.390907347
      ]
    ],
    "translation": [
      1.94355965,
      1.0079658,
      -0.7141288
    ]
  },
  {
    "timeStamp": 34365,
    "rotation": [
      [
        0.988825738,
        -0.131629974,
        0.06997986
      ],
      [
        -0.122557327,
        -0.450538069,
        0.8843049
      ],
      [
        -0.08487243,
        -0.882999957,
        -0.461635858
      ]
    ],
    "translation": [
      1.9916122,
      1.01474547,
      -0.6822165
    ]
  },
  {
    "timeStamp": 34421,
    "rotation": [
      [
        0.994682252,
        -0.102977067,
        0.00168302935
      ],
      [
        -0.0493892021,
        -0.46259582,
        0.8851925
      ],
      [
        -0.09037597,
        -0.880568445,
        -0.465221852
      ]
    ],
    "translation": [
      2.04321575,
      1.001697,
      -0.6638403
    ]
  },
  {
    "timeStamp": 34465,
    "rotation": [
      [
        0.9986986,
        -0.0509832427,
        0.00137402094
      ],
      [
        -0.0241452251,
        -0.448901445,
        0.893255
      ],
      [
        -0.0449242368,
        -0.8921257,
        -0.449548244
      ]
    ],
    "translation": [
      2.0667963,
      0.9867927,
      -0.6613051
    ]
  },
  {
    "timeStamp": 34519,
    "rotation": [
      [
        0.9999295,
        -0.00392113533,
        -0.01120233
      ],
      [
        0.008379336,
        -0.435218722,
        0.9002858
      ],
      [
        -0.008405604,
        -0.9003162,
        -0.4351552
      ]
    ],
    "translation": [
      2.089834,
      0.964354634,
      -0.6529989
    ]
  },
  {
    "timeStamp": 34571,
    "rotation": [
      [
        0.997308433,
        0.0630707,
        -0.03739042
      ],
      [
        0.06093316,
        -0.4293054,
        0.9011016
      ],
      [
        0.0407812037,
        -0.900954545,
        -0.431992978
      ]
    ],
    "translation": [
      2.111195,
      0.934081852,
      -0.6462183
    ]
  },
  {
    "timeStamp": 34615,
    "rotation": [
      [
        0.990971,
        0.114372,
        -0.0699673146
      ],
      [
        0.111541942,
        -0.4136983,
        0.9035553
      ],
      [
        0.07439607,
        -0.9032014,
        -0.4227203
      ]
    ],
    "translation": [
      2.12665462,
      0.9071632,
      -0.641176641
    ]
  },
  {
    "timeStamp": 34671,
    "rotation": [
      [
        0.9867472,
        0.149982274,
        -0.061929822
      ],
      [
        0.114282288,
        -0.371411026,
        0.921408355
      ],
      [
        0.115193494,
        -0.9162746,
        -0.3836291
      ]
    ],
    "translation": [
      2.132517,
      0.8786439,
      -0.6423819
    ]
  },
  {
    "timeStamp": 34715,
    "rotation": [
      [
        0.980389059,
        0.187368,
        -0.0610782281
      ],
      [
        0.124084815,
        -0.34611994,
        0.92994833
      ],
      [
        0.15310216,
        -0.919290066,
        -0.36258173
      ]
    ],
    "translation": [
      2.133642,
      0.8582668,
      -0.6451637
    ]
  },
  {
    "timeStamp": 34771,
    "rotation": [
      [
        0.9676208,
        0.240550339,
        -0.0764559358
      ],
      [
        0.156801522,
        -0.335499734,
        0.928898931
      ],
      [
        0.197796,
        -0.9108103,
        -0.362355173
      ]
    ],
    "translation": [
      2.13755155,
      0.834906,
      -0.641515255
    ]
  },
  {
    "timeStamp": 34815,
    "rotation": [
      [
        0.960888267,
        0.266394168,
        -0.07568209
      ],
      [
        0.1621326,
        -0.31958577,
        0.9335834
      ],
      [
        0.224514246,
        -0.909339845,
        -0.350277424
      ]
    ],
    "translation": [
      2.13815117,
      0.8186474,
      -0.6398207
    ]
  },
  {
    "timeStamp": 34870,
    "rotation": [
      [
        0.9575604,
        0.282044053,
        -0.05940693
      ],
      [
        0.149272487,
        -0.3089482,
        0.9392916
      ],
      [
        0.24656795,
        -0.9082963,
        -0.337937981
      ]
    ],
    "translation": [
      2.13450861,
      0.803887248,
      -0.6345998
    ]
  },
  {
    "timeStamp": 34915,
    "rotation": [
      [
        0.9515949,
        0.300321341,
        -0.06537755
      ],
      [
        0.162650689,
        -0.311570138,
        0.9361991
      ],
      [
        0.2607909,
        -0.901516,
        -0.34533602
      ]
    ],
    "translation": [
      2.13565779,
      0.791249335,
      -0.628810644
    ]
  },
  {
    "timeStamp": 34972,
    "rotation": [
      [
        0.943146,
        0.3245874,
        -0.0715447143
      ],
      [
        0.174272254,
        -0.299626172,
        0.938005
      ],
      [
        0.283027947,
        -0.8971439,
        -0.33915782
      ]
    ],
    "translation": [
      2.13764644,
      0.775903642,
      -0.6249851
    ]
  },
  {
    "timeStamp": 35018,
    "rotation": [
      [
        0.939687133,
        0.33355695,
        -0.07568247
      ],
      [
        0.176698267,
        -0.283960074,
        0.942414165
      ],
      [
        0.292858,
        -0.8989474,
        -0.325772554
      ]
    ],
    "translation": [
      2.139264,
      0.765592635,
      -0.622727931
    ]
  },
  {
    "timeStamp": 35064,
    "rotation": [
      [
        0.937999547,
        0.337113321,
        -0.0806930661
      ],
      [
        0.182148218,
        -0.28129375,
        0.9421761
      ],
      [
        0.294921666,
        -0.8984589,
        -0.325258017
      ]
    ],
    "translation": [
      2.14093733,
      0.75652796,
      -0.61899066
    ]
  },
  {
    "timeStamp": 35120,
    "rotation": [
      [
        0.935796857,
        0.342741817,
        -0.08253621
      ],
      [
        0.178410336,
        -0.258493,
        0.9493951
      ],
      [
        0.304062366,
        -0.9031663,
        -0.30304563
      ]
    ],
    "translation": [
      2.14209437,
      0.7470791,
      -0.618864357
    ]
  },
  {
    "timeStamp": 35165,
    "rotation": [
      [
        0.9353725,
        0.3443778,
        -0.0805134252
      ],
      [
        0.1740355,
        -0.250019819,
        0.9524714
      ],
      [
        0.307880044,
        -0.9049277,
        -0.293795615
      ]
    ],
    "translation": [
      2.141682,
      0.742482841,
      -0.6176319
    ]
  },
  {
    "timeStamp": 35220,
    "rotation": [
      [
        0.9365604,
        0.343143582,
        -0.07146404
      ],
      [
        0.158009619,
        -0.231341228,
        0.959955335
      ],
      [
        0.312869966,
        -0.9103481,
        -0.27088502
      ]
    ],
    "translation": [
      2.13930535,
      0.7381471,
      -0.619320452
    ]
  },
  {
    "timeStamp": 35265,
    "rotation": [
      [
        0.934736431,
        0.346774369,
        -0.0775584
      ],
      [
        0.164650738,
        -0.229256377,
        0.959339142
      ],
      [
        0.314893454,
        -0.9094993,
        -0.271390945
      ]
    ],
    "translation": [
      2.13982344,
      0.7340626,
      -0.6172309
    ]
  },
  {
    "timeStamp": 35320,
    "rotation": [
      [
        0.9361536,
        0.3432661,
        -0.07605833
      ],
      [
        0.158795208,
        -0.219794065,
        0.96253556
      ],
      [
        0.3136887,
        -0.913158834,
        -0.26027
      ]
    ],
    "translation": [
      2.13976383,
      0.7306142,
      -0.6156245
    ]
  },
  {
    "timeStamp": 35364,
    "rotation": [
      [
        0.934747636,
        0.3468707,
        -0.0769906938
      ],
      [
        0.158574447,
        -0.213354826,
        0.964019656
      ],
      [
        0.317963839,
        -0.9133239,
        -0.254437745
      ]
    ],
    "translation": [
      2.14053583,
      0.728073657,
      -0.6144531
    ]
  },
  {
    "timeStamp": 35420,
    "rotation": [
      [
        0.933181167,
        0.350187719,
        -0.0808788761
      ],
      [
        0.154092133,
        -0.18652831,
        0.970290065
      ],
      [
        0.324697465,
        -0.9179192,
        -0.2280259
      ]
    ],
    "translation": [
      2.14177442,
      0.7243971,
      -0.620256
    ]
  },
  {
    "timeStamp": 35465,
    "rotation": [
      [
        0.9334658,
        0.3487727,
        -0.08366157
      ],
      [
        0.1531203,
        -0.17658551,
        0.972302258
      ],
      [
        0.324339062,
        -0.9204212,
        -0.218240708
      ]
    ],
    "translation": [
      2.142415,
      0.7237208,
      -0.6202388
    ]
  }
]