[
  {
    "timeStamp": 63739,
    "rotation": [
      [
        -0.829946935,
        0.482367456,
        0.280195922
      ],
      [
        0.536560357,
        0.827692568,
        0.1644017
      ],
      [
        -0.152614072,
        0.2867867,
        -0.9457602
      ]
    ],
    "translation": [
      1.27687562,
      0.699063,
      -0.7039819
    ]
  },
  {
    "timeStamp": 63784,
    "rotation": [
      [
        -0.8045329,
        0.5143051,
        0.297013581
      ],
      [
        0.5459069,
        0.8373516,
        0.0287725
      ],
      [
        -0.233906969,
        0.185290188,
        -0.9544397
      ]
    ],
    "translation": [
      1.276938,
      0.707239747,
      -0.7048892
    ]
  },
  {
    "timeStamp": 63839,
    "rotation": [
      [
        -0.7158271,
        0.5881054,
        0.376462042
      ],
      [
        0.658301651,
        0.7481701,
        0.0829494148
      ],
      [
        -0.232874617,
        0.307203,
        -0.9227111
      ]
    ],
    "translation": [
      1.27313626,
      0.726676047,
      -0.7352613
    ]
  },
  {
    "timeStamp": 63884,
    "rotation": [
      [
        -0.6768094,
        0.5884468,
        0.442334026
      ],
      [
        0.6990261,
        0.7021421,
        0.135495141
      ],
      [
        -0.230849653,
        0.4009074,
        -0.8865561
      ]
    ],
    "translation": [
      1.28594625,
      0.744575858,
      -0.7698423
    ]
  },
  {
    "timeStamp": 63940,
    "rotation": [
      [
        -0.638574243,
        0.5470264,
        0.5412809
      ],
      [
        0.715215743,
        0.6814876,
        0.155051917
      ],
      [
        -0.28405875,
        0.486144781,
        -0.826422334
      ]
    ],
    "translation": [
      1.31955993,
      0.7643226,
      -0.8204667
    ]
  },
  {
    "timeStamp": 63985,
    "rotation": [
      [
        -0.5944432,
        0.5447586,
        0.5915026
      ],
      [
        0.742734432,
        0.653867543,
        0.144231781
      ],
      [
        -0.308192849,
        0.525067,
        -0.793298066
      ]
    ],
    "translation": [
      1.35477889,
      0.7829737,
      -0.8532295
    ]
  },
  {
    "timeStamp": 64040,
    "rotation": [
      [
        -0.588186562,
        0.5518946,
        0.591142058
      ],
      [
        0.762001455,
        0.62305814,
        0.176500022
      ],
      [
        -0.270906448,
        0.554266036,
        -0.787018955
      ]
    ],
    "translation": [
      1.40836537,
      0.7975478,
      -0.8853943
    ]
  },
  {
    "timeStamp": 64084,
    "rotation": [
      [
        -0.6146378,
        0.562125146,
        0.5533856
      ],
      [
        0.7550836,
        0.622221768,
        0.2066126
      ],
      [
        -0.228186443,
        0.5448443,
        -0.8068925
      ]
    ],
    "translation": [
      1.4560672,
      0.8033953,
      -0.9005534
    ]
  },
  {
    "timeStamp": 64140,
    "rotation": [
      [
        -0.634441733,
        0.621244669,
        0.45993346
      ],
      [
        0.7612005,
        0.605585337,
        0.232035041
      ],
      [
        -0.134378418,
        0.497314274,
        -0.857100368
      ]
    ],
    "translation": [
      1.51618183,
      0.816700935,
      -0.904139161
    ]
  },
  {
    "timeStamp": 64185,
    "rotation": [
      [
        -0.652435541,
        0.677306354,
        0.33997637
      ],
      [
        0.7572341,
        0.600627363,
        0.2565995
      ],
      [
        -0.0304026566,
        0.424856335,
        -0.904750049
      ]
    ],
    "translation": [
      1.56614709,
      0.8279792,
      -0.8936069
    ]
  },
  {
    "timeStamp": 64240,
    "rotation": [
      [
        -0.6553822,
        0.7348239,
        0.1746653
      ],
      [
        0.7498719,
        0.6053687,
        0.266872346
      ],
      [
        0.090367265,
        0.30588,
        -0.947771668
      ]
    ],
    "translation": [
      1.63260126,
      0.840682,
      -0.8705212
    ]
  },
  {
    "timeStamp": 64285,
    "rotation": [
      [
        -0.6388748,
        0.7686579,
        0.03168574
      ],
      [
        0.7492163,
        0.61230737,
        0.2524968
      ],
      [
        0.17468226,
        0.185053334,
        -0.9670788
      ]
    ],
    "translation": [
      1.68789816,
      0.852301,
      -0.8452014
    ]
  },
  {
    "timeStamp": 64340,
    "rotation": [
      [
        -0.611875653,
        0.779238939,
        -0.135627538
      ],
      [
        0.7525408,
        0.626325369,
        0.203467011
      ],
      [
        0.243496388,
        0.0224312562,
        -0.9696424
      ]
    ],
    "translation": [
      1.75909889,
      0.868479967,
      -0.811863244
    ]
  },
  {
    "timeStamp": 64384,
    "rotation": [
      [
        -0.5991274,
        0.755308449,
        -0.265622675
      ],
      [
        0.7556571,
        0.6430831,
        0.124203324
      ],
      [
        0.264629275,
        -0.126306042,
        -0.9560429
      ]
    ],
    "translation": [
      1.8184371,
      0.885062456,
      -0.785008
    ]
  },
  {
    "timeStamp": 64440,
    "rotation": [
      [
        -0.5412364,
        0.7243118,
        -0.427124768
      ],
      [
        0.778956056,
        0.6231894,
        0.0697316453
      ],
      [
        0.316687077,
        -0.2949701,
        -0.901499867
      ]
    ],
    "translation": [
      1.89095211,
      0.908490241,
      -0.7567959
    ]
  },
  {
    "timeStamp": 64484,
    "rotation": [
      [
        -0.5378653,
        0.6603392,
        -0.524073541
      ],
      [
        0.783618152,
        0.620854735,
        -0.02195552
      ],
      [
        0.310875446,
        -0.422482669,
        -0.851389945
      ]
    ],
    "translation": [
      1.94694972,
      0.927552044,
      -0.7381202
    ]
  },
  {
    "timeStamp": 64540,
    "rotation": [
      [
        -0.537807,
        0.5782505,
        -0.6135063
      ],
      [
        0.778545558,
        0.6198492,
        -0.09825349
      ],
      [
        0.323466271,
        -0.530484,
        -0.7835536
      ]
    ],
    "translation": [
      2.01014733,
      0.941081464,
      -0.7216013
    ]
  },
  {
    "timeStamp": 64584,
    "rotation": [
      [
        -0.5467118,
        0.5072968,
        -0.6661502
      ],
      [
        0.749679744,
        0.6509086,
        -0.119575009
      ],
      [
        0.372942924,
        -0.5647724,
        -0.7361696
      ]
    ],
    "translation": [
      2.05545163,
      0.937099457,
      -0.7123161
    ]
  },
  {
    "timeStamp": 64640,
    "rotation": [
      [
        -0.5454859,
        0.429564774,
        -0.719666064
      ],
      [
        0.725035965,
        0.672602654,
        -0.148083225
      ],
      [
        0.420437932,
        -0.602561057,
        -0.678345144
      ]
    ],
    "translation": [
      2.103056,
      0.927037,
      -0.7013038
    ]
  },
  {
    "timeStamp": 64686,
    "rotation": [
      [
        -0.573950946,
        0.3885465,
        -0.72084105
      ],
      [
        0.688396752,
        0.70567,
        -0.167748988
      ],
      [
        0.443497658,
        -0.5925044,
        -0.6724942
      ]
    ],
    "translation": [
      2.12648273,
      0.9136481,
      -0.692143738
    ]
  },
  {
    "timeStamp": 64735,
    "rotation": [
      [
        -0.6209731,
        0.349494249,
        -0.7016026
      ],
      [
        0.637785435,
        0.745623767,
        -0.193067133
      ],
      [
        0.455655664,
        -0.5673614,
        -0.6859147
      ]
    ],
    "translation": [
      2.1441884,
      0.89523983,
      -0.680796564
    ]
  },
  {
    "timeStamp": 64790,
    "rotation": [
      [
        -0.6299163,
        0.3423459,
        -0.6971404
      ],
      [
        0.623927057,
        0.7575985,
        -0.191727683
      ],
      [
        0.462515324,
        -0.555737138,
        -0.690822542
      ]
    ],
    "translation": [
      2.15360856,
      0.8803663,
      -0.6697593
    ]
  },
  {
    "timeStamp": 64835,
    "rotation": [
      [
        -0.659044445,
        0.321903676,
        -0.6797341
      ],
      [
        0.591442764,
        0.780115247,
        -0.203999043
      ],
      [
        0.464602917,
        -0.536468267,
        -0.704518259
      ]
    ],
    "translation": [
      2.15888262,
      0.8677533,
      -0.664019763
    ]
  },
  {
    "timeStamp": 64890,
    "rotation": [
      [
        -0.667710245,
        0.306659281,
        -0.678323746
      ],
      [
        0.572272658,
        0.794216156,
        -0.204266131
      ],
      [
        0.476095557,
        -0.5245767,
        -0.705799
      ]
    ],
    "translation": [
      2.16376042,
      0.8576239,
      -0.6591734
    ]
  },
  {
    "timeStamp": 64935,
    "rotation": [
      [
        -0.673013866,
        0.307984233,
        -0.672456741
      ],
      [
        0.5732517,
        0.79171294,
        -0.211123258
      ],
      [
        0.4673701,
        -0.5275759,
        -0.7093862
      ]
    ],
    "translation": [
      2.16381764,
      0.8590023,
      -0.6564533
    ]
  }
]