[
  {
    "timeStamp": 56377,
    "rotation": [
      [
        0.9999561,
        -0.00411350233,
        0.008420071
      ],
      [
        -0.008475441,
        -0.0136338174,
        0.999871135
      ],
      [
        -0.003998175,
        -0.999898553,
        -0.0136680827
      ]
    ],
    "translation": [
      1.61596692,
      0.7011162,
      -0.750029147
    ]
  },
  {
    "timeStamp": 56432,
    "rotation": [
      [
        0.999035239,
        0.00478882,
        0.0436535552
      ],
      [
        -0.04366379,
        0.00205343682,
        0.9990442
      ],
      [
        0.004694604,
        -0.9999864,
        0.00226055365
      ]
    ],
    "translation": [
      1.61338353,
      0.7076186,
      -0.7544107
    ]
  },
  {
    "timeStamp": 56477,
    "rotation": [
      [
        0.9965043,
        0.008595458,
        0.08309759
      ],
      [
        -0.08304711,
        -0.006073903,
        0.996527135
      ],
      [
        0.00907033,
        -0.999944568,
        -0.00533884251
      ]
    ],
    "translation": [
      1.6124748,
      0.7232891,
      -0.759674847
    ]
  },
  {
    "timeStamp": 56532,
    "rotation": [
      [
        0.9864783,
        0.0308505073,
        0.160962284
      ],
      [
        -0.161179587,
        0.004674797,
        0.986914039
      ],
      [
        0.0296943337,
        -0.9995131,
        0.009584057
      ]
    ],
    "translation": [
      1.61170638,
      0.754032,
      -0.7741295
    ]
  },
  {
    "timeStamp": 56577,
    "rotation": [
      [
        0.975595534,
        0.07348854,
        0.206912443
      ],
      [
        -0.208493754,
        0.0144569455,
        0.977916837
      ],
      [
        0.06887436,
        -0.9971913,
        0.0294260345
      ]
    ],
    "translation": [
      1.61703658,
      0.7811289,
      -0.792594135
    ]
  },
  {
    "timeStamp": 56633,
    "rotation": [
      [
        0.9574955,
        0.08956586,
        0.274190247
      ],
      [
        -0.276907772,
        0.0192290321,
        0.9607041
      ],
      [
        0.0807738751,
        -0.99579525,
        0.0432131961
      ]
    ],
    "translation": [
      1.63445258,
      0.817819357,
      -0.8123219
    ]
  },
  {
    "timeStamp": 56677,
    "rotation": [
      [
        0.94488126,
        0.073128216,
        0.3191419
      ],
      [
        -0.319208771,
        -0.0110859908,
        0.947619557
      ],
      [
        0.07283573,
        -0.997260869,
        0.0128682228
      ]
    ],
    "translation": [
      1.65694761,
      0.847586036,
      -0.8181545
    ]
  },
  {
    "timeStamp": 56732,
    "rotation": [
      [
        0.935566247,
        -0.002992161,
        0.3531386
      ],
      [
        -0.352707356,
        -0.0580380969,
        0.933932066
      ],
      [
        0.0177010149,
        -0.998309851,
        -0.0553538427
      ]
    ],
    "translation": [
      1.69921017,
      0.880984,
      -0.8095478
    ]
  },
  {
    "timeStamp": 56777,
    "rotation": [
      [
        0.9259673,
        -0.103034534,
        0.363274634
      ],
      [
        -0.372315079,
        -0.08867327,
        0.923860669
      ],
      [
        -0.0629768,
        -0.990717351,
        -0.120469853
      ]
    ],
    "translation": [
      1.74363959,
      0.9057036,
      -0.7932629
    ]
  },
  {
    "timeStamp": 56832,
    "rotation": [
      [
        0.9157922,
        -0.227552459,
        0.3309751
      ],
      [
        -0.3715487,
        -0.16694282,
        0.9132807
      ],
      [
        -0.15256536,
        -0.959348738,
        -0.23743175
      ]
    ],
    "translation": [
      1.80878055,
      0.9347353,
      -0.766627252
    ]
  },
  {
    "timeStamp": 56877,
    "rotation": [
      [
        0.9020617,
        -0.327551126,
        0.281060576
      ],
      [
        -0.3627682,
        -0.222576827,
        0.9049082
      ],
      [
        -0.233846128,
        -0.9182428,
        -0.319603145
      ]
    ],
    "translation": [
      1.86628973,
      0.95299685,
      -0.7443076
    ]
  },
  {
    "timeStamp": 56932,
    "rotation": [
      [
        0.8874818,
        -0.423939735,
        0.180696145
      ],
      [
        -0.317162663,
        -0.277407944,
        0.906891763
      ],
      [
        -0.3343409,
        -0.86216,
        -0.380652368
      ]
    ],
    "translation": [
      1.93856692,
      0.962544858,
      -0.721078336
    ]
  },
  {
    "timeStamp": 56977,
    "rotation": [
      [
        0.875753,
        -0.4710835,
        0.105532393
      ],
      [
        -0.272453517,
        -0.301830679,
        0.9136013
      ],
      [
        -0.398529559,
        -0.828841746,
        -0.392677456
      ]
    ],
    "translation": [
      1.991167,
      0.9599682,
      -0.7094458
    ]
  },
  {
    "timeStamp": 57032,
    "rotation": [
      [
        0.8528398,
        -0.521702468,
        0.0221521519
      ],
      [
        -0.214922935,
        -0.312044472,
        0.925438464
      ],
      [
        -0.475891083,
        -0.7940118,
        -0.3782498
      ]
    ],
    "translation": [
      2.04621625,
      0.948033154,
      -0.697866738
    ]
  },
  {
    "timeStamp": 57079,
    "rotation": [
      [
        0.85399884,
        -0.518378139,
        -0.0443843864
      ],
      [
        -0.150240719,
        -0.327386975,
        0.9328695
      ],
      [
        -0.49811,
        -0.790001154,
        -0.357469618
      ]
    ],
    "translation": [
      2.07747149,
      0.9309578,
      -0.69382906
    ]
  },
  {
    "timeStamp": 57127,
    "rotation": [
      [
        0.843437552,
        -0.531655848,
        -0.0771695748
      ],
      [
        -0.120264754,
        -0.3268541,
        0.93739146
      ],
      [
        -0.5235929,
        -0.7813504,
        -0.339620471
      ]
    ],
    "translation": [
      2.10675836,
      0.912726,
      -0.6885234
    ]
  },
  {
    "timeStamp": 57183,
    "rotation": [
      [
        0.854469359,
        -0.5050095,
        -0.121850796
      ],
      [
        -0.06448378,
        -0.335842431,
        0.9397083
      ],
      [
        -0.5154842,
        -0.79509455,
        -0.319532
      ]
    ],
    "translation": [
      2.12349415,
      0.8923699,
      -0.6850874
    ]
  },
  {
    "timeStamp": 57227,
    "rotation": [
      [
        0.8513993,
        -0.5148983,
        -0.09999488
      ],
      [
        -0.0779342949,
        -0.312708378,
        0.9466466
      ],
      [
        -0.518695951,
        -0.7981812,
        -0.306367934
      ]
    ],
    "translation": [
      2.12857771,
      0.879862547,
      -0.681936145
    ]
  },
  {
    "timeStamp": 57283,
    "rotation": [
      [
        0.8617579,
        -0.494229525,
        -0.114501044
      ],
      [
        -0.04519861,
        -0.299595952,
        0.952994943
      ],
      [
        -0.5053023,
        -0.8160756,
        -0.2805177
      ]
    ],
    "translation": [
      2.13339114,
      0.8632753,
      -0.6808949
    ]
  },
  {
    "timeStamp": 57327,
    "rotation": [
      [
        0.861067057,
        -0.499885947,
        -0.09315367
      ],
      [
        -0.06493239,
        -0.289790452,
        0.954884946
      ],
      [
        -0.5043286,
        -0.8161712,
        -0.281987816
      ]
    ],
    "translation": [
      2.13268042,
      0.8555992,
      -0.67786473
    ]
  },
  {
    "timeStamp": 57383,
    "rotation": [
      [
        0.870315969,
        -0.477918416,
        -0.118929334
      ],
      [
        -0.0320308767,
        -0.29590115,
        0.9546814
      ],
      [
        -0.4914511,
        -0.827065051,
        -0.2728356
      ]
    ],
    "translation": [
      2.13577461,
      0.842877269,
      -0.675367057
    ]
  },
  {
    "timeStamp": 57427,
    "rotation": [
      [
        0.867409,
        -0.485339731,
        -0.109758921
      ],
      [
        -0.035926614,
        -0.281087458,
        0.959009469
      ],
      [
        -0.49629724,
        -0.8279102,
        -0.2612544
      ]
    ],
    "translation": [
      2.136562,
      0.8350744,
      -0.6733983
    ]
  },
  {
    "timeStamp": 57483,
    "rotation": [
      [
        0.8684329,
        -0.4805288,
        -0.122133233
      ],
      [
        -0.02418025,
        -0.2870871,
        0.9575992
      ],
      [
        -0.495216876,
        -0.8286574,
        -0.2609352
      ]
    ],
    "translation": [
      2.13986063,
      0.8275437,
      -0.6701499
    ]
  },
  {
    "timeStamp": 57528,
    "rotation": [
      [
        0.861622155,
        -0.49189046,
        -0.125104308
      ],
      [
        -0.0215212367,
        -0.281672269,
        0.9592693
      ],
      [
        -0.5070938,
        -0.823835254,
        -0.253281146
      ]
    ],
    "translation": [
      2.14239526,
      0.821576357,
      -0.667612553
    ]
  },
  {
    "timeStamp": 57573,
    "rotation": [
      [
        0.860386431,
        -0.492958575,
        -0.1293333
      ],
      [
        -0.012108909,
        -0.2734743,
        0.9618031
      ],
      [
        -0.5094984,
        -0.8259562,
        -0.241262764
      ]
    ],
    "translation": [
      2.14343643,
      0.81541574,
      -0.667403162
    ]
  },
  {
    "timeStamp": 57631,
    "rotation": [
      [
        0.85721606,
        -0.496337622,
        -0.137220845
      ],
      [
        0.00159354985,
        -0.2639125,
        0.9645453
      ],
      [
        -0.5149544,
        -0.8270424,
        -0.225439116
      ]
    ],
    "translation": [
      2.14335418,
      0.8101667,
      -0.6676102
    ]
  }
]