[
  {
    "timeStamp": 24103,
    "rotation": [
      [
        -0.9999978,
        0.0009294138,
        -0.00187235943
      ],
      [
        -0.00187690312,
        -0.004912185,
        0.9999862
      ],
      [
        0.0009202023,
        0.9999875,
        0.00491391867
      ]
    ],
    "translation": [
      1.15402544,
      0.701988935,
      -0.7498652
    ]
  },
  {
    "timeStamp": 24147,
    "rotation": [
      [
        -0.9999215,
        -0.012251284,
        -0.00261820271
      ],
      [
        -0.00258509186,
        -0.00271768845,
        0.999992967
      ],
      [
        -0.0122583127,
        0.9999212,
        0.00268580462
      ]
    ],
    "translation": [
      1.153879,
      0.702450037,
      -0.74915
    ]
  },
  {
    "timeStamp": 24204,
    "rotation": [
      [
        -0.99976635,
        -0.00104859367,
        0.0215885118
      ],
      [
        0.0215862524,
        0.00212003756,
        0.99976474
      ],
      [
        -0.00109411567,
        0.9999972,
        -0.002096907
      ]
    ],
    "translation": [
      1.15650058,
      0.7109056,
      -0.7502911
    ]
  },
  {
    "timeStamp": 24247,
    "rotation": [
      [
        -0.996724367,
        -0.0176877156,
        0.0789161
      ],
      [
        0.07959845,
        -0.0419293568,
        0.9959448
      ],
      [
        -0.0143070975,
        0.998964,
        0.0431999266
      ]
    ],
    "translation": [
      1.15649831,
      0.7333598,
      -0.7704223
    ]
  },
  {
    "timeStamp": 24302,
    "rotation": [
      [
        -0.9839277,
        -0.0829635262,
        0.158124492
      ],
      [
        0.167618364,
        -0.123802163,
        0.9780476
      ],
      [
        -0.0615661331,
        0.9888327,
        0.135718584
      ]
    ],
    "translation": [
      1.16229618,
      0.77188015,
      -0.8205263
    ]
  },
  {
    "timeStamp": 24347,
    "rotation": [
      [
        -0.973131239,
        -0.170536757,
        0.154702559
      ],
      [
        0.193906784,
        -0.244678348,
        0.9500172
      ],
      [
        -0.1241605,
        0.9544893,
        0.271172374
      ]
    ],
    "translation": [
      1.19535029,
      0.7972325,
      -0.8870715
    ]
  },
  {
    "timeStamp": 24403,
    "rotation": [
      [
        -0.9561999,
        -0.273444265,
        0.104450785
      ],
      [
        0.194304913,
        -0.326063752,
        0.9251638
      ],
      [
        -0.218923122,
        0.90493685,
        0.3649137
      ]
    ],
    "translation": [
      1.26708424,
      0.8110255,
      -0.9625981
    ]
  },
  {
    "timeStamp": 24447,
    "rotation": [
      [
        -0.957484961,
        -0.283870816,
        0.0513805673
      ],
      [
        0.185487732,
        -0.469387352,
        0.863290131
      ],
      [
        -0.220945492,
        0.8361178,
        0.502085865
      ]
    ],
    "translation": [
      1.32872987,
      0.8206767,
      -1.01835024
    ]
  },
  {
    "timeStamp": 24503,
    "rotation": [
      [
        -0.9569553,
        -0.289902478,
        -0.0138954474
      ],
      [
        0.163161933,
        -0.5769507,
        0.8003162
      ],
      [
        -0.240030631,
        0.763599634,
        0.5994171
      ]
    ],
    "translation": [
      1.41682017,
      0.831782341,
      -1.0774827
    ]
  },
  {
    "timeStamp": 24547,
    "rotation": [
      [
        -0.9652709,
        -0.260661036,
        -0.0175475385
      ],
      [
        0.159267828,
        -0.640376568,
        0.751366436
      ],
      [
        -0.207088992,
        0.7224774,
        0.6596518
      ]
    ],
    "translation": [
      1.47044671,
      0.840402961,
      -1.100379
    ]
  },
  {
    "timeStamp": 24603,
    "rotation": [
      [
        -0.9818692,
        -0.18723698,
        0.0295840073
      ],
      [
        0.15287061,
        -0.689843953,
        0.707634032
      ],
      [
        -0.112086907,
        0.6993266,
        0.705959558
      ]
    ],
    "translation": [
      1.52067292,
      0.8590542,
      -1.11000645
    ]
  },
  {
    "timeStamp": 24647,
    "rotation": [
      [
        -0.9877329,
        -0.100817412,
        0.119245984
      ],
      [
        0.1559873,
        -0.6722044,
        0.7237466
      ],
      [
        0.00719142566,
        0.7334692,
        0.679684639
      ]
    ],
    "translation": [
      1.54978061,
      0.864129961,
      -1.08625019
    ]
  },
  {
    "timeStamp": 24703,
    "rotation": [
      [
        -0.9625452,
        -0.0101822093,
        0.270929873
      ],
      [
        0.20229584,
        -0.6922857,
        0.6926881
      ],
      [
        0.180507809,
        0.7215516,
        0.668416142
      ]
    ],
    "translation": [
      1.56831932,
      0.897381067,
      -1.047533
    ]
  },
  {
    "timeStamp": 24747,
    "rotation": [
      [
        -0.925217867,
        0.0700384751,
        0.372916251
      ],
      [
        0.2417774,
        -0.648631454,
        0.7216793
      ],
      [
        0.2924305,
        0.757873237,
        0.5831917
      ]
    ],
    "translation": [
      1.59707117,
      0.918520451,
      -0.999611259
    ]
  },
  {
    "timeStamp": 24803,
    "rotation": [
      [
        -0.861456931,
        0.15950036,
        0.482132345
      ],
      [
        0.311193436,
        -0.584455,
        0.7493804
      ],
      [
        0.4013111,
        0.7955954,
        0.453847349
      ]
    ],
    "translation": [
      1.63253355,
      0.9556787,
      -0.9290411
    ]
  },
  {
    "timeStamp": 24847,
    "rotation": [
      [
        -0.807629466,
        0.227291435,
        0.5441261
      ],
      [
        0.370682538,
        -0.521949768,
        0.7682206
      ],
      [
        0.458616436,
        0.8221356,
        0.337289065
      ]
    ],
    "translation": [
      1.67322254,
      0.990340948,
      -0.885617256
    ]
  },
  {
    "timeStamp": 24903,
    "rotation": [
      [
        -0.750658,
        0.334042579,
        0.5700247
      ],
      [
        0.458786815,
        -0.357289732,
        0.813547
      ],
      [
        0.475423336,
        0.872215331,
        0.114948042
      ]
    ],
    "translation": [
      1.73793244,
      1.0263145,
      -0.8045736
    ]
  },
  {
    "timeStamp": 24947,
    "rotation": [
      [
        -0.7563984,
        0.4364229,
        0.487233579
      ],
      [
        0.454533577,
        -0.184968323,
        0.8713128
      ],
      [
        0.470383644,
        0.880523562,
        -0.0584591329
      ]
    ],
    "translation": [
      1.81038845,
      1.04239058,
      -0.757988751
    ]
  },
  {
    "timeStamp": 25003,
    "rotation": [
      [
        -0.775687,
        0.5303137,
        0.342165232
      ],
      [
        0.405069351,
        0.00258603459,
        0.9142823
      ],
      [
        0.483971566,
        0.8477975,
        -0.216819778
      ]
    ],
    "translation": [
      1.918574,
      1.05157685,
      -0.7034495
    ]
  },
  {
    "timeStamp": 25047,
    "rotation": [
      [
        -0.7969392,
        0.5321995,
        0.285747319
      ],
      [
        0.370094448,
        0.0563199446,
        0.9272854
      ],
      [
        0.477407575,
        0.84474355,
        -0.241847649
      ]
    ],
    "translation": [
      1.97727942,
      1.05910158,
      -0.69381
    ]
  },
  {
    "timeStamp": 25103,
    "rotation": [
      [
        -0.8444612,
        0.494856566,
        0.204944491
      ],
      [
        0.2937045,
        0.107843682,
        0.949793339
      ],
      [
        0.4479095,
        0.862256765,
        -0.236411408
      ]
    ],
    "translation": [
      2.04458976,
      1.0477618,
      -0.6900795
    ]
  },
  {
    "timeStamp": 25147,
    "rotation": [
      [
        -0.8809877,
        0.466044337,
        0.08162911
      ],
      [
        0.172742754,
        0.156207919,
        0.9725014
      ],
      [
        0.440477639,
        0.8708626,
        -0.218123049
      ]
    ],
    "translation": [
      2.09911966,
      1.02202678,
      -0.686679244
    ]
  },
  {
    "timeStamp": 25203,
    "rotation": [
      [
        -0.8996535,
        0.435180366,
        -0.0352384374
      ],
      [
        0.0645469055,
        0.212392613,
        0.9750503
      ],
      [
        0.431807131,
        0.8749328,
        -0.219169289
      ]
    ],
    "translation": [
      2.16468859,
      0.9894235,
      -0.6758476
    ]
  },
  {
    "timeStamp": 25247,
    "rotation": [
      [
        -0.90934664,
        0.415119976,
        -0.02764265
      ],
      [
        0.0452940166,
        0.164828867,
        0.985281646
      ],
      [
        0.413566381,
        0.8947105,
        -0.168689027
      ]
    ],
    "translation": [
      2.17988586,
      0.9653643,
      -0.6809871
    ]
  },
  {
    "timeStamp": 25309,
    "rotation": [
      [
        -0.9232759,
        0.361551225,
        -0.129778028
      ],
      [
        -0.0459120646,
        0.231559381,
        0.9717368
      ],
      [
        0.3813839,
        0.9031395,
        -0.197193637
      ]
    ],
    "translation": [
      2.22311115,
      0.932539344,
      -0.668898165
    ]
  },
  {
    "timeStamp": 25344,
    "rotation": [
      [
        -0.9352107,
        0.311117649,
        -0.169076174
      ],
      [
        -0.09162789,
        0.248596042,
        0.9642636
      ],
      [
        0.342031121,
        0.917281747,
        -0.203982621
      ]
    ],
    "translation": [
      2.243449,
      0.9051292,
      -0.6649509
    ]
  },
  {
    "timeStamp": 25397,
    "rotation": [
      [
        -0.9481036,
        0.271828741,
        -0.164950639
      ],
      [
        -0.09478082,
        0.253576756,
        0.9626606
      ],
      [
        0.303506464,
        0.928336143,
        -0.2146529
      ]
    ],
    "translation": [
      2.25144625,
      0.872082233,
      -0.6627448
    ]
  },
  {
    "timeStamp": 25453,
    "rotation": [
      [
        -0.9519476,
        0.22411634,
        -0.208728537
      ],
      [
        -0.134146467,
        0.307552874,
        0.942027569
      ],
      [
        0.275318831,
        0.924761057,
        -0.2627098
      ]
    ],
    "translation": [
      2.26862121,
      0.839370251,
      -0.646270752
    ]
  },
  {
    "timeStamp": 25497,
    "rotation": [
      [
        -0.9642802,
        0.211129934,
        -0.159962192
      ],
      [
        -0.106044188,
        0.245688543,
        0.9635309
      ],
      [
        0.242731079,
        0.9460768,
        -0.214523479
      ]
    ],
    "translation": [
      2.2657752,
      0.820815444,
      -0.6532991
    ]
  },
  {
    "timeStamp": 25553,
    "rotation": [
      [
        -0.968982637,
        0.18483147,
        -0.164042592
      ],
      [
        -0.112776853,
        0.259921044,
        0.9590216
      ],
      [
        0.219895482,
        0.947775543,
        -0.231014252
      ]
    ],
    "translation": [
      2.2689414,
      0.8026235,
      -0.6448595
    ]
  },
  {
    "timeStamp": 25597,
    "rotation": [
      [
        -0.9716911,
        0.1826671,
        -0.149830729
      ],
      [
        -0.106464654,
        0.227590576,
        0.96791935
      ],
      [
        0.210907057,
        0.956470251,
        -0.201700136
      ]
    ],
    "translation": [
      2.2681272,
      0.788491,
      -0.6453788
    ]
  },
  {
    "timeStamp": 25653,
    "rotation": [
      [
        -0.973203242,
        0.17699936,
        -0.146787554
      ],
      [
        -0.105462559,
        0.22368288,
        0.9689394
      ],
      [
        0.204335526,
        0.9584556,
        -0.199022114
      ]
    ],
    "translation": [
      2.26850677,
      0.777533352,
      -0.638843656
    ]
  },
  {
    "timeStamp": 25697,
    "rotation": [
      [
        -0.9756695,
        0.164207175,
        -0.145275444
      ],
      [
        -0.106840327,
        0.222519219,
        0.9690564
      ],
      [
        0.191452578,
        0.9610001,
        -0.199561283
      ]
    ],
    "translation": [
      2.26937413,
      0.7715874,
      -0.6336175
    ]
  },
  {
    "timeStamp": 25754,
    "rotation": [
      [
        -0.978386462,
        0.172971353,
        -0.113317266
      ],
      [
        -0.07929816,
        0.192259252,
        0.978135049
      ],
      [
        0.190975651,
        0.965979934,
        -0.174387529
      ]
    ],
    "translation": [
      2.2594223,
      0.767572343,
      -0.6346443
    ]
  },
  {
    "timeStamp": 25799,
    "rotation": [
      [
        -0.980922163,
        0.156722724,
        -0.1150204
      ],
      [
        -0.08158074,
        0.205184251,
        0.975317359
      ],
      [
        0.1764548,
        0.9660939,
        -0.188484222
      ]
    ],
    "translation": [
      2.25953126,
      0.765259743,
      -0.6280018
    ]
  },
  {
    "timeStamp": 25845,
    "rotation": [
      [
        -0.982925951,
        0.146295,
        -0.111598946
      ],
      [
        -0.0811236352,
        0.199829921,
        0.9764666
      ],
      [
        0.165152967,
        0.9688477,
        -0.184550047
      ]
    ],
    "translation": [
      2.25925374,
      0.7616532,
      -0.625843167
    ]
  },
  {
    "timeStamp": 25901,
    "rotation": [
      [
        -0.98492974,
        0.129511178,
        -0.114631213
      ],
      [
        -0.08736738,
        0.1994432,
        0.976006866
      ],
      [
        0.1492662,
        0.9713132,
        -0.18512249
      ]
    ],
    "translation": [
      2.25865531,
      0.757220447,
      -0.623635232
    ]
  },
  {
    "timeStamp": 25946,
    "rotation": [
      [
        -0.9865591,
        0.109093674,
        -0.121654421
      ],
      [
        -0.09704617,
        0.20780243,
        0.973344862
      ],
      [
        0.131465837,
        0.9720683,
        -0.194422245
      ]
    ],
    "translation": [
      2.2604537,
      0.7546661,
      -0.620182633
    ]
  },
  {
    "timeStamp": 26002,
    "rotation": [
      [
        -0.9871202,
        0.09830231,
        -0.1262155
      ],
      [
        -0.103342749,
        0.21043475,
        0.9721304
      ],
      [
        0.122122765,
        0.972653031,
        -0.197565556
      ]
    ],
    "translation": [
      2.26179385,
      0.752956152,
      -0.6171563
    ]
  },
  {
    "timeStamp": 26047,
    "rotation": [
      [
        -0.98857975,
        0.07593486,
        -0.130168959
      ],
      [
        -0.111041039,
        0.216920823,
        0.9698532
      ],
      [
        0.101882,
        0.9732314,
        -0.206011653
      ]
    ],
    "translation": [
      2.26355958,
      0.752867,
      -0.615468144
    ]
  },
  {
    "timeStamp": 26102,
    "rotation": [
      [
        -0.9891749,
        0.07625098,
        -0.125374421
      ],
      [
        -0.106966019,
        0.210214034,
        0.971786141
      ],
      [
        0.10045512,
        0.974677265,
        -0.1997822
      ]
    ],
    "translation": [
      2.26373672,
      0.7528953,
      -0.6149154
    ]
  },
  {
    "timeStamp": 26146,
    "rotation": [
      [
        -0.9908702,
        0.0653164461,
        -0.117941067
      ],
      [
        -0.102478564,
        0.203544661,
        0.9736877
      ],
      [
        0.08760408,
        0.976884544,
        -0.1949928
      ]
    ],
    "translation": [
      2.2624476,
      0.7524708,
      -0.6147984
    ]
  },
  {
    "timeStamp": 26202,
    "rotation": [
      [
        -0.9914432,
        0.06632778,
        -0.112431847
      ],
      [
        -0.09829264,
        0.1874484,
        0.977344155
      ],
      [
        0.08590026,
        0.980032444,
        -0.17932491
      ]
    ],
    "translation": [
      2.263116,
      0.7500269,
      -0.6156118
    ]
  },
  {
    "timeStamp": 26243,
    "rotation": [
      [
        -0.992217362,
        0.07074643,
        -0.1024675
      ],
      [
        -0.08909246,
        0.171540886,
        0.9811403
      ],
      [
        0.0869895145,
        0.982633531,
        -0.163902864
      ]
    ],
    "translation": [
      2.26034427,
      0.7489498,
      -0.619392633
    ]
  },
  {
    "timeStamp": 26297,
    "rotation": [
      [
        -0.992117941,
        0.07291541,
        -0.101908386
      ],
      [
        -0.08960531,
        0.155683786,
        0.9837344
      ],
      [
        0.08759489,
        0.9851121,
        -0.147923082
      ]
    ],
    "translation": [
      2.26093221,
      0.746703148,
      -0.6220519
    ]
  },
  {
    "timeStamp": 26352,
    "rotation": [
      [
        -0.991857469,
        0.07738408,
        -0.101145729
      ],
      [
        -0.08898315,
        0.147078052,
        0.9851142
      ],
      [
        0.0911084861,
        0.986093163,
        -0.138994589
      ]
    ],
    "translation": [
      2.26271749,
      0.7450346,
      -0.621953845
    ]
  },
  {
    "timeStamp": 26393,
    "rotation": [
      [
        -0.9921643,
        0.0794757,
        -0.09640261
      ],
      [
        -0.08401749,
        0.1466657,
        0.9856116
      ],
      [
        0.0924711153,
        0.9859882,
        -0.138839141
      ]
    ],
    "translation": [
      2.261849,
      0.7446891,
      -0.621087134
    ]
  },
  {
    "timeStamp": 26453,
    "rotation": [
      [
        -0.9911348,
        0.08023827,
        -0.105893992
      ],
      [
        -0.09292191,
        0.151022419,
        0.98415333
      ],
      [
        0.09495911,
        0.985268533,
        -0.142227679
      ]
    ],
    "translation": [
      2.26599526,
      0.742740154,
      -0.617879748
    ]
  },
  {
    "timeStamp": 26497,
    "rotation": [
      [
        -0.991137564,
        0.0881186,
        -0.09940494
      ],
      [
        -0.0859997645,
        0.1446823,
        0.985733747
      ],
      [
        0.101243638,
        0.9855465,
        -0.1358219
      ]
    ],
    "translation": [
      2.26462483,
      0.7419897,
      -0.617469966
    ]
  },
  {
    "timeStamp": 26552,
    "rotation": [
      [
        -0.9901258,
        0.0814961,
        -0.114058487
      ],
      [
        -0.101360567,
        0.145840839,
        0.9841019
      ],
      [
        0.09683482,
        0.985945642,
        -0.136140287
      ]
    ],
    "translation": [
      2.26846457,
      0.7392689,
      -0.616451263
    ]
  },
  {
    "timeStamp": 26597,
    "rotation": [
      [
        -0.9885632,
        0.08666564,
        -0.123417653
      ],
      [
        -0.109252162,
        0.152569517,
        0.9822355
      ],
      [
        0.103955813,
        0.984485447,
        -0.1413562
      ]
    ],
    "translation": [
      2.27046347,
      0.7375764,
      -0.615304053
    ]
  }
]