[
  {
    "timeStamp": 70194,
    "rotation": [
      [
        0.9996422,
        0.002187961,
        0.0266595725
      ],
      [
        -0.00488350773,
        0.994826734,
        0.101468936
      ],
      [
        -0.0262996443,
        -0.10156282,
        0.994481444
      ]
    ],
    "translation": [
      1.61588287,
      0.6904353,
      -0.6195877
    ]
  },
  {
    "timeStamp": 70250,
    "rotation": [
      [
        0.998844862,
        0.04673897,
        0.0111483932
      ],
      [
        -0.0472752973,
        0.997419655,
        0.05402729
      ],
      [
        -0.008594447,
        -0.054491926,
        0.9984772
      ]
    ],
    "translation": [
      1.61420178,
      0.69994086,
      -0.6373788
    ]
  },
  {
    "timeStamp": 70293,
    "rotation": [
      [
        0.997449636,
        0.0704881847,
        -0.0112080667
      ],
      [
        -0.07033605,
        0.9974329,
        0.0134338308
      ],
      [
        0.01212622,
        -0.0126112383,
        0.999846935
      ]
    ],
    "translation": [
      1.61507475,
      0.709615767,
      -0.6591482
    ]
  },
  {
    "timeStamp": 70349,
    "rotation": [
      [
        0.991722167,
        0.109434314,
        -0.06716594
      ],
      [
        -0.1132595,
        0.991982937,
        -0.0560549535
      ],
      [
        0.06049313,
        0.06319812,
        0.996165931
      ]
    ],
    "translation": [
      1.62105477,
      0.7275095,
      -0.6981856
    ]
  },
  {
    "timeStamp": 70393,
    "rotation": [
      [
        0.9827361,
        0.151457742,
        -0.106255732
      ],
      [
        -0.160795882,
        0.983267963,
        -0.0856082961
      ],
      [
        0.0915118158,
        0.101215847,
        0.9906467
      ]
    ],
    "translation": [
      1.62674129,
      0.74809885,
      -0.7339366
    ]
  },
  {
    "timeStamp": 70449,
    "rotation": [
      [
        0.9675402,
        0.208412915,
        -0.142933354
      ],
      [
        -0.225705266,
        0.9670511,
        -0.117768146
      ],
      [
        0.113679454,
        0.14620623,
        0.9827007
      ]
    ],
    "translation": [
      1.63923621,
      0.776452661,
      -0.7793298
    ]
  },
  {
    "timeStamp": 70493,
    "rotation": [
      [
        0.956582248,
        0.239850461,
        -0.165596172
      ],
      [
        -0.263499856,
        0.954500854,
        -0.13962777
      ],
      [
        0.124571905,
        0.177200019,
        0.9762592
      ]
    ],
    "translation": [
      1.65443408,
      0.7986635,
      -0.816073537
    ]
  },
  {
    "timeStamp": 70549,
    "rotation": [
      [
        0.9458766,
        0.284729838,
        -0.15571247
      ],
      [
        -0.306988925,
        0.940633,
        -0.144801259
      ],
      [
        0.105239049,
        0.184766129,
        0.9771316
      ]
    ],
    "translation": [
      1.67672074,
      0.8248966,
      -0.852048159
    ]
  },
  {
    "timeStamp": 70593,
    "rotation": [
      [
        0.938490331,
        0.331526458,
        -0.09657148
      ],
      [
        -0.343284816,
        0.9259796,
        -0.157217473
      ],
      [
        0.0373014659,
        0.1806986,
        0.982830942
      ]
    ],
    "translation": [
      1.69651246,
      0.8475064,
      -0.867922664
    ]
  },
  {
    "timeStamp": 70649,
    "rotation": [
      [
        0.9278064,
        0.373027563,
        -0.0050773453
      ],
      [
        -0.369337142,
        0.9165388,
        -0.153449446
      ],
      [
        -0.05258729,
        0.144246623,
        0.9881435
      ]
    ],
    "translation": [
      1.72643733,
      0.87176466,
      -0.879873931
    ]
  },
  {
    "timeStamp": 70693,
    "rotation": [
      [
        0.9140673,
        0.396994829,
        0.08292134
      ],
      [
        -0.382825851,
        0.9120927,
        -0.146735162
      ],
      [
        -0.133885056,
        0.102381386,
        0.985694051
      ]
    ],
    "translation": [
      1.75320363,
      0.8906914,
      -0.8803629
    ]
  },
  {
    "timeStamp": 70748,
    "rotation": [
      [
        0.889136732,
        0.417731822,
        0.186911687
      ],
      [
        -0.4045135,
        0.908381164,
        -0.105889112
      ],
      [
        -0.2140203,
        0.0185416043,
        0.9766532
      ]
    ],
    "translation": [
      1.79163432,
      0.9161846,
      -0.8759478
    ]
  },
  {
    "timeStamp": 70793,
    "rotation": [
      [
        0.8715256,
        0.4053176,
        0.2759723
      ],
      [
        -0.407600284,
        0.91169107,
        -0.05178186
      ],
      [
        -0.2725896,
        -0.0673571751,
        0.959769666
      ]
    ],
    "translation": [
      1.82727,
      0.933197737,
      -0.8633317
    ]
  },
  {
    "timeStamp": 70849,
    "rotation": [
      [
        0.86198616,
        0.3409233,
        0.375168175
      ],
      [
        -0.385813981,
        0.921259642,
        0.04927767
      ],
      [
        -0.328827381,
        -0.18722178,
        0.925646067
      ]
    ],
    "translation": [
      1.87764311,
      0.948844731,
      -0.8436174
    ]
  },
  {
    "timeStamp": 70904,
    "rotation": [
      [
        0.870716333,
        0.232838631,
        0.4331735
      ],
      [
        -0.337407738,
        0.9236483,
        0.181741074
      ],
      [
        -0.357783645,
        -0.304401,
        0.8827972
      ]
    ],
    "translation": [
      1.933824,
      0.955518067,
      -0.8214405
    ]
  },
  {
    "timeStamp": 70948,
    "rotation": [
      [
        0.8798288,
        0.136015773,
        0.455413
      ],
      [
        -0.2756451,
        0.9266034,
        0.255785048
      ],
      [
        -0.387196422,
        -0.350579441,
        0.8527444
      ]
    ],
    "translation": [
      1.97996414,
      0.9530385,
      -0.8056434
    ]
  },
  {
    "timeStamp": 70993,
    "rotation": [
      [
        0.879465759,
        0.05109124,
        0.473212063
      ],
      [
        -0.220177174,
        0.9251187,
        0.309317619
      ],
      [
        -0.4219739,
        -0.376224756,
        0.8248594
      ]
    ],
    "translation": [
      2.02673817,
      0.945219755,
      -0.7901081
    ]
  },
  {
    "timeStamp": 71056,
    "rotation": [
      [
        0.8909082,
        -0.04318146,
        0.452126026
      ],
      [
        -0.144421741,
        0.9168683,
        0.372148931
      ],
      [
        -0.430609971,
        -0.396847367,
        0.8106091
      ]
    ],
    "translation": [
      2.07709217,
      0.9328726,
      -0.7793389
    ]
  },
  {
    "timeStamp": 71099,
    "rotation": [
      [
        0.901441038,
        -0.0486295745,
        0.4301619
      ],
      [
        -0.1264648,
        0.920742333,
        0.369107246
      ],
      [
        -0.4140178,
        -0.38712877,
        0.823845
      ]
    ],
    "translation": [
      2.11374283,
      0.9260995,
      -0.7761848
    ]
  },
  {
    "timeStamp": 71143,
    "rotation": [
      [
        0.9197223,
        -0.0616175979,
        0.3877036
      ],
      [
        -0.08788957,
        0.930216134,
        0.356333256
      ],
      [
        -0.3826045,
        -0.361802757,
        0.8501251
      ]
    ],
    "translation": [
      2.13623643,
      0.917872846,
      -0.779354632
    ]
  },
  {
    "timeStamp": 71199,
    "rotation": [
      [
        0.9511685,
        -0.0364253931,
        0.3065154
      ],
      [
        -0.06311191,
        0.949085057,
        0.308633268
      ],
      [
        -0.302151263,
        -0.312907,
        0.9004409
      ]
    ],
    "translation": [
      2.15343976,
      0.9101054,
      -0.792498469
    ]
  },
  {
    "timeStamp": 71243,
    "rotation": [
      [
        0.96301806,
        -0.04105747,
        0.266290426
      ],
      [
        -0.0328741148,
        0.9630331,
        0.26737
      ],
      [
        -0.267424,
        -0.2662362,
        0.9260684
      ]
    ],
    "translation": [
      2.165832,
      0.90338105,
      -0.801329434
    ]
  },
  {
    "timeStamp": 71299,
    "rotation": [
      [
        0.975742936,
        -0.0352193974,
        0.216067761
      ],
      [
        -0.0149898641,
        0.9739094,
        0.226441711
      ],
      [
        -0.21840556,
        -0.224187732,
        0.9497573
      ]
    ],
    "translation": [
      2.17875957,
      0.90044415,
      -0.8107311
    ]
  },
  {
    "timeStamp": 71343,
    "rotation": [
      [
        0.9831643,
        -0.0443086438,
        0.177269891
      ],
      [
        0.00739680463,
        0.979009569,
        0.203679889
      ],
      [
        -0.1825737,
        -0.198939577,
        0.962855041
      ]
    ],
    "translation": [
      2.187744,
      0.89745754,
      -0.818909466
    ]
  },
  {
    "timeStamp": 71398,
    "rotation": [
      [
        0.9870062,
        -0.05277051,
        0.151769683
      ],
      [
        0.025475204,
        0.98397857,
        0.1764573
      ],
      [
        -0.158649847,
        -0.170298085,
        0.9725373
      ]
    ],
    "translation": [
      2.196721,
      0.8931187,
      -0.82511884
    ]
  },
  {
    "timeStamp": 71443,
    "rotation": [
      [
        0.9888813,
        -0.0505005158,
        0.139869824
      ],
      [
        0.0303015,
        0.989266455,
        0.142946333
      ],
      [
        -0.1455874,
        -0.137118682,
        0.9797973
      ]
    ],
    "translation": [
      2.20125651,
      0.8894408,
      -0.831290245
    ]
  },
  {
    "timeStamp": 71498,
    "rotation": [
      [
        0.9913068,
        -0.0483869836,
        0.122350425
      ],
      [
        0.0343957543,
        0.992886961,
        0.113984562
      ],
      [
        -0.1269955,
        -0.108785331,
        0.985919833
      ]
    ],
    "translation": [
      2.205067,
      0.8837874,
      -0.838925958
    ]
  },
  {
    "timeStamp": 71544,
    "rotation": [
      [
        0.9920965,
        -0.03751087,
        0.119739063
      ],
      [
        0.02760627,
        0.996139467,
        0.08333099
      ],
      [
        -0.122402616,
        -0.07936683,
        0.989302039
      ]
    ],
    "translation": [
      2.20456243,
      0.880681,
      -0.8448428
    ]
  }
]