[
  {
    "timeStamp": 65638,
    "rotation": [
      [
        -0.915342033,
        0.365763634,
        -0.168421745
      ],
      [
        0.40259248,
        0.8226791,
        -0.4013955
      ],
      [
        -0.008258822,
        -0.4352195,
        -0.9002865
      ]
    ],
    "translation": [
      1.4646548,
      0.8809086,
      -0.753614962
    ]
  },
  {
    "timeStamp": 65695,
    "rotation": [
      [
        -0.8936438,
        0.409832567,
        -0.182860583
      ],
      [
        0.444327533,
        0.865238,
        -0.23224166
      ],
      [
        0.06303774,
        -0.288791329,
        -0.9553145
      ]
    ],
    "translation": [
      1.46640241,
      0.885373,
      -0.7487853
    ]
  },
  {
    "timeStamp": 65737,
    "rotation": [
      [
        -0.8863956,
        0.423067838,
        -0.187926978
      ],
      [
        0.458681822,
        0.857501745,
        -0.233027309
      ],
      [
        0.06256136,
        -0.292753071,
        -0.954139233
      ]
    ],
    "translation": [
      1.468591,
      0.8865154,
      -0.7487647
    ]
  },
  {
    "timeStamp": 65793,
    "rotation": [
      [
        -0.8723875,
        0.466784269,
        -0.145094275
      ],
      [
        0.465747476,
        0.7036491,
        -0.536616445
      ],
      [
        -0.148388654,
        -0.5357148,
        -0.831258357
      ]
    ],
    "translation": [
      1.47424424,
      0.9309041,
      -0.7314923
    ]
  },
  {
    "timeStamp": 65838,
    "rotation": [
      [
        -0.800793648,
        0.5323496,
        -0.274469554
      ],
      [
        0.5732463,
        0.5484438,
        -0.6087677
      ],
      [
        -0.1735461,
        -0.644835949,
        -0.7443577
      ]
    ],
    "translation": [
      1.47734571,
      0.979373932,
      -0.721351862
    ]
  },
  {
    "timeStamp": 65893,
    "rotation": [
      [
        -0.74438715,
        0.5428715,
        -0.388816565
      ],
      [
        0.6530271,
        0.470244378,
        -0.593654633
      ],
      [
        -0.139439374,
        -0.695816636,
        -0.704553664
      ]
    ],
    "translation": [
      1.50158381,
      1.034299,
      -0.726490259
    ]
  },
  {
    "timeStamp": 65937,
    "rotation": [
      [
        -0.705154359,
        0.5281235,
        -0.473120362
      ],
      [
        0.701009631,
        0.4190359,
        -0.5770567
      ],
      [
        -0.1065028,
        -0.738576,
        -0.665704668
      ]
    ],
    "translation": [
      1.53442693,
      1.07670033,
      -0.729319751
    ]
  },
  {
    "timeStamp": 65993,
    "rotation": [
      [
        -0.676674366,
        0.467331648,
        -0.568957746
      ],
      [
        0.731856465,
        0.342313856,
        -0.589243054
      ],
      [
        -0.08060982,
        -0.815121055,
        -0.5736547
      ]
    ],
    "translation": [
      1.59226763,
      1.12636018,
      -0.7297215
    ]
  },
  {
    "timeStamp": 66037,
    "rotation": [
      [
        -0.679904342,
        0.390423983,
        -0.6207248
      ],
      [
        0.7312386,
        0.297538042,
        -0.613808751
      ],
      [
        -0.0549564064,
        -0.8712292,
        -0.4877905
      ]
    ],
    "translation": [
      1.64810431,
      1.1550709,
      -0.730429947
    ]
  },
  {
    "timeStamp": 66093,
    "rotation": [
      [
        -0.714270949,
        0.285980344,
        -0.6387741
      ],
      [
        0.6994126,
        0.258704573,
        -0.666253746
      ],
      [
        -0.0252816956,
        -0.922652245,
        -0.3848034
      ]
    ],
    "translation": [
      1.72028589,
      1.1756494,
      -0.734703541
    ]
  },
  {
    "timeStamp": 66138,
    "rotation": [
      [
        -0.769997,
        0.207759976,
        -0.6032747
      ],
      [
        0.6379522,
        0.234350637,
        -0.7335508
      ],
      [
        -0.0110246828,
        -0.9496923,
        -0.312990248
      ]
    ],
    "translation": [
      1.7764622,
      1.18201292,
      -0.738621831
    ]
  },
  {
    "timeStamp": 66193,
    "rotation": [
      [
        -0.820165336,
        0.141036212,
        -0.554470539
      ],
      [
        0.571752548,
        0.237083629,
        -0.785423636
      ],
      [
        0.0206827335,
        -0.9611972,
        -0.2750856
      ]
    ],
    "translation": [
      1.84255123,
      1.18044317,
      -0.7423962
    ]
  },
  {
    "timeStamp": 66237,
    "rotation": [
      [
        -0.855380237,
        0.09133132,
        -0.5098855
      ],
      [
        0.5170742,
        0.209389642,
        -0.8299339
      ],
      [
        0.0309657734,
        -0.973557651,
        -0.226332828
      ]
    ],
    "translation": [
      1.89289892,
      1.18065035,
      -0.7430121
    ]
  },
  {
    "timeStamp": 66293,
    "rotation": [
      [
        -0.9122902,
        0.08566393,
        -0.400484949
      ],
      [
        0.4095236,
        0.200625077,
        -0.889966249
      ],
      [
        0.00410933327,
        -0.9759156,
        -0.218109712
      ]
    ],
    "translation": [
      1.94661474,
      1.17470324,
      -0.7429182
    ]
  },
  {
    "timeStamp": 66337,
    "rotation": [
      [
        -0.954367161,
        0.08998679,
        -0.284755617
      ],
      [
        0.29624477,
        0.164852172,
        -0.9407778
      ],
      [
        -0.0377150029,
        -0.982204735,
        -0.183987617
      ]
    ],
    "translation": [
      1.98549509,
      1.17486191,
      -0.7340313
    ]
  },
  {
    "timeStamp": 66393,
    "rotation": [
      [
        -0.9898183,
        0.104603648,
        -0.09652922
      ],
      [
        0.109859869,
        0.130240172,
        -0.985377252
      ],
      [
        -0.09050208,
        -0.9859491,
        -0.140405849
      ]
    ],
    "translation": [
      2.034982,
      1.16790831,
      -0.7242553
    ]
  },
  {
    "timeStamp": 66437,
    "rotation": [
      [
        -0.9943417,
        0.10448578,
        0.0191647038
      ],
      [
        -0.00587917166,
        0.126004845,
        -0.9920122
      ],
      [
        -0.106066018,
        -0.986511767,
        -0.124677576
      ]
    ],
    "translation": [
      2.07222033,
      1.15884674,
      -0.717077
    ]
  },
  {
    "timeStamp": 66487,
    "rotation": [
      [
        -0.990464032,
        0.125732288,
        0.056323614
      ],
      [
        -0.04023492,
        0.127017483,
        -0.9910841
      ],
      [
        -0.131765366,
        -0.983899355,
        -0.120747425
      ]
    ],
    "translation": [
      2.09896851,
      1.15060508,
      -0.7086978
    ]
  },
  {
    "timeStamp": 66543,
    "rotation": [
      [
        -0.9837515,
        0.144083962,
        0.107112005
      ],
      [
        -0.0836533159,
        0.160026163,
        -0.983561754
      ],
      [
        -0.158856213,
        -0.976540565,
        -0.145372868
      ]
    ],
    "translation": [
      2.13764858,
      1.13066125,
      -0.6998212
    ]
  },
  {
    "timeStamp": 66587,
    "rotation": [
      [
        -0.974001,
        0.179494247,
        0.138216868
      ],
      [
        -0.104504794,
        0.185324013,
        -0.9771048
      ],
      [
        -0.2009996,
        -0.9661454,
        -0.161747769
      ]
    ],
    "translation": [
      2.15689683,
      1.1148479,
      -0.696142256
    ]
  },
  {
    "timeStamp": 66643,
    "rotation": [
      [
        -0.950081646,
        0.24535051,
        0.192737952
      ],
      [
        -0.141834155,
        0.210588768,
        -0.9672308
      ],
      [
        -0.277899027,
        -0.946285069,
        -0.165277436
      ]
    ],
    "translation": [
      2.1718657,
      1.09129465,
      -0.691451967
    ]
  },
  {
    "timeStamp": 66687,
    "rotation": [
      [
        -0.9350971,
        0.282493621,
        0.213987619
      ],
      [
        -0.152253985,
        0.225018382,
        -0.9623853
      ],
      [
        -0.320018828,
        -0.9325042,
        -0.167403266
      ]
    ],
    "translation": [
      2.179395,
      1.07241714,
      -0.6872852
    ]
  },
  {
    "timeStamp": 66743,
    "rotation": [
      [
        -0.9121092,
        0.3109421,
        0.2671551
      ],
      [
        -0.214612573,
        0.1930636,
        -0.95742774
      ],
      [
        -0.349282533,
        -0.930613458,
        -0.10936299
      ]
    ],
    "translation": [
      2.180861,
      1.05977082,
      -0.6786125
    ]
  },
  {
    "timeStamp": 66787,
    "rotation": [
      [
        -0.9074609,
        0.343498021,
        0.24191685
      ],
      [
        -0.208050668,
        0.132847175,
        -0.969054461
      ],
      [
        -0.365006268,
        -0.92971,
        -0.0490886271
      ]
    ],
    "translation": [
      2.17427039,
      1.05581355,
      -0.676703453
    ]
  },
  {
    "timeStamp": 66843,
    "rotation": [
      [
        -0.9045725,
        0.3583084,
        0.231005922
      ],
      [
        -0.210280463,
        0.09636182,
        -0.972880542
      ],
      [
        -0.370851427,
        -0.928616941,
        -0.0118209971
      ]
    ],
    "translation": [
      2.16776729,
      1.0447396,
      -0.6790314
    ]
  },
  {
    "timeStamp": 66887,
    "rotation": [
      [
        -0.8829478,
        0.398684531,
        0.247898862
      ],
      [
        -0.24080576,
        0.06868073,
        -0.968140244
      ],
      [
        -0.403008431,
        -0.914512753,
        0.0353640355
      ]
    ],
    "translation": [
      2.16124582,
      1.03701353,
      -0.683404744
    ]
  },
  {
    "timeStamp": 66944,
    "rotation": [
      [
        -0.8785993,
        0.412849277,
        0.240039155
      ],
      [
        -0.248562768,
        0.0338539742,
        -0.968024
      ],
      [
        -0.40777427,
        -0.910169959,
        0.07287488
      ]
    ],
    "translation": [
      2.15788317,
      1.02913821,
      -0.6852528
    ]
  },
  {
    "timeStamp": 66989,
    "rotation": [
      [
        -0.8869972,
        0.424987555,
        0.1806141
      ],
      [
        -0.195336834,
        0.009091904,
        -0.980694056
      ],
      [
        -0.4184249,
        -0.9051535,
        0.07495123
      ]
    ],
    "translation": [
      2.15534329,
      1.02663636,
      -0.6848631
    ]
  },
  {
    "timeStamp": 67035,
    "rotation": [
      [
        -0.8730655,
        0.4559003,
        0.172949761
      ],
      [
        -0.1987594,
        -0.008856687,
        -0.9800083
      ],
      [
        -0.445254326,
        -0.8899868,
        0.09834693
      ]
    ],
    "translation": [
      2.14621282,
      1.02585316,
      -0.685135067
    ]
  },
  {
    "timeStamp": 67085,
    "rotation": [
      [
        -0.866819,
        0.4761162,
        0.148115158
      ],
      [
        -0.177877784,
        -0.0177656468,
        -0.9838922
      ],
      [
        -0.465815663,
        -0.8792029,
        0.1000901
      ]
    ],
    "translation": [
      2.13982,
      1.02231407,
      -0.683905542
    ]
  },
  {
    "timeStamp": 67135,
    "rotation": [
      [
        -0.8429248,
        0.5086701,
        0.175306782
      ],
      [
        -0.18740049,
        0.0278514735,
        -0.981888652
      ],
      [
        -0.504339933,
        -0.8605109,
        0.07184833
      ]
    ],
    "translation": [
      2.13468885,
      1.0078274,
      -0.681663
    ]
  },
  {
    "timeStamp": 67193,
    "rotation": [
      [
        -0.8520367,
        0.494112164,
        0.172877312
      ],
      [
        -0.166253954,
        0.0577288345,
        -0.9843917
      ],
      [
        -0.4963799,
        -0.8674794,
        0.03296101
      ]
    ],
    "translation": [
      2.134395,
      0.9944767,
      -0.6753756
    ]
  },
  {
    "timeStamp": 67236,
    "rotation": [
      [
        -0.8658987,
        0.478140771,
        0.146972
      ],
      [
        -0.1276111,
        0.07294369,
        -0.9891383
      ],
      [
        -0.483668029,
        -0.8752489,
        -0.00214578048
      ]
    ],
    "translation": [
      2.133854,
      0.9869138,
      -0.6717125
    ]
  },
  {
    "timeStamp": 67291,
    "rotation": [
      [
        -0.869989157,
        0.476406723,
        0.127104208
      ],
      [
        -0.09835426,
        0.08492609,
        -0.99152106
      ],
      [
        -0.483161747,
        -0.8751138,
        -0.0270281471
      ]
    ],
    "translation": [
      2.12869167,
      0.9795847,
      -0.6695614
    ]
  },
  {
    "timeStamp": 67336,
    "rotation": [
      [
        -0.8775554,
        0.466045231,
        0.112687461
      ],
      [
        -0.08305059,
        0.08372501,
        -0.993022
      ],
      [
        -0.472227931,
        -0.880790532,
        -0.0347680077
      ]
    ],
    "translation": [
      2.126277,
      0.977891564,
      -0.666292131
    ]
  },
  {
    "timeStamp": 67391,
    "rotation": [
      [
        -0.8782989,
        0.4667905,
        0.103429765
      ],
      [
        -0.07698838,
        0.07542669,
        -0.994174838
      ],
      [
        -0.471872717,
        -0.881145537,
        -0.030309733
      ]
    ],
    "translation": [
      2.12368822,
      0.9764164,
      -0.664425433
    ]
  },
  {
    "timeStamp": 67435,
    "rotation": [
      [
        -0.872565567,
        0.473817974,
        0.118851922
      ],
      [
        -0.0907444656,
        0.08184714,
        -0.992505133
      ],
      [
        -0.4799945,
        -0.876811,
        -0.0284206364
      ]
    ],
    "translation": [
      2.12216187,
      0.972929,
      -0.663065434
    ]
  },
  {
    "timeStamp": 67491,
    "rotation": [
      [
        -0.876248062,
        0.468071848,
        0.114446886
      ],
      [
        -0.0789077,
        0.0949191,
        -0.9923527
      ],
      [
        -0.475355566,
        -0.878577948,
        -0.04623821
      ]
    ],
    "translation": [
      2.12219548,
      0.9665285,
      -0.660114169
    ]
  },
  {
    "timeStamp": 67536,
    "rotation": [
      [
        -0.8854063,
        0.453827858,
        0.100478865
      ],
      [
        -0.059149798,
        0.104403585,
        -0.9927745
      ],
      [
        -0.4610391,
        -0.884952068,
        -0.06559576
      ]
    ],
    "translation": [
      2.123585,
      0.9603178,
      -0.6575797
    ]
  }
]