[
  {
    "timeStamp": 118880,
    "rotation": [
      [
        0.9956781,
        -0.08652569,
        0.03374032
      ],
      [
        -0.02437062,
        0.107144147,
        0.993944764
      ],
      [
        -0.08961684,
        -0.9904713,
        0.104572393
      ]
    ],
    "translation": [
      1.14992964,
      0.847053468,
      -0.757385552
    ]
  },
  {
    "timeStamp": 118926,
    "rotation": [
      [
        0.99269557,
        -0.113943353,
        0.0396535844
      ],
      [
        -0.03449257,
        0.0469152071,
        0.9983032
      ],
      [
        -0.115610361,
        -0.9923789,
        0.04264232
      ]
    ],
    "translation": [
      1.1514715,
      0.846743047,
      -0.7532589
    ]
  },
  {
    "timeStamp": 118980,
    "rotation": [
      [
        0.988359869,
        -0.143658638,
        0.0500696525
      ],
      [
        -0.0429265,
        0.05240071,
        0.9977031
      ],
      [
        -0.145952374,
        -0.988239,
        0.0456239954
      ]
    ],
    "translation": [
      1.15344453,
      0.84983027,
      -0.750623465
    ]
  },
  {
    "timeStamp": 119035,
    "rotation": [
      [
        0.9758679,
        -0.189492971,
        0.108508795
      ],
      [
        -0.107566416,
        0.0152821317,
        0.9940804
      ],
      [
        -0.1900295,
        -0.9817631,
        -0.00546973757
      ]
    ],
    "translation": [
      1.15290093,
      0.851703346,
      -0.7502809
    ]
  },
  {
    "timeStamp": 119080,
    "rotation": [
      [
        0.9839242,
        -0.140969247,
        0.109639533
      ],
      [
        -0.0844650641,
        0.173584059,
        0.9811902
      ],
      [
        -0.157349333,
        -0.9746775,
        0.158886567
      ]
    ],
    "translation": [
      1.16676378,
      0.864212751,
      -0.771679163
    ]
  },
  {
    "timeStamp": 119135,
    "rotation": [
      [
        0.970742047,
        -0.151788145,
        0.186065137
      ],
      [
        -0.146154419,
        0.241313845,
        0.9593782
      ],
      [
        -0.190522328,
        -0.958503,
        0.21206899
      ]
    ],
    "translation": [
      1.18287086,
      0.906410933,
      -0.785960257
    ]
  },
  {
    "timeStamp": 119179,
    "rotation": [
      [
        0.956262231,
        -0.154628292,
        0.248299763
      ],
      [
        -0.213224053,
        0.2126213,
        0.953586757
      ],
      [
        -0.2002453,
        -0.9648225,
        0.170351237
      ]
    ],
    "translation": [
      1.200734,
      0.9425599,
      -0.7890214
    ]
  },
  {
    "timeStamp": 119235,
    "rotation": [
      [
        0.924555957,
        -0.176860258,
        0.3375155
      ],
      [
        -0.30458346,
        0.189224914,
        0.9335003
      ],
      [
        -0.228965476,
        -0.9658749,
        0.121080317
      ]
    ],
    "translation": [
      1.22966921,
      0.992274344,
      -0.7926804
    ]
  },
  {
    "timeStamp": 119279,
    "rotation": [
      [
        0.8971241,
        -0.204096332,
        0.391807348
      ],
      [
        -0.361835629,
        0.169374317,
        0.9167264
      ],
      [
        -0.253462583,
        -0.9641872,
        0.07810045
      ]
    ],
    "translation": [
      1.25800431,
      1.02581024,
      -0.7941339
    ]
  },
  {
    "timeStamp": 119335,
    "rotation": [
      [
        0.8464017,
        -0.2594072,
        0.4650937
      ],
      [
        -0.43546766,
        0.165588111,
        0.884843767
      ],
      [
        -0.306548834,
        -0.9514665,
        0.0271906089
      ]
    ],
    "translation": [
      1.29618514,
      1.06532073,
      -0.7894013
    ]
  },
  {
    "timeStamp": 119380,
    "rotation": [
      [
        0.813228548,
        -0.308558941,
        0.493407339
      ],
      [
        -0.4715839,
        0.1473708,
        0.869419634
      ],
      [
        -0.340981036,
        -0.9397198,
        -0.02566528
      ]
    ],
    "translation": [
      1.33607638,
      1.093776,
      -0.7865862
    ]
  },
  {
    "timeStamp": 119435,
    "rotation": [
      [
        0.777034461,
        -0.356702745,
        0.5186334
      ],
      [
        -0.514573634,
        0.114578627,
        0.849756241
      ],
      [
        -0.3625347,
        -0.927165,
        -0.0945183
      ]
    ],
    "translation": [
      1.39383841,
      1.1297245,
      -0.787414849
    ]
  },
  {
    "timeStamp": 119480,
    "rotation": [
      [
        0.7538105,
        -0.4019141,
        0.519841135
      ],
      [
        -0.534716368,
        0.0845967,
        0.840786457
      ],
      [
        -0.381900758,
        -0.9117612,
        -0.151140139
      ]
    ],
    "translation": [
      1.44699454,
      1.152395,
      -0.791125953
    ]
  },
  {
    "timeStamp": 119525,
    "rotation": [
      [
        0.7128021,
        -0.462324739,
        0.5274172
      ],
      [
        -0.5462743,
        0.105668128,
        0.8309143
      ],
      [
        -0.439883441,
        -0.880391955,
        -0.177235663
      ]
    ],
    "translation": [
      1.50568891,
      1.171115,
      -0.7946517
    ]
  },
  {
    "timeStamp": 119580,
    "rotation": [
      [
        0.632346,
        -0.521166265,
        0.573170364
      ],
      [
        -0.5732195,
        0.182920173,
        0.798723757
      ],
      [
        -0.5211123,
        -0.8336222,
        -0.1830738
      ]
    ],
    "translation": [
      1.5779438,
      1.19348538,
      -0.801660061
    ]
  },
  {
    "timeStamp": 119625,
    "rotation": [
      [
        0.5935054,
        -0.5826606,
        0.555209756
      ],
      [
        -0.5744045,
        0.176551983,
        0.79930526
      ],
      [
        -0.5637471,
        -0.793306947,
        -0.229898319
      ]
    ],
    "translation": [
      1.63959455,
      1.20262086,
      -0.8042276
    ]
  },
  {
    "timeStamp": 119680,
    "rotation": [
      [
        0.5332109,
        -0.64059484,
        0.552561641
      ],
      [
        -0.562169433,
        0.21978496,
        0.797282934
      ],
      [
        -0.6321801,
        -0.735753238,
        -0.242931113
      ]
    ],
    "translation": [
      1.71110356,
      1.20443428,
      -0.8131758
    ]
  },
  {
    "timeStamp": 119735,
    "rotation": [
      [
        0.475815982,
        -0.6947453,
        0.53937757
      ],
      [
        -0.533115447,
        0.2599481,
        0.805117965
      ],
      [
        -0.6995621,
        -0.6706385,
        -0.246691987
      ]
    ],
    "translation": [
      1.78063536,
      1.19680524,
      -0.8227827
    ]
  },
  {
    "timeStamp": 119780,
    "rotation": [
      [
        0.418190122,
        -0.7410203,
        0.5253626
      ],
      [
        -0.5280418,
        0.2722876,
        0.804382563
      ],
      [
        -0.739113569,
        -0.613798261,
        -0.277421743
      ]
    ],
    "translation": [
      1.83376479,
      1.19220984,
      -0.8284399
    ]
  },
  {
    "timeStamp": 119835,
    "rotation": [
      [
        0.359930456,
        -0.7945438,
        0.489029825
      ],
      [
        -0.5014271,
        0.277281761,
        0.819564342
      ],
      [
        -0.7867788,
        -0.540199,
        -0.298603654
      ]
    ],
    "translation": [
      1.89915812,
      1.17878735,
      -0.8327102
    ]
  },
  {
    "timeStamp": 119880,
    "rotation": [
      [
        0.281202346,
        -0.8308471,
        0.4802274
      ],
      [
        -0.4976097,
        0.3016458,
        0.8132616
      ],
      [
        -0.8205546,
        -0.467656851,
        -0.3286141
      ]
    ],
    "translation": [
      1.94931769,
      1.17043316,
      -0.832149148
    ]
  },
  {
    "timeStamp": 119935,
    "rotation": [
      [
        0.1890279,
        -0.8521405,
        0.4879806
      ],
      [
        -0.468192071,
        0.358608872,
        0.807586432
      ],
      [
        -0.8631713,
        -0.381125033,
        -0.331178337
      ]
    ],
    "translation": [
      2.00059915,
      1.15521514,
      -0.826563835
    ]
  },
  {
    "timeStamp": 119980,
    "rotation": [
      [
        0.19669205,
        -0.879497051,
        0.433355778
      ],
      [
        -0.450004369,
        0.311707467,
        0.836859941
      ],
      [
        -0.8710961,
        -0.359615654,
        -0.334467143
      ]
    ],
    "translation": [
      2.02961564,
      1.14054585,
      -0.820346
    ]
  },
  {
    "timeStamp": 120028,
    "rotation": [
      [
        0.2803637,
        -0.8837166,
        0.374754727
      ],
      [
        -0.418908864,
        0.2386287,
        0.8761117
      ],
      [
        -0.8636617,
        -0.402618,
        -0.303293884
      ]
    ],
    "translation": [
      2.04518747,
      1.12258,
      -0.817257
    ]
  },
  {
    "timeStamp": 120085,
    "rotation": [
      [
        0.325700223,
        -0.8788734,
        0.348569721
      ],
      [
        -0.396584183,
        0.207678273,
        0.894198358
      ],
      [
        -0.858277559,
        -0.429477841,
        -0.280906469
      ]
    ],
    "translation": [
      2.064239,
      1.10807431,
      -0.804763734
    ]
  },
  {
    "timeStamp": 120130,
    "rotation": [
      [
        0.3598727,
        -0.8831474,
        0.300902456
      ],
      [
        -0.4052042,
        0.142564684,
        0.903042
      ],
      [
        -0.840417266,
        -0.446907073,
        -0.3065499
      ]
    ],
    "translation": [
      2.08043432,
      1.1063447,
      -0.791630149
    ]
  },
  {
    "timeStamp": 120185,
    "rotation": [
      [
        0.410062879,
        -0.8847673,
        0.221438885
      ],
      [
        -0.3759194,
        0.05725151,
        0.9248821
      ],
      [
        -0.830983162,
        -0.462502956,
        -0.30912447
      ]
    ],
    "translation": [
      2.10300541,
      1.09845626,
      -0.7799454
    ]
  },
  {
    "timeStamp": 120230,
    "rotation": [
      [
        0.379463732,
        -0.8723653,
        0.308198273
      ],
      [
        -0.384055823,
        0.154537454,
        0.9102853
      ],
      [
        -0.841729462,
        -0.4637856,
        -0.2763956
      ]
    ],
    "translation": [
      2.108925,
      1.09528744,
      -0.774581552
    ]
  },
  {
    "timeStamp": 120274,
    "rotation": [
      [
        0.328176051,
        -0.858523846,
        0.3940015
      ],
      [
        -0.384922,
        0.259361148,
        0.8857578
      ],
      [
        -0.8626329,
        -0.442344338,
        -0.245348617
      ]
    ],
    "translation": [
      2.11114049,
      1.09187877,
      -0.7701437
    ]
  },
  {
    "timeStamp": 120330,
    "rotation": [
      [
        0.39789927,
        -0.8594319,
        0.321018517
      ],
      [
        -0.339741081,
        0.186999485,
        0.921741366
      ],
      [
        -0.852204263,
        -0.475823432,
        -0.217577353
      ]
    ],
    "translation": [
      2.11485028,
      1.07590914,
      -0.7694249
    ]
  },
  {
    "timeStamp": 120385,
    "rotation": [
      [
        0.467664927,
        -0.84995085,
        0.242637813
      ],
      [
        -0.277175367,
        0.119643852,
        0.953341067
      ],
      [
        -0.839323163,
        -0.5130974,
        -0.1796322
      ]
    ],
    "translation": [
      2.116258,
      1.05479991,
      -0.774328
    ]
  },
  {
    "timeStamp": 120429,
    "rotation": [
      [
        0.4923396,
        -0.843121,
        0.2162148
      ],
      [
        -0.248660386,
        0.10181006,
        0.9632252
      ],
      [
        -0.8341282,
        -0.527998,
        -0.159525663
      ]
    ],
    "translation": [
      2.116614,
      1.04319429,
      -0.775997
    ]
  },
  {
    "timeStamp": 120485,
    "rotation": [
      [
        0.529628336,
        -0.8336275,
        0.156713247
      ],
      [
        -0.219350621,
        0.04386583,
        0.9746595
      ],
      [
        -0.819377363,
        -0.5505824,
        -0.15962413
      ]
    ],
    "translation": [
      2.117878,
      1.0329802,
      -0.7774018
    ]
  },
  {
    "timeStamp": 120532,
    "rotation": [
      [
        0.5383887,
        -0.826014757,
        0.166844577
      ],
      [
        -0.183170125,
        0.078546606,
        0.9799383
      ],
      [
        -0.8225486,
        -0.558148742,
        -0.109012626
      ]
    ],
    "translation": [
      2.115754,
      1.02178717,
      -0.783742368
    ]
  },
  {
    "timeStamp": 120577,
    "rotation": [
      [
        0.5404328,
        -0.824540854,
        0.167525455
      ],
      [
        -0.165870026,
        0.09079183,
        0.9819593
      ],
      [
        -0.8248755,
        -0.5584704,
        -0.0876997262
      ]
    ],
    "translation": [
      2.113224,
      1.00996876,
      -0.7867341
    ]
  },
  {
    "timeStamp": 120634,
    "rotation": [
      [
        0.576927,
        -0.8055996,
        0.134775341
      ],
      [
        -0.112113148,
        0.08533982,
        0.9900241
      ],
      [
        -0.809064746,
        -0.5862818,
        -0.0410834551
      ]
    ],
    "translation": [
      2.10955429,
      0.9903774,
      -0.7941051
    ]
  },
  {
    "timeStamp": 120679,
    "rotation": [
      [
        0.5916663,
        -0.794246554,
        0.1382148
      ],
      [
        -0.0980841,
        0.09925069,
        0.990216553
      ],
      [
        -0.800193965,
        -0.5994344,
        -0.019179672
      ]
    ],
    "translation": [
      2.10291719,
      0.98144716,
      -0.798656344
    ]
  },
  {
    "timeStamp": 120735,
    "rotation": [
      [
        0.59250474,
        -0.7964857,
        0.120617829
      ],
      [
        -0.07534499,
        0.09428153,
        0.9926903
      ],
      [
        -0.802035749,
        -0.597261667,
        -0.004148951
      ]
    ],
    "translation": [
      2.10160065,
      0.968633354,
      -0.7993153
    ]
  },
  {
    "timeStamp": 120780,
    "rotation": [
      [
        0.5744518,
        -0.7985325,
        0.179863736
      ],
      [
        -0.083208926,
        0.161630452,
        0.9833371
      ],
      [
        -0.814298034,
        -0.579846,
        0.0264038723
      ]
    ],
    "translation": [
      2.09728122,
      0.9621822,
      -0.8015679
    ]
  },
  {
    "timeStamp": 120835,
    "rotation": [
      [
        0.5309379,
        -0.8182558,
        0.2203689
      ],
      [
        -0.09369476,
        0.201771319,
        0.974940836
      ],
      [
        -0.8422151,
        -0.5382804,
        0.0304617621
      ]
    ],
    "translation": [
      2.09516931,
      0.9609225,
      -0.8032731
    ]
  },
  {
    "timeStamp": 120879,
    "rotation": [
      [
        0.51556164,
        -0.8207579,
        0.246074319
      ],
      [
        -0.11753276,
        0.2167299,
        0.969130635
      ],
      [
        -0.848753333,
        -0.5285684,
        0.0152716795
      ]
    ],
    "translation": [
      2.09426332,
      0.960084856,
      -0.8032767
    ]
  },
  {
    "timeStamp": 120936,
    "rotation": [
      [
        0.484883755,
        -0.8027996,
        0.3469878
      ],
      [
        -0.154982775,
        0.311595976,
        0.9374904
      ],
      [
        -0.860736966,
        -0.508351,
        0.0266677085
      ]
    ],
    "translation": [
      2.09044814,
      0.957534552,
      -0.804304361
    ]
  }
]