[
  {
    "timeStamp": 94303,
    "rotation": [
      [
        0.09669742,
        -0.07429315,
        -0.9925372
      ],
      [
        0.404205739,
        0.9142066,
        -0.02905044
      ],
      [
        0.9095423,
        -0.398380131,
        0.118431143
      ]
    ],
    "translation": [
      1.79611671,
      0.851442456,
      -0.21855633
    ]
  },
  {
    "timeStamp": 94347,
    "rotation": [
      [
        0.1494663,
        -0.08723306,
        -0.984911263
      ],
      [
        0.5552367,
        0.8316248,
        0.0106040081
      ],
      [
        0.8181516,
        -0.548443854,
        0.172734872
      ]
    ],
    "translation": [
      1.80060363,
      0.8609721,
      -0.205064446
    ]
  },
  {
    "timeStamp": 94402,
    "rotation": [
      [
        0.124876849,
        -0.0608751737,
        -0.990303
      ],
      [
        0.578814745,
        0.815138042,
        0.0228807665
      ],
      [
        0.805840731,
        -0.5760593,
        0.137027308
      ]
    ],
    "translation": [
      1.79146671,
      0.8680647,
      -0.206116453
    ]
  },
  {
    "timeStamp": 94447,
    "rotation": [
      [
        0.145101741,
        -0.0338310525,
        -0.988838136
      ],
      [
        0.6167609,
        0.784572,
        0.06366076
      ],
      [
        0.773661,
        -0.619114041,
        0.134708449
      ]
    ],
    "translation": [
      1.78860736,
      0.8837665,
      -0.2070784
    ]
  },
  {
    "timeStamp": 94502,
    "rotation": [
      [
        0.177228555,
        0.00723161828,
        -0.984143138
      ],
      [
        0.6440087,
        0.7553041,
        0.121525817
      ],
      [
        0.7442062,
        -0.655334532,
        0.129204229
      ]
    ],
    "translation": [
      1.78535414,
      0.908569455,
      -0.21605958
    ]
  },
  {
    "timeStamp": 94546,
    "rotation": [
      [
        0.1422825,
        0.03269605,
        -0.9892859
      ],
      [
        0.705004334,
        0.698194563,
        0.12447159
      ],
      [
        0.6947838,
        -0.715161,
        0.07629001
      ]
    ],
    "translation": [
      1.78116918,
      0.9397522,
      -0.231342971
    ]
  },
  {
    "timeStamp": 94602,
    "rotation": [
      [
        0.109187111,
        0.0459474549,
        -0.9929587
      ],
      [
        0.751047254,
        0.650560558,
        0.112689763
      ],
      [
        0.651157558,
        -0.7580632,
        0.036524117
      ]
    ],
    "translation": [
      1.780568,
      0.9792062,
      -0.268710136
    ]
  },
  {
    "timeStamp": 94647,
    "rotation": [
      [
        0.07613208,
        0.08077514,
        -0.9938206
      ],
      [
        0.77477324,
        0.62260437,
        0.109955519
      ],
      [
        0.6276387,
        -0.778356731,
        -0.0151822539
      ]
    ],
    "translation": [
      1.78144324,
      1.00971735,
      -0.311784863
    ]
  },
  {
    "timeStamp": 94702,
    "rotation": [
      [
        0.0478476956,
        0.10275504,
        -0.993555248
      ],
      [
        0.810234666,
        0.5777236,
        0.09876841
      ],
      [
        0.5841493,
        -0.809738755,
        -0.0556129552
      ]
    ],
    "translation": [
      1.79579246,
      1.05137527,
      -0.372843474
    ]
  },
  {
    "timeStamp": 94746,
    "rotation": [
      [
        0.06438502,
        0.111279167,
        -0.9917013
      ],
      [
        0.825998366,
        0.5517052,
        0.115533993
      ],
      [
        0.559983253,
        -0.8265823,
        -0.05639486
      ]
    ],
    "translation": [
      1.81822157,
      1.08063221,
      -0.421999276
    ]
  },
  {
    "timeStamp": 94802,
    "rotation": [
      [
        0.0594010763,
        0.0870544538,
        -0.994431
      ],
      [
        0.845816851,
        0.5246811,
        0.09645541
      ],
      [
        0.530156,
        -0.8468361,
        -0.0424655043
      ]
    ],
    "translation": [
      1.85960364,
      1.11631989,
      -0.4801743
    ]
  },
  {
    "timeStamp": 94846,
    "rotation": [
      [
        0.0714824,
        0.0548968,
        -0.99593
      ],
      [
        0.8465456,
        0.5247071,
        0.08968286
      ],
      [
        0.527494848,
        -0.8495109,
        -0.008965326
      ]
    ],
    "translation": [
      1.90110159,
      1.13830793,
      -0.52573216
    ]
  },
  {
    "timeStamp": 94902,
    "rotation": [
      [
        0.02404392,
        0.01501195,
        -0.9995982
      ],
      [
        0.8465286,
        0.5315881,
        0.0283454284
      ],
      [
        0.5318,
        -0.84687,
        7.341534E-05
      ]
    ],
    "translation": [
      1.94554985,
      1.15649915,
      -0.577482045
    ]
  },
  {
    "timeStamp": 94946,
    "rotation": [
      [
        0.0321834125,
        0.00755717931,
        -0.999453366
      ],
      [
        0.8491299,
        0.527254045,
        0.0313295759
      ],
      [
        0.527202666,
        -0.8496741,
        0.0105518075
      ]
    ],
    "translation": [
      1.97963,
      1.1719625,
      -0.615561247
    ]
  },
  {
    "timeStamp": 95002,
    "rotation": [
      [
        0.00120931247,
        -0.00758087635,
        -0.999970555
      ],
      [
        0.843538761,
        0.5370596,
        -0.00305137038
      ],
      [
        0.537066936,
        -0.8435102,
        0.007044236
      ]
    ],
    "translation": [
      2.01533723,
      1.18269813,
      -0.6519643
    ]
  },
  {
    "timeStamp": 95047,
    "rotation": [
      [
        0.0110935364,
        -0.0127686914,
        -0.999856949
      ],
      [
        0.83668983,
        0.5476723,
        0.00228911825
      ],
      [
        0.5475647,
        -0.836595535,
        0.0167590547
      ]
    ],
    "translation": [
      2.0430038,
      1.18927181,
      -0.676331043
    ]
  },
  {
    "timeStamp": 95102,
    "rotation": [
      [
        0.000122161626,
        0.0109541863,
        -0.99994
      ],
      [
        0.7897447,
        0.613397837,
        0.00681615947
      ],
      [
        0.6134357,
        -0.7896981,
        -0.00857607648
      ]
    ],
    "translation": [
      2.065843,
      1.18371761,
      -0.7019163
    ]
  },
  {
    "timeStamp": 95147,
    "rotation": [
      [
        -0.07736663,
        -0.00323311985,
        -0.9969975
      ],
      [
        0.757273853,
        0.650254369,
        -0.0608728528
      ],
      [
        0.6484988,
        -0.759709656,
        -0.0478596352
      ]
    ],
    "translation": [
      2.08360863,
      1.17219222,
      -0.7195466
    ]
  },
  {
    "timeStamp": 95202,
    "rotation": [
      [
        -0.21269697,
        0.013018053,
        -0.977031469
      ],
      [
        0.656406343,
        0.7425906,
        -0.133003443
      ],
      [
        0.723803,
        -0.6696191,
        -0.166491911
      ]
    ],
    "translation": [
      2.10561156,
      1.14912856,
      -0.734190047
    ]
  },
  {
    "timeStamp": 95253,
    "rotation": [
      [
        -0.39117384,
        0.0514688827,
        -0.918876469
      ],
      [
        0.644233167,
        0.7283269,
        -0.233460084
      ],
      [
        0.6572265,
        -0.6832942,
        -0.3180604
      ]
    ],
    "translation": [
      2.1224997,
      1.14399827,
      -0.733376563
    ]
  },
  {
    "timeStamp": 95297,
    "rotation": [
      [
        -0.526277065,
        0.141696081,
        -0.838423967
      ],
      [
        0.590862453,
        0.770014048,
        -0.2407486
      ],
      [
        0.6114851,
        -0.622093737,
        -0.4889636
      ]
    ],
    "translation": [
      2.14434314,
      1.13174009,
      -0.727328
    ]
  },
  {
    "timeStamp": 95352,
    "rotation": [
      [
        -0.631550431,
        0.118815146,
        -0.7661769
      ],
      [
        0.5413616,
        0.774993837,
        -0.3260554
      ],
      [
        0.555042,
        -0.6206991,
        -0.553769648
      ]
    ],
    "translation": [
      2.16806245,
      1.114809,
      -0.703965247
    ]
  },
  {
    "timeStamp": 95397,
    "rotation": [
      [
        -0.72925216,
        0.155655235,
        -0.666305363
      ],
      [
        0.463733017,
        0.8284638,
        -0.314005524
      ],
      [
        0.503133237,
        -0.537977,
        -0.6763415
      ]
    ],
    "translation": [
      2.16578436,
      1.090931,
      -0.7032684
    ]
  },
  {
    "timeStamp": 95452,
    "rotation": [
      [
        -0.7982117,
        0.174741164,
        -0.5764752
      ],
      [
        0.3965978,
        0.872763753,
        -0.284593731
      ],
      [
        0.45339644,
        -0.455794841,
        -0.76595217
      ]
    ],
    "translation": [
      2.158097,
      1.0594815,
      -0.7054118
    ]
  },
  {
    "timeStamp": 95497,
    "rotation": [
      [
        -0.8761921,
        0.185869947,
        -0.444679469
      ],
      [
        0.340441942,
        0.8917754,
        -0.2980535
      ],
      [
        0.341155052,
        -0.412539661,
        -0.8446444
      ]
    ],
    "translation": [
      2.15216064,
      1.03517473,
      -0.7100955
    ]
  },
  {
    "timeStamp": 95552,
    "rotation": [
      [
        -0.931533933,
        0.172224492,
        -0.320286274
      ],
      [
        0.268650562,
        0.919515252,
        -0.2869122
      ],
      [
        0.2450948,
        -0.353313535,
        -0.902827859
      ]
    ],
    "translation": [
      2.1473515,
      1.006994,
      -0.722476244
    ]
  },
  {
    "timeStamp": 95596,
    "rotation": [
      [
        -0.942209959,
        0.1760655,
        -0.285028577
      ],
      [
        0.257444918,
        0.924931,
        -0.279686719
      ],
      [
        0.214388609,
        -0.336902767,
        -0.9168064
      ]
    ],
    "translation": [
      2.143146,
      0.9926665,
      -0.72381705
    ]
  },
  {
    "timeStamp": 95652,
    "rotation": [
      [
        -0.9650676,
        0.156047851,
        -0.21046029
      ],
      [
        0.214209333,
        0.932476163,
        -0.2908653
      ],
      [
        0.15086028,
        -0.325787246,
        -0.933329463
      ]
    ],
    "translation": [
      2.143907,
      0.9778483,
      -0.7270227
    ]
  },
  {
    "timeStamp": 95697,
    "rotation": [
      [
        -0.9791831,
        0.131939575,
        -0.15424791
      ],
      [
        0.171977282,
        0.942917645,
        -0.2851844
      ],
      [
        0.107815966,
        -0.3057749,
        -0.9459796
      ]
    ],
    "translation": [
      2.1460228,
      0.9668606,
      -0.733865261
    ]
  },
  {
    "timeStamp": 95754,
    "rotation": [
      [
        -0.976598144,
        0.144577786,
        -0.159227356
      ],
      [
        0.187198386,
        0.935921431,
        -0.298341662
      ],
      [
        0.105890729,
        -0.321167022,
        -0.9410839
      ]
    ],
    "translation": [
      2.13834643,
      0.958064556,
      -0.733680844
    ]
  },
  {
    "timeStamp": 95800,
    "rotation": [
      [
        -0.9731016,
        0.149590269,
        -0.175202772
      ],
      [
        0.19611454,
        0.93694067,
        -0.289277136
      ],
      [
        0.12088155,
        -0.315855861,
        -0.9410753
      ]
    ],
    "translation": [
      2.12987065,
      0.9511594,
      -0.7322144
    ]
  },
  {
    "timeStamp": 95845,
    "rotation": [
      [
        -0.96745,
        0.160827354,
        -0.195384428
      ],
      [
        0.214569941,
        0.9306486,
        -0.296399921
      ],
      [
        0.134165019,
        -0.328675717,
        -0.934864759
      ]
    ],
    "translation": [
      2.12012887,
      0.944717944,
      -0.7306646
    ]
  }
]