[
  {
    "timeStamp": 101754,
    "rotation": [
      [
        0.9998635,
        0.0156641752,
        -0.005256985
      ],
      [
        -0.0160849765,
        0.9955453,
        -0.0929020047
      ],
      [
        0.00377833331,
        0.09297388,
        0.9956614
      ]
    ],
    "translation": [
      1.30705357,
      0.996831834,
      -0.750405133
    ]
  },
  {
    "timeStamp": 101800,
    "rotation": [
      [
        0.9992372,
        0.0375415049,
        0.0107540833
      ],
      [
        -0.0362375565,
        0.9940249,
        -0.102963336
      ],
      [
        -0.0145552251,
        0.1024951,
        0.994627
      ]
    ],
    "translation": [
      1.30975616,
      1.003285,
      -0.7488648
    ]
  },
  {
    "timeStamp": 101854,
    "rotation": [
      [
        0.9981155,
        0.06045581,
        -0.0105132917
      ],
      [
        -0.0611491,
        0.9942245,
        -0.088194944
      ],
      [
        0.00512067555,
        0.08867162,
        0.9960478
      ]
    ],
    "translation": [
      1.314043,
      1.012239,
      -0.758758962
    ]
  },
  {
    "timeStamp": 101899,
    "rotation": [
      [
        0.9952027,
        0.0958754942,
        -0.0194781851
      ],
      [
        -0.09711946,
        0.992175341,
        -0.078459546
      ],
      [
        0.0118034268,
        0.07997486,
        0.996727
      ]
    ],
    "translation": [
      1.32274973,
      1.02965379,
      -0.7669928
    ]
  },
  {
    "timeStamp": 101955,
    "rotation": [
      [
        0.991072536,
        0.1332141,
        -0.005414614
      ],
      [
        -0.133262992,
        0.9885715,
        -0.0704797059
      ],
      [
        -0.004036158,
        0.07057207,
        0.9974986
      ]
    ],
    "translation": [
      1.33954608,
      1.05914009,
      -0.7756839
    ]
  },
  {
    "timeStamp": 101998,
    "rotation": [
      [
        0.981544852,
        0.189077839,
        0.0286236238
      ],
      [
        -0.186556771,
        0.979655445,
        -0.07397067
      ],
      [
        -0.042027507,
        0.06726559,
        0.996849537
      ]
    ],
    "translation": [
      1.36342669,
      1.09065819,
      -0.7806943
    ]
  },
  {
    "timeStamp": 102054,
    "rotation": [
      [
        0.966791868,
        0.249051332,
        0.057332173
      ],
      [
        -0.246596009,
        0.9679957,
        -0.0466337
      ],
      [
        -0.0671114847,
        0.0309471972,
        0.9972654
      ]
    ],
    "translation": [
      1.40379226,
      1.13661885,
      -0.7933177
    ]
  },
  {
    "timeStamp": 102098,
    "rotation": [
      [
        0.9488741,
        0.301897854,
        0.0921715349
      ],
      [
        -0.3035935,
        0.9527904,
        0.004628467
      ],
      [
        -0.08642284,
        -0.0323745124,
        0.995732367
      ]
    ],
    "translation": [
      1.4475174,
      1.17487574,
      -0.8072348
    ]
  },
  {
    "timeStamp": 102154,
    "rotation": [
      [
        0.9212785,
        0.349134415,
        0.171321526
      ],
      [
        -0.362843931,
        0.930192232,
        0.05555754
      ],
      [
        -0.139964908,
        -0.113346949,
        0.9836474
      ]
    ],
    "translation": [
      1.51487553,
      1.21941257,
      -0.822203159
    ]
  },
  {
    "timeStamp": 102199,
    "rotation": [
      [
        0.896232843,
        0.368602276,
        0.246777341
      ],
      [
        -0.397135139,
        0.914591,
        0.07620314
      ],
      [
        -0.1976117,
        -0.166299716,
        0.9660714
      ]
    ],
    "translation": [
      1.57689035,
      1.24853635,
      -0.8326359
    ]
  },
  {
    "timeStamp": 102254,
    "rotation": [
      [
        0.864816368,
        0.348479152,
        0.361462146
      ],
      [
        -0.411990821,
        0.9040067,
        0.114172161
      ],
      [
        -0.286977619,
        -0.247657046,
        0.925370038
      ]
    ],
    "translation": [
      1.65589118,
      1.27389789,
      -0.844435453
    ]
  },
  {
    "timeStamp": 102299,
    "rotation": [
      [
        0.844295442,
        0.299521685,
        0.444355667
      ],
      [
        -0.391816854,
        0.910728931,
        0.130584851
      ],
      [
        -0.365574569,
        -0.284358233,
        0.8862819
      ]
    ],
    "translation": [
      1.71490085,
      1.28367531,
      -0.849331141
    ]
  },
  {
    "timeStamp": 102348,
    "rotation": [
      [
        0.817697167,
        0.238714412,
        0.5238194
      ],
      [
        -0.3712569,
        0.914118052,
        0.162961781
      ],
      [
        -0.4399314,
        -0.327724934,
        0.8360961
      ]
    ],
    "translation": [
      1.7692765,
      1.28630364,
      -0.8509738
    ]
  },
  {
    "timeStamp": 102396,
    "rotation": [
      [
        0.7557274,
        0.199442059,
        0.6237779
      ],
      [
        -0.365334451,
        0.9189048,
        0.148810953
      ],
      [
        -0.543513358,
        -0.3403481,
        0.7673046
      ]
    ],
    "translation": [
      1.83697581,
      1.28793716,
      -0.846591234
    ]
  },
  {
    "timeStamp": 102451,
    "rotation": [
      [
        0.697997,
        0.135963455,
        0.7030749
      ],
      [
        -0.3568886,
        0.9172381,
        0.1769318
      ],
      [
        -0.6208308,
        -0.374417245,
        0.6887532
      ]
    ],
    "translation": [
      1.89374757,
      1.28466082,
      -0.84605
    ]
  },
  {
    "timeStamp": 102496,
    "rotation": [
      [
        0.644417346,
        0.124312982,
        0.7545015
      ],
      [
        -0.3610812,
        0.919232845,
        0.156943917
      ],
      [
        -0.6740524,
        -0.37357372,
        0.6372567
      ]
    ],
    "translation": [
      1.93614,
      1.28197479,
      -0.845035434
    ]
  },
  {
    "timeStamp": 102552,
    "rotation": [
      [
        0.5743231,
        0.134958684,
        0.807427466
      ],
      [
        -0.364639848,
        0.9252416,
        0.104717389
      ],
      [
        -0.732933,
        -0.354561836,
        0.58059895
      ]
    ],
    "translation": [
      1.98417175,
      1.27309811,
      -0.840283334
    ]
  },
  {
    "timeStamp": 102596,
    "rotation": [
      [
        0.5407876,
        0.110269077,
        0.8339002
      ],
      [
        -0.336339533,
        0.937016368,
        0.09421309
      ],
      [
        -0.770989358,
        -0.331422865,
        0.543814659
      ]
    ],
    "translation": [
      2.012752,
      1.26073885,
      -0.833185256
    ]
  },
  {
    "timeStamp": 102651,
    "rotation": [
      [
        0.5061956,
        0.0945399255,
        0.857221246
      ],
      [
        -0.2785053,
        0.958637059,
        0.0587347522
      ],
      [
        -0.8162113,
        -0.268471926,
        0.511587739
      ]
    ],
    "translation": [
      2.0441432,
      1.24087358,
      -0.8193022
    ]
  },
  {
    "timeStamp": 102696,
    "rotation": [
      [
        0.486449182,
        0.0535558,
        0.8720659
      ],
      [
        -0.207239255,
        0.976708,
        0.0556184836
      ],
      [
        -0.8487751,
        -0.207781866,
        0.486217648
      ]
    ],
    "translation": [
      2.063432,
      1.22170472,
      -0.807630658
    ]
  },
  {
    "timeStamp": 102744,
    "rotation": [
      [
        0.465800583,
        0.0557408147,
        0.883132339
      ],
      [
        -0.145366386,
        0.9892755,
        0.01423198
      ],
      [
        -0.8728679,
        -0.135007024,
        0.468907952
      ]
    ],
    "translation": [
      2.08141232,
      1.20103848,
      -0.79579246
    ]
  },
  {
    "timeStamp": 102804,
    "rotation": [
      [
        0.470684081,
        0.0626186952,
        0.880076945
      ],
      [
        -0.07111342,
        0.996925533,
        -0.03289964
      ],
      [
        -0.8794313,
        -0.0470999479,
        0.47369
      ]
    ],
    "translation": [
      2.093496,
      1.17129123,
      -0.7833644
    ]
  },
  {
    "timeStamp": 102849,
    "rotation": [
      [
        0.45386222,
        0.0800553039,
        0.887468457
      ],
      [
        -0.0175816752,
        0.9965668,
        -0.08090518
      ],
      [
        -0.8908984,
        0.0211166218,
        0.45371148
      ]
    ],
    "translation": [
      2.1016283,
      1.15205479,
      -0.7726574
    ]
  },
  {
    "timeStamp": 102904,
    "rotation": [
      [
        0.4394456,
        0.08609167,
        0.8941341
      ],
      [
        0.0119757829,
        0.994746566,
        -0.101664953
      ],
      [
        -0.898189366,
        0.055384174,
        0.436106
      ]
    ],
    "translation": [
      2.10571241,
      1.13344514,
      -0.7682764
    ]
  },
  {
    "timeStamp": 102948,
    "rotation": [
      [
        0.481082469,
        0.119664475,
        0.868469954
      ],
      [
        0.04992293,
        0.9852934,
        -0.16341573
      ],
      [
        -0.8752528,
        0.121973008,
        0.468033344
      ]
    ],
    "translation": [
      2.101067,
      1.11878753,
      -0.765829265
    ]
  },
  {
    "timeStamp": 103004,
    "rotation": [
      [
        0.498290777,
        0.136981621,
        0.8561205
      ],
      [
        0.07867776,
        0.976222038,
        -0.201991275
      ],
      [
        -0.863432765,
        0.168008029,
        0.475665
      ]
    ],
    "translation": [
      2.09404945,
      1.10401523,
      -0.765699148
    ]
  },
  {
    "timeStamp": 103048,
    "rotation": [
      [
        0.5022058,
        0.134461284,
        0.854230344
      ],
      [
        0.104321085,
        0.971202135,
        -0.214204222
      ],
      [
        -0.858432531,
        0.196688831,
        0.4737162
      ]
    ],
    "translation": [
      2.09170818,
      1.09356976,
      -0.7647269
    ]
  },
  {
    "timeStamp": 103104,
    "rotation": [
      [
        0.50507313,
        0.122506753,
        0.854337931
      ],
      [
        0.126644671,
        0.968640566,
        -0.213767678
      ],
      [
        -0.8537343,
        0.216165647,
        0.4737195
      ]
    ],
    "translation": [
      2.08969736,
      1.083605,
      -0.7656847
    ]
  },
  {
    "timeStamp": 103149,
    "rotation": [
      [
        0.504109442,
        0.110660054,
        0.8565209
      ],
      [
        0.135347456,
        0.969379663,
        -0.204900458
      ],
      [
        -0.8529682,
        0.219220176,
        0.473695844
      ]
    ],
    "translation": [
      2.08883381,
      1.0783155,
      -0.7658013
    ]
  },
  {
    "timeStamp": 103195,
    "rotation": [
      [
        0.499863267,
        0.113819331,
        0.8585929
      ],
      [
        0.137728423,
        0.968266964,
        -0.208542243
      ],
      [
        -0.855083346,
        0.222495258,
        0.468324959
      ]
    ],
    "translation": [
      2.08976078,
      1.07373178,
      -0.765018761
    ]
  },
  {
    "timeStamp": 103251,
    "rotation": [
      [
        0.511439443,
        0.116116494,
        0.851438
      ],
      [
        0.170547321,
        0.957402349,
        -0.233011484
      ],
      [
        -0.8422252,
        0.264381737,
        0.469849974
      ]
    ],
    "translation": [
      2.08779621,
      1.06492889,
      -0.7640822
    ]
  },
  {
    "timeStamp": 103297,
    "rotation": [
      [
        0.520581067,
        0.107434884,
        0.84702605
      ],
      [
        0.1896347,
        0.9527247,
        -0.2373907
      ],
      [
        -0.8324866,
        0.284206629,
        0.475597084
      ]
    ],
    "translation": [
      2.08439755,
      1.05984521,
      -0.7662388
    ]
  }
]