[
  {
    "timeStamp": 110183,
    "rotation": [
      [
        0.998630941,
        0.030961046,
        -0.0421618819
      ],
      [
        0.0221236628,
        0.48038578,
        0.876778245
      ],
      [
        0.0473999381,
        -0.8765107,
        0.479043156
      ]
    ],
    "translation": [
      1.3031019,
      0.863158762,
      -0.6245959
    ]
  },
  {
    "timeStamp": 110228,
    "rotation": [
      [
        0.9999809,
        -0.005362649,
        0.00306854863
      ],
      [
        0.000175742,
        0.5211352,
        0.8534741
      ],
      [
        -0.00617601071,
        -0.8534572,
        0.5211262
      ]
    ],
    "translation": [
      1.301414,
      0.8699132,
      -0.6236085
    ]
  },
  {
    "timeStamp": 110283,
    "rotation": [
      [
        0.9992994,
        -0.03206119,
        0.0193063114
      ],
      [
        0.00162492727,
        0.552544832,
        0.8334816
      ],
      [
        -0.0373900123,
        -0.8328663,
        0.552209854
      ]
    ],
    "translation": [
      1.30028486,
      0.871272266,
      -0.622566342
    ]
  },
  {
    "timeStamp": 110328,
    "rotation": [
      [
        0.9991702,
        -0.0366104543,
        0.0178483017
      ],
      [
        0.0054045,
        0.5535156,
        0.83282125
      ],
      [
        -0.04036928,
        -0.8320337,
        0.5532542
      ]
    ],
    "translation": [
      1.30009747,
      0.8712907,
      -0.6225118
    ]
  },
  {
    "timeStamp": 110383,
    "rotation": [
      [
        0.9995878,
        -0.02864043,
        -0.001967181
      ],
      [
        0.0147828916,
        0.454778761,
        0.89048177
      ],
      [
        -0.02460915,
        -0.8901438,
        0.4550147
      ]
    ],
    "translation": [
      1.30009854,
      0.8718765,
      -0.619869769
    ]
  },
  {
    "timeStamp": 110428,
    "rotation": [
      [
        0.9996166,
        0.0170440711,
        0.0218193959
      ],
      [
        -0.02723211,
        0.462928027,
        0.885977447
      ],
      [
        0.004999851,
        -0.886232,
        0.4632147
      ]
    ],
    "translation": [
      1.29692292,
      0.8897042,
      -0.6313334
    ]
  },
  {
    "timeStamp": 110483,
    "rotation": [
      [
        0.996312439,
        0.07103019,
        0.04812711
      ],
      [
        -0.07361422,
        0.419537872,
        0.904747963
      ],
      [
        0.0440732725,
        -0.9049545,
        0.423219651
      ]
    ],
    "translation": [
      1.29801834,
      0.923282564,
      -0.6451049
    ]
  },
  {
    "timeStamp": 110528,
    "rotation": [
      [
        0.990359664,
        0.106232949,
        0.08889425
      ],
      [
        -0.122880824,
        0.377562165,
        0.9177947
      ],
      [
        0.0639369339,
        -0.919870257,
        0.386976331
      ]
    ],
    "translation": [
      1.30516279,
      0.9605796,
      -0.6568208
    ]
  },
  {
    "timeStamp": 110583,
    "rotation": [
      [
        0.9785895,
        0.126973912,
        0.161988273
      ],
      [
        -0.193000033,
        0.292655319,
        0.9365382
      ],
      [
        0.07150919,
        -0.9477502,
        0.310895383
      ]
    ],
    "translation": [
      1.3243103,
      1.01388884,
      -0.6728818
    ]
  },
  {
    "timeStamp": 110628,
    "rotation": [
      [
        0.966802359,
        0.147354349,
        0.208757862
      ],
      [
        -0.2397969,
        0.2410085,
        0.940432
      ],
      [
        0.08826434,
        -0.9592714,
        0.268342733
      ]
    ],
    "translation": [
      1.34410369,
      1.05277312,
      -0.690486848
    ]
  },
  {
    "timeStamp": 110683,
    "rotation": [
      [
        0.952422738,
        0.14306426,
        0.269116372
      ],
      [
        -0.291233063,
        0.166869551,
        0.941986144
      ],
      [
        0.0898572356,
        -0.9755446,
        0.200595379
      ]
    ],
    "translation": [
      1.37774,
      1.09668267,
      -0.711445332
    ]
  },
  {
    "timeStamp": 110728,
    "rotation": [
      [
        0.9483471,
        0.118048161,
        0.294452816
      ],
      [
        -0.3060417,
        0.09606323,
        0.9471591
      ],
      [
        0.08352432,
        -0.9883504,
        0.127228945
      ]
    ],
    "translation": [
      1.41320586,
      1.12897313,
      -0.7265504
    ]
  },
  {
    "timeStamp": 110783,
    "rotation": [
      [
        0.942888439,
        0.0618570223,
        0.327314943
      ],
      [
        -0.3287791,
        0.0149062527,
        0.9442892
      ],
      [
        0.05353188,
        -0.9979737,
        0.03439223
      ]
    ],
    "translation": [
      1.46526349,
      1.16372633,
      -0.7453176
    ]
  },
  {
    "timeStamp": 110828,
    "rotation": [
      [
        0.94161433,
        0.009607494,
        0.336556226
      ],
      [
        -0.336031377,
        -0.03583434,
        0.941168845
      ],
      [
        0.0211025458,
        -0.9993115,
        -0.0305137075
      ]
    ],
    "translation": [
      1.51372778,
      1.18712151,
      -0.7626818
    ]
  },
  {
    "timeStamp": 110883,
    "rotation": [
      [
        0.942479134,
        -0.07490301,
        0.3257647
      ],
      [
        -0.330277234,
        -0.05858548,
        0.942064047
      ],
      [
        -0.0514783524,
        -0.9954684,
        -0.079954356
      ]
    ],
    "translation": [
      1.57956493,
      1.20445049,
      -0.7841792
    ]
  },
  {
    "timeStamp": 110928,
    "rotation": [
      [
        0.937808,
        -0.1441432,
        0.315814734
      ],
      [
        -0.325735569,
        -0.05076687,
        0.944097
      ],
      [
        -0.120052233,
        -0.9882537,
        -0.09456214
      ]
    ],
    "translation": [
      1.6334902,
      1.21077728,
      -0.7995418
    ]
  },
  {
    "timeStamp": 110983,
    "rotation": [
      [
        0.929504454,
        -0.237170741,
        0.282438666
      ],
      [
        -0.297713369,
        -0.03049238,
        0.9541682
      ],
      [
        -0.217688546,
        -0.970989347,
        -0.0989517
      ]
    ],
    "translation": [
      1.70100117,
      1.20902109,
      -0.8152409
    ]
  },
  {
    "timeStamp": 111028,
    "rotation": [
      [
        0.9107085,
        -0.309984982,
        0.272982359
      ],
      [
        -0.2914071,
        -0.01380522,
        0.9564995
      ],
      [
        -0.292731881,
        -0.9506412,
        -0.10290435
      ]
    ],
    "translation": [
      1.75078046,
      1.20572734,
      -0.824926138
    ]
  },
  {
    "timeStamp": 111084,
    "rotation": [
      [
        0.8920972,
        -0.389101565,
        0.2297011
      ],
      [
        -0.254737437,
        -0.013230538,
        0.9669197
      ],
      [
        -0.3731909,
        -0.921099842,
        -0.110921666
      ]
    ],
    "translation": [
      1.8066963,
      1.19597,
      -0.832864165
    ]
  },
  {
    "timeStamp": 111128,
    "rotation": [
      [
        0.8584616,
        -0.453292847,
        0.239935949
      ],
      [
        -0.267195284,
        0.00404489925,
        0.9636339
      ],
      [
        -0.43777886,
        -0.8913525,
        -0.117645316
      ]
    ],
    "translation": [
      1.84856057,
      1.19081414,
      -0.8385313
    ]
  },
  {
    "timeStamp": 111183,
    "rotation": [
      [
        0.811195254,
        -0.516284764,
        0.274613082
      ],
      [
        -0.2962869,
        0.0419970974,
        0.9541752
      ],
      [
        -0.504159033,
        -0.8553867,
        -0.11890056
      ]
    ],
    "translation": [
      1.89485383,
      1.185312,
      -0.845789
    ]
  },
  {
    "timeStamp": 111228,
    "rotation": [
      [
        0.7746578,
        -0.5584491,
        0.296715349
      ],
      [
        -0.311652124,
        0.07113088,
        0.94753015
      ],
      [
        -0.550253,
        -0.826483548,
        -0.118939757
      ]
    ],
    "translation": [
      1.92994475,
      1.17861283,
      -0.8471431
    ]
  },
  {
    "timeStamp": 111283,
    "rotation": [
      [
        0.720826268,
        -0.601508439,
        0.3443793
      ],
      [
        -0.3377921,
        0.128990978,
        0.932339966
      ],
      [
        -0.6052322,
        -0.7883838,
        -0.110204704
      ]
    ],
    "translation": [
      1.97251177,
      1.16698289,
      -0.843261242
    ]
  },
  {
    "timeStamp": 111328,
    "rotation": [
      [
        0.681555,
        -0.6226523,
        0.384430736
      ],
      [
        -0.358971715,
        0.1733057,
        0.9171175
      ],
      [
        -0.6376693,
        -0.7630657,
        -0.1053972
      ]
    ],
    "translation": [
      2.00247169,
      1.15729225,
      -0.835026264
    ]
  },
  {
    "timeStamp": 111383,
    "rotation": [
      [
        0.63665396,
        -0.611887038,
        0.469325125
      ],
      [
        -0.3817875,
        0.278678268,
        0.8812359
      ],
      [
        -0.6700075,
        -0.7402248,
        -0.05618922
      ]
    ],
    "translation": [
      2.03231454,
      1.13845158,
      -0.823780239
    ]
  },
  {
    "timeStamp": 111428,
    "rotation": [
      [
        0.5921336,
        -0.5769099,
        0.562630236
      ],
      [
        -0.388098955,
        0.40772447,
        0.8265228
      ],
      [
        -0.7062273,
        -0.7077681,
        0.0175292175
      ]
    ],
    "translation": [
      2.052551,
      1.11752808,
      -0.814792335
    ]
  },
  {
    "timeStamp": 111481,
    "rotation": [
      [
        0.566357255,
        -0.531066656,
        0.6302441
      ],
      [
        -0.3687909,
        0.5205743,
        0.7700621
      ],
      [
        -0.7370432,
        -0.6685586,
        0.09897849
      ]
    ],
    "translation": [
      2.071518,
      1.09400058,
      -0.805950463
    ]
  },
  {
    "timeStamp": 111533,
    "rotation": [
      [
        0.64413923,
        -0.5595844,
        0.521488249
      ],
      [
        -0.256486058,
        0.4842832,
        0.836471558
      ],
      [
        -0.7206244,
        -0.6725586,
        0.168420225
      ]
    ],
    "translation": [
      2.08836031,
      1.069432,
      -0.806058645
    ]
  },
  {
    "timeStamp": 111578,
    "rotation": [
      [
        0.726158,
        -0.593437552,
        0.3471691
      ],
      [
        -0.129427537,
        0.377932847,
        0.916741669
      ],
      [
        -0.6752355,
        -0.710632563,
        0.197631821
      ]
    ],
    "translation": [
      2.10334969,
      1.05398273,
      -0.8062699
    ]
  },
  {
    "timeStamp": 111634,
    "rotation": [
      [
        0.754957736,
        -0.613701761,
        0.231103674
      ],
      [
        -0.0303726885,
        0.3193125,
        0.9471626
      ],
      [
        -0.655069649,
        -0.722087,
        0.2224277
      ]
    ],
    "translation": [
      2.12608528,
      1.04016316,
      -0.8033398
    ]
  },
  {
    "timeStamp": 111678,
    "rotation": [
      [
        0.7995644,
        -0.573420465,
        0.1785658
      ],
      [
        0.0106779793,
        0.310848,
        0.950399637
      ],
      [
        -0.600485444,
        -0.757999,
        0.254665971
      ]
    ],
    "translation": [
      2.13434982,
      1.03311884,
      -0.8031713
    ]
  },
  {
    "timeStamp": 111733,
    "rotation": [
      [
        0.844439864,
        -0.5281773,
        0.08916247
      ],
      [
        0.0952405855,
        0.311853975,
        0.945344567
      ],
      [
        -0.5271152,
        -0.7897948,
        0.313645869
      ]
    ],
    "translation": [
      2.13615847,
      1.02785027,
      -0.800968647
    ]
  },
  {
    "timeStamp": 111778,
    "rotation": [
      [
        0.8885988,
        -0.458231449,
        0.0204015709
      ],
      [
        0.14308919,
        0.319187224,
        0.9368271
      ],
      [
        -0.435795575,
        -0.8295442,
        0.349197328
      ]
    ],
    "translation": [
      2.13373756,
      1.02202964,
      -0.8042212
    ]
  },
  {
    "timeStamp": 111833,
    "rotation": [
      [
        0.910696864,
        -0.411094755,
        -0.04040162
      ],
      [
        0.1972806,
        0.346922845,
        0.9169105
      ],
      [
        -0.36292088,
        -0.842998,
        0.397042543
      ]
    ],
    "translation": [
      2.13462043,
      1.0127368,
      -0.808645
    ]
  },
  {
    "timeStamp": 111878,
    "rotation": [
      [
        0.914768636,
        -0.397079557,
        -0.07433834
      ],
      [
        0.230576679,
        0.3621043,
        0.903169334
      ],
      [
        -0.331711829,
        -0.8433317,
        0.422798932
      ]
    ],
    "translation": [
      2.13773084,
      1.00580692,
      -0.8108589
    ]
  },
  {
    "timeStamp": 111935,
    "rotation": [
      [
        0.8947663,
        -0.416518241,
        -0.160953268
      ],
      [
        0.3161282,
        0.336306781,
        0.8871081
      ],
      [
        -0.315367043,
        -0.844636261,
        0.4325891
      ]
    ],
    "translation": [
      2.15021181,
      0.996247649,
      -0.8098455
    ]
  },
  {
    "timeStamp": 111980,
    "rotation": [
      [
        0.872875631,
        -0.4450627,
        -0.20001854
      ],
      [
        0.365926683,
        0.3259092,
        0.871711433
      ],
      [
        -0.322778374,
        -0.8340878,
        0.4473385
      ]
    ],
    "translation": [
      2.15846729,
      0.990250945,
      -0.808642864
    ]
  },
  {
    "timeStamp": 112026,
    "rotation": [
      [
        0.8696124,
        -0.449514419,
        -0.204232961
      ],
      [
        0.375976831,
        0.334781021,
        0.8640388
      ],
      [
        -0.32002458,
        -0.8281657,
        0.4601367
      ]
    ],
    "translation": [
      2.15946651,
      0.98845315,
      -0.809896767
    ]
  },
  {
    "timeStamp": 112083,
    "rotation": [
      [
        0.8784417,
        -0.4449371,
        -0.174273282
      ],
      [
        0.374663353,
        0.414948344,
        0.829123139
      ],
      [
        -0.296593249,
        -0.7936302,
        0.5312096
      ]
    ],
    "translation": [
      2.15541816,
      0.982372344,
      -0.8194931
    ]
  },
  {
    "timeStamp": 112127,
    "rotation": [
      [
        0.8748534,
        -0.451842517,
        -0.174556389
      ],
      [
        0.3906686,
        0.445129424,
        0.805753
      ],
      [
        -0.2863733,
        -0.7731094,
        0.565943658
      ]
    ],
    "translation": [
      2.15570354,
      0.974362254,
      -0.824542046
    ]
  },
  {
    "timeStamp": 112183,
    "rotation": [
      [
        0.8718654,
        -0.4599484,
        -0.1682207
      ],
      [
        0.401135743,
        0.473614216,
        0.784078836
      ],
      [
        -0.280964077,
        -0.7510905,
        0.5974296
      ]
    ],
    "translation": [
      2.15620637,
      0.9650973,
      -0.82742095
    ]
  },
  {
    "timeStamp": 112227,
    "rotation": [
      [
        0.862909734,
        -0.473681539,
        -0.1761042
      ],
      [
        0.419096857,
        0.4760355,
        0.7731417
      ],
      [
        -0.282391071,
        -0.7409562,
        0.609294057
      ]
    ],
    "translation": [
      2.15848017,
      0.959190249,
      -0.827908
    ]
  },
  {
    "timeStamp": 112283,
    "rotation": [
      [
        0.8352657,
        -0.511709332,
        -0.201208144
      ],
      [
        0.462384939,
        0.4556644,
        0.760638
      ],
      [
        -0.297542185,
        -0.7283705,
        0.6172075
      ]
    ],
    "translation": [
      2.16602254,
      0.9545622,
      -0.8278535
    ]
  }
]