[
  {
    "timeStamp": 19921,
    "rotation": [
      [
        0.00018395645,
        0.9999839,
        0.00566598261
      ],
      [
        -0.02827593,
        -0.005658516,
        0.999584138
      ],
      [
        0.9996001,
        -0.000344091532,
        0.0282744337
      ]
    ],
    "translation": [
      1.76994,
      0.705454,
      -0.359864444
    ]
  },
  {
    "timeStamp": 19968,
    "rotation": [
      [
        0.000265050738,
        0.9999918,
        -0.00404805643
      ],
      [
        -0.0281365775,
        0.00405391166,
        0.9995959
      ],
      [
        0.999604046,
        -0.000151048764,
        0.0281374212
      ]
    ],
    "translation": [
      1.76982808,
      0.7062645,
      -0.359831929
    ]
  },
  {
    "timeStamp": 20021,
    "rotation": [
      [
        -0.0002757145,
        0.999948859,
        -0.010113406
      ],
      [
        -0.0128515447,
        0.0101090288,
        0.9998663
      ],
      [
        0.9999174,
        0.00040565728,
        0.0128480988
      ]
    ],
    "translation": [
      1.76947558,
      0.7056569,
      -0.359772056
    ]
  },
  {
    "timeStamp": 20076,
    "rotation": [
      [
        -0.00107051188,
        0.9999493,
        -0.01001039
      ],
      [
        0.005801901,
        0.0100164376,
        0.999933
      ],
      [
        0.999982536,
        0.00101236277,
        -0.00581232971
      ]
    ],
    "translation": [
      1.76799214,
      0.705010355,
      -0.359741032
    ]
  },
  {
    "timeStamp": 20121,
    "rotation": [
      [
        -0.00277335965,
        0.999966741,
        -0.00768018328
      ],
      [
        0.0135553963,
        0.00771710044,
        0.999878347
      ],
      [
        0.999904335,
        0.002668919,
        -0.0135763464
      ]
    ],
    "translation": [
      1.76768756,
      0.70498693,
      -0.359758735
    ]
  },
  {
    "timeStamp": 20177,
    "rotation": [
      [
        -0.0390894748,
        0.9990507,
        0.0192287825
      ],
      [
        -0.0131701911,
        -0.0197569337,
        0.99971807
      ],
      [
        0.9991489,
        0.03882521,
        0.0139299771
      ]
    ],
    "translation": [
      1.760873,
      0.7070452,
      -0.367853433
    ]
  },
  {
    "timeStamp": 20221,
    "rotation": [
      [
        -0.07235866,
        0.9956736,
        0.05829483
      ],
      [
        -0.0426199436,
        -0.06148139,
        0.997197866
      ],
      [
        0.99646765,
        0.06967138,
        0.0468842648
      ]
    ],
    "translation": [
      1.7509985,
      0.7126729,
      -0.376569659
    ]
  },
  {
    "timeStamp": 20266,
    "rotation": [
      [
        -0.0669022053,
        0.979880035,
        0.188040316
      ],
      [
        -0.09748053,
        -0.193980128,
        0.9761502
      ],
      [
        0.9929862,
        0.04697633,
        0.108496927
      ]
    ],
    "translation": [
      1.72093129,
      0.7231909,
      -0.39171654
    ]
  },
  {
    "timeStamp": 20322,
    "rotation": [
      [
        -0.07178427,
        0.910482943,
        0.407268733
      ],
      [
        -0.200091481,
        -0.413166881,
        0.8884011
      ],
      [
        0.977144,
        -0.0177177861,
        0.211838782
      ]
    ],
    "translation": [
      1.67448449,
      0.7448509,
      -0.415527254
    ]
  },
  {
    "timeStamp": 20366,
    "rotation": [
      [
        -0.049862124,
        0.832374156,
        0.5519665
      ],
      [
        -0.270330459,
        -0.543272734,
        0.7948435
      ],
      [
        0.961475551,
        -0.109580748,
        0.252104819
      ]
    ],
    "translation": [
      1.63606858,
      0.773114443,
      -0.430253267
    ]
  },
  {
    "timeStamp": 20422,
    "rotation": [
      [
        -0.02873114,
        0.8170267,
        0.575883567
      ],
      [
        -0.2667043,
        -0.5615016,
        0.7833165
      ],
      [
        0.963350058,
        -0.131085038,
        0.2340371
      ]
    ],
    "translation": [
      1.63211811,
      0.77999866,
      -0.4307058
    ]
  },
  {
    "timeStamp": 20466,
    "rotation": [
      [
        0.00662157964,
        0.799032331,
        0.601251662
      ],
      [
        -0.259345263,
        -0.579319239,
        0.772741437
      ],
      [
        0.96576196,
        -0.1610485,
        0.203389227
      ]
    ],
    "translation": [
      1.62693191,
      0.78734386,
      -0.425631434
    ]
  },
  {
    "timeStamp": 20522,
    "rotation": [
      [
        0.04360084,
        0.761013269,
        0.6472694
      ],
      [
        -0.258483738,
        -0.617231846,
        0.743109
      ],
      [
        0.965031147,
        -0.1997088,
        0.169797719
      ]
    ],
    "translation": [
      1.61836457,
      0.802294731,
      -0.4235959
    ]
  },
  {
    "timeStamp": 20566,
    "rotation": [
      [
        0.07013492,
        0.746013761,
        0.6622269
      ],
      [
        -0.2452293,
        -0.63059473,
        0.7363511
      ],
      [
        0.966924846,
        -0.214041367,
        0.138717741
      ]
    ],
    "translation": [
      1.61623931,
      0.810054541,
      -0.420908242
    ]
  },
  {
    "timeStamp": 20622,
    "rotation": [
      [
        0.105333887,
        0.7287104,
        0.6766727
      ],
      [
        -0.232025892,
        -0.6436672,
        0.729284942
      ],
      [
        0.9669896,
        -0.233824,
        0.101279721
      ]
    ],
    "translation": [
      1.61658871,
      0.819127,
      -0.421338
    ]
  },
  {
    "timeStamp": 20666,
    "rotation": [
      [
        0.140281647,
        0.712712944,
        0.6872855
      ],
      [
        -0.210669354,
        -0.6567689,
        0.724067032
      ],
      [
        0.967439651,
        -0.246363282,
        0.0580141619
      ]
    ],
    "translation": [
      1.61751652,
      0.8303714,
      -0.417927235
    ]
  },
  {
    "timeStamp": 20722,
    "rotation": [
      [
        0.18913205,
        0.6988155,
        0.689844847
      ],
      [
        -0.181239635,
        -0.6656115,
        0.7239568
      ],
      [
        0.965081,
        -0.261950672,
        0.0007645997
      ]
    ],
    "translation": [
      1.622359,
      0.845174253,
      -0.4196953
    ]
  },
  {
    "timeStamp": 20766,
    "rotation": [
      [
        0.2213246,
        0.696230948,
        0.682845533
      ],
      [
        -0.151037723,
        -0.66728884,
        0.7293238
      ],
      [
        0.963432968,
        -0.2645527,
        -0.0425303
      ]
    ],
    "translation": [
      1.63059974,
      0.8577,
      -0.4248926
    ]
  },
  {
    "timeStamp": 20822,
    "rotation": [
      [
        0.269872218,
        0.6946321,
        0.666824758
      ],
      [
        -0.126810148,
        -0.660848737,
        0.739728451
      ],
      [
        0.954509437,
        -0.284192324,
        -0.09025832
      ]
    ],
    "translation": [
      1.6452781,
      0.8740653,
      -0.4406011
    ]
  },
  {
    "timeStamp": 20866,
    "rotation": [
      [
        0.323648185,
        0.691985965,
        0.6452962
      ],
      [
        -0.11152155,
        -0.6493508,
        0.75226754
      ],
      [
        0.939582169,
        -0.315434456,
        -0.132989883
      ]
    ],
    "translation": [
      1.66323853,
      0.8878905,
      -0.453051031
    ]
  },
  {
    "timeStamp": 20922,
    "rotation": [
      [
        0.3780933,
        0.70040977,
        0.605369031
      ],
      [
        -0.07906412,
        -0.6270911,
        0.774922967
      ],
      [
        0.922385156,
        -0.340856135,
        -0.181721658
      ]
    ],
    "translation": [
      1.68974316,
      0.9053026,
      -0.475763679
    ]
  },
  {
    "timeStamp": 20966,
    "rotation": [
      [
        0.433195919,
        0.6941747,
        0.574858963
      ],
      [
        -0.06751239,
        -0.6110274,
        0.7887253
      ],
      [
        0.8987677,
        -0.380482674,
        -0.217829168
      ]
    ],
    "translation": [
      1.71809,
      0.919652,
      -0.492485344
    ]
  },
  {
    "timeStamp": 21022,
    "rotation": [
      [
        0.4925328,
        0.689410448,
        0.5311541
      ],
      [
        -0.0587214939,
        -0.582599342,
        0.810635448
      ],
      [
        0.8683105,
        -0.430454671,
        -0.24646607
      ]
    ],
    "translation": [
      1.75324011,
      0.937328339,
      -0.5210174
    ]
  },
  {
    "timeStamp": 21066,
    "rotation": [
      [
        0.542458951,
        0.6792659,
        0.494303644
      ],
      [
        -0.059156213,
        -0.5560523,
        0.829039454
      ],
      [
        0.8379969,
        -0.478961021,
        -0.261452764
      ]
    ],
    "translation": [
      1.78640354,
      0.9483286,
      -0.544470131
    ]
  },
  {
    "timeStamp": 21122,
    "rotation": [
      [
        0.6067037,
        0.649852633,
        0.4578232
      ],
      [
        -0.07313372,
        -0.5278575,
        0.8461784
      ],
      [
        0.7915567,
        -0.5468619,
        -0.272726953
      ]
    ],
    "translation": [
      1.82479632,
      0.962488651,
      -0.5750593
    ]
  },
  {
    "timeStamp": 21166,
    "rotation": [
      [
        0.6623716,
        0.6237927,
        0.414905429
      ],
      [
        -0.07765238,
        -0.4936682,
        0.866176546
      ],
      [
        0.745140254,
        -0.605949163,
        -0.2785528
      ]
    ],
    "translation": [
      1.86255789,
      0.9690485,
      -0.598538458
    ]
  },
  {
    "timeStamp": 21222,
    "rotation": [
      [
        0.7255601,
        0.575019,
        0.378041744
      ],
      [
        -0.0995444059,
        -0.455875546,
        0.8844594
      ],
      [
        0.680920959,
        -0.6793604,
        -0.273525178
      ]
    ],
    "translation": [
      1.9022404,
      0.9780757,
      -0.6279333
    ]
  },
  {
    "timeStamp": 21267,
    "rotation": [
      [
        0.7599084,
        0.557240844,
        0.334696472
      ],
      [
        -0.08467603,
        -0.425647527,
        0.9009185
      ],
      [
        0.6444914,
        -0.7129563,
        -0.276268184
      ]
    ],
    "translation": [
      1.93775976,
      0.9826286,
      -0.6468184
    ]
  },
  {
    "timeStamp": 21322,
    "rotation": [
      [
        0.7972752,
        0.532305241,
        0.284610957
      ],
      [
        -0.06865625,
        -0.388479948,
        0.9188959
      ],
      [
        0.5996987,
        -0.7521532,
        -0.273179352
      ]
    ],
    "translation": [
      1.976717,
      0.9879208,
      -0.666952
    ]
  },
  {
    "timeStamp": 21373,
    "rotation": [
      [
        0.8236906,
        0.5063741,
        0.2551842
      ],
      [
        -0.05939693,
        -0.3705032,
        0.92693007
      ],
      [
        0.56392,
        -0.7786608,
        -0.2751029
      ]
    ],
    "translation": [
      2.00338435,
      0.991484,
      -0.677499056
    ]
  },
  {
    "timeStamp": 21416,
    "rotation": [
      [
        0.8507736,
        0.4858643,
        0.200300038
      ],
      [
        -0.0335228071,
        -0.330188155,
        0.9433197
      ],
      [
        0.524462044,
        -0.8092661,
        -0.2646278
      ]
    ],
    "translation": [
      2.03913069,
      0.99238205,
      -0.691074669
    ]
  },
  {
    "timeStamp": 21472,
    "rotation": [
      [
        0.8729342,
        0.457256436,
        0.170007154
      ],
      [
        -0.02316324,
        -0.30924812,
        0.95069927
      ],
      [
        0.48728773,
        -0.83383584,
        -0.2593617
      ]
    ],
    "translation": [
      2.06622744,
      0.9927174,
      -0.699377835
    ]
  },
  {
    "timeStamp": 21516,
    "rotation": [
      [
        0.883560538,
        0.448138952,
        0.135986283
      ],
      [
        -0.009774364,
        -0.27266258,
        0.9620601
      ],
      [
        0.468214929,
        -0.851367533,
        -0.236533642
      ]
    ],
    "translation": [
      2.08792973,
      0.987784743,
      -0.709365547
    ]
  },
  {
    "timeStamp": 21572,
    "rotation": [
      [
        0.8949731,
        0.437171221,
        0.08890665
      ],
      [
        0.0138739711,
        -0.226466879,
        0.973920047
      ],
      [
        0.445904225,
        -0.87039876,
        -0.208747074
      ]
    ],
    "translation": [
      2.11357474,
      0.9795184,
      -0.719038963
    ]
  },
  {
    "timeStamp": 21616,
    "rotation": [
      [
        0.9038459,
        0.422651261,
        0.066547595
      ],
      [
        0.0229454245,
        -0.203194812,
        0.978869438
      ],
      [
        0.427242517,
        -0.883220136,
        -0.1933547
      ]
    ],
    "translation": [
      2.13063526,
      0.971525669,
      -0.724586964
    ]
  },
  {
    "timeStamp": 21672,
    "rotation": [
      [
        0.9135343,
        0.4053022,
        0.03442802
      ],
      [
        0.0392273068,
        -0.17202808,
        0.9843107
      ],
      [
        0.4048659,
        -0.89785105,
        -0.17305246
      ]
    ],
    "translation": [
      2.14967132,
      0.9590919,
      -0.7281175
    ]
  },
  {
    "timeStamp": 21716,
    "rotation": [
      [
        0.9192459,
        0.3936242,
        0.00685860869
      ],
      [
        0.0529618263,
        -0.140909523,
        0.988604844
      ],
      [
        0.390105218,
        -0.9084077,
        -0.150377542
      ]
    ],
    "translation": [
      2.166738,
      0.9453558,
      -0.7327801
    ]
  },
  {
    "timeStamp": 21772,
    "rotation": [
      [
        0.92492646,
        0.3794673,
        -0.022707466
      ],
      [
        0.06715113,
        -0.104298234,
        0.9922765
      ],
      [
        0.374168128,
        -0.9193076,
        -0.121949859
      ]
    ],
    "translation": [
      2.182571,
      0.926108539,
      -0.735218048
    ]
  },
  {
    "timeStamp": 21816,
    "rotation": [
      [
        0.9268211,
        0.372076571,
        -0.05061352
      ],
      [
        0.08273121,
        -0.0708582,
        0.9940496
      ],
      [
        0.366276175,
        -0.9254935,
        -0.09645522
      ]
    ],
    "translation": [
      2.19720221,
      0.9099304,
      -0.7381524
    ]
  },
  {
    "timeStamp": 21874,
    "rotation": [
      [
        0.9353676,
        0.349356472,
        -0.05511475
      ],
      [
        0.07706274,
        -0.0492281131,
        0.9958102
      ],
      [
        0.345179558,
        -0.9356958,
        -0.07296875
      ]
    ],
    "translation": [
      2.20492077,
      0.88853097,
      -0.7385273
    ]
  },
  {
    "timeStamp": 21919,
    "rotation": [
      [
        0.9380146,
        0.340177923,
        -0.06638929
      ],
      [
        0.08005283,
        -0.02627299,
        0.996444345
      ],
      [
        0.337224126,
        -0.939994,
        -0.0518766567
      ]
    ],
    "translation": [
      2.21074,
      0.8709405,
      -0.7401102
    ]
  },
  {
    "timeStamp": 21976,
    "rotation": [
      [
        0.9460802,
        0.3161658,
        -0.07050869
      ],
      [
        0.0801710337,
        -0.0176410824,
        0.996625
      ],
      [
        0.3138549,
        -0.9485399,
        -0.04203722
      ]
    ],
    "translation": [
      2.216515,
      0.8508557,
      -0.7383618
    ]
  },
  {
    "timeStamp": 22021,
    "rotation": [
      [
        0.955658138,
        0.286086828,
        -0.06979853
      ],
      [
        0.07646749,
        -0.0121914847,
        0.996997535
      ],
      [
        0.284376919,
        -0.9581261,
        -0.0335272327
      ]
    ],
    "translation": [
      2.22000241,
      0.8346829,
      -0.737959564
    ]
  },
  {
    "timeStamp": 22077,
    "rotation": [
      [
        0.9653292,
        0.249983147,
        -0.07515298
      ],
      [
        0.07923872,
        -0.00630555954,
        0.9968357
      ],
      [
        0.248718232,
        -0.968229651,
        -0.0258952864
      ]
    ],
    "translation": [
      2.22706342,
      0.81683445,
      -0.738045931
    ]
  },
  {
    "timeStamp": 22121,
    "rotation": [
      [
        0.9762816,
        0.207796767,
        -0.0607843176
      ],
      [
        0.066714704,
        -0.0216447469,
        0.9975373
      ],
      [
        0.205969378,
        -0.9779325,
        -0.0349944681
      ]
    ],
    "translation": [
      2.22679281,
      0.8037997,
      -0.7338238
    ]
  },
  {
    "timeStamp": 22177,
    "rotation": [
      [
        0.9844586,
        0.166914672,
        -0.0545957573
      ],
      [
        0.0597957745,
        -0.0262846965,
        0.9978645
      ],
      [
        0.165123165,
        -0.9856209,
        -0.03585699
      ]
    ],
    "translation": [
      2.227367,
      0.789877832,
      -0.731066
    ]
  },
  {
    "timeStamp": 22221,
    "rotation": [
      [
        0.988657,
        0.1362757,
        -0.0631377548
      ],
      [
        0.0678353,
        -0.0301022176,
        0.997242332
      ],
      [
        0.133999318,
        -0.9902135,
        -0.03900507
      ]
    ],
    "translation": [
      2.23080373,
      0.780931,
      -0.7275101
    ]
  },
  {
    "timeStamp": 22277,
    "rotation": [
      [
        0.9936011,
        0.09326625,
        -0.06370439
      ],
      [
        0.06684403,
        -0.0309324022,
        0.9972838
      ],
      [
        0.09104237,
        -0.9951606,
        -0.03696876
      ]
    ],
    "translation": [
      2.23262882,
      0.7701452,
      -0.7260501
    ]
  },
  {
    "timeStamp": 22320,
    "rotation": [
      [
        0.9948194,
        0.06635228,
        -0.07701836
      ],
      [
        0.07943732,
        -0.03462027,
        0.9962385
      ],
      [
        0.06343632,
        -0.9971955,
        -0.0397117622
      ]
    ],
    "translation": [
      2.23706746,
      0.763527036,
      -0.723743
    ]
  },
  {
    "timeStamp": 22375,
    "rotation": [
      [
        0.994891465,
        0.0292335656,
        -0.09662552
      ],
      [
        0.09738702,
        -0.0258519873,
        0.9949108
      ],
      [
        0.02658683,
        -0.9992383,
        -0.02856689
      ]
    ],
    "translation": [
      2.24535441,
      0.755071044,
      -0.7257968
    ]
  },
  {
    "timeStamp": 22420,
    "rotation": [
      [
        0.995219946,
        0.0009867575,
        -0.09765392
      ],
      [
        0.09765725,
        -0.0158767179,
        0.995093465
      ],
      [
        -0.000568505842,
        -0.999873459,
        -0.01589719
      ]
    ],
    "translation": [
      2.24717522,
      0.7463036,
      -0.730595469
    ]
  },
  {
    "timeStamp": 22475,
    "rotation": [
      [
        0.9956733,
        -0.0152872419,
        -0.091656
      ],
      [
        0.09128887,
        -0.0231969859,
        0.9955542
      ],
      [
        -0.0173454341,
        -0.999614,
        -0.0217010658
      ]
    ],
    "translation": [
      2.245894,
      0.738895059,
      -0.730084538
    ]
  },
  {
    "timeStamp": 22520,
    "rotation": [
      [
        0.9954636,
        -0.0281269643,
        -0.09089018
      ],
      [
        0.0902138054,
        -0.0244502351,
        0.9956222
      ],
      [
        -0.03022613,
        -0.9993053,
        -0.02180188
      ]
    ],
    "translation": [
      2.244641,
      0.7319082,
      -0.7296941
    ]
  },
  {
    "timeStamp": 22575,
    "rotation": [
      [
        0.9952514,
        -0.0420927256,
        -0.08776594
      ],
      [
        0.08685502,
        -0.0230058134,
        0.9959553
      ],
      [
        -0.0439416,
        -0.9988488,
        -0.019240601
      ]
    ],
    "translation": [
      2.24337316,
      0.728253365,
      -0.7293974
    ]
  },
  {
    "timeStamp": 22620,
    "rotation": [
      [
        0.995569646,
        -0.0443724059,
        -0.08289826
      ],
      [
        0.0823819339,
        -0.0133440923,
        0.9965115
      ],
      [
        -0.045323804,
        -0.998925865,
        -0.009629489
      ]
    ],
    "translation": [
      2.2431066,
      0.7271758,
      -0.729647756
    ]
  },
  {
    "timeStamp": 22675,
    "rotation": [
      [
        0.9959096,
        -0.0463175327,
        -0.07758079
      ],
      [
        0.07711366,
        -0.011791097,
        0.9969526
      ],
      [
        -0.0470911451,
        -0.998857141,
        -0.008171152
      ]
    ],
    "translation": [
      2.24324822,
      0.72658515,
      -0.7297634
    ]
  },
  {
    "timeStamp": 22720,
    "rotation": [
      [
        0.9964758,
        -0.04622806,
        -0.0699921
      ],
      [
        0.06957771,
        -0.0105152186,
        0.9975211
      ],
      [
        -0.04684945,
        -0.998875558,
        -0.007261719
      ]
    ],
    "translation": [
      2.24325418,
      0.726445556,
      -0.729774535
    ]
  },
  {
    "timeStamp": 22776,
    "rotation": [
      [
        0.997289658,
        -0.04509726,
        -0.05813493
      ],
      [
        0.0577097163,
        -0.0106751909,
        0.998276353
      ],
      [
        -0.0456401221,
        -0.998925567,
        -0.008043707
      ]
    ],
    "translation": [
      2.24322987,
      0.7261629,
      -0.7298854
    ]
  },
  {
    "timeStamp": 22821,
    "rotation": [
      [
        0.997693241,
        -0.0452205464,
        -0.0506281368
      ],
      [
        0.05018226,
        -0.01094219,
        0.9986801
      ],
      [
        -0.04571485,
        -0.9989171,
        -0.00864768
      ]
    ],
    "translation": [
      2.24317312,
      0.7258845,
      -0.729844153
    ]
  },
  {
    "timeStamp": 22876,
    "rotation": [
      [
        0.9980245,
        -0.0443600453,
        -0.0444886647
      ],
      [
        0.04413757,
        -0.008863435,
        0.9989861
      ],
      [
        -0.0447094,
        -0.9989763,
        -0.00688798167
      ]
    ],
    "translation": [
      2.24294853,
      0.725604236,
      -0.7301217
    ]
  },
  {
    "timeStamp": 22921,
    "rotation": [
      [
        0.9979197,
        -0.0435167141,
        -0.04756758
      ],
      [
        0.04728593,
        -0.00747941062,
        0.9988534
      ],
      [
        -0.043822594,
        -0.999024749,
        -0.00540612265
      ]
    ],
    "translation": [
      2.24284148,
      0.7258046,
      -0.730184555
    ]
  },
  {
    "timeStamp": 22976,
    "rotation": [
      [
        0.9982466,
        -0.0444731563,
        -0.0390612781
      ],
      [
        0.0387379453,
        -0.008109365,
        0.9992165
      ],
      [
        -0.04475507,
        -0.998977661,
        -0.006372347
      ]
    ],
    "translation": [
      2.2430892,
      0.7244607,
      -0.730040252
    ]
  },
  {
    "timeStamp": 23021,
    "rotation": [
      [
        0.998189151,
        -0.04422184,
        -0.0407766066
      ],
      [
        0.0405927,
        -0.00504916254,
        0.999163032
      ],
      [
        -0.0443907119,
        -0.999008954,
        -0.00324493577
      ]
    ],
    "translation": [
      2.24275374,
      0.725088954,
      -0.73012954
    ]
  },
  {
    "timeStamp": 23076,
    "rotation": [
      [
        0.9979,
        -0.04435422,
        -0.0472052023
      ],
      [
        0.04667245,
        -0.0129716741,
        0.998826
      ],
      [
        -0.0449144728,
        -0.998931646,
        -0.0108743142
      ]
    ],
    "translation": [
      2.24293184,
      0.725245655,
      -0.730184555
    ]
  },
  {
    "timeStamp": 23121,
    "rotation": [
      [
        0.998119,
        -0.04466181,
        -0.0419974774
      ],
      [
        0.0413605236,
        -0.0150917834,
        0.9990303
      ],
      [
        -0.0452523232,
        -0.9988882,
        -0.0132161593
      ]
    ],
    "translation": [
      2.24296546,
      0.72463423,
      -0.7301097
    ]
  }
]