[
  {
    "timeStamp": 25886,
    "rotation": [
      [
        0.00130508852,
        0.999999046,
        -0.0004584706
      ],
      [
        0.008431402,
        0.000447450933,
        0.999964356
      ],
      [
        0.9999636,
        -0.00130890741,
        -0.008430811
      ]
    ],
    "translation": [
      1.15398788,
      0.7013083,
      -0.489981055
    ]
  },
  {
    "timeStamp": 25930,
    "rotation": [
      [
        0.00149147923,
        0.9999933,
        -0.003335058
      ],
      [
        0.023700282,
        0.00329877669,
        0.999713659
      ],
      [
        0.999718,
        -0.00157009589,
        -0.0236952025
      ]
    ],
    "translation": [
      1.15395546,
      0.701543033,
      -0.490015924
    ]
  },
  {
    "timeStamp": 25986,
    "rotation": [
      [
        0.001265138,
        0.999999046,
        0.000590426556
      ],
      [
        0.0260988232,
        -0.0006232445,
        0.9996592
      ],
      [
        0.9996586,
        -0.00124929775,
        -0.0260995869
      ]
    ],
    "translation": [
      1.15400088,
      0.701470137,
      -0.490145564
    ]
  },
  {
    "timeStamp": 26032,
    "rotation": [
      [
        0.0009405474,
        0.9999963,
        0.00257662917
      ],
      [
        0.0316172466,
        -0.00260507944,
        0.999496639
      ],
      [
        0.9994996,
        -0.0008586054,
        -0.03161958
      ]
    ],
    "translation": [
      1.15401459,
      0.701501131,
      -0.490165681
    ]
  },
  {
    "timeStamp": 26085,
    "rotation": [
      [
        0.00114104582,
        0.999997556,
        0.00190268829
      ],
      [
        0.03003013,
        -0.001936097,
        0.9995471
      ],
      [
        0.9995484,
        -0.00108339172,
        -0.0300322641
      ]
    ],
    "translation": [
      1.15400839,
      0.701496363,
      -0.490151972
    ]
  },
  {
    "timeStamp": 26130,
    "rotation": [
      [
        0.0005946979,
        0.9999906,
        0.004291681
      ],
      [
        0.0293510538,
        -0.00430728775,
        0.9995599
      ],
      [
        0.999568939,
        -0.000468469283,
        -0.0293533411
      ]
    ],
    "translation": [
      1.15404129,
      0.701465249,
      -0.490149528
    ]
  },
  {
    "timeStamp": 26185,
    "rotation": [
      [
        0.00185539655,
        0.9999212,
        0.0124150841
      ],
      [
        0.0328863077,
        -0.0124694025,
        0.9993813
      ],
      [
        0.999457359,
        -0.00144595758,
        -0.0329068527
      ]
    ],
    "translation": [
      1.15410662,
      0.7015467,
      -0.490096837
    ]
  },
  {
    "timeStamp": 26230,
    "rotation": [
      [
        0.00184966577,
        0.9996302,
        0.0271290056
      ],
      [
        0.0330807827,
        -0.0271753687,
        0.999083161
      ],
      [
        0.9994509,
        -0.0009505223,
        -0.033118818
      ]
    ],
    "translation": [
      1.15396941,
      0.7020057,
      -0.490024924
    ]
  },
  {
    "timeStamp": 26285,
    "rotation": [
      [
        0.118984774,
        0.990884066,
        0.06317728
      ],
      [
        0.00157509756,
        -0.06381758,
        0.9979603
      ],
      [
        0.9928948,
        -0.118642576,
        -0.009154061
      ]
    ],
    "translation": [
      1.15582049,
      0.7102883,
      -0.497107476
    ]
  },
  {
    "timeStamp": 26330,
    "rotation": [
      [
        0.154983059,
        0.9839494,
        0.08845199
      ],
      [
        -0.004045357,
        -0.08890098,
        0.996032238
      ],
      [
        0.98790884,
        -0.154725939,
        -0.009797719
      ]
    ],
    "translation": [
      1.15912914,
      0.7214669,
      -0.49904412
    ]
  },
  {
    "timeStamp": 26385,
    "rotation": [
      [
        0.201474473,
        0.9722108,
        0.119223572
      ],
      [
        -0.0104695493,
        -0.119575135,
        0.992769957
      ],
      [
        0.9794378,
        -0.201266021,
        -0.0139127271
      ]
    ],
    "translation": [
      1.16766918,
      0.738063633,
      -0.502398849
    ]
  },
  {
    "timeStamp": 26430,
    "rotation": [
      [
        0.245987162,
        0.9576007,
        0.149970323
      ],
      [
        -0.0205796417,
        -0.14952974,
        0.988543034
      ],
      [
        0.9690546,
        -0.246255234,
        -0.0170753151
      ]
    ],
    "translation": [
      1.17590094,
      0.7533574,
      -0.5053599
    ]
  },
  {
    "timeStamp": 26486,
    "rotation": [
      [
        0.2983523,
        0.937064767,
        0.1813714
      ],
      [
        -0.03252722,
        -0.17993322,
        0.9831409
      ],
      [
        0.9539014,
        -0.299221873,
        -0.02320338
      ]
    ],
    "translation": [
      1.19040847,
      0.773676753,
      -0.509561658
    ]
  },
  {
    "timeStamp": 26530,
    "rotation": [
      [
        0.327864617,
        0.9253887,
        0.190159351
      ],
      [
        -0.03025832,
        -0.190896034,
        0.9811438
      ],
      [
        0.944240034,
        -0.327436239,
        -0.03458735
      ]
    ],
    "translation": [
      1.20691538,
      0.7892285,
      -0.5134707
    ]
  },
  {
    "timeStamp": 26585,
    "rotation": [
      [
        0.359461427,
        0.9109419,
        0.202416256
      ],
      [
        -0.0243512224,
        -0.20768401,
        0.9778928
      ],
      [
        0.9328422,
        -0.356443852,
        -0.0524718426
      ]
    ],
    "translation": [
      1.22880661,
      0.8107363,
      -0.5183653
    ]
  },
  {
    "timeStamp": 26630,
    "rotation": [
      [
        0.374192536,
        0.902385056,
        0.213731378
      ],
      [
        -0.0209068619,
        -0.222207636,
        0.9747752
      ],
      [
        0.927115262,
        -0.369222045,
        -0.0642824
      ]
    ],
    "translation": [
      1.24655747,
      0.828715563,
      -0.5232253
    ]
  },
  {
    "timeStamp": 26685,
    "rotation": [
      [
        0.400547832,
        0.888214946,
        0.225023672
      ],
      [
        -0.00858994,
        -0.24193421,
        0.97025466
      ],
      [
        0.916235566,
        -0.390566349,
        -0.0892765149
      ]
    ],
    "translation": [
      1.27192616,
      0.8533806,
      -0.527317941
    ]
  },
  {
    "timeStamp": 26730,
    "rotation": [
      [
        0.4205003,
        0.874627531,
        0.241259769
      ],
      [
        -0.009308238,
        -0.261739075,
        0.9650938
      ],
      [
        0.9072447,
        -0.408067942,
        -0.10192012
      ]
    ],
    "translation": [
      1.29168582,
      0.8737097,
      -0.532313943
    ]
  },
  {
    "timeStamp": 26785,
    "rotation": [
      [
        0.445202976,
        0.860592246,
        0.2473363
      ],
      [
        0.000243153263,
        -0.276337,
        0.961060762
      ],
      [
        0.8954297,
        -0.427806973,
        -0.1232353
      ]
    ],
    "translation": [
      1.32021844,
      0.8976238,
      -0.538464546
    ]
  },
  {
    "timeStamp": 26830,
    "rotation": [
      [
        0.464034319,
        0.84769547,
        0.257069081
      ],
      [
        1.56120786E-05,
        -0.290213376,
        0.9569619
      ],
      [
        0.8858172,
        -0.444059163,
        -0.1346822
      ]
    ],
    "translation": [
      1.34315872,
      0.916051567,
      -0.5449032
    ]
  },
  {
    "timeStamp": 26886,
    "rotation": [
      [
        0.4945799,
        0.8270811,
        0.267072082
      ],
      [
        -0.00109910907,
        -0.3066905,
        0.951808631
      ],
      [
        0.869131446,
        -0.471038967,
        -0.150773913
      ]
    ],
    "translation": [
      1.37288892,
      0.9384055,
      -0.5527127
    ]
  },
  {
    "timeStamp": 26930,
    "rotation": [
      [
        0.514814,
        0.8134501,
        0.270676076
      ],
      [
        -0.00163845415,
        -0.314796031,
        0.949157953
      ],
      [
        0.857300341,
        -0.48908335,
        -0.160728619
      ]
    ],
    "translation": [
      1.39772308,
      0.9540732,
      -0.560309768
    ]
  },
  {
    "timeStamp": 26985,
    "rotation": [
      [
        0.5438395,
        0.7926156,
        0.2756794
      ],
      [
        -0.006076925,
        -0.324778616,
        0.945770562
      ],
      [
        0.839167237,
        -0.5160227,
        -0.171810761
      ]
    ],
    "translation": [
      1.42995238,
      0.971882463,
      -0.570039451
    ]
  },
  {
    "timeStamp": 27030,
    "rotation": [
      [
        0.573866248,
        0.770658553,
        0.2770612
      ],
      [
        -0.00761351036,
        -0.333278,
        0.94279784
      ],
      [
        0.818913639,
        -0.5431493,
        -0.185389578
      ]
    ],
    "translation": [
      1.45791757,
      0.9849747,
      -0.5773872
    ]
  },
  {
    "timeStamp": 27085,
    "rotation": [
      [
        0.6075182,
        0.743237138,
        0.280214548
      ],
      [
        -0.0121450657,
        -0.344046116,
        0.9388742
      ],
      [
        0.7942129,
        -0.5737864,
        -0.19998762
      ]
    ],
    "translation": [
      1.49380326,
      0.999197245,
      -0.58749187
    ]
  },
  {
    "timeStamp": 27135,
    "rotation": [
      [
        0.6364513,
        0.7205315,
        0.275252879
      ],
      [
        -0.012751868,
        -0.346982777,
        0.9377848
      ],
      [
        0.7712115,
        -0.6003643,
        -0.2116495
      ]
    ],
    "translation": [
      1.52512252,
      1.00751936,
      -0.5960479
    ]
  },
  {
    "timeStamp": 27182,
    "rotation": [
      [
        0.665623367,
        0.695843637,
        0.2697168
      ],
      [
        -0.0181058459,
        -0.346247554,
        0.937968433
      ],
      [
        0.7460682,
        -0.629217148,
        -0.217871636
      ]
    ],
    "translation": [
      1.55716658,
      1.01340079,
      -0.606200933
    ]
  },
  {
    "timeStamp": 27236,
    "rotation": [
      [
        0.7073455,
        0.6615095,
        0.249133527
      ],
      [
        -0.0120431622,
        -0.3411179,
        0.9399434
      ],
      [
        0.7067654,
        -0.667865038,
        -0.233321533
      ]
    ],
    "translation": [
      1.60801113,
      1.02006817,
      -0.6197856
    ]
  },
  {
    "timeStamp": 27280,
    "rotation": [
      [
        0.738617957,
        0.6287456,
        0.243151233
      ],
      [
        -0.01606893,
        -0.344168425,
        0.9387704
      ],
      [
        0.673932731,
        -0.697299838,
        -0.2441057
      ]
    ],
    "translation": [
      1.64032221,
      1.02377069,
      -0.6290061
    ]
  },
  {
    "timeStamp": 27336,
    "rotation": [
      [
        0.771706462,
        0.5941917,
        0.2267275
      ],
      [
        -0.0127227437,
        -0.342006654,
        0.9396114
      ],
      [
        0.635851562,
        -0.7279888,
        -0.256369
      ]
    ],
    "translation": [
      1.68238688,
      1.02732,
      -0.6406219
    ]
  },
  {
    "timeStamp": 27380,
    "rotation": [
      [
        0.798738956,
        0.562037647,
        0.214778528
      ],
      [
        -0.0100141019,
        -0.344498515,
        0.938733459
      ],
      [
        0.6015944,
        -0.7519538,
        -0.269536078
      ]
    ],
    "translation": [
      1.71494377,
      1.0302335,
      -0.649970531
    ]
  },
  {
    "timeStamp": 27436,
    "rotation": [
      [
        0.8291232,
        0.524022639,
        0.194820136
      ],
      [
        -0.00433295732,
        -0.342440724,
        0.9395294
      ],
      [
        0.55904907,
        -0.7798298,
        -0.281654984
      ]
    ],
    "translation": [
      1.75758779,
      1.032094,
      -0.661491036
    ]
  },
  {
    "timeStamp": 27480,
    "rotation": [
      [
        0.851268,
        0.495123,
        0.17377004
      ],
      [
        0.00637850445,
        -0.3408996,
        0.9400781
      ],
      [
        0.5246924,
        -0.79915,
        -0.293355048
      ]
    ],
    "translation": [
      1.79164231,
      1.0327456,
      -0.670391
    ]
  },
  {
    "timeStamp": 27536,
    "rotation": [
      [
        0.876223743,
        0.455866456,
        0.156261727
      ],
      [
        0.00826647,
        -0.3384294,
        0.94095546
      ],
      [
        0.4818336,
        -0.823195755,
        -0.3003083
      ]
    ],
    "translation": [
      1.83380449,
      1.03185451,
      -0.682389438
    ]
  },
  {
    "timeStamp": 27580,
    "rotation": [
      [
        0.893863142,
        0.427625954,
        0.1347022
      ],
      [
        0.0181348268,
        -0.334686,
        0.9421552
      ],
      [
        0.447972953,
        -0.839715,
        -0.3069184
      ]
    ],
    "translation": [
      1.86795223,
      1.03082609,
      -0.691323757
    ]
  },
  {
    "timeStamp": 27637,
    "rotation": [
      [
        0.913204134,
        0.3906539,
        0.115964115
      ],
      [
        0.0228688531,
        -0.333254129,
        0.942559659
      ],
      [
        0.4068601,
        -0.858097434,
        -0.31326285
      ]
    ],
    "translation": [
      1.90994084,
      1.0309993,
      -0.701678038
    ]
  },
  {
    "timeStamp": 27682,
    "rotation": [
      [
        0.928698838,
        0.359166175,
        0.09229399
      ],
      [
        0.03465141,
        -0.33184123,
        0.9426986
      ],
      [
        0.369212419,
        -0.872284949,
        -0.320626169
      ]
    ],
    "translation": [
      1.94393384,
      1.03214681,
      -0.7093883
    ]
  },
  {
    "timeStamp": 27728,
    "rotation": [
      [
        0.941081166,
        0.3315885,
        0.06644778
      ],
      [
        0.04969052,
        -0.3299354,
        0.9426948
      ],
      [
        0.334510237,
        -0.8838505,
        -0.3269728
      ]
    ],
    "translation": [
      1.97843707,
      1.03359342,
      -0.7168706
    ]
  },
  {
    "timeStamp": 27785,
    "rotation": [
      [
        0.954908252,
        0.294934452,
        0.0341177247
      ],
      [
        0.06756858,
        -0.3277751,
        0.94233644
      ],
      [
        0.289110422,
        -0.897539556,
        -0.3329234
      ]
    ],
    "translation": [
      2.02013922,
      1.03439879,
      -0.7255424
    ]
  },
  {
    "timeStamp": 27829,
    "rotation": [
      [
        0.964087665,
        0.2654639,
        0.007989912
      ],
      [
        0.0824828744,
        -0.3278793,
        0.941112
      ],
      [
        0.252450973,
        -0.9066554,
        -0.338000625
      ]
    ],
    "translation": [
      2.052442,
      1.03353059,
      -0.732095659
    ]
  },
  {
    "timeStamp": 27885,
    "rotation": [
      [
        0.9746876,
        0.2229512,
        -0.0166407544
      ],
      [
        0.09021054,
        -0.3240899,
        0.94171536
      ],
      [
        0.204563469,
        -0.9193794,
        -0.335998982
      ]
    ],
    "translation": [
      2.08796048,
      1.02754545,
      -0.7424243
    ]
  },
  {
    "timeStamp": 27929,
    "rotation": [
      [
        0.980591834,
        0.194776222,
        -0.0224044155
      ],
      [
        0.0856652558,
        -0.322858125,
        0.9425625
      ],
      [
        0.176355317,
        -0.92618835,
        -0.333277583
      ]
    ],
    "translation": [
      2.10831738,
      1.01985323,
      -0.7512064
    ]
  },
  {
    "timeStamp": 27985,
    "rotation": [
      [
        0.9834813,
        0.175157517,
        -0.0456554741
      ],
      [
        0.09940718,
        -0.311860025,
        0.9449135
      ],
      [
        0.1512706,
        -0.933843255,
        -0.324120432
      ]
    ],
    "translation": [
      2.13009834,
      1.00822937,
      -0.7623324
    ]
  },
  {
    "timeStamp": 28030,
    "rotation": [
      [
        0.985871851,
        0.158327341,
        -0.054674115
      ],
      [
        0.101657115,
        -0.306133837,
        0.946545243
      ],
      [
        0.1331264,
        -0.9387303,
        -0.317903817
      ]
    ],
    "translation": [
      2.143365,
      0.9978931,
      -0.7699394
    ]
  },
  {
    "timeStamp": 28084,
    "rotation": [
      [
        0.986985266,
        0.144663051,
        -0.0702334
      ],
      [
        0.1110608,
        -0.297336876,
        0.948291242
      ],
      [
        0.116299719,
        -0.943749666,
        -0.3095335
      ]
    ],
    "translation": [
      2.15770531,
      0.985040069,
      -0.778363764
    ]
  },
  {
    "timeStamp": 28135,
    "rotation": [
      [
        0.988449037,
        0.124049924,
        -0.087064
      ],
      [
        0.120587759,
        -0.295782983,
        0.9476133
      ],
      [
        0.0917993,
        -0.9471663,
        -0.307325333
      ]
    ],
    "translation": [
      2.17362261,
      0.97436,
      -0.7848847
    ]
  },
  {
    "timeStamp": 28180,
    "rotation": [
      [
        0.989534438,
        0.114146419,
        -0.08827307
      ],
      [
        0.119701207,
        -0.30772993,
        0.9439141
      ],
      [
        0.08058013,
        -0.944601953,
        -0.318172842
      ]
    ],
    "translation": [
      2.18024731,
      0.96714294,
      -0.785628438
    ]
  },
  {
    "timeStamp": 28236,
    "rotation": [
      [
        0.9867725,
        0.122836292,
        -0.105788857
      ],
      [
        0.138543114,
        -0.300151,
        0.9437771
      ],
      [
        0.08417745,
        -0.9459496,
        -0.313198864
      ]
    ],
    "translation": [
      2.1882844,
      0.9563761,
      -0.7860327
    ]
  },
  {
    "timeStamp": 28280,
    "rotation": [
      [
        0.9875621,
        0.114301853,
        -0.107963763
      ],
      [
        0.138534307,
        -0.307820171,
        0.9413049
      ],
      [
        0.07435946,
        -0.9445538,
        -0.319826245
      ]
    ],
    "translation": [
      2.19137216,
      0.9474657,
      -0.7811903
    ]
  },
  {
    "timeStamp": 28335,
    "rotation": [
      [
        0.983915865,
        0.127036959,
        -0.125583276
      ],
      [
        0.15895918,
        -0.301928848,
        0.93998456
      ],
      [
        0.0814955756,
        -0.944828331,
        -0.3172663
      ]
    ],
    "translation": [
      2.19270444,
      0.933441043,
      -0.7705556
    ]
  },
  {
    "timeStamp": 28380,
    "rotation": [
      [
        0.9783762,
        0.152233392,
        -0.140017942
      ],
      [
        0.17951028,
        -0.288702428,
        0.940439761
      ],
      [
        0.102742806,
        -0.945238531,
        -0.309787035
      ]
    ],
    "translation": [
      2.19041181,
      0.9203647,
      -0.759091
    ]
  },
  {
    "timeStamp": 28435,
    "rotation": [
      [
        0.967293561,
        0.185742944,
        -0.1727505
      ],
      [
        0.216416359,
        -0.249065772,
        0.9439969
      ],
      [
        0.1323145,
        -0.9505082,
        -0.281117529
      ]
    ],
    "translation": [
      2.189351,
      0.900701344,
      -0.744667232
    ]
  },
  {
    "timeStamp": 28481,
    "rotation": [
      [
        0.963214159,
        0.190103233,
        -0.189945355
      ],
      [
        0.229759037,
        -0.215941027,
        0.9489891
      ],
      [
        0.139388919,
        -0.957721353,
        -0.2516754
      ]
    ],
    "translation": [
      2.18972,
      0.881089568,
      -0.734836638
    ]
  },
  {
    "timeStamp": 28526,
    "rotation": [
      [
        0.959345758,
        0.1850556,
        -0.2130964
      ],
      [
        0.245055348,
        -0.171601877,
        0.9542016
      ],
      [
        0.140012592,
        -0.9676297,
        -0.209974408
      ]
    ],
    "translation": [
      2.19413733,
      0.8599491,
      -0.730508864
    ]
  },
  {
    "timeStamp": 28583,
    "rotation": [
      [
        0.9607758,
        0.17145288,
        -0.217976749
      ],
      [
        0.2392159,
        -0.114706941,
        0.964167058
      ],
      [
        0.140305787,
        -0.978491843,
        -0.1512219
      ]
    ],
    "translation": [
      2.194902,
      0.833516836,
      -0.7266334
    ]
  },
  {
    "timeStamp": 28628,
    "rotation": [
      [
        0.9607147,
        0.1595764,
        -0.2270742
      ],
      [
        0.241363689,
        -0.0764936954,
        0.9674153
      ],
      [
        0.137006909,
        -0.984217465,
        -0.112004563
      ]
    ],
    "translation": [
      2.19857168,
      0.815573,
      -0.7257826
    ]
  },
  {
    "timeStamp": 28685,
    "rotation": [
      [
        0.9648103,
        0.132589921,
        -0.227070525
      ],
      [
        0.234511837,
        -0.0432926826,
        0.9711488
      ],
      [
        0.11893405,
        -0.9902251,
        -0.07286313
      ]
    ],
    "translation": [
      2.20052075,
      0.7971012,
      -0.724675536
    ]
  },
  {
    "timeStamp": 28729,
    "rotation": [
      [
        0.969156563,
        0.09227573,
        -0.228518546
      ],
      [
        0.2321151,
        -0.0301881917,
        0.972219765
      ],
      [
        0.08281373,
        -0.9952758,
        -0.05067568
      ]
    ],
    "translation": [
      2.202146,
      0.786931038,
      -0.722532332
    ]
  },
  {
    "timeStamp": 28785,
    "rotation": [
      [
        0.9727218,
        0.062293712,
        -0.223454162
      ],
      [
        0.2247679,
        -0.0148560219,
        0.9742991
      ],
      [
        0.0573730655,
        -0.997947335,
        -0.028452402
      ]
    ],
    "translation": [
      2.20267749,
      0.77462095,
      -0.7196572
    ]
  },
  {
    "timeStamp": 28829,
    "rotation": [
      [
        0.975056648,
        0.0561794825,
        -0.214728639
      ],
      [
        0.215601042,
        -0.00988654047,
        0.9764315
      ],
      [
        0.0527324937,
        -0.9983717,
        -0.02175229
      ]
    ],
    "translation": [
      2.202599,
      0.7660788,
      -0.7160745
    ]
  },
  {
    "timeStamp": 28885,
    "rotation": [
      [
        0.97679317,
        0.0376222134,
        -0.210854813
      ],
      [
        0.211121067,
        -0.0032051974,
        0.977454662
      ],
      [
        0.03609818,
        -0.9992869,
        -0.0110736573
      ]
    ],
    "translation": [
      2.20316315,
      0.756666243,
      -0.7114203
    ]
  },
  {
    "timeStamp": 28929,
    "rotation": [
      [
        0.977407753,
        0.0365916081,
        -0.208171
      ],
      [
        0.2082249,
        0.00237417687,
        0.978078067
      ],
      [
        0.036283683,
        -0.99932754,
        -0.005298744
      ]
    ],
    "translation": [
      2.20305777,
      0.7492327,
      -0.7086023
    ]
  },
  {
    "timeStamp": 28985,
    "rotation": [
      [
        0.9806144,
        0.03125394,
        -0.193438739
      ],
      [
        0.1933451,
        0.00601937668,
        0.981112361
      ],
      [
        0.03182801,
        -0.999493361,
        -0.000140108416
      ]
    ],
    "translation": [
      2.20333076,
      0.7414736,
      -0.706386149
    ]
  },
  {
    "timeStamp": 29029,
    "rotation": [
      [
        0.9811766,
        0.0327021368,
        -0.1903236
      ],
      [
        0.189980745,
        0.0133187789,
        0.9816975
      ],
      [
        0.03463848,
        -0.9993764,
        0.00685529737
      ]
    ],
    "translation": [
      2.20346713,
      0.7342615,
      -0.7064087
    ]
  },
  {
    "timeStamp": 29084,
    "rotation": [
      [
        0.9825708,
        0.0404214747,
        -0.181440249
      ],
      [
        0.180845737,
        0.017938992,
        0.983347833
      ],
      [
        0.04300323,
        -0.999021649,
        0.0103162779
      ]
    ],
    "translation": [
      2.20318413,
      0.725918651,
      -0.70886296
    ]
  },
  {
    "timeStamp": 29129,
    "rotation": [
      [
        0.985686541,
        0.0389878526,
        -0.164018407
      ],
      [
        0.16390796,
        0.0060343584,
        0.986457169
      ],
      [
        0.03944959,
        -0.9992215,
        -0.0004424335
      ]
    ],
    "translation": [
      2.20323539,
      0.723806143,
      -0.7089264
    ]
  },
  {
    "timeStamp": 29185,
    "rotation": [
      [
        0.9869341,
        0.0391453058,
        -0.156296954
      ],
      [
        0.156451717,
        -0.0009028688,
        0.9876852
      ],
      [
        0.0385221243,
        -0.9992331,
        -0.00701542245
      ]
    ],
    "translation": [
      2.203323,
      0.7236202,
      -0.709022045
    ]
  },
  {
    "timeStamp": 29229,
    "rotation": [
      [
        0.9885474,
        0.038923867,
        -0.145804718
      ],
      [
        0.146198526,
        -0.007454704,
        0.9892272
      ],
      [
        0.037417613,
        -0.999214351,
        -0.0130599393
      ]
    ],
    "translation": [
      2.20327282,
      0.7234304,
      -0.7090267
    ]
  },
  {
    "timeStamp": 29278,
    "rotation": [
      [
        0.9905669,
        0.0377655849,
        -0.131723076
      ],
      [
        0.132221535,
        -0.0110088456,
        0.9911591
      ],
      [
        0.0359815881,
        -0.999226,
        -0.0158984233
      ]
    ],
    "translation": [
      2.20328069,
      0.723223448,
      -0.709168851
    ]
  },
  {
    "timeStamp": 29327,
    "rotation": [
      [
        0.9904993,
        0.037430618,
        -0.132325158
      ],
      [
        0.1327534,
        -0.00918591,
        0.9911065
      ],
      [
        0.0358821973,
        -0.999256968,
        -0.01406768
      ]
    ],
    "translation": [
      2.20327854,
      0.7232458,
      -0.709117234
    ]
  },
  {
    "timeStamp": 29383,
    "rotation": [
      [
        0.992382,
        0.0364515968,
        -0.117683366
      ],
      [
        0.11817728,
        -0.0116978073,
        0.9929236
      ],
      [
        0.0348170176,
        -0.999267,
        -0.0159164425
      ]
    ],
    "translation": [
      2.203294,
      0.7230332,
      -0.7091323
    ]
  }
]