[
  {
    "timeStamp": 37714,
    "rotation": [
      [
        0.9999951,
        -0.002084427,
        0.00234302226
      ],
      [
        -0.00227072439,
        0.0340359062,
        0.999418
      ],
      [
        -0.00216296245,
        -0.9994185,
        0.0340310037
      ]
    ],
    "translation": [
      1.45873749,
      0.7069053,
      -0.7519898
    ]
  },
  {
    "timeStamp": 37758,
    "rotation": [
      [
        0.9999975,
        -0.00193985272,
        0.00113303843
      ],
      [
        -0.00105283561,
        0.0408581235,
        0.9991644
      ],
      [
        -0.0019845257,
        -0.9991631,
        0.0408559777
      ]
    ],
    "translation": [
      1.45773542,
      0.7068869,
      -0.753802
    ]
  },
  {
    "timeStamp": 37813,
    "rotation": [
      [
        0.999883831,
        -0.0150065739,
        -0.002656747
      ],
      [
        0.00383959967,
        0.07935217,
        0.9968392
      ],
      [
        -0.0147483209,
        -0.9967336,
        0.07940058
      ]
    ],
    "translation": [
      1.45662832,
      0.7092395,
      -0.7570181
    ]
  },
  {
    "timeStamp": 37857,
    "rotation": [
      [
        0.999909,
        0.00697344262,
        -0.0115478365
      ],
      [
        0.0110433027,
        0.0685034841,
        0.997589767
      ],
      [
        0.00774769764,
        -0.997626543,
        0.0684202462
      ]
    ],
    "translation": [
      1.45634544,
      0.7105886,
      -0.760359764
    ]
  },
  {
    "timeStamp": 37913,
    "rotation": [
      [
        0.999822259,
        0.0161600336,
        -0.00971085
      ],
      [
        0.00887425,
        0.0510597527,
        0.998656154
      ],
      [
        0.0166341569,
        -0.9985648,
        0.05090727
      ]
    ],
    "translation": [
      1.45654285,
      0.7141959,
      -0.761084139
    ]
  },
  {
    "timeStamp": 37958,
    "rotation": [
      [
        0.999957144,
        -0.007473474,
        -0.005461797
      ],
      [
        0.005795632,
        0.04540198,
        0.998952
      ],
      [
        -0.00721766148,
        -0.9989408,
        0.04544335
      ]
    ],
    "translation": [
      1.45947731,
      0.719153464,
      -0.75831604
    ]
  },
  {
    "timeStamp": 38014,
    "rotation": [
      [
        0.9992345,
        -0.0387333632,
        0.00549340434
      ],
      [
        -0.00401717331,
        0.038088,
        0.9992663
      ],
      [
        -0.0389141738,
        -0.9985234,
        0.0379032455
      ]
    ],
    "translation": [
      1.46435261,
      0.7288803,
      -0.7552136
    ]
  },
  {
    "timeStamp": 38058,
    "rotation": [
      [
        0.9979828,
        -0.06139336,
        0.0161638446
      ],
      [
        -0.0148229888,
        0.02223343,
        0.9996429
      ],
      [
        -0.06173082,
        -0.997866035,
        0.0212785471
      ]
    ],
    "translation": [
      1.46931469,
      0.74065274,
      -0.7529545
    ]
  },
  {
    "timeStamp": 38114,
    "rotation": [
      [
        0.9950894,
        -0.09381147,
        0.0315667
      ],
      [
        -0.0315720029,
        0.00142803858,
        0.999500453
      ],
      [
        -0.09380969,
        -0.995588958,
        -0.00154079
      ]
    ],
    "translation": [
      1.478824,
      0.7584285,
      -0.751799
    ]
  },
  {
    "timeStamp": 38158,
    "rotation": [
      [
        0.9916735,
        -0.122826122,
        0.0386945829
      ],
      [
        -0.04088472,
        -0.0153602026,
        0.9990458
      ],
      [
        -0.122114561,
        -0.992309332,
        -0.0202540178
      ]
    ],
    "translation": [
      1.49027,
      0.7738429,
      -0.7516875
    ]
  },
  {
    "timeStamp": 38214,
    "rotation": [
      [
        0.9830685,
        -0.17529659,
        0.0533602126
      ],
      [
        -0.05951041,
        -0.0300134365,
        0.9977764
      ],
      [
        -0.173305273,
        -0.9840581,
        -0.03993724
      ]
    ],
    "translation": [
      1.50893581,
      0.7941025,
      -0.752756536
    ]
  },
  {
    "timeStamp": 38258,
    "rotation": [
      [
        0.9756988,
        -0.211795613,
        0.0561638661
      ],
      [
        -0.06652912,
        -0.0421298668,
        0.996894658
      ],
      [
        -0.20877175,
        -0.9764055,
        -0.0551966354
      ]
    ],
    "translation": [
      1.526808,
      0.810173869,
      -0.7557132
    ]
  },
  {
    "timeStamp": 38314,
    "rotation": [
      [
        0.963628352,
        -0.260380983,
        0.0601845644
      ],
      [
        -0.0781285539,
        -0.05911282,
        0.99518925
      ],
      [
        -0.25557068,
        -0.9636947,
        -0.07730597
      ]
    ],
    "translation": [
      1.55186641,
      0.8311021,
      -0.7608085
    ]
  },
  {
    "timeStamp": 38358,
    "rotation": [
      [
        0.951289,
        -0.301629156,
        0.0637890249
      ],
      [
        -0.0891775,
        -0.0711503252,
        0.9934712
      ],
      [
        -0.295121282,
        -0.950766742,
        -0.09458306
      ]
    ],
    "translation": [
      1.5749557,
      0.8489047,
      -0.766610742
    ]
  },
  {
    "timeStamp": 38414,
    "rotation": [
      [
        0.935662,
        -0.34721294,
        0.0630865
      ],
      [
        -0.09987611,
        -0.0890845656,
        0.9910039
      ],
      [
        -0.338469326,
        -0.9335455,
        -0.118031316
      ]
    ],
    "translation": [
      1.60686409,
      0.8716266,
      -0.7758865
    ]
  },
  {
    "timeStamp": 38458,
    "rotation": [
      [
        0.9203013,
        -0.3868472,
        0.05826452
      ],
      [
        -0.106392644,
        -0.104171067,
        0.9888524
      ],
      [
        -0.3764653,
        -0.91624105,
        -0.137026474
      ]
    ],
    "translation": [
      1.63604772,
      0.8898183,
      -0.783937454
    ]
  },
  {
    "timeStamp": 38514,
    "rotation": [
      [
        0.898613036,
        -0.43619898,
        0.04717093
      ],
      [
        -0.10972064,
        -0.119324788,
        0.986774
      ],
      [
        -0.424801141,
        -0.891903639,
        -0.155086845
      ]
    ],
    "translation": [
      1.67658782,
      0.910443664,
      -0.794393241
    ]
  },
  {
    "timeStamp": 38558,
    "rotation": [
      [
        0.879415154,
        -0.4751709,
        0.0290100351
      ],
      [
        -0.10614454,
        -0.136311576,
        0.9849632
      ],
      [
        -0.464071453,
        -0.8692708,
        -0.170311257
      ]
    ],
    "translation": [
      1.711691,
      0.9249453,
      -0.8018388
    ]
  },
  {
    "timeStamp": 38613,
    "rotation": [
      [
        0.849324,
        -0.5277953,
        0.008989665
      ],
      [
        -0.1026782,
        -0.148476273,
        0.983571053
      ],
      [
        -0.5177895,
        -0.8362935,
        -0.180297539
      ]
    ],
    "translation": [
      1.75739777,
      0.940959156,
      -0.8093416
    ]
  },
  {
    "timeStamp": 38658,
    "rotation": [
      [
        0.824918,
        -0.565110266,
        -0.0126788747
      ],
      [
        -0.09879049,
        -0.166221783,
        0.981127262
      ],
      [
        -0.5565526,
        -0.808096945,
        -0.192946866
      ]
    ],
    "translation": [
      1.79345775,
      0.9530804,
      -0.813376069
    ]
  },
  {
    "timeStamp": 38713,
    "rotation": [
      [
        0.783688545,
        -0.620772243,
        -0.0217748657
      ],
      [
        -0.11327108,
        -0.177290082,
        0.977618456
      ],
      [
        -0.6107389,
        -0.763681948,
        -0.20925574
      ]
    ],
    "translation": [
      1.835584,
      0.9690048,
      -0.8159587
    ]
  },
  {
    "timeStamp": 38758,
    "rotation": [
      [
        0.7514478,
        -0.6591183,
        -0.0298208818
      ],
      [
        -0.125814825,
        -0.187514,
        0.974171
      ],
      [
        -0.647685766,
        -0.7282867,
        -0.223833829
      ]
    ],
    "translation": [
      1.86638844,
      0.981481552,
      -0.81762886
    ]
  },
  {
    "timeStamp": 38813,
    "rotation": [
      [
        0.721594751,
        -0.691468239,
        -0.0342439
      ],
      [
        -0.143337667,
        -0.19760786,
        0.96974504
      ],
      [
        -0.677314758,
        -0.6948545,
        -0.241706252
      ]
    ],
    "translation": [
      1.89869809,
      0.9962088,
      -0.8184701
    ]
  },
  {
    "timeStamp": 38858,
    "rotation": [
      [
        0.6997037,
        -0.713794768,
        -0.0301947724
      ],
      [
        -0.160584241,
        -0.198315442,
        0.966893852
      ],
      [
        -0.696151853,
        -0.6716904,
        -0.253386259
      ]
    ],
    "translation": [
      1.921038,
      1.0062809,
      -0.8176308
    ]
  },
  {
    "timeStamp": 38914,
    "rotation": [
      [
        0.679913,
        -0.732976437,
        -0.02153947
      ],
      [
        -0.182261914,
        -0.197373122,
        0.963236451
      ],
      [
        -0.7102809,
        -0.650991142,
        -0.267790228
      ]
    ],
    "translation": [
      1.94635642,
      1.01664507,
      -0.8144245
    ]
  },
  {
    "timeStamp": 38958,
    "rotation": [
      [
        0.668302655,
        -0.7437595,
        -0.0139047811
      ],
      [
        -0.194497585,
        -0.1927459,
        0.9617795
      ],
      [
        -0.7180127,
        -0.640055358,
        -0.273472
      ]
    ],
    "translation": [
      1.965101,
      1.02213764,
      -0.809551
    ]
  },
  {
    "timeStamp": 39013,
    "rotation": [
      [
        0.656292737,
        -0.754505,
        0.00143517554
      ],
      [
        -0.209322765,
        -0.180247545,
        0.961090446
      ],
      [
        -0.724888861,
        -0.6310571,
        -0.276230246
      ]
    ],
    "translation": [
      1.98757923,
      1.02609479,
      -0.799330235
    ]
  },
  {
    "timeStamp": 39058,
    "rotation": [
      [
        0.656243861,
        -0.7544587,
        0.0116618117
      ],
      [
        -0.212299556,
        -0.169787467,
        0.9623415
      ],
      [
        -0.7240669,
        -0.6340065,
        -0.271593243
      ]
    ],
    "translation": [
      2.00420737,
      1.02672911,
      -0.787953
    ]
  },
  {
    "timeStamp": 39106,
    "rotation": [
      [
        0.659129441,
        -0.7515417,
        0.02708271
      ],
      [
        -0.214911014,
        -0.153729379,
        0.964458644
      ],
      [
        -0.7206675,
        -0.6415235,
        -0.262842149
      ]
    ],
    "translation": [
      2.019378,
      1.02461731,
      -0.77288723
    ]
  },
  {
    "timeStamp": 39164,
    "rotation": [
      [
        0.6674464,
        -0.7426904,
        0.0540951155
      ],
      [
        -0.21667935,
        -0.124198452,
        0.9683103
      ],
      [
        -0.7124362,
        -0.6580165,
        -0.243821487
      ]
    ],
    "translation": [
      2.03955364,
      1.01851714,
      -0.747254431
    ]
  },
  {
    "timeStamp": 39208,
    "rotation": [
      [
        0.679525733,
        -0.7312734,
        0.059024632
      ],
      [
        -0.20988211,
        -0.116676934,
        0.9707399
      ],
      [
        -0.7029895,
        -0.672031,
        -0.2327662
      ]
    ],
    "translation": [
      2.05184865,
      1.01356769,
      -0.7272109
    ]
  },
  {
    "timeStamp": 39264,
    "rotation": [
      [
        0.68334204,
        -0.726137459,
        0.07594735
      ],
      [
        -0.216646165,
        -0.102333628,
        0.9708719
      ],
      [
        -0.6972145,
        -0.6798913,
        -0.227243766
      ]
    ],
    "translation": [
      2.06517,
      1.007199,
      -0.699876666
    ]
  },
  {
    "timeStamp": 39308,
    "rotation": [
      [
        0.6723763,
        -0.732974768,
        0.103238031
      ],
      [
        -0.227097526,
        -0.07152481,
        0.971241951
      ],
      [
        -0.704511762,
        -0.6764851,
        -0.214548349
      ]
    ],
    "translation": [
      2.07370639,
      0.999195158,
      -0.678355753
    ]
  },
  {
    "timeStamp": 39364,
    "rotation": [
      [
        0.655837536,
        -0.7447817,
        0.123196445
      ],
      [
        -0.225386143,
        -0.037432164,
        0.973550141
      ],
      [
        -0.7204708,
        -0.6662575,
        -0.1924129
      ]
    ],
    "translation": [
      2.08160377,
      0.985503,
      -0.65226
    ]
  },
  {
    "timeStamp": 39408,
    "rotation": [
      [
        0.6340961,
        -0.762512267,
        0.128441632
      ],
      [
        -0.214247808,
        -0.0136480611,
        0.976684
      ],
      [
        -0.74298054,
        -0.646829844,
        -0.172020763
      ]
    ],
    "translation": [
      2.0878787,
      0.9728983,
      -0.632618964
    ]
  },
  {
    "timeStamp": 39463,
    "rotation": [
      [
        0.563154042,
        -0.810703039,
        0.160056189
      ],
      [
        -0.212736979,
        0.0449280627,
        0.976076066
      ],
      [
        -0.798498869,
        -0.583731055,
        -0.1471651
      ]
    ],
    "translation": [
      2.09868526,
      0.9550283,
      -0.610251
    ]
  },
  {
    "timeStamp": 39508,
    "rotation": [
      [
        0.508861363,
        -0.8437423,
        0.170759842
      ],
      [
        -0.193756416,
        0.08101586,
        0.977698743
      ],
      [
        -0.8387601,
        -0.530598938,
        -0.122254655
      ]
    ],
    "translation": [
      2.10837555,
      0.938534,
      -0.59647
    ]
  },
  {
    "timeStamp": 39565,
    "rotation": [
      [
        0.462502748,
        -0.8717274,
        0.161809891
      ],
      [
        -0.157717377,
        0.0987004042,
        0.9825393
      ],
      [
        -0.8724771,
        -0.479947358,
        -0.091837354
      ]
    ],
    "translation": [
      2.12001252,
      0.918966055,
      -0.5837798
    ]
  },
  {
    "timeStamp": 39611,
    "rotation": [
      [
        0.4411632,
        -0.8868529,
        0.137356818
      ],
      [
        -0.124836378,
        0.09092337,
        0.9880024
      ],
      [
        -0.8887018,
        -0.453017473,
        -0.07059946
      ]
    ],
    "translation": [
      2.12908626,
      0.9051507,
      -0.57619524
    ]
  },
  {
    "timeStamp": 39657,
    "rotation": [
      [
        0.4140007,
        -0.9023464,
        0.119893409
      ],
      [
        -0.09755347,
        0.08697089,
        0.9914229
      ],
      [
        -0.9050341,
        -0.4221458,
        -0.0520210154
      ]
    ],
    "translation": [
      2.139018,
      0.8922235,
      -0.5711801
    ]
  },
  {
    "timeStamp": 39713,
    "rotation": [
      [
        0.371856,
        -0.9213252,
        0.113502651
      ],
      [
        -0.07355929,
        0.09264074,
        0.9929787
      ],
      [
        -0.9253713,
        -0.377594262,
        -0.033323016
      ]
    ],
    "translation": [
      2.15034866,
      0.8772409,
      -0.56664443
    ]
  },
  {
    "timeStamp": 39756,
    "rotation": [
      [
        0.3503581,
        -0.928732753,
        0.12126296
      ],
      [
        -0.06668986,
        0.104404062,
        0.992296457
      ],
      [
        -0.934238553,
        -0.3557461,
        -0.0253582448
      ]
    ],
    "translation": [
      2.15536642,
      0.8669545,
      -0.5637444
    ]
  },
  {
    "timeStamp": 39812,
    "rotation": [
      [
        0.330599964,
        -0.937779367,
        0.10617727
      ],
      [
        -0.0438237041,
        0.09712801,
        0.9943066
      ],
      [
        -0.942752957,
        -0.3333708,
        -0.008986446
      ]
    ],
    "translation": [
      2.161498,
      0.855281532,
      -0.562728
    ]
  },
  {
    "timeStamp": 39856,
    "rotation": [
      [
        0.3024994,
        -0.9459399,
        0.11701192
      ],
      [
        -0.03521228,
        0.1115889,
        0.9931304
      ],
      [
        -0.952499,
        -0.304541618,
        0.0004468782
      ]
    ],
    "translation": [
      2.16608357,
      0.846340835,
      -0.562852442
    ]
  },
  {
    "timeStamp": 39911,
    "rotation": [
      [
        0.294116646,
        -0.94922787,
        0.111632943
      ],
      [
        -0.0177166034,
        0.11136438,
        0.9936217
      ],
      [
        -0.9556053,
        -0.294218451,
        0.0159370247
      ]
    ],
    "translation": [
      2.16897416,
      0.8367296,
      -0.5641078
    ]
  },
  {
    "timeStamp": 39957,
    "rotation": [
      [
        0.28790313,
        -0.9544114,
        0.0788079053
      ],
      [
        -0.0294746216,
        0.0734222457,
        0.9968653
      ],
      [
        -0.957205832,
        -0.289323479,
        -0.00699242065
      ]
    ],
    "translation": [
      2.17179728,
      0.8307324,
      -0.5639209
    ]
  },
  {
    "timeStamp": 40012,
    "rotation": [
      [
        0.281141847,
        -0.9596655,
        0.00120402861
      ],
      [
        -0.100103982,
        -0.0280784462,
        0.9945807
      ],
      [
        -0.954430938,
        -0.279738784,
        -0.103960358
      ]
    ],
    "translation": [
      2.17584872,
      0.825649858,
      -0.5636444
    ]
  },
  {
    "timeStamp": 40057,
    "rotation": [
      [
        0.2696831,
        -0.9622344,
        -0.03709471
      ],
      [
        -0.224113509,
        -0.1001827,
        0.9694001
      ],
      [
        -0.9365064,
        -0.2531174,
        -0.2426673
      ]
    ],
    "translation": [
      2.17698026,
      0.8261668,
      -0.5581151
    ]
  },
  {
    "timeStamp": 40112,
    "rotation": [
      [
        0.274691969,
        -0.9600909,
        -0.0526291355
      ],
      [
        -0.22296679,
        -0.116844736,
        0.967798054
      ],
      [
        -0.935323536,
        -0.2541118,
        -0.2461647
      ]
    ],
    "translation": [
      2.17784715,
      0.825900555,
      -0.5580089
    ]
  },
  {
    "timeStamp": 40158,
    "rotation": [
      [
        0.2721115,
        -0.962062955,
        0.0197512023
      ],
      [
        -0.2536576,
        -0.0519149676,
        0.965899944
      ],
      [
        -0.9282312,
        -0.2678425,
        -0.258161277
      ]
    ],
    "translation": [
      2.17798519,
      0.8267322,
      -0.5578329
    ]
  }
]