[
  {
    "timeStamp": 48776,
    "rotation": [
      [
        0.9998658,
        0.0124274269,
        -0.0106790233
      ],
      [
        0.0109608155,
        -0.0228322577,
        0.9996792
      ],
      [
        0.0121796029,
        -0.9996621,
        -0.0229654089
      ]
    ],
    "translation": [
      1.30854726,
      0.70100987,
      -0.619859934
    ]
  },
  {
    "timeStamp": 48826,
    "rotation": [
      [
        0.999923348,
        0.01130654,
        0.00504930736
      ],
      [
        -0.00456676353,
        -0.042304825,
        0.9990943
      ],
      [
        0.0115099112,
        -0.9990408,
        -0.0422499478
      ]
    ],
    "translation": [
      1.30931032,
      0.7048256,
      -0.617282033
    ]
  },
  {
    "timeStamp": 48871,
    "rotation": [
      [
        0.9990845,
        0.0246479977,
        0.0349682458
      ],
      [
        -0.0336874574,
        -0.05059159,
        0.9981511
      ],
      [
        0.0263715163,
        -0.9984153,
        -0.0497149453
      ]
    ],
    "translation": [
      1.30941045,
      0.7149506,
      -0.6191856
    ]
  },
  {
    "timeStamp": 48927,
    "rotation": [
      [
        0.996829331,
        0.0335849673,
        0.07213443
      ],
      [
        -0.06931011,
        -0.0787814558,
        0.994479537
      ],
      [
        0.0390824378,
        -0.996326,
        -0.07620388
      ]
    ],
    "translation": [
      1.31378615,
      0.732537568,
      -0.6182362
    ]
  },
  {
    "timeStamp": 48971,
    "rotation": [
      [
        0.991838,
        0.033516828,
        0.123020321
      ],
      [
        -0.12029729,
        -0.0738009438,
        0.9899909
      ],
      [
        0.04226038,
        -0.9967096,
        -0.0691666
      ]
    ],
    "translation": [
      1.317775,
      0.75130105,
      -0.6233989
    ]
  },
  {
    "timeStamp": 49026,
    "rotation": [
      [
        0.9794276,
        0.05718989,
        0.193522364
      ],
      [
        -0.188830212,
        -0.0784690455,
        0.9788696
      ],
      [
        0.07116697,
        -0.9952748,
        -0.06605557
      ]
    ],
    "translation": [
      1.33080232,
      0.779438555,
      -0.6340558
    ]
  },
  {
    "timeStamp": 49071,
    "rotation": [
      [
        0.969398737,
        0.07521636,
        0.233684838
      ],
      [
        -0.22786507,
        -0.078499496,
        0.970523238
      ],
      [
        0.09134336,
        -0.9940726,
        -0.05895813
      ]
    ],
    "translation": [
      1.34779525,
      0.8006028,
      -0.6448002
    ]
  },
  {
    "timeStamp": 49127,
    "rotation": [
      [
        0.9583207,
        0.09690531,
        0.268758029
      ],
      [
        -0.2641661,
        -0.0576951467,
        0.96275
      ],
      [
        0.108801618,
        -0.99362,
        -0.0296913572
      ]
    ],
    "translation": [
      1.38005173,
      0.822359443,
      -0.6603117
    ]
  },
  {
    "timeStamp": 49171,
    "rotation": [
      [
        0.9555047,
        0.103709057,
        0.276143432
      ],
      [
        -0.268732548,
        -0.07995659,
        0.9598905
      ],
      [
        0.121628828,
        -0.9913886,
        -0.0485289022
      ]
    ],
    "translation": [
      1.412556,
      0.837152958,
      -0.6675075
    ]
  },
  {
    "timeStamp": 49226,
    "rotation": [
      [
        0.9557668,
        0.08267987,
        0.282265663
      ],
      [
        -0.2765351,
        -0.0743023,
        0.9581271
      ],
      [
        0.1001908,
        -0.993802369,
        -0.0481517874
      ]
    ],
    "translation": [
      1.46021783,
      0.850440562,
      -0.674083352
    ]
  },
  {
    "timeStamp": 49271,
    "rotation": [
      [
        0.9584103,
        0.0386842936,
        0.282759815
      ],
      [
        -0.279124528,
        -0.07946968,
        0.956960857
      ],
      [
        0.0594901852,
        -0.996086359,
        -0.0653668344
      ]
    ],
    "translation": [
      1.50223732,
      0.859023333,
      -0.6744752
    ]
  },
  {
    "timeStamp": 49328,
    "rotation": [
      [
        0.9571221,
        -0.0415069,
        0.2866958
      ],
      [
        -0.289044738,
        -0.07107972,
        0.9546732
      ],
      [
        -0.0192472786,
        -0.996606648,
        -0.08002932
      ]
    ],
    "translation": [
      1.55868244,
      0.8692119,
      -0.6738107
    ]
  },
  {
    "timeStamp": 49374,
    "rotation": [
      [
        0.9516232,
        -0.124479838,
        0.280923635
      ],
      [
        -0.2910008,
        -0.0715809,
        0.954041243
      ],
      [
        -0.09865013,
        -0.989636838,
        -0.104341783
      ]
    ],
    "translation": [
      1.60653222,
      0.878016651,
      -0.671527565
    ]
  },
  {
    "timeStamp": 49431,
    "rotation": [
      [
        0.9353182,
        -0.224311754,
        0.2736132
      ],
      [
        -0.297251761,
        -0.0787739456,
        0.951544046
      ],
      [
        -0.191888928,
        -0.971328437,
        -0.140355766
      ]
    ],
    "translation": [
      1.66605353,
      0.8901831,
      -0.6680329
    ]
  },
  {
    "timeStamp": 49476,
    "rotation": [
      [
        0.9149296,
        -0.30698216,
        0.2620415
      ],
      [
        -0.302485317,
        -0.09168275,
        0.948734343
      ],
      [
        -0.2672198,
        -0.94728893,
        -0.17674084
      ]
    ],
    "translation": [
      1.71508884,
      0.901484251,
      -0.6660647
    ]
  },
  {
    "timeStamp": 49521,
    "rotation": [
      [
        0.8861593,
        -0.387801379,
        0.253637165
      ],
      [
        -0.3128905,
        -0.09703271,
        0.9448197
      ],
      [
        -0.3417913,
        -0.9166214,
        -0.2073258
      ]
    ],
    "translation": [
      1.76331067,
      0.9134143,
      -0.66414696
    ]
  },
  {
    "timeStamp": 49576,
    "rotation": [
      [
        0.8524638,
        -0.473820925,
        0.220905259
      ],
      [
        -0.313560963,
        -0.125298351,
        0.941265047
      ],
      [
        -0.418312043,
        -0.8716616,
        -0.2553841
      ]
    ],
    "translation": [
      1.82460618,
      0.9273017,
      -0.664588153
    ]
  },
  {
    "timeStamp": 49621,
    "rotation": [
      [
        0.822477,
        -0.5350558,
        0.192994863
      ],
      [
        -0.31447497,
        -0.145023391,
        0.938122451
      ],
      [
        -0.4739591,
        -0.832276165,
        -0.287540048
      ]
    ],
    "translation": [
      1.87241066,
      0.9377799,
      -0.666382432
    ]
  },
  {
    "timeStamp": 49676,
    "rotation": [
      [
        0.788990855,
        -0.5984599,
        0.13906543
      ],
      [
        -0.3035788,
        -0.182942584,
        0.935078561
      ],
      [
        -0.534166038,
        -0.7799858,
        -0.326019764
      ]
    ],
    "translation": [
      1.93164086,
      0.948818147,
      -0.670817852
    ]
  },
  {
    "timeStamp": 49721,
    "rotation": [
      [
        0.7637362,
        -0.639435,
        0.0884872153
      ],
      [
        -0.28095144,
        -0.205847457,
        0.937386334
      ],
      [
        -0.5811827,
        -0.7407765,
        -0.3368633
      ]
    ],
    "translation": [
      1.97957349,
      0.953338563,
      -0.6759312
    ]
  },
  {
    "timeStamp": 49776,
    "rotation": [
      [
        0.7279803,
        -0.684990942,
        0.0288458113
      ],
      [
        -0.254298061,
        -0.230706468,
        0.9392055
      ],
      [
        -0.636692345,
        -0.6910586,
        -0.342141628
      ]
    ],
    "translation": [
      2.0354805,
      0.955496967,
      -0.684003651
    ]
  },
  {
    "timeStamp": 49820,
    "rotation": [
      [
        0.695616663,
        -0.7183967,
        -0.004859496
      ],
      [
        -0.231923014,
        -0.230960608,
        0.94491744
      ],
      [
        -0.6799479,
        -0.6561733,
        -0.3272728
      ]
    ],
    "translation": [
      2.076642,
      0.95204705,
      -0.692333341
    ]
  },
  {
    "timeStamp": 49882,
    "rotation": [
      [
        0.658314049,
        -0.7519979,
        -0.0334923267
      ],
      [
        -0.206034139,
        -0.2228039,
        0.952842236
      ],
      [
        -0.7239976,
        -0.6203689,
        -0.301612169
      ]
    ],
    "translation": [
      2.11751914,
      0.9430043,
      -0.701934338
    ]
  },
  {
    "timeStamp": 49926,
    "rotation": [
      [
        0.6439101,
        -0.7624844,
        -0.0632241
      ],
      [
        -0.161734134,
        -0.216417715,
        0.962811232
      ],
      [
        -0.7478113,
        -0.6097384,
        -0.2626733
      ]
    ],
    "translation": [
      2.14983,
      0.9321074,
      -0.7116849
    ]
  },
  {
    "timeStamp": 49971,
    "rotation": [
      [
        0.6400712,
        -0.7624626,
        -0.09465558
      ],
      [
        -0.131506979,
        -0.230102465,
        0.96424
      ],
      [
        -0.756977439,
        -0.604734361,
        -0.247551113
      ]
    ],
    "translation": [
      2.17081881,
      0.9229702,
      -0.7169
    ]
  },
  {
    "timeStamp": 50026,
    "rotation": [
      [
        0.6141868,
        -0.7861638,
        -0.0687092543
      ],
      [
        -0.114719659,
        -0.17508617,
        0.977846742
      ],
      [
        -0.780777752,
        -0.5926983,
        -0.197724074
      ]
    ],
    "translation": [
      2.186987,
      0.906123161,
      -0.7251208
    ]
  },
  {
    "timeStamp": 50071,
    "rotation": [
      [
        0.613616645,
        -0.786518753,
        -0.0697347447
      ],
      [
        -0.0801728442,
        -0.149920076,
        0.985442162
      ],
      [
        -0.785523355,
        -0.5990929,
        -0.155050889
      ]
    ],
    "translation": [
      2.19743967,
      0.893311262,
      -0.732050538
    ]
  },
  {
    "timeStamp": 50126,
    "rotation": [
      [
        0.5959402,
        -0.8005019,
        -0.06365523
      ],
      [
        -0.0641904548,
        -0.1265021,
        0.9898873
      ],
      [
        -0.800459146,
        -0.5858276,
        -0.12677227
      ]
    ],
    "translation": [
      2.21076417,
      0.883549631,
      -0.7367961
    ]
  },
  {
    "timeStamp": 50171,
    "rotation": [
      [
        0.5995417,
        -0.7984362,
        -0.0552204736
      ],
      [
        -0.03995366,
        -0.09876812,
        0.994308054
      ],
      [
        -0.7993456,
        -0.593922853,
        -0.09111606
      ]
    ],
    "translation": [
      2.21578765,
      0.8748308,
      -0.743804753
    ]
  },
  {
    "timeStamp": 50226,
    "rotation": [
      [
        0.5923056,
        -0.8032393,
        -0.0630919039
      ],
      [
        -0.02773504,
        -0.09858554,
        0.994742
      ],
      [
        -0.805235863,
        -0.5874414,
        -0.08067065
      ]
    ],
    "translation": [
      2.225,
      0.8691776,
      -0.7467489
    ]
  },
  {
    "timeStamp": 50271,
    "rotation": [
      [
        0.587686658,
        -0.806416869,
        -0.06569827
      ],
      [
        -0.0129824476,
        -0.09058863,
        0.9958038
      ],
      [
        -0.808984458,
        -0.584367633,
        -0.06370699
      ]
    ],
    "translation": [
      2.23128152,
      0.865184665,
      -0.750864267
    ]
  },
  {
    "timeStamp": 50327,
    "rotation": [
      [
        0.578872859,
        -0.812795043,
        -0.06534882
      ],
      [
        -0.00918681,
        -0.08663725,
        0.9961976
      ],
      [
        -0.8153661,
        -0.5760714,
        -0.0576189421
      ]
    ],
    "translation": [
      2.23745441,
      0.864201963,
      -0.754383743
    ]
  },
  {
    "timeStamp": 50372,
    "rotation": [
      [
        0.5756152,
        -0.815425754,
        -0.0612198934
      ],
      [
        -0.00559316529,
        -0.07879089,
        0.996875465
      ],
      [
        -0.8177015,
        -0.5734743,
        -0.0499140471
      ]
    ],
    "translation": [
      2.24068,
      0.864194334,
      -0.7572649
    ]
  },
  {
    "timeStamp": 50430,
    "rotation": [
      [
        0.573741555,
        -0.8168151,
        -0.060280472
      ],
      [
        0.004538223,
        -0.070427686,
        0.997506559
      ],
      [
        -0.8190238,
        -0.5725845,
        -0.0367004052
      ]
    ],
    "translation": [
      2.24370265,
      0.8638141,
      -0.7632231
    ]
  },
  {
    "timeStamp": 50475,
    "rotation": [
      [
        0.5744996,
        -0.816586256,
        -0.0560093932
      ],
      [
        0.0112364041,
        -0.0605542324,
        0.998101652
      ],
      [
        -0.8184277,
        -0.5740383,
        -0.02561289
      ]
    ],
    "translation": [
      2.24456668,
      0.862560749,
      -0.767731249
    ]
  },
  {
    "timeStamp": 50531,
    "rotation": [
      [
        0.5764389,
        -0.815389454,
        -0.05346226
      ],
      [
        0.01653133,
        -0.05377588,
        0.9984162
      ],
      [
        -0.816973031,
        -0.576409757,
        -0.0175190363
      ]
    ],
    "translation": [
      2.24501443,
      0.8607043,
      -0.773571849
    ]
  },
  {
    "timeStamp": 50575,
    "rotation": [
      [
        0.577594757,
        -0.8145837,
        -0.05326968
      ],
      [
        0.0247204546,
        -0.0477718338,
        0.9985523
      ],
      [
        -0.815949261,
        -0.578075469,
        -0.007455881
      ]
    ],
    "translation": [
      2.245987,
      0.8575995,
      -0.77783525
    ]
  },
  {
    "timeStamp": 50631,
    "rotation": [
      [
        0.570477664,
        -0.819652,
        -0.052208636
      ],
      [
        0.0250951741,
        -0.0461419336,
        0.9986196
      ],
      [
        -0.820929646,
        -0.5710004,
        -0.005753633
      ]
    ],
    "translation": [
      2.248508,
      0.8544975,
      -0.7817085
    ]
  },
  {
    "timeStamp": 50675,
    "rotation": [
      [
        0.5647479,
        -0.823601663,
        -0.05234622
      ],
      [
        0.0274293348,
        -0.0446618944,
        0.9986255
      ],
      [
        -0.8248075,
        -0.5654075,
        -0.00263186521
      ]
    ],
    "translation": [
      2.25076556,
      0.8523748,
      -0.784241259
    ]
  },
  {
    "timeStamp": 50731,
    "rotation": [
      [
        0.5598701,
        -0.8271149,
        -0.0492605045
      ],
      [
        0.0279459469,
        -0.0405682474,
        0.9987859
      ],
      [
        -0.828109,
        -0.560567,
        0.000401558
      ]
    ],
    "translation": [
      2.25201082,
      0.8495669,
      -0.7866208
    ]
  },
  {
    "timeStamp": 50775,
    "rotation": [
      [
        0.5562772,
        -0.829622149,
        -0.0477779023
      ],
      [
        0.0312013775,
        -0.0366022,
        0.9988427
      ],
      [
        -0.830410838,
        -0.557124138,
        0.00552438525
      ]
    ],
    "translation": [
      2.25358343,
      0.8472922,
      -0.788491
    ]
  },
  {
    "timeStamp": 50831,
    "rotation": [
      [
        0.5567596,
        -0.829660237,
        -0.04101968
      ],
      [
        0.025688218,
        -0.03216106,
        0.999152541
      ],
      [
        -0.83027637,
        -0.5573415,
        0.00340651372
      ]
    ],
    "translation": [
      2.25367,
      0.8451013,
      -0.789196432
    ]
  },
  {
    "timeStamp": 50876,
    "rotation": [
      [
        0.558959842,
        -0.828365564,
        -0.03707359
      ],
      [
        0.025620997,
        -0.02743517,
        0.9992952
      ],
      [
        -0.828798831,
        -0.5595157,
        0.00588839175
      ]
    ],
    "translation": [
      2.25363779,
      0.843686461,
      -0.789896846
    ]
  },
  {
    "timeStamp": 50931,
    "rotation": [
      [
        0.559501469,
        -0.827900767,
        -0.0392236561
      ],
      [
        0.028380733,
        -0.0281594545,
        0.999200463
      ],
      [
        -0.8283434,
        -0.5601673,
        0.00774117559
      ]
    ],
    "translation": [
      2.253635,
      0.841115952,
      -0.790621638
    ]
  },
  {
    "timeStamp": 50975,
    "rotation": [
      [
        0.558135152,
        -0.8286927,
        -0.0418748967
      ],
      [
        0.0376821123,
        -0.0251000654,
        0.9989745
      ],
      [
        -0.8288939,
        -0.559140742,
        0.0172176622
      ]
    ],
    "translation": [
      2.25312686,
      0.837591648,
      -0.7921589
    ]
  },
  {
    "timeStamp": 51031,
    "rotation": [
      [
        0.55948025,
        -0.8281186,
        -0.034662392
      ],
      [
        0.0396620035,
        -0.0150233293,
        0.9991002
      ],
      [
        -0.8278942,
        -0.5603516,
        0.0244395845
      ]
    ],
    "translation": [
      2.25148821,
      0.834641039,
      -0.794054031
    ]
  },
  {
    "timeStamp": 51075,
    "rotation": [
      [
        0.5573761,
        -0.82991755,
        -0.0238501653
      ],
      [
        0.0356955,
        -0.00474610738,
        0.999351442
      ],
      [
        -0.8294925,
        -0.5578659,
        0.0269789565
      ]
    ],
    "translation": [
      2.24954915,
      0.8330759,
      -0.7954734
    ]
  },
  {
    "timeStamp": 51131,
    "rotation": [
      [
        0.5630717,
        -0.8261393,
        -0.0210760627
      ],
      [
        0.0399227738,
        0.00171902787,
        0.9992013
      ],
      [
        -0.8254432,
        -0.563463449,
        0.0339497067
      ]
    ],
    "translation": [
      2.24738884,
      0.8312397,
      -0.79734683
    ]
  },
  {
    "timeStamp": 51175,
    "rotation": [
      [
        0.561480045,
        -0.827226341,
        -0.0209009945
      ],
      [
        0.0394298621,
        0.0015163488,
        0.9992212
      ],
      [
        -0.8265504,
        -0.5618669,
        0.03346882
      ]
    ],
    "translation": [
      2.24705362,
      0.829889536,
      -0.797875762
    ]
  },
  {
    "timeStamp": 51226,
    "rotation": [
      [
        0.5612991,
        -0.8273467,
        -0.0209937859
      ],
      [
        0.03982172,
        0.00166168914,
        0.9992054
      ],
      [
        -0.826654434,
        -0.5616891,
        0.0338790752
      ]
    ],
    "translation": [
      2.24721265,
      0.82858,
      -0.7983305
    ]
  },
  {
    "timeStamp": 51271,
    "rotation": [
      [
        0.559129834,
        -0.828804255,
        -0.0213872325
      ],
      [
        0.0412724279,
        0.00206041639,
        0.9991458
      ],
      [
        -0.8280522,
        -0.5595349,
        0.0353588
      ]
    ],
    "translation": [
      2.24806929,
      0.827347934,
      -0.798876047
    ]
  },
  {
    "timeStamp": 51326,
    "rotation": [
      [
        0.557286739,
        -0.829973936,
        -0.0239752028
      ],
      [
        0.0423239022,
        -0.000442388729,
        0.999103844
      ],
      [
        -0.829240739,
        -0.557802,
        0.0348811969
      ]
    ],
    "translation": [
      2.24940443,
      0.8260812,
      -0.799492359
    ]
  },
  {
    "timeStamp": 51371,
    "rotation": [
      [
        0.5566366,
        -0.830517054,
        -0.01993053
      ],
      [
        0.04105441,
        0.003538499,
        0.999150634
      ],
      [
        -0.8297411,
        -0.55698204,
        0.0360660441
      ]
    ],
    "translation": [
      2.249253,
      0.824779153,
      -0.8006408
    ]
  },
  {
    "timeStamp": 51426,
    "rotation": [
      [
        0.559430242,
        -0.828632832,
        -0.0201356839
      ],
      [
        0.0422182754,
        0.00422458444,
        0.9990995
      ],
      [
        -0.8278016,
        -0.559776545,
        0.03734681
      ]
    ],
    "translation": [
      2.24912357,
      0.823033154,
      -0.8021505
    ]
  },
  {
    "timeStamp": 51471,
    "rotation": [
      [
        0.5567659,
        -0.8304402,
        -0.0195116736
      ],
      [
        0.0454640836,
        0.007010538,
        0.998941362
      ],
      [
        -0.8294243,
        -0.5570636,
        0.041658435
      ]
    ],
    "translation": [
      2.24966288,
      0.821131468,
      -0.8038678
    ]
  },
  {
    "timeStamp": 51526,
    "rotation": [
      [
        0.5536405,
        -0.832626,
        -0.0147007536
      ],
      [
        0.0406313539,
        0.009376594,
        0.9991302
      ],
      [
        -0.8317639,
        -0.553756237,
        0.0390219837
      ]
    ],
    "translation": [
      2.25000453,
      0.8188926,
      -0.80478245
    ]
  },
  {
    "timeStamp": 51571,
    "rotation": [
      [
        0.552111149,
        -0.833581746,
        -0.0177420322
      ],
      [
        0.04034138,
        0.005453094,
        0.9991711
      ],
      [
        -0.8327941,
        -0.5523692,
        0.0366385542
      ]
    ],
    "translation": [
      2.25044036,
      0.8176364,
      -0.8048007
    ]
  },
  {
    "timeStamp": 51627,
    "rotation": [
      [
        0.545464456,
        -0.83794,
        -0.0180312637
      ],
      [
        0.0367900431,
        0.002444874,
        0.99932003
      ],
      [
        -0.8373261,
        -0.545756936,
        0.03216144
      ]
    ],
    "translation": [
      2.25092149,
      0.817358732,
      -0.804667652
    ]
  }
]