[
  {
    "timeStamp": 44376,
    "rotation": [
      [
        0.999208152,
        -0.02843527,
        -0.0278287251
      ],
      [
        0.0274910089,
        -0.0121994456,
        0.9995476
      ],
      [
        -0.0287619047,
        -0.9995212,
        -0.011408072
      ]
    ],
    "translation": [
      1.46724,
      0.702554,
      -0.483612359
    ]
  },
  {
    "timeStamp": 44431,
    "rotation": [
      [
        0.9985531,
        -0.0482295938,
        -0.0237839725
      ],
      [
        0.022692401,
        -0.0230555087,
        0.9994766
      ],
      [
        -0.0487527028,
        -0.998570144,
        -0.0219277032
      ]
    ],
    "translation": [
      1.47223139,
      0.7043513,
      -0.4819153
    ]
  },
  {
    "timeStamp": 44475,
    "rotation": [
      [
        0.9972666,
        -0.07360526,
        -0.006455569
      ],
      [
        0.00536658429,
        -0.0149831148,
        0.99987334
      ],
      [
        -0.07369267,
        -0.9971749,
        -0.0145471506
      ]
    ],
    "translation": [
      1.4774394,
      0.706714869,
      -0.482197642
    ]
  },
  {
    "timeStamp": 44531,
    "rotation": [
      [
        0.995651543,
        -0.09162839,
        0.016798215
      ],
      [
        -0.0193491578,
        -0.02702313,
        0.9994475
      ],
      [
        -0.09112382,
        -0.995426536,
        -0.0286785532
      ]
    ],
    "translation": [
      1.481665,
      0.719631135,
      -0.48172605
    ]
  },
  {
    "timeStamp": 44575,
    "rotation": [
      [
        0.9934104,
        -0.09802163,
        0.05939276
      ],
      [
        -0.06322553,
        -0.03646698,
        0.9973328
      ],
      [
        -0.0955943242,
        -0.9945159,
        -0.0424241461
      ]
    ],
    "translation": [
      1.4825567,
      0.738105059,
      -0.484383434
    ]
  },
  {
    "timeStamp": 44621,
    "rotation": [
      [
        0.988190234,
        -0.102018245,
        0.114334062
      ],
      [
        -0.119448215,
        -0.0454950668,
        0.9917975
      ],
      [
        -0.0959797949,
        -0.993741632,
        -0.05714368
      ]
    ],
    "translation": [
      1.48196614,
      0.7617274,
      -0.489902675
    ]
  },
  {
    "timeStamp": 44677,
    "rotation": [
      [
        0.9791737,
        -0.07773758,
        0.187551856
      ],
      [
        -0.191411749,
        -0.04553208,
        0.980453134
      ],
      [
        -0.0676784143,
        -0.9959336,
        -0.0594637059
      ]
    ],
    "translation": [
      1.48408353,
      0.791273534,
      -0.5059368
    ]
  },
  {
    "timeStamp": 44722,
    "rotation": [
      [
        0.9700071,
        -0.06537915,
        0.234119132
      ],
      [
        -0.23686786,
        -0.0379396044,
        0.9708008
      ],
      [
        -0.0545877479,
        -0.997139,
        -0.0522879064
      ]
    ],
    "translation": [
      1.49264514,
      0.8109229,
      -0.522143245
    ]
  },
  {
    "timeStamp": 44778,
    "rotation": [
      [
        0.9594788,
        -0.06930351,
        0.273125261
      ],
      [
        -0.276451349,
        -0.04389628,
        0.9600249
      ],
      [
        -0.05454392,
        -0.996629357,
        -0.0612766035
      ]
    ],
    "translation": [
      1.51556623,
      0.8332481,
      -0.5397526
    ]
  },
  {
    "timeStamp": 44823,
    "rotation": [
      [
        0.9477975,
        -0.106376022,
        0.300606072
      ],
      [
        -0.305689275,
        -0.03484656,
        0.951493442
      ],
      [
        -0.090741,
        -0.993715167,
        -0.06554549
      ]
    ],
    "translation": [
      1.54507828,
      0.846782148,
      -0.550058842
    ]
  },
  {
    "timeStamp": 44878,
    "rotation": [
      [
        0.932530165,
        -0.173058227,
        0.316920221
      ],
      [
        -0.3295925,
        -0.0494252332,
        0.9428287
      ],
      [
        -0.147500411,
        -0.9836707,
        -0.103129208
      ]
    ],
    "translation": [
      1.59322238,
      0.8667654,
      -0.5565375
    ]
  },
  {
    "timeStamp": 44923,
    "rotation": [
      [
        0.909234166,
        -0.258536577,
        0.32627
      ],
      [
        -0.3495064,
        -0.0483365767,
        0.9356863
      ],
      [
        -0.226138353,
        -0.9647914,
        -0.134309456
      ]
    ],
    "translation": [
      1.64225888,
      0.881014764,
      -0.557460964
    ]
  },
  {
    "timeStamp": 44978,
    "rotation": [
      [
        0.87236166,
        -0.374425769,
        0.314309478
      ],
      [
        -0.364239573,
        -0.06899907,
        0.928745747
      ],
      [
        -0.326059282,
        -0.924686134,
        -0.19657281
      ]
    ],
    "translation": [
      1.71267235,
      0.9005554,
      -0.556142449
    ]
  },
  {
    "timeStamp": 45023,
    "rotation": [
      [
        0.8300755,
        -0.4691316,
        0.301480234
      ],
      [
        -0.3817467,
        -0.0839467,
        0.9204469
      ],
      [
        -0.406502426,
        -0.879129469,
        -0.248771518
      ]
    ],
    "translation": [
      1.775031,
      0.9168292,
      -0.555597067
    ]
  },
  {
    "timeStamp": 45078,
    "rotation": [
      [
        0.77558583,
        -0.582807,
        0.24249275
      ],
      [
        -0.384014368,
        -0.130732119,
        0.914025247
      ],
      [
        -0.500998735,
        -0.8020257,
        -0.32520023
      ]
    ],
    "translation": [
      1.86030519,
      0.9385968,
      -0.5570897
    ]
  },
  {
    "timeStamp": 45123,
    "rotation": [
      [
        0.722818732,
        -0.6628444,
        0.1953722
      ],
      [
        -0.391968548,
        -0.160426617,
        0.905882955
      ],
      [
        -0.569116533,
        -0.731368959,
        -0.375773549
      ]
    ],
    "translation": [
      1.92755234,
      0.954283953,
      -0.5626682
    ]
  },
  {
    "timeStamp": 45178,
    "rotation": [
      [
        0.6627261,
        -0.7388396,
        0.12210688
      ],
      [
        -0.395907223,
        -0.207273945,
        0.894592047
      ],
      [
        -0.6356505,
        -0.6412125,
        -0.429877818
      ]
    ],
    "translation": [
      2.00835013,
      0.9732033,
      -0.5743297
    ]
  },
  {
    "timeStamp": 45223,
    "rotation": [
      [
        0.6287899,
        -0.774964869,
        0.06366148
      ],
      [
        -0.376591384,
        -0.231880918,
        0.89688915
      ],
      [
        -0.6802957,
        -0.5879292,
        -0.437649429
      ]
    ],
    "translation": [
      2.06405854,
      0.9786456,
      -0.586484969
    ]
  },
  {
    "timeStamp": 45278,
    "rotation": [
      [
        0.5843882,
        -0.811357558,
        0.0137615781
      ],
      [
        -0.338595659,
        -0.228394791,
        0.9127918
      ],
      [
        -0.737457454,
        -0.5380843,
        -0.40819338
      ]
    ],
    "translation": [
      2.12397385,
      0.968594968,
      -0.604607642
    ]
  },
  {
    "timeStamp": 45322,
    "rotation": [
      [
        0.564743638,
        -0.8252594,
        0.00340328133
      ],
      [
        -0.2828369,
        -0.189674318,
        0.9402271
      ],
      [
        -0.7752857,
        -0.5319499,
        -0.34053117
      ]
    ],
    "translation": [
      2.159574,
      0.943517148,
      -0.6200755
    ]
  },
  {
    "timeStamp": 45377,
    "rotation": [
      [
        0.568399966,
        -0.8222056,
        -0.0299884472
      ],
      [
        -0.218902588,
        -0.186263949,
        0.9578034
      ],
      [
        -0.793097138,
        -0.5378509,
        -0.285855383
      ]
    ],
    "translation": [
      2.19305158,
      0.917274356,
      -0.6344814
    ]
  },
  {
    "timeStamp": 45428,
    "rotation": [
      [
        0.5667536,
        -0.823571,
        -0.0228251815
      ],
      [
        -0.185180455,
        -0.154332489,
        0.97051
      ],
      [
        -0.8028066,
        -0.5458133,
        -0.239977762
      ]
    ],
    "translation": [
      2.21451259,
      0.88733387,
      -0.645905435
    ]
  },
  {
    "timeStamp": 45473,
    "rotation": [
      [
        0.587126255,
        -0.8087946,
        -0.0336742066
      ],
      [
        -0.137364849,
        -0.140540078,
        0.980499566
      ],
      [
        -0.797755361,
        -0.5710514,
        -0.193614721
      ]
    ],
    "translation": [
      2.223578,
      0.8648652,
      -0.652275443
    ]
  },
  {
    "timeStamp": 45528,
    "rotation": [
      [
        0.594397545,
        -0.803976834,
        -0.0176893789
      ],
      [
        -0.118800707,
        -0.109545112,
        0.986856759
      ],
      [
        -0.79534775,
        -0.5844837,
        -0.160626352
      ]
    ],
    "translation": [
      2.23051023,
      0.8405281,
      -0.6575275
    ]
  },
  {
    "timeStamp": 45573,
    "rotation": [
      [
        0.5994019,
        -0.8002392,
        -0.018292807
      ],
      [
        -0.100792915,
        -0.09812863,
        0.990056336
      ],
      [
        -0.7940769,
        -0.591597855,
        -0.139476925
      ]
    ],
    "translation": [
      2.23358846,
      0.824641645,
      -0.6606934
    ]
  },
  {
    "timeStamp": 45628,
    "rotation": [
      [
        0.6156847,
        -0.7877536,
        -0.0194059461
      ],
      [
        -0.08503032,
        -0.09090012,
        0.992223263
      ],
      [
        -0.7833914,
        -0.609246552,
        -0.122948758
      ]
    ],
    "translation": [
      2.235512,
      0.8096183,
      -0.663645
    ]
  },
  {
    "timeStamp": 45673,
    "rotation": [
      [
        0.619333446,
        -0.7851141,
        -0.004673457
      ],
      [
        -0.07295704,
        -0.06347649,
        0.995313048
      ],
      [
        -0.78173095,
        -0.6160897,
        -0.09659272
      ]
    ],
    "translation": [
      2.23567152,
      0.796713352,
      -0.6678422
    ]
  },
  {
    "timeStamp": 45730,
    "rotation": [
      [
        0.6207073,
        -0.784034967,
        -0.00340557122
      ],
      [
        -0.066101715,
        -0.05665877,
        0.996202946
      ],
      [
        -0.7812509,
        -0.6181253,
        -0.086994566
      ]
    ],
    "translation": [
      2.23782,
      0.787248552,
      -0.671256363
    ]
  },
  {
    "timeStamp": 45771,
    "rotation": [
      [
        0.6221157,
        -0.782923,
        -0.0019101653
      ],
      [
        -0.06100108,
        -0.0509039238,
        0.9968388
      ],
      [
        -0.7805453,
        -0.6200325,
        -0.07942727
      ]
    ],
    "translation": [
      2.23930216,
      0.782014549,
      -0.6736158
    ]
  },
  {
    "timeStamp": 45828,
    "rotation": [
      [
        0.621978462,
        -0.7830257,
        -0.00367508875
      ],
      [
        -0.05344494,
        -0.0471342728,
        0.997457743
      ],
      [
        -0.7812083,
        -0.6202008,
        -0.07116526
      ]
    ],
    "translation": [
      2.24318337,
      0.7742981,
      -0.676510751
    ]
  },
  {
    "timeStamp": 45873,
    "rotation": [
      [
        0.619632065,
        -0.7848133,
        -0.0111473072
      ],
      [
        -0.0496282279,
        -0.05334889,
        0.997341931
      ],
      [
        -0.783321857,
        -0.6174318,
        -0.07200558
      ]
    ],
    "translation": [
      2.24713349,
      0.7717035,
      -0.677436531
    ]
  },
  {
    "timeStamp": 45928,
    "rotation": [
      [
        0.620389044,
        -0.7841127,
        -0.016874712
      ],
      [
        -0.0408431329,
        -0.05378668,
        0.9977168
      ],
      [
        -0.78323,
        -0.618283331,
        -0.06539428
      ]
    ],
    "translation": [
      2.25114512,
      0.7673856,
      -0.679745555
    ]
  },
  {
    "timeStamp": 45972,
    "rotation": [
      [
        0.6128774,
        -0.7901251,
        -0.009147103
      ],
      [
        -0.04785626,
        -0.04867051,
        0.9976678
      ],
      [
        -0.7887275,
        -0.6110103,
        -0.06764148
      ]
    ],
    "translation": [
      2.2531054,
      0.7646947,
      -0.680799246
    ]
  },
  {
    "timeStamp": 46028,
    "rotation": [
      [
        0.6129747,
        -0.7900002,
        -0.0127166277
      ],
      [
        -0.0438410342,
        -0.05007831,
        0.9977826
      ],
      [
        -0.7888853,
        -0.611058,
        -0.06533116
      ]
    ],
    "translation": [
      2.255593,
      0.7618212,
      -0.682497
    ]
  },
  {
    "timeStamp": 46072,
    "rotation": [
      [
        0.6147806,
        -0.788552,
        -0.0151853962
      ],
      [
        -0.03737706,
        -0.048361674,
        0.9981303
      ],
      [
        -0.787812054,
        -0.6130636,
        -0.0592055731
      ]
    ],
    "translation": [
      2.25666142,
      0.758790851,
      -0.6844311
    ]
  },
  {
    "timeStamp": 46128,
    "rotation": [
      [
        0.6115966,
        -0.7909473,
        -0.0187584516
      ],
      [
        -0.04043904,
        -0.05493051,
        0.997670949
      ],
      [
        -0.7901356,
        -0.609413564,
        -0.0655804649
      ]
    ],
    "translation": [
      2.25888681,
      0.758054137,
      -0.685578644
    ]
  },
  {
    "timeStamp": 46172,
    "rotation": [
      [
        0.6128921,
        -0.7900145,
        -0.0155029688
      ],
      [
        -0.04037389,
        -0.050904192,
        0.997887135
      ],
      [
        -0.7891345,
        -0.6109712,
        -0.06309474
      ]
    ],
    "translation": [
      2.25904417,
      0.75540626,
      -0.6875521
    ]
  },
  {
    "timeStamp": 46228,
    "rotation": [
      [
        0.614715457,
        -0.7885003,
        -0.0198013522
      ],
      [
        -0.036616493,
        -0.0536059476,
        0.9978906
      ],
      [
        -0.7878985,
        -0.6126937,
        -0.0618245266
      ]
    ],
    "translation": [
      2.25986814,
      0.7532293,
      -0.6897616
    ]
  },
  {
    "timeStamp": 46273,
    "rotation": [
      [
        0.6125391,
        -0.7902816,
        -0.0158369038
      ],
      [
        -0.0368247367,
        -0.0485448055,
        0.998141944
      ],
      [
        -0.789582,
        -0.6108178,
        -0.0588375032
      ]
    ],
    "translation": [
      2.260282,
      0.7502083,
      -0.6923586
    ]
  },
  {
    "timeStamp": 46331,
    "rotation": [
      [
        0.612475336,
        -0.7903303,
        -0.0158766117
      ],
      [
        -0.0321518071,
        -0.04497426,
        0.9984706
      ],
      [
        -0.7898356,
        -0.611028135,
        -0.0529561676
      ]
    ],
    "translation": [
      2.260581,
      0.7473972,
      -0.694941759
    ]
  },
  {
    "timeStamp": 46376,
    "rotation": [
      [
        0.613715351,
        -0.789305866,
        -0.01870389
      ],
      [
        -0.026243085,
        -0.0440704376,
        0.9986837
      ],
      [
        -0.78909117,
        -0.6124167,
        -0.04776052
      ]
    ],
    "translation": [
      2.26097775,
      0.7451685,
      -0.6968631
    ]
  },
  {
    "timeStamp": 46422,
    "rotation": [
      [
        0.6115185,
        -0.79103893,
        -0.01739307
      ],
      [
        -0.02646315,
        -0.0424176641,
        0.998749435
      ],
      [
        -0.790787458,
        -0.6102935,
        -0.0468725674
      ]
    ],
    "translation": [
      2.26092386,
      0.7431567,
      -0.698636353
    ]
  },
  {
    "timeStamp": 46477,
    "rotation": [
      [
        0.612189651,
        -0.7903402,
        -0.0242113341
      ],
      [
        -0.016756203,
        -0.0435798466,
        0.9989094
      ],
      [
        -0.790533364,
        -0.61111635,
        -0.0399222337
      ]
    ],
    "translation": [
      2.26226687,
      0.7398016,
      -0.701144159
    ]
  },
  {
    "timeStamp": 46522,
    "rotation": [
      [
        0.6091506,
        -0.7924566,
        -0.0307899751
      ],
      [
        -0.0119904978,
        -0.04802314,
        0.99877423
      ],
      [
        -0.7929639,
        -0.60803473,
        -0.03875527
      ]
    ],
    "translation": [
      2.26412725,
      0.737653136,
      -0.703040063
    ]
  },
  {
    "timeStamp": 46582,
    "rotation": [
      [
        0.6075774,
        -0.7936056,
        -0.0322471559
      ],
      [
        -0.009046126,
        -0.0475118123,
        0.9988297
      ],
      [
        -0.794209,
        -0.6065746,
        -0.03604616
      ]
    ],
    "translation": [
      2.265037,
      0.7341968,
      -0.704914033
    ]
  },
  {
    "timeStamp": 46630,
    "rotation": [
      [
        0.60424006,
        -0.7957697,
        -0.0405525
      ],
      [
        -0.000181498282,
        -0.05103151,
        0.998697042
      ],
      [
        -0.7968023,
        -0.6034454,
        -0.0309797153
      ]
    ],
    "translation": [
      2.26734543,
      0.731525838,
      -0.7069735
    ]
  },
  {
    "timeStamp": 46674,
    "rotation": [
      [
        0.601022065,
        -0.7982095,
        -0.0404233038
      ],
      [
        0.00399831031,
        -0.0475741476,
        0.9988597
      ],
      [
        -0.7992224,
        -0.6004983,
        -0.0254016221
      ]
    ],
    "translation": [
      2.268092,
      0.728808939,
      -0.7090841
    ]
  },
  {
    "timeStamp": 46730,
    "rotation": [
      [
        0.60203886,
        -0.7976877,
        -0.0352622047
      ],
      [
        0.000866690534,
        -0.043509528,
        0.999052644
      ],
      [
        -0.798466265,
        -0.6014991,
        -0.02550308
      ]
    ],
    "translation": [
      2.2686286,
      0.726749659,
      -0.7100149
    ]
  },
  {
    "timeStamp": 46774,
    "rotation": [
      [
        0.6082794,
        -0.793241739,
        -0.0276341084
      ],
      [
        -0.0114901522,
        -0.0436124466,
        0.9989824
      ],
      [
        -0.7936398,
        -0.6073429,
        -0.0356430225
      ]
    ],
    "translation": [
      2.26803255,
      0.726729035,
      -0.709423661
    ]
  },
  {
    "timeStamp": 46830,
    "rotation": [
      [
        0.6074625,
        -0.7940289,
        -0.0225252528
      ],
      [
        -0.0138377659,
        -0.0389305,
        0.9991461
      ],
      [
        -0.7942278,
        -0.6066321,
        -0.0346364081
      ]
    ],
    "translation": [
      2.26813126,
      0.726207137,
      -0.709504545
    ]
  },
  {
    "timeStamp": 46874,
    "rotation": [
      [
        0.608300269,
        -0.7933077,
        -0.0251729321
      ],
      [
        -0.0147936149,
        -0.04304232,
        0.9989637
      ],
      [
        -0.793569148,
        -0.6072975,
        -0.03791854
      ]
    ],
    "translation": [
      2.26804376,
      0.7266818,
      -0.7094267
    ]
  },
  {
    "timeStamp": 46930,
    "rotation": [
      [
        0.6062945,
        -0.794998765,
        -0.0195946265
      ],
      [
        -0.009330897,
        -0.0317499451,
        0.9994523
      ],
      [
        -0.795185447,
        -0.605779648,
        -0.0266678687
      ]
    ],
    "translation": [
      2.26825786,
      0.725329459,
      -0.7095784
    ]
  },
  {
    "timeStamp": 46975,
    "rotation": [
      [
        0.60635376,
        -0.79495573,
        -0.0195079017
      ],
      [
        -0.009519817,
        -0.03178735,
        0.9994493
      ],
      [
        -0.795138061,
        -0.6058341,
        -0.0268422123
      ]
    ],
    "translation": [
      2.26825,
      0.7253233,
      -0.7095786
    ]
  }
]