[
  {
    "timeStamp": 14981,
    "rotation": [
      [
        0.999881268,
        0.0149744842,
        -0.00364521379
      ],
      [
        0.00384227582,
        -0.0131522259,
        0.9999061
      ],
      [
        0.0149251353,
        -0.9998014,
        -0.0132082
      ]
    ],
    "translation": [
      1.77081919,
      0.7037623,
      -0.3590655
    ]
  },
  {
    "timeStamp": 15036,
    "rotation": [
      [
        0.9999648,
        0.00839444,
        -9.1664715E-06
      ],
      [
        0.0,
        0.00109196885,
        0.9999994
      ],
      [
        0.008394444,
        -0.9999642,
        0.00109193043
      ]
    ],
    "translation": [
      1.77068758,
      0.7047253,
      -0.359041929
    ]
  },
  {
    "timeStamp": 15081,
    "rotation": [
      [
        0.999939561,
        0.00684377551,
        0.008593509
      ],
      [
        -0.00852832,
        -0.009498149,
        0.9999185
      ],
      [
        0.006924843,
        -0.9999314,
        -0.00943921
      ]
    ],
    "translation": [
      1.77069414,
      0.704875767,
      -0.3590814
    ]
  },
  {
    "timeStamp": 15136,
    "rotation": [
      [
        0.9964394,
        -0.042783726,
        0.07265058
      ],
      [
        -0.0737991259,
        -0.0259055085,
        0.9969366
      ],
      [
        -0.04077062,
        -0.9987485,
        -0.0289706718
      ]
    ],
    "translation": [
      1.75844669,
      0.7180569,
      -0.360170931
    ]
  },
  {
    "timeStamp": 15181,
    "rotation": [
      [
        0.9936897,
        -0.0500403047,
        0.100382969
      ],
      [
        -0.102621049,
        -0.0443606563,
        0.9937309
      ],
      [
        -0.0452735648,
        -0.997761548,
        -0.0492159165
      ]
    ],
    "translation": [
      1.75443792,
      0.736517966,
      -0.3622886
    ]
  },
  {
    "timeStamp": 15236,
    "rotation": [
      [
        0.9835378,
        -0.0983979255,
        0.151562616
      ],
      [
        -0.159492686,
        -0.0784322545,
        0.984078467
      ],
      [
        -0.08494387,
        -0.9920515,
        -0.09283484
      ]
    ],
    "translation": [
      1.75221157,
      0.7675578,
      -0.363476336
    ]
  },
  {
    "timeStamp": 15281,
    "rotation": [
      [
        0.967001557,
        -0.148005128,
        0.20737043
      ],
      [
        -0.222861141,
        -0.096989736,
        0.9700134
      ],
      [
        -0.123454168,
        -0.9842192,
        -0.126773819
      ]
    ],
    "translation": [
      1.7482686,
      0.7980381,
      -0.365508646
    ]
  },
  {
    "timeStamp": 15336,
    "rotation": [
      [
        0.941825449,
        -0.216486633,
        0.257096052
      ],
      [
        -0.2870735,
        -0.120327726,
        0.950321
      ],
      [
        -0.174796015,
        -0.96884197,
        -0.175475284
      ]
    ],
    "translation": [
      1.75601959,
      0.8342246,
      -0.373258024
    ]
  },
  {
    "timeStamp": 15381,
    "rotation": [
      [
        0.924575448,
        -0.288835466,
        0.2484638
      ],
      [
        -0.303341061,
        -0.163466051,
        0.9387561
      ],
      [
        -0.230530649,
        -0.9433201,
        -0.238752365
      ]
    ],
    "translation": [
      1.77383506,
      0.858482,
      -0.372425079
    ]
  },
  {
    "timeStamp": 15436,
    "rotation": [
      [
        0.885705,
        -0.3854851,
        0.258704275
      ],
      [
        -0.346786946,
        -0.178876951,
        0.920729
      ],
      [
        -0.3086511,
        -0.9052095,
        -0.292113423
      ]
    ],
    "translation": [
      1.79994,
      0.8885096,
      -0.3814562
    ]
  },
  {
    "timeStamp": 15481,
    "rotation": [
      [
        0.8520018,
        -0.472888559,
        0.2246538
      ],
      [
        -0.3617812,
        -0.221629918,
        0.9055355
      ],
      [
        -0.3784274,
        -0.8527934,
        -0.3599113
      ]
    ],
    "translation": [
      1.83279037,
      0.909614742,
      -0.3804244
    ]
  },
  {
    "timeStamp": 15536,
    "rotation": [
      [
        0.8070252,
        -0.5773723,
        0.123901337
      ],
      [
        -0.344345123,
        -0.2896683,
        0.893039048
      ],
      [
        -0.479725748,
        -0.7633698,
        -0.432584941
      ]
    ],
    "translation": [
      1.8875823,
      0.9274304,
      -0.384074152
    ]
  },
  {
    "timeStamp": 15581,
    "rotation": [
      [
        0.7702048,
        -0.6345355,
        0.06441515
      ],
      [
        -0.336150438,
        -0.318030238,
        0.886487246
      ],
      [
        -0.542021632,
        -0.7044299,
        -0.458247781
      ]
    ],
    "translation": [
      1.93159389,
      0.940398633,
      -0.392932564
    ]
  },
  {
    "timeStamp": 15636,
    "rotation": [
      [
        0.7007327,
        -0.713320255,
        0.0121607678
      ],
      [
        -0.344002,
        -0.322900236,
        0.881701767
      ],
      [
        -0.625009,
        -0.6220206,
        -0.471650332
      ]
    ],
    "translation": [
      1.98001146,
      0.955562234,
      -0.40959233
    ]
  },
  {
    "timeStamp": 15687,
    "rotation": [
      [
        0.661003053,
        -0.750258267,
        -0.01369431
      ],
      [
        -0.337123841,
        -0.313222915,
        0.887828231
      ],
      [
        -0.670389831,
        -0.582240462,
        -0.459971219
      ]
    ],
    "translation": [
      2.01243687,
      0.960262656,
      -0.4289066
    ]
  },
  {
    "timeStamp": 15731,
    "rotation": [
      [
        0.613142133,
        -0.7881083,
        -0.05424126
      ],
      [
        -0.30530718,
        -0.299733847,
        0.9038513
      ],
      [
        -0.7285906,
        -0.537629,
        -0.424394548
      ]
    ],
    "translation": [
      2.0520637,
      0.955783,
      -0.4551115
    ]
  },
  {
    "timeStamp": 15794,
    "rotation": [
      [
        0.581832469,
        -0.81100744,
        -0.0611383021
      ],
      [
        -0.283554435,
        -0.272733569,
        0.9193548
      ],
      [
        -0.7622781,
        -0.5175744,
        -0.38865
      ]
    ],
    "translation": [
      2.07630181,
      0.9454888,
      -0.479392529
    ]
  },
  {
    "timeStamp": 15831,
    "rotation": [
      [
        0.560717046,
        -0.825345755,
        -0.06633885
      ],
      [
        -0.2664843,
        -0.255735874,
        0.9292929
      ],
      [
        -0.7839532,
        -0.50339216,
        -0.363337129
      ]
    ],
    "translation": [
      2.09258723,
      0.934373736,
      -0.496496916
    ]
  },
  {
    "timeStamp": 15886,
    "rotation": [
      [
        0.5296795,
        -0.8465855,
        -0.05227513
      ],
      [
        -0.2457156,
        -0.212139964,
        0.9458438
      ],
      [
        -0.8118273,
        -0.488149226,
        -0.320385456
      ]
    ],
    "translation": [
      2.10473275,
      0.917054534,
      -0.5178561
    ]
  },
  {
    "timeStamp": 15931,
    "rotation": [
      [
        0.5206023,
        -0.8521935,
        -0.052341152
      ],
      [
        -0.222935647,
        -0.194855973,
        0.955160141
      ],
      [
        -0.8241802,
        -0.485589862,
        -0.291426778
      ]
    ],
    "translation": [
      2.11127067,
      0.903323531,
      -0.537438333
    ]
  },
  {
    "timeStamp": 15986,
    "rotation": [
      [
        0.5033977,
        -0.863462865,
        -0.03197795
      ],
      [
        -0.1982156,
        -0.151423365,
        0.96839124
      ],
      [
        -0.841012061,
        -0.4811474,
        -0.247377992
      ]
    ],
    "translation": [
      2.11423421,
      0.88572526,
      -0.562853634
    ]
  },
  {
    "timeStamp": 16031,
    "rotation": [
      [
        0.5054794,
        -0.8623561,
        -0.0288525056
      ],
      [
        -0.16616042,
        -0.13010098,
        0.9774786
      ],
      [
        -0.846688449,
        -0.489301145,
        -0.209052831
      ]
    ],
    "translation": [
      2.11597681,
      0.86988,
      -0.5884026
    ]
  },
  {
    "timeStamp": 16086,
    "rotation": [
      [
        0.494541645,
        -0.8691522,
        -0.00173112773
      ],
      [
        -0.134940371,
        -0.07874744,
        0.987719536
      ],
      [
        -0.8586149,
        -0.488234848,
        -0.1562276
      ]
    ],
    "translation": [
      2.11532354,
      0.851049,
      -0.6188805
    ]
  },
  {
    "timeStamp": 16131,
    "rotation": [
      [
        0.4845465,
        -0.874547362,
        -0.0195362028
      ],
      [
        -0.0930381,
        -0.07372882,
        0.992929
      ],
      [
        -0.8698038,
        -0.479302675,
        -0.117091261
      ]
    ],
    "translation": [
      2.12481618,
      0.8324945,
      -0.643493056
    ]
  },
  {
    "timeStamp": 16186,
    "rotation": [
      [
        0.4526372,
        -0.891316,
        -0.0259873271
      ],
      [
        -0.063352704,
        -0.0612151921,
        0.996112
      ],
      [
        -0.8894414,
        -0.449230969,
        -0.08417555
      ]
    ],
    "translation": [
      2.14041829,
      0.8097577,
      -0.6638658
    ]
  },
  {
    "timeStamp": 16231,
    "rotation": [
      [
        0.438597739,
        -0.8947334,
        -0.08416691
      ],
      [
        -0.0285822321,
        -0.1074965,
        0.9937945
      ],
      [
        -0.8982289,
        -0.433470339,
        -0.0727212
      ]
    ],
    "translation": [
      2.16189051,
      0.7927826,
      -0.6736709
    ]
  },
  {
    "timeStamp": 16289,
    "rotation": [
      [
        0.410244584,
        -0.9074559,
        -0.0906814858
      ],
      [
        -0.0261243358,
        -0.1110869,
        0.9934673
      ],
      [
        -0.9116013,
        -0.405195564,
        -0.06927948
      ]
    ],
    "translation": [
      2.18117929,
      0.778022766,
      -0.6761543
    ]
  },
  {
    "timeStamp": 16334,
    "rotation": [
      [
        0.398403019,
        -0.9097277,
        -0.116920605
      ],
      [
        -0.009661067,
        -0.131629243,
        0.991251945
      ],
      [
        -0.9171595,
        -0.3937882,
        -0.0612304322
      ]
    ],
    "translation": [
      2.197505,
      0.766125,
      -0.676306546
    ]
  },
  {
    "timeStamp": 16391,
    "rotation": [
      [
        0.394881129,
        -0.9128533,
        -0.10376779
      ],
      [
        0.0009862188,
        -0.112525485,
        0.99364835
      ],
      [
        -0.9187317,
        -0.3924753,
        -0.0435339175
      ]
    ],
    "translation": [
      2.20386219,
      0.7533231,
      -0.6771373
    ]
  },
  {
    "timeStamp": 16436,
    "rotation": [
      [
        0.4073513,
        -0.904859066,
        -0.1236731
      ],
      [
        0.0187384412,
        -0.127108142,
        0.991711855
      ],
      [
        -0.913079262,
        -0.406292528,
        -0.034822017
      ]
    ],
    "translation": [
      2.211495,
      0.7429148,
      -0.676688433
    ]
  },
  {
    "timeStamp": 16480,
    "rotation": [
      [
        0.403562754,
        -0.907889545,
        -0.113462217
      ],
      [
        0.0151490411,
        -0.117361642,
        0.9929737
      ],
      [
        -0.9148266,
        -0.402446032,
        -0.03360913
      ]
    ],
    "translation": [
      2.21484613,
      0.735593,
      -0.674568832
    ]
  },
  {
    "timeStamp": 16536,
    "rotation": [
      [
        0.401942,
        -0.9066387,
        -0.12825346
      ],
      [
        0.0139534129,
        -0.133985013,
        0.990885139
      ],
      [
        -0.915558755,
        -0.400067955,
        -0.0412035
      ]
    ],
    "translation": [
      2.222224,
      0.730356455,
      -0.6710633
    ]
  },
  {
    "timeStamp": 16589,
    "rotation": [
      [
        0.3970985,
        -0.9082638,
        -0.131794214
      ],
      [
        0.009151475,
        -0.139676,
        0.990155
      ],
      [
        -0.9177304,
        -0.394395173,
        -0.0471531823
      ]
    ],
    "translation": [
      2.22677779,
      0.7286407,
      -0.667550564
    ]
  },
  {
    "timeStamp": 16634,
    "rotation": [
      [
        0.398775369,
        -0.9078275,
        -0.12972039
      ],
      [
        0.00314441579,
        -0.1400998,
        0.9901324
      ],
      [
        -0.917043269,
        -0.395248324,
        -0.05301376
      ]
    ],
    "translation": [
      2.22776365,
      0.7284148,
      -0.6649962
    ]
  },
  {
    "timeStamp": 16689,
    "rotation": [
      [
        0.395827234,
        -0.9092847,
        -0.12853843
      ],
      [
        -0.002047316,
        -0.140843943,
        0.9900297
      ],
      [
        -0.918322742,
        -0.391617566,
        -0.057611458
      ]
    ],
    "translation": [
      2.230661,
      0.728986859,
      -0.6619234
    ]
  },
  {
    "timeStamp": 16734,
    "rotation": [
      [
        0.393582523,
        -0.9121179,
        -0.114602163
      ],
      [
        -0.0162717048,
        -0.131556526,
        0.9911751
      ],
      [
        -0.9191452,
        -0.38824442,
        -0.06662007
      ]
    ],
    "translation": [
      2.22908878,
      0.73053956,
      -0.6585205
    ]
  },
  {
    "timeStamp": 16789,
    "rotation": [
      [
        0.396704257,
        -0.9113176,
        -0.110118084
      ],
      [
        -0.0139991455,
        -0.125953645,
        0.991937339
      ],
      [
        -0.9178397,
        -0.3919642,
        -0.06272401
      ]
    ],
    "translation": [
      2.22993,
      0.729670763,
      -0.6571695
    ]
  },
  {
    "timeStamp": 16834,
    "rotation": [
      [
        0.393635154,
        -0.9138259,
        -0.09986775
      ],
      [
        -0.0219551846,
        -0.117953196,
        0.9927764
      ],
      [
        -0.91900456,
        -0.388599038,
        -0.0664937347
      ]
    ],
    "translation": [
      2.22964573,
      0.729260564,
      -0.654930532
    ]
  },
  {
    "timeStamp": 16889,
    "rotation": [
      [
        0.393174738,
        -0.914341867,
        -0.09691502
      ],
      [
        -0.021716997,
        -0.114609189,
        0.993173242
      ],
      [
        -0.9192073,
        -0.388385922,
        -0.0649182
      ]
    ],
    "translation": [
      2.23056316,
      0.7276593,
      -0.6535495
    ]
  },
  {
    "timeStamp": 16934,
    "rotation": [
      [
        0.399012536,
        -0.9108077,
        -0.105916813
      ],
      [
        -0.01716043,
        -0.1229077,
        0.992269754
      ],
      [
        -0.9167849,
        -0.394110471,
        -0.06467156
      ]
    ],
    "translation": [
      2.233175,
      0.7265403,
      -0.6530823
    ]
  },
  {
    "timeStamp": 16990,
    "rotation": [
      [
        0.390012026,
        -0.9148861,
        -0.104278482
      ],
      [
        -0.0201600678,
        -0.121703282,
        0.9923618
      ],
      [
        -0.920589,
        -0.3849308,
        -0.0659099147
      ]
    ],
    "translation": [
      2.23508883,
      0.7259624,
      -0.651686132
    ]
  },
  {
    "timeStamp": 17035,
    "rotation": [
      [
        0.385192275,
        -0.9175479,
        -0.09865533
      ],
      [
        -0.0196167044,
        -0.115021408,
        0.9931693
      ],
      [
        -0.9226278,
        -0.380625844,
        -0.0623046234
      ]
    ],
    "translation": [
      2.23572826,
      0.725524843,
      -0.651483357
    ]
  },
  {
    "timeStamp": 17091,
    "rotation": [
      [
        0.3832503,
        -0.918872952,
        -0.09376426
      ],
      [
        -0.0192473177,
        -0.109438568,
        0.9938072
      ],
      [
        -0.923444,
        -0.3790722,
        -0.0596282035
      ]
    ],
    "translation": [
      2.23578882,
      0.7255342,
      -0.6514518
    ]
  },
  {
    "timeStamp": 17136,
    "rotation": [
      [
        0.383491,
        -0.9191357,
        -0.09013458
      ],
      [
        -0.0165859759,
        -0.104434863,
        0.9943934
      ],
      [
        -0.923395634,
        -0.379845977,
        -0.0552945957
      ]
    ],
    "translation": [
      2.23579216,
      0.725472569,
      -0.6514415
    ]
  },
  {
    "timeStamp": 17191,
    "rotation": [
      [
        0.382340372,
        -0.920322239,
        -0.0826006457
      ],
      [
        -0.014000196,
        -0.09515207,
        0.9953643
      ],
      [
        -0.9239155,
        -0.379411548,
        -0.0492651723
      ]
    ],
    "translation": [
      2.23585653,
      0.7254299,
      -0.6513991
    ]
  },
  {
    "timeStamp": 17235,
    "rotation": [
      [
        0.381141,
        -0.9211995,
        -0.0782502
      ],
      [
        -0.0164384656,
        -0.09137823,
        0.9956806
      ],
      [
        -0.924370766,
        -0.3782084,
        -0.0499710962
      ]
    ],
    "translation": [
      2.23677969,
      0.7254739,
      -0.650348
    ]
  },
  {
    "timeStamp": 17291,
    "rotation": [
      [
        0.374161065,
        -0.923555136,
        -0.08396145
      ],
      [
        -0.01996267,
        -0.0985380039,
        0.994933069
      ],
      [
        -0.9271489,
        -0.370589137,
        -0.05530571
      ]
    ],
    "translation": [
      2.23955536,
      0.7255762,
      -0.647963762
    ]
  },
  {
    "timeStamp": 17335,
    "rotation": [
      [
        0.369890273,
        -0.92578423,
        -0.07813349
      ],
      [
        -0.0197759159,
        -0.0919245,
        0.9955696
      ],
      [
        -0.928865,
        -0.366706342,
        -0.05231021
      ]
    ],
    "translation": [
      2.239767,
      0.7255529,
      -0.6479095
    ]
  },
  {
    "timeStamp": 17391,
    "rotation": [
      [
        0.36719197,
        -0.9271145,
        -0.075025335
      ],
      [
        -0.018761117,
        -0.08802556,
        0.9959415
      ],
      [
        -0.929955959,
        -0.364294171,
        -0.0497159846
      ]
    ],
    "translation": [
      2.240026,
      0.725561142,
      -0.6478428
    ]
  },
  {
    "timeStamp": 17435,
    "rotation": [
      [
        0.3640821,
        -0.928038538,
        -0.07866825
      ],
      [
        -0.0106522944,
        -0.08860908,
        0.9960095
      ],
      [
        -0.931305945,
        -0.361791253,
        -0.0421467163
      ]
    ],
    "translation": [
      2.24074578,
      0.7254039,
      -0.6476675
    ]
  }
]