[
  {
    "timeStamp": 35938,
    "rotation": [
      [
        -0.8890235,
        0.457826018,
        -0.00570892869
      ],
      [
        0.457335979,
        0.888531148,
        0.0368271656
      ],
      [
        0.0219329949,
        0.0301293172,
        -0.9993053
      ]
    ],
    "translation": [
      1.308129,
      0.7295145,
      -0.3576249
    ]
  },
  {
    "timeStamp": 35982,
    "rotation": [
      [
        -0.888483465,
        0.458907574,
        -0.00096802396
      ],
      [
        0.458753854,
        0.888236642,
        0.0240944587
      ],
      [
        0.0119169643,
        0.0209634434,
        -0.9997092
      ]
    ],
    "translation": [
      1.30873048,
      0.72937113,
      -0.3571725
    ]
  },
  {
    "timeStamp": 36038,
    "rotation": [
      [
        -0.89375335,
        0.448136449,
        0.01946095
      ],
      [
        0.448489368,
        0.893536866,
        0.0211931728
      ],
      [
        -0.007891644,
        0.0276694987,
        -0.999586
      ]
    ],
    "translation": [
      1.31084287,
      0.7314266,
      -0.359219939
    ]
  },
  {
    "timeStamp": 36082,
    "rotation": [
      [
        -0.884665251,
        0.465986341,
        0.0149702514
      ],
      [
        0.4662067,
        0.8844688,
        0.0191365164
      ],
      [
        -0.004323365,
        0.0239086412,
        -0.9997048
      ]
    ],
    "translation": [
      1.31065714,
      0.741340935,
      -0.361059248
    ]
  },
  {
    "timeStamp": 36138,
    "rotation": [
      [
        -0.8614177,
        0.5078952,
        -0.00141921185
      ],
      [
        0.5078114,
        0.8613203,
        0.0159655623
      ],
      [
        0.009331228,
        0.0130323265,
        -0.999871552
      ]
    ],
    "translation": [
      1.309815,
      0.763247,
      -0.366610736
    ]
  },
  {
    "timeStamp": 36182,
    "rotation": [
      [
        -0.834034443,
        0.5503396,
        -0.03889673
      ],
      [
        0.5487987,
        0.834801435,
        0.04389241
      ],
      [
        0.0566267744,
        0.0152613074,
        -0.998278737
      ]
    ],
    "translation": [
      1.3125459,
      0.785235465,
      -0.376998723
    ]
  },
  {
    "timeStamp": 36238,
    "rotation": [
      [
        -0.813621938,
        0.579940736,
        -0.0410870276
      ],
      [
        0.577891052,
        0.814443648,
        0.0521869138
      ],
      [
        0.0637283847,
        0.0187165886,
        -0.9977917
      ]
    ],
    "translation": [
      1.3241291,
      0.8106508,
      -0.401818037
    ]
  },
  {
    "timeStamp": 36282,
    "rotation": [
      [
        -0.793383837,
        0.605913162,
        -0.05840694
      ],
      [
        0.603053749,
        0.7954332,
        0.060101334
      ],
      [
        0.0828750059,
        0.0124609033,
        -0.9964821
      ]
    ],
    "translation": [
      1.33842766,
      0.8304442,
      -0.4247276
    ]
  },
  {
    "timeStamp": 36338,
    "rotation": [
      [
        -0.7657676,
        0.63761884,
        -0.08391792
      ],
      [
        0.632438838,
        0.7702939,
        0.081660144
      ],
      [
        0.116709515,
        0.009459732,
        -0.993121
      ]
    ],
    "translation": [
      1.3623507,
      0.85529983,
      -0.457327485
    ]
  },
  {
    "timeStamp": 36382,
    "rotation": [
      [
        -0.7466104,
        0.6497443,
        -0.14284724
      ],
      [
        0.6422005,
        0.75996387,
        0.100166686
      ],
      [
        0.173641458,
        -0.0169510841,
        -0.984663069
      ]
    ],
    "translation": [
      1.38846111,
      0.871882141,
      -0.478351653
    ]
  },
  {
    "timeStamp": 36438,
    "rotation": [
      [
        -0.6922907,
        0.6778654,
        -0.24745129
      ],
      [
        0.6619456,
        0.7330798,
        0.156275645
      ],
      [
        0.2873354,
        -0.0556111224,
        -0.9562143
      ]
    ],
    "translation": [
      1.42747116,
      0.8932266,
      -0.5009386
    ]
  },
  {
    "timeStamp": 36482,
    "rotation": [
      [
        -0.6128464,
        0.702754855,
        -0.3613239
      ],
      [
        0.671143,
        0.704274535,
        0.231439918
      ],
      [
        0.417116761,
        -0.1006629,
        -0.903261065
      ]
    ],
    "translation": [
      1.463572,
      0.909719467,
      -0.514861
    ]
  },
  {
    "timeStamp": 36538,
    "rotation": [
      [
        -0.457121044,
        0.738281,
        -0.4959652
      ],
      [
        0.676339746,
        0.6506823,
        0.345220357
      ],
      [
        0.5775854,
        -0.177633479,
        -0.79676944
      ]
    ],
    "translation": [
      1.5128485,
      0.931149364,
      -0.528988659
    ]
  },
  {
    "timeStamp": 36582,
    "rotation": [
      [
        -0.343287051,
        0.6974913,
        -0.629014969
      ],
      [
        0.6645031,
        0.653660536,
        0.362165034
      ],
      [
        0.6637692,
        -0.2936558,
        -0.6878784
      ]
    ],
    "translation": [
      1.56089139,
      0.94243,
      -0.532768667
    ]
  },
  {
    "timeStamp": 36637,
    "rotation": [
      [
        -0.19941242,
        0.5923556,
        -0.7806085
      ],
      [
        0.653196931,
        0.6741676,
        0.344719976
      ],
      [
        0.7304577,
        -0.441149622,
        -0.521362245
      ]
    ],
    "translation": [
      1.62774992,
      0.9532197,
      -0.5384374
    ]
  },
  {
    "timeStamp": 36682,
    "rotation": [
      [
        -0.0846502259,
        0.480472833,
        -0.8729148
      ],
      [
        0.660225153,
        0.683189034,
        0.312018484
      ],
      [
        0.7462822,
        -0.549907863,
        -0.375052333
      ]
    ],
    "translation": [
      1.68662226,
      0.962876737,
      -0.5441748
    ]
  },
  {
    "timeStamp": 36737,
    "rotation": [
      [
        0.06373199,
        0.335174561,
        -0.939998
      ],
      [
        0.660737753,
        0.6917258,
        0.2914464
      ],
      [
        0.747906268,
        -0.6396667,
        -0.177377418
      ]
    ],
    "translation": [
      1.75976217,
      0.9733728,
      -0.55669117
    ]
  },
  {
    "timeStamp": 36782,
    "rotation": [
      [
        0.1897629,
        0.2051837,
        -0.9601509
      ],
      [
        0.6708085,
        0.6869924,
        0.279387563
      ],
      [
        0.716942132,
        -0.6970948,
        -0.00727330428
      ]
    ],
    "translation": [
      1.81936157,
      0.9828889,
      -0.570008159
    ]
  },
  {
    "timeStamp": 36837,
    "rotation": [
      [
        0.345454365,
        0.0487495922,
        -0.937168539
      ],
      [
        0.683266461,
        0.671489,
        0.286791742
      ],
      [
        0.6432793,
        -0.739409268,
        0.198659822
      ]
    ],
    "translation": [
      1.89196694,
      0.9949564,
      -0.592342
    ]
  },
  {
    "timeStamp": 36882,
    "rotation": [
      [
        0.4602676,
        -0.107846409,
        -0.8812054
      ],
      [
        0.691555,
        0.6659705,
        0.279705316
      ],
      [
        0.5566915,
        -0.738141239,
        0.381106347
      ]
    ],
    "translation": [
      1.95107079,
      1.0010097,
      -0.6157087
    ]
  },
  {
    "timeStamp": 36938,
    "rotation": [
      [
        0.5846586,
        -0.254874,
        -0.7702036
      ],
      [
        0.6827449,
        0.667383432,
        0.297420144
      ],
      [
        0.438216418,
        -0.69974184,
        0.5642054
      ]
    ],
    "translation": [
      2.014484,
      1.001875,
      -0.648577
    ]
  },
  {
    "timeStamp": 36982,
    "rotation": [
      [
        0.646154,
        -0.341021985,
        -0.6827803
      ],
      [
        0.6711012,
        0.6799266,
        0.295504719
      ],
      [
        0.3634669,
        -0.6491563,
        0.6681975
      ]
    ],
    "translation": [
      2.05565476,
      0.995081961,
      -0.6765784
    ]
  },
  {
    "timeStamp": 37037,
    "rotation": [
      [
        0.685994864,
        -0.470500022,
        -0.555014253
      ],
      [
        0.6598571,
        0.7237094,
        0.202072755
      ],
      [
        0.306593776,
        -0.5048509,
        0.8069237
      ]
    ],
    "translation": [
      2.09945154,
      0.9821191,
      -0.714161634
    ]
  },
  {
    "timeStamp": 37082,
    "rotation": [
      [
        0.7167633,
        -0.5061364,
        -0.479662657
      ],
      [
        0.639492333,
        0.751372159,
        0.162755713
      ],
      [
        0.278028578,
        -0.4233979,
        0.862226367
      ]
    ],
    "translation": [
      2.12286925,
      0.969832,
      -0.7338239
    ]
  },
  {
    "timeStamp": 37136,
    "rotation": [
      [
        0.7381268,
        -0.5313838,
        -0.4156924
      ],
      [
        0.62041384,
        0.776693,
        0.108787164
      ],
      [
        0.265057653,
        -0.338200063,
        0.902975738
      ]
    ],
    "translation": [
      2.14203763,
      0.9523829,
      -0.7507079
    ]
  },
  {
    "timeStamp": 37188,
    "rotation": [
      [
        0.7599098,
        -0.5625069,
        -0.325765461
      ],
      [
        0.599011064,
        0.8006024,
        0.0148880389
      ],
      [
        0.252433956,
        -0.206450671,
        0.9453334
      ]
    ],
    "translation": [
      2.15691972,
      0.935737669,
      -0.771421969
    ]
  },
  {
    "timeStamp": 37232,
    "rotation": [
      [
        0.783153951,
        -0.5328377,
        -0.3205524
      ],
      [
        0.571974933,
        0.8195166,
        0.03517409
      ],
      [
        0.24395594,
        -0.210894674,
        0.9465775
      ]
    ],
    "translation": [
      2.162702,
      0.920828044,
      -0.773987234
    ]
  },
  {
    "timeStamp": 37288,
    "rotation": [
      [
        0.7960605,
        -0.5207401,
        -0.3084109
      ],
      [
        0.551763535,
        0.8338415,
        0.0162850022
      ],
      [
        0.248685583,
        -0.183133751,
        0.95111376
      ]
    ],
    "translation": [
      2.166362,
      0.9056265,
      -0.7740102
    ]
  },
  {
    "timeStamp": 37332,
    "rotation": [
      [
        0.8167834,
        -0.506430149,
        -0.276393354
      ],
      [
        0.530371964,
        0.8476461,
        0.01420242
      ],
      [
        0.2270912,
        -0.158191577,
        0.960939646
      ]
    ],
    "translation": [
      2.168215,
      0.89296174,
      -0.7770995
    ]
  },
  {
    "timeStamp": 37387,
    "rotation": [
      [
        0.8419377,
        -0.484669626,
        -0.237141877
      ],
      [
        0.5030522,
        0.864021659,
        0.0201295763
      ],
      [
        0.195139512,
        -0.136242583,
        0.9712665
      ]
    ],
    "translation": [
      2.16907525,
      0.878882468,
      -0.778734267
    ]
  },
  {
    "timeStamp": 37432,
    "rotation": [
      [
        0.8599425,
        -0.467789948,
        -0.204135865
      ],
      [
        0.48470518,
        0.8737834,
        0.0395398177
      ],
      [
        0.1598742,
        -0.132947683,
        0.978143752
      ]
    ],
    "translation": [
      2.16829753,
      0.8692034,
      -0.7781727
    ]
  },
  {
    "timeStamp": 37487,
    "rotation": [
      [
        0.864596665,
        -0.470386147,
        -0.176661938
      ],
      [
        0.480788827,
        0.8766335,
        0.0188619085
      ],
      [
        0.145995408,
        -0.101245038,
        0.9840908
      ]
    ],
    "translation": [
      2.16902614,
      0.8615429,
      -0.7803272
    ]
  },
  {
    "timeStamp": 37532,
    "rotation": [
      [
        0.867464364,
        -0.472908437,
        -0.15447697
      ],
      [
        0.480698884,
        0.876752,
        0.0153142819
      ],
      [
        0.128195748,
        -0.0875415,
        0.9878777
      ]
    ],
    "translation": [
      2.169319,
      0.856852233,
      -0.782058954
    ]
  },
  {
    "timeStamp": 37589,
    "rotation": [
      [
        0.86699307,
        -0.480040818,
        -0.133730143
      ],
      [
        0.4852362,
        0.874352932,
        0.00726342155
      ],
      [
        0.11344061,
        -0.07118805,
        0.9909911
      ]
    ],
    "translation": [
      2.17035055,
      0.851790249,
      -0.7857488
    ]
  },
  {
    "timeStamp": 37635,
    "rotation": [
      [
        0.873097062,
        -0.4733638,
        -0.116739675
      ],
      [
        0.476777971,
        0.8790224,
        0.00150806049
      ],
      [
        0.101902932,
        -0.05697559,
        0.9931614
      ]
    ],
    "translation": [
      2.1690383,
      0.8462982,
      -0.7890651
    ]
  },
  {
    "timeStamp": 37680,
    "rotation": [
      [
        0.8720993,
        -0.4746157,
        -0.119091474
      ],
      [
        0.4787056,
        0.87795043,
        0.00663162768
      ],
      [
        0.101408944,
        -0.0627931952,
        0.992861152
      ]
    ],
    "translation": [
      2.169494,
      0.838989,
      -0.79242444
    ]
  },
  {
    "timeStamp": 37736,
    "rotation": [
      [
        0.8647682,
        -0.488083273,
        -0.118113033
      ],
      [
        0.49145183,
        0.8709045,
        -0.0006941147
      ],
      [
        0.10320396,
        -0.0574466176,
        0.9929999
      ]
    ],
    "translation": [
      2.175604,
      0.8422914,
      -0.7884961
    ]
  },
  {
    "timeStamp": 37791,
    "rotation": [
      [
        0.8602022,
        -0.498399228,
        -0.107937075
      ],
      [
        0.5002423,
        0.8658128,
        -0.0112185832
      ],
      [
        0.0990446359,
        -0.04434444,
        0.994094431
      ]
    ],
    "translation": [
      2.17988324,
      0.837370038,
      -0.7942101
    ]
  },
  {
    "timeStamp": 37836,
    "rotation": [
      [
        0.8530331,
        -0.5121067,
        -0.100405656
      ],
      [
        0.5119924,
        0.8585045,
        -0.0288772546
      ],
      [
        0.100986943,
        -0.0267736819,
        0.9945274
      ]
    ],
    "translation": [
      2.18354654,
      0.8336708,
      -0.7988463
    ]
  },
  {
    "timeStamp": 37881,
    "rotation": [
      [
        0.8499576,
        -0.5171861,
        -0.100452125
      ],
      [
        0.516991436,
        0.8554647,
        -0.0300009772
      ],
      [
        0.101449333,
        -0.0264333319,
        0.994489431
      ]
    ],
    "translation": [
      2.18707848,
      0.8290521,
      -0.8025018
    ]
  },
  {
    "timeStamp": 37937,
    "rotation": [
      [
        0.853128433,
        -0.5150381,
        -0.0831123441
      ],
      [
        0.509155035,
        0.8567061,
        -0.08255813
      ],
      [
        0.113723427,
        0.02811562,
        0.9931146
      ]
    ],
    "translation": [
      2.18980861,
      0.823874235,
      -0.8126857
    ]
  },
  {
    "timeStamp": 37981,
    "rotation": [
      [
        0.859124541,
        -0.50642556,
        -0.07374378
      ],
      [
        0.500995934,
        0.861673355,
        -0.0807597339
      ],
      [
        0.104441844,
        0.032437332,
        0.994001865
      ]
    ],
    "translation": [
      2.190714,
      0.819107831,
      -0.8167294
    ]
  },
  {
    "timeStamp": 38037,
    "rotation": [
      [
        0.857408464,
        -0.509513438,
        -0.07243471
      ],
      [
        0.5043574,
        0.8599086,
        -0.0786183
      ],
      [
        0.102344312,
        0.030875016,
        0.9942697
      ]
    ],
    "translation": [
      2.19302845,
      0.815291166,
      -0.8194476
    ]
  },
  {
    "timeStamp": 38082,
    "rotation": [
      [
        0.8564739,
        -0.512108743,
        -0.06478445
      ],
      [
        0.5061981,
        0.8578284,
        -0.0888474
      ],
      [
        0.101073474,
        0.04330171,
        0.9939361
      ]
    ],
    "translation": [
      2.19458246,
      0.8124622,
      -0.8239558
    ]
  },
  {
    "timeStamp": 38137,
    "rotation": [
      [
        0.859942555,
        -0.5054951,
        -0.0705236942
      ],
      [
        0.50119257,
        0.862459064,
        -0.07050119
      ],
      [
        0.09646181,
        0.025281027,
        0.995015562
      ]
    ],
    "translation": [
      2.19546342,
      0.807712853,
      -0.826164246
    ]
  },
  {
    "timeStamp": 38181,
    "rotation": [
      [
        0.861629248,
        -0.5047957,
        -0.0526916571
      ],
      [
        0.500842333,
        0.862475455,
        -0.07275284
      ],
      [
        0.08217058,
        0.03629576,
        0.9959571
      ]
    ],
    "translation": [
      2.19664645,
      0.804513931,
      -0.8301555
    ]
  },
  {
    "timeStamp": 38237,
    "rotation": [
      [
        0.8617906,
        -0.503804743,
        -0.0591419451
      ],
      [
        0.5000448,
        0.863332033,
        -0.06791859
      ],
      [
        0.08527684,
        0.0289579816,
        0.9959364
      ]
    ],
    "translation": [
      2.1975503,
      0.8022389,
      -0.8323003
    ]
  },
  {
    "timeStamp": 38281,
    "rotation": [
      [
        0.862730145,
        -0.502212644,
        -0.0589844137
      ],
      [
        0.4983372,
        0.8642103,
        -0.06928629
      ],
      [
        0.08577139,
        0.0303812381,
        0.9958515
      ]
    ],
    "translation": [
      2.19776964,
      0.799838841,
      -0.833619952
    ]
  },
  {
    "timeStamp": 38337,
    "rotation": [
      [
        0.866238534,
        -0.496224225,
        -0.0582445972
      ],
      [
        0.4924527,
        0.8676617,
        -0.06821653
      ],
      [
        0.0843873,
        0.0304090772,
        0.995968938
      ]
    ],
    "translation": [
      2.197097,
      0.797086954,
      -0.8358599
    ]
  },
  {
    "timeStamp": 38381,
    "rotation": [
      [
        0.866720736,
        -0.495147556,
        -0.0602002554
      ],
      [
        0.4913666,
        0.8683238,
        -0.06762101
      ],
      [
        0.08575569,
        0.0290281363,
        0.99589324
      ]
    ],
    "translation": [
      2.19732571,
      0.794706464,
      -0.837601662
    ]
  },
  {
    "timeStamp": 38437,
    "rotation": [
      [
        0.866677761,
        -0.495707542,
        -0.0560683981
      ],
      [
        0.4915627,
        0.867738962,
        -0.07345163
      ],
      [
        0.0850632638,
        0.03609776,
        0.995721459
      ]
    ],
    "translation": [
      2.19849014,
      0.79204756,
      -0.840028
    ]
  },
  {
    "timeStamp": 38481,
    "rotation": [
      [
        0.8698115,
        -0.491879165,
        -0.03850811
      ],
      [
        0.4892733,
        0.869987249,
        -0.06110555
      ],
      [
        0.06355811,
        0.03430932,
        0.9973882
      ]
    ],
    "translation": [
      2.19844341,
      0.7893263,
      -0.8416239
    ]
  },
  {
    "timeStamp": 38537,
    "rotation": [
      [
        0.8742655,
        -0.4838586,
        -0.039251633
      ],
      [
        0.4819684,
        0.8748206,
        -0.0489430539
      ],
      [
        0.05801965,
        0.0238711778,
        0.998030066
      ]
    ],
    "translation": [
      2.198675,
      0.785762548,
      -0.841950655
    ]
  },
  {
    "timeStamp": 38581,
    "rotation": [
      [
        0.872762,
        -0.486627162,
        -0.0384768732
      ],
      [
        0.4848456,
        0.8733145,
        -0.0473979153
      ],
      [
        0.05666752,
        0.02271176,
        0.998134732
      ]
    ],
    "translation": [
      2.199194,
      0.784630358,
      -0.8420162
    ]
  },
  {
    "timeStamp": 38637,
    "rotation": [
      [
        0.870669842,
        -0.490324259,
        -0.0389381237
      ],
      [
        0.488686651,
        0.871312857,
        -0.04471382
      ],
      [
        0.05585156,
        0.0199024342,
        0.9982407
      ]
    ],
    "translation": [
      2.20085287,
      0.7831645,
      -0.8420543
    ]
  },
  {
    "timeStamp": 38681,
    "rotation": [
      [
        0.870954454,
        -0.489886165,
        -0.0380776152
      ],
      [
        0.488426328,
        0.871605158,
        -0.0417631269
      ],
      [
        0.0536478236,
        0.0177756716,
        0.998401761
      ]
    ],
    "translation": [
      2.20244575,
      0.781577349,
      -0.8422132
    ]
  },
  {
    "timeStamp": 38737,
    "rotation": [
      [
        0.8725006,
        -0.486964762,
        -0.04009976
      ],
      [
        0.486168176,
        0.873406,
        -0.0283272788
      ],
      [
        0.0488177575,
        0.00522034056,
        0.998794
      ]
    ],
    "translation": [
      2.204149,
      0.77910924,
      -0.8425079
    ]
  },
  {
    "timeStamp": 38781,
    "rotation": [
      [
        0.873131752,
        -0.485874534,
        -0.0395831
      ],
      [
        0.4851463,
        0.8740179,
        -0.0269403718
      ],
      [
        0.0476859771,
        0.00431890134,
        0.9988531
      ]
    ],
    "translation": [
      2.205709,
      0.777583957,
      -0.8426494
    ]
  },
  {
    "timeStamp": 38836,
    "rotation": [
      [
        0.8771978,
        -0.478568345,
        -0.03868295
      ],
      [
        0.477655947,
        0.8780093,
        -0.0307309125
      ],
      [
        0.0486708321,
        0.008479947,
        0.9987789
      ]
    ],
    "translation": [
      2.20645833,
      0.776632369,
      -0.842661
    ]
  },
  {
    "timeStamp": 38881,
    "rotation": [
      [
        0.881433964,
        -0.4707396,
        -0.0384500325
      ],
      [
        0.469706982,
        0.8822024,
        -0.0330802351
      ],
      [
        0.04949289,
        0.0110977944,
        0.998712838
      ]
    ],
    "translation": [
      2.20720243,
      0.775602341,
      -0.8426746
    ]
  },
  {
    "timeStamp": 38937,
    "rotation": [
      [
        0.8849449,
        -0.464128941,
        -0.0381687954
      ],
      [
        0.463065177,
        0.885684848,
        -0.0336606652
      ],
      [
        0.04942841,
        0.0121131958,
        0.998704255
      ]
    ],
    "translation": [
      2.20778751,
      0.7747925,
      -0.842668355
    ]
  },
  {
    "timeStamp": 38981,
    "rotation": [
      [
        0.885661066,
        -0.462862253,
        -0.036919944
      ],
      [
        0.4615768,
        0.886267245,
        -0.03843616
      ],
      [
        0.0505115837,
        0.01700002,
        0.9985788
      ]
    ],
    "translation": [
      2.2078898,
      0.774653554,
      -0.8426717
    ]
  },
  {
    "timeStamp": 39036,
    "rotation": [
      [
        0.8864157,
        -0.461541653,
        -0.0353056043
      ],
      [
        0.4600958,
        0.8868663,
        -0.0421906672
      ],
      [
        0.0507841,
        0.0211545117,
        0.998485565
      ]
    ],
    "translation": [
      2.20794916,
      0.7745579,
      -0.842649341
    ]
  },
  {
    "timeStamp": 39081,
    "rotation": [
      [
        0.8915734,
        -0.4514264,
        -0.03620724
      ],
      [
        0.450116217,
        0.892116547,
        -0.0390328355
      ],
      [
        0.0499215275,
        0.018503176,
        0.9985817
      ]
    ],
    "translation": [
      2.20864129,
      0.7735149,
      -0.8426172
    ]
  },
  {
    "timeStamp": 39136,
    "rotation": [
      [
        0.894022346,
        -0.446512043,
        -0.03675614
      ],
      [
        0.4452523,
        0.8946085,
        -0.0377617776
      ],
      [
        0.0497434437,
        0.017394118,
        0.998610556
      ]
    ],
    "translation": [
      2.208985,
      0.772997141,
      -0.8426183
    ]
  },
  {
    "timeStamp": 39181,
    "rotation": [
      [
        0.8983726,
        -0.4376471,
        -0.0373055749
      ],
      [
        0.4365262,
        0.8990244,
        -0.03464027
      ],
      [
        0.04869884,
        0.0148350084,
        0.9987033
      ]
    ],
    "translation": [
      2.2094717,
      0.772136867,
      -0.8425878
    ]
  },
  {
    "timeStamp": 39236,
    "rotation": [
      [
        0.9004099,
        -0.433408231,
        -0.0376739427
      ],
      [
        0.432217419,
        0.9010552,
        -0.0358842164
      ],
      [
        0.0494988151,
        0.0160271712,
        0.9986456
      ]
    ],
    "translation": [
      2.20955181,
      0.771738648,
      -0.842590034
    ]
  },
  {
    "timeStamp": 39281,
    "rotation": [
      [
        0.903952658,
        -0.4258732,
        -0.0387503244
      ],
      [
        0.4247913,
        0.904680848,
        -0.03324034
      ],
      [
        0.0492128432,
        0.0135868946,
        0.9986959
      ]
    ],
    "translation": [
      2.20967245,
      0.770998836,
      -0.842555344
    ]
  },
  {
    "timeStamp": 39336,
    "rotation": [
      [
        0.906350136,
        -0.420819342,
        -0.0379540659
      ],
      [
        0.419672221,
        0.9070113,
        -0.0347238556
      ],
      [
        0.0490372367,
        0.015543703,
        0.998675942
      ]
    ],
    "translation": [
      2.2098434,
      0.7705174,
      -0.842536569
    ]
  },
  {
    "timeStamp": 39381,
    "rotation": [
      [
        0.9127611,
        -0.406231344,
        -0.04293287
      ],
      [
        0.405453861,
        0.9137491,
        -0.0258781388
      ],
      [
        0.0497423857,
        0.00621325849,
        0.9987427
      ]
    ],
    "translation": [
      2.210103,
      0.769042,
      -0.8425075
    ]
  },
  {
    "timeStamp": 39436,
    "rotation": [
      [
        0.914828837,
        -0.401277155,
        -0.0454409271
      ],
      [
        0.400536984,
        0.9159458,
        -0.02476487
      ],
      [
        0.05155901,
        0.0044548423,
        0.998659968
      ]
    ],
    "translation": [
      2.2105546,
      0.7687032,
      -0.842548549
    ]
  },
  {
    "timeStamp": 39481,
    "rotation": [
      [
        0.917653739,
        -0.3950509,
        -0.04296946
      ],
      [
        0.394486874,
        0.9186557,
        -0.0212568641
      ],
      [
        0.0478716828,
        0.00255555124,
        0.9988502
      ]
    ],
    "translation": [
      2.21104121,
      0.768243,
      -0.8425856
    ]
  },
  {
    "timeStamp": 39536,
    "rotation": [
      [
        0.917499661,
        -0.395422667,
        -0.0428415872
      ],
      [
        0.3947988,
        0.918491662,
        -0.0225171689
      ],
      [
        0.04825344,
        0.00374568673,
        0.9988281
      ]
    ],
    "translation": [
      2.21094918,
      0.76819545,
      -0.842583239
    ]
  },
  {
    "timeStamp": 39581,
    "rotation": [
      [
        0.9179293,
        -0.394411832,
        -0.04295463
      ],
      [
        0.393771052,
        0.918924868,
        -0.022834722
      ],
      [
        0.0484783649,
        0.004046369,
        0.998816
      ]
    ],
    "translation": [
      2.211255,
      0.768113256,
      -0.842579067
    ]
  },
  {
    "timeStamp": 39636,
    "rotation": [
      [
        0.9180598,
        -0.3937356,
        -0.04624299
      ],
      [
        0.392989457,
        0.919213057,
        -0.0246320684
      ],
      [
        0.0522056781,
        0.004440706,
        0.9986265
      ]
    ],
    "translation": [
      2.211731,
      0.7680863,
      -0.8425669
    ]
  },
  {
    "timeStamp": 39681,
    "rotation": [
      [
        0.918360233,
        -0.393576533,
        -0.0413770862
      ],
      [
        0.3929618,
        0.9192817,
        -0.0224091727
      ],
      [
        0.0468569249,
        0.00432007853,
        0.9988923
      ]
    ],
    "translation": [
      2.21313334,
      0.7676603,
      -0.8426026
    ]
  },
  {
    "timeStamp": 39736,
    "rotation": [
      [
        0.9166266,
        -0.397686869,
        -0.0405069776
      ],
      [
        0.397214383,
        0.9175195,
        -0.0194584746
      ],
      [
        0.04490432,
        0.001746201,
        0.9989898
      ]
    ],
    "translation": [
      2.21407151,
      0.7674867,
      -0.8425991
    ]
  },
  {
    "timeStamp": 39781,
    "rotation": [
      [
        0.8891478,
        -0.455955327,
        -0.03899877
      ],
      [
        0.4553154,
        0.889993668,
        -0.0244789068
      ],
      [
        0.0458699465,
        0.0040086247,
        0.9989394
      ]
    ],
    "translation": [
      2.22038,
      0.768602848,
      -0.8425699
    ]
  },
  {
    "timeStamp": 39833,
    "rotation": [
      [
        0.877018332,
        -0.4789288,
        -0.0382889733
      ],
      [
        0.478095144,
        0.8778236,
        -0.0291680172
      ],
      [
        0.04758037,
        0.0072751143,
        0.9988409
      ]
    ],
    "translation": [
      2.22369337,
      0.76825726,
      -0.842579067
    ]
  },
  {
    "timeStamp": 39889,
    "rotation": [
      [
        0.8714893,
        -0.489021,
        -0.03694438
      ],
      [
        0.487881631,
        0.8721712,
        -0.0359026827
      ],
      [
        0.0497789867,
        0.0132643208,
        0.9986722
      ]
    ],
    "translation": [
      2.225391,
      0.767374754,
      -0.842433035
    ]
  },
  {
    "timeStamp": 39933,
    "rotation": [
      [
        0.8723623,
        -0.487419963,
        -0.0374914072
      ],
      [
        0.4860952,
        0.8730189,
        -0.0393618
      ],
      [
        0.0519164354,
        0.0161133613,
        0.9985214
      ]
    ],
    "translation": [
      2.22553182,
      0.767193735,
      -0.842296
    ]
  },
  {
    "timeStamp": 39989,
    "rotation": [
      [
        0.8707641,
        -0.4901246,
        -0.0393426679
      ],
      [
        0.488240629,
        0.8713397,
        -0.0488690734
      ],
      [
        0.0582327656,
        0.0233447421,
        0.998030066
      ]
    ],
    "translation": [
      2.22569752,
      0.7669574,
      -0.8419502
    ]
  },
  {
    "timeStamp": 40033,
    "rotation": [
      [
        0.872249961,
        -0.487500519,
        -0.0390282758
      ],
      [
        0.485598773,
        0.872792065,
        -0.049273748
      ],
      [
        0.0580845438,
        0.0240269434,
        0.9980225
      ]
    ],
    "translation": [
      2.22586417,
      0.766713142,
      -0.8419423
    ]
  },
  {
    "timeStamp": 40089,
    "rotation": [
      [
        0.867503047,
        -0.4959651,
        -0.0381713957
      ],
      [
        0.494169235,
        0.868046463,
        -0.0478745736
      ],
      [
        0.0568786636,
        0.0226682089,
        0.9981237
      ]
    ],
    "translation": [
      2.22706223,
      0.7656638,
      -0.8420149
    ]
  },
  {
    "timeStamp": 40133,
    "rotation": [
      [
        0.8640103,
        -0.5020821,
        -0.03741459
      ],
      [
        0.500381231,
        0.864552557,
        -0.04655563
      ],
      [
        0.0557216331,
        0.0215029828,
        0.9982148
      ]
    ],
    "translation": [
      2.22921634,
      0.76413,
      -0.8420627
    ]
  },
  {
    "timeStamp": 40189,
    "rotation": [
      [
        0.8661871,
        -0.498409,
        -0.0361714549
      ],
      [
        0.496896058,
        0.866717339,
        -0.043536406
      ],
      [
        0.0530493632,
        0.0197372213,
        0.9983968
      ]
    ],
    "translation": [
      2.23162317,
      0.762112737,
      -0.8422385
    ]
  },
  {
    "timeStamp": 40235,
    "rotation": [
      [
        0.866198659,
        -0.4983874,
        -0.0361917838
      ],
      [
        0.497083455,
        0.8668023,
        -0.03952012
      ],
      [
        0.0510674529,
        0.016241936,
        0.9985631
      ]
    ],
    "translation": [
      2.23276258,
      0.7613478,
      -0.8423696
    ]
  },
  {
    "timeStamp": 40291,
    "rotation": [
      [
        0.8671336,
        -0.4968026,
        -0.035586644
      ],
      [
        0.4957405,
        0.867773,
        -0.0348046459
      ],
      [
        0.0481721647,
        0.0125385383,
        0.9987603
      ]
    ],
    "translation": [
      2.23437643,
      0.7603708,
      -0.8425359
    ]
  },
  {
    "timeStamp": 40336,
    "rotation": [
      [
        0.868638635,
        -0.494041175,
        -0.03728618
      ],
      [
        0.493100822,
        0.869389,
        -0.0318495221
      ],
      [
        0.04815117,
        0.00927988,
        0.998797
      ]
    ],
    "translation": [
      2.23481441,
      0.759825468,
      -0.8426108
    ]
  },
  {
    "timeStamp": 40381,
    "rotation": [
      [
        0.8708557,
        -0.489955276,
        -0.0394224748
      ],
      [
        0.489164,
        0.8717308,
        -0.0283560287
      ],
      [
        0.04825897,
        0.005409955,
        0.9988202
      ]
    ],
    "translation": [
      2.23535728,
      0.759021044,
      -0.8426652
    ]
  },
  {
    "timeStamp": 40436,
    "rotation": [
      [
        0.8713423,
        -0.489128262,
        -0.03893819
      ],
      [
        0.488164723,
        0.872167349,
        -0.0319260545
      ],
      [
        0.0495765544,
        0.008810271,
        0.9987315
      ]
    ],
    "translation": [
      2.235436,
      0.7588961,
      -0.842685342
    ]
  },
  {
    "timeStamp": 40480,
    "rotation": [
      [
        0.871618152,
        -0.488663733,
        -0.0385945179
      ],
      [
        0.487579554,
        0.8724008,
        -0.0343951322
      ],
      [
        0.050477542,
        0.011161522,
        0.99866277
      ]
    ],
    "translation": [
      2.23548126,
      0.7588255,
      -0.842695534
    ]
  },
  {
    "timeStamp": 40536,
    "rotation": [
      [
        0.8721141,
        -0.487880826,
        -0.0372727774
      ],
      [
        0.486729383,
        0.8728091,
        -0.0360380746
      ],
      [
        0.0501143038,
        0.0132875582,
        0.99865514
      ]
    ],
    "translation": [
      2.23554254,
      0.7588096,
      -0.8426733
    ]
  },
  {
    "timeStamp": 40591,
    "rotation": [
      [
        0.8755722,
        -0.481627524,
        -0.0375246741
      ],
      [
        0.4805757,
        0.8762989,
        -0.03386931
      ],
      [
        0.0491952263,
        0.01162158,
        0.99872154
      ]
    ],
    "translation": [
      2.23609877,
      0.758067667,
      -0.8426583
    ]
  },
  {
    "timeStamp": 40636,
    "rotation": [
      [
        0.877328038,
        -0.4784021,
        -0.0377745368
      ],
      [
        0.4773386,
        0.8780617,
        -0.0339919552
      ],
      [
        0.0494301952,
        0.0117908511,
        0.998708
      ]
    ],
    "translation": [
      2.23641086,
      0.7576482,
      -0.8426706
    ]
  },
  {
    "timeStamp": 40691,
    "rotation": [
      [
        0.880963147,
        -0.471708447,
        -0.0373499878
      ],
      [
        0.470691264,
        0.881679237,
        -0.03303576
      ],
      [
        0.04851396,
        0.011522973,
        0.998756
      ]
    ],
    "translation": [
      2.23669362,
      0.7570666,
      -0.842612743
    ]
  },
  {
    "timeStamp": 40736,
    "rotation": [
      [
        0.883389652,
        -0.467075437,
        -0.0382520221
      ],
      [
        0.4661796,
        0.884172738,
        -0.03025009
      ],
      [
        0.04795047,
        0.008890304,
        0.9988102
      ]
    ],
    "translation": [
      2.23676014,
      0.7566038,
      -0.8425809
    ]
  },
  {
    "timeStamp": 40791,
    "rotation": [
      [
        0.883296132,
        -0.4672076,
        -0.0387938842
      ],
      [
        0.466321737,
        0.884108067,
        -0.0299494918
      ],
      [
        0.0482906178,
        0.008363838,
        0.9987983
      ]
    ],
    "translation": [
      2.236743,
      0.75661236,
      -0.8425839
    ]
  },
  {
    "timeStamp": 40836,
    "rotation": [
      [
        0.8833845,
        -0.4670415,
        -0.03878172
      ],
      [
        0.46614486,
        0.884193838,
        -0.0301702954
      ],
      [
        0.048381336,
        0.008574073,
        0.9987922
      ]
    ],
    "translation": [
      2.23674,
      0.7565914,
      -0.8425699
    ]
  },
  {
    "timeStamp": 40891,
    "rotation": [
      [
        0.883428633,
        -0.4669637,
        -0.0387131646
      ],
      [
        0.4660295,
        0.8842275,
        -0.0309553072
      ],
      [
        0.04868625,
        0.00930533,
        0.9987708
      ]
    ],
    "translation": [
      2.23671842,
      0.75656563,
      -0.842546463
    ]
  },
  {
    "timeStamp": 40936,
    "rotation": [
      [
        0.8830333,
        -0.467621535,
        -0.03977809
      ],
      [
        0.4667788,
        0.883901358,
        -0.02891233
      ],
      [
        0.0486799367,
        0.00696297828,
        0.998790145
      ]
    ],
    "translation": [
      2.23669863,
      0.7565994,
      -0.8425362
    ]
  },
  {
    "timeStamp": 40991,
    "rotation": [
      [
        0.883212864,
        -0.467334419,
        -0.03916196
      ],
      [
        0.466462255,
        0.884045541,
        -0.0296058059
      ],
      [
        0.04845677,
        0.007880652,
        0.998794258
      ]
    ],
    "translation": [
      2.23671031,
      0.756598353,
      -0.842556059
    ]
  },
  {
    "timeStamp": 41036,
    "rotation": [
      [
        0.883645236,
        -0.4666032,
        -0.03811226
      ],
      [
        0.4656221,
        0.8844037,
        -0.0320334062
      ],
      [
        0.0486535132,
        0.0105602564,
        0.998759866
      ]
    ],
    "translation": [
      2.23677135,
      0.756559968,
      -0.8425743
    ]
  },
  {
    "timeStamp": 41091,
    "rotation": [
      [
        0.883764446,
        -0.466401547,
        -0.037815515
      ],
      [
        0.4653841,
        0.8844994,
        -0.03284199
      ],
      [
        0.0487653539,
        0.0114258463,
        0.9987449
      ]
    ],
    "translation": [
      2.236846,
      0.7565501,
      -0.842610955
    ]
  },
  {
    "timeStamp": 41136,
    "rotation": [
      [
        0.8836602,
        -0.466584265,
        -0.0379976258
      ],
      [
        0.4655911,
        0.884410143,
        -0.03230539
      ],
      [
        0.0486786738,
        0.0108556291,
        0.998755455
      ]
    ],
    "translation": [
      2.23681331,
      0.756567061,
      -0.8426007
    ]
  }
]