[
  {
    "timeStamp": 21400,
    "rotation": [
      [
        0.9939051,
        -0.106152356,
        -0.0297361482
      ],
      [
        0.0189999733,
        -0.100753926,
        0.994729936
      ],
      [
        -0.108588956,
        -0.9892322,
        -0.0981229544
      ]
    ],
    "translation": [
      1.76846862,
      0.701372564,
      -0.227741092
    ]
  },
  {
    "timeStamp": 21445,
    "rotation": [
      [
        0.9994404,
        -0.0301595554,
        -0.0144711016
      ],
      [
        0.0116675282,
        -0.0911445841,
        0.9957693
      ],
      [
        -0.03135092,
        -0.995380938,
        -0.090741694
      ]
    ],
    "translation": [
      1.76954913,
      0.7048716,
      -0.226540133
    ]
  },
  {
    "timeStamp": 21500,
    "rotation": [
      [
        0.99912554,
        -0.0273141414,
        -0.0316566154
      ],
      [
        0.0277577452,
        -0.132899135,
        0.9907408
      ],
      [
        -0.03126838,
        -0.9907531,
        -0.13202475
      ]
    ],
    "translation": [
      1.77212107,
      0.7084977,
      -0.222727269
    ]
  },
  {
    "timeStamp": 21544,
    "rotation": [
      [
        0.998171,
        -0.0588754453,
        -0.0137234507
      ],
      [
        0.004439232,
        -0.155010685,
        0.9879028
      ],
      [
        -0.0602904968,
        -0.9861568,
        -0.154465809
      ]
    ],
    "translation": [
      1.7678386,
      0.7201564,
      -0.220395923
    ]
  },
  {
    "timeStamp": 21600,
    "rotation": [
      [
        0.989958167,
        -0.136651367,
        0.0361832641
      ],
      [
        -0.06038292,
        -0.177341178,
        0.9822953
      ],
      [
        -0.127815217,
        -0.974616051,
        -0.183811754
      ]
    ],
    "translation": [
      1.75792074,
      0.7460611,
      -0.221696764
    ]
  },
  {
    "timeStamp": 21650,
    "rotation": [
      [
        0.9776849,
        -0.200841755,
        0.06160222
      ],
      [
        -0.09998967,
        -0.186998531,
        0.9772582
      ],
      [
        -0.184754714,
        -0.9616102,
        -0.202907726
      ]
    ],
    "translation": [
      1.75110662,
      0.7701989,
      -0.232743353
    ]
  },
  {
    "timeStamp": 21698,
    "rotation": [
      [
        0.952657461,
        -0.284776539,
        0.106517769
      ],
      [
        -0.162146479,
        -0.179493,
        0.9703045
      ],
      [
        -0.257200748,
        -0.9416393,
        -0.217170879
      ]
    ],
    "translation": [
      1.74504817,
      0.8042603,
      -0.2618431
    ]
  },
  {
    "timeStamp": 21742,
    "rotation": [
      [
        0.9110478,
        -0.3824,
        0.154149547
      ],
      [
        -0.227169529,
        -0.153558969,
        0.9616723
      ],
      [
        -0.344072461,
        -0.911147535,
        -0.226769209
      ]
    ],
    "translation": [
      1.74286819,
      0.833034039,
      -0.289249271
    ]
  },
  {
    "timeStamp": 21798,
    "rotation": [
      [
        0.860502839,
        -0.4726324,
        0.190140635
      ],
      [
        -0.268765867,
        -0.104102239,
        0.9575634
      ],
      [
        -0.432781428,
        -0.875089347,
        -0.216607749
      ]
    ],
    "translation": [
      1.74856067,
      0.8586935,
      -0.335891575
    ]
  },
  {
    "timeStamp": 21842,
    "rotation": [
      [
        0.8078666,
        -0.5520567,
        0.20636116
      ],
      [
        -0.2776869,
        -0.04770013,
        0.959486663
      ],
      [
        -0.519847631,
        -0.832441032,
        -0.191834256
      ]
    ],
    "translation": [
      1.75824237,
      0.872128963,
      -0.37801528
    ]
  },
  {
    "timeStamp": 21898,
    "rotation": [
      [
        0.726938069,
        -0.641163,
        0.245908618
      ],
      [
        -0.2906198,
        0.037204735,
        0.956115
      ],
      [
        -0.6221745,
        -0.7665024,
        -0.159289122
      ]
    ],
    "translation": [
      1.77348173,
      0.886819243,
      -0.430837572
    ]
  },
  {
    "timeStamp": 21942,
    "rotation": [
      [
        0.6374767,
        -0.7243278,
        0.262626737
      ],
      [
        -0.2796599,
        0.100088887,
        0.95486784
      ],
      [
        -0.717923343,
        -0.682152152,
        -0.1387611
      ]
    ],
    "translation": [
      1.791454,
      0.8935496,
      -0.466616064
    ]
  },
  {
    "timeStamp": 21998,
    "rotation": [
      [
        0.5273882,
        -0.8187873,
        0.226823747
      ],
      [
        -0.2449874,
        0.109078228,
        0.9633707
      ],
      [
        -0.8135372,
        -0.563639343,
        -0.143066
      ]
    ],
    "translation": [
      1.82464123,
      0.895573854,
      -0.503628254
    ]
  },
  {
    "timeStamp": 22043,
    "rotation": [
      [
        0.427379161,
        -0.8781503,
        0.214939773
      ],
      [
        -0.22964254,
        0.124503039,
        0.965278864
      ],
      [
        -0.8744206,
        -0.4618994,
        -0.148450658
      ]
    ],
    "translation": [
      1.84999549,
      0.9015052,
      -0.5291858
    ]
  },
  {
    "timeStamp": 22099,
    "rotation": [
      [
        0.2827876,
        -0.9345979,
        0.215772808
      ],
      [
        -0.2480723,
        0.146038726,
        0.9576705
      ],
      [
        -0.926548,
        -0.3243446,
        -0.19054991
      ]
    ],
    "translation": [
      1.88393807,
      0.9179944,
      -0.5506577
    ]
  },
  {
    "timeStamp": 22144,
    "rotation": [
      [
        0.195846513,
        -0.9626537,
        0.186927721
      ],
      [
        -0.246838421,
        0.136088371,
        0.959453344
      ],
      [
        -0.94906,
        -0.234046564,
        -0.2109675
      ]
    ],
    "translation": [
      1.91419184,
      0.928402066,
      -0.5647837
    ]
  },
  {
    "timeStamp": 22200,
    "rotation": [
      [
        0.110726692,
        -0.988625348,
        0.101781324
      ],
      [
        -0.264437079,
        0.06941293,
        0.9619017
      ],
      [
        -0.9580254,
        -0.133422926,
        -0.253743321
      ]
    ],
    "translation": [
      1.95968,
      0.9395361,
      -0.577416241
    ]
  },
  {
    "timeStamp": 22244,
    "rotation": [
      [
        0.05218712,
        -0.997451961,
        0.0486431532
      ],
      [
        -0.290733784,
        0.0314243659,
        0.9562878
      ],
      [
        -0.9553797,
        -0.06404812,
        -0.288353026
      ]
    ],
    "translation": [
      1.99559414,
      0.9496161,
      -0.584956646
    ]
  },
  {
    "timeStamp": 22300,
    "rotation": [
      [
        0.0159965269,
        -0.998188853,
        -0.0579924248
      ],
      [
        -0.248328432,
        -0.06014879,
        0.96680665
      ],
      [
        -0.968543768,
        -0.00106437784,
        -0.248840839
      ]
    ],
    "translation": [
      2.04060578,
      0.942924,
      -0.6011186
    ]
  },
  {
    "timeStamp": 22346,
    "rotation": [
      [
        0.0132878087,
        -0.9878173,
        -0.155050009
      ],
      [
        -0.213766426,
        -0.1542851,
        0.9646243
      ],
      [
        -0.9767945,
        0.0203267485,
        -0.213212281
      ]
    ],
    "translation": [
      2.07182336,
      0.9345832,
      -0.6145014
    ]
  },
  {
    "timeStamp": 22394,
    "rotation": [
      [
        -0.0165608954,
        -0.968834341,
        -0.24715516
      ],
      [
        -0.1813619,
        -0.240177959,
        0.9536364
      ],
      [
        -0.983276963,
        0.06061761,
        -0.171732083
      ]
    ],
    "translation": [
      2.1065228,
      0.923445642,
      -0.630264
    ]
  },
  {
    "timeStamp": 22450,
    "rotation": [
      [
        -0.0415808931,
        -0.9588145,
        -0.280973
      ],
      [
        -0.124309234,
        -0.274066538,
        0.9536429
      ],
      [
        -0.99137187,
        0.07458083,
        -0.10779357
      ]
    ],
    "translation": [
      2.12974334,
      0.8985624,
      -0.648593247
    ]
  },
  {
    "timeStamp": 22494,
    "rotation": [
      [
        -0.0425477251,
        -0.9537561,
        -0.297555059
      ],
      [
        -0.08255546,
        -0.2934501,
        0.952403069
      ],
      [
        -0.9956778,
        0.0650873855,
        -0.06625214
      ]
    ],
    "translation": [
      2.1417532,
      0.8756607,
      -0.6632088
    ]
  },
  {
    "timeStamp": 22550,
    "rotation": [
      [
        -0.06541591,
        -0.953072965,
        -0.2955886
      ],
      [
        -0.04398649,
        -0.293181,
        0.955044568
      ],
      [
        -0.9968881,
        0.07547701,
        -0.022743633
      ]
    ],
    "translation": [
      2.15449739,
      0.848189354,
      -0.6779657
    ]
  },
  {
    "timeStamp": 22594,
    "rotation": [
      [
        -0.0686100349,
        -0.9539258,
        -0.292092949
      ],
      [
        -0.0176881347,
        -0.2915737,
        0.956384838
      ],
      [
        -0.9974867,
        0.0707841739,
        0.003131712
      ]
    ],
    "translation": [
      2.16103554,
      0.8285659,
      -0.6872078
    ]
  },
  {
    "timeStamp": 22650,
    "rotation": [
      [
        -0.0577796325,
        -0.9529211,
        -0.2976625
      ],
      [
        0.004338468,
        -0.298397481,
        0.954431832
      ],
      [
        -0.9983199,
        0.0538553223,
        0.0213755146
      ]
    ],
    "translation": [
      2.16835332,
      0.8086132,
      -0.6964741
    ]
  },
  {
    "timeStamp": 22694,
    "rotation": [
      [
        -0.06058051,
        -0.957958043,
        -0.280439675
      ],
      [
        0.01684283,
        -0.28189677,
        0.9592969
      ],
      [
        -0.998021245,
        0.0533912927,
        0.0332121737
      ]
    ],
    "translation": [
      2.17209983,
      0.7949382,
      -0.70294714
    ]
  },
  {
    "timeStamp": 22750,
    "rotation": [
      [
        -0.06695911,
        -0.951263,
        -0.301023573
      ],
      [
        0.0254009962,
        -0.3032281,
        0.9525794
      ],
      [
        -0.997432351,
        0.0561375655,
        0.04446691
      ]
    ],
    "translation": [
      2.18331623,
      0.7821356,
      -0.7094367
    ]
  },
  {
    "timeStamp": 22795,
    "rotation": [
      [
        -0.0552394167,
        -0.9557189,
        -0.289050072
      ],
      [
        0.0202423669,
        -0.290504515,
        0.9566595
      ],
      [
        -0.9982679,
        0.0469942577,
        0.0353933163
      ]
    ],
    "translation": [
      2.18706584,
      0.7762383,
      -0.711946368
    ]
  },
  {
    "timeStamp": 22841,
    "rotation": [
      [
        -0.0646136,
        -0.9480382,
        -0.311526239
      ],
      [
        0.0225863066,
        -0.313487977,
        0.949323535
      ],
      [
        -0.997654736,
        0.0543029867,
        0.04166827
      ]
    ],
    "translation": [
      2.197991,
      0.770537853,
      -0.7149403
    ]
  },
  {
    "timeStamp": 22898,
    "rotation": [
      [
        -0.06341474,
        -0.945135236,
        -0.320465267
      ],
      [
        0.02507581,
        -0.3225192,
        0.9462307
      ],
      [
        -0.9976722,
        0.0519690439,
        0.044152502
      ]
    ],
    "translation": [
      2.2055397,
      0.7637449,
      -0.718317866
    ]
  },
  {
    "timeStamp": 22943,
    "rotation": [
      [
        -0.0523131341,
        -0.9439895,
        -0.325802267
      ],
      [
        0.02255118,
        -0.3272825,
        0.9446574
      ],
      [
        -0.998376131,
        0.0420707576,
        0.03840925
      ]
    ],
    "translation": [
      2.20896578,
      0.7592373,
      -0.7194463
    ]
  },
  {
    "timeStamp": 22999,
    "rotation": [
      [
        -0.0425522476,
        -0.9423826,
        -0.3318198
      ],
      [
        0.03095584,
        -0.333204746,
        0.942346156
      ],
      [
        -0.99861455,
        0.0298271812,
        0.043350853
      ]
    ],
    "translation": [
      2.21365857,
      0.75255,
      -0.7224823
    ]
  },
  {
    "timeStamp": 23044,
    "rotation": [
      [
        -0.04080044,
        -0.9482249,
        -0.31496802
      ],
      [
        0.0284838341,
        -0.316206217,
        0.9482628
      ],
      [
        -0.998761237,
        0.0297180489,
        0.0399104357
      ]
    ],
    "translation": [
      2.21554661,
      0.7478403,
      -0.7248371
    ]
  },
  {
    "timeStamp": 23099,
    "rotation": [
      [
        -0.0430487767,
        -0.9516799,
        -0.3040594
      ],
      [
        0.01790023,
        -0.3050274,
        0.9521753
      ],
      [
        -0.998912632,
        0.0355472453,
        0.0301663447
      ]
    ],
    "translation": [
      2.21803713,
      0.7446411,
      -0.7259135
    ]
  },
  {
    "timeStamp": 23144,
    "rotation": [
      [
        -0.04095281,
        -0.9534095,
        -0.298886567
      ],
      [
        0.01050835,
        -0.299531966,
        0.954028368
      ],
      [
        -0.9991058,
        0.0359293334,
        0.0222854353
      ]
    ],
    "translation": [
      2.2197504,
      0.7418605,
      -0.727383852
    ]
  },
  {
    "timeStamp": 23199,
    "rotation": [
      [
        -0.04920991,
        -0.9598919,
        -0.276018143
      ],
      [
        -0.007218774,
        -0.276003927,
        0.9611294
      ],
      [
        -0.9987624,
        0.0492896028,
        0.00665288558
      ]
    ],
    "translation": [
      2.22062469,
      0.7403775,
      -0.7281125
    ]
  },
  {
    "timeStamp": 23244,
    "rotation": [
      [
        -0.0454207,
        -0.9560698,
        -0.289598852
      ],
      [
        -0.008022999,
        -0.289539576,
        0.9571324
      ],
      [
        -0.998935759,
        0.0457970761,
        0.00548054231
      ]
    ],
    "translation": [
      2.22384381,
      0.7377455,
      -0.7299265
    ]
  },
  {
    "timeStamp": 23299,
    "rotation": [
      [
        -0.05500313,
        -0.9643403,
        -0.258886874
      ],
      [
        -0.03943152,
        -0.256979227,
        0.9656122
      ],
      [
        -0.997707248,
        0.06331998,
        -0.023890743
      ]
    ],
    "translation": [
      2.222442,
      0.7389643,
      -0.7276048
    ]
  },
  {
    "timeStamp": 23344,
    "rotation": [
      [
        -0.0534488633,
        -0.9639285,
        -0.260739446
      ],
      [
        -0.0429807268,
        -0.258649945,
        0.965014458
      ],
      [
        -0.9976452,
        0.06278569,
        -0.0276058018
      ]
    ],
    "translation": [
      2.22398138,
      0.7370217,
      -0.728531
    ]
  },
  {
    "timeStamp": 23399,
    "rotation": [
      [
        -0.05789647,
        -0.967171967,
        -0.247439519
      ],
      [
        -0.0530556329,
        -0.244524121,
        0.9681906
      ],
      [
        -0.996911764,
        0.06918288,
        -0.0371568426
      ]
    ],
    "translation": [
      2.22478819,
      0.7349873,
      -0.728382468
    ]
  },
  {
    "timeStamp": 23443,
    "rotation": [
      [
        -0.06003409,
        -0.9725805,
        -0.224684626
      ],
      [
        -0.0600286834,
        -0.2211656,
        0.973387063
      ],
      [
        -0.996389747,
        0.07192392,
        -0.0451052524
      ]
    ],
    "translation": [
      2.22530317,
      0.7326078,
      -0.729069054
    ]
  },
  {
    "timeStamp": 23499,
    "rotation": [
      [
        -0.0524669439,
        -0.976002932,
        -0.211341977
      ],
      [
        -0.05427082,
        -0.208533958,
        0.9765082
      ],
      [
        -0.997146845,
        0.0627041,
        -0.04202734
      ]
    ],
    "translation": [
      2.22566,
      0.7287242,
      -0.7315763
    ]
  },
  {
    "timeStamp": 23544,
    "rotation": [
      [
        -0.0541700423,
        -0.977225244,
        -0.20517391
      ],
      [
        -0.05315582,
        -0.20236209,
        0.977867067
      ],
      [
        -0.99711585,
        0.0638773,
        -0.04098325
      ]
    ],
    "translation": [
      2.227024,
      0.726924837,
      -0.732849956
    ]
  },
  {
    "timeStamp": 23599,
    "rotation": [
      [
        -0.0502938367,
        -0.977210939,
        -0.206226364
      ],
      [
        -0.0560019873,
        -0.203403458,
        0.9774921
      ],
      [
        -0.9971632,
        0.06071092,
        -0.0444958135
      ]
    ],
    "translation": [
      2.22901416,
      0.727204859,
      -0.733942568
    ]
  },
  {
    "timeStamp": 23643,
    "rotation": [
      [
        -0.0521094948,
        -0.9789775,
        -0.1971995
      ],
      [
        -0.0623716339,
        -0.193891779,
        0.9790382
      ],
      [
        -0.9966917,
        0.0633168444,
        -0.0509568229
      ]
    ],
    "translation": [
      2.22985888,
      0.728834152,
      -0.733801663
    ]
  },
  {
    "timeStamp": 23699,
    "rotation": [
      [
        -0.04915548,
        -0.9806041,
        -0.189734831
      ],
      [
        -0.06532154,
        -0.186401516,
        0.9802997
      ],
      [
        -0.996652842,
        0.0605808944,
        -0.0548919179
      ]
    ],
    "translation": [
      2.22958851,
      0.730430067,
      -0.7331021
    ]
  },
  {
    "timeStamp": 23743,
    "rotation": [
      [
        -0.042225942,
        -0.9817458,
        -0.18545121
      ],
      [
        -0.06491989,
        -0.182528421,
        0.981054962
      ],
      [
        -0.996996641,
        0.0534654222,
        -0.0560273938
      ]
    ],
    "translation": [
      2.22894478,
      0.731465757,
      -0.7322727
    ]
  },
  {
    "timeStamp": 23799,
    "rotation": [
      [
        -0.04898191,
        -0.9850508,
        -0.16515401
      ],
      [
        -0.06902841,
        -0.161618516,
        0.984436154
      ],
      [
        -0.996411562,
        0.0596198775,
        -0.0600800961
      ]
    ],
    "translation": [
      2.2278614,
      0.733607233,
      -0.730631
    ]
  },
  {
    "timeStamp": 23843,
    "rotation": [
      [
        -0.047812175,
        -0.9866495,
        -0.155681655
      ],
      [
        -0.07149358,
        -0.152079791,
        0.9857791
      ],
      [
        -0.9962945,
        0.0582624674,
        -0.06326784
      ]
    ],
    "translation": [
      2.22829652,
      0.7350426,
      -0.7288368
    ]
  },
  {
    "timeStamp": 23899,
    "rotation": [
      [
        -0.0466801375,
        -0.988858759,
        -0.141348287
      ],
      [
        -0.06770331,
        -0.138045147,
        0.988109231
      ],
      [
        -0.996612847,
        0.0556948,
        -0.06050504
      ]
    ],
    "translation": [
      2.228869,
      0.735508859,
      -0.727530539
    ]
  },
  {
    "timeStamp": 23943,
    "rotation": [
      [
        -0.0481762439,
        -0.990883648,
        -0.125811636
      ],
      [
        -0.06190252,
        -0.122753844,
        0.9905047
      ],
      [
        -0.9969188,
        0.05550687,
        -0.0554243773
      ]
    ],
    "translation": [
      2.230175,
      0.7357645,
      -0.726630867
    ]
  },
  {
    "timeStamp": 23999,
    "rotation": [
      [
        -0.0454320051,
        -0.9924899,
        -0.113577254
      ],
      [
        -0.0502496548,
        -0.111280248,
        0.9925178
      ],
      [
        -0.997702837,
        0.0507993065,
        -0.0448165834
      ]
    ],
    "translation": [
      2.23240018,
      0.7348246,
      -0.7266696
    ]
  },
  {
    "timeStamp": 24043,
    "rotation": [
      [
        -0.0452543,
        -0.993227541,
        -0.107009955
      ],
      [
        -0.0420941152,
        -0.105128638,
        0.993567348
      ],
      [
        -0.9980883,
        0.04946768,
        -0.03705151
      ]
    ],
    "translation": [
      2.234594,
      0.7343123,
      -0.726405144
    ]
  },
  {
    "timeStamp": 24099,
    "rotation": [
      [
        -0.0410644934,
        -0.9947215,
        -0.09403704
      ],
      [
        -0.032052882,
        -0.09275649,
        0.9951728
      ],
      [
        -0.998642266,
        0.04388041,
        -0.0280746929
      ]
    ],
    "translation": [
      2.23577762,
      0.7332669,
      -0.7267892
    ]
  },
  {
    "timeStamp": 24143,
    "rotation": [
      [
        -0.04322318,
        -0.995564759,
        -0.08356122
      ],
      [
        -0.0302745216,
        -0.08229578,
        0.996148
      ],
      [
        -0.9986066,
        0.04558647,
        -0.0265831612
      ]
    ],
    "translation": [
      2.23674822,
      0.7335384,
      -0.7258934
    ]
  },
  {
    "timeStamp": 24199,
    "rotation": [
      [
        -0.04372162,
        -0.996167,
        -0.07576059
      ],
      [
        -0.0233500972,
        -0.07479345,
        0.996925652
      ],
      [
        -0.998770833,
        0.0453562066,
        -0.0199905075
      ]
    ],
    "translation": [
      2.23793316,
      0.7330405,
      -0.7261897
    ]
  },
  {
    "timeStamp": 24243,
    "rotation": [
      [
        -0.0550174676,
        -0.99579674,
        -0.07322517
      ],
      [
        -0.0274344832,
        -0.07180096,
        0.9970416
      ],
      [
        -0.998108447,
        0.0568636134,
        -0.0233688615
      ]
    ],
    "translation": [
      2.24146247,
      0.7339463,
      -0.724998355
    ]
  },
  {
    "timeStamp": 24299,
    "rotation": [
      [
        -0.06721776,
        -0.9951629,
        -0.07164262
      ],
      [
        -0.0297596,
        -0.06977334,
        0.9971189
      ],
      [
        -0.9972944,
        0.06915614,
        -0.0249256436
      ]
    ],
    "translation": [
      2.24427629,
      0.734836,
      -0.723597169
    ]
  },
  {
    "timeStamp": 24344,
    "rotation": [
      [
        -0.07071685,
        -0.9954623,
        -0.06367091
      ],
      [
        -0.02745581,
        -0.06186404,
        0.9977069
      ],
      [
        -0.9971185,
        0.07230282,
        -0.0229563918
      ]
    ],
    "translation": [
      2.24486423,
      0.7348003,
      -0.7235534
    ]
  },
  {
    "timeStamp": 24396,
    "rotation": [
      [
        -0.0752360746,
        -0.995305359,
        -0.060883116
      ],
      [
        -0.0288328715,
        -0.05885926,
        0.9978498
      ],
      [
        -0.9967488,
        0.07682973,
        -0.0242691729
      ]
    ],
    "translation": [
      2.24601722,
      0.7354282,
      -0.722929239
    ]
  },
  {
    "timeStamp": 24440,
    "rotation": [
      [
        -0.0715840757,
        -0.99574244,
        -0.05807573
      ],
      [
        -0.0233509317,
        -0.0565361343,
        0.99812746
      ],
      [
        -0.9971612,
        0.07280614,
        -0.0192044247
      ]
    ],
    "translation": [
      2.24498558,
      0.7353456,
      -0.7233776
    ]
  },
  {
    "timeStamp": 24496,
    "rotation": [
      [
        -0.0739184245,
        -0.9960777,
        -0.048634138
      ],
      [
        -0.0245449916,
        -0.04693564,
        0.9985963
      ],
      [
        -0.9969622,
        0.0750083849,
        -0.02097931
      ]
    ],
    "translation": [
      2.24439764,
      0.7358854,
      -0.722625852
    ]
  },
  {
    "timeStamp": 24551,
    "rotation": [
      [
        -0.07524265,
        -0.9963335,
        -0.0407196172
      ],
      [
        -0.0220841262,
        -0.0391603559,
        0.998988867
      ],
      [
        -0.9969207,
        0.07606583,
        -0.0190566257
      ]
    ],
    "translation": [
      2.24348426,
      0.7359822,
      -0.722175062
    ]
  },
  {
    "timeStamp": 24596,
    "rotation": [
      [
        -0.07785215,
        -0.9961298,
        -0.04079685
      ],
      [
        -0.0237241127,
        -0.0390584171,
        0.99895525
      ],
      [
        -0.9966826,
        0.0787387,
        -0.0205915142
      ]
    ],
    "translation": [
      2.24423218,
      0.736013949,
      -0.721509
    ]
  },
  {
    "timeStamp": 24652,
    "rotation": [
      [
        -0.0846958458,
        -0.995909154,
        -0.0314877033
      ],
      [
        -0.0272726659,
        -0.0292723589,
        0.999199331
      ],
      [
        -0.9960335,
        0.0854868,
        -0.0246818513
      ]
    ],
    "translation": [
      2.24367,
      0.736719966,
      -0.720810533
    ]
  },
  {
    "timeStamp": 24696,
    "rotation": [
      [
        -0.08666836,
        -0.9957322,
        -0.0317160338
      ],
      [
        -0.02619228,
        -0.02954736,
        0.999220133
      ],
      [
        -0.9958928,
        0.0874315053,
        -0.0235196762
      ]
    ],
    "translation": [
      2.24441552,
      0.736795962,
      -0.720836
    ]
  },
  {
    "timeStamp": 24741,
    "rotation": [
      [
        -0.08505827,
        -0.9958807,
        -0.0314106867
      ],
      [
        -0.025241388,
        -0.0293610878,
        0.9992501
      ],
      [
        -0.9960562,
        0.08578734,
        -0.0226400085
      ]
    ],
    "translation": [
      2.24405265,
      0.7366053,
      -0.720991
    ]
  },
  {
    "timeStamp": 24797,
    "rotation": [
      [
        -0.0847839862,
        -0.995927155,
        -0.0306708124
      ],
      [
        -0.0255363714,
        -0.0285996646,
        0.9992647
      ],
      [
        -0.996072054,
        0.08550485,
        -0.0230075736
      ]
    ],
    "translation": [
      2.24401641,
      0.736433744,
      -0.7204403
    ]
  },
  {
    "timeStamp": 24842,
    "rotation": [
      [
        -0.0825472251,
        -0.996122,
        -0.0304446965
      ],
      [
        -0.0237004329,
        -0.0285781268,
        0.999310553
      ],
      [
        -0.9963053,
        0.08321187,
        -0.0212494787
      ]
    ],
    "translation": [
      2.243643,
      0.7358196,
      -0.720406234
    ]
  },
  {
    "timeStamp": 24898,
    "rotation": [
      [
        -0.08679339,
        -0.9954193,
        -0.040090017
      ],
      [
        -0.0263028964,
        -0.0379381366,
        0.998933852
      ],
      [
        -0.995879,
        0.0877553448,
        -0.0228896327
      ]
    ],
    "translation": [
      2.24568129,
      0.736049,
      -0.720188856
    ]
  },
  {
    "timeStamp": 24943,
    "rotation": [
      [
        -0.08277658,
        -0.9955707,
        -0.0445754826
      ],
      [
        -0.02448934,
        -0.04268339,
        0.9987885
      ],
      [
        -0.9962672,
        0.0837679058,
        -0.0208476838
      ]
    ],
    "translation": [
      2.24626374,
      0.735503,
      -0.720232666
    ]
  }
]