[
  {
    "timeStamp": 54207,
    "rotation": [
      [
        -0.9999261,
        0.0121603468,
        0.000148447
      ],
      [
        0.01216,
        0.999923766,
        -0.00214848132
      ],
      [
        -0.000174561967,
        -0.00214651739,
        -0.9999977
      ]
    ],
    "translation": [
      1.30859447,
      0.734462142,
      -0.749721
    ]
  },
  {
    "timeStamp": 54252,
    "rotation": [
      [
        -0.999890268,
        0.0148121016,
        0.000217347319
      ],
      [
        0.0148130376,
        0.9998765,
        0.00524501
      ],
      [
        -0.000139630865,
        0.005247654,
        -0.999986231
      ]
    ],
    "translation": [
      1.30870092,
      0.735105753,
      -0.7494073
    ]
  },
  {
    "timeStamp": 54307,
    "rotation": [
      [
        -0.9997837,
        0.01850504,
        -0.009490901
      ],
      [
        0.0184916388,
        0.999827862,
        0.00149804691
      ],
      [
        0.009516989,
        0.00132222055,
        -0.9999538
      ]
    ],
    "translation": [
      1.30874264,
      0.735158563,
      -0.748128235
    ]
  },
  {
    "timeStamp": 54352,
    "rotation": [
      [
        -0.9985406,
        0.0421505533,
        -0.03376442
      ],
      [
        0.04236213,
        0.999086738,
        -0.00557538169
      ],
      [
        0.0334985778,
        -0.006997578,
        -0.999414265
      ]
    ],
    "translation": [
      1.30676854,
      0.74528116,
      -0.744450152
    ]
  },
  {
    "timeStamp": 54407,
    "rotation": [
      [
        -0.9935038,
        0.09747684,
        -0.05872373
      ],
      [
        0.09702955,
        0.99522686,
        0.0104275877
      ],
      [
        0.05945988,
        0.0046619107,
        -0.998219848
      ]
    ],
    "translation": [
      1.3040204,
      0.7729348,
      -0.7424272
    ]
  },
  {
    "timeStamp": 54452,
    "rotation": [
      [
        -0.9850661,
        0.14692679,
        -0.0897625759
      ],
      [
        0.144032955,
        0.9888452,
        0.03794314
      ],
      [
        0.09433616,
        0.0244477335,
        -0.9952402
      ]
    ],
    "translation": [
      1.30596232,
      0.7990252,
      -0.7401494
    ]
  },
  {
    "timeStamp": 54507,
    "rotation": [
      [
        -0.973028,
        0.197437137,
        -0.119311228
      ],
      [
        0.189065173,
        0.9788667,
        0.0779384151
      ],
      [
        0.132177725,
        0.0532786623,
        -0.9897932
      ]
    ],
    "translation": [
      1.31615567,
      0.83229804,
      -0.741057456
    ]
  },
  {
    "timeStamp": 54552,
    "rotation": [
      [
        -0.9642498,
        0.226693168,
        -0.137231827
      ],
      [
        0.213773876,
        0.971469462,
        0.102702707
      ],
      [
        0.156598538,
        0.06969448,
        -0.9852003
      ]
    ],
    "translation": [
      1.33103132,
      0.8552171,
      -0.744942367
    ]
  },
  {
    "timeStamp": 54607,
    "rotation": [
      [
        -0.9534858,
        0.249313474,
        -0.169433445
      ],
      [
        0.225853756,
        0.963127136,
        0.146206185
      ],
      [
        0.199637115,
        0.101138338,
        -0.9746364
      ]
    ],
    "translation": [
      1.35492063,
      0.8771286,
      -0.7493426
    ]
  },
  {
    "timeStamp": 54652,
    "rotation": [
      [
        -0.9430889,
        0.261004269,
        -0.206058457
      ],
      [
        0.227244526,
        0.9582244,
        0.1736832
      ],
      [
        0.2427823,
        0.116973035,
        -0.9630026
      ]
    ],
    "translation": [
      1.378028,
      0.8906305,
      -0.7509562
    ]
  },
  {
    "timeStamp": 54707,
    "rotation": [
      [
        -0.9226335,
        0.2750419,
        -0.270368874
      ],
      [
        0.2254536,
        0.9533963,
        0.200514585
      ],
      [
        0.3129186,
        0.124045834,
        -0.9416446
      ]
    ],
    "translation": [
      1.41026556,
      0.9036738,
      -0.7487272
    ]
  },
  {
    "timeStamp": 54752,
    "rotation": [
      [
        -0.8956054,
        0.286169231,
        -0.340585083
      ],
      [
        0.220049292,
        0.9503815,
        0.219893932
      ],
      [
        0.386612654,
        0.121992677,
        -0.9141381
      ]
    ],
    "translation": [
      1.43898892,
      0.912489533,
      -0.7422481
    ]
  },
  {
    "timeStamp": 54807,
    "rotation": [
      [
        -0.844282866,
        0.289869726,
        -0.4507349
      ],
      [
        0.207314685,
        0.952265143,
        0.224079788
      ],
      [
        0.49417308,
        0.09574276,
        -0.8640754
      ]
    ],
    "translation": [
      1.47922719,
      0.9214994,
      -0.728245437
    ]
  },
  {
    "timeStamp": 54852,
    "rotation": [
      [
        -0.793519855,
        0.288404256,
        -0.5358631
      ],
      [
        0.201690733,
        0.95543617,
        0.215551764
      ],
      [
        0.5741491,
        0.0629659742,
        -0.816326
      ]
    ],
    "translation": [
      1.51436758,
      0.9300535,
      -0.71561414
    ]
  },
  {
    "timeStamp": 54907,
    "rotation": [
      [
        -0.7083344,
        0.286097825,
        -0.6452988
      ],
      [
        0.1996585,
        0.958053231,
        0.205597743
      ],
      [
        0.677051663,
        0.01679256,
        -0.7357439
      ]
    ],
    "translation": [
      1.5636785,
      0.9427019,
      -0.696680665
    ]
  },
  {
    "timeStamp": 54951,
    "rotation": [
      [
        -0.6210369,
        0.274726123,
        -0.734056354
      ],
      [
        0.201160684,
        0.96105504,
        0.189493224
      ],
      [
        0.7575273,
        -0.0299810059,
        -0.6521147
      ]
    ],
    "translation": [
      1.61066318,
      0.9546464,
      -0.678878665
    ]
  },
  {
    "timeStamp": 55007,
    "rotation": [
      [
        -0.4851512,
        0.2774547,
        -0.829245
      ],
      [
        0.227995038,
        0.955660641,
        0.186362833
      ],
      [
        0.844184,
        -0.0986495838,
        -0.5268982
      ]
    ],
    "translation": [
      1.67530286,
      0.9762582,
      -0.656595051
    ]
  },
  {
    "timeStamp": 55052,
    "rotation": [
      [
        -0.3753964,
        0.2548578,
        -0.891136944
      ],
      [
        0.255564958,
        0.9526441,
        0.164790183
      ],
      [
        0.8909344,
        -0.165881723,
        -0.422751874
      ]
    ],
    "translation": [
      1.73137474,
      0.994419038,
      -0.639520943
    ]
  },
  {
    "timeStamp": 55107,
    "rotation": [
      [
        -0.270512044,
        0.200466141,
        -0.941613734
      ],
      [
        0.28795895,
        0.9501504,
        0.119557112
      ],
      [
        0.918641865,
        -0.238804474,
        -0.314753115
      ]
    ],
    "translation": [
      1.80022216,
      1.01523483,
      -0.626681
    ]
  },
  {
    "timeStamp": 55152,
    "rotation": [
      [
        -0.194075659,
        0.1432355,
        -0.97047323
      ],
      [
        0.315478534,
        0.9458433,
        0.07651075
      ],
      [
        0.9288746,
        -0.291314572,
        -0.228752866
      ]
    ],
    "translation": [
      1.85630512,
      1.03116548,
      -0.617326736
    ]
  },
  {
    "timeStamp": 55207,
    "rotation": [
      [
        -0.123219185,
        0.07690671,
        -0.989394963
      ],
      [
        0.3505858,
        0.93607837,
        0.0291004255
      ],
      [
        0.928389251,
        -0.343282074,
        -0.142305225
      ]
    ],
    "translation": [
      1.91829789,
      1.04952013,
      -0.6115642
    ]
  },
  {
    "timeStamp": 55252,
    "rotation": [
      [
        -0.07379557,
        0.0365442857,
        -0.996603549
      ],
      [
        0.3700093,
        0.9290041,
        0.00666738953
      ],
      [
        0.926092446,
        -0.368260562,
        -0.0820781142
      ]
    ],
    "translation": [
      1.9635818,
      1.05921876,
      -0.6075987
    ]
  },
  {
    "timeStamp": 55307,
    "rotation": [
      [
        -0.0259120651,
        -0.00316158636,
        -0.9996592
      ],
      [
        0.386505276,
        0.922196448,
        -0.0129351616
      ],
      [
        0.9219231,
        -0.386708736,
        -0.0226740446
      ]
    ],
    "translation": [
      2.01090384,
      1.06443632,
      -0.604234457
    ]
  },
  {
    "timeStamp": 55351,
    "rotation": [
      [
        0.00184903864,
        -0.0280910563,
        -0.9996036
      ],
      [
        0.378784359,
        0.9251391,
        -0.0252977759
      ],
      [
        0.925483048,
        -0.378587455,
        0.0123510715
      ]
    ],
    "translation": [
      2.04382157,
      1.06001246,
      -0.6016794
    ]
  },
  {
    "timeStamp": 55407,
    "rotation": [
      [
        0.0353398547,
        -0.00535412971,
        -0.999361
      ],
      [
        0.372033149,
        0.9281833,
        0.008183213
      ],
      [
        0.927546442,
        -0.372084618,
        0.03479378
      ]
    ],
    "translation": [
      2.07384062,
      1.05065608,
      -0.5977725
    ]
  },
  {
    "timeStamp": 55451,
    "rotation": [
      [
        0.06061707,
        0.03653709,
        -0.9974922
      ],
      [
        0.3618735,
        0.9305392,
        0.056075532
      ],
      [
        0.93025434,
        -0.364365131,
        0.0431847535
      ]
    ],
    "translation": [
      2.089809,
      1.03835475,
      -0.594554961
    ]
  },
  {
    "timeStamp": 55508,
    "rotation": [
      [
        0.0491769351,
        0.0108326105,
        -0.9987313
      ],
      [
        0.3384846,
        0.940588236,
        0.02686875
      ],
      [
        0.939686,
        -0.339376479,
        0.0425885767
      ]
    ],
    "translation": [
      2.10646,
      1.018744,
      -0.5900625
    ]
  },
  {
    "timeStamp": 55557,
    "rotation": [
      [
        0.06627327,
        0.05436066,
        -0.9963196
      ],
      [
        0.326947331,
        0.94220674,
        0.073156096
      ],
      [
        0.942715943,
        -0.330592364,
        0.0446700528
      ]
    ],
    "translation": [
      2.118696,
      1.00280666,
      -0.585782945
    ]
  },
  {
    "timeStamp": 55601,
    "rotation": [
      [
        0.0526555926,
        0.0545525029,
        -0.9971215
      ],
      [
        0.3101053,
        0.948248863,
        0.0682546
      ],
      [
        0.9492429,
        -0.312806666,
        0.03301359
      ]
    ],
    "translation": [
      2.12188983,
      0.9892278,
      -0.582633853
    ]
  },
  {
    "timeStamp": 55657,
    "rotation": [
      [
        0.02664937,
        0.02822217,
        -0.999246359
      ],
      [
        0.297137737,
        0.9541975,
        0.0348743424
      ],
      [
        0.954462647,
        -0.297843158,
        0.0170428939
      ]
    ],
    "translation": [
      2.12637329,
      0.9745897,
      -0.5791563
    ]
  },
  {
    "timeStamp": 55701,
    "rotation": [
      [
        0.04177674,
        0.0479008034,
        -0.9979781
      ],
      [
        0.2855974,
        0.9566008,
        0.0578702874
      ],
      [
        0.9574387,
        -0.2874376,
        0.0262833182
      ]
    ],
    "translation": [
      2.12957215,
      0.9652386,
      -0.5763385
    ]
  },
  {
    "timeStamp": 55757,
    "rotation": [
      [
        0.0171092115,
        0.0251801684,
        -0.999536455
      ],
      [
        0.2632683,
        0.9642927,
        0.0287987143
      ],
      [
        0.9645709,
        -0.263639,
        0.009869147
      ]
    ],
    "translation": [
      2.1307528,
      0.9525209,
      -0.574914932
    ]
  },
  {
    "timeStamp": 55801,
    "rotation": [
      [
        0.02317218,
        0.0201473627,
        -0.999528468
      ],
      [
        0.250945628,
        0.9676699,
        0.0253228936
      ],
      [
        0.9677238,
        -0.2514141,
        0.0173671283
      ]
    ],
    "translation": [
      2.13488674,
      0.944443047,
      -0.574555159
    ]
  },
  {
    "timeStamp": 55857,
    "rotation": [
      [
        0.0256653652,
        0.0058956705,
        -0.999653161
      ],
      [
        0.239483163,
        0.9708279,
        0.0118742222
      ],
      [
        0.9705612,
        -0.239704862,
        0.0235047378
      ]
    ],
    "translation": [
      2.14067316,
      0.936418653,
      -0.5746907
    ]
  },
  {
    "timeStamp": 55902,
    "rotation": [
      [
        0.04025934,
        0.0193689559,
        -0.9990015
      ],
      [
        0.22518523,
        0.9739148,
        0.0279574357
      ],
      [
        0.97348386,
        -0.226085931,
        0.03484756
      ]
    ],
    "translation": [
      2.14504361,
      0.9283988,
      -0.5754084
    ]
  },
  {
    "timeStamp": 55959,
    "rotation": [
      [
        0.0468948223,
        0.0288313273,
        -0.9984837
      ],
      [
        0.2020551,
        0.978646457,
        0.03774825
      ],
      [
        0.9782508,
        -0.203518912,
        0.0400679335
      ]
    ],
    "translation": [
      2.147563,
      0.9162062,
      -0.5762
    ]
  },
  {
    "timeStamp": 56004,
    "rotation": [
      [
        0.0411481559,
        0.0296049789,
        -0.9987144
      ],
      [
        0.186153531,
        0.981832266,
        0.036774274
      ],
      [
        0.981658638,
        -0.1874274,
        0.0348895155
      ]
    ],
    "translation": [
      2.14811,
      0.9056357,
      -0.5773405
    ]
  },
  {
    "timeStamp": 56060,
    "rotation": [
      [
        0.0455285721,
        0.0379690453,
        -0.998241246
      ],
      [
        0.1750332,
        0.9835156,
        0.0453919955
      ],
      [
        0.9835093,
        -0.176791981,
        0.0381322168
      ]
    ],
    "translation": [
      2.14894414,
      0.894479752,
      -0.578518748
    ]
  },
  {
    "timeStamp": 56105,
    "rotation": [
      [
        0.04050119,
        0.03111776,
        -0.9986948
      ],
      [
        0.159162223,
        0.9865515,
        0.03719408
      ],
      [
        0.9864213,
        -0.160460889,
        0.03500374
      ]
    ],
    "translation": [
      2.1499896,
      0.884191334,
      -0.5800706
    ]
  },
  {
    "timeStamp": 56160,
    "rotation": [
      [
        0.05336067,
        0.05471974,
        -0.997074842
      ],
      [
        0.145168185,
        0.9874649,
        0.0619613379
      ],
      [
        0.987967,
        -0.148049846,
        0.044748228
      ]
    ],
    "translation": [
      2.15046048,
      0.8746639,
      -0.581711352
    ]
  },
  {
    "timeStamp": 56205,
    "rotation": [
      [
        0.0512872823,
        0.0517135561,
        -0.9973441
      ],
      [
        0.132047623,
        0.9895392,
        0.0580992624
      ],
      [
        0.9899156,
        -0.134676665,
        0.0439221263
      ]
    ],
    "translation": [
      2.15035725,
      0.86675787,
      -0.5832661
    ]
  },
  {
    "timeStamp": 56260,
    "rotation": [
      [
        0.05661766,
        0.06460215,
        -0.9963036
      ],
      [
        0.123446427,
        0.989794,
        0.07119523
      ],
      [
        0.990734756,
        -0.12702103,
        0.0480649173
      ]
    ],
    "translation": [
      2.14970422,
      0.858004,
      -0.585140646
    ]
  },
  {
    "timeStamp": 56305,
    "rotation": [
      [
        0.05343957,
        0.06375756,
        -0.9965336
      ],
      [
        0.118148334,
        0.990546048,
        0.06971024
      ],
      [
        0.991556942,
        -0.121464066,
        0.0454015024
      ]
    ],
    "translation": [
      2.148967,
      0.8518808,
      -0.5869032
    ]
  },
  {
    "timeStamp": 56361,
    "rotation": [
      [
        0.0556731932,
        0.06700454,
        -0.996198237
      ],
      [
        0.11464484,
        0.9907176,
        0.0730429143
      ],
      [
        0.99184525,
        -0.118275516,
        0.0474746861
      ]
    ],
    "translation": [
      2.147842,
      0.8448191,
      -0.5881984
    ]
  },
  {
    "timeStamp": 56405,
    "rotation": [
      [
        0.05255485,
        0.06225563,
        -0.9966756
      ],
      [
        0.106153712,
        0.992051661,
        0.0675643
      ],
      [
        0.9929599,
        -0.109351642,
        0.04552846
      ]
    ],
    "translation": [
      2.14698482,
      0.8376005,
      -0.589226246
    ]
  },
  {
    "timeStamp": 56451,
    "rotation": [
      [
        0.0462288819,
        0.05227297,
        -0.99756217
      ],
      [
        0.09885515,
        0.9934885,
        0.05664064
      ],
      [
        0.9940274,
        -0.1012326,
        0.04076041
      ]
    ],
    "translation": [
      2.14579582,
      0.830101848,
      -0.5905411
    ]
  },
  {
    "timeStamp": 56506,
    "rotation": [
      [
        0.0492039658,
        0.0520527251,
        -0.9974314
      ],
      [
        0.083817035,
        0.9949032,
        0.05605554
      ],
      [
        0.9952656,
        -0.0863599,
        0.04459028
      ]
    ],
    "translation": [
      2.144921,
      0.820819855,
      -0.592999935
    ]
  },
  {
    "timeStamp": 56551,
    "rotation": [
      [
        0.04953186,
        0.05231842,
        -0.9974013
      ],
      [
        0.07381433,
        0.995704353,
        0.0558950938
      ],
      [
        0.9960412,
        -0.0763911,
        0.0454572365
      ]
    ],
    "translation": [
      2.14403439,
      0.814341664,
      -0.595674753
    ]
  },
  {
    "timeStamp": 56606,
    "rotation": [
      [
        0.05360131,
        0.0522149429,
        -0.9971964
      ],
      [
        0.06801526,
        0.9961218,
        0.055814635
      ],
      [
        0.996243358,
        -0.07081631,
        0.0498420224
      ]
    ],
    "translation": [
      2.14347172,
      0.808427036,
      -0.597665846
    ]
  },
  {
    "timeStamp": 56651,
    "rotation": [
      [
        0.06046695,
        0.0530216,
        -0.996760964
      ],
      [
        0.0603453219,
        0.9965674,
        0.05667206
      ],
      [
        0.996344447,
        -0.06357665,
        0.0570597872
      ]
    ],
    "translation": [
      2.14344335,
      0.8037354,
      -0.599444032
    ]
  },
  {
    "timeStamp": 56706,
    "rotation": [
      [
        0.0650797561,
        0.0508040749,
        -0.996585965
      ],
      [
        0.05290536,
        0.997122943,
        0.05428631
      ],
      [
        0.99647665,
        -0.0562576726,
        0.06220471
      ]
    ],
    "translation": [
      2.14250755,
      0.798155665,
      -0.601128936
    ]
  },
  {
    "timeStamp": 56751,
    "rotation": [
      [
        0.0652189553,
        0.04675546,
        -0.996775
      ],
      [
        0.04428264,
        0.997781932,
        0.0497001074
      ],
      [
        0.9968879,
        -0.0473812222,
        0.06300384
      ]
    ],
    "translation": [
      2.14126658,
      0.793315351,
      -0.603117049
    ]
  },
  {
    "timeStamp": 56806,
    "rotation": [
      [
        0.06584371,
        0.04758025,
        -0.9966949
      ],
      [
        0.03338881,
        0.9981981,
        0.0498577431
      ],
      [
        0.9972712,
        -0.036561273,
        0.0641364157
      ]
    ],
    "translation": [
      2.13924623,
      0.787210941,
      -0.6053904
    ]
  },
  {
    "timeStamp": 56851,
    "rotation": [
      [
        0.06859734,
        0.05100209,
        -0.996339858
      ],
      [
        0.0299755763,
        0.9981361,
        0.0531578362
      ],
      [
        0.997193933,
        -0.03351235,
        0.0669406652
      ]
    ],
    "translation": [
      2.13788366,
      0.7839511,
      -0.6065845
    ]
  },
  {
    "timeStamp": 56906,
    "rotation": [
      [
        0.06977405,
        0.052034907,
        -0.9962048
      ],
      [
        0.0244886577,
        0.998248339,
        0.05385683
      ],
      [
        0.9972622,
        -0.0281535275,
        0.06837756
      ]
    ],
    "translation": [
      2.13643575,
      0.7803986,
      -0.6084711
    ]
  },
  {
    "timeStamp": 56951,
    "rotation": [
      [
        0.07006717,
        0.0561779477,
        -0.995959163
      ],
      [
        0.0164914466,
        0.9982113,
        0.057465177
      ],
      [
        0.997406,
        -0.0204512291,
        0.06901538
      ]
    ],
    "translation": [
      2.134853,
      0.7776502,
      -0.609944761
    ]
  },
  {
    "timeStamp": 57006,
    "rotation": [
      [
        0.07565969,
        0.0610236041,
        -0.995264649
      ],
      [
        0.0155937616,
        0.9979311,
        0.062372528
      ],
      [
        0.9970117,
        -0.0202390049,
        0.0745515749
      ]
    ],
    "translation": [
      2.13416433,
      0.7761899,
      -0.6107201
    ]
  },
  {
    "timeStamp": 57051,
    "rotation": [
      [
        0.07494915,
        0.0610576943,
        -0.9953163
      ],
      [
        0.011164899,
        0.998009741,
        0.06206366
      ],
      [
        0.997124851,
        -0.0157642234,
        0.07411828
      ]
    ],
    "translation": [
      2.13395524,
      0.773701251,
      -0.61149174
    ]
  },
  {
    "timeStamp": 57106,
    "rotation": [
      [
        0.0781084448,
        0.0612174,
        -0.995063543
      ],
      [
        0.00455414457,
        0.998080552,
        0.0617604963
      ],
      [
        0.9969345,
        -0.00935568,
        0.07767974
      ]
    ],
    "translation": [
      2.1342597,
      0.7705317,
      -0.612727463
    ]
  },
  {
    "timeStamp": 57151,
    "rotation": [
      [
        0.08331458,
        0.06466761,
        -0.9944228
      ],
      [
        0.000227972821,
        0.997890949,
        0.0649122447
      ],
      [
        0.996523261,
        -0.00563483825,
        0.08312412
      ]
    ],
    "translation": [
      2.13464832,
      0.768679,
      -0.613423467
    ]
  },
  {
    "timeStamp": 57206,
    "rotation": [
      [
        0.08115384,
        0.06349945,
        -0.994676769
      ],
      [
        -0.00452257,
        0.997981668,
        0.0633414462
      ],
      [
        0.996691346,
        -0.0006419063,
        0.08127722
      ]
    ],
    "translation": [
      2.13412857,
      0.76758343,
      -0.614332259
    ]
  },
  {
    "timeStamp": 57251,
    "rotation": [
      [
        0.08266945,
        0.06445717,
        -0.9944903
      ],
      [
        -0.00686161872,
        0.9979193,
        0.06410903
      ],
      [
        0.996553361,
        0.00152395526,
        0.08293972
      ]
    ],
    "translation": [
      2.13476825,
      0.766902,
      -0.615444243
    ]
  },
  {
    "timeStamp": 57306,
    "rotation": [
      [
        0.0828329,
        0.06426675,
        -0.9944891
      ],
      [
        -0.01059919,
        0.997918844,
        0.06360556
      ],
      [
        0.9965071,
        0.005272146,
        0.08334169
      ]
    ],
    "translation": [
      2.13500786,
      0.7658256,
      -0.6167991
    ]
  },
  {
    "timeStamp": 57351,
    "rotation": [
      [
        0.08684358,
        0.06206434,
        -0.9942868
      ],
      [
        -0.0173470546,
        0.9980004,
        0.06078101
      ],
      [
        0.9960709,
        0.0119695067,
        0.08774656
      ]
    ],
    "translation": [
      2.135783,
      0.7643371,
      -0.616955757
    ]
  },
  {
    "timeStamp": 57406,
    "rotation": [
      [
        0.0920683146,
        0.0579421073,
        -0.994065464
      ],
      [
        -0.0216518622,
        0.998186,
        0.0561769381
      ],
      [
        0.9955172,
        0.0163512528,
        0.09315586
      ]
    ],
    "translation": [
      2.13663554,
      0.762757242,
      -0.617962241
    ]
  },
  {
    "timeStamp": 57451,
    "rotation": [
      [
        0.08855985,
        0.0565825626,
        -0.99446243
      ],
      [
        -0.0259559266,
        0.9981773,
        0.0544824749
      ],
      [
        0.9957326,
        0.020987235,
        0.0898670852
      ]
    ],
    "translation": [
      2.13611341,
      0.7619796,
      -0.6188441
    ]
  },
  {
    "timeStamp": 57506,
    "rotation": [
      [
        0.0846562,
        0.0520291962,
        -0.9950509
      ],
      [
        -0.03137585,
        0.99827975,
        0.0495286547
      ],
      [
        0.9959161,
        0.0270276647,
        0.0861430243
      ]
    ],
    "translation": [
      2.13548279,
      0.7609615,
      -0.6201248
    ]
  },
  {
    "timeStamp": 57562,
    "rotation": [
      [
        0.07985484,
        0.0569234565,
        -0.9951799
      ],
      [
        -0.029219076,
        0.9980728,
        0.0547443442
      ],
      [
        0.9963782,
        0.0247066356,
        0.08136419
      ]
    ],
    "translation": [
      2.13476,
      0.7603665,
      -0.6202656
    ]
  },
  {
    "timeStamp": 57606,
    "rotation": [
      [
        0.08268462,
        0.05375289,
        -0.9951251
      ],
      [
        -0.0258663669,
        0.9983237,
        0.05177644
      ],
      [
        0.99624,
        0.0214591548,
        0.08393641
      ]
    ],
    "translation": [
      2.13529348,
      0.760942,
      -0.619715333
    ]
  },
  {
    "timeStamp": 57651,
    "rotation": [
      [
        0.08369311,
        0.0589695945,
        -0.994745255
      ],
      [
        -0.020027753,
        0.998145461,
        0.05748612
      ],
      [
        0.9962903,
        0.0151113188,
        0.08471892
      ]
    ],
    "translation": [
      2.13562846,
      0.761788368,
      -0.6180939
    ]
  },
  {
    "timeStamp": 57706,
    "rotation": [
      [
        0.07697421,
        0.06596821,
        -0.9948484
      ],
      [
        -0.0064355596,
        0.997820854,
        0.0656673759
      ],
      [
        0.9970123,
        0.00134771061,
        0.07723102
      ]
    ],
    "translation": [
      2.13512969,
      0.7646984,
      -0.615168452
    ]
  },
  {
    "timeStamp": 57761,
    "rotation": [
      [
        0.07060905,
        0.0668026,
        -0.995264649
      ],
      [
        0.00045605,
        0.9977527,
        0.06700195
      ],
      [
        0.997503936,
        -0.005184835,
        0.07041991
      ]
    ],
    "translation": [
      2.13437581,
      0.766861737,
      -0.6109868
    ]
  },
  {
    "timeStamp": 57806,
    "rotation": [
      [
        0.06856773,
        0.06825087,
        -0.9953091
      ],
      [
        0.007929212,
        0.997588336,
        0.06895342
      ],
      [
        0.997615,
        -0.0126199974,
        0.0678612
      ]
    ],
    "translation": [
      2.13405466,
      0.768305659,
      -0.606761038
    ]
  },
  {
    "timeStamp": 57861,
    "rotation": [
      [
        0.059449777,
        0.06318599,
        -0.99622947
      ],
      [
        0.0107619036,
        0.9978961,
        0.06393391
      ],
      [
        0.998173237,
        -0.0145221828,
        0.0586447
      ]
    ],
    "translation": [
      2.13381267,
      0.769009233,
      -0.6007197
    ]
  },
  {
    "timeStamp": 57906,
    "rotation": [
      [
        0.0459252633,
        0.0565673262,
        -0.997342
      ],
      [
        0.0111486362,
        0.998304248,
        0.05713527
      ],
      [
        0.998882651,
        -0.0137429554,
        0.0452167355
      ]
    ],
    "translation": [
      2.133579,
      0.7686799,
      -0.596207559
    ]
  },
  {
    "timeStamp": 57950,
    "rotation": [
      [
        0.03375414,
        0.0437836237,
        -0.998470664
      ],
      [
        0.01142152,
        0.9989578,
        0.044191096
      ],
      [
        0.999365,
        -0.0128956856,
        0.033218883
      ]
    ],
    "translation": [
      2.13515759,
      0.7680899,
      -0.592000246
    ]
  },
  {
    "timeStamp": 58005,
    "rotation": [
      [
        0.0204118639,
        0.0287074558,
        -0.9993794
      ],
      [
        0.00557857053,
        0.9995689,
        0.0288268365
      ],
      [
        0.999776065,
        -0.00616351748,
        0.0202429164
      ]
    ],
    "translation": [
      2.1380713,
      0.7657143,
      -0.5873059
    ]
  },
  {
    "timeStamp": 58061,
    "rotation": [
      [
        0.0138369026,
        0.009007344,
        -0.9998637
      ],
      [
        0.00126856,
        0.999958456,
        0.00902575348
      ],
      [
        0.9999034,
        -0.00139327545,
        0.0138249025
      ]
    ],
    "translation": [
      2.143514,
      0.763897061,
      -0.584427357
    ]
  },
  {
    "timeStamp": 58106,
    "rotation": [
      [
        0.02072659,
        0.00252178265,
        -0.999781966
      ],
      [
        -0.00211745081,
        0.999994636,
        0.00247842213
      ],
      [
        0.9997829,
        0.00206562,
        0.02073182
      ]
    ],
    "translation": [
      2.14901233,
      0.763212144,
      -0.582794547
    ]
  },
  {
    "timeStamp": 58161,
    "rotation": [
      [
        0.0278465711,
        -0.00134487369,
        -0.999611259
      ],
      [
        -0.0007098349,
        0.9999988,
        -0.00136516918
      ],
      [
        0.999612,
        0.0007475743,
        0.0278455839
      ]
    ],
    "translation": [
      2.15513039,
      0.76345,
      -0.5813549
    ]
  },
  {
    "timeStamp": 58205,
    "rotation": [
      [
        0.033002913,
        -0.00581297232,
        -0.9994383
      ],
      [
        -0.003625146,
        0.9999758,
        -0.005935806
      ],
      [
        0.999448657,
        0.003819009,
        0.03298104
      ]
    ],
    "translation": [
      2.15948629,
      0.762833655,
      -0.5810645
    ]
  },
  {
    "timeStamp": 58261,
    "rotation": [
      [
        0.0418559425,
        -0.005838414,
        -0.9991066
      ],
      [
        -0.009844254,
        0.999932,
        -0.00625564624
      ],
      [
        0.9990752,
        0.010097295,
        0.0417956226
      ]
    ],
    "translation": [
      2.16425252,
      0.761185944,
      -0.5820764
    ]
  },
  {
    "timeStamp": 58305,
    "rotation": [
      [
        0.0420799032,
        -0.004028964,
        -0.9991061
      ],
      [
        -0.0135800624,
        0.9998972,
        -0.004604113
      ],
      [
        0.999021947,
        0.0137616647,
        0.04202086
      ]
    ],
    "translation": [
      2.16633368,
      0.7596534,
      -0.582502663
    ]
  },
  {
    "timeStamp": 58361,
    "rotation": [
      [
        0.041578725,
        -0.000215847918,
        -0.999135256
      ],
      [
        -0.0140765421,
        0.999900639,
        -0.0008018045
      ],
      [
        0.999036133,
        0.0140977073,
        0.0415715538
      ]
    ],
    "translation": [
      2.16765141,
      0.7580819,
      -0.583619654
    ]
  },
  {
    "timeStamp": 58405,
    "rotation": [
      [
        0.0411604941,
        0.00599025749,
        -0.9991346
      ],
      [
        -0.0110634826,
        0.999923468,
        0.00553921424
      ],
      [
        0.999091268,
        0.0108259115,
        0.0412236154
      ]
    ],
    "translation": [
      2.16856933,
      0.75783664,
      -0.5837493
    ]
  },
  {
    "timeStamp": 58461,
    "rotation": [
      [
        0.04138268,
        0.00469177449,
        -0.999132335
      ],
      [
        -0.0113811037,
        0.999926269,
        0.004224113
      ],
      [
        0.9990785,
        0.0111964243,
        0.0414330326
      ]
    ],
    "translation": [
      2.169638,
      0.756822,
      -0.58409524
    ]
  },
  {
    "timeStamp": 58505,
    "rotation": [
      [
        0.04023077,
        0.007719665,
        -0.9991605
      ],
      [
        -0.0143098077,
        0.999872,
        0.007148984
      ],
      [
        0.9990879,
        0.0140101863,
        0.0403360873
      ]
    ],
    "translation": [
      2.17009234,
      0.7556906,
      -0.5843078
    ]
  },
  {
    "timeStamp": 58553,
    "rotation": [
      [
        0.0397594944,
        0.00201346166,
        -0.999207258
      ],
      [
        -0.00977911,
        0.9999509,
        0.00162583916
      ],
      [
        0.9991614,
        0.009706715,
        0.03977723
      ]
    ],
    "translation": [
      2.17089677,
      0.7550563,
      -0.5844832
    ]
  },
  {
    "timeStamp": 58603,
    "rotation": [
      [
        0.0377644971,
        0.0028218627,
        -0.999282658
      ],
      [
        -0.004761963,
        0.999985158,
        0.00264388416
      ],
      [
        0.9992753,
        0.0046587023,
        0.03777737
      ]
    ],
    "translation": [
      2.17104816,
      0.7550835,
      -0.5846407
    ]
  },
  {
    "timeStamp": 58658,
    "rotation": [
      [
        0.0399693549,
        0.007048659,
        -0.999176
      ],
      [
        0.0008175503,
        0.999974549,
        0.00708699645
      ],
      [
        0.9992005,
        -0.00110013934,
        0.03996258
      ]
    ],
    "translation": [
      2.17148113,
      0.755257964,
      -0.5847396
    ]
  },
  {
    "timeStamp": 58702,
    "rotation": [
      [
        0.0441431254,
        0.0104490593,
        -0.998970568
      ],
      [
        0.00040563845,
        0.999945045,
        0.0104771759
      ],
      [
        0.999025166,
        -0.000867716153,
        0.04413646
      ]
    ],
    "translation": [
      2.17240667,
      0.755384564,
      -0.5844873
    ]
  },
  {
    "timeStamp": 58758,
    "rotation": [
      [
        0.0365627,
        0.008629247,
        -0.999294043
      ],
      [
        -0.00668765744,
        0.9999424,
        0.008390154
      ],
      [
        0.999309,
        0.00637617,
        0.0366183035
      ]
    ],
    "translation": [
      2.17412758,
      0.755233943,
      -0.5841915
    ]
  },
  {
    "timeStamp": 58802,
    "rotation": [
      [
        0.041954428,
        0.00552342,
        -0.999104261
      ],
      [
        -0.009613065,
        0.9999407,
        0.0051243715
      ],
      [
        0.999073267,
        0.009389464,
        0.042005036
      ]
    ],
    "translation": [
      2.17611837,
      0.7551477,
      -0.583210647
    ]
  },
  {
    "timeStamp": 58858,
    "rotation": [
      [
        0.0413591862,
        0.00653094938,
        -0.999123037
      ],
      [
        -0.011883541,
        0.9999111,
        0.006044176
      ],
      [
        0.9990737,
        0.0116231376,
        0.041433122
      ]
    ],
    "translation": [
      2.17639947,
      0.755164,
      -0.582656443
    ]
  },
  {
    "timeStamp": 58902,
    "rotation": [
      [
        0.0366443545,
        0.004376734,
        -0.9993188
      ],
      [
        -0.010958191,
        0.999932051,
        0.00397759024
      ],
      [
        0.999268353,
        0.01080497,
        0.0366898254
      ]
    ],
    "translation": [
      2.17693329,
      0.755116165,
      -0.582067549
    ]
  },
  {
    "timeStamp": 58959,
    "rotation": [
      [
        0.0299061555,
        0.00363939442,
        -0.999546051
      ],
      [
        -0.00713940524,
        0.9999686,
        0.003427324
      ],
      [
        0.999527156,
        0.0070336666,
        0.0299312
      ]
    ],
    "translation": [
      2.177634,
      0.7551141,
      -0.5819097
    ]
  },
  {
    "timeStamp": 59004,
    "rotation": [
      [
        0.03366358,
        0.003247426,
        -0.999428
      ],
      [
        -0.00528742326,
        0.9999813,
        0.00307112839
      ],
      [
        0.9994192,
        0.005181013,
        0.03368012
      ]
    ],
    "translation": [
      2.17864466,
      0.7551169,
      -0.5818396
    ]
  },
  {
    "timeStamp": 59060,
    "rotation": [
      [
        0.0320840068,
        -0.0009902057,
        -0.999484658
      ],
      [
        0.000700560748,
        0.9999993,
        -0.000968227163
      ],
      [
        0.9994849,
        -0.00066913513,
        0.0320846774
      ]
    ],
    "translation": [
      2.17898536,
      0.754938,
      -0.5817144
    ]
  },
  {
    "timeStamp": 59105,
    "rotation": [
      [
        0.0327068828,
        -0.0008148552,
        -0.999464631
      ],
      [
        0.006360599,
        0.9999796,
        -0.000607128255
      ],
      [
        0.9994447,
        -0.006337336,
        0.0327113941
      ]
    ],
    "translation": [
      2.17988944,
      0.7549753,
      -0.5816793
    ]
  },
  {
    "timeStamp": 59161,
    "rotation": [
      [
        0.032865,
        -0.0103962338,
        -0.9994057
      ],
      [
        0.01071109,
        0.9998921,
        -0.0100490646
      ],
      [
        0.999402344,
        -0.0103744622,
        0.03297281
      ]
    ],
    "translation": [
      2.179846,
      0.7547554,
      -0.5817859
    ]
  },
  {
    "timeStamp": 59205,
    "rotation": [
      [
        0.0286530871,
        -0.0207293015,
        -0.999374449
      ],
      [
        0.00702082831,
        0.999764442,
        -0.0205360968
      ],
      [
        0.999564767,
        -0.006428014,
        0.0287918765
      ]
    ],
    "translation": [
      2.179437,
      0.754473567,
      -0.5817302
    ]
  }
]