[
  {
    "timeStamp": 71838,
    "rotation": [
      [
        0.9830479,
        0.1785841,
        -0.0415278077
      ],
      [
        0.0473361,
        -0.02838524,
        0.9984756
      ],
      [
        0.177133068,
        -0.983515143,
        -0.0363575257
      ]
    ],
    "translation": [
      1.137539,
      0.853409,
      -0.6003249
    ]
  },
  {
    "timeStamp": 71882,
    "rotation": [
      [
        0.9832011,
        0.179029226,
        -0.03555589
      ],
      [
        0.0425754264,
        -0.035519395,
        0.998461664
      ],
      [
        0.17749089,
        -0.9832024,
        -0.0425449535
      ]
    ],
    "translation": [
      1.13747,
      0.854778647,
      -0.600371242
    ]
  },
  {
    "timeStamp": 71938,
    "rotation": [
      [
        0.982168555,
        0.186295941,
        -0.025271602
      ],
      [
        0.0358721055,
        -0.05375144,
        0.9979098
      ],
      [
        0.18454814,
        -0.9810222,
        -0.0594758019
      ]
    ],
    "translation": [
      1.13663,
      0.8564918,
      -0.6007149
    ]
  },
  {
    "timeStamp": 71982,
    "rotation": [
      [
        0.9865803,
        0.162094355,
        -0.0196133088
      ],
      [
        0.0303014386,
        -0.0637307242,
        0.997507
      ],
      [
        0.160440266,
        -0.9847151,
        -0.06778717
      ]
    ],
    "translation": [
      1.13944936,
      0.8575309,
      -0.6001411
    ]
  },
  {
    "timeStamp": 72038,
    "rotation": [
      [
        0.9869174,
        0.158507273,
        -0.0294878744
      ],
      [
        0.0395763144,
        -0.06087105,
        0.9973607
      ],
      [
        0.156293958,
        -0.985479653,
        -0.06634783
      ]
    ],
    "translation": [
      1.1462971,
      0.860291,
      -0.601422131
    ]
  },
  {
    "timeStamp": 72082,
    "rotation": [
      [
        0.990516365,
        0.13714236,
        -0.00832436047
      ],
      [
        0.0174410157,
        -0.0654090047,
        0.9977061
      ],
      [
        0.1362833,
        -0.988389432,
        -0.0671806
      ]
    ],
    "translation": [
      1.15272355,
      0.868940532,
      -0.601251662
    ]
  },
  {
    "timeStamp": 72138,
    "rotation": [
      [
        0.9927734,
        0.117315605,
        0.0252582878
      ],
      [
        -0.0167918727,
        -0.07260359,
        0.9972195
      ],
      [
        0.118823253,
        -0.99043715,
        -0.070108965
      ]
    ],
    "translation": [
      1.16068864,
      0.8860912,
      -0.605658948
    ]
  },
  {
    "timeStamp": 72182,
    "rotation": [
      [
        0.994559646,
        0.0896695256,
        0.05301486
      ],
      [
        -0.0459430479,
        -0.0791706443,
        0.9958018
      ],
      [
        0.0934903,
        -0.992819965,
        -0.07462024
      ]
    ],
    "translation": [
      1.17283285,
      0.9022829,
      -0.6083143
    ]
  },
  {
    "timeStamp": 72238,
    "rotation": [
      [
        0.9947309,
        0.0397727042,
        0.09449131
      ],
      [
        -0.0911916345,
        -0.07789626,
        0.992782056
      ],
      [
        0.04684617,
        -0.9961678,
        -0.07385888
      ]
    ],
    "translation": [
      1.1947639,
      0.924388647,
      -0.612191
    ]
  },
  {
    "timeStamp": 72282,
    "rotation": [
      [
        0.9920738,
        -0.00712275272,
        0.125454977
      ],
      [
        -0.12564823,
        -0.06803947,
        0.989738941
      ],
      [
        0.00148621667,
        -0.9976572,
        -0.06839513
      ]
    ],
    "translation": [
      1.21738362,
      0.9427479,
      -0.615108848
    ]
  },
  {
    "timeStamp": 72338,
    "rotation": [
      [
        0.9848084,
        -0.06229122,
        0.162087411
      ],
      [
        -0.166199654,
        -0.06773331,
        0.9837631
      ],
      [
        -0.05030107,
        -0.995757043,
        -0.07705711
      ]
    ],
    "translation": [
      1.25068748,
      0.9684157,
      -0.619923055
    ]
  },
  {
    "timeStamp": 72382,
    "rotation": [
      [
        0.9743186,
        -0.118517853,
        0.191459626
      ],
      [
        -0.198206738,
        -0.04792394,
        0.978987932
      ],
      [
        -0.106852047,
        -0.991794765,
        -0.07018423
      ]
    ],
    "translation": [
      1.28152645,
      0.9863592,
      -0.6237528
    ]
  },
  {
    "timeStamp": 72438,
    "rotation": [
      [
        0.9634298,
        -0.182476684,
        0.196227551
      ],
      [
        -0.211335152,
        -0.06721476,
        0.9750998
      ],
      [
        -0.164743587,
        -0.98091,
        -0.103320435
      ]
    ],
    "translation": [
      1.32595468,
      1.01003551,
      -0.6245867
    ]
  },
  {
    "timeStamp": 72482,
    "rotation": [
      [
        0.9440105,
        -0.250317127,
        0.214908183
      ],
      [
        -0.235110685,
        -0.0534482263,
        0.970497966
      ],
      [
        -0.231445819,
        -0.966687441,
        -0.109307922
      ]
    ],
    "translation": [
      1.3648746,
      1.02522933,
      -0.625025749
    ]
  },
  {
    "timeStamp": 72538,
    "rotation": [
      [
        0.9183687,
        -0.332200259,
        0.215039134
      ],
      [
        -0.247224659,
        -0.0573283434,
        0.9672608
      ],
      [
        -0.308996439,
        -0.941465,
        -0.134776652
      ]
    ],
    "translation": [
      1.41751444,
      1.04318607,
      -0.6245519
    ]
  },
  {
    "timeStamp": 72582,
    "rotation": [
      [
        0.8918284,
        -0.401182324,
        0.209033117
      ],
      [
        -0.254828632,
        -0.06373872,
        0.964883268
      ],
      [
        -0.3737706,
        -0.913777947,
        -0.159076735
      ]
    ],
    "translation": [
      1.461663,
      1.05498374,
      -0.6241469
    ]
  },
  {
    "timeStamp": 72638,
    "rotation": [
      [
        0.8557071,
        -0.481361121,
        0.189886674
      ],
      [
        -0.253129065,
        -0.06933289,
        0.9649449
      ],
      [
        -0.451321572,
        -0.873776,
        -0.181175128
      ]
    ],
    "translation": [
      1.50944853,
      1.07058823,
      -0.6266227
    ]
  },
  {
    "timeStamp": 72682,
    "rotation": [
      [
        0.815129936,
        -0.550774157,
        0.179474384
      ],
      [
        -0.261726916,
        -0.07376871,
        0.962318659
      ],
      [
        -0.5167807,
        -0.831388,
        -0.2042835
      ]
    ],
    "translation": [
      1.55531967,
      1.07937384,
      -0.6273489
    ]
  },
  {
    "timeStamp": 72738,
    "rotation": [
      [
        0.7679252,
        -0.6207579,
        0.15795736
      ],
      [
        -0.260719121,
        -0.0776674747,
        0.962285459
      ],
      [
        -0.5850782,
        -0.780145764,
        -0.221486256
      ]
    ],
    "translation": [
      1.61011386,
      1.08777368,
      -0.630168557
    ]
  },
  {
    "timeStamp": 72783,
    "rotation": [
      [
        0.732541859,
        -0.6682797,
        0.129555419
      ],
      [
        -0.267071962,
        -0.107088625,
        0.957708
      ],
      [
        -0.6261429,
        -0.7361618,
        -0.2569257
      ]
    ],
    "translation": [
      1.65183425,
      1.09925449,
      -0.632396042
    ]
  },
  {
    "timeStamp": 72838,
    "rotation": [
      [
        0.6851888,
        -0.7167693,
        0.129453033
      ],
      [
        -0.284896523,
        -0.100170381,
        0.953309953
      ],
      [
        -0.6703359,
        -0.690078,
        -0.2728407
      ]
    ],
    "translation": [
      1.69743383,
      1.109048,
      -0.6372176
    ]
  },
  {
    "timeStamp": 72882,
    "rotation": [
      [
        0.656119168,
        -0.7467952,
        0.108649224
      ],
      [
        -0.2969313,
        -0.123111643,
        0.9469294
      ],
      [
        -0.6937863,
        -0.6535599,
        -0.302522779
      ]
    ],
    "translation": [
      1.73335981,
      1.1202836,
      -0.6405485
    ]
  },
  {
    "timeStamp": 72938,
    "rotation": [
      [
        0.624330044,
        -0.772746146,
        0.114347704
      ],
      [
        -0.321311772,
        -0.12061169,
        0.9392612
      ],
      [
        -0.7120188,
        -0.6231502,
        -0.323593944
      ]
    ],
    "translation": [
      1.77478385,
      1.12934732,
      -0.645029247
    ]
  },
  {
    "timeStamp": 72982,
    "rotation": [
      [
        0.6097583,
        -0.786429346,
        0.0986090451
      ],
      [
        -0.3280911,
        -0.137193829,
        0.934630454
      ],
      [
        -0.7214923,
        -0.6022514,
        -0.34167555
      ]
    ],
    "translation": [
      1.80819356,
      1.13524127,
      -0.649079144
    ]
  },
  {
    "timeStamp": 73038,
    "rotation": [
      [
        0.5893759,
        -0.800406754,
        0.109476253
      ],
      [
        -0.351466835,
        -0.132031292,
        0.926843464
      ],
      [
        -0.7273975,
        -0.584736466,
        -0.3591325
      ]
    ],
    "translation": [
      1.84937572,
      1.1391418,
      -0.6545185
    ]
  },
  {
    "timeStamp": 73082,
    "rotation": [
      [
        0.5761265,
        -0.8101526,
        0.108309805
      ],
      [
        -0.355552644,
        -0.129088074,
        0.925698936
      ],
      [
        -0.735975862,
        -0.571829557,
        -0.362422973
      ]
    ],
    "translation": [
      1.8839761,
      1.13915479,
      -0.660097539
    ]
  },
  {
    "timeStamp": 73138,
    "rotation": [
      [
        0.54445523,
        -0.825675,
        0.147747383
      ],
      [
        -0.3752223,
        -0.0822105855,
        0.923282
      ],
      [
        -0.7501845,
        -0.5581238,
        -0.35457164
      ]
    ],
    "translation": [
      1.92489517,
      1.13286114,
      -0.668211937
    ]
  },
  {
    "timeStamp": 73182,
    "rotation": [
      [
        0.542299449,
        -0.828341365,
        0.140577
      ],
      [
        -0.370928,
        -0.08591316,
        0.924679041
      ],
      [
        -0.7538725,
        -0.553596854,
        -0.353845656
      ]
    ],
    "translation": [
      1.95537686,
      1.13016677,
      -0.674036
    ]
  },
  {
    "timeStamp": 73237,
    "rotation": [
      [
        0.5289012,
        -0.8364322,
        0.143682227
      ],
      [
        -0.360993,
        -0.068503,
        0.9300491
      ],
      [
        -0.7680804,
        -0.5437724,
        -0.338177532
      ]
    ],
    "translation": [
      1.99121046,
      1.12222755,
      -0.6823519
    ]
  },
  {
    "timeStamp": 73282,
    "rotation": [
      [
        0.5125254,
        -0.8467664,
        0.142493725
      ],
      [
        -0.3473391,
        -0.0526817329,
        0.9362586
      ],
      [
        -0.785285532,
        -0.5293499,
        -0.3211158
      ]
    ],
    "translation": [
      2.01959229,
      1.11519945,
      -0.6897276
    ]
  },
  {
    "timeStamp": 73337,
    "rotation": [
      [
        0.478508234,
        -0.8655791,
        0.147657216
      ],
      [
        -0.3511958,
        -0.03453457,
        0.935664952
      ],
      [
        -0.804792762,
        -0.499579966,
        -0.320512831
      ]
    ],
    "translation": [
      2.05459738,
      1.112386,
      -0.697181046
    ]
  },
  {
    "timeStamp": 73382,
    "rotation": [
      [
        0.461925566,
        -0.875793159,
        0.1400396
      ],
      [
        -0.348241717,
        -0.03388214,
        0.936792254
      ],
      [
        -0.8156914,
        -0.481495917,
        -0.320638746
      ]
    ],
    "translation": [
      2.08177042,
      1.11176765,
      -0.701556444
    ]
  },
  {
    "timeStamp": 73438,
    "rotation": [
      [
        0.435514539,
        -0.8927849,
        0.115162127
      ],
      [
        -0.339884,
        -0.0446246453,
        0.939408064
      ],
      [
        -0.8335502,
        -0.448267639,
        -0.322878
      ]
    ],
    "translation": [
      2.11649561,
      1.109248,
      -0.704723358
    ]
  },
  {
    "timeStamp": 73482,
    "rotation": [
      [
        0.4328901,
        -0.894914448,
        0.108325087
      ],
      [
        -0.315684557,
        -0.0379400775,
        0.9481054
      ],
      [
        -0.844363332,
        -0.44462198,
        -0.298934549
      ]
    ],
    "translation": [
      2.1404407,
      1.09821188,
      -0.7043934
    ]
  },
  {
    "timeStamp": 73530,
    "rotation": [
      [
        0.434421748,
        -0.899014831,
        0.0552271158
      ],
      [
        -0.283729285,
        -0.07839462,
        0.9556945
      ],
      [
        -0.854854,
        -0.430844039,
        -0.289133161
      ]
    ],
    "translation": [
      2.16704416,
      1.090836,
      -0.703179359
    ]
  },
  {
    "timeStamp": 73582,
    "rotation": [
      [
        0.46165663,
        -0.8855448,
        0.05180354
      ],
      [
        -0.234487772,
        -0.06550554,
        0.969909549
      ],
      [
        -0.85550493,
        -0.459912479,
        -0.2378905
      ]
    ],
    "translation": [
      2.18464,
      1.07075012,
      -0.6961937
    ]
  },
  {
    "timeStamp": 73637,
    "rotation": [
      [
        0.5028747,
        -0.864082456,
        -0.02187439
      ],
      [
        -0.161464289,
        -0.118769646,
        0.9797056
      ],
      [
        -0.8491444,
        -0.4891372,
        -0.199244723
      ]
    ],
    "translation": [
      2.201108,
      1.05202293,
      -0.6890596
    ]
  },
  {
    "timeStamp": 73681,
    "rotation": [
      [
        0.5409825,
        -0.8409846,
        0.009104949
      ],
      [
        -0.120696478,
        -0.0669178143,
        0.9904314
      ],
      [
        -0.83232826,
        -0.536905,
        -0.137705237
      ]
    ],
    "translation": [
      2.20034027,
      1.02868068,
      -0.687976837
    ]
  },
  {
    "timeStamp": 73737,
    "rotation": [
      [
        0.592409,
        -0.8055921,
        0.008540463
      ],
      [
        -0.09036426,
        -0.055909805,
        0.994338155
      ],
      [
        -0.800553441,
        -0.589826643,
        -0.105918206
      ]
    ],
    "translation": [
      2.20193958,
      1.01460886,
      -0.6803966
    ]
  },
  {
    "timeStamp": 73781,
    "rotation": [
      [
        0.629607558,
        -0.7769132,
        -0.000339434628
      ],
      [
        -0.07050676,
        -0.0575734973,
        0.9958484
      ],
      [
        -0.7737074,
        -0.626969755,
        -0.09102634
      ]
    ],
    "translation": [
      2.20156884,
      1.00439632,
      -0.676888
    ]
  },
  {
    "timeStamp": 73837,
    "rotation": [
      [
        0.677351654,
        -0.733424544,
        0.0572988838
      ],
      [
        -0.0550678074,
        0.0271201171,
        0.9981142
      ],
      [
        -0.733595431,
        -0.6792296,
        -0.0220182277
      ]
    ],
    "translation": [
      2.19519544,
      0.981586754,
      -0.6753526
    ]
  },
  {
    "timeStamp": 73881,
    "rotation": [
      [
        0.7053375,
        -0.7088716,
        8.391022E-05
      ],
      [
        -0.0181328785,
        -0.0179241449,
        0.9996749
      ],
      [
        -0.7086397,
        -0.7051098,
        -0.0254964549
      ]
    ],
    "translation": [
      2.200254,
      0.9764702,
      -0.6708577
    ]
  },
  {
    "timeStamp": 73937,
    "rotation": [
      [
        0.7482515,
        -0.663062751,
        0.021621475
      ],
      [
        0.00368760573,
        0.0367476232,
        0.999317765
      ],
      [
        -0.6634049,
        -0.7476613,
        0.02994158
      ]
    ],
    "translation": [
      2.193708,
      0.9604217,
      -0.67008847
    ]
  },
  {
    "timeStamp": 73981,
    "rotation": [
      [
        0.776809156,
        -0.6297291,
        0.00295814173
      ],
      [
        0.02472485,
        0.0351927429,
        0.999074638
      ],
      [
        -0.629250467,
        -0.7760172,
        0.042908
      ]
    ],
    "translation": [
      2.19231343,
      0.9549649,
      -0.665397167
    ]
  },
  {
    "timeStamp": 74037,
    "rotation": [
      [
        0.822204947,
        -0.5689985,
        0.0148249613
      ],
      [
        0.0329958461,
        0.07364862,
        0.996738255
      ],
      [
        -0.5682344,
        -0.819034,
        0.07932885
      ]
    ],
    "translation": [
      2.18105078,
      0.945322931,
      -0.663073063
    ]
  },
  {
    "timeStamp": 74082,
    "rotation": [
      [
        0.8630072,
        -0.503739834,
        -0.0382710546
      ],
      [
        0.07541559,
        0.0535538532,
        0.995713055
      ],
      [
        -0.4995308,
        -0.862193763,
        0.0842072
      ]
    ],
    "translation": [
      2.175959,
      0.940388858,
      -0.6594151
    ]
  },
  {
    "timeStamp": 74137,
    "rotation": [
      [
        0.8895647,
        -0.454067558,
        -0.04997408
      ],
      [
        0.0846563056,
        0.05636232,
        0.9948149
      ],
      [
        -0.4488965,
        -0.8891828,
        0.0885776058
      ]
    ],
    "translation": [
      2.16935515,
      0.9364372,
      -0.654437661
    ]
  },
  {
    "timeStamp": 74181,
    "rotation": [
      [
        0.9056035,
        -0.4203624,
        -0.0563703924
      ],
      [
        0.0851342,
        0.0499634519,
        0.995116
      ],
      [
        -0.4154929,
        -0.905979633,
        0.0810343
      ]
    ],
    "translation": [
      2.16551185,
      0.93613416,
      -0.647808731
    ]
  },
  {
    "timeStamp": 74237,
    "rotation": [
      [
        0.924335063,
        -0.3736428,
        -0.07743193
      ],
      [
        0.0969591662,
        0.0337218,
        0.994716942
      ],
      [
        -0.3690577,
        -0.926959455,
        0.06739834
      ]
    ],
    "translation": [
      2.16129327,
      0.931848943,
      -0.6412807
    ]
  },
  {
    "timeStamp": 74281,
    "rotation": [
      [
        0.9387711,
        -0.3295881,
        -0.10040164
      ],
      [
        0.116819046,
        0.030336868,
        0.9926898
      ],
      [
        -0.32413286,
        -0.9436373,
        0.06698155
      ]
    ],
    "translation": [
      2.15944743,
      0.9257603,
      -0.6395544
    ]
  },
  {
    "timeStamp": 74337,
    "rotation": [
      [
        0.9577689,
        -0.258818418,
        -0.1252668
      ],
      [
        0.1326922,
        0.01134964,
        0.9910923
      ],
      [
        -0.25509122,
        -0.965859354,
        0.0452135131
      ]
    ],
    "translation": [
      2.15136981,
      0.9215545,
      -0.638137937
    ]
  },
  {
    "timeStamp": 74381,
    "rotation": [
      [
        0.976930439,
        -0.181769088,
        -0.1121023
      ],
      [
        0.116185509,
        0.0119388355,
        0.9931558
      ],
      [
        -0.179186642,
        -0.9832688,
        0.0327823423
      ]
    ],
    "translation": [
      2.13864946,
      0.919606566,
      -0.6400459
    ]
  },
  {
    "timeStamp": 74437,
    "rotation": [
      [
        0.9895889,
        -0.126314491,
        -0.06898162
      ],
      [
        0.06725035,
        -0.0179247372,
        0.9975751
      ],
      [
        -0.127244666,
        -0.9918283,
        -0.009243427
      ]
    ],
    "translation": [
      2.12510037,
      0.914060056,
      -0.638639331
    ]
  },
  {
    "timeStamp": 74481,
    "rotation": [
      [
        0.994357765,
        -0.0966428444,
        -0.0437346
      ],
      [
        0.04215623,
        -0.0183148738,
        0.99894315
      ],
      [
        -0.0973417,
        -0.995150566,
        -0.0141374394
      ]
    ],
    "translation": [
      2.12098932,
      0.9094848,
      -0.6384592
    ]
  },
  {
    "timeStamp": 74537,
    "rotation": [
      [
        0.996911168,
        -0.0750639141,
        -0.023097273
      ],
      [
        0.0209025778,
        -0.0298930183,
        0.9993345
      ],
      [
        -0.07570442,
        -0.9967305,
        -0.0282316543
      ]
    ],
    "translation": [
      2.1192956,
      0.9063876,
      -0.636178851
    ]
  },
  {
    "timeStamp": 74581,
    "rotation": [
      [
        0.998511851,
        -0.0539631434,
        -0.007879165
      ],
      [
        0.0062219915,
        -0.0308087971,
        0.999505937
      ],
      [
        -0.05417923,
        -0.998067558,
        -0.0304271914
      ]
    ],
    "translation": [
      2.11679626,
      0.9038209,
      -0.63573277
    ]
  },
  {
    "timeStamp": 74637,
    "rotation": [
      [
        0.999123156,
        0.00242089131,
        -0.0417985357
      ],
      [
        0.0418685041,
        -0.05580384,
        0.997563541
      ],
      [
        8.250195E-05,
        -0.998438835,
        -0.0558562651
      ]
    ],
    "translation": [
      2.11445856,
      0.9027821,
      -0.63304615
    ]
  },
  {
    "timeStamp": 74682,
    "rotation": [
      [
        0.9981498,
        0.0269977488,
        -0.05448066
      ],
      [
        0.0560603328,
        -0.0616927519,
        0.996519566
      ],
      [
        0.0235427227,
        -0.99773,
        -0.06309211
      ]
    ],
    "translation": [
      2.11282754,
      0.8995189,
      -0.6330673
    ]
  },
  {
    "timeStamp": 74737,
    "rotation": [
      [
        0.9968105,
        0.0546754338,
        -0.0581334531
      ],
      [
        0.0620509051,
        -0.07291392,
        0.9954061
      ],
      [
        0.0501855426,
        -0.9958384,
        -0.07607402
      ]
    ],
    "translation": [
      2.11076736,
      0.895466745,
      -0.632709563
    ]
  },
  {
    "timeStamp": 74781,
    "rotation": [
      [
        0.99481833,
        0.0905367658,
        -0.0462555662
      ],
      [
        0.0546041168,
        -0.09201973,
        0.9942589
      ],
      [
        0.08576055,
        -0.99163276,
        -0.09648659
      ]
    ],
    "translation": [
      2.10682964,
      0.893091261,
      -0.6341736
    ]
  },
  {
    "timeStamp": 74838,
    "rotation": [
      [
        0.988130748,
        0.148093387,
        -0.0408156253
      ],
      [
        0.0591961555,
        -0.12191283,
        0.990774
      ],
      [
        0.141751125,
        -0.9814304,
        -0.129232377
      ]
    ],
    "translation": [
      2.100782,
      0.889105,
      -0.636678338
    ]
  },
  {
    "timeStamp": 74881,
    "rotation": [
      [
        0.978726,
        0.204268351,
        -0.0192274787
      ],
      [
        0.0457073,
        -0.1257182,
        0.9910125
      ],
      [
        0.200015247,
        -0.9708086,
        -0.132380247
      ]
    ],
    "translation": [
      2.0960803,
      0.884993136,
      -0.637572169
    ]
  },
  {
    "timeStamp": 74937,
    "rotation": [
      [
        0.984063447,
        0.177369907,
        -0.0126161613
      ],
      [
        0.03426762,
        -0.119542725,
        0.9922375
      ],
      [
        0.174484909,
        -0.976856947,
        -0.123715661
      ]
    ],
    "translation": [
      2.09915161,
      0.8842314,
      -0.637068748
    ]
  },
  {
    "timeStamp": 74981,
    "rotation": [
      [
        0.9933694,
        0.112561956,
        -0.0233912859
      ],
      [
        0.0297508165,
        -0.05515397,
        0.998034537
      ],
      [
        0.1110506,
        -0.9921129,
        -0.0581370741
      ]
    ],
    "translation": [
      2.10655618,
      0.8769774,
      -0.636048257
    ]
  },
  {
    "timeStamp": 75036,
    "rotation": [
      [
        0.992020965,
        0.124398947,
        -0.0204794575
      ],
      [
        0.0287797041,
        -0.06529652,
        0.997450769
      ],
      [
        0.122744568,
        -0.9900814,
        -0.06835568
      ]
    ],
    "translation": [
      2.10554814,
      0.876471,
      -0.635305047
    ]
  },
  {
    "timeStamp": 75081,
    "rotation": [
      [
        0.9672156,
        0.237894,
        -0.08888484
      ],
      [
        0.08637038,
        0.0209935866,
        0.9960419
      ],
      [
        0.238818392,
        -0.97106427,
        -0.000241670772
      ]
    ],
    "translation": [
      2.09341216,
      0.86689043,
      -0.6400267
    ]
  },
  {
    "timeStamp": 75136,
    "rotation": [
      [
        0.9724339,
        0.225210473,
        0.0604355335
      ],
      [
        -0.0445126742,
        -0.0751254559,
        0.9961801
      ],
      [
        0.228890419,
        -0.9714095,
        -0.0630298257
      ]
    ],
    "translation": [
      2.08946371,
      0.8785893,
      -0.6450493
    ]
  },
  {
    "timeStamp": 75181,
    "rotation": [
      [
        0.934522,
        0.214139849,
        0.284275919
      ],
      [
        -0.245595336,
        -0.190085977,
        0.9505526
      ],
      [
        0.2575881,
        -0.958129168,
        -0.125047788
      ]
    ],
    "translation": [
      2.08955145,
      0.883156836,
      -0.649335563
    ]
  },
  {
    "timeStamp": 75236,
    "rotation": [
      [
        0.942335963,
        0.292767972,
        -0.162141144
      ],
      [
        0.1705212,
        -0.00315154786,
        0.98534894
      ],
      [
        0.287967622,
        -0.9561783,
        -0.0528929681
      ]
    ],
    "translation": [
      2.083538,
      0.8685579,
      -0.6558062
    ]
  },
  {
    "timeStamp": 75281,
    "rotation": [
      [
        0.9029144,
        0.316161931,
        0.291182578
      ],
      [
        -0.2711609,
        -0.106631763,
        0.956609368
      ],
      [
        0.333492756,
        -0.942693651,
        -0.0105486056
      ]
    ],
    "translation": [
      2.08667183,
      0.879784763,
      -0.659063458
    ]
  },
  {
    "timeStamp": 75337,
    "rotation": [
      [
        0.9023207,
        0.3488616,
        -0.2532053
      ],
      [
        0.240732163,
        0.07944872,
        0.967334449
      ],
      [
        0.3575827,
        -0.9338005,
        -0.0122939814
      ]
    ],
    "translation": [
      2.08372569,
      0.8581406,
      -0.6623205
    ]
  },
  {
    "timeStamp": 75381,
    "rotation": [
      [
        0.8380743,
        0.4903684,
        0.239103109
      ],
      [
        -0.209152326,
        -0.1159924,
        0.970979452
      ],
      [
        0.503871739,
        -0.8637619,
        0.005351439
      ]
    ],
    "translation": [
      2.07623529,
      0.8777662,
      -0.668244
    ]
  },
  {
    "timeStamp": 75437,
    "rotation": [
      [
        0.7732051,
        0.5696762,
        -0.278608769
      ],
      [
        0.313251078,
        0.03889428,
        0.9488735
      ],
      [
        0.551387,
        -0.820948362,
        -0.148378432
      ]
    ],
    "translation": [
      2.06889319,
      0.8597827,
      -0.672920763
    ]
  },
  {
    "timeStamp": 75481,
    "rotation": [
      [
        0.8094153,
        0.5017318,
        0.305142969
      ],
      [
        -0.2809758,
        -0.125393182,
        0.9514879
      ],
      [
        0.515654564,
        -0.8558866,
        0.03947933
      ]
    ],
    "translation": [
      2.06984544,
      0.8779793,
      -0.6694055
    ]
  },
  {
    "timeStamp": 75537,
    "rotation": [
      [
        0.9594648,
        0.277395457,
        -0.04978991
      ],
      [
        0.0728233457,
        -0.07335456,
        0.994643569
      ],
      [
        0.272257268,
        -0.957951367,
        -0.0905819759
      ]
    ],
    "translation": [
      2.08456182,
      0.875827253,
      -0.6658299
    ]
  }
]