[
  {
    "timeStamp": 46072,
    "rotation": [
      [
        0.999828,
        -0.0106727714,
        -0.01516966
      ],
      [
        0.0151884342,
        0.00168027158,
        0.999883235
      ],
      [
        -0.010646035,
        -0.999941647,
        0.00184208527
      ]
    ],
    "translation": [
      1.46158457,
      0.8535247,
      -0.3599566
    ]
  },
  {
    "timeStamp": 46127,
    "rotation": [
      [
        0.9998104,
        -0.0147001734,
        -0.012773863
      ],
      [
        0.0128715541,
        0.00657028565,
        0.9998956
      ],
      [
        -0.0146147115,
        -0.99987036,
        0.00675825356
      ]
    ],
    "translation": [
      1.46146345,
      0.85368675,
      -0.359929
    ]
  },
  {
    "timeStamp": 46172,
    "rotation": [
      [
        0.9997598,
        -0.0151263047,
        -0.0158593412
      ],
      [
        0.0160161033,
        0.0102993082,
        0.9998187
      ],
      [
        -0.0149602173,
        -0.9998325,
        0.0105391
      ]
    ],
    "translation": [
      1.46143878,
      0.853798747,
      -0.359914243
    ]
  },
  {
    "timeStamp": 46228,
    "rotation": [
      [
        0.9998387,
        -0.0155755272,
        -0.008938331
      ],
      [
        0.009014853,
        0.004849727,
        0.9999476
      ],
      [
        -0.0155313648,
        -0.9998669,
        0.004989356
      ]
    ],
    "translation": [
      1.46146691,
      0.8535693,
      -0.359934658
    ]
  },
  {
    "timeStamp": 46272,
    "rotation": [
      [
        0.9997287,
        -0.0222530141,
        -0.006890176
      ],
      [
        0.006620079,
        -0.0121884905,
        0.9999038
      ],
      [
        -0.0223348588,
        -0.9996781,
        -0.0120378667
      ]
    ],
    "translation": [
      1.461778,
      0.8539413,
      -0.358208239
    ]
  },
  {
    "timeStamp": 46327,
    "rotation": [
      [
        0.999709368,
        -0.02363218,
        -0.00476383744
      ],
      [
        0.00419844827,
        -0.0239167549,
        0.999705136
      ],
      [
        -0.0237391479,
        -0.9994346,
        -0.0238105841
      ]
    ],
    "translation": [
      1.46277082,
      0.857551932,
      -0.358645052
    ]
  },
  {
    "timeStamp": 46372,
    "rotation": [
      [
        0.9994454,
        -0.03237645,
        0.007793875
      ],
      [
        -0.008705318,
        -0.0281065051,
        0.999567032
      ],
      [
        -0.032143373,
        -0.9990805,
        -0.0283727627
      ]
    ],
    "translation": [
      1.46323788,
      0.863462567,
      -0.3591748
    ]
  },
  {
    "timeStamp": 46428,
    "rotation": [
      [
        0.9991149,
        -0.03852645,
        0.01688839
      ],
      [
        -0.0187545661,
        -0.04860324,
        0.9986421
      ],
      [
        -0.0376533121,
        -0.9980749,
        -0.0492827669
      ]
    ],
    "translation": [
      1.4648993,
      0.872012734,
      -0.359840453
    ]
  },
  {
    "timeStamp": 46472,
    "rotation": [
      [
        0.9987369,
        -0.0421685167,
        0.0273179449
      ],
      [
        -0.02993217,
        -0.06266212,
        0.997585833
      ],
      [
        -0.0403549038,
        -0.9971435,
        -0.0638451651
      ]
    ],
    "translation": [
      1.4667908,
      0.879470348,
      -0.360475451
    ]
  },
  {
    "timeStamp": 46528,
    "rotation": [
      [
        0.9983155,
        -0.04535446,
        0.036179658
      ],
      [
        -0.0394434519,
        -0.07326312,
        0.9965324
      ],
      [
        -0.042546574,
        -0.9962808,
        -0.0749286562
      ]
    ],
    "translation": [
      1.46912956,
      0.88773644,
      -0.362763584
    ]
  },
  {
    "timeStamp": 46572,
    "rotation": [
      [
        0.9975377,
        -0.0513716862,
        0.0477442
      ],
      [
        -0.05195563,
        -0.08403648,
        0.9951073
      ],
      [
        -0.0471081026,
        -0.9951376,
        -0.0864986
      ]
    ],
    "translation": [
      1.47066772,
      0.895810246,
      -0.364341468
    ]
  },
  {
    "timeStamp": 46627,
    "rotation": [
      [
        0.9964292,
        -0.05507063,
        0.06400027
      ],
      [
        -0.06926507,
        -0.09970584,
        0.9926032
      ],
      [
        -0.0482820757,
        -0.9934918,
        -0.103164285
      ]
    ],
    "translation": [
      1.47233844,
      0.9080085,
      -0.367993563
    ]
  },
  {
    "timeStamp": 46672,
    "rotation": [
      [
        0.994542,
        -0.06463542,
        0.0819051042
      ],
      [
        -0.08866717,
        -0.109816879,
        0.9899891
      ],
      [
        -0.054993812,
        -0.991848052,
        -0.114948541
      ]
    ],
    "translation": [
      1.47403252,
      0.919392,
      -0.3715992
    ]
  },
  {
    "timeStamp": 46727,
    "rotation": [
      [
        0.992499,
        -0.07031327,
        0.100009389
      ],
      [
        -0.108680345,
        -0.1328288,
        0.9851625
      ],
      [
        -0.0559858866,
        -0.9886418,
        -0.139474124
      ]
    ],
    "translation": [
      1.4760251,
      0.9343624,
      -0.3776212
    ]
  },
  {
    "timeStamp": 46772,
    "rotation": [
      [
        0.9882527,
        -0.0866828859,
        0.125867873
      ],
      [
        -0.137425184,
        -0.143697426,
        0.980033338
      ],
      [
        -0.06686522,
        -0.985817969,
        -0.153921783
      ]
    ],
    "translation": [
      1.47840333,
      0.949617565,
      -0.382563382
    ]
  },
  {
    "timeStamp": 46827,
    "rotation": [
      [
        0.9846013,
        -0.09584485,
        0.1461983
      ],
      [
        -0.160718665,
        -0.167289421,
        0.9727198
      ],
      [
        -0.06877276,
        -0.981238,
        -0.180117443
      ]
    ],
    "translation": [
      1.4839747,
      0.9687632,
      -0.391633153
    ]
  },
  {
    "timeStamp": 46872,
    "rotation": [
      [
        0.9766379,
        -0.12158414,
        0.177188337
      ],
      [
        -0.195958227,
        -0.165472358,
        0.9665502
      ],
      [
        -0.08819738,
        -0.978691041,
        -0.185431987
      ]
    ],
    "translation": [
      1.49015331,
      0.9868291,
      -0.3985056
    ]
  },
  {
    "timeStamp": 46927,
    "rotation": [
      [
        0.968892038,
        -0.152244136,
        0.195115164
      ],
      [
        -0.221637219,
        -0.1829986,
        0.957803965
      ],
      [
        -0.110114224,
        -0.971253455,
        -0.211048856
      ]
    ],
    "translation": [
      1.5027225,
      1.00962925,
      -0.407784849
    ]
  },
  {
    "timeStamp": 46972,
    "rotation": [
      [
        0.954969347,
        -0.193181068,
        0.225198776
      ],
      [
        -0.2599056,
        -0.178547129,
        0.948983669
      ],
      [
        -0.143117085,
        -0.964780748,
        -0.2207159
      ]
    ],
    "translation": [
      1.514518,
      1.03083885,
      -0.416508138
    ]
  },
  {
    "timeStamp": 47027,
    "rotation": [
      [
        0.943514466,
        -0.23679325,
        0.231752843
      ],
      [
        -0.279712945,
        -0.194333419,
        0.940210164
      ],
      [
        -0.177598089,
        -0.9519262,
        -0.249590531
      ]
    ],
    "translation": [
      1.53495383,
      1.05349851,
      -0.428688139
    ]
  },
  {
    "timeStamp": 47072,
    "rotation": [
      [
        0.923793852,
        -0.2935928,
        0.245780766
      ],
      [
        -0.306919575,
        -0.184017435,
        0.9337762
      ],
      [
        -0.228922039,
        -0.938051641,
        -0.260103583
      ]
    ],
    "translation": [
      1.5559634,
      1.07108486,
      -0.438958228
    ]
  },
  {
    "timeStamp": 47127,
    "rotation": [
      [
        0.902479231,
        -0.3637233,
        0.2307304
      ],
      [
        -0.316140026,
        -0.195509955,
        0.9283487
      ],
      [
        -0.292552,
        -0.910758555,
        -0.2914312
      ]
    ],
    "translation": [
      1.587462,
      1.08900344,
      -0.452853322
    ]
  },
  {
    "timeStamp": 47172,
    "rotation": [
      [
        0.8688365,
        -0.434637278,
        0.237093762
      ],
      [
        -0.3390457,
        -0.173348978,
        0.9246611
      ],
      [
        -0.36079222,
        -0.8837649,
        -0.297973841
      ]
    ],
    "translation": [
      1.615679,
      1.10346222,
      -0.467353
    ]
  },
  {
    "timeStamp": 47227,
    "rotation": [
      [
        0.842340052,
        -0.497912,
        0.2062692
      ],
      [
        -0.333804518,
        -0.18151322,
        0.9250014
      ],
      [
        -0.4231287,
        -0.8480193,
        -0.3191011
      ]
    ],
    "translation": [
      1.65047264,
      1.11557984,
      -0.4898137
    ]
  },
  {
    "timeStamp": 47272,
    "rotation": [
      [
        0.818582058,
        -0.5487453,
        0.1697118
      ],
      [
        -0.324746519,
        -0.1984357,
        0.9247502
      ],
      [
        -0.473775417,
        -0.812097251,
        -0.340639025
      ]
    ],
    "translation": [
      1.67993867,
      1.12345564,
      -0.5095629
    ]
  },
  {
    "timeStamp": 47327,
    "rotation": [
      [
        0.7739502,
        -0.617721558,
        0.13936004
      ],
      [
        -0.321645945,
        -0.193906322,
        0.926792443
      ],
      [
        -0.545476854,
        -0.7621158,
        -0.348761469
      ]
    ],
    "translation": [
      1.71645117,
      1.13082421,
      -0.5344752
    ]
  },
  {
    "timeStamp": 47371,
    "rotation": [
      [
        0.7396939,
        -0.665080965,
        0.102568872
      ],
      [
        -0.3106433,
        -0.202259973,
        0.928758144
      ],
      [
        -0.5969538,
        -0.718859,
        -0.3562134
      ]
    ],
    "translation": [
      1.746622,
      1.13446033,
      -0.55558306
    ]
  },
  {
    "timeStamp": 47427,
    "rotation": [
      [
        0.695255935,
        -0.7158204,
        0.06496473
      ],
      [
        -0.300018728,
        -0.206885383,
        0.9312289
      ],
      [
        -0.653152347,
        -0.666933,
        -0.358597815
      ]
    ],
    "translation": [
      1.78064919,
      1.13690615,
      -0.5821841
    ]
  },
  {
    "timeStamp": 47472,
    "rotation": [
      [
        0.6512664,
        -0.75688,
        0.0546332076
      ],
      [
        -0.302839458,
        -0.193217859,
        0.9332498
      ],
      [
        -0.695802,
        -0.6243393,
        -0.355049431
      ]
    ],
    "translation": [
      1.80650711,
      1.139372,
      -0.6025287
    ]
  },
  {
    "timeStamp": 47527,
    "rotation": [
      [
        0.60041517,
        -0.799464047,
        0.0189422127
      ],
      [
        -0.294217616,
        -0.198814377,
        0.9348309
      ],
      [
        -0.7435977,
        -0.5668598,
        -0.354587585
      ]
    ],
    "translation": [
      1.84057152,
      1.14035845,
      -0.6249211
    ]
  },
  {
    "timeStamp": 47571,
    "rotation": [
      [
        0.552708,
        -0.8332295,
        0.0155729493
      ],
      [
        -0.303216,
        -0.1836569,
        0.935056269
      ],
      [
        -0.7762564,
        -0.5215351,
        -0.35415715
      ]
    ],
    "translation": [
      1.86742342,
      1.14193571,
      -0.6395164
    ]
  },
  {
    "timeStamp": 47627,
    "rotation": [
      [
        0.5039761,
        -0.8636001,
        -0.0142459953
      ],
      [
        -0.3009819,
        -0.191057935,
        0.93429476
      ],
      [
        -0.809578836,
        -0.46657446,
        -0.356216639
      ]
    ],
    "translation": [
      1.903466,
      1.14318335,
      -0.653924167
    ]
  },
  {
    "timeStamp": 47672,
    "rotation": [
      [
        0.454761147,
        -0.8905844,
        -0.0071908203
      ],
      [
        -0.3190188,
        -0.170428932,
        0.9322988
      ],
      [
        -0.831516266,
        -0.421679258,
        -0.361617625
      ]
    ],
    "translation": [
      1.932086,
      1.1462872,
      -0.662447333
    ]
  },
  {
    "timeStamp": 47727,
    "rotation": [
      [
        0.4224286,
        -0.9053524,
        -0.0434867665
      ],
      [
        -0.314910948,
        -0.191585049,
        0.9295839
      ],
      [
        -0.849932432,
        -0.378988355,
        -0.366036415
      ]
    ],
    "translation": [
      1.968869,
      1.148691,
      -0.6708215
    ]
  },
  {
    "timeStamp": 47771,
    "rotation": [
      [
        0.39434287,
        -0.917644858,
        -0.0492086746
      ],
      [
        -0.319963276,
        -0.187302142,
        0.9287311
      ],
      [
        -0.861462235,
        -0.35049352,
        -0.36747393
      ]
    ],
    "translation": [
      1.99750841,
      1.15172422,
      -0.6763185
    ]
  },
  {
    "timeStamp": 47827,
    "rotation": [
      [
        0.3718225,
        -0.926219,
        -0.0621805526
      ],
      [
        -0.320445836,
        -0.1909286,
        0.9278258
      ],
      [
        -0.8712419,
        -0.325061023,
        -0.367794544
      ]
    ],
    "translation": [
      2.03192163,
      1.15412259,
      -0.681365132
    ]
  },
  {
    "timeStamp": 47871,
    "rotation": [
      [
        0.373333782,
        -0.925143242,
        -0.06878862
      ],
      [
        -0.312606782,
        -0.195269451,
        0.929595
      ],
      [
        -0.873440862,
        -0.32554543,
        -0.36210674
      ]
    ],
    "translation": [
      2.05539846,
      1.15337038,
      -0.6844173
    ]
  },
  {
    "timeStamp": 47927,
    "rotation": [
      [
        0.3700455,
        -0.9263927,
        -0.06973403
      ],
      [
        -0.3033787,
        -0.19144842,
        0.933439255
      ],
      [
        -0.878081739,
        -0.3242592,
        -0.351892442
      ]
    ],
    "translation": [
      2.08450317,
      1.15023112,
      -0.687247157
    ]
  },
  {
    "timeStamp": 47971,
    "rotation": [
      [
        0.380872816,
        -0.9229789,
        -0.0551893227
      ],
      [
        -0.295096576,
        -0.177906245,
        0.938758433
      ],
      [
        -0.876272738,
        -0.3412614,
        -0.340127558
      ]
    ],
    "translation": [
      2.10142446,
      1.14408636,
      -0.688551
    ]
  },
  {
    "timeStamp": 48027,
    "rotation": [
      [
        0.401745558,
        -0.9149597,
        -0.03806857
      ],
      [
        -0.2754557,
        -0.160385236,
        0.947840035
      ],
      [
        -0.8733411,
        -0.370304346,
        -0.316464961
      ]
    ],
    "translation": [
      2.1213007,
      1.13302374,
      -0.6906452
    ]
  },
  {
    "timeStamp": 48071,
    "rotation": [
      [
        0.420389354,
        -0.9070953,
        -0.02123222
      ],
      [
        -0.258813173,
        -0.142308414,
        0.9553869
      ],
      [
        -0.8696485,
        -0.3961393,
        -0.294593155
      ]
    ],
    "translation": [
      2.134971,
      1.12225,
      -0.6917894
    ]
  },
  {
    "timeStamp": 48127,
    "rotation": [
      [
        0.431037217,
        -0.9023105,
        -0.00652426342
      ],
      [
        -0.238092124,
        -0.120705761,
        0.963712752
      ],
      [
        -0.870355666,
        -0.413842678,
        -0.2668617
      ]
    ],
    "translation": [
      2.15270567,
      1.10962737,
      -0.692739248
    ]
  },
  {
    "timeStamp": 48171,
    "rotation": [
      [
        0.436624169,
        -0.8996166,
        0.007024609
      ],
      [
        -0.225307733,
        -0.101785876,
        0.9689562
      ],
      [
        -0.870974064,
        -0.4246524,
        -0.247132748
      ]
    ],
    "translation": [
      2.16578364,
      1.10006714,
      -0.692531765
    ]
  },
  {
    "timeStamp": 48227,
    "rotation": [
      [
        0.443974346,
        -0.8958193,
        0.0198625624
      ],
      [
        -0.20071736,
        -0.07782431,
        0.9765531
      ],
      [
        -0.8732693,
        -0.4375513,
        -0.2143585
      ]
    ],
    "translation": [
      2.178253,
      1.08625615,
      -0.693312764
    ]
  },
  {
    "timeStamp": 48271,
    "rotation": [
      [
        0.463034034,
        -0.8860488,
        0.0227358174
      ],
      [
        -0.183169529,
        -0.0705606937,
        0.9805458
      ],
      [
        -0.86720717,
        -0.4581906,
        -0.194969147
      ]
    ],
    "translation": [
      2.18322253,
      1.07558811,
      -0.693343461
    ]
  },
  {
    "timeStamp": 48327,
    "rotation": [
      [
        0.4743517,
        -0.879700541,
        0.0334282033
      ],
      [
        -0.160783812,
        -0.0492393374,
        0.9857606
      ],
      [
        -0.865528166,
        -0.472971946,
        -0.164798379
      ]
    ],
    "translation": [
      2.192029,
      1.05930853,
      -0.6935124
    ]
  },
  {
    "timeStamp": 48371,
    "rotation": [
      [
        0.486721784,
        -0.8724254,
        0.0444503166
      ],
      [
        -0.158197567,
        -0.0379861929,
        0.9866765
      ],
      [
        -0.859113157,
        -0.4872689,
        -0.156504288
      ]
    ],
    "translation": [
      2.19647074,
      1.049336,
      -0.692101
    ]
  },
  {
    "timeStamp": 48427,
    "rotation": [
      [
        0.494356722,
        -0.868908465,
        0.0246882271
      ],
      [
        -0.115901686,
        -0.0377400368,
        0.992543459
      ],
      [
        -0.861497641,
        -0.493531942,
        -0.119364992
      ]
    ],
    "translation": [
      2.20660973,
      1.03233969,
      -0.6923131
    ]
  },
  {
    "timeStamp": 48471,
    "rotation": [
      [
        0.5038335,
        -0.8634565,
        0.0243877042
      ],
      [
        -0.104274146,
        -0.03276971,
        0.9940086
      ],
      [
        -0.857484,
        -0.503357768,
        -0.106546663
      ]
    ],
    "translation": [
      2.210289,
      1.02439177,
      -0.6911124
    ]
  },
  {
    "timeStamp": 48526,
    "rotation": [
      [
        0.522960067,
        -0.851757,
        0.0319820121
      ],
      [
        -0.0960661843,
        -0.0216167178,
        0.9951402
      ],
      [
        -0.8469263,
        -0.523490965,
        -0.0931297243
      ]
    ],
    "translation": [
      2.20891666,
      1.01950514,
      -0.689975262
    ]
  },
  {
    "timeStamp": 48571,
    "rotation": [
      [
        0.537470162,
        -0.842735946,
        0.0303630363
      ],
      [
        -0.0891433656,
        -0.0209750757,
        0.995797932
      ],
      [
        -0.838557839,
        -0.5379183,
        -0.0863978
      ]
    ],
    "translation": [
      2.20613384,
      1.01647687,
      -0.687899351
    ]
  },
  {
    "timeStamp": 48627,
    "rotation": [
      [
        0.5515261,
        -0.8336481,
        0.029153144
      ],
      [
        -0.0890221,
        -0.0240738261,
        0.9957387
      ],
      [
        -0.8293938,
        -0.551771164,
        -0.08749045
      ]
    ],
    "translation": [
      2.202484,
      1.01491463,
      -0.68445915
    ]
  },
  {
    "timeStamp": 48671,
    "rotation": [
      [
        0.54073447,
        -0.8397018,
        0.05007177
      ],
      [
        -0.104227751,
        -0.007814706,
        0.99452275
      ],
      [
        -0.834711254,
        -0.542991638,
        -0.0917459056
      ]
    ],
    "translation": [
      2.20129943,
      1.01612353,
      -0.6807741
    ]
  },
  {
    "timeStamp": 48727,
    "rotation": [
      [
        0.541105,
        -0.838338137,
        0.0662911758
      ],
      [
        -0.111902066,
        0.006349113,
        0.993698955
      ],
      [
        -0.833476663,
        -0.545113564,
        -0.0903762355
      ]
    ],
    "translation": [
      2.1956048,
      1.01639044,
      -0.678622246
    ]
  },
  {
    "timeStamp": 48771,
    "rotation": [
      [
        0.54487884,
        -0.832894862,
        0.0969181657
      ],
      [
        -0.123730764,
        0.0344547257,
        0.991717458
      ],
      [
        -0.82933563,
        -0.5523577,
        -0.0842810646
      ]
    ],
    "translation": [
      2.18337822,
      1.01571584,
      -0.676486135
    ]
  },
  {
    "timeStamp": 48826,
    "rotation": [
      [
        0.571912944,
        -0.8131158,
        0.108435608
      ],
      [
        -0.113484494,
        0.05249114,
        0.992152154
      ],
      [
        -0.8124265,
        -0.579730451,
        -0.0622556731
      ]
    ],
    "translation": [
      2.16201329,
      1.00809371,
      -0.676315248
    ]
  },
  {
    "timeStamp": 48871,
    "rotation": [
      [
        0.5768806,
        -0.805744,
        0.13410899
      ],
      [
        -0.114621133,
        0.08270601,
        0.989960432
      ],
      [
        -0.808746338,
        -0.5864607,
        -0.0446438
      ]
    ],
    "translation": [
      2.14512658,
      1.0006448,
      -0.674937
    ]
  },
  {
    "timeStamp": 48926,
    "rotation": [
      [
        0.579499543,
        -0.7980716,
        0.165112108
      ],
      [
        -0.112583771,
        0.122261517,
        0.9860918
      ],
      [
        -0.8071587,
        -0.5900287,
        -0.0189994127
      ]
    ],
    "translation": [
      2.12677717,
      0.9907378,
      -0.6751611
    ]
  },
  {
    "timeStamp": 48971,
    "rotation": [
      [
        0.578497,
        -0.7989316,
        0.164467737
      ],
      [
        -0.101354815,
        0.129662752,
        0.9863644
      ],
      [
        -0.809363,
        -0.5872784,
        -0.005966047
      ]
    ],
    "translation": [
      2.121791,
      0.983968,
      -0.6758633
    ]
  },
  {
    "timeStamp": 49027,
    "rotation": [
      [
        0.575413764,
        -0.7989933,
        0.174667358
      ],
      [
        -0.103249833,
        0.1408907,
        0.9846265
      ],
      [
        -0.811318934,
        -0.584602,
        -0.00142547
      ]
    ],
    "translation": [
      2.121937,
      0.980773568,
      -0.6777683
    ]
  },
  {
    "timeStamp": 49071,
    "rotation": [
      [
        0.572894037,
        -0.80673945,
        0.1447896
      ],
      [
        -0.07827824,
        0.1219916,
        0.989439547
      ],
      [
        -0.815883,
        -0.578177869,
        0.00673811557
      ]
    ],
    "translation": [
      2.1328156,
      0.9762379,
      -0.6803087
    ]
  },
  {
    "timeStamp": 49126,
    "rotation": [
      [
        0.5872574,
        -0.8002482,
        0.121373527
      ],
      [
        -0.058828745,
        0.107357927,
        0.99247843
      ],
      [
        -0.80725956,
        -0.589980543,
        0.0159691386
      ]
    ],
    "translation": [
      2.14758825,
      0.972665548,
      -0.68543
    ]
  },
  {
    "timeStamp": 49171,
    "rotation": [
      [
        0.622508943,
        -0.7782206,
        0.08279725
      ],
      [
        -0.04135472,
        0.0729382038,
        0.9964787
      ],
      [
        -0.781519353,
        -0.623741,
        0.0132215936
      ]
    ],
    "translation": [
      2.160651,
      0.970526934,
      -0.6892335
    ]
  },
  {
    "timeStamp": 49226,
    "rotation": [
      [
        0.6912313,
        -0.722074866,
        0.028409427
      ],
      [
        0.000804559,
        0.04008272,
        0.999196053
      ],
      [
        -0.722633064,
        -0.6906528,
        0.0282873828
      ]
    ],
    "translation": [
      2.17256927,
      0.965567052,
      -0.6954694
    ]
  },
  {
    "timeStamp": 49271,
    "rotation": [
      [
        0.774443269,
        -0.632281542,
        -0.02139398
      ],
      [
        0.0425134823,
        0.0182722677,
        0.9989288
      ],
      [
        -0.6312133,
        -0.7745232,
        0.0410313234
      ]
    ],
    "translation": [
      2.18018746,
      0.959652543,
      -0.702242255
    ]
  },
  {
    "timeStamp": 49326,
    "rotation": [
      [
        0.861697555,
        -0.5035814,
        -0.0623144656
      ],
      [
        0.0811810046,
        0.01559289,
        0.9965774
      ],
      [
        -0.500886142,
        -0.8638071,
        0.0543176
      ]
    ],
    "translation": [
      2.18132,
      0.9551592,
      -0.7092346
    ]
  },
  {
    "timeStamp": 49371,
    "rotation": [
      [
        0.911322832,
        -0.391162634,
        -0.128384084
      ],
      [
        0.15302074,
        0.03233213,
        0.9876939
      ],
      [
        -0.382198036,
        -0.919753432,
        0.08932101
      ]
    ],
    "translation": [
      2.18871927,
      0.9428748,
      -0.721203
    ]
  },
  {
    "timeStamp": 49426,
    "rotation": [
      [
        0.936553538,
        -0.283529758,
        -0.206102669
      ],
      [
        0.230028808,
        0.0534742549,
        0.971713543
      ],
      [
        -0.264488518,
        -0.9574713,
        0.11530152
      ]
    ],
    "translation": [
      2.20363712,
      0.92973,
      -0.726281941
    ]
  },
  {
    "timeStamp": 49471,
    "rotation": [
      [
        0.9376659,
        -0.199566126,
        -0.284527838
      ],
      [
        0.300858229,
        0.0562826,
        0.952006638
      ],
      [
        -0.17397432,
        -0.978266656,
        0.11281538
      ]
    ],
    "translation": [
      2.21860456,
      0.9178888,
      -0.7300164
    ]
  },
  {
    "timeStamp": 49526,
    "rotation": [
      [
        0.9293118,
        -0.11758703,
        -0.350075275
      ],
      [
        0.358971626,
        0.0650483742,
        0.931079
      ],
      [
        -0.08671098,
        -0.990929842,
        0.102660634
      ]
    ],
    "translation": [
      2.23064446,
      0.909008265,
      -0.7303087
    ]
  },
  {
    "timeStamp": 49571,
    "rotation": [
      [
        0.921174347,
        -0.06868958,
        -0.3830399
      ],
      [
        0.38703838,
        0.0593123063,
        0.920154
      ],
      [
        -0.04048601,
        -0.9958734,
        0.0812224746
      ]
    ],
    "translation": [
      2.238306,
      0.905540943,
      -0.7261739
    ]
  },
  {
    "timeStamp": 49626,
    "rotation": [
      [
        0.9176473,
        -0.047880426,
        -0.394500881
      ],
      [
        0.396912873,
        0.0614986047,
        0.9157937
      ],
      [
        -0.0195873454,
        -0.9969581,
        0.07543838
      ]
    ],
    "translation": [
      2.23920226,
      0.904028952,
      -0.7189341
    ]
  },
  {
    "timeStamp": 49671,
    "rotation": [
      [
        0.90786767,
        0.0342680626,
        -0.417853981
      ],
      [
        0.413234,
        0.0951876342,
        0.905636251
      ],
      [
        0.0708089247,
        -0.9948693,
        0.07225705
      ]
    ],
    "translation": [
      2.24133778,
      0.9019882,
      -0.725097537
    ]
  },
  {
    "timeStamp": 49726,
    "rotation": [
      [
        0.9006547,
        0.0812596753,
        -0.4268699
      ],
      [
        0.418956578,
        0.09829584,
        0.9026701
      ],
      [
        0.115310222,
        -0.991834,
        0.0544863343
      ]
    ],
    "translation": [
      2.238174,
      0.8994212,
      -0.730461359
    ]
  },
  {
    "timeStamp": 49771,
    "rotation": [
      [
        0.895392954,
        0.124356948,
        -0.427559137
      ],
      [
        0.416285753,
        0.107025392,
        0.9029129
      ],
      [
        0.158043176,
        -0.986448646,
        0.0440617539
      ]
    ],
    "translation": [
      2.235515,
      0.8990851,
      -0.7353815
    ]
  },
  {
    "timeStamp": 49826,
    "rotation": [
      [
        0.878467858,
        0.200856254,
        -0.4335331
      ],
      [
        0.4230906,
        0.0945982,
        0.9011357
      ],
      [
        0.2220102,
        -0.9750425,
        -0.00187892735
      ]
    ],
    "translation": [
      2.2333982,
      0.8981956,
      -0.736406744
    ]
  },
  {
    "timeStamp": 49871,
    "rotation": [
      [
        0.865331948,
        0.239935234,
        -0.440036
      ],
      [
        0.433172375,
        0.0836110339,
        0.8974246
      ],
      [
        0.252115637,
        -0.9671816,
        -0.03158202
      ]
    ],
    "translation": [
      2.23376131,
      0.894894,
      -0.7363153
    ]
  },
  {
    "timeStamp": 49926,
    "rotation": [
      [
        0.8597402,
        0.238772646,
        -0.45148018
      ],
      [
        0.4397102,
        0.103642,
        0.892139733
      ],
      [
        0.259810865,
        -0.965528846,
        -0.01588557
      ]
    ],
    "translation": [
      2.23761082,
      0.888938,
      -0.736578465
    ]
  },
  {
    "timeStamp": 49971,
    "rotation": [
      [
        0.866819,
        0.2330802,
        -0.440792859
      ],
      [
        0.4268904,
        0.109912679,
        0.8975989
      ],
      [
        0.257661253,
        -0.966226041,
        -0.004225292
      ]
    ],
    "translation": [
      2.2386,
      0.88744545,
      -0.736539543
    ]
  },
  {
    "timeStamp": 50026,
    "rotation": [
      [
        0.8760215,
        0.227826953,
        -0.425066143
      ],
      [
        0.407848924,
        0.12040884,
        0.905075133
      ],
      [
        0.2573822,
        -0.966228068,
        0.0125617618
      ]
    ],
    "translation": [
      2.23876166,
      0.887206554,
      -0.7365664
    ]
  },
  {
    "timeStamp": 50071,
    "rotation": [
      [
        0.886941552,
        0.22763893,
        -0.401889384
      ],
      [
        0.3841345,
        0.119594328,
        0.9154987
      ],
      [
        0.256466836,
        -0.966373444,
        0.0186292138
      ]
    ],
    "translation": [
      2.239208,
      0.8865253,
      -0.7366324
    ]
  },
  {
    "timeStamp": 50126,
    "rotation": [
      [
        0.907889068,
        0.209645271,
        -0.363023758
      ],
      [
        0.34059605,
        0.135975808,
        0.93032515
      ],
      [
        0.244400725,
        -0.96827656,
        0.0520466045
      ]
    ],
    "translation": [
      2.23936677,
      0.8858384,
      -0.736965954
    ]
  },
  {
    "timeStamp": 50171,
    "rotation": [
      [
        0.915773034,
        0.2034227,
        -0.346379727
      ],
      [
        0.321264952,
        0.1467399,
        0.9355513
      ],
      [
        0.2411401,
        -0.96803236,
        0.06902786
      ]
    ],
    "translation": [
      2.23948479,
      0.885564148,
      -0.737044454
    ]
  },
  {
    "timeStamp": 50226,
    "rotation": [
      [
        0.923750341,
        0.19823505,
        -0.327701122
      ],
      [
        0.304106563,
        0.14048399,
        0.9422226
      ],
      [
        0.23281832,
        -0.97003454,
        0.0694875643
      ]
    ],
    "translation": [
      2.23956,
      0.8849169,
      -0.7372971
    ]
  },
  {
    "timeStamp": 50271,
    "rotation": [
      [
        0.930564463,
        0.203393415,
        -0.304435223
      ],
      [
        0.2823238,
        0.130795017,
        0.950360954
      ],
      [
        0.233115762,
        -0.9703215,
        0.06429039
      ]
    ],
    "translation": [
      2.24002862,
      0.88401705,
      -0.737334669
    ]
  },
  {
    "timeStamp": 50326,
    "rotation": [
      [
        0.9406452,
        0.212926358,
        -0.264289647
      ],
      [
        0.247265056,
        0.103463531,
        0.9634082
      ],
      [
        0.232479319,
        -0.971574843,
        0.0446732268
      ]
    ],
    "translation": [
      2.240804,
      0.8822822,
      -0.73742485
    ]
  },
  {
    "timeStamp": 50372,
    "rotation": [
      [
        0.9419008,
        0.223398566,
        -0.250830561
      ],
      [
        0.239226863,
        0.07802952,
        0.967823267
      ],
      [
        0.235782534,
        -0.971599,
        0.0200531315
      ]
    ],
    "translation": [
      2.24105668,
      0.8812851,
      -0.737405
    ]
  },
  {
    "timeStamp": 50426,
    "rotation": [
      [
        0.9470355,
        0.221903041,
        -0.232126787
      ],
      [
        0.219473809,
        0.0804263651,
        0.9722977
      ],
      [
        0.234424934,
        -0.971746147,
        0.0274647139
      ]
    ],
    "translation": [
      2.24199247,
      0.8810618,
      -0.7374751
    ]
  },
  {
    "timeStamp": 50472,
    "rotation": [
      [
        0.95045507,
        0.223083287,
        -0.216492847
      ],
      [
        0.203062326,
        0.08176506,
        0.975746
      ],
      [
        0.235374168,
        -0.9713642,
        0.0324142054
      ]
    ],
    "translation": [
      2.24177575,
      0.8808468,
      -0.7374222
    ]
  },
  {
    "timeStamp": 50527,
    "rotation": [
      [
        0.9525385,
        0.227679208,
        -0.202070817
      ],
      [
        0.189473778,
        0.0761254,
        0.978930354
      ],
      [
        0.2382648,
        -0.970755935,
        0.0293731354
      ]
    ],
    "translation": [
      2.241722,
      0.8804679,
      -0.7373607
    ]
  },
  {
    "timeStamp": 50571,
    "rotation": [
      [
        0.9534991,
        0.234182149,
        -0.189731911
      ],
      [
        0.179438069,
        0.0647109,
        0.98163867
      ],
      [
        0.242159963,
        -0.9700367,
        0.0196805876
      ]
    ],
    "translation": [
      2.24159384,
      0.8795577,
      -0.7373292
    ]
  }
]