[
  {
    "timeStamp": 79047,
    "rotation": [
      [
        0.9984391,
        0.016309917,
        -0.05341673
      ],
      [
        0.0535417572,
        -0.00732730236,
        0.998538733
      ],
      [
        0.0158946831,
        -0.99984014,
        -0.008189127
      ]
    ],
    "translation": [
      1.7774967,
      0.8532011,
      -0.361524761
    ]
  },
  {
    "timeStamp": 79103,
    "rotation": [
      [
        0.9966433,
        0.02207641,
        -0.07883292
      ],
      [
        0.07887978,
        -0.00125843729,
        0.996883333
      ],
      [
        0.0219083987,
        -0.999755442,
        -0.00299559557
      ]
    ],
    "translation": [
      1.778933,
      0.8543904,
      -0.363752484
    ]
  },
  {
    "timeStamp": 79146,
    "rotation": [
      [
        0.9968745,
        0.0277355127,
        -0.07397305
      ],
      [
        0.07407361,
        -0.00261445716,
        0.997249365
      ],
      [
        0.027465824,
        -0.9996119,
        -0.004660755
      ]
    ],
    "translation": [
      1.77829254,
      0.855589032,
      -0.3650194
    ]
  },
  {
    "timeStamp": 79202,
    "rotation": [
      [
        0.9968227,
        0.0325729921,
        -0.07268802
      ],
      [
        0.07315107,
        -0.0132550644,
        0.9972328
      ],
      [
        0.0315193757,
        -0.9993815,
        -0.0155956969
      ]
    ],
    "translation": [
      1.77825,
      0.8589659,
      -0.365156025
    ]
  },
  {
    "timeStamp": 79246,
    "rotation": [
      [
        0.996742964,
        0.0310133714,
        -0.07444227
      ],
      [
        0.07505838,
        -0.01919782,
        0.9969943
      ],
      [
        0.02949102,
        -0.999334633,
        -0.0214631036
      ]
    ],
    "translation": [
      1.77951741,
      0.8615883,
      -0.364507556
    ]
  },
  {
    "timeStamp": 79302,
    "rotation": [
      [
        0.9964572,
        0.0320629478,
        -0.07774988
      ],
      [
        0.07870355,
        -0.029637808,
        0.9964574
      ],
      [
        0.029645022,
        -0.9990464,
        -0.0320562758
      ]
    ],
    "translation": [
      1.78119838,
      0.8663187,
      -0.364767939
    ]
  },
  {
    "timeStamp": 79346,
    "rotation": [
      [
        0.9969333,
        0.02936297,
        -0.07253879
      ],
      [
        0.07367947,
        -0.0398326255,
        0.9964862
      ],
      [
        0.0263703912,
        -0.9987748,
        -0.041873917
      ]
    ],
    "translation": [
      1.78169048,
      0.8720287,
      -0.365485072
    ]
  },
  {
    "timeStamp": 79401,
    "rotation": [
      [
        0.9974084,
        0.0285444036,
        -0.06604369
      ],
      [
        0.06743625,
        -0.05094057,
        0.9964223
      ],
      [
        0.0250779614,
        -0.998293757,
        -0.0527334772
      ]
    ],
    "translation": [
      1.78188825,
      0.8810632,
      -0.3675045
    ]
  },
  {
    "timeStamp": 79446,
    "rotation": [
      [
        0.9964776,
        0.0295742527,
        -0.07847183
      ],
      [
        0.08020256,
        -0.06276491,
        0.994800568
      ],
      [
        0.024495231,
        -0.997590065,
        -0.0649157539
      ]
    ],
    "translation": [
      1.78316343,
      0.8893592,
      -0.370362818
    ]
  },
  {
    "timeStamp": 79502,
    "rotation": [
      [
        0.998472631,
        0.0112565188,
        -0.0540889427
      ],
      [
        0.05477121,
        -0.07335855,
        0.9958005
      ],
      [
        0.00724135526,
        -0.9972421,
        -0.0738630444
      ]
    ],
    "translation": [
      1.78359735,
      0.90565,
      -0.377433479
    ]
  },
  {
    "timeStamp": 79546,
    "rotation": [
      [
        0.9986463,
        0.0143091837,
        -0.0500080176
      ],
      [
        0.05112393,
        -0.0928297862,
        0.9943686
      ],
      [
        0.009586355,
        -0.9955792,
        -0.09343566
      ]
    ],
    "translation": [
      1.7831955,
      0.922422051,
      -0.386577249
    ]
  },
  {
    "timeStamp": 79602,
    "rotation": [
      [
        0.999748051,
        0.00151893706,
        -0.0223959554
      ],
      [
        0.0224121232,
        -0.123460278,
        0.9920964
      ],
      [
        -0.00125806872,
        -0.9923484,
        -0.123463213
      ]
    ],
    "translation": [
      1.782581,
      0.9481176,
      -0.400654256
    ]
  },
  {
    "timeStamp": 79646,
    "rotation": [
      [
        0.999838948,
        0.00631638,
        -0.0167999286
      ],
      [
        0.0175692383,
        -0.153133586,
        0.9880493
      ],
      [
        0.003668267,
        -0.9881854,
        -0.1532199
      ]
    ],
    "translation": [
      1.782628,
      0.9705134,
      -0.416268647
    ]
  },
  {
    "timeStamp": 79701,
    "rotation": [
      [
        0.999511361,
        0.000822669768,
        0.0312470309
      ],
      [
        -0.0304754023,
        -0.196622372,
        0.980005562
      ],
      [
        0.006950085,
        -0.980479,
        -0.19650121
      ]
    ],
    "translation": [
      1.77937186,
      1.00208652,
      -0.439641416
    ]
  },
  {
    "timeStamp": 79746,
    "rotation": [
      [
        0.9995051,
        0.0117430994,
        0.0291831587
      ],
      [
        -0.0257582143,
        -0.227012515,
        0.973551154
      ],
      [
        0.0180574488,
        -0.973821044,
        -0.2265977
      ]
    ],
    "translation": [
      1.7789377,
      1.023194,
      -0.4613202
    ]
  },
  {
    "timeStamp": 79802,
    "rotation": [
      [
        0.998498261,
        -0.004263822,
        0.0546171851
      ],
      [
        -0.05394427,
        -0.250346243,
        0.966652334
      ],
      [
        0.009551582,
        -0.968147,
        -0.2502003
      ]
    ],
    "translation": [
      1.779862,
      1.04940259,
      -0.490761727
    ]
  },
  {
    "timeStamp": 79846,
    "rotation": [
      [
        0.9979776,
        -0.0028550555,
        0.06350175
      ],
      [
        -0.061785616,
        -0.2783413,
        0.958492935
      ],
      [
        0.0149385994,
        -0.960478,
        -0.277954817
      ]
    ],
    "translation": [
      1.78128016,
      1.07001925,
      -0.51593107
    ]
  },
  {
    "timeStamp": 79901,
    "rotation": [
      [
        0.997144163,
        -0.013072554,
        0.07438132
      ],
      [
        -0.07478975,
        -0.307688951,
        0.9485431
      ],
      [
        0.0104864389,
        -0.9513972,
        -0.307787955
      ]
    ],
    "translation": [
      1.78538609,
      1.09438837,
      -0.546937048
    ]
  },
  {
    "timeStamp": 79945,
    "rotation": [
      [
        0.9961621,
        -0.02226177,
        0.0846486241
      ],
      [
        -0.0873078,
        -0.321133584,
        0.943000853
      ],
      [
        0.006190636,
        -0.9467722,
        -0.321844757
      ]
    ],
    "translation": [
      1.7903378,
      1.11192012,
      -0.5731907
    ]
  },
  {
    "timeStamp": 80001,
    "rotation": [
      [
        0.9966144,
        -0.040040262,
        0.0718092
      ],
      [
        -0.08128693,
        -0.34879306,
        0.933667958
      ],
      [
        -0.0123377629,
        -0.936344,
        -0.350866944
      ]
    ],
    "translation": [
      1.80116785,
      1.13156,
      -0.6038186
    ]
  },
  {
    "timeStamp": 80045,
    "rotation": [
      [
        0.9965708,
        -0.0512309372,
        0.0649773
      ],
      [
        -0.0790211,
        -0.356341779,
        0.93100816
      ],
      [
        -0.0245422889,
        -0.932950139,
        -0.3591681
      ]
    ],
    "translation": [
      1.81163466,
      1.14323235,
      -0.628758252
    ]
  },
  {
    "timeStamp": 80102,
    "rotation": [
      [
        0.9964304,
        -0.07383383,
        0.04092791
      ],
      [
        -0.06547697,
        -0.369929582,
        0.926749647
      ],
      [
        -0.0532850362,
        -0.926121354,
        -0.373443484
      ]
    ],
    "translation": [
      1.82817054,
      1.15409,
      -0.6566932
    ]
  },
  {
    "timeStamp": 80146,
    "rotation": [
      [
        0.994671345,
        -0.0959486,
        0.0377219
      ],
      [
        -0.07055237,
        -0.366687179,
        0.9276653
      ],
      [
        -0.0751760453,
        -0.925383449,
        -0.371502578
      ]
    ],
    "translation": [
      1.84237349,
      1.15903819,
      -0.6777981
    ]
  },
  {
    "timeStamp": 80201,
    "rotation": [
      [
        0.9934911,
        -0.113909215,
        0.000190798688
      ],
      [
        -0.0425624624,
        -0.3696657,
        0.928189456
      ],
      [
        -0.1056588,
        -0.9221561,
        -0.3721079
      ]
    ],
    "translation": [
      1.86207414,
      1.15931177,
      -0.7001243
    ]
  },
  {
    "timeStamp": 80245,
    "rotation": [
      [
        0.9916701,
        -0.128597155,
        -0.00729222037
      ],
      [
        -0.0393044129,
        -0.35603705,
        0.9336449
      ],
      [
        -0.122660384,
        -0.9255811,
        -0.358125746
      ]
    ],
    "translation": [
      1.87783742,
      1.156568,
      -0.7162405
    ]
  },
  {
    "timeStamp": 80301,
    "rotation": [
      [
        0.9883194,
        -0.145641178,
        -0.04487131
      ],
      [
        -0.009909543,
        -0.35523048,
        0.934726238
      ],
      [
        -0.152074277,
        -0.9233634,
        -0.3525244
      ]
    ],
    "translation": [
      1.90056252,
      1.15130591,
      -0.732356
    ]
  },
  {
    "timeStamp": 80345,
    "rotation": [
      [
        0.984135568,
        -0.17571336,
        -0.0245344061
      ],
      [
        -0.0383218527,
        -0.345550179,
        0.9376175
      ],
      [
        -0.1732298,
        -0.921802461,
        -0.346801877
      ]
    ],
    "translation": [
      1.91745472,
      1.14965284,
      -0.743037045
    ]
  },
  {
    "timeStamp": 80401,
    "rotation": [
      [
        0.9807173,
        -0.182386428,
        -0.07020567
      ],
      [
        0.00328164082,
        -0.343814045,
        0.939032
      ],
      [
        -0.1954044,
        -0.921155334,
        -0.33658582
      ]
    ],
    "translation": [
      1.94175136,
      1.14540792,
      -0.7536804
    ]
  },
  {
    "timeStamp": 80445,
    "rotation": [
      [
        0.977157354,
        -0.204424426,
        -0.05808682
      ],
      [
        -0.0152773177,
        -0.3401914,
        0.9402321
      ],
      [
        -0.211967051,
        -0.9178673,
        -0.3355436
      ]
    ],
    "translation": [
      1.96081054,
      1.14360309,
      -0.760223866
    ]
  },
  {
    "timeStamp": 80501,
    "rotation": [
      [
        0.9746657,
        -0.21012944,
        -0.07663092
      ],
      [
        0.002425868,
        -0.332661,
        0.943043351
      ],
      [
        -0.2236533,
        -0.9193379,
        -0.323723525
      ]
    ],
    "translation": [
      1.98748648,
      1.13861,
      -0.7674741
    ]
  },
  {
    "timeStamp": 80546,
    "rotation": [
      [
        0.9731779,
        -0.2185975,
        -0.07169352
      ],
      [
        -0.00398219423,
        -0.3275978,
        0.9448089
      ],
      [
        -0.2300195,
        -0.919181645,
        -0.319681436
      ]
    ],
    "translation": [
      2.00894642,
      1.13500977,
      -0.772507846
    ]
  },
  {
    "timeStamp": 80601,
    "rotation": [
      [
        0.973040044,
        -0.215408355,
        -0.08241554
      ],
      [
        0.01156371,
        -0.3113251,
        0.9502331
      ],
      [
        -0.230346188,
        -0.9255679,
        -0.300440848
      ]
    ],
    "translation": [
      2.03793073,
      1.1275388,
      -0.7783601
    ]
  },
  {
    "timeStamp": 80645,
    "rotation": [
      [
        0.972507834,
        -0.21820049,
        -0.0813457146
      ],
      [
        0.0125547349,
        -0.299681753,
        0.9539566
      ],
      [
        -0.232531622,
        -0.9287515,
        -0.288703382
      ]
    ],
    "translation": [
      2.06120682,
      1.12084663,
      -0.7823436
    ]
  },
  {
    "timeStamp": 80701,
    "rotation": [
      [
        0.97366637,
        -0.2117886,
        -0.08437641
      ],
      [
        0.02438204,
        -0.271247268,
        0.9622008
      ],
      [
        -0.226670042,
        -0.938919842,
        -0.258940518
      ]
    ],
    "translation": [
      2.09002042,
      1.10897017,
      -0.7875344
    ]
  },
  {
    "timeStamp": 80745,
    "rotation": [
      [
        0.9735296,
        -0.211711079,
        -0.08613039
      ],
      [
        0.0285749156,
        -0.261142343,
        0.964877248
      ],
      [
        -0.22676751,
        -0.941797733,
        -0.248180181
      ]
    ],
    "translation": [
      2.11128163,
      1.099501,
      -0.7894896
    ]
  },
  {
    "timeStamp": 80801,
    "rotation": [
      [
        0.975806,
        -0.201481149,
        -0.08489967
      ],
      [
        0.0373446867,
        -0.229010776,
        0.9727073
      ],
      [
        -0.215425119,
        -0.9523441,
        -0.21594584
      ]
    ],
    "translation": [
      2.13244534,
      1.08619666,
      -0.7921155
    ]
  },
  {
    "timeStamp": 80845,
    "rotation": [
      [
        0.978104,
        -0.193676054,
        -0.0761722848
      ],
      [
        0.0338865742,
        -0.212914109,
        0.9764831
      ],
      [
        -0.205339566,
        -0.9576832,
        -0.201689109
      ]
    ],
    "translation": [
      2.14411783,
      1.07686567,
      -0.7934219
    ]
  },
  {
    "timeStamp": 80901,
    "rotation": [
      [
        0.9849219,
        -0.162491128,
        -0.05937615
      ],
      [
        0.0269507915,
        -0.194909,
        0.980451
      ],
      [
        -0.17088753,
        -0.9672679,
        -0.187590867
      ]
    ],
    "translation": [
      2.15069723,
      1.0675689,
      -0.7951463
    ]
  },
  {
    "timeStamp": 80945,
    "rotation": [
      [
        0.989046454,
        -0.142346233,
        -0.0390460268
      ],
      [
        0.0129486183,
        -0.179838344,
        0.9836109
      ],
      [
        -0.1470353,
        -0.973342538,
        -0.176025286
      ]
    ],
    "translation": [
      2.15385079,
      1.06113029,
      -0.7961958
    ]
  },
  {
    "timeStamp": 81001,
    "rotation": [
      [
        0.9939993,
        -0.106456578,
        -0.0251466911
      ],
      [
        0.007158269,
        -0.166090712,
        0.9860845
      ],
      [
        -0.1091518,
        -0.980347335,
        -0.164332
      ]
    ],
    "translation": [
      2.15374875,
      1.05201614,
      -0.7971007
    ]
  },
  {
    "timeStamp": 81045,
    "rotation": [
      [
        0.9963523,
        -0.0853045359,
        0.00227589346
      ],
      [
        -0.0155747561,
        -0.155560732,
        0.987703562
      ],
      [
        -0.0839015543,
        -0.984136164,
        -0.1563219
      ]
    ],
    "translation": [
      2.1525054,
      1.04397464,
      -0.7977844
    ]
  },
  {
    "timeStamp": 81101,
    "rotation": [
      [
        0.9981949,
        -0.05976957,
        -0.00588492025
      ],
      [
        -0.00244369567,
        -0.138324827,
        0.9903839
      ],
      [
        -0.06000885,
        -0.9885818,
        -0.138221174
      ]
    ],
    "translation": [
      2.15332317,
      1.03176618,
      -0.799411535
    ]
  },
  {
    "timeStamp": 81145,
    "rotation": [
      [
        0.998712659,
        -0.0503760166,
        0.005935773
      ],
      [
        -0.0122876884,
        -0.126735136,
        0.9918605
      ],
      [
        -0.04921371,
        -0.990656555,
        -0.127190992
      ]
    ],
    "translation": [
      2.1537137,
      1.02326,
      -0.801293135
    ]
  },
  {
    "timeStamp": 81200,
    "rotation": [
      [
        0.9997272,
        -0.023197744,
        -0.00270384084
      ],
      [
        5.16927867E-06,
        -0.115552649,
        0.993301332
      ],
      [
        -0.0233547874,
        -0.993030369,
        -0.115521006
      ]
    ],
    "translation": [
      2.15531,
      1.01283038,
      -0.803711832
    ]
  },
  {
    "timeStamp": 81245,
    "rotation": [
      [
        0.999683,
        -0.0247532874,
        0.00458852341
      ],
      [
        -0.007104768,
        -0.102543861,
        0.9947031
      ],
      [
        -0.0241516475,
        -0.9944204,
        -0.102687225
      ]
    ],
    "translation": [
      2.156982,
      1.00531542,
      -0.805586457
    ]
  },
  {
    "timeStamp": 81301,
    "rotation": [
      [
        0.999962866,
        -0.006912029,
        -0.00515504228
      ],
      [
        0.00449154247,
        -0.09279101,
        0.9956755
      ],
      [
        -0.00736047653,
        -0.9956617,
        -0.09275652
      ]
    ],
    "translation": [
      2.159461,
      0.9961636,
      -0.807869554
    ]
  },
  {
    "timeStamp": 81345,
    "rotation": [
      [
        0.999791,
        -0.01813887,
        -0.00942608248
      ],
      [
        0.007907714,
        -0.0820314,
        0.996598363
      ],
      [
        -0.0188504066,
        -0.9964646,
        -0.0818708241
      ]
    ],
    "translation": [
      2.16397929,
      0.989384532,
      -0.808973432
    ]
  },
  {
    "timeStamp": 81401,
    "rotation": [
      [
        0.9995631,
        -0.0176491868,
        -0.0237121526
      ],
      [
        0.02233528,
        -0.07449699,
        0.9969711
      ],
      [
        -0.0193622187,
        -0.997065067,
        -0.07407024
      ]
    ],
    "translation": [
      2.16912079,
      0.9816662,
      -0.811330736
    ]
  },
  {
    "timeStamp": 81445,
    "rotation": [
      [
        0.9993141,
        -0.0283393115,
        -0.023835212
      ],
      [
        0.0222266186,
        -0.0557821728,
        0.9981955
      ],
      [
        -0.0296177585,
        -0.9980407,
        -0.0551140271
      ]
    ],
    "translation": [
      2.17361188,
      0.976837158,
      -0.8135369
    ]
  },
  {
    "timeStamp": 81500,
    "rotation": [
      [
        0.9989943,
        -0.0344738029,
        -0.0286689289
      ],
      [
        0.0269296486,
        -0.0498998165,
        0.9983911
      ],
      [
        -0.0358489268,
        -0.998159051,
        -0.04892127
      ]
    ],
    "translation": [
      2.17897081,
      0.9704683,
      -0.815471351
    ]
  },
  {
    "timeStamp": 81545,
    "rotation": [
      [
        0.998528242,
        -0.0391625762,
        -0.0375191458
      ],
      [
        0.03634779,
        -0.0302055776,
        0.9988826
      ],
      [
        -0.0402521156,
        -0.9987762,
        -0.0287376475
      ]
    ],
    "translation": [
      2.18437386,
      0.964086235,
      -0.8177724
    ]
  },
  {
    "timeStamp": 81600,
    "rotation": [
      [
        0.9979986,
        -0.0445058644,
        -0.04492144
      ],
      [
        0.04373967,
        -0.0271807257,
        0.998673141
      ],
      [
        -0.0456678122,
        -0.9986393,
        -0.0251796562
      ]
    ],
    "translation": [
      2.191123,
      0.9586998,
      -0.817667365
    ]
  },
  {
    "timeStamp": 81645,
    "rotation": [
      [
        0.997755766,
        -0.04886664,
        -0.045777075
      ],
      [
        0.0451867878,
        -0.0131172417,
        0.9988924
      ],
      [
        -0.04941299,
        -0.9987192,
        -0.0108796768
      ]
    ],
    "translation": [
      2.196265,
      0.9530972,
      -0.81793
    ]
  },
  {
    "timeStamp": 81700,
    "rotation": [
      [
        0.996351063,
        -0.04938541,
        -0.06961061
      ],
      [
        0.0695652962,
        -0.0026378138,
        0.9975739
      ],
      [
        -0.0494492166,
        -0.9987763,
        0.000807322154
      ]
    ],
    "translation": [
      2.20316768,
      0.945736647,
      -0.8173781
    ]
  },
  {
    "timeStamp": 81745,
    "rotation": [
      [
        0.996918559,
        -0.04787885,
        -0.06213733
      ],
      [
        0.06226835,
        0.00124841044,
        0.9980587
      ],
      [
        -0.04770833,
        -0.9988524,
        0.0042259004
      ]
    ],
    "translation": [
      2.205326,
      0.941663444,
      -0.817147136
    ]
  },
  {
    "timeStamp": 81800,
    "rotation": [
      [
        0.9993211,
        -0.03415327,
        -0.0138153816
      ],
      [
        0.0132090217,
        -0.017916441,
        0.9997522
      ],
      [
        -0.03439234,
        -0.999256,
        -0.0174531471
      ]
    ],
    "translation": [
      2.20443487,
      0.9402007,
      -0.81592375
    ]
  },
  {
    "timeStamp": 81845,
    "rotation": [
      [
        0.99942565,
        -0.03384183,
        0.00176680926
      ],
      [
        -0.00219904422,
        -0.0127392551,
        0.999916434
      ],
      [
        -0.033816494,
        -0.999346,
        -0.0128063578
      ]
    ],
    "translation": [
      2.20495987,
      0.9398752,
      -0.816024959
    ]
  },
  {
    "timeStamp": 81901,
    "rotation": [
      [
        0.99936825,
        -0.03345914,
        0.0119815348
      ],
      [
        -0.0124057494,
        -0.0124999043,
        0.9998449
      ],
      [
        -0.03330418,
        -0.999361932,
        -0.0129070934
      ]
    ],
    "translation": [
      2.20700765,
      0.939949155,
      -0.8156304
    ]
  },
  {
    "timeStamp": 81945,
    "rotation": [
      [
        0.998921633,
        -0.0379075557,
        0.0268065967
      ],
      [
        -0.0271883383,
        -0.009590822,
        0.9995843
      ],
      [
        -0.0376347,
        -0.9992352,
        -0.0106111225
      ]
    ],
    "translation": [
      2.20913434,
      0.939981461,
      -0.815153956
    ]
  }
]