[
  {
    "timeStamp": 30413,
    "rotation": [
      [
        0.9716303,
        0.195358858,
        -0.13330242
      ],
      [
        0.148596287,
        -0.06577691,
        0.9867079
      ],
      [
        0.1839939,
        -0.978523552,
        -0.0929404348
      ]
    ],
    "translation": [
      1.16808069,
      0.8545464,
      -0.768312335
    ]
  },
  {
    "timeStamp": 30468,
    "rotation": [
      [
        0.972251356,
        0.192865834,
        -0.132401124
      ],
      [
        0.146946177,
        -0.0631092042,
        0.9871292
      ],
      [
        0.182027787,
        -0.9791935,
        -0.08969891
      ]
    ],
    "translation": [
      1.16625106,
      0.8543293,
      -0.769335
    ]
  },
  {
    "timeStamp": 30513,
    "rotation": [
      [
        0.971522033,
        0.200639814,
        -0.126049981
      ],
      [
        0.142073274,
        -0.06751675,
        0.987550855
      ],
      [
        0.189631537,
        -0.977335751,
        -0.09409957
      ]
    ],
    "translation": [
      1.16543865,
      0.8541681,
      -0.7703189
    ]
  },
  {
    "timeStamp": 30568,
    "rotation": [
      [
        0.972073257,
        0.2004206,
        -0.122086622
      ],
      [
        0.136921868,
        -0.0618564263,
        0.988648653
      ],
      [
        0.1905937,
        -0.977755249,
        -0.08757094
      ]
    ],
    "translation": [
      1.16319907,
      0.854100049,
      -0.771436334
    ]
  },
  {
    "timeStamp": 30612,
    "rotation": [
      [
        0.9738257,
        0.185582072,
        -0.131235912
      ],
      [
        0.143052608,
        -0.05172731,
        0.988362432
      ],
      [
        0.17663388,
        -0.9812663,
        -0.07692138
      ]
    ],
    "translation": [
      1.16258085,
      0.85415256,
      -0.7718448
    ]
  },
  {
    "timeStamp": 30668,
    "rotation": [
      [
        0.9693411,
        0.216418177,
        -0.116365708
      ],
      [
        0.13187784,
        -0.05862328,
        0.989531
      ],
      [
        0.207330763,
        -0.9745391,
        -0.08536672
      ]
    ],
    "translation": [
      1.15971744,
      0.8541359,
      -0.7743367
    ]
  },
  {
    "timeStamp": 30713,
    "rotation": [
      [
        0.974193,
        0.19995448,
        -0.104720011
      ],
      [
        0.119235724,
        -0.06195556,
        0.990931034
      ],
      [
        0.1916531,
        -0.9778444,
        -0.0841983855
      ]
    ],
    "translation": [
      1.15817547,
      0.8541753,
      -0.7761041
    ]
  },
  {
    "timeStamp": 30768,
    "rotation": [
      [
        0.9696504,
        0.219364583,
        -0.107969426
      ],
      [
        0.123806342,
        -0.0597381964,
        0.9905066
      ],
      [
        0.210832149,
        -0.9738124,
        -0.08508389
      ]
    ],
    "translation": [
      1.16112018,
      0.854786038,
      -0.780816853
    ]
  },
  {
    "timeStamp": 30813,
    "rotation": [
      [
        0.970448,
        0.220197588,
        -0.09870931
      ],
      [
        0.114501141,
        -0.0601142161,
        0.9916026
      ],
      [
        0.212414652,
        -0.973601162,
        -0.0835506
      ]
    ],
    "translation": [
      1.16210735,
      0.857809544,
      -0.783917367
    ]
  },
  {
    "timeStamp": 30868,
    "rotation": [
      [
        0.9717192,
        0.217657089,
        -0.09158206
      ],
      [
        0.108181328,
        -0.06558778,
        0.991965234
      ],
      [
        0.209901586,
        -0.973819137,
        -0.0872793347
      ]
    ],
    "translation": [
      1.16263616,
      0.8603259,
      -0.7861478
    ]
  },
  {
    "timeStamp": 30912,
    "rotation": [
      [
        0.97284174,
        0.21368,
        -0.08899347
      ],
      [
        0.104662068,
        -0.06314829,
        0.992500961
      ],
      [
        0.206457824,
        -0.9748606,
        -0.08379748
      ]
    ],
    "translation": [
      1.16350651,
      0.861292243,
      -0.787351131
    ]
  },
  {
    "timeStamp": 30968,
    "rotation": [
      [
        0.97438556,
        0.209620431,
        -0.08143766
      ],
      [
        0.09764947,
        -0.0681715,
        0.992883265
      ],
      [
        0.202576876,
        -0.9754035,
        -0.08689465
      ]
    ],
    "translation": [
      1.16351342,
      0.864976764,
      -0.7879864
    ]
  },
  {
    "timeStamp": 31012,
    "rotation": [
      [
        0.976367652,
        0.205111265,
        -0.0680852756
      ],
      [
        0.0841119,
        -0.07044909,
        0.9939628
      ],
      [
        0.199076414,
        -0.9761999,
        -0.08603651
      ]
    ],
    "translation": [
      1.16250253,
      0.8714636,
      -0.7894135
    ]
  },
  {
    "timeStamp": 31068,
    "rotation": [
      [
        0.9791303,
        0.197827309,
        -0.04656377
      ],
      [
        0.061117962,
        -0.068110235,
        0.995804
      ],
      [
        0.193825781,
        -0.9778678,
        -0.0787796
      ]
    ],
    "translation": [
      1.1609304,
      0.8817695,
      -0.7921454
    ]
  },
  {
    "timeStamp": 31113,
    "rotation": [
      [
        0.983717442,
        0.178227961,
        -0.0231240634
      ],
      [
        0.0346986838,
        -0.062101502,
        0.9974665
      ],
      [
        0.176340386,
        -0.9820276,
        -0.06727461
      ]
    ],
    "translation": [
      1.15947747,
      0.8926072,
      -0.7934848
    ]
  },
  {
    "timeStamp": 31168,
    "rotation": [
      [
        0.987600565,
        0.156987622,
        -1.01596243E-05
      ],
      [
        0.0117386756,
        -0.07378284,
        0.997205257
      ],
      [
        0.156548128,
        -0.984840631,
        -0.0747108
      ]
    ],
    "translation": [
      1.16053331,
      0.905886054,
      -0.792739034
    ]
  },
  {
    "timeStamp": 31212,
    "rotation": [
      [
        0.9910784,
        0.131676018,
        0.0206167288
      ],
      [
        -0.0103596775,
        -0.0781112239,
        0.996890843
      ],
      [
        0.132877,
        -0.9882105,
        -0.07605022
      ]
    ],
    "translation": [
      1.16358638,
      0.918729842,
      -0.7925255
    ]
  },
  {
    "timeStamp": 31268,
    "rotation": [
      [
        0.996336639,
        0.0626966357,
        0.0581589267
      ],
      [
        -0.0536448881,
        -0.07142428,
        0.996002436
      ],
      [
        0.06659993,
        -0.9954736,
        -0.06779928
      ]
    ],
    "translation": [
      1.16881776,
      0.938252449,
      -0.7881544
    ]
  },
  {
    "timeStamp": 31312,
    "rotation": [
      [
        0.9974145,
        0.008825166,
        0.07131799
      ],
      [
        -0.07040012,
        -0.079158105,
        0.9943731
      ],
      [
        0.0144209,
        -0.996822953,
        -0.0783321559
      ]
    ],
    "translation": [
      1.17872787,
      0.94983,
      -0.783525348
    ]
  },
  {
    "timeStamp": 31368,
    "rotation": [
      [
        0.994545639,
        -0.07091971,
        0.076481
      ],
      [
        -0.08325974,
        -0.09814944,
        0.991682649
      ],
      [
        -0.0628232658,
        -0.992641449,
        -0.103518859
      ]
    ],
    "translation": [
      1.1963625,
      0.9618318,
      -0.7760151
    ]
  },
  {
    "timeStamp": 31412,
    "rotation": [
      [
        0.984979331,
        -0.153745338,
        0.0786006749
      ],
      [
        -0.09537962,
        -0.104985267,
        0.9898893
      ],
      [
        -0.143938988,
        -0.9825174,
        -0.1180725
      ]
    ],
    "translation": [
      1.21374309,
      0.971734762,
      -0.7675534
    ]
  },
  {
    "timeStamp": 31468,
    "rotation": [
      [
        0.9591661,
        -0.271233171,
        0.0802056342
      ],
      [
        -0.11666061,
        -0.121050127,
        0.9857673
      ],
      [
        -0.257663876,
        -0.9548714,
        -0.1477494
      ]
    ],
    "translation": [
      1.240305,
      0.985156238,
      -0.7546805
    ]
  },
  {
    "timeStamp": 31513,
    "rotation": [
      [
        0.92580533,
        -0.369801551,
        0.07830315
      ],
      [
        -0.1354723,
        -0.13121374,
        0.982054055
      ],
      [
        -0.35289067,
        -0.9197988,
        -0.171576232
      ]
    ],
    "translation": [
      1.26418257,
      0.99668926,
      -0.7451036
    ]
  },
  {
    "timeStamp": 31568,
    "rotation": [
      [
        0.875632,
        -0.4782418,
        0.06747844
      ],
      [
        -0.157836393,
        -0.151305959,
        0.9758044
      ],
      [
        -0.456460565,
        -0.8650961,
        -0.2079723
      ]
    ],
    "translation": [
      1.29581892,
      1.01047862,
      -0.7369072
    ]
  },
  {
    "timeStamp": 31612,
    "rotation": [
      [
        0.82606,
        -0.5594349,
        0.0682453
      ],
      [
        -0.185092255,
        -0.154923916,
        0.9704326
      ],
      [
        -0.532321036,
        -0.8142672,
        -0.231523529
      ]
    ],
    "translation": [
      1.32109785,
      1.02224755,
      -0.733158469
    ]
  },
  {
    "timeStamp": 31668,
    "rotation": [
      [
        0.7662823,
        -0.639629543,
        0.06070908
      ],
      [
        -0.215068534,
        -0.16631639,
        0.9623328
      ],
      [
        -0.605439544,
        -0.7504752,
        -0.265009463
      ]
    ],
    "translation": [
      1.35181379,
      1.03583038,
      -0.733364463
    ]
  },
  {
    "timeStamp": 31712,
    "rotation": [
      [
        0.7086799,
        -0.703641653,
        0.0515864827
      ],
      [
        -0.240283564,
        -0.17196399,
        0.955349267
      ],
      [
        -0.6633525,
        -0.6894322,
        -0.29094094
      ]
    ],
    "translation": [
      1.37782192,
      1.04581428,
      -0.7341837
    ]
  },
  {
    "timeStamp": 31768,
    "rotation": [
      [
        0.629915059,
        -0.775790453,
        0.0368266031
      ],
      [
        -0.274103671,
        -0.177697092,
        0.94514066
      ],
      [
        -0.726687133,
        -0.605452657,
        -0.3245811
      ]
    ],
    "translation": [
      1.41229868,
      1.05848217,
      -0.7372768
    ]
  },
  {
    "timeStamp": 31812,
    "rotation": [
      [
        0.5599618,
        -0.827970445,
        0.0301287137
      ],
      [
        -0.305490553,
        -0.1725297,
        0.9364342
      ],
      [
        -0.7701417,
        -0.5335714,
        -0.349547178
      ]
    ],
    "translation": [
      1.4412477,
      1.069449,
      -0.7418827
    ]
  },
  {
    "timeStamp": 31867,
    "rotation": [
      [
        0.472626865,
        -0.8811806,
        0.0120283058
      ],
      [
        -0.341887742,
        -0.170759588,
        0.9240963
      ],
      [
        -0.812241733,
        -0.44086507,
        -0.3819704
      ]
    ],
    "translation": [
      1.48052585,
      1.08258307,
      -0.750911534
    ]
  },
  {
    "timeStamp": 31912,
    "rotation": [
      [
        0.4031972,
        -0.9150935,
        0.00599426869
      ],
      [
        -0.3693109,
        -0.156721011,
        0.915995657
      ],
      [
        -0.83728224,
        -0.3715406,
        -0.401143432
      ]
    ],
    "translation": [
      1.51299953,
      1.09241223,
      -0.7611837
    ]
  },
  {
    "timeStamp": 31968,
    "rotation": [
      [
        0.3245356,
        -0.9457116,
        -0.0174981765
      ],
      [
        -0.397694021,
        -0.153213024,
        0.9046354
      ],
      [
        -0.8582052,
        -0.2866275,
        -0.4258269
      ]
    ],
    "translation": [
      1.5552969,
      1.103834,
      -0.775596
    ]
  },
  {
    "timeStamp": 32012,
    "rotation": [
      [
        0.277147323,
        -0.960149646,
        -0.0360847078
      ],
      [
        -0.413881451,
        -0.153191432,
        0.897348642
      ],
      [
        -0.867116868,
        -0.23376298,
        -0.4398447
      ]
    ],
    "translation": [
      1.58764637,
      1.11133385,
      -0.789643347
    ]
  },
  {
    "timeStamp": 32068,
    "rotation": [
      [
        0.2157849,
        -0.974638641,
        -0.0592996925
      ],
      [
        -0.434559941,
        -0.1502413,
        0.8880232
      ],
      [
        -0.874411,
        -0.165852726,
        -0.4559587
      ]
    ],
    "translation": [
      1.63001347,
      1.12149942,
      -0.8076524
    ]
  },
  {
    "timeStamp": 32112,
    "rotation": [
      [
        0.174550578,
        -0.982273161,
        -0.06834919
      ],
      [
        -0.45630914,
        -0.142206773,
        0.8783844
      ],
      [
        -0.872533143,
        -0.122134142,
        -0.4730425
      ]
    ],
    "translation": [
      1.66239309,
      1.1304841,
      -0.8220825
    ]
  },
  {
    "timeStamp": 32168,
    "rotation": [
      [
        0.128279448,
        -0.9887549,
        -0.07686379
      ],
      [
        -0.4755461,
        -0.129338756,
        0.870130658
      ],
      [
        -0.8702874,
        -0.07506761,
        -0.486790061
      ]
    ],
    "translation": [
      1.70346856,
      1.13970685,
      -0.8393656
    ]
  },
  {
    "timeStamp": 32212,
    "rotation": [
      [
        0.099847585,
        -0.991007864,
        -0.08907179
      ],
      [
        -0.492970675,
        -0.127030283,
        0.8607225
      ],
      [
        -0.864297569,
        -0.042031277,
        -0.5012215
      ]
    ],
    "translation": [
      1.73462391,
      1.14694273,
      -0.8501885
    ]
  },
  {
    "timeStamp": 32267,
    "rotation": [
      [
        0.07751308,
        -0.9928359,
        -0.09093238
      ],
      [
        -0.505993545,
        -0.117762893,
        0.854460359
      ],
      [
        -0.859047353,
        -0.0202206653,
        -0.511496663
      ]
    ],
    "translation": [
      1.76989865,
      1.15336406,
      -0.859584
    ]
  },
  {
    "timeStamp": 32312,
    "rotation": [
      [
        0.07668737,
        -0.989824355,
        -0.119861521
      ],
      [
        -0.507996738,
        -0.142230779,
        0.849535
      ],
      [
        -0.8579384,
        -0.00425934233,
        -0.5137349
      ]
    ],
    "translation": [
      1.79702806,
      1.15588033,
      -0.8632919
    ]
  },
  {
    "timeStamp": 32367,
    "rotation": [
      [
        0.06866164,
        -0.990192235,
        -0.121675827
      ],
      [
        -0.5074009,
        -0.139671668,
        0.850315332
      ],
      [
        -0.8589703,
        0.00335438619,
        -0.512014449
      ]
    ],
    "translation": [
      1.8265667,
      1.15783608,
      -0.863794446
    ]
  },
  {
    "timeStamp": 32412,
    "rotation": [
      [
        0.05672705,
        -0.9889198,
        -0.137184843
      ],
      [
        -0.506814241,
        -0.146908864,
        0.849445164
      ],
      [
        -0.8601868,
        0.02134072,
        -0.509532332
      ]
    ],
    "translation": [
      1.8505764,
      1.15970016,
      -0.8609955
    ]
  },
  {
    "timeStamp": 32467,
    "rotation": [
      [
        0.053929545,
        -0.9900953,
        -0.129625991
      ],
      [
        -0.5062405,
        -0.139004856,
        0.8511159
      ],
      [
        -0.8607045,
        0.0197216272,
        -0.5087228
      ]
    ],
    "translation": [
      1.87347066,
      1.16250539,
      -0.8549242
    ]
  },
  {
    "timeStamp": 32512,
    "rotation": [
      [
        0.0429558866,
        -0.9899849,
        -0.134479344
      ],
      [
        -0.505886137,
        -0.137625083,
        0.8515507
      ],
      [
        -0.861530066,
        0.03145211,
        -0.506731451
      ]
    ],
    "translation": [
      1.89354146,
      1.16510153,
      -0.8470726
    ]
  },
  {
    "timeStamp": 32567,
    "rotation": [
      [
        0.0174829978,
        -0.9916785,
        -0.127546474
      ],
      [
        -0.5064123,
        -0.118775867,
        0.8540719
      ],
      [
        -0.862114131,
        0.04965937,
        -0.5042748
      ]
    ],
    "translation": [
      1.918822,
      1.16753113,
      -0.834775031
    ]
  },
  {
    "timeStamp": 32612,
    "rotation": [
      [
        -0.005526327,
        -0.9914671,
        -0.1302398
      ],
      [
        -0.495375752,
        -0.110423386,
        0.8616319
      ],
      [
        -0.868661165,
        0.06927931,
        -0.490538567
      ]
    ],
    "translation": [
      1.94053245,
      1.16713548,
      -0.82431376
    ]
  },
  {
    "timeStamp": 32667,
    "rotation": [
      [
        -0.0227596276,
        -0.9891013,
        -0.145466775
      ],
      [
        -0.4779841,
        -0.117030963,
        0.870537162
      ],
      [
        -0.8780736,
        0.0893439054,
        -0.470111132
      ]
    ],
    "translation": [
      1.96650314,
      1.16481411,
      -0.8119548
    ]
  },
  {
    "timeStamp": 32712,
    "rotation": [
      [
        -0.030212732,
        -0.986492,
        -0.160999268
      ],
      [
        -0.4578421,
        -0.1295235,
        0.8795478
      ],
      [
        -0.88852,
        0.100285783,
        -0.44774428
      ]
    ],
    "translation": [
      1.98649859,
      1.16158569,
      -0.803760052
    ]
  },
  {
    "timeStamp": 32767,
    "rotation": [
      [
        -0.07563098,
        -0.984518766,
        -0.158122525
      ],
      [
        -0.4310643,
        -0.110711411,
        0.8955035
      ],
      [
        -0.899146,
        0.135888785,
        -0.4160177
      ]
    ],
    "translation": [
      2.01372,
      1.15838623,
      -0.795233965
    ]
  },
  {
    "timeStamp": 32812,
    "rotation": [
      [
        -0.08196608,
        -0.987006,
        -0.138205439
      ],
      [
        -0.414698273,
        -0.09232077,
        0.9052636
      ],
      [
        -0.906259835,
        0.13151446,
        -0.401742518
      ]
    ],
    "translation": [
      2.02860737,
      1.1573087,
      -0.7883518
    ]
  },
  {
    "timeStamp": 32867,
    "rotation": [
      [
        -0.0985059962,
        -0.9870796,
        -0.126374081
      ],
      [
        -0.3928652,
        -0.07810274,
        0.916273355
      ],
      [
        -0.9143049,
        0.1399064,
        -0.380095631
      ]
    ],
    "translation": [
      2.04830456,
      1.15385807,
      -0.775760949
    ]
  },
  {
    "timeStamp": 32911,
    "rotation": [
      [
        -0.124274708,
        -0.986688852,
        -0.104885235
      ],
      [
        -0.3739209,
        -0.051342275,
        0.9260384
      ],
      [
        -0.9190968,
        0.154301941,
        -0.362563
      ]
    ],
    "translation": [
      2.06572413,
      1.14834476,
      -0.7639183
    ]
  },
  {
    "timeStamp": 32967,
    "rotation": [
      [
        -0.184834957,
        -0.9818014,
        -0.043610964
      ],
      [
        -0.338312447,
        0.0219022855,
        0.9407789
      ],
      [
        -0.9227029,
        0.188642964,
        -0.336203963
      ]
    ],
    "translation": [
      2.087392,
      1.13990784,
      -0.745017648
    ]
  },
  {
    "timeStamp": 33012,
    "rotation": [
      [
        -0.196226016,
        -0.9802693,
        -0.0238215514
      ],
      [
        -0.322950035,
        0.04167014,
        0.9454982
      ],
      [
        -0.9258503,
        0.193224519,
        -0.324754775
      ]
    ],
    "translation": [
      2.10138273,
      1.13505721,
      -0.727289
    ]
  },
  {
    "timeStamp": 33067,
    "rotation": [
      [
        -0.187236339,
        -0.9822618,
        0.01021447
      ],
      [
        -0.289270163,
        0.0650713,
        0.955033243
      ],
      [
        -0.9387573,
        0.1758622,
        -0.296322733
      ]
    ],
    "translation": [
      2.11355972,
      1.123236,
      -0.70405364
    ]
  },
  {
    "timeStamp": 33111,
    "rotation": [
      [
        -0.180516183,
        -0.983067632,
        0.0314931124
      ],
      [
        -0.2649502,
        0.07943725,
        0.960984468
      ],
      [
        -0.9472145,
        0.165129155,
        -0.274803668
      ]
    ],
    "translation": [
      2.124438,
      1.112358,
      -0.6844368
    ]
  },
  {
    "timeStamp": 33170,
    "rotation": [
      [
        -0.149103716,
        -0.9858363,
        0.0767776445
      ],
      [
        -0.229951754,
        0.110086463,
        0.9669556
      ],
      [
        -0.9617121,
        0.126521513,
        -0.243109092
      ]
    ],
    "translation": [
      2.130401,
      1.09611177,
      -0.6607833
    ]
  },
  {
    "timeStamp": 33211,
    "rotation": [
      [
        -0.128679678,
        -0.986292839,
        0.103285737
      ],
      [
        -0.19688195,
        0.127486587,
        0.972103238
      ],
      [
        -0.971946,
        0.104754843,
        -0.2105882
      ]
    ],
    "translation": [
      2.13580918,
      1.08101428,
      -0.643375039
    ]
  },
  {
    "timeStamp": 33267,
    "rotation": [
      [
        -0.0864746,
        -0.9863463,
        0.140153885
      ],
      [
        -0.163416833,
        0.152818844,
        0.97464937
      ],
      [
        -0.982759953,
        0.0613789372,
        -0.174400523
      ]
    ],
    "translation": [
      2.13601184,
      1.06204343,
      -0.624976
    ]
  },
  {
    "timeStamp": 33311,
    "rotation": [
      [
        -0.0618903935,
        -0.9807802,
        0.185040042
      ],
      [
        -0.133006856,
        0.19184655,
        0.9723703
      ],
      [
        -0.989180863,
        0.0355687737,
        -0.142323941
      ]
    ],
    "translation": [
      2.13509083,
      1.046781,
      -0.6117444
    ]
  },
  {
    "timeStamp": 33367,
    "rotation": [
      [
        0.0210661329,
        -0.984455943,
        0.174363658
      ],
      [
        -0.1189598,
        0.170695215,
        0.9781164
      ],
      [
        -0.992675543,
        -0.04134741,
        -0.113514796
      ]
    ],
    "translation": [
      2.13085556,
      1.02896726,
      -0.59835875
    ]
  },
  {
    "timeStamp": 33411,
    "rotation": [
      [
        0.021369189,
        -0.9786001,
        0.204658642
      ],
      [
        -0.08350562,
        0.20224303,
        0.9757687
      ],
      [
        -0.996278167,
        -0.0379415452,
        -0.07739684
      ]
    ],
    "translation": [
      2.13402343,
      1.01387191,
      -0.589376
    ]
  },
  {
    "timeStamp": 33467,
    "rotation": [
      [
        0.0545300953,
        -0.9755171,
        0.213056222
      ],
      [
        -0.06115745,
        0.209710136,
        0.9758491
      ],
      [
        -0.996637464,
        -0.06624311,
        -0.04822462
      ]
    ],
    "translation": [
      2.133088,
      0.9994751,
      -0.581063151
    ]
  },
  {
    "timeStamp": 33511,
    "rotation": [
      [
        0.06712734,
        -0.9723621,
        0.223620042
      ],
      [
        -0.04543205,
        0.22091423,
        0.974234462
      ],
      [
        -0.9967095,
        -0.07555729,
        -0.0293470174
      ]
    ],
    "translation": [
      2.13304043,
      0.990793467,
      -0.5745917
    ]
  },
  {
    "timeStamp": 33567,
    "rotation": [
      [
        0.14925766,
        -0.9783191,
        0.143575251
      ],
      [
        -0.03736862,
        0.139517069,
        0.9895143
      ],
      [
        -0.988091946,
        -0.153057814,
        -0.0157344434
      ]
    ],
    "translation": [
      2.1320982,
      0.9763841,
      -0.568925
    ]
  },
  {
    "timeStamp": 33611,
    "rotation": [
      [
        0.256516725,
        -0.966360867,
        -0.0185953975
      ],
      [
        -0.01109239,
        -0.0221812185,
        0.99969244
      ],
      [
        -0.9664761,
        -0.256231576,
        -0.0164091066
      ]
    ],
    "translation": [
      2.13807821,
      0.9601126,
      -0.567352533
    ]
  },
  {
    "timeStamp": 33667,
    "rotation": [
      [
        0.33966,
        -0.9360837,
        -0.09153382
      ],
      [
        0.0324857943,
        -0.08558567,
        0.9958011
      ],
      [
        -0.9399871,
        -0.341207325,
        0.00133939635
      ]
    ],
    "translation": [
      2.14434266,
      0.9482279,
      -0.565228641
    ]
  },
  {
    "timeStamp": 33711,
    "rotation": [
      [
        0.418256223,
        -0.8870582,
        -0.195421338
      ],
      [
        0.0625686347,
        -0.186496586,
        0.98046124
      ],
      [
        -0.90617156,
        -0.422311246,
        -0.0225013364
      ]
    ],
    "translation": [
      2.15275216,
      0.938927054,
      -0.5619485
    ]
  },
  {
    "timeStamp": 33767,
    "rotation": [
      [
        0.5186624,
        -0.818091,
        -0.248427883
      ],
      [
        0.08765451,
        -0.23815465,
        0.9672637
      ],
      [
        -0.85047394,
        -0.523459136,
        -0.051812496
      ]
    ],
    "translation": [
      2.154896,
      0.929837167,
      -0.557927668
    ]
  },
  {
    "timeStamp": 33811,
    "rotation": [
      [
        0.662497461,
        -0.683651865,
        -0.306132764
      ],
      [
        0.102039419,
        -0.322511077,
        0.9410497
      ],
      [
        -0.742081642,
        -0.654680669,
        -0.14390333
      ]
    ],
    "translation": [
      2.14635944,
      0.924063444,
      -0.5612779
    ]
  },
  {
    "timeStamp": 33867,
    "rotation": [
      [
        0.7582892,
        -0.565165341,
        -0.3249393
      ],
      [
        0.143439367,
        -0.3415796,
        0.9288426
      ],
      [
        -0.6359423,
        -0.750940442,
        -0.177949145
      ]
    ],
    "translation": [
      2.13874722,
      0.9143944,
      -0.5682144
    ]
  },
  {
    "timeStamp": 33911,
    "rotation": [
      [
        0.8133439,
        -0.4752313,
        -0.335599363
      ],
      [
        0.161247,
        -0.370107263,
        0.914887965
      ],
      [
        -0.5589912,
        -0.7982329,
        -0.224394858
      ]
    ],
    "translation": [
      2.1377728,
      0.9131074,
      -0.5671196
    ]
  },
  {
    "timeStamp": 33967,
    "rotation": [
      [
        0.8478211,
        -0.429469973,
        -0.311054558
      ],
      [
        0.161558762,
        -0.349500477,
        0.922902048
      ],
      [
        -0.5050724,
        -0.832709432,
        -0.226929247
      ]
    ],
    "translation": [
      2.13258171,
      0.913537741,
      -0.563785
    ]
  },
  {
    "timeStamp": 34011,
    "rotation": [
      [
        0.8779677,
        -0.374953419,
        -0.2976283
      ],
      [
        0.164677814,
        -0.347221553,
        0.9232109
      ],
      [
        -0.449504048,
        -0.859562159,
        -0.243102789
      ]
    ],
    "translation": [
      2.130107,
      0.914505064,
      -0.561393261
    ]
  },
  {
    "timeStamp": 34067,
    "rotation": [
      [
        0.898197651,
        -0.3399275,
        -0.278729856
      ],
      [
        0.160470188,
        -0.336764544,
        0.927814066
      ],
      [
        -0.409255862,
        -0.878088236,
        -0.247932881
      ]
    ],
    "translation": [
      2.12932372,
      0.9140351,
      -0.5564723
    ]
  },
  {
    "timeStamp": 34111,
    "rotation": [
      [
        0.9166403,
        -0.291821957,
        -0.273149341
      ],
      [
        0.166037545,
        -0.343628317,
        0.924311161
      ],
      [
        -0.363596141,
        -0.8926139,
        -0.266530126
      ]
    ],
    "translation": [
      2.13060045,
      0.9144883,
      -0.5536403
    ]
  },
  {
    "timeStamp": 34166,
    "rotation": [
      [
        0.932999253,
        -0.238814935,
        -0.2692209
      ],
      [
        0.171076253,
        -0.363836,
        0.915618
      ],
      [
        -0.3166155,
        -0.900328159,
        -0.298603117
      ]
    ],
    "translation": [
      2.13008,
      0.9154149,
      -0.5488483
    ]
  },
  {
    "timeStamp": 34211,
    "rotation": [
      [
        0.945213437,
        -0.203227326,
        -0.255480558
      ],
      [
        0.168355361,
        -0.3670412,
        0.9148427
      ],
      [
        -0.279692948,
        -0.907733142,
        -0.312717855
      ]
    ],
    "translation": [
      2.12825775,
      0.9172506,
      -0.5456102
    ]
  },
  {
    "timeStamp": 34266,
    "rotation": [
      [
        0.9583657,
        -0.118049823,
        -0.259999037
      ],
      [
        0.197154447,
        -0.38510105,
        0.901569366
      ],
      [
        -0.206555992,
        -0.9152931,
        -0.345793575
      ]
    ],
    "translation": [
      2.127545,
      0.912560761,
      -0.546009
    ]
  },
  {
    "timeStamp": 34311,
    "rotation": [
      [
        0.965191841,
        -0.0652518347,
        -0.253272682
      ],
      [
        0.208065525,
        -0.39518714,
        0.8947267
      ],
      [
        -0.158472672,
        -0.9162802,
        -0.3678547
      ]
    ],
    "translation": [
      2.12460613,
      0.9073184,
      -0.547635734
    ]
  },
  {
    "timeStamp": 34367,
    "rotation": [
      [
        0.969380438,
        -0.0186049379,
        -0.244858176
      ],
      [
        0.218772128,
        -0.387469232,
        0.895548046
      ],
      [
        -0.111536652,
        -0.9216949,
        -0.371534824
      ]
    ],
    "translation": [
      2.119952,
      0.9026457,
      -0.550114036
    ]
  },
  {
    "timeStamp": 34411,
    "rotation": [
      [
        0.974799335,
        0.0119247716,
        -0.222764626
      ],
      [
        0.209294409,
        -0.3945164,
        0.894736052
      ],
      [
        -0.07721479,
        -0.9188115,
        -0.387070119
      ]
    ],
    "translation": [
      2.11421561,
      0.9017389,
      -0.551887631
    ]
  },
  {
    "timeStamp": 34466,
    "rotation": [
      [
        0.9787793,
        0.004634416,
        -0.204865068
      ],
      [
        0.19028531,
        -0.3915558,
        0.900264144
      ],
      [
        -0.0760439262,
        -0.9201427,
        -0.384128541
      ]
    ],
    "translation": [
      2.108481,
      0.9010825,
      -0.5473348
    ]
  },
  {
    "timeStamp": 34511,
    "rotation": [
      [
        0.979430735,
        0.0264501944,
        -0.200039476
      ],
      [
        0.194361851,
        -0.390014052,
        0.9000625
      ],
      [
        -0.0542113781,
        -0.920428932,
        -0.387132674
      ]
    ],
    "translation": [
      2.10664845,
      0.896463037,
      -0.5478238
    ]
  },
  {
    "timeStamp": 34567,
    "rotation": [
      [
        0.9802992,
        0.03455512,
        -0.194472626
      ],
      [
        0.192548081,
        -0.386675566,
        0.901890934
      ],
      [
        -0.04403286,
        -0.9215683,
        -0.385711223
      ]
    ],
    "translation": [
      2.10485268,
      0.891770363,
      -0.546281
    ]
  },
  {
    "timeStamp": 34611,
    "rotation": [
      [
        0.983306468,
        0.04233582,
        -0.1769634
      ],
      [
        0.179488033,
        -0.38535285,
        0.9051449
      ],
      [
        -0.0298732948,
        -0.921797633,
        -0.386518717
      ]
    ],
    "translation": [
      2.10141659,
      0.8909379,
      -0.54547143
    ]
  },
  {
    "timeStamp": 34666,
    "rotation": [
      [
        0.9867109,
        0.0375130661,
        -0.158095822
      ],
      [
        0.159794331,
        -0.400379062,
        0.9023095
      ],
      [
        -0.0294498559,
        -0.9155814,
        -0.4010528
      ]
    ],
    "translation": [
      2.099762,
      0.890217543,
      -0.5434534
    ]
  },
  {
    "timeStamp": 34711,
    "rotation": [
      [
        0.98791,
        0.0208769385,
        -0.153616309
      ],
      [
        0.148726672,
        -0.407274455,
        0.9011148
      ],
      [
        -0.0437514633,
        -0.913067162,
        -0.40545547
      ]
    ],
    "translation": [
      2.09873819,
      0.8901904,
      -0.541855454
    ]
  },
  {
    "timeStamp": 34766,
    "rotation": [
      [
        0.978790164,
        0.127389312,
        -0.160442278
      ],
      [
        0.199285239,
        -0.410514534,
        0.8898108
      ],
      [
        0.04748851,
        -0.902911842,
        -0.427194417
      ]
    ],
    "translation": [
      2.10378051,
      0.887491345,
      -0.5403398
    ]
  },
  {
    "timeStamp": 34811,
    "rotation": [
      [
        0.989493966,
        0.0275508147,
        -0.141924784
      ],
      [
        0.14077878,
        -0.407071382,
        0.9024823
      ],
      [
        -0.03290939,
        -0.9129808,
        -0.406673253
      ]
    ],
    "translation": [
      2.09736729,
      0.8872166,
      -0.541952848
    ]
  },
  {
    "timeStamp": 34866,
    "rotation": [
      [
        0.99107635,
        0.0138455564,
        -0.1325746
      ],
      [
        0.127604008,
        -0.386078537,
        0.9135976
      ],
      [
        -0.0385349542,
        -0.92236197,
        -0.38440004
      ]
    ],
    "translation": [
      2.09671044,
      0.8884889,
      -0.5419202
    ]
  },
  {
    "timeStamp": 34911,
    "rotation": [
      [
        0.9569888,
        0.14200215,
        -0.252997637
      ],
      [
        0.290070683,
        -0.451467484,
        0.8438223
      ],
      [
        0.00560436165,
        -0.8809157,
        -0.473240018
      ]
    ],
    "translation": [
      2.10384965,
      0.8738126,
      -0.5395065
    ]
  },
  {
    "timeStamp": 34966,
    "rotation": [
      [
        0.98353976,
        -0.002149391,
        -0.1806788
      ],
      [
        0.173144534,
        -0.274759442,
        0.945795
      ],
      [
        -0.0516761057,
        -0.961510539,
        -0.269864678
      ]
    ],
    "translation": [
      2.1055212,
      0.8734033,
      -0.5418472
    ]
  },
  {
    "timeStamp": 35011,
    "rotation": [
      [
        0.992846668,
        -0.0229984783,
        -0.117160536
      ],
      [
        0.110439986,
        -0.19598794,
        0.9743673
      ],
      [
        -0.0453710444,
        -0.980336547,
        -0.192046031
      ]
    ],
    "translation": [
      2.10339975,
      0.8732994,
      -0.5451035
    ]
  },
  {
    "timeStamp": 35066,
    "rotation": [
      [
        0.9985065,
        -0.0376656875,
        -0.0395737179
      ],
      [
        0.03444009,
        -0.128342614,
        0.9911317
      ],
      [
        -0.0424106419,
        -0.9910144,
        -0.126853734
      ]
    ],
    "translation": [
      2.09394336,
      0.8723442,
      -0.5485014
    ]
  },
  {
    "timeStamp": 35111,
    "rotation": [
      [
        0.998575866,
        -0.0411457643,
        -0.03396032
      ],
      [
        0.0290254578,
        -0.115104735,
        0.9929292
      ],
      [
        -0.0447638221,
        -0.992500842,
        -0.113746531
      ]
    ],
    "translation": [
      2.09379435,
      0.872489154,
      -0.548441052
    ]
  },
  {
    "timeStamp": 35166,
    "rotation": [
      [
        0.9982869,
        -0.04881211,
        -0.0322593562
      ],
      [
        0.0262654759,
        -0.11880637,
        0.99257
      ],
      [
        -0.05228205,
        -0.9917169,
        -0.117320769
      ]
    ],
    "translation": [
      2.09363937,
      0.87251,
      -0.5482369
    ]
  },
  {
    "timeStamp": 35211,
    "rotation": [
      [
        0.9983056,
        -0.04907111,
        -0.03127328
      ],
      [
        0.025260739,
        -0.118689686,
        0.992610037
      ],
      [
        -0.0524202846,
        -0.9917181,
        -0.117249005
      ]
    ],
    "translation": [
      2.09363961,
      0.8725153,
      -0.5482438
    ]
  }
]