[
  {
    "timeStamp": 127479,
    "rotation": [
      [
        -0.106716439,
        -0.258392721,
        0.9601275
      ],
      [
        0.372777671,
        0.884808,
        0.279556066
      ],
      [
        -0.9217637,
        0.387747318,
        0.0018994743
      ]
    ],
    "translation": [
      1.76548541,
      0.848947644,
      -0.706708431
    ]
  },
  {
    "timeStamp": 127524,
    "rotation": [
      [
        -0.1080807,
        -0.263882369,
        0.958480358
      ],
      [
        0.37836802,
        0.8806498,
        0.2851203
      ],
      [
        -0.919323742,
        0.3934743,
        0.004663393
      ]
    ],
    "translation": [
      1.76548851,
      0.8492506,
      -0.7067291
    ]
  },
  {
    "timeStamp": 127579,
    "rotation": [
      [
        -0.114752695,
        -0.257671177,
        0.9593942
      ],
      [
        0.393060774,
        0.875180662,
        0.28206718
      ],
      [
        -0.912323952,
        0.409468234,
        0.0008510902
      ]
    ],
    "translation": [
      1.76554966,
      0.849317431,
      -0.7066045
    ]
  },
  {
    "timeStamp": 127624,
    "rotation": [
      [
        -0.11344368,
        -0.255633056,
        0.9600949
      ],
      [
        0.39043653,
        0.8771212,
        0.279674172
      ],
      [
        -0.9136136,
        0.4065834,
        0.0003046299
      ]
    ],
    "translation": [
      1.76554477,
      0.8493609,
      -0.7066162
    ]
  },
  {
    "timeStamp": 127679,
    "rotation": [
      [
        -0.117958456,
        -0.225865349,
        0.96699053
      ],
      [
        0.362182051,
        0.8969228,
        0.25368008
      ],
      [
        -0.9246134,
        0.3801503,
        -0.0239952672
      ]
    ],
    "translation": [
      1.76560462,
      0.849955738,
      -0.706469059
    ]
  },
  {
    "timeStamp": 127724,
    "rotation": [
      [
        -0.119197607,
        -0.23989436,
        0.963453531
      ],
      [
        0.374201745,
        0.8879606,
        0.267392963
      ],
      [
        -0.919654846,
        0.3923986,
        -0.0160738919
      ]
    ],
    "translation": [
      1.77052033,
      0.852837563,
      -0.7110771
    ]
  },
  {
    "timeStamp": 127779,
    "rotation": [
      [
        -0.129416987,
        -0.209412634,
        0.9692253
      ],
      [
        0.3573257,
        0.901926339,
        0.242584258
      ],
      [
        -0.924970031,
        0.377723634,
        -0.041896075
      ]
    ],
    "translation": [
      1.77648163,
      0.8681053,
      -0.716249049
    ]
  },
  {
    "timeStamp": 127824,
    "rotation": [
      [
        -0.133761,
        -0.1759531,
        0.9752684
      ],
      [
        0.346101969,
        0.91385144,
        0.2123415
      ],
      [
        -0.9286126,
        0.365945339,
        -0.06133996
      ]
    ],
    "translation": [
      1.7831161,
      0.8836861,
      -0.722616851
    ]
  },
  {
    "timeStamp": 127879,
    "rotation": [
      [
        -0.138188377,
        -0.1517349,
        0.9787137
      ],
      [
        0.313372076,
        0.9307256,
        0.1885413
      ],
      [
        -0.939522147,
        0.332755744,
        -0.0810659751
      ]
    ],
    "translation": [
      1.7935183,
      0.90955,
      -0.7327976
    ]
  },
  {
    "timeStamp": 127923,
    "rotation": [
      [
        -0.137751028,
        -0.11667861,
        0.9835704
      ],
      [
        0.283979923,
        0.946693361,
        0.152075931
      ],
      [
        -0.9488836,
        0.300262868,
        -0.0972736
      ]
    ],
    "translation": [
      1.80389237,
      0.935560346,
      -0.740651
    ]
  },
  {
    "timeStamp": 127979,
    "rotation": [
      [
        -0.1529933,
        -0.07719855,
        0.9852073
      ],
      [
        0.2484754,
        0.9619113,
        0.113958985
      ],
      [
        -0.9564795,
        0.262234747,
        -0.127984047
      ]
    ],
    "translation": [
      1.82241166,
      0.9708467,
      -0.7489567
    ]
  },
  {
    "timeStamp": 128023,
    "rotation": [
      [
        -0.1597945,
        -0.0462840758,
        0.9860646
      ],
      [
        0.205380008,
        0.975483,
        0.0790697858
      ],
      [
        -0.965548933,
        0.215152875,
        -0.146370977
      ]
    ],
    "translation": [
      1.84012341,
      1.00226521,
      -0.754908
    ]
  },
  {
    "timeStamp": 128079,
    "rotation": [
      [
        -0.188272238,
        -0.0267149713,
        0.981753469
      ],
      [
        0.1694623,
        0.983752966,
        0.0592674
      ],
      [
        -0.967386246,
        0.1775286,
        -0.180686191
      ]
    ],
    "translation": [
      1.868532,
      1.036103,
      -0.759588242
    ]
  },
  {
    "timeStamp": 128124,
    "rotation": [
      [
        -0.208172992,
        -0.012896575,
        0.978006959
      ],
      [
        0.124236785,
        0.99146533,
        0.03951838
      ],
      [
        -0.970169663,
        0.1297311,
        -0.204794064
      ]
    ],
    "translation": [
      1.89285052,
      1.06195545,
      -0.7619691
    ]
  },
  {
    "timeStamp": 128179,
    "rotation": [
      [
        -0.24037832,
        -0.00515924348,
        0.970665634
      ],
      [
        0.109941319,
        0.9934064,
        0.0325062871
      ],
      [
        -0.964433134,
        0.114530057,
        -0.238226146
      ]
    ],
    "translation": [
      1.92715049,
      1.08488846,
      -0.762667239
    ]
  },
  {
    "timeStamp": 128223,
    "rotation": [
      [
        -0.272951871,
        0.00184996345,
        0.9620259
      ],
      [
        0.10526225,
        0.9940515,
        0.0279541
      ],
      [
        -0.956251562,
        0.10889513,
        -0.271522939
      ]
    ],
    "translation": [
      1.95711482,
      1.09751964,
      -0.7623482
    ]
  },
  {
    "timeStamp": 128279,
    "rotation": [
      [
        -0.30607906,
        -0.0189222116,
        0.951818049
      ],
      [
        0.108886138,
        0.992545545,
        0.0547467247
      ],
      [
        -0.9457587,
        0.120396614,
        -0.30173704
      ]
    ],
    "translation": [
      1.9953115,
      1.10395145,
      -0.762359738
    ]
  },
  {
    "timeStamp": 128323,
    "rotation": [
      [
        -0.3357519,
        -0.03554918,
        0.9412794
      ],
      [
        0.142229274,
        0.985917032,
        0.08796781
      ],
      [
        -0.9311506,
        0.163412839,
        -0.3259674
      ]
    ],
    "translation": [
      2.02706957,
      1.09924889,
      -0.762769163
    ]
  },
  {
    "timeStamp": 128379,
    "rotation": [
      [
        -0.363667667,
        -0.0346365124,
        0.930884659
      ],
      [
        0.18564631,
        0.9765676,
        0.108862534
      ],
      [
        -0.9128424,
        0.212405086,
        -0.348715931
      ]
    ],
    "translation": [
      2.06571269,
      1.090321,
      -0.7652527
    ]
  },
  {
    "timeStamp": 128423,
    "rotation": [
      [
        -0.3768582,
        -0.0492284931,
        0.9249618
      ],
      [
        0.238852873,
        0.9596507,
        0.1483908
      ],
      [
        -0.8949453,
        0.2768521,
        -0.349893868
      ]
    ],
    "translation": [
      2.09333277,
      1.0756588,
      -0.7686339
    ]
  },
  {
    "timeStamp": 128479,
    "rotation": [
      [
        -0.369890034,
        -0.0225198586,
        0.9288026
      ],
      [
        0.3115533,
        0.938814938,
        0.146836847
      ],
      [
        -0.8752805,
        0.343685,
        -0.340242147
      ]
    ],
    "translation": [
      2.11704159,
      1.05598891,
      -0.7726447
    ]
  },
  {
    "timeStamp": 128523,
    "rotation": [
      [
        -0.349417269,
        -0.03288689,
        0.9363899
      ],
      [
        0.369782,
        0.9134216,
        0.170065716
      ],
      [
        -0.8609116,
        0.405684024,
        -0.3070043
      ]
    ],
    "translation": [
      2.12642264,
      1.03424025,
      -0.776878238
    ]
  },
  {
    "timeStamp": 128579,
    "rotation": [
      [
        -0.323769838,
        -0.008674507,
        0.9460961
      ],
      [
        0.425346255,
        0.891877353,
        0.153737962
      ],
      [
        -0.8451353,
        0.452194154,
        -0.2850733
      ]
    ],
    "translation": [
      2.132642,
      1.01263189,
      -0.77917403
    ]
  },
  {
    "timeStamp": 128623,
    "rotation": [
      [
        -0.3139726,
        -0.04267921,
        0.9484723
      ],
      [
        0.4417022,
        0.8777301,
        0.185712546
      ],
      [
        -0.84042865,
        0.477250934,
        -0.2567317
      ]
    ],
    "translation": [
      2.13214159,
      0.995214,
      -0.7810707
    ]
  },
  {
    "timeStamp": 128679,
    "rotation": [
      [
        -0.270631552,
        -0.0247291159,
        0.9623653
      ],
      [
        0.492187619,
        0.8555843,
        0.1603958
      ],
      [
        -0.8273511,
        0.517072439,
        -0.219376758
      ]
    ],
    "translation": [
      2.12557435,
      0.9761393,
      -0.7832077
    ]
  },
  {
    "timeStamp": 128723,
    "rotation": [
      [
        -0.267441422,
        -0.0541460179,
        0.9620516
      ],
      [
        0.499319166,
        0.8461236,
        0.186427489
      ],
      [
        -0.824108839,
        0.5302292,
        -0.199252367
      ]
    ],
    "translation": [
      2.121461,
      0.9610576,
      -0.786248
    ]
  },
  {
    "timeStamp": 128779,
    "rotation": [
      [
        -0.250244766,
        -0.0430740751,
        0.967224
      ],
      [
        0.540135562,
        0.822884738,
        0.17639254
      ],
      [
        -0.8035118,
        0.5665734,
        -0.182656765
      ]
    ],
    "translation": [
      2.116793,
      0.9459284,
      -0.790176153
    ]
  },
  {
    "timeStamp": 128823,
    "rotation": [
      [
        -0.2330744,
        -0.0696089044,
        0.9699644
      ],
      [
        0.5344965,
        0.824092746,
        0.1875756
      ],
      [
        -0.8123976,
        0.5621617,
        -0.154869214
      ]
    ],
    "translation": [
      2.11209321,
      0.941098452,
      -0.793664336
    ]
  },
  {
    "timeStamp": 128879,
    "rotation": [
      [
        -0.202158362,
        -0.07149099,
        0.97674
      ],
      [
        0.5626325,
        0.807847,
        0.175578609
      ],
      [
        -0.8016088,
        0.585040331,
        -0.12308988
      ]
    ],
    "translation": [
      2.10377455,
      0.932297,
      -0.7980165
    ]
  },
  {
    "timeStamp": 128923,
    "rotation": [
      [
        -0.188029557,
        -0.0794657841,
        0.978943348
      ],
      [
        0.56383574,
        0.807384431,
        0.173837677
      ],
      [
        -0.8041978,
        0.5846499,
        -0.1070065
      ]
    ],
    "translation": [
      2.10006475,
      0.9263563,
      -0.797748864
    ]
  },
  {
    "timeStamp": 128979,
    "rotation": [
      [
        -0.188719735,
        -0.0832643956,
        0.9784947
      ],
      [
        0.58771807,
        0.788682461,
        0.180464119
      ],
      [
        -0.7867479,
        0.609136164,
        -0.09990396
      ]
    ],
    "translation": [
      2.09749746,
      0.9151642,
      -0.7971435
    ]
  },
  {
    "timeStamp": 129023,
    "rotation": [
      [
        -0.192857429,
        -0.122595929,
        0.973538
      ],
      [
        0.58237195,
        0.784215868,
        0.214122534
      ],
      [
        -0.789714456,
        0.6082563,
        -0.07984543
      ]
    ],
    "translation": [
      2.097468,
      0.9071027,
      -0.796695769
    ]
  },
  {
    "timeStamp": 129079,
    "rotation": [
      [
        -0.18976903,
        -0.1370154,
        0.972221434
      ],
      [
        0.5941277,
        0.772316158,
        0.224811167
      ],
      [
        -0.7816649,
        0.620285869,
        -0.06515704
      ]
    ],
    "translation": [
      2.09598613,
      0.899382949,
      -0.7987344
    ]
  },
  {
    "timeStamp": 129123,
    "rotation": [
      [
        -0.182509929,
        -0.140514836,
        0.9731114
      ],
      [
        0.60028255,
        0.767932951,
        0.223472357
      ],
      [
        -0.778685451,
        0.6249277,
        -0.0558067821
      ]
    ],
    "translation": [
      2.09551954,
      0.89705646,
      -0.7999468
    ]
  }
]