[
  {
    "timeStamp": 75525,
    "rotation": [
      [
        0.999990463,
        0.00293087936,
        -0.00325068482
      ],
      [
        0.0033243245,
        -0.0254808627,
        0.9996698
      ],
      [
        0.00284708338,
        -0.999671042,
        -0.0254903622
      ]
    ],
    "translation": [
      1.7686789,
      0.7004435,
      -0.229491457
    ]
  },
  {
    "timeStamp": 75569,
    "rotation": [
      [
        0.998815358,
        -0.04636863,
        0.0147593757
      ],
      [
        -0.0169415958,
        -0.0470275059,
        0.9987499
      ],
      [
        -0.0456165634,
        -0.9978168,
        -0.0477573536
      ]
    ],
    "translation": [
      1.7750355,
      0.705798447,
      -0.228932381
    ]
  },
  {
    "timeStamp": 75625,
    "rotation": [
      [
        0.9977174,
        -0.0559336655,
        0.0378351025
      ],
      [
        -0.0429547019,
        -0.09335813,
        0.994705558
      ],
      [
        -0.05210531,
        -0.9940602,
        -0.09554764
      ]
    ],
    "translation": [
      1.7756542,
      0.724494338,
      -0.229572564
    ]
  },
  {
    "timeStamp": 75671,
    "rotation": [
      [
        0.9975213,
        -0.0433572456,
        0.05542031
      ],
      [
        -0.0615347773,
        -0.1555101,
        0.98591584
      ],
      [
        -0.034128163,
        -0.9868823,
        -0.1577926
      ]
    ],
    "translation": [
      1.774413,
      0.74812007,
      -0.23381418
    ]
  },
  {
    "timeStamp": 75727,
    "rotation": [
      [
        0.9936048,
        -0.05580063,
        0.098162055
      ],
      [
        -0.109006092,
        -0.247308239,
        0.9627857
      ],
      [
        -0.0294477791,
        -0.9673288,
        -0.251809269
      ]
    ],
    "translation": [
      1.77557552,
      0.786634445,
      -0.248323232
    ]
  },
  {
    "timeStamp": 75772,
    "rotation": [
      [
        0.989543557,
        -0.0534536652,
        0.133963451
      ],
      [
        -0.143945441,
        -0.307252347,
        0.9406783
      ],
      [
        -0.009122099,
        -0.9501256,
        -0.311734
      ]
    ],
    "translation": [
      1.77761483,
      0.8168734,
      -0.274525642
    ]
  },
  {
    "timeStamp": 75818,
    "rotation": [
      [
        0.9826407,
        -0.0438873544,
        0.180253312
      ],
      [
        -0.184471756,
        -0.334245384,
        0.924256563
      ],
      [
        0.0196856614,
        -0.9414637,
        -0.33653906
      ]
    ],
    "translation": [
      1.77664411,
      0.8382448,
      -0.3089269
    ]
  },
  {
    "timeStamp": 75874,
    "rotation": [
      [
        0.9715567,
        -0.02388354,
        0.235599488
      ],
      [
        -0.230357632,
        -0.325929433,
        0.91689986
      ],
      [
        0.05489001,
        -0.9450924,
        -0.322160661
      ]
    ],
    "translation": [
      1.77519047,
      0.851874053,
      -0.364671469
    ]
  },
  {
    "timeStamp": 75919,
    "rotation": [
      [
        0.965117335,
        0.008262801,
        0.261687547
      ],
      [
        -0.247388467,
        -0.298452973,
        0.9218052
      ],
      [
        0.08571809,
        -0.9543886,
        -0.285998
      ]
    ],
    "translation": [
      1.77413154,
      0.852865,
      -0.4150563
    ]
  },
  {
    "timeStamp": 75975,
    "rotation": [
      [
        0.954719663,
        0.03873442,
        0.2949744
      ],
      [
        -0.2776871,
        -0.239811614,
        0.930258155
      ],
      [
        0.106771305,
        -0.970046341,
        -0.218196824
      ]
    ],
    "translation": [
      1.77486551,
      0.8463948,
      -0.4809793
    ]
  },
  {
    "timeStamp": 76019,
    "rotation": [
      [
        0.9555587,
        0.06272464,
        0.288050532
      ],
      [
        -0.268670768,
        -0.216883957,
        0.9384974
      ],
      [
        0.121340431,
        -0.974180162,
        -0.190393075
      ]
    ],
    "translation": [
      1.78317547,
      0.844681144,
      -0.5310545
    ]
  },
  {
    "timeStamp": 76075,
    "rotation": [
      [
        0.9534751,
        0.0106672775,
        0.301282883
      ],
      [
        -0.293555766,
        -0.194658041,
        0.9359131
      ],
      [
        0.06863076,
        -0.980813146,
        -0.182470173
      ]
    ],
    "translation": [
      1.80781555,
      0.850393236,
      -0.5813831
    ]
  },
  {
    "timeStamp": 76119,
    "rotation": [
      [
        0.955075562,
        -0.0653697848,
        0.289063215
      ],
      [
        -0.296322048,
        -0.194515243,
        0.935070634
      ],
      [
        -0.0048981756,
        -0.9787189,
        -0.205147266
      ]
    ],
    "translation": [
      1.84100783,
      0.8602266,
      -0.612803
    ]
  },
  {
    "timeStamp": 76175,
    "rotation": [
      [
        0.954602242,
        -0.1710119,
        0.243904755
      ],
      [
        -0.2788017,
        -0.224580765,
        0.933720052
      ],
      [
        -0.104900941,
        -0.9593323,
        -0.2620637
      ]
    ],
    "translation": [
      1.89441,
      0.876874745,
      -0.6396183
    ]
  },
  {
    "timeStamp": 76219,
    "rotation": [
      [
        0.9480334,
        -0.270505548,
        0.1675095
      ],
      [
        -0.240023732,
        -0.262446165,
        0.9346179
      ],
      [
        -0.208857089,
        -0.9262552,
        -0.313735485
      ]
    ],
    "translation": [
      1.950292,
      0.8912548,
      -0.6564621
    ]
  },
  {
    "timeStamp": 76275,
    "rotation": [
      [
        0.9167238,
        -0.391879022,
        0.0777703
      ],
      [
        -0.210575566,
        -0.30850926,
        0.9276206
      ],
      [
        -0.3395222,
        -0.8667484,
        -0.365337938
      ]
    ],
    "translation": [
      2.02451849,
      0.9074262,
      -0.6756157
    ]
  },
  {
    "timeStamp": 76319,
    "rotation": [
      [
        0.8848857,
        -0.465139717,
        0.02494503
      ],
      [
        -0.1937895,
        -0.318911761,
        0.927761257
      ],
      [
        -0.423583329,
        -0.8257968,
        -0.372339666
      ]
    ],
    "translation": [
      2.07641387,
      0.9105766,
      -0.6907004
    ]
  },
  {
    "timeStamp": 76374,
    "rotation": [
      [
        0.8620697,
        -0.506789565,
        0.000434989517
      ],
      [
        -0.150761664,
        -0.255632073,
        0.9549467
      ],
      [
        -0.48384583,
        -0.8232962,
        -0.2967771
      ]
    ],
    "translation": [
      2.124507,
      0.891335368,
      -0.710859656
    ]
  },
  {
    "timeStamp": 76419,
    "rotation": [
      [
        0.8672609,
        -0.494470656,
        0.0579433069
      ],
      [
        -0.158265829,
        -0.163476482,
        0.973769665
      ],
      [
        -0.472028136,
        -0.853682756,
        -0.220034555
      ]
    ],
    "translation": [
      2.13823867,
      0.8647903,
      -0.7245925
    ]
  },
  {
    "timeStamp": 76469,
    "rotation": [
      [
        0.854329467,
        -0.515874863,
        0.06320004
      ],
      [
        -0.15500316,
        -0.136834264,
        0.978391767
      ],
      [
        -0.4960798,
        -0.8456651,
        -0.196863785
      ]
    ],
    "translation": [
      2.14933276,
      0.8480109,
      -0.734861553
    ]
  },
  {
    "timeStamp": 76525,
    "rotation": [
      [
        0.878219068,
        -0.47567755,
        0.04961999
      ],
      [
        -0.109257467,
        -0.0985373259,
        0.9891174
      ],
      [
        -0.465611517,
        -0.8740831,
        -0.138508677
      ]
    ],
    "translation": [
      2.160072,
      0.823195159,
      -0.7500949
    ]
  },
  {
    "timeStamp": 76569,
    "rotation": [
      [
        0.864342868,
        -0.4995509,
        0.05796877
      ],
      [
        -0.102243423,
        -0.06169422,
        0.992844462
      ],
      [
        -0.49240002,
        -0.864084959,
        -0.104400754
      ]
    ],
    "translation": [
      2.165226,
      0.8062133,
      -0.7595405
    ]
  },
  {
    "timeStamp": 76624,
    "rotation": [
      [
        0.8853543,
        -0.464312017,
        0.0237093866
      ],
      [
        -0.0415162146,
        -0.0281643085,
        0.9987408
      ],
      [
        -0.4630596,
        -0.885223746,
        -0.0442118719
      ]
    ],
    "translation": [
      2.16868758,
      0.7865855,
      -0.7685806
    ]
  },
  {
    "timeStamp": 76669,
    "rotation": [
      [
        0.875343561,
        -0.479135722,
        0.064827
      ],
      [
        -0.06935805,
        0.008257668,
        0.99755764
      ],
      [
        -0.4785008,
        -0.877701938,
        -0.0260036252
      ]
    ],
    "translation": [
      2.1663835,
      0.771386147,
      -0.7733268
    ]
  },
  {
    "timeStamp": 76725,
    "rotation": [
      [
        0.888257265,
        -0.458134472,
        0.0333449
      ],
      [
        -0.0311640017,
        0.0123206619,
        0.999438345
      ],
      [
        -0.458288,
        -0.8887975,
        -0.00333338627
      ]
    ],
    "translation": [
      2.166895,
      0.756984353,
      -0.774771452
    ]
  },
  {
    "timeStamp": 76769,
    "rotation": [
      [
        0.892548263,
        -0.449322671,
        0.0382969677
      ],
      [
        -0.0386667028,
        0.008357221,
        0.9992172
      ],
      [
        -0.449291,
        -0.893330455,
        -0.009914603
      ]
    ],
    "translation": [
      2.16517568,
      0.74801147,
      -0.7724941
    ]
  },
  {
    "timeStamp": 76825,
    "rotation": [
      [
        0.899465144,
        -0.436946929,
        -0.006318344
      ],
      [
        0.00623007165,
        -0.00163516577,
        0.999979258
      ],
      [
        -0.4369482,
        -0.8994858,
        0.00125143607
      ]
    ],
    "translation": [
      2.16701269,
      0.738763332,
      -0.7714701
    ]
  }
]