[
  {
    "timeStamp": 77850,
    "rotation": [
      [
        0.9684289,
        -0.221644059,
        -0.114102438
      ],
      [
        0.239270762,
        0.697968543,
        0.6749736
      ],
      [
        -0.06996398,
        -0.680965364,
        0.7289659
      ]
    ],
    "translation": [
      1.610699,
      0.7005017,
      -0.24262695
    ]
  },
  {
    "timeStamp": 77907,
    "rotation": [
      [
        0.9717617,
        -0.2236952,
        -0.0750975758
      ],
      [
        0.2138966,
        0.700693548,
        0.680644333
      ],
      [
        -0.09963647,
        -0.677487254,
        0.7287549
      ]
    ],
    "translation": [
      1.61004758,
      0.702055931,
      -0.241923392
    ]
  },
  {
    "timeStamp": 77952,
    "rotation": [
      [
        0.969016552,
        -0.2375952,
        -0.06749384
      ],
      [
        0.221754074,
        0.716535449,
        0.66136384
      ],
      [
        -0.108775146,
        -0.655839562,
        0.7470224
      ]
    ],
    "translation": [
      1.62022841,
      0.7141018,
      -0.248174757
    ]
  },
  {
    "timeStamp": 77998,
    "rotation": [
      [
        0.9791611,
        -0.200191364,
        -0.0341608375
      ],
      [
        0.164663583,
        0.6841479,
        0.710512161
      ],
      [
        -0.118867323,
        -0.7013309,
        0.70285517
      ]
    ],
    "translation": [
      1.61847425,
      0.740381956,
      -0.252493739
    ]
  },
  {
    "timeStamp": 78051,
    "rotation": [
      [
        0.9887873,
        -0.148685187,
        -0.0138737429
      ],
      [
        0.102495812,
        0.6081686,
        0.787163
      ],
      [
        -0.108601905,
        -0.7797588,
        0.61658895
      ]
    ],
    "translation": [
      1.62301338,
      0.783993244,
      -0.267205536
    ]
  },
  {
    "timeStamp": 78107,
    "rotation": [
      [
        0.996509135,
        -0.0799911246,
        0.0238953084
      ],
      [
        0.0236752015,
        0.5452522,
        0.837937653
      ],
      [
        -0.08005654,
        -0.8344468,
        0.5452426
      ]
    ],
    "translation": [
      1.63001728,
      0.830629,
      -0.297267526
    ]
  },
  {
    "timeStamp": 78152,
    "rotation": [
      [
        0.998936951,
        -0.03693552,
        0.02757925
      ],
      [
        -0.00577769941,
        0.493255973,
        0.869865
      ],
      [
        -0.0457325466,
        -0.8690997,
        0.492518246
      ]
    ],
    "translation": [
      1.64438367,
      0.8621044,
      -0.332418978
    ]
  },
  {
    "timeStamp": 78207,
    "rotation": [
      [
        0.9998867,
        -0.0129422722,
        0.007692642
      ],
      [
        -0.0008766885,
        0.4600239,
        0.8879061
      ],
      [
        -0.0150303226,
        -0.8878122,
        0.459960431
      ]
    ],
    "translation": [
      1.67172039,
      0.887424469,
      -0.379997075
    ]
  },
  {
    "timeStamp": 78251,
    "rotation": [
      [
        0.9998053,
        -0.0155565795,
        0.0121376645
      ],
      [
        -0.00344346254,
        0.468138576,
        0.883648336
      ],
      [
        -0.0194286555,
        -0.8835181,
        0.467993855
      ]
    ],
    "translation": [
      1.70266581,
      0.89593,
      -0.421134233
    ]
  },
  {
    "timeStamp": 78307,
    "rotation": [
      [
        0.999569952,
        -0.0292250533,
        0.00241751061
      ],
      [
        0.0122562535,
        0.491239,
        0.8709386
      ],
      [
        -0.0266408026,
        -0.8705344,
        0.4913859
      ]
    ],
    "translation": [
      1.74459326,
      0.895746648,
      -0.4722779
    ]
  },
  {
    "timeStamp": 78351,
    "rotation": [
      [
        0.995943964,
        -0.08886848,
        0.01407013
      ],
      [
        0.0314224437,
        0.490069449,
        0.8711169
      ],
      [
        -0.08431017,
        -0.8671415,
        0.490874171
      ]
    ],
    "translation": [
      1.787841,
      0.8970123,
      -0.509480655
    ]
  },
  {
    "timeStamp": 78407,
    "rotation": [
      [
        0.982961357,
        -0.1767819,
        0.050350517
      ],
      [
        0.0428388268,
        0.4867044,
        0.8725157
      ],
      [
        -0.1787508,
        -0.855492234,
        0.485984743
      ]
    ],
    "translation": [
      1.846219,
      0.9017887,
      -0.5508792
    ]
  },
  {
    "timeStamp": 78452,
    "rotation": [
      [
        0.9538993,
        -0.2853108,
        0.09313382
      ],
      [
        0.050882075,
        0.459558755,
        0.88668865
      ],
      [
        -0.295782328,
        -0.841072857,
        0.452889979
      ]
    ],
    "translation": [
      1.90085948,
      0.910715938,
      -0.5816259
    ]
  },
  {
    "timeStamp": 78507,
    "rotation": [
      [
        0.8957764,
        -0.4302462,
        0.111682005
      ],
      [
        0.08283042,
        0.4084168,
        0.9090296
      ],
      [
        -0.436719358,
        -0.805036545,
        0.401487619
      ]
    ],
    "translation": [
      1.97586489,
      0.9201104,
      -0.6189985
    ]
  },
  {
    "timeStamp": 78551,
    "rotation": [
      [
        0.822790444,
        -0.5541215,
        0.126353681
      ],
      [
        0.113098726,
        0.377507329,
        0.919073939
      ],
      [
        -0.556978047,
        -0.7419148,
        0.37327984
      ]
    ],
    "translation": [
      2.03331113,
      0.9219219,
      -0.6493337
    ]
  },
  {
    "timeStamp": 78607,
    "rotation": [
      [
        0.7253917,
        -0.67441076,
        0.137756988
      ],
      [
        0.1659885,
        0.365609735,
        0.9158479
      ],
      [
        -0.668023,
        -0.641482353,
        0.377154678
      ]
    ],
    "translation": [
      2.10293174,
      0.9116744,
      -0.6913306
    ]
  },
  {
    "timeStamp": 78653,
    "rotation": [
      [
        0.681989551,
        -0.7123596,
        0.165632218
      ],
      [
        0.222772583,
        0.41804558,
        0.880687356
      ],
      [
        -0.6966079,
        -0.5637213,
        0.4437969
      ]
    ],
    "translation": [
      2.13981533,
      0.887893856,
      -0.7183914
    ]
  },
  {
    "timeStamp": 78701,
    "rotation": [
      [
        0.646072745,
        -0.724631548,
        0.239789575
      ],
      [
        0.247916639,
        0.4963489,
        0.831970632
      ],
      [
        -0.721891463,
        -0.478065759,
        0.500325739
      ]
    ],
    "translation": [
      2.171499,
      0.8557063,
      -0.7482734
    ]
  },
  {
    "timeStamp": 78757,
    "rotation": [
      [
        0.6878316,
        -0.686986148,
        0.234388024
      ],
      [
        0.252588034,
        0.529254735,
        0.809993
      ],
      [
        -0.680505,
        -0.497935176,
        0.5375626
      ]
    ],
    "translation": [
      2.18130684,
      0.831056356,
      -0.7566395
    ]
  },
  {
    "timeStamp": 78802,
    "rotation": [
      [
        0.726287067,
        -0.6532712,
        0.21387805
      ],
      [
        0.256854326,
        0.5465236,
        0.7970808
      ],
      [
        -0.637599349,
        -0.523974,
        0.5647285
      ]
    ],
    "translation": [
      2.18018985,
      0.8182497,
      -0.7554465
    ]
  },
  {
    "timeStamp": 78849,
    "rotation": [
      [
        0.7709769,
        -0.6074481,
        0.191315338
      ],
      [
        0.232927859,
        0.5485445,
        0.8030215
      ],
      [
        -0.592738867,
        -0.5745483,
        0.5644067
      ]
    ],
    "translation": [
      2.171818,
      0.8124268,
      -0.7447642
    ]
  },
  {
    "timeStamp": 78901,
    "rotation": [
      [
        0.8046118,
        -0.5740194,
        0.151992023
      ],
      [
        0.238883361,
        0.547246158,
        0.802157342
      ],
      [
        -0.5436309,
        -0.6091169,
        0.5774444
      ]
    ],
    "translation": [
      2.16609836,
      0.804711342,
      -0.7335092
    ]
  },
  {
    "timeStamp": 78957,
    "rotation": [
      [
        0.8293067,
        -0.5413891,
        0.138376877
      ],
      [
        0.2391551,
        0.56768477,
        0.7877429
      ],
      [
        -0.505029857,
        -0.620187,
        0.600260735
      ]
    ],
    "translation": [
      2.16042972,
      0.7940349,
      -0.725358546
    ]
  },
  {
    "timeStamp": 79001,
    "rotation": [
      [
        0.8457204,
        -0.5214348,
        0.113414131
      ],
      [
        0.244628027,
        0.567729,
        0.786028564
      ],
      [
        -0.474251151,
        -0.6370161,
        0.607697546
      ]
    ],
    "translation": [
      2.157194,
      0.789495945,
      -0.7193207
    ]
  }
]