[
  {
    "timeStamp": 34982,
    "rotation": [
      [
        0.999679,
        0.0188113339,
        0.0169709921
      ],
      [
        -0.01749267,
        0.02792347,
        0.999457
      ],
      [
        0.0183272362,
        -0.9994331,
        0.02824357
      ]
    ],
    "translation": [
      1.15444088,
      0.7035508,
      -0.230142474
    ]
  },
  {
    "timeStamp": 35027,
    "rotation": [
      [
        0.9997537,
        0.00150648167,
        0.0221414231
      ],
      [
        -0.0221501365,
        0.00603733771,
        0.9997364
      ],
      [
        0.00137241033,
        -0.9999806,
        0.00606921967
      ]
    ],
    "translation": [
      1.15444994,
      0.7034422,
      -0.229338139
    ]
  },
  {
    "timeStamp": 35082,
    "rotation": [
      [
        0.996390164,
        -0.023971146,
        0.08143725
      ],
      [
        -0.081021376,
        0.0178388041,
        0.9965527
      ],
      [
        -0.0253412575,
        -0.9995535,
        0.0158322323
      ]
    ],
    "translation": [
      1.15341377,
      0.719814,
      -0.234252885
    ]
  },
  {
    "timeStamp": 35127,
    "rotation": [
      [
        0.9915578,
        0.00176119572,
        0.129653975
      ],
      [
        -0.129573554,
        -0.0242799558,
        0.9912725
      ],
      [
        0.004893816,
        -0.9997037,
        -0.0238467734
      ]
    ],
    "translation": [
      1.14963424,
      0.7506337,
      -0.244146287
    ]
  },
  {
    "timeStamp": 35182,
    "rotation": [
      [
        0.980143845,
        0.050275594,
        0.191808209
      ],
      [
        -0.186174482,
        -0.09958173,
        0.977457166
      ],
      [
        0.06824285,
        -0.99375844,
        -0.088244386
      ]
    ],
    "translation": [
      1.15457833,
      0.795942962,
      -0.265306324
    ]
  },
  {
    "timeStamp": 35227,
    "rotation": [
      [
        0.9628801,
        0.0729982,
        0.259871632
      ],
      [
        -0.247768819,
        -0.143004775,
        0.9582068
      ],
      [
        0.107110269,
        -0.9870263,
        -0.119609773
      ]
    ],
    "translation": [
      1.16952384,
      0.8364565,
      -0.2931744
    ]
  },
  {
    "timeStamp": 35282,
    "rotation": [
      [
        0.937504,
        0.11222817,
        0.329379946
      ],
      [
        -0.307923079,
        -0.173328608,
        0.9354895
      ],
      [
        0.162079245,
        -0.9784488,
        -0.127938613
      ]
    ],
    "translation": [
      1.20173061,
      0.8772322,
      -0.33980602
    ]
  },
  {
    "timeStamp": 35327,
    "rotation": [
      [
        0.925459564,
        0.130777329,
        0.3555585
      ],
      [
        -0.328207225,
        -0.191998422,
        0.924887359
      ],
      [
        0.189220965,
        -0.9726427,
        -0.134764716
      ]
    ],
    "translation": [
      1.23651934,
      0.9009646,
      -0.3783803
    ]
  },
  {
    "timeStamp": 35382,
    "rotation": [
      [
        0.909186959,
        0.167041689,
        0.38141346
      ],
      [
        -0.356354028,
        -0.16167295,
        0.9202574
      ],
      [
        0.215385586,
        -0.9726042,
        -0.08746495
      ]
    ],
    "translation": [
      1.28693414,
      0.915588737,
      -0.435967147
    ]
  },
  {
    "timeStamp": 35427,
    "rotation": [
      [
        0.9115447,
        0.179940179,
        0.3697401
      ],
      [
        -0.347156346,
        -0.1451486,
        0.9265065
      ],
      [
        0.220383018,
        -0.972909749,
        -0.06984207
      ]
    ],
    "translation": [
      1.33307707,
      0.9204294,
      -0.480729043
    ]
  },
  {
    "timeStamp": 35482,
    "rotation": [
      [
        0.9231626,
        0.224370912,
        0.312135547
      ],
      [
        -0.287266135,
        -0.136900514,
        0.9480171
      ],
      [
        0.255438954,
        -0.9648398,
        -0.0619272627
      ]
    ],
    "translation": [
      1.3861618,
      0.9165767,
      -0.5332969
    ]
  },
  {
    "timeStamp": 35527,
    "rotation": [
      [
        0.931482553,
        0.208008811,
        0.298450351
      ],
      [
        -0.281542838,
        -0.107340947,
        0.953525841
      ],
      [
        0.230377719,
        -0.9722192,
        -0.04142282
      ]
    ],
    "translation": [
      1.4310081,
      0.9162779,
      -0.5663704
    ]
  },
  {
    "timeStamp": 35582,
    "rotation": [
      [
        0.9387198,
        0.147569016,
        0.311494142
      ],
      [
        -0.297287971,
        -0.11069499,
        0.948349357
      ],
      [
        0.174427822,
        -0.982837737,
        -0.06004108
      ]
    ],
    "translation": [
      1.49056339,
      0.9305351,
      -0.586531043
    ]
  },
  {
    "timeStamp": 35627,
    "rotation": [
      [
        0.9459376,
        0.05494572,
        0.319660753
      ],
      [
        -0.311109662,
        -0.124994583,
        0.9421184
      ],
      [
        0.0917212442,
        -0.9906348,
        -0.101142935
      ]
    ],
    "translation": [
      1.54760146,
      0.947016656,
      -0.5851632
    ]
  },
  {
    "timeStamp": 35682,
    "rotation": [
      [
        0.9421633,
        -0.07037504,
        0.3276824
      ],
      [
        -0.334844649,
        -0.155632362,
        0.929331839
      ],
      [
        -0.0144037921,
        -0.985305,
        -0.1701958
      ]
    ],
    "translation": [
      1.62423825,
      0.9710609,
      -0.578802943
    ]
  },
  {
    "timeStamp": 35727,
    "rotation": [
      [
        0.939058542,
        -0.182726085,
        0.291170418
      ],
      [
        -0.326947719,
        -0.213123411,
        0.920697331
      ],
      [
        -0.106180176,
        -0.959786236,
        -0.259877235
      ]
    ],
    "translation": [
      1.69693148,
      0.993033051,
      -0.5657589
    ]
  },
  {
    "timeStamp": 35782,
    "rotation": [
      [
        0.9079291,
        -0.338014364,
        0.2478125
      ],
      [
        -0.3430051,
        -0.259462625,
        0.9027883
      ],
      [
        -0.240857333,
        -0.9046687,
        -0.3515143
      ]
    ],
    "translation": [
      1.79203534,
      1.01760745,
      -0.5556974
    ]
  },
  {
    "timeStamp": 35827,
    "rotation": [
      [
        0.8720777,
        -0.454641521,
        0.181056559
      ],
      [
        -0.344028622,
        -0.306448281,
        0.8875437
      ],
      [
        -0.348029733,
        -0.8362957,
        -0.4236564
      ]
    ],
    "translation": [
      1.87675071,
      1.03662443,
      -0.5479325
    ]
  },
  {
    "timeStamp": 35882,
    "rotation": [
      [
        0.815205753,
        -0.5754843,
        0.06524929
      ],
      [
        -0.3328859,
        -0.37337476,
        0.8658974
      ],
      [
        -0.4739479,
        -0.7276051,
        -0.4959478
      ]
    ],
    "translation": [
      1.97845924,
      1.05505311,
      -0.551202238
    ]
  },
  {
    "timeStamp": 35926,
    "rotation": [
      [
        0.7588079,
        -0.6511637,
        -0.0140190935
      ],
      [
        -0.32147032,
        -0.393158972,
        0.8614423
      ],
      [
        -0.566451669,
        -0.649162531,
        -0.5076619
      ]
    ],
    "translation": [
      2.0547924,
      1.0564158,
      -0.5568078
    ]
  },
  {
    "timeStamp": 35982,
    "rotation": [
      [
        0.699498236,
        -0.7029389,
        -0.128760129
      ],
      [
        -0.2275701,
        -0.3899013,
        0.8922941
      ],
      [
        -0.677432,
        -0.5948562,
        -0.432703167
      ]
    ],
    "translation": [
      2.13485312,
      1.03655934,
      -0.571744263
    ]
  },
  {
    "timeStamp": 36027,
    "rotation": [
      [
        0.65354836,
        -0.744349957,
        -0.137177408
      ],
      [
        -0.204377338,
        -0.348058522,
        0.9149236
      ],
      [
        -0.728769064,
        -0.5699109,
        -0.379601359
      ]
    ],
    "translation": [
      2.17759633,
      1.012629,
      -0.5819093
    ]
  },
  {
    "timeStamp": 36077,
    "rotation": [
      [
        0.6541472,
        -0.742966652,
        -0.1417463
      ],
      [
        -0.123628937,
        -0.289910376,
        0.9490352
      ],
      [
        -0.746195257,
        -0.6032848,
        -0.281496227
      ]
    ],
    "translation": [
      2.20672917,
      0.973291159,
      -0.5926354
    ]
  },
  {
    "timeStamp": 36132,
    "rotation": [
      [
        0.6303122,
        -0.7423147,
        -0.227322355
      ],
      [
        -0.0222169943,
        -0.309939682,
        0.9504966
      ],
      [
        -0.7760238,
        -0.5940592,
        -0.211850762
      ]
    ],
    "translation": [
      2.23136473,
      0.9427888,
      -0.602013767
    ]
  },
  {
    "timeStamp": 36177,
    "rotation": [
      [
        0.6553237,
        -0.7182265,
        -0.233883381
      ],
      [
        0.0247961469,
        -0.28901428,
        0.9570036
      ],
      [
        -0.754941,
        -0.632946551,
        -0.171588674
      ]
    ],
    "translation": [
      2.23590064,
      0.9161111,
      -0.6044931
    ]
  },
  {
    "timeStamp": 36232,
    "rotation": [
      [
        0.609963655,
        -0.765833437,
        -0.203576609
      ],
      [
        0.0183544382,
        -0.243179023,
        0.969807744
      ],
      [
        -0.7922168,
        -0.595284,
        -0.134273916
      ]
    ],
    "translation": [
      2.24675441,
      0.8898789,
      -0.606040359
    ]
  },
  {
    "timeStamp": 36278,
    "rotation": [
      [
        0.605736,
        -0.770614,
        -0.198085472
      ],
      [
        0.00987023953,
        -0.241658941,
        0.970311046
      ],
      [
        -0.795604467,
        -0.589707553,
        -0.138775378
      ]
    ],
    "translation": [
      2.24945521,
      0.8761289,
      -0.601329267
    ]
  },
  {
    "timeStamp": 36332,
    "rotation": [
      [
        0.60819304,
        -0.7798602,
        -0.148051649
      ],
      [
        -0.032786686,
        -0.211033419,
        0.97692883
      ],
      [
        -0.793111742,
        -0.5893072,
        -0.153918087
      ]
    ],
    "translation": [
      2.24541,
      0.861700833,
      -0.5921825
    ]
  },
  {
    "timeStamp": 36377,
    "rotation": [
      [
        0.6079279,
        -0.784413159,
        -0.122961879
      ],
      [
        -0.04201148,
        -0.186426833,
        0.9815702
      ],
      [
        -0.79288,
        -0.5915581,
        -0.14628844
      ]
    ],
    "translation": [
      2.24238086,
      0.8503557,
      -0.5856246
    ]
  },
  {
    "timeStamp": 36432,
    "rotation": [
      [
        0.609923,
        -0.7882566,
        -0.0815201
      ],
      [
        -0.06824019,
        -0.15473038,
        0.9855972
      ],
      [
        -0.7895171,
        -0.595575452,
        -0.148164392
      ]
    ],
    "translation": [
      2.237704,
      0.8381848,
      -0.5756548
    ]
  },
  {
    "timeStamp": 36478,
    "rotation": [
      [
        0.616984844,
        -0.786276937,
        -0.03313963
      ],
      [
        -0.1066186,
        -0.125236258,
        0.9863815
      ],
      [
        -0.7797193,
        -0.605049133,
        -0.161100626
      ]
    ],
    "translation": [
      2.23135138,
      0.8306389,
      -0.5668056
    ]
  },
  {
    "timeStamp": 36535,
    "rotation": [
      [
        0.612400234,
        -0.7904133,
        -0.0145813655
      ],
      [
        -0.111710429,
        -0.104781657,
        0.9882012
      ],
      [
        -0.782615244,
        -0.6035458,
        -0.152465731
      ]
    ],
    "translation": [
      2.228894,
      0.8190723,
      -0.5578881
    ]
  },
  {
    "timeStamp": 36581,
    "rotation": [
      [
        0.614384353,
        -0.788841963,
        0.016132649
      ],
      [
        -0.125259355,
        -0.0773291662,
        0.9891058
      ],
      [
        -0.77900064,
        -0.609711945,
        -0.146319658
      ]
    ],
    "translation": [
      2.22484064,
      0.8110096,
      -0.5506926
    ]
  },
  {
    "timeStamp": 36636,
    "rotation": [
      [
        0.6118068,
        -0.790399253,
        0.0310073886
      ],
      [
        -0.11580655,
        -0.0507245623,
        0.9919757
      ],
      [
        -0.782484,
        -0.610488355,
        -0.12256705
      ]
    ],
    "translation": [
      2.224202,
      0.8002725,
      -0.544799447
    ]
  },
  {
    "timeStamp": 36681,
    "rotation": [
      [
        0.611078858,
        -0.7898056,
        0.0528174266
      ],
      [
        -0.118995748,
        -0.0256913882,
        0.9925623
      ],
      [
        -0.7825743,
        -0.6128189,
        -0.109682977
      ]
    ],
    "translation": [
      2.22177124,
      0.7945314,
      -0.540606558
    ]
  },
  {
    "timeStamp": 36726,
    "rotation": [
      [
        0.6201893,
        -0.78189,
        0.0633504
      ],
      [
        -0.116123073,
        -0.0116394684,
        0.9931666
      ],
      [
        -0.775809646,
        -0.6233078,
        -0.09801414
      ]
    ],
    "translation": [
      2.21710062,
      0.790181935,
      -0.5373223
    ]
  },
  {
    "timeStamp": 36781,
    "rotation": [
      [
        0.6281858,
        -0.7759519,
        0.0572823323
      ],
      [
        -0.100196078,
        -0.007667197,
        0.9949382
      ],
      [
        -0.771585,
        -0.6307455,
        -0.0825637653
      ]
    ],
    "translation": [
      2.21418381,
      0.788179636,
      -0.5347375
    ]
  },
  {
    "timeStamp": 36837,
    "rotation": [
      [
        0.6294066,
        -0.775583744,
        0.04813716
      ],
      [
        -0.09015784,
        -0.0113565261,
        0.9958627
      ],
      [
        -0.771828234,
        -0.6311425,
        -0.07707283
      ]
    ],
    "translation": [
      2.21339726,
      0.788357258,
      -0.533096969
    ]
  },
  {
    "timeStamp": 36881,
    "rotation": [
      [
        0.628918648,
        -0.775942743,
        0.0487257466
      ],
      [
        -0.0862838849,
        -0.00737534463,
        0.9962433
      ],
      [
        -0.7726684,
        -0.6307602,
        -0.07158984
      ]
    ],
    "translation": [
      2.21212435,
      0.787737131,
      -0.5320913
    ]
  },
  {
    "timeStamp": 36937,
    "rotation": [
      [
        0.634678543,
        -0.771420836,
        0.0457491279
      ],
      [
        -0.0762362555,
        -0.00359054771,
        0.9970833
      ],
      [
        -0.7690066,
        -0.6363151,
        -0.06108908
      ]
    ],
    "translation": [
      2.2103076,
      0.784659147,
      -0.531575561
    ]
  },
  {
    "timeStamp": 36981,
    "rotation": [
      [
        0.6285689,
        -0.7763386,
        0.0468984954
      ],
      [
        -0.0692835748,
        0.004168141,
        0.9975883
      ],
      [
        -0.7746617,
        -0.63030225,
        -0.05116755
      ]
    ],
    "translation": [
      2.21097374,
      0.7810803,
      -0.531897664
    ]
  },
  {
    "timeStamp": 37037,
    "rotation": [
      [
        0.626322746,
        -0.7776443,
        0.0546723232
      ],
      [
        -0.06325904,
        0.0192017667,
        0.9978124
      ],
      [
        -0.7769929,
        -0.6284112,
        -0.03716653
      ]
    ],
    "translation": [
      2.21039057,
      0.7757828,
      -0.5328931
    ]
  },
  {
    "timeStamp": 37081,
    "rotation": [
      [
        0.630105734,
        -0.7742446,
        0.05926188
      ],
      [
        -0.06309483,
        0.0250163879,
        0.997693956
      ],
      [
        -0.7739417,
        -0.6323918,
        -0.0330878645
      ]
    ],
    "translation": [
      2.20883441,
      0.77330476,
      -0.5324445
    ]
  },
  {
    "timeStamp": 37126,
    "rotation": [
      [
        0.6310102,
        -0.773885548,
        0.0541038923
      ],
      [
        -0.0578770079,
        0.02258524,
        0.9980682
      ],
      [
        -0.773612559,
        -0.6329226,
        -0.0305386651
      ]
    ],
    "translation": [
      2.2093575,
      0.772399545,
      -0.5317998
    ]
  },
  {
    "timeStamp": 37181,
    "rotation": [
      [
        0.6328188,
        -0.7724841,
        0.0529960953
      ],
      [
        -0.0560251959,
        0.02258366,
        0.9981739
      ],
      [
        -0.7722703,
        -0.634632349,
        -0.02898721
      ]
    ],
    "translation": [
      2.209177,
      0.7713562,
      -0.53077805
    ]
  },
  {
    "timeStamp": 37237,
    "rotation": [
      [
        0.634606957,
        -0.7709319,
        0.05420294
      ],
      [
        -0.0549780242,
        0.0249239411,
        0.998176455
      ],
      [
        -0.770877063,
        -0.636429667,
        -0.0265674088
      ]
    ],
    "translation": [
      2.20900321,
      0.7704319,
      -0.5296415
    ]
  },
  {
    "timeStamp": 37281,
    "rotation": [
      [
        0.633648455,
        -0.7714906,
        0.057375934
      ],
      [
        -0.0540340953,
        0.0298485719,
        0.9980929
      ],
      [
        -0.7717318,
        -0.6355402,
        -0.0227732938
      ]
    ],
    "translation": [
      2.20911527,
      0.770310938,
      -0.5294357
    ]
  },
  {
    "timeStamp": 37337,
    "rotation": [
      [
        0.6328311,
        -0.7713811,
        0.06705264
      ],
      [
        -0.05392934,
        0.0424774326,
        0.997640848
      ],
      [
        -0.772409558,
        -0.6349543,
        -0.0147190318
      ]
    ],
    "translation": [
      2.20842052,
      0.7702416,
      -0.5295225
    ]
  },
  {
    "timeStamp": 37381,
    "rotation": [
      [
        0.6340012,
        -0.7706966,
        0.0637903661
      ],
      [
        -0.0445734262,
        0.04593243,
        0.9979496
      ],
      [
        -0.7720464,
        -0.635544658,
        -0.00523136975
      ]
    ],
    "translation": [
      2.20800972,
      0.7709081,
      -0.5295305
    ]
  },
  {
    "timeStamp": 37437,
    "rotation": [
      [
        0.651949644,
        -0.756459832,
        0.05225017
      ],
      [
        -0.04060907,
        0.0339764357,
        0.998597264
      ],
      [
        -0.757174,
        -0.653157,
        -0.008568205
      ]
    ],
    "translation": [
      2.205601,
      0.7752706,
      -0.528779864
    ]
  }
]