[
  {
    "timeStamp": 42390,
    "rotation": [
      [
        0.610182762,
        -0.149181649,
        0.7780886
      ],
      [
        -0.6720846,
        0.422556072,
        0.6080696
      ],
      [
        -0.4194989,
        -0.89397496,
        0.157573715
      ]
    ],
    "translation": [
      1.742843,
      0.76592654,
      -0.865419149
    ]
  },
  {
    "timeStamp": 42445,
    "rotation": [
      [
        0.637273967,
        -0.158232927,
        0.7542176
      ],
      [
        -0.657875,
        0.3980037,
        0.639369667
      ],
      [
        -0.401350737,
        -0.903634548,
        0.1495399
      ]
    ],
    "translation": [
      1.74475014,
      0.773295343,
      -0.862533748
    ]
  },
  {
    "timeStamp": 42490,
    "rotation": [
      [
        0.587681234,
        -0.172284469,
        0.790537
      ],
      [
        -0.6961907,
        0.390158772,
        0.602573335
      ],
      [
        -0.412248969,
        -0.9044856,
        0.109346159
      ]
    ],
    "translation": [
      1.74310088,
      0.7934101,
      -0.8502795
    ]
  },
  {
    "timeStamp": 42536,
    "rotation": [
      [
        0.5143694,
        -0.203661278,
        0.833034337
      ],
      [
        -0.7450723,
        0.3748325,
        0.551695466
      ],
      [
        -0.424607337,
        -0.904446065,
        0.04106001
      ]
    ],
    "translation": [
      1.74317777,
      0.822936058,
      -0.8288005
    ]
  },
  {
    "timeStamp": 42590,
    "rotation": [
      [
        0.382609367,
        -0.263755441,
        0.8854621
      ],
      [
        -0.815180242,
        0.354700148,
        0.457896173
      ],
      [
        -0.434846163,
        -0.8970066,
        -0.07929663
      ]
    ],
    "translation": [
      1.75291157,
      0.873048663,
      -0.7932672
    ]
  },
  {
    "timeStamp": 42645,
    "rotation": [
      [
        0.2251582,
        -0.36944443,
        0.901562333
      ],
      [
        -0.8832763,
        0.3131704,
        0.348923147
      ],
      [
        -0.411250323,
        -0.87489146,
        -0.255808622
      ]
    ],
    "translation": [
      1.77670074,
      0.9311809,
      -0.744057357
    ]
  },
  {
    "timeStamp": 42690,
    "rotation": [
      [
        0.1106541,
        -0.473005354,
        0.8740833
      ],
      [
        -0.9233879,
        0.276343554,
        0.2664376
      ],
      [
        -0.367573678,
        -0.836600363,
        -0.406188875
      ]
    ],
    "translation": [
      1.80712461,
      0.973482668,
      -0.7028622
    ]
  },
  {
    "timeStamp": 42745,
    "rotation": [
      [
        0.0284595471,
        -0.624819458,
        0.7802504
      ],
      [
        -0.958566248,
        0.204277769,
        0.19854793
      ],
      [
        -0.2834444,
        -0.7535723,
        -0.593117237
      ]
    ],
    "translation": [
      1.85989869,
      1.00997,
      -0.651363
    ]
  },
  {
    "timeStamp": 42790,
    "rotation": [
      [
        -0.0173112433,
        -0.737651348,
        0.6749599
      ],
      [
        -0.9656489,
        0.1873862,
        0.180024177
      ],
      [
        -0.259273231,
        -0.6486578,
        -0.715556
      ]
    ],
    "translation": [
      1.90911472,
      1.02367091,
      -0.6127602
    ]
  },
  {
    "timeStamp": 42843,
    "rotation": [
      [
        0.008879445,
        -0.8280717,
        0.5605519
      ],
      [
        -0.9618234,
        0.146265373,
        0.231305391
      ],
      [
        -0.2735268,
        -0.541205764,
        -0.79516
      ]
    ],
    "translation": [
      1.95898986,
      1.01433063,
      -0.5828305
    ]
  },
  {
    "timeStamp": 42887,
    "rotation": [
      [
        -0.014763413,
        -0.8905996,
        0.454548478
      ],
      [
        -0.9369332,
        0.171083078,
        0.3047732
      ],
      [
        -0.349196464,
        -0.42138207,
        -0.83695817
      ]
    ],
    "translation": [
      2.01186371,
      0.994148135,
      -0.5582461
    ]
  },
  {
    "timeStamp": 42940,
    "rotation": [
      [
        -0.00829476,
        -0.9287567,
        0.370597035
      ],
      [
        -0.90394944,
        0.165427312,
        0.3943466
      ],
      [
        -0.427558929,
        -0.331729978,
        -0.8409212
      ]
    ],
    "translation": [
      2.0547483,
      0.967283547,
      -0.545221865
    ]
  },
  {
    "timeStamp": 42996,
    "rotation": [
      [
        -0.022127524,
        -0.9307105,
        0.365086854
      ],
      [
        -0.8736266,
        0.1955539,
        0.445573032
      ],
      [
        -0.48609364,
        -0.309090137,
        -0.8174205
      ]
    ],
    "translation": [
      2.07473326,
      0.9496928,
      -0.54331255
    ]
  },
  {
    "timeStamp": 43040,
    "rotation": [
      [
        0.0139786555,
        -0.934880435,
        0.3546875
      ],
      [
        -0.8395122,
        0.181716859,
        0.512052953
      ],
      [
        -0.543161,
        -0.304922283,
        -0.7823034
      ]
    ],
    "translation": [
      2.0842073,
      0.930205345,
      -0.544911265
    ]
  },
  {
    "timeStamp": 43096,
    "rotation": [
      [
        -0.003838108,
        -0.929042,
        0.369954377
      ],
      [
        -0.8180634,
        0.215686589,
        0.533152461
      ],
      [
        -0.5751152,
        -0.300599843,
        -0.760843039
      ]
    ],
    "translation": [
      2.087989,
      0.921155334,
      -0.5469104
    ]
  },
  {
    "timeStamp": 43140,
    "rotation": [
      [
        0.05122696,
        -0.9369553,
        0.3456741
      ],
      [
        -0.8127339,
        0.162038013,
        0.5596492
      ],
      [
        -0.580378652,
        -0.309610218,
        -0.7531946
      ]
    ],
    "translation": [
      2.0923512,
      0.909837544,
      -0.5487061
    ]
  },
  {
    "timeStamp": 43195,
    "rotation": [
      [
        0.03173573,
        -0.936236262,
        0.349935025
      ],
      [
        -0.8003863,
        0.185892522,
        0.569934845
      ],
      [
        -0.598643959,
        -0.2981705,
        -0.743451238
      ]
    ],
    "translation": [
      2.09526038,
      0.906904936,
      -0.548949242
    ]
  },
  {
    "timeStamp": 43240,
    "rotation": [
      [
        0.04286787,
        -0.9347141,
        0.352805734
      ],
      [
        -0.782815337,
        0.1879919,
        0.5931772
      ],
      [
        -0.6207757,
        -0.301609963,
        -0.72364974
      ]
    ],
    "translation": [
      2.095942,
      0.899475932,
      -0.5518171
    ]
  },
  {
    "timeStamp": 43296,
    "rotation": [
      [
        0.0362238139,
        -0.94024694,
        0.338560879
      ],
      [
        -0.786736667,
        0.182072848,
        0.5898261
      ],
      [
        -0.616224945,
        -0.287724018,
        -0.7331314
      ]
    ],
    "translation": [
      2.098501,
      0.896293,
      -0.5503931
    ]
  }
]