[
  {
    "timeStamp": 95810,
    "rotation": [
      [
        0.975569,
        0.2123294,
        0.0564034879
      ],
      [
        -0.212679312,
        0.977122068,
        0.000205818811
      ],
      [
        -0.05506939,
        -0.0121966451,
        0.9984081
      ]
    ],
    "translation": [
      1.60579669,
      0.698756635,
      -0.35549733
    ]
  },
  {
    "timeStamp": 95866,
    "rotation": [
      [
        0.976931036,
        0.205255747,
        0.0589556023
      ],
      [
        -0.207261145,
        0.9778216,
        0.03013042
      ],
      [
        -0.0514636151,
        -0.04165455,
        0.9978058
      ]
    ],
    "translation": [
      1.61132276,
      0.707110465,
      -0.358666122
    ]
  },
  {
    "timeStamp": 95910,
    "rotation": [
      [
        0.9754407,
        0.215851277,
        0.0438594334
      ],
      [
        -0.219317511,
        0.9702294,
        0.102736861
      ],
      [
        -0.0203778241,
        -0.109832853,
        0.993741155
      ]
    ],
    "translation": [
      1.61372042,
      0.7289809,
      -0.3586317
    ]
  },
  {
    "timeStamp": 95965,
    "rotation": [
      [
        0.9611417,
        0.264121979,
        0.08028788
      ],
      [
        -0.2754679,
        0.936600268,
        0.216557875
      ],
      [
        -0.0179999582,
        -0.230259553,
        0.9729628
      ]
    ],
    "translation": [
      1.62627482,
      0.773974359,
      -0.36031574
    ]
  },
  {
    "timeStamp": 96010,
    "rotation": [
      [
        0.950778544,
        0.2885763,
        0.112888455
      ],
      [
        -0.3096548,
        0.8984305,
        0.311346084
      ],
      [
        -0.0115753422,
        -0.330977619,
        0.9435676
      ]
    ],
    "translation": [
      1.64488292,
      0.8158649,
      -0.370462775
    ]
  },
  {
    "timeStamp": 96065,
    "rotation": [
      [
        0.941184,
        0.308901131,
        0.136940926
      ],
      [
        -0.337766856,
        0.8489583,
        0.406427622
      ],
      [
        0.009288829,
        -0.428777277,
        0.9033625
      ]
    ],
    "translation": [
      1.67329955,
      0.86369586,
      -0.393153459
    ]
  },
  {
    "timeStamp": 96110,
    "rotation": [
      [
        0.9387101,
        0.305050075,
        0.160523742
      ],
      [
        -0.34460324,
        0.818997741,
        0.458793342
      ],
      [
        0.00848637149,
        -0.485990942,
        0.873922646
      ]
    ],
    "translation": [
      1.70251012,
      0.893505,
      -0.415999085
    ]
  },
  {
    "timeStamp": 96165,
    "rotation": [
      [
        0.9410546,
        0.280755341,
        0.188660264
      ],
      [
        -0.338211477,
        0.7899028,
        0.5115335
      ],
      [
        -0.005407521,
        -0.545188,
        0.8382963
      ]
    ],
    "translation": [
      1.7474674,
      0.9232621,
      -0.4499922
    ]
  },
  {
    "timeStamp": 96210,
    "rotation": [
      [
        0.9463739,
        0.236521676,
        0.220077187
      ],
      [
        -0.3203128,
        0.775781,
        0.5436576
      ],
      [
        -0.042144876,
        -0.5849969,
        0.8099398
      ]
    ],
    "translation": [
      1.7895031,
      0.940628,
      -0.477191746
    ]
  },
  {
    "timeStamp": 96265,
    "rotation": [
      [
        0.947090745,
        0.16959244,
        0.272502363
      ],
      [
        -0.303753,
        0.7478858,
        0.590254962
      ],
      [
        -0.103697874,
        -0.641798437,
        0.759829938
      ]
    ],
    "translation": [
      1.852658,
      0.96413213,
      -0.5142446
    ]
  },
  {
    "timeStamp": 96310,
    "rotation": [
      [
        0.9454353,
        0.0937366262,
        0.3120344
      ],
      [
        -0.281076849,
        0.71898973,
        0.6356489
      ],
      [
        -0.164765939,
        -0.6886706,
        0.7061055
      ]
    ],
    "translation": [
      1.90804982,
      0.9845405,
      -0.544091463
    ]
  },
  {
    "timeStamp": 96365,
    "rotation": [
      [
        0.9306098,
        -0.009291624,
        0.365894854
      ],
      [
        -0.264073133,
        0.6751612,
        0.6887836
      ],
      [
        -0.2534379,
        -0.7376118,
        0.625857949
      ]
    ],
    "translation": [
      1.97639191,
      1.008489,
      -0.5823912
    ]
  },
  {
    "timeStamp": 96410,
    "rotation": [
      [
        0.9240183,
        -0.08988158,
        0.3716335
      ],
      [
        -0.228729665,
        0.648929536,
        0.725653648
      ],
      [
        -0.306386858,
        -0.7555209,
        0.5790642
      ]
    ],
    "translation": [
      2.02537775,
      1.02150834,
      -0.612784266
    ]
  },
  {
    "timeStamp": 96465,
    "rotation": [
      [
        0.926242352,
        -0.123673223,
        0.356062
      ],
      [
        -0.210750833,
        0.6132619,
        0.761245
      ],
      [
        -0.312504858,
        -0.7801377,
        0.5419649
      ]
    ],
    "translation": [
      2.06850147,
      1.02823687,
      -0.6453339
    ]
  },
  {
    "timeStamp": 96520,
    "rotation": [
      [
        0.9273824,
        -0.155534625,
        0.3402512
      ],
      [
        -0.173921257,
        0.625991642,
        0.760188043
      ],
      [
        -0.331229955,
        -0.7641619,
        0.5534829
      ]
    ],
    "translation": [
      2.09783125,
      1.01816738,
      -0.6669984
    ]
  },
  {
    "timeStamp": 96564,
    "rotation": [
      [
        0.942869246,
        -0.135652825,
        0.304295719
      ],
      [
        -0.151925966,
        0.6377966,
        0.7550722
      ],
      [
        -0.296506464,
        -0.758164763,
        0.580749631
      ]
    ],
    "translation": [
      2.11772251,
      1.00006187,
      -0.6867327
    ]
  },
  {
    "timeStamp": 96615,
    "rotation": [
      [
        0.964642763,
        -0.139888152,
        0.223373175
      ],
      [
        -0.0780489743,
        0.657887757,
        0.7490608
      ],
      [
        -0.2517392,
        -0.740010142,
        0.623708546
      ]
    ],
    "translation": [
      2.12546134,
      0.976814,
      -0.701644
    ]
  },
  {
    "timeStamp": 96660,
    "rotation": [
      [
        0.9689579,
        -0.1396048,
        0.204036862
      ],
      [
        -0.06274622,
        0.6594134,
        0.7491574
      ],
      [
        -0.239130631,
        -0.738704562,
        0.6301841
      ]
    ],
    "translation": [
      2.13136888,
      0.9587469,
      -0.711071849
    ]
  },
  {
    "timeStamp": 96715,
    "rotation": [
      [
        0.969473839,
        -0.118735753,
        0.21452789
      ],
      [
        -0.0814458057,
        0.669308245,
        0.7385073
      ],
      [
        -0.2312725,
        -0.733435869,
        0.63920635
      ]
    ],
    "translation": [
      2.13359022,
      0.9369344,
      -0.718483448
    ]
  },
  {
    "timeStamp": 96760,
    "rotation": [
      [
        0.9742395,
        -0.09377138,
        0.205095857
      ],
      [
        -0.09147521,
        0.666956544,
        0.7394601
      ],
      [
        -0.206130221,
        -0.739172459,
        0.6411977
      ]
    ],
    "translation": [
      2.13010454,
      0.924854159,
      -0.7208175
    ]
  },
  {
    "timeStamp": 96815,
    "rotation": [
      [
        0.973266959,
        -0.0581282154,
        0.222199321
      ],
      [
        -0.127668291,
        0.66729176,
        0.733772755
      ],
      [
        -0.190924689,
        -0.7425246,
        0.6420319
      ]
    ],
    "translation": [
      2.12531686,
      0.9122166,
      -0.719592869
    ]
  },
  {
    "timeStamp": 96860,
    "rotation": [
      [
        0.9758846,
        -0.0319887772,
        0.215930432
      ],
      [
        -0.141684458,
        0.659688056,
        0.738063157
      ],
      [
        -0.166056454,
        -0.7508584,
        0.6392471
      ]
    ],
    "translation": [
      2.119141,
      0.906814635,
      -0.7170712
    ]
  },
  {
    "timeStamp": 96915,
    "rotation": [
      [
        0.9822956,
        0.02560876,
        0.185578808
      ],
      [
        -0.156347454,
        0.6577858,
        0.736799359
      ],
      [
        -0.103202581,
        -0.75276953,
        0.650144
      ]
    ],
    "translation": [
      2.114329,
      0.9053209,
      -0.71362
    ]
  },
  {
    "timeStamp": 96960,
    "rotation": [
      [
        0.98500973,
        0.06107086,
        0.161325991
      ],
      [
        -0.161580086,
        0.654101133,
        0.7389476
      ],
      [
        -0.0603953563,
        -0.753937662,
        0.6541639
      ]
    ],
    "translation": [
      2.11190629,
      0.9052366,
      -0.711892962
    ]
  },
  {
    "timeStamp": 97017,
    "rotation": [
      [
        0.9899388,
        0.005122533,
        0.141403213
      ],
      [
        -0.114436053,
        0.6167401,
        0.778804243
      ],
      [
        -0.08321957,
        -0.7871502,
        0.6111212
      ]
    ],
    "translation": [
      2.11345243,
      0.90223676,
      -0.712813437
    ]
  },
  {
    "timeStamp": 97062,
    "rotation": [
      [
        0.9846825,
        0.0596247762,
        0.163845226
      ],
      [
        -0.1654496,
        0.616043746,
        0.7701406
      ],
      [
        -0.05501637,
        -0.785452068,
        0.616472363
      ]
    ],
    "translation": [
      2.11284184,
      0.8997013,
      -0.711557746
    ]
  },
  {
    "timeStamp": 97108,
    "rotation": [
      [
        0.9795632,
        0.116955839,
        0.163637668
      ],
      [
        -0.200825155,
        0.6139705,
        0.7633541
      ],
      [
        -0.0111899721,
        -0.780616164,
        0.6249106
      ]
    ],
    "translation": [
      2.11086965,
      0.898010254,
      -0.7096509
    ]
  },
  {
    "timeStamp": 97164,
    "rotation": [
      [
        0.9604989,
        0.220327392,
        0.169993058
      ],
      [
        -0.2739346,
        0.6410033,
        0.7169899
      ],
      [
        0.0490063764,
        -0.735235,
        0.6760383
      ]
    ],
    "translation": [
      2.107296,
      0.8921056,
      -0.7060975
    ]
  }
]