[
  {
    "timeStamp": 88880,
    "rotation": [
      [
        0.9999963,
        0.00264579663,
        -0.000704009
      ],
      [
        -0.00261502177,
        0.9991715,
        0.0406137481
      ],
      [
        0.000810881553,
        -0.0406117551,
        0.999174654
      ]
    ],
    "translation": [
      1.46200335,
      0.694572,
      -0.489881873
    ]
  },
  {
    "timeStamp": 88936,
    "rotation": [
      [
        0.9996989,
        0.0245374665,
        0.0004022542
      ],
      [
        -0.02454075,
        0.99954766,
        0.0173853859
      ],
      [
        2.45210649E-05,
        -0.0173900221,
        0.9998488
      ]
    ],
    "translation": [
      1.46448755,
      0.7031399,
      -0.5068473
    ]
  },
  {
    "timeStamp": 88980,
    "rotation": [
      [
        0.998099566,
        0.0602147654,
        0.0130918073
      ],
      [
        -0.06024779,
        0.9981811,
        0.0021427297
      ],
      [
        -0.0129389716,
        -0.00292741018,
        0.999911964
      ]
    ],
    "translation": [
      1.46816707,
      0.716934,
      -0.525674939
    ]
  },
  {
    "timeStamp": 89038,
    "rotation": [
      [
        0.9936754,
        0.110549919,
        0.0196964089
      ],
      [
        -0.110121652,
        0.9936824,
        -0.0216448661
      ],
      [
        -0.0219648127,
        0.01933897,
        0.9995717
      ]
    ],
    "translation": [
      1.47649288,
      0.738673568,
      -0.5598271
    ]
  },
  {
    "timeStamp": 89079,
    "rotation": [
      [
        0.98965627,
        0.1423358,
        0.0179179311
      ],
      [
        -0.14156349,
        0.989169061,
        -0.0387861468
      ],
      [
        -0.02324452,
        0.0358484276,
        0.9990869
      ]
    ],
    "translation": [
      1.48770857,
      0.756336153,
      -0.5944954
    ]
  },
  {
    "timeStamp": 89135,
    "rotation": [
      [
        0.9808922,
        0.193665,
        0.0185565948
      ],
      [
        -0.191595316,
        0.9781467,
        -0.0807483345
      ],
      [
        -0.0337892,
        0.07565005,
        0.9965617
      ]
    ],
    "translation": [
      1.505518,
      0.7798342,
      -0.64453584
    ]
  },
  {
    "timeStamp": 89179,
    "rotation": [
      [
        0.9734033,
        0.227225721,
        0.0292333551
      ],
      [
        -0.222838923,
        0.968691766,
        -0.109448612
      ],
      [
        -0.0531876534,
        0.100023307,
        0.9935625
      ]
    ],
    "translation": [
      1.5250051,
      0.7966021,
      -0.684190035
    ]
  },
  {
    "timeStamp": 89235,
    "rotation": [
      [
        0.960598648,
        0.262817025,
        0.0904294848
      ],
      [
        -0.250727177,
        0.9598066,
        -0.12612386
      ],
      [
        -0.119942307,
        0.09848128,
        0.9878843
      ]
    ],
    "translation": [
      1.55599058,
      0.8134019,
      -0.721056163
    ]
  },
  {
    "timeStamp": 89279,
    "rotation": [
      [
        0.9299048,
        0.3086421,
        0.2000426
      ],
      [
        -0.279387981,
        0.946486533,
        -0.161572382
      ],
      [
        -0.239205658,
        0.09435744,
        0.966373265
      ]
    ],
    "translation": [
      1.58661866,
      0.8280892,
      -0.7367932
    ]
  },
  {
    "timeStamp": 89335,
    "rotation": [
      [
        0.855628848,
        0.35966748,
        0.372207731
      ],
      [
        -0.305825233,
        0.931471169,
        -0.197059318
      ],
      [
        -0.4175766,
        0.05477912,
        0.906989
      ]
    ],
    "translation": [
      1.63557,
      0.84547174,
      -0.742808163
    ]
  },
  {
    "timeStamp": 89379,
    "rotation": [
      [
        0.7837911,
        0.3767149,
        0.493717939
      ],
      [
        -0.321155578,
        0.9263198,
        -0.19695361
      ],
      [
        -0.5315361,
        -0.004189789,
        0.8470253
      ]
    ],
    "translation": [
      1.67974257,
      0.8595147,
      -0.7415683
    ]
  },
  {
    "timeStamp": 89435,
    "rotation": [
      [
        0.663087845,
        0.370817482,
        0.65023756
      ],
      [
        -0.343772143,
        0.922503948,
        -0.175519675
      ],
      [
        -0.664932549,
        -0.10714861,
        0.7391779
      ]
    ],
    "translation": [
      1.74369,
      0.879850566,
      -0.7351915
    ]
  },
  {
    "timeStamp": 89480,
    "rotation": [
      [
        0.555432,
        0.357072443,
        0.7509957
      ],
      [
        -0.380682528,
        0.9121068,
        -0.152124614
      ],
      [
        -0.7393078,
        -0.201396078,
        0.642544568
      ]
    ],
    "translation": [
      1.7953819,
      0.8992234,
      -0.728004336
    ]
  },
  {
    "timeStamp": 89535,
    "rotation": [
      [
        0.405445,
        0.2937807,
        0.8656253
      ],
      [
        -0.447087526,
        0.889690459,
        -0.0925394446
      ],
      [
        -0.797324955,
        -0.349490643,
        0.492066264
      ]
    ],
    "translation": [
      1.86751723,
      0.9272607,
      -0.718815744
    ]
  },
  {
    "timeStamp": 89579,
    "rotation": [
      [
        0.272750229,
        0.210501969,
        0.9387738
      ],
      [
        -0.508607149,
        0.8598205,
        -0.0450280756
      ],
      [
        -0.816655457,
        -0.465185672,
        0.34157902
      ]
    ],
    "translation": [
      1.9277724,
      0.9483198,
      -0.712803841
    ]
  },
  {
    "timeStamp": 89635,
    "rotation": [
      [
        0.123346612,
        0.09396861,
        0.9879046
      ],
      [
        -0.575038552,
        0.818104148,
        -0.00601986051
      ],
      [
        -0.808774531,
        -0.567340732,
        0.154945955
      ]
    ],
    "translation": [
      1.99842858,
      0.967578769,
      -0.7125043
    ]
  },
  {
    "timeStamp": 89683,
    "rotation": [
      [
        0.06164406,
        0.01484098,
        0.997987866
      ],
      [
        -0.6003814,
        0.799316764,
        0.0251980014
      ],
      [
        -0.797334433,
        -0.6007266,
        0.0581833757
      ]
    ],
    "translation": [
      2.04260135,
      0.9702091,
      -0.716184
    ]
  },
  {
    "timeStamp": 89730,
    "rotation": [
      [
        0.0276282132,
        -0.0466152765,
        0.9985308
      ],
      [
        -0.609728754,
        0.790783048,
        0.0537873134
      ],
      [
        -0.7921285,
        -0.6103189,
        -0.006574752
      ]
    ],
    "translation": [
      2.08193278,
      0.9621247,
      -0.722212851
    ]
  },
  {
    "timeStamp": 89786,
    "rotation": [
      [
        0.0347361267,
        -0.0220796429,
        0.9991526
      ],
      [
        -0.567529857,
        0.8224797,
        0.0379059725
      ],
      [
        -0.822619736,
        -0.568365633,
        0.0160389058
      ]
    ],
    "translation": [
      2.096874,
      0.9364557,
      -0.727774262
    ]
  },
  {
    "timeStamp": 89830,
    "rotation": [
      [
        0.0611569062,
        0.04683545,
        0.9970287
      ],
      [
        -0.5673033,
        0.823499739,
        -0.00388601422
      ],
      [
        -0.821234941,
        -0.565380037,
        0.0769326
      ]
    ],
    "translation": [
      2.09289861,
      0.9214887,
      -0.733023047
    ]
  },
  {
    "timeStamp": 89885,
    "rotation": [
      [
        0.1287201,
        0.151587218,
        0.9800268
      ],
      [
        -0.5510639,
        0.832555,
        -0.05639814
      ],
      [
        -0.824475348,
        -0.5327978,
        0.190700814
      ]
    ],
    "translation": [
      2.074881,
      0.9055997,
      -0.7399191
    ]
  },
  {
    "timeStamp": 89930,
    "rotation": [
      [
        0.146276578,
        0.212184027,
        0.96622
      ],
      [
        -0.5527816,
        0.82753855,
        -0.09804335
      ],
      [
        -0.820387542,
        -0.5197672,
        0.238340929
      ]
    ],
    "translation": [
      2.06505823,
      0.895805061,
      -0.7442639
    ]
  },
  {
    "timeStamp": 89985,
    "rotation": [
      [
        0.158871815,
        0.207771689,
        0.9651894
      ],
      [
        -0.5142877,
        0.85191524,
        -0.09873507
      ],
      [
        -0.842774,
        -0.480698824,
        0.242199734
      ]
    ],
    "translation": [
      2.062145,
      0.8759978,
      -0.7463076
    ]
  }
]