[
  {
    "timeStamp": 48532,
    "rotation": [
      [
        0.998332441,
        -0.00717189535,
        0.0572790019
      ],
      [
        0.0576197058,
        0.0635448,
        -0.9963142
      ],
      [
        0.00350568444,
        0.997953236,
        0.06385208
      ]
    ],
    "translation": [
      1.47601175,
      0.698601365,
      -0.75031215
    ]
  },
  {
    "timeStamp": 48576,
    "rotation": [
      [
        0.9983359,
        0.0196329821,
        0.0542220958
      ],
      [
        0.0525716543,
        0.07658006,
        -0.9956765
      ],
      [
        -0.0237004235,
        0.9968701,
        0.07542049
      ]
    ],
    "translation": [
      1.47531629,
      0.701832235,
      -0.7457047
    ]
  },
  {
    "timeStamp": 48631,
    "rotation": [
      [
        0.9974573,
        0.07116297,
        0.003843048
      ],
      [
        -0.00202955818,
        0.08226766,
        -0.9966082
      ],
      [
        -0.07123776,
        0.994066358,
        0.08220291
      ]
    ],
    "translation": [
      1.471386,
      0.7204987,
      -0.7442738
    ]
  },
  {
    "timeStamp": 48687,
    "rotation": [
      [
        0.98668474,
        0.13713111,
        -0.08745442
      ],
      [
        -0.101422265,
        0.0984099656,
        -0.9899641
      ],
      [
        -0.127148479,
        0.9856523,
        0.111007765
      ]
    ],
    "translation": [
      1.46740007,
      0.75592804,
      -0.741263032
    ]
  },
  {
    "timeStamp": 48731,
    "rotation": [
      [
        0.9590337,
        0.234900266,
        -0.158354789
      ],
      [
        -0.187846228,
        0.108869419,
        -0.9761461
      ],
      [
        -0.212056965,
        0.9659034,
        0.148534566
      ]
    ],
    "translation": [
      1.47413421,
      0.7917039,
      -0.7341874
    ]
  },
  {
    "timeStamp": 48787,
    "rotation": [
      [
        0.899586439,
        0.3803376,
        -0.21468
      ],
      [
        -0.281356782,
        0.128725246,
        -0.9509302
      ],
      [
        -0.334039748,
        0.9158456,
        0.222810045
      ]
    ],
    "translation": [
      1.49834406,
      0.838132262,
      -0.719433367
    ]
  },
  {
    "timeStamp": 48832,
    "rotation": [
      [
        0.820305049,
        0.518503368,
        -0.2413584
      ],
      [
        -0.344449,
        0.111000575,
        -0.9322198
      ],
      [
        -0.4565682,
        0.8478403,
        0.2696523
      ]
    ],
    "translation": [
      1.530552,
      0.872835457,
      -0.7081225
    ]
  },
  {
    "timeStamp": 48887,
    "rotation": [
      [
        0.7203027,
        0.662232637,
        -0.206426546
      ],
      [
        -0.382983446,
        0.131555051,
        -0.9143396
      ],
      [
        -0.578349054,
        0.7376593,
        0.3483836
      ]
    ],
    "translation": [
      1.58740866,
      0.905369759,
      -0.6937511
    ]
  },
  {
    "timeStamp": 48932,
    "rotation": [
      [
        0.601551056,
        0.782378256,
        -0.161309078
      ],
      [
        -0.402265549,
        0.122220919,
        -0.9073282
      ],
      [
        -0.6901585,
        0.610693336,
        0.38824594
      ]
    ],
    "translation": [
      1.64362216,
      0.925933838,
      -0.6833535
    ]
  },
  {
    "timeStamp": 48977,
    "rotation": [
      [
        0.450446069,
        0.882143438,
        -0.137554571
      ],
      [
        -0.426528275,
        0.07727578,
        -0.9011671
      ],
      [
        -0.784329,
        0.4645981,
        0.411067665
      ]
    ],
    "translation": [
      1.710301,
      0.946423352,
      -0.6750289
    ]
  },
  {
    "timeStamp": 49031,
    "rotation": [
      [
        0.289368361,
        0.9564923,
        -0.03726162
      ],
      [
        -0.47450462,
        0.109527126,
        -0.8734124
      ],
      [
        -0.8313311,
        0.2704187,
        0.4855537
      ]
    ],
    "translation": [
      1.795571,
      0.974562049,
      -0.669291437
    ]
  },
  {
    "timeStamp": 49087,
    "rotation": [
      [
        0.104456939,
        0.987454,
        0.118420668
      ],
      [
        -0.5022717,
        0.155150041,
        -0.850677133
      ],
      [
        -0.8583775,
        0.0293797757,
        0.5121767
      ]
    ],
    "translation": [
      1.898145,
      0.9970182,
      -0.671482265
    ]
  },
  {
    "timeStamp": 49131,
    "rotation": [
      [
        0.0130976252,
        0.9619201,
        0.2730168
      ],
      [
        -0.503428459,
        0.242253691,
        -0.829381049
      ],
      [
        -0.8639376,
        -0.12658152,
        0.4874309
      ]
    ],
    "translation": [
      1.96976626,
      1.00601506,
      -0.679925144
    ]
  },
  {
    "timeStamp": 49187,
    "rotation": [
      [
        -0.0489883125,
        0.867436,
        0.495131165
      ],
      [
        -0.466429621,
        0.4184839,
        -0.7793039
      ],
      [
        -0.8832007,
        -0.269120634,
        0.38409707
      ]
    ],
    "translation": [
      2.05933285,
      1.00880611,
      -0.699868441
    ]
  },
  {
    "timeStamp": 49229,
    "rotation": [
      [
        -0.06345039,
        0.78497386,
        0.616271138
      ],
      [
        -0.43794173,
        0.5329814,
        -0.723973632
      ],
      [
        -0.8967614,
        -0.31582728,
        0.3099549
      ]
    ],
    "translation": [
      2.10308981,
      1.00727987,
      -0.711463869
    ]
  },
  {
    "timeStamp": 49282,
    "rotation": [
      [
        -0.0376429856,
        0.624554038,
        0.7800739
      ],
      [
        -0.311034769,
        0.7345277,
        -0.6030974
      ],
      [
        -0.9496528,
        -0.2653325,
        0.1666082
      ]
    ],
    "translation": [
      2.16388369,
      0.9861897,
      -0.727852046
    ]
  },
  {
    "timeStamp": 49326,
    "rotation": [
      [
        -0.0363709144,
        0.5877381,
        0.8082333
      ],
      [
        -0.17382741,
        0.792718649,
        -0.584278345
      ],
      [
        -0.9841043,
        -0.161743835,
        0.07333309
      ]
    ],
    "translation": [
      2.18823886,
      0.956136,
      -0.736672342
    ]
  },
  {
    "timeStamp": 49382,
    "rotation": [
      [
        -0.00684357528,
        0.4997307,
        0.8661538
      ],
      [
        -0.07160549,
        0.863705635,
        -0.498884
      ],
      [
        -0.9974096,
        -0.06543552,
        0.0298726279
      ]
    ],
    "translation": [
      2.20459366,
      0.9301957,
      -0.7363594
    ]
  },
  {
    "timeStamp": 49437,
    "rotation": [
      [
        0.008776932,
        0.489362746,
        0.8720362
      ],
      [
        0.0206848979,
        0.871794343,
        -0.4894352
      ],
      [
        -0.9997476,
        0.0223337188,
        -0.00247073872
      ]
    ],
    "translation": [
      2.211116,
      0.90090543,
      -0.7358508
    ]
  },
  {
    "timeStamp": 49481,
    "rotation": [
      [
        -0.0197747461,
        0.52950865,
        0.848074
      ],
      [
        0.06342051,
        0.8471959,
        -0.5274816
      ],
      [
        -0.997791,
        0.04335448,
        -0.0503347926
      ]
    ],
    "translation": [
      2.21836543,
      0.878044844,
      -0.735691
    ]
  },
  {
    "timeStamp": 49526,
    "rotation": [
      [
        -0.0372250974,
        0.522651255,
        0.851733565
      ],
      [
        0.09966141,
        0.8500167,
        -0.517242
      ],
      [
        -0.9943249,
        0.065630585,
        -0.08373012
      ]
    ],
    "translation": [
      2.22846866,
      0.8597845,
      -0.7347649
    ]
  },
  {
    "timeStamp": 49581,
    "rotation": [
      [
        -0.0570780858,
        0.5433926,
        0.837536
      ],
      [
        0.164665908,
        0.832538366,
        -0.528928161
      ],
      [
        -0.984696448,
        0.107723422,
        -0.136997938
      ]
    ],
    "translation": [
      2.238119,
      0.834121048,
      -0.7350271
    ]
  },
  {
    "timeStamp": 49637,
    "rotation": [
      [
        -0.0593645945,
        0.5332006,
        0.8439035
      ],
      [
        0.1778972,
        0.837512434,
        -0.516648352
      ],
      [
        -0.9822568,
        0.119457439,
        -0.14457348
      ]
    ],
    "translation": [
      2.24609137,
      0.8196348,
      -0.728140533
    ]
  },
  {
    "timeStamp": 49682,
    "rotation": [
      [
        -0.0524851419,
        0.49627772,
        0.8665759
      ],
      [
        0.189667568,
        0.8569305,
        -0.4792665
      ],
      [
        -0.980444551,
        0.139206961,
        -0.1391039
      ]
    ],
    "translation": [
      2.25207114,
      0.8119622,
      -0.7220814
    ]
  },
  {
    "timeStamp": 49727,
    "rotation": [
      [
        -0.0420782827,
        0.4638723,
        0.8849021
      ],
      [
        0.197986022,
        0.8719942,
        -0.447691381
      ],
      [
        -0.9793013,
        0.156360179,
        -0.128532246
      ]
    ],
    "translation": [
      2.25665379,
      0.8045417,
      -0.7137493
    ]
  },
  {
    "timeStamp": 49785,
    "rotation": [
      [
        -0.02951697,
        0.4228844,
        0.90570277
      ],
      [
        0.198807687,
        0.8904784,
        -0.409296751
      ],
      [
        -0.979593933,
        0.167979464,
        -0.11035689
      ]
    ],
    "translation": [
      2.26306844,
      0.798191249,
      -0.703334451
    ]
  },
  {
    "timeStamp": 49830,
    "rotation": [
      [
        -0.017991785,
        0.3965645,
        0.9178306
      ],
      [
        0.200653821,
        0.9007355,
        -0.385244966
      ],
      [
        -0.979497,
        0.177234963,
        -0.0957780257
      ]
    ],
    "translation": [
      2.26741481,
      0.79320544,
      -0.695181251
    ]
  },
  {
    "timeStamp": 49887,
    "rotation": [
      [
        -0.00813554,
        0.372649372,
        0.927936554
      ],
      [
        0.208719477,
        0.908160746,
        -0.3628777
      ],
      [
        -0.9779417,
        0.190726236,
        -0.0851675645
      ]
    ],
    "translation": [
      2.27210784,
      0.786169767,
      -0.6864035
    ]
  },
  {
    "timeStamp": 49931,
    "rotation": [
      [
        -0.004599353,
        0.357467383,
        0.933914244
      ],
      [
        0.209395587,
        0.913563848,
        -0.34864676
      ],
      [
        -0.9778202,
        0.193953976,
        -0.0790538862
      ]
    ],
    "translation": [
      2.275408,
      0.7823774,
      -0.6793352
    ]
  },
  {
    "timeStamp": 49987,
    "rotation": [
      [
        0.0124143921,
        0.3284466,
        0.944440961
      ],
      [
        0.2043033,
        0.9237554,
        -0.32393834
      ],
      [
        -0.9788289,
        0.1969739,
        -0.05563486
      ]
    ],
    "translation": [
      2.2769897,
      0.7788643,
      -0.669631839
    ]
  },
  {
    "timeStamp": 50031,
    "rotation": [
      [
        0.0213535428,
        0.313018948,
        0.9495068
      ],
      [
        0.197890341,
        0.929609835,
        -0.31091
      ],
      [
        -0.9799915,
        0.194537237,
        -0.0420929641
      ]
    ],
    "translation": [
      2.27852178,
      0.775798,
      -0.6614653
    ]
  },
  {
    "timeStamp": 50086,
    "rotation": [
      [
        0.0424990579,
        0.27897346,
        0.959358
      ],
      [
        0.190776035,
        0.940291464,
        -0.281880349
      ],
      [
        -0.9807132,
        0.195002154,
        -0.0132599492
      ]
    ],
    "translation": [
      2.27811551,
      0.771890938,
      -0.6508164
    ]
  },
  {
    "timeStamp": 50131,
    "rotation": [
      [
        0.0385882,
        0.266709626,
        0.9630041
      ],
      [
        0.18931216,
        0.944317341,
        -0.2691201
      ],
      [
        -0.981158435,
        0.192693233,
        -0.0140518676
      ]
    ],
    "translation": [
      2.27968955,
      0.768016756,
      -0.6440899
    ]
  },
  {
    "timeStamp": 50190,
    "rotation": [
      [
        0.0298465677,
        0.2801833,
        0.959482431
      ],
      [
        0.188958451,
        0.94102025,
        -0.280669957
      ],
      [
        -0.9815314,
        0.189679354,
        -0.0248567741
      ]
    ],
    "translation": [
      2.28092,
      0.7620279,
      -0.63945
    ]
  },
  {
    "timeStamp": 50229,
    "rotation": [
      [
        0.0383017175,
        0.271871954,
        0.9615709
      ],
      [
        0.186784521,
        0.943368852,
        -0.27416563
      ],
      [
        -0.981654,
        0.190107569,
        -0.0146488231
      ]
    ],
    "translation": [
      2.280597,
      0.75991863,
      -0.6333682
    ]
  },
  {
    "timeStamp": 50285,
    "rotation": [
      [
        0.0332893021,
        0.275438756,
        0.960742056
      ],
      [
        0.186578736,
        0.9426633,
        -0.276720583
      ],
      [
        -0.981875837,
        0.188465878,
        -0.0200104155
      ]
    ],
    "translation": [
      2.28158045,
      0.755477846,
      -0.6293374
    ]
  },
  {
    "timeStamp": 50329,
    "rotation": [
      [
        0.01738891,
        0.302559048,
        0.952972
      ],
      [
        0.173296645,
        0.9377788,
        -0.300897479
      ],
      [
        -0.9847162,
        0.170379132,
        -0.0361255147
      ]
    ],
    "translation": [
      2.2830472,
      0.7522032,
      -0.6263124
    ]
  },
  {
    "timeStamp": 50385,
    "rotation": [
      [
        0.0344277769,
        0.337121159,
        0.940831542
      ],
      [
        0.173275828,
        0.925119042,
        -0.337831676
      ],
      [
        -0.9842714,
        0.174654171,
        -0.0265651569
      ]
    ],
    "translation": [
      2.27951646,
      0.746061563,
      -0.6217653
    ]
  },
  {
    "timeStamp": 50429,
    "rotation": [
      [
        0.04271159,
        0.336487353,
        0.9407189
      ],
      [
        0.1647388,
        0.92631793,
        -0.338815928
      ],
      [
        -0.985412,
        0.169444263,
        -0.0158680174
      ]
    ],
    "translation": [
      2.2785275,
      0.7451,
      -0.6197961
    ]
  }
]