[
  {
    "timeStamp": 0,
    "rotation": [
      [
        -0.8919087,
        -0.120864071,
        0.435764521
      ],
      [
        -0.124123156,
        0.9920424,
        0.0211025942
      ],
      [
        -0.434847444,
        -0.0352668837,
        -0.8998133
      ]
    ],
    "translation": [
      1.50899172,
      1.58400941,
      -1.71323657
    ]
  },
  {
    "timeStamp": 12,
    "rotation": [
      [
        -0.8918062,
        -0.121019468,
        0.435931236
      ],
      [
        -0.1246144,
        0.991994262,
        0.0204590037
      ],
      [
        -0.434917271,
        -0.03607785,
        -0.8997474
      ]
    ],
    "translation": [
      1.50902915,
      1.58394194,
      -1.713064
    ]
  },
  {
    "timeStamp": 42,
    "rotation": [
      [
        -0.8853006,
        -0.124309629,
        0.448096
      ],
      [
        -0.134356156,
        0.9908881,
        0.009442968
      ],
      [
        -0.445186853,
        -0.05184459,
        -0.893935561
      ]
    ],
    "translation": [
      1.51070261,
      1.58124948,
      -1.71267462
    ]
  },
  {
    "timeStamp": 98,
    "rotation": [
      [
        -0.8832872,
        -0.1249895,
        0.451864272
      ],
      [
        -0.138269737,
        0.9903878,
        0.00366526423
      ],
      [
        -0.447979,
        -0.05924167,
        -0.8920791
      ]
    ],
    "translation": [
      1.51028538,
      1.58062792,
      -1.71075654
    ]
  },
  {
    "timeStamp": 142,
    "rotation": [
      [
        -0.8815452,
        -0.126398444,
        0.4548643
      ],
      [
        -0.141402841,
        0.9899516,
        0.001045052
      ],
      [
        -0.4504257,
        -0.06339784,
        -0.89056015
      ]
    ],
    "translation": [
      1.50971961,
      1.581074,
      -1.7070806
    ]
  },
  {
    "timeStamp": 198,
    "rotation": [
      [
        -0.880824268,
        -0.126416072,
        0.456253767
      ],
      [
        -0.140565321,
        0.990067,
        0.00295239664
      ],
      [
        -0.452095032,
        -0.0615329146,
        -0.8898448
      ]
    ],
    "translation": [
      1.50852442,
      1.58286667,
      -1.70269775
    ]
  },
  {
    "timeStamp": 242,
    "rotation": [
      [
        -0.879796147,
        -0.126609489,
        0.458179861
      ],
      [
        -0.138904855,
        0.9902815,
        0.00692106131
      ],
      [
        -0.4546033,
        -0.0575542822,
        -0.888832569
      ]
    ],
    "translation": [
      1.50636816,
      1.58539081,
      -1.69587922
    ]
  },
  {
    "timeStamp": 374,
    "rotation": [
      [
        -0.8798792,
        -0.126416117,
        0.4580738
      ],
      [
        -0.137953222,
        0.990403652,
        0.00834104
      ],
      [
        -0.454732418,
        -0.05585365,
        -0.888875
      ]
    ],
    "translation": [
      1.50525093,
      1.58616948,
      -1.69402742
    ]
  },
  {
    "timeStamp": 376,
    "rotation": [
      [
        -0.8798792,
        -0.126416117,
        0.4580738
      ],
      [
        -0.137953222,
        0.990403652,
        0.00834104
      ],
      [
        -0.454732418,
        -0.05585365,
        -0.888875
      ]
    ],
    "translation": [
      1.50525093,
      1.58616948,
      -1.69402742
    ]
  },
  {
    "timeStamp": 415,
    "rotation": [
      [
        -0.8797762,
        -0.112435624,
        0.461900622
      ],
      [
        -0.115251653,
        0.9930878,
        0.0222186074
      ],
      [
        -0.461206049,
        -0.03368741,
        -0.886653364
      ]
    ],
    "translation": [
      1.4963268,
      1.59890962,
      -1.66020727
    ]
  },
  {
    "timeStamp": 459,
    "rotation": [
      [
        -0.879136443,
        -0.106443964,
        0.4645308
      ],
      [
        -0.103916779,
        0.994098842,
        0.0311255883
      ],
      [
        -0.465102673,
        -0.0209089052,
        -0.885009766
      ]
    ],
    "translation": [
      1.49502659,
      1.60253048,
      -1.64926291
    ]
  },
  {
    "timeStamp": 514,
    "rotation": [
      [
        -0.879556358,
        -0.0911909,
        0.466974169
      ],
      [
        -0.08736302,
        0.9957279,
        0.02989592
      ],
      [
        -0.467705429,
        -0.0145011256,
        -0.883765459
      ]
    ],
    "translation": [
      1.493943,
      1.606724,
      -1.63417792
    ]
  },
  {
    "timeStamp": 559,
    "rotation": [
      [
        -0.8823697,
        -0.08248789,
        0.463270336
      ],
      [
        -0.0774182156,
        0.9965477,
        0.0299860034
      ],
      [
        -0.464144439,
        -0.009406818,
        -0.8857096
      ]
    ],
    "translation": [
      1.49364114,
      1.60861254,
      -1.62159038
    ]
  },
  {
    "timeStamp": 615,
    "rotation": [
      [
        -0.886418462,
        -0.0832569,
        0.455335677
      ],
      [
        -0.074835144,
        0.9965266,
        0.0365279131
      ],
      [
        -0.456795365,
        -0.0016960979,
        -0.8895702
      ]
    ],
    "translation": [
      1.49449754,
      1.611386,
      -1.60416436
    ]
  },
  {
    "timeStamp": 659,
    "rotation": [
      [
        -0.8911765,
        -0.08758123,
        0.4451224
      ],
      [
        -0.07456495,
        0.9961217,
        0.0467085727
      ],
      [
        -0.447486848,
        0.008435056,
        -0.8942507
      ]
    ],
    "translation": [
      1.49564791,
      1.61340547,
      -1.58960724
    ]
  },
  {
    "timeStamp": 714,
    "rotation": [
      [
        -0.8943701,
        -0.0802856758,
        0.440064043
      ],
      [
        -0.06164563,
        0.996496737,
        0.0565154329
      ],
      [
        -0.443059772,
        0.0234176852,
        -0.8961861
      ]
    ],
    "translation": [
      1.4994241,
      1.61627674,
      -1.57037973
    ]
  },
  {
    "timeStamp": 759,
    "rotation": [
      [
        -0.897632539,
        -0.06453082,
        0.435994953
      ],
      [
        -0.04558456,
        0.9975112,
        0.0537896939
      ],
      [
        -0.438380957,
        0.02840874,
        -0.898340166
      ]
    ],
    "translation": [
      1.50364888,
      1.61763644,
      -1.55482388
    ]
  },
  {
    "timeStamp": 815,
    "rotation": [
      [
        -0.904527545,
        -0.0499955937,
        0.423474163
      ],
      [
        -0.0300632715,
        0.9981086,
        0.053623043
      ],
      [
        -0.425354123,
        0.0357725024,
        -0.904319763
      ]
    ],
    "translation": [
      1.51080191,
      1.6193279,
      -1.53433609
    ]
  },
  {
    "timeStamp": 860,
    "rotation": [
      [
        -0.9113029,
        -0.038395863,
        0.409942329
      ],
      [
        -0.0185719244,
        0.99846226,
        0.0522321537
      ],
      [
        -0.411317438,
        0.0399858952,
        -0.9106147
      ]
    ],
    "translation": [
      1.51310754,
      1.62040186,
      -1.51893687
    ]
  },
  {
    "timeStamp": 906,
    "rotation": [
      [
        -0.9188648,
        -0.0277401023,
        0.3935961
      ],
      [
        -0.0076781637,
        0.9985938,
        0.05245453
      ],
      [
        -0.394497722,
        0.04517653,
        -0.9177857
      ]
    ],
    "translation": [
      1.52009618,
      1.62131262,
      -1.50011873
    ]
  },
  {
    "timeStamp": 963,
    "rotation": [
      [
        -0.9305541,
        -0.0175334737,
        0.365734428
      ],
      [
        0.0046256627,
        0.9982102,
        0.0596239232
      ],
      [
        -0.366125256,
        0.0571750477,
        -0.9288075
      ]
    ],
    "translation": [
      1.52914429,
      1.62367761,
      -1.47404981
    ]
  },
  {
    "timeStamp": 1008,
    "rotation": [
      [
        -0.942178547,
        -0.0121027846,
        0.33489266
      ],
      [
        0.0119251255,
        0.997503757,
        0.06959893
      ],
      [
        -0.334899038,
        0.0695682541,
        -0.9396823
      ]
    ],
    "translation": [
      1.537746,
      1.62647223,
      -1.45054936
    ]
  },
  {
    "timeStamp": 1064,
    "rotation": [
      [
        -0.9568578,
        -0.00127925444,
        0.2905536
      ],
      [
        0.0234957933,
        0.9963748,
        0.0817637444
      ],
      [
        -0.289604872,
        0.08506306,
        -0.953358948
      ]
    ],
    "translation": [
      1.550216,
      1.632457,
      -1.420999
    ]
  },
  {
    "timeStamp": 1108,
    "rotation": [
      [
        -0.9650048,
        0.0100585259,
        0.2620393
      ],
      [
        0.0383949131,
        0.9939148,
        0.103243887
      ],
      [
        -0.259406239,
        0.109691821,
        -0.9595187
      ]
    ],
    "translation": [
      1.5610255,
      1.63827944,
      -1.39707136
    ]
  },
  {
    "timeStamp": 1164,
    "rotation": [
      [
        -0.9717389,
        0.0213714447,
        0.2350891
      ],
      [
        0.0523656048,
        0.990596235,
        0.12639983
      ],
      [
        -0.230177015,
        0.135138214,
        -0.963719964
      ]
    ],
    "translation": [
      1.57403159,
      1.64409268,
      -1.36988759
    ]
  },
  {
    "timeStamp": 1208,
    "rotation": [
      [
        -0.974618256,
        0.030866174,
        0.221735343
      ],
      [
        0.0622092746,
        0.9887821,
        0.1357942
      ],
      [
        -0.2150565,
        0.1461415,
        -0.9656052
      ]
    ],
    "translation": [
      1.58350086,
      1.64721918,
      -1.35003376
    ]
  },
  {
    "timeStamp": 1264,
    "rotation": [
      [
        -0.9758391,
        0.0361841656,
        0.215473458
      ],
      [
        0.06771596,
        0.9877185,
        0.1408067
      ],
      [
        -0.207732171,
        0.151995674,
        -0.96630466
      ]
    ],
    "translation": [
      1.59313464,
      1.65034878,
      -1.32798123
    ]
  },
  {
    "timeStamp": 1308,
    "rotation": [
      [
        -0.9755107,
        0.02577249,
        0.218437061
      ],
      [
        0.0594543628,
        0.9870394,
        0.1490585
      ],
      [
        -0.21176438,
        0.1583952,
        -0.9643997
      ]
    ],
    "translation": [
      1.59938669,
      1.65295219,
      -1.31272984
    ]
  },
  {
    "timeStamp": 1364,
    "rotation": [
      [
        -0.974189639,
        0.004909556,
        0.225677729
      ],
      [
        0.0434548073,
        0.9851424,
        0.166151136
      ],
      [
        -0.221508965,
        0.1716695,
        -0.9599288
      ]
    ],
    "translation": [
      1.60753357,
      1.65616179,
      -1.29534817
    ]
  },
  {
    "timeStamp": 1408,
    "rotation": [
      [
        -0.9707136,
        -0.00798751,
        0.240106747
      ],
      [
        0.0374627747,
        0.9821876,
        0.184130028
      ],
      [
        -0.237300634,
        0.187732592,
        -0.953123748
      ]
    ],
    "translation": [
      1.61431861,
      1.65905881,
      -1.28312254
    ]
  },
  {
    "timeStamp": 1464,
    "rotation": [
      [
        -0.964832067,
        -0.0207754876,
        0.262044847
      ],
      [
        0.0339718834,
        0.9786572,
        0.202672333
      ],
      [
        -0.260662675,
        0.204446912,
        -0.943534
      ]
    ],
    "translation": [
      1.62262583,
      1.66187024,
      -1.27023458
    ]
  },
  {
    "timeStamp": 1508,
    "rotation": [
      [
        -0.9601263,
        -0.0312750861,
        0.277811944
      ],
      [
        0.0290396474,
        0.9771904,
        0.210370511
      ],
      [
        -0.2780545,
        0.210049808,
        -0.937317848
      ]
    ],
    "translation": [
      1.628931,
      1.66316557,
      -1.26177263
    ]
  },
  {
    "timeStamp": 1563,
    "rotation": [
      [
        -0.9541694,
        -0.04360418,
        0.2960732
      ],
      [
        0.0235455912,
        0.9753233,
        0.219522253
      ],
      [
        -0.2983392,
        0.216432631,
        -0.929597
      ]
    ],
    "translation": [
      1.63617492,
      1.66420317,
      -1.25334525
    ]
  },
  {
    "timeStamp": 1608,
    "rotation": [
      [
        -0.94796747,
        -0.04877556,
        0.314608723
      ],
      [
        0.024796227,
        0.973880947,
        0.225701317
      ],
      [
        -0.317400128,
        0.221758619,
        -0.921997964
      ]
    ],
    "translation": [
      1.641962,
      1.66443229,
      -1.248359
    ]
  },
  {
    "timeStamp": 1664,
    "rotation": [
      [
        -0.942481,
        -0.0495696478,
        0.3305639
      ],
      [
        0.0273797326,
        0.974171162,
        0.224144846
      ],
      [
        -0.333136618,
        0.220303,
        -0.916780531
      ]
    ],
    "translation": [
      1.646904,
      1.66375411,
      -1.24333239
    ]
  },
  {
    "timeStamp": 1708,
    "rotation": [
      [
        -0.9406609,
        -0.0545263626,
        0.3349388
      ],
      [
        0.0227323752,
        0.974664569,
        0.222513407
      ],
      [
        -0.338585824,
        0.216923624,
        -0.915589333
      ]
    ],
    "translation": [
      1.64892387,
      1.66376972,
      -1.240735
    ]
  },
  {
    "timeStamp": 1764,
    "rotation": [
      [
        -0.9398364,
        -0.06249091,
        0.33586064
      ],
      [
        0.0173135232,
        0.973151147,
        0.229514778
      ],
      [
        -0.341185778,
        0.221521273,
        -0.913521
      ]
    ],
    "translation": [
      1.650733,
      1.66469407,
      -1.238168
    ]
  },
  {
    "timeStamp": 1808,
    "rotation": [
      [
        -0.9407735,
        -0.0663458854,
        0.332480818
      ],
      [
        0.0155671556,
        0.9711784,
        0.237844884
      ],
      [
        -0.3386782,
        0.228933945,
        -0.9126261
      ]
    ],
    "translation": [
      1.651377,
      1.66573691,
      -1.2368319
    ]
  },
  {
    "timeStamp": 1863,
    "rotation": [
      [
        -0.943094552,
        -0.07065931,
        0.324930847
      ],
      [
        0.0134005006,
        0.9682928,
        0.24945873
      ],
      [
        -0.332254738,
        0.2396174,
        -0.9122447
      ]
    ],
    "translation": [
      1.65059435,
      1.667114,
      -1.2365191
    ]
  },
  {
    "timeStamp": 1912,
    "rotation": [
      [
        -0.9439773,
        -0.07137979,
        0.3221983
      ],
      [
        0.014832871,
        0.9661641,
        0.2575013
      ],
      [
        -0.3296768,
        0.247854516,
        -0.9109782
      ]
    ],
    "translation": [
      1.64939094,
      1.66812074,
      -1.2377317
    ]
  },
  {
    "timeStamp": 1963,
    "rotation": [
      [
        -0.9442442,
        -0.07206025,
        0.3212635
      ],
      [
        0.0163875259,
        0.964259744,
        0.264451534
      ],
      [
        -0.328837872,
        0.254971534,
        -0.909315765
      ]
    ],
    "translation": [
      1.64786613,
      1.66893625,
      -1.241292
    ]
  },
  {
    "timeStamp": 2007,
    "rotation": [
      [
        -0.9431797,
        -0.07315242,
        0.324130863
      ],
      [
        0.01662417,
        0.9638559,
        0.265904874
      ],
      [
        -0.331867039,
        0.2561845,
        -0.9078733
      ]
    ],
    "translation": [
      1.64616942,
      1.66875851,
      -1.24660325
    ]
  },
  {
    "timeStamp": 2063,
    "rotation": [
      [
        -0.9424403,
        -0.0744649246,
        0.325977445
      ],
      [
        0.0150271868,
        0.9644699,
        0.2637649
      ],
      [
        -0.334036678,
        0.253481179,
        -0.907836258
      ]
    ],
    "translation": [
      1.64345407,
      1.6678369,
      -1.25627589
    ]
  },
  {
    "timeStamp": 2107,
    "rotation": [
      [
        -0.9406596,
        -0.07574595,
        0.33079
      ],
      [
        0.0135363508,
        0.9656199,
        0.259605438
      ],
      [
        -0.3390815,
        0.248678043,
        -0.9072943
      ]
    ],
    "translation": [
      1.64071929,
      1.66673434,
      -1.2663765
    ]
  },
  {
    "timeStamp": 2163,
    "rotation": [
      [
        -0.938598633,
        -0.07798208,
        0.336082458
      ],
      [
        0.009190869,
        0.9681236,
        0.250304133
      ],
      [
        -0.344888628,
        0.238024,
        -0.907962739
      ]
    ],
    "translation": [
      1.637022,
      1.6647296,
      -1.282011
    ]
  },
  {
    "timeStamp": 2207,
    "rotation": [
      [
        -0.936828852,
        -0.07465192,
        0.3417292
      ],
      [
        0.0101008546,
        0.970779359,
        0.23976095
      ],
      [
        -0.349642277,
        0.228066728,
        -0.908700049
      ]
    ],
    "translation": [
      1.63324583,
      1.66263485,
      -1.29691744
    ]
  },
  {
    "timeStamp": 2263,
    "rotation": [
      [
        -0.935218334,
        -0.06478405,
        0.348094344
      ],
      [
        0.0171294957,
        0.9736892,
        0.227235392
      ],
      [
        -0.353656918,
        0.218477383,
        -0.9095023
      ]
    ],
    "translation": [
      1.62871027,
      1.65948272,
      -1.31685019
    ]
  },
  {
    "timeStamp": 2307,
    "rotation": [
      [
        -0.9316449,
        -0.0555811375,
        0.359094024
      ],
      [
        0.0235137641,
        0.9769397,
        0.212217093
      ],
      [
        -0.362608463,
        0.20615463,
        -0.9088539
      ]
    ],
    "translation": [
      1.62561226,
      1.65780222,
      -1.33441162
    ]
  },
  {
    "timeStamp": 2363,
    "rotation": [
      [
        -0.9223119,
        -0.0543709174,
        0.382602245
      ],
      [
        0.0230599847,
        0.9805455,
        0.194932625
      ],
      [
        -0.385757565,
        0.188611493,
        -0.9031151
      ]
    ],
    "translation": [
      1.62243915,
      1.65544462,
      -1.35968256
    ]
  },
  {
    "timeStamp": 2408,
    "rotation": [
      [
        -0.913566947,
        -0.0620168336,
        0.401931942
      ],
      [
        0.008914046,
        0.985013664,
        0.172245592
      ],
      [
        -0.4065906,
        0.160940722,
        -0.8993231
      ]
    ],
    "translation": [
      1.61960554,
      1.6516372,
      -1.38082409
    ]
  },
  {
    "timeStamp": 2463,
    "rotation": [
      [
        -0.902240753,
        -0.0600274354,
        0.427034318
      ],
      [
        -0.0008410124,
        0.990507364,
        0.137456924
      ],
      [
        -0.431231827,
        0.1236601,
        -0.8937266
      ]
    ],
    "translation": [
      1.61594081,
      1.64577579,
      -1.407922
    ]
  },
  {
    "timeStamp": 2508,
    "rotation": [
      [
        -0.8906641,
        -0.0468033254,
        0.452246517
      ],
      [
        -0.0009576298,
        0.994878352,
        0.101074718
      ],
      [
        -0.4546609,
        0.0895905346,
        -0.886147261
      ]
    ],
    "translation": [
      1.61270332,
      1.639178,
      -1.42902088
    ]
  },
  {
    "timeStamp": 2563,
    "rotation": [
      [
        -0.8720674,
        -0.0277085043,
        0.488600761
      ],
      [
        -0.0009596786,
        0.998490751,
        0.05491146
      ],
      [
        -0.48938486,
        0.0474175923,
        -0.870777845
      ]
    ],
    "translation": [
      1.61019421,
      1.63019466,
      -1.45462775
    ]
  },
  {
    "timeStamp": 2608,
    "rotation": [
      [
        -0.8528027,
        -0.0212561917,
        0.5218005
      ],
      [
        -0.008253583,
        0.9995951,
        0.0272305366
      ],
      [
        -0.52216804,
        0.0189155526,
        -0.8526329
      ]
    ],
    "translation": [
      1.60993028,
      1.62370956,
      -1.47393942
    ]
  },
  {
    "timeStamp": 2663,
    "rotation": [
      [
        -0.8226888,
        -0.0183388777,
        0.5681961
      ],
      [
        -0.0267299619,
        0.9996219,
        -0.00643879175
      ],
      [
        -0.5678632,
        -0.0204849839,
        -0.822868
      ]
    ],
    "translation": [
      1.61176562,
      1.6158402,
      -1.494823
    ]
  },
  {
    "timeStamp": 2708,
    "rotation": [
      [
        -0.794263363,
        -0.008728249,
        0.6075109
      ],
      [
        -0.03748033,
        0.9986963,
        -0.0346535
      ],
      [
        -0.6064165,
        -0.0502937175,
        -0.793555
      ]
    ],
    "translation": [
      1.61322284,
      1.60917211,
      -1.508524
    ]
  },
  {
    "timeStamp": 2763,
    "rotation": [
      [
        -0.7622273,
        0.0009052434,
        0.6473088
      ],
      [
        -0.05003888,
        0.9969243,
        -0.060316585
      ],
      [
        -0.6453725,
        -0.07836556,
        -0.7598376
      ]
    ],
    "translation": [
      1.6182301,
      1.601753,
      -1.52125239
    ]
  },
  {
    "timeStamp": 2808,
    "rotation": [
      [
        -0.731277764,
        -5.268294E-06,
        0.682079732
      ],
      [
        -0.0661909655,
        0.995280743,
        -0.07095759
      ],
      [
        -0.6788605,
        -0.097037226,
        -0.727827
      ]
    ],
    "translation": [
      1.62115884,
      1.59794116,
      -1.52908158
    ]
  },
  {
    "timeStamp": 2863,
    "rotation": [
      [
        -0.6787705,
        -0.00224342,
        0.734347
      ],
      [
        -0.08301152,
        0.9938201,
        -0.07369298
      ],
      [
        -0.7296435,
        -0.110979885,
        -0.674762
      ]
    ],
    "translation": [
      1.62765539,
      1.59668458,
      -1.53333473
    ]
  },
  {
    "timeStamp": 2907,
    "rotation": [
      [
        -0.633297145,
        -0.02248068,
        0.7735822
      ],
      [
        -0.100439973,
        0.993511558,
        -0.05335377
      ],
      [
        -0.7673634,
        -0.111487366,
        -0.631445944
      ]
    ],
    "translation": [
      1.63451934,
      1.600208,
      -1.53422976
    ]
  },
  {
    "timeStamp": 2963,
    "rotation": [
      [
        -0.5701919,
        -0.0570932478,
        0.8195252
      ],
      [
        -0.11131946,
        0.9937507,
        -0.008220613
      ],
      [
        -0.8139344,
        -0.09591643,
        -0.572984159
      ]
    ],
    "translation": [
      1.64518023,
      1.61086869,
      -1.53262281
    ]
  },
  {
    "timeStamp": 3008,
    "rotation": [
      [
        -0.5205804,
        -0.0936913937,
        0.8486566
      ],
      [
        -0.122816145,
        0.9918413,
        0.0341614224
      ],
      [
        -0.8449333,
        -0.08644497,
        -0.527839959
      ]
    ],
    "translation": [
      1.65318942,
      1.62107587,
      -1.52862573
    ]
  },
  {
    "timeStamp": 3063,
    "rotation": [
      [
        -0.4670541,
        -0.13629806,
        0.873660862
      ],
      [
        -0.134832427,
        0.9874718,
        0.0819728449
      ],
      [
        -0.873888254,
        -0.07951207,
        -0.479580164
      ]
    ],
    "translation": [
      1.662385,
      1.63330722,
      -1.52075076
    ]
  },
  {
    "timeStamp": 3108,
    "rotation": [
      [
        -0.425408065,
        -0.17392689,
        0.8881314
      ],
      [
        -0.145378992,
        0.9817475,
        0.122624755
      ],
      [
        -0.893248558,
        -0.07695009,
        -0.442928582
      ]
    ],
    "translation": [
      1.67155433,
      1.6424973,
      -1.51350355
    ]
  },
  {
    "timeStamp": 3163,
    "rotation": [
      [
        -0.372242361,
        -0.216132715,
        0.9026197
      ],
      [
        -0.172927111,
        0.971630156,
        0.161341757
      ],
      [
        -0.9118837,
        -0.09602918,
        -0.3990571
      ]
    ],
    "translation": [
      1.680208,
      1.6515348,
      -1.50359082
    ]
  },
  {
    "timeStamp": 3208,
    "rotation": [
      [
        -0.319095582,
        -0.213709429,
        0.9233127
      ],
      [
        -0.207695231,
        0.9663297,
        0.15188694
      ],
      [
        -0.9246841,
        -0.143301189,
        -0.352737963
      ]
    ],
    "translation": [
      1.68625593,
      1.65809774,
      -1.4944272
    ]
  },
  {
    "timeStamp": 3263,
    "rotation": [
      [
        -0.233951241,
        -0.199596673,
        0.951539755
      ],
      [
        -0.24819082,
        0.958535,
        0.14004235
      ],
      [
        -0.9400362,
        -0.203400359,
        -0.273788542
      ]
    ],
    "translation": [
      1.69106507,
      1.66804075,
      -1.48104715
    ]
  },
  {
    "timeStamp": 3307,
    "rotation": [
      [
        -0.162806571,
        -0.221266776,
        0.9615274
      ],
      [
        -0.246689409,
        0.952706456,
        0.177467257
      ],
      [
        -0.9553211,
        -0.2083058,
        -0.209691048
      ]
    ],
    "translation": [
      1.69427168,
      1.67897534,
      -1.471184
    ]
  },
  {
    "timeStamp": 3363,
    "rotation": [
      [
        -0.0667464,
        -0.2919828,
        0.9540917
      ],
      [
        -0.234815329,
        0.9339635,
        0.269395679
      ],
      [
        -0.9697457,
        -0.206054181,
        -0.130900741
      ]
    ],
    "translation": [
      1.69514453,
      1.69320571,
      -1.45690775
    ]
  },
  {
    "timeStamp": 3408,
    "rotation": [
      [
        0.0140586216,
        -0.3160916,
        0.948624432
      ],
      [
        -0.21777463,
        0.924975634,
        0.311438978
      ],
      [
        -0.9758978,
        -0.210964754,
        -0.05583285
      ]
    ],
    "translation": [
      1.690922,
      1.705078,
      -1.44448
    ]
  },
  {
    "timeStamp": 3463,
    "rotation": [
      [
        0.0956216156,
        -0.326070964,
        0.9404968
      ],
      [
        -0.191774562,
        0.9210913,
        0.338841081
      ],
      [
        -0.9767697,
        -0.212763876,
        0.0255441219
      ]
    ],
    "translation": [
      1.68340254,
      1.72041,
      -1.42840028
    ]
  },
  {
    "timeStamp": 3508,
    "rotation": [
      [
        0.128710032,
        -0.341269732,
        0.9311115
      ],
      [
        -0.172674477,
        0.9168657,
        0.359917641
      ],
      [
        -0.976533234,
        -0.2071042,
        0.0590812527
      ]
    ],
    "translation": [
      1.6767869,
      1.73425388,
      -1.41361046
    ]
  },
  {
    "timeStamp": 3563,
    "rotation": [
      [
        0.114867017,
        -0.344744861,
        0.9316418
      ],
      [
        -0.144116089,
        0.9221443,
        0.358999223
      ],
      [
        -0.982871354,
        -0.175501749,
        0.0562406853
      ]
    ],
    "translation": [
      1.67036366,
      1.75118613,
      -1.39445448
    ]
  },
  {
    "timeStamp": 3607,
    "rotation": [
      [
        0.07135888,
        -0.3180433,
        0.945386946
      ],
      [
        -0.134773612,
        0.936036944,
        0.325070679
      ],
      [
        -0.9883036,
        -0.150609881,
        0.0239307061
      ]
    ],
    "translation": [
      1.66989064,
      1.76023436,
      -1.38104367
    ]
  },
  {
    "timeStamp": 3663,
    "rotation": [
      [
        0.0207113,
        -0.254710883,
        0.966795444
      ],
      [
        -0.156083345,
        0.9543223,
        0.254768431
      ],
      [
        -0.9875268,
        -0.156177267,
        -0.01999087
      ]
    ],
    "translation": [
      1.67339456,
      1.76387787,
      -1.36589575
    ]
  },
  {
    "timeStamp": 3708,
    "rotation": [
      [
        0.0006048525,
        -0.19797875,
        0.9802061
      ],
      [
        -0.162644058,
        0.967135131,
        0.1954391
      ],
      [
        -0.9866846,
        -0.159542918,
        -0.0316150971
      ]
    ],
    "translation": [
      1.67801583,
      1.76474714,
      -1.354219
    ]
  },
  {
    "timeStamp": 3763,
    "rotation": [
      [
        0.0119865565,
        -0.136758566,
        0.990531862
      ],
      [
        -0.131382152,
        0.9817997,
        0.137142822
      ],
      [
        -0.991259336,
        -0.13178207,
        -0.006199238
      ]
    ],
    "translation": [
      1.68545783,
      1.76635027,
      -1.34147954
    ]
  },
  {
    "timeStamp": 3807,
    "rotation": [
      [
        0.05514502,
        -0.10289041,
        0.99316293
      ],
      [
        -0.117203742,
        0.987133,
        0.108773418
      ],
      [
        -0.991575658,
        -0.122400716,
        0.0423763357
      ]
    ],
    "translation": [
      1.69152558,
      1.765676,
      -1.33110237
    ]
  },
  {
    "timeStamp": 3863,
    "rotation": [
      [
        0.121273808,
        -0.0989558548,
        0.987674236
      ],
      [
        -0.09773974,
        0.9889925,
        0.111089125
      ],
      [
        -0.987795353,
        -0.110007219,
        0.110266969
      ]
    ],
    "translation": [
      1.69614291,
      1.76082635,
      -1.3194139
    ]
  },
  {
    "timeStamp": 3907,
    "rotation": [
      [
        0.171182126,
        -0.09705271,
        0.980447531
      ],
      [
        -0.113987386,
        0.9865029,
        0.117553845
      ],
      [
        -0.9786233,
        -0.131881773,
        0.157808885
      ]
    ],
    "translation": [
      1.69475687,
      1.753634,
      -1.31119347
    ]
  },
  {
    "timeStamp": 3963,
    "rotation": [
      [
        0.107048541,
        -0.0136423633,
        0.9941602
      ],
      [
        -0.1436554,
        0.9892015,
        0.0290427525
      ],
      [
        -0.983821,
        -0.145925462,
        0.103932783
      ]
    ],
    "translation": [
      1.68437028,
      1.74575,
      -1.30343533
    ]
  },
  {
    "timeStamp": 4008,
    "rotation": [
      [
        0.07318504,
        -0.000502377,
        0.997318268
      ],
      [
        -0.127670646,
        0.9917675,
        0.009868287
      ],
      [
        -0.989112854,
        -0.128050476,
        0.07251841
      ]
    ],
    "translation": [
      1.6812675,
      1.74133182,
      -1.30008793
    ]
  },
  {
    "timeStamp": 4063,
    "rotation": [
      [
        0.0560499467,
        0.05568721,
        0.996873736
      ],
      [
        -0.124440759,
        0.991047561,
        -0.04836498
      ],
      [
        -0.9906426,
        -0.121340878,
        0.0624779239
      ]
    ],
    "translation": [
      1.6771512,
      1.7336421,
      -1.297209
    ]
  },
  {
    "timeStamp": 4107,
    "rotation": [
      [
        0.05641382,
        0.040120054,
        0.997601032
      ],
      [
        -0.134780273,
        0.990352,
        -0.0322067663
      ],
      [
        -0.989268363,
        -0.132640049,
        0.0612769239
      ]
    ],
    "translation": [
      1.676183,
      1.72372079,
      -1.29465532
    ]
  },
  {
    "timeStamp": 4163,
    "rotation": [
      [
        0.06127743,
        0.0368365124,
        0.997440755
      ],
      [
        -0.163118944,
        0.986253,
        -0.0264021829
      ],
      [
        -0.9847016,
        -0.161083639,
        0.066443786
      ]
    ],
    "translation": [
      1.67281854,
      1.70714474,
      -1.29307961
    ]
  },
  {
    "timeStamp": 4207,
    "rotation": [
      [
        0.04831488,
        0.0402856767,
        0.9980194
      ],
      [
        -0.180850789,
        0.9830242,
        -0.030925259
      ],
      [
        -0.9823231,
        -0.178998455,
        0.0547803938
      ]
    ],
    "translation": [
      1.66703367,
      1.69351244,
      -1.29181838
    ]
  },
  {
    "timeStamp": 4262,
    "rotation": [
      [
        0.02047865,
        0.06316115,
        0.9977932
      ],
      [
        -0.181543574,
        0.981646538,
        -0.0584130622
      ],
      [
        -0.9831697,
        -0.179946721,
        0.0315692946
      ]
    ],
    "translation": [
      1.65505791,
      1.67875862,
      -1.28977609
    ]
  },
  {
    "timeStamp": 4307,
    "rotation": [
      [
        -0.00130473543,
        0.09314156,
        0.9956521
      ],
      [
        -0.159893289,
        0.98282367,
        -0.092151016
      ],
      [
        -0.9871335,
        -0.159318313,
        0.0136103854
      ]
    ],
    "translation": [
      1.64686382,
      1.670777,
      -1.28950167
    ]
  },
  {
    "timeStamp": 4362,
    "rotation": [
      [
        -0.0176294763,
        0.113884,
        0.9933376
      ],
      [
        -0.137055516,
        0.9838386,
        -0.115227386
      ],
      [
        -0.990406454,
        -0.1381738,
        -0.00173612859
      ]
    ],
    "translation": [
      1.63986421,
      1.6615715,
      -1.28922963
    ]
  },
  {
    "timeStamp": 4408,
    "rotation": [
      [
        -0.0310869459,
        0.133295551,
        0.990588665
      ],
      [
        -0.122773282,
        0.983053446,
        -0.1361345
      ],
      [
        -0.99194777,
        -0.125849828,
        -0.014194998
      ]
    ],
    "translation": [
      1.6367116,
      1.65540075,
      -1.28917313
    ]
  },
  {
    "timeStamp": 4462,
    "rotation": [
      [
        -0.0272099078,
        0.1392848,
        0.9898785
      ],
      [
        -0.114674293,
        0.983272851,
        -0.1415075
      ],
      [
        -0.9930304,
        -0.117364019,
        -0.0107823778
      ]
    ],
    "translation": [
      1.63312578,
      1.64827323,
      -1.28887653
    ]
  },
  {
    "timeStamp": 4511,
    "rotation": [
      [
        -0.0336873457,
        0.163755015,
        0.9859257
      ],
      [
        -0.107025325,
        0.980222,
        -0.166464537
      ],
      [
        -0.9936854,
        -0.111126758,
        -0.0154951438
      ]
    ],
    "translation": [
      1.62881446,
      1.64388573,
      -1.288784
    ]
  },
  {
    "timeStamp": 4562,
    "rotation": [
      [
        -0.0573082,
        0.180582449,
        0.981888831
      ],
      [
        -0.109123096,
        0.97647953,
        -0.1859566
      ],
      [
        -0.9923749,
        -0.117803596,
        -0.03625457
      ]
    ],
    "translation": [
      1.62134266,
      1.63814616,
      -1.28811646
    ]
  },
  {
    "timeStamp": 4606,
    "rotation": [
      [
        -0.08825132,
        0.189251289,
        0.9779548
      ],
      [
        -0.114770576,
        0.9733149,
        -0.198710367
      ],
      [
        -0.989464164,
        -0.1297769,
        -0.06417585
      ]
    ],
    "translation": [
      1.615509,
      1.63487649,
      -1.286521
    ]
  },
  {
    "timeStamp": 4661,
    "rotation": [
      [
        -0.09420584,
        0.197286427,
        0.9758091
      ],
      [
        -0.109188341,
        0.9722076,
        -0.207099482
      ],
      [
        -0.989546955,
        -0.126056954,
        -0.07004627
      ]
    ],
    "translation": [
      1.6121031,
      1.632824,
      -1.28594208
    ]
  },
  {
    "timeStamp": 4716,
    "rotation": [
      [
        -0.09877971,
        0.20437111,
        0.9738968
      ],
      [
        -0.09723653,
        0.9720174,
        -0.213839158
      ],
      [
        -0.9903472,
        -0.115821317,
        -0.07614325
      ]
    ],
    "translation": [
      1.611937,
      1.632544,
      -1.28550911
    ]
  },
  {
    "timeStamp": 4761,
    "rotation": [
      [
        -0.109954216,
        0.220881864,
        0.969082654
      ],
      [
        -0.0892882645,
        0.9688573,
        -0.230961338
      ],
      [
        -0.989918,
        -0.111922882,
        -0.08680778
      ]
    ],
    "translation": [
      1.61095619,
      1.63140559,
      -1.28504229
    ]
  },
  {
    "timeStamp": 4816,
    "rotation": [
      [
        -0.1261484,
        0.241902947,
        0.9620652
      ],
      [
        -0.0825647861,
        0.9638876,
        -0.253187269
      ],
      [
        -0.9885695,
        -0.111371875,
        -0.101620212
      ]
    ],
    "translation": [
      1.61076927,
      1.63122046,
      -1.28475118
    ]
  },
  {
    "timeStamp": 4861,
    "rotation": [
      [
        -0.118370891,
        0.252843142,
        0.9602389
      ],
      [
        -0.0607857741,
        0.9633789,
        -0.261163145
      ],
      [
        -0.991107166,
        -0.08928298,
        -0.09866675
      ]
    ],
    "translation": [
      1.6101774,
      1.63144243,
      -1.28507972
    ]
  },
  {
    "timeStamp": 4916,
    "rotation": [
      [
        -0.105932109,
        0.260250837,
        0.959712446
      ],
      [
        -0.05211275,
        0.9623636,
        -0.266721934
      ],
      [
        -0.9930069,
        -0.07826767,
        -0.08838282
      ]
    ],
    "translation": [
      1.6114887,
      1.63414335,
      -1.28411031
    ]
  },
  {
    "timeStamp": 4961,
    "rotation": [
      [
        -0.0774376541,
        0.255490452,
        0.9637054
      ],
      [
        -0.04033788,
        0.965013564,
        -0.259078562
      ],
      [
        -0.996180832,
        -0.0589362681,
        -0.06442244
      ]
    ],
    "translation": [
      1.61249864,
      1.63581824,
      -1.28439355
    ]
  },
  {
    "timeStamp": 5017,
    "rotation": [
      [
        -0.06562299,
        0.2531748,
        0.965192258
      ],
      [
        -0.0396361835,
        0.9658525,
        -0.256042838
      ],
      [
        -0.997056961,
        -0.0550588332,
        -0.0533472449
      ]
    ],
    "translation": [
      1.6119169,
      1.63519454,
      -1.28537345
    ]
  },
  {
    "timeStamp": 5061,
    "rotation": [
      [
        -0.0544738546,
        0.252224952,
        0.966134131
      ],
      [
        -0.0494799279,
        0.965700269,
        -0.254901528
      ],
      [
        -0.997288465,
        -0.0616897121,
        -0.0401253439
      ]
    ],
    "translation": [
      1.61140871,
      1.63486958,
      -1.28726959
    ]
  },
  {
    "timeStamp": 5107,
    "rotation": [
      [
        -0.051631812,
        0.254371822,
        0.9657272
      ],
      [
        -0.0578171723,
        0.9646337,
        -0.257174939
      ],
      [
        -0.9969911,
        -0.06911403,
        -0.0350987278
      ]
    ],
    "translation": [
      1.61183,
      1.63501287,
      -1.2885313
    ]
  },
  {
    "timeStamp": 5162,
    "rotation": [
      [
        -0.0697008,
        0.263873726,
        0.962035537
      ],
      [
        -0.063572526,
        0.9612458,
        -0.268263
      ],
      [
        -0.9955402,
        -0.07985718,
        -0.05022448
      ]
    ],
    "translation": [
      1.61173177,
      1.63353968,
      -1.28931141
    ]
  },
  {
    "timeStamp": 5207,
    "rotation": [
      [
        -0.08815758,
        0.269410729,
        0.958981752
      ],
      [
        -0.06333776,
        0.9592659,
        -0.275313079
      ],
      [
        -0.9940908,
        -0.08501069,
        -0.0675026849
      ]
    ],
    "translation": [
      1.61179459,
      1.63192391,
      -1.28945971
    ]
  },
  {
    "timeStamp": 5262,
    "rotation": [
      [
        -0.09480966,
        0.281772822,
        0.9547854
      ],
      [
        -0.0592283942,
        0.95581007,
        -0.2879566
      ],
      [
        -0.9937319,
        -0.08385147,
        -0.0739310756
      ]
    ],
    "translation": [
      1.61170292,
      1.62889659,
      -1.28953743
    ]
  },
  {
    "timeStamp": 5307,
    "rotation": [
      [
        -0.108697556,
        0.304654449,
        0.946240246
      ],
      [
        -0.0554170981,
