[
  {
    "timeStamp": 16189,
    "rotation": [
      [
        -0.00109008,
        0.9999978,
        0.001818778
      ],
      [
        -0.004244514,
        -0.00182338955,
        0.999989331
      ],
      [
        0.999990463,
        0.00108234934,
        0.004246492
      ]
    ],
    "translation": [
      1.30770183,
      0.6988569,
      -0.4914371
    ]
  },
  {
    "timeStamp": 16234,
    "rotation": [
      [
        -0.00078073534,
        0.9998344,
        0.0181782972
      ],
      [
        0.0083348155,
        -0.0181711651,
        0.999800146
      ],
      [
        0.999964952,
        0.0009320952,
        -0.008319248
      ]
    ],
    "translation": [
      1.30763173,
      0.7018689,
      -0.491381228
    ]
  },
  {
    "timeStamp": 16289,
    "rotation": [
      [
        -0.008798099,
        0.998514235,
        0.0537759475
      ],
      [
        0.057204742,
        -0.0531873778,
        0.996944666
      ],
      [
        0.9983237,
        0.0118474839,
        -0.0566518
      ]
    ],
    "translation": [
      1.30526161,
      0.710883,
      -0.4815641
    ]
  },
  {
    "timeStamp": 16334,
    "rotation": [
      [
        -0.0456904434,
        0.9975147,
        0.0536355041
      ],
      [
        0.08594273,
        -0.04956731,
        0.9950663
      ],
      [
        0.995251834,
        0.0500746071,
        -0.08346439
      ]
    ],
    "translation": [
      1.311935,
      0.72011596,
      -0.482669055
    ]
  },
  {
    "timeStamp": 16389,
    "rotation": [
      [
        -0.0252287537,
        0.9950291,
        0.09633603
      ],
      [
        0.07948502,
        -0.0940649956,
        0.992388
      ],
      [
        0.996516764,
        0.032693956,
        -0.0767167658
      ]
    ],
    "translation": [
      1.31527555,
      0.74285,
      -0.4910849
    ]
  },
  {
    "timeStamp": 16434,
    "rotation": [
      [
        -0.0503775068,
        0.986350954,
        0.156760707
      ],
      [
        0.0950187147,
        -0.151514545,
        0.9838774
      ],
      [
        0.994199932,
        0.06446049,
        -0.08608887
      ]
    ],
    "translation": [
      1.31862664,
      0.7720673,
      -0.509506
    ]
  },
  {
    "timeStamp": 16489,
    "rotation": [
      [
        -0.0544004142,
        0.96350807,
        0.262093246
      ],
      [
        0.1472515,
        -0.25187096,
        0.956492543
      ],
      [
        0.987601936,
        0.09062723,
        -0.128176123
      ]
    ],
    "translation": [
      1.32986438,
      0.8199931,
      -0.535213351
    ]
  },
  {
    "timeStamp": 16534,
    "rotation": [
      [
        -0.02812366,
        0.934227943,
        0.3555661
      ],
      [
        0.167733535,
        -0.346252739,
        0.923024654
      ],
      [
        0.985431135,
        0.085599184,
        -0.146963462
      ]
    ],
    "translation": [
      1.34932435,
      0.8605874,
      -0.564433157
    ]
  },
  {
    "timeStamp": 16589,
    "rotation": [
      [
        -0.00100419635,
        0.9132125,
        0.407482475
      ],
      [
        0.244757742,
        -0.394864321,
        0.885537
      ],
      [
        0.96958375,
        0.100623734,
        -0.223119318
      ]
    ],
    "translation": [
      1.39357376,
      0.8988837,
      -0.594421864
    ]
  },
  {
    "timeStamp": 16634,
    "rotation": [
      [
        0.0336742364,
        0.9035035,
        0.4272559
      ],
      [
        0.257422,
        -0.4209155,
        0.8698069
      ],
      [
        0.9657122,
        0.080695,
        -0.246755674
      ]
    ],
    "translation": [
      1.43882847,
      0.9177965,
      -0.623821557
    ]
  },
  {
    "timeStamp": 16689,
    "rotation": [
      [
        0.105688632,
        0.899085939,
        0.424822837
      ],
      [
        0.291139245,
        -0.4364725,
        0.8513106
      ],
      [
        0.950824857,
        0.03370872,
        -0.307889372
      ]
    ],
    "translation": [
      1.50257134,
      0.937894046,
      -0.6487078
    ]
  },
  {
    "timeStamp": 16734,
    "rotation": [
      [
        0.21513778,
        0.8855849,
        0.411649257
      ],
      [
        0.330534071,
        -0.462672442,
        0.8226065
      ],
      [
        0.9189467,
        -0.04090964,
        -0.392254323
      ]
    ],
    "translation": [
      1.55774689,
      0.9584658,
      -0.6513046
    ]
  },
  {
    "timeStamp": 16790,
    "rotation": [
      [
        0.38147983,
        0.8444821,
        0.3759297
      ],
      [
        0.327923983,
        -0.5038675,
        0.7991141
      ],
      [
        0.8642563,
        -0.181569532,
        -0.469141215
      ]
    ],
    "translation": [
      1.63531852,
      0.985534668,
      -0.644766748
    ]
  },
  {
    "timeStamp": 16834,
    "rotation": [
      [
        0.510113239,
        0.8026188,
        0.309172362
      ],
      [
        0.358593017,
        -0.5251872,
        0.77174443
      ],
      [
        0.781789958,
        -0.28281,
        -0.5557184
      ]
    ],
    "translation": [
      1.70670962,
      1.00712657,
      -0.631917
    ]
  },
  {
    "timeStamp": 16889,
    "rotation": [
      [
        0.627250433,
        0.7530481,
        0.198684171
      ],
      [
        0.39930287,
        -0.529981554,
        0.7481155
      ],
      [
        0.6686659,
        -0.389920622,
        -0.6331254
      ]
    ],
    "translation": [
      1.80047667,
      1.02859175,
      -0.622092366
    ]
  },
  {
    "timeStamp": 16934,
    "rotation": [
      [
        0.6862323,
        0.7189312,
        0.110557914
      ],
      [
        0.437824935,
        -0.529633,
        0.7264973
      ],
      [
        0.5808567,
        -0.450140953,
        -0.6782173
      ]
    ],
    "translation": [
      1.8718605,
      1.04392958,
      -0.6212442
    ]
  },
  {
    "timeStamp": 16989,
    "rotation": [
      [
        0.736245,
        0.6764837,
        0.0176947042
      ],
      [
        0.4600237,
        -0.519497454,
        0.7200698
      ],
      [
        0.49630785,
        -0.5220078,
        -0.693675935
      ]
    ],
    "translation": [
      1.94796371,
      1.05747223,
      -0.6288217
    ]
  },
  {
    "timeStamp": 17034,
    "rotation": [
      [
        0.749235451,
        0.661301255,
        -0.0364260264
      ],
      [
        0.463272274,
        -0.483981758,
        0.742388368
      ],
      [
        0.473312825,
        -0.573098838,
        -0.6689788
      ]
    ],
    "translation": [
      1.99638689,
      1.05448818,
      -0.6432525
    ]
  },
  {
    "timeStamp": 17089,
    "rotation": [
      [
        0.7490635,
        0.657473743,
        -0.0814377
      ],
      [
        0.457392424,
        -0.4243086,
        0.78150773
      ],
      [
        0.4792661,
        -0.6226479,
        -0.618557632
      ]
    ],
    "translation": [
      2.04763865,
      1.04169726,
      -0.66351223
    ]
  },
  {
    "timeStamp": 17133,
    "rotation": [
      [
        0.731740534,
        0.673353136,
        -0.105599985
      ],
      [
        0.436303675,
        -0.3437251,
        0.8315601
      ],
      [
        0.5236362,
        -0.654559851,
        -0.54530406
      ]
    ],
    "translation": [
      2.078982,
      1.01534975,
      -0.687614262
    ]
  },
  {
    "timeStamp": 17189,
    "rotation": [
      [
        0.6874612,
        0.715651453,
        -0.123450361
      ],
      [
        0.408451378,
        -0.240469173,
        0.880535066
      ],
      [
        0.6004702,
        -0.6557572,
        -0.457622051
      ]
    ],
    "translation": [
      2.11332273,
      0.982070565,
      -0.714811
    ]
  },
  {
    "timeStamp": 17232,
    "rotation": [
      [
        0.6398119,
        0.757019758,
        -0.132520974
      ],
      [
        0.390636653,
        -0.1718407,
        0.904363751
      ],
      [
        0.6618487,
        -0.6303902,
        -0.4056654
      ]
    ],
    "translation": [
      2.12955523,
      0.9606335,
      -0.732146144
    ]
  },
  {
    "timeStamp": 17284,
    "rotation": [
      [
        0.536403656,
        0.8259226,
        -0.17355971
      ],
      [
        0.3771068,
        -0.05058051,
        0.9247876
      ],
      [
        0.7550242,
        -0.56151,
        -0.338592559
      ]
    ],
    "translation": [
      2.16219854,
      0.9218156,
      -0.755595446
    ]
  },
  {
    "timeStamp": 17340,
    "rotation": [
      [
        0.456089646,
        0.878897667,
        -0.13971816
      ],
      [
        0.313173383,
        -0.0115544572,
        0.9496257
      ],
      [
        0.8330094,
        -0.476870447,
        -0.28051722
      ]
    ],
    "translation": [
      2.17404485,
      0.890978754,
      -0.7727173
    ]
  },
  {
    "timeStamp": 17384,
    "rotation": [
      [
        0.404170752,
        0.901433,
        -0.155127972
      ],
      [
        0.304085,
        0.0275316089,
        0.952247
      ],
      [
        0.8626578,
        -0.43204245,
        -0.262984753
      ]
    ],
    "translation": [
      2.18631864,
      0.8685633,
      -0.77654016
    ]
  },
  {
    "timeStamp": 17440,
    "rotation": [
      [
        0.311543554,
        0.935730338,
        -0.165376663
      ],
      [
        0.266895354,
        0.0808631852,
        0.960327
      ],
      [
        0.91198,
        -0.343321979,
        -0.224549681
      ]
    ],
    "translation": [
      2.20173168,
      0.8431627,
      -0.7837503
    ]
  },
  {
    "timeStamp": 17484,
    "rotation": [
      [
        0.2927151,
        0.940910459,
        -0.170309886
      ],
      [
        0.269192845,
        0.08981879,
        0.9588888
      ],
      [
        0.91752553,
        -0.326527447,
        -0.226995051
      ]
    ],
    "translation": [
      2.211673,
      0.829328954,
      -0.7754408
    ]
  },
  {
    "timeStamp": 17539,
    "rotation": [
      [
        0.239961371,
        0.9543745,
        -0.177730024
      ],
      [
        0.261844873,
        0.112663954,
        0.9585114
      ],
      [
        0.9348026,
        -0.276543379,
        -0.222863063
      ]
    ],
    "translation": [
      2.223543,
      0.8148271,
      -0.767893136
    ]
  },
  {
    "timeStamp": 17584,
    "rotation": [
      [
        0.232117683,
        0.959572,
        -0.159194559
      ],
      [
        0.249826118,
        0.0993607938,
        0.9631793
      ],
      [
        0.9400576,
        -0.2633419,
        -0.216662765
      ]
    ],
    "translation": [
      2.2276094,
      0.8060355,
      -0.760506749
    ]
  },
  {
    "timeStamp": 17639,
    "rotation": [
      [
        0.218445882,
        0.965724766,
        -0.140203282
      ],
      [
        0.221497342,
        0.09085495,
        0.9709193
      ],
      [
        0.950379,
        -0.243147969,
        -0.1940586
      ]
    ],
    "translation": [
      2.231101,
      0.79607743,
      -0.754415631
    ]
  },
  {
    "timeStamp": 17684,
    "rotation": [
      [
        0.1952118,
        0.9726218,
        -0.126092076
      ],
      [
        0.193429708,
        0.0878593549,
        0.9771723
      ],
      [
        0.9614974,
        -0.215145484,
        -0.170982763
      ]
    ],
    "translation": [
      2.23520422,
      0.788477242,
      -0.7513191
    ]
  },
  {
    "timeStamp": 17740,
    "rotation": [
      [
        0.202143028,
        0.9744633,
        -0.09777313
      ],
      [
        0.158561543,
        0.0659527,
        0.9851439
      ],
      [
        0.966434956,
        -0.214643016,
        -0.141180515
      ]
    ],
    "translation": [
      2.23634338,
      0.779676557,
      -0.7466923
    ]
  },
  {
    "timeStamp": 17786,
    "rotation": [
      [
        0.187831551,
        0.977292359,
        -0.09807567
      ],
      [
        0.1417636,
        0.07183268,
        0.9872908
      ],
      [
        0.9719168,
        -0.199347928,
        -0.125052035
      ]
    ],
    "translation": [
      2.241468,
      0.771463,
      -0.7428633
    ]
  },
  {
    "timeStamp": 17832,
    "rotation": [
      [
        0.1813465,
        0.978932,
        -0.09383722
      ],
      [
        0.136545852,
        0.06943036,
        0.9881977
      ],
      [
        0.9738935,
        -0.192019269,
        -0.121078163
      ]
    ],
    "translation": [
      2.24503517,
      0.764417231,
      -0.7364385
    ]
  },
  {
    "timeStamp": 17888,
    "rotation": [
      [
        0.173746288,
        0.980656147,
        -0.0901432261
      ],
      [
        0.131410673,
        0.06762942,
        0.98901844
      ],
      [
        0.9759834,
        -0.183684081,
        -0.117118314
      ]
    ],
    "translation": [
      2.24867463,
      0.7575002,
      -0.7296695
    ]
  },
  {
    "timeStamp": 17932,
    "rotation": [
      [
        0.159041345,
        0.982519,
        -0.096759595
      ],
      [
        0.128354311,
        0.07659795,
        0.988765836
      ],
      [
        0.9788928,
        -0.169674188,
        -0.113928296
      ]
    ],
    "translation": [
      2.25284958,
      0.752607048,
      -0.7260354
    ]
  },
  {
    "timeStamp": 17988,
    "rotation": [
      [
        0.139167488,
        0.984671533,
        -0.105139948
      ],
      [
        0.125678465,
        0.0877522,
        0.9881824
      ],
      [
        0.9822613,
        -0.150736675,
        -0.111539759
      ]
    ],
    "translation": [
      2.25856662,
      0.748843431,
      -0.7215954
    ]
  },
  {
    "timeStamp": 18033,
    "rotation": [
      [
        0.130021349,
        0.987077236,
        -0.09366464
      ],
      [
        0.116902716,
        0.07854622,
        0.990032434
      ],
      [
        0.9845955,
        -0.139675021,
        -0.105179317
      ]
    ],
    "translation": [
      2.25760484,
      0.7478116,
      -0.7203254
    ]
  },
  {
    "timeStamp": 18089,
    "rotation": [
      [
        0.101394728,
        0.990073264,
        -0.0973356
      ],
      [
        0.115260385,
        0.0854899958,
        0.9896497
      ],
      [
        0.9881469,
        -0.111564174,
        -0.105447985
      ]
    ],
    "translation": [
      2.26046729,
      0.7458459,
      -0.7184533
    ]
  },
  {
    "timeStamp": 18133,
    "rotation": [
      [
        0.08480829,
        0.991425157,
        -0.09941676
      ],
      [
        0.113450013,
        0.08951926,
        0.9895026
      ],
      [
        0.989917457,
        -0.09519685,
        -0.104885228
      ]
    ],
    "translation": [
      2.26252937,
      0.7434051,
      -0.7158886
    ]
  },
  {
    "timeStamp": 18189,
    "rotation": [
      [
        0.073446624,
        0.9917064,
        -0.105470657
      ],
      [
        0.112293661,
        0.0968602,
        0.988943
      ],
      [
        0.990956962,
        -0.0844782144,
        -0.104248285
      ]
    ],
    "translation": [
      2.264707,
      0.7410612,
      -0.7125447
    ]
  },
  {
    "timeStamp": 18233,
    "rotation": [
      [
        0.06955122,
        0.992371,
        -0.101795867
      ],
      [
        0.103608407,
        0.09430525,
        0.9901373
      ],
      [
        0.992183447,
        -0.0794121549,
        -0.09625894
      ]
    ],
    "translation": [
      2.26436281,
      0.74113965,
      -0.7106087
    ]
  },
  {
    "timeStamp": 18289,
    "rotation": [
      [
        0.07099585,
        0.993381441,
        -0.09029348
      ],
      [
        0.09797962,
        0.0831390247,
        0.9917096
      ],
      [
        0.9926528,
        -0.07925419,
        -0.09142861
      ]
    ],
    "translation": [
      2.261971,
      0.7414616,
      -0.7095616
    ]
  },
  {
    "timeStamp": 18334,
    "rotation": [
      [
        0.06559888,
        0.993796468,
        -0.08980687
      ],
      [
        0.09292103,
        0.08352576,
        0.992163837
      ],
      [
        0.9935101,
        -0.07342981,
        -0.0868653953
      ]
    ],
    "translation": [
      2.26153469,
      0.7411984,
      -0.7078212
    ]
  },
  {
    "timeStamp": 18389,
    "rotation": [
      [
        0.06998956,
        0.993492,
        -0.08986124
      ],
      [
        0.09647909,
        0.0829182342,
        0.9918752
      ],
      [
        0.9928712,
        -0.07809064,
        -0.09004779
      ]
    ],
    "translation": [
      2.26028776,
      0.7417404,
      -0.707547665
    ]
  },
  {
    "timeStamp": 18433,
    "rotation": [
      [
        0.0616838969,
        0.9955994,
        -0.07054808
      ],
      [
        0.0977425054,
        0.0643174,
        0.9931312
      ],
      [
        0.9932983,
        -0.06815577,
        -0.09334502
      ]
    ],
    "translation": [
      2.253193,
      0.744509757,
      -0.7065352
    ]
  },
  {
    "timeStamp": 18488,
    "rotation": [
      [
        0.06107392,
        0.9974042,
        -0.03814251
      ],
      [
        0.08854881,
        0.0326489955,
        0.9955366
      ],
      [
        0.9941977,
        -0.0641787946,
        -0.08632495
      ]
    ],
    "translation": [
      2.23797345,
      0.7514171,
      -0.709389567
    ]
  },
  {
    "timeStamp": 18533,
    "rotation": [
      [
        0.0612647571,
        0.998118639,
        -0.00240136241
      ],
      [
        0.06840098,
        -0.00179821812,
        0.9976563
      ],
      [
        0.995775044,
        -0.061285425,
        -0.0683824643
      ]
    ],
    "translation": [
      2.22082329,
      0.75973165,
      -0.7157439
    ]
  },
  {
    "timeStamp": 18589,
    "rotation": [
      [
        0.0481358841,
        0.9979067,
        0.0431891344
      ],
      [
        0.06561725,
        -0.04630511,
        0.9967699
      ],
      [
        0.9966832,
        -0.04514646,
        -0.06770883
      ]
    ],
    "translation": [
      2.19467568,
      0.771274,
      -0.7188526
    ]
  },
  {
    "timeStamp": 18633,
    "rotation": [
      [
        0.0435150824,
        0.9966339,
        0.06947834
      ],
      [
        0.0864222944,
        -0.07303865,
        0.993577659
      ],
      [
        0.9953078,
        -0.0372311473,
        -0.08930968
      ]
    ],
    "translation": [
      2.17467332,
      0.779485047,
      -0.7126808
    ]
  },
  {
    "timeStamp": 18689,
    "rotation": [
      [
        0.0400336124,
        0.993277848,
        0.10861142
      ],
      [
        0.106412761,
        -0.112318628,
        0.9879579
      ],
      [
        0.9935158,
        -0.0279938579,
        -0.110193953
      ]
    ],
    "translation": [
      2.14895821,
      0.7893893,
      -0.700446
    ]
  },
  {
    "timeStamp": 18733,
    "rotation": [
      [
        0.03931933,
        0.994335532,
        0.09874651
      ],
      [
        0.1625762,
        -0.10387215,
        0.981213331
      ],
      [
        0.985912263,
        -0.022526836,
        -0.165739477
      ]
    ],
    "translation": [
      2.139751,
      0.789932251,
      -0.6765546
    ]
  },
  {
    "timeStamp": 18789,
    "rotation": [
      [
        0.0195329264,
        0.996649742,
        0.07942181
      ],
      [
        0.219252646,
        -0.081773296,
        0.972235262
      ],
      [
        0.975472569,
        -0.00157715753,
        -0.220115349
      ]
    ],
    "translation": [
      2.13178253,
      0.779364645,
      -0.655003548
    ]
  },
  {
    "timeStamp": 18833,
    "rotation": [
      [
        0.00858973,
        0.998200834,
        0.05934016
      ],
      [
        0.263415962,
        -0.0595051274,
        0.9628453
      ],
      [
        0.9646441,
        0.007360575,
        -0.2634532
      ]
    ],
    "translation": [
      2.13345075,
      0.7747101,
      -0.628751338
    ]
  },
  {
    "timeStamp": 18888,
    "rotation": [
      [
        0.00186109648,
        0.99924624,
        0.0387749858
      ],
      [
        0.2809795,
        -0.03773549,
        0.9589716
      ],
      [
        0.959711969,
        0.009110235,
        -0.280837953
      ]
    ],
    "translation": [
      2.13757324,
      0.766817,
      -0.606223941
    ]
  },
  {
    "timeStamp": 18933,
    "rotation": [
      [
        -0.0047662924,
        0.999888837,
        0.0141269965
      ],
      [
        0.2870189,
        -0.012164847,
        0.957847655
      ],
      [
        0.957913041,
        0.008620099,
        -0.286929
      ]
    ],
    "translation": [
      2.1432147,
      0.7584767,
      -0.5928465
    ]
  },
  {
    "timeStamp": 18988,
    "rotation": [
      [
        -0.0218471885,
        0.999697447,
        -0.0112992013
      ],
      [
        0.289751559,
        0.0171481948,
        0.9569483
      ],
      [
        0.9568525,
        0.01763267,
        -0.290038556
      ]
    ],
    "translation": [
      2.150806,
      0.747496843,
      -0.580963254
    ]
  },
  {
    "timeStamp": 19032,
    "rotation": [
      [
        -0.0176698416,
        0.9996903,
        -0.017525414
      ],
      [
        0.273410559,
        0.0216912031,
        0.9616528
      ],
      [
        0.9617351,
        0.0122006182,
        -0.273709148
      ]
    ],
    "translation": [
      2.153423,
      0.739976466,
      -0.576484442
    ]
  },
  {
    "timeStamp": 19088,
    "rotation": [
      [
        -0.0271227,
        0.999219239,
        -0.02872599
      ],
      [
        0.259103179,
        0.03478172,
        0.9652232
      ],
      [
        0.965468764,
        0.0187364686,
        -0.259844273
      ]
    ],
    "translation": [
      2.15574265,
      0.7311165,
      -0.573402166
    ]
  },
  {
    "timeStamp": 19133,
    "rotation": [
      [
        -0.0317523666,
        0.9990879,
        -0.028550392
      ],
      [
        0.241502672,
        0.0353874341,
        0.9697547
      ],
      [
        0.9698806,
        0.023897009,
        -0.24240604
      ]
    ],
    "translation": [
      2.15635157,
      0.72651577,
      -0.570452631
    ]
  },
  {
    "timeStamp": 19188,
    "rotation": [
      [
        -0.03411361,
        0.999013662,
        -0.0284241717
      ],
      [
        0.2222129,
        0.03531065,
        0.974358559
      ],
      [
        0.9744012,
        0.0269226711,
        -0.2231983
      ]
    ],
    "translation": [
      2.15623617,
      0.7258806,
      -0.5703059
    ]
  },
  {
    "timeStamp": 19232,
    "rotation": [
      [
        -0.03357642,
        0.99895823,
        -0.0309039149
      ],
      [
        0.1909356,
        0.03676331,
        0.9809139
      ],
      [
        0.98102814,
        0.027034916,
        -0.191971064
      ]
    ],
    "translation": [
      2.15602136,
      0.725329041,
      -0.569992542
    ]
  },
  {
    "timeStamp": 19288,
    "rotation": [
      [
        -0.0346842445,
        0.9988632,
        -0.0326986052
      ],
      [
        0.164568111,
        0.0379799642,
        0.985634267
      ],
      [
        0.985755742,
        0.02880484,
        -0.165698335
      ]
    ],
    "translation": [
      2.15593767,
      0.7248803,
      -0.570010245
    ]
  },
  {
    "timeStamp": 19332,
    "rotation": [
      [
        -0.0332503021,
        0.998727858,
        -0.03790833
      ],
      [
        0.139564738,
        0.04219747,
        0.9893134
      ],
      [
        0.989654541,
        0.0276043,
        -0.140790269
      ]
    ],
    "translation": [
      2.15572143,
      0.7251964,
      -0.5698437
    ]
  },
  {
    "timeStamp": 19388,
    "rotation": [
      [
        -0.05317397,
        0.9977239,
        -0.0414677039
      ],
      [
        0.118125327,
        0.04751955,
        0.991861045
      ],
      [
        0.9915739,
        0.0478428155,
        -0.120383263
      ]
    ],
    "translation": [
      2.15541673,
      0.7255205,
      -0.5694845
    ]
  },
  {
    "timeStamp": 19432,
    "rotation": [
      [
        -0.0624725372,
        0.997078359,
        -0.0439538248
      ],
      [
        0.11053583,
        0.0506811738,
        0.9925791
      ],
      [
        0.991906762,
        0.057150472,
        -0.113379061
      ]
    ],
    "translation": [
      2.15483475,
      0.7259291,
      -0.5685649
    ]
  },
  {
    "timeStamp": 19488,
    "rotation": [
      [
        -0.0212435685,
        0.999629,
        -0.0170431733
      ],
      [
        0.26264146,
        0.0220281724,
        0.964642
      ],
      [
        0.9646596,
        0.01601619,
        -0.263011962
      ]
    ],
    "translation": [
      2.14673567,
      0.72852397,
      -0.5369772
    ]
  },
  {
    "timeStamp": 19533,
    "rotation": [
      [
        -0.00712077366,
        0.999885559,
        -0.0133433165
      ],
      [
        0.245564729,
        0.0146835539,
        0.969269
      ],
      [
        0.969354033,
        0.003625297,
        -0.2456412
      ]
    ],
    "translation": [
      2.14577127,
      0.7312072,
      -0.531312466
    ]
  },
  {
    "timeStamp": 19588,
    "rotation": [
      [
        0.000415147981,
        0.9999836,
        -0.00570693752
      ],
      [
        0.243456736,
        0.00543415733,
        0.969896555
      ],
      [
        0.9699117,
        -0.00179204193,
        -0.2434505
      ]
    ],
    "translation": [
      2.14437652,
      0.7357107,
      -0.533450365
    ]
  },
  {
    "timeStamp": 19632,
    "rotation": [
      [
        0.00326420087,
        0.9999229,
        0.0119808307
      ],
      [
        0.230854362,
        -0.012410772,
        0.972909153
      ],
      [
        0.9729828,
        -0.0004099429,
        -0.230877072
      ]
    ],
    "translation": [
      2.14012122,
      0.7402757,
      -0.541132569
    ]
  },
  {
    "timeStamp": 19688,
    "rotation": [
      [
        -0.0106110573,
        0.999883831,
        0.0109398095
      ],
      [
        0.246467352,
        -0.007987617,
        0.9691182
      ],
      [
        0.969092965,
        0.0129796742,
        -0.246353969
      ]
    ],
    "translation": [
      2.140144,
      0.741101444,
      -0.543916047
    ]
  },
  {
    "timeStamp": 19732,
    "rotation": [
      [
        -0.01978923,
        0.9997959,
        -0.004063282
      ],
      [
        0.260637134,
        0.00908233,
        0.965394139
      ],
      [
        0.965234041,
        0.0180453658,
        -0.260763675
      ]
    ],
    "translation": [
      2.14471555,
      0.738991261,
      -0.5421968
    ]
  },
  {
    "timeStamp": 19788,
    "rotation": [
      [
        -0.00649387855,
        0.999920249,
        -0.0108322166
      ],
      [
        0.25573495,
        0.0121328672,
        0.9666708
      ],
      [
        0.9667251,
        0.00350726745,
        -0.255793363
      ]
    ],
    "translation": [
      2.14826584,
      0.7368547,
      -0.5410374
    ]
  },
  {
    "timeStamp": 19842,
    "rotation": [
      [
        0.0007698533,
        0.999859631,
        -0.0167356543
      ],
      [
        0.261283129,
        0.01595318,
        0.9651304
      ],
      [
        0.965261936,
        -0.00511575025,
        -0.2612342
      ]
    ],
    "translation": [
      2.1512897,
      0.7359948,
      -0.5371298
    ]
  },
  {
    "timeStamp": 19886,
    "rotation": [
      [
        0.003356458,
        0.9998434,
        -0.0173760578
      ],
      [
        0.260769516,
        0.0158998184,
        0.965270162
      ],
      [
        0.9653953,
        -0.007771034,
        -0.260675281
      ]
    ],
    "translation": [
      2.15207338,
      0.735683739,
      -0.535225034
    ]
  },
  {
    "timeStamp": 19942,
    "rotation": [
      [
        0.005913422,
        0.999779165,
        -0.020164853
      ],
      [
        0.259147644,
        0.0179441273,
        0.965671
      ],
      [
        0.9658196,
        -0.0109360954,
        -0.2589843
      ]
    ],
    "translation": [
      2.15316319,
      0.7352865,
      -0.5327063
    ]
  },
  {
    "timeStamp": 19986,
    "rotation": [
      [
        0.00406506,
        0.9996757,
        -0.0251392759
      ],
      [
        0.2583329,
        0.0232363176,
        0.965776443
      ],
      [
        0.966047347,
        -0.010420246,
        -0.25815466
      ]
    ],
    "translation": [
      2.15417624,
      0.7342038,
      -0.5305432
    ]
  },
  {
    "timeStamp": 20042,
    "rotation": [
      [
        -0.0004350031,
        0.9994828,
        -0.03215334
      ],
      [
        0.253897667,
        0.0312101021,
        0.966727436
      ],
      [
        0.967231,
        -0.00774312438,
        -0.253779948
      ]
    ],
    "translation": [
      2.15611768,
      0.7309123,
      -0.5289293
    ]
  },
  {
    "timeStamp": 20086,
    "rotation": [
      [
        -0.000385717227,
        0.999362051,
        -0.03571393
      ],
      [
        0.2460145,
        0.0347111374,
        0.96864444
      ],
      [
        0.9692661,
        -0.008412515,
        -0.245870933
      ]
    ],
    "translation": [
      2.15772367,
      0.726758659,
      -0.527507
    ]
  },
  {
    "timeStamp": 20142,
    "rotation": [
      [
        0.00379961333,
        0.9996084,
        -0.0277240966
      ],
      [
        0.237417608,
        0.0260298271,
        0.971058846
      ],
      [
        0.971400261,
        -0.0102718417,
        -0.237225741
      ]
    ],
    "translation": [
      2.15775585,
      0.725147963,
      -0.527499
    ]
  },
  {
    "timeStamp": 20187,
    "rotation": [
      [
        0.00492411,
        0.9996773,
        -0.02492007
      ],
      [
        0.22361739,
        0.023188509,
        0.9744011
      ],
      [
        0.9746645,
        -0.0103706215,
        -0.223431051
      ]
    ],
    "translation": [
      2.15772247,
      0.7248087,
      -0.5274204
    ]
  },
  {
    "timeStamp": 20231,
    "rotation": [
      [
        0.0061026006,
        0.999727249,
        -0.0225431453
      ],
      [
        0.212000772,
        0.0207376685,
        0.97704947
      ],
      [
        0.977250457,
        -0.0107417023,
        -0.211816385
      ]
    ],
    "translation": [
      2.15773535,
      0.7246189,
      -0.527359366
    ]
  },
  {
    "timeStamp": 20288,
    "rotation": [
      [
        0.005771299,
        0.9997644,
        -0.0209245961
      ],
      [
        0.19758527,
        0.0193723161,
        0.980094254
      ],
      [
        0.9802687,
        -0.009790812,
        -0.197426915
      ]
    ],
    "translation": [
      2.15768147,
      0.724410057,
      -0.527344
    ]
  },
  {
    "timeStamp": 20332,
    "rotation": [
      [
        0.00778778642,
        0.9997378,
        -0.0215305146
      ],
      [
        0.182263508,
        0.0197513476,
        0.9830513
      ],
      [
        0.9832188,
        -0.0115800258,
        -0.182061911
      ]
    ],
    "translation": [
      2.15767121,
      0.724228,
      -0.527181149
    ]
  }
]