[
  {
    "timeStamp": 67743,
    "rotation": [
      [
        -0.5294604,
        0.5848778,
        -0.614483237
      ],
      [
        0.740916669,
        0.671596467,
        0.000839535263
      ],
      [
        0.413175821,
        -0.454836369,
        -0.7889294
      ]
    ],
    "translation": [
      1.14477313,
      0.702309,
      -0.454125851
    ]
  },
  {
    "timeStamp": 67799,
    "rotation": [
      [
        -0.536535263,
        0.5689058,
        -0.623278558
      ],
      [
        0.7220147,
        0.691806555,
        0.009925504
      ],
      [
        0.436834842,
        -0.444690883,
        -0.781936944
      ]
    ],
    "translation": [
      1.15061545,
      0.706778765,
      -0.4562185
    ]
  },
  {
    "timeStamp": 67843,
    "rotation": [
      [
        -0.5069017,
        0.5890309,
        -0.6293594
      ],
      [
        0.7343869,
        0.6773992,
        0.04249896
      ],
      [
        0.451360762,
        -0.440650523,
        -0.7759514
      ]
    ],
    "translation": [
      1.1583302,
      0.719502568,
      -0.4625764
    ]
  },
  {
    "timeStamp": 67899,
    "rotation": [
      [
        -0.430394262,
        0.6306865,
        -0.6457517
      ],
      [
        0.7607972,
        0.6384506,
        0.1164836
      ],
      [
        0.485745221,
        -0.441152215,
        -0.75461
      ]
    ],
    "translation": [
      1.179351,
      0.748369336,
      -0.4756583
    ]
  },
  {
    "timeStamp": 67943,
    "rotation": [
      [
        -0.368127137,
        0.663055658,
        -0.651797235
      ],
      [
        0.781037569,
        0.6008648,
        0.170123041
      ],
      [
        0.504443049,
        -0.4464512,
        -0.739066
      ]
    ],
    "translation": [
      1.20798,
      0.7757208,
      -0.492237657
    ]
  },
  {
    "timeStamp": 67999,
    "rotation": [
      [
        -0.327070922,
        0.6890625,
        -0.646697342
      ],
      [
        0.790692568,
        0.5743189,
        0.212045148
      ],
      [
        0.5175229,
        -0.441984981,
        -0.7326796
      ]
    ],
    "translation": [
      1.25710738,
      0.8035516,
      -0.521248758
    ]
  },
  {
    "timeStamp": 68044,
    "rotation": [
      [
        -0.3171822,
        0.6933312,
        -0.647060454
      ],
      [
        0.7898438,
        0.5707747,
        0.22441715
      ],
      [
        0.5249212,
        -0.4398956,
        -0.7286629
      ]
    ],
    "translation": [
      1.30543888,
      0.81823194,
      -0.5489203
    ]
  },
  {
    "timeStamp": 68099,
    "rotation": [
      [
        -0.3358001,
        0.676239848,
        -0.6556965
      ],
      [
        0.7688056,
        0.598965466,
        0.224004969
      ],
      [
        0.5442207,
        -0.428882331,
        -0.7210297
      ]
    ],
    "translation": [
      1.37399709,
      0.824528,
      -0.5855272
    ]
  },
  {
    "timeStamp": 68143,
    "rotation": [
      [
        -0.344899416,
        0.6507789,
        -0.6764105
      ],
      [
        0.7317565,
        0.637741268,
        0.240454823
      ],
      [
        0.5878578,
        -0.412035048,
        -0.696168244
      ]
    ],
    "translation": [
      1.43158615,
      0.821871638,
      -0.615764856
    ]
  },
  {
    "timeStamp": 68199,
    "rotation": [
      [
        -0.36687,
        0.598547161,
        -0.712143064
      ],
      [
        0.6725564,
        0.69954,
        0.241478041
      ],
      [
        0.6427086,
        -0.390365332,
        -0.659197
      ]
    ],
    "translation": [
      1.50188935,
      0.8153972,
      -0.651663244
    ]
  },
  {
    "timeStamp": 68243,
    "rotation": [
      [
        -0.369653434,
        0.564090133,
        -0.7383486
      ],
      [
        0.6394776,
        0.730950654,
        0.2382844
      ],
      [
        0.6741103,
        -0.384074777,
        -0.6309214
      ]
    ],
    "translation": [
      1.553214,
      0.817315459,
      -0.677386165
    ]
  },
  {
    "timeStamp": 68299,
    "rotation": [
      [
        -0.335424036,
        0.5368996,
        -0.774099231
      ],
      [
        0.630821049,
        0.738292336,
        0.238724321
      ],
      [
        0.6996825,
        -0.4082442,
        -0.586328566
      ]
    ],
    "translation": [
      1.61013949,
      0.8288053,
      -0.698923647
    ]
  },
  {
    "timeStamp": 68343,
    "rotation": [
      [
        -0.299759984,
        0.506561041,
        -0.8084181
      ],
      [
        0.6342705,
        0.738802731,
        0.227753118
      ],
      [
        0.7126324,
        -0.4444845,
        -0.5427602
      ]
    ],
    "translation": [
      1.65322244,
      0.838930666,
      -0.7095762
    ]
  },
  {
    "timeStamp": 68399,
    "rotation": [
      [
        -0.229500413,
        0.449535519,
        -0.863277137
      ],
      [
        0.6498468,
        0.73107034,
        0.207930878
      ],
      [
        0.724588633,
        -0.51327765,
        -0.459910154
      ]
    ],
    "translation": [
      1.70885575,
      0.8513806,
      -0.712611437
    ]
  },
  {
    "timeStamp": 68444,
    "rotation": [
      [
        -0.173739836,
        0.374315977,
        -0.9108798
      ],
      [
        0.673293948,
        0.720148861,
        0.167514116
      ],
      [
        0.7186722,
        -0.584185958,
        -0.377143234
      ]
    ],
    "translation": [
      1.75802374,
      0.8627303,
      -0.709197462
    ]
  },
  {
    "timeStamp": 68499,
    "rotation": [
      [
        -0.07244144,
        0.27412793,
        -0.95896095
      ],
      [
        0.706479847,
        0.6927888,
        0.14467153
      ],
      [
        0.7040159,
        -0.6670064,
        -0.243852481
      ]
    ],
    "translation": [
      1.82115686,
      0.8800569,
      -0.7028804
    ]
  },
  {
    "timeStamp": 68543,
    "rotation": [
      [
        -0.02491747,
        0.1654441,
        -0.985904336
      ],
      [
        0.746309638,
        0.659242749,
        0.09176517
      ],
      [
        0.665132344,
        -0.7335034,
        -0.1398992
      ]
    ],
    "translation": [
      1.87519515,
      0.8977001,
      -0.6962846
    ]
  },
  {
    "timeStamp": 68599,
    "rotation": [
      [
        0.06642036,
        0.054614976,
        -0.9962959
      ],
      [
        0.782836139,
        0.616260052,
        0.0859717354
      ],
      [
        0.6186727,
        -0.7856467,
        -0.00182236219
      ]
    ],
    "translation": [
      1.93933666,
      0.9174175,
      -0.6909396
    ]
  },
  {
    "timeStamp": 68643,
    "rotation": [
      [
        0.106224231,
        -0.0492693558,
        -0.9931208
      ],
      [
        0.810872555,
        0.5823575,
        0.057839822
      ],
      [
        0.5755016,
        -0.8114384,
        0.101811647
      ]
    ],
    "translation": [
      1.99025059,
      0.9309146,
      -0.6884989
    ]
  },
  {
    "timeStamp": 68699,
    "rotation": [
      [
        0.16240631,
        -0.1289513,
        -0.9782616
      ],
      [
        0.8290844,
        0.5553988,
        0.0644297451
      ],
      [
        0.535017,
        -0.8215252,
        0.197111785
      ]
    ],
    "translation": [
      2.04320288,
      0.940314651,
      -0.6873213
    ]
  },
  {
    "timeStamp": 68743,
    "rotation": [
      [
        0.19430308,
        -0.17897588,
        -0.964476
      ],
      [
        0.8415069,
        0.5356757,
        0.0701255
      ],
      [
        0.5040956,
        -0.8252389,
        0.254692882
      ]
    ],
    "translation": [
      2.07935667,
      0.9420416,
      -0.687633038
    ]
  },
  {
    "timeStamp": 68799,
    "rotation": [
      [
        0.235054612,
        -0.20783253,
        -0.9495025
      ],
      [
        0.8391823,
        0.5362915,
        0.0903577
      ],
      [
        0.4904308,
        -0.8180447,
        0.300467163
      ]
    ],
    "translation": [
      2.11483955,
      0.9341055,
      -0.6901785
    ]
  },
  {
    "timeStamp": 68854,
    "rotation": [
      [
        0.237645417,
        -0.207875043,
        -0.9488481
      ],
      [
        0.825284243,
        0.558379948,
        0.084367305
      ],
      [
        0.512279868,
        -0.8031188,
        0.304252416
      ]
    ],
    "translation": [
      2.13350987,
      0.9209628,
      -0.694546759
    ]
  },
  {
    "timeStamp": 68893,
    "rotation": [
      [
        0.236388,
        -0.166539818,
        -0.95728004
      ],
      [
        0.8058259,
        0.5840917,
        0.09737279
      ],
      [
        0.542923,
        -0.7944189,
        0.272274375
      ]
    ],
    "translation": [
      2.14190745,
      0.905153036,
      -0.699479043
    ]
  },
  {
    "timeStamp": 68949,
    "rotation": [
      [
        0.233031675,
        -0.11446099,
        -0.9657095
      ],
      [
        0.781513453,
        0.6130237,
        0.115925215
      ],
      [
        0.5787339,
        -0.7817292,
        0.232306749
      ]
    ],
    "translation": [
      2.14100385,
      0.8893002,
      -0.706491
    ]
  },
  {
    "timeStamp": 68993,
    "rotation": [
      [
        0.2457859,
        -0.07141772,
        -0.9666896
      ],
      [
        0.762438357,
        0.6300706,
        0.147305191
      ],
      [
        0.5985625,
        -0.773246765,
        0.209314078
      ]
    ],
    "translation": [
      2.135602,
      0.8782594,
      -0.712405264
    ]
  },
  {
    "timeStamp": 69049,
    "rotation": [
      [
        0.216959044,
        -0.05194251,
        -0.9747978
      ],
      [
        0.7524397,
        0.6450736,
        0.133096173
      ],
      [
        0.621902943,
        -0.762352943,
        0.179038152
      ]
    ],
    "translation": [
      2.131589,
      0.867028952,
      -0.718476355
    ]
  },
  {
    "timeStamp": 69099,
    "rotation": [
      [
        0.235303015,
        -0.0177153014,
        -0.971760631
      ],
      [
        0.7382256,
        0.6535959,
        0.16683948
      ],
      [
        0.6321832,
        -0.7566364,
        0.166870967
      ]
    ],
    "translation": [
      2.12832236,
      0.8585871,
      -0.721646369
    ]
  },
  {
    "timeStamp": 69149,
    "rotation": [
      [
        0.2451172,
        0.0120888427,
        -0.969418049
      ],
      [
        0.73514986,
        0.6495578,
        0.193982646
      ],
      [
        0.6320381,
        -0.760216057,
        0.150330693
      ]
    ],
    "translation": [
      2.1233995,
      0.8540919,
      -0.7223309
    ]
  },
  {
    "timeStamp": 69193,
    "rotation": [
      [
        0.237752676,
        0.0385617577,
        -0.970559955
      ],
      [
        0.728657842,
        0.65364486,
        0.204465523
      ],
      [
        0.642286062,
        -0.755818367,
        0.12730749
      ]
    ],
    "translation": [
      2.11850739,
      0.849408448,
      -0.7224303
    ]
  },
  {
    "timeStamp": 69249,
    "rotation": [
      [
        0.234447017,
        0.04344378,
        -0.9711577
      ],
      [
        0.71502763,
        0.669111669,
        0.202546731
      ],
      [
        0.6586123,
        -0.741891,
        0.125807717
      ]
    ],
    "translation": [
      2.118287,
      0.839917,
      -0.7238773
    ]
  },
  {
    "timeStamp": 69294,
    "rotation": [
      [
        0.223713636,
        0.04656296,
        -0.973542035
      ],
      [
        0.7063104,
        0.6805565,
        0.194855452
      ],
      [
        0.671623349,
        -0.731214643,
        0.119361855
      ]
    ],
    "translation": [
      2.11854172,
      0.833829343,
      -0.7255079
    ]
  },
  {
    "timeStamp": 69349,
    "rotation": [
      [
        0.214519531,
        0.03859641,
        -0.975956857
      ],
      [
        0.7031684,
        0.687403262,
        0.181744352
      ],
      [
        0.6778906,
        -0.7252497,
        0.120321646
      ]
    ],
    "translation": [
      2.120946,
      0.8310204,
      -0.7275037
    ]
  }
]