[
  {
    "timeStamp": 48442,
    "rotation": [
      [
        0.7149368,
        -0.586506248,
        0.380625457
      ],
      [
        -0.410686553,
        0.08831712,
        0.9074892
      ],
      [
        -0.5658638,
        -0.805115163,
        -0.177729055
      ]
    ],
    "translation": [
      1.77398443,
      0.7188466,
      -0.621432245
    ]
  },
  {
    "timeStamp": 48486,
    "rotation": [
      [
        0.7301938,
        -0.576141953,
        0.3672566
      ],
      [
        -0.406689048,
        0.06541831,
        0.9112214
      ],
      [
        -0.549018145,
        -0.8147275,
        -0.186542571
      ]
    ],
    "translation": [
      1.77163267,
      0.719788134,
      -0.6230056
    ]
  },
  {
    "timeStamp": 48542,
    "rotation": [
      [
        0.7175795,
        -0.5779047,
        0.388723433
      ],
      [
        -0.426230043,
        0.077026546,
        0.9013295
      ],
      [
        -0.5508246,
        -0.812461138,
        -0.191047654
      ]
    ],
    "translation": [
      1.769661,
      0.724370956,
      -0.625305235
    ]
  },
  {
    "timeStamp": 48586,
    "rotation": [
      [
        0.7067088,
        -0.5880208,
        0.393439025
      ],
      [
        -0.446956962,
        0.0600175858,
        0.892539859
      ],
      [
        -0.5484452,
        -0.806616,
        -0.220405027
      ]
    ],
    "translation": [
      1.77319431,
      0.736163437,
      -0.6224531
    ]
  },
  {
    "timeStamp": 48641,
    "rotation": [
      [
        0.6730725,
        -0.612140954,
        0.4150385
      ],
      [
        -0.489875048,
        0.0514198728,
        0.870274961
      ],
      [
        -0.554072142,
        -0.7890751,
        -0.265263259
      ]
    ],
    "translation": [
      1.78023076,
      0.7596757,
      -0.6154195
    ]
  },
  {
    "timeStamp": 48686,
    "rotation": [
      [
        0.638387859,
        -0.640453637,
        0.4269427
      ],
      [
        -0.535829246,
        0.0284294058,
        0.843847632
      ],
      [
        -0.552583039,
        -0.7674705,
        -0.325024784
      ]
    ],
    "translation": [
      1.79374123,
      0.7862246,
      -0.608431935
    ]
  },
  {
    "timeStamp": 48741,
    "rotation": [
      [
        0.583353043,
        -0.6908772,
        0.427069038
      ],
      [
        -0.6002046,
        -0.0124228392,
        0.79975003
      ],
      [
        -0.5472236,
        -0.722865462,
        -0.421914518
      ]
    ],
    "translation": [
      1.82128549,
      0.8283944,
      -0.598650753
    ]
  },
  {
    "timeStamp": 48786,
    "rotation": [
      [
        0.552285254,
        -0.733098149,
        0.396923244
      ],
      [
        -0.6379598,
        -0.06516679,
        0.7673074
      ],
      [
        -0.5366454,
        -0.6769936,
        -0.5036778
      ]
    ],
    "translation": [
      1.85147667,
      0.8639985,
      -0.5949824
    ]
  },
  {
    "timeStamp": 48841,
    "rotation": [
      [
        0.519415736,
        -0.785070062,
        0.3374497
      ],
      [
        -0.6694991,
        -0.128477946,
        0.7316177
      ],
      [
        -0.5310163,
        -0.605936,
        -0.592337132
      ]
    ],
    "translation": [
      1.8968693,
      0.90419805,
      -0.592846751
    ]
  },
  {
    "timeStamp": 48886,
    "rotation": [
      [
        0.511707067,
        -0.816086352,
        0.2686242
      ],
      [
        -0.676219046,
        -0.189689517,
        0.7118608
      ],
      [
        -0.5299847,
        -0.5459129,
        -0.648918569
      ]
    ],
    "translation": [
      1.93482411,
      0.9310247,
      -0.5956219
    ]
  },
  {
    "timeStamp": 48941,
    "rotation": [
      [
        0.513238668,
        -0.840641558,
        0.172938988
      ],
      [
        -0.668252766,
        -0.264983445,
        0.6951417
      ],
      [
        -0.538539,
        -0.472340584,
        -0.6977608
      ]
    ],
    "translation": [
      1.9844228,
      0.9587852,
      -0.59942466
    ]
  },
  {
    "timeStamp": 48985,
    "rotation": [
      [
        0.555756152,
        -0.8286536,
        0.06684523
      ],
      [
        -0.625921965,
        -0.364157557,
        0.6896456
      ],
      [
        -0.5471351,
        -0.4251147,
        -0.721055269
      ]
    ],
    "translation": [
      2.019346,
      0.9762026,
      -0.6046988
    ]
  },
  {
    "timeStamp": 49041,
    "rotation": [
      [
        0.5884927,
        -0.8079039,
        -0.0311061461
      ],
      [
        -0.5639235,
        -0.4377347,
        0.7002704
      ],
      [
        -0.579367459,
        -0.394562542,
        -0.7131996
      ]
    ],
    "translation": [
      2.06124759,
      0.982251346,
      -0.609260142
    ]
  },
  {
    "timeStamp": 49086,
    "rotation": [
      [
        0.643620253,
        -0.7556468,
        -0.121453114
      ],
      [
        -0.4708966,
        -0.5160826,
        0.7154825
      ],
      [
        -0.603331864,
        -0.40330717,
        -0.6879927
      ]
    ],
    "translation": [
      2.08589172,
      0.9797819,
      -0.611497462
    ]
  },
  {
    "timeStamp": 49136,
    "rotation": [
      [
        0.6526654,
        -0.7377241,
        -0.172600627
      ],
      [
        -0.417366177,
        -0.5402105,
        0.7307381
      ],
      [
        -0.6323238,
        -0.404889822,
        -0.660477757
      ]
    ],
    "translation": [
      2.11242414,
      0.9668911,
      -0.6136155
    ]
  },
  {
    "timeStamp": 49191,
    "rotation": [
      [
        0.667101264,
        -0.72432816,
        -0.174139559
      ],
      [
        -0.3545278,
        -0.5142638,
        0.7809243
      ],
      [
        -0.6551991,
        -0.4592183,
        -0.599860549
      ]
    ],
    "translation": [
      2.12675452,
      0.9356299,
      -0.6150367
    ]
  },
  {
    "timeStamp": 49236,
    "rotation": [
      [
        0.6608059,
        -0.7312903,
        -0.168967873
      ],
      [
        -0.347418219,
        -0.4975765,
        0.794807
      ],
      [
        -0.6653091,
        -0.466510653,
        -0.582865059
      ]
    ],
    "translation": [
      2.13238025,
      0.9160356,
      -0.6157172
    ]
  },
  {
    "timeStamp": 49291,
    "rotation": [
      [
        0.647611558,
        -0.7480119,
        -0.145180732
      ],
      [
        -0.339796752,
        -0.4540471,
        0.8236379
      ],
      [
        -0.6820098,
        -0.484065473,
        -0.5482182
      ]
    ],
    "translation": [
      2.13300228,
      0.8889202,
      -0.618090153
    ]
  },
  {
    "timeStamp": 49336,
    "rotation": [
      [
        0.66336447,
        -0.73683995,
        -0.130439565
      ],
      [
        -0.326177865,
        -0.441613,
        0.835814536
      ],
      [
        -0.6734654,
        -0.511903167,
        -0.5332913
      ]
    ],
    "translation": [
      2.12793159,
      0.872428954,
      -0.617678
    ]
  },
  {
    "timeStamp": 49391,
    "rotation": [
      [
        0.6712406,
        -0.72898,
        -0.134253934
      ],
      [
        -0.3022132,
        -0.434530646,
        0.848439932
      ],
      [
        -0.6768332,
        -0.528934062,
        -0.511982
      ]
    ],
    "translation": [
      2.12374449,
      0.855221,
      -0.618163347
    ]
  },
  {
    "timeStamp": 49436,
    "rotation": [
      [
        0.677948236,
        -0.723584235,
        -0.129661083
      ],
      [
        -0.287322342,
        -0.423178315,
        0.859282255
      ],
      [
        -0.6766328,
        -0.5452944,
        -0.494794935
      ]
    ],
    "translation": [
      2.121266,
      0.842566,
      -0.6182584
    ]
  },
  {
    "timeStamp": 49491,
    "rotation": [
      [
        0.6743943,
        -0.7241731,
        -0.144102767
      ],
      [
        -0.270620584,
        -0.4240018,
        0.8642841
      ],
      [
        -0.686991155,
        -0.5438711,
        -0.48192057
      ]
    ],
    "translation": [
      2.12339926,
      0.8309556,
      -0.6189106
    ]
  },
  {
    "timeStamp": 49536,
    "rotation": [
      [
        0.6634149,
        -0.7374999,
        -0.126390427
      ],
      [
        -0.2761564,
        -0.39831683,
        0.8746893
      ],
      [
        -0.695426643,
        -0.5453784,
        -0.467914641
      ]
    ],
    "translation": [
      2.12424088,
      0.8213888,
      -0.6192184
    ]
  },
  {
    "timeStamp": 49583,
    "rotation": [
      [
        0.647733569,
        -0.7533313,
        -0.113723941
      ],
      [
        -0.284008622,
        -0.37726748,
        0.881480753
      ],
      [
        -0.7069514,
        -0.53866607,
        -0.4583214
      ]
    ],
    "translation": [
      2.12624121,
      0.8135843,
      -0.61947155
    ]
  },
  {
    "timeStamp": 49638,
    "rotation": [
      [
        0.645259,
        -0.75591296,
        -0.110618107
      ],
      [
        -0.2795618,
        -0.368387043,
        0.886643231
      ],
      [
        -0.7109754,
        -0.541189969,
        -0.449029446
      ]
    ],
    "translation": [
      2.12727284,
      0.8061061,
      -0.61900115
    ]
  },
  {
    "timeStamp": 49683,
    "rotation": [
      [
        0.6460309,
        -0.7571634,
        -0.09668309
      ],
      [
        -0.2790943,
        -0.3522022,
        0.893342
      ],
      [
        -0.710457861,
        -0.5501428,
        -0.4388535
      ]
    ],
    "translation": [
      2.126852,
      0.8004376,
      -0.6181549
    ]
  },
  {
    "timeStamp": 49739,
    "rotation": [
      [
        0.639749467,
        -0.7641544,
        -0.08239316
      ],
      [
        -0.28136307,
        -0.332609653,
        0.900114238
      ],
      [
        -0.715231,
        -0.552665234,
        -0.427791685
      ]
    ],
    "translation": [
      2.12740564,
      0.7948939,
      -0.6176139
    ]
  },
  {
    "timeStamp": 49783,
    "rotation": [
      [
        0.6253972,
        -0.7780438,
        -0.05938172
      ],
      [
        -0.296996385,
        -0.307717979,
        0.90393734
      ],
      [
        -0.7215757,
        -0.5476837,
        -0.423522174
      ]
    ],
    "translation": [
      2.1277895,
      0.7910216,
      -0.617293835
    ]
  },
  {
    "timeStamp": 49839,
    "rotation": [
      [
        0.621629357,
        -0.7816137,
        -0.05154528
      ],
      [
        -0.2970363,
        -0.2961041,
        0.907795
      ],
      [
        -0.7248078,
        -0.5490012,
        -0.4162346
      ]
    ],
    "translation": [
      2.12827682,
      0.7871672,
      -0.616979241
    ]
  },
  {
    "timeStamp": 49883,
    "rotation": [
      [
        0.6160162,
        -0.78663975,
        -0.04149587
      ],
      [
        -0.302150935,
        -0.284605622,
        0.909782648
      ],
      [
        -0.7274811,
        -0.5479028,
        -0.41300562
      ]
    ],
    "translation": [
      2.128046,
      0.785130441,
      -0.6164204
    ]
  },
  {
    "timeStamp": 49939,
    "rotation": [
      [
        0.6122945,
        -0.7893914,
        -0.04423534
      ],
      [
        -0.297022581,
        -0.281516731,
        0.912428558
      ],
      [
        -0.7327162,
        -0.545536041,
        -0.4068382
      ]
    ],
    "translation": [
      2.12938619,
      0.784397066,
      -0.6157904
    ]
  }
]