[
  {
    "timeStamp": 23485,
    "rotation": [
      [
        0.9966286,
        -0.0274665486,
        -0.0773110762
      ],
      [
        0.07485491,
        -0.0813578144,
        0.99387
      ],
      [
        -0.0335880555,
        -0.9963064,
        -0.07902752
      ]
    ],
    "translation": [
      1.15400171,
      0.7001714,
      -0.7559951
    ]
  },
  {
    "timeStamp": 23529,
    "rotation": [
      [
        0.9977866,
        -0.06283506,
        -0.0217649639
      ],
      [
        0.0190797485,
        -0.0430226326,
        0.9988919
      ],
      [
        -0.0637018159,
        -0.9970962,
        -0.04172853
      ]
    ],
    "translation": [
      1.15418351,
      0.7022728,
      -0.7565699
    ]
  },
  {
    "timeStamp": 23585,
    "rotation": [
      [
        0.99112463,
        -0.132113412,
        -0.0147611126
      ],
      [
        0.0119820889,
        -0.0218054932,
        0.9996904
      ],
      [
        -0.1323944,
        -0.9909947,
        -0.0200289674
      ]
    ],
    "translation": [
      1.16925991,
      0.721628964,
      -0.747741044
    ]
  },
  {
    "timeStamp": 23629,
    "rotation": [
      [
        0.9796816,
        -0.191072762,
        0.0609518923
      ],
      [
        -0.06388209,
        -0.009207505,
        0.99791497
      ],
      [
        -0.190113142,
        -0.9815327,
        -0.0212265514
      ]
    ],
    "translation": [
      1.18366456,
      0.7522991,
      -0.737293839
    ]
  },
  {
    "timeStamp": 23685,
    "rotation": [
      [
        0.9438976,
        -0.282483667,
        0.17105636
      ],
      [
        -0.168879241,
        0.0322303921,
        0.9851096
      ],
      [
        -0.2837906,
        -0.9587305,
        -0.0172834359
      ]
    ],
    "translation": [
      1.21920645,
      0.800033331,
      -0.7215361
    ]
  },
  {
    "timeStamp": 23729,
    "rotation": [
      [
        0.9101669,
        -0.34151113,
        0.234448969
      ],
      [
        -0.2377625,
        0.0327735022,
        0.97077024
      ],
      [
        -0.339212567,
        -0.93930614,
        -0.0513691865
      ]
    ],
    "translation": [
      1.262607,
      0.8379236,
      -0.708429
    ]
  },
  {
    "timeStamp": 23785,
    "rotation": [
      [
        0.85816747,
        -0.426866859,
        0.2851901
      ],
      [
        -0.303719968,
        0.0257141721,
        0.9524143
      ],
      [
        -0.413887531,
        -0.903948843,
        -0.107580923
      ]
    ],
    "translation": [
      1.33694255,
      0.880068362,
      -0.691578269
    ]
  },
  {
    "timeStamp": 23830,
    "rotation": [
      [
        0.809390962,
        -0.5185226,
        0.2757185
      ],
      [
        -0.323994845,
        -0.00268761418,
        0.946055055
      ],
      [
        -0.4898099,
        -0.855059743,
        -0.170173973
      ]
    ],
    "translation": [
      1.41134477,
      0.904702067,
      -0.674413443
    ]
  },
  {
    "timeStamp": 23885,
    "rotation": [
      [
        0.7288536,
        -0.649610758,
        0.216283053
      ],
      [
        -0.322755218,
        -0.0473976657,
        0.9452949
      ],
      [
        -0.6038224,
        -0.7587881,
        -0.244211212
      ]
    ],
    "translation": [
      1.51960862,
      0.9264848,
      -0.6541289
    ]
  },
  {
    "timeStamp": 23929,
    "rotation": [
      [
        0.6385478,
        -0.7550715,
        0.148740649
      ],
      [
        -0.32077834,
        -0.0854575261,
        0.9432912
      ],
      [
        -0.69954133,
        -0.650049269,
        -0.2967793
      ]
    ],
    "translation": [
      1.61504269,
      0.941805,
      -0.64131707
    ]
  },
  {
    "timeStamp": 23985,
    "rotation": [
      [
        0.505846143,
        -0.8622172,
        0.0264818985
      ],
      [
        -0.312273264,
        -0.1544149,
        0.937358737
      ],
      [
        -0.8041176,
        -0.482428879,
        -0.347357541
      ]
    ],
    "translation": [
      1.7405535,
      0.9564321,
      -0.63472
    ]
  },
  {
    "timeStamp": 24029,
    "rotation": [
      [
        0.376962185,
        -0.9236585,
        -0.06895317
      ],
      [
        -0.3098081,
        -0.195894882,
        0.9304
      ],
      [
        -0.872879446,
        -0.329363376,
        -0.360001832
      ]
    ],
    "translation": [
      1.83869207,
      0.965315759,
      -0.6388846
    ]
  },
  {
    "timeStamp": 24085,
    "rotation": [
      [
        0.198052734,
        -0.9649686,
        -0.172077343
      ],
      [
        -0.293739885,
        -0.22591643,
        0.928804934
      ],
      [
        -0.935142756,
        -0.133406371,
        -0.328193158
      ]
    ],
    "translation": [
      1.95221674,
      0.964967251,
      -0.655000746
    ]
  },
  {
    "timeStamp": 24129,
    "rotation": [
      [
        0.0553691834,
        -0.9634227,
        -0.26220414
      ],
      [
        -0.2647346,
        -0.267373562,
        0.9265133
      ],
      [
        -0.962730467,
        0.0181142446,
        -0.2698556
      ]
    ],
    "translation": [
      2.036247,
      0.9579605,
      -0.673524559
    ]
  },
  {
    "timeStamp": 24191,
    "rotation": [
      [
        -0.122262448,
        -0.9488747,
        -0.291013181
      ],
      [
        -0.215717629,
        -0.2607979,
        0.9409837
      ],
      [
        -0.9687713,
        0.177823663,
        -0.172803208
      ]
    ],
    "translation": [
      2.11563921,
      0.9361059,
      -0.696277738
    ]
  },
  {
    "timeStamp": 24235,
    "rotation": [
      [
        -0.2326802,
        -0.924985349,
        -0.300436467
      ],
      [
        -0.150154039,
        -0.271044374,
        0.9507832
      ],
      [
        -0.960892141,
        0.2663402,
        -0.07582362
      ]
    ],
    "translation": [
      2.1710434,
      0.9082645,
      -0.7117606
    ]
  },
  {
    "timeStamp": 24280,
    "rotation": [
      [
        -0.272173047,
        -0.9214475,
        -0.2772297
      ],
      [
        -0.117091484,
        -0.254250079,
        0.960024238
      ],
      [
        -0.955097556,
        0.293753922,
        -0.0386936441
      ]
    ],
    "translation": [
      2.19217443,
      0.885612965,
      -0.7117262
    ]
  },
  {
    "timeStamp": 24335,
    "rotation": [
      [
        -0.273887157,
        -0.927225769,
        -0.255417675
      ],
      [
        -0.101521969,
        -0.236216053,
        0.966382563
      ],
      [
        -0.956388533,
        0.290610284,
        -0.0294372421
      ]
    ],
    "translation": [
      2.204835,
      0.8658159,
      -0.702892244
    ]
  },
  {
    "timeStamp": 24380,
    "rotation": [
      [
        -0.281357378,
        -0.938026369,
        -0.2023477
      ],
      [
        -0.06175816,
        -0.192728415,
        0.979306757
      ],
      [
        -0.957613647,
        0.2880318,
        -0.003705219
      ]
    ],
    "translation": [
      2.2036736,
      0.8474994,
      -0.6935121
    ]
  },
  {
    "timeStamp": 24435,
    "rotation": [
      [
        -0.221414953,
        -0.9540497,
        -0.201902524
      ],
      [
        -0.012124042,
        -0.204332232,
        0.9788265
      ],
      [
        -0.975104332,
        0.219174713,
        0.033675272
      ]
    ],
    "translation": [
      2.19702721,
      0.827682,
      -0.6825759
    ]
  },
  {
    "timeStamp": 24483,
    "rotation": [
      [
        -0.190490231,
        -0.9651426,
        -0.179480523
      ],
      [
        0.00300028641,
        -0.183399782,
        0.983033836
      ],
      [
        -0.9816845,
        0.18671985,
        0.03783157
      ]
    ],
    "translation": [
      2.1876092,
      0.8144963,
      -0.6706119
    ]
  },
  {
    "timeStamp": 24536,
    "rotation": [
      [
        -0.177938923,
        -0.9738035,
        -0.14157778
      ],
      [
        0.0232674275,
        -0.147997111,
        0.988714039
      ],
      [
        -0.9837664,
        0.172636569,
        0.0489923544
      ]
    ],
    "translation": [
      2.18103766,
      0.7987367,
      -0.6592539
    ]
  },
  {
    "timeStamp": 24581,
    "rotation": [
      [
        -0.173991367,
        -0.9739949,
        -0.145123765
      ],
      [
        0.0414512046,
        -0.154484883,
        0.9871252
      ],
      [
        -0.9838744,
        0.1657357,
        0.06725229
      ]
    ],
    "translation": [
      2.18031621,
      0.7869465,
      -0.6534579
    ]
  },
  {
    "timeStamp": 24637,
    "rotation": [
      [
        -0.169621557,
        -0.9754068,
        -0.1407482
      ],
      [
        0.0532443225,
        -0.151679382,
        0.9869946
      ],
      [
        -0.9840699,
        0.159921527,
        0.07766297
      ]
    ],
    "translation": [
      2.17924881,
      0.77387774,
      -0.646960139
    ]
  },
  {
    "timeStamp": 24683,
    "rotation": [
      [
        -0.181532264,
        -0.973384261,
        -0.139889374
      ],
      [
        0.0650746152,
        -0.153831661,
        0.9859519
      ],
      [
        -0.9812295,
        0.169878855,
        0.0912680253
      ]
    ],
    "translation": [
      2.18109322,
      0.763709545,
      -0.645928144
    ]
  },
  {
    "timeStamp": 24728,
    "rotation": [
      [
        -0.192723989,
        -0.9699615,
        -0.148432016
      ],
      [
        0.081799835,
        -0.16662243,
        0.982621849
      ],
      [
        -0.9778375,
        0.17723307,
        0.11145483
      ]
    ],
    "translation": [
      2.18526244,
      0.7529664,
      -0.6464767
    ]
  },
  {
    "timeStamp": 24784,
    "rotation": [
      [
        -0.209028259,
        -0.9711374,
        -0.114888236
      ],
      [
        0.08974618,
        -0.13603811,
        0.986630261
      ],
      [
        -0.9737827,
        0.195922837,
        0.115591682
      ]
    ],
    "translation": [
      2.18430686,
      0.7409313,
      -0.646114469
    ]
  },
  {
    "timeStamp": 24829,
    "rotation": [
      [
        -0.2144678,
        -0.9692401,
        -0.120735705
      ],
      [
        0.0954528749,
        -0.14381884,
        0.984989762
      ],
      [
        -0.9720557,
        0.199723989,
        0.123361267
      ]
    ],
    "translation": [
      2.186397,
      0.7334322,
      -0.646806
    ]
  },
  {
    "timeStamp": 24884,
    "rotation": [
      [
        -0.218335748,
        -0.970953763,
        -0.0978689045
      ],
      [
        0.095039174,
        -0.120968021,
        0.9880963
      ],
      [
        -0.971234858,
        0.206435367,
        0.11869029
      ]
    ],
    "translation": [
      2.18308377,
      0.72521,
      -0.6461844
    ]
  },
  {
    "timeStamp": 24929,
    "rotation": [
      [
        -0.237569258,
        -0.9672203,
        -0.08969793
      ],
      [
        0.0735367,
        -0.109984741,
        0.9912092
      ],
      [
        -0.9685831,
        0.228884742,
        0.0972551852
      ]
    ],
    "translation": [
      2.18266344,
      0.7242237,
      -0.6461347
    ]
  },
  {
    "timeStamp": 24984,
    "rotation": [
      [
        -0.27623418,
        -0.958532035,
        -0.07007876
      ],
      [
        0.03736409,
        -0.08357128,
        0.9958011
      ],
      [
        -0.9603638,
        0.272455871,
        0.05889992
      ]
    ],
    "translation": [
      2.18186927,
      0.723181069,
      -0.6458541
    ]
  }
]