[
  {
    "timeStamp": 31659,
    "rotation": [
      [
        0.9241714,
        -0.3707299,
        0.0920139253
      ],
      [
        -0.0881026238,
        0.0275112018,
        0.9957314
      ],
      [
        -0.371678829,
        -0.928333163,
        -0.00723721227
      ]
    ],
    "translation": [
      1.30476356,
      0.7039362,
      -0.4946434
    ]
  },
  {
    "timeStamp": 31709,
    "rotation": [
      [
        0.9282964,
        -0.370388061,
        0.03284104
      ],
      [
        -0.038102176,
        -0.006894655,
        0.999250054
      ],
      [
        -0.369883865,
        -0.928851545,
        -0.0205128733
      ]
    ],
    "translation": [
      1.304566,
      0.702701569,
      -0.494761974
    ]
  },
  {
    "timeStamp": 31752,
    "rotation": [
      [
        0.900957644,
        -0.423221231,
        0.0957038254
      ],
      [
        -0.101307392,
        0.009294492,
        0.9948118
      ],
      [
        -0.421914965,
        -0.905978739,
        -0.0345014967
      ]
    ],
    "translation": [
      1.30506408,
      0.713206947,
      -0.49134928
    ]
  },
  {
    "timeStamp": 31799,
    "rotation": [
      [
        0.8869116,
        -0.446522,
        0.11834681
      ],
      [
        -0.144724175,
        -0.0252954,
        0.9891487
      ],
      [
        -0.438683033,
        -0.894415,
        -0.08705731
      ]
    ],
    "translation": [
      1.31611085,
      0.7356945,
      -0.4857715
    ]
  },
  {
    "timeStamp": 31854,
    "rotation": [
      [
        0.8642015,
        -0.477312475,
        0.159149781
      ],
      [
        -0.227036968,
        -0.08765969,
        0.969933
      ],
      [
        -0.449010074,
        -0.874350369,
        -0.1841232
      ]
    ],
    "translation": [
      1.34317422,
      0.7759344,
      -0.48090902
    ]
  },
  {
    "timeStamp": 31898,
    "rotation": [
      [
        0.8274876,
        -0.5179024,
        0.216890365
      ],
      [
        -0.3200573,
        -0.117693253,
        0.940059364
      ],
      [
        -0.46133244,
        -0.8473048,
        -0.263148129
      ]
    ],
    "translation": [
      1.37614894,
      0.819958,
      -0.479546577
    ]
  },
  {
    "timeStamp": 31954,
    "rotation": [
      [
        0.804827869,
        -0.5327268,
        0.2616375
      ],
      [
        -0.412445366,
        -0.18502605,
        0.8919945
      ],
      [
        -0.426779658,
        -0.8258132,
        -0.36863485
      ]
    ],
    "translation": [
      1.43269122,
      0.8797927,
      -0.4952414
    ]
  },
  {
    "timeStamp": 31998,
    "rotation": [
      [
        0.8126969,
        -0.530635953,
        0.240726516
      ],
      [
        -0.430706561,
        -0.268811435,
        0.861529
      ],
      [
        -0.392448217,
        -0.803844452,
        -0.4470106
      ]
    ],
    "translation": [
      1.49027181,
      0.920492649,
      -0.5139333
    ]
  },
  {
    "timeStamp": 32054,
    "rotation": [
      [
        0.821013,
        -0.5484232,
        0.158649519
      ],
      [
        -0.403388381,
        -0.36061,
        0.840974569
      ],
      [
        -0.403999329,
        -0.7544484,
        -0.517293036
      ]
    ],
    "translation": [
      1.57997584,
      0.9580348,
      -0.54175967
    ]
  },
  {
    "timeStamp": 32099,
    "rotation": [
      [
        0.8235112,
        -0.5642398,
        0.0588453859
      ],
      [
        -0.348706663,
        -0.4216442,
        0.837030351
      ],
      [
        -0.447474033,
        -0.7098236,
        -0.5439829
      ]
    ],
    "translation": [
      1.66409063,
      0.976967037,
      -0.563969
    ]
  },
  {
    "timeStamp": 32154,
    "rotation": [
      [
        0.800575733,
        -0.5873158,
        -0.11890626
      ],
      [
        -0.232188,
        -0.486965328,
        0.841993749
      ],
      [
        -0.5524194,
        -0.646471143,
        -0.526220262
      ]
    ],
    "translation": [
      1.776398,
      0.988658249,
      -0.594338655
    ]
  },
  {
    "timeStamp": 32200,
    "rotation": [
      [
        0.748434067,
        -0.6116013,
        -0.256496161
      ],
      [
        -0.129021481,
        -0.5136321,
        0.8482544
      ],
      [
        -0.650538146,
        -0.601769,
        -0.4633295
      ]
    ],
    "translation": [
      1.86938834,
      0.9880773,
      -0.620974064
    ]
  },
  {
    "timeStamp": 32257,
    "rotation": [
      [
        0.6594256,
        -0.6552221,
        -0.368567258
      ],
      [
        -0.008424907,
        -0.496676266,
        0.867895
      ],
      [
        -0.7517226,
        -0.5692071,
        -0.333041221
      ]
    ],
    "translation": [
      1.97459579,
      0.970111132,
      -0.6580406
    ]
  },
  {
    "timeStamp": 32302,
    "rotation": [
      [
        0.567536056,
        -0.6818327,
        -0.461526841
      ],
      [
        0.1054407,
        -0.4957447,
        0.862043738
      ],
      [
        -0.8165691,
        -0.5379046,
        -0.209460065
      ]
    ],
    "translation": [
      2.051925,
      0.9513133,
      -0.6884253
    ]
  },
  {
    "timeStamp": 32359,
    "rotation": [
      [
        0.5017911,
        -0.7244907,
        -0.472566247
      ],
      [
        0.160598576,
        -0.4587948,
        0.8739081
      ],
      [
        -0.849949241,
        -0.5144128,
        -0.113866977
      ]
    ],
    "translation": [
      2.11460018,
      0.927340567,
      -0.7129777
    ]
  },
  {
    "timeStamp": 32403,
    "rotation": [
      [
        0.489382267,
        -0.731781662,
        -0.474342316
      ],
      [
        0.196412951,
        -0.437461227,
        0.877524734
      ],
      [
        -0.8496629,
        -0.522612,
        -0.07035437
      ]
    ],
    "translation": [
      2.14444423,
      0.906565368,
      -0.719757736
    ]
  },
  {
    "timeStamp": 32451,
    "rotation": [
      [
        0.5096548,
        -0.7212396,
        -0.469111234
      ],
      [
        0.259775966,
        -0.390795678,
        0.8830601
      ],
      [
        -0.820224643,
        -0.5719197,
        -0.0118101714
      ]
    ],
    "translation": [
      2.15956783,
      0.876266539,
      -0.7241192
    ]
  },
  {
    "timeStamp": 32499,
    "rotation": [
      [
        0.538079739,
        -0.7394458,
        -0.404586345
      ],
      [
        0.274104625,
        -0.300402224,
        0.9135782
      ],
      [
        -0.7970802,
        -0.6024769,
        0.0410451666
      ]
    ],
    "translation": [
      2.16593933,
      0.8433548,
      -0.725248158
    ]
  },
  {
    "timeStamp": 32554,
    "rotation": [
      [
        0.6136129,
        -0.670831263,
        -0.416490942
      ],
      [
        0.342036664,
        -0.2495929,
        0.905932844
      ],
      [
        -0.711681247,
        -0.6983472,
        0.07629548
      ]
    ],
    "translation": [
      2.15967178,
      0.813557565,
      -0.7232504
    ]
  },
  {
    "timeStamp": 32598,
    "rotation": [
      [
        0.658991039,
        -0.663271666,
        -0.354685038
      ],
      [
        0.31549418,
        -0.184317231,
        0.930854738
      ],
      [
        -0.68278414,
        -0.725326061,
        0.08779494
      ]
    ],
    "translation": [
      2.1486156,
      0.7998433,
      -0.7181402
    ]
  },
  {
    "timeStamp": 32653,
    "rotation": [
      [
        0.7160476,
        -0.6089061,
        -0.341334552
      ],
      [
        0.3318643,
        -0.133241251,
        0.933869839
      ],
      [
        -0.6141189,
        -0.781972,
        0.106667116
      ]
    ],
    "translation": [
      2.1350863,
      0.7803649,
      -0.715552032
    ]
  },
  {
    "timeStamp": 32698,
    "rotation": [
      [
        0.727540433,
        -0.5945562,
        -0.342327118
      ],
      [
        0.332613,
        -0.130735546,
        0.933957636
      ],
      [
        -0.6000446,
        -0.7933544,
        0.1026417
      ]
    ],
    "translation": [
      2.13460779,
      0.7705357,
      -0.7093267
    ]
  },
  {
    "timeStamp": 32754,
    "rotation": [
      [
        0.70342,
        -0.6037313,
        -0.375111938
      ],
      [
        0.361800551,
        -0.15013,
        0.9200877
      ],
      [
        -0.611801267,
        -0.782923758,
        0.112825863
      ]
    ],
    "translation": [
      2.14613986,
      0.7585433,
      -0.703258455
    ]
  },
  {
    "timeStamp": 32799,
    "rotation": [
      [
        0.6754901,
        -0.616634846,
        -0.4043201
      ],
      [
        0.3943844,
        -0.161174774,
        0.9047009
      ],
      [
        -0.623036265,
        -0.770574,
        0.1343192
      ]
    ],
    "translation": [
      2.158793,
      0.7513653,
      -0.7020157
    ]
  },
  {
    "timeStamp": 32855,
    "rotation": [
      [
        0.6598947,
        -0.615037441,
        -0.431587636
      ],
      [
        0.426551074,
        -0.166214719,
        0.889059544
      ],
      [
        -0.618541062,
        -0.770779848,
        0.152660668
      ]
    ],
    "translation": [
      2.16592288,
      0.7481244,
      -0.703325748
    ]
  }
]