[
  {
    "timeStamp": 29449,
    "rotation": [
      [
        0.9930245,
        0.104062252,
        -0.05543776
      ],
      [
        -0.10339918,
        0.9945313,
        0.01470543
      ],
      [
        0.05666486,
        -0.008870633,
        0.998353839
      ]
    ],
    "translation": [
      1.45920551,
      0.700201452,
      -0.6208137
    ]
  },
  {
    "timeStamp": 29495,
    "rotation": [
      [
        0.9898881,
        0.123490863,
        -0.0697970241
      ],
      [
        -0.123602413,
        0.992328,
        0.00273495959
      ],
      [
        0.0695992857,
        0.005919777,
        0.997557461
      ]
    ],
    "translation": [
      1.45975029,
      0.7028786,
      -0.61962986
    ]
  },
  {
    "timeStamp": 29538,
    "rotation": [
      [
        0.98055166,
        0.182278886,
        -0.072751984
      ],
      [
        -0.180855274,
        0.9831725,
        0.0257538129
      ],
      [
        0.07622213,
        -0.0120953638,
        0.9970175
      ]
    ],
    "translation": [
      1.463049,
      0.722229242,
      -0.617234
    ]
  },
  {
    "timeStamp": 29593,
    "rotation": [
      [
        0.963180661,
        0.254798919,
        -0.0857930556
      ],
      [
        -0.244089812,
        0.962515533,
        0.118253693
      ],
      [
        0.112708069,
        -0.09295846,
        0.9892702
      ]
    ],
    "translation": [
      1.48338223,
      0.765389144,
      -0.6117701
    ]
  },
  {
    "timeStamp": 29638,
    "rotation": [
      [
        0.9424898,
        0.322691172,
        -0.0870832056
      ],
      [
        -0.301963329,
        0.9337757,
        0.192044258
      ],
      [
        0.143287182,
        -0.154703811,
        0.977515
      ]
    ],
    "translation": [
      1.51151764,
      0.8085687,
      -0.6108041
    ]
  },
  {
    "timeStamp": 29693,
    "rotation": [
      [
        0.9349683,
        0.332215279,
        -0.124367617
      ],
      [
        -0.272527725,
        0.8971385,
        0.34766534
      ],
      [
        0.227074713,
        -0.291162461,
        0.9293339
      ]
    ],
    "translation": [
      1.57172525,
      0.8710802,
      -0.613948762
    ]
  },
  {
    "timeStamp": 29738,
    "rotation": [
      [
        0.9448728,
        0.2889805,
        -0.153966323
      ],
      [
        -0.19275251,
        0.871000946,
        0.451889157
      ],
      [
        0.264691979,
        -0.3973004,
        0.878686845
      ]
    ],
    "translation": [
      1.63751912,
      0.9166089,
      -0.6189462
    ]
  },
  {
    "timeStamp": 29793,
    "rotation": [
      [
        0.9704795,
        0.145320788,
        -0.192487374
      ],
      [
        -0.0206086524,
        0.8451412,
        0.5341457
      ],
      [
        0.240301475,
        -0.514410555,
        0.823187053
      ]
    ],
    "translation": [
      1.73881292,
      0.963355362,
      -0.629598439
    ]
  },
  {
    "timeStamp": 29838,
    "rotation": [
      [
        0.981714666,
        0.005011283,
        -0.190292478
      ],
      [
        0.103645064,
        0.8244161,
        0.5564133
      ],
      [
        0.159668535,
        -0.565961957,
        0.808822
      ]
    ],
    "translation": [
      1.82976878,
      0.992861748,
      -0.638778269
    ]
  },
  {
    "timeStamp": 29893,
    "rotation": [
      [
        0.960892,
        -0.211561128,
        -0.178685278
      ],
      [
        0.275232345,
        0.800809,
        0.5319324
      ],
      [
        0.0305565428,
        -0.5603096,
        0.8277195
      ]
    ],
    "translation": [
      1.94528222,
      1.01406658,
      -0.6560495
    ]
  },
  {
    "timeStamp": 29938,
    "rotation": [
      [
        0.9119048,
        -0.381775856,
        -0.150588334
      ],
      [
        0.405827224,
        0.7842098,
        0.4693818
      ],
      [
        -0.0611057952,
        -0.489144385,
        0.8700597
      ]
    ],
    "translation": [
      2.03813577,
      1.01849735,
      -0.6752514
    ]
  },
  {
    "timeStamp": 29993,
    "rotation": [
      [
        0.8459954,
        -0.5294454,
        -0.06308174
      ],
      [
        0.5073665,
        0.7629948,
        0.4005223
      ],
      [
        -0.163923636,
        -0.3708456,
        0.914113
      ]
    ],
    "translation": [
      2.13529134,
      1.0107038,
      -0.698717833
    ]
  },
  {
    "timeStamp": 30049,
    "rotation": [
      [
        0.8118717,
        -0.583027542,
        -0.0307103489
      ],
      [
        0.5598138,
        0.7624562,
        0.324451923
      ],
      [
        -0.165749118,
        -0.2806054,
        0.945403457
      ]
    ],
    "translation": [
      2.192737,
      0.989373147,
      -0.720837235
    ]
  },
  {
    "timeStamp": 30093,
    "rotation": [
      [
        0.803472638,
        -0.595229268,
        -0.0115731787
      ],
      [
        0.5780987,
        0.775409341,
        0.254051834
      ],
      [
        -0.142245129,
        -0.210814133,
        0.967121363
      ]
    ],
    "translation": [
      2.220313,
      0.9621413,
      -0.7333812
    ]
  },
  {
    "timeStamp": 30144,
    "rotation": [
      [
        0.7910817,
        -0.611560047,
        -0.0135670686
      ],
      [
        0.6012945,
        0.7733447,
        0.2009551
      ],
      [
        -0.112404086,
        -0.16712971,
        0.9795065
      ]
    ],
    "translation": [
      2.238594,
      0.9295071,
      -0.740148
    ]
  },
  {
    "timeStamp": 30188,
    "rotation": [
      [
        0.7944078,
        -0.6073733,
        -0.0037349
      ],
      [
        0.599753559,
        0.783440232,
        0.162840873
      ],
      [
        -0.09597913,
        -0.131602079,
        0.986645341
      ]
    ],
    "translation": [
      2.24567533,
      0.901976168,
      -0.7413168
    ]
  },
  {
    "timeStamp": 30244,
    "rotation": [
      [
        0.80337894,
        -0.5954649,
        -0.00195629452
      ],
      [
        0.589378059,
        0.794689655,
        0.145264581
      ],
      [
        -0.0849453062,
        -0.117855504,
        0.98939085
      ]
    ],
    "translation": [
      2.24780345,
      0.875686169,
      -0.734693944
    ]
  },
  {
    "timeStamp": 30288,
    "rotation": [
      [
        0.8115808,
        -0.5838492,
        0.0213729832
      ],
      [
        0.577224731,
        0.806950748,
        0.125068188
      ],
      [
        -0.0902679041,
        -0.08916592,
        0.991917968
      ]
    ],
    "translation": [
      2.25007939,
      0.8553641,
      -0.7314615
    ]
  },
  {
    "timeStamp": 30343,
    "rotation": [
      [
        0.804350257,
        -0.5939457,
        0.0157864261
      ],
      [
        0.590196133,
        0.8017704,
        0.0939823762
      ],
      [
        -0.06847751,
        -0.06627766,
        0.9954487
      ]
    ],
    "translation": [
      2.25401473,
      0.8344843,
      -0.7258929
    ]
  },
  {
    "timeStamp": 30388,
    "rotation": [
      [
        0.7956081,
        -0.6049957,
        0.0314300433
      ],
      [
        0.601325631,
        0.794955134,
        0.0803355649
      ],
      [
        -0.07358815,
        -0.0450159349,
        0.9962722
      ]
    ],
    "translation": [
      2.260107,
      0.821172357,
      -0.7217721
    ]
  },
  {
    "timeStamp": 30443,
    "rotation": [
      [
        0.7882562,
        -0.614334643,
        0.03528487
      ],
      [
        0.6136829,
        0.7890453,
        0.0282977633
      ],
      [
        -0.0452256575,
        -0.000652164745,
        0.9989765
      ]
    ],
    "translation": [
      2.26601982,
      0.8053967,
      -0.722015858
    ]
  },
  {
    "timeStamp": 30488,
    "rotation": [
      [
        0.8085475,
        -0.586808145,
        0.04367119
      ],
      [
        0.586879849,
        0.8095774,
        0.0125107523
      ],
      [
        -0.04269662,
        0.0155142061,
        0.9989676
      ]
    ],
    "translation": [
      2.26683378,
      0.799403369,
      -0.7217153
    ]
  },
  {
    "timeStamp": 30545,
    "rotation": [
      [
        0.8177315,
        -0.573406041,
        0.0502066
      ],
      [
        0.573904037,
        0.8189055,
        0.00529603055
      ],
      [
        -0.0441512354,
        0.02448304,
        0.9987248
      ]
    ],
    "translation": [
      2.26677227,
      0.79779166,
      -0.7215879
    ]
  }
]