[
  {
    "timeStamp": 1,
    "rotation": [
      [
        -0.5134303,
        0.423257083,
        0.7464869
      ],
      [
        0.0128498981,
        0.8735928,
        -0.486487865
      ],
      [
        -0.858035,
        -0.240185335,
        -0.453967869
      ]
    ],
    "translation": [
      1.76505113,
      1.588826,
      -1.21968651
    ]
  },
  {
    "timeStamp": 13,
    "rotation": [
      [
        -0.5110053,
        0.424235046,
        0.7475949
      ],
      [
        0.0110867908,
        0.8729042,
        -0.4877657
      ],
      [
        -0.859506,
        -0.240962431,
        -0.450762063
      ]
    ],
    "translation": [
      1.76339531,
      1.58917475,
      -1.21856081
    ]
  },
  {
    "timeStamp": 51,
    "rotation": [
      [
        -0.09613749,
        0.5272434,
        0.844258249
      ],
      [
        -0.0902903,
        0.8400709,
        -0.5349099
      ],
      [
        -0.991264462,
        -0.127653226,
        -0.03315734
      ]
    ],
    "translation": [
      1.76827335,
      1.58130741,
      -1.19733143
    ]
  },
  {
    "timeStamp": 102,
    "rotation": [
      [
        0.08122427,
        0.5598958,
        0.8245722
      ],
      [
        -0.1224357,
        0.826644957,
        -0.549242735
      ],
      [
        -0.9891472,
        -0.05634523,
        0.135694861
      ]
    ],
    "translation": [
      1.76437044,
      1.57855928,
      -1.190439
    ]
  },
  {
    "timeStamp": 157,
    "rotation": [
      [
        0.196880817,
        0.565826535,
        0.800673664
      ],
      [
        -0.145025074,
        0.8244813,
        -0.5469903
      ],
      [
        -0.969642043,
        -0.00842586253,
        0.244383574
      ]
    ],
    "translation": [
      1.76251912,
      1.57663918,
      -1.1894455
    ]
  },
  {
    "timeStamp": 202,
    "rotation": [
      [
        0.2608376,
        0.569414556,
        0.779570937
      ],
      [
        -0.15325886,
        0.8217088,
        -0.548913836
      ],
      [
        -0.9531398,
        0.0237012319,
        0.3016004
      ]
    ],
    "translation": [
      1.76175237,
      1.57381821,
      -1.19157135
    ]
  },
  {
    "timeStamp": 258,
    "rotation": [
      [
        0.32592684,
        0.575127244,
        0.7503334
      ],
      [
        -0.160067454,
        0.815783858,
        -0.5557653
      ],
      [
        -0.9317457,
        0.0610348471,
        0.357945
      ]
    ],
    "translation": [
      1.7629981,
      1.56955612,
      -1.19388807
    ]
  },
  {
    "timeStamp": 377,
    "rotation": [
      [
        0.323139429,
        0.5753437,
        0.7513724
      ],
      [
        -0.160540745,
        0.8157869,
        -0.555624366
      ],
      [
        -0.9326347,
        0.0589182563,
        0.355979025
      ]
    ],
    "translation": [
      1.76330352,
      1.56932521,
      -1.19357228
    ]
  },
  {
    "timeStamp": 379,
    "rotation": [
      [
        0.3353081,
        0.576079,
        0.7454539
      ],
      [
        -0.162516162,
        0.814768255,
        -0.556544
      ],
      [
        -0.9279855,
        0.0654654056,
        0.3668205
      ]
    ],
    "translation": [
      1.76369441,
      1.56854868,
      -1.19364119
    ]
  },
  {
    "timeStamp": 424,
    "rotation": [
      [
        0.510717,
        0.5605869,
        0.6518516
      ],
      [
        -0.152715787,
        0.8052826,
        -0.5728855
      ],
      [
        -0.846076846,
        0.193034321,
        0.496881962
      ]
    ],
    "translation": [
      1.76568437,
      1.55617332,
      -1.178391
    ]
  },
  {
    "timeStamp": 469,
    "rotation": [
      [
        0.5664029,
        0.5537325,
        0.610383451
      ],
      [
        -0.14934808,
        0.797344148,
        -0.5847541
      ],
      [
        -0.8104831,
        0.240046844,
        0.534316957
      ]
    ],
    "translation": [
      1.76131177,
      1.55316544,
      -1.16672075
    ]
  },
  {
    "timeStamp": 524,
    "rotation": [
      [
        0.6460285,
        0.5380896,
        0.5413934
      ],
      [
        -0.1576968,
        0.7880519,
        -0.595068
      ],
      [
        -0.746845961,
        0.299054861,
        0.593959
      ]
    ],
    "translation": [
      1.7488451,
      1.5505271,
      -1.14700854
    ]
  },
  {
    "timeStamp": 569,
    "rotation": [
      [
        0.720379353,
        0.510244,
        0.4697922
      ],
      [
        -0.163109556,
        0.782977641,
        -0.600284338
      ],
      [
        -0.674128234,
        0.355804861,
        0.6472666
      ]
    ],
    "translation": [
      1.733275,
      1.54930115,
      -1.12773168
    ]
  },
  {
    "timeStamp": 624,
    "rotation": [
      [
        0.8012194,
        0.471399039,
        0.3685517
      ],
      [
        -0.16847156,
        0.7687249,
        -0.6169922
      ],
      [
        -0.5741644,
        0.432255626,
        0.6953347
      ]
    ],
    "translation": [
      1.70702982,
      1.54866457,
      -1.10147452
    ]
  },
  {
    "timeStamp": 669,
    "rotation": [
      [
        0.8407258,
        0.4430384,
        0.311283052
      ],
      [
        -0.1644288,
        0.7566456,
        -0.6328116
      ],
      [
        -0.515890837,
        0.480837137,
        0.7089797
      ]
    ],
    "translation": [
      1.68298137,
      1.54855037,
      -1.08104074
    ]
  },
  {
    "timeStamp": 724,
    "rotation": [
      [
        0.8846727,
        0.385270685,
        0.262527645
      ],
      [
        -0.136877626,
        0.752932,
        -0.6437064
      ],
      [
        -0.445666671,
        0.5335353,
        0.7188333
      ]
    ],
    "translation": [
      1.651649,
      1.54955745,
      -1.05500269
    ]
  },
  {
    "timeStamp": 768,
    "rotation": [
      [
        0.915571332,
        0.332774431,
        0.225810125
      ],
      [
        -0.111498423,
        0.7495373,
        -0.6525044
      ],
      [
        -0.386389881,
        0.572236836,
        0.7233587
      ]
    ],
    "translation": [
      1.62594581,
      1.55001831,
      -1.03363228
    ]
  },
  {
    "timeStamp": 825,
    "rotation": [
      [
        0.9375192,
        0.289726377,
        0.192656174
      ],
      [
        -0.0891369358,
        0.7352374,
        -0.671923
      ],
      [
        -0.336321861,
        0.612767935,
        0.715124547
      ]
    ],
    "translation": [
      1.59400153,
      1.54859,
      -1.006339
    ]
  },
  {
    "timeStamp": 870,
    "rotation": [
      [
        0.945245,
        0.2674954,
        0.186970726
      ],
      [
        -0.06379328,
        0.713282466,
        -0.6979674
      ],
      [
        -0.320066,
        0.647822738,
        0.6912911
      ]
    ],
    "translation": [
      1.57094276,
      1.54529262,
      -0.9842189
    ]
  },
  {
    "timeStamp": 927,
    "rotation": [
      [
        0.9512775,
        0.23898156,
        0.1948306
      ],
      [
        -0.022128487,
        0.6831625,
        -0.729931056
      ],
      [
        -0.307541,
        0.690055668,
        0.655165434
      ]
    ],
    "translation": [
      1.54440975,
      1.53836083,
      -0.9555317
    ]
  },
  {
    "timeStamp": 972,
    "rotation": [
      [
        0.949313045,
        0.231847525,
        0.212253153
      ],
      [
        0.0115539869,
        0.649057448,
        -0.760651648
      ],
      [
        -0.3141197,
        0.7245489,
        0.6134799
      ]
    ],
    "translation": [
      1.52505612,
      1.52886808,
      -0.934248447
    ]
  },
  {
    "timeStamp": 1029,
    "rotation": [
      [
        0.945326149,
        0.220002338,
        0.240743548
      ],
      [
        0.0564198159,
        0.6167366,
        -0.7851451
      ],
      [
        -0.3212091,
        0.7558009,
        0.570604742
      ]
    ],
    "translation": [
      1.5085566,
      1.51716256,
      -0.915488541
    ]
  },
  {
    "timeStamp": 1073,
    "rotation": [
      [
        0.943515658,
        0.196595833,
        0.266698748
      ],
      [
        0.109014019,
        0.575921953,
        -0.8102036
      ],
      [
        -0.3128803,
        0.7935137,
        0.521959662
      ]
    ],
    "translation": [
      1.49038672,
      1.50434673,
      -0.893912852
    ]
  },
  {
    "timeStamp": 1118,
    "rotation": [
      [
        0.942994058,
        0.18209438,
        0.278574526
      ],
      [
        0.139608651,
        0.5433979,
        -0.8277851
      ],
      [
        -0.302111834,
        0.8194878,
        0.4869991
      ]
    ],
    "translation": [
      1.47775149,
      1.49587345,
      -0.8807154
    ]
  },
  {
    "timeStamp": 1173,
    "rotation": [
      [
        0.9577962,
        0.14616853,
        0.247509912
      ],
      [
        0.141616762,
        0.509357333,
        -0.8488226
      ],
      [
        -0.250142127,
        0.8480506,
        0.467160583
      ]
    ],
    "translation": [
      1.46176529,
      1.49011493,
      -0.8651395
    ]
  },
  {
    "timeStamp": 1218,
    "rotation": [
      [
        0.971561432,
        0.111104511,
        0.209103286
      ],
      [
        0.1274326,
        0.498955727,
        -0.8572072
      ],
      [
        -0.199572846,
        0.85947603,
        0.470607817
      ]
    ],
    "translation": [
      1.45131636,
      1.48785591,
      -0.8533189
    ]
  },
  {
    "timeStamp": 1273,
    "rotation": [
      [
        0.9852958,
        0.06321112,
        0.158734187
      ],
      [
        0.107522652,
        0.492609739,
        -0.8635824
      ],
      [
        -0.132782012,
        0.867951632,
        0.478569716
      ]
    ],
    "translation": [
      1.44278967,
      1.48506534,
      -0.84156394
    ]
  },
  {
    "timeStamp": 1329,
    "rotation": [
      [
        0.9931303,
        0.0209363978,
        0.115124948
      ],
      [
        0.0908513442,
        0.482081026,
        -0.8714034
      ],
      [
        -0.0737436041,
        0.875876367,
        0.4768672
      ]
    ],
    "translation": [
      1.44086814,
      1.48145545,
      -0.835920453
    ]
  },
  {
    "timeStamp": 1373,
    "rotation": [
      [
        0.997907,
        -0.0205404721,
        0.0613174438
      ],
      [
        0.06375427,
        0.47119838,
        -0.879720151
      ],
      [
        -0.0108228074,
        0.881788135,
        0.471521646
      ]
    ],
    "translation": [
      1.44276571,
      1.47579741,
      -0.831105947
    ]
  },
  {
    "timeStamp": 1429,
    "rotation": [
      [
        0.998503268,
        -0.0509228036,
        0.0199514925
      ],
      [
        0.04118691,
        0.460111856,
        -0.886905134
      ],
      [
        0.03598378,
        0.886399448,
        0.461520553
      ]
    ],
    "translation": [
      1.44959021,
      1.47067022,
      -0.8309503
    ]
  },
  {
    "timeStamp": 1473,
    "rotation": [
      [
        0.9941927,
        -0.101465888,
        -0.03585416
      ],
      [
        0.0137666734,
        0.450351864,
        -0.892745
      ],
      [
        0.106730156,
        0.88706696,
        0.4491334
      ]
    ],
    "translation": [
      1.46175015,
      1.46479928,
      -0.8320752
    ]
  },
  {
    "timeStamp": 1529,
    "rotation": [
      [
        0.9859071,
        -0.142403632,
        -0.08779779
      ],
      [
        -0.0143471444,
        0.4509064,
        -0.892455935
      ],
      [
        0.166677549,
        0.881138265,
        0.442508727
      ]
    ],
    "translation": [
      1.47470379,
      1.46087074,
      -0.832979143
    ]
  },
  {
    "timeStamp": 1573,
    "rotation": [
      [
        0.973444939,
        -0.177904844,
        -0.1440658
      ],
      [
        -0.0504198745,
        0.4472497,
        -0.892986834
      ],
      [
        0.2233001,
        0.876537263,
        0.426403
      ]
    ],
    "translation": [
      1.49271226,
      1.45645,
      -0.8354326
    ]
  },
  {
    "timeStamp": 1629,
    "rotation": [
      [
        0.9658186,
        -0.194973767,
        -0.170820832
      ],
      [
        -0.06874839,
        0.442720234,
        -0.8940204
      ],
      [
        0.249936357,
        0.875205159,
        0.414183259
      ]
    ],
    "translation": [
      1.5068543,
      1.45424843,
      -0.839236856
    ]
  },
  {
    "timeStamp": 1673,
    "rotation": [
      [
        0.953096449,
        -0.2348943,
        -0.190870926
      ],
      [
        -0.07126475,
        0.438738048,
        -0.895784736
      ],
      [
        0.294157058,
        0.8673716,
        0.401420027
      ]
    ],
    "translation": [
      1.52222943,
      1.4541539,
      -0.843473732
    ]
  },
  {
    "timeStamp": 1728,
    "rotation": [
      [
        0.93943435,
        -0.273854434,
        -0.206074715
      ],
      [
        -0.06684172,
        0.443333268,
        -0.8938612
      ],
      [
        0.3361476,
        0.8534983,
        0.3981776
      ]
    ],
    "translation": [
      1.53225732,
      1.45664692,
      -0.848503649
    ]
  },
  {
    "timeStamp": 1772,
    "rotation": [
      [
        0.9311917,
        -0.295705944,
        -0.2131669
      ],
      [
        -0.06374891,
        0.4436597,
        -0.89392513
      ],
      [
        0.358912528,
        0.8460048,
        0.394281268
      ]
    ],
    "translation": [
      1.53610742,
      1.46041751,
      -0.8538231
    ]
  },
  {
    "timeStamp": 1828,
    "rotation": [
      [
        0.9193089,
        -0.3313409,
        -0.212330654
      ],
      [
        -0.0459286869,
        0.445523918,
        -0.8940911
      ],
      [
        0.390847355,
        0.831698,
        0.394356042
      ]
    ],
    "translation": [
      1.53668332,
      1.46585965,
      -0.8616255
    ]
  },
  {
    "timeStamp": 1872,
    "rotation": [
      [
        0.9087035,
        -0.366154045,
        -0.200472176
      ],
      [
        -0.0181181878,
        0.445192337,
        -0.895251632
      ],
      [
        0.4170487,
        0.8171505,
        0.3979138
      ]
    ],
    "translation": [
      1.53402257,
      1.46950769,
      -0.8682637
    ]
  },
  {
    "timeStamp": 1928,
    "rotation": [
      [
        0.8998652,
        -0.3984882,
        -0.17734085
      ],
      [
        0.01764204,
        0.439508826,
        -0.898065031
      ],
      [
        0.435811162,
        0.8050088,
        0.402528822
      ]
    ],
    "translation": [
      1.52735686,
      1.47137952,
      -0.87723124
    ]
  },
  {
    "timeStamp": 1972,
    "rotation": [
      [
        0.896631,
        -0.4148303,
        -0.154818222
      ],
      [
        0.04504263,
        0.43329218,
        -0.900127232
      ],
      [
        0.440481573,
        0.800108552,
        0.407188237
      ]
    ],
    "translation": [
      1.51977956,
      1.470123,
      -0.8848191
    ]
  },
  {
    "timeStamp": 2027,
    "rotation": [
      [
        0.8950736,
        -0.427424282,
        -0.12708953
      ],
      [
        0.07451392,
        0.424364328,
        -0.9024204
      ],
      [
        0.439648658,
        0.7982627,
        0.411686361
      ]
    ],
    "translation": [
      1.50755,
      1.466096,
      -0.893563867
    ]
  },
  {
    "timeStamp": 2072,
    "rotation": [
      [
        0.8957884,
        -0.432159275,
        -0.103930332
      ],
      [
        0.09524859,
        0.415031075,
        -0.9048076
      ],
      [
        0.434155345,
        0.800617,
        0.4129426
      ]
    ],
    "translation": [
      1.49567652,
      1.46171355,
      -0.900114954
    ]
  },
  {
    "timeStamp": 2128,
    "rotation": [
      [
        0.8901426,
        -0.446286619,
        -0.09205613
      ],
      [
        0.115005054,
        0.415500939,
        -0.9022931
      ],
      [
        0.440930754,
        0.792582631,
        0.4211803
      ]
    ],
    "translation": [
      1.48410535,
      1.45522,
      -0.9065699
    ]
  },
  {
    "timeStamp": 2173,
    "rotation": [
      [
        0.8748685,
        -0.476562172,
        -0.08656542
      ],
      [
        0.134811088,
        0.4112391,
        -0.9015034
      ],
      [
        0.465221524,
        0.777026951,
        0.424025983
      ]
    ],
    "translation": [
      1.47095823,
      1.44649076,
      -0.9123896
    ]
  },
  {
    "timeStamp": 2229,
    "rotation": [
      [
        0.867512345,
        -0.490341663,
        -0.0835903957
      ],
      [
        0.138398081,
        0.3993527,
        -0.906291
      ],
      [
        0.4777743,
        0.7746499,
        0.414305747
      ]
    ],
    "translation": [
      1.46398783,
      1.4399724,
      -0.916811
    ]
  },
  {
    "timeStamp": 2273,
    "rotation": [
      [
        0.8634117,
        -0.498770922,
        -0.07581441
      ],
      [
        0.143700644,
        0.3871907,
        -0.9107324
      ],
      [
        0.483601481,
        0.7754425,
        0.40597868
      ]
    ],
    "translation": [
      1.45709443,
      1.434812,
      -0.9202448
    ]
  },
  {
    "timeStamp": 2328,
    "rotation": [
      [
        0.859067142,
        -0.5062195,
        -0.07579893
      ],
      [
        0.14853251,
        0.388248533,
        -0.909506
      ],
      [
        0.4898385,
        0.7700681,
        0.4087216
      ]
    ],
    "translation": [
      1.45346332,
      1.4329226,
      -0.92016536
    ]
  },
  {
    "timeStamp": 2373,
    "rotation": [
      [
        0.8546758,
        -0.5127855,
        -0.08111841
      ],
      [
        0.150046229,
        0.393561959,
        -0.906970263
      ],
      [
        0.497006327,
        0.762994051,
        0.413309455
      ]
    ],
    "translation": [
      1.45024848,
      1.43039417,
      -0.9189103
    ]
  },
  {
    "timeStamp": 2428,
    "rotation": [
      [
        0.8499934,
        -0.5196621,
        -0.086386025
      ],
      [
        0.147862121,
        0.392741859,
        -0.9076842
      ],
      [
        0.5056165,
        0.758752346,
        0.410666317
      ]
    ],
    "translation": [
      1.45086622,
      1.42839336,
      -0.9167555
    ]
  },
  {
    "timeStamp": 2472,
    "rotation": [
      [
        0.8465332,
        -0.5244779,
        -0.09112918
      ],
      [
        0.1445144,
        0.391176462,
        -0.908898532
      ],
      [
        0.5123448,
        0.7562433,
        0.406938463
      ]
    ],
    "translation": [
      1.45460975,
      1.4263916,
      -0.9124005
    ]
  },
  {
    "timeStamp": 2520,
    "rotation": [
      [
        0.8496325,
        -0.519293249,
        -0.09197362
      ],
      [
        0.139271751,
        0.389144,
        -0.9105879
      ],
      [
        0.508653164,
        0.760855734,
        0.402952284
      ]
    ],
    "translation": [
      1.46090317,
      1.42628109,
      -0.906918645
    ]
  },
  {
    "timeStamp": 2574,
    "rotation": [
      [
        0.8605558,
        -0.50147897,
        -0.0892325044
      ],
      [
        0.133420408,
        0.3909976,
        -0.91067
      ],
      [
        0.491571575,
        0.7717769,
        0.4033828
      ]
    ],
    "translation": [
      1.47166061,
      1.42740476,
      -0.8969891
    ]
  },
  {
    "timeStamp": 2628,
    "rotation": [
      [
        0.875331342,
        -0.477523327,
        -0.07593785
      ],
      [
        0.136160135,
        0.3941297,
        -0.908912659
      ],
      [
        0.463956356,
        0.78526,
        0.4100137
      ]
    ],
    "translation": [
      1.483994,
      1.42888212,
      -0.8864728
    ]
  },
  {
    "timeStamp": 2673,
    "rotation": [
      [
        0.8983275,
        -0.437665522,
        -0.0381645225
      ],
      [
        0.156924158,
        0.400802761,
        -0.902625
      ],
      [
        0.4103443,
        0.804864,
        0.428732485
      ]
    ],
    "translation": [
      1.50507212,
      1.43107867,
      -0.8708565
    ]
  },
  {
    "timeStamp": 2728,
    "rotation": [
      [
        0.9204843,
        -0.3898132,
        0.0274659134
      ],
      [
        0.200642243,
        0.411132246,
        -0.8892204
      ],
      [
        0.335337728,
        0.82402426,
        0.456653774
      ]
    ],
    "translation": [
      1.52944994,
      1.4336462,
      -0.855954468
    ]
  },
  {
    "timeStamp": 2773,
    "rotation": [
      [
        0.9385785,
        -0.3159963,
        0.138624474
      ],
      [
        0.2719893,
        0.4302644,
        -0.860752165
      ],
      [
        0.2123493,
        0.84558785,
        0.489784539
      ]
    ],
    "translation": [
      1.5656569,
      1.4376874,
      -0.8360977
    ]
  },
  {
    "timeStamp": 2828,
    "rotation": [
      [
        0.938772857,
        -0.249290422,
        0.237822875
      ],
      [
        0.3291478,
        0.444921136,
        -0.8328907
      ],
      [
        0.101819247,
        0.86017406,
        0.4997333
      ]
    ],
    "translation": [
      1.59864736,
      1.44124341,
      -0.8213161
    ]
  },
  {
    "timeStamp": 2872,
    "rotation": [
      [
        0.924564064,
        -0.168660447,
        0.34166494
      ],
      [
        0.3804281,
        0.458853751,
        -0.802949369
      ],
      [
        -0.0213484559,
        0.8723571,
        0.488402843
      ]
    ],
    "translation": [
      1.64042473,
      1.444617,
      -0.804450154
    ]
  },
  {
    "timeStamp": 2928,
    "rotation": [
      [
        0.9122419,
        -0.108151145,
        0.395117849
      ],
      [
        0.397812665,
        0.464087158,
        -0.7914343
      ],
      [
        -0.09777458,
        0.8791624,
        0.466383636
      ]
    ],
    "translation": [
      1.6734314,
      1.44555676,
      -0.792604268
    ]
  },
  {
    "timeStamp": 2972,
    "rotation": [
      [
        0.896538138,
        -0.0385616273,
        0.441284925
      ],
      [
        0.406665057,
        0.4666121,
        -0.7854277
      ],
      [
        -0.175621539,
        0.883621037,
        0.4340172
      ]
    ],
    "translation": [
      1.71327281,
      1.44511044,
      -0.778722048
    ]
  },
  {
    "timeStamp": 3028,
    "rotation": [
      [
        0.886700451,
        0.00680903858,
        0.462294221
      ],
      [
        0.407260478,
        0.461823434,
        -0.787945449
      ],
      [
        -0.218863443,
        0.8869457,
        0.406726
      ]
    ],
    "translation": [
      1.74341679,
      1.44360852,
      -0.768826962
    ]
  },
  {
    "timeStamp": 3072,
    "rotation": [
      [
        0.876456261,
        0.0578464456,
        0.477993935
      ],
      [
        0.402877063,
        0.455517828,
        -0.7938473
      ],
      [
        -0.26365602,
        0.888345242,
        0.375936449
      ]
    ],
    "translation": [
      1.77873015,
      1.440299,
      -0.7571914
    ]
  },
  {
    "timeStamp": 3128,
    "rotation": [
      [
        0.874012351,
        0.0888881758,
        0.477704227
      ],
      [
        0.392655283,
        0.449912071,
        -0.8021228
      ],
      [
        -0.286224127,
        0.8886383,
        0.3583263
      ]
    ],
    "translation": [
      1.8037107,
      1.436428,
      -0.748798132
    ]
  },
  {
    "timeStamp": 3172,
    "rotation": [
      [
        0.8733203,
        0.121209845,
        0.471826136
      ],
      [
        0.378072381,
        0.442140073,
        -0.813371658
      ],
      [
        -0.3072019,
        0.888718367,
        0.3403038
      ]
    ],
    "translation": [
      1.8327533,
      1.43074131,
      -0.7390678
    ]
  },
  {
    "timeStamp": 3225,
    "rotation": [
      [
        0.8750708,
        0.15147993,
        0.459679216
      ],
      [
        0.358670324,
        0.434743017,
        -0.8260473
      ],
      [
        -0.324971884,
        0.887723148,
        0.326099575
      ]
    ],
    "translation": [
      1.85807014,
      1.42444849,
      -0.7306385
    ]
  },
  {
    "timeStamp": 3278,
    "rotation": [
      [
        0.8777961,
        0.170724049,
        0.447579443
      ],
      [
        0.34340173,
        0.427170545,
        -0.8364213
      ],
      [
        -0.333989978,
        0.8879069,
        0.3163417
      ]
    ],
    "translation": [
      1.87585509,
      1.41919923,
      -0.7250275
    ]
  },
  {
    "timeStamp": 3323,
    "rotation": [
      [
        0.8811807,
        0.1910837,
        0.432443768
      ],
      [
        0.3253987,
        0.418439358,
        -0.847952962
      ],
      [
        -0.342981458,
        0.8879164,
        0.306542277
      ]
    ],
    "translation": [
      1.896136,
      1.41317761,
      -0.718714535
    ]
  },
  {
    "timeStamp": 3378,
    "rotation": [
      [
        0.8819428,
        0.209387615,
        0.422295749
      ],
      [
        0.312877178,
        0.4100245,
        -0.8567309
      ],
      [
        -0.352540433,
        0.8877143,
        0.296105534
      ]
    ],
    "translation": [
      1.90999389,
      1.409086,
      -0.714724243
    ]
  },
  {
    "timeStamp": 3422,
    "rotation": [
      [
        0.8811103,
        0.228608578,
        0.41398403
      ],
      [
        0.3009462,
        0.404213816,
        -0.8637376
      ],
      [
        -0.364795864,
        0.885635,
        0.287358075
      ]
    ],
    "translation": [
      1.925104,
      1.40492535,
      -0.710177541
    ]
  },
  {
    "timeStamp": 3478,
    "rotation": [
      [
        0.8802977,
        0.2372666,
        0.410829
      ],
      [
        0.2959414,
        0.4021959,
        -0.8664047
      ],
      [
        -0.370802671,
        0.884275436,
        0.2838351
      ]
    ],
    "translation": [
      1.93433571,
      1.40242863,
      -0.707055
    ]
  },
  {
    "timeStamp": 3522,
    "rotation": [
      [
        0.881555,
        0.245705262,
        0.4031002
      ],
      [
        0.287275374,
        0.3983711,
        -0.871076
      ],
      [
        -0.3746114,
        0.883702159,
        0.280600965
      ]
    ],
    "translation": [
      1.94365835,
      1.39974391,
      -0.7037485
    ]
  },
  {
    "timeStamp": 3579,
    "rotation": [
      [
        0.8836836,
        0.24944289,
        0.39608258
      ],
      [
        0.2792248,
        0.398222417,
        -0.8737576
      ],
      [
        -0.3756816,
        0.882721364,
        0.282251984
      ]
    ],
    "translation": [
      1.94814122,
      1.39771652,
      -0.701051831
    ]
  },
  {
    "timeStamp": 3624,
    "rotation": [
      [
        0.8893562,
        0.250772774,
        0.3823069
      ],
      [
        0.2659571,
        0.396401316,
        -0.878710866
      ],
      [
        -0.371903747,
        0.883164167,
        0.285847157
      ]
    ],
    "translation": [
      1.95205033,
      1.39568043,
      -0.69785
    ]
  },
  {
    "timeStamp": 3669,
    "rotation": [
      [
        0.893894553,
        0.250139773,
        0.371998042
      ],
      [
        0.256524533,
        0.395103335,
        -0.882093251
      ],
      [
        -0.367624283,
        0.883925,
        0.289013743
      ]
    ],
    "translation": [
      1.95337,
      1.39432037,
      -0.6959058
    ]
  },
  {
    "timeStamp": 3726,
    "rotation": [
      [
        0.8982752,
        0.248841986,
        0.362186879
      ],
      [
        0.2471647,
        0.395368278,
        -0.8846432
      ],
      [
        -0.363333523,
        0.884172857,
        0.293644547
      ]
    ],
    "translation": [
      1.95380783,
      1.39350951,
      -0.693869352
    ]
  },
  {
    "timeStamp": 3771,
    "rotation": [
      [
        0.9014027,
        0.244337544,
        0.357452542
      ],
      [
        0.243460476,
        0.3966687,
        -0.8850881
      ],
      [
        -0.3580505,
        0.8848464,
        0.2980717
      ]
    ],
    "translation": [
      1.95302331,
      1.39322484,
      -0.692173362
    ]
  },
  {
    "timeStamp": 3828,
    "rotation": [
      [
        0.907062531,
        0.236131713,
        0.348538816
      ],
      [
        0.238036692,
        0.3951909,
        -0.8872219
      ],
      [
        -0.347240627,
        0.8877308,
        0.302254856
      ]
    ],
    "translation": [
      1.95025182,
      1.392982,
      -0.6907657
    ]
  },
  {
    "timeStamp": 3872,
    "rotation": [
      [
        0.9130047,
        0.226705581,
        0.3391562
      ],
      [
        0.231967241,
        0.395382643,
        -0.8887428
      ],
      [
        -0.335579425,
        0.8900995,
        0.308397949
      ]
    ],
    "translation": [
      1.9470427,
      1.39310133,
      -0.689519048
    ]
  },
  {
    "timeStamp": 3927,
    "rotation": [
      [
        0.919170856,
        0.215374961,
        0.329755247
      ],
      [
        0.226444319,
        0.396046638,
        -0.889870763
      ],
      [
        -0.32225436,
        0.8926145,
        0.315264076
      ]
    ],
    "translation": [
      1.942398,
      1.39379668,
      -0.6889882
    ]
  },
  {
    "timeStamp": 3972,
    "rotation": [
      [
        0.9236793,
        0.206781715,
        0.32258004
      ],
      [
        0.221553728,
        0.398645937,
        -0.8899412
      ],
      [
        -0.3126188,
        0.893489063,
        0.322407722
      ]
    ],
    "translation": [
      1.93819475,
      1.39473391,
      -0.688773036
    ]
  },
  {
    "timeStamp": 4028,
    "rotation": [
      [
        0.9291328,
        0.1952015,
        0.314019948
      ],
      [
        0.216073334,
        0.402524382,
        -0.8895428
      ],
      [
        -0.300040781,
        0.8943548,
        0.331820756
      ]
    ],
    "translation": [
      1.93228877,
      1.39667428,
      -0.6892134
    ]
  },
  {
    "timeStamp": 4072,
    "rotation": [
      [
        0.933051169,
        0.1852534,
        0.308377534
      ],
      [
        0.2126616,
        0.407361329,
        -0.888162
      ],
      [
        -0.290156126,
        0.8942807,
        0.340692669
      ]
    ],
    "translation": [
      1.92753029,
      1.39889526,
      -0.6897099
    ]
  },
  {
    "timeStamp": 4136,
    "rotation": [
      [
        0.936694562,
        0.175756678,
        0.302841365
      ],
      [
        0.2092793,
        0.412393957,
        -0.8866416
      ],
      [
        -0.280723155,
        0.8938908,
        0.349504918
      ]
    ],
    "translation": [
      1.92207742,
      1.40165615,
      -0.690824032
    ]
  },
  {
    "timeStamp": 4172,
    "rotation": [
      [
        0.9408448,
        0.164832756,
        0.296042562
      ],
      [
        0.204913527,
        0.419036627,
        -0.8845444
      ],
      [
        -0.269854546,
        0.892882049,
        0.360471964
      ]
    ],
    "translation": [
      1.91520643,
      1.40508747,
      -0.6925664
    ]
  },
  {
    "timeStamp": 4222,
    "rotation": [
      [
        0.944236934,
        0.154141635,
        0.290958881
      ],
      [
        0.20249255,
        0.424960732,
        -0.8822727
      ],
      [
        -0.259641051,
        0.8919915,
        0.370051056
      ]
    ],
    "translation": [
      1.90802217,
      1.40876639,
      -0.6951853
    ]
  },
  {
    "timeStamp": 4280,
    "rotation": [
      [
        0.9461296,
        0.1475463,
        0.28821665
      ],
      [
        0.201167852,
        0.429628074,
        -0.880313158
      ],
      [
        -0.2537129,
        0.8908703,
        0.3768023
      ]
    ],
    "translation": [
      1.90233135,
      1.411442,
      -0.697665036
    ]
  },
  {
    "timeStamp": 4322,
    "rotation": [
      [
        0.9479512,
        0.139811859,
        0.28607887
      ],
      [
        0.200029925,
        0.4375552,
        -0.8766604
      ],
      [
        -0.247742832,
        0.888255656,
        0.386814415
      ]
    ],
    "translation": [
      1.89550734,
      1.41457832,
      -0.7008899
    ]
  },
  {
    "timeStamp": 4378,
    "rotation": [
      [
        0.948986053,
        0.131441355,
        0.2866159
      ],
      [
        0.202183619,
        0.443865776,
        -0.872986257
      ],
      [
        -0.241965458,
        0.886400759,
        0.394647151
      ]
    ],
    "translation": [
      1.88932848,
      1.41714025,
      -0.704078436
    ]
  },
  {
    "timeStamp": 4422,
    "rotation": [
      [
        0.9494244,
        0.125162482,
        0.2879717
      ],
      [
        0.204879,
        0.448055029,
        -0.8702133
      ],
      [
        -0.237945259,
        0.8852011,
        0.399751216
      ]
    ],
    "translation": [
      1.8847611,
      1.41895366,
      -0.7066958
    ]
  },
  {
    "timeStamp": 4478,
    "rotation": [
      [
        0.9497232,
        0.120904841,
        0.2888043
      ],
      [
        0.206506923,
        0.4514346,
        -0.8680793
      ],
      [
        -0.235331252,
        0.884075165,
        0.403770238
      ]
    ],
    "translation": [
      1.88123751,
      1.42060518,
      -0.708811045
    ]
  },
  {
    "timeStamp": 4522,
    "rotation": [
      [
        0.9502448,
        0.116909549,
        0.288733482
      ],
      [
        0.206853017,
        0.45621568,
        -0.865493536
      ],
      [
        -0.232909217,
        0.882156134,
        0.409333438
      ]
    ],
    "translation": [
      1.87735593,
      1.42220306,
      -0.7109393
    ]
  },
  {
    "timeStamp": 4578,
    "rotation": [
      [
        0.9504783,
        0.1154835,
        0.288538456
      ],
      [
        0.206639856,
        0.458643079,
        -0.8642607
      ],
      [
        -0.232144,
        0.881084561,
        0.412066817
      ]
    ],
    "translation": [
      1.87472129,
      1.42314839,
      -0.712327
    ]
  },
  {
    "timeStamp": 4622,
    "rotation": [
      [
        0.950633943,
        0.114884242,
        0.28826502
      ],
      [
        0.206636831,
        0.458678454,
        -0.8642426
      ],
      [
        -0.2315088,
        0.8811445,
        0.412296
      ]
    ],
    "translation": [
      1.87346864,
      1.42366171,
      -0.71345365
    ]
  },
  {
    "timeStamp": 4678,
    "rotation": [
      [
        0.9501309,
        0.114997372,
        0.289873958
      ],
      [
        0.207873881,
        0.459351957,
        -0.863588
      ],
      [
        -0.232464537,
        0.880778849,
        0.4125395
      ]
    ],
    "translation": [
      1.873178,
      1.42434955,
      -0.7141258
    ]
  },
  {
    "timeStamp": 4722,
    "rotation": [
      [
        0.9488286,
        0.114719391,
        0.294217378
      ],
      [
        0.211392865,
        0.461408436,
        -0.861635268
      ],
      [
        -0.234600648,
        0.8797396,
        0.413546622
      ]
    ],
    "translation": [
      1.87360322,
      1.42541659,
      -0.71488446
    ]
  },
  {
    "timeStamp": 4778,
    "rotation": [
      [
        0.948251545,
        0.114255831,
        0.296250969
      ],
      [
        0.213074252,
        0.462765843,
        -0.860492349
      ],
      [
        -0.235411122,
        0.8790867,
        0.414473444
      ]
    ],
    "translation": [
      1.87465811,
      1.42634225,
      -0.7153762
    ]
  },
  {
    "timeStamp": 4822,
    "rotation": [
      [
        0.9473059,
        0.115545504,
        0.298765421
      ],
      [
        0.214285538,
        0.464684963,
        -0.85915637
      ],
      [
        -0.23810342,
        0.877905,
        0.415439069
      ]
    ],
    "translation": [
      1.87608814,
      1.42763352,
      -0.716028333
    ]
  },
  {
    "timeStamp": 4878,
    "rotation": [
      [
        0.949711859,
        0.112970717,
        0.292035967
      ],
      [
        0.210348636,
        0.460690856,
        -0.8622745
      ],
      [
        -0.231950089,
        0.8803417,
        0.413760334
      ]
    ],
    "translation": [
      1.87592459,
      1.42855477,
      -0.71700424
    ]
  },
  {
    "timeStamp": 4922,
    "rotation": [
      [
        0.957472563,
        0.101720564,
        0.26999858
      ],
      [
        0.1972134,
        0.452328771,
        -0.869773269
      ],
      [
        -0.210601971,
        0.8860314,
        0.4130317
      ]
    ],
    "translation": [
      1.87276,
      1.429662,
      -0.718256056
    ]
  },
  {
    "timeStamp": 4979,
    "rotation": [
      [
        0.9733068,
        0.0727772638,
        0.217663363
      ],
      [
        0.1654754,
        0.434645444,
        -0.885269046
      ],
      [
        -0.15903382,
        0.8976563,
        0.41100052
      ]
    ],
    "translation": [
      1.86408687,
      1.42900515,
      -0.719785452
    ]
  },
  {
    "timeStamp": 5024,
    "rotation": [
      [
        0.9942704,
        0.0142998062,
        0.105933763
      ],
      [
        0.09146542,
        0.3990763,
        -0.912344337
      ],
      [
        -0.055322,
        0.9168062,
        0.3954818
      ]
    ],
    "translation": [
      1.84623623,
      1.42598236,
      -0.7235443
    ]
  },
  {
    "timeStamp": 5072,
    "rotation": [
      [
        0.999240756,
        -0.03892027,
        -0.00175505807
      ],
      [
        0.0125677465,
        0.3646498,
        -0.9310599
      ],
      [
        0.0368770845,
        0.930330932,
        0.364862084
      ]
    ],
    "translation": [
      1.82703817,
      1.42239666,
      -0.729859948
    ]
  },
  {
    "timeStamp": 5122,
    "rotation": [
      [
        0.9898356,
        -0.088149555,
        -0.111602232
      ],
      [
        -0.07690714,
        0.328312457,
        -0.9414331
      ],
      [
        0.119627304,
        0.940447032,
        0.318196058
      ]
    ],
    "translation": [
      1.80268884,
      1.41972446,
      -0.7399641
    ]
  },
  {
    "timeStamp": 5178,
    "rotation": [
      [
        0.980527937,
        -0.118954755,
        -0.15625219
      ],
      [
        -0.112156332,
        0.313920856,
        -0.9428015
      ],
      [
        0.161201552,
        0.941967845,
        0.294466645
      ]
    ],
    "translation": [
      1.78543568,
      1.42007589,
      -0.748287141
    ]
  },
  {
    "timeStamp": 5222,
    "rotation": [
      [
        0.969168544,
        -0.160921156,
        -0.186592266
      ],
      [
        -0.129268736,
        0.312622756,
        -0.941040158
      ],
      [
        0.209766284,
        0.9361471,
        0.282182068
      ]
    ],
    "translation": [
      1.76620269,
      1.42130482,
      -0.7573049
    ]
  },
  {
    "timeStamp": 5278,
    "rotation": [
      [
        0.9634758,
        -0.192819983,
        -0.185835317
      ],
      [
        -0.118915282,
        0.313723028,
        -0.9420388
      ],
      [
        0.2399447,
        0.929730237,
        0.27933532
      ]
    ],
    "translation": [
      1.74971914,
      1.42223287,
      -0.7668201
    ]
  },
  {
    "timeStamp": 5322,
    "rotation": [
      [
        0.9617988,
        -0.213011533,
        -0.171956912
      ],
      [
        -0.09885403,
        0.315513581,
        -0.943757951
      ],
      [
        0.255286068,
        0.9247039,
        0.282403529
      ]
    ],
    "translation": [
      1.73808,
      1.42281127,
      -0.7741007
    ]
  },
  {
    "timeStamp": 5377,
    "rotation": [
      [
        0.9603323,
        -0.237279475,
        -0.1464938
      ],
      [
        -0.06506008,
        0.320189774,
        -0.945116758
      ],
      [
        0.271162629,
