[
  {
    "timeStamp": 47401,
    "rotation": [
      [
        0.994522631,
        -0.0312199071,
        -0.09974967
      ],
      [
        0.0992779955,
        -0.0163142029,
        0.994926
      ],
      [
        -0.0326888375,
        -0.999379337,
        -0.0131253945
      ]
    ],
    "translation": [
      1.15402424,
      0.848221242,
      -0.619009256
    ]
  },
  {
    "timeStamp": 47446,
    "rotation": [
      [
        0.999008834,
        -0.0444295257,
        -0.00270405458
      ],
      [
        0.00350046181,
        0.0178571641,
        0.9998344
      ],
      [
        -0.0443738848,
        -0.9988529,
        0.0179949887
      ]
    ],
    "translation": [
      1.15170956,
      0.850615263,
      -0.620383
    ]
  },
  {
    "timeStamp": 47501,
    "rotation": [
      [
        0.9989697,
        -0.0451605842,
        0.00449932646
      ],
      [
        -0.00423461851,
        0.005955436,
        0.9999733
      ],
      [
        -0.0451861769,
        -0.998962045,
        0.00575806154
      ]
    ],
    "translation": [
      1.15172279,
      0.8506873,
      -0.62032336
    ]
  },
  {
    "timeStamp": 47551,
    "rotation": [
      [
        0.9968461,
        -0.07904687,
        0.007031136
      ],
      [
        -0.00653056847,
        0.00658927346,
        0.999956965
      ],
      [
        -0.07908979,
        -0.9968491,
        0.006052271
      ]
    ],
    "translation": [
      1.15337884,
      0.857741833,
      -0.6181221
    ]
  },
  {
    "timeStamp": 47597,
    "rotation": [
      [
        0.9931398,
        -0.116076,
        0.0141317388
      ],
      [
        -0.0181983076,
        -0.0340489,
        0.999254465
      ],
      [
        -0.115508288,
        -0.9926565,
        -0.0359277055
      ]
    ],
    "translation": [
      1.161779,
      0.877752364,
      -0.6101154
    ]
  },
  {
    "timeStamp": 47652,
    "rotation": [
      [
        0.988609552,
        -0.149629086,
        0.0161937922
      ],
      [
        -0.0286305081,
        -0.08134061,
        0.996275067
      ],
      [
        -0.14775452,
        -0.9853907,
        -0.0846980661
      ]
    ],
    "translation": [
      1.1793232,
      0.9037837,
      -0.602462649
    ]
  },
  {
    "timeStamp": 47697,
    "rotation": [
      [
        0.9728053,
        -0.231613889,
        -0.00221070531
      ],
      [
        -0.0284541864,
        -0.128972068,
        0.9912399
      ],
      [
        -0.229870051,
        -0.9642205,
        -0.1320551
      ]
    ],
    "translation": [
      1.210147,
      0.9294833,
      -0.5917153
    ]
  },
  {
    "timeStamp": 47752,
    "rotation": [
      [
        0.9249025,
        -0.379765123,
        -0.01827176
      ],
      [
        -0.052312,
        -0.174710169,
        0.9832293
      ],
      [
        -0.376588434,
        -0.9084354,
        -0.181456149
      ]
    ],
    "translation": [
      1.26944768,
      0.9631204,
      -0.5797782
    ]
  },
  {
    "timeStamp": 47797,
    "rotation": [
      [
        0.8551426,
        -0.517125845,
        -0.0362220071
      ],
      [
        -0.08178708,
        -0.203585029,
        0.9756352
      ],
      [
        -0.5119004,
        -0.8313447,
        -0.216388434
      ]
    ],
    "translation": [
      1.33089089,
      0.990294635,
      -0.5765487
    ]
  },
  {
    "timeStamp": 47852,
    "rotation": [
      [
        0.718036652,
        -0.692091465,
        -0.07370814
      ],
      [
        -0.119041808,
        -0.226460546,
        0.9667185
      ],
      [
        -0.6857496,
        -0.685364962,
        -0.244994774
      ]
    ],
    "translation": [
      1.42663968,
      1.016789,
      -0.5847655
    ]
  },
  {
    "timeStamp": 47897,
    "rotation": [
      [
        0.584679842,
        -0.792277336,
        -0.1744881
      ],
      [
        -0.08040949,
        -0.270617634,
        0.95932287
      ],
      [
        -0.807269335,
        -0.546866238,
        -0.2219313
      ]
    ],
    "translation": [
      1.51356649,
      1.03195953,
      -0.6052935
    ]
  },
  {
    "timeStamp": 47953,
    "rotation": [
      [
        0.40699026,
        -0.8858131,
        -0.222921684
      ],
      [
        -0.1058386,
        -0.288136244,
        0.9517225
      ],
      [
        -0.9072801,
        -0.363748074,
        -0.211021855
      ]
    ],
    "translation": [
      1.61601913,
      1.04776967,
      -0.634436667
    ]
  },
  {
    "timeStamp": 47999,
    "rotation": [
      [
        0.26678735,
        -0.9168928,
        -0.296870559
      ],
      [
        -0.0642776042,
        -0.3242775,
        0.943775654
      ],
      [
        -0.961609542,
        -0.23270528,
        -0.145448789
      ]
    ],
    "translation": [
      1.69506037,
      1.05715919,
      -0.6636585
    ]
  },
  {
    "timeStamp": 48044,
    "rotation": [
      [
        0.15918462,
        -0.929133654,
        -0.3337226
      ],
      [
        -0.049327828,
        -0.345096171,
        0.937270164
      ],
      [
        -0.9860157,
        -0.132737175,
        -0.100766152
      ]
    ],
    "translation": [
      1.76676333,
      1.06595469,
      -0.6902314
    ]
  },
  {
    "timeStamp": 48100,
    "rotation": [
      [
        0.0180629678,
        -0.9425119,
        -0.333684236
      ],
      [
        -0.121643186,
        -0.333331078,
        0.9349296
      ],
      [
        -0.9924096,
        0.0237027928,
        -0.120671093
      ]
    ],
    "translation": [
      1.84481692,
      1.07875526,
      -0.7153002
    ]
  },
  {
    "timeStamp": 48145,
    "rotation": [
      [
        -0.0339152068,
        -0.9387838,
        -0.342833221
      ],
      [
        -0.103433691,
        -0.337891519,
        0.935484231
      ],
      [
        -0.994057953,
        0.06718766,
        -0.08564222
      ]
    ],
    "translation": [
      1.89762235,
      1.08386564,
      -0.7320427
    ]
  },
  {
    "timeStamp": 48200,
    "rotation": [
      [
        -0.112553976,
        -0.93378675,
        -0.33966732
      ],
      [
        -0.1095757,
        -0.32809028,
        0.9382697
      ],
      [
        -0.9875853,
        0.142825246,
        -0.06539247
      ]
    ],
    "translation": [
      1.95653176,
      1.08723569,
      -0.7497248
    ]
  },
  {
    "timeStamp": 48245,
    "rotation": [
      [
        -0.152245164,
        -0.93092227,
        -0.331971645
      ],
      [
        -0.09563725,
        -0.320434779,
        0.9424304
      ],
      [
        -0.9837047,
        0.175229341,
        -0.0402461849
      ]
    ],
    "translation": [
      1.99641562,
      1.08696508,
      -0.761547446
    ]
  },
  {
    "timeStamp": 48300,
    "rotation": [
      [
        -0.187830567,
        -0.9336418,
        -0.305012673
      ],
      [
        -0.140742779,
        -0.281750947,
        0.949108958
      ],
      [
        -0.972065449,
        0.221200034,
        -0.07848189
      ]
    ],
    "translation": [
      2.036756,
      1.08721018,
      -0.765295565
    ]
  },
  {
    "timeStamp": 48345,
    "rotation": [
      [
        -0.1876114,
        -0.9384162,
        -0.2901329
      ],
      [
        -0.1243314,
        -0.270313919,
        0.9547105
      ],
      [
        -0.9743427,
        0.215187192,
        -0.06596062
      ]
    ],
    "translation": [
      2.062314,
      1.083115,
      -0.7651064
    ]
  },
  {
    "timeStamp": 48400,
    "rotation": [
      [
        -0.19188118,
        -0.94468987,
        -0.2659751
      ],
      [
        -0.126189947,
        -0.245012775,
        0.961272538
      ],
      [
        -0.973271668,
        0.218013465,
        -0.07219702
      ]
    ],
    "translation": [
      2.08730268,
      1.07475555,
      -0.761534452
    ]
  },
  {
    "timeStamp": 48445,
    "rotation": [
      [
        -0.190385312,
        -0.950882435,
        -0.244082078
      ],
      [
        -0.127088353,
        -0.222664848,
        0.966575861
      ],
      [
        -0.9734485,
        0.215041846,
        -0.0784539655
      ]
    ],
    "translation": [
      2.10289145,
      1.06643927,
      -0.757688046
    ]
  },
  {
    "timeStamp": 48495,
    "rotation": [
      [
        -0.188582957,
        -0.959298,
        -0.2101993
      ],
      [
        -0.09254152,
        -0.19572857,
        0.976281941
      ],
      [
        -0.9776873,
        0.203562275,
        -0.0518638268
      ]
    ],
    "translation": [
      2.11667657,
      1.04989469,
      -0.75513
    ]
  },
  {
    "timeStamp": 48551,
    "rotation": [
      [
        -0.199979648,
        -0.9685836,
        -0.147831038
      ],
      [
        -0.10686364,
        -0.128417253,
        0.9859458
      ],
      [
        -0.973955,
        0.212966859,
        -0.07782553
      ]
    ],
    "translation": [
      2.12117529,
      1.02733779,
      -0.75168556
    ]
  },
  {
    "timeStamp": 48595,
    "rotation": [
      [
        -0.204668239,
        -0.974753559,
        -0.0892544761
      ],
      [
        -0.104366124,
        -0.06893346,
        0.9921471
      ],
      [
        -0.9732516,
        0.212376162,
        -0.08762276
      ]
    ],
    "translation": [
      2.119564,
      1.00655341,
      -0.750045
    ]
  },
  {
    "timeStamp": 48650,
    "rotation": [
      [
        -0.20108895,
        -0.97917825,
        -0.0278058536
      ],
      [
        -0.122064576,
        -0.003116851,
        0.9925173
      ],
      [
        -0.971937954,
        0.202978358,
        -0.118896209
      ]
    ],
    "translation": [
      2.11547947,
      0.983615637,
      -0.742383957
    ]
  },
  {
    "timeStamp": 48695,
    "rotation": [
      [
        -0.167007476,
        -0.9859373,
        0.00600686576
      ],
      [
        -0.0930462852,
        0.0218257234,
        0.995422542
      ],
      [
        -0.981555343,
        0.165684089,
        -0.09538286
      ]
    ],
    "translation": [
      2.11087227,
      0.965502,
      -0.738325238
    ]
  },
  {
    "timeStamp": 48750,
    "rotation": [
      [
        -0.158483431,
        -0.9853675,
        0.062721394
      ],
      [
        -0.114978962,
        0.0815102756,
        0.9900181
      ],
      [
        -0.9806441,
        0.149689823,
        -0.126214549
      ]
    ],
    "translation": [
      2.10466266,
      0.9471341,
      -0.729081154
    ]
  },
  {
    "timeStamp": 48795,
    "rotation": [
      [
        -0.133470014,
        -0.9858447,
        0.101469427
      ],
      [
        -0.09396322,
        0.114512257,
        0.9889681
      ],
      [
        -0.9865884,
        0.122463182,
        -0.107917093
      ]
    ],
    "translation": [
      2.09875441,
      0.932651937,
      -0.7243813
    ]
  },
  {
    "timeStamp": 48850,
    "rotation": [
      [
        -0.116405316,
        -0.984371543,
        0.132145748
      ],
      [
        -0.08350148,
        0.142278731,
        0.986298263
      ],
      [
        -0.9896855,
        0.103775993,
        -0.09875848
      ]
    ],
    "translation": [
      2.094705,
      0.9181308,
      -0.718847036
    ]
  },
  {
    "timeStamp": 48895,
    "rotation": [
      [
        -0.09384414,
        -0.985848248,
        0.138912052
      ],
      [
        -0.08482287,
        0.146937683,
        0.9855021
      ],
      [
        -0.991966963,
        0.0807006955,
        -0.0974117145
      ]
    ],
    "translation": [
      2.09427571,
      0.9105468,
      -0.7140586
    ]
  },
  {
    "timeStamp": 48951,
    "rotation": [
      [
        -0.07609701,
        -0.9876214,
        0.137160808
      ],
      [
        -0.0740274861,
        0.142775983,
        0.986982763
      ],
      [
        -0.9943486,
        0.06495278,
        -0.08397596
      ]
    ],
    "translation": [
      2.093954,
      0.903079033,
      -0.708930135
    ]
  },
  {
    "timeStamp": 48997,
    "rotation": [
      [
        -0.09200646,
        -0.986882448,
        0.132657185
      ],
      [
        -0.05771342,
        0.1382834,
        0.9887097
      ],
      [
        -0.994084537,
        0.08331157,
        -0.06967932
      ]
    ],
    "translation": [
      2.0941577,
      0.8957038,
      -0.7088077
    ]
  },
  {
    "timeStamp": 49055,
    "rotation": [
      [
        -0.07996944,
        -0.9895761,
        0.119766556
      ],
      [
        -0.0462155938,
        0.12370301,
        0.991242468
      ],
      [
        -0.9957254,
        0.07373401,
        -0.055626303
      ]
    ],
    "translation": [
      2.09383368,
      0.8885796,
      -0.707476
    ]
  },
  {
    "timeStamp": 49100,
    "rotation": [
      [
        -0.07381754,
        -0.9926385,
        0.09601928
      ],
      [
        -0.03788901,
        0.09900395,
        0.994365454
      ],
      [
        -0.996551752,
        0.06976354,
        -0.04491832
      ]
    ],
    "translation": [
      2.09401321,
      0.8847194,
      -0.707139254
    ]
  },
  {
    "timeStamp": 49145,
    "rotation": [
      [
        -0.08734834,
        -0.9925649,
        0.08476541
      ],
      [
        -0.0324699171,
        0.087882176,
        0.995601535
      ],
      [
        -0.9956485,
        0.08421181,
        -0.0399048664
      ]
    ],
    "translation": [
      2.094097,
      0.880996644,
      -0.7080696
    ]
  }
]