[
  {
    "timeStamp": 15010,
    "rotation": [
      [
        0.0273314044,
        0.999565959,
        -0.0109971976
      ],
      [
        -0.025554914,
        0.0116963824,
        0.999605
      ],
      [
        0.9992997,
        -0.02703958,
        0.0258635
      ]
    ],
    "translation": [
      2.16802621,
      0.8743575,
      -0.655647
    ]
  },
  {
    "timeStamp": 15055,
    "rotation": [
      [
        0.0312347282,
        0.9995117,
        -0.000860880653
      ],
      [
        0.0140007129,
        0.0004236946,
        0.9999019
      ],
      [
        0.999414,
        -0.0312437173,
        -0.013980642
      ]
    ],
    "translation": [
      2.16901684,
      0.874307036,
      -0.6576219
    ]
  },
  {
    "timeStamp": 15112,
    "rotation": [
      [
        0.03394086,
        0.999415,
        0.00419721566
      ],
      [
        0.03673057,
        -0.005444173,
        0.9993104
      ],
      [
        0.99874866,
        -0.0337632857,
        -0.0368938632
      ]
    ],
    "translation": [
      2.16916537,
      0.874214768,
      -0.658032358
    ]
  },
  {
    "timeStamp": 15157,
    "rotation": [
      [
        0.0341293141,
        0.999291241,
        0.0158797223
      ],
      [
        0.0552754849,
        -0.0177520346,
        0.9983133
      ],
      [
        0.9978877,
        -0.0331939831,
        -0.0558421761
      ]
    ],
    "translation": [
      2.169161,
      0.873486459,
      -0.6583274
    ]
  },
  {
    "timeStamp": 15214,
    "rotation": [
      [
        0.03518052,
        0.998952866,
        0.0292484518
      ],
      [
        0.0562069379,
        -0.0311980117,
        0.9979316
      ],
      [
        0.997799158,
        -0.0334637947,
        -0.0572456419
      ]
    ],
    "translation": [
      2.16922641,
      0.8733131,
      -0.658231
    ]
  },
  {
    "timeStamp": 15260,
    "rotation": [
      [
        0.0373923779,
        0.9985987,
        0.03744831
      ],
      [
        0.07566823,
        -0.0401963331,
        0.9963225
      ],
      [
        0.996431649,
        -0.03442121,
        -0.07706524
      ]
    ],
    "translation": [
      2.16993976,
      0.874695659,
      -0.658216238
    ]
  },
  {
    "timeStamp": 15304,
    "rotation": [
      [
        0.0293612,
        0.9986952,
        0.0417826623
      ],
      [
        0.0983424857,
        -0.0444840565,
        0.9941579
      ],
      [
        0.9947194,
        -0.0250806678,
        -0.09952028
      ]
    ],
    "translation": [
      2.170162,
      0.8741157,
      -0.657942
    ]
  },
  {
    "timeStamp": 15360,
    "rotation": [
      [
        0.09123088,
        0.990245163,
        0.105315812
      ],
      [
        0.115149446,
        -0.115537465,
        0.9866062
      ],
      [
        0.9891499,
        -0.07788191,
        -0.124566764
      ]
    ],
    "translation": [
      2.17383742,
      0.877436936,
      -0.6565101
    ]
  },
  {
    "timeStamp": 15404,
    "rotation": [
      [
        -0.00674854266,
        0.988445163,
        0.15142867
      ],
      [
        0.0834370852,
        -0.150347456,
        0.985106051
      ],
      [
        0.9964902,
        0.01928278,
        -0.08145836
      ]
    ],
    "translation": [
      2.17466974,
      0.8818793,
      -0.657985032
    ]
  },
  {
    "timeStamp": 15460,
    "rotation": [
      [
        -0.0866303742,
        0.9775148,
        0.1922496
      ],
      [
        0.04874717,
        -0.188584685,
        0.980846345
      ],
      [
        0.995047152,
        0.0943427,
        -0.0313139223
      ]
    ],
    "translation": [
      2.17595935,
      0.8860315,
      -0.661108434
    ]
  },
  {
    "timeStamp": 15504,
    "rotation": [
      [
        -0.103093795,
        0.970687568,
        0.217111081
      ],
      [
        0.044213023,
        -0.213586375,
        0.9759232
      ],
      [
        0.993688464,
        0.110210761,
        -0.0208976045
      ]
    ],
    "translation": [
      2.1765902,
      0.8879359,
      -0.6618877
    ]
  },
  {
    "timeStamp": 15559,
    "rotation": [
      [
        -0.0397484154,
        0.996560335,
        0.07271535
      ],
      [
        0.0590673424,
        -0.07030213,
        0.9957754
      ],
      [
        0.997462332,
        0.0438756,
        -0.0560697764
      ]
    ],
    "translation": [
      2.21485543,
      0.8869092,
      -0.6560219
    ]
  },
  {
    "timeStamp": 15604,
    "rotation": [
      [
        0.0153811062,
        0.999595463,
        0.0239247326
      ],
      [
        0.0793468058,
        -0.0250723381,
        0.9965317
      ],
      [
        0.9967284,
        -0.0134294145,
        -0.07970034
      ]
    ],
    "translation": [
      2.22490573,
      0.8887836,
      -0.6499618
    ]
  },
  {
    "timeStamp": 15661,
    "rotation": [
      [
        0.0338830464,
        0.99877,
        0.0362002179
      ],
      [
        0.105886728,
        -0.0396046229,
        0.993589163
      ],
      [
        0.993800759,
        -0.02983269,
        -0.107098408
      ]
    ],
    "translation": [
      2.22254825,
      0.8892178,
      -0.644922256
    ]
  },
  {
    "timeStamp": 15704,
    "rotation": [
      [
        0.0380270369,
        0.99762255,
        0.057472568
      ],
      [
        0.132029071,
        -0.06202594,
        0.98930335
      ],
      [
        0.9905161,
        -0.0300322287,
        -0.134073839
      ]
    ],
    "translation": [
      2.21998,
      0.8965478,
      -0.6391237
    ]
  },
  {
    "timeStamp": 15760,
    "rotation": [
      [
        0.06277646,
        0.9944651,
        0.08425119
      ],
      [
        0.148295745,
        -0.09277516,
        0.9845817
      ],
      [
        0.98694855,
        -0.04931446,
        -0.153299049
      ]
    ],
    "translation": [
      2.2162168,
      0.90767473,
      -0.6318424
    ]
  },
  {
    "timeStamp": 15804,
    "rotation": [
      [
        0.0378228053,
        0.9981577,
        0.04744144
      ],
      [
        0.13514626,
        -0.0521487333,
        0.989452362
      ],
      [
        0.9901035,
        -0.0310123246,
        -0.136869684
      ]
    ],
    "translation": [
      2.22233438,
      0.9173911,
      -0.6308192
    ]
  },
  {
    "timeStamp": 15859,
    "rotation": [
      [
        0.0165610127,
        0.9998323,
        -0.00782640651
      ],
      [
        0.131704077,
        0.0055778916,
        0.9912734
      ],
      [
        0.9911508,
        -0.01744726,
        -0.1315896
      ]
    ],
    "translation": [
      2.2290287,
      0.9182009,
      -0.6307658
    ]
  },
  {
    "timeStamp": 15904,
    "rotation": [
      [
        -0.04022015,
        0.998527348,
        -0.03640657
      ],
      [
        0.09273754,
        0.04000924,
        0.994886458
      ],
      [
        0.994877934,
        0.036638245,
        -0.09421015
      ]
    ],
    "translation": [
      2.23093247,
      0.9117403,
      -0.6342168
    ]
  },
  {
    "timeStamp": 15960,
    "rotation": [
      [
        -0.0931598,
        0.9911763,
        -0.0942906141
      ],
      [
        0.06526581,
        0.100578032,
        0.992786169
      ],
      [
        0.993509769,
        0.08633378,
        -0.07405976
      ]
    ],
    "translation": [
      2.23432541,
      0.9044626,
      -0.6364863
    ]
  },
  {
    "timeStamp": 16004,
    "rotation": [
      [
        -0.158925638,
        0.9816914,
        -0.104998261
      ],
      [
        0.0372497663,
        0.112236336,
        0.9929831
      ],
      [
        0.9865876,
        0.153899312,
        -0.0544050038
      ]
    ],
    "translation": [
      2.23507,
      0.8985089,
      -0.638603747
    ]
  },
  {
    "timeStamp": 16060,
    "rotation": [
      [
        -0.113707542,
        0.986812651,
        -0.115201004
      ],
      [
        0.112450026,
        0.127991,
        0.985379755
      ],
      [
        0.9871299,
        0.09909074,
        -0.125520661
      ]
    ],
    "translation": [
      2.23654461,
      0.8941785,
      -0.628720343
    ]
  },
  {
    "timeStamp": 16104,
    "rotation": [
      [
        -0.150809,
        0.9802173,
        -0.1281822
      ],
      [
        0.0686727539,
        0.1397398,
        0.987804055
      ],
      [
        0.986174762,
        0.140167117,
        -0.08838824
      ]
    ],
    "translation": [
      2.23822,
      0.8914486,
      -0.63145113
    ]
  },
  {
    "timeStamp": 16159,
    "rotation": [
      [
        -0.181120351,
        0.976042,
        -0.12057136
      ],
      [
        0.0379656553,
        0.1294469,
        0.99085927
      ],
      [
        0.9827278,
        0.17488721,
        -0.06050154
      ]
    ],
    "translation": [
      2.23890924,
      0.8865948,
      -0.628489852
    ]
  },
  {
    "timeStamp": 16205,
    "rotation": [
      [
        -0.165727258,
        0.9850165,
        -0.04771691
      ],
      [
        0.10539072,
        0.06579919,
        0.992251635
      ],
      [
        0.980524,
        0.159414232,
        -0.114716321
      ]
    ],
    "translation": [
      2.2313602,
      0.87462306,
      -0.62563175
    ]
  },
  {
    "timeStamp": 16259,
    "rotation": [
      [
        -0.152674362,
        0.987887442,
        -0.0277302638
      ],
      [
        0.08114653,
        0.04049549,
        0.9958792
      ],
      [
        0.984939456,
        0.149794981,
        -0.08634626
      ]
    ],
    "translation": [
      2.23124218,
      0.876385868,
      -0.6258552
    ]
  },
  {
    "timeStamp": 16304,
    "rotation": [
      [
        -0.141781941,
        0.989412248,
        -0.0310047641
      ],
      [
        0.06997839,
        0.04126082,
        0.9966948
      ],
      [
        0.987421334,
        0.139143646,
        -0.07508751
      ]
    ],
    "translation": [
      2.22969079,
      0.876723766,
      -0.625647664
    ]
  },
  {
    "timeStamp": 16360,
    "rotation": [
      [
        -0.1455412,
        0.989049256,
        -0.0244834777
      ],
      [
        0.0579657853,
        0.0332290642,
        0.9977654
      ],
      [
        0.987652659,
        0.143796787,
        -0.0621672124
      ]
    ],
    "translation": [
      2.22881126,
      0.875747561,
      -0.6267341
    ]
  },
  {
    "timeStamp": 16404,
    "rotation": [
      [
        -0.1451276,
        0.9893345,
        -0.01245841
      ],
      [
        0.06483894,
        0.0220745075,
        0.9976516
      ],
      [
        0.98728615,
        0.143978983,
        -0.06735102
      ]
    ],
    "translation": [
      2.22763586,
      0.87597847,
      -0.6264286
    ]
  }
]