[
  {
    "timeStamp": 18802,
    "rotation": [
      [
        0.985582,
        -0.03930401,
        -0.16456987
      ],
      [
        0.167278692,
        0.372444034,
        0.912854433
      ],
      [
        0.0254142471,
        -0.927221954,
        0.373648882
      ]
    ],
    "translation": [
      1.30487287,
      0.8740418,
      -0.744860768
    ]
  },
  {
    "timeStamp": 18847,
    "rotation": [
      [
        0.996943533,
        0.008125761,
        -0.07770169
      ],
      [
        0.07062533,
        0.331478149,
        0.940815747
      ],
      [
        0.033401262,
        -0.9434279,
        0.329891115
      ]
    ],
    "translation": [
      1.29197156,
      0.879187644,
      -0.739061
    ]
  },
  {
    "timeStamp": 18902,
    "rotation": [
      [
        0.9972574,
        0.00487480639,
        -0.07385066
      ],
      [
        0.0678354055,
        0.338839263,
        0.9383956
      ],
      [
        0.0295979958,
        -0.940831661,
        0.33757928
      ]
    ],
    "translation": [
      1.290175,
      0.877509832,
      -0.7390571
    ]
  },
  {
    "timeStamp": 18947,
    "rotation": [
      [
        0.9990229,
        0.013467473,
        -0.042093236
      ],
      [
        0.0351024754,
        0.3368846,
        0.9408914
      ],
      [
        0.02685199,
        -0.9414496,
        0.3360827
      ]
    ],
    "translation": [
      1.28424549,
      0.8804547,
      -0.7383869
    ]
  },
  {
    "timeStamp": 19003,
    "rotation": [
      [
        0.998937666,
        0.0177972782,
        -0.0425056033
      ],
      [
        0.0340594575,
        0.336153626,
        0.9411911
      ],
      [
        0.0310390573,
        -0.941638947,
        0.3351904
      ]
    ],
    "translation": [
      1.282275,
      0.881278157,
      -0.7400782
    ]
  },
  {
    "timeStamp": 19047,
    "rotation": [
      [
        0.999524832,
        0.0156599,
        -0.02654801
      ],
      [
        0.0199357942,
        0.328440338,
        0.9443143
      ],
      [
        0.0235073064,
        -0.9443949,
        0.327972084
      ]
    ],
    "translation": [
      1.28093314,
      0.8848881,
      -0.7395098
    ]
  },
  {
    "timeStamp": 19103,
    "rotation": [
      [
        0.9998092,
        -0.00485208072,
        -0.0189196076
      ],
      [
        0.0194957145,
        0.30682838,
        0.951565146
      ],
      [
        0.00118800392,
        -0.9517525,
        0.30686444
      ]
    ],
    "translation": [
      1.28392017,
      0.8924958,
      -0.7370906
    ]
  },
  {
    "timeStamp": 19147,
    "rotation": [
      [
        0.9991172,
        -0.04106967,
        0.008835015
      ],
      [
        0.00278163585,
        0.274526536,
        0.9615755
      ],
      [
        -0.0419170335,
        -0.960702062,
        0.274398416
      ]
    ],
    "translation": [
      1.29054534,
      0.9049795,
      -0.730552
    ]
  },
  {
    "timeStamp": 19202,
    "rotation": [
      [
        0.9907313,
        -0.121085972,
        0.06155992
      ],
      [
        -0.0335968547,
        0.220679224,
        0.9747676
      ],
      [
        -0.131615683,
        -0.967801034,
        0.214565709
      ]
    ],
    "translation": [
      1.30869234,
      0.9298161,
      -0.7168738
    ]
  },
  {
    "timeStamp": 19247,
    "rotation": [
      [
        0.9726759,
        -0.216018543,
        0.08507358
      ],
      [
        -0.04431162,
        0.186963364,
        0.981367
      ],
      [
        -0.2278991,
        -0.95832175,
        0.172282636
      ]
    ],
    "translation": [
      1.33650637,
      0.9478854,
      -0.706003666
    ]
  },
  {
    "timeStamp": 19302,
    "rotation": [
      [
        0.934666455,
        -0.333212018,
        0.123969406
      ],
      [
        -0.08360415,
        0.132917017,
        0.9875948
      ],
      [
        -0.345556051,
        -0.933436036,
        0.09637517
      ]
    ],
    "translation": [
      1.37826848,
      0.973981,
      -0.6911203
    ]
  },
  {
    "timeStamp": 19347,
    "rotation": [
      [
        0.903055131,
        -0.417678058,
        0.10018187
      ],
      [
        -0.06509454,
        0.09746139,
        0.9931082
      ],
      [
        -0.4245634,
        -0.9033528,
        0.0608244464
      ]
    ],
    "translation": [
      1.42042887,
      0.987895846,
      -0.6830364
    ]
  },
  {
    "timeStamp": 19394,
    "rotation": [
      [
        0.8533453,
        -0.51287,
        0.09362789
      ],
      [
        -0.07016675,
        0.0649723038,
        0.9954171
      ],
      [
        -0.5166028,
        -0.856004059,
        0.0194573849
      ]
    ],
    "translation": [
      1.46894157,
      1.00044644,
      -0.6724984
    ]
  },
  {
    "timeStamp": 19454,
    "rotation": [
      [
        0.778060436,
        -0.623898,
        0.07330169
      ],
      [
        -0.0714116,
        0.02808634,
        0.9970514
      ],
      [
        -0.6241172,
        -0.7810009,
        -0.0227006841
      ]
    ],
    "translation": [
      1.54634023,
      1.01773548,
      -0.6596539
    ]
  },
  {
    "timeStamp": 19498,
    "rotation": [
      [
        0.734213531,
        -0.677656054,
        0.0413856432
      ],
      [
        -0.045273833,
        0.0119523555,
        0.9989031
      ],
      [
        -0.6774074,
        -0.7352819,
        -0.0219045058
      ]
    ],
    "translation": [
      1.59671664,
      1.02337837,
      -0.6547402
    ]
  },
  {
    "timeStamp": 19543,
    "rotation": [
      [
        0.6794923,
        -0.7326458,
        0.0389907621
      ],
      [
        -0.067464754,
        -0.009474707,
        0.9976767
      ],
      [
        -0.7305742,
        -0.680544138,
        -0.0558657572
      ]
    ],
    "translation": [
      1.65039539,
      1.03577316,
      -0.64654696
    ]
  },
  {
    "timeStamp": 19599,
    "rotation": [
      [
        0.6118824,
        -0.790800631,
        0.0153079377
      ],
      [
        -0.08000754,
        -0.04262806,
        0.995882332
      ],
      [
        -0.7868918,
        -0.610587656,
        -0.08935337
      ]
    ],
    "translation": [
      1.716699,
      1.04893816,
      -0.6366031
    ]
  },
  {
    "timeStamp": 19655,
    "rotation": [
      [
        0.5563301,
        -0.830843151,
        -0.0140180606
      ],
      [
        -0.08075483,
        -0.07084764,
        0.994212866
      ],
      [
        -0.8270281,
        -0.551978469,
        -0.106509276
      ]
    ],
    "translation": [
      1.78471482,
      1.05645621,
      -0.6247935
    ]
  },
  {
    "timeStamp": 19698,
    "rotation": [
      [
        0.5140483,
        -0.8570942,
        -0.0338211171
      ],
      [
        -0.07253522,
        -0.082724154,
        0.993929267
      ],
      [
        -0.8546888,
        -0.5084744,
        -0.104693726
      ]
    ],
    "translation": [
      1.83510816,
      1.05837214,
      -0.612121344
    ]
  },
  {
    "timeStamp": 19754,
    "rotation": [
      [
        0.4578095,
        -0.8878785,
        -0.04563103
      ],
      [
        -0.0625359043,
        -0.0833583847,
        0.9945555
      ],
      [
        -0.886848152,
        -0.452463359,
        -0.09368655
      ]
    ],
    "translation": [
      1.898343,
      1.05681753,
      -0.596997738
    ]
  },
  {
    "timeStamp": 19799,
    "rotation": [
      [
        0.40951708,
        -0.910887659,
        -0.0507871956
      ],
      [
        -0.09479069,
        -0.09785189,
        0.9906764
      ],
      [
        -0.907364547,
        -0.400884748,
        -0.1264157
      ]
    ],
    "translation": [
      1.94311857,
      1.06224573,
      -0.580150247
    ]
  },
  {
    "timeStamp": 19845,
    "rotation": [
      [
        0.385026544,
        -0.921334863,
        -0.053821262
      ],
      [
        -0.105557963,
        -0.101897225,
        0.989178658
      ],
      [
        -0.916849,
        -0.375178754,
        -0.136487365
      ]
    ],
    "translation": [
      1.98160481,
      1.06396627,
      -0.5673342
    ]
  },
  {
    "timeStamp": 19902,
    "rotation": [
      [
        0.344218761,
        -0.9372326,
        -0.0557535551
      ],
      [
        -0.09781157,
        -0.0948560461,
        0.990674138
      ],
      [
        -0.93378067,
        -0.3355553,
        -0.124323428
      ]
    ],
    "translation": [
      2.023587,
      1.0562613,
      -0.555594
    ]
  },
  {
    "timeStamp": 19956,
    "rotation": [
      [
        0.320264459,
        -0.9451517,
        -0.06417912
      ],
      [
        -0.104614139,
        -0.102618933,
        0.989204347
      ],
      [
        -0.941534162,
        -0.310092956,
        -0.131741419
      ]
    ],
    "translation": [
      2.04969525,
      1.05424881,
      -0.5455068
    ]
  },
  {
    "timeStamp": 20000,
    "rotation": [
      [
        0.322853982,
        -0.944799662,
        -0.05584729
      ],
      [
        -0.09435458,
        -0.09084352,
        0.9913852
      ],
      [
        -0.941733837,
        -0.3148032,
        -0.118475363
      ]
    ],
    "translation": [
      2.071568,
      1.04669189,
      -0.5351385
    ]
  },
  {
    "timeStamp": 20052,
    "rotation": [
      [
        0.3320759,
        -0.941924453,
        -0.0500389934
      ],
      [
        -0.0899393857,
        -0.08442664,
        0.9923624
      ],
      [
        -0.938955,
        -0.325039178,
        -0.112752162
      ]
    ],
    "translation": [
      2.08447766,
      1.037924,
      -0.5239588
    ]
  },
  {
    "timeStamp": 20097,
    "rotation": [
      [
        0.342554778,
        -0.9394766,
        -0.00632038573
      ],
      [
        -0.08848387,
        -0.0389593,
        0.995315433
      ],
      [
        -0.9353218,
        -0.3403908,
        -0.09647422
      ]
    ],
    "translation": [
      2.08679843,
      1.03547966,
      -0.5221039
    ]
  },
  {
    "timeStamp": 20153,
    "rotation": [
      [
        0.4049156,
        -0.914322555,
        -0.007587205
      ],
      [
        -0.071786426,
        -0.0400613174,
        0.9966152
      ],
      [
        -0.9115317,
        -0.403000385,
        -0.0818574056
      ]
    ],
    "translation": [
      2.08884573,
      1.03530777,
      -0.5243169
    ]
  },
  {
    "timeStamp": 20197,
    "rotation": [
      [
        0.285072863,
        -0.956675053,
        0.05921358
      ],
      [
        -0.165954128,
        0.0115812011,
        0.986065447
      ],
      [
        -0.94403,
        -0.290927261,
        -0.1554627
      ]
    ],
    "translation": [
      2.08640218,
      1.03599441,
      -0.5158594
    ]
  },
  {
    "timeStamp": 20252,
    "rotation": [
      [
        0.3965505,
        -0.913794756,
        0.08790246
      ],
      [
        -0.212941065,
        0.00158067688,
        0.9770638
      ],
      [
        -0.8929747,
        -0.40617317,
        -0.193957612
      ]
    ],
    "translation": [
      2.08977413,
      1.03514731,
      -0.5150594
    ]
  },
  {
    "timeStamp": 20297,
    "rotation": [
      [
        0.3904707,
        -0.9191415,
        -0.0520734452
      ],
      [
        -0.2067067,
        -0.1426519,
        0.9679477
      ],
      [
        -0.89710927,
        -0.367191285,
        -0.245694086
      ]
    ],
    "translation": [
      2.08830881,
      1.03288186,
      -0.507893741
    ]
  },
  {
    "timeStamp": 20352,
    "rotation": [
      [
        0.405807585,
        -0.9116294,
        0.0652075857
      ],
      [
        -0.296314329,
        -0.06373894,
        0.952961266
      ],
      [
        -0.864591241,
        -0.406040847,
        -0.2959946
      ]
    ],
    "translation": [
      2.08941579,
      1.03621149,
      -0.5070544
    ]
  },
  {
    "timeStamp": 20397,
    "rotation": [
      [
        0.411343634,
        -0.9111639,
        0.0240125619
      ],
      [
        -0.286984831,
        -0.104464293,
        0.9522221
      ],
      [
        -0.865122,
        -0.398581743,
        -0.304460973
      ]
    ],
    "translation": [
      2.08937764,
      1.03592348,
      -0.5070306
    ]
  },
  {
    "timeStamp": 20454,
    "rotation": [
      [
        0.399023235,
        -0.916689157,
        0.02148135
      ],
      [
        -0.2867511,
        -0.102498472,
        0.9525061
      ],
      [
        -0.8709502,
        -0.386231869,
        -0.3037609
      ]
    ],
    "translation": [
      2.08918571,
      1.0360043,
      -0.506525755
    ]
  },
  {
    "timeStamp": 20499,
    "rotation": [
      [
        0.386064827,
        -0.9223086,
        0.01734109
      ],
      [
        -0.291412234,
        -0.104101904,
        0.950916231
      ],
      [
        -0.875233,
        -0.37216872,
        -0.308962077
      ]
    ],
    "translation": [
      2.088992,
      1.03595555,
      -0.505982
    ]
  },
  {
    "timeStamp": 20545,
    "rotation": [
      [
        0.376924723,
        -0.925947845,
        0.0234146174
      ],
      [
        -0.311270177,
        -0.102818564,
        0.9447429
      ],
      [
        -0.87237525,
        -0.36338523,
        -0.3269748
      ]
    ],
    "translation": [
      2.08891,
      1.03612173,
      -0.5057502
    ]
  },
  {
    "timeStamp": 20602,
    "rotation": [
      [
        0.356857359,
        -0.9333986,
        0.037681628
      ],
      [
        -0.355875075,
        -0.09854119,
        0.929323733
      ],
      [
        -0.863716245,
        -0.345045984,
        -0.367338419
      ]
    ],
    "translation": [
      2.08884859,
      1.03644133,
      -0.50558877
    ]
  },
  {
    "timeStamp": 20647,
    "rotation": [
      [
        0.373800218,
        -0.927250445,
        0.021910144
      ],
      [
        -0.3507598,
        -0.119453818,
        0.928815544
      ],
      [
        -0.8586273,
        -0.354876637,
        -0.369894028
      ]
    ],
    "translation": [
      2.09006929,
      1.03419209,
      -0.5093185
    ]
  },
  {
    "timeStamp": 20702,
    "rotation": [
      [
        0.3561598,
        -0.934367239,
        0.010393084
      ],
      [
        -0.290924549,
        -0.100310549,
        0.9514729
      ],
      [
        -0.887982547,
        -0.3419,
        -0.307556957
      ]
    ],
    "translation": [
      2.09341669,
      1.02990448,
      -0.5238345
    ]
  },
  {
    "timeStamp": 20746,
    "rotation": [
      [
        0.275515884,
        -0.961281359,
        0.005392975
      ],
      [
        -0.1907768,
        -0.0491789021,
        0.980400741
      ],
      [
        -0.942175746,
        -0.271144837,
        -0.196939766
      ]
    ],
    "translation": [
      2.09664226,
      1.02058327,
      -0.5386705
    ]
  },
  {
    "timeStamp": 20802,
    "rotation": [
      [
        0.279709071,
        -0.9591829,
        -0.04160449
      ],
      [
        -0.00436850032,
        -0.0446052477,
        0.9989951
      ],
      [
        -0.960074842,
        -0.279246241,
        -0.0166666824
      ]
    ],
    "translation": [
      2.10358024,
      1.0048492,
      -0.5678487
    ]
  },
  {
    "timeStamp": 20846,
    "rotation": [
      [
        0.2798054,
        -0.959072232,
        -0.0434674732
      ],
      [
        -0.0042105,
        -0.0465013832,
        0.998909354
      ],
      [
        -0.960047543,
        -0.2793172,
        -0.0170495119
      ]
    ],
    "translation": [
      2.10237646,
      1.004496,
      -0.5702713
    ]
  },
  {
    "timeStamp": 20902,
    "rotation": [
      [
        0.2921184,
        -0.954749644,
        -0.0558570251
      ],
      [
        0.0210496,
        -0.0519719161,
        0.9984267
      ],
      [
        -0.956150532,
        -0.29283458,
        0.004915145
      ]
    ],
    "translation": [
      2.09951377,
      0.999805748,
      -0.5713474
    ]
  },
  {
    "timeStamp": 20946,
    "rotation": [
      [
        0.303882152,
        -0.951635957,
        -0.0452180021
      ],
      [
        0.00529021071,
        -0.0457762964,
        0.9989377
      ],
      [
        -0.952694952,
        -0.303798556,
        -0.008876245
      ]
    ],
    "translation": [
      2.09494328,
      0.9961267,
      -0.565161347
    ]
  },
  {
    "timeStamp": 21002,
    "rotation": [
      [
        0.320415884,
        -0.9472769,
        -0.000390168745
      ],
      [
        -0.0279739778,
        -0.009873886,
        0.9995599
      ],
      [
        -0.94686383,
        -0.320263952,
        -0.029662855
      ]
    ],
    "translation": [
      2.087367,
      0.9882258,
      -0.553316653
    ]
  },
  {
    "timeStamp": 21046,
    "rotation": [
      [
        0.337801278,
        -0.9410945,
        0.0152121494
      ],
      [
        -0.0138020394,
        0.0112075871,
        0.9998419
      ],
      [
        -0.9411163,
        -0.337957829,
        -0.009203087
      ]
    ],
    "translation": [
      2.08224463,
      0.9777672,
      -0.5443114
    ]
  },
  {
    "timeStamp": 21102,
    "rotation": [
      [
        0.3408346,
        -0.9398854,
        0.0211480036
      ],
      [
        -0.0172029361,
        0.0162559431,
        0.999719858
      ],
      [
        -0.939965844,
        -0.341102928,
        -0.0106282011
      ]
    ],
    "translation": [
      2.08018422,
      0.9722307,
      -0.536622345
    ]
  },
  {
    "timeStamp": 21146,
    "rotation": [
      [
        0.352804333,
        -0.935448468,
        0.0215684231
      ],
      [
        -0.02492454,
        0.0136471726,
        0.9995962
      ],
      [
        -0.9353651,
        -0.353199452,
        -0.0185008422
      ]
    ],
    "translation": [
      2.080691,
      0.971902668,
      -0.5362491
    ]
  },
  {
    "timeStamp": 21202,
    "rotation": [
      [
        0.373056352,
        -0.9274498,
        0.0258036777
      ],
      [
        -0.04394965,
        0.0101156179,
        0.998982549
      ],
      [
        -0.92676723,
        -0.373810828,
        -0.0369873978
      ]
    ],
    "translation": [
      2.08137822,
      0.971196,
      -0.53557384
    ]
  },
  {
    "timeStamp": 21247,
    "rotation": [
      [
        0.386215,
        -0.9219301,
        0.02971271
      ],
      [
        -0.07711548,
        -0.0001723843,
        0.997022152
      ],
      [
        -0.919179559,
        -0.387356222,
        -0.071161665
      ]
    ],
    "translation": [
      2.08178949,
      0.9698169,
      -0.5336293
    ]
  },
  {
    "timeStamp": 21301,
    "rotation": [
      [
        0.416623831,
        -0.9072472,
        0.05768129
      ],
      [
        -0.1410185,
        -0.00181525236,
        0.9900053
      ],
      [
        -0.8980748,
        -0.420593917,
        -0.1286949
      ]
    ],
    "translation": [
      2.08174372,
      0.968015254,
      -0.530549
    ]
  },
  {
    "timeStamp": 21346,
    "rotation": [
      [
        0.424107641,
        -0.9039277,
        0.0552034527
      ],
      [
        -0.15379408,
        -0.01181782,
        0.9880322
      ],
      [
        -0.892457247,
        -0.427521974,
        -0.14403075
      ]
    ],
    "translation": [
      2.082416,
      0.966780365,
      -0.532247
    ]
  },
  {
    "timeStamp": 21402,
    "rotation": [
      [
        0.423633516,
        -0.902855,
        0.07339951
      ],
      [
        -0.04798426,
        0.05854889,
        0.997130632
      ],
      [
        -0.9045618,
        -0.42594,
        -0.0185195561
      ]
    ],
    "translation": [
      2.0768218,
      0.9367161,
      -0.537950635
    ]
  },
  {
    "timeStamp": 21446,
    "rotation": [
      [
        0.4456434,
        -0.8923718,
        0.07123586
      ],
      [
        -0.0604272969,
        0.04940709,
        0.9969491
      ],
      [
        -0.893168747,
        -0.448588371,
        -0.03190567
      ]
    ],
    "translation": [
      2.07806039,
      0.935894966,
      -0.5380106
    ]
  },
  {
    "timeStamp": 21502,
    "rotation": [
      [
        0.493277222,
        -0.866429746,
        0.0773111
      ],
      [
        -0.06776333,
        0.0503319167,
        0.996431053
      ],
      [
        -0.8672287,
        -0.4967556,
        -0.0338845737
      ]
    ],
    "translation": [
      2.07994151,
      0.9356268,
      -0.5396054
    ]
  },
  {
    "timeStamp": 21547,
    "rotation": [
      [
        0.505675256,
        -0.8589688,
        0.08040625
      ],
      [
        -0.0654331446,
        0.0547460727,
        0.996354043
      ],
      [
        -0.860238969,
        -0.5090928,
        -0.0285212938
      ]
    ],
    "translation": [
      2.08033085,
      0.935864031,
      -0.5404564
    ]
  },
  {
    "timeStamp": 21602,
    "rotation": [
      [
        0.495761156,
        -0.8648078,
        0.07955089
      ],
      [
        -0.0615900271,
        0.05635847,
        0.9965091
      ],
      [
        -0.8662722,
        -0.498930067,
        -0.0253231917
      ]
    ],
    "translation": [
      2.07986712,
      0.936033547,
      -0.5403423
    ]
  }
]