[
  {
    "timeStamp": 31452,
    "rotation": [
      [
        -0.453252047,
        0.6357847,
        0.624772251
      ],
      [
        0.196764082,
        0.754975259,
        -0.62553674
      ],
      [
        -0.8693943,
        -0.160593048,
        -0.46729368
      ]
    ],
    "translation": [
      1.58839357,
      0.897014737,
      -0.6847463
    ]
  },
  {
    "timeStamp": 31497,
    "rotation": [
      [
        -0.502739,
        0.6652963,
        0.5519368
      ],
      [
        0.241823241,
        0.7212395,
        -0.6491033
      ],
      [
        -0.8299247,
        -0.1928584,
        -0.5234794
      ]
    ],
    "translation": [
      1.591918,
      0.897834,
      -0.683949053
    ]
  },
  {
    "timeStamp": 31552,
    "rotation": [
      [
        -0.5168469,
        0.6601933,
        0.544989944
      ],
      [
        0.213769481,
        0.715975046,
        -0.664591849
      ],
      [
        -0.828958333,
        -0.226990014,
        -0.5111787
      ]
    ],
    "translation": [
      1.59230626,
      0.899896145,
      -0.686908841
    ]
  },
  {
    "timeStamp": 31597,
    "rotation": [
      [
        -0.5152302,
        0.6269887,
        0.5843142
      ],
      [
        0.215319142,
        0.7546012,
        -0.6198506
      ],
      [
        -0.8295635,
        -0.193551689,
        -0.523795962
      ]
    ],
    "translation": [
      1.5939945,
      0.900135,
      -0.691589952
    ]
  },
  {
    "timeStamp": 31652,
    "rotation": [
      [
        -0.497293472,
        0.5776031,
        0.6473591
      ],
      [
        0.198455065,
        0.802113533,
        -0.5632312
      ],
      [
        -0.8445796,
        -0.151619524,
        -0.5135141
      ]
    ],
    "translation": [
      1.59601557,
      0.9007071,
      -0.6962319
    ]
  },
  {
    "timeStamp": 31698,
    "rotation": [
      [
        -0.479887754,
        0.52685684,
        0.7015196
      ],
      [
        0.160647169,
        0.8388573,
        -0.520106733
      ],
      [
        -0.862496555,
        -0.136895716,
        -0.487195373
      ]
    ],
    "translation": [
      1.59909093,
      0.902099431,
      -0.698450148
    ]
  },
  {
    "timeStamp": 31745,
    "rotation": [
      [
        -0.4612908,
        0.419544369,
        0.7817885
      ],
      [
        0.08234695,
        0.8975791,
        -0.433094531
      ],
      [
        -0.8834194,
        -0.135404617,
        -0.448593169
      ]
    ],
    "translation": [
      1.60724366,
      0.904505,
      -0.6995548
    ]
  },
  {
    "timeStamp": 31794,
    "rotation": [
      [
        -0.471313328,
        0.4023395,
        0.784848154
      ],
      [
        0.04874612,
        0.900408149,
        -0.4323066
      ],
      [
        -0.880617738,
        -0.165493548,
        -0.443986833
      ]
    ],
    "translation": [
      1.61810839,
      0.9185753,
      -0.6980633
    ]
  },
  {
    "timeStamp": 31849,
    "rotation": [
      [
        -0.480659276,
        0.376523167,
        0.7919577
      ],
      [
        0.0157085229,
        0.906677961,
        -0.421531081
      ],
      [
        -0.876766741,
        -0.190172344,
        -0.441717774
      ]
    ],
    "translation": [
      1.62922871,
      0.9353227,
      -0.6966786
    ]
  },
  {
    "timeStamp": 31894,
    "rotation": [
      [
        -0.489741236,
        0.3593013,
        0.7943904
      ],
      [
        0.000312417716,
        0.9112085,
        -0.4119453
      ],
      [
        -0.8718678,
        -0.201498434,
        -0.446368635
      ]
    ],
    "translation": [
      1.638123,
      0.9468905,
      -0.69445467
    ]
  },
  {
    "timeStamp": 31949,
    "rotation": [
      [
        -0.491914153,
        0.3360086,
        0.8031928
      ],
      [
        -0.0290919,
        0.9156689,
        -0.400879264
      ],
      [
        -0.87015754,
        -0.220564589,
        -0.440655351
      ]
    ],
    "translation": [
      1.64794385,
      0.959376,
      -0.691152453
    ]
  },
  {
    "timeStamp": 31993,
    "rotation": [
      [
        -0.5023118,
        0.3291472,
        0.7995905
      ],
      [
        -0.0360035226,
        0.9159538,
        -0.399665356
      ],
      [
        -0.863936663,
        -0.2295447,
        -0.448243946
      ]
    ],
    "translation": [
      1.65560174,
      0.9680837,
      -0.688746
    ]
  },
  {
    "timeStamp": 32049,
    "rotation": [
      [
        -0.5016182,
        0.277190328,
        0.819478333
      ],
      [
        -0.04685113,
        0.937181354,
        -0.345682085
      ],
      [
        -0.86381954,
        -0.211793914,
        -0.457120538
      ]
    ],
    "translation": [
      1.66900527,
      0.978656769,
      -0.6872846
    ]
  },
  {
    "timeStamp": 32094,
    "rotation": [
      [
        -0.5236983,
        0.220995784,
        0.8227399
      ],
      [
        -0.0425899066,
        0.957766652,
        -0.284374982
      ],
      [
        -0.850838542,
        -0.1839671,
        -0.492168516
      ]
    ],
    "translation": [
      1.68800879,
      0.9883582,
      -0.6879049
    ]
  },
  {
    "timeStamp": 32150,
    "rotation": [
      [
        -0.560891747,
        0.149632528,
        0.8142545
      ],
      [
        -0.06324271,
        0.972912967,
        -0.222352758
      ],
      [
        -0.82547,
        -0.1762115,
        -0.5362357
      ]
    ],
    "translation": [
      1.71635711,
      1.00960839,
      -0.6847019
    ]
  },
  {
    "timeStamp": 32196,
    "rotation": [
      [
        -0.597495139,
        0.08776226,
        0.7970554
      ],
      [
        -0.09283301,
        0.9797384,
        -0.177467361
      ],
      [
        -0.7964808,
        -0.180028945,
        -0.577241659
      ]
    ],
    "translation": [
      1.74488413,
      1.03163719,
      -0.678896844
    ]
  },
  {
    "timeStamp": 32251,
    "rotation": [
      [
        -0.6487548,
        0.0112222126,
        0.7609148
      ],
      [
        -0.136506081,
        0.9819572,
        -0.1308671
      ],
      [
        -0.748654366,
        -0.18877016,
        -0.635517538
      ]
    ],
    "translation": [
      1.7872,
      1.06532836,
      -0.6707217
    ]
  },
  {
    "timeStamp": 32296,
    "rotation": [
      [
        -0.687104344,
        -0.0577825531,
        0.724257469
      ],
      [
        -0.1784239,
        0.979726732,
        -0.09110671
      ],
      [
        -0.70431,
        -0.191824645,
        -0.683484256
      ]
    ],
    "translation": [
      1.8255496,
      1.09438062,
      -0.666118741
    ]
  },
  {
    "timeStamp": 32353,
    "rotation": [
      [
        -0.7436404,
        -0.142923728,
        0.65312463
      ],
      [
        -0.231945455,
        0.9713631,
        -0.0515264049
      ],
      [
        -0.627056837,
        -0.1898064,
        -0.7554954
      ]
    ],
    "translation": [
      1.87906468,
      1.13014793,
      -0.664912164
    ]
  },
  {
    "timeStamp": 32396,
    "rotation": [
      [
        -0.7872217,
        -0.195943668,
        0.5847119
      ],
      [
        -0.23624225,
        0.971664846,
        0.00755333062
      ],
      [
        -0.569624066,
        -0.132187515,
        -0.8112058
      ]
    ],
    "translation": [
      1.92232358,
      1.151021,
      -0.668713152
    ]
  },
  {
    "timeStamp": 32452,
    "rotation": [
      [
        -0.852404058,
        -0.20495218,
        0.481042564
      ],
      [
        -0.239587411,
        0.970813334,
        -0.010924127
      ],
      [
        -0.4647636,
        -0.124563508,
        -0.8766292
      ]
    ],
    "translation": [
      1.97395945,
      1.17029715,
      -0.6754561
    ]
  },
  {
    "timeStamp": 32496,
    "rotation": [
      [
        -0.8900609,
        -0.197077259,
        0.411037862
      ],
      [
        -0.2364253,
        0.97053045,
        -0.04662206
      ],
      [
        -0.389736623,
        -0.138676226,
        -0.9104253
      ]
    ],
    "translation": [
      2.011941,
      1.1793263,
      -0.6796132
    ]
  },
  {
    "timeStamp": 32552,
    "rotation": [
      [
        -0.926030338,
        -0.1555269,
        0.34391737
      ],
      [
        -0.183744639,
        0.9816593,
        -0.0508223176
      ],
      [
        -0.329705447,
        -0.110255979,
        -0.93762356
      ]
    ],
    "translation": [
      2.05166435,
      1.17495632,
      -0.6859525
    ]
  },
  {
    "timeStamp": 32598,
    "rotation": [
      [
        -0.944290936,
        -0.09616097,
        0.314750135
      ],
      [
        -0.1196494,
        0.9912284,
        -0.0561282262
      ],
      [
        -0.3065919,
        -0.09066104,
        -0.9475136
      ]
    ],
    "translation": [
      2.07598567,
      1.16118872,
      -0.688270032
    ]
  },
  {
    "timeStamp": 32647,
    "rotation": [
      [
        -0.9411728,
        -0.00405069068,
        0.337901443
      ],
      [
        0.00224360265,
        0.9998312,
        0.0182349756
      ],
      [
        -0.337918282,
        0.01792038,
        -0.9410048
      ]
    ],
    "translation": [
      2.09382272,
      1.13198888,
      -0.6899854
    ]
  },
  {
    "timeStamp": 32702,
    "rotation": [
      [
        -0.911239147,
        0.09087735,
        0.4017269
      ],
      [
        0.1189761,
        0.991854,
        0.0455001257
      ],
      [
        -0.3943195,
        0.0892574,
        -0.914628446
      ]
    ],
    "translation": [
      2.0995996,
      1.09882975,
      -0.688483357
    ]
  },
  {
    "timeStamp": 32747,
    "rotation": [
      [
        -0.893997669,
        0.126769558,
        0.4297647
      ],
      [
        0.1677617,
        0.984078348,
        0.05870048
      ],
      [
        -0.4154807,
        0.124576144,
        -0.901030838
      ]
    ],
    "translation": [
      2.10450745,
      1.07727039,
      -0.687651157
    ]
  },
  {
    "timeStamp": 32802,
    "rotation": [
      [
        -0.8765154,
        0.1949441,
        0.4401337
      ],
      [
        0.25851512,
        0.9619196,
        0.0887728855
      ],
      [
        -0.406067461,
        0.191592008,
        -0.893533349
      ]
    ],
    "translation": [
      2.10989976,
      1.052316,
      -0.6911419
    ]
  },
  {
    "timeStamp": 32847,
    "rotation": [
      [
        -0.864205062,
        0.241163969,
        0.441576153
      ],
      [
        0.293607235,
        0.9544358,
        0.0533573478
      ],
      [
        -0.408588231,
        0.17576164,
        -0.895635843
      ]
    ],
    "translation": [
      2.114472,
      1.03893,
      -0.6862579
    ]
  },
  {
    "timeStamp": 32902,
    "rotation": [
      [
        -0.836180151,
        0.320798874,
        0.4448492
      ],
      [
        0.362382859,
        0.93198514,
        0.009076295
      ],
      [
        -0.411681175,
        0.168795139,
        -0.8955595
      ]
    ],
    "translation": [
      2.11689639,
      1.02471137,
      -0.677471757
    ]
  },
  {
    "timeStamp": 32946,
    "rotation": [
      [
        -0.8191553,
        0.417522341,
        0.39326793
      ],
      [
        0.420020521,
        0.903578937,
        -0.08442678
      ],
      [
        -0.390598685,
        0.09602195,
        -0.915539443
      ]
    ],
    "translation": [
      2.11728287,
      1.01278746,
      -0.6679421
    ]
  },
  {
    "timeStamp": 33002,
    "rotation": [
      [
        -0.7869463,
        0.509265363,
        0.34837383
      ],
      [
        0.483980268,
        0.8596802,
        -0.163441762
      ],
      [
        -0.3827253,
        0.0399861559,
        -0.922996461
      ]
    ],
    "translation": [
      2.11671567,
      1.00270426,
      -0.65268755
    ]
  },
  {
    "timeStamp": 33048,
    "rotation": [
      [
        -0.7674482,
        0.568802,
        0.2957829
      ],
      [
        0.527726352,
        0.8224458,
        -0.21233882
      ],
      [
        -0.36404413,
        -0.006866624,
        -0.9313564
      ]
    ],
    "translation": [
      2.11801386,
      0.994903147,
      -0.64299
    ]
  },
  {
    "timeStamp": 33094,
    "rotation": [
      [
        -0.7416856,
        0.6195624,
        0.256992042
      ],
      [
        0.5814387,
        0.7848907,
        -0.214185774
      ],
      [
        -0.334412128,
        -0.00943338,
        -0.9423797
      ]
    ],
    "translation": [
      2.11671066,
      0.986914039,
      -0.6377323
    ]
  },
  {
    "timeStamp": 33151,
    "rotation": [
      [
        -0.712443233,
        0.659634352,
        0.239389
      ],
      [
        0.626670957,
        0.7515794,
        -0.205941439
      ],
      [
        -0.3157659,
        0.0032965478,
        -0.9488314
      ]
    ],
    "translation": [
      2.11762857,
      0.975938,
      -0.631809235
    ]
  },
  {
    "timeStamp": 33196,
    "rotation": [
      [
        -0.700579345,
        0.6916114,
        0.175676525
      ],
      [
        0.649931431,
        0.7200894,
        -0.243023455
      ],
      [
        -0.294580579,
        -0.0560795143,
        -0.953979731
      ]
    ],
    "translation": [
      2.11876678,
      0.9697092,
      -0.625110745
    ]
  },
  {
    "timeStamp": 33252,
    "rotation": [
      [
        -0.7073373,
        0.683281541,
        0.181108624
      ],
      [
        0.649765134,
        0.7293758,
        -0.214047551
      ],
      [
        -0.278350979,
        -0.0337257646,
        -0.9598872
      ]
    ],
    "translation": [
      2.12609839,
      0.9644379,
      -0.6195313
    ]
  },
  {
    "timeStamp": 33296,
    "rotation": [
      [
        -0.7106048,
        0.684574842,
        0.162475139
      ],
      [
        0.6494727,
        0.727031231,
        -0.222734824
      ],
      [
        -0.27060318,
        -0.05275326,
        -0.9612445
      ]
    ],
    "translation": [
      2.13268876,
      0.9616491,
      -0.6131346
    ]
  },
  {
    "timeStamp": 33351,
    "rotation": [
      [
        -0.712542355,
        0.68684864,
        0.143256173
      ],
      [
        0.64747256,
        0.72235024,
        -0.2428773
      ],
      [
        -0.270301074,
        -0.08030593,
        -0.9594208
      ]
    ],
    "translation": [
      2.13801718,
      0.958482444,
      -0.603840947
    ]
  },
  {
    "timeStamp": 33396,
    "rotation": [
      [
        -0.709950447,
        0.692515254,
        0.128035054
      ],
      [
        0.6533747,
        0.7155311,
        -0.247218147
      ],
      [
        -0.262815416,
        -0.09185777,
        -0.9604635
      ]
    ],
    "translation": [
      2.14100242,
      0.9558093,
      -0.5988756
    ]
  },
  {
    "timeStamp": 33451,
    "rotation": [
      [
        -0.7097639,
        0.6980839,
        0.09441444
      ],
      [
        0.6575962,
        0.7046468,
        -0.266533524
      ],
      [
        -0.2525916,
        -0.127089292,
        -0.9591902
      ]
    ],
    "translation": [
      2.143933,
      0.9537823,
      -0.593138635
    ]
  },
  {
    "timeStamp": 33496,
    "rotation": [
      [
        -0.712526441,
        0.6921828,
        0.114843644
      ],
      [
        0.657417953,
        0.7158019,
        -0.235434249
      ],
      [
        -0.245168835,
        -0.09225285,
        -0.965081155
      ]
    ],
    "translation": [
      2.14508486,
      0.9503693,
      -0.59136194
    ]
  },
  {
    "timeStamp": 33551,
    "rotation": [
      [
        -0.6948917,
        0.7036354,
        0.148400888
      ],
      [
        0.673811555,
        0.709188163,
        -0.207437038
      ],
      [
        -0.2512042,
        -0.0441520326,
        -0.966926634
      ]
    ],
    "translation": [
      2.144107,
      0.9460041,
      -0.588599145
    ]
  },
  {
    "timeStamp": 33597,
    "rotation": [
      [
        -0.689168,
        0.716362238,
        0.108961858
      ],
      [
        0.678396463,
        0.6907239,
        -0.2503573
      ],
      [
        -0.254609078,
        -0.0986188948,
        -0.9620024
      ]
    ],
    "translation": [
      2.143212,
      0.9428529,
      -0.5872057
    ]
  },
  {
    "timeStamp": 33651,
    "rotation": [
      [
        -0.678250432,
        0.713989854,
        0.173766285
      ],
      [
        0.6791966,
        0.6993792,
        -0.222622365
      ],
      [
        -0.280478626,
        -0.03297225,
        -0.9592938
      ]
    ],
    "translation": [
      2.14348173,
      0.940669954,
      -0.5850815
    ]
  }
]