[
  {
    "timeStamp": 68725,
    "rotation": [
      [
        0.08418019,
        0.0990848541,
        0.991511941
      ],
      [
        0.2210358,
        0.9683973,
        -0.115541071
      ],
      [
        -0.971625865,
        0.228885889,
        0.0596185736
      ]
    ],
    "translation": [
      1.63753343,
      0.857055247,
      -0.7469465
    ]
  },
  {
    "timeStamp": 68780,
    "rotation": [
      [
        0.09463605,
        0.110576287,
        0.989351749
      ],
      [
        0.2312587,
        0.9641834,
        -0.129884258
      ],
      [
        -0.9682786,
        0.241087928,
        0.0656747743
      ]
    ],
    "translation": [
      1.63781381,
      0.8576189,
      -0.74702996
    ]
  },
  {
    "timeStamp": 68824,
    "rotation": [
      [
        0.093159534,
        0.132405847,
        0.986808
      ],
      [
        0.211370721,
        0.9658964,
        -0.149554446
      ],
      [
        -0.9729562,
        0.222514734,
        0.0619957447
      ]
    ],
    "translation": [
      1.63798475,
      0.858225763,
      -0.746990442
    ]
  },
  {
    "timeStamp": 68879,
    "rotation": [
      [
        0.09078841,
        0.1317456,
        0.98711735
      ],
      [
        0.2131733,
        0.965664744,
        -0.148488671
      ],
      [
        -0.9727871,
        0.2239081,
        0.0595865138
      ]
    ],
    "translation": [
      1.639423,
      0.8581969,
      -0.7471938
    ]
  },
  {
    "timeStamp": 68924,
    "rotation": [
      [
        0.08254365,
        0.124298424,
        0.988805532
      ],
      [
        0.202482343,
        0.969404936,
        -0.1387625
      ],
      [
        -0.975800931,
        0.211669624,
        0.0548499823
      ]
    ],
    "translation": [
      1.641435,
      0.8583686,
      -0.747004
    ]
  },
  {
    "timeStamp": 68980,
    "rotation": [
      [
        0.0821957,
        0.1230415,
        0.988991737
      ],
      [
        0.191853821,
        0.9718352,
        -0.136852115
      ],
      [
        -0.9779755,
        0.2009905,
        0.05627469
      ]
    ],
    "translation": [
      1.64289427,
      0.8630309,
      -0.747782648
    ]
  },
  {
    "timeStamp": 69025,
    "rotation": [
      [
        0.061814636,
        0.11076124,
        0.991922855
      ],
      [
        0.187496111,
        0.9748414,
        -0.12053825
      ],
      [
        -0.9803184,
        0.1934327,
        0.0394921638
      ]
    ],
    "translation": [
      1.64962065,
      0.8691131,
      -0.748669863
    ]
  },
  {
    "timeStamp": 69079,
    "rotation": [
      [
        0.02247976,
        0.0986290649,
        0.9948703
      ],
      [
        0.169425756,
        0.980352163,
        -0.101018056
      ],
      [
        -0.985286534,
        0.170827508,
        0.00532777561
      ]
    ],
    "translation": [
      1.663985,
      0.880523741,
      -0.748619437
    ]
  },
  {
    "timeStamp": 69124,
    "rotation": [
      [
        -0.0129523557,
        0.09050753,
        0.9958115
      ],
      [
        0.148065165,
        0.9850897,
        -0.0876071751
      ],
      [
        -0.9888928,
        0.146310285,
        -0.026160242
      ]
    ],
    "translation": [
      1.67922342,
      0.8923615,
      -0.746030331
    ]
  },
  {
    "timeStamp": 69180,
    "rotation": [
      [
        -0.06370812,
        0.07600952,
        0.995069742
      ],
      [
        0.115291975,
        0.9909797,
        -0.06831567
      ],
      [
        -0.9912865,
        0.1103713,
        -0.07189674
      ]
    ],
    "translation": [
      1.70211673,
      0.9092897,
      -0.741712451
    ]
  },
  {
    "timeStamp": 69224,
    "rotation": [
      [
        -0.112558708,
        0.0601654649,
        0.9918219
      ],
      [
        0.09122039,
        0.994575739,
        -0.0499802
      ],
      [
        -0.9894491,
        0.08484867,
        -0.117436469
      ]
    ],
    "translation": [
      1.72454357,
      0.924662352,
      -0.7375644
    ]
  },
  {
    "timeStamp": 69279,
    "rotation": [
      [
        -0.178032815,
        0.0335115641,
        0.983453751
      ],
      [
        0.0486822054,
        0.998496056,
        -0.0252112877
      ],
      [
        -0.982819557,
        0.04338826,
        -0.17939648
      ]
    ],
    "translation": [
      1.756037,
      0.9470528,
      -0.7328314
    ]
  },
  {
    "timeStamp": 69324,
    "rotation": [
      [
        -0.23421216,
        0.00699323136,
        0.972160339
      ],
      [
        0.00742679043,
        0.9999578,
        -0.00540393544
      ],
      [
        -0.9721571,
        0.005954364,
        -0.234254211
      ]
    ],
    "translation": [
      1.78480744,
      0.968094647,
      -0.7281098
    ]
  },
  {
    "timeStamp": 69380,
    "rotation": [
      [
        -0.30572015,
        -0.0243921075,
        0.95180887
      ],
      [
        -0.036320433,
        0.9992429,
        0.0139416149
      ],
      [
        -0.9514284,
        -0.0303078815,
        -0.306374639
      ]
    ],
    "translation": [
      1.82299173,
      0.9937135,
      -0.723496854
    ]
  },
  {
    "timeStamp": 69424,
    "rotation": [
      [
        -0.351920515,
        -0.06440553,
        0.9338115
      ],
      [
        -0.0633750856,
        0.9969802,
        0.0448784865
      ],
      [
        -0.933882,
        -0.0433867238,
        -0.3549395
      ]
    ],
    "translation": [
      1.85593939,
      1.01336038,
      -0.7192069
    ]
  },
  {
    "timeStamp": 69479,
    "rotation": [
      [
        -0.4163839,
        -0.0850741044,
        0.9051999
      ],
      [
        -0.103570767,
        0.9935699,
        0.0457378179
      ],
      [
        -0.9032705,
        -0.074707754,
        -0.4225177
      ]
    ],
    "translation": [
      1.89717555,
      1.03860211,
      -0.7149194
    ]
  },
  {
    "timeStamp": 69524,
    "rotation": [
      [
        -0.456954837,
        -0.10840065,
        0.8828599
      ],
      [
        -0.147254691,
        0.9880698,
        0.0451019
      ],
      [
        -0.8772162,
        -0.109395735,
        -0.467465758
      ]
    ],
    "translation": [
      1.93006933,
      1.06119275,
      -0.711689
    ]
  },
  {
    "timeStamp": 69580,
    "rotation": [
      [
        -0.513132,
        -0.129959628,
        0.8484139
      ],
      [
        -0.187258735,
        0.9816096,
        0.0371059254
      ],
      [
        -0.837633431,
        -0.139832675,
        -0.5280313
      ]
    ],
    "translation": [
      1.9700048,
      1.08592629,
      -0.7115589
    ]
  },
  {
    "timeStamp": 69624,
    "rotation": [
      [
        -0.5520826,
        -0.131406441,
        0.8233694
      ],
      [
        -0.205347553,
        0.9785147,
        0.0184781216
      ],
      [
        -0.808107138,
        -0.158875436,
        -0.5672049
      ]
    ],
    "translation": [
      1.999385,
      1.1006757,
      -0.712857842
    ]
  },
  {
    "timeStamp": 69679,
    "rotation": [
      [
        -0.5954992,
        -0.132377848,
        0.7923742
      ],
      [
        -0.204722956,
        0.9787723,
        0.00966134947
      ],
      [
        -0.7768328,
        -0.156463847,
        -0.6099589
      ]
    ],
    "translation": [
      2.033145,
      1.10920393,
      -0.714293659
    ]
  },
  {
    "timeStamp": 69724,
    "rotation": [
      [
        -0.6147052,
        -0.108469367,
        0.781263
      ],
      [
        -0.199099064,
        0.979762256,
        -0.020624347
      ],
      [
        -0.763214946,
        -0.168226629,
        -0.623861134
      ]
    ],
    "translation": [
      2.05488157,
      1.10914171,
      -0.711494863
    ]
  },
  {
    "timeStamp": 69783,
    "rotation": [
      [
        -0.6326918,
        -0.0798713937,
        0.770273745
      ],
      [
        -0.157763615,
        0.9871014,
        -0.0272300411
      ],
      [
        -0.7581634,
        -0.138749391,
        -0.6371318
      ]
    ],
    "translation": [
      2.07371354,
      1.10162008,
      -0.71045
    ]
  },
  {
    "timeStamp": 69833,
    "rotation": [
      [
        -0.6685527,
        -0.0231139921,
        0.7433055
      ],
      [
        -0.130417928,
        0.98767066,
        -0.08658923
      ],
      [
        -0.732139647,
        -0.15482983,
        -0.6633244
      ]
    ],
    "translation": [
      2.09397984,
      1.09078312,
      -0.7129696
    ]
  },
  {
    "timeStamp": 69878,
    "rotation": [
      [
        -0.691820741,
        0.008873385,
        0.7220148
      ],
      [
        -0.09569118,
        0.9899784,
        -0.103856049
      ],
      [
        -0.7157005,
        -0.140940219,
        -0.68403846
      ]
    ],
    "translation": [
      2.10405183,
      1.08113515,
      -0.719489038
    ]
  },
  {
    "timeStamp": 69933,
    "rotation": [
      [
        -0.703894,
        0.0174282659,
        0.7100912
      ],
      [
        -0.06696182,
        0.9936186,
        -0.0907645
      ],
      [
        -0.7071417,
        -0.111437589,
        -0.698235154
      ]
    ],
    "translation": [
      2.11142373,
      1.06772208,
      -0.7278669
    ]
  },
  {
    "timeStamp": 69978,
    "rotation": [
      [
        -0.712431848,
        0.0351166241,
        0.7008621
      ],
      [
        -0.049044244,
        0.9938132,
        -0.0996487662
      ],
      [
        -0.7000254,
        -0.105366208,
        -0.7063019
      ]
    ],
    "translation": [
      2.11522055,
      1.05609119,
      -0.731913865
    ]
  },
  {
    "timeStamp": 70034,
    "rotation": [
      [
        -0.7028431,
        0.0414607227,
        0.7101355
      ],
      [
        -0.037278302,
        0.9947814,
        -0.09497505
      ],
      [
        -0.7103674,
        -0.09322521,
        -0.6976297
      ]
    ],
    "translation": [
      2.11786056,
      1.04517341,
      -0.732162237
    ]
  },
  {
    "timeStamp": 70078,
    "rotation": [
      [
        -0.692496538,
        0.0405241363,
        0.7202822
      ],
      [
        -0.029755393,
        0.9959671,
        -0.08464212
      ],
      [
        -0.7208073,
        -0.0800466537,
        -0.6884979
      ]
    ],
    "translation": [
      2.11968327,
      1.04035223,
      -0.731111
    ]
  },
  {
    "timeStamp": 70133,
    "rotation": [
      [
        -0.6856566,
        0.03908217,
        0.7268752
      ],
      [
        -0.03378636,
        0.9957728,
        -0.08541054
      ],
      [
        -0.7271406,
        -0.08312077,
        -0.6814378
      ]
    ],
    "translation": [
      2.12322974,
      1.039337,
      -0.7290234
    ]
  },
  {
    "timeStamp": 70178,
    "rotation": [
      [
        -0.68324,
        0.0374329463,
        0.7292337
      ],
      [
        -0.0320238359,
        0.9961881,
        -0.08114027
      ],
      [
        -0.7294913,
        -0.07879114,
        -0.6794368
      ]
    ],
    "translation": [
      2.12674046,
      1.03994739,
      -0.727910161
    ]
  },
  {
    "timeStamp": 70234,
    "rotation": [
      [
        -0.702691,
        0.054116983,
        0.709434
      ],
      [
        -0.0461501665,
        0.9915366,
        -0.12134783
      ],
      [
        -0.70999676,
        -0.118010528,
        -0.694246352
      ]
    ],
    "translation": [
      2.13322473,
      1.04341948,
      -0.7292177
    ]
  },
  {
    "timeStamp": 70279,
    "rotation": [
      [
        -0.7387755,
        0.0620459132,
        0.6710894
      ],
      [
        -0.0489520244,
        0.988182962,
        -0.145252272
      ],
      [
        -0.6721714,
        -0.140160009,
        -0.727008045
      ]
    ],
    "translation": [
      2.1426146,
      1.04597211,
      -0.737298131
    ]
  },
  {
    "timeStamp": 70323,
    "rotation": [
      [
        -0.7592843,
        0.05513909,
        0.648418844
      ],
      [
        -0.05097772,
        0.9883023,
        -0.14373529
      ],
      [
        -0.6487593,
        -0.142190874,
        -0.747591555
      ]
    ],
    "translation": [
      2.15279627,
      1.04894209,
      -0.746085465
    ]
  },
  {
    "timeStamp": 70379,
    "rotation": [
      [
        -0.7775356,
        0.05892277,
        0.6260723
      ],
      [
        -0.0274728,
        0.9914669,
        -0.127431065
      ],
      [
        -0.6282385,
        -0.11628215,
        -0.769282043
      ]
    ],
    "translation": [
      2.16453934,
      1.04958785,
      -0.757415533
    ]
  },
  {
    "timeStamp": 70434,
    "rotation": [
      [
        -0.791166067,
        0.07494612,
        0.606992066
      ],
      [
        0.004681111,
        0.99317646,
        -0.116527364
      ],
      [
        -0.611583531,
        -0.0893511,
        -0.7861183
      ]
    ],
    "translation": [
      2.174449,
      1.04502952,
      -0.767624855
    ]
  },
  {
    "timeStamp": 70479,
    "rotation": [
      [
        -0.7847616,
        0.104989812,
        0.6108408
      ],
      [
        0.03323751,
        0.9912591,
        -0.127674147
      ],
      [
        -0.618906,
        -0.07989094,
        -0.7813916
      ]
    ],
    "translation": [
      2.178313,
      1.03904021,
      -0.7696413
    ]
  },
  {
    "timeStamp": 70535,
    "rotation": [
      [
        -0.7837119,
        0.138901114,
        0.605394244
      ],
      [
        0.0522724167,
        0.985966265,
        -0.158550084
      ],
      [
        -0.618921041,
        -0.09261216,
        -0.779974163
      ]
    ],
    "translation": [
      2.18257,
      1.03118718,
      -0.770865738
    ]
  },
  {
    "timeStamp": 70579,
    "rotation": [
      [
        -0.7821702,
        0.156250492,
        0.603154659
      ],
      [
        0.0788042247,
        0.9850796,
        -0.152997017
      ],
      [
        -0.6180612,
        -0.07213857,
        -0.7828131
      ]
    ],
    "translation": [
      2.18619347,
      1.02405035,
      -0.7727134
    ]
  },
  {
    "timeStamp": 70634,
    "rotation": [
      [
        -0.7706778,
        0.1703305,
        0.614038467
      ],
      [
        0.103660136,
        0.98428905,
        -0.1429322
      ],
      [
        -0.6287371,
        -0.046503365,
        -0.7762262
      ]
    ],
    "translation": [
      2.190427,
      1.01668525,
      -0.772560656
    ]
  },
  {
    "timeStamp": 70679,
    "rotation": [
      [
        -0.7688562,
        0.183304921,
        0.6125842
      ],
      [
        0.102518,
        0.9809733,
        -0.164868161
      ],
      [
        -0.6311498,
        -0.06395901,
        -0.773019433
      ]
    ],
    "translation": [
      2.193688,
      1.01274335,
      -0.7704509
    ]
  },
  {
    "timeStamp": 70734,
    "rotation": [
      [
        -0.7595459,
        0.197498366,
        0.6197454
      ],
      [
        0.125571936,
        0.979388237,
        -0.15821
      ],
      [
        -0.6382175,
        -0.04234513,
        -0.7686906
      ]
    ],
    "translation": [
      2.195944,
      1.00649679,
      -0.7696774
    ]
  },
  {
    "timeStamp": 70779,
    "rotation": [
      [
        -0.754463851,
        0.2141938,
        0.620407343
      ],
      [
        0.131221637,
        0.9753921,
        -0.177175462
      ],
      [
        -0.643090367,
        -0.0522616059,
        -0.7640049
      ]
    ],
    "translation": [
      2.197482,
      1.00228667,
      -0.7675349
    ]
  },
  {
    "timeStamp": 70824,
    "rotation": [
      [
        -0.7456924,
        0.227820128,
        0.626131654
      ],
      [
        0.148242667,
        0.972901762,
        -0.177443773
      ],
      [
        -0.6495899,
        -0.0394990332,
        -0.759258032
      ]
    ],
    "translation": [
      2.19815278,
      0.997009039,
      -0.766809642
    ]
  },
  {
    "timeStamp": 70879,
    "rotation": [
      [
        -0.7403323,
        0.242048055,
        0.6271529
      ],
      [
        0.154529,
        0.9692214,
        -0.191652387
      ],
      [
        -0.6542391,
        -0.04497315,
        -0.7549494
      ]
    ],
    "translation": [
      2.19817448,
      0.992804945,
      -0.765314758
    ]
  }
]