[
  {
    "timeStamp": 72384,
    "rotation": [
      [
        0.997759342,
        0.03367683,
        0.0578116439
      ],
      [
        -0.06688203,
        0.479274422,
        0.87511307
      ],
      [
        0.00176339748,
        -0.8770188,
        0.480452865
      ]
    ],
    "translation": [
      1.77158689,
      0.8686435,
      -0.751247644
    ]
  },
  {
    "timeStamp": 72428,
    "rotation": [
      [
        0.9974038,
        0.0480422527,
        0.05364281
      ],
      [
        -0.07016264,
        0.480635643,
        0.874109
      ],
      [
        0.01621152,
        -0.8756034,
        0.4827586
      ]
    ],
    "translation": [
      1.7714566,
      0.8687563,
      -0.748112261
    ]
  },
  {
    "timeStamp": 72484,
    "rotation": [
      [
        0.997146666,
        0.0605239235,
        0.0451147035
      ],
      [
        -0.0692679957,
        0.496035218,
        0.8655351
      ],
      [
        0.0300070979,
        -0.866190434,
        0.498812258
      ]
    ],
    "translation": [
      1.7719816,
      0.8693668,
      -0.7478837
    ]
  },
  {
    "timeStamp": 72528,
    "rotation": [
      [
        0.997472346,
        0.05858577,
        0.0402053557
      ],
      [
        -0.06366872,
        0.485741526,
        0.871780634
      ],
      [
        0.03154453,
        -0.8721369,
        0.488243878
      ]
    ],
    "translation": [
      1.77190053,
      0.868883967,
      -0.7481181
    ]
  },
  {
    "timeStamp": 72584,
    "rotation": [
      [
        0.997842968,
        0.06308039,
        0.0181733724
      ],
      [
        -0.0466628075,
        0.486849129,
        0.8722388
      ],
      [
        0.04617348,
        -0.8712054,
        0.4887425
      ]
    ],
    "translation": [
      1.77186143,
      0.8688013,
      -0.74829
    ]
  },
  {
    "timeStamp": 72629,
    "rotation": [
      [
        0.997489452,
        0.0694422349,
        0.0138738286
      ],
      [
        -0.046211008,
        0.489856839,
        0.8705773
      ],
      [
        0.0536586419,
        -0.8690328,
        0.491836041
      ]
    ],
    "translation": [
      1.77227485,
      0.874577641,
      -0.74878335
    ]
  },
  {
    "timeStamp": 72675,
    "rotation": [
      [
        0.998421,
        0.05613088,
        -0.00218628347
      ],
      [
        -0.0250231754,
        0.4792677,
        0.877311945
      ],
      [
        0.0502921045,
        -0.875871956,
        0.479915529
      ]
    ],
    "translation": [
      1.77834654,
      0.885576069,
      -0.7480076
    ]
  },
  {
    "timeStamp": 72732,
    "rotation": [
      [
        0.9999935,
        0.00251937634,
        0.002572244
      ],
      [
        -0.00342507567,
        0.4453423,
        0.895353854
      ],
      [
        0.00111020426,
        -0.895356834,
        0.445348054
      ]
    ],
    "translation": [
      1.79350019,
      0.9060836,
      -0.7447201
    ]
  },
  {
    "timeStamp": 72777,
    "rotation": [
      [
        0.998672962,
        -0.049928356,
        -0.0126302373
      ],
      [
        0.0325478725,
        0.4218133,
        0.9060983
      ],
      [
        -0.0399123952,
        -0.905307,
        0.4228786
      ]
    ],
    "translation": [
      1.812912,
      0.926258445,
      -0.742329657
    ]
  },
  {
    "timeStamp": 72833,
    "rotation": [
      [
        0.991404,
        -0.125378966,
        -0.0373937748
      ],
      [
        0.0829126,
        0.380967647,
        0.9208633
      ],
      [
        -0.101211064,
        -0.916047931,
        0.388088346
      ]
    ],
    "translation": [
      1.84342444,
      0.955372155,
      -0.738013148
    ]
  },
  {
    "timeStamp": 72878,
    "rotation": [
      [
        0.9792834,
        -0.194082141,
        -0.05775845
      ],
      [
        0.124229178,
        0.350577563,
        0.928257763
      ],
      [
        -0.159909442,
        -0.9162027,
        0.367425472
      ]
    ],
    "translation": [
      1.87069631,
      0.979474247,
      -0.7374153
    ]
  },
  {
    "timeStamp": 72933,
    "rotation": [
      [
        0.958303332,
        -0.275212556,
        -0.07689461
      ],
      [
        0.161307693,
        0.298889041,
        0.9405558
      ],
      [
        -0.235869825,
        -0.913741469,
        0.330820233
      ]
    ],
    "translation": [
      1.90755379,
      1.00874436,
      -0.7382678
    ]
  },
  {
    "timeStamp": 72978,
    "rotation": [
      [
        0.9370725,
        -0.336543739,
        -0.09291626
      ],
      [
        0.190173551,
        0.268827856,
        0.9442275
      ],
      [
        -0.29279536,
        -0.9024799,
        0.315912932
      ]
    ],
    "translation": [
      1.93648922,
      1.02935576,
      -0.741394341
    ]
  },
  {
    "timeStamp": 73034,
    "rotation": [
      [
        0.910613537,
        -0.398082644,
        -0.110964425
      ],
      [
        0.2196224,
        0.238710672,
        0.9459298
      ],
      [
        -0.35006988,
        -0.8857468,
        0.304801047
      ]
    ],
    "translation": [
      1.9717288,
      1.04969442,
      -0.7465499
    ]
  },
  {
    "timeStamp": 73078,
    "rotation": [
      [
        0.8920299,
        -0.44196406,
        -0.09460648
      ],
      [
        0.203034431,
        0.204827175,
        0.9575087
      ],
      [
        -0.403806448,
        -0.873334765,
        0.2724459
      ]
    ],
    "translation": [
      1.99678481,
      1.060536,
      -0.751620352
    ]
  },
  {
    "timeStamp": 73134,
    "rotation": [
      [
        0.8682449,
        -0.49100557,
        -0.07116425
      ],
      [
        0.184068546,
        0.185591578,
        0.9652329
      ],
      [
        -0.460727245,
        -0.851157665,
        0.251517624
      ]
    ],
    "translation": [
      2.02495885,
      1.06661093,
      -0.759268463
    ]
  },
  {
    "timeStamp": 73178,
    "rotation": [
      [
        0.8533707,
        -0.5178172,
        -0.06019791
      ],
      [
        0.186255962,
        0.195006162,
        0.962954462
      ],
      [
        -0.486895382,
        -0.832969368,
        0.262859076
      ]
    ],
    "translation": [
      2.04445934,
      1.0662725,
      -0.766318262
    ]
  },
  {
    "timeStamp": 73225,
    "rotation": [
      [
        0.835812747,
        -0.5477943,
        -0.0365861766
      ],
      [
        0.176963508,
        0.205725059,
        0.962476552
      ],
      [
        -0.519712448,
        -0.8109246,
        0.2688872
      ]
    ],
    "translation": [
      2.061153,
      1.0626775,
      -0.7745077
    ]
  },
  {
    "timeStamp": 73283,
    "rotation": [
      [
        0.809949,
        -0.5864757,
        0.00537262857
      ],
      [
        0.15387392,
        0.221328482,
        0.962983131
      ],
      [
        -0.565955341,
        -0.779140532,
        0.2695081
      ]
    ],
    "translation": [
      2.08118534,
      1.05460727,
      -0.7871785
    ]
  },
  {
    "timeStamp": 73328,
    "rotation": [
      [
        0.8003162,
        -0.5987648,
        0.0312191639
      ],
      [
        0.135512426,
        0.231357738,
        0.9633846
      ],
      [
        -0.5840636,
        -0.766781747,
        0.266299427
      ]
    ],
    "translation": [
      2.09167862,
      1.047749,
      -0.793457568
    ]
  },
  {
    "timeStamp": 73383,
    "rotation": [
      [
        0.795302749,
        -0.602659,
        0.06554089
      ],
      [
        0.106994823,
        0.245964065,
        0.9633555
      ],
      [
        -0.596695542,
        -0.75914675,
        0.2600973
      ]
    ],
    "translation": [
      2.1015408,
      1.03761077,
      -0.7969514
    ]
  },
  {
    "timeStamp": 73428,
    "rotation": [
      [
        0.7973536,
        -0.598247766,
        0.079541564
      ],
      [
        0.106570244,
        0.269297749,
        0.957142353
      ],
      [
        -0.594028652,
        -0.7547042,
        0.278480947
      ]
    ],
    "translation": [
      2.10799026,
      1.02914929,
      -0.798535347
    ]
  },
  {
    "timeStamp": 73484,
    "rotation": [
      [
        0.799254537,
        -0.5929544,
        0.0979655
      ],
      [
        0.0902272239,
        0.279546142,
        0.9558834
      ],
      [
        -0.5941811,
        -0.755155,
        0.27692914
      ]
    ],
    "translation": [
      2.11291552,
      1.0221988,
      -0.7985498
    ]
  },
  {
    "timeStamp": 73528,
    "rotation": [
      [
        0.798510253,
        -0.592389345,
        0.107033841
      ],
      [
        0.08862533,
        0.2915509,
        0.952440858
      ],
      [
        -0.5954216,
        -0.7510479,
        0.28530708
      ]
    ],
    "translation": [
      2.11603642,
      1.01745677,
      -0.79924196
    ]
  },
  {
    "timeStamp": 73584,
    "rotation": [
      [
        0.801551759,
        -0.585991561,
        0.118863963
      ],
      [
        0.08641808,
        0.3102427,
        0.9467214
      ],
      [
        -0.591647446,
        -0.7485742,
        0.29931584
      ]
    ],
    "translation": [
      2.11861134,
      1.01234651,
      -0.799801
    ]
  },
  {
    "timeStamp": 73628,
    "rotation": [
      [
        0.802368,
        -0.582987964,
        0.127791539
      ],
      [
        0.07206033,
        0.307180822,
        0.948919
      ],
      [
        -0.5924635,
        -0.752173543,
        0.288482368
      ]
    ],
    "translation": [
      2.12058425,
      1.00927472,
      -0.798725545
    ]
  },
  {
    "timeStamp": 73684,
    "rotation": [
      [
        0.8057063,
        -0.5761,
        0.137644842
      ],
      [
        0.07196175,
        0.3258704,
        0.9426717
      ],
      [
        -0.5879276,
        -0.749611437,
        0.304013
      ]
    ],
    "translation": [
      2.122777,
      1.005377,
      -0.798382163
    ]
  },
  {
    "timeStamp": 73730,
    "rotation": [
      [
        0.8104587,
        -0.5684326,
        0.141566038
      ],
      [
        0.06968945,
        0.333507121,
        0.940168262
      ],
      [
        -0.5816356,
        -0.752101958,
        0.309907526
      ]
    ],
    "translation": [
      2.12335181,
      1.00353348,
      -0.7979704
    ]
  },
  {
    "timeStamp": 73776,
    "rotation": [
      [
        0.8221895,
        -0.553165853,
        0.134208888
      ],
      [
        0.07517717,
        0.3392406,
        0.9376909
      ],
      [
        -0.5642277,
        -0.7608702,
        0.32050553
      ]
    ],
    "translation": [
      2.12351179,
      1.00372267,
      -0.7968971
    ]
  }
]