[
  {
    "timeStamp": 0,
    "rotation": [
      [
        0.667888045,
        0.144718,
        0.7300563
      ],
      [
        0.0239973832,
        0.976216,
        -0.215467766
      ],
      [
        -0.7438747,
        0.161427781,
        0.6485302
      ]
    ],
    "translation": [
      1.21919191,
      1.56155133,
      -1.27939332
    ]
  },
  {
    "timeStamp": 21,
    "rotation": [
      [
        0.5952885,
        0.135499448,
        0.7920047
      ],
      [
        0.0171323456,
        0.9833142,
        -0.181106538
      ],
      [
        -0.803329349,
        0.121379547,
        0.5830343
      ]
    ],
    "translation": [
      1.22323346,
      1.56428719,
      -1.27760887
    ]
  },
  {
    "timeStamp": 22,
    "rotation": [
      [
        0.5879795,
        0.13235271,
        0.7979742
      ],
      [
        0.0173125211,
        0.9842374,
        -0.176003039
      ],
      [
        -0.808690548,
        0.117301121,
        0.57642
      ]
    ],
    "translation": [
      1.22344029,
      1.56473541,
      -1.277132
    ]
  },
  {
    "timeStamp": 68,
    "rotation": [
      [
        0.5178098,
        0.09338698,
        0.850383341
      ],
      [
        0.00184642524,
        0.9938997,
        -0.1102719
      ],
      [
        -0.8554938,
        0.05867004,
        0.514478564
      ]
    ],
    "translation": [
      1.2225492,
      1.56981373,
      -1.25565052
    ]
  },
  {
    "timeStamp": 118,
    "rotation": [
      [
        0.514974654,
        0.08739655,
        0.8527385
      ],
      [
        0.00102565414,
        0.994725466,
        -0.10256809
      ],
      [
        -0.8572048,
        0.0536945835,
        0.512168765
      ]
    ],
    "translation": [
      1.22173119,
      1.57047772,
      -1.25099516
    ]
  },
  {
    "timeStamp": 175,
    "rotation": [
      [
        0.515560269,
        0.08384261,
        0.8527415
      ],
      [
        0.00356164924,
        0.994983,
        -0.09998131
      ],
      [
        -0.8568459,
        0.054583557,
        0.512675047
      ]
    ],
    "translation": [
      1.22122812,
      1.57054257,
      -1.24713421
    ]
  },
  {
    "timeStamp": 218,
    "rotation": [
      [
        0.518951833,
        0.0848408043,
        0.8505828
      ],
      [
        0.00769773871,
        0.994558156,
        -0.103898033
      ],
      [
        -0.8547688,
        0.0604656376,
        0.515474737
      ]
    ],
    "translation": [
      1.22075176,
      1.57016945,
      -1.241843
    ]
  },
  {
    "timeStamp": 340,
    "rotation": [
      [
        0.519917667,
        0.08598604,
        0.8498776
      ],
      [
        0.008045319,
        0.994383752,
        -0.105528168
      ],
      [
        -0.8541785,
        0.0617034957,
        0.516305864
      ]
    ],
    "translation": [
      1.22069228,
      1.5700593,
      -1.24172676
    ]
  },
  {
    "timeStamp": 341,
    "rotation": [
      [
        0.521275342,
        0.08711658,
        0.848930359
      ],
      [
        0.009045444,
        0.994156,
        -0.107573763
      ],
      [
        -0.8533406,
        0.0637545,
        0.517441
      ]
    ],
    "translation": [
      1.22047377,
      1.56993222,
      -1.240619
    ]
  },
  {
    "timeStamp": 391,
    "rotation": [
      [
        0.5811502,
        0.119995885,
        0.804900944
      ],
      [
        0.0228414834,
        0.9862744,
        -0.163527191
      ],
      [
        -0.8134758,
        0.113418989,
        0.5704326
      ]
    ],
    "translation": [
      1.21601927,
      1.56543136,
      -1.22304368
    ]
  },
  {
    "timeStamp": 439,
    "rotation": [
      [
        0.61752367,
        0.125595763,
        0.7764601
      ],
      [
        0.024944583,
        0.9835453,
        -0.178931266
      ],
      [
        -0.7861567,
        0.129862756,
        0.6042295
      ]
    ],
    "translation": [
      1.21335316,
      1.56382108,
      -1.21632624
    ]
  },
  {
    "timeStamp": 484,
    "rotation": [
      [
        0.6462817,
        0.128605679,
        0.7521838
      ],
      [
        0.0274339933,
        0.9811435,
        -0.191323861
      ],
      [
        -0.762605548,
        0.144284517,
        0.630566955
      ]
    ],
    "translation": [
      1.21045947,
      1.562057,
      -1.2115438
    ]
  },
  {
    "timeStamp": 539,
    "rotation": [
      [
        0.6817035,
        0.136540934,
        0.718774557
      ],
      [
        0.031075133,
        0.976140738,
        -0.214903548
      ],
      [
        -0.7309683,
        0.168836519,
        0.6611956
      ]
    ],
    "translation": [
      1.20636988,
      1.55897832,
      -1.2065537
    ]
  },
  {
    "timeStamp": 584,
    "rotation": [
      [
        0.709065735,
        0.145168334,
        0.690037668
      ],
      [
        0.03369853,
        0.9704849,
        -0.238795891
      ],
      [
        -0.7043367,
        0.192575231,
        0.683245659
      ]
    ],
    "translation": [
      1.20276749,
      1.55615044,
      -1.2031666
    ]
  },
  {
    "timeStamp": 639,
    "rotation": [
      [
        0.741956055,
        0.152432308,
        0.652890265
      ],
      [
        0.0365103148,
        0.9631798,
        -0.266367525
      ],
      [
        -0.66945374,
        0.221470222,
        0.7090717
      ]
    ],
    "translation": [
      1.19816411,
      1.55303764,
      -1.19965124
    ]
  },
  {
    "timeStamp": 684,
    "rotation": [
      [
        0.7641006,
        0.154215261,
        0.6263927
      ],
      [
        0.03853285,
        0.9583608,
        -0.2829484
      ],
      [
        -0.6439452,
        0.240337744,
        0.7263417
      ]
    ],
    "translation": [
      1.19486618,
      1.55103648,
      -1.19734669
    ]
  },
  {
    "timeStamp": 739,
    "rotation": [
      [
        0.7881692,
        0.155318037,
        0.595538139
      ],
      [
        0.0414250679,
        0.952051,
        -0.3031219
      ],
      [
        -0.614062965,
        0.263581544,
        0.7439432
      ]
    ],
    "translation": [
      1.19090319,
      1.5489428,
      -1.19558775
    ]
  },
  {
    "timeStamp": 784,
    "rotation": [
      [
        0.8056629,
        0.1554175,
        0.5716228
      ],
      [
        0.0420662127,
        0.9475224,
        -0.3169096
      ],
      [
        -0.5908787,
        0.2793683,
        0.756845832
      ]
    ],
    "translation": [
      1.18809128,
      1.54768991,
      -1.19432545
    ]
  },
  {
    "timeStamp": 839,
    "rotation": [
      [
        0.8254388,
        0.156079412,
        0.5424851
      ],
      [
        0.04231522,
        0.9412028,
        -0.335181564
      ],
      [
        -0.562903464,
        0.299627244,
        0.7703008
      ]
    ],
    "translation": [
      1.18495584,
      1.54576635,
      -1.193491
    ]
  },
  {
    "timeStamp": 885,
    "rotation": [
      [
        0.8406261,
        0.158010781,
        0.518054366
      ],
      [
        0.0416776277,
        0.93479,
        -0.352747142
      ],
      [
        -0.5400099,
        0.318119735,
        0.7792234
      ]
    ],
    "translation": [
      1.18252075,
      1.543452,
      -1.1929884
    ]
  },
  {
    "timeStamp": 942,
    "rotation": [
      [
        0.8587656,
        0.15756543,
        0.4875395
      ],
      [
        0.0443444774,
        0.92511344,
        -0.377092332
      ],
      [
        -0.5104461,
        0.3454536,
        0.787468433
      ]
    ],
    "translation": [
      1.179718,
      1.54014683,
      -1.19301462
    ]
  },
  {
    "timeStamp": 987,
    "rotation": [
      [
        0.87332505,
        0.152644,
        0.462604851
      ],
      [
        0.047615543,
        0.918342233,
        -0.392912567
      ],
      [
        -0.484805346,
        0.365167558,
        0.794743
      ]
    ],
    "translation": [
      1.17760086,
      1.53789139,
      -1.193227
    ]
  },
  {
    "timeStamp": 1044,
    "rotation": [
      [
        0.887060046,
        0.149414286,
        0.4368064
      ],
      [
        0.0471753776,
        0.911886036,
        -0.407723367
      ],
      [
        -0.459237367,
        0.3822816,
        0.801848948
      ]
    ],
    "translation": [
      1.1757015,
      1.53624,
      -1.19387877
    ]
  },
  {
    "timeStamp": 1089,
    "rotation": [
      [
        0.902329147,
        0.14388296,
        0.4063247
      ],
      [
        0.0450069048,
        0.906043351,
        -0.420784771
      ],
      [
        -0.428691566,
        0.397973776,
        0.8110736
      ]
    ],
    "translation": [
      1.17377317,
      1.53464866,
      -1.19494963
    ]
  },
  {
    "timeStamp": 1144,
    "rotation": [
      [
        0.912373,
        0.13856104,
        0.3851965
      ],
      [
        0.04458007,
        0.901745,
        -0.42996338
      ],
      [
        -0.4069252,
        0.409459084,
        0.8165508
      ]
    ],
    "translation": [
      1.17258918,
      1.53346348,
      -1.19659042
    ]
  },
  {
    "timeStamp": 1188,
    "rotation": [
      [
        0.9227636,
        0.134590283,
        0.361099422
      ],
      [
        0.0421928726,
        0.8961099,
        -0.441822141
      ],
      [
        -0.383049756,
        0.4229332,
        0.8212188
      ]
    ],
    "translation": [
      1.17161727,
      1.53203022,
      -1.199238
    ]
  },
  {
    "timeStamp": 1245,
    "rotation": [
      [
        0.9286876,
        0.132643014,
        0.3463311
      ],
      [
        0.0401485376,
        0.892405331,
        -0.449445039
      ],
      [
        -0.368683457,
        0.4312987,
        0.8234403
      ]
    ],
    "translation": [
      1.17090964,
      1.53104937,
      -1.20183754
    ]
  },
  {
    "timeStamp": 1291,
    "rotation": [
      [
        0.934634447,
        0.129844517,
        0.33105728
      ],
      [
        0.0393405259,
        0.887488,
        -0.459148526
      ],
      [
        -0.353427261,
        0.442159981,
        0.8243687
      ]
    ],
    "translation": [
      1.170566,
      1.52985525,
      -1.20538247
    ]
  },
  {
    "timeStamp": 1344,
    "rotation": [
      [
        0.938445,
        0.128594637,
        0.320600241
      ],
      [
        0.03779584,
        0.8843239,
        -0.4653416
      ],
      [
        -0.343354881,
        0.448814839,
        0.8250289
      ]
    ],
    "translation": [
      1.17038774,
      1.52902269,
      -1.20829821
    ]
  },
  {
    "timeStamp": 1389,
    "rotation": [
      [
        0.9407729,
        0.132409692,
        0.312112242
      ],
      [
        0.03221038,
        0.881513,
        -0.47105974
      ],
      [
        -0.33750388,
        0.453213483,
        0.8250386
      ]
    ],
    "translation": [
      1.17058706,
      1.52825141,
      -1.21198058
    ]
  },
  {
    "timeStamp": 1445,
    "rotation": [
      [
        0.9401033,
        0.137206882,
        0.3120579
      ],
      [
        0.0283816569,
        0.8807397,
        -0.472749561
      ],
      [
        -0.339706272,
        0.453290135,
        0.8240921
      ]
    ],
    "translation": [
      1.17145443,
      1.52796328,
      -1.21493614
    ]
  },
  {
    "timeStamp": 1488,
    "rotation": [
      [
        0.93752563,
        0.142690778,
        0.3173089
      ],
      [
        0.02678245,
        0.8797216,
        -0.474734217
      ],
      [
        -0.346883684,
        0.453573823,
        0.82094
      ]
    ],
    "translation": [
      1.17294335,
      1.52777719,
      -1.21864331
    ]
  },
  {
    "timeStamp": 1544,
    "rotation": [
      [
        0.9337855,
        0.146659166,
        0.3263981
      ],
      [
        0.0273458641,
        0.8802366,
        -0.473746419
      ],
      [
        -0.356786817,
        0.451303184,
        0.817941666
      ]
    ],
    "translation": [
      1.1744256,
      1.52806258,
      -1.22164214
    ]
  },
  {
    "timeStamp": 1588,
    "rotation": [
      [
        0.927535534,
        0.151489288,
        0.34165597
      ],
      [
        0.0292145386,
        0.88198036,
        -0.4703799
      ],
      [
        -0.372591347,
        0.446275383,
        0.813642442
      ]
    ],
    "translation": [
      1.17658091,
      1.52860093,
      -1.225379
    ]
  },
  {
    "timeStamp": 1644,
    "rotation": [
      [
        0.9208349,
        0.1555744,
        0.35757488
      ],
      [
        0.0309228357,
        0.8849497,
        -0.464658856
      ],
      [
        -0.3887248,
        0.438931316,
        0.8100817
      ]
    ],
    "translation": [
      1.17850757,
      1.52945471,
      -1.22839427
    ]
  },
  {
    "timeStamp": 1688,
    "rotation": [
      [
        0.912421048,
        0.160572,
        0.3764365
      ],
      [
        0.0327911042,
        0.888173,
        -0.458337665
      ],
      [
        -0.407936931,
        0.4305407,
        0.805122435
      ]
    ],
    "translation": [
      1.181066,
      1.53060019,
      -1.23209643
    ]
  },
  {
    "timeStamp": 1744,
    "rotation": [
      [
        0.905688047,
        0.165248632,
        0.390412748
      ],
      [
        0.03289805,
        0.8907329,
        -0.453335
      ],
      [
        -0.42266646,
        0.4234239,
        0.801289737
      ]
    ],
    "translation": [
      1.18299866,
      1.53126287,
      -1.23485088
    ]
  },
  {
    "timeStamp": 1789,
    "rotation": [
      [
        0.8978088,
        0.173743889,
        0.404663235
      ],
      [
        0.0309239663,
        0.8917434,
        -0.451483518
      ],
      [
        -0.439298272,
        0.417859674,
        0.79524225
      ]
    ],
    "translation": [
      1.18530333,
      1.53159785,
      -1.238255
    ]
  },
  {
    "timeStamp": 1844,
    "rotation": [
      [
        0.8927179,
        0.180629537,
        0.412828922
      ],
      [
        0.0277482979,
        0.8923693,
        -0.4504521
      ],
      [
        -0.449760824,
        0.413581938,
        0.7916218
      ]
    ],
    "translation": [
      1.18698609,
      1.53172088,
      -1.24033809
    ]
  },
  {
    "timeStamp": 1888,
    "rotation": [
      [
        0.8881813,
        0.1884465,
        0.4190726
      ],
      [
        0.0235196557,
        0.892191768,
        -0.451043934
      ],
      [
        -0.458890766,
        0.41046524,
        0.787995934
      ]
    ],
    "translation": [
      1.1886214,
      1.531635,
      -1.24252784
    ]
  },
  {
    "timeStamp": 1944,
    "rotation": [
      [
        0.88631475,
        0.19342193,
        0.4207543
      ],
      [
        0.0200493932,
        0.8917131,
        -0.452156842
      ],
      [
        -0.462649167,
        0.409189135,
        0.786460459
      ]
    ],
    "translation": [
      1.18949926,
      1.53150892,
      -1.24375129
    ]
  },
  {
    "timeStamp": 1989,
    "rotation": [
      [
        0.8847692,
        0.196789116,
        0.422442317
      ],
      [
        0.01707462,
        0.8921741,
        -0.451368779
      ],
      [
        -0.465716571,
        0.406570226,
        0.7860081
      ]
    ],
    "translation": [
      1.19025207,
      1.53161359,
      -1.24478769
    ]
  },
  {
    "timeStamp": 2044,
    "rotation": [
      [
        0.8844731,
        0.197745249,
        0.4226159
      ],
      [
        0.015233092,
        0.89303124,
        -0.449736834
      ],
      [
        -0.4663425,
        0.404217869,
        0.7868498
      ]
    ],
    "translation": [
      1.19025016,
      1.531909,
      -1.24528229
    ]
  },
  {
    "timeStamp": 2088,
    "rotation": [
      [
        0.884235561,
        0.197986692,
        0.4229997
      ],
      [
        0.0124766547,
        0.895364165,
        -0.445159882
      ],
      [
        -0.46687448,
        0.398903817,
        0.7892427
      ]
    ],
    "translation": [
      1.19022477,
      1.53244615,
      -1.24567151
    ]
  },
  {
    "timeStamp": 2144,
    "rotation": [
      [
        0.8834535,
        0.196870223,
        0.42514953
      ],
      [
        0.0106470361,
        0.8987626,
        -0.438306361
      ],
      [
        -0.468397945,
        0.391749859,
        0.7919189
      ]
    ],
    "translation": [
      1.190307,
      1.53327179,
      -1.245827
    ]
  },
  {
    "timeStamp": 2188,
    "rotation": [
      [
        0.8811303,
        0.196621388,
        0.430057526
      ],
      [
        0.00818456,
        0.902978063,
        -0.4296087
      ],
      [
        -0.4728028,
        0.382061064,
        0.794032037
      ]
    ],
    "translation": [
      1.19058585,
      1.53450179,
      -1.24553275
    ]
  },
  {
    "timeStamp": 2244,
    "rotation": [
      [
        0.8784538,
        0.197762877,
        0.4349814
      ],
      [
        0.0074375337,
        0.9045623,
        -0.426276535
      ],
      [
        -0.4777695,
        0.377699435,
        0.7931453
      ]
    ],
    "translation": [
      1.19096792,
      1.53521824,
      -1.24553871
    ]
  },
  {
    "timeStamp": 2288,
    "rotation": [
      [
        0.8741297,
        0.2004812,
        0.442385
      ],
      [
        0.00729306648,
        0.905312836,
        -0.4246828
      ],
      [
        -0.485637754,
        0.3744542,
        0.789898753
      ]
    ],
    "translation": [
      1.191557,
      1.53561449,
      -1.24509931
    ]
  },
  {
    "timeStamp": 2344,
    "rotation": [
      [
        0.869927049,
        0.207030624,
        0.447621763
      ],
      [
        0.005435809,
        0.9035425,
        -0.428463846
      ],
      [
        -0.493150443,
        0.375165462,
        0.7848907
      ]
    ],
    "translation": [
      1.19198453,
      1.53524327,
      -1.244734
    ]
  },
  {
    "timeStamp": 2388,
    "rotation": [
      [
        0.865048945,
        0.212566137,
        0.454429239
      ],
      [
        0.004978522,
        0.9021197,
        -0.431457162
      ],
      [
        -0.5016628,
        0.375493944,
        0.7793194
      ]
    ],
    "translation": [
      1.192951,
      1.53467488,
      -1.24408174
    ]
  },
  {
    "timeStamp": 2444,
    "rotation": [
      [
        0.860539854,
        0.2167799,
        0.460952967
      ],
      [
        0.00454222364,
        0.9016223,
        -0.432500452
      ],
      [
        -0.5093629,
        0.374277622,
        0.7748973
      ]
    ],
    "translation": [
      1.19364285,
      1.53447974,
      -1.24332881
    ]
  },
  {
    "timeStamp": 2488,
    "rotation": [
      [
        0.85511297,
        0.219605982,
        0.469632953
      ],
      [
        0.005677625,
        0.9018337,
        -0.4320461
      ],
      [
        -0.5184107,
        0.3721146,
        0.7699228
      ]
    ],
    "translation": [
      1.1945312,
      1.53442276,
      -1.2421478
    ]
  },
  {
    "timeStamp": 2545,
    "rotation": [
      [
        0.850874364,
        0.2221194,
        0.476104766
      ],
      [
        0.005837268,
        0.902176,
        -0.431328565
      ],
      [
        -0.525336742,
        0.369785577,
        0.766341865
      ]
    ],
    "translation": [
      1.19536483,
      1.53464651,
      -1.240725
    ]
  },
  {
    "timeStamp": 2588,
    "rotation": [
      [
        0.8465999,
        0.224931151,
        0.4823636
      ],
      [
        0.0058148494,
        0.90234375,
        -0.4309779
      ],
      [
        -0.5321982,
        0.3676707,
        0.762616158
      ]
    ],
    "translation": [
      1.19618964,
      1.53476238,
      -1.23856592
    ]
  },
  {
    "timeStamp": 2644,
    "rotation": [
      [
        0.8439671,
        0.225611851,
        0.486640364
      ],
      [
        0.00602722168,
        0.9031966,
        -0.4291848
      ],
      [
        -0.536361039,
        0.365150928,
        0.7609084
      ]
    ],
    "translation": [
      1.19665182,
      1.53499174,
      -1.23632884
    ]
  },
  {
    "timeStamp": 2688,
    "rotation": [
      [
        0.841646552,
        0.22770001,
        0.48967725
      ],
      [
        0.004604995,
        0.903702259,
        -0.4281367
      ],
      [
        -0.540009141,
        0.362594754,
        0.7595494
      ]
    ],
    "translation": [
      1.19727647,
      1.53507614,
      -1.233096
    ]
  },
  {
    "timeStamp": 2734,
    "rotation": [
      [
        0.840321839,
        0.229233816,
        0.491234273
      ],
      [
        0.00351962424,
        0.903863132,
        -0.4278073
      ],
      [
        -0.5420764,
        0.361224771,
        0.7587291
      ]
    ],
    "translation": [
      1.1976757,
      1.53502274,
      -1.23008788
    ]
  },
  {
    "timeStamp": 2788,
    "rotation": [
      [
        0.8389303,
        0.230554119,
        0.4929916
      ],
      [
        0.00330066681,
        0.9036648,
        -0.428227752
      ],
      [
        -0.5442288,
        0.360880435,
        0.7573508
      ]
    ],
    "translation": [
      1.19815445,
      1.53497767,
      -1.22588551
    ]
  },
  {
    "timeStamp": 2844,
    "rotation": [
      [
        0.837483346,
        0.231803775,
        0.4948623
      ],
      [
        0.00252172328,
        0.903924465,
        -0.427684665
      ],
      [
        -0.546457052,
        0.3594267,
        0.7564371
      ]
    ],
    "translation": [
      1.198554,
      1.53507137,
      -1.22199893
    ]
  },
  {
    "timeStamp": 2888,
    "rotation": [
      [
        0.834969163,
        0.233567089,
        0.498269826
      ],
      [
        0.00204916322,
        0.9041308,
        -0.4272508
      ],
      [
        -0.55029285,
        0.357762277,
        0.754442751
      ]
    ],
    "translation": [
      1.1993109,
      1.53522384,
      -1.216941
    ]
  },
  {
    "timeStamp": 2943,
    "rotation": [
      [
        0.8323984,
        0.2341003,
        0.5023046
      ],
      [
        0.00261583878,
        0.9047265,
        -0.425984859
      ],
      [
        -0.5541715,
        0.355903059,
        0.7524805
      ]
    ],
    "translation": [
      1.19998026,
      1.53519559,
      -1.21128368
    ]
  },
  {
    "timeStamp": 2988,
    "rotation": [
      [
        0.8294485,
        0.233607143,
        0.5073883
      ],
      [
        0.00291934586,
        0.9065233,
        -0.422145665
      ],
      [
        -0.5585756,
        0.351629317,
        0.7512324
      ]
    ],
    "translation": [
      1.20077336,
      1.53557348,
      -1.206178
    ]
  },
  {
    "timeStamp": 3043,
    "rotation": [
      [
        0.8251355,
        0.233534917,
        0.5144053
      ],
      [
        0.0029508844,
        0.9087628,
        -0.417302668
      ],
      [
        -0.564927161,
        0.345849216,
        0.7491633
      ]
    ],
    "translation": [
      1.20203531,
      1.536081,
      -1.19950747
    ]
  },
  {
    "timeStamp": 3088,
    "rotation": [
      [
        0.8213132,
        0.233502835,
        0.5205008
      ],
      [
        0.00352589786,
        0.910299659,
        -0.4139349
      ],
      [
        -0.570466638,
        0.341805428,
        0.7468178
      ]
    ],
    "translation": [
      1.2034024,
      1.53641939,
      -1.19403815
    ]
  },
  {
    "timeStamp": 3136,
    "rotation": [
      [
        0.817153752,
        0.234590381,
        0.52652365
      ],
      [
        0.00423388137,
        0.910970449,
        -0.412449926
      ],
      [
        -0.5764043,
        0.339264244,
        0.7434097
      ]
    ],
    "translation": [
      1.20469093,
      1.53657675,
      -1.18857265
    ]
  },
  {
    "timeStamp": 3184,
    "rotation": [
      [
        0.8125842,
        0.235899046,
        0.532971442
      ],
      [
        0.00455645425,
        0.911833644,
        -0.410534561
      ],
      [
        -0.582826,
        0.336022377,
        0.739866734
      ]
    ],
    "translation": [
      1.20625687,
      1.53658855,
      -1.18177319
    ]
  },
  {
    "timeStamp": 3240,
    "rotation": [
      [
        0.807693958,
        0.240380242,
        0.5383751
      ],
      [
        0.00326499366,
        0.9112788,
        -0.411777079
      ],
      [
        -0.5895929,
        0.334347665,
        0.7352495
      ]
    ],
    "translation": [
      1.20770288,
      1.53621387,
      -1.175025
    ]
  },
  {
    "timeStamp": 3285,
    "rotation": [
      [
        0.803039,
        0.244036987,
        0.543667436
      ],
      [
        0.00344804651,
        0.9103883,
        -0.413740635
      ],
      [
        -0.5959165,
        0.334124446,
        0.7302358
      ]
    ],
    "translation": [
      1.20885932,
      1.535687,
      -1.169663
    ]
  },
  {
    "timeStamp": 3340,
    "rotation": [
      [
        0.797537267,
        0.247841761,
        0.550008059
      ],
      [
        0.005642429,
        0.908607244,
        -0.417613626
      ],
      [
        -0.603243351,
        0.3361658,
        0.7232496
      ]
    ],
    "translation": [
      1.20987558,
      1.53488207,
      -1.16356659
    ]
  },
  {
    "timeStamp": 3384,
    "rotation": [
      [
        0.7939399,
        0.25181976,
        0.5533953
      ],
      [
        0.005550258,
        0.907155335,
        -0.4207593
      ],
      [
        -0.607971,
        0.337129056,
        0.718829155
      ]
    ],
    "translation": [
      1.21057165,
      1.53456831,
      -1.15960324
    ]
  },
  {
    "timeStamp": 3439,
    "rotation": [
      [
        0.7874639,
        0.2558418,
        0.5607544
      ],
      [
        0.004358604,
        0.907448649,
        -0.420140356
      ],
      [
        -0.6163453,
        0.333289474,
        0.713468
      ]
    ],
    "translation": [
      1.21157444,
      1.53414774,
      -1.15588284
    ]
  },
  {
    "timeStamp": 3484,
    "rotation": [
      [
        0.7815057,
        0.258432657,
        0.567856848
      ],
      [
        0.00290571153,
        0.9086581,
        -0.417530835
      ],
      [
        -0.623891354,
        0.327952743,
        0.709370553
      ]
    ],
    "translation": [
      1.2124536,
      1.53397644,
      -1.1536926
    ]
  },
  {
    "timeStamp": 3540,
    "rotation": [
      [
        0.7723749,
        0.265607238,
        0.576966
      ],
      [
        -0.00128677068,
        0.9090216,
        -0.416747
      ],
      [
        -0.6351656,
        0.321142524,
        0.7024473
      ]
    ],
    "translation": [
      1.213414,
      1.53379214,
      -1.15244651
    ]
  },
  {
    "timeStamp": 3587,
    "rotation": [
      [
        0.7653231,
        0.267151237,
        0.5855858
      ],
      [
        -0.00174024375,
        0.910649955,
        -0.413175017
      ],
      [
        -0.6436439,
        0.315193325,
        0.697406352
      ]
    ],
    "translation": [
      1.21440232,
      1.53411746,
      -1.15240479
    ]
  },
  {
    "timeStamp": 3642,
    "rotation": [
      [
        0.7555093,
        0.271222681,
        0.5963589
      ],
      [
        -0.00592946447,
        0.9130735,
        -0.4077519
      ],
      [
        -0.6551111,
        0.304524243,
        0.691443741
      ]
    ],
    "translation": [
      1.216461,
      1.53502011,
      -1.15323687
    ]
  },
  {
    "timeStamp": 3687,
    "rotation": [
      [
        0.743997753,
        0.273071647,
        0.6098354
      ],
      [
        -0.007723895,
        0.9161322,
        -0.400801837
      ],
      [
        -0.6681375,
        0.293485343,
        0.683709443
      ]
    ],
    "translation": [
      1.21891975,
      1.535786,
      -1.15477538
    ]
  },
  {
    "timeStamp": 3743,
    "rotation": [
      [
        0.72718215,
        0.2800923,
        0.6267012
      ],
      [
        -0.0118489759,
        0.917952657,
        -0.396512926
      ],
      [
        -0.686342239,
        0.280911356,
        0.6708376
      ]
    ],
    "translation": [
      1.22315753,
      1.53597856,
      -1.15774751
    ]
  },
  {
    "timeStamp": 3787,
    "rotation": [
      [
        0.71319443,
        0.2877546,
        0.639179945
      ],
      [
        -0.01517679,
        0.917980731,
        -0.396334648
      ],
      [
        -0.7008019,
        0.272963,
        0.6590659
      ]
    ],
    "translation": [
      1.22704637,
      1.53604555,
      -1.16057777
    ]
  },
  {
    "timeStamp": 3843,
    "rotation": [
      [
        0.6967324,
        0.28922078,
        0.6564413
      ],
      [
        -0.0149758356,
        0.9207815,
        -0.389791131
      ],
      [
        -0.7171747,
        0.261749357,
        0.6458697
      ]
    ],
    "translation": [
      1.23333025,
      1.536937,
      -1.16407132
    ]
  },
  {
    "timeStamp": 3887,
    "rotation": [
      [
        0.685187638,
        0.287693322,
        0.6691416
      ],
      [
        -0.015526399,
        0.9242483,
        -0.381476134
      ],
      [
        -0.7282011,
        0.250993371,
        0.6377503
      ]
    ],
    "translation": [
      1.23942757,
      1.53813219,
      -1.16681433
    ]
  },
  {
    "timeStamp": 3943,
    "rotation": [
      [
        0.6700141,
        0.28965342,
        0.683507144
      ],
      [
        -0.0225395747,
        0.9282495,
        -0.371274561
      ],
      [
        -0.7420061,
        0.233353212,
        0.628468931
      ]
    ],
    "translation": [
      1.248614,
      1.53962731,
      -1.17017961
    ]
  },
  {
    "timeStamp": 3987,
    "rotation": [
      [
        0.6562339,
        0.291765839,
        0.6958662
      ],
      [
        -0.0279884748,
        0.9309951,
        -0.363957226
      ],
      [
        -0.754038334,
        0.219364837,
        0.6191166
      ]
    ],
    "translation": [
      1.25741816,
      1.54052758,
      -1.1729629
    ]
  },
  {
    "timeStamp": 4043,
    "rotation": [
      [
        0.6407116,
        0.2919928,
        0.7100907
      ],
      [
        -0.0306290779,
        0.9338446,
        -0.356365085
      ],
      [
        -0.7671704,
        0.206577837,
        0.6072686
      ]
    ],
    "translation": [
      1.27001488,
      1.54099011,
      -1.17622375
    ]
  },
  {
    "timeStamp": 4087,
    "rotation": [
      [
        0.6306547,
        0.292885572,
        0.718674242
      ],
      [
        -0.0324262641,
        0.935186744,
        -0.352667332
      ],
      [
        -0.7753858,
        0.199107379,
        0.5992771
      ]
    ],
    "translation": [
      1.2817111,
      1.540841,
      -1.17876768
    ]
  },
  {
    "timeStamp": 4143,
    "rotation": [
      [
        0.618163049,
        0.293838143,
        0.7290635
      ],
      [
        -0.0354762748,
        0.9369869,
        -0.347558677
      ],
      [
        -0.785248935,
        0.18898347,
        0.5896349
      ]
    ],
    "translation": [
      1.298189,
      1.54025984,
      -1.18206263
    ]
  },
  {
    "timeStamp": 4187,
    "rotation": [
      [
        0.6096783,
        0.292488664,
        0.7367108
      ],
      [
        -0.0376406945,
        0.9390636,
        -0.341676474
      ],
      [
        -0.7917547,
        0.180582434,
        0.5835362
      ]
    ],
    "translation": [
      1.3130554,
      1.53966546,
      -1.18448377
    ]
  },
  {
    "timeStamp": 4243,
    "rotation": [
      [
        0.6026847,
        0.289398283,
        0.743653
      ],
      [
        -0.0385949761,
        0.941400766,
        -0.335074544
      ],
      [
        -0.7970455,
        0.173243031,
        0.578537166
      ]
    ],
    "translation": [
      1.3297962,
      1.53929758,
      -1.18672884
    ]
  },
  {
    "timeStamp": 4287,
    "rotation": [
      [
        0.5943078,
        0.28273806,
        0.752899349
      ],
      [
        -0.03718755,
        0.944824934,
        -0.32545802
      ],
      [
        -0.80337745,
        0.165423751,
        0.57203114
      ]
    ],
    "translation": [
      1.352885,
      1.53858423,
      -1.18956065
    ]
  },
  {
    "timeStamp": 4343,
    "rotation": [
      [
        0.5878578,
        0.2768374,
        0.7601212
      ],
      [
        -0.0414801948,
        0.9487019,
        -0.3134391
      ],
      [
        -0.807900131,
        0.152727634,
        0.5691851
      ]
    ],
    "translation": [
      1.378815,
      1.5369525,
      -1.19244373
    ]
  },
  {
    "timeStamp": 4387,
    "rotation": [
      [
        0.5836394,
        0.2756393,
        0.7637984
      ],
      [
        -0.04724993,
        0.9505578,
        -0.306932
      ],
      [
        -0.810637057,
        0.143048182,
        0.567806959
      ]
    ],
    "translation": [
      1.40113521,
      1.5350641,
      -1.19455576
    ]
  },
  {
    "timeStamp": 4442,
    "rotation": [
      [
        0.582116365,
        0.273687065,
        0.765660465
      ],
      [
        -0.0436530635,
        0.95081085,
        -0.306680918
      ],
      [
        -0.811932862,
        0.145100549,
        0.5654298
      ]
    ],
    "translation": [
      1.43242776,
      1.53727937,
      -1.19663417
    ]
  },
  {
    "timeStamp": 4487,
    "rotation": [
      [
        0.574502468,
        0.267820418,
        0.773446262
      ],
      [
        -0.04791172,
        0.9543358,
        -0.294868857
      ],
      [
        -0.8170994,
        0.132345751,
        0.5611
      ]
    ],
    "translation": [
      1.45821369,
      1.53971541,
      -1.19714892
    ]
  },
  {
    "timeStamp": 4543,
    "rotation": [
      [
        0.565365553,
        0.254116535,
        0.7847207
      ],
      [
        -0.05348623,
        0.960652769,
        -0.272553623
      ],
      [
        -0.8231045,
        0.112120681,
        0.556711733
      ]
    ],
    "translation": [
      1.49002326,
      1.54271269,
      -1.19591618
    ]
  },
  {
    "timeStamp": 4587,
    "rotation": [
      [
        0.559957743,
        0.245649248,
        0.791267157
      ],
      [
        -0.049128,
        0.963199556,
        -0.264259249
      ],
      [
        -0.827063262,
        0.109100647,
        0.5514194
      ]
    ],
    "translation": [
      1.51397824,
      1.543739,
      -1.194191
    ]
  },
  {
    "timeStamp": 4642,
    "rotation": [
      [
        0.5565252,
        0.231327742,
        0.7979769
      ],
      [
        -0.0412811,
        0.96696943,
        -0.2515272
      ],
      [
        -0.8298045,
        0.107039854,
        0.5476923
      ]
    ],
    "translation": [
      1.5427711,
      1.54481268,
      -1.19066739
    ]
  },
  {
    "timeStamp": 4686,
    "rotation": [
      [
        0.558557332,
        0.215042949,
        0.8011057
      ],
      [
        -0.0348856337,
        0.9710448,
        -0.236336738
      ],
      [
        -0.828732,
        0.104060546,
        0.5498861
      ]
    ],
    "translation": [
      1.564203,
      1.54524422,
      -1.186789
    ]
  },
  {
    "timeStamp": 4736,
    "rotation": [
      [
        0.559297562,
        0.199296474,
        0.804653466
      ],
      [
        -0.0309293382,
        0.97501117,
        -0.219992325
      ],
      [
        -0.828389764,
        0.09815377,
        0.5514855
      ]
    ],
    "translation": [
      1.58482087,
      1.54441786,
      -1.1824075
    ]
  },
  {
    "timeStamp": 4793,
    "rotation": [
      [
        0.5651859,
        0.1813063,
        0.8047937
      ],
      [
        -0.0233423412,
        0.9786746,
        -0.204085976
      ],
      [
        -0.8246333,
        0.09656075,
        0.557365239
      ]
    ],
    "translation": [
      1.61299109,
      1.54152107,
      -1.17579007
    ]
  },
  {
    "timeStamp": 4837,
    "rotation": [
      [
        0.5704062,
        0.168759108,
        0.803839
      ],
      [
        -0.0189525373,
        0.9811088,
        -0.192526579
      ],
      [
        -0.8211441,
        0.09458356,
        0.5628289
      ]
    ],
    "translation": [
      1.63057554,
      1.53954482,
      -1.17141569
    ]
  },
  {
    "timeStamp": 4893,
    "rotation": [
      [
        0.5769792,
        0.15532507,
        0.8018536
      ],
      [
        -0.0130015509,
        0.983373,
        -0.1811314
      ],
      [
        -0.816655338,
        0.09408371,
        0.569405258
      ]
    ],
    "translation": [
      1.65004849,
      1.53578,
      -1.16605878
    ]
  },
  {
    "timeStamp": 4937,
    "rotation": [
      [
        0.5820114,
        0.148979053,
        0.7994172
      ],
      [
        -0.0121480776,
        0.984557867,
        -0.174637437
      ],
      [
        -0.813089848,
        0.09192959,
        0.5748337
      ]
    ],
    "translation": [
      1.66498,
      1.53219581,
      -1.1618495
    ]
  },
  {
    "timeStamp": 4993,
    "rotation": [
      [
        0.589263141,
        0.1449453,
        0.794833243
      ],
      [
        -0.0114034312,
        0.9851702,
        -0.1712009
      ],
      [
        -0.8078607,
        0.0918185562,
        0.582177341
      ]
    ],
    "translation": [
      1.681518,
      1.52692151,
      -1.1561532
    ]
  },
  {
    "timeStamp": 5037,
    "rotation": [
      [
        0.598161936,
        0.136902124,
        0.7895949
      ],
      [
        -0.005504415,
        0.985978544,
        -0.166781753
      ],
      [
        -0.8013564,
        0.09541624,
        0.590528369
      ]
    ],
    "translation": [
      1.694287,
      1.52254224,
      -1.15147114
    ]
  },
  {
    "timeStamp": 5093,
    "rotation": [
      [
        0.6054996,
        0.127266586,
        0.7856039
      ],
      [
        -0.003308303,
        0.987525,
        -0.157427624
      ],
      [
        -0.7958388,
        0.0927233547,
        0.598367035
      ]
    ],
    "translation": [
      1.70873868,
      1.51549721,
      -1.1446979
    ]
  },
  {
    "timeStamp": 5137,
    "rotation": [
      [
        0.6101914,
        0.117443062,
        0.78350085
      ],
      [
        -0.000893070246,
        0.9890529,
        -0.147558823
      ],
      [
        -0.7922535,
        0.0893394053,
        0.6036165
      ]
    ],
    "translation": [
      1.72063041,
      1.50880885,
      -1.13884091
    ]
  },
  {
    "timeStamp": 5194,
    "rotation": [
      [
        0.616424143,
        0.107904091,
        0.7799859
      ],
      [
        0.006595756,
        0.989823759,
        -0.142145917
      ],
      [
        -0.7873867,
        0.09276677,
        0.6094395
      ]
    ],
    "translation": [
      1.73258936,
      1.50123,
      -1.132566
    ]
  },
  {
    "timeStamp": 5241,
    "rotation": [
      [
        0.621550441,
        0.10604655,
        0.7761631
      ],
      [
        0.01288852,
        0.989276469,
        -0.145485178
      ],
      [
        -0.7832681,
        0.100429974,
        0.6135185
      ]
    ],
    "translation": [
      1.74765289,
      1.49125886,
      -1.124733
    ]
  },
  {
    "timeStamp": 5285,
    "rotation": [
      [
        0.6284725,
        0.1089884,
        0.77015835
      ],
      [
        0.0207380913,
        0.987435,
        -0.156659052
      ],
      [
        -0.777555346,
        0.114427522,
        0.6183155
      ]
    ],
    "translation": [
      1.7592417,
      1.48445439,
      -1.11932755
    ]
  },
  {
    "timeStamp": 5341,
    "rotation": [
      [
        0.631768942,
        0.12795198,
        0.7645236
      ],
      [
        0.0309342258,
        0.9813352,
        -0.189800635
      ],
      [
        -0.7745393,
        0.143560082,
        0.616019
      ]
    ],
