[
  {
    "timeStamp": 16595,
    "rotation": [
      [
        0.9999962,
        1.75096784E-06,
        -0.002761772
      ],
      [
        0.0027617726,
        -0.00069222576,
        0.999995947
      ],
      [
        -1.60726756E-07,
        -0.999999762,
        -0.000692228
      ]
    ],
    "translation": [
      1.76999569,
      0.7016005,
      -0.7500001
    ]
  },
  {
    "timeStamp": 16650,
    "rotation": [
      [
        0.999237239,
        -0.009685387,
        0.0378309749
      ],
      [
        -0.0377333239,
        0.0100740371,
        0.999237061
      ],
      [
        -0.01005911,
        -0.999902368,
        0.009700892
      ]
    ],
    "translation": [
      1.7681222,
      0.7076479,
      -0.7523805
    ]
  },
  {
    "timeStamp": 16695,
    "rotation": [
      [
        0.9970736,
        -0.0226959027,
        0.0730010346
      ],
      [
        -0.07342377,
        -0.0183859468,
        0.997131348
      ],
      [
        -0.0212886073,
        -0.9995733,
        -0.0199985616
      ]
    ],
    "translation": [
      1.76880634,
      0.7245797,
      -0.748163044
    ]
  },
  {
    "timeStamp": 16750,
    "rotation": [
      [
        0.9872793,
        -0.06795351,
        0.143742353
      ],
      [
        -0.148459658,
        -0.07037258,
        0.9864114
      ],
      [
        -0.0569146,
        -0.9952035,
        -0.079565756
      ]
    ],
    "translation": [
      1.77278507,
      0.7614603,
      -0.7399327
    ]
  },
  {
    "timeStamp": 16794,
    "rotation": [
      [
        0.9794168,
        -0.104861274,
        0.172472611
      ],
      [
        -0.186181992,
        -0.139267758,
        0.972594857
      ],
      [
        -0.07796766,
        -0.98468703,
        -0.155924469
      ]
    ],
    "translation": [
      1.78697717,
      0.7990142,
      -0.729938447
    ]
  },
  {
    "timeStamp": 16850,
    "rotation": [
      [
        0.9691093,
        -0.184520125,
        0.1636443
      ],
      [
        -0.206361055,
        -0.243297517,
        0.947745442
      ],
      [
        -0.135063842,
        -0.952238739,
        -0.27385968
      ]
    ],
    "translation": [
      1.8228848,
      0.8513391,
      -0.7149201
    ]
  },
  {
    "timeStamp": 16894,
    "rotation": [
      [
        0.9660941,
        -0.236201823,
        0.1042639
      ],
      [
        -0.182204977,
        -0.337595463,
        0.9234883
      ],
      [
        -0.1829306,
        -0.911174,
        -0.369186133
      ]
    ],
    "translation": [
      1.86461234,
      0.8937496,
      -0.7048886
    ]
  },
  {
    "timeStamp": 16950,
    "rotation": [
      [
        0.9590056,
        -0.282403827,
        -0.0235869084
      ],
      [
        -0.106109656,
        -0.4350152,
        0.894149065
      ],
      [
        -0.2627718,
        -0.854991138,
        -0.4471478
      ]
    ],
    "translation": [
      1.927755,
      0.937927246,
      -0.6995734
    ]
  },
  {
    "timeStamp": 16994,
    "rotation": [
      [
        0.9411923,
        -0.317057341,
        -0.116754346
      ],
      [
        -0.0550765,
        -0.484909415,
        0.8728284
      ],
      [
        -0.33335194,
        -0.81506896,
        -0.473855436
      ]
    ],
    "translation": [
      1.97842121,
      0.9659693,
      -0.7024256
    ]
  },
  {
    "timeStamp": 17050,
    "rotation": [
      [
        0.911415458,
        -0.354637027,
        -0.2086968
      ],
      [
        0.0104393447,
        -0.48708567,
        0.8732918
      ],
      [
        -0.41135484,
        -0.7981103,
        -0.440235227
      ]
    ],
    "translation": [
      2.0315764,
      0.9818392,
      -0.711121142
    ]
  },
  {
    "timeStamp": 17094,
    "rotation": [
      [
        0.894319654,
        -0.3854895,
        -0.2271349
      ],
      [
        0.04785626,
        -0.4223197,
        0.9051828
      ],
      [
        -0.444861978,
        -0.820392549,
        -0.359240741
      ]
    ],
    "translation": [
      2.06334,
      0.9746795,
      -0.722479
    ]
  },
  {
    "timeStamp": 17150,
    "rotation": [
      [
        0.881852567,
        -0.434081465,
        -0.184144825
      ],
      [
        0.0315243,
        -0.335381031,
        0.941554964
      ],
      [
        -0.47047025,
        -0.8361177,
        -0.2820725
      ]
    ],
    "translation": [
      2.08532286,
      0.9571506,
      -0.7349023
    ]
  },
  {
    "timeStamp": 17191,
    "rotation": [
      [
        0.873850465,
        -0.453595459,
        -0.175032869
      ],
      [
        0.0401387,
        -0.2914715,
        0.955737
      ],
      [
        -0.4845351,
        -0.8421968,
        -0.2364958
      ]
    ],
    "translation": [
      2.09531641,
      0.9444858,
      -0.7386945
    ]
  },
  {
    "timeStamp": 17245,
    "rotation": [
      [
        0.8875296,
        -0.437323183,
        -0.1450504
      ],
      [
        0.0623305924,
        -0.197958663,
        0.9782266
      ],
      [
        -0.456515133,
        -0.877246141,
        -0.148435563
      ]
    ],
    "translation": [
      2.10834622,
      0.9155445,
      -0.7470721
    ]
  },
  {
    "timeStamp": 17301,
    "rotation": [
      [
        0.9288118,
        -0.366355926,
        -0.055605907
      ],
      [
        -8.48533746E-05,
        -0.150272682,
        0.9886446
      ],
      [
        -0.370551854,
        -0.918260038,
        -0.139606133
      ]
    ],
    "translation": [
      2.10003543,
      0.8993353,
      -0.739744365
    ]
  },
  {
    "timeStamp": 17345,
    "rotation": [
      [
        0.9755868,
        -0.1814584,
        -0.123706885
      ],
      [
        0.101638153,
        -0.126276672,
        0.9867745
      ],
      [
        -0.1946798,
        -0.975257456,
        -0.104750745
      ]
    ],
    "translation": [
      2.10827661,
      0.8921144,
      -0.7388283
    ]
  },
  {
    "timeStamp": 17400,
    "rotation": [
      [
        0.9985448,
        -0.0539268553,
        -0.000300784333
      ],
      [
        -0.00671130931,
        -0.1298013,
        0.9915173
      ],
      [
        -0.05350845,
        -0.9900725,
        -0.12997435
      ]
    ],
    "translation": [
      2.10503769,
      0.8978593,
      -0.7263296
    ]
  },
  {
    "timeStamp": 17445,
    "rotation": [
      [
        0.9889839,
        0.126519009,
        -0.07683625
      ],
      [
        0.08975224,
        -0.0997658744,
        0.990954757
      ],
      [
        0.117708988,
        -0.986934543,
        -0.11002221
      ]
    ],
    "translation": [
      2.124138,
      0.89488,
      -0.72530055
    ]
  },
  {
    "timeStamp": 17496,
    "rotation": [
      [
        0.9724201,
        0.231113926,
        -0.0313935
      ],
      [
        0.0451047122,
        -0.0542828031,
        0.9975064
      ],
      [
        0.2288335,
        -0.9714113,
        -0.06321002
      ]
    ],
    "translation": [
      2.133312,
      0.893072844,
      -0.72594887
    ]
  },
  {
    "timeStamp": 17545,
    "rotation": [
      [
        0.930557847,
        0.364301324,
        0.036697194
      ],
      [
        -0.0321474634,
        -0.0185473859,
        0.99931103
      ],
      [
        0.364730984,
        -0.931096435,
        -0.005548051
      ]
    ],
    "translation": [
      2.13596869,
      0.886891544,
      -0.728495061
    ]
  },
  {
    "timeStamp": 17600,
    "rotation": [
      [
        0.8884854,
        0.458206445,
        0.0253088735
      ],
      [
        -0.0463529751,
        0.03473885,
        0.9983209
      ],
      [
        0.45655784,
        -0.888166666,
        0.0521041937
      ]
    ],
    "translation": [
      2.14469647,
      0.8696499,
      -0.7311276
    ]
  },
  {
    "timeStamp": 17644,
    "rotation": [
      [
        0.857728064,
        0.5138164,
        -0.017185621
      ],
      [
        -0.0278901886,
        0.079884924,
        0.9964138
      ],
      [
        0.5133467,
        -0.854172766,
        0.08284997
      ]
    ],
    "translation": [
      2.15224814,
      0.8562717,
      -0.734819
    ]
  },
  {
    "timeStamp": 17700,
    "rotation": [
      [
        0.79980433,
        0.600226641,
        0.00640669558
      ],
      [
        -0.08298191,
        0.09999041,
        0.991522
      ],
      [
        0.5944973,
        -0.79355526,
        0.12978071
      ]
    ],
    "translation": [
      2.14186478,
      0.839245558,
      -0.740756869
    ]
  },
  {
    "timeStamp": 17744,
    "rotation": [
      [
        0.7639932,
        0.6450428,
        0.0153048038
      ],
      [
        -0.116556637,
        0.11464294,
        0.986545265
      ],
      [
        0.6346093,
        -0.755497754,
        0.162770435
      ]
    ],
    "translation": [
      2.13400865,
      0.8303663,
      -0.747508466
    ]
  },
  {
    "timeStamp": 17800,
    "rotation": [
      [
        0.71558857,
        0.6984674,
        0.008735525
      ],
      [
        -0.146381944,
        0.137718633,
        0.979594767
      ],
      [
        0.683011949,
        -0.702265561,
        0.2007929
      ]
    ],
    "translation": [
      2.13014746,
      0.8205551,
      -0.757746041
    ]
  },
  {
    "timeStamp": 17845,
    "rotation": [
      [
        0.6903476,
        0.7230877,
        0.0237554032
      ],
      [
        -0.17252335,
        0.132646456,
        0.9760331
      ],
      [
        0.7026065,
        -0.6779005,
        0.216321677
      ]
    ],
    "translation": [
      2.1263864,
      0.8152269,
      -0.7642565
    ]
  },
  {
    "timeStamp": 17900,
    "rotation": [
      [
        0.6565715,
        0.7539504,
        0.021740023
      ],
      [
        -0.193059415,
        0.140121847,
        0.971130252
      ],
      [
        0.7291378,
        -0.6418136,
        0.237557247
      ]
    ],
    "translation": [
      2.124167,
      0.8091976,
      -0.77484
    ]
  },
  {
    "timeStamp": 17944,
    "rotation": [
      [
        0.648704946,
        0.759434,
        0.0494149029
      ],
      [
        -0.21021007,
        0.116398737,
        0.97070235
      ],
      [
        0.7314325,
        -0.640086949,
        0.235149115
      ]
    ],
    "translation": [
      2.12040663,
      0.8081027,
      -0.7756567
    ]
  },
  {
    "timeStamp": 18000,
    "rotation": [
      [
        0.6347621,
        0.769647956,
        0.06869525
      ],
      [
        -0.222614914,
        0.09701645,
        0.9700672
      ],
      [
        0.73994565,
        -0.6310545,
        0.232917473
      ]
    ],
    "translation": [
      2.11510038,
      0.804864049,
      -0.7787953
    ]
  },
  {
    "timeStamp": 18048,
    "rotation": [
      [
        0.6213083,
        0.7798241,
        0.07648776
      ],
      [
        -0.223538339,
        0.08284403,
        0.9711681
      ],
      [
        0.7510037,
        -0.6204928,
        0.225792259
      ]
    ],
    "translation": [
      2.11238766,
      0.800841331,
      -0.781760335
    ]
  },
  {
    "timeStamp": 18095,
    "rotation": [
      [
        0.615535855,
        0.784137,
        0.0790236741
      ],
      [
        -0.20243451,
        0.0604046248,
        0.9774311
      ],
      [
        0.761666536,
        -0.617641032,
        0.1959176
      ]
    ],
    "translation": [
      2.10932136,
      0.7966088,
      -0.7813568
    ]
  },
  {
    "timeStamp": 18144,
    "rotation": [
      [
        0.5970458,
        0.7990623,
        0.0709630549
      ],
      [
        -0.203915253,
        0.06561558,
        0.97678715
      ],
      [
        0.775857568,
        -0.5976571,
        0.202116519
      ]
    ],
    "translation": [
      2.108665,
      0.791612744,
      -0.7872711
    ]
  },
  {
    "timeStamp": 18200,
    "rotation": [
      [
        0.588683367,
        0.8058064,
        0.0642484948
      ],
      [
        -0.202233553,
        0.0698565543,
        0.9768427
      ],
      [
        0.7826579,
        -0.5880443,
        0.204084486
      ]
    ],
    "translation": [
      2.10930634,
      0.7867043,
      -0.790219367
    ]
  },
  {
    "timeStamp": 18244,
    "rotation": [
      [
        0.581147552,
        0.8123267,
        0.04891545
      ],
      [
        -0.183073655,
        0.07193283,
        0.980464041
      ],
      [
        0.79293853,
        -0.5787494,
        0.190519214
      ]
    ],
    "translation": [
      2.111044,
      0.782467246,
      -0.791749835
    ]
  },
  {
    "timeStamp": 18300,
    "rotation": [
      [
        0.575816333,
        0.816417158,
        0.043573074
      ],
      [
        -0.184863061,
        0.0780979842,
        0.9796562
      ],
      [
        0.796405137,
        -0.5721571,
        0.195895448
      ]
    ],
    "translation": [
      2.11193967,
      0.77918756,
      -0.7951078
    ]
  },
  {
    "timeStamp": 18344,
    "rotation": [
      [
        0.5764995,
        0.816188037,
        0.03853986
      ],
      [
        -0.1786565,
        0.07988449,
        0.9806632
      ],
      [
        0.797326863,
        -0.572237253,
        0.191870674
      ]
    ],
    "translation": [
      2.11290336,
      0.7759048,
      -0.795366347
    ]
  },
  {
    "timeStamp": 18400,
    "rotation": [
      [
        0.5750514,
        0.81738317,
        0.0346507244
      ],
      [
        -0.177548692,
        0.0833414942,
        0.9805767
      ],
      [
        0.798619032,
        -0.5700342,
        0.193050951
      ]
    ],
    "translation": [
      2.11324334,
      0.7718591,
      -0.797902
    ]
  },
  {
    "timeStamp": 18444,
    "rotation": [
      [
        0.575912,
        0.816812634,
        0.033802405
      ],
      [
        -0.177852377,
        0.0848268345,
        0.9803943
      ],
      [
        0.7979311,
        -0.570632637,
        0.194124848
      ]
    ],
    "translation": [
      2.112591,
      0.7692177,
      -0.7995549
    ]
  },
  {
    "timeStamp": 18500,
    "rotation": [
      [
        0.5723292,
        0.819507,
        0.0291125719
      ],
      [
        -0.184609368,
        0.0941746756,
        0.9782896
      ],
      [
        0.79897356,
        -0.5652782,
        0.205187589
      ]
    ],
    "translation": [
      2.111709,
      0.7651714,
      -0.80461514
    ]
  },
  {
    "timeStamp": 18546,
    "rotation": [
      [
        0.575726867,
        0.8172769,
        0.0244363882
      ],
      [
        -0.178793058,
        0.0966743,
        0.9791257
      ],
      [
        0.7978544,
        -0.568078,
        0.201781422
      ]
    ],
    "translation": [
      2.11149526,
      0.761683464,
      -0.806389
    ]
  },
  {
    "timeStamp": 18592,
    "rotation": [
      [
        0.580933034,
        0.8138347,
        0.0137822786
      ],
      [
        -0.172165617,
        0.106310904,
        0.979314566
      ],
      [
        0.795534968,
        -0.571289,
        0.201873869
      ]
    ],
    "translation": [
      2.112357,
      0.7575239,
      -0.808914661
    ]
  }
]