[
  {
    "timeStamp": 35697,
    "rotation": [
      [
        -0.995331943,
        0.01435612,
        0.09543669
      ],
      [
        0.0133522321,
        0.999848664,
        -0.0111492146
      ],
      [
        -0.09558231,
        -0.009822877,
        -0.9953731
      ]
    ],
    "translation": [
      1.31031358,
      0.734371245,
      -0.6236996
    ]
  },
  {
    "timeStamp": 35742,
    "rotation": [
      [
        -0.994540632,
        0.0429901034,
        0.09508235
      ],
      [
        0.04318926,
        0.9990669,
        3.66913155E-05
      ],
      [
        -0.09499205,
        0.00414302759,
        -0.9954694
      ]
    ],
    "translation": [
      1.3112843,
      0.7386589,
      -0.623207748
    ]
  },
  {
    "timeStamp": 35797,
    "rotation": [
      [
        -0.994050264,
        0.07997709,
        0.07394378
      ],
      [
        0.08197623,
        0.9963355,
        0.0244033579
      ],
      [
        -0.0717211,
        0.030319795,
        -0.9969638
      ]
    ],
    "translation": [
      1.30791926,
      0.748016238,
      -0.6234352
    ]
  },
  {
    "timeStamp": 35843,
    "rotation": [
      [
        -0.9906961,
        0.112146273,
        0.0771010742
      ],
      [
        0.113629222,
        0.9934083,
        0.015109743
      ],
      [
        -0.07489835,
        0.0237300973,
        -0.996908844
      ]
    ],
    "translation": [
      1.30811667,
      0.763450146,
      -0.626681447
    ]
  },
  {
    "timeStamp": 35897,
    "rotation": [
      [
        -0.982497752,
        0.17215836,
        0.07113114
      ],
      [
        0.172841132,
        0.9849435,
        0.00351124676
      ],
      [
        -0.06945566,
        0.0157441776,
        -0.9974608
      ]
    ],
    "translation": [
      1.31204927,
      0.7955941,
      -0.633662939
    ]
  },
  {
    "timeStamp": 35941,
    "rotation": [
      [
        -0.972444236,
        0.2288549,
        0.04447109
      ],
      [
        0.229316428,
        0.9733364,
        0.00550106773
      ],
      [
        -0.0420263857,
        0.0155474329,
        -0.9989955
      ]
    ],
    "translation": [
      1.32046461,
      0.8288315,
      -0.6396903
    ]
  },
  {
    "timeStamp": 35997,
    "rotation": [
      [
        -0.961454332,
        0.274776667,
        0.01016163
      ],
      [
        0.2744668,
        0.961281061,
        -0.0246312637
      ],
      [
        -0.0165362787,
        -0.0208928045,
        -0.999644935
      ]
    ],
    "translation": [
      1.342706,
      0.8687293,
      -0.6463171
    ]
  },
  {
    "timeStamp": 36041,
    "rotation": [
      [
        -0.951814234,
        0.3055677,
        -0.0260401815
      ],
      [
        0.3064485,
        0.9509402,
        -0.04245099
      ],
      [
        0.0117910039,
        -0.0483854339,
        -0.998759151
      ]
    ],
    "translation": [
      1.37011826,
      0.9015074,
      -0.6505538
    ]
  },
  {
    "timeStamp": 36096,
    "rotation": [
      [
        -0.9236414,
        0.3622471,
        -0.125154927
      ],
      [
        0.372175545,
        0.925723135,
        -0.0672461838
      ],
      [
        0.0914990753,
        -0.108690962,
        -0.989855647
      ]
    ],
    "translation": [
      1.41661263,
      0.950974047,
      -0.6439882
    ]
  },
  {
    "timeStamp": 36141,
    "rotation": [
      [
        -0.888934,
        0.391524255,
        -0.237707868
      ],
      [
        0.4216262,
        0.9022242,
        -0.09067945
      ],
      [
        0.178962588,
        -0.180831909,
        -0.9670947
      ]
    ],
    "translation": [
      1.46535408,
      0.9926831,
      -0.627391458
    ]
  },
  {
    "timeStamp": 36197,
    "rotation": [
      [
        -0.82994765,
        0.383717775,
        -0.4049044
      ],
      [
        0.473158568,
        0.868691862,
        -0.14661324
      ],
      [
        0.295479029,
        -0.3132653,
        -0.902528167
      ]
    ],
    "translation": [
      1.5448072,
      1.04194784,
      -0.601616859
    ]
  },
  {
    "timeStamp": 36241,
    "rotation": [
      [
        -0.780222237,
        0.3368383,
        -0.527060866
      ],
      [
        0.5018075,
        0.840106666,
        -0.205936879
      ],
      [
        0.37341994,
        -0.425159633,
        -0.824497938
      ]
    ],
    "translation": [
      1.62072527,
      1.0789957,
      -0.5796905
    ]
  },
  {
    "timeStamp": 36297,
    "rotation": [
      [
        -0.7429154,
        0.250187755,
        -0.6208727
      ],
      [
        0.4994958,
        0.824671566,
        -0.265369028
      ],
      [
        0.445624,
        -0.507270038,
        -0.737628937
      ]
    ],
    "translation": [
      1.7165761,
      1.11122108,
      -0.5667882
    ]
  },
  {
    "timeStamp": 36341,
    "rotation": [
      [
        -0.7350828,
        0.1544575,
        -0.6601486
      ],
      [
        0.4675408,
        0.8206234,
        -0.32860747
      ],
      [
        0.490977466,
        -0.5502001,
        -0.6754413
      ]
    ],
    "translation": [
      1.79436648,
      1.127438,
      -0.5597267
    ]
  },
  {
    "timeStamp": 36396,
    "rotation": [
      [
        -0.774197459,
        0.0124793919,
        -0.6328211
      ],
      [
        0.35622716,
        0.835016668,
        -0.419343919
      ],
      [
        0.523183,
        -0.550083041,
        -0.6509133
      ]
    ],
    "translation": [
      1.87951434,
      1.12483525,
      -0.5594297
    ]
  },
  {
    "timeStamp": 36441,
    "rotation": [
      [
        -0.7791191,
        -0.06045176,
        -0.6239544
      ],
      [
        0.282073855,
        0.8550754,
        -0.43506372
      ],
      [
        0.5598284,
        -0.5149676,
        -0.64915365
      ]
    ],
    "translation": [
      1.944769,
      1.11536682,
      -0.558157563
    ]
  },
  {
    "timeStamp": 36496,
    "rotation": [
      [
        -0.8017988,
        -0.181910947,
        -0.5692338
      ],
      [
        0.132925317,
        0.874389231,
        -0.466663
      ],
      [
        0.582622945,
        -0.44983542,
        -0.6769037
      ]
    ],
    "translation": [
      2.0137918,
      1.08555222,
      -0.558367133
    ]
  },
  {
    "timeStamp": 36541,
    "rotation": [
      [
        -0.8219968,
        -0.242143244,
        -0.5154492
      ],
      [
        0.0413149036,
        0.877362847,
        -0.4780455
      ],
      [
        0.567991555,
        -0.4142476,
        -0.7111853
      ]
    ],
    "translation": [
      2.06051445,
      1.06034756,
      -0.5604395
    ]
  },
  {
    "timeStamp": 36597,
    "rotation": [
      [
        -0.8438847,
        -0.2479563,
        -0.475790173
      ],
      [
        -0.0283586,
        0.906174839,
        -0.421951473
      ],
      [
        0.5357746,
        -0.342585653,
        -0.7717387
      ]
    ],
    "translation": [
      2.09687781,
      1.02728975,
      -0.5650255
    ]
  },
  {
    "timeStamp": 36646,
    "rotation": [
      [
        -0.865040243,
        -0.213410422,
        -0.454049945
      ],
      [
        -0.03803041,
        0.93030715,
        -0.3648044
      ],
      [
        0.500259,
        -0.29830277,
        -0.812869251
      ]
    ],
    "translation": [
      2.11190248,
      1.00425565,
      -0.568070233
    ]
  },
  {
    "timeStamp": 36692,
    "rotation": [
      [
        -0.8887221,
        -0.209067822,
        -0.407999456
      ],
      [
        -0.07081574,
        0.941884458,
        -0.3283882
      ],
      [
        0.452943772,
        -0.2629531,
        -0.8518788
      ]
    ],
    "translation": [
      2.12634659,
      0.971928835,
      -0.5701294
    ]
  },
  {
    "timeStamp": 36747,
    "rotation": [
      [
        -0.923674,
        -0.2043308,
        -0.324153125
      ],
      [
        -0.108943708,
        0.9510846,
        -0.289083749
      ],
      [
        0.367365748,
        -0.2317047,
        -0.900752664
      ]
    ],
    "translation": [
      2.12800384,
      0.9389599,
      -0.5797429
    ]
  },
  {
    "timeStamp": 36791,
    "rotation": [
      [
        -0.938229859,
        -0.168078035,
        -0.302447379
      ],
      [
        -0.09086977,
        0.963102043,
        -0.2533319
      ],
      [
        0.333867252,
        -0.210200235,
        -0.918884337
      ]
    ],
    "translation": [
      2.12515569,
      0.920775056,
      -0.5797027
    ]
  },
  {
    "timeStamp": 36847,
    "rotation": [
      [
        -0.956493556,
        -0.170877963,
        -0.236475736
      ],
      [
        -0.112811595,
        0.964104652,
        -0.240365788
      ],
      [
        0.269060582,
        -0.203231126,
        -0.941436946
      ]
    ],
    "translation": [
      2.12468362,
      0.8944377,
      -0.581614137
    ]
  },
  {
    "timeStamp": 36891,
    "rotation": [
      [
        -0.9660083,
        -0.164581627,
        -0.199350938
      ],
      [
        -0.113426417,
        0.96280396,
        -0.245240763
      ],
      [
        0.232297987,
        -0.214292958,
        -0.948744535
      ]
    ],
    "translation": [
      2.12371683,
      0.8786578,
      -0.578666866
    ]
  },
  {
    "timeStamp": 36947,
    "rotation": [
      [
        -0.975500941,
        -0.152290136,
        -0.158762872
      ],
      [
        -0.109611653,
        0.96216625,
        -0.24944219
      ],
      [
        0.190743864,
        -0.225928828,
        -0.95528686
      ]
    ],
    "translation": [
      2.12303185,
      0.86117655,
      -0.57540077
    ]
  },
  {
    "timeStamp": 36991,
    "rotation": [
      [
        -0.9802939,
        -0.154432684,
        -0.123184562
      ],
      [
        -0.12133003,
        0.9627899,
        -0.241484344
      ],
      [
        0.155893922,
        -0.221779644,
        -0.9625544
      ]
    ],
    "translation": [
      2.12424874,
      0.84593755,
      -0.5728459
    ]
  },
  {
    "timeStamp": 37047,
    "rotation": [
      [
        -0.984246254,
        -0.142850265,
        -0.104178645
      ],
      [
        -0.117476568,
        0.9687468,
        -0.218469545
      ],
      [
        0.132131159,
        -0.202789277,
        -0.970266938
      ]
    ],
    "translation": [
      2.12390327,
      0.830729842,
      -0.5685278
    ]
  },
  {
    "timeStamp": 37092,
    "rotation": [
      [
        -0.9875062,
        -0.127296239,
        -0.09288214
      ],
      [
        -0.106771812,
        0.974017262,
        -0.199725151
      ],
      [
        0.115893066,
        -0.187312633,
        -0.9754398
      ]
    ],
    "translation": [
      2.12082052,
      0.82242,
      -0.5662086
    ]
  },
  {
    "timeStamp": 37148,
    "rotation": [
      [
        -0.99275,
        -0.1016013,
        -0.06422322
      ],
      [
        -0.08768367,
        0.977625132,
        -0.191208437
      ],
      [
        0.08221326,
        -0.184190854,
        -0.9794461
      ]
    ],
    "translation": [
      2.114472,
      0.8136577,
      -0.5646503
    ]
  },
  {
    "timeStamp": 37194,
    "rotation": [
      [
        -0.9958039,
        -0.08106266,
        -0.0424681455
      ],
      [
        -0.07086559,
        0.976690054,
        -0.202619269
      ],
      [
        0.0579030737,
        -0.198759526,
        -0.9783363
      ]
    ],
    "translation": [
      2.107837,
      0.8087904,
      -0.562680364
    ]
  },
  {
    "timeStamp": 37251,
    "rotation": [
      [
        -0.9976732,
        -0.06667283,
        -0.01424629
      ],
      [
        -0.06211161,
        0.97500366,
        -0.2133309
      ],
      [
        0.0281135589,
        -0.211949661,
        -0.97687614
      ]
    ],
    "translation": [
      2.10057926,
      0.799955666,
      -0.561783731
    ]
  },
  {
    "timeStamp": 37296,
    "rotation": [
      [
        -0.997822344,
        -0.0656287447,
        0.00658537773
      ],
      [
        -0.06554979,
        0.975592256,
        -0.209578216
      ],
      [
        0.007329711,
        -0.2095535,
        -0.9777697
      ]
    ],
    "translation": [
      2.0971477,
      0.791968048,
      -0.561942339
    ]
  },
  {
    "timeStamp": 37341,
    "rotation": [
      [
        -0.997929633,
        -0.0604769252,
        0.0218854342
      ],
      [
        -0.0636817,
        0.97677356,
        -0.204592481
      ],
      [
        -0.009003988,
        -0.205562592,
        -0.9786026
      ]
    ],
    "translation": [
      2.09351754,
      0.7863281,
      -0.5619737
    ]
  },
  {
    "timeStamp": 37396,
    "rotation": [
      [
        -0.998378754,
        -0.0513657369,
        0.0245221891
      ],
      [
        -0.05503063,
        0.9811339,
        -0.185332
      ],
      [
        -0.014539835,
        -0.186381012,
        -0.982369959
      ]
    ],
    "translation": [
      2.08929682,
      0.782322347,
      -0.5610583
    ]
  },
  {
    "timeStamp": 37441,
    "rotation": [
      [
        -0.9980932,
        -0.050407216,
        0.0356257334
      ],
      [
        -0.0559456125,
        0.9826056,
        -0.177077681
      ],
      [
        -0.02608005,
        -0.178733125,
        -0.9835519
      ]
    ],
    "translation": [
      2.08694482,
      0.7782451,
      -0.5624507
    ]
  },
  {
    "timeStamp": 37496,
    "rotation": [
      [
        -0.998099148,
        -0.04924865,
        0.0370478481
      ],
      [
        -0.0549074,
        0.983617544,
        -0.171702012
      ],
      [
        -0.027984824,
        -0.173409835,
        -0.984452
      ]
    ],
    "translation": [
      2.08496284,
      0.7744959,
      -0.56229794
    ]
  },
  {
    "timeStamp": 37541,
    "rotation": [
      [
        -0.9982821,
        -0.0502193458,
        0.0301833432
      ],
      [
        -0.05452434,
        0.984822631,
        -0.16477713
      ],
      [
        -0.02145024,
        -0.166139781,
        -0.9858689
      ]
    ],
    "translation": [
      2.0838542,
      0.7716458,
      -0.5615366
    ]
  },
  {
    "timeStamp": 37596,
    "rotation": [
      [
        -0.9989719,
        -0.0420257226,
        0.0170024429
      ],
      [
        -0.0442388244,
        0.9856342,
        -0.1629973
      ],
      [
        -0.009908111,
        -0.1635819,
        -0.98648
      ]
    ],
    "translation": [
      2.082293,
      0.7696496,
      -0.560686
    ]
  },
  {
    "timeStamp": 37641,
    "rotation": [
      [
        -0.9992819,
        -0.037890967,
        -5.38875E-05
      ],
      [
        -0.03732903,
        0.9847042,
        -0.1701889
      ],
      [
        0.006501686,
        -0.170064673,
        -0.985411465
      ]
    ],
    "translation": [
      2.08167553,
      0.7688383,
      -0.558072031
    ]
  },
  {
    "timeStamp": 37697,
    "rotation": [
      [
        -0.99903065,
        -0.0394340232,
        -0.0195631012
      ],
      [
        -0.03526608,
        0.9829539,
        -0.1804383
      ],
      [
        0.0263450332,
        -0.179573476,
        -0.9833917
      ]
    ],
    "translation": [
      2.08127332,
      0.7667515,
      -0.5563896
    ]
  }
]