[
  {
    "timeStamp": 44693,
    "rotation": [
      [
        0.999231935,
        -0.0103888083,
        0.0377839729
      ],
      [
        0.02014597,
        0.9632258,
        -0.2679371
      ],
      [
        -0.0336109474,
        0.2684925,
        0.962695241
      ]
    ],
    "translation": [
      1.614809,
      0.705045,
      -0.7496303
    ]
  },
  {
    "timeStamp": 44748,
    "rotation": [
      [
        0.997464955,
        0.0006764224,
        0.0711558759
      ],
      [
        0.0237090029,
        0.9396604,
        -0.341286033
      ],
      [
        -0.0670932159,
        0.3421079,
        0.9372623
      ]
    ],
    "translation": [
      1.61739039,
      0.709676445,
      -0.7482308
    ]
  },
  {
    "timeStamp": 44793,
    "rotation": [
      [
        0.99450475,
        0.0152950287,
        0.10356839
      ],
      [
        0.0219546165,
        0.936804235,
        -0.3491646
      ],
      [
        -0.10236378,
        0.34951964,
        0.931320369
      ]
    ],
    "translation": [
      1.62372327,
      0.7288846,
      -0.7460115
    ]
  },
  {
    "timeStamp": 44849,
    "rotation": [
      [
        0.992210865,
        0.0762356147,
        0.09851806
      ],
      [
        -0.03307808,
        0.9237144,
        -0.381650925
      ],
      [
        -0.12009795,
        0.3754194,
        0.9190412
      ]
    ],
    "translation": [
      1.63399625,
      0.7627976,
      -0.747252345
    ]
  },
  {
    "timeStamp": 44892,
    "rotation": [
      [
        0.9883384,
        0.121045411,
        0.09238583
      ],
      [
        -0.07778776,
        0.922918856,
        -0.3770542
      ],
      [
        -0.1309053,
        0.365470678,
        0.921572
      ]
    ],
    "translation": [
      1.64233589,
      0.7864426,
      -0.752131
    ]
  },
  {
    "timeStamp": 44948,
    "rotation": [
      [
        0.9640171,
        0.235016853,
        0.124250472
      ],
      [
        -0.171755642,
        0.9073616,
        -0.38365978
      ],
      [
        -0.202906623,
        0.348513871,
        0.915077567
      ]
    ],
    "translation": [
      1.66333234,
      0.8338298,
      -0.7440243
    ]
  },
  {
    "timeStamp": 44993,
    "rotation": [
      [
        0.919316232,
        0.345187157,
        0.188953653
      ],
      [
        -0.2596755,
        0.892911136,
        -0.367802083
      ],
      [
        -0.295679361,
        0.2890598,
        0.910504341
      ]
    ],
    "translation": [
      1.68770182,
      0.8771084,
      -0.7281235
    ]
  },
  {
    "timeStamp": 45048,
    "rotation": [
      [
        0.8225273,
        0.47905457,
        0.3065218
      ],
      [
        -0.369005352,
        0.859649062,
        -0.353325
      ],
      [
        -0.432763159,
        0.177511275,
        0.8838585
      ]
    ],
    "translation": [
      1.73154688,
      0.929918647,
      -0.7005001
    ]
  },
  {
    "timeStamp": 45093,
    "rotation": [
      [
        0.7291146,
        0.5269066,
        0.4367624
      ],
      [
        -0.431351036,
        0.8492593,
        -0.3044585
      ],
      [
        -0.5313457,
        0.0335872173,
        0.846489
      ]
    ],
    "translation": [
      1.77895594,
      0.965165734,
      -0.6758967
    ]
  },
  {
    "timeStamp": 45148,
    "rotation": [
      [
        0.5884045,
        0.482859343,
        0.6485576
      ],
      [
        -0.467205673,
        0.8576879,
        -0.2146867
      ],
      [
        -0.6599235,
        -0.1766872,
        0.730262
      ]
    ],
    "translation": [
      1.85090339,
      0.993660033,
      -0.6425517
    ]
  },
  {
    "timeStamp": 45193,
    "rotation": [
      [
        0.453069717,
        0.3820435,
        0.805462956
      ],
      [
        -0.446368158,
        0.8793187,
        -0.165994123
      ],
      [
        -0.771675646,
        -0.2843261,
        0.5689247
      ]
    ],
    "translation": [
      1.91841555,
      1.0002439,
      -0.6192563
    ]
  },
  {
    "timeStamp": 45248,
    "rotation": [
      [
        0.30031094,
        0.1740398,
        0.9378291
      ],
      [
        -0.353504956,
        0.9335039,
        -0.06003806
      ],
      [
        -0.885916233,
        -0.313497156,
        0.341865361
      ]
    ],
    "translation": [
      2.00455022,
      0.985205531,
      -0.599866
    ]
  },
  {
    "timeStamp": 45292,
    "rotation": [
      [
        0.197668567,
        0.0535333939,
        0.9788061
      ],
      [
        -0.249674484,
        0.9683265,
        -0.00253881514
      ],
      [
        -0.947939754,
        -0.243881062,
        0.204773635
      ]
    ],
    "translation": [
      2.06186032,
      0.9609696,
      -0.5944568
    ]
  },
  {
    "timeStamp": 45345,
    "rotation": [
      [
        0.124524161,
        -0.00830970053,
        0.9921818
      ],
      [
        -0.186412,
        0.9819627,
        0.0316198245
      ],
      [
        -0.9745482,
        -0.188892022,
        0.120729059
      ]
    ],
    "translation": [
      2.10563874,
      0.9387746,
      -0.591444731
    ]
  },
  {
    "timeStamp": 45398,
    "rotation": [
      [
        0.07085979,
        -0.0517086461,
        0.99614507
      ],
      [
        -0.0576583073,
        0.996773362,
        0.0558427237
      ],
      [
        -0.9958185,
        -0.06139305,
        0.0676497146
      ]
    ],
    "translation": [
      2.15244985,
      0.9017401,
      -0.591142833
    ]
  },
  {
    "timeStamp": 45443,
    "rotation": [
      [
        0.03276819,
        -0.0453497879,
        0.9984336
      ],
      [
        0.0135379462,
        0.998898566,
        0.0449266
      ],
      [
        -0.9993713,
        0.0120445769,
        0.033346042
      ]
    ],
    "translation": [
      2.17182088,
      0.8801402,
      -0.5926669
    ]
  },
  {
    "timeStamp": 45499,
    "rotation": [
      [
        0.03606139,
        -0.05005039,
        0.998095453
      ],
      [
        0.0619846657,
        0.996934056,
        0.0477526337
      ],
      [
        -0.997425437,
        0.06014459,
        0.0390531868
      ]
    ],
    "translation": [
      2.18618131,
      0.860733747,
      -0.5932787
    ]
  },
  {
    "timeStamp": 45543,
    "rotation": [
      [
        0.0237924382,
        -0.0561017357,
        0.9981415
      ],
      [
        0.0819971859,
        0.99516964,
        0.0539801531
      ],
      [
        -0.9963485,
        0.0805604756,
        0.028277697
      ]
    ],
    "translation": [
      2.19719267,
      0.848032832,
      -0.59315
    ]
  },
  {
    "timeStamp": 45598,
    "rotation": [
      [
        0.0224997848,
        -0.03240165,
        0.9992217
      ],
      [
        0.1278579,
        0.991360545,
        0.0292677246
      ],
      [
        -0.9915372,
        0.127099857,
        0.026448207
      ]
    ],
    "translation": [
      2.20537233,
      0.830700934,
      -0.5940458
    ]
  },
  {
    "timeStamp": 45643,
    "rotation": [
      [
        0.0154642556,
        -0.0494306944,
        0.9986578
      ],
      [
        0.156290784,
        0.9866199,
        0.0464146845
      ],
      [
        -0.98759,
        0.155363247,
        0.0229829047
      ]
    ],
    "translation": [
      2.21214843,
      0.8191514,
      -0.5942915
    ]
  },
  {
    "timeStamp": 45698,
    "rotation": [
      [
        0.0058310763,
        -0.0446764342,
        0.9989845
      ],
      [
        0.179435983,
        0.982833564,
        0.04290676
      ],
      [
        -0.9837524,
        0.179003567,
        0.0137475366
      ]
    ],
    "translation": [
      2.21839142,
      0.8072524,
      -0.5948994
    ]
  },
  {
    "timeStamp": 45743,
    "rotation": [
      [
        -0.00206382759,
        -0.0600595623,
        0.998192668
      ],
      [
        0.202168733,
        0.9775576,
        0.0592359863
      ],
      [
        -0.9793485,
        0.201925591,
        0.0101246554
      ]
    ],
    "translation": [
      2.22172117,
      0.7973357,
      -0.59593457
    ]
  },
  {
    "timeStamp": 45798,
    "rotation": [
      [
        -0.00205929368,
        -0.0508017763,
        0.998706639
      ],
      [
        0.215900511,
        0.975131869,
        0.0500477627
      ],
      [
        -0.9764132,
        0.215724334,
        0.008960046
      ]
    ],
    "translation": [
      2.22118568,
      0.7922169,
      -0.5963285
    ]
  }
]