[
  {
    "timeStamp": 25753,
    "rotation": [
      [
        0.999784052,
        0.0198709518,
        0.006079391
      ],
      [
        -0.00633575069,
        0.0128638223,
        0.9998972
      ],
      [
        0.0197907034,
        -0.9997198,
        0.0129869422
      ]
    ],
    "translation": [
      1.61571872,
      0.705108345,
      -0.6345724
    ]
  },
  {
    "timeStamp": 25797,
    "rotation": [
      [
        0.9997597,
        0.0218609218,
        0.00163419044
      ],
      [
        -0.00177944964,
        0.006626894,
        0.999976456
      ],
      [
        0.0218495764,
        -0.999739051,
        0.00666420255
      ]
    ],
    "translation": [
      1.61629617,
      0.7044121,
      -0.630843461
    ]
  },
  {
    "timeStamp": 25852,
    "rotation": [
      [
        0.9996813,
        0.0231649522,
        0.0100387214
      ],
      [
        -0.01002082,
        -0.0008887271,
        0.9999494
      ],
      [
        0.0231727,
        -0.9997313,
        -0.000656312
      ]
    ],
    "translation": [
      1.61790729,
      0.7045608,
      -0.629728734
    ]
  },
  {
    "timeStamp": 25896,
    "rotation": [
      [
        0.9998631,
        0.0156598,
        -0.00534832571
      ],
      [
        0.005977382,
        -0.04040286,
        0.9991656
      ],
      [
        0.0154306451,
        -0.99906075,
        -0.0404909328
      ]
    ],
    "translation": [
      1.62183332,
      0.7053618,
      -0.6264122
    ]
  },
  {
    "timeStamp": 25952,
    "rotation": [
      [
        0.999979258,
        0.00560378237,
        0.00316419266
      ],
      [
        -0.00290161464,
        -0.0462610871,
        0.998925149
      ],
      [
        0.005744141,
        -0.998913646,
        -0.04624387
      ]
    ],
    "translation": [
      1.62488043,
      0.7129928,
      -0.6235229
    ]
  },
  {
    "timeStamp": 25996,
    "rotation": [
      [
        0.999895155,
        -0.009560253,
        0.0108777415
      ],
      [
        -0.0113485772,
        -0.050659135,
        0.9986515
      ],
      [
        -0.008996297,
        -0.9986702,
        -0.05076232
      ]
    ],
    "translation": [
      1.62794411,
      0.7224688,
      -0.619485438
    ]
  },
  {
    "timeStamp": 26052,
    "rotation": [
      [
        0.999203563,
        -0.03379103,
        0.0212244317
      ],
      [
        -0.0233073458,
        -0.0624902174,
        0.9977734
      ],
      [
        -0.0323894843,
        -0.9974734,
        -0.06322802
      ]
    ],
    "translation": [
      1.63361883,
      0.738339663,
      -0.6135283
    ]
  },
  {
    "timeStamp": 26096,
    "rotation": [
      [
        0.998025835,
        -0.0550298057,
        0.0302684
      ],
      [
        -0.0343467928,
        -0.07474426,
        0.996611059
      ],
      [
        -0.0525809266,
        -0.9956832,
        -0.0764867961
      ]
    ],
    "translation": [
      1.63987327,
      0.7543029,
      -0.6082163
    ]
  },
  {
    "timeStamp": 26152,
    "rotation": [
      [
        0.993690848,
        -0.103343606,
        0.04357226
      ],
      [
        -0.0549179763,
        -0.109614417,
        0.9924559
      ],
      [
        -0.0977878347,
        -0.98858726,
        -0.114598274
      ]
    ],
    "translation": [
      1.64779687,
      0.779415,
      -0.597652555
    ]
  },
  {
    "timeStamp": 26196,
    "rotation": [
      [
        0.985415,
        -0.158217,
        0.0626473
      ],
      [
        -0.08410098,
        -0.132764339,
        0.9875731
      ],
      [
        -0.147933513,
        -0.978438,
        -0.144134179
      ]
    ],
    "translation": [
      1.65519476,
      0.8066583,
      -0.587782145
    ]
  },
  {
    "timeStamp": 26252,
    "rotation": [
      [
        0.958278239,
        -0.2724961,
        0.08630582
      ],
      [
        -0.139918178,
        -0.183894157,
        0.9729367
      ],
      [
        -0.249250308,
        -0.9444198,
        -0.214348927
      ]
    ],
    "translation": [
      1.666987,
      0.849386752,
      -0.5698193
    ]
  },
  {
    "timeStamp": 26296,
    "rotation": [
      [
        0.920882046,
        -0.37391302,
        0.11029657
      ],
      [
        -0.196501955,
        -0.200855136,
        0.9597105
      ],
      [
        -0.3366946,
        -0.9054537,
        -0.258438528
      ]
    ],
    "translation": [
      1.6801064,
      0.8889135,
      -0.558268547
    ]
  },
  {
    "timeStamp": 26352,
    "rotation": [
      [
        0.837563634,
        -0.5337197,
        0.116748951
      ],
      [
        -0.272336125,
        -0.2226083,
        0.9360975
      ],
      [
        -0.4736244,
        -0.8158362,
        -0.3317998
      ]
    ],
    "translation": [
      1.70430684,
      0.939859152,
      -0.5453367
    ]
  },
  {
    "timeStamp": 26396,
    "rotation": [
      [
        0.7451622,
        -0.6613183,
        0.08597311
      ],
      [
        -0.3102003,
        -0.229597151,
        0.922529638
      ],
      [
        -0.5903466,
        -0.7141031,
        -0.376228243
      ]
    ],
    "translation": [
      1.73323882,
      0.975524545,
      -0.538833261
    ]
  },
  {
    "timeStamp": 26452,
    "rotation": [
      [
        0.607618,
        -0.792109847,
        0.0579862148
      ],
      [
        -0.366855741,
        -0.2151563,
        0.905055046
      ],
      [
        -0.704426944,
        -0.571200252,
        -0.4213229
      ]
    ],
    "translation": [
      1.7768569,
      1.01686358,
      -0.5431478
    ]
  },
  {
    "timeStamp": 26496,
    "rotation": [
      [
        0.503766537,
        -0.8635511,
        0.0223318841
      ],
      [
        -0.401824474,
        -0.21136941,
        0.890988231
      ],
      [
        -0.7646936,
        -0.457823575,
        -0.453476816
      ]
    ],
    "translation": [
      1.81646967,
      1.04540253,
      -0.55766
    ]
  },
  {
    "timeStamp": 26552,
    "rotation": [
      [
        0.369877,
        -0.9284502,
        -0.0342232659
      ],
      [
        -0.417313248,
        -0.198934808,
        0.886721253
      ],
      [
        -0.830084741,
        -0.313695967,
        -0.461035967
      ]
    ],
    "translation": [
      1.87191319,
      1.06795776,
      -0.583089054
    ]
  },
  {
    "timeStamp": 26596,
    "rotation": [
      [
        0.2724067,
        -0.959093332,
        -0.07703651
      ],
      [
        -0.432331473,
        -0.193532929,
        0.8807012
      ],
      [
        -0.859583735,
        -0.2066036,
        -0.467365861
      ]
    ],
    "translation": [
      1.91889071,
      1.08161843,
      -0.6088941
    ]
  },
  {
    "timeStamp": 26652,
    "rotation": [
      [
        0.175170064,
        -0.9741705,
        -0.142503649
      ],
      [
        -0.4183284,
        -0.204671711,
        0.8849355
      ],
      [
        -0.891244531,
        -0.09540088,
        -0.443375528
      ]
    ],
    "translation": [
      1.97698128,
      1.08534992,
      -0.6429894
    ]
  },
  {
    "timeStamp": 26696,
    "rotation": [
      [
        0.1001242,
        -0.975819349,
        -0.194298074
      ],
      [
        -0.395194143,
        -0.218217686,
        0.892301857
      ],
      [
        -0.9131247,
        -0.0125555359,
        -0.407486945
      ]
    ],
    "translation": [
      2.02235246,
      1.08090043,
      -0.6701923
    ]
  },
  {
    "timeStamp": 26752,
    "rotation": [
      [
        0.01604488,
        -0.9724231,
        -0.232671365
      ],
      [
        -0.348367125,
        -0.223557368,
        0.910308957
      ],
      [
        -0.9372209,
        0.0664492846,
        -0.342347175
      ]
    ],
    "translation": [
      2.06707716,
      1.0645535,
      -0.7015958
    ]
  },
  {
    "timeStamp": 26796,
    "rotation": [
      [
        -0.0567239,
        -0.962098837,
        -0.26673606
      ],
      [
        -0.3044407,
        -0.237774074,
        0.922377
      ],
      [
        -0.9508408,
        0.133526161,
        -0.279414564
      ]
    ],
    "translation": [
      2.09878063,
      1.04766309,
      -0.7241751
    ]
  },
  {
    "timeStamp": 26851,
    "rotation": [
      [
        -0.11924886,
        -0.961050153,
        -0.24932377
      ],
      [
        -0.28697598,
        -0.207034335,
        0.9352976
      ],
      [
        -0.9504865,
        0.183083087,
        -0.25110966
      ]
    ],
    "translation": [
      2.12097,
      1.02799952,
      -0.7428988
    ]
  },
  {
    "timeStamp": 26896,
    "rotation": [
      [
        -0.11288657,
        -0.957611859,
        -0.265021026
      ],
      [
        -0.2512092,
        -0.23055394,
        0.940073848
      ],
      [
        -0.9613275,
        0.172697425,
        -0.214534461
      ]
    ],
    "translation": [
      2.13266563,
      1.00557232,
      -0.75200814
    ]
  },
  {
    "timeStamp": 26962,
    "rotation": [
      [
        -0.09717002,
        -0.9704039,
        -0.221075147
      ],
      [
        -0.195884123,
        -0.199134827,
        0.9601951
      ],
      [
        -0.9758009,
        0.136607319,
        -0.17073679
      ]
    ],
    "translation": [
      2.1411202,
      0.975548148,
      -0.7578513
    ]
  },
  {
    "timeStamp": 27002,
    "rotation": [
      [
        -0.004096977,
        -0.973045647,
        -0.230576187
      ],
      [
        -0.133323058,
        -0.227988109,
        0.9644928
      ],
      [
        -0.991064131,
        0.0346926376,
        -0.128795356
      ]
    ],
    "translation": [
      2.14359856,
      0.9484256,
      -0.7592091
    ]
  },
  {
    "timeStamp": 27047,
    "rotation": [
      [
        0.0722400844,
        -0.981601536,
        -0.176748157
      ],
      [
        -0.118931875,
        -0.184424579,
        0.9756243
      ],
      [
        -0.990271,
        -0.04945821,
        -0.130066544
      ]
    ],
    "translation": [
      2.138938,
      0.934996665,
      -0.756222367
    ]
  },
  {
    "timeStamp": 27102,
    "rotation": [
      [
        0.1692562,
        -0.974096835,
        -0.149958923
      ],
      [
        -0.06685032,
        -0.163150579,
        0.984333754
      ],
      [
        -0.983302236,
        -0.156579792,
        -0.09273293
      ]
    ],
    "translation": [
      2.13734531,
      0.915903866,
      -0.7541061
    ]
  },
  {
    "timeStamp": 27146,
    "rotation": [
      [
        0.255169153,
        -0.9612718,
        -0.1041402
      ],
      [
        -0.037254978,
        -0.117400259,
        0.9923856
      ],
      [
        -0.9661785,
        -0.249346465,
        -0.0657690838
      ]
    ],
    "translation": [
      2.13277817,
      0.903974354,
      -0.754095852
    ]
  },
  {
    "timeStamp": 27202,
    "rotation": [
      [
        0.406878948,
        -0.9043872,
        -0.1285816
      ],
      [
        0.008273345,
        -0.1371057,
        0.990521848
      ],
      [
        -0.9134446,
        -0.4040863,
        -0.0483031161
      ]
    ],
    "translation": [
      2.12998915,
      0.8894224,
      -0.75687784
    ]
  },
  {
    "timeStamp": 27246,
    "rotation": [
      [
        0.501024544,
        -0.8589764,
        -0.105516806
      ],
      [
        0.0287549645,
        -0.105333492,
        0.9940211
      ],
      [
        -0.8649552,
        -0.501063168,
        -0.02807483
      ]
    ],
    "translation": [
      2.12927651,
      0.881790042,
      -0.759842753
    ]
  },
  {
    "timeStamp": 27302,
    "rotation": [
      [
        0.6187143,
        -0.774986863,
        -0.1287938
      ],
      [
        0.07610644,
        -0.1040419,
        0.9916567
      ],
      [
        -0.781920969,
        -0.623354256,
        -0.005390719
      ]
    ],
    "translation": [
      2.13539839,
      0.870829,
      -0.7654495
    ]
  },
  {
    "timeStamp": 27346,
    "rotation": [
      [
        0.68736136,
        -0.7140495,
        -0.132919773
      ],
      [
        0.09913673,
        -0.08905748,
        0.9910806
      ],
      [
        -0.719518065,
        -0.6944077,
        0.009573868
      ]
    ],
    "translation": [
      2.14050913,
      0.865293,
      -0.7693561
    ]
  },
  {
    "timeStamp": 27402,
    "rotation": [
      [
        0.7669341,
        -0.6186362,
        -0.170591414
      ],
      [
        0.114059657,
        -0.130190209,
        0.984906554
      ],
      [
        -0.6315081,
        -0.774816,
        -0.0292858724
      ]
    ],
    "translation": [
      2.144705,
      0.8607658,
      -0.7728044
    ]
  },
  {
    "timeStamp": 27447,
    "rotation": [
      [
        0.8024348,
        -0.574166536,
        -0.1625766
      ],
      [
        0.122724049,
        -0.107833453,
        0.9865651
      ],
      [
        -0.5839839,
        -0.8116063,
        -0.016065279
      ]
    ],
    "translation": [
      2.14240479,
      0.857159436,
      -0.7766401
    ]
  },
  {
    "timeStamp": 27505,
    "rotation": [
      [
        0.8452243,
        -0.5073519,
        -0.167898476
      ],
      [
        0.134590372,
        -0.101958275,
        0.9856419
      ],
      [
        -0.5171859,
        -0.855686,
        -0.0178929288
      ]
    ],
    "translation": [
      2.13843632,
      0.851500452,
      -0.780022264
    ]
  },
  {
    "timeStamp": 27549,
    "rotation": [
      [
        0.871039748,
        -0.4623798,
        -0.165815368
      ],
      [
        0.134575024,
        -0.100020871,
        0.985842466
      ],
      [
        -0.472418666,
        -0.8810226,
        -0.0248973761
      ]
    ],
    "translation": [
      2.13249373,
      0.8472103,
      -0.7811321
    ]
  },
  {
    "timeStamp": 27595,
    "rotation": [
      [
        0.8943419,
        -0.4092353,
        -0.180773333
      ],
      [
        0.153153911,
        -0.0995980352,
        0.98317045
      ],
      [
        -0.4203527,
        -0.90697664,
        -0.02639871
      ]
    ],
    "translation": [
      2.12892842,
      0.839725733,
      -0.7841768
    ]
  },
  {
    "timeStamp": 27643,
    "rotation": [
      [
        0.910001,
        -0.3722408,
        -0.182578728
      ],
      [
        0.158498153,
        -0.09458467,
        0.9828184
      ],
      [
        -0.3831143,
        -0.923304141,
        -0.0270726625
      ]
    ],
    "translation": [
      2.12540579,
      0.835051835,
      -0.7866018
    ]
  },
  {
    "timeStamp": 27694,
    "rotation": [
      [
        0.930933535,
        -0.323443145,
        -0.169549972
      ],
      [
        0.156764716,
        -0.0653862059,
        0.985469162
      ],
      [
        -0.329829484,
        -0.94398576,
        -0.0101657379
      ]
    ],
    "translation": [
      2.12122965,
      0.8321825,
      -0.791151047
    ]
  },
  {
    "timeStamp": 27749,
    "rotation": [
      [
        0.9383836,
        -0.287542939,
        -0.191716611
      ],
      [
        0.18262814,
        -0.0583724566,
        0.9814477
      ],
      [
        -0.293399364,
        -0.9559873,
        -0.0022623227
      ]
    ],
    "translation": [
      2.12234139,
      0.824447453,
      -0.795304656
    ]
  },
  {
    "timeStamp": 27794,
    "rotation": [
      [
        0.94571,
        -0.257036656,
        -0.198909029
      ],
      [
        0.190735072,
        -0.05661564,
        0.9800075
      ],
      [
        -0.263159245,
        -0.9647419,
        -0.00451607
      ]
    ],
    "translation": [
      2.12383461,
      0.820413947,
      -0.796754241
    ]
  },
  {
    "timeStamp": 27849,
    "rotation": [
      [
        0.9399585,
        -0.273694515,
        -0.203885332
      ],
      [
        0.194556847,
        -0.0611100234,
        0.9789858
      ],
      [
        -0.280402482,
        -0.9598733,
        -0.00419174647
      ]
    ],
    "translation": [
      2.12391925,
      0.8178873,
      -0.792122066
    ]
  },
  {
    "timeStamp": 27893,
    "rotation": [
      [
        0.948766947,
        -0.248195827,
        -0.195551127
      ],
      [
        0.1853964,
        -0.06388708,
        0.98058486
      ],
      [
        -0.255870253,
        -0.966600955,
        -0.0145993372
      ]
    ],
    "translation": [
      2.119746,
      0.8182445,
      -0.796194434
    ]
  },
  {
    "timeStamp": 27949,
    "rotation": [
      [
        0.952236056,
        -0.237334743,
        -0.1921423
      ],
      [
        0.186799213,
        -0.0450206362,
        0.981366
      ],
      [
        -0.2415626,
        -0.9703841,
        0.00146366935
      ]
    ],
    "translation": [
      2.11532068,
      0.8159903,
      -0.799084544
    ]
  },
  {
    "timeStamp": 27993,
    "rotation": [
      [
        0.95687604,
        -0.220176473,
        -0.189501166
      ],
      [
        0.1831211,
        -0.0492280871,
        0.981857061
      ],
      [
        -0.2255106,
        -0.9742171,
        -0.00678622071
      ]
    ],
    "translation": [
      2.11249661,
      0.8122774,
      -0.7984519
    ]
  },
  {
    "timeStamp": 28049,
    "rotation": [
      [
        0.9534141,
        -0.225829259,
        -0.200006634
      ],
      [
        0.192069247,
        -0.0568215959,
        0.979735
      ],
      [
        -0.232617542,
        -0.9725083,
        -0.0107996557
      ]
    ],
    "translation": [
      2.111522,
      0.8060369,
      -0.7938391
    ]
  },
  {
    "timeStamp": 28095,
    "rotation": [
      [
        0.948837,
        -0.24431251,
        -0.200049728
      ],
      [
        0.195045888,
        -0.0447638966,
        0.9797721
      ],
      [
        -0.248325571,
        -0.9686628,
        0.00517851254
      ]
    ],
    "translation": [
      2.11126423,
      0.801946938,
      -0.7918324
    ]
  },
  {
    "timeStamp": 28151,
    "rotation": [
      [
        0.947463453,
        -0.244558141,
        -0.206165731
      ],
      [
        0.203062624,
        -0.0381216779,
        0.978423357
      ],
      [
        -0.24714078,
        -0.968884945,
        0.01354172
      ]
    ],
    "translation": [
      2.112235,
      0.795971155,
      -0.79451
    ]
  },
  {
    "timeStamp": 28195,
    "rotation": [
      [
        0.9440696,
        -0.247582942,
        -0.217796475
      ],
      [
        0.216402158,
        -0.0331772752,
        0.975740433
      ],
      [
        -0.248802572,
        -0.9682985,
        0.0222558267
      ]
    ],
    "translation": [
      2.1140902,
      0.7900851,
      -0.7959663
    ]
  },
  {
    "timeStamp": 28251,
    "rotation": [
      [
        0.9414403,
        -0.254695982,
        -0.220952883
      ],
      [
        0.222217456,
        -0.0241768472,
        0.974697351
      ],
      [
        -0.253593445,
        -0.9667189,
        0.0338368341
      ]
    ],
    "translation": [
      2.11442852,
      0.785204649,
      -0.798296034
    ]
  },
  {
    "timeStamp": 28295,
    "rotation": [
      [
        0.9388632,
        -0.258834332,
        -0.227025524
      ],
      [
        0.22797969,
        -0.0267424788,
        0.97329855
      ],
      [
        -0.257994324,
        -0.965551436,
        0.03390144
      ]
    ],
    "translation": [
      2.11447549,
      0.781401,
      -0.7985555
    ]
  },
  {
    "timeStamp": 28351,
    "rotation": [
      [
        0.935155034,
        -0.270892978,
        -0.228259057
      ],
      [
        0.224027708,
        -0.0468791239,
        0.973454654
      ],
      [
        -0.274402618,
        -0.9614673,
        0.0168482848
      ]
    ],
    "translation": [
      2.112994,
      0.778122,
      -0.796396434
    ]
  },
  {
    "timeStamp": 28395,
    "rotation": [
      [
        0.9339167,
        -0.281169623,
        -0.2207789
      ],
      [
        0.221837476,
        -0.02848225,
        0.9746676
      ],
      [
        -0.2803352,
        -0.9592353,
        0.0357739069
      ]
    ],
    "translation": [
      2.11035466,
      0.776303768,
      -0.798019946
    ]
  },
  {
    "timeStamp": 28451,
    "rotation": [
      [
        0.9313592,
        -0.289874077,
        -0.220325038
      ],
      [
        0.2136107,
        -0.05502297,
        0.9753681
      ],
      [
        -0.294856876,
        -0.9554818,
        0.0106740529
      ]
    ],
    "translation": [
      2.10821962,
      0.7730424,
      -0.796541452
    ]
  },
  {
    "timeStamp": 28495,
    "rotation": [
      [
        0.926910937,
        -0.300829947,
        -0.2243602
      ],
      [
        0.222100556,
        -0.0421648175,
        0.9741116
      ],
      [
        -0.302502066,
        -0.952745259,
        0.027731467
      ]
    ],
    "translation": [
      2.107339,
      0.7694984,
      -0.798788846
    ]
  },
  {
    "timeStamp": 28551,
    "rotation": [
      [
        0.925889969,
        -0.30756712,
        -0.219386384
      ],
      [
        0.219797,
        -0.0337661877,
        0.9749611
      ],
      [
        -0.307273835,
        -0.950927138,
        0.0363385566
      ]
    ],
    "translation": [
      2.10526538,
      0.767279148,
      -0.8012731
    ]
  },
  {
    "timeStamp": 28595,
    "rotation": [
      [
        0.9237611,
        -0.31169498,
        -0.222512066
      ],
      [
        0.227533415,
        -0.0206622966,
        0.973551035
      ],
      [
        -0.308048576,
        -0.94995755,
        0.0518339947
      ]
    ],
    "translation": [
      2.10502958,
      0.7650705,
      -0.8030033
    ]
  },
  {
    "timeStamp": 28651,
    "rotation": [
      [
        0.9144658,
        -0.333564371,
        -0.229100943
      ],
      [
        0.248945341,
        0.0173863135,
        0.9683615
      ],
      [
        -0.3190277,
        -0.94256705,
        0.09893848
      ]
    ],
    "translation": [
      2.10618353,
      0.7609315,
      -0.8036656
    ]
  },
  {
    "timeStamp": 28695,
    "rotation": [
      [
        0.914573848,
        -0.332900643,
        -0.2296341
      ],
      [
        0.255497783,
        0.03547187,
        0.9661587
      ],
      [
        -0.3134893,
        -0.9422945,
        0.117497027
      ]
    ],
    "translation": [
      2.105765,
      0.7590895,
      -0.8041113
    ]
  },
  {
    "timeStamp": 28751,
    "rotation": [
      [
        0.908324,
        -0.346632272,
        -0.23408024
      ],
      [
        0.262734175,
        0.03739066,
        0.9641435
      ],
      [
        -0.325450838,
        -0.937255561,
        0.125034973
      ]
    ],
    "translation": [
      2.10515046,
      0.7549392,
      -0.8040398
    ]
  },
  {
    "timeStamp": 28795,
    "rotation": [
      [
        0.9061506,
        -0.350678444,
        -0.236465022
      ],
      [
        0.2786264,
        0.0743054748,
        0.9575208
      ],
      [
        -0.318211257,
        -0.9335434,
        0.16504024
      ]
    ],
    "translation": [
      2.10513616,
      0.752930164,
      -0.8050032
    ]
  },
  {
    "timeStamp": 28851,
    "rotation": [
      [
        0.897103369,
        -0.374413371,
        -0.234563842
      ],
      [
        0.296722949,
        0.117209606,
        0.9477433
      ],
      [
        -0.32735464,
        -0.9198242,
        0.216246173
      ]
    ],
    "translation": [
      2.10604525,
      0.751104832,
      -0.805968046
    ]
  },
  {
    "timeStamp": 28895,
    "rotation": [
      [
        0.8893784,
        -0.39682284,
        -0.227019072
      ],
      [
        0.301750928,
        0.136492565,
        0.943565667
      ],
      [
        -0.343442,
        -0.907690167,
        0.24113521
      ]
    ],
    "translation": [
      2.106751,
      0.7503625,
      -0.806288242
    ]
  }
]