[
  {
    "timeStamp": 86169,
    "rotation": [
      [
        -0.7821031,
        0.623142838,
        0.00277567562
      ],
      [
        -0.0267143138,
        -0.0379785,
        0.9989214
      ],
      [
        0.6225761,
        0.7811854,
        0.0463499352
      ]
    ],
    "translation": [
      1.77763331,
      0.7012806,
      -0.6125511
    ]
  },
  {
    "timeStamp": 86216,
    "rotation": [
      [
        -0.7721992,
        0.635373533,
        0.002976132
      ],
      [
        -0.01630979,
        -0.0245040879,
        0.9995667
      ],
      [
        0.6351711,
        0.771816,
        0.0292848442
      ]
    ],
    "translation": [
      1.77773356,
      0.7013903,
      -0.6128237
    ]
  },
  {
    "timeStamp": 86268,
    "rotation": [
      [
        -0.7814823,
        0.6237657,
        -0.0142063266
      ],
      [
        -0.0241382215,
        -0.00747364247,
        0.9996807
      ],
      [
        0.623460352,
        0.7815757,
        0.0208971128
      ]
    ],
    "translation": [
      1.77727211,
      0.7015818,
      -0.6136085
    ]
  },
  {
    "timeStamp": 86324,
    "rotation": [
      [
        -0.775695562,
        0.6310991,
        0.00320601743
      ],
      [
        -0.0187617168,
        -0.02813752,
        0.999428
      ],
      [
        0.6308283,
        0.7751917,
        0.03366665
      ]
    ],
    "translation": [
      1.77758634,
      0.707120061,
      -0.6171311
    ]
  },
  {
    "timeStamp": 86368,
    "rotation": [
      [
        -0.765588045,
        0.642776132,
        0.0267143287
      ],
      [
        0.00218819268,
        -0.0389229842,
        0.9992398
      ],
      [
        0.643327355,
        0.7650645,
        0.0283924527
      ]
    ],
    "translation": [
      1.78139341,
      0.717723131,
      -0.619967937
    ]
  },
  {
    "timeStamp": 86423,
    "rotation": [
      [
        -0.75521934,
        0.653917968,
        0.0451110452
      ],
      [
        0.0437709,
        -0.0183563884,
        0.998872936
      ],
      [
        0.654009044,
        0.7563427,
        -0.0147594782
      ]
    ],
    "translation": [
      1.7910459,
      0.7430324,
      -0.623955667
    ]
  },
  {
    "timeStamp": 86468,
    "rotation": [
      [
        -0.751253,
        0.6573447,
        0.0593038835
      ],
      [
        0.07416232,
        -0.005210509,
        0.997232556
      ],
      [
        0.655834556,
        0.7535721,
        -0.0448357947
      ]
    ],
    "translation": [
      1.802011,
      0.7659125,
      -0.6324517
    ]
  },
  {
    "timeStamp": 86523,
    "rotation": [
      [
        -0.7348145,
        0.67404604,
        0.07556105
      ],
      [
        0.11850439,
        0.0178954136,
        0.992792249
      ],
      [
        0.6678355,
        0.738472462,
        -0.09302723
      ]
    ],
    "translation": [
      1.822909,
      0.797849536,
      -0.645157
    ]
  },
  {
    "timeStamp": 86568,
    "rotation": [
      [
        -0.722193956,
        0.6884155,
        0.06723052
      ],
      [
        0.139345258,
        0.04959684,
        0.989001036
      ],
      [
        0.677509248,
        0.7236188,
        -0.131745964
      ]
    ],
    "translation": [
      1.84569454,
      0.8232095,
      -0.6582084
    ]
  },
  {
    "timeStamp": 86624,
    "rotation": [
      [
        -0.691875637,
        0.7192916,
        0.06267055
      ],
      [
        0.165032849,
        0.07304511,
        0.983579457
      ],
      [
        0.7029027,
        0.690857351,
        -0.169244885
      ]
    ],
    "translation": [
      1.87883019,
      0.852150857,
      -0.676367342
    ]
  },
  {
    "timeStamp": 86669,
    "rotation": [
      [
        -0.6662457,
        0.744143,
        0.0486608036
      ],
      [
        0.177785754,
        0.0951264,
        0.979460657
      ],
      [
        0.7242299,
        0.6612126,
        -0.195675582
      ]
    ],
    "translation": [
      1.90893972,
      0.871113956,
      -0.6905669
    ]
  },
  {
    "timeStamp": 86713,
    "rotation": [
      [
        -0.6274306,
        0.778227031,
        0.02633563
      ],
      [
        0.177897036,
        0.1103353,
        0.97784394
      ],
      [
        0.7580788,
        0.61821425,
        -0.20767203
      ]
    ],
    "translation": [
      1.94196951,
      0.8837613,
      -0.7047392
    ]
  },
  {
    "timeStamp": 86769,
    "rotation": [
      [
        -0.5824358,
        0.8128592,
        -0.005338491
      ],
      [
        0.16815035,
        0.126904473,
        0.977558553
      ],
      [
        0.7952949,
        0.5684674,
        -0.210596263
      ]
    ],
    "translation": [
      1.98331678,
      0.8927211,
      -0.721668959
    ]
  },
  {
    "timeStamp": 86813,
    "rotation": [
      [
        -0.5410067,
        0.8403033,
        -0.0346728973
      ],
      [
        0.156081855,
        0.140829384,
        0.9776531
      ],
      [
        0.826408,
        0.523505032,
        -0.207345739
      ]
    ],
    "translation": [
      2.01511765,
      0.8965946,
      -0.733795941
    ]
  },
  {
    "timeStamp": 86863,
    "rotation": [
      [
        -0.503543258,
        0.862764657,
        -0.0456212834
      ],
      [
        0.15110071,
        0.139932826,
        0.978563964
      ],
      [
        0.8506543,
        0.4858559,
        -0.200826585
      ]
    ],
    "translation": [
      2.04901361,
      0.8966296,
      -0.74662894
    ]
  },
  {
    "timeStamp": 86919,
    "rotation": [
      [
        -0.465915263,
        0.881263852,
        -0.07935402
      ],
      [
        0.127552092,
        0.155639231,
        0.9795442
      ],
      [
        0.8755875,
        0.4462628,
        -0.184921741
      ]
    ],
    "translation": [
      2.08123922,
      0.891894341,
      -0.7563371
    ]
  },
  {
    "timeStamp": 86963,
    "rotation": [
      [
        -0.425707877,
        0.901618361,
        -0.0765321255
      ],
      [
        0.115507983,
        0.138035044,
        0.983668745
      ],
      [
        0.8974579,
        0.409915477,
        -0.162906721
      ]
    ],
    "translation": [
      2.10248685,
      0.8857982,
      -0.7626307
    ]
  },
  {
    "timeStamp": 87019,
    "rotation": [
      [
        -0.39805904,
        0.9127939,
        -0.0914129242
      ],
      [
        0.103458025,
        0.143680975,
        0.9842013
      ],
      [
        0.9115072,
        0.382312834,
        -0.151629359
      ]
    ],
    "translation": [
      2.12464738,
      0.879260063,
      -0.7648886
    ]
  },
  {
    "timeStamp": 87063,
    "rotation": [
      [
        -0.391561151,
        0.9128844,
        -0.115420453
      ],
      [
        0.09290135,
        0.164016277,
        0.9820733
      ],
      [
        0.9154503,
        0.373819023,
        -0.1490306
      ]
    ],
    "translation": [
      2.13839483,
      0.8743214,
      -0.7623717
    ]
  },
  {
    "timeStamp": 87119,
    "rotation": [
      [
        -0.388816774,
        0.9125194,
        -0.127003357
      ],
      [
        0.08663829,
        0.173453555,
        0.9810238
      ],
      [
        0.917232454,
        0.370435148,
        -0.146500766
      ]
    ],
    "translation": [
      2.14977431,
      0.865915656,
      -0.756896555
    ]
  },
  {
    "timeStamp": 87163,
    "rotation": [
      [
        -0.384880483,
        0.9140733,
        -0.127816409
      ],
      [
        0.07073467,
        0.167289481,
        0.9833671
      ],
      [
        0.9202519,
        0.369437754,
        -0.129043132
      ]
    ],
    "translation": [
      2.156388,
      0.856883645,
      -0.752567232
    ]
  },
  {
    "timeStamp": 87219,
    "rotation": [
      [
        -0.389312565,
        0.910583854,
        -0.138826326
      ],
      [
        0.0550447442,
        0.173447013,
        0.9833037
      ],
      [
        0.9194595,
        0.375170827,
        -0.117647953
      ]
    ],
    "translation": [
      2.161521,
      0.8453489,
      -0.7469092
    ]
  },
  {
    "timeStamp": 87263,
    "rotation": [
      [
        -0.389446378,
        0.9142558,
        -0.111659512
      ],
      [
        0.04328551,
        0.139264226,
        0.9893088
      ],
      [
        0.9200314,
        0.3804495,
        -0.09380998
      ]
    ],
    "translation": [
      2.16086245,
      0.833693266,
      -0.745352745
    ]
  },
  {
    "timeStamp": 87320,
    "rotation": [
      [
        -0.3921933,
        0.9117442,
        -0.122093737
      ],
      [
        0.02190893,
        0.141948089,
        0.9896316
      ],
      [
        0.9196219,
        0.3854519,
        -0.07564643
      ]
    ],
    "translation": [
      2.16159368,
      0.8236679,
      -0.745482743
    ]
  },
  {
    "timeStamp": 87365,
    "rotation": [
      [
        -0.4039486,
        0.9079768,
        -0.111371972
      ],
      [
        0.01079941,
        0.126471892,
        0.9919114
      ],
      [
        0.914718,
        0.399478465,
        -0.06089375
      ]
    ],
    "translation": [
      2.158224,
      0.816950858,
      -0.746204
    ]
  },
  {
    "timeStamp": 87422,
    "rotation": [
      [
        -0.409648836,
        0.905944467,
        -0.107015759
      ],
      [
        0.001785078,
        0.118106388,
        0.9929993
      ],
      [
        0.9122415,
        0.406589985,
        -0.04999933
      ]
    ],
    "translation": [
      2.15599132,
      0.8121988,
      -0.747490048
    ]
  },
  {
    "timeStamp": 87468,
    "rotation": [
      [
        -0.412133753,
        0.904231668,
        -0.111851923
      ],
      [
        -0.008664595,
        0.118867442,
        0.9928723
      ],
      [
        0.911082149,
        0.41016537,
        -0.0411544852
      ]
    ],
    "translation": [
      2.15582681,
      0.8085764,
      -0.748447061
    ]
  },
  {
    "timeStamp": 87524,
    "rotation": [
      [
        -0.399253279,
        0.9096452,
        -0.114640206
      ],
      [
        -0.02736554,
        0.113159351,
        0.993199944
      ],
      [
        0.916432142,
        0.399675518,
        -0.0202863086
      ]
    ],
    "translation": [
      2.15671849,
      0.805151761,
      -0.7499626
    ]
  },
  {
    "timeStamp": 87568,
    "rotation": [
      [
        -0.373889238,
        0.917698443,
        -0.134299934
      ],
      [
        -0.0505983867,
        0.124403715,
        0.99094075
      ],
      [
        0.926092148,
        0.377297431,
        -7.91508646E-05
      ]
    ],
    "translation": [
      2.15744328,
      0.804715,
      -0.751131356
    ]
  },
  {
    "timeStamp": 87624,
    "rotation": [
      [
        -0.392484248,
        0.9128298,
        -0.112684838
      ],
      [
        -0.03917328,
        0.105814181,
        0.993614
      ],
      [
        0.918924153,
        0.394392073,
        -0.00577185955
      ]
    ],
    "translation": [
      2.15651441,
      0.804990053,
      -0.7506506
    ]
  }
]