[
  {
    "timeStamp": 80350,
    "rotation": [
      [
        0.8509988,
        -0.119968772,
        -0.511281133
      ],
      [
        -0.2923411,
        0.700556457,
        -0.6509664
      ],
      [
        0.436276972,
        0.7034402,
        0.56110096
      ]
    ],
    "translation": [
      1.79869378,
      0.7735595,
      -0.4144741
    ]
  },
  {
    "timeStamp": 80394,
    "rotation": [
      [
        0.8551806,
        -0.0820425,
        -0.511796057
      ],
      [
        -0.311354876,
        0.7080958,
        -0.63376534
      ],
      [
        0.414396316,
        0.701334059,
        0.5800054
      ]
    ],
    "translation": [
      1.8005265,
      0.7733424,
      -0.415383071
    ]
  },
  {
    "timeStamp": 80451,
    "rotation": [
      [
        0.8551229,
        -0.0382441729,
        -0.5170128
      ],
      [
        -0.3391346,
        0.7130268,
        -0.6136616
      ],
      [
        0.3921129,
        0.700093,
        0.5967557
      ]
    ],
    "translation": [
      1.8029629,
      0.7732441,
      -0.416147083
    ]
  },
  {
    "timeStamp": 80494,
    "rotation": [
      [
        0.8580971,
        -0.0110660158,
        -0.513368249
      ],
      [
        -0.355553329,
        0.7085143,
        -0.6095813
      ],
      [
        0.3704744,
        0.705609739,
        0.604039431
      ]
    ],
    "translation": [
      1.80633187,
      0.7731961,
      -0.417526543
    ]
  },
  {
    "timeStamp": 80549,
    "rotation": [
      [
        0.8655793,
        0.00565216038,
        -0.500739932
      ],
      [
        -0.367212325,
        0.687033832,
        -0.627008438
      ],
      [
        0.340481341,
        0.7266034,
        0.5967578
      ]
    ],
    "translation": [
      1.81299436,
      0.7839107,
      -0.4222388
    ]
  },
  {
    "timeStamp": 80594,
    "rotation": [
      [
        0.8662461,
        0.0336238,
        -0.49848485
      ],
      [
        -0.374780744,
        0.703516245,
        -0.603824735
      ],
      [
        0.3303893,
        0.709883332,
        0.622019768
      ]
    ],
    "translation": [
      1.81825483,
      0.79914254,
      -0.427683383
    ]
  },
  {
    "timeStamp": 80649,
    "rotation": [
      [
        0.8645461,
        0.06923407,
        -0.497761667
      ],
      [
        -0.378258526,
        0.7417628,
        -0.5538126
      ],
      [
        0.330878347,
        0.667079151,
        0.6674766
      ]
    ],
    "translation": [
      1.82653844,
      0.827134848,
      -0.439712644
    ]
  },
  {
    "timeStamp": 80694,
    "rotation": [
      [
        0.867622256,
        0.109572835,
        -0.485000461
      ],
      [
        -0.388543546,
        0.7580646,
        -0.5238052
      ],
      [
        0.310266882,
        0.6429089,
        0.7002876
      ]
    ],
    "translation": [
      1.83743536,
      0.851313233,
      -0.455062479
    ]
  },
  {
    "timeStamp": 80749,
    "rotation": [
      [
        0.8757501,
        0.128593668,
        -0.465322852
      ],
      [
        -0.3703736,
        0.7972081,
        -0.4767417
      ],
      [
        0.3096532,
        0.589849949,
        0.7457828
      ]
    ],
    "translation": [
      1.85286558,
      0.884866655,
      -0.4823397
    ]
  },
  {
    "timeStamp": 80794,
    "rotation": [
      [
        0.88210845,
        0.164158046,
        -0.441516548
      ],
      [
        -0.375974029,
        0.8100348,
        -0.449985683
      ],
      [
        0.283775,
        0.562934935,
        0.7762577
      ]
    ],
    "translation": [
      1.86978352,
      0.9100277,
      -0.508341432
    ]
  },
  {
    "timeStamp": 80849,
    "rotation": [
      [
        0.9049375,
        0.182846874,
        -0.384259164
      ],
      [
        -0.3489106,
        0.83575207,
        -0.424004525
      ],
      [
        0.24361749,
        0.5177697,
        0.8201006
      ]
    ],
    "translation": [
      1.89581382,
      0.938033164,
      -0.5449474
    ]
  },
  {
    "timeStamp": 80894,
    "rotation": [
      [
        0.916238844,
        0.229177818,
        -0.32860893
      ],
      [
        -0.358194321,
        0.836003661,
        -0.415685833
      ],
      [
        0.179452285,
        0.498573363,
        0.848069251
      ]
    ],
    "translation": [
      1.92110586,
      0.954278767,
      -0.5753027
    ]
  },
  {
    "timeStamp": 80949,
    "rotation": [
      [
        0.9387335,
        0.244436726,
        -0.242960989
      ],
      [
        -0.32827124,
        0.8488638,
        -0.414328754
      ],
      [
        0.104963616,
        0.4687014,
        0.8770984
      ]
    ],
    "translation": [
      1.95211,
      0.970894754,
      -0.6141427
    ]
  },
  {
    "timeStamp": 80993,
    "rotation": [
      [
        0.944660962,
        0.268531561,
        -0.188431934
      ],
      [
        -0.324188441,
        0.852032,
        -0.411027253
      ],
      [
        0.0501762331,
        0.449368834,
        0.8919361
      ]
    ],
    "translation": [
      1.97621012,
      0.980699241,
      -0.6435689
    ]
  },
  {
    "timeStamp": 81049,
    "rotation": [
      [
        0.953384757,
        0.280924857,
        -0.110175811
      ],
      [
        -0.300712526,
        0.8541355,
        -0.424293041
      ],
      [
        -0.025089398,
        0.437645763,
        0.8987974
      ]
    ],
    "translation": [
      2.0054667,
      0.988762438,
      -0.677823842
    ]
  },
  {
    "timeStamp": 81093,
    "rotation": [
      [
        0.9543807,
        0.289183617,
        -0.07436622
      ],
      [
        -0.292814523,
        0.8576628,
        -0.422698736
      ],
      [
        -0.0584564134,
        0.425191045,
        0.903214
      ]
    ],
    "translation": [
      2.025953,
      0.992554367,
      -0.701542556
    ]
  },
  {
    "timeStamp": 81149,
    "rotation": [
      [
        0.9562368,
        0.291679651,
        -0.0231133271
      ],
      [
        -0.27217257,
        0.857723057,
        -0.436157256
      ],
      [
        -0.107393369,
        0.4233604,
        0.899573565
      ]
    ],
    "translation": [
      2.052438,
      0.9919183,
      -0.7262736
    ]
  },
  {
    "timeStamp": 81193,
    "rotation": [
      [
        0.951996744,
        0.306106269,
        -0.00107877422
      ],
      [
        -0.273258775,
        0.848241568,
        -0.4536694
      ],
      [
        -0.137956,
        0.432186574,
        0.8911694
      ]
    ],
    "translation": [
      2.07154155,
      0.985957,
      -0.7416647
    ]
  },
  {
    "timeStamp": 81247,
    "rotation": [
      [
        0.948102,
        0.317221731,
        0.0217483267
      ],
      [
        -0.269956619,
        0.83920294,
        -0.472082436
      ],
      [
        -0.168006077,
        0.4417112,
        0.881286144
      ]
    ],
    "translation": [
      2.09004378,
      0.977031469,
      -0.752279639
    ]
  },
  {
    "timeStamp": 81299,
    "rotation": [
      [
        0.946466,
        0.3203085,
        0.0400569476
      ],
      [
        -0.256610423,
        0.821855247,
        -0.5086306
      ],
      [
        -0.195839718,
        0.471122533,
        0.8600525
      ]
    ],
    "translation": [
      2.11214113,
      0.961434364,
      -0.764198542
    ]
  },
  {
    "timeStamp": 81343,
    "rotation": [
      [
        0.938350737,
        0.344418317,
        0.0295610819
      ],
      [
        -0.279746026,
        0.806817353,
        -0.520372868
      ],
      [
        -0.203076333,
        0.480022669,
        0.853427351
      ]
    ],
    "translation": [
      2.12366581,
      0.9513486,
      -0.7677956
    ]
  },
  {
    "timeStamp": 81399,
    "rotation": [
      [
        0.9395692,
        0.341732562,
        0.0207025539
      ],
      [
        -0.274189234,
        0.787317932,
        -0.552223444
      ],
      [
        -0.205012232,
        0.5131757,
        0.833439
      ]
    ],
    "translation": [
      2.13200355,
      0.9378962,
      -0.7697228
    ]
  },
  {
    "timeStamp": 81443,
    "rotation": [
      [
        0.9332126,
        0.358941,
        -0.0166041534
      ],
      [
        -0.30602926,
        0.769731462,
        -0.5602317
      ],
      [
        -0.188309371,
        0.5278966,
        0.8281695
      ]
    ],
    "translation": [
      2.133695,
      0.9301481,
      -0.7712234
    ]
  },
  {
    "timeStamp": 81499,
    "rotation": [
      [
        0.9255373,
        0.37588644,
        -0.045717746
      ],
      [
        -0.330076426,
        0.74172765,
        -0.583857536
      ],
      [
        -0.185554013,
        0.555472255,
        0.8105679
      ]
    ],
    "translation": [
      2.13424277,
      0.921232343,
      -0.7746327
    ]
  },
  {
    "timeStamp": 81543,
    "rotation": [
      [
        0.9156388,
        0.395545572,
        -0.0717586055
      ],
      [
        -0.357885152,
        0.720761359,
        -0.5936509
      ],
      [
        -0.183095157,
        0.5692511,
        0.80151695
      ]
    ],
    "translation": [
      2.13173223,
      0.9159192,
      -0.7776941
    ]
  },
  {
    "timeStamp": 81599,
    "rotation": [
      [
        0.893405,
        0.4355637,
        -0.11005383
      ],
      [
        -0.40804103,
        0.684232056,
        -0.604424536
      ],
      [
        -0.187963024,
        0.5849024,
        0.7890242
      ]
    ],
    "translation": [
      2.12891769,
      0.909311354,
      -0.779934466
    ]
  },
  {
    "timeStamp": 81643,
    "rotation": [
      [
        0.8616879,
        0.4941163,
        -0.115511946
      ],
      [
        -0.4531562,
        0.646869838,
        -0.6133586
      ],
      [
        -0.2283493,
        0.580868661,
        0.7813118
      ]
    ],
    "translation": [
      2.12942362,
      0.9061898,
      -0.781725049
    ]
  },
  {
    "timeStamp": 81699,
    "rotation": [
      [
        0.7879746,
        0.5964064,
        -0.152955756
      ],
      [
        -0.5478271,
        0.5657323,
        -0.6163055
      ],
      [
        -0.2810365,
        0.569426358,
        0.772510231
      ]
    ],
    "translation": [
      2.13069868,
      0.8991377,
      -0.784251332
    ]
  },
  {
    "timeStamp": 81744,
    "rotation": [
      [
        0.7006076,
        0.6931868,
        -0.169236869
      ],
      [
        -0.6236721,
        0.479658633,
        -0.617220163
      ],
      [
        -0.346672952,
        0.537977457,
        0.7683737
      ]
    ],
    "translation": [
      2.12985015,
      0.8933111,
      -0.787872
    ]
  },
  {
    "timeStamp": 81802,
    "rotation": [
      [
        0.576785,
        0.7906845,
        -0.205273226
      ],
      [
        -0.710474,
        0.361529082,
        -0.603757739
      ],
      [
        -0.403169662,
        0.4940797,
        0.7702853
      ]
    ],
    "translation": [
      2.12165546,
      0.892787337,
      -0.789050639
    ]
  },
  {
    "timeStamp": 81847,
    "rotation": [
      [
        0.550039232,
        0.8024462,
        -0.231380418
      ],
      [
        -0.775778353,
        0.388354242,
        -0.497341871
      ],
      [
        -0.309232533,
        0.453057468,
        0.8361305
      ]
    ],
    "translation": [
      2.12235475,
      0.887093365,
      -0.792762756
    ]
  },
  {
    "timeStamp": 81893,
    "rotation": [
      [
        0.5348504,
        0.8093884,
        -0.2425396
      ],
      [
        -0.801259637,
        0.394746721,
        -0.449619919
      ],
      [
        -0.268175453,
        0.434816569,
        0.859660745
      ]
    ],
    "translation": [
      2.12305427,
      0.8829655,
      -0.7934684
    ]
  },
  {
    "timeStamp": 81949,
    "rotation": [
      [
        0.514355063,
        0.8189877,
        -0.254358023
      ],
      [
        -0.8168924,
        0.377633721,
        -0.4359812
      ],
      [
        -0.2610091,
        0.4320323,
        0.863262653
      ]
    ],
    "translation": [
      2.123742,
      0.880993664,
      -0.793924332
    ]
  },
  {
    "timeStamp": 81993,
    "rotation": [
      [
        0.490626842,
        0.826805055,
        -0.275097668
      ],
      [
        -0.819539,
        0.330584168,
        -0.46804896
      ],
      [
        -0.2960423,
        0.455090672,
        0.8397925
      ]
    ],
    "translation": [
      2.1246438,
      0.8804362,
      -0.7937035
    ]
  }
]