[
  {
    "timeStamp": 57926,
    "rotation": [
      [
        0.125086918,
        -0.4686268,
        -0.874495447
      ],
      [
        0.15164201,
        0.880092561,
        -0.449935436
      ],
      [
        0.980488658,
        -0.07632921,
        0.181151569
      ]
    ],
    "translation": [
      2.18350673,
      0.803733051,
      -0.6803987
    ]
  },
  {
    "timeStamp": 57982,
    "rotation": [
      [
        0.1290114,
        -0.663453639,
        -0.737011135
      ],
      [
        0.07926967,
        0.7477435,
        -0.659238935
      ],
      [
        0.9884697,
        0.0266266987,
        0.149059176
      ]
    ],
    "translation": [
      2.19062185,
      0.811830759,
      -0.6857621
    ]
  },
  {
    "timeStamp": 58026,
    "rotation": [
      [
        0.03332461,
        -0.631725848,
        -0.7744753
      ],
      [
        0.171051309,
        0.7670774,
        -0.618331432
      ],
      [
        0.9846984,
        -0.111869358,
        0.1336201
      ]
    ],
    "translation": [
      2.19700265,
      0.807511151,
      -0.684550464
    ]
  },
  {
    "timeStamp": 58082,
    "rotation": [
      [
        0.143265978,
        -0.661876857,
        -0.7357947
      ],
      [
        0.0308093056,
        0.7460865,
        -0.66513586
      ],
      [
        0.9892046,
        0.0726220161,
        0.127280772
      ]
    ],
    "translation": [
      2.189401,
      0.8122035,
      -0.684517264
    ]
  },
  {
    "timeStamp": 58126,
    "rotation": [
      [
        0.135900766,
        -0.5447613,
        -0.827505946
      ],
      [
        0.0531267934,
        0.8380605,
        -0.542984545
      ],
      [
        0.989297,
        0.02982928,
        0.142834485
      ]
    ],
    "translation": [
      2.19503164,
      0.812541366,
      -0.6831794
    ]
  },
  {
    "timeStamp": 58182,
    "rotation": [
      [
        0.14561519,
        -0.5548559,
        -0.8191039
      ],
      [
        0.054323975,
        0.831163645,
        -0.553367734
      ],
      [
        0.987848759,
        0.03608177,
        0.151172042
      ]
    ],
    "translation": [
      2.19948936,
      0.8144392,
      -0.681857646
    ]
  },
  {
    "timeStamp": 58226,
    "rotation": [
      [
        0.153048828,
        -0.6123777,
        -0.775609255
      ],
      [
        0.05613833,
        0.7889762,
        -0.611853838
      ],
      [
        0.9866228,
        0.0501021072,
        0.155129746
      ]
    ],
    "translation": [
      2.20370483,
      0.8167957,
      -0.6825991
    ]
  },
  {
    "timeStamp": 58282,
    "rotation": [
      [
        0.15287219,
        -0.5293942,
        -0.834489
      ],
      [
        0.0621749,
        0.8478936,
        -0.526508033
      ],
      [
        0.986288249,
        0.02860416,
        0.162534386
      ]
    ],
    "translation": [
      2.204652,
      0.8190847,
      -0.6813899
    ]
  },
  {
    "timeStamp": 58326,
    "rotation": [
      [
        0.156228483,
        -0.5236412,
        -0.837491751
      ],
      [
        0.06280782,
        0.85145396,
        -0.520654738
      ],
      [
        0.985721946,
        0.02874007,
        0.165910125
      ]
    ],
    "translation": [
      2.208295,
      0.8220892,
      -0.681325
    ]
  },
  {
    "timeStamp": 58381,
    "rotation": [
      [
        0.1550802,
        -0.493026555,
        -0.8560812
      ],
      [
        0.06505033,
        0.86978054,
        -0.4891322
      ],
      [
        0.985757947,
        0.02016636,
        0.166957274
      ]
    ],
    "translation": [
      2.21120238,
      0.8238907,
      -0.6812812
    ]
  },
  {
    "timeStamp": 58426,
    "rotation": [
      [
        0.155573636,
        -0.4702584,
        -0.868708253
      ],
      [
        0.06720972,
        0.882416844,
        -0.465643
      ],
      [
        0.985535264,
        0.0140561415,
        0.168886736
      ]
    ],
    "translation": [
      2.215245,
      0.82583344,
      -0.681082
    ]
  },
  {
    "timeStamp": 58481,
    "rotation": [
      [
        0.1497207,
        -0.432540953,
        -0.8890962
      ],
      [
        0.0646419451,
        0.901590347,
        -0.427733839
      ],
      [
        0.9866129,
        0.0065677,
        0.162947029
      ]
    ],
    "translation": [
      2.21644115,
      0.8255408,
      -0.6803198
    ]
  },
  {
    "timeStamp": 58526,
    "rotation": [
      [
        0.152382344,
        -0.37256223,
        -0.9154108
      ],
      [
        0.06247459,
        0.928006351,
        -0.367288768
      ],
      [
        0.986345,
        -0.00122159766,
        0.164687455
      ]
    ],
    "translation": [
      2.21766877,
      0.8245172,
      -0.679966033
    ]
  },
  {
    "timeStamp": 58582,
    "rotation": [
      [
        0.156122282,
        -0.290483564,
        -0.944057763
      ],
      [
        0.05114337,
        0.956873059,
        -0.285969019
      ],
      [
        0.986412764,
        -0.00363615947,
        0.164245516
      ]
    ],
    "translation": [
      2.21812415,
      0.821879566,
      -0.6791905
    ]
  },
  {
    "timeStamp": 58626,
    "rotation": [
      [
        0.149234921,
        -0.248592913,
        -0.9570425
      ],
      [
        0.046915438,
        0.9685712,
        -0.244271815
      ],
      [
        0.9876881,
        -0.008446188,
        0.156207487
      ]
    ],
    "translation": [
      2.21852541,
      0.8212524,
      -0.678884447
    ]
  },
  {
    "timeStamp": 58681,
    "rotation": [
      [
        0.139007881,
        -0.204697877,
        -0.9689043
      ],
      [
        0.0401936136,
        0.978763342,
        -0.201014236
      ],
      [
        0.9894752,
        -0.0110011995,
        0.144283384
      ]
    ],
    "translation": [
      2.21982026,
      0.8209236,
      -0.678051949
    ]
  },
  {
    "timeStamp": 58726,
    "rotation": [
      [
        0.131893992,
        -0.1999645,
        -0.9708852
      ],
      [
        0.0375364646,
        0.9797468,
        -0.196690351
      ],
      [
        0.990552843,
        -0.0105013233,
        0.136728689
      ]
    ],
    "translation": [
      2.22143841,
      0.8220386,
      -0.6773352
    ]
  },
  {
    "timeStamp": 58781,
    "rotation": [
      [
        0.122105561,
        -0.2253385,
        -0.9665986
      ],
      [
        0.04678416,
        0.974110246,
        -0.221179664
      ],
      [
        0.9914139,
        -0.0182142332,
        0.129486546
      ]
    ],
    "translation": [
      2.22619462,
      0.8252025,
      -0.6763994
    ]
  },
  {
    "timeStamp": 58826,
    "rotation": [
      [
        0.126782671,
        -0.2910099,
        -0.948282361
      ],
      [
        0.0399118178,
        0.95671916,
        -0.2882629
      ],
      [
        0.991127253,
        -0.00130093039,
        0.132910147
      ]
    ],
    "translation": [
      2.23450851,
      0.8274779,
      -0.6768236
    ]
  },
  {
    "timeStamp": 58881,
    "rotation": [
      [
        0.1619458,
        -0.414249778,
        -0.895639837
      ],
      [
        0.0110205561,
        0.908323348,
        -0.418123454
      ],
      [
        0.9867381,
        0.05784289,
        0.151664421
      ]
    ],
    "translation": [
      2.24891949,
      0.827990353,
      -0.6826308
    ]
  },
  {
    "timeStamp": 58926,
    "rotation": [
      [
        0.148541972,
        -0.451699525,
        -0.879717469
      ],
      [
        0.00634424249,
        0.890003443,
        -0.4559097
      ],
      [
        0.98888576,
        0.0621405877,
        0.135068551
      ]
    ],
    "translation": [
      2.251484,
      0.8275599,
      -0.683138847
    ]
  },
  {
    "timeStamp": 58981,
    "rotation": [
      [
        0.1489305,
        -0.42664057,
        -0.8920748
      ],
      [
        0.00826399,
        0.902641237,
        -0.430314362
      ],
      [
        0.9888131,
        0.0567148365,
        0.137956575
      ]
    ],
    "translation": [
      2.25079465,
      0.8263399,
      -0.68461585
    ]
  },
  {
    "timeStamp": 59026,
    "rotation": [
      [
        0.153286174,
        -0.367430717,
        -0.917332053
      ],
      [
        0.009188563,
        0.928792655,
        -0.370485783
      ],
      [
        0.988139153,
        0.0483613834,
        0.145747229
      ]
    ],
    "translation": [
      2.24818277,
      0.8251346,
      -0.6861055
    ]
  },
  {
    "timeStamp": 59081,
    "rotation": [
      [
        0.1549444,
        -0.296189636,
        -0.9424776
      ],
      [
        -0.0608815253,
        0.9493228,
        -0.308349878
      ],
      [
        0.9860455,
        0.105156563,
        0.129059792
      ]
    ],
    "translation": [
      2.24058676,
      0.8123921,
      -0.688057363
    ]
  },
  {
    "timeStamp": 59125,
    "rotation": [
      [
        0.128063872,
        -0.290937066,
        -0.9481325
      ],
      [
        0.15777497,
        0.949806035,
        -0.27014
      ],
      [
        0.9791357,
        -0.1149964,
        0.167538419
      ]
    ],
    "translation": [
      2.23889041,
      0.825374,
      -0.6786664
    ]
  },
  {
    "timeStamp": 59181,
    "rotation": [
      [
        0.1420482,
        -0.2664065,
        -0.9533362
      ],
      [
        0.128963962,
        0.9598742,
        -0.249017745
      ],
      [
        0.9814227,
        -0.0875734761,
        0.170705244
      ]
    ],
    "translation": [
      2.240244,
      0.8212128,
      -0.6825564
    ]
  },
  {
    "timeStamp": 59226,
    "rotation": [
      [
        0.157792345,
        -0.205152482,
        -0.965926468
      ],
      [
        0.07583339,
        0.977809668,
        -0.1952883
      ],
      [
        0.9845562,
        -0.0424344838,
        0.169848278
      ]
    ],
    "translation": [
      2.2325604,
      0.8051847,
      -0.6788934
    ]
  },
  {
    "timeStamp": 59281,
    "rotation": [
      [
        0.175072819,
        0.0182628036,
        -0.9843861
      ],
      [
        -0.00299291848,
        0.9998332,
        0.0180170964
      ],
      [
        0.984550953,
        -0.000208116573,
        0.175098285
      ]
    ],
    "translation": [
      2.228109,
      0.8031028,
      -0.68698
    ]
  },
  {
    "timeStamp": 59326,
    "rotation": [
      [
        0.19446677,
        -0.192140386,
        -0.96190685
      ],
      [
        0.102449447,
        0.979243159,
        -0.174891308
      ],
      [
        0.9755444,
        -0.06453627,
        0.210114911
      ]
    ],
    "translation": [
      2.2282598,
      0.8228657,
      -0.675587654
    ]
  },
  {
    "timeStamp": 59387,
    "rotation": [
      [
        0.207087249,
        -0.00161434128,
        -0.978321135
      ],
      [
        0.0688032359,
        0.9975466,
        0.0129179377
      ],
      [
        0.9759001,
        -0.0699868053,
        0.206690237
      ]
    ],
    "translation": [
      2.23416734,
      0.8197942,
      -0.6772497
    ]
  },
  {
    "timeStamp": 59434,
    "rotation": [
      [
        0.207141846,
        -0.0110280728,
        -0.9782488
      ],
      [
        0.07504602,
        0.997169256,
        0.00464944774
      ],
      [
        0.9754283,
        -0.07437677,
        0.2073831
      ]
    ],
    "translation": [
      2.234711,
      0.8204837,
      -0.6774385
    ]
  }
]