[
  {
    "id": "003 cracker box(Clone)-21056",
    "pickRotation": [
      [
        -0.9983897,
        -0.0187453981,
        0.05354032
      ],
      [
        -0.0555056781,
        0.128017783,
        -0.990217447
      ],
      [
        0.0117079159,
        -0.9915947,
        -0.128852114
      ]
    ],
    "pickTranslation": [
      0.0112962257,
      0.00230157352,
      0.183292061
    ],
    "placeRotation": [
      [
        0.9999466,
        -0.009733639,
        0.0034906466
      ],
      [
        -0.00351854065,
        -0.002850094,
        0.999989748
      ],
      [
        -0.00972359,
        -0.9999486,
        -0.00288418983
      ]
    ],
    "placeTranslation": [
      -0.4474618,
      0.0157695636,
      -0.84216994
    ]
  },
  {
    "id": "003 cracker box(Clone)-21056",
    "pickRotation": [
      [
        -0.909667432,
        -0.4096876,
        -0.0682729855
      ],
      [
        0.04493671,
        0.06633354,
        -0.9967851
      ],
      [
        0.4128993,
        -0.9098109,
        -0.04193145
      ]
    ],
    "pickTranslation": [
      0.0124753509,
      0.00278852787,
      0.1936858
    ],
    "placeRotation": [
      [
        0.998631,
        -0.0509970561,
        -0.01163473
      ],
      [
        0.0127074458,
        0.0207613371,
        0.9997037
      ],
      [
        -0.0507404,
        -0.998482943,
        0.0213809572
      ]
    ],
    "placeTranslation": [
      -0.3417889,
      0.0143985841,
      0.5182509
    ]
  },
  {
    "id": "003 cracker box(Clone)-21198",
    "pickRotation": [
      [
        -0.9979811,
        -0.0252246056,
        0.0582879521
      ],
      [
        -0.06094789,
        0.122225754,
        -0.9906292
      ],
      [
        0.0178639367,
        -0.9921817,
        -0.123516373
      ]
    ],
    "pickTranslation": [
      0.0123376623,
      -0.008619116,
      0.183226168
    ],
    "placeRotation": [
      [
        0.9842369,
        -0.00837483,
        -0.176656291
      ],
      [
        0.176455215,
        -0.0205970984,
        0.9840931
      ],
      [
        -0.0118802218,
        -0.99975276,
        -0.0187946428
      ]
    ],
    "placeTranslation": [
      -0.357068062,
      0.03074687,
      -0.0170950964
    ]
  },
  {
    "id": "007 tuna fish can(Clone)-20708",
    "pickRotation": [
      [
        -0.121781617,
        0.219985425,
        -0.967871666
      ],
      [
        0.9907872,
        0.08514797,
        -0.105311841
      ],
      [
        0.05924524,
        -0.971779943,
        -0.2283282
      ]
    ],
    "pickTranslation": [
      0.0261056554,
      -0.020805059,
      0.0193043649
    ],
    "placeRotation": [
      [
        0.885534,
        -0.406267643,
        -0.225335538
      ],
      [
        0.3044616,
        0.14114584,
        0.942009032
      ],
      [
        -0.350902647,
        -0.902787,
        0.24868235
      ]
    ],
    "placeTranslation": [
      0.7948312,
      0.16597946,
      -0.6566716
    ]
  },
  {
    "id": "002 masterchef can(Clone)-20672",
    "pickRotation": [
      [
        -0.370524228,
        0.1730945,
        -0.912551463
      ],
      [
        0.9269615,
        0.006744594,
        -0.375095844
      ],
      [
        -0.0587722361,
        -0.9848822,
        -0.162950963
      ]
    ],
    "pickTranslation": [
      0.0205767583,
      0.00372335664,
      0.117368929
    ],
    "placeRotation": [
      [
        0.123930261,
        -0.948189437,
        0.292537451
      ],
      [
        0.0159247518,
        0.2966727,
        0.954846442
      ],
      [
        -0.9921631,
        -0.113675781,
        0.0518664047
      ]
    ],
    "placeTranslation": [
      0.313382864,
      0.05825208,
      -0.7164478
    ]
  },
  {
    "id": "100 half egg carton(Clone)-21044",
    "pickRotation": [
      [
        0.0208613537,
        -0.08558168,
        0.9961127
      ],
      [
        0.194172382,
        -0.97701174,
        -0.08800711
      ],
      [
        0.9807456,
        0.195253521,
        -0.00376418745
      ]
    ],
    "pickTranslation": [
      -0.07292168,
      0.0294220187,
      -0.00363053381
    ],
    "placeRotation": [
      [
        0.0111387558,
        -0.0516760945,
        -0.9986018
      ],
      [
        -0.004744175,
        0.9986498,
        -0.0517314933
      ],
      [
        0.999926746,
        0.005313766,
        0.0108785555
      ]
    ],
    "placeTranslation": [
      0.120291658,
      0.19023484,
      0.43847692
    ]
  },
  {
    "id": "100 half egg carton(Clone)-20684",
    "pickRotation": [
      [
        -0.06332401,
        -0.0822570547,
        0.994597256
      ],
      [
        -0.08910222,
        -0.9921515,
        -0.08772774
      ],
      [
        0.994007468,
        -0.0941761062,
        0.0554977246
      ]
    ],
    "pickTranslation": [
      -0.07431747,
      0.0170878936,
      -0.0128972474
    ],
    "placeRotation": [
      [
        0.121154033,
        -0.0540926,
        -0.9911588
      ],
      [
        0.003225902,
        0.998530269,
        -0.054100588
      ],
      [
        0.9926284,
        0.00335712382,
        0.121150479
      ]
    ],
    "placeTranslation": [
      0.08046451,
      0.5844052,
      0.5078735
    ]
  },
  {
    "id": "100 half egg carton(Clone)-20684",
    "pickRotation": [
      [
        -0.144862,
        -0.183087528,
        0.972365141
      ],
      [
        0.84098953,
        -0.5405402,
        0.0235109758
      ],
      [
        0.521297932,
        0.821154833,
        0.232278451
      ]
    ],
    "pickTranslation": [
      -0.0502187647,
      0.00437955139,
      -0.0286024176
    ],
    "placeRotation": [
      [
        0.097120896,
        -0.8175014,
        -0.56767863
      ],
      [
        0.06935831,
        0.5745476,
        -0.815527141
      ],
      [
        0.992853,
        0.0398315,
        0.112501092
      ]
    ],
    "placeTranslation": [
      0.148672879,
      0.5147293,
      0.227629155
    ]
  },
  {
    "id": "100 half egg carton(Clone)-20684",
    "pickRotation": [
      [
        -0.140662462,
        -0.121817261,
        0.982534766
      ],
      [
        0.260682881,
        -0.9619405,
        -0.08194383
      ],
      [
        0.9551223,
        0.244603574,
        0.1670646
      ]
    ],
    "pickTranslation": [
      -0.08276241,
      0.0307356473,
      -0.0150165949
    ],
    "placeRotation": [
      [
        0.207231343,
        -0.0175350457,
        -0.978134751
      ],
      [
        0.0781438947,
        0.9969412,
        -0.0013163276
      ],
      [
        0.975166,
        -0.07616248,
        0.207967728
      ]
    ],
    "placeTranslation": [
      0.0494221449,
      0.599041462,
      0.4657633
    ]
  },
  {
    "id": "016 pear(Clone)-20660",
    "pickRotation": [
      [
        -0.8497518,
        -0.130240142,
        -0.510841846
      ],
      [
        0.424308836,
        0.406103551,
        -0.8093466
      ],
      [
        0.312864125,
        -0.904498458,
        -0.289825141
      ]
    ],
    "pickTranslation": [
      0.0338549428,
      0.007833986,
      0.04239353
    ],
    "placeRotation": [
      [
        0.7660289,
        -0.343215644,
        -0.5435096
      ],
      [
        0.511254966,
        -0.187213361,
        0.8387905
      ],
      [
        -0.389638275,
        -0.920409739,
        0.03205987
      ]
    ],
    "placeTranslation": [
      0.5544095,
      0.33137396,
      -0.353202373
    ]
  },
  {
    "id": "102 toothbrush(Clone)-20648",
    "pickRotation": [
      [
        -0.459568381,
        0.298633158,
        -0.836429954
      ],
      [
        -0.09035573,
        -0.9526092,
        -0.2904679
      ],
      [
        -0.8835342,
        -0.0579136163,
        0.464772284
      ]
    ],
    "pickTranslation": [
      0.002275019,
      0.0179909244,
      0.022718
    ],
    "placeRotation": [
      [
        -0.139159709,
        -0.06749818,
        0.9879669
      ],
      [
        0.0108970217,
        0.9975095,
        0.06968503
      ],
      [
        -0.99021,
        0.020463245,
        -0.1380776
      ]
    ],
    "placeTranslation": [
      0.504427731,
      0.7710956,
      0.420468032
    ]
  },
  {
    "id": "017 orange(Clone)-21210",
    "pickRotation": [
      [
        -0.922342,
        0.3401028,
        0.183345214
      ],
      [
        -0.195266813,
        -0.8197785,
        0.538362443
      ],
      [
        0.333401024,
        0.460753053,
        0.8225269
      ]
    ],
    "pickTranslation": [
      -0.00293497322,
      -0.0119630005,
      0.0214478169
    ],
    "placeRotation": [
      [
        0.494535148,
        0.8262635,
        -0.269673258
      ],
      [
        -0.816398859,
        0.335138321,
        -0.470292747
      ],
      [
        -0.298207879,
        0.452737242,
        0.840298235
      ]
    ],
    "placeTranslation": [
      0.7226161,
      0.9646675,
      -0.5045626
    ]
  },
  {
    "id": "057 racquetball(Clone)-20636",
    "pickRotation": [
      [
        -0.958542,
        0.18195188,
        -0.219295859
      ],
      [
        -0.09729652,
        -0.932328,
        -0.3482785
      ],
      [
        -0.2678256,
        -0.312502831,
        0.9113788
      ]
    ],
    "pickTranslation": [
      0.008589253,
      -0.113959558,
      0.0282474756
    ],
    "placeRotation": [
      [
        0.8592954,
        -0.273662627,
        0.432111382
      ],
      [
        0.1921309,
        0.9556591,
        0.223162338
      ],
      [
        -0.474022359,
        -0.108740419,
        0.873772442
      ]
    ],
    "placeTranslation": [
      0.5263301,
      1.38824809,
      -0.5966696
    ]
  },
  {
    "id": "015 peach(Clone)-20696",
    "pickRotation": [
      [
        0.674906731,
        -0.236634955,
        0.698931158
      ],
      [
        -0.7363635,
        -0.1548284,
        0.658632636
      ],
      [
        -0.0476411022,
        -0.959183037,
        -0.2787441
      ]
    ],
    "pickTranslation": [
      0.0140994415,
      0.00653558224,
      0.0333893038
    ],
    "placeRotation": [
      [
        -0.410341352,
        0.906960249,
        -0.0950958
      ],
      [
        -0.0266372245,
        0.09231441,
        0.995373547
      ],
      [
        0.911542952,
        0.410976022,
        -0.0137215136
      ]
    ],
    "placeTranslation": [
      0.469762266,
      0.5077389,
      -0.2276625
    ]
  },
  {
    "id": "014 lemon(Clone)-21128",
    "pickRotation": [
      [
        -0.4489948,
        -0.8154086,
        0.365393579
      ],
      [
        0.289695829,
        -0.5196841,
        -0.8037442
      ],
      [
        0.845269144,
        -0.255023956,
        0.469555944
      ]
    ],
    "pickTranslation": [
      0.0190041363,
      0.0277357548,
      0.035353
    ],
    "placeRotation": [
      [
        0.5943742,
        -0.6109323,
        -0.5229543
      ],
      [
        0.67126447,
        0.7350108,
        -0.09572458
      ],
      [
        0.442858279,
        -0.294144422,
        0.846968532
      ]
    ],
    "placeTranslation": [
      0.9156195,
      0.751850843,
      -0.0501472428
    ]
  },
  {
    "id": "014 lemon(Clone)-21116",
    "pickRotation": [
      [
        -0.6809002,
        -0.672173,
        0.290789247
      ],
      [
        0.293902844,
        -0.614459634,
        -0.7321615
      ],
      [
        0.6708175,
        -0.413065135,
        0.61593926
      ]
    ],
    "pickTranslation": [
      0.02528819,
      0.02564664,
      0.0246750209
    ],
    "placeRotation": [
      [
        0.707366943,
        -0.7038589,
        -0.06492062
      ],
      [
        0.703079,
        0.6911524,
        0.1672974
      ],
      [
        -0.07288372,
        -0.163984969,
        0.9837667
      ]
    ],
    "placeTranslation": [
      0.7409403,
      0.7240655,
      -0.109051272
    ]
  },
  {
    "id": "011 banana(Clone)-21140",
    "pickRotation": [
      [
        -0.9986997,
        0.0505632758,
        0.00649886671
      ],
      [
        0.00677891262,
        0.258066267,
        -0.966103435
      ],
      [
        -0.0505264923,
        -0.964803159,
        -0.258073479
      ]
    ],
    "pickTranslation": [
      0.01359663,
      -0.004068214,
      0.02488942
    ],
    "placeRotation": [
      [
        0.819142461,
        -0.5726403,
        -0.0329959877
      ],
      [
        0.0476151966,
        0.0105596986,
        0.998809934
      ],
      [
        -0.5716104,
        -0.819738746,
        0.0359162763
      ]
    ],
    "placeTranslation": [
      0.596602559,
      0.879608452,
      0.06568654
    ]
  },
  {
    "id": "017 orange(Clone)-21068",
    "pickRotation": [
      [
        0.5832257,
        0.5511536,
        -0.5967223
      ],
      [
        -0.5695374,
        -0.246339709,
        -0.7841836
      ],
      [
        -0.579202056,
        0.7972117,
        0.17023094
      ]
    ],
    "pickTranslation": [
      0.002362546,
      -0.01145079,
      0.0234815441
    ],
    "placeRotation": [
      [
        -0.8641584,
        -0.0122608719,
        0.5030705
      ],
      [
        -0.464751482,
        0.402796358,
        -0.7885183
      ],
      [
        -0.192967042,
        -0.9152075,
        -0.353778154
      ]
    ],
    "placeTranslation": [
      0.27389583,
      1.148659,
      -0.417268068
    ]
  },
  {
    "id": "103 toothpaste(Clone)-21080",
    "pickRotation": [
      [
        -0.6016511,
        0.182817832,
        -0.777556241
      ],
      [
        -0.788395941,
        -0.292216241,
        0.5413331
      ],
      [
        -0.128249228,
        0.9387158,
        0.319945037
      ]
    ],
    "pickTranslation": [
      0.00459628925,
      0.0256583765,
      -0.024454169
    ],
    "placeRotation": [
      [
        -0.6434502,
        0.7609771,
        0.08298052
      ],
      [
        0.0286756065,
        0.132288,
        -0.990796447
      ],
      [
        -0.764950752,
        -0.635148644,
        -0.106942207
      ]
    ],
    "placeTranslation": [
      0.4476237,
      0.870036364,
      -0.46315524
    ]
  }
]