[
  {
    "timeStamp": 16513,
    "rotation": [
      [
        -0.89180994,
        0.452408969,
        0.001067109
      ],
      [
        0.452304482,
        0.89165,
        -0.0195174962
      ],
      [
        -0.009781378,
        -0.01692324,
        -0.9998089
      ]
    ],
    "translation": [
      1.76982915,
      0.7294573,
      -0.6206451
    ]
  },
  {
    "timeStamp": 16568,
    "rotation": [
      [
        -0.88905406,
        0.4578014,
        0.000850755
      ],
      [
        0.457752168,
        0.888982832,
        -0.0131309973
      ],
      [
        -0.0067676953,
        -0.0112847313,
        -0.999913454
      ]
    ],
    "translation": [
      1.77325547,
      0.730076432,
      -0.6220345
    ]
  },
  {
    "timeStamp": 16612,
    "rotation": [
      [
        -0.8852793,
        0.462879151,
        -0.0449831225
      ],
      [
        0.4618882,
        0.8863963,
        0.0309969038
      ],
      [
        0.054220695,
        0.006663743,
        -0.9985067
      ]
    ],
    "translation": [
      1.78135788,
      0.7435661,
      -0.6290536
    ]
  },
  {
    "timeStamp": 16668,
    "rotation": [
      [
        -0.802611053,
        0.5809878,
        -0.135161728
      ],
      [
        0.5832763,
        0.81185323,
        0.0261380151
      ],
      [
        0.124917351,
        -0.0578579642,
        -0.990478754
      ]
    ],
    "translation": [
      1.782429,
      0.788990557,
      -0.6223502
    ]
  },
  {
    "timeStamp": 16712,
    "rotation": [
      [
        -0.671481848,
        0.693372667,
        -0.2614316
      ],
      [
        0.7064207,
        0.7055138,
        0.0567463264
      ],
      [
        0.223789945,
        -0.146576568,
        -0.9635525
      ]
    ],
    "translation": [
      1.79140377,
      0.840220451,
      -0.611189544
    ]
  },
  {
    "timeStamp": 16767,
    "rotation": [
      [
        -0.4133876,
        0.8001641,
        -0.4345666
      ],
      [
        0.8515515,
        0.5087357,
        0.126680791
      ],
      [
        0.322444975,
        -0.317687571,
        -0.891685963
      ]
    ],
    "translation": [
      1.82121456,
      0.916800141,
      -0.5915474
    ]
  },
  {
    "timeStamp": 16812,
    "rotation": [
      [
        -0.143313631,
        0.814244449,
        -0.5625541
      ],
      [
        0.9314681,
        0.303041518,
        0.201327831
      ],
      [
        0.33440733,
        -0.4951482,
        -0.8018728
      ]
    ],
    "translation": [
      1.8685807,
      0.9837486,
      -0.574105144
    ]
  },
  {
    "timeStamp": 16867,
    "rotation": [
      [
        0.1843566,
        0.7428551,
        -0.6435674
      ],
      [
        0.9403252,
        0.0572334677,
        0.335429281
      ],
      [
        0.286008924,
        -0.6670012,
        -0.687974036
      ]
    ],
    "translation": [
      1.95415,
      1.049401,
      -0.5654912
    ]
  },
  {
    "timeStamp": 16912,
    "rotation": [
      [
        0.490452349,
        0.5801228,
        -0.650318444
      ],
      [
        0.850653052,
        -0.156566069,
        0.501872957
      ],
      [
        0.189330161,
        -0.7993401,
        -0.570271432
      ]
    ],
    "translation": [
      2.03762,
      1.08300972,
      -0.567109644
    ]
  },
  {
    "timeStamp": 16967,
    "rotation": [
      [
        0.742325,
        0.355133861,
        -0.5681844
      ],
      [
        0.6670182,
        -0.311227649,
        0.6769225
      ],
      [
        0.0635634139,
        -0.8814858,
        -0.467912823
      ]
    ],
    "translation": [
      2.13040185,
      1.081435,
      -0.5817678
    ]
  },
  {
    "timeStamp": 17012,
    "rotation": [
      [
        0.905990362,
        0.09107825,
        -0.4133838
      ],
      [
        0.416670263,
        -0.364024371,
        0.8329899
      ],
      [
        -0.07461453,
        -0.92692554,
        -0.367752165
      ]
    ],
    "translation": [
      2.183019,
      1.06509757,
      -0.591428041
    ]
  },
  {
    "timeStamp": 17068,
    "rotation": [
      [
        0.971077263,
        -0.150723532,
        -0.185179383
      ],
      [
        0.136942208,
        -0.283744276,
        0.9490711
      ],
      [
        -0.195590958,
        -0.946980238,
        -0.254897177
      ]
    ],
    "translation": [
      2.21917844,
      1.02786541,
      -0.598535061
    ]
  },
  {
    "timeStamp": 17112,
    "rotation": [
      [
        0.9679851,
        -0.203765109,
        -0.146576211
      ],
      [
        0.09949884,
        -0.224624246,
        0.9693523
      ],
      [
        -0.230444774,
        -0.9529028,
        -0.197158545
      ]
    ],
    "translation": [
      2.23142219,
      0.9996691,
      -0.604675055
    ]
  },
  {
    "timeStamp": 17163,
    "rotation": [
      [
        0.9664409,
        -0.229929671,
        -0.114561453
      ],
      [
        0.07075605,
        -0.19045189,
        0.9791433
      ],
      [
        -0.246952549,
        -0.954390049,
        -0.167791575
      ]
    ],
    "translation": [
      2.23486781,
      0.9760774,
      -0.609123945
    ]
  },
  {
    "timeStamp": 17218,
    "rotation": [
      [
        0.9642945,
        -0.2507863,
        -0.0851018652
      ],
      [
        0.05163755,
        -0.137126818,
        0.9892067
      ],
      [
        -0.259749234,
        -0.958281,
        -0.119280636
      ]
    ],
    "translation": [
      2.23437619,
      0.940684736,
      -0.611896157
    ]
  },
  {
    "timeStamp": 17262,
    "rotation": [
      [
        0.961326063,
        -0.270648926,
        -0.0510040671
      ],
      [
        0.0222787522,
        -0.108165734,
        0.9938832
      ],
      [
        -0.274510324,
        -0.956582069,
        -0.09795282
      ]
    ],
    "translation": [
      2.23268533,
      0.9207292,
      -0.612161458
    ]
  },
  {
    "timeStamp": 17318,
    "rotation": [
      [
        0.9619427,
        -0.272707254,
        -0.0172369145
      ],
      [
        -0.00387198129,
        -0.07667805,
        0.9970484
      ],
      [
        -0.273224026,
        -0.959036648,
        -0.0748158
      ]
    ],
    "translation": [
      2.22657037,
      0.901548445,
      -0.6094062
    ]
  },
  {
    "timeStamp": 17362,
    "rotation": [
      [
        0.960597336,
        -0.277087241,
        -0.02180243
      ],
      [
        0.00409495737,
        -0.06432446,
        0.997920632
      ],
      [
        -0.2779135,
        -0.9586892,
        -0.0606552474
      ]
    ],
    "translation": [
      2.22228932,
      0.8895155,
      -0.606081069
    ]
  },
  {
    "timeStamp": 17418,
    "rotation": [
      [
        0.9578582,
        -0.2871171,
        0.008450057
      ],
      [
        -0.0209915582,
        -0.0406305343,
        0.9989537
      ],
      [
        -0.286473334,
        -0.9570334,
        -0.0449453257
      ]
    ],
    "translation": [
      2.217708,
      0.870762944,
      -0.6031579
    ]
  },
  {
    "timeStamp": 17462,
    "rotation": [
      [
        0.9563496,
        -0.291015744,
        0.02655776
      ],
      [
        -0.0316125527,
        -0.0126807634,
        0.999419749
      ],
      [
        -0.290510118,
        -0.9566342,
        -0.0213269927
      ]
    ],
    "translation": [
      2.21507478,
      0.8552029,
      -0.5985412
    ]
  },
  {
    "timeStamp": 17520,
    "rotation": [
      [
        0.951836467,
        -0.304474622,
        0.0360897444
      ],
      [
        -0.0334667452,
        0.0138310436,
        0.9993441
      ],
      [
        -0.3047741,
        -0.95242,
        0.00297511765
      ]
    ],
    "translation": [
      2.21557331,
      0.8369008,
      -0.591494441
    ]
  },
  {
    "timeStamp": 17562,
    "rotation": [
      [
        0.948038638,
        -0.314138383,
        0.0503968932
      ],
      [
        -0.040391542,
        0.03828266,
        0.9984503
      ],
      [
        -0.315580875,
        -0.948605061,
        0.0236049052
      ]
    ],
    "translation": [
      2.21520543,
      0.8220344,
      -0.5850471
    ]
  },
  {
    "timeStamp": 17618,
    "rotation": [
      [
        0.944931865,
        -0.320180833,
        0.0677342
      ],
      [
        -0.05130859,
        0.0594720356,
        0.996910453
      ],
      [
        -0.323219955,
        -0.945487857,
        0.0397689939
      ]
    ],
    "translation": [
      2.214197,
      0.8056518,
      -0.5754932
    ]
  },
  {
    "timeStamp": 17664,
    "rotation": [
      [
        0.944871962,
        -0.321251154,
        0.06336141
      ],
      [
        -0.04354876,
        0.06849574,
        0.996700466
      ],
      [
        -0.324531168,
        -0.9445137,
        0.0507296175
      ]
    ],
    "translation": [
      2.21348882,
      0.796630561,
      -0.566954732
    ]
  },
  {
    "timeStamp": 17709,
    "rotation": [
      [
        0.9436074,
        -0.325146019,
        0.06233051
      ],
      [
        -0.03799924,
        0.08065882,
        0.996017158
      ],
      [
        -0.328878552,
        -0.942217648,
        0.06375496
      ]
    ],
    "translation": [
      2.21335816,
      0.7871871,
      -0.5583757
    ]
  },
  {
    "timeStamp": 17766,
    "rotation": [
      [
        0.9310046,
        -0.358899653,
        0.0664945841
      ],
      [
        -0.0323795341,
        0.1002483,
        0.9944354
      ],
      [
        -0.3635685,
        -0.927976966,
        0.0817106143
      ]
    ],
    "translation": [
      2.218672,
      0.7755167,
      -0.549676955
    ]
  },
  {
    "timeStamp": 17810,
    "rotation": [
      [
        0.9262799,
        -0.370799839,
        0.06717948
      ],
      [
        -0.01498585,
        0.141885474,
        0.989769638
      ],
      [
        -0.376538217,
        -0.91781044,
        0.125868917
      ]
    ],
    "translation": [
      2.22045946,
      0.7619767,
      -0.54261595
    ]
  }
]