[
  {
    "timeStamp": 32205,
    "rotation": [
      [
        0.996943057,
        -0.0781286061,
        -0.0006693823
      ],
      [
        -0.00745333871,
        -0.103628032,
        0.9945882
      ],
      [
        -0.07777516,
        -0.9915428,
        -0.103893571
      ]
    ],
    "translation": [
      1.459717,
      0.7015599,
      -0.6165305
    ]
  },
  {
    "timeStamp": 32249,
    "rotation": [
      [
        0.9993409,
        -0.0156439561,
        0.03275756
      ],
      [
        -0.03489612,
        -0.16534701,
        0.9856179
      ],
      [
        -0.0100025935,
        -0.986111343,
        -0.165783942
      ]
    ],
    "translation": [
      1.45752406,
      0.7114137,
      -0.6080467
    ]
  },
  {
    "timeStamp": 32305,
    "rotation": [
      [
        0.990831733,
        -0.0643433556,
        0.118795343
      ],
      [
        -0.128518656,
        -0.177772954,
        0.9756432
      ],
      [
        -0.04165754,
        -0.9819657,
        -0.18441242
      ]
    ],
    "translation": [
      1.45046878,
      0.74275583,
      -0.605343163
    ]
  },
  {
    "timeStamp": 32349,
    "rotation": [
      [
        0.977644861,
        -0.108925015,
        0.179849282
      ],
      [
        -0.19817479,
        -0.191504762,
        0.9612766
      ],
      [
        -0.07026507,
        -0.9754287,
        -0.208809838
      ]
    ],
    "translation": [
      1.45083976,
      0.774280548,
      -0.6012962
    ]
  },
  {
    "timeStamp": 32405,
    "rotation": [
      [
        0.947071731,
        -0.192532718,
        0.256877929
      ],
      [
        -0.293140531,
        -0.192493409,
        0.9364908
      ],
      [
        -0.130857825,
        -0.962225258,
        -0.2387442
      ]
    ],
    "translation": [
      1.46510327,
      0.817142248,
      -0.5961152
    ]
  },
  {
    "timeStamp": 32449,
    "rotation": [
      [
        0.9199781,
        -0.250850528,
        0.3011883
      ],
      [
        -0.35161534,
        -0.188565508,
        0.9169568
      ],
      [
        -0.1732254,
        -0.94948256,
        -0.261679024
      ]
    ],
    "translation": [
      1.48319471,
      0.849321246,
      -0.593637645
    ]
  },
  {
    "timeStamp": 32505,
    "rotation": [
      [
        0.874266148,
        -0.3441483,
        0.34237504
      ],
      [
        -0.422529668,
        -0.19221583,
        0.885732353
      ],
      [
        -0.2390134,
        -0.9190294,
        -0.313460678
      ]
    ],
    "translation": [
      1.52103639,
      0.891192138,
      -0.588716745
    ]
  },
  {
    "timeStamp": 32549,
    "rotation": [
      [
        0.8096806,
        -0.451563776,
        0.37484324
      ],
      [
        -0.4788131,
        -0.1389695,
        0.866848
      ],
      [
        -0.3393454,
        -0.881349862,
        -0.3287356
      ]
    ],
    "translation": [
      1.56033385,
      0.9256043,
      -0.581510067
    ]
  },
  {
    "timeStamp": 32605,
    "rotation": [
      [
        0.7339253,
        -0.5686762,
        0.3714313
      ],
      [
        -0.5230767,
        -0.124362342,
        0.84316355
      ],
      [
        -0.433294952,
        -0.81310606,
        -0.388733953
      ]
    ],
    "translation": [
      1.61971474,
      0.9611956,
      -0.577933848
    ]
  },
  {
    "timeStamp": 32649,
    "rotation": [
      [
        0.6526207,
        -0.6598328,
        0.372433871
      ],
      [
        -0.5642786,
        -0.0952312946,
        0.820073545
      ],
      [
        -0.505644,
        -0.7453534,
        -0.434479415
      ]
    ],
    "translation": [
      1.67336333,
      0.990915537,
      -0.577966332
    ]
  },
  {
    "timeStamp": 32705,
    "rotation": [
      [
        0.5537731,
        -0.7585326,
        0.3434584
      ],
      [
        -0.592396,
        -0.06903394,
        0.8026838
      ],
      [
        -0.5851515,
        -0.6479681,
        -0.487580836
      ]
    ],
    "translation": [
      1.74369192,
      1.01879036,
      -0.5849232
    ]
  },
  {
    "timeStamp": 32750,
    "rotation": [
      [
        0.492974252,
        -0.8149586,
        0.304661959
      ],
      [
        -0.6071633,
        -0.07143777,
        0.7913592
      ],
      [
        -0.6231606,
        -0.5750993,
        -0.530029953
      ]
    ],
    "translation": [
      1.80184758,
      1.03757155,
      -0.595950067
    ]
  },
  {
    "timeStamp": 32805,
    "rotation": [
      [
        0.41748026,
        -0.875396252,
        0.2437041
      ],
      [
        -0.6007781,
        -0.06469191,
        0.796793938
      ],
      [
        -0.681744754,
        -0.479057848,
        -0.5529265
      ]
    ],
    "translation": [
      1.871439,
      1.05013776,
      -0.61479795
    ]
  },
  {
    "timeStamp": 32849,
    "rotation": [
      [
        0.362134755,
        -0.909893,
        0.20236887
      ],
      [
        -0.5850406,
        -0.0528528951,
        0.8092799
      ],
      [
        -0.725662351,
        -0.4114624,
        -0.5514642
      ]
    ],
    "translation": [
      1.92674911,
      1.05429041,
      -0.6337499
    ]
  },
  {
    "timeStamp": 32905,
    "rotation": [
      [
        0.337479025,
        -0.9334901,
        0.121260494
      ],
      [
        -0.54216814,
        -0.087448284,
        0.8357072
      ],
      [
        -0.769520342,
        -0.347777218,
        -0.5356205
      ]
    ],
    "translation": [
      1.98813331,
      1.04930258,
      -0.6590034
    ]
  },
  {
    "timeStamp": 32949,
    "rotation": [
      [
        0.338828325,
        -0.940589666,
        0.0220566038
      ],
      [
        -0.472950339,
        -0.150011092,
        0.868225
      ],
      [
        -0.8133347,
        -0.3046109,
        -0.4956802
      ]
    ],
    "translation": [
      2.03763556,
      1.03187382,
      -0.680006146
    ]
  },
  {
    "timeStamp": 33014,
    "rotation": [
      [
        0.285978734,
        -0.9558576,
        -0.06747172
      ],
      [
        -0.3644283,
        -0.173612624,
        0.9149047
      ],
      [
        -0.8862325,
        -0.237054676,
        -0.397991061
      ]
    ],
    "translation": [
      2.09409976,
      0.9963584,
      -0.703148
    ]
  },
  {
    "timeStamp": 33049,
    "rotation": [
      [
        0.217635244,
        -0.9667588,
        -0.134209588
      ],
      [
        -0.266621083,
        -0.191162154,
        0.9446535
      ],
      [
        -0.9389079,
        -0.1698068,
        -0.2993619
      ]
    ],
    "translation": [
      2.13281965,
      0.962979555,
      -0.717292547
    ]
  },
  {
    "timeStamp": 33100,
    "rotation": [
      [
        0.185776487,
        -0.969867349,
        -0.157621086
      ],
      [
        -0.188772023,
        -0.192653909,
        0.962938
      ],
      [
        -0.9642885,
        -0.1491368,
        -0.21887438
      ]
    ],
    "translation": [
      2.16031432,
      0.9261978,
      -0.7328122
    ]
  },
  {
    "timeStamp": 33155,
    "rotation": [
      [
        0.12628451,
        -0.9825099,
        -0.136844948
      ],
      [
        -0.201459736,
        -0.160476,
        0.966261566
      ],
      [
        -0.9713219,
        -0.09445512,
        -0.218201816
      ]
    ],
    "translation": [
      2.17450476,
      0.900876939,
      -0.729954
    ]
  },
  {
    "timeStamp": 33199,
    "rotation": [
      [
        0.09232503,
        -0.9886636,
        -0.118407711
      ],
      [
        -0.150502026,
        -0.1314051,
        0.979837656
      ],
      [
        -0.9842892,
        -0.07264294,
        -0.160927847
      ]
    ],
    "translation": [
      2.18175817,
      0.8717715,
      -0.729802132
    ]
  },
  {
    "timeStamp": 33255,
    "rotation": [
      [
        0.07353415,
        -0.9895647,
        -0.1239128
      ],
      [
        -0.110776938,
        -0.131584987,
        0.985095859
      ],
      [
        -0.9911212,
        -0.0587115064,
        -0.119296946
      ]
    ],
    "translation": [
      2.19056845,
      0.83890146,
      -0.7219728
    ]
  },
  {
    "timeStamp": 33299,
    "rotation": [
      [
        0.047175,
        -0.9920929,
        -0.116302229
      ],
      [
        -0.0933887959,
        -0.120302409,
        0.9883349
      ],
      [
        -0.9945115,
        -0.0357633755,
        -0.0983256251
      ]
    ],
    "translation": [
      2.19638038,
      0.8183561,
      -0.714034736
    ]
  },
  {
    "timeStamp": 33355,
    "rotation": [
      [
        0.03721623,
        -0.987820446,
        -0.151081622
      ],
      [
        -0.0757596642,
        -0.153540269,
        0.9852339
      ],
      [
        -0.9964313,
        -0.0252207946,
        -0.08055114
      ]
    ],
    "translation": [
      2.20572448,
      0.7995971,
      -0.701925
    ]
  },
  {
    "timeStamp": 33399,
    "rotation": [
      [
        0.0195284225,
        -0.9932157,
        -0.114635549
      ],
      [
        -0.08129097,
        -0.115855113,
        0.989934
      ],
      [
        -0.9964991,
        -0.0100130178,
        -0.083001934
      ]
    ],
    "translation": [
      2.20657849,
      0.7906917,
      -0.6901683
    ]
  },
  {
    "timeStamp": 33455,
    "rotation": [
      [
        0.008232266,
        -0.990992069,
        -0.133667
      ],
      [
        -0.0623770542,
        -0.133920133,
        0.989027
      ],
      [
        -0.9980187,
        0.000195839326,
        -0.0629176348
      ]
    ],
    "translation": [
      2.21400571,
      0.777987838,
      -0.678333163
    ]
  },
  {
    "timeStamp": 33501,
    "rotation": [
      [
        0.0169818513,
        -0.989944935,
        -0.140429854
      ],
      [
        -0.04968136,
        -0.141112059,
        0.9887462
      ],
      [
        -0.9986207,
        -0.00981398,
        -0.0515781567
      ]
    ],
    "translation": [
      2.21823573,
      0.767778,
      -0.6699097
    ]
  },
  {
    "timeStamp": 33558,
    "rotation": [
      [
        0.00348569988,
        -0.992676,
        -0.120756477
      ],
      [
        -0.0457336828,
        -0.1207891,
        0.9916241
      ],
      [
        -0.998947561,
        0.00206614542,
        -0.0458197668
      ]
    ],
    "translation": [
      2.22174025,
      0.7592525,
      -0.659277141
    ]
  },
  {
    "timeStamp": 33603,
    "rotation": [
      [
        0.009673408,
        -0.9927812,
        -0.119548567
      ],
      [
        -0.0546558835,
        -0.119900391,
        0.9912803
      ],
      [
        -0.9984584,
        -0.00305504,
        -0.0554211773
      ]
    ],
    "translation": [
      2.2242074,
      0.7545903,
      -0.6510298
    ]
  },
  {
    "timeStamp": 33648,
    "rotation": [
      [
        0.00171193085,
        -0.9952417,
        -0.09742229
      ],
      [
        -0.06639237,
        -0.0973205939,
        0.993036151
      ],
      [
        -0.9977922,
        0.004768068,
        -0.06624306
      ]
    ],
    "translation": [
      2.22570443,
      0.7509352,
      -0.641949654
    ]
  },
  {
    "timeStamp": 33704,
    "rotation": [
      [
        -0.0134656131,
        -0.9965271,
        -0.0821729153
      ],
      [
        -0.0805814043,
        -0.080831565,
        0.993465066
      ],
      [
        -0.9966571,
        0.0199992545,
        -0.0792131051
      ]
    ],
    "translation": [
      2.22907877,
      0.747328341,
      -0.632632
    ]
  }
]