[
  {
    "timeStamp": 7606,
    "rotation": [
      [
        -0.9999826,
        -0.000699219352,
        -0.00586000038
      ],
      [
        -0.00586966,
        0.0147214411,
        0.9998744
      ],
      [
        -0.0006128692,
        0.9998914,
        -0.0147252893
      ]
    ],
    "translation": [
      1.61597,
      0.700593352,
      -0.748742938
    ]
  },
  {
    "timeStamp": 7649,
    "rotation": [
      [
        -0.999989748,
        -0.000255072751,
        0.00451830355
      ],
      [
        0.00451861462,
        -0.00123174535,
        0.999989033
      ],
      [
        -0.000249504723,
        0.999999166,
        0.00123288529
      ]
    ],
    "translation": [
      1.61286187,
      0.703832865,
      -0.7537904
    ]
  },
  {
    "timeStamp": 7704,
    "rotation": [
      [
        -0.9988822,
        -0.0123873428,
        0.0456179865
      ],
      [
        0.04572982,
        -0.008899699,
        0.9989142
      ],
      [
        -0.0119678993,
        0.9998837,
        0.009456221
      ]
    ],
    "translation": [
      1.61183679,
      0.7259382,
      -0.764044642
    ]
  },
  {
    "timeStamp": 7748,
    "rotation": [
      [
        -0.9932642,
        -0.00262039923,
        0.115841545
      ],
      [
        0.115856566,
        -0.0383372642,
        0.9925258
      ],
      [
        0.00184023858,
        0.9992614,
        0.0383826271
      ]
    ],
    "translation": [
      1.60494673,
      0.7604038,
      -0.777633
    ]
  },
  {
    "timeStamp": 7804,
    "rotation": [
      [
        -0.978192031,
        0.042080868,
        0.203395128
      ],
      [
        0.201445669,
        -0.046336256,
        0.9784031
      ],
      [
        0.0505966172,
        0.9980391,
        0.0368487462
      ]
    ],
    "translation": [
      1.61255229,
      0.8072128,
      -0.7795762
    ]
  },
  {
    "timeStamp": 7849,
    "rotation": [
      [
        -0.94559,
        0.108001441,
        0.306912273
      ],
      [
        0.301666766,
        -0.0623571351,
        0.951372
      ],
      [
        0.121887721,
        0.992193162,
        0.02638384
      ]
    ],
    "translation": [
      1.61190569,
      0.856582165,
      -0.772773564
    ]
  },
  {
    "timeStamp": 7904,
    "rotation": [
      [
        -0.8630151,
        0.2572214,
        0.434789658
      ],
      [
        0.4309153,
        -0.0743706748,
        0.8993225
      ],
      [
        0.2636606,
        0.963486433,
        -0.0466576181
      ]
    ],
    "translation": [
      1.628094,
      0.9170997,
      -0.7433449
    ]
  },
  {
    "timeStamp": 7949,
    "rotation": [
      [
        -0.753070056,
        0.413146973,
        0.5120499
      ],
      [
        0.5297268,
        -0.08085548,
        0.8443056
      ],
      [
        0.390224338,
        0.9070678,
        -0.157965183
      ]
    ],
    "translation": [
      1.65286994,
      0.9715956,
      -0.693288267
    ]
  },
  {
    "timeStamp": 8005,
    "rotation": [
      [
        -0.5591007,
        0.6425384,
        0.5239759
      ],
      [
        0.6179917,
        -0.0983393937,
        0.78001
      ],
      [
        0.5527139,
        0.7599169,
        -0.3421018
      ]
    ],
    "translation": [
      1.72027242,
      1.026738,
      -0.63071847
    ]
  },
  {
    "timeStamp": 8049,
    "rotation": [
      [
        -0.384247959,
        0.816829264,
        0.430282861
      ],
      [
        0.6494525,
        -0.09209817,
        0.7548042
      ],
      [
        0.6561744,
        0.56948024,
        -0.495103329
      ]
    ],
    "translation": [
      1.8061142,
      1.055335,
      -0.57438767
    ]
  },
  {
    "timeStamp": 8105,
    "rotation": [
      [
        -0.217083842,
        0.936723232,
        0.27463454
      ],
      [
        0.6968703,
        -0.04829677,
        0.7155691
      ],
      [
        0.6835542,
        0.346723169,
        -0.6422902
      ]
    ],
    "translation": [
      1.9159801,
      1.08324,
      -0.5334898
    ]
  },
  {
    "timeStamp": 8149,
    "rotation": [
      [
        -0.1290839,
        0.9848998,
        0.115367562
      ],
      [
        0.6976186,
        0.007512007,
        0.7164299
      ],
      [
        0.704745,
        0.172962129,
        -0.688054144
      ]
    ],
    "translation": [
      2.015421,
      1.08658981,
      -0.518042147
    ]
  },
  {
    "timeStamp": 8205,
    "rotation": [
      [
        -0.06509433,
        0.997102439,
        -0.0393627174
      ],
      [
        0.570954144,
        0.06956731,
        0.818029165
      ],
      [
        0.8183972,
        0.0307747517,
        -0.5738282
      ]
    ],
    "translation": [
      2.101773,
      1.04397535,
      -0.5375471
    ]
  },
  {
    "timeStamp": 8249,
    "rotation": [
      [
        -0.03752417,
        0.990984559,
        -0.128613845
      ],
      [
        0.448128045,
        0.131725013,
        0.884211361
      ],
      [
        0.8931815,
        -0.02445618,
        -0.449030876
      ]
    ],
    "translation": [
      2.15425348,
      0.9991996,
      -0.5666652
    ]
  },
  {
    "timeStamp": 8301,
    "rotation": [
      [
        0.0274847541,
        0.9915471,
        -0.126802683
      ],
      [
        0.322620064,
        0.111263618,
        0.9399663
      ],
      [
        0.946129441,
        -0.0667438358,
        -0.316834956
      ]
    ],
    "translation": [
      2.18776155,
      0.953901052,
      -0.603272259
    ]
  },
  {
    "timeStamp": 8355,
    "rotation": [
      [
        0.0533015542,
        0.993873239,
        -0.09682372
      ],
      [
        0.174478948,
        0.08620063,
        0.9808805
      ],
      [
        0.9832172,
        -0.06917615,
        -0.16881533
      ]
    ],
    "translation": [
      2.182394,
      0.892241359,
      -0.636482
    ]
  },
  {
    "timeStamp": 8400,
    "rotation": [
      [
        0.0393712223,
        0.993358254,
        -0.108116984
      ],
      [
        0.157205477,
        0.100695595,
        0.9824189
      ],
      [
        0.9867808,
        -0.0556755923,
        -0.152196839
      ]
    ],
    "translation": [
      2.18818331,
      0.866237044,
      -0.638069332
    ]
  },
  {
    "timeStamp": 8455,
    "rotation": [
      [
        0.0309191775,
        0.9946702,
        -0.0983623639
      ],
      [
        0.13204138,
        0.0934822,
        0.9868263
      ],
      [
        0.9907619,
        -0.0434997641,
        -0.128447235
      ]
    ],
    "translation": [
      2.17195773,
      0.837478757,
      -0.635445952
    ]
  },
  {
    "timeStamp": 8499,
    "rotation": [
      [
        0.0145953139,
        0.9966451,
        -0.08053267
      ],
      [
        0.123881914,
        0.0781182945,
        0.9892173
      ],
      [
        0.992189646,
        -0.0244144667,
        -0.122326136
      ]
    ],
    "translation": [
      2.161986,
      0.8188826,
      -0.6279768
    ]
  },
  {
    "timeStamp": 8555,
    "rotation": [
      [
        0.007886254,
        0.996836066,
        -0.07909265
      ],
      [
        0.101584449,
        0.07788728,
        0.991773248
      ],
      [
        0.9947957,
        -0.0158559568,
        -0.100648805
      ]
    ],
    "translation": [
      2.1467638,
      0.7968106,
      -0.6197628
    ]
  },
  {
    "timeStamp": 8600,
    "rotation": [
      [
        0.00150923163,
        0.997277737,
        -0.0737210661
      ],
      [
        0.08497325,
        0.0733266249,
        0.993681431
      ],
      [
        0.9963821,
        -0.00776399765,
        -0.0846312642
      ]
    ],
    "translation": [
      2.14030051,
      0.7818986,
      -0.61319536
    ]
  },
  {
    "timeStamp": 8655,
    "rotation": [
      [
        -0.00492942845,
        0.997479439,
        -0.07078545
      ],
      [
        0.0807002,
        0.07095224,
        0.9942099
      ],
      [
        0.9967263,
        -0.0008114939,
        -0.08084654
      ]
    ],
    "translation": [
      2.12944865,
      0.768820167,
      -0.602383
    ]
  },
  {
    "timeStamp": 8699,
    "rotation": [
      [
        -0.009629518,
        0.9974652,
        -0.07050137
      ],
      [
        0.07639955,
        0.07103245,
        0.99454385
      ],
      [
        0.997030735,
        0.00419069035,
        -0.0768899
      ]
    ],
    "translation": [
      2.12375021,
      0.7617079,
      -0.596586943
    ]
  },
  {
    "timeStamp": 8756,
    "rotation": [
      [
        -0.002010496,
        0.9987176,
        -0.05058789
      ],
      [
        0.06283111,
        0.0506141968,
        0.9967399
      ],
      [
        0.998022139,
        -0.001174541,
        -0.0628523
      ]
    ],
    "translation": [
      2.11605787,
      0.754922748,
      -0.5915611
    ]
  },
  {
    "timeStamp": 8801,
    "rotation": [
      [
        0.007673679,
        0.9994177,
        -0.0332456157
      ],
      [
        0.05418081,
        0.0327822119,
        0.9979929
      ],
      [
        0.998501658,
        -0.009459548,
        -0.0538977
      ]
    ],
    "translation": [
      2.11019588,
      0.751535654,
      -0.5886309
    ]
  },
  {
    "timeStamp": 8858,
    "rotation": [
      [
        0.0171678253,
        0.999642432,
        -0.0205004476
      ],
      [
        0.05453774,
        0.01953671,
        0.9983206
      ],
      [
        0.9983641,
        -0.0182570312,
        -0.0541828349
      ]
    ],
    "translation": [
      2.10370374,
      0.747945547,
      -0.581946
    ]
  },
  {
    "timeStamp": 8904,
    "rotation": [
      [
        0.0146789486,
        0.9998873,
        -0.003164927
      ],
      [
        0.05101675,
        0.002412196,
        0.9986949
      ],
      [
        0.99859,
        -0.0148212537,
        -0.05097559
      ]
    ],
    "translation": [
      2.09719658,
      0.7447749,
      -0.577364147
    ]
  },
  {
    "timeStamp": 8949,
    "rotation": [
      [
        0.0100577781,
        0.9999493,
        0.000502636
      ],
      [
        0.05170224,
        -0.0010220249,
        0.998662
      ],
      [
        0.9986118,
        -0.0100183329,
        -0.0517098941
      ]
    ],
    "translation": [
      2.09074974,
      0.740850449,
      -0.571187437
    ]
  },
  {
    "timeStamp": 9004,
    "rotation": [
      [
        0.0164090525,
        0.9998297,
        -0.008440333
      ],
      [
        0.03624575,
        0.007841104,
        0.999312162
      ],
      [
        0.999208152,
        -0.0167036839,
        -0.03611091
      ]
    ],
    "translation": [
      2.09012532,
      0.7349602,
      -0.5680006
    ]
  }
]