[
  {
    "timeStamp": 19911,
    "rotation": [
      [
        -0.999846041,
        0.0165149868,
        -0.00592888566
      ],
      [
        0.0153579181,
        0.9870714,
        0.159543842
      ],
      [
        0.008487098,
        0.159428224,
        -0.987173
      ]
    ],
    "translation": [
      1.77032709,
      0.7395777,
      -0.3530318
    ]
  },
  {
    "timeStamp": 19966,
    "rotation": [
      [
        -0.999842942,
        0.013671428,
        -0.0112763029
      ],
      [
        0.0109736454,
        0.977248669,
        0.2118126
      ],
      [
        0.0139155323,
        0.211655587,
        -0.9772452
      ]
    ],
    "translation": [
      1.77175236,
      0.7412993,
      -0.3510948
    ]
  },
  {
    "timeStamp": 20011,
    "rotation": [
      [
        -0.9973542,
        0.0005953783,
        -0.07269297
      ],
      [
        -0.0212389026,
        0.9539499,
        0.299212873
      ],
      [
        0.0695235953,
        0.299965143,
        -0.9514134
      ]
    ],
    "translation": [
      1.77750528,
      0.7512894,
      -0.3550447
    ]
  },
  {
    "timeStamp": 20066,
    "rotation": [
      [
        -0.993979335,
        0.08942196,
        -0.0633148849
      ],
      [
        0.0687965453,
        0.9591088,
        0.274549156
      ],
      [
        0.08527659,
        0.268540353,
        -0.9594863
      ]
    ],
    "translation": [
      1.77463365,
      0.787983656,
      -0.3556
    ]
  },
  {
    "timeStamp": 20110,
    "rotation": [
      [
        -0.989096463,
        0.141473874,
        -0.04090582
      ],
      [
        0.127262756,
        0.9608746,
        0.246016577
      ],
      [
        0.07411028,
        0.238128349,
        -0.9684021
      ]
    ],
    "translation": [
      1.77602673,
      0.8218205,
      -0.362458974
    ]
  },
  {
    "timeStamp": 20166,
    "rotation": [
      [
        -0.9772491,
        0.210734785,
        -0.023980638
      ],
      [
        0.203710571,
        0.964074731,
        0.170475438
      ],
      [
        0.0590442345,
        0.161711857,
        -0.9850701
      ]
    ],
    "translation": [
      1.78411925,
      0.8708708,
      -0.370248944
    ]
  },
  {
    "timeStamp": 20211,
    "rotation": [
      [
        -0.96095854,
        0.275559634,
        -0.0250123851
      ],
      [
        0.27081567,
        0.9552295,
        0.119144283
      ],
      [
        0.0567239262,
        0.107718967,
        -0.9925619
      ]
    ],
    "translation": [
      1.7977649,
      0.917237043,
      -0.377660245
    ]
  },
  {
    "timeStamp": 20266,
    "rotation": [
      [
        -0.9404597,
        0.337093353,
        -0.0436295532
      ],
      [
        0.3364126,
        0.941450059,
        0.022324916
      ],
      [
        0.04860062,
        0.00631815335,
        -0.9987983
      ]
    ],
    "translation": [
      1.82476163,
      0.9756207,
      -0.388856679
    ]
  },
  {
    "timeStamp": 20311,
    "rotation": [
      [
        -0.9232588,
        0.379517943,
        -0.0596611723
      ],
      [
        0.3820262,
        0.9233639,
        -0.03814656
      ],
      [
        0.04061167,
        -0.0580112748,
        -0.9974896
      ]
    ],
    "translation": [
      1.8539412,
      1.02131379,
      -0.403127283
    ]
  },
  {
    "timeStamp": 20367,
    "rotation": [
      [
        -0.911441743,
        0.398975551,
        -0.100461341
      ],
      [
        0.409692675,
        0.902533054,
        -0.132612273
      ],
      [
        0.037760634,
        -0.162026644,
        -0.9860636
      ]
    ],
    "translation": [
      1.90043163,
      1.07009816,
      -0.421983778
    ]
  },
  {
    "timeStamp": 20411,
    "rotation": [
      [
        -0.907954633,
        0.394356549,
        -0.141779363
      ],
      [
        0.4166075,
        0.8860077,
        -0.203539819
      ],
      [
        0.0453503579,
        -0.243871257,
        -0.9687467
      ]
    ],
    "translation": [
      1.94023228,
      1.09834886,
      -0.43524456
    ]
  },
  {
    "timeStamp": 20469,
    "rotation": [
      [
        -0.9172688,
        0.349245042,
        -0.191431016
      ],
      [
        0.392953634,
        0.87189,
        -0.2922247
      ],
      [
        0.06484876,
        -0.34327212,
        -0.936994553
      ]
    ],
    "translation": [
      1.994633,
      1.11891127,
      -0.452273846
    ]
  },
  {
    "timeStamp": 20508,
    "rotation": [
      [
        -0.9332199,
        0.294498652,
        -0.20584245
      ],
      [
        0.348984838,
        0.8792497,
        -0.324237019
      ],
      [
        0.08549954,
        -0.374420345,
        -0.923308849
      ]
    ],
    "translation": [
      2.033198,
      1.11894131,
      -0.470667839
    ]
  },
  {
    "timeStamp": 20564,
    "rotation": [
      [
        -0.952896059,
        0.216803655,
        -0.212097481
      ],
      [
        0.27897,
        0.9009308,
        -0.332414657
      ],
      [
        0.119016439,
        -0.375925452,
        -0.918975055
      ]
    ],
    "translation": [
      2.07581258,
      1.10366,
      -0.4930535
    ]
  },
  {
    "timeStamp": 20609,
    "rotation": [
      [
        -0.9657041,
        0.144660145,
        -0.2156134
      ],
      [
        0.2097515,
        0.9240971,
        -0.3194507
      ],
      [
        0.153035939,
        -0.353720069,
        -0.922747
      ]
    ],
    "translation": [
      2.10744238,
      1.08162582,
      -0.512119
    ]
  },
  {
    "timeStamp": 20664,
    "rotation": [
      [
        -0.9690937,
        0.130070135,
        -0.2096167
      ],
      [
        0.181729242,
        0.9510285,
        -0.2500385
      ],
      [
        0.166828915,
        -0.2804042,
        -0.94527334
      ]
    ],
    "translation": [
      2.12893963,
      1.05843151,
      -0.5411976
    ]
  },
  {
    "timeStamp": 20709,
    "rotation": [
      [
        -0.966681361,
        0.151808023,
        -0.20611015
      ],
      [
        0.18980746,
        0.965325356,
        -0.179220736
      ],
      [
        0.171756208,
        -0.212370589,
        -0.961976349
      ]
    ],
    "translation": [
      2.13575339,
      1.040726,
      -0.5650898
    ]
  },
  {
    "timeStamp": 20763,
    "rotation": [
      [
        -0.9770319,
        0.0903286859,
        -0.193001032
      ],
      [
        0.123720653,
        0.9778818,
        -0.168642879
      ],
      [
        0.1734989,
        -0.188647687,
        -0.9665972
      ]
    ],
    "translation": [
      2.14143157,
      1.00871646,
      -0.5825626
    ]
  },
  {
    "timeStamp": 20816,
    "rotation": [
      [
        -0.9831475,
        0.07399131,
        -0.167171091
      ],
      [
        0.100532755,
        0.982572556,
        -0.156347
      ],
      [
        0.1526894,
        -0.170518339,
        -0.9734523
      ]
    ],
    "translation": [
      2.14037728,
      0.9828912,
      -0.5954308
    ]
  },
  {
    "timeStamp": 20861,
    "rotation": [
      [
        -0.9895739,
        0.0407513864,
        -0.138140723
      ],
      [
        0.0616949,
        0.986622,
        -0.150900111
      ],
      [
        0.130143285,
        -0.157849386,
        -0.9788495
      ]
    ],
    "translation": [
      2.13971186,
      0.962259531,
      -0.6005571
    ]
  },
  {
    "timeStamp": 20916,
    "rotation": [
      [
        -0.9913386,
        0.0323585123,
        -0.127281651
      ],
      [
        0.0537284426,
        0.9842816,
        -0.1682347
      ],
      [
        0.119837165,
        -0.1736162,
        -0.977495
      ]
    ],
    "translation": [
      2.138905,
      0.946873963,
      -0.597514331
    ]
  },
  {
    "timeStamp": 20960,
    "rotation": [
      [
        -0.994282961,
        0.00775927026,
        -0.106494591
      ],
      [
        0.0262341183,
        0.984537244,
        -0.173199847
      ],
      [
        0.103503987,
        -0.175003454,
        -0.9791122
      ]
    ],
    "translation": [
      2.14069343,
      0.9320507,
      -0.594314337
    ]
  },
  {
    "timeStamp": 21016,
    "rotation": [
      [
        -0.9955668,
        -0.0149039542,
        -0.09286878
      ],
      [
        0.001983077,
        0.9838205,
        -0.17914632
      ],
      [
        0.09403619,
        -0.1785363,
        -0.9794294
      ]
    ],
    "translation": [
      2.14259934,
      0.916773558,
      -0.5885139
    ]
  },
  {
    "timeStamp": 21060,
    "rotation": [
      [
        -0.9970212,
        -0.0297020711,
        -0.07117907
      ],
      [
        -0.0158549771,
        0.982092738,
        -0.1877299
      ],
      [
        0.07548041,
        -0.186042145,
        -0.9796382
      ]
    ],
    "translation": [
      2.14379,
      0.9061998,
      -0.5849746
    ]
  },
  {
    "timeStamp": 21116,
    "rotation": [
      [
        -0.9978931,
        -0.0315454379,
        -0.05669407
      ],
      [
        -0.0207920149,
        0.9832408,
        -0.181122184
      ],
      [
        0.0614575,
        -0.1795618,
        -0.981825054
      ]
    ],
    "translation": [
      2.144283,
      0.8932408,
      -0.5784884
    ]
  },
  {
    "timeStamp": 21161,
    "rotation": [
      [
        -0.9983491,
        -0.02477262,
        -0.0518205874
      ],
      [
        -0.0160020068,
        0.9864497,
        -0.163281739
      ],
      [
        0.0551633164,
        -0.162182942,
        -0.9852176
      ]
    ],
    "translation": [
      2.14277244,
      0.882816553,
      -0.5748028
    ]
  },
  {
    "timeStamp": 21218,
    "rotation": [
      [
        -0.9984407,
        -0.0466164351,
        -0.0307102
      ],
      [
        -0.04174619,
        0.988750458,
        -0.143630669
      ],
      [
        0.0370602719,
        -0.142124668,
        -0.989154756
      ]
    ],
    "translation": [
      2.14174581,
      0.863876462,
      -0.5721075
    ]
  },
  {
    "timeStamp": 21264,
    "rotation": [
      [
        -0.9987393,
        -0.0487275422,
        -0.0120619107
      ],
      [
        -0.0469055846,
        0.9914789,
        -0.121529825
      ],
      [
        0.01788098,
        -0.120810837,
        -0.9925145
      ]
    ],
    "translation": [
      2.13956952,
      0.8500017,
      -0.572365463
    ]
  },
  {
    "timeStamp": 21309,
    "rotation": [
      [
        -0.998271346,
        -0.0580946729,
        -0.008903179
      ],
      [
        -0.0568213,
        0.992697656,
        -0.106407866
      ],
      [
        0.0150198955,
        -0.105718032,
        -0.994282663
      ]
    ],
    "translation": [
      2.13889337,
      0.8342288,
      -0.5693145
    ]
  },
  {
    "timeStamp": 21365,
    "rotation": [
      [
        -0.9965603,
        -0.08286367,
        -0.00116115168
      ],
      [
        -0.08235942,
        0.9918571,
        -0.09714126
      ],
      [
        0.009201177,
        -0.09671149,
        -0.995269954
      ]
    ],
    "translation": [
      2.14164519,
      0.815298,
      -0.563439548
    ]
  },
  {
    "timeStamp": 21410,
    "rotation": [
      [
        -0.9961516,
        -0.08645729,
        -0.0143905533
      ],
      [
        -0.08464498,
        0.991580963,
        -0.09799244
      ],
      [
        0.022741558,
        -0.09639724,
        -0.9950831
      ]
    ],
    "translation": [
      2.14345121,
      0.8039433,
      -0.555378437
    ]
  },
  {
    "timeStamp": 21465,
    "rotation": [
      [
        -0.994764566,
        -0.100148551,
        -0.0203395132
      ],
      [
        -0.09764802,
        0.9902016,
        -0.09982869
      ],
      [
        0.0301379152,
        -0.09731993,
        -0.994796753
      ]
    ],
    "translation": [
      2.14570522,
      0.7913136,
      -0.5480678
    ]
  }
]