[
  {
    "id": "021 bleach cleanser(Clone)-23760",
    "pickRotation": [
      [
        0.0317391381,
        0.143814221,
        0.9890956
      ],
      [
        -0.9994943,
        0.00263368757,
        0.031689886
      ],
      [
        0.00195248763,
        -0.9896012,
        0.143825084
      ]
    ],
    "pickTranslation": [
      0.007524345,
      0.0108354986,
      0.23060146
    ],
    "placeRotation": [
      [
        0.008663374,
        0.999913156,
        -0.00992613751
      ],
      [
        0.0258504264,
        0.009699244,
        0.999618769
      ],
      [
        0.999628246,
        -0.008916665,
        -0.0257641543
      ]
    ],
    "placeTranslation": [
      -0.589021564,
      0.0622950681,
      -0.8124408
    ]
  },
  {
    "id": "006 mustard bottle(Clone)-23966",
    "pickRotation": [
      [
        -0.429450631,
        -0.161991745,
        -0.888442934
      ],
      [
        0.9030886,
        -0.07894897,
        -0.422135025
      ],
      [
        -0.00175926776,
        -0.9836289,
        0.180197582
      ]
    ],
    "pickTranslation": [
      0.023427302,
      -0.0151807833,
      0.17852287
    ],
    "placeRotation": [
      [
        0.462680578,
        -0.8863275,
        0.0187148917
      ],
      [
        -0.04519407,
        -0.002498745,
        0.9989751
      ],
      [
        -0.885372341,
        -0.463052183,
        -0.0412128642
      ]
    ],
    "placeTranslation": [
      -0.113842033,
      0.0235440359,
      -0.968903959
    ]
  },
  {
    "id": "008 pudding box(Clone)-23808",
    "pickRotation": [
      [
        0.02566204,
        -0.461593777,
        0.8867202
      ],
      [
        -0.07643231,
        -0.8853218,
        -0.458653867
      ],
      [
        0.996744454,
        -0.0560040735,
        -0.0579998419
      ]
    ],
    "pickTranslation": [
      0.0301785786,
      0.06122221,
      0.0226762164
    ],
    "placeRotation": [
      [
        0.9212722,
        -0.3807654,
        0.0792158544
      ],
      [
        -0.0127889086,
        0.173912957,
        0.984678
      ],
      [
        -0.388707966,
        -0.908169568,
        0.155351609
      ]
    ],
    "placeTranslation": [
      -0.743377566,
      0.172912329,
      0.3459285
    ]
  },
  {
    "id": "100 half egg carton(Clone)-23978",
    "pickRotation": [
      [
        0.0382560752,
        0.04443658,
        0.998279452
      ],
      [
        -0.394722044,
        -0.9170955,
        0.0559493676
      ],
      [
        0.9180038,
        -0.3961833,
        -0.0175443757
      ]
    ],
    "pickTranslation": [
      -0.06566481,
      0.0265420675,
      0.0138811208
    ],
    "placeRotation": [
      [
        -0.996191144,
        -0.08495737,
        -0.01963395
      ],
      [
        -0.08139174,
        0.986776,
        -0.14017354
      ],
      [
        0.0312830843,
        -0.1380416,
        -0.9899323
      ]
    ],
    "placeTranslation": [
      -0.705298245,
      0.407258779,
      -0.316636741
    ]
  },
  {
    "id": "101 bread(Clone)-23848",
    "pickRotation": [
      [
        0.8888394,
        0.07744482,
        -0.451626837
      ],
      [
        -0.0504043736,
        -0.9631078,
        -0.264353424
      ],
      [
        -0.455438167,
        0.2577317,
        -0.8521446
      ]
    ],
    "pickTranslation": [
      0.000471347419,
      0.0626747757,
      -0.0101606045
    ],
    "placeRotation": [
      [
        -0.48786962,
        0.222606108,
        0.8440556
      ],
      [
        -0.2193666,
        0.9046413,
        -0.36537993
      ],
      [
        -0.8449033,
        -0.36341536,
        -0.392514646
      ]
    ],
    "placeTranslation": [
      -0.7208596,
      0.9227814,
      0.252002031
    ]
  },
  {
    "id": "005 tomato soup can(Clone)-23748",
    "pickRotation": [
      [
        -0.136701778,
        -0.08987609,
        -0.986526668
      ],
      [
        0.9901111,
        -0.0440687463,
        -0.133183658
      ],
      [
        -0.03150497,
        -0.9949775,
        0.0950116
      ]
    ],
    "pickTranslation": [
      0.009682699,
      0.0914764,
      0.109620631
    ],
    "placeRotation": [
      [
        0.438262165,
        -0.897937655,
        -0.0404251143
      ],
      [
        -0.0165997874,
        -0.05305231,
        0.998453736
      ],
      [
        -0.89869386,
        -0.43691346,
        -0.0381563976
      ]
    ],
    "placeTranslation": [
      -0.4154351,
      0.04582619,
      0.5995892
    ]
  },
  {
    "id": "002 masterchef can(Clone)-24204",
    "pickRotation": [
      [
        -0.8381957,
        -0.0489633568,
        -0.5431672
      ],
      [
        0.539946854,
        -0.214605764,
        -0.8138807
      ],
      [
        -0.07671648,
        -0.9754727,
        0.206319228
      ]
    ],
    "pickTranslation": [
      0.0283776429,
      0.00526541658,
      0.141431585
    ],
    "placeRotation": [
      [
        0.8949679,
        -0.445665479,
        -0.0203644633
      ],
      [
        0.0263529643,
        0.00724355,
        0.999626458
      ],
      [
        -0.445351481,
        -0.8951703,
        0.01822735
      ]
    ],
    "placeTranslation": [
      -0.15700686,
      0.696517646,
      -0.156935945
    ]
  },
  {
    "id": "010 potted meat can(Clone)-23836",
    "pickRotation": [
      [
        -0.19259122,
        -0.03907223,
        -0.9805008
      ],
      [
        0.9743713,
        0.110737704,
        -0.195800066
      ],
      [
        0.116228767,
        -0.993081331,
        0.0167437512
      ]
    ],
    "pickTranslation": [
      0.0369703621,
      -0.02639516,
      0.07068487
    ],
    "placeRotation": [
      [
        -0.0159328151,
        -0.996217251,
        -0.08542425
      ],
      [
        -0.08214527,
        -0.0838421,
        0.9930874
      ],
      [
        -0.996493,
        0.022839902,
        -0.0804986954
      ]
    ],
    "placeTranslation": [
      -0.221823171,
      0.142839313,
      0.42440182
    ]
  },
  {
    "id": "025 mug(Clone)-23990",
    "pickRotation": [
      [
        -0.980340958,
        -0.163151056,
        -0.110965356
      ],
      [
        0.121916339,
        -0.0586859435,
        -0.9908039
      ],
      [
        0.1551386,
        -0.9848541,
        0.0774230137
      ]
    ],
    "pickTranslation": [
      0.04770621,
      0.0166750625,
      0.0855190158
    ],
    "placeRotation": [
      [
        0.899955034,
        -0.435365379,
        -0.02319261
      ],
      [
        0.00753674237,
        -0.0376529172,
        0.999262452
      ],
      [
        -0.435917526,
        -0.899466038,
        -0.0306046959
      ]
    ],
    "placeTranslation": [
      0.174474671,
      0.05995278,
      0.00292588887
    ]
  },
  {
    "id": "016 pear(Clone)-23872",
    "pickRotation": [
      [
        -0.8819081,
        -0.3892516,
        -0.2659346
      ],
      [
        0.303988665,
        -0.0383982025,
        -0.9519015
      ],
      [
        0.360317767,
        -0.920330763,
        0.152191773
      ]
    ],
    "pickTranslation": [
      0.0374129079,
      0.0505508371,
      0.0251428448
    ],
    "placeRotation": [
      [
        0.9033111,
        -0.4249662,
        -0.0585903153
      ],
      [
        0.3911646,
        0.7598791,
        0.519205153
      ],
      [
        -0.176123068,
        -0.4919222,
        0.85263896
      ]
    ],
    "placeTranslation": [
      0.410850585,
      0.5249266,
      -0.272069
    ]
  },
  {
    "id": "017 orange(Clone)-23824",
    "pickRotation": [
      [
        -0.6593274,
        0.515327752,
        -0.5474711
      ],
      [
        -0.6720809,
        -0.730374336,
        0.121904455
      ],
      [
        -0.33703807,
        0.4483198,
        0.8278977
      ]
    ],
    "pickTranslation": [
      -0.0136103891,
      0.0025780024,
      0.0126815457
    ],
    "placeRotation": [
      [
        0.503807366,
        0.6903306,
        0.519251049
      ],
      [
        -0.5638758,
        0.7181979,
        -0.4077203
      ],
      [
        -0.6543868,
        -0.0873806253,
        0.751094162
      ]
    ],
    "placeTranslation": [
      0.451834261,
      1.01739752,
      0.108959451
    ]
  },
  {
    "id": "013 apple(Clone)-23896",
    "pickRotation": [
      [
        -0.908002555,
        0.06302255,
        -0.414197534
      ],
      [
        0.418190718,
        0.07626733,
        -0.905151844
      ],
      [
        -0.0254552439,
        -0.9950937,
        -0.09560637
      ]
    ],
    "pickTranslation": [
      0.00922386348,
      0.00552150654,
      0.07201924
    ],
    "placeRotation": [
      [
        0.640419066,
        -0.7255653,
        -0.2518299
      ],
      [
        0.07908078,
        -0.263853729,
        0.961315453
      ],
      [
        -0.763943434,
        -0.6355597,
        -0.111598693
      ]
    ],
    "placeTranslation": [
      0.6747239,
      0.184987009,
      0.6220322
    ]
  },
  {
    "id": "015 peach(Clone)-23860",
    "pickRotation": [
      [
        -0.838717,
        -0.0188512541,
        0.54424125
      ],
      [
        -0.542853951,
        -0.0502810478,
        -0.8383206
      ],
      [
        0.0431684144,
        -0.9985572,
        0.03193809
      ]
    ],
    "pickTranslation": [
      0.0154608916,
      0.0119998129,
      0.05667107
    ],
    "placeRotation": [
      [
        0.964195251,
        0.09914255,
        -0.245963916
      ],
      [
        0.245471969,
        0.0173219386,
        0.9692489
      ],
      [
        0.100354381,
        -0.994922459,
        -0.007634986
      ]
    ],
    "placeTranslation": [
      0.5104951,
      0.6013269,
      0.5441111
    ]
  },
  {
    "id": "012 strawberry(Clone)-23772",
    "pickRotation": [
      [
        0.492855161,
        -0.3606821,
        0.7918347
      ],
      [
        0.135988042,
        -0.8669256,
        -0.479528069
      ],
      [
        0.859419,
        0.344017953,
        -0.37822032
      ]
    ],
    "pickTranslation": [
      0.009241274,
      0.0230884757,
      0.0152400248
    ],
    "placeRotation": [
      [
        -0.138337672,
        -0.657810748,
        -0.74037
      ],
      [
        0.318772823,
        0.678201854,
        -0.662137568
      ],
      [
        0.9376815,
        -0.327608377,
        0.11587134
      ]
    ],
    "placeTranslation": [
      0.8216259,
      0.8353305,
      0.835979462
    ]
  },
  {
    "id": "011 banana(Clone)-23908",
    "pickRotation": [
      [
        -0.9982709,
        -0.0471495166,
        -0.0351025239
      ],
      [
        0.0261323527,
        0.178934127,
        -0.983513951
      ],
      [
        0.0526532456,
        -0.9827307,
        -0.177392587
      ]
    ],
    "pickTranslation": [
      0.0127690164,
      0.0216228925,
      0.0323216766
    ],
    "placeRotation": [
      [
        -0.7280904,
        0.413276553,
        -0.546888351
      ],
      [
        0.284296453,
        0.908022,
        0.307687432
      ],
      [
        0.6237467,
        0.06854584,
        -0.7786151
      ]
    ],
    "placeTranslation": [
      0.7837921,
      0.7875634,
      0.475597173
    ]
  },
  {
    "id": "057 racquetball(Clone)-23884",
    "pickRotation": [
      [
        -0.9632654,
        -0.0312689729,
        -0.266724557
      ],
      [
        0.03433489,
        -0.999386966,
        -0.006837791
      ],
      [
        -0.266347229,
        -0.0157445651,
        0.9637486
      ]
    ],
    "pickTranslation": [
      0.005472742,
      -0.0983990356,
      0.0236970428
    ],
    "placeRotation": [
      [
        0.7130235,
        -0.258804679,
        0.651626945
      ],
      [
        0.17521897,
        0.9656657,
        0.191802323
      ],
      [
        -0.6788931,
        -0.0225821529,
        0.733889759
      ]
    ],
    "placeTranslation": [
      0.931582332,
      1.63036644,
      -0.07548235
    ]
  },
  {
    "id": "058 golf ball(Clone)-23796",
    "pickRotation": [
      [
        -0.286360741,
        -0.0398167334,
        -0.9572941
      ],
      [
        0.848522663,
        -0.474566817,
        -0.234084651
      ],
      [
        -0.444979578,
        -0.8793185,
        0.1696827
      ]
    ],
    "pickTranslation": [
      0.010605298,
      -0.0193001591,
      0.0384666473
    ],
    "placeRotation": [
      [
        -0.320155919,
        -0.838526,
        0.440879136
      ],
      [
        0.1363015,
        0.419762045,
        0.8973415
      ],
      [
        -0.937508464,
        0.347381681,
        -0.0200969577
      ]
    ],
    "placeTranslation": [
      0.673499167,
      0.5964438,
      -0.797530949
    ]
  },
  {
    "id": "102 toothbrush(Clone)-23784",
    "pickRotation": [
      [
        -0.153939977,
        0.03691159,
        -0.987390459
      ],
      [
        -0.156539857,
        -0.98759234,
        -0.0125136524
      ],
      [
        -0.975601256,
        0.152639627,
        0.157808065
      ]
    ],
    "pickTranslation": [
      0.0205843411,
      0.0186951477,
      0.0207406748
    ],
    "placeRotation": [
      [
        -0.124846891,
        0.162095591,
        0.978845358
      ],
      [
        -0.6002645,
        0.773189068,
        -0.204599932
      ],
      [
        -0.789997339,
        -0.6131098,
        0.0007699779
      ]
    ],
    "placeTranslation": [
      0.428814858,
      0.64983803,
      -0.8485318
    ]
  }
]