[
  {
    "timeStamp": 18949,
    "rotation": [
      [
        0.998958766,
        0.020534981,
        -0.040739622
      ],
      [
        0.041011624,
        -0.0130031742,
        0.999074042
      ],
      [
        0.019986216,
        -0.99970454,
        -0.0138318073
      ]
    ],
    "translation": [
      1.76842165,
      0.7012902,
      -0.3555464
    ]
  },
  {
    "timeStamp": 18993,
    "rotation": [
      [
        0.9997082,
        0.0206441116,
        0.0125456667
      ],
      [
        -0.0126192225,
        0.003436622,
        0.999914467
      ],
      [
        0.0205992311,
        -0.999780953,
        0.00369613175
      ]
    ],
    "translation": [
      1.76840746,
      0.7013571,
      -0.355535984
    ]
  },
  {
    "timeStamp": 19049,
    "rotation": [
      [
        0.9994033,
        0.021640474,
        0.0269204341
      ],
      [
        -0.0267608482,
        -0.007630642,
        0.999612749
      ],
      [
        0.02183751,
        -0.9997367,
        -0.00704697147
      ]
    ],
    "translation": [
      1.76835716,
      0.7026399,
      -0.355557323
    ]
  },
  {
    "timeStamp": 19104,
    "rotation": [
      [
        0.999397039,
        0.020780623,
        0.0278157238
      ],
      [
        -0.0276837926,
        -0.006609711,
        0.999594867
      ],
      [
        0.0209560636,
        -0.999762237,
        -0.006030439
      ]
    ],
    "translation": [
      1.7684797,
      0.70256114,
      -0.355552
    ]
  },
  {
    "timeStamp": 19148,
    "rotation": [
      [
        0.9993784,
        0.0137212062,
        0.0324752852
      ],
      [
        -0.03174542,
        -0.05042542,
        0.9982232
      ],
      [
        0.0153343957,
        -0.998633564,
        -0.04995849
      ]
    ],
    "translation": [
      1.771927,
      0.7124101,
      -0.3512662
    ]
  },
  {
    "timeStamp": 19204,
    "rotation": [
      [
        0.9985439,
        0.0259364862,
        0.0473012961
      ],
      [
        -0.0446132533,
        -0.09591202,
        0.994389534
      ],
      [
        0.0303277317,
        -0.995051861,
        -0.09461524
      ]
    ],
    "translation": [
      1.77369285,
      0.7337822,
      -0.3471813
    ]
  },
  {
    "timeStamp": 19248,
    "rotation": [
      [
        0.995943546,
        0.012499528,
        0.08910806
      ],
      [
        -0.08616551,
        -0.152815238,
        0.9844912
      ],
      [
        0.0259227566,
        -0.98817575,
        -0.151118323
      ]
    ],
    "translation": [
      1.77844036,
      0.7621415,
      -0.3443836
    ]
  },
  {
    "timeStamp": 19304,
    "rotation": [
      [
        0.991086,
        0.04339843,
        0.125957265
      ],
      [
        -0.112076245,
        -0.239537567,
        0.964396536
      ],
      [
        0.072024785,
        -0.9699167,
        -0.232538387
      ]
    ],
    "translation": [
      1.78096855,
      0.80872345,
      -0.344934523
    ]
  },
  {
    "timeStamp": 19348,
    "rotation": [
      [
        0.9869433,
        0.0537150651,
        0.151847348
      ],
      [
        -0.126411334,
        -0.325913936,
        0.93691
      ],
      [
        0.09981535,
        -0.9438723,
        -0.314868361
      ]
    ],
    "translation": [
      1.79009914,
      0.854558766,
      -0.353436828
    ]
  },
  {
    "timeStamp": 19404,
    "rotation": [
      [
        0.9757967,
        0.0503077731,
        0.212814063
      ],
      [
        -0.174405769,
        -0.408048779,
        0.896146655
      ],
      [
        0.131921664,
        -0.911573,
        -0.3893987
      ]
    ],
    "translation": [
      1.80491447,
      0.9116912,
      -0.372565567
    ]
  },
  {
    "timeStamp": 19448,
    "rotation": [
      [
        0.970688343,
        0.0392357558,
        0.237117618
      ],
      [
        -0.190611348,
        -0.475264758,
        0.858947456
      ],
      [
        0.1463951,
        -0.8789676,
        -0.453855157
      ]
    ],
    "translation": [
      1.82725775,
      0.955582559,
      -0.392969966
    ]
  },
  {
    "timeStamp": 19504,
    "rotation": [
      [
        0.965276659,
        -0.00614671,
        0.2611574
      ],
      [
        -0.225584552,
        -0.523739755,
        0.821467161
      ],
      [
        0.131729186,
        -0.8518562,
        -0.506940365
      ]
    ],
    "translation": [
      1.865752,
      0.999328434,
      -0.416723281
    ]
  },
  {
    "timeStamp": 19548,
    "rotation": [
      [
        0.9688338,
        -0.0465942174,
        0.243290067
      ],
      [
        -0.22657378,
        -0.563677967,
        0.794311941
      ],
      [
        0.100126915,
        -0.824679434,
        -0.556667268
      ]
    ],
    "translation": [
      1.90394878,
      1.02681458,
      -0.434066921
    ]
  },
  {
    "timeStamp": 19604,
    "rotation": [
      [
        0.971580148,
        -0.103717014,
        0.212778568
      ],
      [
        -0.2329756,
        -0.57804364,
        0.782040834
      ],
      [
        0.0418843664,
        -0.809387565,
        -0.5857793
      ]
    ],
    "translation": [
      1.95391381,
      1.043978,
      -0.450845122
    ]
  },
  {
    "timeStamp": 19648,
    "rotation": [
      [
        0.977214,
        -0.136863619,
        0.1622382
      ],
      [
        -0.21190685,
        -0.5852081,
        0.7827049
      ],
      [
        -0.0121807223,
        -0.79924953,
        -0.6008759
      ]
    ],
    "translation": [
      1.991806,
      1.04765308,
      -0.461119622
    ]
  },
  {
    "timeStamp": 19704,
    "rotation": [
      [
        0.9770101,
        -0.1907188,
        0.09527738
      ],
      [
        -0.190250084,
        -0.5782758,
        0.7933486
      ],
      [
        -0.0962099,
        -0.7932361,
        -0.6012655
      ]
    ],
    "translation": [
      2.0408268,
      1.0394702,
      -0.4711279
    ]
  },
  {
    "timeStamp": 19748,
    "rotation": [
      [
        0.969214439,
        -0.239501566,
        0.05711721
      ],
      [
        -0.184571564,
        -0.5531916,
        0.81235
      ],
      [
        -0.162962347,
        -0.7978835,
        -0.580366433
      ]
    ],
    "translation": [
      2.07419682,
      1.02208042,
      -0.47676754
    ]
  },
  {
    "timeStamp": 19804,
    "rotation": [
      [
        0.9545829,
        -0.2976103,
        0.0141241169
      ],
      [
        -0.173359528,
        -0.5162455,
        0.83871156
      ],
      [
        -0.242317691,
        -0.8030683,
        -0.5443927
      ]
    ],
    "translation": [
      2.11235428,
      0.9934708,
      -0.483497262
    ]
  },
  {
    "timeStamp": 19847,
    "rotation": [
      [
        0.944526136,
        -0.328338385,
        0.008014031
      ],
      [
        -0.178422555,
        -0.4924739,
        0.851842046
      ],
      [
        -0.275745749,
        -0.806017,
        -0.523737431
      ]
    ],
    "translation": [
      2.12858152,
      0.975516438,
      -0.485417724
    ]
  },
  {
    "timeStamp": 19898,
    "rotation": [
      [
        0.9312646,
        -0.3634714,
        -0.025194332
      ],
      [
        -0.142613009,
        -0.427279741,
        0.8928009
      ],
      [
        -0.3352726,
        -0.827840865,
        -0.449746281
      ]
    ],
    "translation": [
      2.15324163,
      0.9295683,
      -0.484972537
    ]
  },
  {
    "timeStamp": 19954,
    "rotation": [
      [
        0.9318077,
        -0.36185056,
        -0.0282583572
      ],
      [
        -0.121703744,
        -0.384851158,
        0.914919555
      ],
      [
        -0.34193942,
        -0.8490899,
        -0.402645856
      ]
    ],
    "translation": [
      2.156476,
      0.896622,
      -0.481591344
    ]
  },
  {
    "timeStamp": 19998,
    "rotation": [
      [
        0.928234339,
        -0.3719488,
        -0.00592327444
      ],
      [
        -0.13186489,
        -0.34388718,
        0.929706037
      ],
      [
        -0.347839981,
        -0.862204,
        -0.36825487
      ]
    ],
    "translation": [
      2.156016,
      0.8744185,
      -0.4771001
    ]
  },
  {
    "timeStamp": 20054,
    "rotation": [
      [
        0.928124368,
        -0.3721893,
        -0.007767401
      ],
      [
        -0.109397717,
        -0.2926288,
        0.949947655
      ],
      [
        -0.355833352,
        -0.880819857,
        -0.312312573
      ]
    ],
    "translation": [
      2.155678,
      0.8467257,
      -0.473412156
    ]
  },
  {
    "timeStamp": 20098,
    "rotation": [
      [
        0.9295007,
        -0.36855945,
        0.013869294
      ],
      [
        -0.112296656,
        -0.246990755,
        0.962488949
      ],
      [
        -0.351308823,
        -0.896191657,
        -0.270966083
      ]
    ],
    "translation": [
      2.1518836,
      0.8273555,
      -0.469190657
    ]
  },
  {
    "timeStamp": 20143,
    "rotation": [
      [
        0.929711461,
        -0.367836535,
        0.0182465762
      ],
      [
        -0.09800276,
        -0.199337319,
        0.975018
      ],
      [
        -0.355010033,
        -0.908273637,
        -0.221375167
      ]
    ],
    "translation": [
      2.14962268,
      0.808415353,
      -0.46804893
    ]
  },
  {
    "timeStamp": 20198,
    "rotation": [
      [
        0.940155,
        -0.340682566,
        0.00662606349
      ],
      [
        -0.07648063,
        -0.192028239,
        0.97840476
      ],
      [
        -0.332053035,
        -0.9203589,
        -0.206591934
      ]
    ],
    "translation": [
      2.14365482,
      0.7995684,
      -0.461285949
    ]
  },
  {
    "timeStamp": 20254,
    "rotation": [
      [
        0.944402,
        -0.328549117,
        0.0126643805
      ],
      [
        -0.0713743642,
        -0.167259231,
        0.983326
      ],
      [
        -0.320952684,
        -0.929558933,
        -0.181409925
      ]
    ],
    "translation": [
      2.140464,
      0.79053843,
      -0.457263768
    ]
  },
  {
    "timeStamp": 20299,
    "rotation": [
      [
        0.950170934,
        -0.3114411,
        0.0134016834
      ],
      [
        -0.0655981153,
        -0.157733634,
        0.9853005
      ],
      [
        -0.3047492,
        -0.937083,
        -0.170303851
      ]
    ],
    "translation": [
      2.138594,
      0.786354,
      -0.453115255
    ]
  },
  {
    "timeStamp": 20344,
    "rotation": [
      [
        0.9506009,
        -0.310190976,
        0.0118106706
      ],
      [
        -0.0541883521,
        -0.12835972,
        0.9902461
      ],
      [
        -0.3056494,
        -0.941968858,
        -0.1388276
      ]
    ],
    "translation": [
      2.13883471,
      0.7775021,
      -0.451899052
    ]
  },
  {
    "timeStamp": 20404,
    "rotation": [
      [
        0.956937551,
        -0.28989923,
        0.01513193
      ],
      [
        -0.0491675772,
        -0.110484689,
        0.99266094
      ],
      [
        -0.2860998,
        -0.9506585,
        -0.119980589
      ]
    ],
    "translation": [
      2.136891,
      0.77176255,
      -0.448853165
    ]
  },
  {
    "timeStamp": 20447,
    "rotation": [
      [
        0.960544169,
        -0.278118223,
        -0.00226513017
      ],
      [
        -0.0254087634,
        -0.0958592445,
        0.9950706
      ],
      [
        -0.2769644,
        -0.9557517,
        -0.09914368
      ]
    ],
    "translation": [
      2.1378274,
      0.766197,
      -0.447819859
    ]
  },
  {
    "timeStamp": 20503,
    "rotation": [
      [
        0.9613586,
        -0.2716988,
        -0.0443784
      ],
      [
        0.0217960961,
        -0.08557696,
        0.996093154
      ],
      [
        -0.274435073,
        -0.958569944,
        -0.07634817
      ]
    ],
    "translation": [
      2.14255881,
      0.7611998,
      -0.4477479
    ]
  },
  {
    "timeStamp": 20548,
    "rotation": [
      [
        0.96426934,
        -0.261698365,
        -0.0412133224
      ],
      [
        0.0209235884,
        -0.0798503,
        0.9965872
      ],
      [
        -0.264096171,
        -0.961840868,
        -0.07152153
      ]
    ],
    "translation": [
      2.14129257,
      0.759077251,
      -0.446375966
    ]
  },
  {
    "timeStamp": 20603,
    "rotation": [
      [
        0.9652427,
        -0.254319221,
        -0.06023536
      ],
      [
        0.04284229,
        -0.07338913,
        0.9963828
      ],
      [
        -0.257819861,
        -0.9643318,
        -0.0599427037
      ]
    ],
    "translation": [
      2.142706,
      0.7557462,
      -0.4465885
    ]
  },
  {
    "timeStamp": 20647,
    "rotation": [
      [
        0.9643625,
        -0.258170158,
        -0.0579068847
      ],
      [
        0.04077832,
        -0.07121842,
        0.996626854
      ],
      [
        -0.261423349,
        -0.9634709,
        -0.0581526347
      ]
    ],
    "translation": [
      2.1439054,
      0.7540339,
      -0.445862174
    ]
  },
  {
    "timeStamp": 20703,
    "rotation": [
      [
        0.965968132,
        -0.250648052,
        -0.063883476
      ],
      [
        0.0491176732,
        -0.06473656,
        0.996692836
      ],
      [
        -0.253954738,
        -0.9659113,
        -0.05022221
      ]
    ],
    "translation": [
      2.143267,
      0.751235247,
      -0.4459061
    ]
  },
  {
    "timeStamp": 20747,
    "rotation": [
      [
        0.9665167,
        -0.248362526,
        -0.06451051
      ],
      [
        0.0513042137,
        -0.0592905,
        0.996921539
      ],
      [
        -0.2514228,
        -0.966850936,
        -0.04456321
      ]
    ],
    "translation": [
      2.14279842,
      0.7495324,
      -0.4461445
    ]
  },
  {
    "timeStamp": 20803,
    "rotation": [
      [
        0.9655054,
        -0.2462582,
        -0.0845939741
      ],
      [
        0.07315373,
        -0.05525667,
        0.995788753
      ],
      [
        -0.249895513,
        -0.9676278,
        -0.03533591
      ]
    ],
    "translation": [
      2.14498973,
      0.7470397,
      -0.446365476
    ]
  }
]