[
  {
    "timeStamp": 6299,
    "rotation": [
      [
        0.996464968,
        -0.08400357,
        0.00100973342
      ],
      [
        -0.00499585364,
        -0.0472551361,
        0.9988704
      ],
      [
        -0.08386096,
        -0.995344341,
        -0.0475077555
      ]
    ],
    "translation": [
      1.45768893,
      0.7029715,
      -0.48867178
    ]
  },
  {
    "timeStamp": 6343,
    "rotation": [
      [
        0.996558249,
        -0.0828821138,
        0.00146755716
      ],
      [
        -0.005999351,
        -0.0544550456,
        0.9984982
      ],
      [
        -0.08267773,
        -0.9950704,
        -0.0547648631
      ]
    ],
    "translation": [
      1.457745,
      0.70413357,
      -0.48875916
    ]
  },
  {
    "timeStamp": 6399,
    "rotation": [
      [
        0.9964147,
        -0.08313317,
        0.01570314
      ],
      [
        -0.0203881226,
        -0.05580959,
        0.998233259
      ],
      [
        -0.08210992,
        -0.994974434,
        -0.05730443
      ]
    ],
    "translation": [
      1.45781267,
      0.7037634,
      -0.488947
    ]
  },
  {
    "timeStamp": 6454,
    "rotation": [
      [
        0.9919131,
        -0.126730189,
        0.006915897
      ],
      [
        -0.0117137833,
        -0.03715301,
        0.999240935
      ],
      [
        -0.126377046,
        -0.991241157,
        -0.0383370444
      ]
    ],
    "translation": [
      1.4575665,
      0.707942963,
      -0.491550624
    ]
  },
  {
    "timeStamp": 6498,
    "rotation": [
      [
        0.987866044,
        -0.148926839,
        0.04406323
      ],
      [
        -0.0514670573,
        -0.0462300479,
        0.9976041
      ],
      [
        -0.146532968,
        -0.987767,
        -0.0533339158
      ]
    ],
    "translation": [
      1.456689,
      0.7236043,
      -0.491907626
    ]
  },
  {
    "timeStamp": 6554,
    "rotation": [
      [
        0.9801134,
        -0.173221946,
        0.09680818
      ],
      [
        -0.11374677,
        -0.09067122,
        0.9893636
      ],
      [
        -0.162601754,
        -0.9807002,
        -0.108571514
      ]
    ],
    "translation": [
      1.45750189,
      0.7528268,
      -0.492352068
    ]
  },
  {
    "timeStamp": 6598,
    "rotation": [
      [
        0.9595772,
        -0.224774435,
        0.169375449
      ],
      [
        -0.1937752,
        -0.091187,
        0.9767989
      ],
      [
        -0.204114571,
        -0.970134735,
        -0.131056681
      ]
    ],
    "translation": [
      1.46164763,
      0.7874316,
      -0.4964106
    ]
  },
  {
    "timeStamp": 6654,
    "rotation": [
      [
        0.9315749,
        -0.276796848,
        0.235694468
      ],
      [
        -0.279114932,
        -0.129138052,
        0.9515347
      ],
      [
        -0.232944682,
        -0.9522116,
        -0.1975599
      ]
    ],
    "translation": [
      1.47605944,
      0.8363114,
      -0.504598856
    ]
  },
  {
    "timeStamp": 6698,
    "rotation": [
      [
        0.9049673,
        -0.318784416,
        0.2817991
      ],
      [
        -0.339490145,
        -0.141764373,
        0.929865241
      ],
      [
        -0.256477475,
        -0.9371656,
        -0.236516282
      ]
    ],
    "translation": [
      1.49508393,
      0.8762227,
      -0.5193073
    ]
  },
  {
    "timeStamp": 6754,
    "rotation": [
      [
        0.8760745,
        -0.3640366,
        0.31618163
      ],
      [
        -0.393522263,
        -0.160891443,
        0.905126631
      ],
      [
        -0.2786283,
        -0.917382836,
        -0.284209371
      ]
    ],
    "translation": [
      1.52525425,
      0.9224352,
      -0.541065454
    ]
  },
  {
    "timeStamp": 6798,
    "rotation": [
      [
        0.8476289,
        -0.413876563,
        0.332011282
      ],
      [
        -0.4320054,
        -0.17503351,
        0.8847229
      ],
      [
        -0.308052957,
        -0.8933474,
        -0.327160358
      ]
    ],
    "translation": [
      1.55633175,
      0.95630765,
      -0.5591358
    ]
  },
  {
    "timeStamp": 6854,
    "rotation": [
      [
        0.795299351,
        -0.482810348,
        0.36659658
      ],
      [
        -0.490419328,
        -0.156932861,
        0.8572403
      ],
      [
        -0.356353462,
        -0.8615487,
        -0.36158815
      ]
    ],
    "translation": [
      1.59915948,
      0.9970628,
      -0.581265569
    ]
  },
  {
    "timeStamp": 6898,
    "rotation": [
      [
        0.7508785,
        -0.551656,
        0.3631213
      ],
      [
        -0.516923,
        -0.148694813,
        0.843018651
      ],
      [
        -0.411062062,
        -0.820710361,
        -0.396815449
      ]
    ],
    "translation": [
      1.63959408,
      1.021718,
      -0.596433938
    ]
  },
  {
    "timeStamp": 6954,
    "rotation": [
      [
        0.673269,
        -0.6446203,
        0.3621788
      ],
      [
        -0.5457784,
        -0.102801509,
        0.831599534
      ],
      [
        -0.498833418,
        -0.757559538,
        -0.421032935
      ]
    ],
    "translation": [
      1.69571638,
      1.04519558,
      -0.611050963
    ]
  },
  {
    "timeStamp": 6999,
    "rotation": [
      [
        0.602009237,
        -0.7269524,
        0.330340832
      ],
      [
        -0.556437552,
        -0.08522071,
        0.8265075
      ],
      [
        -0.5726797,
        -0.6813792,
        -0.4558073
      ]
    ],
    "translation": [
      1.74472368,
      1.05806684,
      -0.6178681
    ]
  },
  {
    "timeStamp": 7054,
    "rotation": [
      [
        0.5203455,
        -0.8097669,
        0.271142334
      ],
      [
        -0.5363201,
        -0.06280588,
        0.8416746
      ],
      [
        -0.664530933,
        -0.5833807,
        -0.466975
      ]
    ],
    "translation": [
      1.80685294,
      1.06336975,
      -0.623522758
    ]
  },
  {
    "timeStamp": 7099,
    "rotation": [
      [
        0.44334352,
        -0.8745412,
        0.196530432
      ],
      [
        -0.5240546,
        -0.07501622,
        0.848374546
      ],
      [
        -0.7271955,
        -0.479114026,
        -0.491565257
      ]
    ],
    "translation": [
      1.85899353,
      1.06590044,
      -0.6225535
    ]
  },
  {
    "timeStamp": 7154,
    "rotation": [
      [
        0.292260617,
        -0.9423445,
        0.1630049
      ],
      [
        -0.506193757,
        -0.007818413,
        0.8623843
      ],
      [
        -0.8113887,
        -0.334553063,
        -0.4792939
      ]
    ],
    "translation": [
      1.92388582,
      1.06514168,
      -0.619421
    ]
  },
  {
    "timeStamp": 7198,
    "rotation": [
      [
        0.144140556,
        -0.9754678,
        0.166391268
      ],
      [
        -0.5157673,
        0.06944374,
        0.8539097
      ],
      [
        -0.8445162,
        -0.20890218,
        -0.4931047
      ]
    ],
    "translation": [
      1.97107,
      1.06632173,
      -0.612687945
    ]
  },
  {
    "timeStamp": 7254,
    "rotation": [
      [
        0.07187967,
        -0.9933256,
        0.0902079344
      ],
      [
        -0.4717808,
        0.04582467,
        0.8805242
      ],
      [
        -0.878781,
        -0.105850175,
        -0.465338141
      ]
    ],
    "translation": [
      2.01992965,
      1.0506115,
      -0.605051637
    ]
  },
  {
    "timeStamp": 7298,
    "rotation": [
      [
        -0.00333054084,
        -0.9954082,
        0.0956634
      ],
      [
        -0.422322065,
        0.08811419,
        0.902152956
      ],
      [
        -0.9064398,
        -0.03739611,
        -0.4206763
      ]
    ],
    "translation": [
      2.04639363,
      1.03109443,
      -0.597345
    ]
  },
  {
    "timeStamp": 7354,
    "rotation": [
      [
        -0.0455375537,
        -0.994929552,
        0.08967467
      ],
      [
        -0.367962658,
        0.100161947,
        0.924430132
      ],
      [
        -0.9287248,
        0.00909936,
        -0.37065804
      ]
    ],
    "translation": [
      2.07011056,
      1.00278509,
      -0.5876123
    ]
  },
  {
    "timeStamp": 7408,
    "rotation": [
      [
        -0.104272306,
        -0.9898623,
        0.09643594
      ],
      [
        -0.334366858,
        0.1262114,
        0.9339537
      ],
      [
        -0.9366569,
        0.06514053,
        -0.3441375
      ]
    ],
    "translation": [
      2.0876925,
      0.9805175,
      -0.578999937
    ]
  },
  {
    "timeStamp": 7450,
    "rotation": [
      [
        -0.155634135,
        -0.9814869,
        0.111630894
      ],
      [
        -0.272143036,
        0.15123719,
        0.9502976
      ],
      [
        -0.949587345,
        0.117519177,
        -0.2906425
      ]
    ],
    "translation": [
      2.10699344,
      0.9488845,
      -0.570584238
    ]
  },
  {
    "timeStamp": 7504,
    "rotation": [
      [
        -0.2071684,
        -0.966538668,
        0.151275739
      ],
      [
        -0.214864418,
        0.195807815,
        0.956813753
      ],
      [
        -0.9544185,
        0.165717781,
        -0.248239964
      ]
    ],
    "translation": [
      2.11699462,
      0.9200399,
      -0.564861059
    ]
  },
  {
    "timeStamp": 7549,
    "rotation": [
      [
        -0.208163276,
        -0.966656864,
        0.149139121
      ],
      [
        -0.167134762,
        0.185391262,
        0.9683471
      ],
      [
        -0.96370846,
        0.176647961,
        -0.200153619
      ]
    ],
    "translation": [
      2.12368774,
      0.8976704,
      -0.5597677
    ]
  },
  {
    "timeStamp": 7604,
    "rotation": [
      [
        -0.217649475,
        -0.962624669,
        0.1611908
      ],
      [
        -0.126005858,
        0.191480741,
        0.973374367
      ],
      [
        -0.967859149,
        0.191543445,
        -0.162972033
      ]
    ],
    "translation": [
      2.12829375,
      0.8752603,
      -0.552243769
    ]
  },
  {
    "timeStamp": 7649,
    "rotation": [
      [
        -0.186489165,
        -0.976903439,
        0.104314119
      ],
      [
        -0.0971257538,
        0.123988762,
        0.9875188
      ],
      [
        -0.9776443,
        0.174029961,
        -0.118005045
      ]
    ],
    "translation": [
      2.13168454,
      0.8560358,
      -0.547379255
    ]
  },
  {
    "timeStamp": 7693,
    "rotation": [
      [
        -0.172953069,
        -0.979335368,
        0.104829982
      ],
      [
        -0.0760435238,
        0.119393587,
        0.98993057
      ],
      [
        -0.9819901,
        0.163239881,
        -0.0951216
      ]
    ],
    "translation": [
      2.12985921,
      0.839023232,
      -0.542230368
    ]
  },
  {
    "timeStamp": 7748,
    "rotation": [
      [
        -0.150463864,
        -0.9855846,
        0.07735384
      ],
      [
        -0.04494151,
        0.0849827,
        0.995368361
      ],
      [
        -0.9875935,
        0.14629057,
        -0.05708049
      ]
    ],
    "translation": [
      2.127144,
      0.8178532,
      -0.5390147
    ]
  },
  {
    "timeStamp": 7804,
    "rotation": [
      [
        -0.1514213,
        -0.984290242,
        0.09079794
      ],
      [
        -0.032052394,
        0.09669808,
        0.9947975
      ],
      [
        -0.9879495,
        0.147723228,
        -0.0461910069
      ]
    ],
    "translation": [
      2.120162,
      0.803519249,
      -0.534755349
    ]
  },
  {
    "timeStamp": 7849,
    "rotation": [
      [
        -0.119551793,
        -0.9902149,
        0.07198492
      ],
      [
        -0.0266164783,
        0.07567546,
        0.9967772
      ],
      [
        -0.9924711,
        0.117250495,
        -0.03540317
      ]
    ],
    "translation": [
      2.11270642,
      0.7929809,
      -0.532173336
    ]
  },
  {
    "timeStamp": 7894,
    "rotation": [
      [
        -0.116388254,
        -0.989691556,
        0.08345312
      ],
      [
        -0.02697976,
        0.08714359,
        0.995830357
      ],
      [
        -0.99283725,
        0.11365141,
        -0.03684413
      ]
    ],
    "translation": [
      2.106169,
      0.7863929,
      -0.5284004
    ]
  },
  {
    "timeStamp": 7951,
    "rotation": [
      [
        -0.0966094956,
        -0.9915208,
        0.08690935
      ],
      [
        -0.0226410534,
        0.0894844159,
        0.9957309
      ],
      [
        -0.995064855,
        0.0942293555,
        -0.031094119
      ]
    ],
    "translation": [
      2.09865332,
      0.777406931,
      -0.52495265
    ]
  },
  {
    "timeStamp": 7997,
    "rotation": [
      [
        -0.0750206038,
        -0.9859943,
        0.148953676
      ],
      [
        -0.01555622,
        0.150513649,
        0.9884855
      ],
      [
        -0.997060657,
        0.0718396157,
        -0.0266299676
      ]
    ],
    "translation": [
      2.09320045,
      0.772620857,
      -0.523297548
    ]
  },
  {
    "timeStamp": 8054,
    "rotation": [
      [
        -0.0175283942,
        -0.886285245,
        0.462808
      ],
      [
        0.0389022566,
        0.461924076,
        0.8860659
      ],
      [
        -0.999089241,
        0.0335355848,
        0.0263817068
      ]
    ],
    "translation": [
      2.07124686,
      0.7731758,
      -0.524828434
    ]
  },
  {
    "timeStamp": 8098,
    "rotation": [
      [
        -0.0502255745,
        -0.8679982,
        0.49402076
      ],
      [
        0.06592769,
        0.490684748,
        0.868839443
      ],
      [
        -0.99655956,
        0.0762076154,
        0.03258019
      ]
    ],
    "translation": [
      2.069892,
      0.7732434,
      -0.5252952
    ]
  },
  {
    "timeStamp": 8154,
    "rotation": [
      [
        -0.050048463,
        -0.8521494,
        0.5208997
      ],
      [
        0.06621598,
        0.5175747,
        0.853072047
      ],
      [
        -0.996549368,
        0.07718682,
        0.03052209
      ]
    ],
    "translation": [
      2.06960487,
      0.773209631,
      -0.5252489
    ]
  },
  {
    "timeStamp": 8198,
    "rotation": [
      [
        -0.0409856141,
        -0.838058531,
        0.544038653
      ],
      [
        0.06957637,
        0.540780544,
        0.8382813
      ],
      [
        -0.9967343,
        0.07220971,
        0.03614485
      ]
    ],
    "translation": [
      2.068341,
      0.772846341,
      -0.525185466
    ]
  },
  {
    "timeStamp": 8253,
    "rotation": [
      [
        -0.04505038,
        -0.851060152,
        0.5231321
      ],
      [
        0.06538545,
        0.5200288,
        0.85164243
      ],
      [
        -0.9968426,
        0.07257203,
        0.03221946
      ]
    ],
    "translation": [
      2.067762,
      0.7699641,
      -0.5249759
    ]
  },
  {
    "timeStamp": 8298,
    "rotation": [
      [
        -0.046452105,
        -0.850564539,
        0.5238151
      ],
      [
        0.0495416373,
        0.521774232,
        0.8516439
      ],
      [
        -0.9976913,
        0.0655113,
        0.0179008488
      ]
    ],
    "translation": [
      2.06753349,
      0.7696844,
      -0.52519387
    ]
  },
  {
    "timeStamp": 8353,
    "rotation": [
      [
        -0.0395250544,
        -0.831876636,
        0.5535513
      ],
      [
        0.039685376,
        0.5522402,
        0.832739949
      ],
      [
        -0.9984302,
        0.0548819862,
        0.011186013
      ]
    ],
    "translation": [
      2.066705,
      0.7711632,
      -0.5251688
    ]
  },
  {
    "timeStamp": 8398,
    "rotation": [
      [
        -0.0423185937,
        -0.810540736,
        0.5841514
      ],
      [
        0.0304660425,
        0.5833564,
        0.811644733
      ],
      [
        -0.9986396,
        0.0521444455,
        7.147002E-06
      ]
    ],
    "translation": [
      2.06941676,
      0.773400545,
      -0.525232
    ]
  },
  {
    "timeStamp": 8453,
    "rotation": [
      [
        -0.04673551,
        -0.80846,
        0.5866927
      ],
      [
        0.0306078438,
        0.585899651,
        0.8098054
      ],
      [
        -0.998438239,
        0.0558040626,
        -0.00263710134
      ]
    ],
    "translation": [
      2.06966114,
      0.7734037,
      -0.5252631
    ]
  },
  {
    "timeStamp": 8498,
    "rotation": [
      [
        -0.0517774336,
        -0.813120246,
        0.5797884
      ],
      [
        0.0320095643,
        0.5789176,
        0.8147575
      ],
      [
        -0.9981455,
        0.0607448258,
        -0.003947241
      ]
    ],
    "translation": [
      2.069861,
      0.7733579,
      -0.5252897
    ]
  },
  {
    "timeStamp": 8553,
    "rotation": [
      [
        -0.05668002,
        -0.803618848,
        0.5924391
      ],
      [
        0.03731335,
        0.5912734,
        0.8056075
      ],
      [
        -0.9976949,
        0.06776774,
        -0.00352767785
      ]
    ],
    "translation": [
      2.07004428,
      0.773058951,
      -0.525329649
    ]
  },
  {
    "timeStamp": 8598,
    "rotation": [
      [
        -0.06117735,
        -0.794317961,
        0.604414046
      ],
      [
        0.03140034,
        0.603716969,
        0.7965801
      ],
      [
        -0.997632861,
        0.0677114651,
        -0.0119919507
      ]
    ],
    "translation": [
      2.07011819,
      0.773258269,
      -0.5253437
    ]
  },
  {
    "timeStamp": 8653,
    "rotation": [
      [
        -0.107063249,
        -0.954927444,
        0.276859164
      ],
      [
        -0.02048254,
        0.280518979,
        0.9596299
      ],
      [
        -0.9940412,
        0.097070314,
        -0.0495926142
      ]
    ],
    "translation": [
      2.09589529,
      0.7524861,
      -0.522547
    ]
  },
  {
    "timeStamp": 8698,
    "rotation": [
      [
        -0.133208722,
        -0.9910843,
        0.00272773928
      ],
      [
        -0.08045675,
        0.0135570569,
        0.9966659
      ],
      [
        -0.9878169,
        0.132545128,
        -0.08154534
      ]
    ],
    "translation": [
      2.12237859,
      0.746132731,
      -0.520603359
    ]
  },
  {
    "timeStamp": 8756,
    "rotation": [
      [
        -0.139774963,
        -0.9891816,
        -0.0445281677
      ],
      [
        -0.115881547,
        -0.0283192359,
        0.992859244
      ],
      [
        -0.983379066,
        0.143936858,
        -0.110669568
      ]
    ],
    "translation": [
      2.132969,
      0.75129503,
      -0.5186944
    ]
  },
  {
    "timeStamp": 8797,
    "rotation": [
      [
        -0.146204934,
        -0.988081932,
        -0.0481486358
      ],
      [
        -0.1427417,
        -0.0270910673,
        0.9893891
      ],
      [
        -0.9789019,
        0.1515264,
        -0.137079641
      ]
    ],
    "translation": [
      2.13639164,
      0.7581525,
      -0.518223643
    ]
  },
  {
    "timeStamp": 8853,
    "rotation": [
      [
        -0.12032102,
        -0.991417468,
        -0.05112949
      ],
      [
        -0.150887623,
        -0.03264174,
        0.988011837
      ],
      [
        -0.9812011,
        0.126593411,
        -0.145665139
      ]
    ],
    "translation": [
      2.13512516,
      0.761338949,
      -0.519126654
    ]
  },
  {
    "timeStamp": 8897,
    "rotation": [
      [
        -0.11742086,
        -0.991291165,
        -0.0596163981
      ],
      [
        -0.154854953,
        -0.0410205,
        0.9870852
      ],
      [
        -0.9809343,
        0.1251363,
        -0.1486897
      ]
    ],
    "translation": [
      2.1371758,
      0.761071,
      -0.5198569
    ]
  },
  {
    "timeStamp": 8953,
    "rotation": [
      [
        -0.129435807,
        -0.9893415,
        -0.06670739
      ],
      [
        -0.14356105,
        -0.0478673875,
        0.988483131
      ],
      [
        -0.9811405,
        0.137521714,
        -0.135835141
      ]
    ],
    "translation": [
      2.1437695,
      0.756726265,
      -0.521494746
    ]
  },
  {
    "timeStamp": 8997,
    "rotation": [
      [
        -0.158254832,
        -0.98552233,
        -0.06083747
      ],
      [
        -0.144329831,
        -0.0378636755,
        0.988804936
      ],
      [
        -0.9767929,
        0.165263832,
        -0.136248171
      ]
    ],
    "translation": [
      2.15051937,
      0.755646944,
      -0.521879852
    ]
  },
  {
    "timeStamp": 9052,
    "rotation": [
      [
        -0.1681106,
        -0.982132435,
        -0.08458595
      ],
      [
        -0.151693821,
        -0.0590109937,
        0.9866644
      ],
      [
        -0.9740266,
        0.178699926,
        -0.139063045
      ]
    ],
    "translation": [
      2.15878654,
      0.7568956,
      -0.522072136
    ]
  },
  {
    "timeStamp": 9097,
    "rotation": [
      [
        -0.174732149,
        -0.9813339,
        -0.08032749
      ],
      [
        -0.153815567,
        -0.0533754639,
        0.9866569
      ],
      [
        -0.9725274,
        0.1847563,
        -0.141618013
      ]
    ],
    "translation": [
      2.16146779,
      0.75897944,
      -0.523058236
    ]
  },
  {
    "timeStamp": 9153,
    "rotation": [
      [
        -0.152108759,
        -0.986180365,
        -0.06565983
      ],
      [
        -0.16360873,
        -0.0403926522,
        0.985698044
      ],
      [
        -0.9747282,
        0.160675824,
        -0.15520364
      ]
    ],
    "translation": [
      2.1556735,
      0.7665848,
      -0.5235729
    ]
  },
  {
    "timeStamp": 9197,
    "rotation": [
      [
        -0.121074505,
        -0.991523445,
        -0.0471409
      ],
      [
        -0.188273832,
        -0.0236900374,
        0.981830835
      ],
      [
        -0.974625051,
        0.127750069,
        -0.183809653
      ]
    ],
    "translation": [
      2.14626551,
      0.7803706,
      -0.5223919
    ]
  },
  {
    "timeStamp": 9253,
    "rotation": [
      [
        -0.098246336,
        -0.9950851,
        -0.012377087
      ],
      [
        -0.215737253,
        0.009155299,
        0.976408541
      ],
      [
        -0.9714963,
        0.09859876,
        -0.21557641
      ]
    ],
    "translation": [
      2.136121,
      0.8004231,
      -0.5209426
    ]
  },
  {
    "timeStamp": 9298,
    "rotation": [
      [
        -0.0710843056,
        -0.9973178,
        -0.0174431764
      ],
      [
        -0.252919942,
        0.00110556523,
        0.96748656
      ],
      [
        -0.9648723,
        0.07318484,
        -0.252320141
      ]
    ],
    "translation": [
      2.13372183,
      0.8207267,
      -0.519000947
    ]
  },
  {
    "timeStamp": 9353,
    "rotation": [
      [
        -0.0340110138,
        -0.9991774,
        0.0220877174
      ],
      [
        -0.249557763,
        0.0298909713,
        0.9678985
      ],
      [
        -0.9677625,
        0.02740705,
        -0.250369072
      ]
    ],
    "translation": [
      2.127878,
      0.8384091,
      -0.5199821
    ]
  },
  {
    "timeStamp": 9397,
    "rotation": [
      [
        -0.0192568079,
        -0.999515235,
        0.0244639851
      ],
      [
        -0.2517731,
        0.0285277963,
        0.967365742
      ],
      [
        -0.9675947,
        0.012469003,
        -0.2522004
      ]
    ],
    "translation": [
      2.13173318,
      0.8485967,
      -0.5201726
    ]
  },
  {
    "timeStamp": 9453,
    "rotation": [
      [
        0.00117133453,
        -0.999990046,
        -0.00431217346
      ],
      [
        -0.228207782,
        -0.004465694,
        0.973602235
      ],
      [
        -0.973611832,
        -0.000156343274,
        -0.228210732
      ]
    ],
    "translation": [
      2.144282,
      0.850546658,
      -0.521462858
    ]
  },
  {
    "timeStamp": 9497,
    "rotation": [
      [
        -0.006983655,
        -0.999947548,
        -0.007488195
      ],
      [
        -0.189338863,
        -0.006030647,
        0.9818933
      ],
      [
        -0.981887,
        0.008275009,
        -0.189286828
      ]
    ],
    "translation": [
      2.154014,
      0.843051434,
      -0.525636554
    ]
  },
  {
    "timeStamp": 9553,
    "rotation": [
      [
        -0.0122261932,
        -0.999853,
        -0.012017997
      ],
      [
        -0.146109819,
        -0.0101035219,
        0.9892168
      ],
      [
        -0.989192843,
        0.0138503,
        -0.145964816
      ]
    ],
    "translation": [
      2.16506314,
      0.831840336,
      -0.5307797
    ]
  },
  {
    "timeStamp": 9597,
    "rotation": [
      [
        -0.0463591,
        -0.9989236,
        0.001594786
      ],
      [
        -0.12419688,
        0.00734796,
        0.9922304
      ],
      [
        -0.9911741,
        0.0458008423,
        -0.124403834
      ]
    ],
    "translation": [
      2.17389655,
      0.821664035,
      -0.534975052
    ]
  },
  {
    "timeStamp": 9653,
    "rotation": [
      [
        -0.070134826,
        -0.9975208,
        0.0057780277
      ],
      [
        -0.0869336054,
        0.0118822753,
        0.9961432
      ],
      [
        -0.9937422,
        0.06936202,
        -0.0875514448
      ]
    ],
    "translation": [
      2.18100357,
      0.8059773,
      -0.5407951
    ]
  },
  {
    "timeStamp": 9697,
    "rotation": [
      [
        -0.0964412,
        -0.9952755,
        0.0112119839
      ],
      [
        -0.0725389645,
        0.0182625987,
        0.997198343
      ],
      [
        -0.9926918,
        0.0953576937,
        -0.0739575252
      ]
    ],
    "translation": [
      2.18598175,
      0.795058,
      -0.5432299
    ]
  },
  {
    "timeStamp": 9753,
    "rotation": [
      [
        -0.127434462,
        -0.991839468,
        0.00387574243
      ],
      [
        -0.0654311,
        0.0123057421,
        0.9977812
      ],
      [
        -0.9896865,
        0.126898125,
        -0.0664653257
      ]
    ],
    "translation": [
      2.19460154,
      0.7831157,
      -0.5438343
    ]
  },
  {
    "timeStamp": 9797,
    "rotation": [
      [
        -0.152321249,
        -0.98828584,
        -0.009453014
      ],
      [
        -0.0587814562,
        -0.0004887274,
        0.99827075
      ],
      [
        -0.986581445,
        0.1526135,
        -0.05801844
      ]
    ],
    "translation": [
      2.2015295,
      0.7735821,
      -0.54406786
    ]
  },
  {
    "timeStamp": 9853,
    "rotation": [
      [
        -0.164449751,
        -0.9861879,
        -0.0197422467
      ],
      [
        -0.0483273678,
        -0.0119351977,
        0.9987602
      ],
      [
        -0.9852008,
        0.165199965,
        -0.0456971228
      ]
    ],
    "translation": [
      2.2067132,
      0.762827754,
      -0.5435373
    ]
  },
  {
    "timeStamp": 9897,
    "rotation": [
      [
        -0.183009684,
        -0.982727051,
        -0.02747909
      ],
      [
        -0.0622063354,
        -0.016319735,
        0.9979299
      ],
      [
        -0.9811411,
        0.184340209,
        -0.0581451766
      ]
    ],
    "translation": [
      2.21196151,
      0.758047044,
      -0.540087461
    ]
  },
  {
    "timeStamp": 9952,
    "rotation": [
      [
        -0.1528358,
        -0.986658,
        -0.05609974
      ],
      [
        -0.0394128226,
        -0.05063602,
        0.997939169
      ],
      [
        -0.9874653,
        0.1547319,
        -0.0311479811
      ]
    ],
    "translation": [
      2.21267319,
      0.7487777,
      -0.5391741
    ]
  },
  {
    "timeStamp": 9997,
    "rotation": [
      [
        -0.152808934,
        -0.98647815,
        -0.059247572
      ],
      [
        -0.0426607728,
        -0.05331122,
        0.99766624
      ],
      [
        -0.987334549,
        0.154979885,
        -0.0339374878
      ]
    ],
    "translation": [
      2.21569061,
      0.745159864,
      -0.536055267
    ]
  },
  {
    "timeStamp": 10053,
    "rotation": [
      [
        -0.152714536,
        -0.986292064,
        -0.06250107
      ],
      [
        -0.0290700179,
        -0.0587324128,
        0.9978504
      ],
      [
        -0.987842739,
        0.154203162,
        -0.0197022334
      ]
    ],
    "translation": [
      2.21871257,
      0.7390625,
      -0.5345259
    ]
  },
  {
    "timeStamp": 10097,
    "rotation": [
      [
        -0.105378024,
        -0.9921555,
        -0.06725277
      ],
      [
        -0.009936021,
        -0.0665754452,
        0.9977319
      ],
      [
        -0.9943826,
        0.105807245,
        -0.0028424887
      ]
    ],
    "translation": [
      2.21501517,
      0.733906269,
      -0.5341431
    ]
  },
  {
    "timeStamp": 10152,
    "rotation": [
      [
        -0.10322234,
        -0.991730452,
        -0.07626144
      ],
      [
        -0.01537584,
        -0.07507087,
        0.997059643
      ],
      [
        -0.99453944,
        0.104091413,
        -0.00749969762
      ]
    ],
    "translation": [
      2.21808147,
      0.732879162,
      -0.530861259
    ]
  },
  {
    "timeStamp": 10197,
    "rotation": [
      [
        -0.07925537,
        -0.992575765,
        -0.09226069
      ],
      [
        -0.00430969056,
        -0.0922097862,
        0.9957303
      ],
      [
        -0.996845067,
        0.07931459,
        0.00303042657
      ]
    ],
    "translation": [
      2.2183404,
      0.730946541,
      -0.530526936
    ]
  },
  {
    "timeStamp": 10252,
    "rotation": [
      [
        -0.0588344559,
        -0.992978454,
        -0.102627151
      ],
      [
        0.0005216643,
        -0.1028358,
        0.9946982
      ],
      [
        -0.9982676,
        0.05846899,
        0.00656828936
      ]
    ],
    "translation": [
      2.21952343,
      0.7293222,
      -0.529727
    ]
  },
  {
    "timeStamp": 10297,
    "rotation": [
      [
        -0.0720270351,
        -0.9911041,
        -0.111913979
      ],
      [
        0.00389174116,
        -0.112483822,
        0.9936459
      ],
      [
        -0.997395158,
        0.07113383,
        0.0119589968
      ]
    ],
    "translation": [
      2.22459149,
      0.7280756,
      -0.529540956
    ]
  },
  {
    "timeStamp": 10352,
    "rotation": [
      [
        -0.0760648549,
        -0.9876603,
        -0.136898756
      ],
      [
        -0.0004211046,
        -0.1372647,
        0.9905343
      ],
      [
        -0.9971028,
        0.0754025,
        0.010025111
      ]
    ],
    "translation": [
      2.22904634,
      0.726943851,
      -0.5289106
    ]
  },
  {
    "timeStamp": 10397,
    "rotation": [
      [
        -0.08617885,
        -0.978198946,
        -0.188944384
      ],
      [
        -0.004143955,
        -0.18929635,
        0.981911242
      ],
      [
        -0.996271,
        0.08540296,
        0.0122597292
      ]
    ],
    "translation": [
      2.23452973,
      0.72573626,
      -0.527898133
    ]
  },
  {
    "timeStamp": 10452,
    "rotation": [
      [
        -0.123423539,
        -0.9372371,
        -0.32611838
      ],
      [
        -0.02585655,
        -0.325482219,
        0.945194542
      ],
      [
        -0.99201715,
        0.125091553,
        0.0159384478
      ]
    ],
    "translation": [
      2.24963236,
      0.72543335,
      -0.5267479
    ]
  },
  {
    "timeStamp": 10497,
    "rotation": [
      [
        -0.107753679,
        -0.9365444,
        -0.333577275
      ],
      [
        -0.0272552967,
        -0.332621932,
        0.942666352
      ],
      [
        -0.993804,
        0.110667512,
        0.0103154406
      ]
    ],
    "translation": [
      2.24960566,
      0.725042939,
      -0.527431
    ]
  },
  {
    "timeStamp": 10553,
    "rotation": [
      [
        -0.109108709,
        -0.9370789,
        -0.331630081
      ],
      [
        -0.0250355825,
        -0.330925465,
        0.943324745
      ],
      [
        -0.9937145,
        0.11122749,
        0.0126465335
      ]
    ],
    "translation": [
      2.2496748,
      0.7249788,
      -0.5274192
    ]
  },
  {
    "timeStamp": 10597,
    "rotation": [
      [
        -0.110560186,
        -0.9367582,
        -0.332054824
      ],
      [
        -0.0233699512,
        -0.331560344,
        0.9431445
      ],
      [
        -0.993594646,
        0.112034336,
        0.0147653809
      ]
    ],
    "translation": [
      2.24973917,
      0.7249102,
      -0.527412355
    ]
  },
  {
    "timeStamp": 10652,
    "rotation": [
      [
        -0.129408926,
        -0.9332282,
        -0.3351692
      ],
      [
        -0.0112333475,
        -0.33661,
        0.941577137
      ],
      [
        -0.9915276,
        0.125613555,
        0.03307706
      ]
    ],
    "translation": [
      2.25067782,
      0.7243248,
      -0.527147
    ]
  },
  {
    "timeStamp": 10697,
    "rotation": [
      [
        -0.180861145,
        -0.9311357,
        -0.316663116
      ],
      [
        -0.0279248953,
        -0.316981345,
        0.9480206
      ],
      [
        -0.983112156,
        0.180302873,
        0.03132774
      ]
    ],
    "translation": [
      2.25104284,
      0.724987268,
      -0.5245523
    ]
  },
  {
    "timeStamp": 10752,
    "rotation": [
      [
        -0.198582187,
        -0.9321243,
        -0.302835435
      ],
      [
        -0.0164480582,
        -0.3057761,
        0.951961339
      ],
      [
        -0.9799462,
        0.194023624,
        0.04539005
      ]
    ],
    "translation": [
      2.250693,
      0.724679053,
      -0.5234426
    ]
  },
  {
    "timeStamp": 10797,
    "rotation": [
      [
        -0.172364339,
        -0.947913349,
        -0.2678637
      ],
      [
        -0.0332736,
        -0.266175538,
        0.9633501
      ],
      [
        -0.9844712,
        0.174959987,
        0.0143386815
      ]
    ],
    "translation": [
      2.246303,
      0.726482451,
      -0.5183445
    ]
  },
  {
    "timeStamp": 10852,
    "rotation": [
      [
        -0.06549458,
        -0.9931199,
        -0.0970736742
      ],
      [
        -0.05140454,
        -0.09379542,
        0.9942635
      ],
      [
        -0.99652797,
        0.07010891,
        -0.04490778
      ]
    ],
    "translation": [
      2.2246573,
      0.7321724,
      -0.5126477
    ]
  },
  {
    "timeStamp": 10897,
    "rotation": [
      [
        -0.02563783,
        -0.99903,
        -0.03580231
      ],
      [
        -0.0564649329,
        -0.03430972,
        0.9978149
      ],
      [
        -0.998075366,
        0.0276033785,
        -0.0555305332
      ]
    ],
    "translation": [
      2.2117312,
      0.7355762,
      -0.510316133
    ]
  },
  {
    "timeStamp": 10952,
    "rotation": [
      [
        -0.0252076071,
        -0.9988188,
        -0.0415392853
      ],
      [
        -0.04277388,
        -0.0404367968,
        0.9982661
      ],
      [
        -0.9987667,
        0.026940722,
        -0.04170404
      ]
    ],
    "translation": [
      2.21057487,
      0.7381329,
      -0.510231853
    ]
  },
  {
    "timeStamp": 10996,
    "rotation": [
      [
        -0.0125977257,
        -0.9989825,
        -0.0433047451
      ],
      [
        -0.03873854,
        -0.04278807,
        0.998332858
      ],
      [
        -0.999169946,
        0.0142542915,
        -0.0381600931
      ]
    ],
    "translation": [
      2.210858,
      0.7386974,
      -0.5105867
    ]
  },
  {
    "timeStamp": 11052,
    "rotation": [
      [
        0.0198096633,
        -0.9989398,
        -0.04155587
      ],
      [
        -0.0410426743,
        -0.04234149,
        0.998259842
      ],
      [
        -0.998961031,
        -0.0180696342,
        -0.04183793
      ]
    ],
    "translation": [
      2.21132231,
      0.738656,
      -0.5115772
    ]
  },
  {
    "timeStamp": 11096,
    "rotation": [
      [
        0.04193443,
        -0.9973589,
        -0.0593020245
      ],
      [
        -0.04580304,
        -0.06121086,
        0.997073352
      ],
      [
        -0.998069942,
        -0.0390954725,
        -0.0482489131
      ]
    ],
    "translation": [
      2.214417,
      0.7371454,
      -0.5120802
    ]
  },
  {
    "timeStamp": 11152,
    "rotation": [
      [
        -0.02960409,
        -0.991408646,
        -0.1274069
      ],
      [
        -0.0446578264,
        -0.126023635,
        0.9910216
      ],
      [
        -0.9985636,
        0.0350279957,
        -0.04054334
      ]
    ],
    "translation": [
      2.22617769,
      0.7317099,
      -0.5102975
    ]
  },
  {
    "timeStamp": 11196,
    "rotation": [
      [
        -0.04340812,
        -0.9745945,
        -0.21972996
      ],
      [
        -0.0327383578,
        -0.218431547,
        0.975302935
      ],
      [
        -0.998520851,
        0.04952967,
        -0.0224249177
      ]
    ],
    "translation": [
      2.235777,
      0.7266991,
      -0.5128874
    ]
  },
  {
    "timeStamp": 11251,
    "rotation": [
      [
        -0.07147108,
        -0.958498955,
        -0.275992364
      ],
      [
        -0.0292886216,
        -0.274563938,
        0.9611227
      ],
      [
        -0.9970126,
        0.07677591,
        -0.008449731
      ]
    ],
    "translation": [
      2.24304843,
      0.725425541,
      -0.513900638
    ]
  },
  {
    "timeStamp": 11296,
    "rotation": [
      [
        -0.0709551,
        -0.9579646,
        -0.2779733
      ],
      [
        -0.0264982749,
        -0.276767075,
        0.9605716
      ],
      [
        -0.9971275,
        0.07552327,
        -0.005746373
      ]
    ],
    "translation": [
      2.24307179,
      0.7250794,
      -0.5139483
    ]
  },
  {
    "timeStamp": 11351,
    "rotation": [
      [
        -0.07122138,
        -0.956703544,
        -0.2822162
      ],
      [
        -0.0276266877,
        -0.280934125,
        0.959329367
      ],
      [
        -0.9970779,
        0.07612146,
        -0.006422033
      ]
    ],
    "translation": [
      2.24306822,
      0.7250178,
      -0.5139642
    ]
  },
  {
    "timeStamp": 11396,
    "rotation": [
      [
        -0.0698759854,
        -0.9566844,
        -0.282616884
      ],
      [
        -0.0292367041,
        -0.281223655,
        0.9591968
      ],
      [
        -0.9971272,
        0.07528761,
        -0.008319519
      ]
    ],
    "translation": [
      2.24301076,
      0.72507447,
      -0.513979256
    ]
  },
  {
    "timeStamp": 11451,
    "rotation": [
      [
        -0.0692132,
        -0.95635736,
        -0.28388387
      ],
      [
        -0.0302810315,
        -0.282421142,
        0.9588125
      ],
      [
        -0.9971422,
        0.07495877,
        -0.009412219
      ]
    ],
    "translation": [
      2.242971,
      0.72509253,
      -0.513993561
    ]
  },
  {
    "timeStamp": 11496,
    "rotation": [
      [
        -0.0685662255,
        -0.9562353,
        -0.284451872
      ],
      [
        -0.0310331,
        -0.2829406,
        0.9586353
      ],
      [
        -0.997163832,
        0.07455742,
        -0.0102747753
      ]
    ],
    "translation": [
      2.24293351,
      0.7251106,
      -0.514000356
    ]
  },
  {
    "timeStamp": 11551,
    "rotation": [
      [
        -0.06791989,
        -0.9556763,
        -0.286477923
      ],
      [
        -0.0318735763,
        -0.284915924,
        0.9580224
      ],
      [
        -0.9971815,
        0.0741998553,
        -0.0111093614
      ]
    ],
    "translation": [
      2.24285388,
      0.7251119,
      -0.5139855
    ]
  },
  {
    "timeStamp": 11596,
    "rotation": [
      [
        -0.0746151,
        -0.9549687,
        -0.287171423
      ],
      [
        -0.05100417,
        -0.2839426,
        0.957483768
      ],
      [
        -0.9959072,
        0.0860896856,
        -0.02752098
      ]
    ],
    "translation": [
      2.24319148,
      0.7263518,
