[
  {
    "timeStamp": 94713,
    "rotation": [
      [
        -0.5523174,
        0.830446541,
        -0.07282917
      ],
      [
        -0.06480992,
        0.0443239659,
        0.9969128
      ],
      [
        0.831110835,
        0.5553323,
        0.0293402765
      ]
    ],
    "translation": [
      1.31269825,
      0.7004016,
      -0.6206885
    ]
  },
  {
    "timeStamp": 94758,
    "rotation": [
      [
        -0.5482891,
        0.835992634,
        0.0222597755
      ],
      [
        -0.06931132,
        -0.07195166,
        0.994996965
      ],
      [
        0.833411753,
        0.5440032,
        0.09739406
      ]
    ],
    "translation": [
      1.30580652,
      0.709193647,
      -0.624765933
    ]
  },
  {
    "timeStamp": 94804,
    "rotation": [
      [
        -0.5506391,
        0.8347384,
        0.00289656618
      ],
      [
        -0.09051145,
        -0.06315513,
        0.9938909
      ],
      [
        0.8298218,
        0.547013,
        0.110329069
      ]
    ],
    "translation": [
      1.30876207,
      0.7076052,
      -0.627049
    ]
  },
  {
    "timeStamp": 94858,
    "rotation": [
      [
        -0.5636876,
        0.825795949,
        0.0178145673
      ],
      [
        -0.07962021,
        -0.0757905543,
        0.9939398
      ],
      [
        0.822141647,
        0.558853149,
        0.108472243
      ]
    ],
    "translation": [
      1.31109154,
      0.7132039,
      -0.628344655
    ]
  },
  {
    "timeStamp": 94913,
    "rotation": [
      [
        -0.5528295,
        0.8311697,
        0.0594673455
      ],
      [
        -0.07846352,
        -0.122969128,
        0.9893038
      ],
      [
        0.829592049,
        0.542250335,
        0.133197471
      ]
    ],
    "translation": [
      1.31598854,
      0.7292071,
      -0.6288846
    ]
  },
  {
    "timeStamp": 94958,
    "rotation": [
      [
        -0.5454155,
        0.834326148,
        0.0801359341
      ],
      [
        -0.04519641,
        -0.124745294,
        0.991158843
      ],
      [
        0.836946368,
        0.536971569,
        0.105746575
      ]
    ],
    "translation": [
      1.32518041,
      0.7474781,
      -0.6273567
    ]
  },
  {
    "timeStamp": 95013,
    "rotation": [
      [
        -0.523082256,
        0.8337752,
        0.1766461
      ],
      [
        0.00716730533,
        -0.202951759,
        0.9791625
      ],
      [
        0.852252066,
        0.513448656,
        0.100184545
      ]
    ],
    "translation": [
      1.34029973,
      0.789438546,
      -0.630837142
    ]
  },
  {
    "timeStamp": 95058,
    "rotation": [
      [
        -0.500080168,
        0.8268422,
        0.257394284
      ],
      [
        0.07633841,
        -0.253980964,
        0.964192
      ],
      [
        0.862607837,
        0.501822352,
        0.06389102
      ]
    ],
    "translation": [
      1.36316693,
      0.8294133,
      -0.6357372
    ]
  },
  {
    "timeStamp": 95114,
    "rotation": [
      [
        -0.4670565,
        0.818856239,
        0.333665371
      ],
      [
        0.124606572,
        -0.312634468,
        0.941664934
      ],
      [
        0.8754036,
        0.481387645,
        0.0439830944
      ]
    ],
    "translation": [
      1.40455019,
      0.8756986,
      -0.64653796
    ]
  },
  {
    "timeStamp": 95158,
    "rotation": [
      [
        -0.425655484,
        0.8225648,
        0.377100259
      ],
      [
        0.1648342,
        -0.339282,
        0.926130354
      ],
      [
        0.889745533,
        0.4563715,
        0.008830444
      ]
    ],
    "translation": [
      1.44748867,
      0.9062573,
      -0.653243542
    ]
  },
  {
    "timeStamp": 95213,
    "rotation": [
      [
        -0.3339592,
        0.844467342,
        0.418743581
      ],
      [
        0.182764292,
        -0.3778052,
        0.9076676
      ],
      [
        0.9246991,
        0.3796553,
        -0.0281669553
      ]
    ],
    "translation": [
      1.51136231,
      0.936856866,
      -0.6532362
    ]
  },
  {
    "timeStamp": 95258,
    "rotation": [
      [
        -0.231921777,
        0.8731635,
        0.428716421
      ],
      [
        0.199846789,
        -0.3885609,
        0.8994897
      ],
      [
        0.951984,
        0.294288844,
        -0.0843832
      ]
    ],
    "translation": [
      1.56990612,
      0.9538123,
      -0.6469432
    ]
  },
  {
    "timeStamp": 95313,
    "rotation": [
      [
        -0.07687064,
        0.90925616,
        0.409077257
      ],
      [
        0.19923538,
        -0.388007849,
        0.899863958
      ],
      [
        0.976932049,
        0.150675789,
        -0.151329577
      ]
    ],
    "translation": [
      1.65247583,
      0.965628147,
      -0.631798148
    ]
  },
  {
    "timeStamp": 95358,
    "rotation": [
      [
        0.06265483,
        0.9310244,
        0.3595387
      ],
      [
        0.228750437,
        -0.364052773,
        0.9028504
      ],
      [
        0.9714668,
        0.0256766975,
        -0.235781878
      ]
    ],
    "translation": [
      1.72293448,
      0.970213652,
      -0.619962037
    ]
  },
  {
    "timeStamp": 95413,
    "rotation": [
      [
        0.222407818,
        0.934417069,
        0.278207749
      ],
      [
        0.203584209,
        -0.323575228,
        0.92404145
      ],
      [
        0.9534612,
        -0.148875356,
        -0.2621982
      ]
    ],
    "translation": [
      1.8119905,
      0.9630951,
      -0.6110353
    ]
  },
  {
    "timeStamp": 95458,
    "rotation": [
      [
        0.319965124,
        0.92835325,
        0.189162582
      ],
      [
        0.219845116,
        -0.266960174,
        0.938296556
      ],
      [
        0.9215695,
        -0.25863573,
        -0.2895119
      ]
    ],
    "translation": [
      1.87751913,
      0.958491743,
      -0.610225737
    ]
  },
  {
    "timeStamp": 95513,
    "rotation": [
      [
        0.444241226,
        0.8863234,
        0.130692631
      ],
      [
        0.216683,
        -0.2478408,
        0.944258153
      ],
      [
        0.869309068,
        -0.391159534,
        -0.3021523
      ]
    ],
    "translation": [
      1.95270121,
      0.959578753,
      -0.613058865
    ]
  },
  {
    "timeStamp": 95558,
    "rotation": [
      [
        0.5272894,
        0.8458787,
        0.08034279
      ],
      [
        0.226220146,
        -0.2308995,
        0.9463138
      ],
      [
        0.8190178,
        -0.480806082,
        -0.313105673
      ]
    ],
    "translation": [
      2.00514364,
      0.96098125,
      -0.6164459
    ]
  },
  {
    "timeStamp": 95613,
    "rotation": [
      [
        0.6205737,
        0.7822991,
        0.053817898
      ],
      [
        0.199309558,
        -0.2237397,
        0.954052567
      ],
      [
        0.7583957,
        -0.5813335,
        -0.294766665
      ]
    ],
    "translation": [
      2.06020927,
      0.95809716,
      -0.6221541
    ]
  },
  {
    "timeStamp": 95658,
    "rotation": [
      [
        0.6680029,
        0.7436905,
        0.0263914745
      ],
      [
        0.178266421,
        -0.194354549,
        0.964597
      ],
      [
        0.7224909,
        -0.639648855,
        -0.262404472
      ]
    ],
    "translation": [
      2.09597683,
      0.950853169,
      -0.6255763
    ]
  },
  {
    "timeStamp": 95713,
    "rotation": [
      [
        0.6958003,
        0.7180556,
        0.0160648078
      ],
      [
        0.142298087,
        -0.159742415,
        0.976848841
      ],
      [
        0.703998,
        -0.6774057,
        -0.213326767
      ]
    ],
    "translation": [
      2.126796,
      0.9366597,
      -0.628440857
    ]
  },
  {
    "timeStamp": 95755,
    "rotation": [
      [
        0.7096753,
        0.7041731,
        0.0223860871
      ],
      [
        0.09807513,
        -0.130206838,
        0.986624241
      ],
      [
        0.6976691,
        -0.6979874,
        -0.161466449
      ]
    ],
    "translation": [
      2.13918066,
      0.9251421,
      -0.628522038
    ]
  },
  {
    "timeStamp": 95809,
    "rotation": [
      [
        0.710509,
        0.7028693,
        0.03393661
      ],
      [
        0.0470579043,
        -0.09557757,
        0.994309068
      ],
      [
        0.7021129,
        -0.704868555,
        -0.100984275
      ]
    ],
    "translation": [
      2.154147,
      0.9059663,
      -0.627004743
    ]
  },
  {
    "timeStamp": 95864,
    "rotation": [
      [
        0.702349,
        0.710127234,
        0.0492463633
      ],
      [
        0.00592719857,
        -0.07501431,
        0.997164845
      ],
      [
        0.711808145,
        -0.700065851,
        -0.0568952858
      ]
    ],
    "translation": [
      2.15866327,
      0.890904248,
      -0.6230631
    ]
  },
  {
    "timeStamp": 95908,
    "rotation": [
      [
        0.701727569,
        0.7103225,
        0.0549577177
      ],
      [
        -0.01453074,
        -0.0628540143,
        0.997916937
      ],
      [
        0.7122972,
        -0.7010644,
        -0.03378488
      ]
    ],
    "translation": [
      2.16093135,
      0.88151,
      -0.6184041
    ]
  },
  {
    "timeStamp": 95964,
    "rotation": [
      [
        0.691628933,
        0.718180358,
        0.07659208
      ],
      [
        -0.0404581167,
        -0.06735535,
        0.9969084
      ],
      [
        0.7211189,
        -0.692589462,
        -0.0175286829
      ]
    ],
    "translation": [
      2.15921712,
      0.8733671,
      -0.612728834
    ]
  },
  {
    "timeStamp": 96008,
    "rotation": [
      [
        0.6919726,
        0.7168725,
        0.0852509663
      ],
      [
        -0.0550291054,
        -0.0653680339,
        0.9963427
      ],
      [
        0.7198234,
        -0.694133162,
        -0.005784036
      ]
    ],
    "translation": [
      2.1572957,
      0.8687687,
      -0.608755767
    ]
  },
  {
    "timeStamp": 96063,
    "rotation": [
      [
        0.6807312,
        0.727057457,
        0.08940102
      ],
      [
        -0.062416546,
        -0.06403071,
        0.9959941
      ],
      [
        0.729869366,
        -0.683584332,
        0.0017927204
      ]
    ],
    "translation": [
      2.15357947,
      0.8634551,
      -0.604300737
    ]
  },
  {
    "timeStamp": 96108,
    "rotation": [
      [
        0.6809029,
        0.726415038,
        0.09323376
      ],
      [
        -0.07101311,
        -0.0612184964,
        0.995595038
      ],
      [
        0.7289228,
        -0.684524357,
        0.009901135
      ]
    ],
    "translation": [
      2.15117979,
      0.8597438,
      -0.600912631
    ]
  },
  {
    "timeStamp": 96163,
    "rotation": [
      [
        0.6720375,
        0.7356901,
        0.08441392
      ],
      [
        -0.07615396,
        -0.04472774,
        0.9960924
      ],
      [
        0.736591,
        -0.675839841,
        0.0259669945
      ]
    ],
    "translation": [
      2.14954424,
      0.8541326,
      -0.5976593
    ]
  },
  {
    "timeStamp": 96208,
    "rotation": [
      [
        0.6765155,
        0.7310772,
        0.08861641
      ],
      [
        -0.08641618,
        -0.0406924747,
        0.9954277
      ],
      [
        0.7313405,
        -0.681080163,
        0.03564781
      ]
    ],
    "translation": [
      2.149596,
      0.851260245,
      -0.5948163
    ]
  },
  {
    "timeStamp": 96255,
    "rotation": [
      [
        0.67763555,
        0.7322949,
        0.06748503
      ],
      [
        -0.07798973,
        -0.0196884461,
        0.9967597
      ],
      [
        0.7312507,
        -0.680703,
        0.04376989
      ]
    ],
    "translation": [
      2.15119886,
      0.849102259,
      -0.592937
    ]
  },
  {
    "timeStamp": 96312,
    "rotation": [
      [
        0.6859434,
        0.724976957,
        0.0623713732
      ],
      [
        -0.0826213062,
        -0.007562726,
        0.996552348
      ],
      [
        0.722949147,
        -0.6887317,
        0.0547109358
      ]
    ],
    "translation": [
      2.151968,
      0.8465722,
      -0.591044962
    ]
  },
  {
    "timeStamp": 96357,
    "rotation": [
      [
        0.6888805,
        0.723065138,
        0.051190678
      ],
      [
        -0.0794076249,
        0.00508114137,
        0.9968293
      ],
      [
        0.7205124,
        -0.690761149,
        0.0609171875
      ]
    ],
    "translation": [
      2.152057,
      0.8447784,
      -0.5894083
    ]
  },
  {
    "timeStamp": 96413,
    "rotation": [
      [
        0.694676161,
        0.718748748,
        0.0287278257
      ],
      [
        -0.07740326,
        0.0349860825,
        0.9963858
      ],
      [
        0.715146,
        -0.6943891,
        0.0799374953
      ]
    ],
    "translation": [
      2.154866,
      0.8426178,
      -0.5882482
    ]
  },
  {
    "timeStamp": 96458,
    "rotation": [
      [
        0.6881008,
        0.7241131,
        0.0466629975
      ],
      [
        -0.09314194,
        0.0243674889,
        0.9953546
      ],
      [
        0.719612241,
        -0.6892506,
        0.08421259
      ]
    ],
    "translation": [
      2.152356,
      0.84431076,
      -0.5882603
    ]
  },
  {
    "timeStamp": 96513,
    "rotation": [
      [
        0.685544133,
        0.7277622,
        0.0197840873
      ],
      [
        -0.05508016,
        0.0247497018,
        0.998175144
      ],
      [
        0.725944459,
        -0.6853828,
        0.0570522733
      ]
    ],
    "translation": [
      2.15104961,
      0.850068152,
      -0.5865395
    ]
  }
]