[
  {
    "timeStamp": 91082,
    "rotation": [
      [
        0.610759139,
        0.658333,
        0.439966917
      ],
      [
        -0.305102259,
        0.708402157,
        -0.636458158
      ],
      [
        -0.7306749,
        0.254487723,
        0.633522
      ]
    ],
    "translation": [
      1.1711334,
      0.771286845,
      -0.560528457
    ]
  },
  {
    "timeStamp": 91126,
    "rotation": [
      [
        0.608774364,
        0.664954,
        0.4327007
      ],
      [
        -0.293072224,
        0.695329368,
        -0.6562208
      ],
      [
        -0.7372261,
        0.272677839,
        0.618178248
      ]
    ],
    "translation": [
      1.17193007,
      0.773916841,
      -0.5587183
    ]
  },
  {
    "timeStamp": 91182,
    "rotation": [
      [
        0.6002995,
        0.7016607,
        0.383813471
      ],
      [
        -0.351761281,
        0.6626283,
        -0.6612017
      ],
      [
        -0.718264937,
        0.261908323,
        0.644592464
      ]
    ],
    "translation": [
      1.17215621,
      0.784049869,
      -0.565950751
    ]
  },
  {
    "timeStamp": 91228,
    "rotation": [
      [
        0.608437538,
        0.671444833,
        0.423043251
      ],
      [
        -0.2911097,
        0.6847411,
        -0.6681203
      ],
      [
        -0.7382811,
        0.283357471,
        0.6120863
      ]
    ],
    "translation": [
      1.17602551,
      0.7455795,
      -0.563747048
    ]
  },
  {
    "timeStamp": 91282,
    "rotation": [
      [
        0.530137241,
        0.774028,
        0.346172154
      ],
      [
        -0.418750316,
        0.594003,
        -0.6868832
      ],
      [
        -0.737294137,
        0.21918264,
        0.6390276
      ]
    ],
    "translation": [
      1.18306112,
      0.7704905,
      -0.5640174
    ]
  },
  {
    "timeStamp": 91326,
    "rotation": [
      [
        0.5574303,
        0.73276484,
        0.390291035
      ],
      [
        -0.3292303,
        0.626663268,
        -0.7063289
      ],
      [
        -0.762154043,
        0.265233546,
        0.590569556
      ]
    ],
    "translation": [
      1.19150186,
      0.7790114,
      -0.568510532
    ]
  },
  {
    "timeStamp": 91381,
    "rotation": [
      [
        0.5560552,
        0.762163937,
        0.331525028
      ],
      [
        -0.393981725,
        0.592923,
        -0.702296734
      ],
      [
        -0.731834054,
        0.259900928,
        0.6299766
      ]
    ],
    "translation": [
      1.21036851,
      0.8059461,
      -0.5786036
    ]
  },
  {
    "timeStamp": 91426,
    "rotation": [
      [
        0.496421844,
        0.8114966,
        0.3082832
      ],
      [
        -0.4221132,
        0.535974443,
        -0.7311305
      ],
      [
        -0.7585418,
        0.232818723,
        0.608612835
      ]
    ],
    "translation": [
      1.23009443,
      0.832340062,
      -0.579294264
    ]
  },
  {
    "timeStamp": 91481,
    "rotation": [
      [
        0.4557636,
        0.8518248,
        0.258213341
      ],
      [
        -0.4795062,
        0.479368418,
        -0.735037267
      ],
      [
        -0.7499023,
        0.211188346,
        0.626933932
      ]
    ],
    "translation": [
      1.26029348,
      0.867994845,
      -0.5852246
    ]
  },
  {
    "timeStamp": 91526,
    "rotation": [
      [
        0.4052184,
        0.883889,
        0.233534157
      ],
      [
        -0.5131639,
        0.431316584,
        -0.7420437
      ],
      [
        -0.7566114,
        0.180848449,
        0.628357351
      ]
    ],
    "translation": [
      1.2908982,
      0.8963317,
      -0.589161038
    ]
  },
  {
    "timeStamp": 91582,
    "rotation": [
      [
        0.348721325,
        0.9131247,
        0.2111795
      ],
      [
        -0.5395671,
        0.3798358,
        -0.751393437
      ],
      [
        -0.7663294,
        0.1480814,
        0.6251489
      ]
    ],
    "translation": [
      1.33128774,
      0.9282685,
      -0.593832552
    ]
  },
  {
    "timeStamp": 91626,
    "rotation": [
      [
        0.3185199,
        0.922837436,
        0.216601267
      ],
      [
        -0.5621531,
        0.367881715,
        -0.74070704
      ],
      [
        -0.763235867,
        0.114166841,
        0.6359536
      ]
    ],
    "translation": [
      1.3672533,
      0.947361767,
      -0.597838044
    ]
  },
  {
    "timeStamp": 91685,
    "rotation": [
      [
        0.2429238,
        0.941241,
        0.234634653
      ],
      [
        -0.55761826,
        0.333417833,
        -0.760193646
      ],
      [
        -0.7937568,
        0.0538325422,
        0.6058483
      ]
    ],
    "translation": [
      1.41806042,
      0.9684017,
      -0.6008141
    ]
  },
  {
    "timeStamp": 91726,
    "rotation": [
      [
        0.191374049,
        0.9482074,
        0.253532469
      ],
      [
        -0.5732025,
        0.317650974,
        -0.7553388
      ],
      [
        -0.796752632,
        -0.0007732231,
        0.604305
      ]
    ],
    "translation": [
      1.46406329,
      0.982195258,
      -0.6056426
    ]
  },
  {
    "timeStamp": 91781,
    "rotation": [
      [
        0.0812170357,
        0.9502172,
        0.3008173
      ],
      [
        -0.5642329,
        0.292629153,
        -0.772016466
      ],
      [
        -0.8216112,
        -0.107030131,
        0.5599103
      ]
    ],
    "translation": [
      1.53022611,
      0.994233,
      -0.6082869
    ]
  },
  {
    "timeStamp": 91826,
    "rotation": [
      [
        -0.0013430831,
        0.9374033,
        0.348243
      ],
      [
        -0.565122247,
        0.286591619,
        -0.7736292
      ],
      [
        -0.825006068,
        -0.197838888,
        0.529362559
      ]
    ],
    "translation": [
      1.58747661,
      0.999756455,
      -0.6125469
    ]
  },
  {
    "timeStamp": 91881,
    "rotation": [
      [
        -0.137484983,
        0.89988637,
        0.413887054
      ],
      [
        -0.546855152,
        0.279438019,
        -0.7892173
      ],
      [
        -0.825861633,
        -0.334841758,
        0.453688949
      ]
    ],
    "translation": [
      1.66614532,
      1.00299251,
      -0.6170713
    ]
  },
  {
    "timeStamp": 91925,
    "rotation": [
      [
        -0.231223464,
        0.8537643,
        0.4665001
      ],
      [
        -0.549161851,
        0.281270266,
        -0.786961436
      ],
      [
        -0.8030922,
        -0.438148022,
        0.4038185
      ]
    ],
    "translation": [
      1.72919571,
      1.00588465,
      -0.6237339
    ]
  },
  {
    "timeStamp": 91981,
    "rotation": [
      [
        -0.3338201,
        0.7730733,
        0.5393716
      ],
      [
        -0.551652253,
        0.303759456,
        -0.7767947
      ],
      [
        -0.764358461,
        -0.556855261,
        0.325066656
      ]
    ],
    "translation": [
      1.80747187,
      1.00892174,
      -0.631753
    ]
  },
  {
    "timeStamp": 92025,
    "rotation": [
      [
        -0.3922765,
        0.7066973,
        0.5888107
      ],
      [
        -0.56229794,
        0.322361,
        -0.761514544
      ],
      [
        -0.7279699,
        -0.6298113,
        0.27091983
      ]
    ],
    "translation": [
      1.865166,
      1.01310492,
      -0.6384365
    ]
  },
  {
    "timeStamp": 92081,
    "rotation": [
      [
        -0.453465819,
        0.612262249,
        0.647691
      ],
      [
        -0.5864349,
        0.3422717,
        -0.7341282
      ],
      [
        -0.6711652,
        -0.712730646,
        0.203843445
      ]
    ],
    "translation": [
      1.93443739,
      1.01879382,
      -0.6439257
    ]
  },
  {
    "timeStamp": 92126,
    "rotation": [
      [
        -0.498605967,
        0.5410437,
        0.6772472
      ],
      [
        -0.587983131,
        0.362971544,
        -0.722860634
      ],
      [
        -0.6369207,
        -0.758632541,
        0.137144789
      ]
    ],
    "translation": [
      1.98413813,
      1.02185655,
      -0.645546
    ]
  },
  {
    "timeStamp": 92182,
    "rotation": [
      [
        -0.501124263,
        0.454307228,
        0.736532032
      ],
      [
        -0.617374361,
        0.408720523,
        -0.672158062
      ],
      [
        -0.60640204,
        -0.791550636,
        0.07565785
      ]
    ],
    "translation": [
      2.035359,
      1.02460229,
      -0.6462025
    ]
  },
  {
    "timeStamp": 92226,
    "rotation": [
      [
        -0.539508045,
        0.421498716,
        0.7288826
      ],
      [
        -0.5959203,
        0.4204076,
        -0.684204936
      ],
      [
        -0.5948193,
        -0.803490043,
        0.02436636
      ]
    ],
    "translation": [
      2.07092714,
      1.02353358,
      -0.6442119
    ]
  },
  {
    "timeStamp": 92281,
    "rotation": [
      [
        -0.554848135,
        0.372429043,
        0.7439355
      ],
      [
        -0.580358267,
        0.46743083,
        -0.666852832
      ],
      [
        -0.5960938,
        -0.8017512,
        -0.0432108678
      ]
    ],
    "translation": [
      2.108576,
      1.01592362,
      -0.6406529
    ]
  },
  {
    "timeStamp": 92325,
    "rotation": [
      [
        -0.5634934,
        0.354311347,
        0.746283233
      ],
      [
        -0.5755146,
        0.479720324,
        -0.66230756
      ],
      [
        -0.5926703,
        -0.802702844,
        -0.06640784
      ]
    ],
    "translation": [
      2.12786,
      1.01108825,
      -0.636895061
    ]
  },
  {
    "timeStamp": 92376,
    "rotation": [
      [
        -0.576847136,
        0.341462,
        0.7420587
      ],
      [
        -0.539534152,
        0.5228044,
        -0.659983635
      ],
      [
        -0.6133109,
        -0.7810757,
        -0.117347829
      ]
    ],
    "translation": [
      2.15780878,
      0.9979967,
      -0.628332138
    ]
  },
  {
    "timeStamp": 92432,
    "rotation": [
      [
        -0.5923177,
        0.335340232,
        0.732602656
      ],
      [
        -0.5217916,
        0.5331728,
        -0.6659281
      ],
      [
        -0.6139163,
        -0.7767069,
        -0.14082998
      ]
    ],
    "translation": [
      2.17915535,
      0.9911427,
      -0.6167759
    ]
  },
  {
    "timeStamp": 92476,
    "rotation": [
      [
        -0.6013628,
        0.337042749,
        0.7244066
      ],
      [
        -0.4895297,
        0.561127663,
        -0.6674552
      ],
      [
        -0.6314455,
        -0.7560013,
        -0.172448874
      ]
    ],
    "translation": [
      2.192163,
      0.981525,
      -0.6062884
    ]
  },
  {
    "timeStamp": 92532,
    "rotation": [
      [
        -0.5924269,
        0.331791639,
        0.7341286
      ],
      [
        -0.481919885,
        0.584282637,
        -0.6529679
      ],
      [
        -0.645587862,
        -0.7406269,
        -0.186247751
      ]
    ],
    "translation": [
      2.20585346,
      0.971656561,
      -0.592723846
    ]
  },
  {
    "timeStamp": 92577,
    "rotation": [
      [
        -0.632663369,
        0.3721524,
        0.6791462
      ],
      [
        -0.427980363,
        0.5628621,
        -0.70712024
      ],
      [
        -0.645422161,
        -0.7380303,
        -0.196828336
      ]
    ],
    "translation": [
      2.20904255,
      0.9647956,
      -0.581543565
    ]
  },
  {
    "timeStamp": 92632,
    "rotation": [
      [
        -0.5982351,
        0.343510151,
        0.7239582
      ],
      [
        -0.4287769,
        0.6260126,
        -0.6513513
      ],
      [
        -0.6769528,
        -0.7000778,
        -0.227213517
      ]
    ],
    "translation": [
      2.21363163,
      0.948936343,
      -0.570711553
    ]
  },
  {
    "timeStamp": 92676,
    "rotation": [
      [
        -0.626007,
        0.3893388,
        0.6756704
      ],
      [
        -0.378515244,
        0.605826259,
        -0.699786246
      ],
      [
        -0.681792736,
        -0.6938226,
        -0.231880814
      ]
    ],
    "translation": [
      2.212101,
      0.939337254,
      -0.5618807
    ]
  },
  {
    "timeStamp": 92732,
    "rotation": [
      [
        -0.6078284,
        0.398109347,
        0.687061548
      ],
      [
        -0.3687349,
        0.624789834,
        -0.6882385
      ],
      [
        -0.7032633,
        -0.6716745,
        -0.2329682
      ]
    ],
    "translation": [
      2.20640731,
      0.9292574,
      -0.5529748
    ]
  },
  {
    "timeStamp": 92777,
    "rotation": [
      [
        -0.6006373,
        0.399170965,
        0.6927462
      ],
      [
        -0.354227781,
        0.6439109,
        -0.6781603
      ],
      [
        -0.716768742,
        -0.652718365,
        -0.2453595
      ]
    ],
    "translation": [
      2.204714,
      0.920691848,
      -0.5486972
    ]
  },
  {
    "timeStamp": 92834,
    "rotation": [
      [
        -0.6405242,
        0.421609461,
        0.6418522
      ],
      [
        -0.324512184,
        0.6089179,
        -0.7238169
      ],
      [
        -0.6960033,
        -0.671911061,
        -0.2532092
      ]
    ],
    "translation": [
      2.202649,
      0.9155143,
      -0.542419851
    ]
  },
  {
    "timeStamp": 92879,
    "rotation": [
      [
        -0.630705357,
        0.398766071,
        0.66572994
      ],
      [
        -0.33142814,
        0.637284,
        -0.695718646
      ],
      [
        -0.701688051,
        -0.659435153,
        -0.269776136
      ]
    ],
    "translation": [
      2.203572,
      0.9083978,
      -0.5393954
    ]
  },
  {
    "timeStamp": 92925,
    "rotation": [
      [
        -0.6379229,
        0.3911333,
        0.663377
      ],
      [
        -0.325536758,
        0.643706,
        -0.692580938
      ],
      [
        -0.6979112,
        -0.6577668,
        -0.283306569
      ]
    ],
    "translation": [
      2.20435858,
      0.901923835,
      -0.5374763
    ]
  },
  {
    "timeStamp": 92981,
    "rotation": [
      [
        -0.6450723,
        0.410736948,
        0.644342244
      ],
      [
        -0.305080682,
        0.634680569,
        -0.710004449
      ],
      [
        -0.700576544,
        -0.6545806,
        -0.28410694
      ]
    ],
    "translation": [
      2.201505,
      0.8975412,
      -0.534362555
    ]
  },
  {
    "timeStamp": 93026,
    "rotation": [
      [
        -0.614298,
        0.420309663,
        0.6678157
      ],
      [
        -0.3100903,
        0.649650335,
        -0.694117
      ],
      [
        -0.725590765,
        -0.6334778,
        -0.268744946
      ]
    ],
    "translation": [
      2.196731,
      0.8966913,
      -0.5326684
    ]
  }
]