[
  {
    "timeStamp": 69148,
    "rotation": [
      [
        -0.08361957,
        -0.0685113147,
        -0.99413985
      ],
      [
        -0.135543153,
        0.9891439,
        -0.0567661449
      ],
      [
        0.9872365,
        0.130002081,
        -0.0919980258
      ]
    ],
    "translation": [
      2.14152765,
      0.7883106,
      -0.688992858
    ]
  },
  {
    "timeStamp": 69204,
    "rotation": [
      [
        -0.07237368,
        0.008723076,
        -0.9973394
      ],
      [
        -0.011472703,
        0.9998883,
        0.009577907
      ],
      [
        0.997311652,
        0.0121353678,
        -0.07226552
      ]
    ],
    "translation": [
      2.13604379,
      0.7946332,
      -0.675502
    ]
  },
  {
    "timeStamp": 69248,
    "rotation": [
      [
        -0.07284643,
        -0.0419863947,
        -0.996459
      ],
      [
        -0.115408018,
        0.9927567,
        -0.0333934575
      ],
      [
        0.990643442,
        0.112566769,
        -0.07716435
      ]
    ],
    "translation": [
      2.14293718,
      0.7848202,
      -0.6829584
    ]
  },
  {
    "timeStamp": 69295,
    "rotation": [
      [
        -0.0805926844,
        -0.135801628,
        -0.9874527
      ],
      [
        -0.0716667,
        0.9889006,
        -0.13015157
      ],
      [
        0.9941673,
        0.0602782071,
        -0.0894306153
      ]
    ],
    "translation": [
      2.138774,
      0.79174304,
      -0.6772451
    ]
  },
  {
    "timeStamp": 69348,
    "rotation": [
      [
        -0.07114962,
        0.172182858,
        -0.9824921
      ],
      [
        0.118569717,
        0.979464531,
        0.163065746
      ],
      [
        0.990393341,
        -0.104891755,
        -0.0901042
      ]
    ],
    "translation": [
      2.13717866,
      0.815436244,
      -0.683080137
    ]
  },
  {
    "timeStamp": 69403,
    "rotation": [
      [
        -0.08512313,
        -0.06275223,
        -0.9943924
      ],
      [
        -0.0751609355,
        0.9955756,
        -0.05639288
      ],
      [
        0.9935316,
        0.06993912,
        -0.0894630253
      ]
    ],
    "translation": [
      2.13317013,
      0.7998518,
      -0.682262242
    ]
  },
  {
    "timeStamp": 69448,
    "rotation": [
      [
        -0.08841849,
        -0.06315884,
        -0.994079053
      ],
      [
        -0.019260427,
        0.997909546,
        -0.06168909
      ],
      [
        0.9958972,
        0.013691931,
        -0.08945012
      ]
    ],
    "translation": [
      2.12209845,
      0.811538756,
      -0.680187345
    ]
  },
  {
    "timeStamp": 69503,
    "rotation": [
      [
        -0.08728427,
        -0.0325620733,
        -0.9956512
      ],
      [
        0.0282171424,
        0.9989838,
        -0.0351447351
      ],
      [
        0.995783746,
        -0.0311620124,
        -0.08627676
      ]
    ],
    "translation": [
      2.12628961,
      0.821743846,
      -0.6783639
    ]
  },
  {
    "timeStamp": 69547,
    "rotation": [
      [
        -0.09201982,
        -0.0360154063,
        -0.9951057
      ],
      [
        0.0219514538,
        0.999029458,
        -0.038187325
      ],
      [
        0.995515168,
        -0.0253580064,
        -0.09113992
      ]
    ],
    "translation": [
      2.125915,
      0.8214499,
      -0.6777002
    ]
  },
  {
    "timeStamp": 69603,
    "rotation": [
      [
        -0.09183185,
        -0.0383271426,
        -0.995036662
      ],
      [
        0.0178057067,
        0.999036,
        -0.040124476
      ],
      [
        0.995615363,
        -0.0214020368,
        -0.09106088
      ]
    ],
    "translation": [
      2.12478328,
      0.821284652,
      -0.67680645
    ]
  },
  {
    "timeStamp": 69647,
    "rotation": [
      [
        -0.09262335,
        -0.0453597046,
        -0.9946675
      ],
      [
        0.0167872589,
        0.9987487,
        -0.0471090451
      ],
      [
        0.9955597,
        -0.0210611373,
        -0.09174598
      ]
    ],
    "translation": [
      2.12395263,
      0.821075737,
      -0.6764432
    ]
  },
  {
    "timeStamp": 69703,
    "rotation": [
      [
        -0.0911169946,
        -0.05697328,
        -0.9942091
      ],
      [
        0.0157813281,
        0.9981541,
        -0.0586456731
      ],
      [
        0.9957151,
        -0.021033559,
        -0.09004969
      ]
    ],
    "translation": [
      2.123084,
      0.820667744,
      -0.6761904
    ]
  },
  {
    "timeStamp": 69748,
    "rotation": [
      [
        -0.0915441141,
        -0.06846032,
        -0.993445
      ],
      [
        0.0126048829,
        0.997474432,
        -0.0698995143
      ],
      [
        0.9957213,
        -0.0189211462,
        -0.09044998
      ]
    ],
    "translation": [
      2.12256265,
      0.820072353,
      -0.676056147
    ]
  },
  {
    "timeStamp": 69803,
    "rotation": [
      [
        -0.087326,
        -0.0821199939,
        -0.9927892
      ],
      [
        0.148917884,
        0.984321952,
        -0.09451847
      ],
      [
        0.9849861,
        -0.156098,
        -0.07372776
      ]
    ],
    "translation": [
      2.12186956,
      0.821298659,
      -0.6789218
    ]
  },
  {
    "timeStamp": 69848,
    "rotation": [
      [
        -0.00127785513,
        0.0538254753,
        -0.9985495
      ],
      [
        -0.0240180977,
        0.9982606,
        0.05384064
      ],
      [
        0.9997107,
        0.024052063,
        1.71531465E-05
      ]
    ],
    "translation": [
      2.11712122,
      0.808035433,
      -0.6767958
    ]
  },
  {
    "timeStamp": 69903,
    "rotation": [
      [
        -0.0313001573,
        -0.09582102,
        -0.994906366
      ],
      [
        -0.0789639,
        0.99252,
        -0.09310695
      ],
      [
        0.996386,
        0.07564742,
        -0.03863243
      ]
    ],
    "translation": [
      2.11953926,
      0.7970176,
      -0.6792408
    ]
  },
  {
    "timeStamp": 69948,
    "rotation": [
      [
        0.0025409162,
        -0.08925846,
        -0.9960053
      ],
      [
        -0.07164514,
        0.993432641,
        -0.08921069
      ],
      [
        0.9974269,
        0.07158561,
        -0.003870706
      ]
    ],
    "translation": [
      2.11845541,
      0.7951919,
      -0.6841483
    ]
  }
]