[
  {
    "timeStamp": 27375,
    "rotation": [
      [
        0.998929262,
        -0.04623959,
        -0.0014595961
      ],
      [
        0.00221141824,
        0.0162122976,
        0.9998661
      ],
      [
        -0.0462097339,
        -0.9987988,
        0.0162971932
      ]
    ],
    "translation": [
      1.31139278,
      0.848652363,
      -0.479986548
    ]
  },
  {
    "timeStamp": 27421,
    "rotation": [
      [
        0.9988103,
        -0.048348438,
        -0.00635983841
      ],
      [
        0.007387205,
        0.02110033,
        0.9997501
      ],
      [
        -0.0482021645,
        -0.998607635,
        0.0214323867
      ]
    ],
    "translation": [
      1.31154442,
      0.8484067,
      -0.479899853
    ]
  },
  {
    "timeStamp": 27475,
    "rotation": [
      [
        0.9985606,
        -0.050308913,
        -0.0185938571
      ],
      [
        0.0200711973,
        0.0290212687,
        0.999377251
      ],
      [
        -0.0497379526,
        -0.998311937,
        0.0299892537
      ]
    ],
    "translation": [
      1.311671,
      0.847615361,
      -0.479856879
    ]
  },
  {
    "timeStamp": 27519,
    "rotation": [
      [
        0.998297,
        -0.0491552,
        -0.0314144753
      ],
      [
        0.0332229063,
        0.03641622,
        0.9987843
      ],
      [
        -0.04795144,
        -0.998127043,
        0.0379872881
      ]
    ],
    "translation": [
      1.31166279,
      0.847341537,
      -0.479911745
    ]
  },
  {
    "timeStamp": 27574,
    "rotation": [
      [
        0.9986328,
        -0.0517095327,
        -0.00765336724
      ],
      [
        0.00664262334,
        -0.0196902286,
        0.999784052
      ],
      [
        -0.0518490672,
        -0.998468,
        -0.0193198211
      ]
    ],
    "translation": [
      1.30746007,
      0.8526769,
      -0.473541319
    ]
  },
  {
    "timeStamp": 27619,
    "rotation": [
      [
        0.998760641,
        -0.0482960977,
        0.0120281242
      ],
      [
        -0.0140080331,
        -0.0408682637,
        0.999066353
      ],
      [
        -0.0477594435,
        -0.9979966,
        -0.041494146
      ]
    ],
    "translation": [
      1.30278277,
      0.8587447,
      -0.468230426
    ]
  },
  {
    "timeStamp": 27675,
    "rotation": [
      [
        0.9979039,
        -0.0525390729,
        0.037782304
      ],
      [
        -0.04074717,
        -0.0565551259,
        0.997567654
      ],
      [
        -0.0502745137,
        -0.997016132,
        -0.0585774
      ]
    ],
    "translation": [
      1.30024052,
      0.865931,
      -0.4663396
    ]
  },
  {
    "timeStamp": 27720,
    "rotation": [
      [
        0.9964051,
        -0.05987311,
        0.05993474
      ],
      [
        -0.06376043,
        -0.06417267,
        0.995899856
      ],
      [
        -0.0557814725,
        -0.996141136,
        -0.0677595139
      ]
    ],
    "translation": [
      1.298619,
      0.870961845,
      -0.4653555
    ]
  },
  {
    "timeStamp": 27777,
    "rotation": [
      [
        0.9928078,
        -0.09093253,
        0.0778709054
      ],
      [
        -0.08382181,
        -0.0635650158,
        0.9944513
      ],
      [
        -0.0854781,
        -0.9938263,
        -0.07072997
      ]
    ],
    "translation": [
      1.30353189,
      0.874216735,
      -0.463077039
    ]
  },
  {
    "timeStamp": 27821,
    "rotation": [
      [
        0.9899841,
        -0.101351835,
        0.0982817262
      ],
      [
        -0.10481102,
        -0.0612352937,
        0.9926051
      ],
      [
        -0.0945840254,
        -0.992964268,
        -0.07124476
      ]
    ],
    "translation": [
      1.30480039,
      0.8786092,
      -0.463614
    ]
  },
  {
    "timeStamp": 27878,
    "rotation": [
      [
        0.9844738,
        -0.11829222,
        0.1296853
      ],
      [
        -0.137610033,
        -0.061452955,
        0.98857826
      ],
      [
        -0.108971559,
        -0.991075456,
        -0.07677702
      ]
    ],
    "translation": [
      1.30763721,
      0.890982151,
      -0.465188
    ]
  },
  {
    "timeStamp": 27922,
    "rotation": [
      [
        0.9756348,
        -0.135340676,
        0.172683179
      ],
      [
        -0.183158442,
        -0.06911324,
        0.980650961
      ],
      [
        -0.120787255,
        -0.9883857,
        -0.09221807
      ]
    ],
    "translation": [
      1.31307924,
      0.909221649,
      -0.4672916
    ]
  },
  {
    "timeStamp": 27978,
    "rotation": [
      [
        0.956285357,
        -0.171014026,
        0.23721832
      ],
      [
        -0.253988683,
        -0.08365512,
        0.9635827
      ],
      [
        -0.144941643,
        -0.9817108,
        -0.1234338
      ]
    ],
    "translation": [
      1.32706034,
      0.942590952,
      -0.471018434
    ]
  },
  {
    "timeStamp": 28022,
    "rotation": [
      [
        0.933153749,
        -0.203652665,
        0.296225756
      ],
      [
        -0.320124775,
        -0.09589914,
        0.9425092
      ],
      [
        -0.163536727,
        -0.974335134,
        -0.1546829
      ]
    ],
    "translation": [
      1.3462193,
      0.9745037,
      -0.476816982
    ]
  },
  {
    "timeStamp": 28078,
    "rotation": [
      [
        0.9112689,
        -0.242960244,
        0.33250466
      ],
      [
        -0.3702989,
        -0.130147278,
        0.9197502
      ],
      [
        -0.180188179,
        -0.9612658,
        -0.208567083
      ]
    ],
    "translation": [
      1.381279,
      1.01753771,
      -0.487149268
    ]
  },
  {
    "timeStamp": 28122,
    "rotation": [
      [
        0.8860624,
        -0.27568984,
        0.372677475
      ],
      [
        -0.416881382,
        -0.122287109,
        0.900697351
      ],
      [
        -0.202739432,
        -0.953436434,
        -0.223283976
      ]
    ],
    "translation": [
      1.414933,
      1.04708123,
      -0.502913535
    ]
  },
  {
    "timeStamp": 28178,
    "rotation": [
      [
        0.8576941,
        -0.3328795,
        0.391857147
      ],
      [
        -0.4611572,
        -0.161029369,
        0.8725844
      ],
      [
        -0.227364957,
        -0.9291182,
        -0.291623741
      ]
    ],
    "translation": [
      1.47022021,
      1.09194589,
      -0.52103734
    ]
  },
  {
    "timeStamp": 28222,
    "rotation": [
      [
        0.8454135,
        -0.369638234,
        0.385543227
      ],
      [
        -0.473924667,
        -0.186257347,
        0.8606414
      ],
      [
        -0.246315733,
        -0.9103163,
        -0.332645148
      ]
    ],
    "translation": [
      1.51873052,
      1.1199615,
      -0.5415286
    ]
  },
  {
    "timeStamp": 28278,
    "rotation": [
      [
        0.8420033,
        -0.421715319,
        0.336432129
      ],
      [
        -0.463166058,
        -0.245357513,
        0.8516319
      ],
      [
        -0.276600063,
        -0.872900844,
        -0.401916057
      ]
    ],
    "translation": [
      1.587092,
      1.149682,
      -0.5643894
    ]
  },
  {
    "timeStamp": 28323,
    "rotation": [
      [
        0.8370365,
        -0.461866915,
        0.293340772
      ],
      [
        -0.4459867,
        -0.265357256,
        0.854799032
      ],
      [
        -0.3169633,
        -0.846324,
        -0.428100228
      ]
    ],
    "translation": [
      1.64154577,
      1.1627332,
      -0.5866356
    ]
  },
  {
    "timeStamp": 28378,
    "rotation": [
      [
        0.815740347,
        -0.524753332,
        0.243313834
      ],
      [
        -0.431046337,
        -0.2710002,
        0.860672951
      ],
      [
        -0.3857029,
        -0.8069652,
        -0.4472588
      ]
    ],
    "translation": [
      1.71344018,
      1.17329431,
      -0.613277137
    ]
  },
  {
    "timeStamp": 28422,
    "rotation": [
      [
        0.7951149,
        -0.5771426,
        0.186276078
      ],
      [
        -0.409008235,
        -0.283533543,
        0.8673644
      ],
      [
        -0.44777745,
        -0.7658428,
        -0.4614978
      ]
    ],
    "translation": [
      1.77108407,
      1.17872691,
      -0.635045946
    ]
  },
  {
    "timeStamp": 28478,
    "rotation": [
      [
        0.774332941,
        -0.6224153,
        0.1140514
      ],
      [
        -0.3576803,
        -0.281844,
        0.890297055
      ],
      [
        -0.5219898,
        -0.730180264,
        -0.440866739
      ]
    ],
    "translation": [
      1.8399893,
      1.17344236,
      -0.663698137
    ]
  },
  {
    "timeStamp": 28522,
    "rotation": [
      [
        0.7473876,
        -0.661827147,
        0.0582800545
      ],
      [
        -0.318384022,
        -0.279786229,
        0.905732453
      ],
      [
        -0.5831324,
        -0.695488632,
        -0.419823945
      ]
    ],
    "translation": [
      1.89405763,
      1.16525435,
      -0.686160266
    ]
  },
  {
    "timeStamp": 28578,
    "rotation": [
      [
        0.6878411,
        -0.7248375,
        -0.0385384932
      ],
      [
        -0.2770848,
        -0.311273754,
        0.9090284
      ],
      [
        -0.6708939,
        -0.6145887,
        -0.414948344
      ]
    ],
    "translation": [
      1.97323358,
      1.15822554,
      -0.711383641
    ]
  },
  {
    "timeStamp": 28622,
    "rotation": [
      [
        0.643733,
        -0.763200939,
        -0.0559643619
      ],
      [
        -0.255197853,
        -0.2830449,
        0.9245321
      ],
      [
        -0.7214442,
        -0.580869853,
        -0.376972616
      ]
    ],
    "translation": [
      2.02375865,
      1.14493167,
      -0.7266377
    ]
  },
  {
    "timeStamp": 28677,
    "rotation": [
      [
        0.600978434,
        -0.7844878,
        -0.152982786
      ],
      [
        -0.192033514,
        -0.327520669,
        0.9251234
      ],
      [
        -0.775853038,
        -0.5266014,
        -0.3474808
      ]
    ],
    "translation": [
      2.0928607,
      1.13820767,
      -0.73996526
    ]
  },
  {
    "timeStamp": 28722,
    "rotation": [
      [
        0.5584981,
        -0.807368,
        -0.190359488
      ],
      [
        -0.145435408,
        -0.321237653,
        0.9357643
      ],
      [
        -0.8166568,
        -0.494937539,
        -0.2968305
      ]
    ],
    "translation": [
      2.143775,
      1.12585282,
      -0.7449323
    ]
  },
  {
    "timeStamp": 28778,
    "rotation": [
      [
        0.4847859,
        -0.8503429,
        -0.204693869
      ],
      [
        -0.146025822,
        -0.3094397,
        0.9396401
      ],
      [
        -0.8623567,
        -0.4256337,
        -0.274184018
      ]
    ],
    "translation": [
      2.206385,
      1.11037481,
      -0.74683845
    ]
  },
  {
    "timeStamp": 28831,
    "rotation": [
      [
        0.44721657,
        -0.8650516,
        -0.227339149
      ],
      [
        -0.09692763,
        -0.299549,
        0.9491446
      ],
      [
        -0.8891583,
        -0.402437747,
        -0.217810676
      ]
    ],
    "translation": [
      2.24800515,
      1.09100366,
      -0.7465693
    ]
  },
  {
    "timeStamp": 28872,
    "rotation": [
      [
        0.4501932,
        -0.875222564,
        -0.176950619
      ],
      [
        -0.0556639619,
        -0.225290611,
        0.9727002
      ],
      [
        -0.891194463,
        -0.42805323,
        -0.15014267
      ]
    ],
    "translation": [
      2.27328968,
      1.05698526,
      -0.737863958
    ]
  },
  {
    "timeStamp": 28928,
    "rotation": [
      [
        0.4980377,
        -0.853386462,
        -0.153915733
      ],
      [
        -0.07780038,
        -0.220753148,
        0.972221732
      ],
      [
        -0.8636583,
        -0.472228378,
        -0.176337168
      ]
    ],
    "translation": [
      2.278307,
      1.04675281,
      -0.714370131
    ]
  },
  {
    "timeStamp": 28972,
    "rotation": [
      [
        0.6315148,
        -0.7683061,
        -0.104378313
      ],
      [
        -0.07079132,
        -0.1911892,
        0.978997052
      ],
      [
        -0.7721254,
        -0.610862,
        -0.1751282
      ]
    ],
    "translation": [
      2.25267768,
      1.03358364,
      -0.690507531
    ]
  },
  {
    "timeStamp": 29028,
    "rotation": [
      [
        0.709759831,
        -0.700220644,
        -0.0770194
      ],
      [
        -0.04948754,
        -0.158625618,
        0.9860978
      ],
      [
        -0.7027033,
        -0.6960811,
        -0.147238284
      ]
    ],
    "translation": [
      2.23215413,
      1.01800263,
      -0.674597
    ]
  },
  {
    "timeStamp": 29072,
    "rotation": [
      [
        0.780409634,
        -0.623182535,
        -0.05103245
      ],
      [
        -0.0579030775,
        -0.153294951,
        0.986482561
      ],
      [
        -0.6225818,
        -0.766905546,
        -0.155717045
      ]
    ],
    "translation": [
      2.21508455,
      1.01263463,
      -0.6600598
    ]
  },
  {
    "timeStamp": 29128,
    "rotation": [
      [
        0.8170862,
        -0.5761656,
        -0.0200826526
      ],
      [
        -0.0516380779,
        -0.107835934,
        0.99282676
      ],
      [
        -0.574198246,
        -0.810188055,
        -0.11786335
      ]
    ],
    "translation": [
      2.203289,
      0.9980741,
      -0.650457442
    ]
  },
  {
    "timeStamp": 29172,
    "rotation": [
      [
        0.855482459,
        -0.5164071,
        0.03838617
      ],
      [
        -0.08684902,
        -0.07000527,
        0.9937588
      ],
      [
        -0.510496855,
        -0.853477,
        -0.104737729
      ]
    ],
    "translation": [
      2.18393731,
      0.9906132,
      -0.6407794
    ]
  },
  {
    "timeStamp": 29228,
    "rotation": [
      [
        0.888109863,
        -0.457274854,
        0.04648241
      ],
      [
        -0.07272919,
        -0.039952796,
        0.996551156
      ],
      [
        -0.453840673,
        -0.888427556,
        -0.0687397
      ]
    ],
    "translation": [
      2.16732764,
      0.980120361,
      -0.6333895
    ]
  },
  {
    "timeStamp": 29272,
    "rotation": [
      [
        0.9074814,
        -0.413517743,
        0.0740321651
      ],
      [
        -0.086417146,
        -0.0112969074,
        0.996195
      ],
      [
        -0.411108,
        -0.910426,
        -0.0459867567
      ]
    ],
    "translation": [
      2.15403819,
      0.9751945,
      -0.6274347
    ]
  },
  {
    "timeStamp": 29318,
    "rotation": [
      [
        0.91410476,
        -0.389050871,
        0.114245012
      ],
      [
        -0.117559507,
        0.0153644122,
        0.992947
      ],
      [
        -0.388062179,
        -0.9210881,
        -0.0316919461
      ]
    ],
    "translation": [
      2.142981,
      0.969857633,
      -0.624423563
    ]
  },
  {
    "timeStamp": 29375,
    "rotation": [
      [
        0.934569955,
        -0.340500653,
        0.103142716
      ],
      [
        -0.09795268,
        0.0324478522,
        0.994662
      ],
      [
        -0.3420298,
        -0.9396842,
        -0.00302816625
      ]
    ],
    "translation": [
      2.13411,
      0.961011767,
      -0.6196841
    ]
  },
  {
    "timeStamp": 29420,
    "rotation": [
      [
        0.9423938,
        -0.320251048,
        0.09660886
      ],
      [
        -0.087917015,
        0.04152578,
        0.9952619
      ],
      [
        -0.3227454,
        -0.94642216,
        0.0109781222
      ]
    ],
    "translation": [
      2.131895,
      0.9543403,
      -0.6128083
    ]
  },
  {
    "timeStamp": 29478,
    "rotation": [
      [
        0.9492407,
        -0.29505536,
        0.109016247
      ],
      [
        -0.096499756,
        0.0567004643,
        0.9937167
      ],
      [
        -0.2993827,
        -0.9537963,
        0.0253496151
      ]
    ],
    "translation": [
      2.12600684,
      0.9484067,
      -0.6042233
    ]
  },
  {
    "timeStamp": 29522,
    "rotation": [
      [
        0.9558665,
        -0.2706561,
        0.114299648
      ],
      [
        -0.09683689,
        0.07706389,
        0.9923123
      ],
      [
        -0.277383775,
        -0.959586561,
        0.0474532954
      ]
    ],
    "translation": [
      2.12091255,
      0.9429855,
      -0.59948343
    ]
  },
  {
    "timeStamp": 29577,
    "rotation": [
      [
        0.9612285,
        -0.24879536,
        0.118914284
      ],
      [
        -0.09822292,
        0.09403359,
        0.9907118
      ],
      [
        -0.257666469,
        -0.963980556,
        0.06595036
      ]
    ],
    "translation": [
      2.11675239,
      0.937665045,
      -0.5936095
    ]
  },
  {
    "timeStamp": 29622,
    "rotation": [
      [
        0.969529331,
        -0.210490555,
        0.125325754
      ],
      [
        -0.103001684,
        0.113905124,
        0.9881378
      ],
      [
        -0.222268924,
        -0.9709373,
        0.0887534842
      ]
    ],
    "translation": [
      2.109489,
      0.9320919,
      -0.5912207
    ]
  },
  {
    "timeStamp": 29677,
    "rotation": [
      [
        0.9725166,
        -0.197580934,
        0.123180151
      ],
      [
        -0.0955846757,
        0.143615082,
        0.98500675
      ],
      [
        -0.212309077,
        -0.9697095,
        0.120782331
      ]
    ],
    "translation": [
      2.107749,
      0.9214932,
      -0.5901212
    ]
  },
  {
    "timeStamp": 29722,
    "rotation": [
      [
        0.9779694,
        -0.174016654,
        0.115299806
      ],
      [
        -0.08832415,
        0.155516565,
        0.983876765
      ],
      [
        -0.189141944,
        -0.9723851,
        0.136720568
      ]
    ],
    "translation": [
      2.10578012,
      0.9135313,
      -0.5887979
    ]
  },
  {
    "timeStamp": 29777,
    "rotation": [
      [
        0.9802601,
        -0.159653917,
        0.116622888
      ],
      [
        -0.08652188,
        0.1839806,
        0.9791145
      ],
      [
        -0.177775785,
        -0.969877243,
        0.166535273
      ]
    ],
    "translation": [
      2.10449958,
      0.902690768,
      -0.5894077
    ]
  },
  {
    "timeStamp": 29821,
    "rotation": [
      [
        0.9834464,
        -0.141501173,
        0.113184132
      ],
      [
        -0.08192699,
        0.209909841,
        0.9742822
      ],
      [
        -0.161620542,
        -0.9674272,
        0.194842309
      ]
    ],
    "translation": [
      2.102863,
      0.896942735,
      -0.590552747
    ]
  },
  {
    "timeStamp": 29877,
    "rotation": [
      [
        0.9813885,
        -0.16702795,
        0.0947534144
      ],
      [
        -0.0531472377,
        0.237905711,
        0.9698331
      ],
      [
        -0.184531629,
        -0.956818938,
        0.224600852
      ]
    ],
    "translation": [
      2.105013,
      0.884138465,
      -0.59557426
    ]
  },
  {
    "timeStamp": 29921,
    "rotation": [
      [
        0.9859837,
        -0.159569785,
        0.0487190038
      ],
      [
        -0.008404791,
        0.244132057,
        0.9697056
      ],
      [
        -0.166629583,
        -0.9565234,
        0.2393691
      ]
    ],
    "translation": [
      2.10471869,
      0.8763937,
      -0.597481
    ]
  },
  {
    "timeStamp": 29977,
    "rotation": [
      [
        0.9908186,
        -0.130616859,
        0.034894608
      ],
      [
        -0.000216985078,
        0.256564081,
        0.9665272
      ],
      [
        -0.135197446,
        -0.957660735,
        0.254180133
      ]
    ],
    "translation": [
      2.10243821,
      0.869488239,
      -0.5982812
    ]
  },
  {
    "timeStamp": 30021,
    "rotation": [
      [
        0.9964614,
        -0.073559,
        0.0406661853
      ],
      [
        -0.0197271835,
        0.265632272,
        0.963872552
      ],
      [
        -0.08170376,
        -0.961264,
        0.263241172
      ]
    ],
    "translation": [
      2.09737515,
      0.8635398,
      -0.5973158
    ]
  },
  {
    "timeStamp": 30075,
    "rotation": [
      [
        0.9986112,
        0.04668263,
        0.0244195424
      ],
      [
        -0.0355423167,
        0.2548158,
        0.9663362
      ],
      [
        0.0388886258,
        -0.9658621,
        0.256121129
      ]
    ],
    "translation": [
      2.08724117,
      0.859987259,
      -0.5938082
    ]
  },
  {
    "timeStamp": 30120,
    "rotation": [
      [
        0.9939787,
        0.107094705,
        0.0231770482
      ],
      [
        -0.04833866,
        0.238748431,
        0.9698776
      ],
      [
        0.09833527,
        -0.965158,
        0.242487654
      ]
    ],
    "translation": [
      2.08256435,
      0.858581364,
      -0.5923403
    ]
  },
  {
    "timeStamp": 30175,
    "rotation": [
      [
        0.993540645,
        0.109850965,
        0.0284560621
      ],
      [
        -0.0532591827,
        0.229978353,
        0.9717373
      ],
      [
        0.100202009,
        -0.966976047,
        0.2343434
      ]
    ],
    "translation": [
      2.08265,
      0.8589507,
      -0.587623835
    ]
  },
  {
    "timeStamp": 30219,
    "rotation": [
      [
        0.9929577,
        0.115731768,
        0.0253223125
      ],
      [
        -0.0532039776,
        0.244647339,
        0.968151331
      ],
      [
        0.105850831,
        -0.9626806,
        0.24908185
      ]
    ],
    "translation": [
      2.08217883,
      0.8580912,
      -0.5880081
    ]
  },
  {
    "timeStamp": 30275,
    "rotation": [
      [
        0.9943734,
        0.105259128,
        0.0119218584
      ],
      [
        -0.042311307,
        0.291473061,
        0.9556428
      ],
      [
        0.0971152261,
        -0.9507702,
        0.294286668
      ]
    ],
    "translation": [
      2.08306837,
      0.8553965,
      -0.58865875
    ]
  },
  {
    "timeStamp": 30319,
    "rotation": [
      [
        0.9956145,
        0.0925184041,
        0.0138584916
      ],
      [
        -0.0382590741,
        0.2674965,
        0.962798953
      ],
      [
        0.08536952,
        -0.959106863,
        0.269863069
      ]
    ],
    "translation": [
      2.08412027,
      0.8567214,
      -0.582416058
    ]
  },
  {
    "timeStamp": 30375,
    "rotation": [
      [
        0.999321938,
        0.0246894,
        0.0273145624
      ],
      [
        -0.02700695,
        -0.0127081648,
        0.999554455
      ],
      [
        0.0250255242,
        -0.9996144,
        -0.0120327622
      ]
    ],
    "translation": [
      2.08994818,
      0.873776,
      -0.5405182
    ]
  },
  {
    "timeStamp": 30420,
    "rotation": [
      [
        0.999165654,
        0.0389876328,
        0.0121670794
      ],
      [
        -0.008393869,
        -0.09552127,
        0.995392
      ],
      [
        0.03997019,
        -0.994663656,
        -0.09511432
      ]
    ],
    "translation": [
      2.09211445,
      0.882252,
      -0.525148332
    ]
  },
  {
    "timeStamp": 30476,
    "rotation": [
      [
        0.9977291,
        0.06673351,
        0.00912512
      ],
      [
        -0.005538208,
        -0.053738568,
        0.9985397
      ],
      [
        0.06712643,
        -0.996322632,
        -0.05324695
      ]
    ],
    "translation": [
      2.09104013,
      0.877115846,
      -0.532311141
    ]
  },
  {
    "timeStamp": 30521,
    "rotation": [
      [
        0.975689352,
        0.21831283,
        0.019228721
      ],
      [
        0.002130443,
        -0.0971830562,
        0.995264232
      ],
      [
        0.219147652,
        -0.971027732,
        -0.09528558
      ]
    ],
    "translation": [
      2.07449174,
      0.8812654,
      -0.5379196
    ]
  },
  {
    "timeStamp": 30578,
    "rotation": [
      [
        0.9686543,
        0.244089037,
        0.0461448058
      ],
      [
        -0.0101536419,
        -0.146699727,
        0.989128947
      ],
      [
        0.248204976,
        -0.958592534,
        -0.139622927
      ]
    ],
    "translation": [
      2.07169485,
      0.8872766,
      -0.5397174
    ]
  },
  {
    "timeStamp": 30621,
    "rotation": [
      [
        0.9682769,
        0.242853075,
        0.0588403121
      ],
      [
        -0.0177433845,
        -0.1680585,
        0.98561734
      ],
      [
        0.249248818,
        -0.955394566,
        -0.158418134
      ]
    ],
    "translation": [
      2.07170057,
      0.889964759,
      -0.540006459
    ]
  },
  {
    "timeStamp": 30677,
    "rotation": [
      [
        0.9569905,
        0.276429176,
        0.0880691558
      ],
      [
        -0.04632492,
        -0.154069886,
        0.9869734
      ],
      [
        0.28639704,
        -0.9486039,
        -0.134637848
      ]
    ],
    "translation": [
      2.06881642,
      0.8889948,
      -0.5409319
    ]
  },
  {
    "timeStamp": 30721,
    "rotation": [
      [
        0.955052733,
        0.277958542,
        0.103020981
      ],
      [
        -0.0688763559,
        -0.129947945,
        0.989125669
      ],
      [
        0.288323283,
        -0.951762855,
        -0.104962379
      ]
    ],
    "translation": [
      2.06841683,
      0.88677305,
      -0.5407735
    ]
  }
]