[
  {
    "timeStamp": 32442,
    "rotation": [
      [
        0.9999768,
        -0.0003223891,
        -0.00679981057
      ],
      [
        0.00679879542,
        -0.00305323,
        0.9999722
      ],
      [
        -0.000343143358,
        -0.999995232,
        -0.00305096735
      ]
    ],
    "translation": [
      1.15398538,
      0.853589535,
      -0.750011444
    ]
  },
  {
    "timeStamp": 32498,
    "rotation": [
      [
        0.999698639,
        -0.011104268,
        -0.0218941439
      ],
      [
        0.022074813,
        0.0164174121,
        0.9996215
      ],
      [
        -0.0107406164,
        -0.999803543,
        0.016657589
      ]
    ],
    "translation": [
      1.15365613,
      0.85358727,
      -0.7499302
    ]
  },
  {
    "timeStamp": 32542,
    "rotation": [
      [
        0.9994446,
        -0.0187367816,
        -0.0275580343
      ],
      [
        0.0281384662,
        0.0314544961,
        0.999109
      ],
      [
        -0.01785327,
        -0.999329567,
        0.03196425
      ]
    ],
    "translation": [
      1.153419,
      0.8542207,
      -0.749861658
    ]
  },
  {
    "timeStamp": 32589,
    "rotation": [
      [
        0.9979381,
        -0.0559754036,
        -0.0314065553
      ],
      [
        0.0338018276,
        0.0423711874,
        0.99853
      ],
      [
        -0.0545623749,
        -0.997532666,
        0.04417589
      ]
    ],
    "translation": [
      1.1515907,
      0.8545526,
      -0.7496382
    ]
  },
  {
    "timeStamp": 32639,
    "rotation": [
      [
        0.9977622,
        -0.05656816,
        -0.0356467664
      ],
      [
        0.03792849,
        0.0397882052,
        0.998488
      ],
      [
        -0.0550643,
        -0.9976056,
        0.0418447144
      ]
    ],
    "translation": [
      1.1515255,
      0.8544389,
      -0.7496348
    ]
  },
  {
    "timeStamp": 32695,
    "rotation": [
      [
        0.998317957,
        -0.0506675839,
        -0.0281802677
      ],
      [
        0.030146746,
        0.0384753458,
        0.9988047
      ],
      [
        -0.04952277,
        -0.9979742,
        0.0399380922
      ]
    ],
    "translation": [
      1.15189922,
      0.8544619,
      -0.7497248
    ]
  },
  {
    "timeStamp": 32739,
    "rotation": [
      [
        0.9987539,
        -0.0462277532,
        -0.0188040677
      ],
      [
        0.0206417572,
        0.0396024063,
        0.9990023
      ],
      [
        -0.0454369374,
        -0.9981456,
        0.0405072831
      ]
    ],
    "translation": [
      1.15217519,
      0.8545638,
      -0.7497628
    ]
  },
  {
    "timeStamp": 32795,
    "rotation": [
      [
        0.995801449,
        -0.07863066,
        0.0468684845
      ],
      [
        -0.051927533,
        -0.06357839,
        0.996624947
      ],
      [
        -0.07538544,
        -0.9948743,
        -0.0673945546
      ]
    ],
    "translation": [
      1.14482772,
      0.8562247,
      -0.7354437
    ]
  },
  {
    "timeStamp": 32839,
    "rotation": [
      [
        0.9921195,
        -0.09605456,
        0.080451034
      ],
      [
        -0.09443938,
        -0.151311949,
        0.9839644
      ],
      [
        -0.08234107,
        -0.983808041,
        -0.159190878
      ]
    ],
    "translation": [
      1.14018655,
      0.868292153,
      -0.716947854
    ]
  },
  {
    "timeStamp": 32895,
    "rotation": [
      [
        0.98866713,
        -0.103798516,
        0.108458191
      ],
      [
        -0.124076344,
        -0.158266753,
        0.9795697
      ],
      [
        -0.08451258,
        -0.9819254,
        -0.169352084
      ]
    ],
    "translation": [
      1.14134514,
      0.8809018,
      -0.7160075
    ]
  },
  {
    "timeStamp": 32939,
    "rotation": [
      [
        0.982904732,
        -0.124841087,
        0.135325357
      ],
      [
        -0.15446277,
        -0.159135446,
        0.97509855
      ],
      [
        -0.100197315,
        -0.979331732,
        -0.1756983
      ]
    ],
    "translation": [
      1.1430701,
      0.893704057,
      -0.713406563
    ]
  },
  {
    "timeStamp": 32996,
    "rotation": [
      [
        0.975515664,
        -0.1425359,
        0.16748935
      ],
      [
        -0.186030045,
        -0.1285593,
        0.9740972
      ],
      [
        -0.1173115,
        -0.981405139,
        -0.15192759
      ]
    ],
    "translation": [
      1.14689791,
      0.9139247,
      -0.711005569
    ]
  },
  {
    "timeStamp": 33041,
    "rotation": [
      [
        0.970278,
        -0.15437521,
        0.186356619
      ],
      [
        -0.206949726,
        -0.130188853,
        0.9696508
      ],
      [
        -0.1254285,
        -0.979397357,
        -0.158267289
      ]
    ],
    "translation": [
      1.15190053,
      0.930466652,
      -0.708743632
    ]
  },
  {
    "timeStamp": 33097,
    "rotation": [
      [
        0.9648421,
        -0.158770874,
        0.2094554
      ],
      [
        -0.228067279,
        -0.109663114,
        0.9674499
      ],
      [
        -0.130633339,
        -0.9812063,
        -0.142018035
      ]
    ],
    "translation": [
      1.16178632,
      0.953794956,
      -0.7107414
    ]
  },
  {
    "timeStamp": 33142,
    "rotation": [
      [
        0.952508867,
        -0.188958988,
        0.238791332
      ],
      [
        -0.263618648,
        -0.119175091,
        0.9572369
      ],
      [
        -0.152420521,
        -0.9747265,
        -0.163328439
      ]
    ],
    "translation": [
      1.17528749,
      0.980353832,
      -0.7045243
    ]
  },
  {
    "timeStamp": 33198,
    "rotation": [
      [
        0.9343589,
        -0.221946865,
        0.278770536
      ],
      [
        -0.3050844,
        -0.09405933,
        0.9476689
      ],
      [
        -0.184111178,
        -0.970511436,
        -0.1555977
      ]
    ],
    "translation": [
      1.19684,
      1.01530218,
      -0.7013432
    ]
  },
  {
    "timeStamp": 33242,
    "rotation": [
      [
        0.919515,
        -0.2543386,
        0.299673
      ],
      [
        -0.3342481,
        -0.104825705,
        0.936637461
      ],
      [
        -0.20680961,
        -0.9614174,
        -0.181401
      ]
    ],
    "translation": [
      1.22108269,
      1.04435956,
      -0.695794463
    ]
  },
  {
    "timeStamp": 33298,
    "rotation": [
      [
        0.898232341,
        -0.2968806,
        0.32409972
      ],
      [
        -0.366917729,
        -0.100540616,
        0.9248043
      ],
      [
        -0.241971254,
        -0.949607,
        -0.199239582
      ]
    ],
    "translation": [
      1.25740039,
      1.07964575,
      -0.6899395
    ]
  },
  {
    "timeStamp": 33342,
    "rotation": [
      [
        0.8840486,
        -0.3291677,
        0.331823468
      ],
      [
        -0.387942731,
        -0.120795555,
        0.9137335
      ],
      [
        -0.260688752,
        -0.936513245,
        -0.234487355
      ]
    ],
    "translation": [
      1.29149485,
      1.10459936,
      -0.6857059
    ]
  },
  {
    "timeStamp": 33397,
    "rotation": [
      [
        0.861330748,
        -0.37737447,
        0.34014383
      ],
      [
        -0.409876883,
        -0.1205787,
        0.9041359
      ],
      [
        -0.300183684,
        -0.9181772,
        -0.2585352
      ]
    ],
    "translation": [
      1.34007263,
      1.13334048,
      -0.68207556
    ]
  },
  {
    "timeStamp": 33442,
    "rotation": [
      [
        0.836841,
        -0.4261861,
        0.3436023
      ],
      [
        -0.432847619,
        -0.130829886,
        0.8919229
      ],
      [
        -0.3351717,
        -0.895125151,
        -0.293957442
      ]
    ],
    "translation": [
      1.38322246,
      1.15564287,
      -0.6793532
    ]
  },
  {
    "timeStamp": 33498,
    "rotation": [
      [
        0.816584468,
        -0.48123464,
        0.318752259
      ],
      [
        -0.440396369,
        -0.162428871,
        0.882988036
      ],
      [
        -0.373149872,
        -0.8614117,
        -0.344570875
      ]
    ],
    "translation": [
      1.443422,
      1.17703772,
      -0.6764724
    ]
  },
  {
    "timeStamp": 33542,
    "rotation": [
      [
        0.7871408,
        -0.536542,
        0.304190785
      ],
      [
        -0.447996467,
        -0.158385947,
        0.8798938
      ],
      [
        -0.423920423,
        -0.8288767,
        -0.365040958
      ]
    ],
    "translation": [
      1.49290538,
      1.18904614,
      -0.677179337
    ]
  },
  {
    "timeStamp": 33597,
    "rotation": [
      [
        0.753971338,
        -0.605740666,
        0.25417608
      ],
      [
        -0.434343666,
        -0.1694127,
        0.8846722
      ],
      [
        -0.492821276,
        -0.777417243,
        -0.390831918
      ]
    ],
    "translation": [
      1.56291914,
      1.19538,
      -0.6771857
    ]
  },
  {
    "timeStamp": 33642,
    "rotation": [
      [
        0.7288725,
        -0.651138246,
        0.2115748
      ],
      [
        -0.4211442,
        -0.1827559,
        0.8883906
      ],
      [
        -0.539798558,
        -0.736627,
        -0.407428831
      ]
    ],
    "translation": [
      1.616411,
      1.19800568,
      -0.6797488
    ]
  },
  {
    "timeStamp": 33697,
    "rotation": [
      [
        0.6902816,
        -0.704914153,
        0.163117677
      ],
      [
        -0.405475944,
        -0.190162033,
        0.8941072
      ],
      [
        -0.59925,
        -0.683326066,
        -0.417091072
      ]
    ],
    "translation": [
      1.6842382,
      1.20027936,
      -0.682954
    ]
  },
  {
    "timeStamp": 33742,
    "rotation": [
      [
        0.66496706,
        -0.7387436,
        0.109894045
      ],
      [
        -0.3765194,
        -0.204506382,
        0.903554261
      ],
      [
        -0.6450209,
        -0.642211,
        -0.414141357
      ]
    ],
    "translation": [
      1.7349422,
      1.19881868,
      -0.6843187
    ]
  },
  {
    "timeStamp": 33797,
    "rotation": [
      [
        0.624063134,
        -0.7785315,
        0.06658684
      ],
      [
        -0.359739184,
        -0.210620284,
        0.9089702
      ],
      [
        -0.6936374,
        -0.5912087,
        -0.41150865
      ]
    ],
    "translation": [
      1.79799044,
      1.19579053,
      -0.6882957
    ]
  },
  {
    "timeStamp": 33842,
    "rotation": [
      [
        0.5893492,
        -0.80739224,
        0.0280232616
      ],
      [
        -0.3426583,
        -0.218406841,
        0.9137197
      ],
      [
        -0.731609762,
        -0.5481024,
        -0.405377567
      ]
    ],
    "translation": [
      1.84657347,
      1.19145644,
      -0.6895627
    ]
  },
  {
    "timeStamp": 33897,
    "rotation": [
      [
        0.5360504,
        -0.8441038,
        -0.0117834928
      ],
      [
        -0.3031799,
        -0.205524832,
        0.930506051
      ],
      [
        -0.7878655,
        -0.495225579,
        -0.36608696
      ]
    ],
    "translation": [
      1.91260469,
      1.17104483,
      -0.7009614
    ]
  },
  {
    "timeStamp": 33942,
    "rotation": [
      [
        0.486643374,
        -0.872959435,
        -0.0334679075
      ],
      [
        -0.286575735,
        -0.195711523,
        0.937854648
      ],
      [
        -0.8252591,
        -0.446809649,
        -0.3454107
      ]
    ],
    "translation": [
      1.95870566,
      1.16003323,
      -0.7021327
    ]
  },
  {
    "timeStamp": 33998,
    "rotation": [
      [
        0.418312937,
        -0.9063344,
        -0.0597680844
      ],
      [
        -0.2453407,
        -0.176101208,
        0.9533081
      ],
      [
        -0.874541163,
        -0.384117573,
        -0.29602614
      ]
    ],
    "translation": [
      2.01763058,
      1.13869369,
      -0.7063002
    ]
  },
  {
    "timeStamp": 34041,
    "rotation": [
      [
        0.374179751,
        -0.9253915,
        -0.06033281
      ],
      [
        -0.217572466,
        -0.150845543,
        0.9643173
      ],
      [
        -0.901472,
        -0.347701281,
        -0.257783055
      ]
    ],
    "translation": [
      2.05521631,
      1.11960948,
      -0.707806
    ]
  },
  {
    "timeStamp": 34097,
    "rotation": [
      [
        0.327659458,
        -0.944696,
        -0.0137376254
      ],
      [
        -0.206308156,
        -0.08573045,
        0.9747242
      ],
      [
        -0.921995759,
        -0.3165434,
        -0.222988889
      ]
    ],
    "translation": [
      2.08672071,
      1.09304738,
      -0.7074705
    ]
  },
  {
    "timeStamp": 34145,
    "rotation": [
      [
        0.325668484,
        -0.9454112,
        -0.0117378561
      ],
      [
        -0.17403926,
        -0.0721450746,
        0.9820924
      ],
      [
        -0.929327965,
        -0.317793667,
        -0.188034043
      ]
    ],
    "translation": [
      2.10523176,
      1.06902945,
      -0.7049074
    ]
  },
  {
    "timeStamp": 34192,
    "rotation": [
      [
        0.305423647,
        -0.9515949,
        0.0344024971
      ],
      [
        -0.122196473,
        -0.00333881774,
        0.9925003
      ],
      [
        -0.9443434,
        -0.307336926,
        -0.117301293
      ]
    ],
    "translation": [
      2.11812234,
      1.03539538,
      -0.705049634
    ]
  },
  {
    "timeStamp": 34248,
    "rotation": [
      [
        0.319319516,
        -0.945381463,
        0.06549022
      ],
      [
        -0.100197293,
        0.0350390635,
        0.994350433
      ],
      [
        -0.9423352,
        -0.324077427,
        -0.08353601
      ]
    ],
    "translation": [
      2.1160512,
      1.0122658,
      -0.704226553
    ]
  },
  {
    "timeStamp": 34292,
    "rotation": [
      [
        0.339105636,
        -0.936451,
        0.08981548
      ],
      [
        -0.07718736,
        0.06745433,
        0.994732141
      ],
      [
        -0.937576354,
        -0.3442519,
        -0.04940804
      ]
    ],
    "translation": [
      2.10945225,
      0.998528063,
      -0.704667151
    ]
  },
  {
    "timeStamp": 34347,
    "rotation": [
      [
        0.354284376,
        -0.9255116,
        0.1338313
      ],
      [
        -0.0774294958,
        0.113589764,
        0.990505934
      ],
      [
        -0.9319266,
        -0.3612833,
        -0.0314188153
      ]
    ],
    "translation": [
      2.09322929,
      0.9877095,
      -0.7039433
    ]
  },
  {
    "timeStamp": 34392,
    "rotation": [
      [
        0.356014818,
        -0.926719546,
        0.120184839
      ],
      [
        -0.0619990937,
        0.104904026,
        0.99254787
      ],
      [
        -0.9324214,
        -0.3608131,
        -0.020108385
      ]
    ],
    "translation": [
      2.09150863,
      0.977660835,
      -0.702499032
    ]
  },
  {
    "timeStamp": 34447,
    "rotation": [
      [
        0.365943372,
        -0.921239734,
        0.1319194
      ],
      [
        -0.05976982,
        0.1181938,
        0.9911901
      ],
      [
        -0.928715765,
        -0.370604247,
        -0.0118100988
      ]
    ],
    "translation": [
      2.08545661,
      0.9645074,
      -0.701564
    ]
  },
  {
    "timeStamp": 34492,
    "rotation": [
      [
        0.365643,
        -0.9193912,
        0.14500016
      ],
      [
        -0.0514465347,
        0.1355857,
        0.989429
      ],
      [
        -0.929332256,
        -0.369237542,
        0.00227647321
      ]
    ],
    "translation": [
      2.080831,
      0.952484667,
      -0.7021398
    ]
  },
  {
    "timeStamp": 34547,
    "rotation": [
      [
        0.3703001,
        -0.922935367,
        0.105205104
      ],
      [
        -0.0307452623,
        0.101016805,
        0.994409561
      ],
      [
        -0.9284032,
        -0.371464521,
        0.009030648
      ]
    ],
    "translation": [
      2.08614,
      0.9382899,
      -0.7013398
    ]
  },
  {
    "timeStamp": 34592,
    "rotation": [
      [
        0.3616688,
        -0.91951257,
        0.153923228
      ],
      [
        -0.0492790937,
        0.146014124,
        0.9880544
      ],
      [
        -0.931003332,
        -0.36493364,
        0.007496005
      ]
    ],
    "translation": [
      2.080121,
      0.932581842,
      -0.699008
    ]
  },
  {
    "timeStamp": 34638,
    "rotation": [
      [
        0.3726252,
        -0.911687255,
        0.173138112
      ],
      [
        -0.04861511,
        0.167140365,
        0.9847338
      ],
      [
        -0.9267076,
        -0.375353754,
        0.0179589335
      ]
    ],
    "translation": [
      2.070938,
      0.928519964,
      -0.6993134
    ]
  },
  {
    "timeStamp": 34695,
    "rotation": [
      [
        0.40131402,
        -0.9055155,
        0.1377996
      ],
      [
        -0.0404912531,
        0.132759854,
        0.9903208
      ],
      [
        -0.9150451,
        -0.4030093,
        0.0166129284
      ]
    ],
    "translation": [
      2.06891131,
      0.925617,
      -0.696382642
    ]
  },
  {
    "timeStamp": 34740,
    "rotation": [
      [
        0.400072515,
        -0.906569242,
        0.13444066
      ],
      [
        -0.0366224423,
        0.130760849,
        0.9907373
      ],
      [
        -0.9157515,
        -0.4012903,
        0.0191130415
      ]
    ],
    "translation": [
      2.068932,
      0.9219333,
      -0.693240941
    ]
  },
  {
    "timeStamp": 34797,
    "rotation": [
      [
        0.385569781,
        -0.9126738,
        0.135508046
      ],
      [
        -0.03589215,
        0.131916583,
        0.9906108
      ],
      [
        -0.921980262,
        -0.386813283,
        0.0181052238
      ]
    ],
    "translation": [
      2.06903458,
      0.9155227,
      -0.686160564
    ]
  },
  {
    "timeStamp": 34842,
    "rotation": [
      [
        0.3832821,
        -0.913167834,
        0.138633817
      ],
      [
        -0.0359187,
        0.135246515,
        0.9901607
      ],
      [
        -0.9229327,
        -0.3844904,
        0.0190377627
      ]
    ],
    "translation": [
      2.069015,
      0.9120696,
      -0.684235334
    ]
  },
  {
    "timeStamp": 34897,
    "rotation": [
      [
        0.388121337,
        -0.913268447,
        0.12370342
      ],
      [
        -0.03203411,
        0.120775886,
        0.992162764
      ],
      [
        -0.9210514,
        -0.3890423,
        0.0176199581
      ]
    ],
    "translation": [
      2.069502,
      0.910042644,
      -0.6820432
    ]
  },
  {
    "timeStamp": 34941,
    "rotation": [
      [
        0.386525065,
        -0.913326263,
        0.128193513
      ],
      [
        -0.0296369828,
        0.126624465,
        0.9915079
      ],
      [
        -0.92180264,
        -0.3870419,
        0.02187529
      ]
    ],
    "translation": [
      2.06902051,
      0.909311,
      -0.6824825
    ]
  },
  {
    "timeStamp": 34997,
    "rotation": [
      [
        0.385088265,
        -0.9152161,
        0.1186864
      ],
      [
        -0.0216431655,
        0.119613029,
        0.992584646
      ],
      [
        -0.9226259,
        -0.384801447,
        0.0262534
      ]
    ],
    "translation": [
      2.06939054,
      0.9075376,
      -0.6822261
    ]
  },
  {
    "timeStamp": 35041,
    "rotation": [
      [
        0.388585538,
        -0.9147976,
        0.110211521
      ],
      [
        -0.0133250644,
        0.114019752,
        0.9933891
      ],
      [
        -0.921316266,
        -0.3874852,
        0.03211669
      ]
    ],
    "translation": [
      2.069157,
      0.905076265,
      -0.683373332
    ]
  }
]