[
  {
    "timeStamp": 89616,
    "rotation": [
      [
        0.432188928,
        0.8850222,
        0.173056111
      ],
      [
        0.0711683556,
        0.157831579,
        -0.9848981
      ],
      [
        -0.8989704,
        0.437978148,
        0.00522748474
      ]
    ],
    "translation": [
      1.59466934,
      0.8449638,
      -0.733839333
    ]
  },
  {
    "timeStamp": 89663,
    "rotation": [
      [
        0.432949871,
        0.8874176,
        0.158254072
      ],
      [
        0.06680375,
        0.14349106,
        -0.987394333
      ],
      [
        -0.8989392,
        0.438064218,
        0.00284160976
      ]
    ],
    "translation": [
      1.59459686,
      0.846284032,
      -0.733854
    ]
  },
  {
    "timeStamp": 89716,
    "rotation": [
      [
        0.4322716,
        0.88854444,
        0.153720558
      ],
      [
        0.06690689,
        0.1383966,
        -0.9881143
      ],
      [
        -0.8992579,
        0.437418729,
        0.0003751784
      ]
    ],
    "translation": [
      1.59476316,
      0.8464152,
      -0.7341591
    ]
  },
  {
    "timeStamp": 89761,
    "rotation": [
      [
        0.430783868,
        0.88929,
        0.153585613
      ],
      [
        0.06707641,
        0.138164088,
        -0.988135338
      ],
      [
        -0.8999589,
        0.435974717,
        -0.000131519089
      ]
    ],
    "translation": [
      1.59591341,
      0.846416056,
      -0.735528
    ]
  },
  {
    "timeStamp": 89816,
    "rotation": [
      [
        0.417730331,
        0.895201743,
        0.155290425
      ],
      [
        0.06126614,
        0.142774567,
        -0.9878572
      ],
      [
        -0.906503,
        0.42217198,
        0.004795715
      ]
    ],
    "translation": [
      1.59744918,
      0.8512044,
      -0.7357947
    ]
  },
  {
    "timeStamp": 89860,
    "rotation": [
      [
        0.414897949,
        0.898379147,
        0.144134209
      ],
      [
        0.0306152515,
        0.144538313,
        -0.9890255
      ],
      [
        -0.9093528,
        0.414757341,
        0.03246454
      ]
    ],
    "translation": [
      1.59849989,
      0.861948669,
      -0.734703839
    ]
  },
  {
    "timeStamp": 89916,
    "rotation": [
      [
        0.410408348,
        0.904410243,
        0.116649844
      ],
      [
        -0.02306546,
        0.138173863,
        -0.990139365
      ],
      [
        -0.9116102,
        0.403670877,
        0.0775683448
      ]
    ],
    "translation": [
      1.6007458,
      0.883591,
      -0.7336428
    ]
  },
  {
    "timeStamp": 89961,
    "rotation": [
      [
        0.39951542,
        0.911895931,
        0.0939858556
      ],
      [
        -0.06353104,
        0.129818186,
        -0.9895004
      ],
      [
        -0.914522469,
        0.389349669,
        0.109798066
      ]
    ],
    "translation": [
      1.60577583,
      0.9047802,
      -0.7322262
    ]
  },
  {
    "timeStamp": 90016,
    "rotation": [
      [
        0.375631183,
        0.925176859,
        0.0543044247
      ],
      [
        -0.126503408,
        0.109232292,
        -0.985933661
      ],
      [
        -0.9180948,
        0.363477737,
        0.158069089
      ]
    ],
    "translation": [
      1.615858,
      0.9390581,
      -0.731235743
    ]
  },
  {
    "timeStamp": 90060,
    "rotation": [
      [
        0.364504516,
        0.930131137,
        0.044638522
      ],
      [
        -0.172312677,
        0.114480227,
        -0.9783673
      ],
      [
        -0.9151201,
        0.348927528,
        0.202001944
      ]
    ],
    "translation": [
      1.62897837,
      0.9678835,
      -0.731593
    ]
  },
  {
    "timeStamp": 90116,
    "rotation": [
      [
        0.326359123,
        0.9449697,
        0.0228479039
      ],
      [
        -0.227243885,
        0.10189864,
        -0.9684921
      ],
      [
        -0.917523861,
        0.310884178,
        0.247994125
      ]
    ],
    "translation": [
      1.65210593,
      1.00781322,
      -0.7306966
    ]
  },
  {
    "timeStamp": 90161,
    "rotation": [
      [
        0.296484143,
        0.9547493,
        0.0234725568
      ],
      [
        -0.2693194,
        0.107163012,
        -0.9570701
      ],
      [
        -0.916277349,
        0.2774345,
        0.2889046
      ]
    ],
    "translation": [
      1.67660713,
      1.03861773,
      -0.7298326
    ]
  },
  {
    "timeStamp": 90216,
    "rotation": [
      [
        0.2554533,
        0.9664544,
        0.026637461
      ],
      [
        -0.299960375,
        0.105417371,
        -0.94810915
      ],
      [
        -0.919112265,
        0.2342074,
        0.316827238
      ]
    ],
    "translation": [
      1.71235716,
      1.07391822,
      -0.729737043
    ]
  },
  {
    "timeStamp": 90260,
    "rotation": [
      [
        0.235016942,
        0.970297933,
        0.0573490672
      ],
      [
        -0.3194113,
        0.132820547,
        -0.938261747
      ],
      [
        -0.9180106,
        0.202189475,
        0.3411392
      ]
    ],
    "translation": [
      1.7448386,
      1.09630156,
      -0.7308467
    ]
  },
  {
    "timeStamp": 90316,
    "rotation": [
      [
        0.218400374,
        0.970641136,
        0.100782536
      ],
      [
        -0.333590776,
        0.171313509,
        -0.9270215
      ],
      [
        -0.917070568,
        0.16884172,
        0.361211866
      ]
    ],
    "translation": [
      1.78679419,
      1.11947834,
      -0.730026662
    ]
  },
  {
    "timeStamp": 90361,
    "rotation": [
      [
        0.193641469,
        0.9714587,
        0.137007341
      ],
      [
        -0.334670931,
        0.1966831,
        -0.9215808
      ],
      [
        -0.9222247,
        0.1326039,
        0.363204956
      ]
    ],
    "translation": [
      1.82352662,
      1.13034844,
      -0.7302682
    ]
  },
  {
    "timeStamp": 90416,
    "rotation": [
      [
        0.16270192,
        0.9675065,
        0.193543732
      ],
      [
        -0.334319,
        0.238611937,
        -0.9117539
      ],
      [
        -0.9283097,
        0.0836387649,
        0.362278432
      ]
    ],
    "translation": [
      1.87165,
      1.13870263,
      -0.7294431
    ]
  },
  {
    "timeStamp": 90460,
    "rotation": [
      [
        0.141806126,
        0.961230159,
        0.236490145
      ],
      [
        -0.331746548,
        0.271236539,
        -0.9035347
      ],
      [
        -0.9326496,
        0.049671974,
        0.357347816
      ]
    ],
    "translation": [
      1.91024423,
      1.14009547,
      -0.7305476
    ]
  },
  {
    "timeStamp": 90515,
    "rotation": [
      [
        0.111709312,
        0.9565961,
        0.269156069
      ],
      [
        -0.3298917,
        0.291189343,
        -0.89798677
      ],
      [
        -0.937386,
        0.0115211252,
        0.348101676
      ]
    ],
    "translation": [
      1.95595479,
      1.13903379,
      -0.7331095
    ]
  },
  {
    "timeStamp": 90560,
    "rotation": [
      [
        0.105563752,
        0.9496612,
        0.294957429
      ],
      [
        -0.3187687,
        0.3132785,
        -0.8945631
      ],
      [
        -0.941935658,
        0.000410245964,
        0.335793138
      ]
    ],
    "translation": [
      1.98776889,
      1.13565254,
      -0.735606849
    ]
  },
  {
    "timeStamp": 90615,
    "rotation": [
      [
        0.136016622,
        0.9440344,
        0.300497234
      ],
      [
        -0.306478918,
        0.328532517,
        -0.8933852
      ],
      [
        -0.9421094,
        0.0294191688,
        0.334012538
      ]
    ],
    "translation": [
      2.01668835,
      1.13330054,
      -0.7395772
    ]
  },
  {
    "timeStamp": 90660,
    "rotation": [
      [
        0.128444418,
        0.9418501,
        0.3105164
      ],
      [
        -0.284736067,
        0.334950745,
        -0.898183346
      ],
      [
        -0.9499618,
        0.0269514062,
        0.3112012
      ]
    ],
    "translation": [
      2.04135776,
      1.12785542,
      -0.744030356
    ]
  },
  {
    "timeStamp": 90715,
    "rotation": [
      [
        0.154046163,
        0.934878,
        0.319801331
      ],
      [
        -0.260606468,
        0.350647,
        -0.899517059
      ],
      [
        -0.953076065,
        0.0552248657,
        0.297651082
      ]
    ],
    "translation": [
      2.06306934,
      1.1212033,
      -0.7490435
    ]
  },
  {
    "timeStamp": 90762,
    "rotation": [
      [
        0.166814789,
        0.932301641,
        0.320914984
      ],
      [
        -0.234376982,
        0.353640348,
        -0.9055418
      ],
      [
        -0.9577266,
        0.07584266,
        0.277502477
      ]
    ],
    "translation": [
      2.07902026,
      1.11341393,
      -0.752607644
    ]
  },
  {
    "timeStamp": 90810,
    "rotation": [
      [
        0.19872728,
        0.9272516,
        0.31735152
      ],
      [
        -0.208756015,
        0.3564281,
        -0.910703
      ],
      [
        -0.957563758,
        0.1147325,
        0.264401317
      ]
    ],
    "translation": [
      2.09674859,
      1.10417068,
      -0.7545474
    ]
  },
  {
    "timeStamp": 90866,
    "rotation": [
      [
        0.232484281,
        0.9123165,
        0.337089956
      ],
      [
        -0.1773347,
        0.380538285,
        -0.9076029
      ],
      [
        -0.956296742,
        0.151225671,
        0.250254542
      ]
    ],
    "translation": [
      2.11771941,
      1.09555745,
      -0.7557347
    ]
  },
  {
    "timeStamp": 90910,
    "rotation": [
      [
        0.2208203,
        0.9163995,
        0.33384198
      ],
      [
        -0.1718261,
        0.37349084,
        -0.9115813
      ],
      [
        -0.960059464,
        0.1439329,
        0.2399357
      ]
    ],
    "translation": [
      2.13459873,
      1.09315467,
      -0.7535027
    ]
  },
  {
    "timeStamp": 90966,
    "rotation": [
      [
        0.303533435,
        0.907466769,
        0.2904679
      ],
      [
        -0.178626984,
        0.353640825,
        -0.918167
      ],
      [
        -0.9359273,
        0.22680898,
        0.269439846
      ]
    ],
    "translation": [
      2.14132547,
      1.09402072,
      -0.7531468
    ]
  },
  {
    "timeStamp": 91010,
    "rotation": [
      [
        0.38716203,
        0.8824255,
        0.267265379
      ],
      [
        -0.166648149,
        0.352070659,
        -0.921018243
      ],
      [
        -0.906826258,
        0.312044,
        0.283362955
      ]
    ],
    "translation": [
      2.141736,
      1.09270561,
      -0.75735724
    ]
  },
  {
    "timeStamp": 91066,
    "rotation": [
      [
        0.5541706,
        0.8069671,
        0.204203561
      ],
      [
        -0.145877659,
        0.3356717,
        -0.930614948
      ],
      [
        -0.819521,
        0.485930741,
        0.303737849
      ]
    ],
    "translation": [
      2.136184,
      1.08960748,
      -0.774244
    ]
  },
  {
    "timeStamp": 91110,
    "rotation": [
      [
        0.6283525,
        0.746562839,
        0.218671158
      ],
      [
        -0.08415239,
        0.344675958,
        -0.9349422
      ],
      [
        -0.773363769,
        0.569071531,
        0.279403031
      ]
    ],
    "translation": [
      2.142035,
      1.08184636,
      -0.7878112
    ]
  },
  {
    "timeStamp": 91165,
    "rotation": [
      [
        0.708218634,
        0.6457974,
        0.285257936
      ],
      [
        -0.01219651,
        0.415183485,
        -0.9096559
      ],
      [
        -0.7058878,
        0.64075613,
        0.301917136
      ]
    ],
    "translation": [
      2.1643014,
      1.06675637,
      -0.801747859
    ]
  },
  {
    "timeStamp": 91211,
    "rotation": [
      [
        0.765779734,
        0.56957835,
        0.29859975
      ],
      [
        0.0404564366,
        0.4207251,
        -0.906285644
      ],
      [
        -0.6418291,
        0.706095457,
        0.299139678
      ]
    ],
    "translation": [
      2.17504,
      1.05745327,
      -0.8141767
    ]
  },
  {
    "timeStamp": 91268,
    "rotation": [
      [
        0.8407059,
        0.4109323,
        0.3526304
      ],
      [
        0.140628681,
        0.463182151,
        -0.87503475
      ],
      [
        -0.5229122,
        0.785236835,
        0.3316111
      ]
    ],
    "translation": [
      2.19344115,
      1.04404581,
      -0.828589737
    ]
  },
  {
    "timeStamp": 91314,
    "rotation": [
      [
        0.885150135,
        0.296562135,
        0.358552754
      ],
      [
        0.196254387,
        0.460736036,
        -0.865567148
      ],
      [
        -0.421892643,
        0.8365244,
        0.349618971
      ]
    ],
    "translation": [
      2.200725,
      1.03636754,
      -0.837885559
    ]
  },
  {
    "timeStamp": 91359,
    "rotation": [
      [
        0.9097901,
        0.180338547,
        0.3738449
      ],
      [
        0.263640046,
        0.444586664,
        -0.8560588
      ],
      [
        -0.32058686,
        0.8773943,
        0.3569361
      ]
    ],
    "translation": [
      2.207064,
      1.03208423,
      -0.8444788
    ]
  },
  {
    "timeStamp": 91416,
    "rotation": [
      [
        0.9095692,
        0.110956542,
        0.400465369
      ],
      [
        0.3252826,
        0.409608722,
        -0.852298
      ],
      [
        -0.258602142,
        0.905488431,
        0.336475253
      ]
    ],
    "translation": [
      2.2105124,
      1.03230774,
      -0.8459042
    ]
  },
  {
    "timeStamp": 91460,
    "rotation": [
      [
        0.9132238,
        0.1124014,
        0.391648054
      ],
      [
        0.319037467,
        0.400639683,
        -0.8588964
      ],
      [
        -0.253450871,
        0.909315,
        0.330013454
      ]
    ],
    "translation": [
      2.207317,
      1.03555238,
      -0.840989769
    ]
  },
  {
    "timeStamp": 91515,
    "rotation": [
      [
        0.917005539,
        0.115454741,
        0.381799728
      ],
      [
        0.3108768,
        0.392853558,
        -0.8654604
      ],
      [
        -0.249912888,
        0.912324667,
        0.324356675
      ]
    ],
    "translation": [
      2.20295072,
      1.03771877,
      -0.836528838
    ]
  },
  {
    "timeStamp": 91560,
    "rotation": [
      [
        0.91726613,
        0.1021761,
        0.384945273
      ],
      [
        0.3178644,
        0.394544661,
        -0.8621466
      ],
      [
        -0.239968866,
        0.913178265,
        0.329424322
      ]
    ],
    "translation": [
      2.20243669,
      1.036578,
      -0.83358264
    ]
  },
  {
    "timeStamp": 91615,
    "rotation": [
      [
        0.9183954,
        0.09203007,
        0.384812
      ],
      [
        0.323492825,
        0.38534987,
        -0.864209354
      ],
      [
        -0.227820531,
        0.918169856,
        0.3241325
      ]
    ],
    "translation": [
      2.20130849,
      1.03362322,
      -0.83372587
    ]
  },
  {
    "timeStamp": 91660,
    "rotation": [
      [
        0.9147015,
        0.0595335,
        0.399720967
      ],
      [
        0.352525234,
        0.366084218,
        -0.8612249
      ],
      [
        -0.19760327,
        0.9286755,
        0.313870758
      ]
    ],
    "translation": [
      2.20401549,
      1.029274,
      -0.836865962
    ]
  },
  {
    "timeStamp": 91715,
    "rotation": [
      [
        0.905518055,
        0.0217669271,
        0.42374894
      ],
      [
        0.394557267,
        0.3241703,
        -0.8597896
      ],
      [
        -0.1560818,
        0.94574827,
        0.284953773
      ]
    ],
    "translation": [
      2.20748687,
      1.02333426,
      -0.841951549
    ]
  },
  {
    "timeStamp": 91760,
    "rotation": [
      [
        0.896396458,
        0.008832396,
        0.443165243
      ],
      [
        0.4270837,
        0.2503702,
        -0.868858039
      ],
      [
        -0.118629456,
        0.9681099,
        0.220658779
      ]
    ],
    "translation": [
      2.20841384,
      1.02194154,
      -0.8438302
    ]
  },
  {
    "timeStamp": 91815,
    "rotation": [
      [
        0.8833313,
        -0.0206696466,
        0.46829325
      ],
      [
        0.46466434,
        0.1702135,
        -0.8689732
      ],
      [
        -0.0617484674,
        0.9851904,
        0.159959361
      ]
    ],
    "translation": [
      2.2087276,
      1.02201259,
      -0.844588459
    ]
  },
  {
    "timeStamp": 91860,
    "rotation": [
      [
        0.8713832,
        -0.05936094,
        0.486998528
      ],
      [
        0.4884118,
        0.198676,
        -0.8496951
      ],
      [
        -0.04631623,
        0.9782659,
        0.202115521
      ]
    ],
    "translation": [
      2.208007,
      1.01646626,
      -0.843557954
    ]
  },
  {
    "timeStamp": 91915,
    "rotation": [
      [
        0.854784,
        -0.0585269257,
        0.515673161
      ],
      [
        0.5178228,
        0.162606239,
        -0.8398921
      ],
      [
        -0.03469538,
        0.9849537,
        0.1692998
      ]
    ],
    "translation": [
      2.20684528,
      1.01547647,
      -0.839465141
    ]
  },
  {
    "timeStamp": 91960,
    "rotation": [
      [
        0.8496977,
        -0.0619338043,
        0.523620248
      ],
      [
        0.5268222,
        0.140654325,
        -0.838257
      ],
      [
        -0.02173299,
        0.9881198,
        0.15214175
      ]
    ],
    "translation": [
      2.20404029,
      1.0130055,
      -0.8381875
    ]
  },
  {
    "timeStamp": 92015,
    "rotation": [
      [
        0.8562478,
        -0.0473014042,
        0.5143951
      ],
      [
        0.5164433,
        0.100026533,
        -0.8504593
      ],
      [
        -0.0112252384,
        0.993859768,
        0.110075995
      ]
    ],
    "translation": [
      2.19689131,
      1.01083338,
      -0.839660764
    ]
  },
  {
    "timeStamp": 92059,
    "rotation": [
      [
        0.865502834,
        -0.0382632241,
        0.4994405
      ],
      [
        0.5008268,
        0.0836160854,
        -0.8614992
      ],
      [
        -0.008797526,
        0.9957632,
        0.0915332
      ]
    ],
    "translation": [
      2.19096422,
      1.00835729,
      -0.8396182
    ]
  },
  {
    "timeStamp": 92115,
    "rotation": [
      [
        0.860793769,
        -0.02685767,
        0.5082449
      ],
      [
        0.5089248,
        0.0561306737,
        -0.858979046
      ],
      [
        -0.00545794424,
        0.998062134,
        0.0619854666
      ]
    ],
    "translation": [
      2.18843484,
      1.0041188,
      -0.8405047
    ]
  },
  {
    "timeStamp": 92160,
    "rotation": [
      [
        0.8625874,
        -0.020048121,
        0.5055107
      ],
      [
        0.505850554,
        0.0492414944,
        -0.8612145
      ],
      [
        -0.007626371,
        0.998585641,
        0.0526164472
      ]
    ],
    "translation": [
      2.18646884,
      0.999636769,
      -0.84073174
    ]
  },
  {
    "timeStamp": 92215,
    "rotation": [
      [
        0.863128364,
        -0.02108549,
        0.5045442
      ],
      [
        0.5049637,
        0.04512552,
        -0.8619602
      ],
      [
        -0.004592968,
        0.9987588,
        0.0495965257
      ]
    ],
    "translation": [
      2.18466473,
      0.994754434,
      -0.8404685
    ]
  },
  {
    "timeStamp": 92260,
    "rotation": [
      [
        0.85944134,
        -0.016112987,
        0.510980368
      ],
      [
        0.511151433,
        0.0450865068,
        -0.8583073
      ],
      [
        -0.009208425,
        0.998853147,
        0.0469853841
      ]
    ],
    "translation": [
      2.184416,
      0.9907751,
      -0.8396841
    ]
  },
  {
    "timeStamp": 92315,
    "rotation": [
      [
        0.8638266,
        0.0110777346,
        0.503667533
      ],
      [
        0.502708554,
        0.04649807,
        -0.863204539
      ],
      [
        -0.0329819173,
        0.998856962,
        0.0345973969
      ]
    ],
    "translation": [
      2.1802268,
      0.9872725,
      -0.837969363
    ]
  },
  {
    "timeStamp": 92359,
    "rotation": [
      [
        0.8664334,
        0.0227037426,
        0.498776168
      ],
      [
        0.496718884,
        0.0621049777,
        -0.8656866
      ],
      [
        -0.0506308153,
        0.9978114,
        0.0425324477
      ]
    ],
    "translation": [
      2.17731953,
      0.985357046,
      -0.8352024
    ]
  },
  {
    "timeStamp": 92415,
    "rotation": [
      [
        0.873120248,
        0.0568672121,
        0.484176874
      ],
      [
        0.480561465,
        0.06662928,
        -0.874426246
      ],
      [
        -0.08198653,
        0.996156,
        0.0308471825
      ]
    ],
    "translation": [
      2.171692,
      0.9849151,
      -0.834351063
    ]
  }
]