[
  {
    "timeStamp": 59854,
    "rotation": [
      [
        -0.8368035,
        0.546782136,
        0.0280924011
      ],
      [
        -0.0129681518,
        -0.07109001,
        0.9973856
      ],
      [
        0.547349751,
        0.834251463,
        0.0665791258
      ]
    ],
    "translation": [
      1.47386086,
      0.702035248,
      -0.480485171
    ]
  },
  {
    "timeStamp": 59905,
    "rotation": [
      [
        -0.831255138,
        0.5558001,
        0.0100553753
      ],
      [
        -0.0101561286,
        -0.0332702771,
        0.9993948
      ],
      [
        0.555798233,
        0.83065,
        0.0333008654
      ]
    ],
    "translation": [
      1.47660649,
      0.7036281,
      -0.47865358
    ]
  },
  {
    "timeStamp": 59961,
    "rotation": [
      [
        -0.828753,
        0.5535203,
        0.0823627561
      ],
      [
        0.0683413744,
        -0.04596904,
        0.996602356
      ],
      [
        0.5554258,
        0.831566036,
        0.000268638745
      ]
    ],
    "translation": [
      1.473243,
      0.7197005,
      -0.481739342
    ]
  },
  {
    "timeStamp": 60007,
    "rotation": [
      [
        -0.8318462,
        0.5367365,
        0.141230017
      ],
      [
        0.1410383,
        -0.04168181,
        0.989126265
      ],
      [
        0.536786854,
        0.8427198,
        -0.0410275422
      ]
    ],
    "translation": [
      1.47237706,
      0.7409357,
      -0.487674326
    ]
  },
  {
    "timeStamp": 60060,
    "rotation": [
      [
        -0.83716923,
        0.50847435,
        0.201498181
      ],
      [
        0.216777265,
        -0.0297675766,
        0.975767136
      ],
      [
        0.502150655,
        0.860562444,
        -0.08530518
      ]
    ],
    "translation": [
      1.47845149,
      0.767711163,
      -0.5039924
    ]
  },
  {
    "timeStamp": 60105,
    "rotation": [
      [
        -0.8453805,
        0.4725131,
        0.249124661
      ],
      [
        0.25913918,
        -0.04503917,
        0.9647893
      ],
      [
        0.467095941,
        0.880172,
        -0.0843714252
      ]
    ],
    "translation": [
      1.48742378,
      0.784165859,
      -0.5267247
    ]
  },
  {
    "timeStamp": 60161,
    "rotation": [
      [
        -0.8508417,
        0.426707417,
        0.3065765
      ],
      [
        0.292082548,
        -0.100901172,
        0.9510556
      ],
      [
        0.4367564,
        0.8987434,
        -0.0387828574
      ]
    ],
    "translation": [
      1.50641787,
      0.7982539,
      -0.5673827
    ]
  },
  {
    "timeStamp": 60205,
    "rotation": [
      [
        -0.86682,
        0.366393358,
        0.338199526
      ],
      [
        0.2979863,
        -0.1631673,
        0.9405214
      ],
      [
        0.399783939,
        0.9160417,
        0.0322564654
      ]
    ],
    "translation": [
      1.52689612,
      0.8039455,
      -0.608155966
    ]
  },
  {
    "timeStamp": 60261,
    "rotation": [
      [
        -0.8885933,
        0.298285216,
        0.348464817
      ],
      [
        0.284698337,
        -0.236999512,
        0.928858459
      ],
      [
        0.359650761,
        0.9245848,
        0.125674888
      ]
    ],
    "translation": [
      1.559276,
      0.806255639,
      -0.664648533
    ]
  },
  {
    "timeStamp": 60306,
    "rotation": [
      [
        -0.8987637,
        0.253336579,
        0.357832819
      ],
      [
        0.275643647,
        -0.3081852,
        0.9105177
      ],
      [
        0.3409462,
        0.9169746,
        0.207155049
      ]
    ],
    "translation": [
      1.58838379,
      0.8080627,
      -0.7086828
    ]
  },
  {
    "timeStamp": 60361,
    "rotation": [
      [
        -0.8985495,
        0.246597916,
        0.363040239
      ],
      [
        0.2637049,
        -0.3578587,
        0.8957661
      ],
      [
        0.350811154,
        0.900625646,
        0.256524682
      ]
    ],
    "translation": [
      1.62961948,
      0.8127271,
      -0.7545265
    ]
  },
  {
    "timeStamp": 60406,
    "rotation": [
      [
        -0.88435936,
        0.276512742,
        0.376097381
      ],
      [
        0.246110082,
        -0.408425868,
        0.878987
      ],
      [
        0.396659,
        0.8699018,
        0.293142676
      ]
    ],
    "translation": [
      1.66404879,
      0.816428542,
      -0.7827974
    ]
  },
  {
    "timeStamp": 60462,
    "rotation": [
      [
        -0.855069041,
        0.327381283,
        0.402092546
      ],
      [
        0.237137288,
        -0.4427127,
        0.864737749
      ],
      [
        0.4611104,
        0.8347616,
        0.3009156
      ]
    ],
    "translation": [
      1.7073518,
      0.8256997,
      -0.806668043
    ]
  },
  {
    "timeStamp": 60506,
    "rotation": [
      [
        -0.826759756,
        0.376100242,
        0.41835025
      ],
      [
        0.2415979,
        -0.434206754,
        0.8678104
      ],
      [
        0.50803417,
        0.818543255,
        0.268119663
      ]
    ],
    "translation": [
      1.74234748,
      0.8358101,
      -0.814036846
    ]
  },
  {
    "timeStamp": 60562,
    "rotation": [
      [
        -0.761706352,
        0.4614698,
        0.454806745
      ],
      [
        0.25398162,
        -0.433107376,
        0.8648187
      ],
      [
        0.596067846,
        0.774250448,
        0.212695763
      ]
    ],
    "translation": [
      1.78677607,
      0.8510816,
      -0.8107078
    ]
  },
  {
    "timeStamp": 60606,
    "rotation": [
      [
        -0.7024459,
        0.5326707,
        0.4720505
      ],
      [
        0.274582475,
        -0.4090757,
        0.8702077
      ],
      [
        0.656638563,
        0.7408907,
        0.141091526
      ]
    ],
    "translation": [
      1.82418334,
      0.8656626,
      -0.8000506
    ]
  },
  {
    "timeStamp": 60661,
    "rotation": [
      [
        -0.620218337,
        0.6156712,
        0.486084461
      ],
      [
        0.318999022,
        -0.368154526,
        0.87332803
      ],
      [
        0.716637135,
        0.6967145,
        0.0319376737
      ]
    ],
    "translation": [
      1.87358189,
      0.888633966,
      -0.7792729
    ]
  },
  {
    "timeStamp": 60706,
    "rotation": [
      [
        -0.5557127,
        0.6704891,
        0.491556585
      ],
      [
        0.375584126,
        -0.325015754,
        0.867929339
      ],
      [
        0.741700768,
        0.6669402,
        -0.07120965
      ]
    ],
    "translation": [
      1.91322649,
      0.911771238,
      -0.759983242
    ]
  },
  {
    "timeStamp": 60761,
    "rotation": [
      [
        -0.476338178,
        0.731315553,
        0.488138825
      ],
      [
        0.465186149,
        -0.261496931,
        0.845707536
      ],
      [
        0.7461259,
        0.629918158,
        -0.2156369
      ]
    ],
    "translation": [
      1.96492469,
      0.9449583,
      -0.734132469
    ]
  },
  {
    "timeStamp": 60806,
    "rotation": [
      [
        -0.414885581,
        0.7849077,
        0.46020627
      ],
      [
        0.5248057,
        -0.206742287,
        0.82573396
      ],
      [
        0.743269,
        0.584104,
        -0.326149672
      ]
    ],
    "translation": [
      2.00916934,
      0.96989423,
      -0.7146577
    ]
  },
  {
    "timeStamp": 60862,
    "rotation": [
      [
        -0.345209479,
        0.845848,
        0.406659037
      ],
      [
        0.589432657,
        -0.141785488,
        0.7952773
      ],
      [
        0.7303421,
        0.514235437,
        -0.449624777
      ]
    ],
    "translation": [
      2.0660305,
      0.9954888,
      -0.692999065
    ]
  },
  {
    "timeStamp": 60906,
    "rotation": [
      [
        -0.304863334,
        0.885733664,
        0.350049
      ],
      [
        0.619653165,
        -0.09464537,
        0.7791484
      ],
      [
        0.7232485,
        0.454442739,
        -0.5199937
      ]
    ],
    "translation": [
      2.11140633,
      1.00815582,
      -0.6781126
    ]
  },
  {
    "timeStamp": 60961,
    "rotation": [
      [
        -0.267326742,
        0.9178587,
        0.293379873
      ],
      [
        0.6235298,
        -0.06735804,
        0.778892457
      ],
      [
        0.734674752,
        0.391149879,
        -0.5543057
      ]
    ],
    "translation": [
      2.16333914,
      1.00924492,
      -0.6627398
    ]
  },
  {
    "timeStamp": 61006,
    "rotation": [
      [
        -0.237846389,
        0.93322295,
        0.269302756
      ],
      [
        0.605724,
        -0.07423053,
        0.7922047
      ],
      [
        0.7592941,
        0.351546168,
        -0.5476201
      ]
    ],
    "translation": [
      2.19741273,
      1.00029719,
      -0.6519639
    ]
  },
  {
    "timeStamp": 61061,
    "rotation": [
      [
        -0.232860163,
        0.9392574,
        0.2521343
      ],
      [
        0.555241764,
        -0.0844494849,
        0.827390432
      ],
      [
        0.7984252,
        0.332661718,
        -0.50185
      ]
    ],
    "translation": [
      2.2290504,
      0.9779006,
      -0.639313936
    ]
  },
  {
    "timeStamp": 61103,
    "rotation": [
      [
        -0.24588564,
        0.937743545,
        0.2453106
      ],
      [
        0.5094051,
        -0.09029717,
        0.8557762
      ],
      [
        0.824649453,
        0.335385561,
        -0.455488533
      ]
    ],
    "translation": [
      2.241556,
      0.9601442,
      -0.6339432
    ]
  },
  {
    "timeStamp": 61156,
    "rotation": [
      [
        -0.266417146,
        0.9345803,
        0.235757336
      ],
      [
        0.4676756,
        -0.08853302,
        0.8794552
      ],
      [
        0.8427938,
        0.344559878,
        -0.4134937
      ]
    ],
    "translation": [
      2.25781178,
      0.935612738,
      -0.6190871
    ]
  },
  {
    "timeStamp": 61212,
    "rotation": [
      [
        -0.280399948,
        0.926124454,
        0.2523277
      ],
      [
        0.443764359,
        -0.1080217,
        0.8896092
      ],
      [
        0.851145744,
        0.3614204,
        -0.380691767
      ]
    ],
    "translation": [
      2.26122212,
      0.9192845,
      -0.6119633
    ]
  },
  {
    "timeStamp": 61256,
    "rotation": [
      [
        -0.280915082,
        0.925424457,
        0.2543152
      ],
      [
        0.420123577,
        -0.119672649,
        0.8995414
      ],
      [
        0.862892151,
        0.359538525,
        -0.35517478
      ]
    ],
    "translation": [
      2.26273823,
      0.907067,
      -0.607021868
    ]
  },
  {
    "timeStamp": 61311,
    "rotation": [
      [
        -0.291026324,
        0.919841,
        0.2630518
      ],
      [
        0.4143372,
        -0.1266493,
        0.901268363
      ],
      [
        0.8623389,
        0.371284962,
        -0.344266057
      ]
    ],
    "translation": [
      2.26092768,
      0.8941699,
      -0.602564156
    ]
  },
  {
    "timeStamp": 61356,
    "rotation": [
      [
        -0.277675629,
        0.9226612,
        0.267567933
      ],
      [
        0.375074267,
        -0.152293131,
        0.9143993
      ],
      [
        0.8844295,
        0.35426423,
        -0.30377838
      ]
    ],
    "translation": [
      2.2597692,
      0.881094337,
      -0.6028425
    ]
  }
]