[
  {
    "timeStamp": 49934,
    "rotation": [
      [
        0.925897241,
        -0.364303559,
        0.09998633
      ],
      [
        -0.111299418,
        -0.0101340972,
        0.993735254
      ],
      [
        -0.361008018,
        -0.9312251,
        -0.0499299057
      ]
    ],
    "translation": [
      1.76461875,
      0.7044693,
      -0.4960106
    ]
  },
  {
    "timeStamp": 49977,
    "rotation": [
      [
        0.9313766,
        -0.352656722,
        0.0903934538
      ],
      [
        -0.106416233,
        -0.0262714066,
        0.993974566
      ],
      [
        -0.348157048,
        -0.9353839,
        -0.0619969741
      ]
    ],
    "translation": [
      1.764449,
      0.707900941,
      -0.496493518
    ]
  },
  {
    "timeStamp": 50033,
    "rotation": [
      [
        0.9342356,
        -0.335781127,
        0.120228417
      ],
      [
        -0.144299567,
        -0.047582455,
        0.9883894
      ],
      [
        -0.326161742,
        -0.9407374,
        -0.09290629
      ]
    ],
    "translation": [
      1.76164055,
      0.724712,
      -0.4984886
    ]
  },
  {
    "timeStamp": 50077,
    "rotation": [
      [
        0.9362932,
        -0.312651,
        0.160013855
      ],
      [
        -0.19390063,
        -0.0802724361,
        0.9777315
      ],
      [
        -0.292844057,
        -0.946470141,
        -0.135781765
      ]
    ],
    "translation": [
      1.7592665,
      0.74699837,
      -0.5044474
    ]
  },
  {
    "timeStamp": 50133,
    "rotation": [
      [
        0.9338499,
        -0.2748964,
        0.228815183
      ],
      [
        -0.266424865,
        -0.10782361,
        0.957805753
      ],
      [
        -0.23862569,
        -0.9554089,
        -0.1739303
      ]
    ],
    "translation": [
      1.75579739,
      0.777967632,
      -0.5195899
    ]
  },
  {
    "timeStamp": 50177,
    "rotation": [
      [
        0.927331269,
        -0.250870943,
        0.277705878
      ],
      [
        -0.315334231,
        -0.124155186,
        0.940824032
      ],
      [
        -0.2015468,
        -0.960025668,
        -0.194241181
      ]
    ],
    "translation": [
      1.75975215,
      0.802457869,
      -0.5382702
    ]
  },
  {
    "timeStamp": 50233,
    "rotation": [
      [
        0.9089708,
        -0.22086367,
        0.3535411
      ],
      [
        -0.38783288,
        -0.137123644,
        0.911472857
      ],
      [
        -0.152832389,
        -0.965617061,
        -0.2102996
      ]
    ],
    "translation": [
      1.76843655,
      0.836737,
      -0.56502074
    ]
  },
  {
    "timeStamp": 50277,
    "rotation": [
      [
        0.8904132,
        -0.202266961,
        0.407740653
      ],
      [
        -0.439549625,
        -0.149576768,
        0.885676563
      ],
      [
        -0.118154593,
        -0.9678403,
        -0.2220915
      ]
    ],
    "translation": [
      1.78261054,
      0.8644256,
      -0.5881701
    ]
  },
  {
    "timeStamp": 50333,
    "rotation": [
      [
        0.870495856,
        -0.184148878,
        0.456427634
      ],
      [
        -0.485029578,
        -0.1635122,
        0.8590751
      ],
      [
        -0.08356623,
        -0.9692022,
        -0.231654346
      ]
    ],
    "translation": [
      1.80496,
      0.8944013,
      -0.6171427
    ]
  },
  {
    "timeStamp": 50377,
    "rotation": [
      [
        0.8660079,
        -0.181565315,
        0.465901643
      ],
      [
        -0.49459523,
        -0.174032435,
        0.8515212
      ],
      [
        -0.0735247359,
        -0.9678568,
        -0.2405148
      ]
    ],
    "translation": [
      1.8293407,
      0.911452234,
      -0.6389039
    ]
  },
  {
    "timeStamp": 50433,
    "rotation": [
      [
        0.8696288,
        -0.1879904,
        0.4565143
      ],
      [
        -0.487745434,
        -0.183882579,
        0.853400052
      ],
      [
        -0.076486,
        -0.964804,
        -0.25160104
      ]
    ],
    "translation": [
      1.8630259,
      0.923755646,
      -0.6627675
    ]
  },
  {
    "timeStamp": 50477,
    "rotation": [
      [
        0.876973748,
        -0.201492772,
        0.436254233
      ],
      [
        -0.471819967,
        -0.188901111,
        0.861221433
      ],
      [
        -0.09112101,
        -0.961102,
        -0.2607296
      ]
    ],
    "translation": [
      1.89141393,
      0.927855968,
      -0.6780866
    ]
  },
  {
    "timeStamp": 50533,
    "rotation": [
      [
        0.8875558,
        -0.231788918,
        0.398143917
      ],
      [
        -0.441893041,
        -0.1839149,
        0.8780124
      ],
      [
        -0.130288944,
        -0.9552221,
        -0.265660644
      ]
    ],
    "translation": [
      1.92919433,
      0.9276467,
      -0.6937
    ]
  },
  {
    "timeStamp": 50577,
    "rotation": [
      [
        0.8836801,
        -0.2750318,
        0.3787705
      ],
      [
        -0.433513135,
        -0.175632119,
        0.88386637
      ],
      [
        -0.176567093,
        -0.945257068,
        -0.27443248
      ]
    ],
    "translation": [
      1.95960724,
      0.9283142,
      -0.702580452
    ]
  },
  {
    "timeStamp": 50633,
    "rotation": [
      [
        0.8934663,
        -0.299477339,
        0.334710747
      ],
      [
        -0.4003924,
        -0.193475068,
        0.895686
      ],
      [
        -0.203479484,
        -0.9342808,
        -0.2927719
      ]
    ],
    "translation": [
      1.99448121,
      0.9311945,
      -0.7105354
    ]
  },
  {
    "timeStamp": 50675,
    "rotation": [
      [
        0.8874342,
        -0.3256977,
        0.326162
      ],
      [
        -0.402863681,
        -0.204235777,
        0.892181933
      ],
      [
        -0.223967627,
        -0.923151553,
        -0.312457561
      ]
    ],
    "translation": [
      2.01333928,
      0.9367492,
      -0.713387
    ]
  },
  {
    "timeStamp": 50728,
    "rotation": [
      [
        0.888764858,
        -0.357494056,
        0.286870837
      ],
      [
        -0.383674175,
        -0.237806469,
        0.89232403
      ],
      [
        -0.2507808,
        -0.9031312,
        -0.3485153
      ]
    ],
    "translation": [
      2.0486176,
      0.946779668,
      -0.717179537
    ]
  },
  {
    "timeStamp": 50783,
    "rotation": [
      [
        0.8904559,
        -0.3833241,
        0.2452569
      ],
      [
        -0.362203568,
        -0.270731479,
        0.8919154
      ],
      [
        -0.2754939,
        -0.883044243,
        -0.3799158
      ]
    ],
    "translation": [
      2.07790565,
      0.95127213,
      -0.716340065
    ]
  },
  {
    "timeStamp": 50828,
    "rotation": [
      [
        0.894538939,
        -0.39358893,
        0.211867571
      ],
      [
        -0.3383466,
        -0.2864814,
        0.8963537
      ],
      [
        -0.2920988,
        -0.873508,
        -0.389438242
      ]
    ],
    "translation": [
      2.09677482,
      0.9470471,
      -0.715761364
    ]
  },
  {
    "timeStamp": 50883,
    "rotation": [
      [
        0.904106855,
        -0.393563181,
        0.166429773
      ],
      [
        -0.289777815,
        -0.278461039,
        0.915690064
      ],
      [
        -0.314037681,
        -0.876109362,
        -0.3658044
      ]
    ],
    "translation": [
      2.118333,
      0.9238696,
      -0.714846253
    ]
  },
  {
    "timeStamp": 50927,
    "rotation": [
      [
        0.8954394,
        -0.4116838,
        0.169425145
      ],
      [
        -0.286909878,
        -0.24266696,
        0.926712155
      ],
      [
        -0.3403985,
        -0.8784243,
        -0.335409671
      ]
    ],
    "translation": [
      2.12936282,
      0.9001296,
      -0.713003755
    ]
  },
  {
    "timeStamp": 50983,
    "rotation": [
      [
        0.880309045,
        -0.444957316,
        0.164526448
      ],
      [
        -0.285317928,
        -0.219508156,
        0.9329576
      ],
      [
        -0.3790114,
        -0.8682333,
        -0.320189327
      ]
    ],
    "translation": [
      2.14118218,
      0.869333267,
      -0.7076122
    ]
  },
  {
    "timeStamp": 51027,
    "rotation": [
      [
        0.828254461,
        -0.517029,
        0.21604526
      ],
      [
        -0.341434,
        -0.159940079,
        0.9261976
      ],
      [
        -0.4443167,
        -0.8408925,
        -0.30900237
      ]
    ],
    "translation": [
      2.14781928,
      0.8463548,
      -0.7025337
    ]
  },
  {
    "timeStamp": 51083,
    "rotation": [
      [
        0.8004499,
        -0.558701336,
        0.217100814
      ],
      [
        -0.357479274,
        -0.15423882,
        0.9210966
      ],
      [
        -0.481132537,
        -0.8149007,
        -0.3231846
      ]
    ],
    "translation": [
      2.152582,
      0.827388942,
      -0.6952639
    ]
  },
  {
    "timeStamp": 51129,
    "rotation": [
      [
        0.752148569,
        -0.6169413,
        0.231637612
      ],
      [
        -0.399679154,
        -0.147593915,
        0.904694736
      ],
      [
        -0.523955166,
        -0.7730456,
        -0.357591122
      ]
    ],
    "translation": [
      2.15559649,
      0.8182436,
      -0.6899715
    ]
  },
  {
    "timeStamp": 51174,
    "rotation": [
      [
        0.681966,
        -0.6912595,
        0.2389197
      ],
      [
        -0.4355681,
        -0.121435843,
        0.891927
      ],
      [
        -0.5875396,
        -0.7123297,
        -0.383905679
      ]
    ],
    "translation": [
      2.15986729,
      0.8113462,
      -0.684875846
    ]
  },
  {
    "timeStamp": 51231,
    "rotation": [
      [
        0.5960092,
        -0.7698768,
        0.2281727
      ],
      [
        -0.4864786,
        -0.120131418,
        0.8653941
      ],
      [
        -0.638836145,
        -0.626784,
        -0.446128
      ]
    ],
    "translation": [
      2.16242027,
      0.807301044,
      -0.6773378
    ]
  },
  {
    "timeStamp": 51276,
    "rotation": [
      [
        0.557334661,
        -0.8081867,
        0.190295428
      ],
      [
        -0.49389717,
        -0.13847287,
        0.8584235
      ],
      [
        -0.6674157,
        -0.572415531,
        -0.476336837
      ]
    ],
    "translation": [
      2.16204786,
      0.803535938,
      -0.6736608
    ]
  },
  {
    "timeStamp": 51332,
    "rotation": [
      [
        0.4731204,
        -0.867777944,
        0.1520481
      ],
      [
        -0.534645259,
        -0.145638421,
        0.8324325
      ],
      [
        -0.7002225,
        -0.4751326,
        -0.532857835
      ]
    ],
    "translation": [
      2.16480875,
      0.802450359,
      -0.6686567
    ]
  },
  {
    "timeStamp": 51376,
    "rotation": [
      [
        0.395661682,
        -0.9085403,
        0.134187981
      ],
      [
        -0.5884445,
        -0.138612628,
        0.79656744
      ],
      [
        -0.7051135,
        -0.394133359,
        -0.5894692
      ]
    ],
    "translation": [
      2.16670012,
      0.801816761,
      -0.666164935
    ]
  },
  {
    "timeStamp": 51432,
    "rotation": [
      [
        0.349565119,
        -0.9362482,
        0.03526456
      ],
      [
        -0.587037563,
        -0.189535767,
        0.7870598
      ],
      [
        -0.7301994,
        -0.29583025,
        -0.6158679
      ]
    ],
    "translation": [
      2.17714953,
      0.798850954,
      -0.66406405
    ]
  },
  {
    "timeStamp": 51477,
    "rotation": [
      [
        0.2913427,
        -0.9562374,
        0.0270103049
      ],
      [
        -0.6328094,
        -0.171473533,
        0.7550822
      ],
      [
        -0.7174063,
        -0.237080052,
        -0.6550736
      ]
    ],
    "translation": [
      2.17936683,
      0.795577168,
      -0.6614183
    ]
  },
  {
    "timeStamp": 51533,
    "rotation": [
      [
        0.248263732,
        -0.968128443,
        0.0330529846
      ],
      [
        -0.6513978,
        -0.1415933,
        0.7454074
      ],
      [
        -0.71697,
        -0.206588268,
        -0.665789247
      ]
    ],
    "translation": [
      2.179699,
      0.7890125,
      -0.657334447
    ]
  },
  {
    "timeStamp": 51577,
    "rotation": [
      [
        0.223842785,
        -0.97442776,
        0.0196172241
      ],
      [
        -0.659676731,
        -0.136661083,
        0.7390199
      ],
      [
        -0.7174406,
        -0.17836529,
        -0.673397958
      ]
    ],
    "translation": [
      2.18237448,
      0.783961,
      -0.6556418
    ]
  },
  {
    "timeStamp": 51632,
    "rotation": [
      [
        0.1999351,
        -0.9797022,
        0.0144816376
      ],
      [
        -0.65687567,
        -0.123057559,
        0.7438893
      ],
      [
        -0.727007866,
        -0.158242211,
        -0.668146
      ]
    ],
    "translation": [
      2.18489361,
      0.7775593,
      -0.6539589
    ]
  },
  {
    "timeStamp": 51676,
    "rotation": [
      [
        0.196438521,
        -0.9805111,
        -0.00312227453
      ],
      [
        -0.655399561,
        -0.13367182,
        0.743359447
      ],
      [
        -0.7292896,
        -0.1439781,
        -0.668884933
      ]
    ],
    "translation": [
      2.18766117,
      0.775713444,
      -0.652448952
    ]
  },
  {
    "timeStamp": 51732,
    "rotation": [
      [
        0.191908821,
        -0.9813083,
        -0.0143168746
      ],
      [
        -0.6452554,
        -0.137153745,
        0.7515546
      ],
      [
        -0.739470363,
        -0.134991914,
        -0.6595155
      ]
    ],
    "translation": [
      2.19027042,
      0.7728245,
      -0.6513093
    ]
  }
]