[
  {
    "timeStamp": 65598,
    "rotation": [
      [
        0.44929108,
        0.11520309,
        -0.8859265
      ],
      [
        0.3746597,
        0.8759388,
        0.3039102
      ],
      [
        0.8110288,
        -0.4684651,
        0.3503895
      ]
    ],
    "translation": [
      1.78761268,
      0.6984319,
      -0.798562765
    ]
  },
  {
    "timeStamp": 65643,
    "rotation": [
      [
        0.4352283,
        0.09601299,
        -0.895185947
      ],
      [
        0.4032738,
        0.868183851,
        0.2891836
      ],
      [
        0.8049513,
        -0.4868659,
        0.339138627
      ]
    ],
    "translation": [
      1.791675,
      0.700955033,
      -0.79605633
    ]
  },
  {
    "timeStamp": 65699,
    "rotation": [
      [
        0.473671943,
        0.0374846421,
        -0.8799033
      ],
      [
        0.5203014,
        0.7941905,
        0.3139233
      ],
      [
        0.710578144,
        -0.6065116,
        0.356682479
      ]
    ],
    "translation": [
      1.80132592,
      0.7284046,
      -0.7749789
    ]
  },
  {
    "timeStamp": 65743,
    "rotation": [
      [
        0.5372154,
        0.0531069264,
        -0.8417715
      ],
      [
        0.5457448,
        0.7390547,
        0.3949188
      ],
      [
        0.6430881,
        -0.6715489,
        0.3680487
      ]
    ],
    "translation": [
      1.807647,
      0.7624439,
      -0.7594971
    ]
  },
  {
    "timeStamp": 65800,
    "rotation": [
      [
        0.626104653,
        0.0369714163,
        -0.778862059
      ],
      [
        0.595281959,
        0.6224913,
        0.5080787
      ],
      [
        0.503619254,
        -0.781753,
        0.36773628
      ]
    ],
    "translation": [
      1.82920575,
      0.817300558,
      -0.7384624
    ]
  },
  {
    "timeStamp": 65845,
    "rotation": [
      [
        0.7009893,
        -0.02361058,
        -0.712780833
      ],
      [
        0.6271,
        0.496392876,
        0.600283
      ],
      [
        0.3396463,
        -0.8677769,
        0.3627723
      ]
    ],
    "translation": [
      1.860403,
      0.868139267,
      -0.721694946
    ]
  },
  {
    "timeStamp": 65902,
    "rotation": [
      [
        0.7286596,
        -0.173776,
        -0.662463
      ],
      [
        0.677229762,
        0.3269567,
        0.6591352
      ],
      [
        0.1020548,
        -0.9289248,
        0.355926365
      ]
    ],
    "translation": [
      1.9166621,
      0.9253113,
      -0.708688557
    ]
  },
  {
    "timeStamp": 65948,
    "rotation": [
      [
        0.7141545,
        -0.307993561,
        -0.628588438
      ],
      [
        0.696276844,
        0.220211744,
        0.683158338
      ],
      [
        -0.0719858,
        -0.9255521,
        0.371713966
      ]
    ],
    "translation": [
      1.96674967,
      0.9566501,
      -0.7063639
    ]
  },
  {
    "timeStamp": 66003,
    "rotation": [
      [
        0.6793255,
        -0.462888539,
        -0.5694304
      ],
      [
        0.6975738,
        0.166417643,
        0.696918964
      ],
      [
        -0.227832541,
        -0.8706546,
        0.435950667
      ]
    ],
    "translation": [
      2.03262854,
      0.9725985,
      -0.7109315
    ]
  },
  {
    "timeStamp": 66048,
    "rotation": [
      [
        0.6410971,
        -0.5605873,
        -0.524153
      ],
      [
        0.708229065,
        0.169047,
        0.6854449
      ],
      [
        -0.2956452,
        -0.810657144,
        0.505399764
      ]
    ],
    "translation": [
      2.08049035,
      0.9689536,
      -0.71880126
    ]
  },
  {
    "timeStamp": 66094,
    "rotation": [
      [
        0.6037129,
        -0.6130501,
        -0.5096081
      ],
      [
        0.74419,
        0.204169825,
        0.636000037
      ],
      [
        -0.2858533,
        -0.7632066,
        0.579485655
      ]
    ],
    "translation": [
      2.11094141,
      0.952367663,
      -0.724731863
    ]
  },
  {
    "timeStamp": 66146,
    "rotation": [
      [
        0.636494935,
        -0.64652586,
        -0.42056933
      ],
      [
        0.746861,
        0.380522817,
        0.545345
      ],
      [
        -0.192543432,
        -0.66121614,
        0.7250657
      ]
    ],
    "translation": [
      2.15494823,
      0.9002751,
      -0.7415259
    ]
  },
  {
    "timeStamp": 66202,
    "rotation": [
      [
        0.6921617,
        -0.6229484,
        -0.364482373
      ],
      [
        0.7148986,
        0.5223717,
        0.464809328
      ],
      [
        -0.09915694,
        -0.5822912,
        0.8069107
      ]
    ],
    "translation": [
      2.17145133,
      0.8537227,
      -0.7562635
    ]
  },
  {
    "timeStamp": 66246,
    "rotation": [
      [
        0.677813232,
        -0.614088,
        -0.404308259
      ],
      [
        0.733943164,
        0.5325621,
        0.421550721
      ],
      [
        -0.04354997,
        -0.582471967,
        0.8116833
      ]
    ],
    "translation": [
      2.177208,
      0.8288132,
      -0.7617655
    ]
  },
  {
    "timeStamp": 66302,
    "rotation": [
      [
        0.7219066,
        -0.5730774,
        -0.387857169
      ],
      [
        0.6919319,
        0.6050939,
        0.393816739
      ],
      [
        0.00900254,
        -0.552669644,
        0.8333518
      ]
    ],
    "translation": [
      2.17721128,
      0.7972871,
      -0.7686707
    ]
  },
  {
    "timeStamp": 66346,
    "rotation": [
      [
        0.723981857,
        -0.574028254,
        -0.3825464
      ],
      [
        0.688753068,
        0.632342637,
        0.3546294
      ],
      [
        0.03833309,
        -0.5202253,
        0.853168368
      ]
    ],
    "translation": [
      2.18186378,
      0.779069662,
      -0.7726838
    ]
  },
  {
    "timeStamp": 66402,
    "rotation": [
      [
        0.7079049,
        -0.5848911,
        -0.395945847
      ],
      [
        0.7041852,
        0.62788,
        0.331496656
      ],
      [
        0.054717008,
        -0.5134873,
        0.8563509
      ]
    ],
    "translation": [
      2.18776965,
      0.7646905,
      -0.771119058
    ]
  },
  {
    "timeStamp": 66446,
    "rotation": [
      [
        0.719229937,
        -0.5744696,
        -0.390759349
      ],
      [
        0.693027854,
        0.6330274,
        0.344947338
      ],
      [
        0.0491995923,
        -0.518903553,
        0.8534158
      ]
    ],
    "translation": [
      2.18773174,
      0.757678866,
      -0.7673195
    ]
  }
]