[
  {
    "timeStamp": 68036,
    "rotation": [
      [
        0.999993861,
        0.00349981128,
        -0.000122825833
      ],
      [
        -0.003496755,
        0.999804139,
        0.0194783453
      ],
      [
        0.000190972321,
        -0.0194777958,
        0.9998103
      ]
    ],
    "translation": [
      1.30798125,
      0.695259154,
      -0.48989448
    ]
  },
  {
    "timeStamp": 68093,
    "rotation": [
      [
        0.9980054,
        0.04650906,
        -0.042688
      ],
      [
        -0.04663941,
        0.998909652,
        -0.0020621703
      ],
      [
        0.04254555,
        0.00404900033,
        0.9990863
      ]
    ],
    "translation": [
      1.31017864,
      0.7082908,
      -0.519176662
    ]
  },
  {
    "timeStamp": 68136,
    "rotation": [
      [
        0.9932235,
        0.07013045,
        -0.0926753
      ],
      [
        -0.0734418,
        0.996759534,
        -0.0328127146
      ],
      [
        0.09007382,
        0.0393966,
        0.9951556
      ]
    ],
    "translation": [
      1.31741226,
      0.7208745,
      -0.554132
    ]
  },
  {
    "timeStamp": 68191,
    "rotation": [
      [
        0.9815825,
        0.11489334,
        -0.15262799
      ],
      [
        -0.12955223,
        0.98749584,
        -0.08982306
      ],
      [
        0.140399441,
        0.107942045,
        0.9841933
      ]
    ],
    "translation": [
      1.33495986,
      0.7413798,
      -0.6090659
    ]
  },
  {
    "timeStamp": 68236,
    "rotation": [
      [
        0.973011255,
        0.135212749,
        -0.18699351
      ],
      [
        -0.162934139,
        0.9763938,
        -0.14180097
      ],
      [
        0.163406014,
        0.168441564,
        0.972072959
      ]
    ],
    "translation": [
      1.35609555,
      0.7559426,
      -0.6548295
    ]
  },
  {
    "timeStamp": 68291,
    "rotation": [
      [
        0.967931449,
        0.126231581,
        -0.2171965
      ],
      [
        -0.17414549,
        0.96029377,
        -0.2179662
      ],
      [
        0.181058213,
        0.248800129,
        0.951481164
      ]
    ],
    "translation": [
      1.39316964,
      0.767855,
      -0.7158282
    ]
  },
  {
    "timeStamp": 68336,
    "rotation": [
      [
        0.968387544,
        0.119193569,
        -0.219131067
      ],
      [
        -0.178932041,
        0.9439829,
        -0.277271837
      ],
      [
        0.17380695,
        0.307716161,
        0.9354688
      ]
    ],
    "translation": [
      1.42520463,
      0.7747141,
      -0.7589427
    ]
  },
  {
    "timeStamp": 68391,
    "rotation": [
      [
        0.975513935,
        0.09928171,
        -0.196254089
      ],
      [
        -0.163086414,
        0.9252198,
        -0.342594951
      ],
      [
        0.147564739,
        0.366212517,
        0.918756247
      ]
    ],
    "translation": [
      1.46992552,
      0.7813775,
      -0.8073106
    ]
  },
  {
    "timeStamp": 68435,
    "rotation": [
      [
        0.9846109,
        0.08946642,
        -0.150123641
      ],
      [
        -0.141422972,
        0.9125634,
        -0.383702576
      ],
      [
        0.102668837,
        0.3990287,
        0.91117245
      ]
    ],
    "translation": [
      1.50449634,
      0.7859634,
      -0.8365597
    ]
  },
  {
    "timeStamp": 68491,
    "rotation": [
      [
        0.993193865,
        0.107007,
        -0.0459924862
      ],
      [
        -0.116351813,
        0.8935764,
        -0.4335706
      ],
      [
        -0.005297286,
        0.435970962,
        0.8999451
      ]
    ],
    "translation": [
      1.542801,
      0.7926481,
      -0.8570018
    ]
  },
  {
    "timeStamp": 68536,
    "rotation": [
      [
        0.9900833,
        0.130402058,
        0.0522530451
      ],
      [
        -0.09306289,
        0.8874598,
        -0.451391518
      ],
      [
        -0.105234861,
        0.442052364,
        0.890794754
      ]
    ],
    "translation": [
      1.57114232,
      0.797047734,
      -0.86230135
    ]
  },
  {
    "timeStamp": 68591,
    "rotation": [
      [
        0.972162068,
        0.1645395,
        0.166816056
      ],
      [
        -0.0753903,
        0.89374584,
        -0.4421931
      ],
      [
        -0.221849382,
        0.417307049,
        0.881270468
      ]
    ],
    "translation": [
      1.60400474,
      0.8008469,
      -0.8598165
    ]
  },
  {
    "timeStamp": 68636,
    "rotation": [
      [
        0.9496516,
        0.179968387,
        0.256462723
      ],
      [
        -0.0616587363,
        0.9099095,
        -0.410198539
      ],
      [
        -0.307180643,
        0.373732537,
        0.8751937
      ]
    ],
    "translation": [
      1.62887764,
      0.8022474,
      -0.8506932
    ]
  },
  {
    "timeStamp": 68691,
    "rotation": [
      [
        0.898851633,
        0.216271117,
        0.381172657
      ],
      [
        -0.06772605,
        0.927854,
        -0.3667428
      ],
      [
        -0.432988435,
        0.303832054,
        0.8486502
      ]
    ],
    "translation": [
      1.65991831,
      0.8098805,
      -0.8291371
    ]
  },
  {
    "timeStamp": 68735,
    "rotation": [
      [
        0.8432832,
        0.250677556,
        0.475430578
      ],
      [
        -0.09613858,
        0.9406584,
        -0.325452149
      ],
      [
        -0.5288013,
        0.2287411,
        0.8173412
      ]
    ],
    "translation": [
      1.68542433,
      0.824166358,
      -0.80767864
    ]
  },
  {
    "timeStamp": 68791,
    "rotation": [
      [
        0.7625667,
        0.2893557,
        0.578589141
      ],
      [
        -0.161044925,
        0.951144,
        -0.2634191
      ],
      [
        -0.6265434,
        0.107695773,
        0.77191
      ]
    ],
    "translation": [
      1.7197516,
      0.849793136,
      -0.7799242
    ]
  },
  {
    "timeStamp": 68835,
    "rotation": [
      [
        0.6969115,
        0.311690271,
        0.645882
      ],
      [
        -0.226190031,
        0.9501778,
        -0.214476824
      ],
      [
        -0.6805531,
        0.00337930024,
        0.73269105
      ]
    ],
    "translation": [
      1.74955535,
      0.8749241,
      -0.7596989
    ]
  },
  {
    "timeStamp": 68891,
    "rotation": [
      [
        0.6155537,
        0.321464539,
        0.7195514
      ],
      [
        -0.314537823,
        0.9373668,
        -0.14969784
      ],
      [
        -0.7226061,
        -0.134179056,
        0.6781124
      ]
    ],
    "translation": [
      1.79157913,
      0.9104778,
      -0.7387987
    ]
  },
  {
    "timeStamp": 68935,
    "rotation": [
      [
        0.55630976,
        0.313188076,
        0.7696965
      ],
      [
        -0.380666941,
        0.9194007,
        -0.09896966
      ],
      [
        -0.7386556,
        -0.237940237,
        0.6306919
      ]
    ],
    "translation": [
      1.82956147,
      0.938569665,
      -0.7276208
    ]
  },
  {
    "timeStamp": 68991,
    "rotation": [
      [
        0.490704119,
        0.290280938,
        0.821551263
      ],
      [
        -0.450561047,
        0.8915647,
        -0.0459035039
      ],
      [
        -0.745791,
        -0.347633928,
        0.568283737
      ]
    ],
    "translation": [
      1.88073683,
      0.970795155,
      -0.720205963
    ]
  },
  {
    "timeStamp": 69035,
    "rotation": [
      [
        0.463628262,
        0.247795969,
        0.850673854
      ],
      [
        -0.478741348,
        0.8779407,
        0.00518159149
      ],
      [
        -0.7455572,
        -0.409655035,
        0.5256683
      ]
    ],
    "translation": [
      1.92361343,
      0.9891365,
      -0.719571
    ]
  },
  {
    "timeStamp": 69091,
    "rotation": [
      [
        0.472035438,
        0.18406935,
        0.86214906
      ],
      [
        -0.480728716,
        0.8735076,
        0.07670948
      ],
      [
        -0.738973856,
        -0.450669378,
        0.500814
      ]
    ],
    "translation": [
      1.97515774,
      1.00046062,
      -0.724488735
    ]
  },
  {
    "timeStamp": 69135,
    "rotation": [
      [
        0.50182426,
        0.11911229,
        0.8567291
      ],
      [
        -0.4444183,
        0.885244548,
        0.137238711
      ],
      [
        -0.7420679,
        -0.4496158,
        0.4971729
      ]
    ],
    "translation": [
      2.0152123,
      0.9979754,
      -0.7313652
    ]
  },
  {
    "timeStamp": 69189,
    "rotation": [
      [
        0.5253466,
        0.04830625,
        0.849516034
      ],
      [
        -0.382820338,
        0.905053556,
        0.185274437
      ],
      [
        -0.7599076,
        -0.4225453,
        0.4939594
      ]
    ],
    "translation": [
      2.0581944,
      0.9865681,
      -0.7389848
    ]
  },
  {
    "timeStamp": 69233,
    "rotation": [
      [
        0.562366843,
        -0.0362818055,
        0.826091468
      ],
      [
        -0.2765305,
        0.933263361,
        0.229238629
      ],
      [
        -0.7792781,
        -0.3573557,
        0.51480335
      ]
    ],
    "translation": [
      2.10688615,
      0.963371038,
      -0.7501488
    ]
  },
  {
    "timeStamp": 69286,
    "rotation": [
      [
        0.667396545,
        -0.126457289,
        0.7338872
      ],
      [
        -0.1459383,
        0.9441596,
        0.295405865
      ],
      [
        -0.7302629,
        -0.3042551,
        0.6116739
      ]
    ],
    "translation": [
      2.14033151,
      0.938322663,
      -0.7648558
    ]
  },
  {
    "timeStamp": 69341,
    "rotation": [
      [
        0.7459186,
        -0.159442261,
        0.6466712
      ],
      [
        -0.05548341,
        0.952673733,
        0.298888475
      ],
      [
        -0.6637221,
        -0.258826,
        0.701770663
      ]
    ],
    "translation": [
      2.158207,
      0.915975,
      -0.778178155
    ]
  },
  {
    "timeStamp": 69385,
    "rotation": [
      [
        0.7871936,
        -0.158239678,
        0.5960591
      ],
      [
        -0.02123769,
        0.958991647,
        0.2826376
      ],
      [
        -0.6163401,
        -0.235149428,
        0.751551449
      ]
    ],
    "translation": [
      2.169336,
      0.901759863,
      -0.7836022
    ]
  },
  {
    "timeStamp": 69441,
    "rotation": [
      [
        0.836914837,
        -0.163022846,
        0.5224913
      ],
      [
        0.0114063155,
        0.9596004,
        0.281135172
      ],
      [
        -0.54721427,
        -0.229326487,
        0.804963231
      ]
    ],
    "translation": [
      2.17726755,
      0.8850608,
      -0.786566854
    ]
  },
  {
    "timeStamp": 69486,
    "rotation": [
      [
        0.8657231,
        -0.176099941,
        0.468521446
      ],
      [
        0.0475927852,
        0.9607842,
        0.2731825
      ],
      [
        -0.4982554,
        -0.214202166,
        0.8401542
      ]
    ],
    "translation": [
      2.18087149,
      0.8696797,
      -0.785994
    ]
  },
  {
    "timeStamp": 69541,
    "rotation": [
      [
        0.886612833,
        -0.160164058,
        0.43389532
      ],
      [
        0.04952927,
        0.9656111,
        0.255229533
      ],
      [
        -0.4598527,
        -0.204799265,
        0.864056
      ]
    ],
    "translation": [
      2.18017769,
      0.855092168,
      -0.779943645
    ]
  },
  {
    "timeStamp": 69586,
    "rotation": [
      [
        0.895950139,
        -0.1358419,
        0.42287147
      ],
      [
        0.03943403,
        0.9726506,
        0.228901193
      ],
      [
        -0.442400575,
        -0.188408524,
        0.8768032
      ]
    ],
    "translation": [
      2.17608547,
      0.8452933,
      -0.77448976
    ]
  },
  {
    "timeStamp": 69641,
    "rotation": [
      [
        0.907570362,
        -0.141700849,
        0.395268172
      ],
      [
        0.05957744,
        0.9752706,
        0.2128326
      ],
      [
        -0.415651977,
        -0.1696115,
        0.893568933
      ]
    ],
    "translation": [
      2.17210031,
      0.8309367,
      -0.7682721
    ]
  },
  {
    "timeStamp": 69687,
    "rotation": [
      [
        0.914222062,
        -0.1285989,
        0.384266049
      ],
      [
        0.0509910025,
        0.9772769,
        0.205741942
      ],
      [
        -0.4019925,
        -0.168499708,
        0.9000055
      ]
    ],
    "translation": [
      2.168123,
      0.821122348,
      -0.763352931
    ]
  },
  {
    "timeStamp": 69744,
    "rotation": [
      [
        0.9075946,
        -0.102067925,
        0.4072519
      ],
      [
        0.0289381482,
        0.982900441,
        0.18184939
      ],
      [
        -0.418849081,
        -0.15326041,
        0.8950289
      ]
    ],
    "translation": [
      2.16548038,
      0.8116272,
      -0.7568195
    ]
  },
  {
    "timeStamp": 69789,
    "rotation": [
      [
        0.89906925,
        -0.126218185,
        0.4192177
      ],
      [
        0.0479434729,
        0.9801668,
        0.1922876
      ],
      [
        -0.435173452,
        -0.152781114,
        0.887289166
      ]
    ],
    "translation": [
      2.16820884,
      0.8042048,
      -0.753236234
    ]
  }
]