[
  {
    "timeStamp": 5818,
    "rotation": [
      [
        0.9988526,
        -0.00154243328,
        -0.0478660651
      ],
      [
        0.0478291735,
        -0.0186039526,
        0.998682261
      ],
      [
        -0.0024309007,
        -0.9998258,
        -0.0185088329
      ]
    ],
    "translation": [
      1.77018559,
      0.704702556,
      -0.7500261
    ]
  },
  {
    "timeStamp": 5863,
    "rotation": [
      [
        0.999350965,
        -0.0328135528,
        -0.0148619739
      ],
      [
        0.0149494261,
        0.00242140377,
        0.9998853
      ],
      [
        -0.0327738039,
        -0.999458551,
        0.00291037629
      ]
    ],
    "translation": [
      1.768896,
      0.704350948,
      -0.7504207
    ]
  },
  {
    "timeStamp": 5920,
    "rotation": [
      [
        0.9998845,
        -0.0143728564,
        0.004947355
      ],
      [
        -0.00465866271,
        0.0200504735,
        0.9997881
      ],
      [
        -0.0144690126,
        -0.999695659,
        0.019981198
      ]
    ],
    "translation": [
      1.76963556,
      0.7051276,
      -0.750207663
    ]
  },
  {
    "timeStamp": 5966,
    "rotation": [
      [
        0.9975197,
        -0.0191129018,
        0.0677443445
      ],
      [
        -0.06760894,
        0.007644572,
        0.997682631
      ],
      [
        -0.019586483,
        -0.9997881,
        0.006333408
      ]
    ],
    "translation": [
      1.77103734,
      0.706338167,
      -0.750510037
    ]
  },
  {
    "timeStamp": 6020,
    "rotation": [
      [
        0.997553766,
        -0.06973384,
        -0.00486096367
      ],
      [
        0.00599955,
        0.0161274672,
        0.999851942
      ],
      [
        -0.06964512,
        -0.9974353,
        0.0165063888
      ]
    ],
    "translation": [
      1.8089956,
      0.721323669,
      -0.7521853
    ]
  },
  {
    "timeStamp": 6064,
    "rotation": [
      [
        0.9944829,
        -0.104356892,
        0.0106452322
      ],
      [
        -0.0143194487,
        -0.0345224254,
        0.9993013
      ],
      [
        -0.103916466,
        -0.993940532,
        -0.0358263
      ]
    ],
    "translation": [
      1.82980883,
      0.745005,
      -0.7416754
    ]
  },
  {
    "timeStamp": 6120,
    "rotation": [
      [
        0.9909428,
        -0.134234324,
        0.00368336285
      ],
      [
        -0.0194246341,
        -0.116147391,
        0.993042052
      ],
      [
        -0.132872522,
        -0.9841194,
        -0.117702864
      ]
    ],
    "translation": [
      1.86452818,
      0.7806729,
      -0.7194961
    ]
  },
  {
    "timeStamp": 6164,
    "rotation": [
      [
        0.9875696,
        -0.155575827,
        -0.0224177539
      ],
      [
        -0.00660808152,
        -0.183589965,
        0.9829807
      ],
      [
        -0.15704371,
        -0.9706137,
        -0.182335913
      ]
    ],
    "translation": [
      1.90082526,
      0.811499953,
      -0.698886752
    ]
  },
  {
    "timeStamp": 6220,
    "rotation": [
      [
        0.9834307,
        -0.170886308,
        -0.0605140664
      ],
      [
        0.0109464135,
        -0.277222067,
        0.9607435
      ],
      [
        -0.180953756,
        -0.945487,
        -0.2707581
      ]
    ],
    "translation": [
      1.9479363,
      0.852882862,
      -0.668718755
    ]
  },
  {
    "timeStamp": 6264,
    "rotation": [
      [
        0.980068147,
        -0.178440586,
        -0.08732368
      ],
      [
        0.0227895882,
        -0.335672647,
        0.941702962
      ],
      [
        -0.197350219,
        -0.9249231,
        -0.324915469
      ]
    ],
    "translation": [
      1.98670936,
      0.883937359,
      -0.6463439
    ]
  },
  {
    "timeStamp": 6319,
    "rotation": [
      [
        0.975574,
        -0.171045184,
        -0.137836888
      ],
      [
        0.0613539,
        -0.3903368,
        0.918625534
      ],
      [
        -0.210929289,
        -0.904644,
        -0.370308131
      ]
    ],
    "translation": [
      2.03437257,
      0.914866447,
      -0.62271136
    ]
  },
  {
    "timeStamp": 6364,
    "rotation": [
      [
        0.973428667,
        -0.161942735,
        -0.161898777
      ],
      [
        0.08429629,
        -0.403944,
        0.910891533
      ],
      [
        -0.212910309,
        -0.9003354,
        -0.3795595
      ]
    ],
    "translation": [
      2.06837559,
      0.9281424,
      -0.6093516
    ]
  },
  {
    "timeStamp": 6425,
    "rotation": [
      [
        0.968796968,
        -0.1460847,
        -0.2002293
      ],
      [
        0.124290682,
        -0.412593871,
        0.9023958
      ],
      [
        -0.214439586,
        -0.8991249,
        -0.3815627
      ]
    ],
    "translation": [
      2.10844088,
      0.9358309,
      -0.595297754
    ]
  },
  {
    "timeStamp": 6470,
    "rotation": [
      [
        0.9669522,
        -0.13574858,
        -0.215814248
      ],
      [
        0.144840926,
        -0.404133141,
        0.903159738
      ],
      [
        -0.209820345,
        -0.904571056,
        -0.371115476
      ]
    ],
    "translation": [
      2.13975525,
      0.9331807,
      -0.5841715
    ]
  },
  {
    "timeStamp": 6515,
    "rotation": [
      [
        0.9697783,
        -0.121500343,
        -0.211584032
      ],
      [
        0.1560973,
        -0.357525736,
        0.92076546
      ],
      [
        -0.187520027,
        -0.925966,
        -0.327754825
      ]
    ],
    "translation": [
      2.15598679,
      0.9199942,
      -0.5809953
    ]
  },
  {
    "timeStamp": 6570,
    "rotation": [
      [
        0.978097439,
        -0.07090203,
        -0.195699513
      ],
      [
        0.1660601,
        -0.3010599,
        0.9390351
      ],
      [
        -0.12549679,
        -0.950965762,
        -0.282691926
      ]
    ],
    "translation": [
      2.16243768,
      0.8983752,
      -0.5805205
    ]
  },
  {
    "timeStamp": 6615,
    "rotation": [
      [
        0.98352313,
        -0.0131754559,
        -0.180301443
      ],
      [
        0.171570033,
        -0.246282279,
        0.9538914
      ],
      [
        -0.0569729842,
        -0.9691086,
        -0.239963815
      ]
    ],
    "translation": [
      2.16142368,
      0.879921854,
      -0.5825172
    ]
  },
  {
    "timeStamp": 6670,
    "rotation": [
      [
        0.9840236,
        0.05747348,
        -0.168506354
      ],
      [
        0.176119044,
        -0.175640851,
        0.9685723
      ],
      [
        0.0260706041,
        -0.9827752,
        -0.1829569
      ]
    ],
    "translation": [
      2.1568594,
      0.8559699,
      -0.5906571
    ]
  },
  {
    "timeStamp": 6714,
    "rotation": [
      [
        0.985868156,
        0.097241044,
        -0.136411786
      ],
      [
        0.148774743,
        -0.133905,
        0.979763
      ],
      [
        0.07700693,
        -0.9862118,
        -0.146479681
      ]
    ],
    "translation": [
      2.148771,
      0.832278967,
      -0.595474362
    ]
  },
  {
    "timeStamp": 6770,
    "rotation": [
      [
        0.978791535,
        0.147040159,
        -0.142640471
      ],
      [
        0.157261714,
        -0.09309075,
        0.983159661
      ],
      [
        0.131285459,
        -0.9847402,
        -0.114240222
      ]
    ],
    "translation": [
      2.14891982,
      0.8146732,
      -0.598001659
    ]
  },
  {
    "timeStamp": 6815,
    "rotation": [
      [
        0.9775458,
        0.180161253,
        -0.1092986
      ],
      [
        0.122482896,
        -0.06372528,
        0.990422666
      ],
      [
        0.1714707,
        -0.9815707,
        -0.08436105
      ]
    ],
    "translation": [
      2.140921,
      0.8024476,
      -0.5984648
    ]
  },
  {
    "timeStamp": 6861,
    "rotation": [
      [
        0.971908152,
        0.20781213,
        -0.110492736
      ],
      [
        0.121967636,
        -0.043199908,
        0.9915935
      ],
      [
        0.201291874,
        -0.9772144,
        -0.06733269
      ]
    ],
    "translation": [
      2.14086986,
      0.792229,
      -0.5965097
    ]
  },
  {
    "timeStamp": 6917,
    "rotation": [
      [
        0.967112064,
        0.226068661,
        -0.116564453
      ],
      [
        0.1239095,
        -0.018527057,
        0.992120564
      ],
      [
        0.222127765,
        -0.9739352,
        -0.045929797
      ]
    ],
    "translation": [
      2.14333272,
      0.7800694,
      -0.591818
    ]
  },
  {
    "timeStamp": 6963,
    "rotation": [
      [
        0.9663945,
        0.229409754,
        -0.115986049
      ],
      [
        0.121890076,
        -0.0116850566,
        0.9924748
      ],
      [
        0.22632809,
        -0.973259747,
        -0.03925515
      ]
    ],
    "translation": [
      2.14546824,
      0.7732339,
      -0.585770369
    ]
  },
  {
    "timeStamp": 7019,
    "rotation": [
      [
        0.9651682,
        0.238643408,
        -0.107236639
      ],
      [
        0.109752767,
        0.002759452,
        0.9939551
      ],
      [
        0.237496734,
        -0.97110337,
        -0.0235284381
      ]
    ],
    "translation": [
      2.14424849,
      0.764679551,
      -0.580682337
    ]
  },
  {
    "timeStamp": 7064,
    "rotation": [
      [
        0.965157032,
        0.242139369,
        -0.09919949
      ],
      [
        0.09843527,
        0.0152829131,
        0.9950261
      ],
      [
        0.242451042,
        -0.970121145,
        -0.009084643
      ]
    ],
    "translation": [
      2.14371371,
      0.7585389,
      -0.5770056
    ]
  },
  {
    "timeStamp": 7119,
    "rotation": [
      [
        0.9688166,
        0.2326464,
        -0.08526469
      ],
      [
        0.08349909,
        0.017445391,
        0.9963551
      ],
      [
        0.233285934,
        -0.972404957,
        -0.00252437987
      ]
    ],
    "translation": [
      2.142785,
      0.7505329,
      -0.571994364
    ]
  },
  {
    "timeStamp": 7164,
    "rotation": [
      [
        0.9707276,
        0.22259663,
        -0.0902148
      ],
      [
        0.08649767,
        0.026412867,
        0.9959019
      ],
      [
        0.224067211,
        -0.974552751,
        0.00638560858
      ]
    ],
    "translation": [
      2.14438057,
      0.746176839,
      -0.5705024
    ]
  },
  {
    "timeStamp": 7219,
    "rotation": [
      [
        0.9750609,
        0.2066644,
        -0.0809079856
      ],
      [
        0.07589408,
        0.0320882462,
        0.996599436
      ],
      [
        0.208557829,
        -0.9778856,
        0.0156033868
      ]
    ],
    "translation": [
      2.143789,
      0.7450255,
      -0.5704838
    ]
  },
  {
    "timeStamp": 7264,
    "rotation": [
      [
        0.9760885,
        0.202991411,
        -0.07775396
      ],
      [
        0.0744966343,
        0.023650201,
        0.9969408
      ],
      [
        0.204209313,
        -0.9788949,
        0.007962515
      ]
    ],
    "translation": [
      2.142448,
      0.7448163,
      -0.568879247
    ]
  }
]