[
  {
    "timeStamp": 51599,
    "rotation": [
      [
        0.7053784,
        0.6046991,
        0.369838238
      ],
      [
        0.160327151,
        0.372128427,
        -0.9142295
      ],
      [
        -0.6904611,
        0.70417285,
        0.165541664
      ]
    ],
    "translation": [
      1.17856991,
      0.7746967,
      -0.7690808
    ]
  },
  {
    "timeStamp": 51643,
    "rotation": [
      [
        0.6929467,
        0.633652866,
        0.3439607
      ],
      [
        0.122354276,
        0.366797537,
        -0.922219634
      ],
      [
        -0.710531,
        0.6811341,
        0.176641017
      ]
    ],
    "translation": [
      1.181263,
      0.7748695,
      -0.770230949
    ]
  },
  {
    "timeStamp": 51698,
    "rotation": [
      [
        0.6929524,
        0.635530651,
        0.340466827
      ],
      [
        0.153886825,
        0.330969751,
        -0.931009054
      ],
      [
        -0.704369,
        0.6975383,
        0.131546482
      ]
    ],
    "translation": [
      1.18308651,
      0.774547935,
      -0.7672819
    ]
  },
  {
    "timeStamp": 51743,
    "rotation": [
      [
        0.679047942,
        0.667707741,
        0.305057675
      ],
      [
        0.138145834,
        0.29190132,
        -0.946419239
      ],
      [
        -0.720978141,
        0.684806466,
        0.105973959
      ]
    ],
    "translation": [
      1.18716156,
      0.7915678,
      -0.764638
    ]
  },
  {
    "timeStamp": 51798,
    "rotation": [
      [
        0.65631187,
        0.7129472,
        0.246902972
      ],
      [
        0.0961909145,
        0.2455076,
        -0.964610457
      ],
      [
        -0.748332858,
        0.656835139,
        0.0925505161
      ]
    ],
    "translation": [
      1.20061433,
      0.8184641,
      -0.7597856
    ]
  },
  {
    "timeStamp": 51842,
    "rotation": [
      [
        0.6361642,
        0.7467276,
        0.194147184
      ],
      [
        0.061454162,
        0.201792017,
        -0.977498531
      ],
      [
        -0.769102454,
        0.633780658,
        0.08248333
      ]
    ],
    "translation": [
      1.21669292,
      0.8425819,
      -0.756149054
    ]
  },
  {
    "timeStamp": 51898,
    "rotation": [
      [
        0.6102393,
        0.780997634,
        0.132855743
      ],
      [
        0.00709935371,
        0.1623033,
        -0.9867154
      ],
      [
        -0.7921853,
        0.603075743,
        0.09349928
      ]
    ],
    "translation": [
      1.242706,
      0.8742548,
      -0.752151847
    ]
  },
  {
    "timeStamp": 51942,
    "rotation": [
      [
        0.5723891,
        0.8151795,
        0.088618204
      ],
      [
        -0.0252027661,
        0.125512034,
        -0.991771936
      ],
      [
        -0.8195948,
        0.565446,
        0.0923865
      ]
    ],
    "translation": [
      1.26876473,
      0.89882654,
      -0.747906744
    ]
  },
  {
    "timeStamp": 51999,
    "rotation": [
      [
        0.505057,
        0.8618724,
        0.04575335
      ],
      [
        -0.0520989522,
        0.0833588541,
        -0.995156765
      ],
      [
        -0.8615121,
        0.500227153,
        0.08700362
      ]
    ],
    "translation": [
      1.30877709,
      0.9281597,
      -0.742528856
    ]
  },
  {
    "timeStamp": 52043,
    "rotation": [
      [
        0.4557298,
        0.8899169,
        0.0189284645
      ],
      [
        -0.07368276,
        0.05890829,
        -0.9955404
      ],
      [
        -0.887063265,
        0.452302724,
        0.0924178
      ]
    ],
    "translation": [
      1.34630251,
      0.9502388,
      -0.7400889
    ]
  },
  {
    "timeStamp": 52098,
    "rotation": [
      [
        0.392300755,
        0.91983664,
        0.0008127048
      ],
      [
        -0.106346369,
        0.0462331921,
        -0.9932537
      ],
      [
        -0.913668752,
        0.389567763,
        0.115958609
      ]
    ],
    "translation": [
      1.39733374,
      0.974537849,
      -0.739120543
    ]
  },
  {
    "timeStamp": 52143,
    "rotation": [
      [
        0.328255624,
        0.9445736,
        -0.005372536
      ],
      [
        -0.118585125,
        0.0355663449,
        -0.9923067
      ],
      [
        -0.937115669,
        0.326367348,
        0.123687238
      ]
    ],
    "translation": [
      1.44381666,
      0.9905426,
      -0.7374079
    ]
  },
  {
    "timeStamp": 52198,
    "rotation": [
      [
        0.229179174,
        0.9733679,
        0.005636374
      ],
      [
        -0.13836427,
        0.038308423,
        -0.989640236
      ],
      [
        -0.963499963,
        0.22602506,
        0.143458828
      ]
    ],
    "translation": [
      1.50807,
      1.00791538,
      -0.735810339
    ]
  },
  {
    "timeStamp": 52243,
    "rotation": [
      [
        0.14459236,
        0.9891929,
        0.0243007578
      ],
      [
        -0.147075236,
        0.0457713567,
        -0.9880657
      ],
      [
        -0.9784999,
        0.139292717,
        0.152103961
      ]
    ],
    "translation": [
      1.56254089,
      1.018453,
      -0.7352145
    ]
  },
  {
    "timeStamp": 52298,
    "rotation": [
      [
        0.0245781951,
        0.998010457,
        0.0580615252
      ],
      [
        -0.152016208,
        0.0611347668,
        -0.9864855
      ],
      [
        -0.9880724,
        0.0154197374,
        0.153216332
      ]
    ],
    "translation": [
      1.63429308,
      1.02826333,
      -0.7362199
    ]
  },
  {
    "timeStamp": 52343,
    "rotation": [
      [
        -0.0696494,
        0.9940991,
        0.08316263
      ],
      [
        -0.162368625,
        0.07095646,
        -0.9841756
      ],
      [
        -0.984269,
        -0.08205023,
        0.156468421
      ]
    ],
    "translation": [
      1.692311,
      1.03496659,
      -0.739522159
    ]
  },
  {
    "timeStamp": 52398,
    "rotation": [
      [
        -0.185990691,
        0.9745089,
        0.125458881
      ],
      [
        -0.175260559,
        0.09273497,
        -0.980144858
      ],
      [
        -0.9667943,
        -0.204285815,
        0.153545126
      ]
    ],
    "translation": [
      1.76423645,
      1.04005623,
      -0.745839238
    ]
  },
  {
    "timeStamp": 52443,
    "rotation": [
      [
        -0.286839515,
        0.9461955,
        0.149790525
      ],
      [
        -0.17571184,
        0.101743527,
        -0.979169846
      ],
      [
        -0.941726267,
        -0.3071846,
        0.1370737
      ]
    ],
    "translation": [
      1.82240951,
      1.04020631,
      -0.752762437
    ]
  },
  {
    "timeStamp": 52498,
    "rotation": [
      [
        -0.4066849,
        0.892558157,
        0.1948007
      ],
      [
        -0.1808947,
        0.130333364,
        -0.974828362
      ],
      [
        -0.895480037,
        -0.4316864,
        0.108454421
      ]
    ],
    "translation": [
      1.89189863,
      1.03617311,
      -0.7631847
    ]
  },
  {
    "timeStamp": 52543,
    "rotation": [
      [
        -0.492437124,
        0.841079235,
        0.223811343
      ],
      [
        -0.183287963,
        0.151169017,
        -0.9713668
      ],
      [
        -0.8508298,
        -0.519358933,
        0.07971847
      ]
    ],
    "translation": [
      1.94414353,
      1.031392,
      -0.772640049
    ]
  },
  {
    "timeStamp": 52599,
    "rotation": [
      [
        -0.5890054,
        0.769350946,
        0.247329265
      ],
      [
        -0.18179886,
        0.172060788,
        -0.9681654
      ],
      [
        -0.7874146,
        -0.6152189,
        0.0385223925
      ]
    ],
    "translation": [
      2.00550365,
      1.02214158,
      -0.783561647
    ]
  },
  {
    "timeStamp": 52643,
    "rotation": [
      [
        -0.673254251,
        0.691428661,
        0.262021273
      ],
      [
        -0.1741221,
        0.196144462,
        -0.9649916
      ],
      [
        -0.7186169,
        -0.6953084,
        -0.0116620874
      ]
    ],
    "translation": [
      2.05241323,
      1.01301312,
      -0.790123343
    ]
  },
  {
    "timeStamp": 52699,
    "rotation": [
      [
        -0.764552951,
        0.604109645,
        0.224745229
      ],
      [
        -0.133564323,
        0.192625329,
        -0.972139955
      ],
      [
        -0.6305707,
        -0.773270369,
        -0.0665847659
      ]
    ],
    "translation": [
      2.103184,
      0.9978959,
      -0.7949222
    ]
  },
  {
    "timeStamp": 52742,
    "rotation": [
      [
        -0.8092953,
        0.538659036,
        0.234280869
      ],
      [
        -0.1270128,
        0.228935629,
        -0.9651198
      ],
      [
        -0.5735057,
        -0.81082356,
        -0.116859935
      ]
    ],
    "translation": [
      2.13474512,
      0.9856528,
      -0.796898365
    ]
  },
  {
    "timeStamp": 52795,
    "rotation": [
      [
        -0.8325135,
        0.5154101,
        0.203159153
      ],
      [
        -0.0851111859,
        0.243368566,
        -0.9661924
      ],
      [
        -0.547427952,
        -0.8216594,
        -0.158740461
      ]
    ],
    "translation": [
      2.16022515,
      0.965342164,
      -0.795303345
    ]
  },
  {
    "timeStamp": 52849,
    "rotation": [
      [
        -0.8232551,
        0.527362,
        0.210096121
      ],
      [
        -0.0453612246,
        0.307805032,
        -0.9503675
      ],
      [
        -0.565856338,
        -0.791925132,
        -0.229480267
      ]
    ],
    "translation": [
      2.173412,
      0.9405536,
      -0.792187333
    ]
  },
  {
    "timeStamp": 52893,
    "rotation": [
      [
        -0.812738061,
        0.5490423,
        0.194960162
      ],
      [
        -0.000881796353,
        0.333461761,
        -0.9427632
      ],
      [
        -0.5826286,
        -0.766391456,
        -0.2705329
      ]
    ],
    "translation": [
      2.17556763,
      0.9237451,
      -0.791091
    ]
  },
  {
    "timeStamp": 52949,
    "rotation": [
      [
        -0.7808725,
        0.5945223,
        0.191784889
      ],
      [
        0.03554281,
        0.348793983,
        -0.9365252
      ],
      [
        -0.6236785,
        -0.7244902,
        -0.2934946
      ]
    ],
    "translation": [
      2.17153573,
      0.9110656,
      -0.7899081
    ]
  },
  {
    "timeStamp": 52993,
    "rotation": [
      [
        -0.759932339,
        0.6249986,
        0.178548515
      ],
      [
        0.0556830168,
        0.3362754,
        -0.9401161
      ],
      [
        -0.6476127,
        -0.7044825,
        -0.290348381
      ]
    ],
    "translation": [
      2.16636825,
      0.90571177,
      -0.7884743
    ]
  },
  {
    "timeStamp": 53048,
    "rotation": [
      [
        -0.7547737,
        0.637037635,
        0.156524017
      ],
      [
        0.0876278,
        0.334382474,
        -0.9383548
      ],
      [
        -0.6501062,
        -0.694529653,
        -0.308205277
      ]
    ],
    "translation": [
      2.163444,
      0.898081362,
      -0.787890553
    ]
  },
  {
    "timeStamp": 53093,
    "rotation": [
      [
        -0.7491786,
        0.6421753,
        0.1623033
      ],
      [
        0.094014816,
        0.345648825,
        -0.9336424
      ],
      [
        -0.65566206,
        -0.684205949,
        -0.319326669
      ]
    ],
    "translation": [
      2.162639,
      0.89246285,
      -0.7876108
    ]
  },
  {
    "timeStamp": 53149,
    "rotation": [
      [
        -0.7455151,
        0.6421397,
        0.178504646
      ],
      [
        0.103839308,
        0.376466125,
        -0.920592546
      ],
      [
        -0.658349931,
        -0.667779863,
        -0.347340524
      ]
    ],
    "translation": [
      2.16246057,
      0.884793043,
      -0.7877079
    ]
  },
  {
    "timeStamp": 53194,
    "rotation": [
      [
        -0.7365909,
        0.6522425,
        0.178923517
      ],
      [
        0.1198509,
        0.3862381,
        -0.91457963
      ],
      [
        -0.665634751,
        -0.652226865,
        -0.362671316
      ]
    ],
    "translation": [
      2.162081,
      0.879767656,
      -0.787822962
    ]
  },
  {
    "timeStamp": 53240,
    "rotation": [
      [
        -0.7263932,
        0.6608526,
        0.188750342
      ],
      [
        0.12590684,
        0.397941858,
        -0.908729732
      ],
      [
        -0.6756481,
        -0.6363301,
        -0.37226814
      ]
    ],
    "translation": [
      2.1610775,
      0.877359867,
      -0.787735939
    ]
  },
  {
    "timeStamp": 53297,
    "rotation": [
      [
        -0.7216252,
        0.6670117,
        0.185344145
      ],
      [
        0.1361179,
        0.399209678,
        -0.90669924
      ],
      [
        -0.6787701,
        -0.6290684,
        -0.378871977
      ]
    ],
    "translation": [
      2.1609,
      0.8763922,
      -0.7875171
    ]
  }
]