[
  {
    "timeStamp": 45787,
    "rotation": [
      [
        0.699001253,
        -0.421920359,
        0.5773911
      ],
      [
        0.383149862,
        0.902698338,
        0.19578515
      ],
      [
        -0.603815734,
        0.0843732655,
        0.792646
      ]
    ],
    "translation": [
      1.46822107,
      0.7019439,
      -0.564070165
    ]
  },
  {
    "timeStamp": 45832,
    "rotation": [
      [
        0.667109549,
        -0.4326337,
        0.6064593
      ],
      [
        0.385536015,
        0.8970859,
        0.21586746
      ],
      [
        -0.6374377,
        0.08980468,
        0.7652505
      ]
    ],
    "translation": [
      1.47549939,
      0.7021893,
      -0.56233567
    ]
  },
  {
    "timeStamp": 45889,
    "rotation": [
      [
        0.6522711,
        -0.366717249,
        0.663370848
      ],
      [
        0.328644127,
        0.9254603,
        0.188457474
      ],
      [
        -0.683033943,
        0.0950875655,
        0.7241705
      ]
    ],
    "translation": [
      1.48346341,
      0.7199608,
      -0.5612713
    ]
  },
  {
    "timeStamp": 45936,
    "rotation": [
      [
        0.651684046,
        -0.333464444,
        0.681255758
      ],
      [
        0.279830635,
        0.9405146,
        0.19268392
      ],
      [
        -0.7049842,
        0.06506719,
        0.706231952
      ]
    ],
    "translation": [
      1.49731576,
      0.7391892,
      -0.56302613
    ]
  },
  {
    "timeStamp": 45990,
    "rotation": [
      [
        0.6264377,
        -0.272204638,
        0.7303974
      ],
      [
        0.210132375,
        0.961324632,
        0.178043023
      ],
      [
        -0.7506132,
        0.0419472829,
        0.659409
      ]
    ],
    "translation": [
      1.52526927,
      0.770350635,
      -0.5661429
    ]
  },
  {
    "timeStamp": 46034,
    "rotation": [
      [
        0.609766,
        -0.2368409,
        0.7563675
      ],
      [
        0.159220845,
        0.9714586,
        0.1758321
      ],
      [
        -0.776423931,
        0.01321304,
        0.6300724
      ]
    ],
    "translation": [
      1.55548632,
      0.7984492,
      -0.5731587
    ]
  },
  {
    "timeStamp": 46090,
    "rotation": [
      [
        0.57482326,
        -0.209509224,
        0.7910019
      ],
      [
        0.0907541141,
        0.977026343,
        0.192829445
      ],
      [
        -0.813229263,
        -0.03905617,
        0.5806313
      ]
    ],
    "translation": [
      1.60387933,
      0.837901652,
      -0.5837285
    ]
  },
  {
    "timeStamp": 46134,
    "rotation": [
      [
        0.5266093,
        -0.200184286,
        0.8262015
      ],
      [
        0.0546900965,
        0.977843344,
        0.202067614
      ],
      [
        -0.8483464,
        -0.0612256378,
        0.525889456
      ]
    ],
    "translation": [
      1.65305746,
      0.867314,
      -0.59438777
    ]
  },
  {
    "timeStamp": 46190,
    "rotation": [
      [
        0.426161081,
        -0.215913281,
        0.8785033
      ],
      [
        0.024157526,
        0.973470151,
        0.22753489
      ],
      [
        -0.904324651,
        -0.07574405,
        0.420071036
      ]
    ],
    "translation": [
      1.7271198,
      0.9004647,
      -0.605701149
    ]
  },
  {
    "timeStamp": 46235,
    "rotation": [
      [
        0.354188979,
        -0.265804142,
        0.896603763
      ],
      [
        0.009337365,
        0.9597136,
        0.2808249
      ],
      [
        -0.935127258,
        -0.09109317,
        0.342401862
      ]
    ],
    "translation": [
      1.79042411,
      0.9219789,
      -0.617231667
    ]
  },
  {
    "timeStamp": 46290,
    "rotation": [
      [
        0.227376178,
        -0.331389785,
        0.915686
      ],
      [
        0.00608229544,
        0.94078064,
        0.3389613
      ],
      [
        -0.973788,
        -0.07150225,
        0.215926722
      ]
    ],
    "translation": [
      1.87585986,
      0.939347744,
      -0.63043046
    ]
  },
  {
    "timeStamp": 46334,
    "rotation": [
      [
        0.128049448,
        -0.372246176,
        0.9192585
      ],
      [
        0.0285768788,
        0.9278888,
        0.3717603
      ],
      [
        -0.991355956,
        -0.0213341657,
        0.129453287
      ]
    ],
    "translation": [
      1.94114923,
      0.9433627,
      -0.642413259
    ]
  },
  {
    "timeStamp": 46390,
    "rotation": [
      [
        0.0184595,
        -0.4287457,
        0.9032366
      ],
      [
        0.06652583,
        0.901915252,
        0.4267589
      ],
      [
        -0.997613966,
        0.0522108153,
        0.04517157
      ]
    ],
    "translation": [
      2.01606417,
      0.938107967,
      -0.65571326
    ]
  },
  {
    "timeStamp": 46435,
    "rotation": [
      [
        -0.06570366,
        -0.44717887,
        0.892028034
      ],
      [
        0.0911974162,
        0.887527168,
        0.451639861
      ],
      [
        -0.9936629,
        0.111025043,
        -0.0175322257
      ]
    ],
    "translation": [
      2.06736684,
      0.92963326,
      -0.662589848
    ]
  },
  {
    "timeStamp": 46490,
    "rotation": [
      [
        -0.147029027,
        -0.471063644,
        0.86975944
      ],
      [
        0.1365808,
        0.861224,
        0.489529222
      ],
      [
        -0.9796572,
        0.190767452,
        -0.0622866824
      ]
    ],
    "translation": [
      2.11788,
      0.9122676,
      -0.66629374
    ]
  },
  {
    "timeStamp": 46535,
    "rotation": [
      [
        -0.128045917,
        -0.469107479,
        0.873809159
      ],
      [
        0.159669116,
        0.8598179,
        0.4849938
      ],
      [
        -0.978830934,
        0.2016218,
        -0.0351941958
      ]
    ],
    "translation": [
      2.13455844,
      0.8978435,
      -0.6601035
    ]
  },
  {
    "timeStamp": 46585,
    "rotation": [
      [
        -0.124656983,
        -0.4579803,
        0.88017875
      ],
      [
        0.195641086,
        0.8583367,
        0.474323362
      ],
      [
        -0.9727205,
        0.231326848,
        -0.017397901
      ]
    ],
    "translation": [
      2.14665866,
      0.87697953,
      -0.6497263
    ]
  },
  {
    "timeStamp": 46640,
    "rotation": [
      [
        -0.0799748,
        -0.4451784,
        0.891863346
      ],
      [
        0.232039645,
        0.8618349,
        0.4509969
      ],
      [
        -0.969413042,
        0.243016049,
        0.03437397
      ]
    ],
    "translation": [
      2.14303517,
      0.8583489,
      -0.6395921
    ]
  },
  {
    "timeStamp": 46685,
    "rotation": [
      [
        -0.03810437,
        -0.4413981,
        0.896501958
      ],
      [
        0.2559085,
        0.8629245,
        0.435743064
      ],
      [
        -0.9659497,
        0.2460262,
        0.08007634
      ]
    ],
    "translation": [
      2.13550162,
      0.8465111,
      -0.632843137
    ]
  },
  {
    "timeStamp": 46740,
    "rotation": [
      [
        0.0128590781,
        -0.444634736,
        0.895619631
      ],
      [
        0.27188307,
        0.863502264,
        0.42478627
      ],
      [
        -0.9622444,
        0.238041475,
        0.131992489
      ]
    ],
    "translation": [
      2.12607384,
      0.8392187,
      -0.627688766
    ]
  },
  {
    "timeStamp": 46784,
    "rotation": [
      [
        0.02497015,
        -0.430570334,
        0.902211547
      ],
      [
        0.27959308,
        0.869485259,
        0.407213867
      ],
      [
        -0.959793866,
        0.242083922,
        0.142095655
      ]
    ],
    "translation": [
      2.12320638,
      0.8373062,
      -0.6255358
    ]
  }
]