[
  {
    "id": "003 cracker box(Clone)-18330",
    "pickRotation": [
      [
        -0.9996714,
        5.200259E-07,
        0.0256332476
      ],
      [
        -0.0169963539,
        -0.748580635,
        -0.6628259
      ],
      [
        0.0191882085,
        -0.663043737,
        0.7483347
      ]
    ],
    "pickTranslation": [
      0.0166647565,
      0.06440999,
      0.121403217
    ],
    "placeRotation": [
      [
        0.9991865,
        -0.0385946,
        -0.0116922325
      ],
      [
        0.0391408168,
        0.997942269,
        0.0507854447
      ],
      [
        0.00970813,
        -0.0512017757,
        0.9986411
      ]
    ],
    "placeTranslation": [
      0.261431545,
      0.6441978,
      0.5416223
    ]
  },
  {
    "id": "021 bleach cleanser(Clone)-18616",
    "pickRotation": [
      [
        0.132316262,
        0.117450275,
        0.9842245
      ],
      [
        -0.9900538,
        -0.03223654,
        0.1369468
      ],
      [
        0.04781243,
        -0.992555439,
        0.112016663
      ]
    ],
    "pickTranslation": [
      0.0122899869,
      0.0116939694,
      0.246059939
    ],
    "placeRotation": [
      [
        0.0278697647,
        0.999502838,
        -0.0147420829
      ],
      [
        -0.011921647,
        0.015079109,
        0.9998152
      ],
      [
        0.999540448,
        -0.02768886,
        0.0123359719
      ]
    ],
    "placeTranslation": [
      -0.5269244,
      0.06462242,
      -0.07236847
    ]
  },
  {
    "id": "021 bleach cleanser(Clone)-18794",
    "pickRotation": [
      [
        0.1299841,
        -0.040479783,
        0.9906894
      ],
      [
        -0.991305,
        -0.0259221271,
        0.129005685
      ],
      [
        0.0204586536,
        -0.998844,
        -0.0434972756
      ]
    ],
    "pickTranslation": [
      0.0138586508,
      0.008716762,
      0.237085521
    ],
    "placeRotation": [
      [
        -0.0228344146,
        0.9995924,
        -0.0171351768
      ],
      [
        0.0217991415,
        0.017633399,
        0.999606848
      ],
      [
        0.9995016,
        0.0224519,
        -0.0221929047
      ]
    ],
    "placeTranslation": [
      -0.556879163,
      0.07987006,
      -0.7025152
    ]
  },
  {
    "id": "005 tomato soup can(Clone)-18628",
    "pickRotation": [
      [
        -0.6433791,
        0.018637225,
        -0.765320837
      ],
      [
        0.7620937,
        0.11045026,
        -0.6379764
      ],
      [
        0.0726397857,
        -0.993706942,
        -0.0852647
      ]
    ],
    "pickTranslation": [
      0.0005026833,
      0.0772329941,
      0.1006622
    ],
    "placeRotation": [
      [
        0.6277335,
        -0.7781341,
        -0.0214005448
      ],
      [
        0.005718048,
        -0.0228818934,
        0.9997218
      ],
      [
        -0.778407335,
        -0.627681255,
        -0.009914324
      ]
    ],
    "placeTranslation": [
      -0.4633172,
      0.294299215,
      0.596632
    ]
  },
  {
    "id": "005 tomato soup can(Clone)-18640",
    "pickRotation": [
      [
        -0.457246244,
        0.0443558022,
        -0.888233364
      ],
      [
        0.8880746,
        0.0760372,
        -0.453367382
      ],
      [
        0.0474293,
        -0.996117949,
        -0.07415898
      ]
    ],
    "pickTranslation": [
      0.011109055,
      0.07853487,
      0.101008534
    ],
    "placeRotation": [
      [
        0.433651477,
        -0.899532,
        -0.0528069958
      ],
      [
        -0.0260234885,
        -0.0710820854,
        0.99713093
      ],
      [
        -0.9007048,
        -0.431033075,
        -0.0542338155
      ]
    ],
    "placeTranslation": [
      -0.409074545,
      0.8107691,
      0.7014232
    ]
  },
  {
    "id": "025 mug(Clone)-18366",
    "pickRotation": [
      [
        -0.487912357,
        -0.0513891056,
        -0.87137866
      ],
      [
        0.864987135,
        0.105583481,
        -0.4905603
      ],
      [
        0.117212646,
        -0.993081748,
        -0.00706457254
      ]
    ],
    "pickTranslation": [
      0.04154194,
      -0.017277332,
      0.07791539
    ],
    "placeRotation": [
      [
        -0.217266545,
        -0.9759696,
        0.01669164
      ],
      [
        -0.09129555,
        0.0373430774,
        0.995123446
      ],
      [
        -0.9718335,
        0.214683175,
        -0.09721508
      ]
    ],
    "placeTranslation": [
      -0.1327124,
      0.0511858724,
      -0.4219152
    ]
  },
  {
    "id": "013 apple(Clone)-18342",
    "pickRotation": [
      [
        -0.871766746,
        -0.0322064757,
        -0.488861471
      ],
      [
        0.487647772,
        0.0389748,
        -0.8721701
      ],
      [
        0.0471427962,
        -0.998721063,
        -0.01827152
      ]
    ],
    "pickTranslation": [
      -0.008536519,
      0.009807208,
      0.07306199
    ],
    "placeRotation": [
      [
        0.597235143,
        0.796103954,
        -0.0976147
      ],
      [
        0.2242024,
        -0.0488522463,
        0.9733174
      ],
      [
        0.770093143,
        -0.60318476,
        -0.2076647
      ]
    ],
    "placeTranslation": [
      -0.0422989056,
      0.4427006,
      -0.5806957
    ]
  },
  {
    "id": "012 strawberry(Clone)-18652",
    "pickRotation": [
      [
        0.412911147,
        -0.296823919,
        -0.861045837
      ],
      [
        -0.2602168,
        -0.9444426,
        0.200786918
      ],
      [
        -0.872806668,
        0.141151443,
        -0.467209458
      ]
    ],
    "pickTranslation": [
      0.0024078025,
      0.0374570452,
      0.0169215873
    ],
    "placeRotation": [
      [
        0.0272065829,
        0.166996151,
        0.9855821
      ],
      [
        0.348323882,
        0.9225704,
        -0.165934846
      ],
      [
        -0.9369793,
        0.3478163,
        -0.03306876
      ]
    ],
    "placeTranslation": [
      0.0343220867,
      0.688624,
      -0.85239464
    ]
  },
  {
    "id": "017 orange(Clone)-18580",
    "pickRotation": [
      [
        -0.187984183,
        -0.101642706,
        -0.976898551
      ],
      [
        -0.967444062,
        -0.152439,
        0.202025577
      ],
      [
        -0.169451848,
        0.9830723,
        -0.06967752
      ]
    ],
    "pickTranslation": [
      0.0160580166,
      -0.0178471915,
      0.008886896
    ],
    "placeRotation": [
      [
        0.0193560682,
        0.917665839,
        0.3968813
      ],
      [
        -0.01676313,
        0.397197753,
        -0.917579949
      ],
      [
        -0.9996722,
        0.0111077679,
        0.0230711382
      ]
    ],
    "placeTranslation": [
      0.4834685,
      0.610927045,
      0.5361198
    ]
  },
  {
    "id": "014 lemon(Clone)-18604",
    "pickRotation": [
      [
        0.635298848,
        -0.67745924,
        0.370735
      ],
      [
        -0.621103764,
        -0.7335087,
        -0.276034743
      ],
      [
        0.4589396,
        -0.054900337,
        -0.886769652
      ]
    ],
    "pickTranslation": [
      0.0147777461,
      0.03405318,
      0.03580957
    ],
    "placeRotation": [
      [
        -0.21449545,
        0.33569175,
        -0.91722554
      ],
      [
        -0.5679583,
        0.7211246,
        0.39674
      ],
      [
        0.7946163,
        0.6060448,
        0.03598097
      ]
    ],
    "placeTranslation": [
      0.975252,
      0.697641969,
      0.485044
    ]
  },
  {
    "id": "014 lemon(Clone)-18354",
    "pickRotation": [
      [
        -0.0179827064,
        -0.668505549,
        0.743489742
      ],
      [
        0.04893324,
        -0.7433073,
        -0.667158
      ],
      [
        0.9986401,
        0.0243840516,
        0.04607882
      ]
    ],
    "pickTranslation": [
      0.0157483611,
      0.0325257666,
      0.0236106534
    ],
    "placeRotation": [
      [
        0.0309255868,
        -0.423510075,
        -0.9053634
      ],
      [
        0.494236022,
        0.793791652,
        -0.354436964
      ],
      [
        0.868777454,
        -0.436502,
        0.233862415
      ]
    ],
    "placeTranslation": [
      0.790569067,
      0.2157865,
      0.330927223
    ]
  },
  {
    "id": "015 peach(Clone)-18664",
    "pickRotation": [
      [
        0.454927057,
        -0.211332873,
        0.8650895
      ],
      [
        -0.8903067,
        -0.08624304,
        0.4471198
      ],
      [
        -0.0198831633,
        -0.9736018,
        -0.227385372
      ]
    ],
    "pickTranslation": [
      0.02027584,
      0.009114558,
      0.0332129858
    ],
    "placeRotation": [
      [
        -0.105572864,
        0.9777099,
        -0.1814876
      ],
      [
        0.12898086,
        0.194429219,
        0.9723997
      ],
      [
        0.9860113,
        0.07925059,
        -0.146632314
      ]
    ],
    "placeTranslation": [
      0.5008087,
      0.1426156,
      -0.0536587536
    ]
  },
  {
    "id": "016 pear(Clone)-18782",
    "pickRotation": [
      [
        -0.00155695889,
        -0.9296499,
        -0.3684409
      ],
      [
        0.831656158,
        0.203387827,
        -0.5167025
      ],
      [
        0.5552888,
        -0.307220638,
        0.772832334
      ]
    ],
    "pickTranslation": [
      0.0549204051,
      0.009856224,
      0.0321406275
    ],
    "placeRotation": [
      [
        -0.4631066,
        -0.881909549,
        0.08813496
      ],
      [
        0.8698901,
        -0.433229566,
        0.235803708
      ],
      [
        -0.169774875,
        0.185869992,
        0.967795849
      ]
    ],
    "placeTranslation": [
      0.8607107,
      0.4956088,
      0.5926168
    ]
  },
  {
    "id": "018 plum(Clone)-18758",
    "pickRotation": [
      [
        0.235961854,
        0.832943,
        0.500527561
      ],
      [
        0.8264556,
        -0.4429504,
        0.3475142
      ],
      [
        0.5111684,
        0.331663728,
        -0.7929098
      ]
    ],
    "pickTranslation": [
      0.008043707,
      0.01222259,
      0.01532264
    ],
    "placeRotation": [
      [
        0.489242,
        -0.4865994,
        -0.723784
      ],
      [
        -0.7603562,
        0.168524846,
        -0.6272621
      ],
      [
        0.427200973,
        0.857216656,
        -0.287539423
      ]
    ],
    "placeTranslation": [
      0.7076062,
      1.04527438,
      0.6055416
    ]
  },
  {
    "id": "012 strawberry(Clone)-18734",
    "pickRotation": [
      [
        -0.703621,
        -0.290662855,
        0.6484078
      ],
      [
        0.279221922,
        -0.9522062,
        -0.123848826
      ],
      [
        0.653416157,
        0.09390704,
        0.7511517
      ]
    ],
    "pickTranslation": [
      -0.004128442,
      0.0275289118,
      0.009559699
    ],
    "placeRotation": [
      [
        0.834922254,
        -0.5452869,
        0.07461269
      ],
      [
        0.5468689,
        0.8066924,
        -0.224012911
      ],
      [
        0.06196182,
        0.227836728,
        0.9717259
      ]
    ],
    "placeTranslation": [
      0.636162341,
      0.7550464,
      0.608036637
    ]
  },
  {
    "id": "012 strawberry(Clone)-18770",
    "pickRotation": [
      [
        -0.427323222,
        -0.590837538,
        -0.6843288
      ],
      [
        0.3913602,
        -0.80321157,
        0.449097335
      ],
      [
        -0.8150043,
        -0.0759092942,
        0.5744612
      ]
    ],
    "pickTranslation": [
      0.0138337519,
      0.0283654239,
      0.0152922962
    ],
    "placeRotation": [
      [
        -0.08090474,
        -0.2333221,
        0.969027936
      ],
      [
        0.6213317,
        0.7483911,
        0.232072622
      ],
      [
        -0.7793596,
        0.620863557,
        0.08442202
      ]
    ],
    "placeTranslation": [
      0.397797555,
      0.523717344,
      0.125424966
    ]
  },
  {
    "id": "057 racquetball(Clone)-18746",
    "pickRotation": [
      [
        -0.658194244,
        -0.0362485759,
        -0.751975
      ],
      [
        0.0489998944,
        -0.9987849,
        0.005256931
      ],
      [
        -0.7512518,
        -0.0333866142,
        0.6591707
      ]
    ],
    "pickTranslation": [
      -0.00473832525,
      -0.107876867,
      0.02374612
    ],
    "placeRotation": [
      [
        -0.0455568135,
        -0.3451518,
        0.9374405
      ],
      [
        0.106621571,
        0.931374431,
        0.348099858
      ],
      [
        -0.993255436,
        0.115809709,
        -0.00562982
      ]
    ],
    "placeTranslation": [
      0.5979074,
      1.61900365,
      -0.144232661
    ]
  },
  {
    "id": "011 banana(Clone)-18676",
    "pickRotation": [
      [
        -0.9585736,
        0.08563367,
        -0.271668226
      ],
      [
        0.2813957,
        0.136710748,
        -0.9498035
      ],
      [
        -0.0441951938,
        -0.9869028,
        -0.155144259
      ]
    ],
    "pickTranslation": [
      0.0179337487,
      0.00566589134,
      0.02743144
    ],
    "placeRotation": [
      [
        0.178528577,
        -0.895144,
        -0.408466458
      ],
      [
        0.6775269,
        -0.189196989,
        0.710747361
      ],
      [
        -0.7135019,
        -0.4036357,
        0.572707
      ]
    ],
    "placeTranslation": [
      0.7447149,
      0.6809468,
      0.0476922132
    ]
  },
  {
    "id": "101 bread(Clone)-18592",
    "pickRotation": [
      [
        -0.993931,
        0.107036963,
        0.02538282
      ],
      [
        -0.109939046,
        -0.9745424,
        -0.19539839
      ],
      [
        0.00382178277,
        -0.197003081,
        0.980395436
      ]
    ],
    "pickTranslation": [
      -0.000969815941,
      0.0360391438,
      -0.0239406619
    ],
    "placeRotation": [
      [
        0.199942365,
        -0.420004517,
        0.885222733
      ],
      [
        0.0588088222,
        0.90698117,
        0.417045146
      ],
      [
        -0.9780412,
        -0.03132609,
        0.206043944
      ]
    ],
    "placeTranslation": [
      0.6654914,
      0.856436253,
      0.00143064221
    ]
  }
]