[
  {
    "timeStamp": 34268,
    "rotation": [
      [
        0.9963525,
        0.03529462,
        -0.07769196
      ],
      [
        0.07746217,
        0.007834077,
        0.9969645
      ],
      [
        0.0357961245,
        -0.999346256,
        0.00507150451
      ]
    ],
    "translation": [
      1.30805671,
      0.6972562,
      -0.479382217
    ]
  },
  {
    "timeStamp": 34312,
    "rotation": [
      [
        0.9966015,
        0.0512961932,
        -0.06445216
      ],
      [
        0.0644555241,
        0.00159032259,
        0.9979193
      ],
      [
        0.05129196,
        -0.9986822,
        -0.00172140519
      ]
    ],
    "translation": [
      1.30689251,
      0.7016728,
      -0.479225516
    ]
  },
  {
    "timeStamp": 34367,
    "rotation": [
      [
        0.9950404,
        0.05908983,
        -0.08001908
      ],
      [
        0.08028105,
        -0.002069032,
        0.996770144
      ],
      [
        0.0587334149,
        -0.998250544,
        -0.006802564
      ]
    ],
    "translation": [
      1.30631864,
      0.7019313,
      -0.479119837
    ]
  },
  {
    "timeStamp": 34412,
    "rotation": [
      [
        0.999308467,
        0.02315972,
        -0.0290891584
      ],
      [
        0.0297178924,
        -0.0272828341,
        0.9991859
      ],
      [
        0.0223472342,
        -0.9993594,
        -0.027952224
      ]
    ],
    "translation": [
      1.29967928,
      0.7121436,
      -0.4735748
    ]
  },
  {
    "timeStamp": 34467,
    "rotation": [
      [
        0.9994171,
        0.03384009,
        -0.00449984567
      ],
      [
        0.00706911,
        -0.07619178,
        0.9970681
      ],
      [
        0.03339802,
        -0.9965188,
        -0.07638659
      ]
    ],
    "translation": [
      1.29440773,
      0.7418943,
      -0.464317679
    ]
  },
  {
    "timeStamp": 34512,
    "rotation": [
      [
        0.999105155,
        0.0367230438,
        0.020985039
      ],
      [
        -0.0158167575,
        -0.135759473,
        0.990615547
      ],
      [
        0.03922734,
        -0.990061,
        -0.135057151
      ]
    ],
    "translation": [
      1.29125714,
      0.775741339,
      -0.454679281
    ]
  },
  {
    "timeStamp": 34567,
    "rotation": [
      [
        0.99786675,
        0.0121431854,
        0.06414457
      ],
      [
        -0.0602896921,
        -0.205492228,
        0.9767999
      ],
      [
        0.0250426847,
        -0.9785834,
        -0.204321742
      ]
    ],
    "translation": [
      1.292925,
      0.823621631,
      -0.443929583
    ]
  },
  {
    "timeStamp": 34612,
    "rotation": [
      [
        0.9911024,
        -0.0316225439,
        0.129290417
      ],
      [
        -0.132989168,
        -0.275162339,
        0.952155232
      ],
      [
        0.00546627957,
        -0.9608776,
        -0.2769195
      ]
    ],
    "translation": [
      1.3003124,
      0.873472154,
      -0.436944336
    ]
  },
  {
    "timeStamp": 34668,
    "rotation": [
      [
        0.985198438,
        -0.07696057,
        0.153170243
      ],
      [
        -0.170771033,
        -0.363104165,
        0.915965438
      ],
      [
        -0.0148764942,
        -0.9285648,
        -0.3708723
      ]
    ],
    "translation": [
      1.322667,
      0.940138161,
      -0.431057274
    ]
  },
  {
    "timeStamp": 34712,
    "rotation": [
      [
        0.9752144,
        -0.149875239,
        0.162770629
      ],
      [
        -0.212083966,
        -0.423496932,
        0.8807217
      ],
      [
        -0.0630655,
        -0.893413544,
        -0.444786429
      ]
    ],
    "translation": [
      1.35842061,
      0.991537333,
      -0.429517746
    ]
  },
  {
    "timeStamp": 34767,
    "rotation": [
      [
        0.9503898,
        -0.270777255,
        0.15309763
      ],
      [
        -0.270890057,
        -0.478544652,
        0.8352327
      ],
      [
        -0.152897954,
        -0.8352693,
        -0.52815485
      ]
    ],
    "translation": [
      1.42355728,
      1.04866934,
      -0.4304345
    ]
  },
  {
    "timeStamp": 34812,
    "rotation": [
      [
        0.9324365,
        -0.343398333,
        0.1124268
      ],
      [
        -0.2847627,
        -0.5068373,
        0.8136499
      ],
      [
        -0.222423911,
        -0.7906918,
        -0.5703807
      ]
    ],
    "translation": [
      1.48092711,
      1.08084941,
      -0.434176475
    ]
  },
  {
    "timeStamp": 34866,
    "rotation": [
      [
        0.8980334,
        -0.436203927,
        0.05711549
      ],
      [
        -0.304293483,
        -0.522141635,
        0.7967268
      ],
      [
        -0.317713,
        -0.7328671,
        -0.6016346
      ]
    ],
    "translation": [
      1.56007934,
      1.10545683,
      -0.442196846
    ]
  },
  {
    "timeStamp": 34910,
    "rotation": [
      [
        0.8598461,
        -0.510200858,
        -0.0189668629
      ],
      [
        -0.289506733,
        -0.5178346,
        0.8050051
      ],
      [
        -0.420535982,
        -0.686689436,
        -0.592964649
      ]
    ],
    "translation": [
      1.63212907,
      1.10970569,
      -0.4520705
    ]
  },
  {
    "timeStamp": 34966,
    "rotation": [
      [
        0.7883847,
        -0.6107336,
        -0.0738521144
      ],
      [
        -0.306007266,
        -0.493469566,
        0.8141544
      ],
      [
        -0.5336752,
        -0.6192676,
        -0.575932741
      ]
    ],
    "translation": [
      1.72328734,
      1.10408378,
      -0.469916
    ]
  },
  {
    "timeStamp": 35010,
    "rotation": [
      [
        0.726521134,
        -0.677834868,
        -0.112724796
      ],
      [
        -0.3165171,
        -0.475729674,
        0.820669353
      ],
      [
        -0.6099048,
        -0.5605543,
        -0.560174048
      ]
    ],
    "translation": [
      1.79353237,
      1.09616542,
      -0.485690773
    ]
  },
  {
    "timeStamp": 35066,
    "rotation": [
      [
        0.6324031,
        -0.753214836,
        -0.180924892
      ],
      [
        -0.270246565,
        -0.433408946,
        0.8597229
      ],
      [
        -0.7259705,
        -0.494797081,
        -0.477642864
      ]
    ],
    "translation": [
      1.88463438,
      1.07308745,
      -0.5163889
    ]
  },
  {
    "timeStamp": 35110,
    "rotation": [
      [
        0.54152745,
        -0.81455946,
        -0.2079442
      ],
      [
        -0.292520434,
        -0.414467037,
        0.861770749
      ],
      [
        -0.7881496,
        -0.405844569,
        -0.462720573
      ]
    ],
    "translation": [
      1.95436847,
      1.06355751,
      -0.543421745
    ]
  },
  {
    "timeStamp": 35166,
    "rotation": [
      [
        0.413193673,
        -0.885373354,
        -0.2130375
      ],
      [
        -0.307901531,
        -0.355993748,
        0.8823067
      ],
      [
        -0.857010841,
        -0.298968971,
        -0.419702172
      ]
    ],
    "translation": [
      2.03370547,
      1.0406028,
      -0.5786521
    ]
  },
  {
    "timeStamp": 35210,
    "rotation": [
      [
        0.327458531,
        -0.917043865,
        -0.227599189
      ],
      [
        -0.318300635,
        -0.3338646,
        0.8872537
      ],
      [
        -0.8896379,
        -0.218093812,
        -0.401222438
      ]
    ],
    "translation": [
      2.090996,
      1.02418029,
      -0.6045505
    ]
  },
  {
    "timeStamp": 35267,
    "rotation": [
      [
        0.219428554,
        -0.953608155,
        -0.206113026
      ],
      [
        -0.3717137,
        -0.2770426,
        0.886045337
      ],
      [
        -0.90204215,
        -0.117808618,
        -0.415260255
      ]
    ],
    "translation": [
      2.15112019,
      0.9982172,
      -0.6274459
    ]
  },
  {
    "timeStamp": 35312,
    "rotation": [
      [
        0.152071908,
        -0.9670715,
        -0.2040758
      ],
      [
        -0.35635215,
        -0.2462373,
        0.9013215
      ],
      [
        -0.921893358,
        -0.06434285,
        -0.382063776
      ]
    ],
    "translation": [
      2.19363952,
      0.9726637,
      -0.6439202
    ]
  },
  {
    "timeStamp": 35366,
    "rotation": [
      [
        0.08688687,
        -0.9818894,
        -0.168356359
      ],
      [
        -0.360261619,
        -0.188527077,
        0.9136023
      ],
      [
        -0.9287962,
        -0.0187277254,
        -0.3701176
      ]
    ],
    "translation": [
      2.22680449,
      0.9402625,
      -0.654502332
    ]
  },
  {
    "timeStamp": 35412,
    "rotation": [
      [
        -0.0063623446,
        -0.9916695,
        -0.128651321
      ],
      [
        -0.358081877,
        -0.117863186,
        0.926221132
      ],
      [
        -0.9336685,
        0.05196066,
        -0.354349017
      ]
    ],
    "translation": [
      2.26189828,
      0.901342869,
      -0.666656256
    ]
  },
  {
    "timeStamp": 35462,
    "rotation": [
      [
        -0.0574424677,
        -0.994154334,
        -0.0914193243
      ],
      [
        -0.3576914,
        -0.06499725,
        0.9315751
      ],
      [
        -0.932071447,
        0.08621188,
        -0.351866871
      ]
    ],
    "translation": [
      2.287768,
      0.867067039,
      -0.6687975
    ]
  },
  {
    "timeStamp": 35518,
    "rotation": [
      [
        -0.113806069,
        -0.9913399,
        -0.06552332
      ],
      [
        -0.380150378,
        -0.0174812749,
        0.924759448
      ],
      [
        -0.9178964,
        0.130151957,
        -0.37486878
      ]
    ],
    "translation": [
      2.30637527,
      0.836428046,
      -0.66815114
    ]
  },
  {
    "timeStamp": 35562,
    "rotation": [
      [
        -0.136421189,
        -0.988466144,
        -0.06575681
      ],
      [
        -0.352209181,
        -0.013645242,
        0.935821831
      ],
      [
        -0.925925434,
        0.150826082,
        -0.346285373
      ]
    ],
    "translation": [
      2.31821179,
      0.817684531,
      -0.6687887
    ]
  },
  {
    "timeStamp": 35617,
    "rotation": [
      [
        -0.164923608,
        -0.983644247,
        -0.07241765
      ],
      [
        -0.355487466,
        -0.009206425,
        0.9346357
      ],
      [
        -0.9200157,
        0.179887056,
        -0.3481548
      ]
    ],
    "translation": [
      2.329163,
      0.79951036,
      -0.6671837
    ]
  },
  {
    "timeStamp": 35662,
    "rotation": [
      [
        -0.1714481,
        -0.9819019,
        -0.0804623738
      ],
      [
        -0.3354704,
        -0.0186058227,
        0.941867
      ],
      [
        -0.926318049,
        0.188474059,
        -0.3262091
      ]
    ],
    "translation": [
      2.33470845,
      0.7897686,
      -0.662763
    ]
  },
  {
    "timeStamp": 35717,
    "rotation": [
      [
        -0.183127418,
        -0.978641331,
        -0.09341071
      ],
      [
        -0.3059172,
        -0.03357235,
        0.951466
      ],
      [
        -0.93428,
        0.202815443,
        -0.293235183
      ]
    ],
    "translation": [
      2.339224,
      0.7797226,
      -0.66228193
    ]
  },
  {
    "timeStamp": 35762,
    "rotation": [
      [
        -0.189113453,
        -0.9762286,
        -0.105895296
      ],
      [
        -0.303173453,
        -0.0445254147,
        0.951894641
      ],
      [
        -0.933981836,
        0.212120712,
        -0.287546217
      ]
    ],
    "translation": [
      2.34229088,
      0.775928736,
      -0.6583538
    ]
  },
  {
    "timeStamp": 35817,
    "rotation": [
      [
        -0.176795945,
        -0.9804319,
        -0.08658183
      ],
      [
        -0.25669834,
        -0.0389922634,
        0.9657047
      ],
      [
        -0.9501837,
        0.1929581,
        -0.244781569
      ]
    ],
    "translation": [
      2.34064269,
      0.7657937,
      -0.6514423
    ]
  },
  {
    "timeStamp": 35863,
    "rotation": [
      [
        -0.161441058,
        -0.9841757,
        -0.07304075
      ],
      [
        -0.215078458,
        -0.0371450447,
        0.9758901
      ],
      [
        -0.9631604,
        0.17325823,
        -0.205678269
      ]
    ],
    "translation": [
      2.33948612,
      0.7602929,
      -0.645622432
    ]
  },
  {
    "timeStamp": 35909,
    "rotation": [
      [
        -0.165160775,
        -0.9838603,
        -0.06885384
      ],
      [
        -0.205586091,
        -0.03393548,
        0.9780505
      ],
      [
        -0.964601636,
        0.175690979,
        -0.196663171
      ]
    ],
    "translation": [
      2.34046173,
      0.7562845,
      -0.6427782
    ]
  },
  {
    "timeStamp": 35965,
    "rotation": [
      [
        -0.154803649,
        -0.9860933,
        -0.0604629926
      ],
      [
        -0.182528555,
        -0.0315998979,
        0.9826926
      ],
      [
        -0.9709372,
        0.163160622,
        -0.1750984
      ]
    ],
    "translation": [
      2.340411,
      0.751739,
      -0.638038456
    ]
  },
  {
    "timeStamp": 36011,
    "rotation": [
      [
        -0.161578968,
        -0.9852291,
        -0.05670965
      ],
      [
        -0.164908975,
        -0.0297007468,
        0.9858615
      ],
      [
        -0.9729837,
        0.16864641,
        -0.1576741
      ]
    ],
    "translation": [
      2.34150147,
      0.7486441,
      -0.6386547
    ]
  },
  {
    "timeStamp": 36067,
    "rotation": [
      [
        -0.176334038,
        -0.9831808,
        -0.04755845
      ],
      [
        -0.152709186,
        -0.0204060115,
        0.9880605
      ],
      [
        -0.9724126,
        0.1814913,
        -0.146542475
      ]
    ],
    "translation": [
      2.34267378,
      0.743345261,
      -0.6405725
    ]
  },
  {
    "timeStamp": 36111,
    "rotation": [
      [
        -0.1799737,
        -0.9827566,
        -0.0424144864
      ],
      [
        -0.156649113,
        -0.013934237,
        0.98755604
      ],
      [
        -0.9711182,
        0.1843783,
        -0.151440144
      ]
    ],
    "translation": [
      2.34438872,
      0.740623653,
      -0.638254166
    ]
  },
  {
    "timeStamp": 36167,
    "rotation": [
      [
        -0.1718457,
        -0.9845971,
        -0.0322102532
      ],
      [
        -0.129953817,
        -0.009753796,
        0.991472065
      ],
      [
        -0.9765147,
        0.174566075,
        -0.126276
      ]
    ],
    "translation": [
      2.34565139,
      0.7368272,
      -0.636562765
    ]
  },
  {
    "timeStamp": 36211,
    "rotation": [
      [
        -0.170878172,
        -0.98508817,
        -0.0200485978
      ],
      [
        -0.1167774,
        4.39359137E-05,
        0.9931581
      ],
      [
        -0.9783474,
        0.172050267,
        -0.115043536
      ]
    ],
    "translation": [
      2.34569931,
      0.734067738,
      -0.6359396
    ]
  }
]