[
  {
    "timeStamp": 70984,
    "rotation": [
      [
        0.0482769869,
        -0.996973932,
        -0.0609287359
      ],
      [
        -0.128071815,
        -0.0666749552,
        0.989521146
      ],
      [
        -0.9905892,
        -0.03996786,
        -0.130903125
      ]
    ],
    "translation": [
      1.30788064,
      0.7024356,
      -0.61847657
    ]
  },
  {
    "timeStamp": 71040,
    "rotation": [
      [
        0.0124902213,
        -0.9992318,
        -0.0371450558
      ],
      [
        -0.09934666,
        -0.0382042527,
        0.9943192
      ],
      [
        -0.9949745,
        -0.00872902852,
        -0.09974752
      ]
    ],
    "translation": [
      1.3087877,
      0.702804,
      -0.6191703
    ]
  },
  {
    "timeStamp": 71084,
    "rotation": [
      [
        -0.0124113783,
        -0.998841166,
        0.0464996547
      ],
      [
        -0.09622186,
        0.04748047,
        0.9942268
      ],
      [
        -0.9952825,
        0.007865441,
        -0.0966996551
      ]
    ],
    "translation": [
      1.31545663,
      0.7027612,
      -0.6171152
    ]
  },
  {
    "timeStamp": 71130,
    "rotation": [
      [
        -0.0778972358,
        -0.996192455,
        -0.0391492844
      ],
      [
        -0.207033351,
        -0.022248555,
        0.978080869
      ],
      [
        -0.9752278,
        0.0842950046,
        -0.204511955
      ]
    ],
    "translation": [
      1.34792745,
      0.7205332,
      -0.6016147
    ]
  },
  {
    "timeStamp": 71184,
    "rotation": [
      [
        -0.150488243,
        -0.9860112,
        -0.07165978
      ],
      [
        -0.273829877,
        -0.0280760061,
        0.961368263
      ],
      [
        -0.9499318,
        0.164297208,
        -0.26577425
      ]
    ],
    "translation": [
      1.38659751,
      0.747347951,
      -0.591102839
    ]
  },
  {
    "timeStamp": 71240,
    "rotation": [
      [
        -0.256767243,
        -0.9592948,
        -0.117576204
      ],
      [
        -0.344741851,
        -0.0227434523,
        0.938421965
      ],
      [
        -0.902897358,
        0.281489462,
        -0.324869275
      ]
    ],
    "translation": [
      1.43862307,
      0.779759943,
      -0.583324969
    ]
  },
  {
    "timeStamp": 71284,
    "rotation": [
      [
        -0.351138115,
        -0.920621753,
        -0.170755684
      ],
      [
        -0.405623585,
        -0.014802142,
        0.913920343
      ],
      [
        -0.8439025,
        0.3901748,
        -0.368228316
      ]
    ],
    "translation": [
      1.48684144,
      0.8081942,
      -0.581939757
    ]
  },
  {
    "timeStamp": 71339,
    "rotation": [
      [
        -0.450869948,
        -0.8570227,
        -0.249456152
      ],
      [
        -0.467663735,
        -0.011227943,
        0.883835137
      ],
      [
        -0.7602677,
        0.5151563,
        -0.3957361
      ]
    ],
    "translation": [
      1.55169463,
      0.8421838,
      -0.5842011
    ]
  },
  {
    "timeStamp": 71384,
    "rotation": [
      [
        -0.508327067,
        -0.800291657,
        -0.318020374
      ],
      [
        -0.507231057,
        -0.02019103,
        0.8615736
      ],
      [
        -0.6959313,
        0.59927094,
        -0.3956691
      ]
    ],
    "translation": [
      1.60271657,
      0.865283847,
      -0.5901639
    ]
  },
  {
    "timeStamp": 71440,
    "rotation": [
      [
        -0.5730801,
        -0.715226054,
        -0.4000387
      ],
      [
        -0.536938667,
        -0.0410669781,
        0.842621148
      ],
      [
        -0.619092941,
        0.697685659,
        -0.360497862
      ]
    ],
    "translation": [
      1.66988909,
      0.888606548,
      -0.601373732
    ]
  },
  {
    "timeStamp": 71484,
    "rotation": [
      [
        -0.6205347,
        -0.640035331,
        -0.453090966
      ],
      [
        -0.5567445,
        -0.0473175347,
        0.829335034
      ],
      [
        -0.5522429,
        0.766887069,
        -0.326973975
      ]
    ],
    "translation": [
      1.72134125,
      0.904781,
      -0.6123338
    ]
  },
  {
    "timeStamp": 71539,
    "rotation": [
      [
        -0.68768096,
        -0.517314732,
        -0.5093921
      ],
      [
        -0.581315,
        -0.0279847719,
        0.8131972
      ],
      [
        -0.434934139,
        0.85533756,
        -0.281478226
      ]
    ],
    "translation": [
      1.7870152,
      0.9230406,
      -0.6315256
    ]
  },
  {
    "timeStamp": 71584,
    "rotation": [
      [
        -0.745800853,
        -0.4007068,
        -0.5321797
      ],
      [
        -0.577957451,
        -0.008065429,
        0.816027045
      ],
      [
        -0.331279844,
        0.9161709,
        -0.225576267
      ]
    ],
    "translation": [
      1.83705568,
      0.930218935,
      -0.650751531
    ]
  },
  {
    "timeStamp": 71640,
    "rotation": [
      [
        -0.787457,
        -0.280745715,
        -0.548719645
      ],
      [
        -0.5684856,
        -0.0132205384,
        0.822586954
      ],
      [
        -0.238192141,
        0.9596911,
        -0.149189308
      ]
    ],
    "translation": [
      1.89244652,
      0.9349042,
      -0.675288856
    ]
  },
  {
    "timeStamp": 71684,
    "rotation": [
      [
        -0.8154804,
        -0.1897357,
        -0.546801567
      ],
      [
        -0.551424742,
        -0.03234152,
        0.8335975
      ],
      [
        -0.17584759,
        0.9813024,
        -0.07825108
      ]
    ],
    "translation": [
      1.93180072,
      0.9367978,
      -0.6949232
    ]
  },
  {
    "timeStamp": 71740,
    "rotation": [
      [
        -0.830892742,
        -0.08624608,
        -0.549708
      ],
      [
        -0.5517684,
        6.209905E-05,
        0.833997369
      ],
      [
        -0.07189487,
        0.9962739,
        -0.04763946
      ]
    ],
    "translation": [
      1.977081,
      0.94429487,
      -0.7173009
    ]
  },
  {
    "timeStamp": 71784,
    "rotation": [
      [
        -0.8432199,
        -0.0251203813,
        -0.536981463
      ],
      [
        -0.5370448,
        -0.00472484529,
        0.84354043
      ],
      [
        -0.0237272121,
        0.999673247,
        -0.00950668752
      ]
    ],
    "translation": [
      2.00946021,
      0.9446391,
      -0.733057141
    ]
  },
  {
    "timeStamp": 71839,
    "rotation": [
      [
        -0.854634166,
        0.038853202,
        -0.51777494
      ],
      [
        -0.5172543,
        0.023214858,
        0.855516851
      ],
      [
        0.04525964,
        0.9989752,
        0.000256776315
      ]
    ],
    "translation": [
      2.04640079,
      0.941599369,
      -0.748259366
    ]
  },
  {
    "timeStamp": 71884,
    "rotation": [
      [
        -0.858136952,
        0.066345945,
        -0.509116
      ],
      [
        -0.5082442,
        0.030684026,
        0.860666156
      ],
      [
        0.07272344,
        0.997324765,
        0.00738884835
      ]
    ],
    "translation": [
      2.0743854,
      0.9391219,
      -0.7566787
    ]
  },
  {
    "timeStamp": 71931,
    "rotation": [
      [
        -0.8658047,
        0.08609019,
        -0.4929208
      ],
      [
        -0.493671983,
        0.0138233118,
        0.869538367
      ],
      [
        0.08167252,
        0.9961915,
        0.0305320248
      ]
    ],
    "translation": [
      2.09860086,
      0.9321598,
      -0.765351355
    ]
  },
  {
    "timeStamp": 71979,
    "rotation": [
      [
        -0.8781102,
        0.100990959,
        -0.467678666
      ],
      [
        -0.471092373,
        -0.0116354981,
        0.8820071
      ],
      [
        0.0836330652,
        0.9948193,
        0.05779332
      ]
    ],
    "translation": [
      2.12477779,
      0.9209372,
      -0.7759988
    ]
  },
  {
    "timeStamp": 72029,
    "rotation": [
      [
        -0.8861231,
        0.112789564,
        -0.449515641
      ],
      [
        -0.4547461,
        -0.0245107617,
        0.890283763
      ],
      [
        0.089396745,
        0.993316531,
        0.07301017
      ]
    ],
    "translation": [
      2.14331961,
      0.9124526,
      -0.7847742
    ]
  },
  {
    "timeStamp": 72079,
    "rotation": [
      [
        -0.894888341,
        0.09754279,
        -0.435499966
      ],
      [
        -0.4439149,
        -0.09400696,
        0.8911242
      ],
      [
        0.0459827222,
        0.990781546,
        0.127426445
      ]
    ],
    "translation": [
      2.16628456,
      0.9039858,
      -0.7950281
    ]
  },
  {
    "timeStamp": 72134,
    "rotation": [
      [
        -0.895417154,
        0.0486799777,
        -0.442558885
      ],
      [
        -0.44268775,
        -0.203376964,
        0.873307168
      ],
      [
        -0.04749369,
        0.9778896,
        0.203657269
      ]
    ],
    "translation": [
      2.18960381,
      0.8980628,
      -0.8003577
    ]
  },
  {
    "timeStamp": 72179,
    "rotation": [
      [
        -0.8848685,
        0.003976999,
        -0.4658238
      ],
      [
        -0.444757521,
        -0.3046384,
        0.842250645
      ],
      [
        -0.138558209,
        0.952459753,
        0.271333724
      ]
    ],
    "translation": [
      2.20972419,
      0.8959474,
      -0.803504
    ]
  },
  {
    "timeStamp": 72234,
    "rotation": [
      [
        -0.8832984,
        -0.0494047627,
        -0.466200769
      ],
      [
        -0.426158935,
        -0.329815328,
        0.8423838
      ],
      [
        -0.195377886,
        0.9427519,
        0.270271063
      ]
    ],
    "translation": [
      2.23044,
      0.8845906,
      -0.8001434
    ]
  },
  {
    "timeStamp": 72289,
    "rotation": [
      [
        -0.879355848,
        -0.07241418,
        -0.470626622
      ],
      [
        -0.4040539,
        -0.409469366,
        0.8179702
      ],
      [
        -0.251939833,
        0.9094454,
        0.33081007
      ]
    ],
    "translation": [
      2.24805284,
      0.8727025,
      -0.805389464
    ]
  },
  {
    "timeStamp": 72334,
    "rotation": [
      [
        -0.883833647,
        -0.0910210162,
        -0.458860785
      ],
      [
        -0.37840724,
        -0.437594652,
        0.8156708
      ],
      [
        -0.275038242,
        0.894553542,
        0.35231787
      ]
    ],
    "translation": [
      2.25839972,
      0.860573947,
      -0.8087925
    ]
  },
  {
    "timeStamp": 72389,
    "rotation": [
      [
        -0.895041764,
        -0.114670105,
        -0.430988371
      ],
      [
        -0.3342726,
        -0.467238,
        0.818505049
      ],
      [
        -0.2952322,
        0.8766638,
        0.379866481
      ]
    ],
    "translation": [
      2.26575279,
      0.84402144,
      -0.813740253
    ]
  },
  {
    "timeStamp": 72433,
    "rotation": [
      [
        -0.9004733,
        -0.124203116,
        -0.416798979
      ],
      [
        -0.3109595,
        -0.486145556,
        0.8166803
      ],
      [
        -0.304059178,
        0.8650064,
        0.399139
      ]
    ],
    "translation": [
      2.26948786,
      0.83477217,
      -0.8183243
    ]
  },
  {
    "timeStamp": 72479,
    "rotation": [
      [
        -0.913381457,
        -0.0765047744,
        -0.3998514
      ],
      [
        -0.307113618,
        -0.515249252,
        0.8001246
      ],
      [
        -0.267236531,
        0.8536188,
        0.447123468
      ]
    ],
    "translation": [
      2.27191758,
      0.83159095,
      -0.8250426
    ]
  }
]