[
  {
    "timeStamp": 18921,
    "rotation": [
      [
        0.999994934,
        -0.000231962069,
        -0.00318397721
      ],
      [
        0.00317633874,
        -0.02767345,
        0.999612
      ],
      [
        -0.0003199829,
        -0.99961704,
        -0.0276725739
      ]
    ],
    "translation": [
      1.30782068,
      0.7041715,
      -0.749939263
    ]
  },
  {
    "timeStamp": 18977,
    "rotation": [
      [
        0.999669552,
        -0.0204557087,
        0.0155686578
      ],
      [
        -0.0166657865,
        -0.0546065234,
        0.998368859
      ],
      [
        -0.0195721928,
        -0.9982984,
        -0.0549293868
      ]
    ],
    "translation": [
      1.30354559,
      0.7103094,
      -0.743874669
    ]
  },
  {
    "timeStamp": 19021,
    "rotation": [
      [
        0.9981817,
        -0.042265825,
        0.04297556
      ],
      [
        -0.0452751778,
        -0.05504658,
        0.9974568
      ],
      [
        -0.039792683,
        -0.9975889,
        -0.05686008
      ]
    ],
    "translation": [
      1.30498123,
      0.7247576,
      -0.7400784
    ]
  },
  {
    "timeStamp": 19067,
    "rotation": [
      [
        0.9932674,
        -0.0725371838,
        0.09032256
      ],
      [
        -0.09387733,
        -0.0471851,
        0.994465
      ],
      [
        -0.06787381,
        -0.9962489,
        -0.05367702
      ]
    ],
    "translation": [
      1.30878091,
      0.7463084,
      -0.7345014
    ]
  },
  {
    "timeStamp": 19121,
    "rotation": [
      [
        0.978979766,
        -0.144678548,
        0.143759459
      ],
      [
        -0.147941262,
        -0.01851599,
        0.9888228
      ],
      [
        -0.14039959,
        -0.9893055,
        -0.0395307019
      ]
    ],
    "translation": [
      1.32631576,
      0.773420453,
      -0.7216691
    ]
  },
  {
    "timeStamp": 19177,
    "rotation": [
      [
        0.956357241,
        -0.222918108,
        0.18891345
      ],
      [
        -0.190106347,
        0.01629825,
        0.9816282
      ],
      [
        -0.221901655,
        -0.9747009,
        -0.0267912
      ]
    ],
    "translation": [
      1.35427117,
      0.79888165,
      -0.7066809
    ]
  },
  {
    "timeStamp": 19221,
    "rotation": [
      [
        0.9350626,
        -0.280507058,
        0.21673429
      ],
      [
        -0.217609778,
        0.0284198821,
        0.975622
      ],
      [
        -0.279828429,
        -0.9594311,
        -0.0344667137
      ]
    ],
    "translation": [
      1.3842473,
      0.8181465,
      -0.6930458
    ]
  },
  {
    "timeStamp": 19277,
    "rotation": [
      [
        0.8978635,
        -0.365724742,
        0.24512583
      ],
      [
        -0.247021824,
        0.0424087,
        0.9680815
      ],
      [
        -0.3644468,
        -0.9297564,
        -0.0522647649
      ]
    ],
    "translation": [
      1.43075359,
      0.840335965,
      -0.6721746
    ]
  },
  {
    "timeStamp": 19321,
    "rotation": [
      [
        0.8550382,
        -0.448485464,
        0.260327756
      ],
      [
        -0.269869953,
        0.04383588,
        0.961898446
      ],
      [
        -0.442809165,
        -0.89271456,
        -0.0835514
      ]
    ],
    "translation": [
      1.47772324,
      0.8575636,
      -0.6517182
    ]
  },
  {
    "timeStamp": 19376,
    "rotation": [
      [
        0.777097,
        -0.572658539,
        0.2611178
      ],
      [
        -0.290047646,
        0.0423514731,
        0.956074655
      ],
      [
        -0.558563,
        -0.8186993,
        -0.133187056
      ]
    ],
    "translation": [
      1.55045485,
      0.87714994,
      -0.6204457
    ]
  },
  {
    "timeStamp": 19421,
    "rotation": [
      [
        0.694318354,
        -0.6740515,
        0.252143949
      ],
      [
        -0.308148921,
        0.03816852,
        0.950572133
      ],
      [
        -0.650358558,
        -0.7376976,
        -0.18120715
      ]
    ],
    "translation": [
      1.61819828,
      0.893125534,
      -0.5979378
    ]
  },
  {
    "timeStamp": 19476,
    "rotation": [
      [
        0.567364335,
        -0.793168247,
        0.221318558
      ],
      [
        -0.320729822,
        0.0346902,
        0.9465352
      ],
      [
        -0.758439243,
        -0.6080138,
        -0.2347107
      ]
    ],
    "translation": [
      1.71453083,
      0.9101788,
      -0.5735707
    ]
  },
  {
    "timeStamp": 19521,
    "rotation": [
      [
        0.463161647,
        -0.8691244,
        0.17350544
      ],
      [
        -0.3326157,
        0.0110001536,
        0.9429983
      ],
      [
        -0.8214914,
        -0.494471282,
        -0.283989578
      ]
    ],
    "translation": [
      1.79567456,
      0.925155044,
      -0.561046243
    ]
  },
  {
    "timeStamp": 19576,
    "rotation": [
      [
        0.323015571,
        -0.9400064,
        0.109767474
      ],
      [
        -0.341454178,
        -0.00758302724,
        0.939867854
      ],
      [
        -0.8826494,
        -0.3410725,
        -0.323418558
      ]
    ],
    "translation": [
      1.90066469,
      0.940168738,
      -0.5541759
    ]
  },
  {
    "timeStamp": 19621,
    "rotation": [
      [
        0.217602119,
        -0.9744712,
        0.05527296
      ],
      [
        -0.340414077,
        -0.0226976015,
        0.9400016
      ],
      [
        -0.91475,
        -0.223362043,
        -0.3366628
      ]
    ],
    "translation": [
      1.97917569,
      0.9497597,
      -0.5570916
    ]
  },
  {
    "timeStamp": 19676,
    "rotation": [
      [
        0.103963852,
        -0.9944944,
        -0.0131341135
      ],
      [
        -0.344950557,
        -0.04844061,
        0.937370062
      ],
      [
        -0.9328455,
        -0.09292199,
        -0.34808746
      ]
    ],
    "translation": [
      2.0717,
      0.960925,
      -0.5659021
    ]
  },
  {
    "timeStamp": 19721,
    "rotation": [
      [
        0.0172804929,
        -0.998515069,
        -0.05166329
      ],
      [
        -0.32507214,
        -0.0544745922,
        0.944119
      ],
      [
        -0.945531368,
        0.0004794519,
        -0.3255308
      ]
    ],
    "translation": [
      2.137247,
      0.961444736,
      -0.5776371
    ]
  },
  {
    "timeStamp": 19776,
    "rotation": [
      [
        -0.0623563044,
        -0.9936589,
        -0.09356106
      ],
      [
        -0.304836452,
        -0.07030222,
        0.949806452
      ],
      [
        -0.9503612,
        0.08774725,
        -0.298519671
      ]
    ],
    "translation": [
      2.20601463,
      0.9580884,
      -0.5913466
    ]
  },
  {
    "timeStamp": 19821,
    "rotation": [
      [
        -0.101330839,
        -0.9868946,
        -0.125583068
      ],
      [
        -0.275364339,
        -0.0934780762,
        0.956784368
      ],
      [
        -0.9559846,
        0.131532863,
        -0.262283385
      ]
    ],
    "translation": [
      2.24937534,
      0.950954258,
      -0.5979941
    ]
  },
  {
    "timeStamp": 19872,
    "rotation": [
      [
        -0.0973006338,
        -0.9820068,
        -0.161849529
      ],
      [
        -0.22834675,
        -0.136256009,
        0.96399796
      ],
      [
        -0.968705535,
        0.130755424,
        -0.210980266
      ]
    ],
    "translation": [
      2.28823566,
      0.938481331,
      -0.599161267
    ]
  },
  {
    "timeStamp": 19927,
    "rotation": [
      [
        -0.0929499343,
        -0.985480547,
        -0.14208591
      ],
      [
        -0.213972032,
        -0.119598791,
        0.969490647
      ],
      [
        -0.97240746,
        0.120516494,
        -0.199748576
      ]
    ],
    "translation": [
      2.308209,
      0.923612833,
      -0.591671169
    ]
  },
  {
    "timeStamp": 19971,
    "rotation": [
      [
        -0.0777793154,
        -0.985146344,
        -0.153091744
      ],
      [
        -0.19076395,
        -0.1360136,
        0.9721674
      ],
      [
        -0.978549659,
        0.1048189,
        -0.177351356
      ]
    ],
    "translation": [
      2.322409,
      0.9124818,
      -0.58366555
    ]
  },
  {
    "timeStamp": 20027,
    "rotation": [
      [
        -0.0823837,
        -0.9912819,
        -0.1028252
      ],
      [
        -0.169726282,
        -0.08771317,
        0.98158
      ],
      [
        -0.9820417,
        0.09831836,
        -0.161020473
      ]
    ],
    "translation": [
      2.3281095,
      0.8936937,
      -0.5736539
    ]
  },
  {
    "timeStamp": 20071,
    "rotation": [
      [
        -0.06682596,
        -0.991331756,
        -0.11311803
      ],
      [
        -0.156511039,
        -0.101553135,
        0.9824415
      ],
      [
        -0.9854129,
        0.0833568051,
        -0.148367971
      ]
    ],
    "translation": [
      2.33451962,
      0.886339962,
      -0.563966334
    ]
  },
  {
    "timeStamp": 20127,
    "rotation": [
      [
        -0.0545379929,
        -0.993896,
        -0.09589783
      ],
      [
        -0.13338457,
        -0.08792832,
        0.9871561
      ],
      [
        -0.989562631,
        0.0666288137,
        -0.127774954
      ]
    ],
    "translation": [
      2.33433175,
      0.873990238,
      -0.5547036
    ]
  },
  {
    "timeStamp": 20171,
    "rotation": [
      [
        -0.0472271442,
        -0.9941452,
        -0.09718455
      ],
      [
        -0.121673644,
        -0.0908431858,
        0.9884043
      ],
      [
        -0.991445959,
        0.0585043244,
        -0.116671011
      ]
    ],
    "translation": [
      2.335829,
      0.86861825,
      -0.5479571
    ]
  },
  {
    "timeStamp": 20227,
    "rotation": [
      [
        -0.0383877978,
        -0.9940222,
        -0.102207243
      ],
      [
        -0.11100027,
        -0.0974077955,
        0.9890352
      ],
      [
        -0.9930787,
        0.0493119434,
        -0.106597461
      ]
    ],
    "translation": [
      2.33708119,
      0.8638936,
      -0.540311456
    ]
  },
  {
    "timeStamp": 20272,
    "rotation": [
      [
        -0.03468538,
        -0.9947467,
        -0.09631178
      ],
      [
        -0.101924293,
        -0.09234633,
        0.990496635
      ],
      [
        -0.9941873,
        0.04417227,
        -0.09818578
      ]
    ],
    "translation": [
      2.33782148,
      0.859640837,
      -0.5350459
    ]
  },
  {
    "timeStamp": 20318,
    "rotation": [
      [
        -0.02595989,
        -0.9945939,
        -0.100543864
      ],
      [
        -0.08329523,
        -0.09807591,
        0.99168694
      ],
      [
        -0.996186733,
        0.034118928,
        -0.08029889
      ]
    ],
    "translation": [
      2.33882833,
      0.8552842,
      -0.5316696
    ]
  }
]