[
  {
    "timeStamp": 47641,
    "rotation": [
      [
        0.9957046,
        -0.09130594,
        -0.0153471641
      ],
      [
        0.009229171,
        -0.0670541152,
        0.997706652
      ],
      [
        -0.09212564,
        -0.993562758,
        -0.0659234151
      ]
    ],
    "translation": [
      1.14941168,
      0.700829566,
      -0.7693605
    ]
  },
  {
    "timeStamp": 47697,
    "rotation": [
      [
        0.9862469,
        -0.1644351,
        0.0166777838
      ],
      [
        -0.0282449331,
        -0.06825953,
        0.9972677
      ],
      [
        -0.162847415,
        -0.9840233,
        -0.07196521
      ]
    ],
    "translation": [
      1.14727867,
      0.7047781,
      -0.7619607
    ]
  },
  {
    "timeStamp": 47741,
    "rotation": [
      [
        0.979873538,
        -0.192749247,
        0.0519184619
      ],
      [
        -0.0589255132,
        -0.0307963584,
        0.997787237
      ],
      [
        -0.190723851,
        -0.9807646,
        -0.0415343866
      ]
    ],
    "translation": [
      1.15003717,
      0.715486646,
      -0.7627043
    ]
  },
  {
    "timeStamp": 47796,
    "rotation": [
      [
        0.9655178,
        -0.231919363,
        0.118273474
      ],
      [
        -0.121806033,
        -0.000919099955,
        0.9925535
      ],
      [
        -0.230083659,
        -0.9727346,
        -0.0291365869
      ]
    ],
    "translation": [
      1.15902793,
      0.739343762,
      -0.761628449
    ]
  },
  {
    "timeStamp": 47841,
    "rotation": [
      [
        0.9508813,
        -0.260888577,
        0.166618779
      ],
      [
        -0.162454113,
        0.0376076028,
        0.985999167
      ],
      [
        -0.263502032,
        -0.9646361,
        -0.00662205555
      ]
    ],
    "translation": [
      1.1758076,
      0.759493649,
      -0.76181215
    ]
  },
  {
    "timeStamp": 47897,
    "rotation": [
      [
        0.929377258,
        -0.2990165,
        0.2164417
      ],
      [
        -0.19928962,
        0.0871030241,
        0.9760618
      ],
      [
        -0.310711324,
        -0.9502643,
        0.021360686
      ]
    ],
    "translation": [
      1.20598817,
      0.7832822,
      -0.7616455
    ]
  },
  {
    "timeStamp": 47941,
    "rotation": [
      [
        0.9091603,
        -0.334831625,
        0.2476192
      ],
      [
        -0.218426853,
        0.122845836,
        0.9680902
      ],
      [
        -0.3545662,
        -0.9342359,
        0.0385503471
      ]
    ],
    "translation": [
      1.23724818,
      0.7996011,
      -0.758602262
    ]
  },
  {
    "timeStamp": 47997,
    "rotation": [
      [
        0.870762169,
        -0.403544426,
        0.280936122
      ],
      [
        -0.236813411,
        0.156539336,
        0.958861232
      ],
      [
        -0.430920631,
        -0.9014695,
        0.04074381
      ]
    ],
    "translation": [
      1.28365171,
      0.8193986,
      -0.7481237
    ]
  },
  {
    "timeStamp": 48041,
    "rotation": [
      [
        0.831929743,
        -0.466867983,
        0.299878478
      ],
      [
        -0.255852938,
        0.1568036,
        0.953914
      ],
      [
        -0.492373943,
        -0.87031424,
        0.01100002
      ]
    ],
    "translation": [
      1.32676029,
      0.834435046,
      -0.7343339
    ]
  },
  {
    "timeStamp": 48097,
    "rotation": [
      [
        0.7540613,
        -0.5783678,
        0.31125918
      ],
      [
        -0.28067258,
        0.1446983,
        0.948833644
      ],
      [
        -0.593813539,
        -0.8028406,
        -0.0532206073
      ]
    ],
    "translation": [
      1.38970971,
      0.853654861,
      -0.7081053
    ]
  },
  {
    "timeStamp": 48141,
    "rotation": [
      [
        0.6528474,
        -0.6945197,
        0.3023784
      ],
      [
        -0.300620526,
        0.128849149,
        0.9450001
      ],
      [
        -0.6952824,
        -0.707842,
        -0.124668047
      ]
    ],
    "translation": [
      1.45134342,
      0.87018013,
      -0.683041036
    ]
  },
  {
    "timeStamp": 48197,
    "rotation": [
      [
        0.494679242,
        -0.826394856,
        0.269005567
      ],
      [
        -0.336537778,
        0.103230879,
        0.9359945
      ],
      [
        -0.8012707,
        -0.553547561,
        -0.227046937
      ]
    ],
    "translation": [
      1.53974164,
      0.893668056,
      -0.6526706
    ]
  },
  {
    "timeStamp": 48241,
    "rotation": [
      [
        0.3567289,
        -0.9100483,
        0.211084247
      ],
      [
        -0.375920981,
        0.06701568,
        0.9242253
      ],
      [
        -0.8552356,
        -0.409048855,
        -0.318199843
      ]
    ],
    "translation": [
      1.61692953,
      0.915248752,
      -0.637849152
    ]
  },
  {
    "timeStamp": 48297,
    "rotation": [
      [
        0.170088932,
        -0.9798456,
        0.104749031
      ],
      [
        -0.426682055,
        0.0225869864,
        0.9041196
      ],
      [
        -0.8882635,
        -0.198475271,
        -0.414240718
      ]
    ],
    "translation": [
      1.72242129,
      0.9418525,
      -0.629125237
    ]
  },
  {
    "timeStamp": 48341,
    "rotation": [
      [
        0.0288212933,
        -0.9995586,
        0.00720958272
      ],
      [
        -0.4655443,
        -0.00704024034,
        0.8849966
      ],
      [
        -0.8845552,
        -0.0288631264,
        -0.46554172
      ]
    ],
    "translation": [
      1.80399668,
      0.9608948,
      -0.63640815
    ]
  },
  {
    "timeStamp": 48396,
    "rotation": [
      [
        -0.116173863,
        -0.9868802,
        -0.112121351
      ],
      [
        -0.499262065,
        -0.0395642,
        0.86554724
      ],
      [
        -0.8586274,
        0.156531915,
        -0.4881155
      ]
    ],
    "translation": [
      1.89990222,
      0.978370368,
      -0.656619132
    ]
  },
  {
    "timeStamp": 48441,
    "rotation": [
      [
        -0.205403969,
        -0.9581478,
        -0.199403957
      ],
      [
        -0.5055709,
        -0.07057363,
        0.859893858
      ],
      [
        -0.8379781,
        0.277438432,
        -0.469915569
      ]
    ],
    "translation": [
      1.966259,
      0.9829938,
      -0.6791232
    ]
  },
  {
    "timeStamp": 48496,
    "rotation": [
      [
        -0.307155281,
        -0.9114289,
        -0.273775339
      ],
      [
        -0.491338968,
        -0.09449425,
        0.865827262
      ],
      [
        -0.8150102,
        0.400459915,
        -0.418796122
      ]
    ],
    "translation": [
      2.040492,
      0.9773145,
      -0.711038
    ]
  },
  {
    "timeStamp": 48541,
    "rotation": [
      [
        -0.3646291,
        -0.884269,
        -0.29174298
      ],
      [
        -0.444957763,
        -0.109759159,
        0.8888
      ],
      [
        -0.8179598,
        0.453895658,
        -0.35344097
      ]
    ],
    "translation": [
      2.08594227,
      0.9623332,
      -0.732843757
    ]
  },
  {
    "timeStamp": 48603,
    "rotation": [
      [
        -0.407715142,
        -0.8609842,
        -0.30409646
      ],
      [
        -0.384203464,
        -0.140359774,
        0.9125168
      ],
      [
        -0.8283454,
        0.4888818,
        -0.2735663
      ]
    ],
    "translation": [
      2.130548,
      0.9359598,
      -0.7573893
    ]
  },
  {
    "timeStamp": 48647,
    "rotation": [
      [
        -0.440699935,
        -0.8561192,
        -0.269895375
      ],
      [
        -0.2775492,
        -0.155977622,
        0.9479649
      ],
      [
        -0.8536686,
        0.492677271,
        -0.168875873
      ]
    ],
    "translation": [
      2.16083574,
      0.900411367,
      -0.7780526
    ]
  },
  {
    "timeStamp": 48691,
    "rotation": [
      [
        -0.429840773,
        -0.8697418,
        -0.242458448
      ],
      [
        -0.2381412,
        -0.149816632,
        0.959606051
      ],
      [
        -0.8709338,
        0.470217139,
        -0.142724067
      ]
    ],
    "translation": [
      2.17456651,
      0.8775821,
      -0.7823675
    ]
  },
  {
    "timeStamp": 48747,
    "rotation": [
      [
        -0.395110577,
        -0.8856199,
        -0.2440595
      ],
      [
        -0.178660139,
        -0.186522335,
        0.966069341
      ],
      [
        -0.901092768,
        0.42530793,
        -0.0845280141
      ]
    ],
    "translation": [
      2.18656969,
      0.8497617,
      -0.7870872
    ]
  },
  {
    "timeStamp": 48791,
    "rotation": [
      [
        -0.391413063,
        -0.8964219,
        -0.20790258
      ],
      [
        -0.151071191,
        -0.1602663,
        0.9754446
      ],
      [
        -0.907729745,
        0.413209856,
        -0.0726932138
      ]
    ],
    "translation": [
      2.1905992,
      0.8295506,
      -0.786379158
    ]
  },
  {
    "timeStamp": 48847,
    "rotation": [
      [
        -0.377195328,
        -0.8953838,
        -0.236667588
      ],
      [
        -0.121609658,
        -0.205446392,
        0.971083343
      ],
      [
        -0.9181148,
        0.395069182,
        -0.03139389
      ]
    ],
    "translation": [
      2.19991636,
      0.80822587,
      -0.789469838
    ]
  },
  {
    "timeStamp": 48891,
    "rotation": [
      [
        -0.3847754,
        -0.89981246,
        -0.205634058
      ],
      [
        -0.08007285,
        -0.189405367,
        0.9786286
      ],
      [
        -0.919530451,
        0.393017918,
        0.0008279745
      ]
    ],
    "translation": [
      2.201452,
      0.7886811,
      -0.792280257
    ]
  },
  {
    "timeStamp": 48947,
    "rotation": [
      [
        -0.391444743,
        -0.9043976,
        -0.169811517
      ],
      [
        -0.0470159538,
        -0.164639652,
        0.9852326
      ],
      [
        -0.918999732,
        0.393647969,
        0.0219262075
      ]
    ],
    "translation": [
      2.20029831,
      0.768200636,
      -0.7964469
    ]
  },
  {
    "timeStamp": 48992,
    "rotation": [
      [
        -0.41143176,
        -0.89028883,
        -0.195217237
      ],
      [
        -0.02662466,
        -0.2023543,
        0.9789504
      ],
      [
        -0.911051631,
        0.407968849,
        0.059551347
      ]
    ],
    "translation": [
      2.20608544,
      0.7565291,
      -0.802248538
    ]
  }
]