[
  {
    "timeStamp": 45154,
    "rotation": [
      [
        -0.114727676,
        -0.480424076,
        -0.8695
      ],
      [
        -0.741490543,
        -0.541063,
        0.396790326
      ],
      [
        -0.6610819,
        0.6902489,
        -0.294155031
      ]
    ],
    "translation": [
      1.46975088,
      0.715258956,
      -0.424435765
    ]
  },
  {
    "timeStamp": 45198,
    "rotation": [
      [
        -0.11849726,
        -0.5015371,
        -0.85698247
      ],
      [
        -0.748553038,
        -0.5219378,
        0.408961266
      ],
      [
        -0.6524008,
        0.6899576,
        -0.3135789
      ]
    ],
    "translation": [
      1.46986246,
      0.71855545,
      -0.4243743
    ]
  },
  {
    "timeStamp": 45254,
    "rotation": [
      [
        -0.179203868,
        -0.5244328,
        -0.8323799
      ],
      [
        -0.760566235,
        -0.4628225,
        0.4553398
      ],
      [
        -0.6240393,
        0.7146787,
        -0.315926284
      ]
    ],
    "translation": [
      1.47363889,
      0.737676442,
      -0.43059814
    ]
  },
  {
    "timeStamp": 45298,
    "rotation": [
      [
        -0.266200244,
        -0.553216,
        -0.789360166
      ],
      [
        -0.757415533,
        -0.386463732,
        0.526277
      ],
      [
        -0.5962039,
        0.737968743,
        -0.316137642
      ]
    ],
    "translation": [
      1.48045683,
      0.769143641,
      -0.439683348
    ]
  },
  {
    "timeStamp": 45353,
    "rotation": [
      [
        -0.349566221,
        -0.5916019,
        -0.726505756
      ],
      [
        -0.759984434,
        -0.274442226,
        0.58915627
      ],
      [
        -0.5479298,
        0.7580822,
        -0.3536725
      ]
    ],
    "translation": [
      1.4996686,
      0.817903757,
      -0.4589275
    ]
  },
  {
    "timeStamp": 45398,
    "rotation": [
      [
        -0.4180489,
        -0.604956746,
        -0.6776891
      ],
      [
        -0.748818755,
        -0.192864776,
        0.634092748
      ],
      [
        -0.514301,
        0.7725481,
        -0.372376084
      ]
    ],
    "translation": [
      1.52606893,
      0.85674727,
      -0.480390251
    ]
  },
  {
    "timeStamp": 45454,
    "rotation": [
      [
        -0.4898627,
        -0.597563863,
        -0.634785
      ],
      [
        -0.732919633,
        -0.112006105,
        0.671031654
      ],
      [
        -0.472084045,
        0.793959737,
        -0.3830987
      ]
    ],
    "translation": [
      1.57244492,
      0.8999429,
      -0.509041667
    ]
  },
  {
    "timeStamp": 45498,
    "rotation": [
      [
        -0.5476046,
        -0.5735965,
        -0.609193146
      ],
      [
        -0.7112367,
        -0.06442687,
        0.699993968
      ],
      [
        -0.44076246,
        0.816600442,
        -0.3726824
      ]
    ],
    "translation": [
      1.61648166,
      0.927137256,
      -0.5314587
    ]
  },
  {
    "timeStamp": 45553,
    "rotation": [
      [
        -0.597829759,
        -0.528113663,
        -0.6030718
      ],
      [
        -0.6984369,
        -0.02607119,
        0.7151966
      ],
      [
        -0.3934279,
        0.8487734,
        -0.353267938
      ]
    ],
    "translation": [
      1.67894673,
      0.952946544,
      -0.5565461
    ]
  },
  {
    "timeStamp": 45598,
    "rotation": [
      [
        -0.6328399,
        -0.4675648,
        -0.6171684
      ],
      [
        -0.698001444,
        -0.0004892563,
        0.716096163
      ],
      [
        -0.3351233,
        0.8839587,
        -0.3260513
      ]
    ],
    "translation": [
      1.73482633,
      0.9689366,
      -0.5720378
    ]
  },
  {
    "timeStamp": 45653,
    "rotation": [
      [
        -0.6566731,
        -0.372951478,
        -0.6555057
      ],
      [
        -0.712729156,
        0.0227209385,
        0.701071262
      ],
      [
        -0.246571854,
        0.927572668,
        -0.2807336
      ]
    ],
    "translation": [
      1.809433,
      0.98464787,
      -0.587346852
    ]
  },
  {
    "timeStamp": 45698,
    "rotation": [
      [
        -0.6666668,
        -0.270160317,
        -0.6946717
      ],
      [
        -0.7301703,
        0.0495438054,
        0.6814666
      ],
      [
        -0.149688542,
        0.9615398,
        -0.230292246
      ]
    ],
    "translation": [
      1.875766,
      0.995789945,
      -0.597290337
    ]
  },
  {
    "timeStamp": 45753,
    "rotation": [
      [
        -0.6311352,
        -0.145114064,
        -0.761977851
      ],
      [
        -0.774594843,
        0.06613654,
        0.628990352
      ],
      [
        -0.0408807769,
        0.987202048,
        -0.1541457
      ]
    ],
    "translation": [
      1.95980787,
      1.00288045,
      -0.610806
    ]
  },
  {
    "timeStamp": 45798,
    "rotation": [
      [
        -0.596489549,
        -0.0373689681,
        -0.8017505
      ],
      [
        -0.8022199,
        0.05932778,
        0.5940736
      ],
      [
        0.02536616,
        0.9975389,
        -0.06536653
      ]
    ],
    "translation": [
      2.02662539,
      1.000297,
      -0.624821544
    ]
  },
  {
    "timeStamp": 45854,
    "rotation": [
      [
        -0.557777464,
        0.08757955,
        -0.82535696
      ],
      [
        -0.828979,
        -0.009704358,
        0.5591955
      ],
      [
        0.0409645326,
        0.99611026,
        0.07801448
      ]
    ],
    "translation": [
      2.102934,
      0.9792156,
      -0.6478312
    ]
  },
  {
    "timeStamp": 45898,
    "rotation": [
      [
        -0.543109834,
        0.194191933,
        -0.816897333
      ],
      [
        -0.838856637,
        -0.08289342,
        0.538004
      ],
      [
        0.0367606245,
        0.97745496,
        0.207919419
      ]
    ],
    "translation": [
      2.15749454,
      0.9549955,
      -0.6713428
    ]
  },
  {
    "timeStamp": 45959,
    "rotation": [
      [
        -0.5221369,
        0.277739823,
        -0.8063706
      ],
      [
        -0.8523121,
        -0.2038636,
        0.4816676
      ],
      [
        -0.03061135,
        0.9387759,
        0.343165725
      ]
    ],
    "translation": [
      2.20950532,
      0.9117281,
      -0.7006542
    ]
  },
  {
    "timeStamp": 46004,
    "rotation": [
      [
        -0.567424655,
        0.370766461,
        -0.735228837
      ],
      [
        -0.823122859,
        -0.2795993,
        0.494259953
      ],
      [
        -0.0223144721,
        0.885639,
        0.463837922
      ]
    ],
    "translation": [
      2.24844456,
      0.866791248,
      -0.7235903
    ]
  },
  {
    "timeStamp": 46048,
    "rotation": [
      [
        -0.577652,
        0.380405068,
        -0.722225845
      ],
      [
        -0.8126135,
        -0.351789236,
        0.464654356
      ],
      [
        -0.0773144141,
        0.855299,
        0.512334049
      ]
    ],
    "translation": [
      2.26490951,
      0.833886,
      -0.732674539
    ]
  },
  {
    "timeStamp": 46104,
    "rotation": [
      [
        -0.504952431,
        0.38835746,
        -0.770844638
      ],
      [
        -0.853139162,
        -0.3601617,
        0.377408355
      ],
      [
        -0.131059378,
        0.848211,
        0.513187468
      ]
    ],
    "translation": [
      2.27997565,
      0.8120857,
      -0.732854843
    ]
  },
  {
    "timeStamp": 46148,
    "rotation": [
      [
        -0.534915864,
        0.376764,
        -0.7562499
      ],
      [
        -0.830714047,
        -0.3978861,
        0.3893594
      ],
      [
        -0.1542047,
        0.836501956,
        0.525818765
      ]
    ],
    "translation": [
      2.28223777,
      0.790352166,
      -0.733134449
    ]
  },
  {
    "timeStamp": 46203,
    "rotation": [
      [
        -0.4549838,
        0.373144865,
        -0.808549762
      ],
      [
        -0.8668711,
        -0.3933658,
        0.306264281
      ],
      [
        -0.203774869,
        0.8402537,
        0.5024436
      ]
    ],
    "translation": [
      2.28863049,
      0.781646967,
      -0.7268978
    ]
  },
  {
    "timeStamp": 46248,
    "rotation": [
      [
        -0.458350956,
        0.372428328,
        -0.806976736
      ],
      [
        -0.861403465,
        -0.409736365,
        0.300166845
      ],
      [
        -0.2188571,
        0.8327143,
        0.5086141
      ]
    ],
    "translation": [
      2.2889092,
      0.7719436,
      -0.724775732
    ]
  }
]