[
  {
    "timeStamp": 64966,
    "rotation": [
      [
        0.8319096,
        0.5237921,
        -0.183216676
      ],
      [
        -0.5501507,
        0.735364,
        -0.395694345
      ],
      [
        -0.07253062,
        0.4299787,
        0.89992094
      ]
    ],
    "translation": [
      1.17065918,
      0.728569865,
      -0.5259043
    ]
  },
  {
    "timeStamp": 65011,
    "rotation": [
      [
        0.8225317,
        0.539264143,
        -0.180653885
      ],
      [
        -0.565010965,
        0.738629758,
        -0.367680162
      ],
      [
        -0.0648404062,
        0.4045,
        0.9122366
      ]
    ],
    "translation": [
      1.16914368,
      0.733989239,
      -0.5244746
    ]
  },
  {
    "timeStamp": 65067,
    "rotation": [
      [
        0.7854823,
        0.5882099,
        -0.19242321
      ],
      [
        -0.61692965,
        0.7195022,
        -0.31892702
      ],
      [
        -0.0491471179,
        0.369223118,
        0.9280403
      ]
    ],
    "translation": [
      1.17069149,
      0.7565122,
      -0.5263487
    ]
  },
  {
    "timeStamp": 65111,
    "rotation": [
      [
        0.7494197,
        0.6291068,
        -0.206385061
      ],
      [
        -0.6615791,
        0.6992189,
        -0.270935327
      ],
      [
        -0.0261389036,
        0.339584321,
        0.940212369
      ]
    ],
    "translation": [
      1.179721,
      0.7804994,
      -0.534788251
    ]
  },
  {
    "timeStamp": 65167,
    "rotation": [
      [
        0.7083241,
        0.672051,
        -0.2159269
      ],
      [
        -0.705349,
        0.6619123,
        -0.253682435
      ],
      [
        -0.0275628511,
        0.331993222,
        0.942878962
      ]
    ],
    "translation": [
      1.20183325,
      0.8065365,
      -0.5545586
    ]
  },
  {
    "timeStamp": 65211,
    "rotation": [
      [
        0.697197139,
        0.681911647,
        -0.221161917
      ],
      [
        -0.7164312,
        0.6518671,
        -0.248587191
      ],
      [
        -0.02534633,
        0.331761569,
        0.943022668
      ]
    ],
    "translation": [
      1.22885728,
      0.819891334,
      -0.575431347
    ]
  },
  {
    "timeStamp": 65266,
    "rotation": [
      [
        0.6992688,
        0.6805851,
        -0.218693972
      ],
      [
        -0.7138158,
        0.648251534,
        -0.265022546
      ],
      [
        -0.0386016965,
        0.3414292,
        0.9391145
      ]
    ],
    "translation": [
      1.27046418,
      0.8272494,
      -0.6057838
    ]
  },
  {
    "timeStamp": 65311,
    "rotation": [
      [
        0.7041502,
        0.680510461,
        -0.202677131
      ],
      [
        -0.704230547,
        0.6328498,
        -0.321808279
      ],
      [
        -0.09072973,
        0.3693328,
        0.924857557
      ]
    ],
    "translation": [
      1.31102347,
      0.8256358,
      -0.6315881
    ]
  },
  {
    "timeStamp": 65366,
    "rotation": [
      [
        0.720535,
        0.6808521,
        -0.1314145
      ],
      [
        -0.6781964,
        0.652454257,
        -0.338161349
      ],
      [
        -0.144495919,
        0.3327819,
        0.93186754
      ]
    ],
    "translation": [
      1.3719703,
      0.8239144,
      -0.658019245
    ]
  },
  {
    "timeStamp": 65411,
    "rotation": [
      [
        0.7155721,
        0.696425557,
        -0.05429618
      ],
      [
        -0.6645399,
        0.65473026,
        -0.360159665
      ],
      [
        -0.215275049,
        0.2938022,
        0.9313093
      ]
    ],
    "translation": [
      1.42520583,
      0.825784,
      -0.6747735
    ]
  },
  {
    "timeStamp": 65466,
    "rotation": [
      [
        0.705882967,
        0.7033319,
        0.08398523
      ],
      [
        -0.6369052,
        0.682115257,
        -0.3592639
      ],
      [
        -0.309969366,
        0.200107634,
        0.92944926
      ]
    ],
    "translation": [
      1.498502,
      0.831410348,
      -0.68955934
    ]
  },
  {
    "timeStamp": 65511,
    "rotation": [
      [
        0.6713675,
        0.716093659,
        0.190985575
      ],
      [
        -0.630006135,
        0.6871548,
        -0.361815453
      ],
      [
        -0.3903304,
        0.122589052,
        0.912476838
      ]
    ],
    "translation": [
      1.55928266,
      0.8417633,
      -0.699683
    ]
  },
  {
    "timeStamp": 65566,
    "rotation": [
      [
        0.6257133,
        0.7060125,
        0.3317064
      ],
      [
        -0.633491933,
        0.708042741,
        -0.31203115
      ],
      [
        -0.45516023,
        -0.0148912957,
        0.890285
      ]
    ],
    "translation": [
      1.63906145,
      0.863972843,
      -0.7075239
    ]
  },
  {
    "timeStamp": 65611,
    "rotation": [
      [
        0.570284367,
        0.6833538,
        0.4558546
      ],
      [
        -0.6483053,
        0.715211034,
        -0.261100382
      ],
      [
        -0.5044562,
        -0.1466315,
        0.8508955
      ]
    ],
    "translation": [
      1.70690608,
      0.8872299,
      -0.7120178
    ]
  },
  {
    "timeStamp": 65666,
    "rotation": [
      [
        0.521680057,
        0.606017,
        0.6004942
      ],
      [
        -0.665151656,
        0.729683161,
        -0.158542737
      ],
      [
        -0.5342501,
        -0.316711128,
        0.783754349
      ]
    ],
    "translation": [
      1.795419,
      0.9204885,
      -0.719038665
    ]
  },
  {
    "timeStamp": 65711,
    "rotation": [
      [
        0.491406173,
        0.516984642,
        0.70089
      ],
      [
        -0.6748292,
        0.734757066,
        -0.06883088
      ],
      [
        -0.5505684,
        -0.439157128,
        0.709940434
      ]
    ],
    "translation": [
      1.86623907,
      0.9466493,
      -0.726493537
    ]
  },
  {
    "timeStamp": 65767,
    "rotation": [
      [
        0.482412666,
        0.3779424,
        0.790213645
      ],
      [
        -0.655463934,
        0.7541963,
        0.0394340456
      ],
      [
        -0.5810724,
        -0.536980033,
        0.6115614
      ]
    ],
    "translation": [
      1.95208156,
      0.970454454,
      -0.738511443
    ]
  },
  {
    "timeStamp": 65811,
    "rotation": [
      [
        0.466514051,
        0.286026984,
        0.8369906
      ],
      [
        -0.629385,
        0.772218466,
        0.0869085342
      ],
      [
        -0.6214814,
        -0.567333341,
        0.5402719
      ]
    ],
    "translation": [
      2.01175737,
      0.9773813,
      -0.748237967
    ]
  },
  {
    "timeStamp": 65863,
    "rotation": [
      [
        0.441975862,
        0.219366178,
        0.8697907
      ],
      [
        -0.581738651,
        0.808181345,
        0.09177704
      ],
      [
        -0.6828158,
        -0.5465541,
        0.484810442
      ]
    ],
    "translation": [
      2.06425476,
      0.9708657,
      -0.757461965
    ]
  },
  {
    "timeStamp": 65917,
    "rotation": [
      [
        0.421915352,
        0.14501822,
        0.8949621
      ],
      [
        -0.498090476,
        0.861887932,
        0.095157735
      ],
      [
        -0.757557452,
        -0.485920638,
        0.435875952
      ]
    ],
    "translation": [
      2.12638044,
      0.9509563,
      -0.769093454
    ]
  },
  {
    "timeStamp": 65961,
    "rotation": [
      [
        0.406768978,
        0.150296614,
        0.901082635
      ],
      [
        -0.475065231,
        0.877309561,
        0.06812377
      ],
      [
        -0.7802897,
        -0.4557837,
        0.428263
      ]
    ],
    "translation": [
      2.15234613,
      0.934119344,
      -0.7738879
    ]
  },
  {
    "timeStamp": 66017,
    "rotation": [
      [
        0.3864802,
        0.141844288,
        0.911325
      ],
      [
        -0.4100156,
        0.9115167,
        0.0320077725
      ],
      [
        -0.8261478,
        -0.386027843,
        0.410441548
      ]
    ],
    "translation": [
      2.176256,
      0.9063155,
      -0.782817
    ]
  },
  {
    "timeStamp": 66061,
    "rotation": [
      [
        0.351229072,
        0.169784576,
        0.9207668
      ],
      [
        -0.3968958,
        0.9176907,
        -0.0178203434
      ],
      [
        -0.8480047,
        -0.359189421,
        0.3897064
      ]
    ],
    "translation": [
      2.186593,
      0.8862963,
      -0.787009835
    ]
  },
  {
    "timeStamp": 66117,
    "rotation": [
      [
        0.348173618,
        0.125944,
        0.928931236
      ],
      [
        -0.345178843,
        0.9385345,
        0.00213080877
      ],
      [
        -0.87156564,
        -0.3213893,
        0.370246172
      ]
    ],
    "translation": [
      2.199235,
      0.867645562,
      -0.7919486
    ]
  }
]