[
  {
    "timeStamp": 4246,
    "rotation": [
      [
        -0.00165032072,
        0.9999973,
        -0.001619348
      ],
      [
        0.0,
        0.00161935017,
        0.9999987
      ],
      [
        0.9999986,
        0.0016503185,
        -2.67244718E-06
      ]
    ],
    "translation": [
      1.77000093,
      0.7048222,
      -0.7500049
    ]
  },
  {
    "timeStamp": 4302,
    "rotation": [
      [
        0.0269075464,
        0.9996378,
        -0.000488116377
      ],
      [
        0.0,
        0.0004882932,
        0.9999999
      ],
      [
        0.9996379,
        -0.0269075427,
        1.31387715E-05
      ]
    ],
    "translation": [
      1.76910746,
      0.7048296,
      -0.746792436
    ]
  },
  {
    "timeStamp": 4347,
    "rotation": [
      [
        0.0308118816,
        0.9994962,
        0.007611232
      ],
      [
        -0.0138124228,
        -0.007188344,
        0.999878764
      ],
      [
        0.999429762,
        -0.0309132766,
        0.0135839777
      ]
    ],
    "translation": [
      1.76851916,
      0.7062567,
      -0.7487835
    ]
  },
  {
    "timeStamp": 4392,
    "rotation": [
      [
        0.0298101362,
        0.9991133,
        0.0297290534
      ],
      [
        -0.0121523514,
        -0.0293778069,
        0.9994945
      ],
      [
        0.9994817,
        -0.0301563535,
        0.0112658208
      ]
    ],
    "translation": [
      1.76401448,
      0.7075329,
      -0.748601437
    ]
  },
  {
    "timeStamp": 4448,
    "rotation": [
      [
        0.03458736,
        0.9983661,
        0.0454840437
      ],
      [
        -0.01927491,
        -0.04483643,
        0.9988084
      ],
      [
        0.9992158,
        -0.03542284,
        0.017692646
      ]
    ],
    "translation": [
      1.76235652,
      0.7155718,
      -0.750148952
    ]
  },
  {
    "timeStamp": 4492,
    "rotation": [
      [
        0.05522478,
        0.995847762,
        0.07237005
      ],
      [
        -0.0177689549,
        -0.0714889839,
        0.9972831
      ],
      [
        0.9983158,
        -0.0563606843,
        0.0137472115
      ]
    ],
    "translation": [
      1.75677013,
      0.727667451,
      -0.7485189
    ]
  },
  {
    "timeStamp": 4548,
    "rotation": [
      [
        0.09566003,
        0.988520265,
        0.116948
      ],
      [
        -0.0298545323,
        -0.114584759,
        0.992964745
      ],
      [
        0.994966269,
        -0.09847848,
        0.0185506269
      ]
    ],
    "translation": [
      1.7525419,
      0.7510023,
      -0.74829185
    ]
  },
  {
    "timeStamp": 4593,
    "rotation": [
      [
        0.13612622,
        0.9782512,
        0.156506181
      ],
      [
        -0.0234123226,
        -0.15475601,
        0.98767525
      ],
      [
        0.990414858,
        -0.138112679,
        0.0018367836
      ]
    ],
    "translation": [
      1.75004983,
      0.773305058,
      -0.7442989
    ]
  },
  {
    "timeStamp": 4648,
    "rotation": [
      [
        0.220344156,
        0.9574779,
        0.186237767
      ],
      [
        -0.0121505493,
        -0.188221335,
        0.9820515
      ],
      [
        0.9753465,
        -0.2186522,
        -0.0298395883
      ]
    ],
    "translation": [
      1.761074,
      0.800783157,
      -0.735291243
    ]
  },
  {
    "timeStamp": 4693,
    "rotation": [
      [
        0.304844856,
        0.92758435,
        0.216001987
      ],
      [
        -0.0290503185,
        -0.217635408,
        0.975597739
      ],
      [
        0.951958835,
        -0.303680867,
        -0.0393984132
      ]
    ],
    "translation": [
      1.77236772,
      0.8249277,
      -0.728334963
    ]
  },
  {
    "timeStamp": 4748,
    "rotation": [
      [
        0.415442556,
        0.8780132,
        0.237697914
      ],
      [
        -0.0519250445,
        -0.237998441,
        0.9698765
      ],
      [
        0.9081362,
        -0.415270478,
        -0.0532838032
      ]
    ],
    "translation": [
      1.80181909,
      0.851424932,
      -0.716696739
    ]
  },
  {
    "timeStamp": 4793,
    "rotation": [
      [
        0.565372,
        0.790311337,
        0.236140653
      ],
      [
        -0.0593914166,
        -0.246539831,
        0.9673111
      ],
      [
        0.822695,
        -0.560915351,
        -0.09244901
      ]
    ],
    "translation": [
      1.83423233,
      0.871692,
      -0.6984667
    ]
  },
  {
    "timeStamp": 4848,
    "rotation": [
      [
        0.712444067,
        0.670944333,
        0.205565438
      ],
      [
        -0.0403275266,
        -0.253310084,
        0.9665442
      ],
      [
        0.700569153,
        -0.696898639,
        -0.153411746
      ]
    ],
    "translation": [
      1.886702,
      0.890446365,
      -0.672708035
    ]
  },
  {
    "timeStamp": 4892,
    "rotation": [
      [
        0.818193436,
        0.5433378,
        0.187998742
      ],
      [
        -0.0594381578,
        -0.245298833,
        0.967623651
      ],
      [
        0.5718624,
        -0.8028776,
        -0.168406889
      ]
    ],
    "translation": [
      1.93370414,
      0.9024585,
      -0.6580592
    ]
  },
  {
    "timeStamp": 4947,
    "rotation": [
      [
        0.90269196,
        0.407044441,
        0.139506727
      ],
      [
        -0.0450218171,
        -0.233089417,
        0.971412539
      ],
      [
        0.427925617,
        -0.883167148,
        -0.192082062
      ]
    ],
    "translation": [
      1.99025965,
      0.9074802,
      -0.6450867
    ]
  },
  {
    "timeStamp": 4993,
    "rotation": [
      [
        0.941720068,
        0.32415393,
        0.08993089
      ],
      [
        -0.0204428658,
        -0.211695656,
        0.97712183
      ],
      [
        0.335775852,
        -0.9220137,
        -0.192731425
      ]
    ],
    "translation": [
      2.03449726,
      0.9043269,
      -0.6403041
    ]
  },
  {
    "timeStamp": 5043,
    "rotation": [
      [
        0.968165457,
        0.215164453,
        0.127905637
      ],
      [
        -0.0850800648,
        -0.197693214,
        0.976564765
      ],
      [
        0.235408112,
        -0.9563585,
        -0.173093542
      ]
    ],
    "translation": [
      2.04823065,
      0.9031713,
      -0.640923738
    ]
  },
  {
    "timeStamp": 5098,
    "rotation": [
      [
        0.978947937,
        0.0364964642,
        0.20082064
      ],
      [
        -0.193904012,
        -0.140934959,
        0.970844269
      ],
      [
        0.06373502,
        -0.9893459,
        -0.130891189
      ]
    ],
    "translation": [
      2.05978632,
      0.8985342,
      -0.641288459
    ]
  },
  {
    "timeStamp": 5143,
    "rotation": [
      [
        0.967246,
        -0.0540643521,
        0.2480165
      ],
      [
        -0.250518054,
        -0.0457418747,
        0.9670307
      ],
      [
        -0.040937148,
        -0.9974892,
        -0.0577877425
      ]
    ],
    "translation": [
      2.06156135,
      0.890471041,
      -0.6556426
    ]
  },
  {
    "timeStamp": 5198,
    "rotation": [
      [
        0.947069645,
        -0.06875709,
        0.313578635
      ],
      [
        -0.315939248,
        -0.02639262,
        0.94841224
      ],
      [
        -0.0569339,
        -0.997284234,
        -0.0467187129
      ]
    ],
    "translation": [
      2.0615294,
      0.891194,
      -0.6560601
    ]
  },
  {
    "timeStamp": 5242,
    "rotation": [
      [
        0.9372354,
        -0.066584304,
        0.342280865
      ],
      [
        -0.344071716,
        -0.0172425061,
        0.938785
      ],
      [
        -0.05660656,
        -0.9976318,
        -0.0390700623
      ]
    ],
    "translation": [
      2.06181049,
      0.8915752,
      -0.656235158
    ]
  },
  {
    "timeStamp": 5298,
    "rotation": [
      [
        0.9344228,
        -0.0430073366,
        0.3535595
      ],
      [
        -0.349049658,
        0.0868625939,
        0.933069766
      ],
      [
        -0.07083996,
        -0.995291531,
        0.066154696
      ]
    ],
    "translation": [
      2.058775,
      0.886069238,
      -0.655178249
    ]
  },
  {
    "timeStamp": 5343,
    "rotation": [
      [
        0.9301707,
        -0.09853724,
        0.353656471
      ],
      [
        -0.356177032,
        -0.008693034,
        0.9343781
      ],
      [
        -0.088996686,
        -0.9950954,
        -0.04318271
      ]
    ],
    "translation": [
      2.05970526,
      0.891798854,
      -0.653883636
    ]
  },
  {
    "timeStamp": 5398,
    "rotation": [
      [
        0.9341646,
        -0.10739167,
        0.340299219
      ],
      [
        -0.342714548,
        -0.00432641758,
        0.939429641
      ],
      [
        -0.09941464,
        -0.9942073,
        -0.0408462733
      ]
    ],
    "translation": [
      2.05928135,
      0.892424,
      -0.6531613
    ]
  },
  {
    "timeStamp": 5443,
    "rotation": [
      [
        0.9350031,
        -0.118733019,
        0.3341729
      ],
      [
        -0.337040454,
        -0.00435219659,
        0.9414801
      ],
      [
        -0.110330388,
        -0.992916644,
        -0.04408715
      ]
    ],
    "translation": [
      2.058532,
      0.892590165,
      -0.652417958
    ]
  },
  {
    "timeStamp": 5498,
    "rotation": [
      [
        0.9375289,
        -0.102607973,
        0.3324321
      ],
      [
        -0.325788528,
        0.07633989,
        0.9423556
      ],
      [
        -0.122071035,
        -0.991788149,
        0.03814236
      ]
    ],
    "translation": [
      2.05633235,
      0.888535,
      -0.651282549
    ]
  },
  {
    "timeStamp": 5543,
    "rotation": [
      [
        0.927439451,
        -0.145919666,
        0.3443303
      ],
      [
        -0.347031176,
        0.00734018534,
        0.937824845
      ],
      [
        -0.139374539,
        -0.989269137,
        -0.0438311
      ]
    ],
    "translation": [
      2.05693054,
      0.8932954,
      -0.6519078
    ]
  },
  {
    "timeStamp": 5601,
    "rotation": [
      [
        0.920189559,
        -0.154526681,
        0.359684139
      ],
      [
        -0.361942351,
        0.0142561989,
        0.9320915
      ],
      [
        -0.149160743,
        -0.9878857,
        -0.0428113453
      ]
    ],
    "translation": [
      2.05651426,
      0.8937586,
      -0.652330041
    ]
  },
  {
    "timeStamp": 5646,
    "rotation": [
      [
        0.9186022,
        -0.151806757,
        0.3648625
      ],
      [
        -0.368021071,
        0.007764486,
        0.929785
      ],
      [
        -0.143980622,
        -0.988379657,
        -0.04873561
      ]
    ],
    "translation": [
      2.057568,
      0.8954854,
      -0.655104041
    ]
  },
  {
    "timeStamp": 5692,
    "rotation": [
      [
        0.937367857,
        -0.127929479,
        0.323999375
      ],
      [
        -0.328852832,
        -0.0182463489,
        0.9442049
      ],
      [
        -0.114879847,
        -0.9916154,
        -0.0591735132
      ]
    ],
    "translation": [
      2.06980753,
      0.893527746,
      -0.659001768
    ]
  },
  {
    "timeStamp": 5747,
    "rotation": [
      [
        0.995679557,
        0.04995595,
        0.07827273
      ],
      [
        -0.0703477338,
        -0.144383192,
        0.9870181
      ],
      [
        0.06060867,
        -0.988260031,
        -0.14024511
      ]
    ],
    "translation": [
      2.13469744,
      0.8847096,
      -0.6473158
    ]
  },
  {
    "timeStamp": 5792,
    "rotation": [
      [
        0.99231565,
        0.1200059,
        -0.03013767
      ],
      [
        0.0524174981,
        -0.187085241,
        0.9809442
      ],
      [
        0.11208079,
        -0.974986,
        -0.191938013
      ]
    ],
    "translation": [
      2.17315364,
      0.8868321,
      -0.6340256
    ]
  },
  {
    "timeStamp": 5847,
    "rotation": [
      [
        0.9914884,
        0.1223052,
        -0.04463494
      ],
      [
        0.0674127042,
        -0.188966066,
        0.979666948
      ],
      [
        0.11138387,
        -0.974337339,
        -0.195602581
      ]
    ],
    "translation": [
      2.18091464,
      0.886436939,
      -0.6334613
    ]
  },
  {
    "timeStamp": 5892,
    "rotation": [
      [
        0.9910487,
        0.120208688,
        -0.0580718368
      ],
      [
        0.07955734,
        -0.18247956,
        0.979985654
      ],
      [
        0.107205883,
        -0.975833535,
        -0.190409616
      ]
    ],
    "translation": [
      2.18839717,
      0.882522941,
      -0.6340975
    ]
  },
  {
    "timeStamp": 5947,
    "rotation": [
      [
        0.993080258,
        0.100248463,
        -0.061171025
      ],
      [
        0.07799461,
        -0.173586279,
        0.981725335
      ],
      [
        0.087798,
        -0.979703069,
        -0.180203944
      ]
    ],
    "translation": [
      2.19435382,
      0.87463,
      -0.634085536
    ]
  },
  {
    "timeStamp": 5992,
    "rotation": [
      [
        0.9920835,
        0.102204442,
        -0.07296925
      ],
      [
        0.088943176,
        -0.161663428,
        0.98282963
      ],
      [
        0.0886531,
        -0.9815392,
        -0.169474021
      ]
    ],
    "translation": [
      2.198889,
      0.864723861,
      -0.6347083
    ]
  },
  {
    "timeStamp": 6047,
    "rotation": [
      [
        0.9935744,
        0.09341568,
        -0.0639028549
      ],
      [
        0.07714711,
        -0.145846486,
        0.9862946
      ],
      [
        0.08281536,
        -0.984887,
        -0.152116075
      ]
    ],
    "translation": [
      2.19760752,
      0.8508966,
      -0.6338311
    ]
  },
  {
    "timeStamp": 6092,
    "rotation": [
      [
        0.9945306,
        0.08208512,
        -0.06458255
      ],
      [
        0.07580739,
        -0.141949415,
        0.986966848
      ],
      [
        0.07184782,
        -0.9864646,
        -0.147395685
      ]
    ],
    "translation": [
      2.19695568,
      0.838544,
      -0.6304882
    ]
  },
  {
    "timeStamp": 6147,
    "rotation": [
      [
        0.99511975,
        0.07876874,
        -0.0594319962
      ],
      [
        0.06854374,
        -0.118537165,
        0.990581
      ],
      [
        0.0709819049,
        -0.9898204,
        -0.12335778
      ]
    ],
    "translation": [
      2.19241142,
      0.8201792,
      -0.6285309
    ]
  },
  {
    "timeStamp": 6196,
    "rotation": [
      [
        0.9957023,
        0.07705532,
        -0.0513749868
      ],
      [
        0.06024662,
        -0.117620729,
        0.9912294
      ],
      [
        0.07033675,
        -0.990064561,
        -0.121757552
      ]
    ],
    "translation": [
      2.18433022,
      0.8078778,
      -0.623063
    ]
  },
  {
    "timeStamp": 6244,
    "rotation": [
      [
        0.9969423,
        0.07034348,
        -0.0340262949
      ],
      [
        0.0418201722,
        -0.112474896,
        0.9927741
      ],
      [
        0.06600808,
        -0.9911615,
        -0.115072757
      ]
    ],
    "translation": [
      2.17223334,
      0.792868555,
      -0.614324868
    ]
  },
  {
    "timeStamp": 6300,
    "rotation": [
      [
        0.9974795,
        0.0635579154,
        -0.0315437131
      ],
      [
        0.03824236,
        -0.107097395,
        0.9935128
      ],
      [
        0.05976736,
        -0.992215,
        -0.109258063
      ]
    ],
    "translation": [
      2.161345,
      0.778325856,
      -0.605762541
    ]
  },
  {
    "timeStamp": 6344,
    "rotation": [
      [
        0.9984333,
        0.05535942,
        -0.008145486
      ],
      [
        0.013447226,
        -0.0960829854,
        0.9952825
      ],
      [
        0.0543156154,
        -0.9938327,
        -0.09667688
      ]
    ],
    "translation": [
      2.147309,
      0.7671144,
      -0.600610435
    ]
  },
  {
    "timeStamp": 6400,
    "rotation": [
      [
        0.998321533,
        0.0567161664,
        -0.0117254974
      ],
      [
        0.0164868664,
        -0.0842257142,
        0.9963103
      ],
      [
        0.05551931,
        -0.9948313,
        -0.08501942
      ]
    ],
    "translation": [
      2.13734555,
      0.7545259,
      -0.594666243
    ]
  },
  {
    "timeStamp": 6444,
    "rotation": [
      [
        0.999567866,
        0.0293942057,
        -0.0004429978
      ],
      [
        0.00258196774,
        -0.07277046,
        0.9973454
      ],
      [
        0.0292839389,
        -0.9969155,
        -0.0728149042
      ]
    ],
    "translation": [
      2.12745285,
      0.7463932,
      -0.5929718
    ]
  },
  {
    "timeStamp": 6500,
    "rotation": [
      [
        0.999956,
        0.006544013,
        0.00671714963
      ],
      [
        -0.00635253359,
        -0.05422898,
        0.998508334
      ],
      [
        0.006898512,
        -0.9985071,
        -0.0541850254
      ]
    ],
    "translation": [
      2.11888123,
      0.7361283,
      -0.5920701
    ]
  },
  {
    "timeStamp": 6544,
    "rotation": [
      [
        0.9999901,
        -0.00268754247,
        0.00354883983
      ],
      [
        -0.0036714687,
        -0.0470888354,
        0.998883963
      ],
      [
        -0.002517433,
        -0.9988871,
        -0.047098238
      ]
    ],
    "translation": [
      2.11474276,
      0.7299131,
      -0.5916549
    ]
  },
  {
    "timeStamp": 6600,
    "rotation": [
      [
        0.9998951,
        0.00540976645,
        -0.0134371473
      ],
      [
        0.0135592585,
        -0.0232066233,
        0.999638736
      ],
      [
        0.005095983,
        -0.999716043,
        -0.02327754
      ]
    ],
    "translation": [
      2.11372232,
      0.726712048,
      -0.5919446
    ]
  },
  {
    "timeStamp": 6645,
    "rotation": [
      [
        0.999761164,
        0.005766773,
        -0.0210802443
      ],
      [
        0.0211397428,
        -0.0104588922,
        0.9997218
      ],
      [
        0.005544695,
        -0.9999287,
        -0.0105783017
      ]
    ],
    "translation": [
      2.11347747,
      0.7250164,
      -0.5921189
    ]
  },
  {
    "timeStamp": 6702,
    "rotation": [
      [
        0.9996206,
        0.00354585727,
        -0.0273143128
      ],
      [
        0.0273440722,
        -0.00863457751,
        0.9995888
      ],
      [
        0.00330855115,
        -0.9999564,
        -0.00872826
      ]
    ],
    "translation": [
      2.113308,
      0.7249609,
      -0.592212558
    ]
  },
  {
    "timeStamp": 6747,
    "rotation": [
      [
        0.999319553,
        0.004244964,
        -0.0366395824
      ],
      [
        0.0367009267,
        -0.0154089443,
        0.9992075
      ],
      [
        0.003677028,
        -0.999872267,
        -0.0155542539
      ]
    ],
    "translation": [
      2.11317563,
      0.724687934,
      -0.592223644
    ]
  },
  {
    "timeStamp": 6802,
    "rotation": [
      [
        0.9990957,
        0.004896013,
        -0.04223664
      ],
      [
        0.04232255,
        -0.0190203041,
        0.998922944
      ],
      [
        0.00408739271,
        -0.9998072,
        -0.0192103162
      ]
    ],
    "translation": [
      2.11320376,
      0.7246151,
      -0.5922011
    ]
  },
  {
    "timeStamp": 6847,
    "rotation": [
      [
        0.999067545,
        0.00471442146,
        -0.0429171659
      ],
      [
        0.0430171825,
        -0.0236905366,
        0.9987934
      ],
      [
        0.00369201158,
        -0.999708235,
        -0.0238712467
      ]
    ],
    "translation": [
      2.1131928,
      0.7245478,
      -0.5921753
    ]
  },
  {
    "timeStamp": 6902,
    "rotation": [
      [
        0.999167562,
        0.006290034,
        -0.0403067321
      ],
      [
        0.04046672,
        -0.02780867,
        0.99879384
      ],
      [
        0.00516157644,
        -0.9995935,
        -0.0280400589
      ]
    ],
    "translation": [
      2.11324167,
      0.7245831,
      -0.59214735
    ]
  },
  {
    "timeStamp": 6947,
    "rotation": [
      [
        0.9991721,
        0.006669273,
        -0.0401345342
      ],
      [
        0.0403247774,
        -0.0313795768,
        0.998693764
      ],
      [
        0.005401157,
        -0.9994853,
        -0.0316225328
      ]
    ],
    "translation": [
      2.11319566,
      0.7245252,
      -0.5921841
    ]
  },
  {
    "timeStamp": 7002,
    "rotation": [
      [
        0.99933964,
        0.00682366826,
        -0.0356882773
      ],
      [
        0.035882663,
        -0.03087876,
        0.998878837
      ],
      [
        0.00571400532,
        -0.999499857,
        -0.0311032217
      ]
    ],
    "translation": [
      2.11322355,
      0.724573,
      -0.592227459
    ]
  },
  {
    "timeStamp": 7047,
    "rotation": [
      [
        0.999714434,
        0.00334924459,
        -0.0236614123
      ],
      [
        0.0237424038,
        -0.0266611129,
        0.9993625
      ],
      [
        0.00271626,
        -0.999639,
        -0.0267330185
      ]
    ],
    "translation": [
      2.1133306,
      0.724656463,
      -0.592470467
    ]
  },
  {
    "timeStamp": 7102,
    "rotation": [
      [
        0.9997572,
        0.0028492203,
        -0.0218543354
      ],
      [
        0.0219246112,
        -0.0275515951,
        0.999379933
      ],
      [
        0.002245346,
        -0.9996164,
        -0.02760737
      ]
    ],
    "translation": [
      2.11337328,
      0.7246578,
      -0.5924853
    ]
  },
  {
    "timeStamp": 7146,
    "rotation": [
      [
        0.99982,
        0.00297176256,
        -0.0187402
      ],
      [
        0.01881013,
        -0.0255706031,
        0.999496043
      ],
      [
        0.00249107438,
        -0.9996686,
        -0.0256218985
      ]
    ],
    "translation": [
      2.11336923,
      0.7247145,
      -0.592478633
    ]
  },
  {
    "timeStamp": 7203,
    "rotation": [
      [
        0.999663651,
        0.00503599225,
        -0.0254414
      ],
      [
        0.0255620889,
        -0.0255593471,
        0.999346435
      ],
      [
        0.0043824343,
        -0.9996607,
        -0.0256794784
      ]
    ],
    "translation": [
      2.11329627,
      0.724679351,
      -0.5923746
    ]
  },
  {
    "timeStamp": 7247,
    "rotation": [
      [
        0.999404848,
        0.006310013,
        -0.0339119434
      ],
      [
        0.0340794064,
        -0.0286553856,
        0.999008238
      ],
      [
        0.005331994,
        -0.9995694,
        -0.0288533755
      ]
    ],
    "translation": [
      2.11326122,
      0.7246375,
      -0.592143655
    ]
  },
  {
    "timeStamp": 7302,
    "rotation": [
      [
        0.999045253,
        0.0139602553,
        -0.0413967073
      ],
      [
        0.041740004,
        -0.0252682529,
        0.9988089
      ],
      [
        0.012897593,
        -0.999583244,
        -0.0258268286
      ]
    ],
    "translation": [
      2.11242962,
      0.724727869,
      -0.5938147
    ]
  },
  {
    "timeStamp": 7347,
    "rotation": [
      [
        0.997578859,
        0.0629641,
        -0.0295284446
      ],
      [
        0.0310101938,
        -0.02268714,
        0.999261558
      ],
      [
        0.0622476861,
        -0.9977579,
        -0.0245847423
      ]
    ],
    "translation": [
      2.108012,
      0.72541,
      -0.5974237
    ]
  },
  {
    "timeStamp": 7402,
    "rotation": [
      [
        0.9963832,
        0.08365672,
        -0.0149073852
      ],
      [
        0.0166636389,
        -0.0203347225,
        0.999654353
      ],
      [
        0.08332467,
        -0.996287167,
        -0.0216552
      ]
    ],
    "translation": [
      2.1035347,
      0.726693153,
      -0.5969871
    ]
  },
  {
    "timeStamp": 7446,
    "rotation": [
      [
        0.9964696,
        0.0823994,
        -0.0160787441
      ],
      [
        0.01730989,
        -0.0142486067,
        0.999748647
      ],
      [
        0.08214959,
        -0.996497452,
        -0.0156246284
      ]
    ],
    "translation": [
      2.10356259,
      0.726180434,
      -0.5970479
    ]
  },
  {
    "timeStamp": 7502,
    "rotation": [
      [
        0.996740758,
        0.0788093954,
        -0.0172334444
      ],
      [
        0.018239487,
        -0.0120634735,
        0.999760866
      ],
      [
        0.07858265,
        -0.9968167,
        -0.0134615973
      ]
    ],
    "translation": [
      2.10367179,
      0.724992633,
      -0.597031
    ]
  },
  {
    "timeStamp": 7546,
    "rotation": [
      [
        0.9963756,
        0.08140532,
        -0.0246731956
      ],
      [
        0.0254632253,
        -0.00868090149,
        0.9996381
      ],
      [
        0.08116168,
        -0.9966433,
        -0.0107222814
      ]
    ],
    "translation": [
      2.10358453,
      0.7255198,
      -0.597072959
    ]
  },
  {
    "timeStamp": 7602,
    "rotation": [
      [
        0.9965043,
        0.079832375,
        -0.0246159118
      ],
      [
        0.0255714282,
        -0.0109687028,
        0.9996128
      ],
      [
        0.07953145,
        -0.996748,
        -0.0129717877
      ]
    ],
    "translation": [
      2.1035254,
      0.7248226,
      -0.59715426
    ]
  },
  {
    "timeStamp": 7646,
    "rotation": [
      [
        0.996579468,
        0.07831665,
        -0.0263800286
      ],
      [
        0.0269967914,
        -0.00682674255,
        0.9996122
      ],
      [
        0.0781061947,
        -0.9969052,
        -0.008917689
      ]
    ],
    "translation": [
      2.10351157,
      0.725132763,
      -0.5971858
    ]
  },
  {
    "timeStamp": 7702,
    "rotation": [
      [
        0.9963978,
        0.07908572,
        -0.03060662
      ],
      [
        0.0315703563,
        -0.0109642027,
        0.9994414
      ],
      [
        0.07870596,
        -0.9968075,
        -0.0134214731
      ]
    ],
    "translation": [
      2.103436,
      0.7247757,
      -0.597163558
    ]
  },
  {
    "timeStamp": 7746,
    "rotation": [
      [
        0.996112168,
        0.0799165145,
        -0.0370669141
      ],
      [
        0.0382395834,
        -0.0131930085,
        0.9991815
      ],
      [
        0.07936208,
        -0.9967143,
        -0.01619769
      ]
    ],
    "translation": [
      2.10340333,
      0.7246676,
      -0.5971174
    ]
  },
  {
    "timeStamp": 7802,
    "rotation": [
      [
        0.9961592,
        0.07920764,
        -0.0373213328
      ],
      [
        0.038293466,
        -0.0107894149,
        0.9992083
      ],
      [
        0.07874224,
        -0.9967997,
        -0.01378111
      ]
    ],
    "translation": [
      2.10333276,
      0.724711657,
      -0.5971053
    ]
  },
  {
    "timeStamp": 7846,
    "rotation": [
      [
        0.9960435,
        0.08196617,
        -0.03433437
      ],
      [
        0.03499754,
        -0.00666741328,
        0.999365151
      ],
      [
        0.08168521,
        -0.996612847,
        -0.009509648
      ]
    ],
    "translation": [
      2.10332537,
      0.7247954,
      -0.596968532
    ]
  },
  {
    "timeStamp": 7902,
    "rotation": [
      [
        0.9964981,
        0.0772073045,
        -0.0321015269
      ],
      [
        0.0324000381,
        -0.0026165396,
        0.999471545
      ],
      [
        0.07708251,
        -0.997011662,
        -0.005108896
      ]
    ],
    "translation": [
      2.103414,
      0.725281835,
      -0.5971454
    ]
  },
  {
    "timeStamp": 7946,
    "rotation": [
      [
        0.9964035,
        0.07764701,
        -0.0339258648
      ],
      [
        0.0342471674,
        -0.00280978065,
        0.999409437
      ],
      [
        0.0775058344,
        -0.996977,
        -0.00545886531
      ]
    ],
    "translation": [
      2.10350132,
      0.7255217,
      -0.597121835
    ]
  },
  {
    "timeStamp": 8002,
    "rotation": [
      [
        0.996252,
        0.07777313,
        -0.03785987
      ],
      [
        0.03830246,
        -0.00420642365,
        0.9992573
      ],
      [
        0.07755611,
        -0.996962249,
        -0.0071695596
      ]
    ],
    "translation": [
      2.10341883,
      0.7243656,
      -0.597167432
    ]
  },
  {
    "timeStamp": 8046,
    "rotation": [
      [
        0.996210158,
        0.07753955,
        -0.0394081436
      ],
      [
        0.0398056358,
        -0.00358686154,
        0.999201
      ],
      [
        0.07733624,
        -0.9969829,
        -0.00665977877
      ]
    ],
    "translation": [
      2.10339332,
      0.724295557,
      -0.597171068
    ]
  },
  {
    "timeStamp": 8102,
    "rotation": [
      [
        0.9959803,
        0.0787124,
        -0.0427486151
      ],
      [
        0.0438383,
        -0.0121675078,
        0.998964548
      ],
      [
        0.07811075,
        -0.9968231,
        -0.0155692166
      ]
    ],
    "translation": [
      2.10330081,
      0.7246493,
      -0.597115755
    ]
  },
  {
    "timeStamp": 8146,
    "rotation": [
      [
        0.995780349,
        0.07800087,
        -0.04834621
      ],
      [
        0.04970079,
        -0.0155182043,
        0.9986436
      ],
      [
        0.07714482,
        -0.9968325,
        -0.0193294268
      ]
    ],
    "translation": [
      2.10332322,
      0.724554062,
      -0.5972084
    ]
  },
  {
    "timeStamp": 8202,
    "rotation": [
      [
        0.9956355,
        0.07883162,
        -0.04995456
      ],
      [
        0.0514488,
        -0.01703768,
        0.998530269
      ],
      [
        0.07786464,
        -0.9967423,
        -0.02101911
      ]
    ],
    "translation": [
      2.1033175,
      0.724503458,
      -0.5971614
    ]
  },
  {
    "timeStamp": 8246,
    "rotation": [
      [
        0.9958776,
        0.0770138949,
        -0.0479227044
      ],
      [
        0.0494505428,
        -0.0180543419,
        0.998613358
      ],
      [
        0.07604188,
        -0.9968665,
        -0.0217882935
      ]
    ],
    "translation": [
      2.10342813,
      0.724527359,
      -0.5972685
    ]
  },
  {
    "timeStamp": 8302,
    "rotation": [
      [
        0.9960814,
        0.07663483,
        -0.04414754
      ],
      [
        0.0457152165,
        -0.0188233126,
        0.998777151
      ],
      [
        0.07571012,
        -0.996881545,
        -0.0222529285
      ]
    ],
    "translation": [
      2.10349822,
      0.7245473,
      -0.5972811
    ]
  },
  {
    "timeStamp": 8346,
    "rotation": [
      [
        0.9958512,
        0.07745235,
        -0.0477636568
      ],
      [
        0.0494821221,
        -0.0204210915,
        0.9985662
      ],
      [
        0.0763659,
        -0.996786833,
        -0.0241688769
      ]
    ],
    "translation": [
      2.10348177,
      0.724479735,
      -0.5972518
    ]
  },
  {
    "timeStamp": 8402,
    "rotation": [
      [
        0.9959915,
        0.07634785,
        -0.0466029
      ],
      [
        0.0478678048,
        -0.01482131,
        0.9987437
      ],
      [
        0.07556122,
        -0.9969711,
        -0.0184165034
      ]
    ],
    "translation": [
      2.10342646,
      0.7248393,
      -0.5972487
    ]
  },
  {
    "timeStamp": 8446,
    "rotation": [
      [
        0.9962267,
        0.06956688,
        -0.0518925078
      ],
      [
        0.0522875376,
        -0.00386829861,
        0.998624563
      ],
      [
        0.06927046,
        -0.9975698,
        -0.007491183
      ]
    ],
    "translation": [
      2.10273433,
      0.725823939,
      -0.5973988
    ]
  },
  {
    "timeStamp": 8501,
    "rotation": [
      [
        0.99938035,
        -0.0351987444,
        1.2152087E-05
      ],
      [
        0.0,
        0.000345242035,
        0.99999994
      ],
      [
        -0.0351987481,
        -0.9993803,
        0.0003450281
      ]
    ],
    "translation": [
      2.08898187,
      0.725278258,
      -0.598668337
    ]
  },
  {
    "timeStamp": 8547,
    "rotation": [
      [
        0.999987066,
        -0.0003025604,
        0.00508416723
      ],
      [
        -0.005082468,
        0.00537456,
        0.999972641
      ],
      [
        -0.000329876755,
        -0.9999855,
        0.005372952
      ]
    ],
    "translation": [
      2.08629513,
      0.726658344,
      -0.5972753
    ]
  },
  {
    "timeStamp": 8599,
    "rotation": [
      [
        0.999982357,
        0.000950804155,
        0.00586543744
      ],
      [
        -0.00587490434,
        0.0102797356,
        0.9999299
      ],
      [
        0.000890443334,
        -0.9999467,
        0.01028514
      ]
    ],
    "translation": [
      2.08619642,
      0.7300329,
      -0.596940458
    ]
  },
  {
    "timeStamp": 8643,
    "rotation": [
      [
        0.9999991,
        0.00128390116,
        -0.000358623016
      ],
      [
        0.000344175467,
        0.0112354644,
        0.9999368
      ],
      [
        0.00128784939,
        -0.999936044,
        0.0112350127
      ]
    ],
    "translation": [
      2.08629012,
      0.7303602,
      -0.5968674
    ]
  },
  {
    "timeStamp": 8699,
    "rotation": [
      [
        0.999996245,
        -0.00087559683,
        0.00259996159
      ],
      [
        -0.00259057,
        0.0105614727,
        0.9999409
      ],
      [
        -0.0009030037,
        -0.999943852,
        0.010559164
      ]
    ],
    "translation": [
      2.086006,
      0.730189562,
      -0.5969615
    ]
  },
  {
    "timeStamp": 8743,
    "rotation": [
      [
        0.9999973,
        -0.00155601965,
        0.00168578234
      ],
      [
        -0.00167616515,
        0.006161368,
        0.9999796
      ],
      [
        -0.001566374,
        -0.9999798,
        0.006158744
      ]
    ],
    "translation": [
      2.08620048,
      0.72895503,
      -0.5969949
    ]
  },
  {
    "timeStamp": 8799,
    "rotation": [
      [
        0.999994636,
        -0.00306614349,
        -0.001165779
      ],
      [
        0.00117387483,
        0.002639941,
        0.9999958
      ],
      [
        -0.003063054,
        -0.999991834,
        0.00264352583
      ]
    ],
    "translation": [
      2.08643913,
      0.7253272,
      -0.5971286
    ]
  },
  {
    "timeStamp": 8844,
    "rotation": [
      [
        0.99999547,
        -0.00298087043,
        0.000364109321
      ],
      [
        -0.000357687968,
        0.00215443387,
        0.9999976
      ],
      [
        -0.00298164762,
        -0.999993265,
        0.002153358
      ]
    ],
    "translation": [
      2.08611917,
      0.725304365,
      -0.597097158
    ]
  },
  {
    "timeStamp": 8899,
    "rotation": [
      [
        0.9999934,
        -0.00360492058,
        0.000449922023
      ],
      [
        -0.000442735,
        0.00199422659,
        0.9999979
      ],
      [
        -0.00360581023,
        -0.999991536,
        0.00199261727
      ]
    ],
    "translation": [
      2.08608913,
      0.7252976,
      -0.597105443
    ]
  }
]