[
  {
    "timeStamp": 144182,
    "rotation": [
      [
        -0.850345135,
        0.352503121,
        -0.3907105
      ],
      [
        0.299738348,
        0.9347151,
        0.190957069
      ],
      [
        0.432515949,
        0.04526849,
        -0.900489151
      ]
    ],
    "translation": [
      1.13396108,
      0.704326451,
      -0.314856857
    ]
  },
  {
    "timeStamp": 144227,
    "rotation": [
      [
        -0.8169994,
        0.413271338,
        -0.4021428
      ],
      [
        0.3664046,
        0.9105634,
        0.191368476
      ],
      [
        0.445263624,
        0.009000962,
        -0.8953543
      ]
    ],
    "translation": [
      1.13269293,
      0.7073513,
      -0.310394764
    ]
  },
  {
    "timeStamp": 144282,
    "rotation": [
      [
        -0.803855,
        0.426405221,
        -0.414723754
      ],
      [
        0.365223348,
        0.904136837,
        0.221694678
      ],
      [
        0.469498783,
        0.02674358,
        -0.882528
      ]
    ],
    "translation": [
      1.13619936,
      0.7103096,
      -0.3125769
    ]
  },
  {
    "timeStamp": 144326,
    "rotation": [
      [
        -0.7987234,
        0.4376983,
        -0.412869453
      ],
      [
        0.3781878,
        0.8988853,
        0.221312448
      ],
      [
        0.467990369,
        0.0206252467,
        -0.8834929
      ]
    ],
    "translation": [
      1.13978434,
      0.7155714,
      -0.315047473
    ]
  },
  {
    "timeStamp": 144382,
    "rotation": [
      [
        -0.7765925,
        0.4675484,
        -0.422258884
      ],
      [
        0.39815554,
        0.8836667,
        0.246181563
      ],
      [
        0.488237917,
        0.0230580457,
        -0.8724059
      ]
    ],
    "translation": [
      1.14504707,
      0.7268887,
      -0.319985539
    ]
  },
  {
    "timeStamp": 144426,
    "rotation": [
      [
        -0.746474,
        0.5059244,
        -0.432223469
      ],
      [
        0.430764049,
        0.8624932,
        0.26560837
      ],
      [
        0.5071676,
        0.0120834168,
        -0.861762762
      ]
    ],
    "translation": [
      1.151253,
      0.7413171,
      -0.3257386
    ]
  },
  {
    "timeStamp": 144482,
    "rotation": [
      [
        -0.700923264,
        0.558940947,
        -0.44304806
      ],
      [
        0.473936379,
        0.8292044,
        0.296318233
      ],
      [
        0.5330018,
        -0.00228025,
        -0.846111059
      ]
    ],
    "translation": [
      1.1627388,
      0.764185131,
      -0.337833971
    ]
  },
  {
    "timeStamp": 144527,
    "rotation": [
      [
        -0.660912037,
        0.6008273,
        -0.4496687
      ],
      [
        0.5105924,
        0.7991316,
        0.31730774
      ],
      [
        0.549991548,
        -0.0198849,
        -0.8349335
      ]
    ],
    "translation": [
      1.17642915,
      0.784662247,
      -0.3508139
    ]
  },
  {
    "timeStamp": 144572,
    "rotation": [
      [
        -0.6232336,
        0.6310869,
        -0.4618541
      ],
      [
        0.537356555,
        0.7746595,
        0.33339268
      ],
      [
        0.5681794,
        -0.0403987952,
        -0.821912467
      ]
    ],
    "translation": [
      1.19482338,
      0.8049827,
      -0.366215736
    ]
  },
  {
    "timeStamp": 144628,
    "rotation": [
      [
        -0.584139,
        0.6568109,
        -0.476844877
      ],
      [
        0.5566862,
        0.7517476,
        0.3535194
      ],
      [
        0.5906624,
        -0.0589485019,
        -0.804762661
      ]
    ],
    "translation": [
      1.22351241,
      0.829276,
      -0.3885563
    ]
  },
  {
    "timeStamp": 144672,
    "rotation": [
      [
        -0.5475831,
        0.674369752,
        -0.4953566
      ],
      [
        0.567745268,
        0.7343164,
        0.372081637
      ],
      [
        0.6146691,
        -0.07749075,
        -0.784969449
      ]
    ],
    "translation": [
      1.24954128,
      0.8498327,
      -0.408247054
    ]
  },
  {
    "timeStamp": 144728,
    "rotation": [
      [
        -0.502206564,
        0.693320155,
        -0.5168131
      ],
      [
        0.5798795,
        0.713365,
        0.393509924
      ],
      [
        0.641504765,
        -0.10206607,
        -0.7602987
      ]
    ],
    "translation": [
      1.28481233,
      0.87644,
      -0.43393597
    ]
  },
  {
    "timeStamp": 144772,
    "rotation": [
      [
        -0.4720324,
        0.70243144,
        -0.5327058
      ],
      [
        0.586409,
        0.701372266,
        0.405217826
      ],
      [
        0.6582628,
        -0.121107519,
        -0.7429825
      ]
    ],
    "translation": [
      1.31333244,
      0.898053765,
      -0.45574975
    ]
  },
  {
    "timeStamp": 144827,
    "rotation": [
      [
        -0.403435141,
        0.7249072,
        -0.5583454
      ],
      [
        0.5963666,
        0.6711112,
        0.440405
      ],
      [
        0.69396466,
        -0.155303717,
        -0.703060269
      ]
    ],
    "translation": [
      1.35183644,
      0.928680837,
      -0.4840283
    ]
  },
  {
    "timeStamp": 144872,
    "rotation": [
      [
        -0.370282,
        0.7265066,
        -0.578860462
      ],
      [
        0.6085423,
        0.6605327,
        0.43974176
      ],
      [
        0.7018315,
        -0.1894326,
        -0.6866934
      ]
    ],
    "translation": [
      1.38346887,
      0.9518499,
      -0.506414533
    ]
  },
  {
    "timeStamp": 144927,
    "rotation": [
      [
        -0.332448423,
        0.7100664,
        -0.62071234
      ],
      [
        0.620305359,
        0.6603842,
        0.423218638
      ],
      [
        0.7104219,
        -0.24433282,
        -0.6600017
      ]
    ],
    "translation": [
      1.4281776,
      0.977884948,
      -0.534662545
    ]
  },
  {
    "timeStamp": 144972,
    "rotation": [
      [
        -0.293732256,
        0.7050081,
        -0.645511448
      ],
      [
        0.627695143,
        0.6515608,
        0.425989836
      ],
      [
        0.7209162,
        -0.28005746,
        -0.63391453
      ]
    ],
    "translation": [
      1.46492422,
      0.999916732,
      -0.558634162
    ]
  },
  {
    "timeStamp": 145027,
    "rotation": [
      [
        -0.268854767,
        0.6786747,
        -0.6834601
      ],
      [
        0.638546765,
        0.656828165,
        0.401042163
      ],
      [
        0.721093,
        -0.328599125,
        -0.6099569
      ]
    ],
    "translation": [
      1.51418686,
      1.02447832,
      -0.5881682
    ]
  },
  {
    "timeStamp": 145072,
    "rotation": [
      [
        -0.215500325,
        0.66696465,
        -0.7132446
      ],
      [
        0.6419928,
        0.6471344,
        0.411171883
      ],
      [
        0.735802233,
        -0.3692902,
        -0.5676442
      ]
    ],
    "translation": [
      1.55473685,
      1.04320347,
      -0.608754933
    ]
  },
  {
    "timeStamp": 145128,
    "rotation": [
      [
        -0.1953891,
        0.6279987,
        -0.7532866
      ],
      [
        0.6532404,
        0.6562418,
        0.377655625
      ],
      [
        0.731505334,
        -0.4182874,
        -0.5384566
      ]
    ],
    "translation": [
      1.60961425,
      1.06293786,
      -0.6347329
    ]
  },
  {
    "timeStamp": 145172,
    "rotation": [
      [
        -0.132686064,
        0.599270463,
        -0.7894741
      ],
      [
        0.6605234,
        0.64733,
        0.380358815
      ],
      [
        0.738988042,
        -0.4709978,
        -0.4817238
      ]
    ],
    "translation": [
      1.6573211,
      1.078221,
      -0.652325153
    ]
  },
  {
    "timeStamp": 145228,
    "rotation": [
      [
        -0.0832692459,
        0.5545748,
        -0.8279571
      ],
      [
        0.6659443,
        0.6490504,
        0.367765844
      ],
      [
        0.7413396,
        -0.520749748,
        -0.423361868
      ]
    ],
    "translation": [
      1.71724272,
      1.0922966,
      -0.6744601
    ]
  },
  {
    "timeStamp": 145272,
    "rotation": [
      [
        -0.0304048564,
        0.5023335,
        -0.8641392
      ],
      [
        0.677238345,
        0.64620024,
        0.3518145
      ],
      [
        0.7351352,
        -0.5745314,
        -0.359847158
      ]
    ],
    "translation": [
      1.76903176,
      1.10206282,
      -0.691127956
    ]
  },
  {
    "timeStamp": 145327,
    "rotation": [
      [
        0.04014554,
        0.441487879,
        -0.8963687
      ],
      [
        0.6768033,
        0.647941053,
        0.3494419
      ],
      [
        0.73506844,
        -0.620693862,
        -0.272788525
      ]
    ],
    "translation": [
      1.83263791,
      1.10942841,
      -0.713542342
    ]
  },
  {
    "timeStamp": 145372,
    "rotation": [
      [
        0.0778439045,
        0.382897377,
        -0.9205052
      ],
      [
        0.6809241,
        0.6539838,
        0.329617321
      ],
      [
        0.728205144,
        -0.6524529,
        -0.209815413
      ]
    ],
    "translation": [
      1.8826443,
      1.112145,
      -0.731494248
    ]
  },
  {
    "timeStamp": 145428,
    "rotation": [
      [
        0.136665761,
        0.316387117,
        -0.938734
      ],
      [
        0.67504,
        0.663804054,
        0.322001666
      ],
      [
        0.72501266,
        -0.6776897,
        -0.122854687
      ]
    ],
    "translation": [
      1.94315672,
      1.11026549,
      -0.754150867
    ]
  },
  {
    "timeStamp": 145472,
    "rotation": [
      [
        0.180795655,
        0.26667425,
        -0.9466772
      ],
      [
        0.671524763,
        0.669786751,
        0.316922873
      ],
      [
        0.718587041,
        -0.6930155,
        -0.0579838343
      ]
    ],
    "translation": [
      1.98996079,
      1.10674548,
      -0.7702464
    ]
  },
  {
    "timeStamp": 145527,
    "rotation": [
      [
        0.2392487,
        0.211035267,
        -0.947746933
      ],
      [
        0.6628144,
        0.6777889,
        0.31824407
      ],
      [
        0.7095331,
        -0.7043197,
        0.0222829152
      ]
    ],
    "translation": [
      2.042674,
      1.09914863,
      -0.7866589
    ]
  },
  {
    "timeStamp": 145572,
    "rotation": [
      [
        0.262854666,
        0.170896456,
        -0.949579835
      ],
      [
        0.6544913,
        0.691543639,
        0.30562827
      ],
      [
        0.708906651,
        -0.7018275,
        0.06992524
      ]
    ],
    "translation": [
      2.08127332,
      1.08929861,
      -0.796407342
    ]
  },
  {
    "timeStamp": 145627,
    "rotation": [
      [
        0.2904653,
        0.133338168,
        -0.9475499
      ],
      [
        0.641454,
        0.7076673,
        0.296215743
      ],
      [
        0.710046947,
        -0.6938501,
        0.120022491
      ]
    ],
    "translation": [
      2.12338161,
      1.07396376,
      -0.802447438
    ]
  },
  {
    "timeStamp": 145672,
    "rotation": [
      [
        0.307382584,
        0.123226881,
        -0.943573534
      ],
      [
        0.619681835,
        0.7265867,
        0.2967595
      ],
      [
        0.722156763,
        -0.675934136,
        0.146978617
      ]
    ],
    "translation": [
      2.15119076,
      1.05782843,
      -0.803955555
    ]
  },
  {
    "timeStamp": 145727,
    "rotation": [
      [
        0.321507543,
        0.117030762,
        -0.9396471
      ],
      [
        0.6012185,
        0.7414179,
        0.298053354
      ],
      [
        0.7315526,
        -0.6607597,
        0.168010369
      ]
    ],
    "translation": [
      2.181428,
      1.035815,
      -0.800408542
    ]
  },
  {
    "timeStamp": 145772,
    "rotation": [
      [
        0.324936926,
        0.119052231,
        -0.938212454
      ],
      [
        0.578311443,
        0.7599424,
        0.29672125
      ],
      [
        0.7483127,
        -0.638994634,
        0.178084075
      ]
    ],
    "translation": [
      2.20210361,
      1.01479161,
      -0.7962373
    ]
  },
  {
    "timeStamp": 145836,
    "rotation": [
      [
        0.323124558,
        0.121033005,
        -0.938584864
      ],
      [
        0.5590242,
        0.7758447,
        0.292501271
      ],
      [
        0.7635984,
        -0.619206,
        0.1830341
      ]
    ],
    "translation": [
      2.22377467,
      0.9889668,
      -0.788902044
    ]
  },
  {
    "timeStamp": 145872,
    "rotation": [
      [
        0.320500463,
        0.134527892,
        -0.9376469
      ],
      [
        0.5311679,
        0.7940699,
        0.295488775
      ],
      [
        0.7843086,
        -0.5927522,
        0.183042869
      ]
    ],
    "translation": [
      2.23561215,
      0.967908144,
      -0.782813
    ]
  },
  {
    "timeStamp": 145922,
    "rotation": [
      [
        0.2819919,
        0.14909634,
        -0.947761
      ],
      [
        0.514552534,
        0.8102594,
        0.280562669
      ],
      [
        0.809763134,
        -0.566789269,
        0.151768669
      ]
    ],
    "translation": [
      2.24501085,
      0.943834364,
      -0.772779
    ]
  },
  {
    "timeStamp": 145977,
    "rotation": [
      [
        0.2726731,
        0.171445072,
        -0.946707964
      ],
      [
        0.4873305,
        0.8238136,
        0.2895515
      ],
      [
        0.829553068,
        -0.5403125,
        0.1410814
      ]
    ],
    "translation": [
      2.249598,
      0.9204859,
      -0.7632006
    ]
  },
  {
    "timeStamp": 146022,
    "rotation": [
      [
        0.241749227,
        0.176995635,
        -0.95405966
      ],
      [
        0.465573877,
        0.84149766,
        0.2740851
      ],
      [
        0.851350844,
        -0.5104451,
        0.121026866
      ]
    ],
    "translation": [
      2.25243282,
      0.903573,
      -0.7562615
    ]
  },
  {
    "timeStamp": 146077,
    "rotation": [
      [
        0.236480966,
        0.193831429,
        -0.9521062
      ],
      [
        0.443805158,
        0.8501609,
        0.2833081
      ],
      [
        0.8643574,
        -0.4895466,
        0.115023479
      ]
    ],
    "translation": [
      2.252776,
      0.8849073,
      -0.747787654
    ]
  },
  {
    "timeStamp": 146122,
    "rotation": [
      [
        0.201670125,
        0.193022937,
        -0.96024543
      ],
      [
        0.426607668,
        0.865197539,
        0.26351285
      ],
      [
        0.881666064,
        -0.462790728,
        0.09213944
      ]
    ],
    "translation": [
      2.25238872,
      0.8709257,
      -0.7426035
    ]
  },
  {
    "timeStamp": 146177,
    "rotation": [
      [
        0.177266583,
        0.18213965,
        -0.967161655
      ],
      [
        0.406979918,
        0.881195843,
        0.2405437
      ],
      [
        0.8960713,
        -0.436255723,
        0.0820794
      ]
    ],
    "translation": [
      2.253925,
      0.8535242,
      -0.737821
    ]
  },
  {
    "timeStamp": 146222,
    "rotation": [
      [
        0.170835808,
        0.175838,
        -0.9694824
      ],
      [
        0.379907668,
        0.896109045,
        0.229474872
      ],
      [
        0.9091124,
        -0.40751633,
        0.08628532
      ]
    ],
    "translation": [
      2.25624442,
      0.8396272,
      -0.736211
    ]
  },
  {
    "timeStamp": 146277,
    "rotation": [
      [
        0.168871686,
        0.147841737,
        -0.9744871
      ],
      [
        0.373194,
        0.905485451,
        0.2020452
      ],
      [
        0.9122547,
        -0.3977925,
        0.0977372155
      ]
    ],
    "translation": [
      2.26204181,
      0.826889157,
      -0.732604
    ]
  },
  {
    "timeStamp": 146323,
    "rotation": [
      [
        0.188161686,
        0.1328861,
        -0.9731066
      ],
      [
        0.354593873,
        0.914782047,
        0.193486318
      ],
      [
        0.915892065,
        -0.381464332,
        0.125006348
      ]
    ],
    "translation": [
      2.26653671,
      0.8180338,
      -0.732334
    ]
  },
  {
    "timeStamp": 146380,
    "rotation": [
      [
        0.210355937,
        0.123688474,
        -0.9697688
      ],
      [
        0.339347,
        0.92104876,
        0.191083446
      ],
      [
        0.9168391,
        -0.369283676,
        0.151774749
      ]
    ],
    "translation": [
      2.271162,
      0.809733,
      -0.7317269
    ]
  }
]