[
  {
    "timeStamp": 76234,
    "rotation": [
      [
        0.9978421,
        0.03430074,
        0.05598753
      ],
      [
        -0.06564601,
        0.5383314,
        0.8401726
      ],
      [
        -0.00132129539,
        -0.842034936,
        0.539421439
      ]
    ],
    "translation": [
      1.62455845,
      0.7231959,
      -0.358586967
    ]
  },
  {
    "timeStamp": 76290,
    "rotation": [
      [
        0.9971651,
        0.0284414012,
        0.06966206
      ],
      [
        -0.0738703161,
        0.546153367,
        0.834421754
      ],
      [
        -0.0143140443,
        -0.8372022,
        0.5467061
      ]
    ],
    "translation": [
      1.62701643,
      0.7226569,
      -0.3587658
    ]
  },
  {
    "timeStamp": 76335,
    "rotation": [
      [
        0.9967138,
        0.04079963,
        0.0699778348
      ],
      [
        -0.08098848,
        0.5183637,
        0.8513166
      ],
      [
        -0.001540573,
        -0.8541864,
        0.5199646
      ]
    ],
    "translation": [
      1.62752664,
      0.7214203,
      -0.359538078
    ]
  },
  {
    "timeStamp": 76392,
    "rotation": [
      [
        0.9958738,
        0.05723814,
        0.0704212
      ],
      [
        -0.09028559,
        0.546615064,
        0.832502544
      ],
      [
        0.009157611,
        -0.8354255,
        0.5495274
      ]
    ],
    "translation": [
      1.6266917,
      0.723376036,
      -0.363775671
    ]
  },
  {
    "timeStamp": 76437,
    "rotation": [
      [
        0.9941474,
        0.0610140823,
        0.08915227
      ],
      [
        -0.107995845,
        0.5400326,
        0.8346866
      ],
      [
        0.00278250524,
        -0.8394296,
        0.5434613
      ]
    ],
    "translation": [
      1.6280973,
      0.7283007,
      -0.365683049
    ]
  },
  {
    "timeStamp": 76492,
    "rotation": [
      [
        0.989279866,
        0.0609157719,
        0.132720053
      ],
      [
        -0.1448129,
        0.5264128,
        0.8378059
      ],
      [
        -0.0188299455,
        -0.8480441,
        0.529590964
      ]
    ],
    "translation": [
      1.63085425,
      0.740399,
      -0.369166434
    ]
  },
  {
    "timeStamp": 76537,
    "rotation": [
      [
        0.983776867,
        0.07228763,
        0.164188072
      ],
      [
        -0.177906662,
        0.510838151,
        0.841066957
      ],
      [
        -0.0230747946,
        -0.856632352,
        0.5154112
      ]
    ],
    "translation": [
      1.63334358,
      0.754020631,
      -0.375378162
    ]
  },
  {
    "timeStamp": 76592,
    "rotation": [
      [
        0.9752588,
        0.0811087042,
        0.205649272
      ],
      [
        -0.218841985,
        0.485848248,
        0.8462031
      ],
      [
        -0.03127991,
        -0.870271742,
        0.491577774
      ]
    ],
    "translation": [
      1.639008,
      0.775209,
      -0.386792868
    ]
  },
  {
    "timeStamp": 76637,
    "rotation": [
      [
        0.9672054,
        0.0943596959,
        0.23581779
      ],
      [
        -0.251890242,
        0.475633085,
        0.8428075
      ],
      [
        -0.03263571,
        -0.874568164,
        0.483803153
      ]
    ],
    "translation": [
      1.64540267,
      0.792973638,
      -0.400438428
    ]
  },
  {
    "timeStamp": 76692,
    "rotation": [
      [
        0.9607222,
        0.106512077,
        0.256257683
      ],
      [
        -0.27654627,
        0.444416165,
        0.852066
      ],
      [
        -0.0231297351,
        -0.8894658,
        0.456416
      ]
    ],
    "translation": [
      1.65606558,
      0.8172268,
      -0.420274168
    ]
  },
  {
    "timeStamp": 76737,
    "rotation": [
      [
        0.957326651,
        0.105829656,
        0.268934727
      ],
      [
        -0.2878428,
        0.43262732,
        0.8543887
      ],
      [
        -0.0259288624,
        -0.89534,
        0.444627941
      ]
    ],
    "translation": [
      1.6679734,
      0.8365846,
      -0.440163434
    ]
  },
  {
    "timeStamp": 76792,
    "rotation": [
      [
        0.950768352,
        0.113831781,
        0.288239121
      ],
      [
        -0.3089499,
        0.4210232,
        0.852812648
      ],
      [
        -0.0242781751,
        -0.89987874,
        0.435463876
      ]
    ],
    "translation": [
      1.68424535,
      0.861520767,
      -0.468650758
    ]
  },
  {
    "timeStamp": 76837,
    "rotation": [
      [
        0.9470059,
        0.106708147,
        0.3029738
      ],
      [
        -0.319585532,
        0.4079139,
        0.855260968
      ],
      [
        -0.03232391,
        -0.906763256,
        0.420399278
      ]
    ],
    "translation": [
      1.70054555,
      0.882592738,
      -0.49253422
    ]
  },
  {
    "timeStamp": 76892,
    "rotation": [
      [
        0.9398117,
        0.09458076,
        0.328341782
      ],
      [
        -0.33817026,
        0.395079285,
        0.854138851
      ],
      [
        -0.0489359573,
        -0.913765132,
        0.40328455
      ]
    ],
    "translation": [
      1.7234441,
      0.9109208,
      -0.5253225
    ]
  },
  {
    "timeStamp": 76937,
    "rotation": [
      [
        0.945474863,
        0.09169441,
        0.31252107
      ],
      [
        -0.323544145,
        0.3745223,
        0.868937433
      ],
      [
        -0.0373693928,
        -0.922672868,
        0.3837686
      ]
    ],
    "translation": [
      1.7439512,
      0.9342018,
      -0.554261863
    ]
  },
  {
    "timeStamp": 76992,
    "rotation": [
      [
        0.9440149,
        0.0607747957,
        0.32425642
      ],
      [
        -0.323827118,
        0.358467072,
        0.8755783
      ],
      [
        -0.06302217,
        -0.931562,
        0.3580788
      ]
    ],
    "translation": [
      1.77387965,
      0.963363945,
      -0.5902569
    ]
  },
  {
    "timeStamp": 77037,
    "rotation": [
      [
        0.946625352,
        0.0399232358,
        0.319854051
      ],
      [
        -0.31230098,
        0.3592667,
        0.8794291
      ],
      [
        -0.07980324,
        -0.9323806,
        0.35255903
      ]
    ],
    "translation": [
      1.80054975,
      0.984054446,
      -0.6211775
    ]
  },
  {
    "timeStamp": 77092,
    "rotation": [
      [
        0.94408536,
        -0.00433938345,
        0.329672545
      ],
      [
        -0.306633621,
        0.355882436,
        0.882793
      ],
      [
        -0.121155456,
        -0.934520662,
        0.334652752
      ]
    ],
    "translation": [
      1.8370229,
      1.00692344,
      -0.656900167
    ]
  },
  {
    "timeStamp": 77136,
    "rotation": [
      [
        0.944649637,
        -0.0371221155,
        0.325973958
      ],
      [
        -0.292630017,
        0.353904039,
        0.888324
      ],
      [
        -0.148339987,
        -0.934544742,
        0.3234523
      ]
    ],
    "translation": [
      1.86711276,
      1.02188444,
      -0.6839849
    ]
  },
  {
    "timeStamp": 77192,
    "rotation": [
      [
        0.942799866,
        -0.08545878,
        0.322219253
      ],
      [
        -0.276735038,
        0.3382835,
        0.899434268
      ],
      [
        -0.185866,
        -0.937155843,
        0.295284182
      ]
    ],
    "translation": [
      1.90591276,
      1.0400455,
      -0.714913249
    ]
  },
  {
    "timeStamp": 77236,
    "rotation": [
      [
        0.9431557,
        -0.1283603,
        0.30656302
      ],
      [
        -0.251832873,
        0.325917333,
        0.911239862
      ],
      [
        -0.21688123,
        -0.9366437,
        0.275065452
      ]
    ],
    "translation": [
      1.937636,
      1.05231714,
      -0.7378139
    ]
  },
  {
    "timeStamp": 77292,
    "rotation": [
      [
        0.934438765,
        -0.184598431,
        0.304544926
      ],
      [
        -0.236802563,
        0.316637665,
        0.918512464
      ],
      [
        -0.265986353,
        -0.9304107,
        0.2521651
      ]
    ],
    "translation": [
      1.97812772,
      1.06613016,
      -0.7629015
    ]
  },
  {
    "timeStamp": 77336,
    "rotation": [
      [
        0.927170336,
        -0.2329083,
        0.293443322
      ],
      [
        -0.216716424,
        0.3054841,
        0.927207351
      ],
      [
        -0.30559656,
        -0.923273146,
        0.232760713
      ]
    ],
    "translation": [
      2.00996542,
      1.07401776,
      -0.779866755
    ]
  },
  {
    "timeStamp": 77392,
    "rotation": [
      [
        0.9134025,
        -0.289574742,
        0.286080956
      ],
      [
        -0.197262943,
        0.2998751,
        0.9333607
      ],
      [
        -0.3560663,
        -0.908967137,
        0.216784313
      ]
    ],
    "translation": [
      2.049264,
      1.07853663,
      -0.798563242
    ]
  },
  {
    "timeStamp": 77436,
    "rotation": [
      [
        0.8985673,
        -0.329629779,
        0.28969115
      ],
      [
        -0.186664373,
        0.310337067,
        0.9321198
      ],
      [
        -0.397156358,
        -0.8916474,
        0.217328623
      ]
    ],
    "translation": [
      2.07760668,
      1.07634473,
      -0.8113152
    ]
  },
  {
    "timeStamp": 77492,
    "rotation": [
      [
        0.889939547,
        -0.35625124,
        0.284767479
      ],
      [
        -0.16501686,
        0.330563933,
        0.929245353
      ],
      [
        -0.425178677,
        -0.873963654,
        0.235394463
      ]
    ],
    "translation": [
      2.10755682,
      1.06644392,
      -0.8239792
    ]
  },
  {
    "timeStamp": 77537,
    "rotation": [
      [
        0.884455264,
        -0.365060657,
        0.2906364
      ],
      [
        -0.1553171,
        0.3570164,
        0.921094954
      ],
      [
        -0.440017462,
        -0.8598081,
        0.2590649
      ]
    ],
    "translation": [
      2.12697172,
      1.05354571,
      -0.8300042
    ]
  },
  {
    "timeStamp": 77592,
    "rotation": [
      [
        0.887703,
        -0.363182217,
        0.282987773
      ],
      [
        -0.132228985,
        0.387638837,
        0.912278235
      ],
      [
        -0.4410203,
        -0.8472513,
        0.29608494
      ]
    ],
    "translation": [
      2.14715886,
      1.0337491,
      -0.8314817
    ]
  },
  {
    "timeStamp": 77636,
    "rotation": [
      [
        0.8886369,
        -0.3568283,
        0.288093835
      ],
      [
        -0.125570014,
        0.4148685,
        0.901174963
      ],
      [
        -0.4410858,
        -0.8369933,
        0.3238605
      ]
    ],
    "translation": [
      2.159652,
      1.01677084,
      -0.827997744
    ]
  },
  {
    "timeStamp": 77701,
    "rotation": [
      [
        0.9044153,
        -0.3330784,
        0.266630262
      ],
      [
        -0.103158668,
        0.435677975,
        0.894171655
      ],
      [
        -0.413994223,
        -0.836207747,
        0.3596739
      ]
    ],
    "translation": [
      2.17097974,
      0.9949387,
      -0.818898737
    ]
  },
  {
    "timeStamp": 77737,
    "rotation": [
      [
        0.9191105,
        -0.309523046,
        0.24378553
      ],
      [
        -0.08138079,
        0.4562638,
        0.8861154
      ],
      [
        -0.38550365,
        -0.8342774,
        0.394167632
      ]
    ],
    "translation": [
      2.17710876,
      0.9765093,
      -0.810528636
    ]
  },
  {
    "timeStamp": 77787,
    "rotation": [
      [
        0.941345,
        -0.268728852,
        0.2040944
      ],
      [
        -0.0556187928,
        0.472989529,
        0.8793108
      ],
      [
        -0.3328307,
        -0.839086235,
        0.4302999
      ]
    ],
    "translation": [
      2.181696,
      0.9523929,
      -0.8010143
    ]
  },
  {
    "timeStamp": 77842,
    "rotation": [
      [
        0.951573,
        -0.229815587,
        0.204190135
      ],
      [
        -0.0587678179,
        0.5159663,
        0.8545906
      ],
      [
        -0.3017535,
        -0.825205147,
        0.477473855
      ]
    ],
    "translation": [
      2.18305826,
      0.928405643,
      -0.7948805
    ]
  },
  {
    "timeStamp": 77887,
    "rotation": [
      [
        0.9632708,
        -0.2020148,
        0.176916614
      ],
      [
        -0.0447157435,
        0.5289601,
        0.84746784
      ],
      [
        -0.264782876,
        -0.82425195,
        0.5004986
      ]
    ],
    "translation": [
      2.184065,
      0.9132426,
      -0.7905565
    ]
  },
  {
    "timeStamp": 77942,
    "rotation": [
      [
        0.9723474,
        -0.171159908,
        0.15888615
      ],
      [
        -0.03817074,
        0.5547161,
        0.831163645
      ],
      [
        -0.2303986,
        -0.814244568,
        0.53284353
      ]
    ],
    "translation": [
      2.18340087,
      0.8966478,
      -0.787408352
    ]
  },
  {
    "timeStamp": 77987,
    "rotation": [
      [
        0.980062,
        -0.149405435,
        0.130982965
      ],
      [
        -0.0231472217,
        0.568883836,
        0.822092056
      ],
      [
        -0.197339118,
        -0.808733046,
        0.554083169
      ]
    ],
    "translation": [
      2.18272185,
      0.8845916,
      -0.7856955
    ]
  },
  {
    "timeStamp": 78042,
    "rotation": [
      [
        0.985018,
        -0.1275226,
        0.116092511
      ],
      [
        -0.0177114718,
        0.5948211,
        0.803662956
      ],
      [
        -0.171539471,
        -0.793678641,
        0.5836509
      ]
    ],
    "translation": [
      2.18135738,
      0.8716932,
      -0.784793139
    ]
  },
  {
    "timeStamp": 78086,
    "rotation": [
      [
        0.9878983,
        -0.116941787,
        0.10189
      ],
      [
        -0.0109875919,
        0.602502942,
        0.798041
      ],
      [
        -0.154713377,
        -0.789502859,
        0.5939267
      ]
    ],
    "translation": [
      2.181017,
      0.8631927,
      -0.782639265
    ]
  },
  {
    "timeStamp": 78142,
    "rotation": [
      [
        0.989913344,
        -0.109541692,
        0.08984547
      ],
      [
        -0.00250148,
        0.620556355,
        0.7841579
      ],
      [
        -0.141652152,
        -0.7764731,
        0.614023
      ]
    ],
    "translation": [
      2.18196869,
      0.853825,
      -0.780128956
    ]
  },
  {
    "timeStamp": 78187,
    "rotation": [
      [
        0.9902406,
        -0.109077379,
        0.08675101
      ],
      [
        0.00102232024,
        0.628125548,
        0.778111339
      ],
      [
        -0.139364868,
        -0.7704287,
        0.6221069
      ]
    ],
    "translation": [
      2.182719,
      0.8480376,
      -0.7777248
    ]
  },
  {
    "timeStamp": 78233,
    "rotation": [
      [
        0.991725266,
        -0.0994051844,
        0.0812378749
      ],
      [
        0.00124679087,
        0.640228748,
        0.768183351
      ],
      [
        -0.128372222,
        -0.761725545,
        0.635054946
      ]
    ],
    "translation": [
      2.18218923,
      0.842817068,
      -0.7759105
    ]
  },
  {
    "timeStamp": 78290,
    "rotation": [
      [
        0.992852449,
        -0.09719731,
        0.06925833
      ],
      [
        0.010116579,
        0.646754742,
        0.762631
      ],
      [
        -0.118918829,
        -0.7564794,
        0.643115342
      ]
    ],
    "translation": [
      2.18229818,
      0.8373208,
      -0.773381
    ]
  },
  {
    "timeStamp": 78334,
    "rotation": [
      [
        0.993976355,
        -0.094237566,
        0.0559485443
      ],
      [
        0.0194191579,
        0.653871238,
        0.7563566
      ],
      [
        -0.107860349,
        -0.7507141,
        0.6517626
      ]
    ],
    "translation": [
      2.1831708,
      0.8332299,
      -0.7720136
    ]
  },
  {
    "timeStamp": 78390,
    "rotation": [
      [
        0.992831051,
        -0.09620944,
        0.07092394
      ],
      [
        0.0116226617,
        0.668274164,
        0.743824244
      ],
      [
        -0.118959546,
        -0.737667441,
        0.664601564
      ]
    ],
    "translation": [
      2.1832397,
      0.8284766,
      -0.770239234
    ]
  },
  {
    "timeStamp": 78434,
    "rotation": [
      [
        0.993930042,
        -0.08772111,
        0.06639368
      ],
      [
        0.0118550994,
        0.685389042,
        0.7280806
      ],
      [
        -0.109373532,
        -0.722874045,
        0.6822687
      ]
    ],
    "translation": [
      2.18314552,
      0.8244491,
      -0.7705364
    ]
  },
  {
    "timeStamp": 78490,
    "rotation": [
      [
        0.9928645,
        -0.08241362,
        0.08618638
      ],
      [
        -0.0004627251,
        0.720080733,
        0.693890154
      ],
      [
        -0.119247153,
        -0.6889788,
        0.7149044
      ]
    ],
    "translation": [
      2.1839273,
      0.819910347,
      -0.7725737
    ]
  }
]