[
  {
    "timeStamp": 176335,
    "rotation": [
      [
        0.999192536,
        -0.008112194,
        0.0393509977
      ],
      [
        0.00224633212,
        0.9891525,
        0.146875039
      ],
      [
        -0.0401156172,
        -0.146668047,
        0.988372
      ]
    ],
    "translation": [
      1.30677855,
      0.6907205,
      -0.49270016
    ]
  },
  {
    "timeStamp": 176391,
    "rotation": [
      [
        0.9993024,
        -0.0184566937,
        0.03246768
      ],
      [
        0.0132202413,
        0.987877,
        0.154674575
      ],
      [
        -0.0349288546,
        -0.154137433,
        0.9874318
      ]
    ],
    "translation": [
      1.31091571,
      0.690718055,
      -0.4961459
    ]
  },
  {
    "timeStamp": 176435,
    "rotation": [
      [
        0.998435259,
        -0.0174653418,
        -0.0531233847
      ],
      [
        0.0326083377,
        0.9535852,
        0.299352556
      ],
      [
        0.04542938,
        -0.3006164,
        0.9526625
      ]
    ],
    "translation": [
      1.31504416,
      0.686036468,
      -0.495463431
    ]
  },
  {
    "timeStamp": 176490,
    "rotation": [
      [
        0.999205,
        0.0109741148,
        -0.0383273661
      ],
      [
        -0.00507236272,
        0.9885498,
        0.150809452
      ],
      [
        0.0395435132,
        -0.150495142,
        0.987819552
      ]
    ],
    "translation": [
      1.32065213,
      0.6910695,
      -0.498641938
    ]
  },
  {
    "timeStamp": 176535,
    "rotation": [
      [
        0.9983456,
        -0.05749323,
        0.00064689765
      ],
      [
        0.05712998,
        0.993181348,
        0.1016212
      ],
      [
        -0.006485018,
        -0.101416126,
        0.9948229
      ]
    ],
    "translation": [
      1.33206248,
      0.698665559,
      -0.505768239
    ]
  },
  {
    "timeStamp": 176590,
    "rotation": [
      [
        0.9740858,
        -0.206184641,
        0.09297691
      ],
      [
        0.200941369,
        0.977593839,
        0.06271137
      ],
      [
        -0.103823781,
        -0.0424033478,
        0.9936914
      ]
    ],
    "translation": [
      1.34391081,
      0.7191396,
      -0.5210809
    ]
  },
  {
    "timeStamp": 176635,
    "rotation": [
      [
        0.9799393,
        -0.171600446,
        0.101352036
      ],
      [
        0.1658257,
        0.984143734,
        0.06295265
      ],
      [
        -0.110547669,
        -0.0448830053,
        0.99285686
      ]
    ],
    "translation": [
      1.34790838,
      0.7358556,
      -0.5313776
    ]
  },
  {
    "timeStamp": 176691,
    "rotation": [
      [
        0.9838077,
        -0.1291366,
        0.124282815
      ],
      [
        0.119294316,
        0.9893291,
        0.08364745
      ],
      [
        -0.133758545,
        -0.06746677,
        0.988714755
      ]
    ],
    "translation": [
      1.35524917,
      0.76066184,
      -0.543553352
    ]
  },
  {
    "timeStamp": 176735,
    "rotation": [
      [
        0.984454453,
        -0.08420286,
        0.1541406
      ],
      [
        0.07140976,
        0.993668437,
        0.08673942
      ],
      [
        -0.16046837,
        -0.07438386,
        0.984234154
      ]
    ],
    "translation": [
      1.36269307,
      0.784406364,
      -0.5553674
    ]
  },
  {
    "timeStamp": 176791,
    "rotation": [
      [
        0.983399153,
        -0.0490878858,
        0.174689934
      ],
      [
        0.0276627578,
        0.9920171,
        0.123032205
      ],
      [
        -0.17933479,
        -0.11615736,
        0.9769066
      ]
    ],
    "translation": [
      1.3780719,
      0.814311862,
      -0.5725611
    ]
  },
  {
    "timeStamp": 176835,
    "rotation": [
      [
        0.982597947,
        -0.0296939518,
        0.1833563
      ],
      [
        0.00264574378,
        0.9892764,
        0.146031648
      ],
      [
        -0.185726315,
        -0.143005282,
        0.9721395
      ]
    ],
    "translation": [
      1.39447463,
      0.8385527,
      -0.589960933
    ]
  },
  {
    "timeStamp": 176890,
    "rotation": [
      [
        0.9773315,
        0.00492450548,
        0.211657375
      ],
      [
        -0.03910994,
        0.986722946,
        0.157633319
      ],
      [
        -0.208070919,
        -0.162337914,
        0.964548
      ]
    ],
    "translation": [
      1.41688037,
      0.871582747,
      -0.613166869
    ]
  },
  {
    "timeStamp": 176935,
    "rotation": [
      [
        0.9769901,
        0.01374799,
        0.212841
      ],
      [
        -0.05207061,
        0.983098745,
        0.175515234
      ],
      [
        -0.206830725,
        -0.1825594,
        0.961193562
      ]
    ],
    "translation": [
      1.43990993,
      0.8970756,
      -0.6342614
    ]
  },
  {
    "timeStamp": 176991,
    "rotation": [
      [
        0.976923048,
        0.01427203,
        0.213114187
      ],
      [
        -0.0627189949,
        0.9729478,
        0.222348839
      ],
      [
        -0.2041756,
        -0.23058401,
        0.9513902
      ]
    ],
    "translation": [
      1.47301018,
      0.9279032,
      -0.6597988
    ]
  },
  {
    "timeStamp": 177035,
    "rotation": [
      [
        0.976883948,
        0.009282092,
        0.21356906
      ],
      [
        -0.06325753,
        0.9668658,
        0.247323856
      ],
      [
        -0.204196945,
        -0.255116552,
        0.945102751
      ]
    ],
    "translation": [
      1.50370383,
      0.9529472,
      -0.6810499
    ]
  },
  {
    "timeStamp": 177091,
    "rotation": [
      [
        0.973650336,
        -0.0007915856,
        0.2280447
      ],
      [
        -0.06522162,
        0.9572567,
        0.2817904
      ],
      [
        -0.218520358,
        -0.289238751,
        0.9319816
      ]
    ],
    "translation": [
      1.54692376,
      0.9837595,
      -0.7070156
    ]
  },
  {
    "timeStamp": 177135,
    "rotation": [
      [
        0.9730743,
        -0.01403473,
        0.230063781
      ],
      [
        -0.0585478619,
        0.9503556,
        0.3056083
      ],
      [
        -0.222931534,
        -0.310849339,
        0.9239449
      ]
    ],
    "translation": [
      1.58449817,
      1.00627077,
      -0.730066359
    ]
  },
  {
    "timeStamp": 177191,
    "rotation": [
      [
        0.9798945,
        -0.0386725776,
        0.195732489
      ],
      [
        -0.0324283876,
        0.937118769,
        0.3475008
      ],
      [
        -0.196863338,
        -0.346861422,
        0.9170235
      ]
    ],
    "translation": [
      1.63595283,
      1.02840161,
      -0.7601379
    ]
  },
  {
    "timeStamp": 177235,
    "rotation": [
      [
        0.977430344,
        -0.0688232854,
        0.199733078
      ],
      [
        -0.0106556956,
        0.9281816,
        0.371974975
      ],
      [
        -0.2109891,
        -0.3657079,
        0.906499445
      ]
    ],
    "translation": [
      1.67883348,
      1.04483819,
      -0.780174553
    ]
  },
  {
    "timeStamp": 177290,
    "rotation": [
      [
        0.974151552,
        -0.107295156,
        0.1987875
      ],
      [
        0.0230192915,
        0.9225674,
        0.385148644
      ],
      [
        -0.22471945,
        -0.3706172,
        0.901190341
      ]
    ],
    "translation": [
      1.73497081,
      1.06302524,
      -0.805863559
    ]
  },
  {
    "timeStamp": 177335,
    "rotation": [
      [
        0.968083143,
        -0.157340288,
        0.195087343
      ],
      [
        0.06432474,
        0.9082961,
        0.4133527
      ],
      [
        -0.242234126,
        -0.387610853,
        0.889427
      ]
    ],
    "translation": [
      1.78210032,
      1.0744797,
      -0.823298156
    ]
  },
  {
    "timeStamp": 177391,
    "rotation": [
      [
        0.952805,
        -0.2046175,
        0.22426407
      ],
      [
        0.09500859,
        0.9025964,
        0.419872731
      ],
      [
        -0.288333237,
        -0.378749818,
        0.879438758
      ]
    ],
    "translation": [
      1.83939517,
      1.0898881,
      -0.8434625
    ]
  },
  {
    "timeStamp": 177435,
    "rotation": [
      [
        0.940614462,
        -0.2439393,
        0.2360889
      ],
      [
        0.123462282,
        0.89364177,
        0.4314643
      ],
      [
        -0.31623,
        -0.3766935,
        0.8706897
      ]
    ],
    "translation": [
      1.88531947,
      1.10022366,
      -0.8583027
    ]
  },
  {
    "timeStamp": 177490,
    "rotation": [
      [
        0.9195096,
        -0.306290358,
        0.246349931
      ],
      [
        0.173921466,
        0.879082441,
        0.44380784
      ],
      [
        -0.352495968,
        -0.365240037,
        0.8615952
      ]
    ],
    "translation": [
      1.941382,
      1.10837781,
      -0.8732648
    ]
  },
  {
    "timeStamp": 177535,
    "rotation": [
      [
        0.9024075,
        -0.342480451,
        0.2614722
      ],
      [
        0.2062861,
        0.8761559,
        0.4356568
      ],
      [
        -0.378294349,
        -0.3392019,
        0.8612987
      ]
    ],
    "translation": [
      1.98163247,
      1.112559,
      -0.8842016
    ]
  },
  {
    "timeStamp": 177591,
    "rotation": [
      [
        0.885307133,
        -0.376006722,
        0.273587525
      ],
      [
        0.237701356,
        0.8716076,
        0.428717
      ],
      [
        -0.399661422,
        -0.3145141,
        0.8610178
      ]
    ],
    "translation": [
      2.02529716,
      1.11433136,
      -0.894149065
    ]
  },
  {
    "timeStamp": 177635,
    "rotation": [
      [
        0.8768497,
        -0.400491238,
        0.265972465
      ],
      [
        0.2663572,
        0.8652467,
        0.424737483
      ],
      [
        -0.400235444,
        -0.301587254,
        0.865365
      ]
    ],
    "translation": [
      2.0571022,
      1.11227977,
      -0.899392843
    ]
  },
  {
    "timeStamp": 177691,
    "rotation": [
      [
        0.868795335,
        -0.4170983,
        0.266877621
      ],
      [
        0.294134974,
        0.868274,
        0.39948085
      ],
      [
        -0.398345679,
        -0.268569082,
        0.877035558
      ]
    ],
    "translation": [
      2.09302115,
      1.10592186,
      -0.903892159
    ]
  },
  {
    "timeStamp": 177735,
    "rotation": [
      [
        0.863446832,
        -0.430561841,
        0.2628234
      ],
      [
        0.3227791,
        0.871975064,
        0.3680669
      ],
      [
        -0.387651,
        -0.232972309,
        0.8918804
      ]
    ],
    "translation": [
      2.12094522,
      1.09808946,
      -0.906046748
    ]
  },
  {
    "timeStamp": 177790,
    "rotation": [
      [
        0.8641317,
        -0.445487916,
        0.23413007
      ],
      [
        0.356534034,
        0.870243251,
        0.339941323
      ],
      [
        -0.3551899,
        -0.210278735,
        0.9108364
      ]
    ],
    "translation": [
      2.15302849,
      1.08451629,
      -0.905291557
    ]
  },
  {
    "timeStamp": 177835,
    "rotation": [
      [
        0.8673501,
        -0.446569234,
        0.219726488
      ],
      [
        0.3693744,
        0.8734778,
        0.317173421
      ],
      [
        -0.3335661,
        -0.19393906,
        0.922562361
      ]
    ],
    "translation": [
      2.1729424,
      1.07205045,
      -0.9002674
    ]
  },
  {
    "timeStamp": 177890,
    "rotation": [
      [
        0.8822993,
        -0.4325495,
        0.185604289
      ],
      [
        0.368589044,
        0.8801674,
        0.299077749
      ],
      [
        -0.292728782,
        -0.195464388,
        0.936004043
      ]
    ],
    "translation": [
      2.19179988,
      1.05482006,
      -0.88920933
    ]
  },
  {
    "timeStamp": 177935,
    "rotation": [
      [
        0.8990751,
        -0.404857665,
        0.166595936
      ],
      [
        0.349001735,
        0.8925483,
        0.2855787
      ],
      [
        -0.264313638,
        -0.198614433,
        0.9437641
      ]
    ],
    "translation": [
      2.201431,
      1.04097891,
      -0.8771375
    ]
  },
  {
    "timeStamp": 177990,
    "rotation": [
      [
        0.9182156,
        -0.3719464,
        0.136147022
      ],
      [
        0.3335282,
        0.9114881,
        0.240724653
      ],
      [
        -0.21363306,
        -0.17562826,
        0.9609972
      ]
    ],
    "translation": [
      2.2082262,
      1.02275574,
      -0.8657932
    ]
  },
  {
    "timeStamp": 178039,
    "rotation": [
      [
        0.931236744,
        -0.3470267,
        0.111223049
      ],
      [
        0.3182699,
        0.9231627,
        0.21558018
      ],
      [
        -0.177489057,
        -0.165357232,
        0.9701312
      ]
    ],
    "translation": [
      2.21100354,
      1.00679278,
      -0.8566412
    ]
  },
  {
    "timeStamp": 178085,
    "rotation": [
      [
        0.9437433,
        -0.319722176,
        0.08441823
      ],
      [
        0.302679032,
        0.938017368,
        0.168845743
      ],
      [
        -0.133169487,
        -0.13379541,
        0.982020736
      ]
    ],
    "translation": [
      2.21239424,
      0.988128066,
      -0.8486312
    ]
  },
  {
    "timeStamp": 178131,
    "rotation": [
      [
        0.9493371,
        -0.3076597,
        0.0640668347
      ],
      [
        0.296450824,
        0.944385469,
        0.142313436
      ],
      [
        -0.104287885,
        -0.116110764,
        0.9877461
      ]
    ],
    "translation": [
      2.21193814,
      0.9723223,
      -0.8439283
    ]
  },
  {
    "timeStamp": 178185,
    "rotation": [
      [
        0.954457,
        -0.296437562,
        0.03371455
      ],
      [
        0.292617947,
        0.952169657,
        0.08802149
      ],
      [
        -0.0581948459,
        -0.07414725,
        0.9955479
      ]
    ],
    "translation": [
      2.21155214,
      0.953633547,
      -0.8428012
    ]
  },
  {
    "timeStamp": 178240,
    "rotation": [
      [
        0.953190446,
        -0.302066833,
        0.0135486843
      ],
      [
        0.301184982,
        0.9524635,
        0.0458349921
      ],
      [
        -0.0267498586,
        -0.0396088175,
        0.9988572
      ]
    ],
    "translation": [
      2.21314359,
      0.9353847,
      -0.8413457
    ]
  },
  {
    "timeStamp": 178285,
    "rotation": [
      [
        0.9543663,
        -0.297593325,
        0.0249642637
      ],
      [
        0.297503829,
        0.9546926,
        0.007312058
      ],
      [
        -0.02600922,
        0.000448582723,
        0.999661565
      ]
    ],
    "translation": [
      2.213307,
      0.9237512,
      -0.8385128
    ]
  },
  {
    "timeStamp": 178340,
    "rotation": [
      [
        0.961272,
        -0.271910459,
        0.0449542925
      ],
      [
        0.2736001,
        0.961132646,
        -0.0369724259
      ],
      [
        -0.0331538469,
        0.0478400551,
        0.998304665
      ]
    ],
    "translation": [
      2.21100831,
      0.912739,
      -0.835464835
    ]
  },
  {
    "timeStamp": 178385,
    "rotation": [
      [
        0.9643861,
        -0.2589737,
        0.05377745
      ],
      [
        0.262786746,
        0.9612254,
        -0.0835999
      ],
      [
        -0.03004207,
        0.0947545841,
        0.9950473
      ]
    ],
    "translation": [
      2.20931888,
      0.9049504,
      -0.835634351
    ]
  },
  {
    "timeStamp": 178440,
    "rotation": [
      [
        0.9647963,
        -0.260197937,
        0.0382773243
      ],
      [
        0.26297763,
        0.9562746,
        -0.12799032
      ],
      [
        -0.00330081885,
        0.133550659,
        0.9910365
      ]
    ],
    "translation": [
      2.21025586,
      0.8962889,
      -0.837783635
    ]
  },
  {
    "timeStamp": 178485,
    "rotation": [
      [
        0.9642026,
        -0.263170868,
        0.03247263
      ],
      [
        0.265083,
        0.9535666,
        -0.142974436
      ],
      [
        0.006661889,
        0.146464258,
        0.9891935
      ]
    ],
    "translation": [
      2.21066022,
      0.889443457,
      -0.8369842
    ]
  },
  {
    "timeStamp": 178543,
    "rotation": [
      [
        0.9621625,
        -0.270089716,
        0.03598449
      ],
      [
        0.2718683,
        0.942789137,
        -0.1929671
      ],
      [
        0.0181926433,
        0.195448756,
        0.980545163
      ]
    ],
    "translation": [
      2.21224022,
      0.8842118,
      -0.838792
    ]
  },
  {
    "timeStamp": 178588,
    "rotation": [
      [
        0.960052133,
        -0.276403129,
        0.0436022766
      ],
      [
        0.278927654,
        0.9328553,
        -0.227991983
      ],
      [
        0.02234308,
        0.231046066,
        0.972686231
      ]
    ],
    "translation": [
      2.214747,
      0.880161762,
      -0.839649856
    ]
  },
  {
    "timeStamp": 178633,
    "rotation": [
      [
        0.9558687,
        -0.291071266,
        0.03990639
      ],
      [
        0.2920658,
        0.9267265,
        -0.236379951
      ],
      [
        0.0318211019,
        0.237603486,
        0.9708408
      ]
    ],
    "translation": [
      2.21874,
      0.8740814,
      -0.8390516
    ]
  },
  {
    "timeStamp": 178690,
    "rotation": [
      [
        0.951380551,
        -0.304463267,
        0.0466600545
      ],
      [
        0.306367457,
        0.919701338,
        -0.245536834
      ],
      [
        0.0318436325,
        0.2478941,
        0.9682636
      ]
    ],
    "translation": [
      2.22187614,
      0.8675909,
      -0.8372822
    ]
  },
  {
    "timeStamp": 178734,
    "rotation": [
      [
        0.948083639,
        -0.31243822,
        0.0593268
      ],
      [
        0.3166151,
        0.909801662,
        -0.268357575
      ],
      [
        0.0298695415,
        0.273209184,
        0.96149075
      ]
    ],
    "translation": [
      2.22273612,
      0.8647351,
      -0.8376713
    ]
  },
  {
    "timeStamp": 178790,
    "rotation": [
      [
        0.946794331,
        -0.316886365,
        0.05624542
      ],
      [
        0.3190471,
        0.9011654,
        -0.2934447
      ],
      [
        0.042302195,
        0.2957767,
        0.95432
      ]
    ],
    "translation": [
      2.22227716,
      0.862354457,
      -0.8404321
    ]
  },
  {
    "timeStamp": 178834,
    "rotation": [
      [
        0.942368269,
        -0.331910431,
        0.0421602167
      ],
      [
        0.329189718,
        0.89728,
        -0.294147432
      ],
      [
        0.0598010868,
        0.291073918,
        0.9548297
      ]
    ],
    "translation": [
      2.2225666,
      0.8582625,
      -0.84272
    ]
  },
  {
    "timeStamp": 178890,
    "rotation": [
      [
        0.9376244,
        -0.344694674,
        0.04523386
      ],
      [
        0.341586143,
        0.889242649,
        -0.3042472
      ],
      [
        0.06464852,
        0.300720841,
        0.951518536
      ]
    ],
    "translation": [
      2.22118616,
      0.8542374,
      -0.8442361
    ]
  },
  {
    "timeStamp": 178934,
    "rotation": [
      [
        0.934463859,
        -0.350114077,
        0.06478742
      ],
      [
        0.352777481,
        0.8857556,
        -0.3016373
      ],
      [
        0.048221644,
        0.3047247,
        0.9512189
      ]
    ],
    "translation": [
      2.218276,
      0.850555837,
      -0.843117
    ]
  },
  {
    "timeStamp": 178990,
    "rotation": [
      [
        0.921820462,
        -0.3752815,
        0.09700965
      ],
      [
        0.3871416,
        0.878994644,
        -0.278370142
      ],
      [
        0.019196216,
        0.294163764,
        0.955562234
      ]
    ],
    "translation": [
      2.216323,
      0.8430033,
      -0.8403715
    ]
  },
  {
    "timeStamp": 179034,
    "rotation": [
      [
        0.9063303,
        -0.409581631,
        0.103963248
      ],
      [
        0.422115624,
        0.8661208,
        -0.267680973
      ],
      [
        0.0195924714,
        0.286491871,
        0.9578823
      ]
    ],
    "translation": [
      2.21798086,
      0.838501453,
      -0.840731561
    ]
  }
]