[
  {
    "timeStamp": 143712,
    "rotation": [
      [
        0.01596897,
        0.9949984,
        0.0986064151
      ],
      [
        -0.113711879,
        -0.09617192,
        0.9888481
      ],
      [
        0.993385434,
        -0.027003618,
        0.111607365
      ]
    ],
    "translation": [
      1.15579414,
      0.703899443,
      -0.226594165
    ]
  },
  {
    "timeStamp": 143767,
    "rotation": [
      [
        0.04800922,
        0.9929832,
        0.108071148
      ],
      [
        -0.126493692,
        -0.101280622,
        0.986783445
      ],
      [
        0.9908049,
        -0.061045032,
        0.120743714
      ]
    ],
    "translation": [
      1.15515685,
      0.704521239,
      -0.225938857
    ]
  },
  {
    "timeStamp": 143812,
    "rotation": [
      [
        0.0153102549,
        0.996293843,
        0.08464123
      ],
      [
        -0.103041194,
        -0.08262835,
        0.99123913
      ],
      [
        0.9945592,
        -0.0238976851,
        0.101394244
      ]
    ],
    "translation": [
      1.15575635,
      0.7038256,
      -0.2266492
    ]
  },
  {
    "timeStamp": 143867,
    "rotation": [
      [
        0.0478065871,
        0.9913275,
        0.122410394
      ],
      [
        -0.126869,
        -0.115531631,
        0.985168338
      ],
      [
        0.990766764,
        -0.06262764,
        0.120245546
      ]
    ],
    "translation": [
      1.15622079,
      0.70930934,
      -0.228634745
    ]
  },
  {
    "timeStamp": 143912,
    "rotation": [
      [
        0.0380057469,
        0.991785645,
        0.122134708
      ],
      [
        -0.09761063,
        -0.1179539,
        0.98821
      ],
      [
        0.9944988,
        -0.049479302,
        0.09232589
      ]
    ],
    "translation": [
      1.16040051,
      0.7199602,
      -0.230508059
    ]
  },
  {
    "timeStamp": 143967,
    "rotation": [
      [
        0.08330855,
        0.983410537,
        0.161131591
      ],
      [
        -0.08671608,
        -0.153926313,
        0.9842698
      ],
      [
        0.9927437,
        -0.09597078,
        0.07245413
      ]
    ],
    "translation": [
      1.172012,
      0.7401497,
      -0.234789491
    ]
  },
  {
    "timeStamp": 144012,
    "rotation": [
      [
        0.09906976,
        0.9813126,
        0.164956957
      ],
      [
        -0.0567146875,
        -0.15993464,
        0.985497
      ],
      [
        0.9934629,
        -0.106988437,
        0.0398101471
      ]
    ],
    "translation": [
      1.18717825,
      0.7574696,
      -0.242007837
    ]
  },
  {
    "timeStamp": 144067,
    "rotation": [
      [
        0.132729545,
        0.9744952,
        0.180947691
      ],
      [
        -0.03583803,
        -0.177725017,
        0.9834274
      ],
      [
        0.9905042,
        -0.137014687,
        0.011334626
      ]
    ],
    "translation": [
      1.21418774,
      0.7797152,
      -0.257292032
    ]
  },
  {
    "timeStamp": 144112,
    "rotation": [
      [
        0.154310629,
        0.9659588,
        0.207633942
      ],
      [
        -0.0405643359,
        -0.203779951,
        0.978176
      ],
      [
        0.9871893,
        -0.159365475,
        0.0077380673
      ]
    ],
    "translation": [
      1.2413075,
      0.795032561,
      -0.277320564
    ]
  },
  {
    "timeStamp": 144167,
    "rotation": [
      [
        0.190745234,
        0.9610883,
        0.199813724
      ],
      [
        -0.0183062479,
        -0.200032949,
        0.979618132
      ],
      [
        0.981468856,
        -0.190515324,
        -0.02056141
      ]
    ],
    "translation": [
      1.28513908,
      0.808796763,
      -0.3049044
    ]
  },
  {
    "timeStamp": 144212,
    "rotation": [
      [
        0.246136874,
        0.9464653,
        0.208854333
      ],
      [
        -0.0382029936,
        -0.20584251,
        0.9778392
      ],
      [
        0.9684819,
        -0.248661131,
        -0.0145076234
      ]
    ],
    "translation": [
      1.32701421,
      0.8160258,
      -0.331630379
    ]
  },
  {
    "timeStamp": 144267,
    "rotation": [
      [
        0.258809954,
        0.9553941,
        0.14226605
      ],
      [
        0.0230966415,
        -0.153363168,
        0.987899959
      ],
      [
        0.9656521,
        -0.2523925,
        -0.0617583133
      ]
    ],
    "translation": [
      1.38529623,
      0.8247549,
      -0.366410136
    ]
  },
  {
    "timeStamp": 144312,
    "rotation": [
      [
        0.313966125,
        0.937458634,
        0.150321454
      ],
      [
        0.0298135486,
        -0.167983949,
        0.9853388
      ],
      [
        0.948965967,
        -0.3048814,
        -0.08069024
      ]
    ],
    "translation": [
      1.43608177,
      0.835174561,
      -0.3926943
    ]
  },
  {
    "timeStamp": 144367,
    "rotation": [
      [
        0.384219974,
        0.9176977,
        0.101024628
      ],
      [
        0.07850423,
        -0.141501978,
        0.9868203
      ],
      [
        0.9198979,
        -0.371225178,
        -0.126411036
      ]
    ],
    "translation": [
      1.51113,
      0.851797044,
      -0.4210675
    ]
  },
  {
    "timeStamp": 144412,
    "rotation": [
      [
        0.5152655,
        0.8513798,
        0.09825413
      ],
      [
        0.08212019,
        -0.163164243,
        0.983175337
      ],
      [
        0.8530871,
        -0.498527735,
        -0.153988391
      ]
    ],
    "translation": [
      1.57994866,
      0.8727417,
      -0.4416953
    ]
  },
  {
    "timeStamp": 144467,
    "rotation": [
      [
        0.624298155,
        0.7797169,
        0.0478891544
      ],
      [
        0.114166938,
        -0.151711762,
        0.981809258
      ],
      [
        0.7727986,
        -0.6074744,
        -0.183731273
      ]
    ],
    "translation": [
      1.663149,
      0.898891032,
      -0.472676
    ]
  },
  {
    "timeStamp": 144512,
    "rotation": [
      [
        0.656854331,
        0.7533429,
        -0.0318885744
      ],
      [
        0.186099276,
        -0.120990142,
        0.9750531
      ],
      [
        0.730691135,
        -0.64640224,
        -0.219669476
      ]
    ],
    "translation": [
      1.72577679,
      0.919303536,
      -0.496109337
    ]
  },
  {
    "timeStamp": 144567,
    "rotation": [
      [
        0.7370845,
        0.67144376,
        -0.07661446
      ],
      [
        0.2097965,
        -0.119579151,
        0.9704052
      ],
      [
        0.642411053,
        -0.7313441,
        -0.229006484
      ]
    ],
    "translation": [
      1.80192018,
      0.9383338,
      -0.527819753
    ]
  },
  {
    "timeStamp": 144612,
    "rotation": [
      [
        0.7940002,
        0.5994136,
        -0.101326272
      ],
      [
        0.210551858,
        -0.114793368,
        0.9708195
      ],
      [
        0.5702908,
        -0.7921653,
        -0.2173536
      ]
    ],
    "translation": [
      1.85922718,
      0.9466743,
      -0.5547772
    ]
  },
  {
    "timeStamp": 144667,
    "rotation": [
      [
        0.8528239,
        0.491323739,
        -0.176896781
      ],
      [
        0.250931948,
        -0.0884975344,
        0.963950932
      ],
      [
        0.457957059,
        -0.8664694,
        -0.198761627
      ]
    ],
    "translation": [
      1.92837679,
      0.9551145,
      -0.5877408
    ]
  },
  {
    "timeStamp": 144712,
    "rotation": [
      [
        0.892369747,
        0.417681158,
        -0.1709348
      ],
      [
        0.231417283,
        -0.09832023,
        0.9678735
      ],
      [
        0.387456149,
        -0.9032583,
        -0.184396625
      ]
    ],
    "translation": [
      1.97136152,
      0.955809,
      -0.611343
    ]
  },
  {
    "timeStamp": 144767,
    "rotation": [
      [
        0.926618159,
        0.3224863,
        -0.193342552
      ],
      [
        0.226468086,
        -0.0681963041,
        0.971628249
      ],
      [
        0.300151557,
        -0.9441143,
        -0.136224791
      ]
    ],
    "translation": [
      2.02012968,
      0.950806141,
      -0.6395814
    ]
  },
  {
    "timeStamp": 144812,
    "rotation": [
      [
        0.943389535,
        0.282119274,
        -0.174427256
      ],
      [
        0.206567377,
        -0.088275604,
        0.974442065
      ],
      [
        0.259511232,
        -0.9553094,
        -0.141554922
      ]
    ],
    "translation": [
      2.048166,
      0.947029352,
      -0.654798031
    ]
  },
  {
    "timeStamp": 144867,
    "rotation": [
      [
        0.952189147,
        0.257101148,
        -0.165029585
      ],
      [
        0.184568554,
        -0.0536428355,
        0.9813546
      ],
      [
        0.243454725,
        -0.964894533,
        -0.09853092
      ]
    ],
    "translation": [
      2.07324314,
      0.9354975,
      -0.671197534
    ]
  },
  {
    "timeStamp": 144912,
    "rotation": [
      [
        0.957318366,
        0.255579621,
        -0.134983569
      ],
      [
        0.157098711,
        -0.06809337,
        0.9852326
      ],
      [
        0.242613882,
        -0.964387059,
        -0.105338268
      ]
    ],
    "translation": [
      2.08636713,
      0.9284048,
      -0.677738667
    ]
  },
  {
    "timeStamp": 144964,
    "rotation": [
      [
        0.963196456,
        0.250606179,
        -0.0972067
      ],
      [
        0.112290576,
        -0.0465756468,
        0.9925833
      ],
      [
        0.244220063,
        -0.9669681,
        -0.07300221
      ]
    ],
    "translation": [
      2.094931,
      0.915330648,
      -0.6858709
    ]
  },
  {
    "timeStamp": 145018,
    "rotation": [
      [
        0.965372145,
        0.2553728,
        -0.05330395
      ],
      [
        0.07646275,
        -0.08162779,
        0.9937255
      ],
      [
        0.249419376,
        -0.963390648,
        -0.0983277038
      ]
    ],
    "translation": [
      2.09637666,
      0.9071335,
      -0.6861873
    ]
  },
  {
    "timeStamp": 145062,
    "rotation": [
      [
        0.960241556,
        0.2777047,
        -0.0285699666
      ],
      [
        0.04625465,
        -0.05733898,
        0.9972827
      ],
      [
        0.2753119,
        -0.958953738,
        -0.0679044053
      ]
    ],
    "translation": [
      2.092654,
      0.8971505,
      -0.6885786
    ]
  },
  {
    "timeStamp": 145117,
    "rotation": [
      [
        0.9594417,
        0.2818912,
        -0.002999396
      ],
      [
        0.0265364517,
        -0.07971653,
        0.9964643
      ],
      [
        0.2806554,
        -0.9561291,
        -0.08396376
      ]
    ],
    "translation": [
      2.09088969,
      0.890638947,
      -0.685998559
    ]
  },
  {
    "timeStamp": 145162,
    "rotation": [
      [
        0.954486847,
        0.296878219,
        0.0286057573
      ],
      [
        -0.0066203163,
        -0.0747983158,
        0.9971767
      ],
      [
        0.298179716,
        -0.9519814,
        -0.06942858
      ]
    ],
    "translation": [
      2.08795714,
      0.882807136,
      -0.6852909
    ]
  },
  {
    "timeStamp": 145217,
    "rotation": [
      [
        0.9518972,
        0.3019103,
        0.0523640476
      ],
      [
        -0.0301227923,
        -0.07786234,
        0.996508956
      ],
      [
        0.304933518,
        -0.950151443,
        -0.06502255
      ]
    ],
    "translation": [
      2.08518314,
      0.8764322,
      -0.683044
    ]
  },
  {
    "timeStamp": 145262,
    "rotation": [
      [
        0.9519524,
        0.3035454,
        0.0405826233
      ],
      [
        -0.0213063881,
        -0.06654938,
        0.9975556
      ],
      [
        0.305504143,
        -0.9504901,
        -0.0568843856
      ]
    ],
    "translation": [
      2.08629751,
      0.874130547,
      -0.682825446
    ]
  },
  {
    "timeStamp": 145317,
    "rotation": [
      [
        0.951016843,
        0.303359479,
        0.05949766
      ],
      [
        -0.0395046771,
        -0.071626775,
        0.996648848
      ],
      [
        0.306604534,
        -0.9501803,
        -0.05613415
      ]
    ],
    "translation": [
      2.085538,
      0.872707963,
      -0.6828281
    ]
  },
  {
    "timeStamp": 145362,
    "rotation": [
      [
        0.9527698,
        0.299726963,
        0.0489222221
      ],
      [
        -0.0302719828,
        -0.06655737,
        0.9973233
      ],
      [
        0.3021808,
        -0.9517005,
        -0.05434053
      ]
    ],
    "translation": [
      2.087718,
      0.8725404,
      -0.6828895
    ]
  }
]