[
  {
    "timeStamp": 140491,
    "rotation": [
      [
        0.9069563,
        -0.41775924,
        0.05392158
      ],
      [
        -0.0583055951,
        0.00227184454,
        0.9982962
      ],
      [
        -0.41717,
        -0.908555,
        -0.0222972371
      ]
    ],
    "translation": [
      1.45886838,
      0.703214943,
      -0.494015723
    ]
  },
  {
    "timeStamp": 140547,
    "rotation": [
      [
        0.9080719,
        -0.4173536,
        0.0349489376
      ],
      [
        -0.0400278419,
        -0.003420198,
        0.9991927
      ],
      [
        -0.416897148,
        -0.9087378,
        -0.0198115483
      ]
    ],
    "translation": [
      1.45880187,
      0.7027158,
      -0.494040549
    ]
  },
  {
    "timeStamp": 140591,
    "rotation": [
      [
        0.9063379,
        -0.418443918,
        0.05879042
      ],
      [
        -0.07116175,
        -0.0140066482,
        0.9973664
      ],
      [
        -0.41651845,
        -0.908134639,
        -0.0424719565
      ]
    ],
    "translation": [
      1.45887482,
      0.7036665,
      -0.494082779
    ]
  },
  {
    "timeStamp": 140647,
    "rotation": [
      [
        0.9168179,
        -0.396455318,
        0.0476244353
      ],
      [
        -0.0531902,
        -0.00304936152,
        0.998579741
      ],
      [
        -0.395747,
        -0.9180489,
        -0.0238832477
      ]
    ],
    "translation": [
      1.45876193,
      0.7030935,
      -0.495906
    ]
  },
  {
    "timeStamp": 140691,
    "rotation": [
      [
        0.938022435,
        -0.346243262,
        -0.0151498253
      ],
      [
        -0.007040679,
        -0.06274177,
        0.998005
      ],
      [
        -0.346503019,
        -0.9360444,
        -0.06129098
      ]
    ],
    "translation": [
      1.46807313,
      0.7135732,
      -0.4968423
    ]
  },
  {
    "timeStamp": 140747,
    "rotation": [
      [
        0.961957157,
        -0.273196578,
        -0.00144227978
      ],
      [
        -0.0253740828,
        -0.09459901,
        0.995192051
      ],
      [
        -0.2720195,
        -0.957295537,
        -0.09793231
      ]
    ],
    "translation": [
      1.47174835,
      0.731064558,
      -0.497889727
    ]
  },
  {
    "timeStamp": 140791,
    "rotation": [
      [
        0.976690054,
        -0.214485288,
        0.008520822
      ],
      [
        -0.03422013,
        -0.116392963,
        0.992613554
      ],
      [
        -0.211909235,
        -0.9697674,
        -0.121019572
      ]
    ],
    "translation": [
      1.47958851,
      0.7462415,
      -0.5024104
    ]
  },
  {
    "timeStamp": 140847,
    "rotation": [
      [
        0.9900591,
        -0.128708377,
        0.05671995
      ],
      [
        -0.0754612,
        -0.145758376,
        0.9864381
      ],
      [
        -0.118695445,
        -0.980912149,
        -0.154021889
      ]
    ],
    "translation": [
      1.49175954,
      0.7683138,
      -0.51077497
    ]
  },
  {
    "timeStamp": 140891,
    "rotation": [
      [
        0.9950954,
        0.0136205824,
        0.09797791
      ],
      [
        -0.09428101,
        -0.169173464,
        0.981066465
      ],
      [
        0.0299379677,
        -0.98549217,
        -0.167059571
      ]
    ],
    "translation": [
      1.50151229,
      0.7858494,
      -0.524152339
    ]
  },
  {
    "timeStamp": 140947,
    "rotation": [
      [
        0.9861193,
        0.05829689,
        0.1554676
      ],
      [
        -0.142475843,
        -0.183709279,
        0.9726004
      ],
      [
        0.08526042,
        -0.9812504,
        -0.172853366
      ]
    ],
    "translation": [
      1.53102446,
      0.8070969,
      -0.5396572
    ]
  },
  {
    "timeStamp": 140991,
    "rotation": [
      [
        0.972403049,
        0.09503464,
        0.213074625
      ],
      [
        -0.187149137,
        -0.22760053,
        0.955601
      ],
      [
        0.139311075,
        -0.969106,
        -0.203533784
      ]
    ],
    "translation": [
      1.55742764,
      0.8267932,
      -0.5502629
    ]
  },
  {
    "timeStamp": 141046,
    "rotation": [
      [
        0.985472739,
        0.0967626,
        0.139572248
      ],
      [
        -0.112804741,
        -0.241413713,
        0.9638436
      ],
      [
        0.1269587,
        -0.965586,
        -0.226991355
      ]
    ],
    "translation": [
      1.61503136,
      0.839873552,
      -0.562819362
    ]
  },
  {
    "timeStamp": 141091,
    "rotation": [
      [
        0.9905041,
        0.0460907035,
        0.129527166
      ],
      [
        -0.114186443,
        -0.248922855,
        0.9617686
      ],
      [
        0.07657085,
        -0.967426,
        -0.241296172
      ]
    ],
    "translation": [
      1.66244948,
      0.8535304,
      -0.571421266
    ]
  },
  {
    "timeStamp": 141146,
    "rotation": [
      [
        0.9995748,
        0.0219477527,
        0.0191983469
      ],
      [
        -0.0133507848,
        -0.240857676,
        0.97046864
      ],
      [
        0.0259236712,
        -0.9703123,
        -0.240462244
      ]
    ],
    "translation": [
      1.72995579,
      0.864082,
      -0.5892798
    ]
  },
  {
    "timeStamp": 141191,
    "rotation": [
      [
        0.998351455,
        -0.0556995273,
        -0.0138510894
      ],
      [
        -0.002285734,
        -0.2797172,
        0.9600797
      ],
      [
        -0.0573503748,
        -0.958465338,
        -0.2793834
      ]
    ],
    "translation": [
      1.78240347,
      0.8817283,
      -0.597409844
    ]
  },
  {
    "timeStamp": 141246,
    "rotation": [
      [
        0.986630738,
        -0.154491916,
        -0.051885426
      ],
      [
        0.00411223946,
        -0.2946689,
        0.955590546
      ],
      [
        -0.162920043,
        -0.9430284,
        -0.290094078
      ]
    ],
    "translation": [
      1.84592521,
      0.9005284,
      -0.61341083
    ]
  },
  {
    "timeStamp": 141290,
    "rotation": [
      [
        0.9685141,
        -0.216305047,
        -0.123257875
      ],
      [
        0.0448470227,
        -0.335411251,
        0.94100374
      ],
      [
        -0.244885936,
        -0.916903138,
        -0.3151499
      ]
    ],
    "translation": [
      1.89912772,
      0.916328,
      -0.624998
    ]
  },
  {
    "timeStamp": 141346,
    "rotation": [
      [
        0.9443282,
        -0.289124757,
        -0.157007024
      ],
      [
        0.0414122678,
        -0.3689665,
        0.928519666
      ],
      [
        -0.326388359,
        -0.883329332,
        -0.336452127
      ]
    ],
    "translation": [
      1.95386386,
      0.9346854,
      -0.6386896
    ]
  },
  {
    "timeStamp": 141390,
    "rotation": [
      [
        0.921156,
        -0.351016879,
        -0.1681035
      ],
      [
        0.0197120588,
        -0.389294744,
        0.9209023
      ],
      [
        -0.388694048,
        -0.851608336,
        -0.351681918
      ]
    ],
    "translation": [
      1.99144185,
      0.9446464,
      -0.648512959
    ]
  },
  {
    "timeStamp": 141446,
    "rotation": [
      [
        0.89574033,
        -0.400406063,
        -0.193194628
      ],
      [
        0.0182315968,
        -0.401108652,
        0.91584903
      ],
      [
        -0.444203526,
        -0.8238852,
        -0.35198918
      ]
    ],
    "translation": [
      2.03269148,
      0.94866693,
      -0.65961045
    ]
  },
  {
    "timeStamp": 141491,
    "rotation": [
      [
        0.87684536,
        -0.409185946,
        -0.252406478
      ],
      [
        0.0793554857,
        -0.394620568,
        0.915411
      ],
      [
        -0.4741781,
        -0.8227037,
        -0.313550055
      ]
    ],
    "translation": [
      2.06479955,
      0.945371747,
      -0.67153883
    ]
  },
  {
    "timeStamp": 141546,
    "rotation": [
      [
        0.8590322,
        -0.448112756,
        -0.24750489
      ],
      [
        0.07784278,
        -0.363517135,
        0.9283296
      ],
      [
        -0.5059686,
        -0.816731453,
        -0.277390569
      ]
    ],
    "translation": [
      2.09331465,
      0.9371862,
      -0.684024
    ]
  },
  {
    "timeStamp": 141597,
    "rotation": [
      [
        0.8741304,
        -0.428052276,
        -0.229493573
      ],
      [
        0.0885620341,
        -0.3241123,
        0.941864133
      ],
      [
        -0.477548718,
        -0.8436365,
        -0.245407224
      ]
    ],
    "translation": [
      2.108159,
      0.923326254,
      -0.6941173
    ]
  },
  {
    "timeStamp": 141641,
    "rotation": [
      [
        0.8799363,
        -0.417753369,
        -0.226261675
      ],
      [
        0.104000427,
        -0.2953216,
        0.9497205
      ],
      [
        -0.463568926,
        -0.8592248,
        -0.21641767
      ]
    ],
    "translation": [
      2.11620975,
      0.910782933,
      -0.700382531
    ]
  },
  {
    "timeStamp": 141697,
    "rotation": [
      [
        0.9015381,
        -0.3801633,
        -0.206651628
      ],
      [
        0.116207585,
        -0.2473175,
        0.961940646
      ],
      [
        -0.416803151,
        -0.891240656,
        -0.178788275
      ]
    ],
    "translation": [
      2.12193346,
      0.89405334,
      -0.707487166
    ]
  },
  {
    "timeStamp": 141741,
    "rotation": [
      [
        0.9035118,
        -0.393457055,
        -0.1698762
      ],
      [
        0.08638321,
        -0.221051857,
        0.9714289
      ],
      [
        -0.419767,
        -0.892371953,
        -0.165734872
      ]
    ],
    "translation": [
      2.12397885,
      0.885132,
      -0.7104348
    ]
  },
  {
    "timeStamp": 141797,
    "rotation": [
      [
        0.9168103,
        -0.36988014,
        -0.150491327
      ],
      [
        0.0850156,
        -0.187429532,
        0.9785921
      ],
      [
        -0.3901683,
        -0.9099774,
        -0.140391722
      ]
    ],
    "translation": [
      2.12511444,
      0.873951554,
      -0.7138958
    ]
  },
  {
    "timeStamp": 141841,
    "rotation": [
      [
        0.9172272,
        -0.372887224,
        -0.140176132
      ],
      [
        0.07687872,
        -0.179573163,
        0.980736
      ],
      [
        -0.390875816,
        -0.9103343,
        -0.1360423
      ]
    ],
    "translation": [
      2.12645364,
      0.8683791,
      -0.71408397
    ]
  },
  {
    "timeStamp": 141897,
    "rotation": [
      [
        0.927754462,
        -0.350559771,
        -0.127982616
      ],
      [
        0.07276315,
        -0.166439727,
        0.9833633
      ],
      [
        -0.366029024,
        -0.921632051,
        -0.128907353
      ]
    ],
    "translation": [
      2.125175,
      0.861117542,
      -0.7138521
    ]
  },
  {
    "timeStamp": 141942,
    "rotation": [
      [
        0.9268123,
        -0.353591025,
        -0.126460791
      ],
      [
        0.07912857,
        -0.1453103,
        0.9862168
      ],
      [
        -0.3670935,
        -0.9240445,
        -0.106696211
      ]
    ],
    "translation": [
      2.12665272,
      0.8549059,
      -0.71429
    ]
  },
  {
    "timeStamp": 141998,
    "rotation": [
      [
        0.930613458,
        -0.3433526,
        -0.126758456
      ],
      [
        0.07871102,
        -0.150480077,
        0.985474646
      ],
      [
        -0.357439935,
        -0.92707324,
        -0.113013148
      ]
    ],
    "translation": [
      2.1276412,
      0.8527343,
      -0.7128754
    ]
  }
]