[
  {
    "timeStamp": 112804,
    "rotation": [
      [
        0.9998175,
        -0.015685562,
        0.0109071592
      ],
      [
        -0.00119987,
        0.518223941,
        0.85524416
      ],
      [
        -0.0190673359,
        -0.855101168,
        0.5181105
      ]
    ],
    "translation": [
      1.615274,
      0.7208156,
      -0.7501093
    ]
  },
  {
    "timeStamp": 112849,
    "rotation": [
      [
        0.9997107,
        -0.02342706,
        -0.005442372
      ],
      [
        0.0168880485,
        0.522652,
        0.852378845
      ],
      [
        -0.0171242636,
        -0.8522242,
        0.522896469
      ]
    ],
    "translation": [
      1.61487544,
      0.72087574,
      -0.750241041
    ]
  },
  {
    "timeStamp": 112904,
    "rotation": [
      [
        0.9997319,
        0.000807818433,
        -0.0231393557
      ],
      [
        0.0192928575,
        0.5234795,
        0.8518198
      ],
      [
        0.012801093,
        -0.8520379,
        0.523323655
      ]
    ],
    "translation": [
      1.61593091,
      0.720899343,
      -0.750419736
    ]
  },
  {
    "timeStamp": 112949,
    "rotation": [
      [
        0.9998231,
        -0.0182202943,
        0.004670624
      ],
      [
        0.00610317057,
        0.5491342,
        0.8357119
      ],
      [
        -0.0177917164,
        -0.8355355,
        0.549148262
      ]
    ],
    "translation": [
      1.61505914,
      0.722118139,
      -0.7495855
    ]
  },
  {
    "timeStamp": 113004,
    "rotation": [
      [
        0.999439061,
        -9.82854544E-05,
        0.03348782
      ],
      [
        -0.02867861,
        0.513822436,
        0.857417047
      ],
      [
        -0.0172910672,
        -0.8578965,
        0.513531446
      ]
    ],
    "translation": [
      1.61465859,
      0.7261764,
      -0.7447883
    ]
  },
  {
    "timeStamp": 113049,
    "rotation": [
      [
        0.9995601,
        -0.0142759839,
        0.02599769
      ],
      [
        -0.015770087,
        0.4865543,
        0.873508
      ],
      [
        -0.025119476,
        -0.8735337,
        0.486115128
      ]
    ],
    "translation": [
      1.61899066,
      0.7336342,
      -0.7396903
    ]
  },
  {
    "timeStamp": 113104,
    "rotation": [
      [
        0.9986399,
        -0.03773766,
        0.0359754376
      ],
      [
        -0.015135685,
        0.450455129,
        0.892670751
      ],
      [
        -0.0498926267,
        -0.8920011,
        0.449271262
      ]
    ],
    "translation": [
      1.62709248,
      0.7474197,
      -0.73107785
    ]
  },
  {
    "timeStamp": 113149,
    "rotation": [
      [
        0.9967583,
        -0.0714103058,
        0.0370623656
      ],
      [
        -0.004722808,
        0.407930851,
        0.9130006
      ],
      [
        -0.0803165361,
        -0.9102159,
        0.40627116
      ]
    ],
    "translation": [
      1.63879657,
      0.7614783,
      -0.721232355
    ]
  },
  {
    "timeStamp": 113204,
    "rotation": [
      [
        0.9828615,
        -0.157375291,
        0.09600149
      ],
      [
        -0.0266816914,
        0.3938414,
        0.918791056
      ],
      [
        -0.182404384,
        -0.905605853,
        0.3828925
      ]
    ],
    "translation": [
      1.657645,
      0.784868,
      -0.707272
    ]
  },
  {
    "timeStamp": 113249,
    "rotation": [
      [
        0.972228646,
        -0.215667188,
        0.09088029
      ],
      [
        -0.0158061311,
        0.326926082,
        0.944917738
      ],
      [
        -0.233498871,
        -0.92011255,
        0.314438015
      ]
    ],
    "translation": [
      1.68395114,
      0.803100169,
      -0.692836046
    ]
  },
  {
    "timeStamp": 113304,
    "rotation": [
      [
        0.9410033,
        -0.321116358,
        0.106756449
      ],
      [
        -0.01612879,
        0.272558182,
        0.9620041
      ],
      [
        -0.3380126,
        -0.906971,
        0.251298964
      ]
    ],
    "translation": [
      1.72425222,
      0.828819454,
      -0.6761441
    ]
  },
  {
    "timeStamp": 113349,
    "rotation": [
      [
        0.9180882,
        -0.3884521,
        0.0788606
      ],
      [
        -0.00625787163,
        0.1847244,
        0.982770443
      ],
      [
        -0.396326721,
        -0.9027634,
        0.167162418
      ]
    ],
    "translation": [
      1.764787,
      0.85030365,
      -0.662583768
    ]
  },
  {
    "timeStamp": 113404,
    "rotation": [
      [
        0.8567192,
        -0.5057054,
        0.1014604
      ],
      [
        -0.0274911057,
        0.151661023,
        0.988050163
      ],
      [
        -0.515049934,
        -0.8492708,
        0.11602851
      ]
    ],
    "translation": [
      1.81801128,
      0.876833141,
      -0.6509367
    ]
  },
  {
    "timeStamp": 113449,
    "rotation": [
      [
        0.8067453,
        -0.5850866,
        0.08267781
      ],
      [
        -0.039704822,
        0.0859272853,
        0.9955099
      ],
      [
        -0.589563847,
        -0.806405663,
        0.0460906737
      ]
    ],
    "translation": [
      1.86417055,
      0.8963791,
      -0.642997146
    ]
  },
  {
    "timeStamp": 113504,
    "rotation": [
      [
        0.728969753,
        -0.67824316,
        0.09267908
      ],
      [
        -0.0554729663,
        0.07641341,
        0.9955319
      ],
      [
        -0.6822946,
        -0.7308538,
        0.0180789
      ]
    ],
    "translation": [
      1.91748571,
      0.9141387,
      -0.6412814
    ]
  },
  {
    "timeStamp": 113549,
    "rotation": [
      [
        0.670974731,
        -0.736622334,
        0.08473745
      ],
      [
        -0.0799111649,
        0.04177699,
        0.995926142
      ],
      [
        -0.7371616,
        -0.6750127,
        -0.03083305
      ]
    ],
    "translation": [
      1.95493841,
      0.924742937,
      -0.6375955
    ]
  },
  {
    "timeStamp": 113604,
    "rotation": [
      [
        0.603256,
        -0.790182352,
        0.108138546
      ],
      [
        -0.101124108,
        0.0587117262,
        0.993139863
      ],
      [
        -0.791110635,
        -0.610053,
        -0.04448829
      ]
    ],
    "translation": [
      1.99452853,
      0.9284495,
      -0.6363626
    ]
  },
  {
    "timeStamp": 113656,
    "rotation": [
      [
        0.5251139,
        -0.840612531,
        0.132763
      ],
      [
        -0.138222218,
        0.06968767,
        0.9879465
      ],
      [
        -0.83973217,
        -0.5371352,
        -0.07959736
      ]
    ],
    "translation": [
      2.021318,
      0.9264804,
      -0.631143451
    ]
  },
  {
    "timeStamp": 113699,
    "rotation": [
      [
        0.46587193,
        -0.8811691,
        0.08064977
      ],
      [
        -0.106948867,
        0.0344028324,
        0.993669152
      ],
      [
        -0.8783651,
        -0.471547961,
        -0.07821272
      ]
    ],
    "translation": [
      2.05472827,
      0.916988134,
      -0.6294637
    ]
  },
  {
    "timeStamp": 113754,
    "rotation": [
      [
        0.352054119,
        -0.9217103,
        0.162812725
      ],
      [
        -0.1573285,
        0.113199517,
        0.981037
      ],
      [
        -0.922662258,
        -0.370993167,
        -0.105158947
      ]
    ],
    "translation": [
      2.07282376,
      0.9062812,
      -0.625559032
    ]
  },
  {
    "timeStamp": 113799,
    "rotation": [
      [
        0.343998581,
        -0.9304533,
        0.126180753
      ],
      [
        -0.132949576,
        0.08476296,
        0.9874916
      ],
      [
        -0.9295103,
        -0.35647136,
        -0.09454504
      ]
    ],
    "translation": [
      2.08679,
      0.8959546,
      -0.6251286
    ]
  },
  {
    "timeStamp": 113854,
    "rotation": [
      [
        0.2713064,
        -0.945595264,
        0.179561511
      ],
      [
        -0.146495178,
        0.143816262,
        0.9787012
      ],
      [
        -0.9512791,
        -0.291832834,
        -0.09950687
      ]
    ],
    "translation": [
      2.09604669,
      0.885054469,
      -0.6239414
    ]
  },
  {
    "timeStamp": 113899,
    "rotation": [
      [
        0.265321225,
        -0.9410296,
        0.209923759
      ],
      [
        -0.1667019,
        0.169674888,
        0.9712986
      ],
      [
        -0.9496395,
        -0.2927008,
        -0.111853071
      ]
    ],
    "translation": [
      2.097447,
      0.878601849,
      -0.6223485
    ]
  },
  {
    "timeStamp": 113954,
    "rotation": [
      [
        0.23623839,
        -0.9524262,
        0.192550689
      ],
      [
        -0.138586223,
        0.16310887,
        0.9768262
      ],
      [
        -0.961761534,
        -0.257448673,
        -0.09346057
      ]
    ],
    "translation": [
      2.10676432,
      0.867858946,
      -0.6255498
    ]
  },
  {
    "timeStamp": 113999,
    "rotation": [
      [
        0.218039647,
        -0.9483831,
        0.230278656
      ],
      [
        -0.164806932,
        0.196786389,
        0.966495633
      ],
      [
        -0.961923838,
        -0.248685881,
        -0.11339286
      ]
    ],
    "translation": [
      2.106998,
      0.8638501,
      -0.6253777
    ]
  },
  {
    "timeStamp": 114054,
    "rotation": [
      [
        0.23490946,
        -0.947131038,
        0.218541592
      ],
      [
        -0.136011183,
        0.190592557,
        0.972201347
      ],
      [
        -0.962454438,
        -0.2581034,
        -0.08404842
      ]
    ],
    "translation": [
      2.10857,
      0.8547667,
      -0.6285447
    ]
  },
  {
    "timeStamp": 114099,
    "rotation": [
      [
        0.21742487,
        -0.9479767,
        0.232522041
      ],
      [
        -0.141702592,
        0.205041185,
        0.968441248
      ],
      [
        -0.9657363,
        -0.2435122,
        -0.0897497
      ]
    ],
    "translation": [
      2.1098628,
      0.8511209,
      -0.6294013
    ]
  },
  {
    "timeStamp": 114155,
    "rotation": [
      [
        0.229050025,
        -0.9415165,
        0.2471493
      ],
      [
        -0.135514066,
        0.220584571,
        0.965908051
      ],
      [
        -0.9639357,
        -0.254733473,
        -0.07706382
      ]
    ],
    "translation": [
      2.10749626,
      0.847121,
      -0.631624162
    ]
  },
  {
    "timeStamp": 114201,
    "rotation": [
      [
        0.221300781,
        -0.9450469,
        0.24064976
      ],
      [
        -0.130258262,
        0.215912029,
        0.9676853
      ],
      [
        -0.966467142,
        -0.245496124,
        -0.0753186643
      ]
    ],
    "translation": [
      2.10776353,
      0.8451284,
      -0.6326986
    ]
  },
  {
    "timeStamp": 114258,
    "rotation": [
      [
        0.233078331,
        -0.9357437,
        0.264685273
      ],
      [
        -0.136301771,
        0.2380595,
        0.961639
      ],
      [
        -0.962858438,
        -0.260214269,
        -0.07205701
      ]
    ],
    "translation": [
      2.10484028,
      0.8425411,
      -0.6332847
    ]
  },
  {
    "timeStamp": 114304,
    "rotation": [
      [
        0.240007162,
        -0.9378862,
        0.250531465
      ],
      [
        -0.12331751,
        0.22652857,
        0.966166437
      ],
      [
        -0.9629067,
        -0.262781769,
        -0.06128931
      ]
    ],
    "translation": [
      2.105059,
      0.840840042,
      -0.634162
    ]
  },
  {
    "timeStamp": 114359,
    "rotation": [
      [
        0.246270791,
        -0.932470858,
        0.2642891
      ],
      [
        -0.134958819,
        0.237037972,
        0.9620806
      ],
      [
        -0.9597587,
        -0.2726005,
        -0.0674696341
      ]
    ],
    "translation": [
      2.10455942,
      0.8425726,
      -0.634376943
    ]
  }
]