[
  {
    "timeStamp": 121189,
    "rotation": [
      [
        1.0,
        -6.317623E-06,
        -1.02429722E-05
      ],
      [
        1.20345621E-05,
        0.5259053,
        0.850543141
      ],
      [
        1.34220395E-08,
        -0.850543141,
        0.5259053
      ]
    ],
    "translation": [
      1.15399981,
      0.72114,
      -0.36
    ]
  },
  {
    "timeStamp": 121233,
    "rotation": [
      [
        0.9998938,
        -0.008602083,
        -0.0117683364
      ],
      [
        0.0145078544,
        0.5086977,
        0.860823
      ],
      [
        -0.00141834468,
        -0.86090225,
        0.508768439
      ]
    ],
    "translation": [
      1.15566254,
      0.7211562,
      -0.35826382
    ]
  },
  {
    "timeStamp": 121280,
    "rotation": [
      [
        0.9997156,
        -0.0212493632,
        0.0108251246
      ],
      [
        0.00174773484,
        0.51798743,
        0.855386436
      ],
      [
        -0.0237836968,
        -0.8551243,
        0.5178772
      ]
    ],
    "translation": [
      1.1563952,
      0.720786,
      -0.35847038
    ]
  },
  {
    "timeStamp": 121333,
    "rotation": [
      [
        0.9995952,
        -0.0231575314,
        -0.01652495
      ],
      [
        0.0261193,
        0.516829431,
        0.8556899
      ],
      [
        -0.0112750866,
        -0.8557752,
        0.5172251
      ]
    ],
    "translation": [
      1.15875161,
      0.720585167,
      -0.358067155
    ]
  },
  {
    "timeStamp": 121389,
    "rotation": [
      [
        0.999103963,
        -0.0359294079,
        -0.02236924
      ],
      [
        0.0373427533,
        0.499577522,
        0.8654639
      ],
      [
        -0.0199204348,
        -0.865523756,
        0.5004716
      ]
    ],
    "translation": [
      1.16281211,
      0.7212199,
      -0.355741858
    ]
  },
  {
    "timeStamp": 121433,
    "rotation": [
      [
        0.999230862,
        -0.0348089635,
        -0.01805543
      ],
      [
        0.03299918,
        0.49771452,
        0.8667129
      ],
      [
        -0.0211829282,
        -0.8666421,
        0.49848035
      ]
    ],
    "translation": [
      1.16512561,
      0.723620534,
      -0.3559021
    ]
  },
  {
    "timeStamp": 121489,
    "rotation": [
      [
        0.998826861,
        -0.02859233,
        -0.03908108
      ],
      [
        0.04795836,
        0.4724868,
        0.880031943
      ],
      [
        -0.00669686729,
        -0.880873859,
        0.473303765
      ]
    ],
    "translation": [
      1.16994882,
      0.7286432,
      -0.356053084
    ]
  },
  {
    "timeStamp": 121533,
    "rotation": [
      [
        0.9989876,
        -0.033085715,
        -0.030482797
      ],
      [
        0.04237054,
        0.464236319,
        0.8846973
      ],
      [
        -0.01511962,
        -0.8850932,
        0.465168178
      ]
    ],
    "translation": [
      1.17554677,
      0.7351795,
      -0.355819345
    ]
  },
  {
    "timeStamp": 121589,
    "rotation": [
      [
        0.9992228,
        -0.03405366,
        -0.0198517814
      ],
      [
        0.03315585,
        0.453749359,
        0.890512347
      ],
      [
        -0.0213174727,
        -0.8904785,
        0.454525769
      ]
    ],
    "translation": [
      1.18557215,
      0.7450516,
      -0.35605222
    ]
  },
  {
    "timeStamp": 121633,
    "rotation": [
      [
        0.9991104,
        -0.0378824733,
        -0.0185302757
      ],
      [
        0.03313914,
        0.433509529,
        0.900539458
      ],
      [
        -0.0260816123,
        -0.9003524,
        0.43437925
      ]
    ],
    "translation": [
      1.19700146,
      0.7544584,
      -0.35568434
    ]
  },
  {
    "timeStamp": 121689,
    "rotation": [
      [
        0.998893857,
        -0.0418636948,
        0.0214140713
      ],
      [
        -0.0006826294,
        0.442440867,
        0.8967974
      ],
      [
        -0.0470177121,
        -0.89582,
        0.441922873
      ]
    ],
    "translation": [
      1.21433425,
      0.7676531,
      -0.35704273
    ]
  },
  {
    "timeStamp": 121733,
    "rotation": [
      [
        0.9985019,
        -0.04769798,
        0.0268103462
      ],
      [
        -0.00358929648,
        0.4318332,
        0.9019463
      ],
      [
        -0.05459862,
        -0.90069133,
        0.4310151
      ]
    ],
    "translation": [
      1.23318326,
      0.778310061,
      -0.358490944
    ]
  },
  {
    "timeStamp": 121789,
    "rotation": [
      [
        0.996676564,
        -0.06438249,
        0.0499079563
      ],
      [
        -0.0189570487,
        0.412527174,
        0.910748
      ],
      [
        -0.0792246237,
        -0.908667266,
        0.409935623
      ]
    ],
    "translation": [
      1.26235735,
      0.7946065,
      -0.360768676
    ]
  },
  {
    "timeStamp": 121833,
    "rotation": [
      [
        0.9924804,
        -0.08818718,
        0.08488596
      ],
      [
        -0.0419913046,
        0.406107336,
        0.9128601
      ],
      [
        -0.11497537,
        -0.909560263,
        0.3993505
      ]
    ],
    "translation": [
      1.2908541,
      0.808542,
      -0.364340663
    ]
  },
  {
    "timeStamp": 121883,
    "rotation": [
      [
        0.992324352,
        -0.114928387,
        0.04564915
      ],
      [
        -0.0009927644,
        0.361727774,
        0.9322832
      ],
      [
        -0.123658374,
        -0.9251726,
        0.3588372
      ]
    ],
    "translation": [
      1.32577908,
      0.8187515,
      -0.3723119
    ]
  },
  {
    "timeStamp": 121930,
    "rotation": [
      [
        0.9879149,
        -0.146742329,
        0.04990806
      ],
      [
        0.00146274909,
        0.330805659,
        0.943697751
      ],
      [
        -0.154990271,
        -0.9322201,
        0.327022523
      ]
    ],
    "translation": [
      1.37131357,
      0.8323751,
      -0.388341933
    ]
  },
  {
    "timeStamp": 121984,
    "rotation": [
      [
        0.9760213,
        -0.19308278,
        0.100506112
      ],
      [
        -0.0173123088,
        0.391406983,
        0.9200548
      ],
      [
        -0.216985554,
        -0.899733067,
        0.378678828
      ]
    ],
    "translation": [
      1.42018735,
      0.836276531,
      -0.4133578
    ]
  },
  {
    "timeStamp": 122039,
    "rotation": [
      [
        0.967379868,
        -0.239903033,
        0.08137982
      ],
      [
        0.0102034388,
        0.3578778,
        0.933712661
      ],
      [
        -0.253124535,
        -0.902424455,
        0.348651618
      ]
    ],
    "translation": [
      1.4752835,
      0.84432447,
      -0.4363292
    ]
  },
  {
    "timeStamp": 122084,
    "rotation": [
      [
        0.947687,
        -0.2843843,
        0.144965172
      ],
      [
        -0.0134445271,
        0.418184876,
        0.908262432
      ],
      [
        -0.3189178,
        -0.8626975,
        0.392484963
      ]
    ],
    "translation": [
      1.51973951,
      0.8498534,
      -0.4580146
    ]
  },
  {
    "timeStamp": 122128,
    "rotation": [
      [
        0.9323428,
        -0.316038817,
        0.1756595
      ],
      [
        -0.0181241259,
        0.444357872,
        0.895666
      ],
      [
        -0.3611209,
        -0.8382515,
        0.408565968
      ]
    ],
    "translation": [
      1.56674564,
      0.8576559,
      -0.480113149
    ]
  },
  {
    "timeStamp": 122184,
    "rotation": [
      [
        0.8904858,
        -0.413095653,
        0.190753669
      ],
      [
        0.008915699,
        0.434989482,
        0.9003914
      ],
      [
        -0.4549236,
        -0.800085068,
        0.39103502
      ]
    ],
    "translation": [
      1.63345551,
      0.867565155,
      -0.504141867
    ]
  },
  {
    "timeStamp": 122239,
    "rotation": [
      [
        0.858325541,
        -0.469821572,
        0.206264347
      ],
      [
        0.02309082,
        0.436952829,
        0.899188
      ],
      [
        -0.5125857,
        -0.76703316,
        0.385896325
      ]
    ],
    "translation": [
      1.69687474,
      0.8758122,
      -0.5305682
    ]
  },
  {
    "timeStamp": 122284,
    "rotation": [
      [
        0.819587946,
        -0.536702156,
        0.200565144
      ],
      [
        0.056361828,
        0.4238794,
        0.903963268
      ],
      [
        -0.570174456,
        -0.7295732,
        0.377655983
      ]
    ],
    "translation": [
      1.75002265,
      0.8824054,
      -0.5507464
    ]
  },
  {
    "timeStamp": 122330,
    "rotation": [
      [
        0.7766502,
        -0.5974987,
        0.199523985
      ],
      [
        0.0737199858,
        0.40077287,
        0.9132067
      ],
      [
        -0.6256036,
        -0.6945332,
        0.3553079
      ]
    ],
    "translation": [
      1.80251348,
      0.8920018,
      -0.569919169
    ]
  },
  {
    "timeStamp": 122386,
    "rotation": [
      [
        0.713242948,
        -0.668988347,
        0.2091391
      ],
      [
        0.08434333,
        0.3781281,
        0.921903133
      ],
      [
        -0.6958238,
        -0.639901459,
        0.3261219
      ]
    ],
    "translation": [
      1.864175,
      0.905876935,
      -0.5916693
    ]
  },
  {
    "timeStamp": 122432,
    "rotation": [
      [
        0.647191942,
        -0.727478445,
        0.227854624
      ],
      [
        0.0736565962,
        0.357168645,
        0.9311312
      ],
      [
        -0.7587604,
        -0.5858376,
        0.284740239
      ]
    ],
    "translation": [
      1.910982,
      0.9185679,
      -0.6077126
    ]
  },
  {
    "timeStamp": 122489,
    "rotation": [
      [
        0.584739566,
        -0.776576042,
        0.234540552
      ],
      [
        0.0619306453,
        0.331010669,
        0.9415926
      ],
      [
        -0.8088537,
        -0.536061168,
        0.241648868
      ]
    ],
    "translation": [
      1.96280062,
      0.93239,
      -0.6265862
    ]
  },
  {
    "timeStamp": 122533,
    "rotation": [
      [
        0.513755858,
        -0.822034061,
        0.245590925
      ],
      [
        0.0430349819,
        0.310589463,
        0.949569464
      ],
      [
        -0.8568564,
        -0.477277875,
        0.194943368
      ]
    ],
    "translation": [
      2.00108171,
      0.9408284,
      -0.6397387
    ]
  },
  {
    "timeStamp": 122586,
    "rotation": [
      [
        0.450474858,
        -0.8575217,
        0.248452753
      ],
      [
        0.0338352062,
        0.294486225,
        0.955056548
      ],
      [
        -0.8921477,
        -0.421822518,
        0.161673069
      ]
    ],
    "translation": [
      2.040903,
      0.9456937,
      -0.6543395
    ]
  },
  {
    "timeStamp": 122639,
    "rotation": [
      [
        0.380319476,
        -0.8776059,
        0.2918304
      ],
      [
        -0.00191321585,
        0.314794481,
        0.949157953
      ],
      [
        -0.9248532,
        -0.361541569,
        0.118043423
      ]
    ],
    "translation": [
      2.06874657,
      0.944249868,
      -0.6627352
    ]
  },
  {
    "timeStamp": 122683,
    "rotation": [
      [
        0.3580129,
        -0.883934438,
        0.300810069
      ],
      [
        -0.0259679556,
        0.3126136,
        0.949525356
      ],
      [
        -0.933355451,
        -0.347753763,
        0.0889657438
      ]
    ],
    "translation": [
      2.085005,
      0.9402289,
      -0.664171338
    ]
  },
  {
    "timeStamp": 122739,
    "rotation": [
      [
        0.29824,
        -0.8983201,
        0.3226049
      ],
      [
        -0.0477899164,
        0.323508769,
        0.9450176
      ],
      [
        -0.9532938,
        -0.2972593,
        0.05355261
      ]
    ],
    "translation": [
      2.0995028,
      0.9323005,
      -0.6634139
    ]
  },
  {
    "timeStamp": 122783,
    "rotation": [
      [
        0.2680305,
        -0.887681842,
        0.374407023
      ],
      [
        -0.0790921748,
        0.367040247,
        0.9268365
      ],
      [
        -0.960158348,
        -0.2780331,
        0.0281692948
      ]
    ],
    "translation": [
      2.103139,
      0.92176795,
      -0.660792947
    ]
  },
  {
    "timeStamp": 122840,
    "rotation": [
      [
        0.272776246,
        -0.8924074,
        0.3594469
      ],
      [
        -0.07455941,
        0.352882832,
        0.9326921
      ],
      [
        -0.959184051,
        -0.2812164,
        0.0297206882
      ]
    ],
    "translation": [
      2.10611725,
      0.907617331,
      -0.656095564
    ]
  },
  {
    "timeStamp": 122884,
    "rotation": [
      [
        0.228485644,
        -0.8885887,
        0.397749245
      ],
      [
        -0.07556592,
        0.391136885,
        0.917225
      ],
      [
        -0.9706102,
        -0.239629045,
        0.0222221483
      ]
    ],
    "translation": [
      2.10752249,
      0.8958112,
      -0.6545434
    ]
  },
  {
    "timeStamp": 122939,
    "rotation": [
      [
        0.2491345,
        -0.889930248,
        0.38204205
      ],
      [
        -0.0515089445,
        0.3817462,
        0.92283076
      ],
      [
        -0.9670982,
        -0.249587581,
        0.0492667779
      ]
    ],
    "translation": [
      2.107793,
      0.884191632,
      -0.6514909
    ]
  },
  {
    "timeStamp": 122983,
    "rotation": [
      [
        0.2433626,
        -0.8719764,
        0.424772829
      ],
      [
        -0.06859027,
        0.4213713,
        0.9042907
      ],
      [
        -0.9675072,
        -0.249205813,
        0.04273692
      ]
    ],
    "translation": [
      2.10451031,
      0.8767614,
      -0.6479588
    ]
  },
  {
    "timeStamp": 123029,
    "rotation": [
      [
        0.2459364,
        -0.873815536,
        0.4194779
      ],
      [
        -0.05632593,
        0.4191548,
        0.9061659
      ],
      [
        -0.967648,
        -0.246486649,
        0.0538669452
      ]
    ],
    "translation": [
      2.103022,
      0.8710054,
      -0.646606266
    ]
  },
  {
    "timeStamp": 123085,
    "rotation": [
      [
        0.266798854,
        -0.8500223,
        0.454181075
      ],
      [
        -0.06743432,
        0.453643143,
        0.8886284
      ],
      [
        -0.961390138,
        -0.2677124,
        0.0637107939
      ]
    ],
    "translation": [
      2.10226536,
      0.866767347,
      -0.6453312
    ]
  },
  {
    "timeStamp": 123131,
    "rotation": [
      [
        0.25197506,
        -0.8518994,
        0.4591034
      ],
      [
        -0.0896197557,
        0.4518304,
        0.8875909
      ],
      [
        -0.963575,
        -0.264795482,
        0.0375029743
      ]
    ],
    "translation": [
      2.10366869,
      0.8634254,
      -0.645058632
    ]
  },
  {
    "timeStamp": 123189,
    "rotation": [
      [
        0.288913041,
        -0.8406521,
        0.458075583
      ],
      [
        -0.1319529,
        0.4389467,
        0.8887712
      ],
      [
        -0.948218167,
        -0.317222,
        0.015890941
      ]
    ],
    "translation": [
      2.103619,
      0.8589097,
      -0.6456402
    ]
  },
  {
    "timeStamp": 123233,
    "rotation": [
      [
        0.301896662,
        -0.8321944,
        0.465092272
      ],
      [
        -0.157643378,
        0.4375617,
        0.8852617
      ],
      [
        -0.9402165,
        -0.3405763,
        0.0009084751
      ]
    ],
    "translation": [
      2.10590363,
      0.855489731,
      -0.6459719
    ]
  },
  {
    "timeStamp": 123289,
    "rotation": [
      [
        0.259588629,
        -0.8447554,
        0.46797654
      ],
      [
        -0.12817727,
        0.450162441,
        0.883699238
      ],
      [
        -0.9571752,
        -0.289382219,
        0.008578606
      ]
    ],
    "translation": [
      2.10596561,
      0.8513761,
      -0.647144437
    ]
  },
  {
    "timeStamp": 123333,
    "rotation": [
      [
        0.262775123,
        -0.844604552,
        0.466468036
      ],
      [
        -0.12524657,
        0.4495085,
        0.884452045
      ],
      [
        -0.9566936,
        -0.29083553,
        0.012335835
      ]
    ],
    "translation": [
      2.105644,
      0.8481378,
      -0.6477404
    ]
  },
  {
    "timeStamp": 123388,
    "rotation": [
      [
        0.242789343,
        -0.843834341,
        0.478536338
      ],
      [
        -0.09414477,
        0.4704717,
        0.8773786
      ],
      [
        -0.9655,
        -0.258069873,
        0.0347829275
      ]
    ],
    "translation": [
      2.10547185,
      0.8439747,
      -0.649012446
    ]
  },
  {
    "timeStamp": 123433,
    "rotation": [
      [
        0.232129887,
        -0.85445565,
        0.4647808
      ],
      [
        -0.04715046,
        0.467386484,
        0.8827948
      ],
      [
        -0.9715413,
        -0.2268377,
        0.06820641
      ]
    ],
    "translation": [
      2.10662723,
      0.840784848,
      -0.651296139
    ]
  },
  {
    "timeStamp": 123489,
    "rotation": [
      [
        0.246573791,
        -0.8469849,
        0.470975548
      ],
      [
        -0.05237806,
        0.473623365,
        0.8791686
      ],
      [
        -0.9677075,
        -0.241448715,
        0.07241969
      ]
    ],
    "translation": [
      2.10474682,
      0.8392277,
      -0.6521801
    ]
  }
]