[
  {
    "timeStamp": 97968,
    "rotation": [
      [
        0.284649581,
        -0.152743876,
        -0.946384668
      ],
      [
        0.0286007877,
        0.9881382,
        -0.150880367
      ],
      [
        0.958204865,
        0.015880689,
        0.28564173
      ]
    ],
    "translation": [
      2.233343,
      0.9157573,
      -0.614346445
    ]
  },
  {
    "timeStamp": 98011,
    "rotation": [
      [
        0.283640563,
        -0.155057847,
        -0.9463113
      ],
      [
        0.04459171,
        0.9879054,
        -0.148507655
      ],
      [
        0.9578933,
        -7.484242E-05,
        0.287124336
      ]
    ],
    "translation": [
      2.235961,
      0.915895343,
      -0.6136168
    ]
  },
  {
    "timeStamp": 98067,
    "rotation": [
      [
        0.287565,
        -0.08734024,
        -0.953770459
      ],
      [
        0.06007045,
        0.995517433,
        -0.07305173
      ],
      [
        0.955875456,
        -0.0362863019,
        0.291522533
      ]
    ],
    "translation": [
      2.23143554,
      0.9186894,
      -0.613305449
    ]
  },
  {
    "timeStamp": 98111,
    "rotation": [
      [
        0.2814978,
        -0.152361453,
        -0.9473885
      ],
      [
        0.08071712,
        0.98757416,
        -0.134840712
      ],
      [
        0.9561609,
        -0.0385131,
        0.290298164
      ]
    ],
    "translation": [
      2.2297895,
      0.922936141,
      -0.612679541
    ]
  },
  {
    "timeStamp": 98167,
    "rotation": [
      [
        0.277095318,
        -0.132030264,
        -0.951728
      ],
      [
        0.07051079,
        0.9906376,
        -0.116898872
      ],
      [
        0.9582518,
        -0.034714967,
        0.2838106
      ]
    ],
    "translation": [
      2.233814,
      0.9241531,
      -0.614016
    ]
  },
  {
    "timeStamp": 98211,
    "rotation": [
      [
        0.2648713,
        -0.15188618,
        -0.952246666
      ],
      [
        0.0704845,
        0.987925,
        -0.137971431
      ],
      [
        0.961704254,
        -0.0305739567,
        0.2723786
      ]
    ],
    "translation": [
      2.23296666,
      0.9237598,
      -0.6141342
    ]
  },
  {
    "timeStamp": 98267,
    "rotation": [
      [
        0.2682649,
        -0.13745369,
        -0.9534886
      ],
      [
        0.07653046,
        0.989681,
        -0.121139221
      ],
      [
        0.9603005,
        -0.0404735133,
        0.276016057
      ]
    ],
    "translation": [
      2.23447371,
      0.924044,
      -0.6143106
    ]
  },
  {
    "timeStamp": 98311,
    "rotation": [
      [
        0.264634758,
        -0.137347817,
        -0.9545177
      ],
      [
        0.07532307,
        0.98972553,
        -0.121531054
      ],
      [
        0.961402535,
        -0.0397358574,
        0.272261232
      ]
    ],
    "translation": [
      2.235203,
      0.9246808,
      -0.614167631
    ]
  },
  {
    "timeStamp": 98365,
    "rotation": [
      [
        0.2569217,
        -0.135283008,
        -0.956916749
      ],
      [
        0.07595726,
        0.989917755,
        -0.119554788
      ],
      [
        0.9634426,
        -0.04196856,
        0.264607072
      ]
    ],
    "translation": [
      2.23637724,
      0.9251068,
      -0.614046335
    ]
  },
  {
    "timeStamp": 98410,
    "rotation": [
      [
        0.2606288,
        -0.125346959,
        -0.957267344
      ],
      [
        0.07073003,
        0.9913503,
        -0.110552669
      ],
      [
        0.9628447,
        -0.0388943441,
        0.2672402
      ]
    ],
    "translation": [
      2.23708487,
      0.9251176,
      -0.613482
    ]
  },
  {
    "timeStamp": 98465,
    "rotation": [
      [
        0.247958362,
        -0.121237688,
        -0.9611545
      ],
      [
        0.0616566353,
        0.992101848,
        -0.109235153
      ],
      [
        0.96680665,
        -0.0321757868,
        0.25347507
      ]
    ],
    "translation": [
      2.23690867,
      0.9249156,
      -0.6119426
    ]
  },
  {
    "timeStamp": 98510,
    "rotation": [
      [
        0.2303865,
        -0.138287142,
        -0.9632231
      ],
      [
        0.046779152,
        0.99028033,
        -0.1309829
      ],
      [
        0.971974134,
        -0.0148820672,
        0.23461619
      ]
    ],
    "translation": [
      2.23888373,
      0.924703,
      -0.6110252
    ]
  },
  {
    "timeStamp": 98565,
    "rotation": [
      [
        0.219100356,
        -0.18946892,
        -0.9571293
      ],
      [
        0.04222633,
        0.981886744,
        -0.184703588
      ],
      [
        0.9747881,
        5.25634932E-05,
        0.2231323
      ]
    ],
    "translation": [
      2.24802637,
      0.9273282,
      -0.608356357
    ]
  },
  {
    "timeStamp": 98610,
    "rotation": [
      [
        0.188136727,
        -0.236076221,
        -0.953348041
      ],
      [
        0.0288589727,
        0.971591353,
        -0.234898657
      ],
      [
        0.9817187,
        0.0166804157,
        0.189604923
      ]
    ],
    "translation": [
      2.251589,
      0.928253055,
      -0.608041167
    ]
  },
  {
    "timeStamp": 98665,
    "rotation": [
      [
        0.168651074,
        -0.256307483,
        -0.9517685
      ],
      [
        0.01715085,
        0.966216862,
        -0.257159263
      ],
      [
        0.9855266,
        0.0270465482,
        0.1673494
      ]
    ],
    "translation": [
      2.25424647,
      0.9304639,
      -0.6065265
    ]
  },
  {
    "timeStamp": 98710,
    "rotation": [
      [
        0.1657443,
        -0.220318124,
        -0.961243331
      ],
      [
        0.0201502312,
        0.9752781,
        -0.220060468
      ],
      [
        0.985962868,
        0.0171044935,
        0.166086257
      ]
    ],
    "translation": [
      2.25249338,
      0.9339086,
      -0.603224635
    ]
  },
  {
    "timeStamp": 98766,
    "rotation": [
      [
        0.1446422,
        -0.231400535,
        -0.9620459
      ],
      [
        0.0279326625,
        0.972837746,
        -0.229796633
      ],
      [
        0.9890897,
        0.00636578351,
        0.147177011
      ]
    ],
    "translation": [
      2.2522068,
      0.9364161,
      -0.5987829
    ]
  },
  {
    "timeStamp": 98811,
    "rotation": [
      [
        0.159042969,
        -0.214277312,
        -0.963737845
      ],
      [
        0.0235595033,
        0.9767085,
        -0.213273257
      ],
      [
        0.9869905,
        0.0112144276,
        0.16038689
      ]
    ],
    "translation": [
      2.25542521,
      0.935564935,
      -0.596859455
    ]
  },
  {
    "timeStamp": 98866,
    "rotation": [
      [
        0.151606515,
        -0.212348759,
        -0.9653618
      ],
      [
        0.0197442,
        0.97710675,
        -0.21183151
      ],
      [
        0.9882437,
        0.0130547388,
        0.1523284
      ]
    ],
    "translation": [
      2.2555654,
      0.932398,
      -0.595406234
    ]
  },
  {
    "timeStamp": 98911,
    "rotation": [
      [
        0.150253639,
        -0.196008563,
        -0.969022453
      ],
      [
        0.008479163,
        0.980369031,
        -0.196988925
      ],
      [
        0.988611162,
        0.0213818047,
        0.148966
      ]
    ],
    "translation": [
      2.25553131,
      0.927838147,
      -0.5956816
    ]
  },
  {
    "timeStamp": 98966,
    "rotation": [
      [
        0.152052626,
        -0.136791065,
        -0.9788607
      ],
      [
        0.007167154,
        0.990502954,
        -0.1373047
      ],
      [
        0.9883464,
        0.0138618955,
        0.151588976
      ]
    ],
    "translation": [
      2.25557184,
      0.9236654,
      -0.5956337
    ]
  },
  {
    "timeStamp": 99011,
    "rotation": [
      [
        0.1368517,
        -0.185433954,
        -0.973080635
      ],
      [
        -0.0158818625,
        0.9817858,
        -0.189326435
      ],
      [
        0.9904642,
        0.0413639769,
        0.131414011
      ]
    ],
    "translation": [
      2.25509524,
      0.914907038,
      -0.5998948
    ]
  },
  {
    "timeStamp": 99067,
    "rotation": [
      [
        0.136125118,
        0.0460410975,
        -0.9896212
      ],
      [
        -0.00713634258,
        0.998939157,
        0.04549298
      ],
      [
        0.990666,
        0.000869539,
        0.136309266
      ]
    ],
    "translation": [
      2.24741268,
      0.916610539,
      -0.5993718
    ]
  },
  {
    "timeStamp": 99111,
    "rotation": [
      [
        0.139900327,
        -0.04202711,
        -0.98927325
      ],
      [
        -0.155852214,
        0.9857103,
        -0.06391594
      ],
      [
        0.977823138,
        0.1631223,
        0.131351173
      ]
    ],
    "translation": [
      2.24810028,
      0.8995818,
      -0.6011886
    ]
  },
  {
    "timeStamp": 99166,
    "rotation": [
      [
        0.129484,
        0.0426020063,
        -0.9906659
      ],
      [
        0.000312171847,
        0.9990748,
        0.0430044234
      ],
      [
        0.99158144,
        -0.00587764243,
        0.1293509
      ]
    ],
    "translation": [
      2.254509,
      0.9149539,
      -0.60267514
    ]
  },
  {
    "timeStamp": 99211,
    "rotation": [
      [
        0.113845758,
        -0.03599159,
        -0.9928463
      ],
      [
        -0.0107680969,
        0.9992402,
        -0.03745811
      ],
      [
        0.9934401,
        0.0149555122,
        0.1133717
      ]
    ],
    "translation": [
      2.235956,
      0.9084143,
      -0.599569142
    ]
  },
  {
    "timeStamp": 99267,
    "rotation": [
      [
        0.117396511,
        -0.1602302,
        -0.9800737
      ],
      [
        0.133068323,
        0.980536163,
        -0.144366443
      ],
      [
        0.984129548,
        -0.11346864,
        0.13643308
      ]
    ],
    "translation": [
      2.25207138,
      0.912953854,
      -0.5979005
    ]
  }
]