[
  {
    "timeStamp": 11412,
    "rotation": [
      [
        0.0116293309,
        0.999932349,
        -1.19240742E-08
      ],
      [
        0.0,
        1.19248806E-08,
        1.0
      ],
      [
        0.999932349,
        -0.0116293309,
        1.38678388E-10
      ]
    ],
    "translation": [
      1.76901782,
      0.701204658,
      -0.749222755
    ]
  },
  {
    "timeStamp": 11465,
    "rotation": [
      [
        0.0118090082,
        0.99993,
        0.000735798152
      ],
      [
        -0.002177383,
        -0.0007101332,
        0.9999974
      ],
      [
        0.9999279,
        -0.0118105793,
        0.00216884469
      ]
    ],
    "translation": [
      1.7690202,
      0.701196969,
      -0.749225855
    ]
  },
  {
    "timeStamp": 11510,
    "rotation": [
      [
        0.0115365647,
        0.9999287,
        0.00308497157
      ],
      [
        -0.000172411048,
        -0.00308318762,
        0.999995232
      ],
      [
        0.9999334,
        -0.0115370415,
        0.00013682936
      ]
    ],
    "translation": [
      1.76903188,
      0.701149166,
      -0.749233365
    ]
  },
  {
    "timeStamp": 11565,
    "rotation": [
      [
        0.0117187593,
        0.999922454,
        0.00421757251
      ],
      [
        0.00283432822,
        -0.004251062,
        0.999986947
      ],
      [
        0.999927342,
        -0.0117066512,
        -0.00288392557
      ]
    ],
    "translation": [
      1.769064,
      0.7012109,
      -0.74923563
    ]
  },
  {
    "timeStamp": 11610,
    "rotation": [
      [
        0.011406689,
        0.999926031,
        0.00421695272
      ],
      [
        0.0043165125,
        -0.004266428,
        0.9999816
      ],
      [
        0.9999256,
        -0.0113882758,
        -0.004364859
      ]
    ],
    "translation": [
      1.76902187,
      0.701174736,
      -0.7492454
    ]
  },
  {
    "timeStamp": 11665,
    "rotation": [
      [
        0.0112959538,
        0.9999275,
        0.004169399
      ],
      [
        0.007055001,
        -0.004249259,
        0.9999661
      ],
      [
        0.9999113,
        -0.0112661561,
        -0.00710248854
      ]
    ],
    "translation": [
      1.76906931,
      0.701201141,
      -0.749279141
    ]
  },
  {
    "timeStamp": 11710,
    "rotation": [
      [
        0.0107029583,
        0.9999381,
        0.00305275223
      ],
      [
        0.008875744,
        -0.0031478086,
        0.999955654
      ],
      [
        0.9999034,
        -0.0106753875,
        -0.00890888553
      ]
    ],
    "translation": [
      1.76905155,
      0.701238453,
      -0.749269545
    ]
  },
  {
    "timeStamp": 11765,
    "rotation": [
      [
        0.0108831367,
        0.9999381,
        0.00231871917
      ],
      [
        0.0128597114,
        -0.00245862664,
        0.9999143
      ],
      [
        0.9998581,
        -0.0108523862,
        -0.012885673
      ]
    ],
    "translation": [
      1.769038,
      0.701292,
      -0.7492779
    ]
  },
  {
    "timeStamp": 11810,
    "rotation": [
      [
        0.01149347,
        0.999933958,
        -6.29031E-05
      ],
      [
        0.0104943691,
        -5.77208921E-05,
        0.9999449
      ],
      [
        0.9998789,
        -0.0114934966,
        -0.01049434
      ]
    ],
    "translation": [
      1.76902163,
      0.7013068,
      -0.7492758
    ]
  },
  {
    "timeStamp": 11865,
    "rotation": [
      [
        0.011849355,
        0.999926031,
        -0.00274321134
      ],
      [
        0.0117549058,
        0.00260391715,
        0.9999275
      ],
      [
        0.9998607,
        -0.0118807415,
        -0.0117231812
      ]
    ],
    "translation": [
      1.76898789,
      0.701369166,
      -0.7493027
    ]
  },
  {
    "timeStamp": 11910,
    "rotation": [
      [
        0.0118084168,
        0.999920845,
        -0.00434179045
      ],
      [
        0.013980167,
        0.00417657476,
        0.999893546
      ],
      [
        0.9998326,
        -0.0118678613,
        -0.0139297424
      ]
    ],
    "translation": [
      1.76896966,
      0.7014199,
      -0.749306262
    ]
  },
  {
    "timeStamp": 11965,
    "rotation": [
      [
        0.0116525814,
        0.9999119,
        -0.006358618
      ],
      [
        0.015299161,
        0.006180022,
        0.999863863
      ],
      [
        0.999815047,
        -0.0117482757,
        -0.0152258
      ]
    ],
    "translation": [
      1.76894474,
      0.701469958,
      -0.7492948
    ]
  },
  {
    "timeStamp": 12010,
    "rotation": [
      [
        0.0112676593,
        0.999895453,
        -0.009065235
      ],
      [
        0.0175208673,
        0.008866996,
        0.9998072
      ],
      [
        0.999783039,
        -0.011424318,
        -0.017419124
      ]
    ],
    "translation": [
      1.76892674,
      0.701544762,
      -0.749254167
    ]
  },
  {
    "timeStamp": 12065,
    "rotation": [
      [
        0.0150322746,
        0.9998331,
        -0.0103833517
      ],
      [
        0.01255335,
        0.01019499,
        0.9998692
      ],
      [
        0.9998082,
        -0.0151606565,
        -0.012398
      ]
    ],
    "translation": [
      1.76856434,
      0.7015398,
      -0.7495763
    ]
  },
  {
    "timeStamp": 12110,
    "rotation": [
      [
        0.0320248157,
        0.9994783,
        0.00419159932
      ],
      [
        -0.0241740718,
        -0.0034179627,
        0.9997019
      ],
      [
        0.9991947,
        -0.0321166,
        0.0240520015
      ]
    ],
    "translation": [
      1.76371861,
      0.701839268,
      -0.757097
    ]
  },
  {
    "timeStamp": 12165,
    "rotation": [
      [
        0.0321860053,
        0.999181151,
        0.0245176349
      ],
      [
        -0.0569265522,
        -0.0226578843,
        0.9981212
      ],
      [
        0.9978594,
        -0.0335212573,
        0.05615067
      ]
    ],
    "translation": [
      1.759927,
      0.7036808,
      -0.76396656
    ]
  },
  {
    "timeStamp": 12210,
    "rotation": [
      [
        0.0224009734,
        0.998760164,
        0.0444554053
      ],
      [
        -0.06481999,
        -0.042922046,
        0.996973455
      ],
      [
        0.9976455,
        -0.0252147727,
        0.06377813
      ]
    ],
    "translation": [
      1.75598371,
      0.7046515,
      -0.7660898
    ]
  },
  {
    "timeStamp": 12265,
    "rotation": [
      [
        0.03408595,
        0.998110533,
        0.0511225872
      ],
      [
        -0.0747071952,
        -0.04846459,
        0.9960271
      ],
      [
        0.9966228,
        -0.03776976,
        0.07291407
      ]
    ],
    "translation": [
      1.75643909,
      0.707922935,
      -0.7678509
    ]
  },
  {
    "timeStamp": 12310,
    "rotation": [
      [
        0.03550842,
        0.9980765,
        0.05081831
      ],
      [
        -0.06320238,
        -0.0485058576,
        0.9968213
      ],
      [
        0.9973689,
        -0.03860737,
        0.0613584481
      ]
    ],
    "translation": [
      1.75804794,
      0.710749567,
      -0.7662514
    ]
  },
  {
    "timeStamp": 12365,
    "rotation": [
      [
        0.045590613,
        0.997019947,
        0.06223154
      ],
      [
        -0.07340933,
        -0.0587841272,
        0.9955679
      ],
      [
        0.9962593,
        -0.0499569364,
        0.0705105662
      ]
    ],
    "translation": [
      1.7578063,
      0.7157722,
      -0.768831134
    ]
  },
  {
    "timeStamp": 12410,
    "rotation": [
      [
        0.0496297,
        0.9968973,
        0.0610965267
      ],
      [
        -0.0566884726,
        -0.0582616664,
        0.9966905
      ],
      [
        0.997157633,
        -0.052928932,
        0.0536210723
      ]
    ],
    "translation": [
      1.76063144,
      0.718780637,
      -0.7657
    ]
  },
  {
    "timeStamp": 12465,
    "rotation": [
      [
        0.06524747,
        0.9954424,
        0.0695503056
      ],
      [
        -0.06037276,
        -0.06563316,
        0.9960158
      ],
      [
        0.9960411,
        -0.06918644,
        0.055815205
      ]
    ],
    "translation": [
      1.76297927,
      0.724121153,
      -0.766572833
    ]
  },
  {
    "timeStamp": 12510,
    "rotation": [
      [
        0.07521532,
        0.9948251,
        0.0683057457
      ],
      [
        -0.0453754328,
        -0.06501425,
        0.99685216
      ],
      [
        0.9961344,
        -0.07807795,
        0.0402505547
      ]
    ],
    "translation": [
      1.76733351,
      0.727921546,
      -0.762544155
    ]
  },
  {
    "timeStamp": 12565,
    "rotation": [
      [
        0.0940395445,
        0.9933124,
        0.0669843
      ],
      [
        -0.04012757,
        -0.06344601,
        0.9971782
      ],
      [
        0.99475944,
        -0.0964621156,
        0.0338927843
      ]
    ],
    "translation": [
      1.77476847,
      0.7343016,
      -0.760839164
    ]
  },
  {
    "timeStamp": 12610,
    "rotation": [
      [
        0.112493262,
        0.9913614,
        0.0674379542
      ],
      [
        -0.0221627243,
        -0.0653485656,
        0.997616351
      ],
      [
        0.9934053,
        -0.113719724,
        0.0146199958
      ]
    ],
    "translation": [
      1.78133833,
      0.740085,
      -0.75585717
    ]
  },
  {
    "timeStamp": 12665,
    "rotation": [
      [
        0.142247975,
        0.9873219,
        0.07043472
      ],
      [
        -0.0145342816,
        -0.06906723,
        0.997506142
      ],
      [
        0.9897244,
        -0.142916933,
        0.00452534063
      ]
    ],
    "translation": [
      1.79053545,
      0.749787569,
      -0.7531251
    ]
  },
  {
    "timeStamp": 12710,
    "rotation": [
      [
        0.162142143,
        0.9845202,
        0.06655791
      ],
      [
        0.00603761664,
        -0.06843901,
        0.997637033
      ],
      [
        0.986748934,
        -0.161357149,
        -0.0170410015
      ]
    ],
    "translation": [
      1.80010056,
      0.7574843,
      -0.7474889
    ]
  },
  {
    "timeStamp": 12765,
    "rotation": [
      [
        0.199528441,
        0.97751683,
        0.06818564
      ],
      [
        0.0125354109,
        -0.07212547,
        0.9973168
      ],
      [
        0.979811847,
        -0.198138326,
        -0.0266446564
      ]
    ],
    "translation": [
      1.81208909,
      0.769228339,
      -0.744361162
    ]
  },
  {
    "timeStamp": 12809,
    "rotation": [
      [
        0.224241242,
        0.972853363,
        0.05720346
      ],
      [
        0.0431852043,
        -0.06856046,
        0.99671185
      ],
      [
        0.973576367,
        -0.221033558,
        -0.05738695
      ]
    ],
    "translation": [
      1.82550514,
      0.77855736,
      -0.735442638
    ]
  },
  {
    "timeStamp": 12865,
    "rotation": [
      [
        0.2768557,
        0.958583057,
        0.06685357
      ],
      [
        0.0505855,
        -0.08401587,
        0.9951796
      ],
      [
        0.9595791,
        -0.2721393,
        -0.07175068
      ]
    ],
    "translation": [
      1.83678782,
      0.793983638,
      -0.7299355
    ]
  },
  {
    "timeStamp": 12910,
    "rotation": [
      [
        0.313534617,
        0.947784066,
        0.05832133
      ],
      [
        0.07836312,
        -0.0870341063,
        0.993118465
      ],
      [
        0.9463378,
        -0.306806773,
        -0.101559527
      ]
    ],
    "translation": [
      1.84958339,
      0.806562841,
      -0.7199947
    ]
  },
  {
    "timeStamp": 12965,
    "rotation": [
      [
        0.368972927,
        0.927384138,
        0.06178716
      ],
      [
        0.08896091,
        -0.101410553,
        0.990859151
      ],
      [
        0.9251729,
        -0.360103577,
        -0.119918682
      ]
    ],
    "translation": [
      1.86276174,
      0.8224416,
      -0.7124934
    ]
  },
  {
    "timeStamp": 13010,
    "rotation": [
      [
        0.414097816,
        0.908814132,
        0.05079221
      ],
      [
        0.112915196,
        -0.106659539,
        0.9878633
      ],
      [
        0.9032016,
        -0.403336823,
        -0.1467864
      ]
    ],
    "translation": [
      1.87799644,
      0.8348824,
      -0.7019557
    ]
  },
  {
    "timeStamp": 13065,
    "rotation": [
      [
        0.484407932,
        0.872631967,
        0.0621483177
      ],
      [
        0.11246559,
        -0.132565871,
        0.984773
      ],
      [
        0.8675831,
        -0.470042318,
        -0.162357017
      ]
    ],
    "translation": [
      1.891452,
      0.8515151,
      -0.693315744
    ]
  },
  {
    "timeStamp": 13110,
    "rotation": [
      [
        0.5266395,
        0.8484287,
        0.05309992
      ],
      [
        0.125083715,
        -0.139123514,
        0.9823435
      ],
      [
        0.840835869,
        -0.510699,
        -0.179392561
      ]
    ],
    "translation": [
      1.90497279,
      0.8629524,
      -0.686052144
    ]
  },
  {
    "timeStamp": 13165,
    "rotation": [
      [
        0.5725108,
        0.8173633,
        0.06440924
      ],
      [
        0.114343651,
        -0.157386154,
        0.980895042
      ],
      [
        0.811884761,
        -0.5542082,
        -0.183565587
      ]
    ],
    "translation": [
      1.91499329,
      0.876043439,
      -0.6829384
    ]
  },
  {
    "timeStamp": 13209,
    "rotation": [
      [
        0.593824863,
        0.8030237,
        0.0502495244
      ],
      [
        0.1327687,
        -0.159394756,
        0.9782463
      ],
      [
        0.793564439,
        -0.5742354,
        -0.201268986
      ]
    ],
    "translation": [
      1.92580187,
      0.884282231,
      -0.678471744
    ]
  },
  {
    "timeStamp": 13265,
    "rotation": [
      [
        0.6227766,
        0.7794835,
        0.06748897
      ],
      [
        0.10461653,
        -0.168446913,
        0.980143368
      ],
      [
        0.7753739,
        -0.6033499,
        -0.186451644
      ]
    ],
    "translation": [
      1.92976522,
      0.8926776,
      -0.6818602
    ]
  },
  {
    "timeStamp": 13310,
    "rotation": [
      [
        0.6404724,
        0.766232,
        0.05180423
      ],
      [
        0.1232933,
        -0.1691687,
        0.977844954
      ],
      [
        0.758019745,
        -0.619895637,
        -0.202819154
      ]
    ],
    "translation": [
      1.93772733,
      0.898851037,
      -0.678575039
    ]
  },
  {
    "timeStamp": 13362,
    "rotation": [
      [
        0.660270452,
        0.748390734,
        0.06288358
      ],
      [
        0.09122538,
        -0.163029686,
        0.982394636
      ],
      [
        0.745466948,
        -0.6429095,
        -0.175915912
      ]
    ],
    "translation": [
      1.940075,
      0.90294975,
      -0.6858841
    ]
  },
  {
    "timeStamp": 13418,
    "rotation": [
      [
        0.66360724,
        0.7478626,
        0.0180853363
      ],
      [
        0.131224632,
        -0.140173391,
        0.9813926
      ],
      [
        0.7364819,
        -0.648886,
        -0.191158071
      ]
    ],
    "translation": [
      1.952821,
      0.9059666,
      -0.6848618
    ]
  },
  {
    "timeStamp": 13462,
    "rotation": [
      [
        0.67629534,
        0.7363031,
        0.0219620951
      ],
      [
        0.110732011,
        -0.131092578,
        0.98516655
      ],
      [
        0.7282602,
        -0.663831651,
        -0.170189619
      ]
    ],
    "translation": [
      1.95419431,
      0.9074388,
      -0.6912347
    ]
  },
  {
    "timeStamp": 13518,
    "rotation": [
      [
        0.68741703,
        0.7262575,
        -0.00281139347
      ],
      [
        0.137201026,
        -0.126060188,
        0.982489049
      ],
      [
        0.7131856,
        -0.675765455,
        -0.18629919
      ]
    ],
    "translation": [
      1.96173739,
      0.9106078,
      -0.688698769
    ]
  },
  {
    "timeStamp": 13562,
    "rotation": [
      [
        0.7030206,
        0.711150646,
        0.00518079242
      ],
      [
        0.117701545,
        -0.123534188,
        0.9853353
      ],
      [
        0.701361835,
        -0.6921012,
        -0.170550615
      ]
    ],
    "translation": [
      1.96255422,
      0.9118616,
      -0.692481458
    ]
  },
  {
    "timeStamp": 13618,
    "rotation": [
      [
        0.730035961,
        0.68337214,
        -0.007066799
      ],
      [
        0.1363261,
        -0.135486811,
        0.9813554
      ],
      [
        0.6696735,
        -0.717388153,
        -0.192071721
      ]
    ],
    "translation": [
      1.96888065,
      0.9165285,
      -0.687143743
    ]
  },
  {
    "timeStamp": 13662,
    "rotation": [
      [
        0.750297,
        0.6608806,
        0.0170672722
      ],
      [
        0.111093543,
        -0.15148963,
        0.9821961
      ],
      [
        0.6516999,
        -0.7350427,
        -0.187081769
      ]
    ],
    "translation": [
      1.96502447,
      0.920444846,
      -0.688426
    ]
  },
  {
    "timeStamp": 13718,
    "rotation": [
      [
        0.771322966,
        0.636356,
        -0.0105783129
      ],
      [
        0.142795935,
        -0.156836987,
        0.9772469
      ],
      [
        0.62021786,
        -0.7552835,
        -0.211841032
      ]
    ],
    "translation": [
      1.9756918,
      0.9261275,
      -0.6823094
    ]
  },
  {
    "timeStamp": 13763,
    "rotation": [
      [
        0.79054147,
        0.612017632,
        0.0218779
      ],
      [
        0.116885021,
        -0.185855016,
        0.975600243
      ],
      [
        0.6011507,
        -0.7686953,
        -0.218461782
      ]
    ],
    "translation": [
      1.97232342,
      0.93233645,
      -0.6812849
    ]
  },
  {
    "timeStamp": 13819,
    "rotation": [
      [
        0.810132,
        0.586247444,
        -9.280635E-05
      ],
      [
        0.141342163,
        -0.19516629,
        0.97053206
      ],
      [
        0.5689539,
        -0.7862722,
        -0.240971953
      ]
    ],
    "translation": [
      1.98306346,
      0.9387077,
      -0.6755334
    ]
  },
  {
    "timeStamp": 13864,
    "rotation": [
      [
        0.833534,
        0.5511692,
        0.0378629044
      ],
      [
        0.10723193,
        -0.228636056,
        0.9675882
      ],
      [
        0.5419616,
        -0.8024575,
        -0.249678865
      ]
    ],
    "translation": [
      1.98292243,
      0.9448116,
      -0.673194766
    ]
  },
  {
    "timeStamp": 13909,
    "rotation": [
      [
        0.8402914,
        0.5418999,
        0.0159634184
      ],
      [
        0.127430081,
        -0.226047277,
        0.9657454
      ],
      [
        0.5269459,
        -0.809473336,
        -0.2589999
      ]
    ],
    "translation": [
      1.99300182,
      0.947830856,
      -0.6703945
    ]
  },
  {
    "timeStamp": 13964,
    "rotation": [
      [
        0.854772151,
        0.518640757,
        0.0193994623
      ],
      [
        0.121497586,
        -0.236300156,
        0.9640542
      ],
      [
        0.5045819,
        -0.8216897,
        -0.2649964
      ]
    ],
    "translation": [
      2.00435972,
      0.94970274,
      -0.6682123
    ]
  },
  {
    "timeStamp": 14020,
    "rotation": [
      [
        0.8653781,
        0.50092,
        -0.0141373249
      ],
      [
        0.1524861,
        -0.236348212,
        0.9596288
      ],
      [
        0.477355927,
        -0.8325975,
        -0.280913919
      ]
    ],
    "translation": [
      2.02243543,
      0.951716661,
      -0.6628407
    ]
  },
  {
    "timeStamp": 14065,
    "rotation": [
      [
        0.8722375,
        0.4882355,
        -0.028770363
      ],
      [
        0.159484,
        -0.228324056,
        0.9604337
      ],
      [
        0.462348849,
        -0.8423147,
        -0.277018577
      ]
    ],
    "translation": [
      2.03868222,
      0.9505286,
      -0.6619421
    ]
  },
  {
    "timeStamp": 14112,
    "rotation": [
      [
        0.882223368,
        0.470626384,
        -0.0138883265
      ],
      [
        0.146513447,
        -0.246378183,
        0.9580353
      ],
      [
        0.4474549,
        -0.8472359,
        -0.286313653
      ]
    ],
    "translation": [
      2.04610276,
      0.951139748,
      -0.658404231
    ]
  },
  {
    "timeStamp": 14159,
    "rotation": [
      [
        0.889145851,
        0.4548391,
        -0.0504081771
      ],
      [
        0.17165713,
        -0.229384825,
        0.9580796
      ],
      [
        0.4242092,
        -0.8605254,
        -0.282032937
      ]
    ],
    "translation": [
      2.07221413,
      0.9484843,
      -0.656204
    ]
  },
  {
    "timeStamp": 14215,
    "rotation": [
      [
        0.8961862,
        0.442929149,
        -0.0257691871
      ],
      [
        0.147769064,
        -0.243210286,
        0.958651662
      ],
      [
        0.418347418,
        -0.8629383,
        -0.283412933
      ]
    ],
    "translation": [
      2.08494282,
      0.945934057,
      -0.6541713
    ]
  },
  {
    "timeStamp": 14259,
    "rotation": [
      [
        0.9044398,
        0.4201928,
        -0.07366536
      ],
      [
        0.1804459,
        -0.220346212,
        0.958585858
      ],
      [
        0.38655898,
        -0.880275846,
        -0.275111943
      ]
    ],
    "translation": [
      2.1126225,
      0.9414205,
      -0.653811455
    ]
  },
  {
    "timeStamp": 14315,
    "rotation": [
      [
        0.912141263,
        0.408138573,
        -0.037698973
      ],
      [
        0.1468065,
        -0.23944512,
        0.9597468
      ],
      [
        0.38268283,
        -0.8809591,
        -0.27832517
      ]
    ],
    "translation": [
      2.12408638,
      0.9396632,
      -0.6518856
    ]
  },
  {
    "timeStamp": 14359,
    "rotation": [
      [
        0.9194741,
        0.386125356,
        -0.073990114
      ],
      [
        0.170842215,
        -0.2229144,
        0.95975107
      ],
      [
        0.35409078,
        -0.8951069,
        -0.270930529
      ]
    ],
    "translation": [
      2.14635682,
      0.935621142,
      -0.6515959
    ]
  },
  {
    "timeStamp": 14415,
    "rotation": [
      [
        0.927274346,
        0.369229078,
        -0.061904382
      ],
      [
        0.152043149,
        -0.2202974,
        0.9635102
      ],
      [
        0.3421186,
        -0.902850449,
        -0.260414869
      ]
    ],
    "translation": [
      2.162456,
      0.929277956,
      -0.653722942
    ]
  },
  {
    "timeStamp": 14459,
    "rotation": [
      [
        0.932713449,
        0.352658421,
        -0.0753505751
      ],
      [
        0.155819654,
        -0.205684468,
        0.9661336
      ],
      [
        0.3252167,
        -0.9128669,
        -0.246795774
      ]
    ],
    "translation": [
      2.175839,
      0.922681034,
      -0.6571036
    ]
  },
  {
    "timeStamp": 14514,
    "rotation": [
      [
        0.9361204,
        0.336147755,
        -0.103360064
      ],
      [
        0.169010743,
        -0.172273889,
        0.9704417
      ],
      [
        0.308405578,
        -0.925919235,
        -0.218081683
      ]
    ],
    "translation": [
      2.19646335,
      0.910334647,
      -0.6651586
    ]
  },
  {
    "timeStamp": 14560,
    "rotation": [
      [
        0.94452703,
        0.3202604,
        -0.07281429
      ],
      [
        0.13514781,
        -0.176931322,
        0.9749002
      ],
      [
        0.2993388,
        -0.9306603,
        -0.2103989
      ]
    ],
    "translation": [
      2.19724178,
      0.9022658,
      -0.669901967
    ]
  },
  {
    "timeStamp": 14617,
    "rotation": [
      [
        0.9497977,
        0.294938177,
        -0.104383036
      ],
      [
        0.15388912,
        -0.149923116,
        0.9766479
      ],
      [
        0.2724013,
        -0.943681359,
        -0.1877844
      ]
    ],
    "translation": [
      2.21375775,
      0.8894995,
      -0.6778435
    ]
  },
  {
    "timeStamp": 14662,
    "rotation": [
      [
        0.955575,
        0.285104066,
        -0.0747806
      ],
      [
        0.1190084,
        -0.14109154,
        0.9828175
      ],
      [
        0.269654363,
        -0.9480553,
        -0.168753341
      ]
    ],
    "translation": [
      2.21116281,
      0.879271567,
      -0.6849087
    ]
  },
  {
    "timeStamp": 14719,
    "rotation": [
      [
        0.957856834,
        0.267978638,
        -0.10343007
      ],
      [
        0.137730643,
        -0.112489283,
        0.9840612
      ],
      [
        0.252072573,
        -0.9568352,
        -0.1446575
      ]
    ],
    "translation": [
      2.22163,
      0.866333544,
      -0.6950209
    ]
  },
  {
    "timeStamp": 14764,
    "rotation": [
      [
        0.9593008,
        0.267225653,
        -0.09128154
      ],
      [
        0.121734679,
        -0.09967427,
        0.9875453
      ],
      [
        0.254799038,
        -0.958465159,
        -0.128148243
      ]
    ],
    "translation": [
      2.2211988,
      0.8564272,
      -0.7020792
    ]
  },
  {
    "timeStamp": 14820,
    "rotation": [
      [
        0.967397749,
        0.236072287,
        -0.0917145461
      ],
      [
        0.114237517,
        -0.08354093,
        0.9899347
      ],
      [
        0.226034224,
        -0.96813786,
        -0.10778562
      ]
    ],
    "translation": [
      2.224529,
      0.8443693,
      -0.7106758
    ]
  },
  {
    "timeStamp": 14864,
    "rotation": [
      [
        0.9654069,
        0.242332071,
        -0.09625318
      ],
      [
        0.116422527,
        -0.07030132,
        0.9907086
      ],
      [
        0.233313739,
        -0.967642963,
        -0.096082285
      ]
    ],
    "translation": [
      2.22705269,
      0.8353303,
      -0.716423
    ]
  },
  {
    "timeStamp": 14909,
    "rotation": [
      [
        0.9708955,
        0.222600639,
        -0.0883788541
      ],
      [
        0.102169372,
        -0.05119449,
        0.9934488
      ],
      [
        0.216617808,
        -0.9735646,
        -0.07244747
      ]
    ],
    "translation": [
      2.22703266,
      0.825563431,
      -0.724750161
    ]
  },
  {
    "timeStamp": 14964,
    "rotation": [
      [
        0.9685068,
        0.2284242,
        -0.09908055
      ],
      [
        0.1102041,
        -0.0364346839,
        0.993240952
      ],
      [
        0.223270312,
        -0.972879648,
        -0.0604605265
      ]
    ],
    "translation": [
      2.230519,
      0.815153,
      -0.731041253
    ]
  },
  {
    "timeStamp": 15019,
    "rotation": [
      [
        0.9744401,
        0.206911653,
        -0.0874877349
      ],
      [
        0.09438378,
        -0.023675764,
        0.995254338
      ],
      [
        0.20385839,
        -0.9780731,
        -0.04259972
      ]
    ],
    "translation": [
      2.229576,
      0.805438638,
      -0.7386619
    ]
  },
  {
    "timeStamp": 15064,
    "rotation": [
      [
        0.974162757,
        0.205855623,
        -0.09289941
      ],
      [
        0.09836021,
        -0.0164315719,
        0.9950152
      ],
      [
        0.203303,
        -0.9784444,
        -0.0362550281
      ]
    ],
    "translation": [
      2.23167586,
      0.798365831,
      -0.7431184
    ]
  },
  {
    "timeStamp": 15119,
    "rotation": [
      [
        0.9769673,
        0.193571925,
        -0.08980465
      ],
      [
        0.09208146,
        -0.00277834828,
        0.9957476
      ],
      [
        0.19249928,
        -0.981082141,
        -0.0205387417
      ]
    ],
    "translation": [
      2.231841,
      0.790023446,
      -0.7509946
    ]
  },
  {
    "timeStamp": 15164,
    "rotation": [
      [
        0.9781669,
        0.192911029,
        -0.0772976
      ],
      [
        0.0798099339,
        -0.00527436472,
        0.996796131
      ],
      [
        0.191885263,
        -0.981202066,
        -0.0205554254
      ]
    ],
    "translation": [
      2.23063254,
      0.7846327,
      -0.754260838
    ]
  },
  {
    "timeStamp": 15219,
    "rotation": [
      [
        0.9785294,
        0.186211467,
        -0.08834895
      ],
      [
        0.08831635,
        0.00848703552,
        0.9960563
      ],
      [
        0.186226934,
        -0.9824731,
        -0.008140704
      ]
    ],
    "translation": [
      2.23482585,
      0.778315,
      -0.761106968
    ]
  },
  {
    "timeStamp": 15264,
    "rotation": [
      [
        0.979697943,
        0.181137457,
        -0.0859143
      ],
      [
        0.08435165,
        0.0163272545,
        0.996302247
      ],
      [
        0.181870416,
        -0.9833223,
        0.000716532755
      ]
    ],
    "translation": [
      2.23698,
      0.774209,
      -0.765823841
    ]
  },
  {
    "timeStamp": 15319,
    "rotation": [
      [
        0.9804334,
        0.177094877,
        -0.08595225
      ],
      [
        0.08430686,
        0.01680907,
        0.9962981
      ],
      [
        0.177884057,
        -0.9840502,
        0.00154986139
      ]
    ],
    "translation": [
      2.23850536,
      0.770449758,
      -0.769432068
    ]
  },
  {
    "timeStamp": 15364,
    "rotation": [
      [
        0.98037,
        0.177484572,
        -0.08587082
      ],
      [
        0.08262396,
        0.02561841,
        0.996251464
      ],
      [
        0.179019138,
        -0.98379004,
        0.0104510421
      ]
    ],
    "translation": [
      2.2398665,
      0.7671187,
      -0.7741838
    ]
  },
  {
    "timeStamp": 15419,
    "rotation": [
      [
        0.982444346,
        0.165639788,
        -0.08582931
      ],
      [
        0.0827333555,
        0.0255138874,
        0.9962451
      ],
      [
        0.167207658,
        -0.985856235,
        0.0113620386
      ]
    ],
    "translation": [
      2.24192,
      0.7638415,
      -0.7777802
    ]
  },
  {
    "timeStamp": 15464,
    "rotation": [
      [
        0.983514845,
        0.16271463,
        -0.07888231
      ],
      [
        0.07651862,
        0.0207529161,
        0.99685216
      ],
      [
        0.163839459,
        -0.986454844,
        0.007960103
      ]
    ],
    "translation": [
      2.24067283,
      0.761583149,
      -0.7794661
    ]
  },
  {
    "timeStamp": 15519,
    "rotation": [
      [
        0.9846515,
        0.1558312,
        -0.07860078
      ],
      [
        0.07548692,
        0.0258096233,
        0.9968127
      ],
      [
        0.157363176,
        -0.9874465,
        0.0136502674
      ]
    ],
    "translation": [
      2.241166,
      0.758232236,
      -0.7830421
    ]
  },
  {
    "timeStamp": 15564,
    "rotation": [
      [
        0.985731363,
        0.152036592,
        -0.07223963
      ],
      [
        0.0701436251,
        0.0191118568,
        0.9973538
      ],
      [
        0.1530149,
        -0.988190055,
        0.00817476
      ]
    ],
    "translation": [
      2.23995423,
      0.7559278,
      -0.7839127
    ]
  },
  {
    "timeStamp": 15619,
    "rotation": [
      [
        0.9870918,
        0.1403143,
        -0.07721193
      ],
      [
        0.07501184,
        0.0209094379,
        0.9969634
      ],
      [
        0.141502678,
        -0.9898862,
        0.0101143
      ]
    ],
    "translation": [
      2.2425344,
      0.753057837,
      -0.785773754
    ]
  },
  {
    "timeStamp": 15663,
    "rotation": [
      [
        0.98857975,
        0.133682087,
        -0.06956463
      ],
      [
        0.068092376,
        0.0155592458,
        0.9975577
      ],
      [
        0.134437963,
        -0.9909021,
        0.00627882453
      ]
    ],
    "translation": [
      2.242193,
      0.751400352,
      -0.7867177
    ]
  },
  {
    "timeStamp": 15719,
    "rotation": [
      [
        0.98662436,
        0.131634,
        -0.09615011
      ],
      [
        0.09447032,
        0.0189617537,
        0.9953471
      ],
      [
        0.132844687,
        -0.991117,
        0.00627262332
      ]
    ],
    "translation": [
      2.25042677,
      0.74921906,
      -0.788353
    ]
  },
  {
    "timeStamp": 15764,
    "rotation": [
      [
        0.9890548,
        0.122186922,
        -0.08270929
      ],
      [
        0.0813198462,
        0.0163234975,
        0.9965544
      ],
      [
        0.123116024,
        -0.9923728,
        0.00620861258
      ]
    ],
    "translation": [
      2.251226,
      0.747867942,
      -0.7899468
    ]
  },
  {
    "timeStamp": 15817,
    "rotation": [
      [
        0.988682032,
        0.113932028,
        -0.097608164
      ],
      [
        0.096269004,
        0.0172107331,
        0.995206535
      ],
      [
        0.115065813,
        -0.9933395,
        0.00604781974
      ]
    ],
    "translation": [
      2.25744033,
      0.746216953,
      -0.7917566
    ]
  },
  {
    "timeStamp": 15861,
    "rotation": [
      [
        0.990106165,
        0.110329956,
        -0.08670093
      ],
      [
        0.0853048339,
        0.0173207652,
        0.9962043
      ],
      [
        0.111412913,
        -0.9937441,
        0.00773771759
      ]
    ],
    "translation": [
      2.25865269,
      0.744480133,
      -0.7936146
    ]
  },
  {
    "timeStamp": 15917,
    "rotation": [
      [
        0.9900979,
        0.104549557,
        -0.09367763
      ],
      [
        0.09199224,
        0.0208385233,
        0.995541632
      ],
      [
        0.106035553,
        -0.9943013,
        0.01101443
      ]
    ],
    "translation": [
      2.261853,
      0.74208343,
      -0.7957519
    ]
  },
  {
    "timeStamp": 15962,
    "rotation": [
      [
        0.9920752,
        0.0985563844,
        -0.07793221
      ],
      [
        0.077126734,
        0.011962303,
        0.996949553
      ],
      [
        0.0991879851,
        -0.99505955,
        0.00426617265
      ]
    ],
    "translation": [
      2.26096821,
      0.7408007,
      -0.795060635
    ]
  },
  {
    "timeStamp": 16017,
    "rotation": [
      [
        0.9912168,
        0.09776354,
        -0.08905942
      ],
      [
        0.0880899653,
        0.0141969295,
        0.9960114
      ],
      [
        0.09863795,
        -0.995108366,
        0.00546024926
      ]
    ],
    "translation": [
      2.26272082,
      0.7381493,
      -0.795468152
    ]
  },
  {
    "timeStamp": 16062,
    "rotation": [
      [
        0.992504954,
        0.09708205,
        -0.07422285
      ],
      [
        0.0739679039,
        0.006227422,
        0.9972412
      ],
      [
        0.0972764343,
        -0.9952569,
        -0.00100020808
      ]
    ],
    "translation": [
      2.26095557,
      0.7363597,
      -0.7946982
    ]
  },
  {
    "timeStamp": 16117,
    "rotation": [
      [
        0.992669642,
        0.09412715,
        -0.07580943
      ],
      [
        0.0748028159,
        0.0141819492,
        0.9970975
      ],
      [
        0.09492907,
        -0.995459139,
        0.0070370147
      ]
    ],
    "translation": [
      2.26009369,
      0.7330122,
      -0.796262562
    ]
  },
  {
    "timeStamp": 16162,
    "rotation": [
      [
        0.9917271,
        0.101230435,
        -0.07892832
      ],
      [
        0.07762123,
        0.01679285,
        0.9968415
      ],
      [
        0.102236129,
        -0.994721234,
        0.008796294
      ]
    ],
    "translation": [
      2.26121378,
      0.7307825,
      -0.797546148
    ]
  },
  {
    "timeStamp": 16218,
    "rotation": [
      [
        0.9932954,
        0.08972527,
        -0.07289487
      ],
      [
        0.07159186,
        0.017660128,
        0.9972777
      ],
      [
        0.09076833,
        -0.9958099,
        0.0111181233
      ]
    ],
    "translation": [
      2.25961924,
      0.728745759,
      -0.797994256
    ]
  },
  {
    "timeStamp": 16263,
    "rotation": [
      [
        0.992314041,
        0.0995393842,
        -0.0735167861
      ],
      [
        0.0719058663,
        0.0196807515,
        0.997217238
      ],
      [
        0.100709252,
        -0.994838953,
        0.01237202
      ]
    ],
    "translation": [
      2.26024628,
      0.727527261,
      -0.799135566
    ]
  },
  {
    "timeStamp": 16319,
    "rotation": [
      [
        0.992375,
        0.09345565,
        -0.08036113
      ],
      [
        0.07849815,
        0.0234484579,
        0.9966385
      ],
      [
        0.09502583,
        -0.995347261,
        0.0159335677
      ]
    ],
    "translation": [
      2.2612102,
      0.7260909,
      -0.800600052
    ]
  },
  {
    "timeStamp": 16363,
    "rotation": [
      [
        0.99196285,
        0.09839026,
        -0.07955517
      ],
      [
        0.07733308,
        0.0262017231,
        0.996660948
      ],
      [
        0.100146219,
        -0.9948029,
        0.0183823165
      ]
    ],
    "translation": [
      2.2621274,
      0.7252508,
      -0.8020413
    ]
  },
  {
    "timeStamp": 16419,
    "rotation": [
      [
        0.992055833,
        0.0946096852,
        -0.082911
      ],
      [
        0.08056527,
        0.0283564534,
        0.9963459
      ],
      [
        0.09661504,
        -0.9951106,
        0.02050893
      ]
    ],
    "translation": [
      2.26268935,
      0.72432965,
      -0.8035545
    ]
  },
  {
    "timeStamp": 16463,
    "rotation": [
      [
        0.99242425,
        0.09333449,
        -0.07989163
      ],
      [
        0.077956304,
        0.0242063254,
        0.996662855
      ],
      [
        0.0949569046,
        -0.995340466,
        0.0167469326
      ]
    ],
    "translation": [
      2.26334238,
      0.7240095,
      -0.803858161
    ]
  },
  {
    "timeStamp": 16519,
    "rotation": [
      [
        0.992157459,
        0.09381618,
        -0.08259666
      ],
      [
        0.0809205249,
        0.0215385072,
        0.9964878
      ],
      [
        0.095265694,
        -0.99535656,
        0.0137779359
      ]
    ],
    "translation": [
      2.26333451,
      0.723862946,
      -0.803847432
    ]
  },
  {
    "timeStamp": 16563,
    "rotation": [
      [
        0.9928127,
        0.0903318,
        -0.07850589
      ],
      [
        0.0766731054,
        0.0235891435,
        0.9967772
      ],
      [
        0.09189258,
        -0.99563235,
        0.0164935812
      ]
    ],
    "translation": [
      2.26312518,
      0.7239472,
      -0.803982
    ]
  },
  {
    "timeStamp": 16619,
    "rotation": [
      [
        0.9933023,
        0.08907331,
        -0.07359698
      ],
      [
        0.07151884,
        0.0263059419,
        0.9970923
      ],
      [
        0.0907503441,
        -0.9956776,
        0.0197593328
      ]
    ],
    "translation": [
      2.26078773,
      0.724059343,
      -0.804825068
    ]
  },
  {
    "timeStamp": 16663,
    "rotation": [
      [
        0.9932243,
        0.0938274562,
        -0.0685708746
      ],
      [
        0.06637075,
        0.0263753571,
        0.997446358
      ],
      [
        0.0953964442,
        -0.9952391,
        0.0199692454
      ]
    ],
    "translation": [
      2.25823736,
      0.7240071,
      -0.804892063
    ]
  }
]