[
  {
    "timeStamp": 86287,
    "rotation": [
      [
        -0.456687361,
        0.5061681,
        -0.7315945
      ],
      [
        0.6215423,
        0.76990366,
        0.14468427
      ],
      [
        0.636491835,
        -0.388641447,
        -0.6662102
      ]
    ],
    "translation": [
      1.48199379,
      0.700764358,
      -0.712405741
    ]
  },
  {
    "timeStamp": 86331,
    "rotation": [
      [
        -0.457903057,
        0.5418164,
        -0.7048119
      ],
      [
        0.6416755,
        0.7501479,
        0.159783438
      ],
      [
        0.6152864,
        -0.379095167,
        -0.6911653
      ]
    ],
    "translation": [
      1.48149717,
      0.7011611,
      -0.711636245
    ]
  },
  {
    "timeStamp": 86387,
    "rotation": [
      [
        -0.435910255,
        0.542303145,
        -0.7182545
      ],
      [
        0.6328954,
        0.7521136,
        0.1837621
      ],
      [
        0.6398637,
        -0.3744762,
        -0.6710752
      ]
    ],
    "translation": [
      1.48187113,
      0.7006128,
      -0.7122046
    ]
  },
  {
    "timeStamp": 86431,
    "rotation": [
      [
        -0.4455942,
        0.541974545,
        -0.7125373
      ],
      [
        0.641985,
        0.748173237,
        0.167606726
      ],
      [
        0.6239399,
        -0.38275367,
        -0.681321144
      ]
    ],
    "translation": [
      1.4817344,
      0.7010137,
      -0.7119258
    ]
  },
  {
    "timeStamp": 86486,
    "rotation": [
      [
        -0.419154018,
        0.527702332,
        -0.738809943
      ],
      [
        0.6981043,
        0.7075969,
        0.109347895
      ],
      [
        0.5804828,
        -0.469932824,
        -0.664983332
      ]
    ],
    "translation": [
      1.48397815,
      0.7091267,
      -0.703312
    ]
  },
  {
    "timeStamp": 86536,
    "rotation": [
      [
        -0.365670234,
        0.556177437,
        -0.7462921
      ],
      [
        0.7282787,
        0.6702645,
        0.142673552
      ],
      [
        0.579564869,
        -0.49133715,
        -0.6501479
      ]
    ],
    "translation": [
      1.48228216,
      0.730110049,
      -0.70082283
    ]
  },
  {
    "timeStamp": 86584,
    "rotation": [
      [
        -0.318916768,
        0.5913856,
        -0.7406452
      ],
      [
        0.7779722,
        0.6096794,
        0.151823327
      ],
      [
        0.5413422,
        -0.5277823,
        -0.654518545
      ]
    ],
    "translation": [
      1.48566151,
      0.7647827,
      -0.696272969
    ]
  },
  {
    "timeStamp": 86640,
    "rotation": [
      [
        -0.2471756,
        0.6238851,
        -0.741398454
      ],
      [
        0.8225463,
        0.539532065,
        0.179785416
      ],
      [
        0.512173653,
        -0.565395951,
        -0.646533549
      ]
    ],
    "translation": [
      1.49703956,
      0.8058704,
      -0.693478942
    ]
  },
  {
    "timeStamp": 86684,
    "rotation": [
      [
        -0.2015478,
        0.632413864,
        -0.7479513
      ],
      [
        0.84840107,
        0.4943288,
        0.189353228
      ],
      [
        0.489483476,
        -0.596399,
        -0.63617146
      ]
    ],
    "translation": [
      1.51477754,
      0.839547634,
      -0.6911918
    ]
  },
  {
    "timeStamp": 86740,
    "rotation": [
      [
        -0.124010049,
        0.623223,
        -0.7721493
      ],
      [
        0.8706971,
        0.4415713,
        0.216567189
      ],
      [
        0.475928634,
        -0.645451665,
        -0.597397745
      ]
    ],
    "translation": [
      1.545512,
      0.8812629,
      -0.6849851
    ]
  },
  {
    "timeStamp": 86784,
    "rotation": [
      [
        -0.06671334,
        0.599528253,
        -0.7975683
      ],
      [
        0.888073444,
        0.400062382,
        0.226441249
      ],
      [
        0.454835,
        -0.693192542,
        -0.559114635
      ]
    ],
    "translation": [
      1.577713,
      0.913553059,
      -0.6769701
    ]
  },
  {
    "timeStamp": 86840,
    "rotation": [
      [
        -0.0202487763,
        0.54643023,
        -0.837259769
      ],
      [
        0.903298557,
        0.368940353,
        0.218939766
      ],
      [
        0.42853424,
        -0.751862347,
        -0.501060247
      ]
    ],
    "translation": [
      1.62669671,
      0.949457943,
      -0.6653042
    ]
  },
  {
    "timeStamp": 86884,
    "rotation": [
      [
        0.01092087,
        0.5079593,
        -0.8613118
      ],
      [
        0.9167501,
        0.338886976,
        0.211482659
      ],
      [
        0.39931196,
        -0.791917264,
        -0.4619708
      ]
    ],
    "translation": [
      1.66761851,
      0.97652936,
      -0.6558044
    ]
  },
  {
    "timeStamp": 86929,
    "rotation": [
      [
        0.0284532364,
        0.453945339,
        -0.890575051
      ],
      [
        0.9278425,
        0.319466174,
        0.192482725
      ],
      [
        0.37188527,
        -0.831790149,
        -0.412099957
      ]
    ],
    "translation": [
      1.713099,
      1.00080574,
      -0.645658553
    ]
  },
  {
    "timeStamp": 86985,
    "rotation": [
      [
        0.0553259365,
        0.3844728,
        -0.9214769
      ],
      [
        0.940754056,
        0.289150149,
        0.177127033
      ],
      [
        0.3345457,
        -0.8766828,
        -0.345696867
      ]
    ],
    "translation": [
      1.77184117,
      1.02958429,
      -0.634436548
    ]
  },
  {
    "timeStamp": 87030,
    "rotation": [
      [
        0.0403906442,
        0.325012,
        -0.944847
      ],
      [
        0.954565942,
        0.2668702,
        0.132605135
      ],
      [
        0.29524976,
        -0.9072747,
        -0.299466372
      ]
    ],
    "translation": [
      1.82167149,
      1.0507623,
      -0.626326144
    ]
  },
  {
    "timeStamp": 87086,
    "rotation": [
      [
        0.05120764,
        0.2571626,
        -0.9650104
      ],
      [
        0.9565901,
        0.26496172,
        0.12136963
      ],
      [
        0.286902577,
        -0.9293346,
        -0.232431114
      ]
    ],
    "translation": [
      1.88135374,
      1.06802678,
      -0.6201601
    ]
  },
  {
    "timeStamp": 87130,
    "rotation": [
      [
        0.0304506328,
        0.19566156,
        -0.9801986
      ],
      [
        0.962074757,
        0.260222465,
        0.0818317
      ],
      [
        0.271081,
        -0.9455161,
        -0.1803171
      ]
    ],
    "translation": [
      1.92984056,
      1.07818973,
      -0.6150231
    ]
  },
  {
    "timeStamp": 87186,
    "rotation": [
      [
        0.0129126422,
        0.135446951,
        -0.9907005
      ],
      [
        0.9573675,
        0.2842733,
        0.0513435677
      ],
      [
        0.288584,
        -0.9491274,
        -0.1260018
      ]
    ],
    "translation": [
      1.98529768,
      1.08445692,
      -0.6100945
    ]
  },
  {
    "timeStamp": 87230,
    "rotation": [
      [
        0.027120281,
        0.104284212,
        -0.9941777
      ],
      [
        0.949487031,
        0.308353454,
        0.05824588
      ],
      [
        0.312632263,
        -0.9455384,
        -0.090653874
      ]
    ],
    "translation": [
      2.02157617,
      1.08382583,
      -0.6060544
    ]
  },
  {
    "timeStamp": 87286,
    "rotation": [
      [
        0.0185922179,
        0.07223667,
        -0.9972142
      ],
      [
        0.9431932,
        0.329647243,
        0.0414641835
      ],
      [
        0.331724167,
        -0.9413366,
        -0.0620042644
      ]
    ],
    "translation": [
      2.06302452,
      1.082017,
      -0.597408056
    ]
  },
  {
    "timeStamp": 87331,
    "rotation": [
      [
        0.0498169065,
        0.07037637,
        -0.9962757
      ],
      [
        0.929292,
        0.362248778,
        0.07205656
      ],
      [
        0.365970761,
        -0.929420769,
        -0.0473540835
      ]
    ],
    "translation": [
      2.085777,
      1.07475388,
      -0.5909266
    ]
  },
  {
    "timeStamp": 87386,
    "rotation": [
      [
        0.009775744,
        0.0376424268,
        -0.999243438
      ],
      [
        0.9227687,
        0.384635925,
        0.0235171728
      ],
      [
        0.385230154,
        -0.9223005,
        -0.0309751537
      ]
    ],
    "translation": [
      2.11691475,
      1.06637192,
      -0.579355657
    ]
  },
  {
    "timeStamp": 87430,
    "rotation": [
      [
        0.07424067,
        0.0648439,
        -0.995129943
      ],
      [
        0.897035658,
        0.431616873,
        0.09504713
      ],
      [
        0.4356781,
        -0.899723351,
        -0.026123764
      ]
    ],
    "translation": [
      2.12892962,
      1.051542,
      -0.5738537
    ]
  },
  {
    "timeStamp": 87486,
    "rotation": [
      [
        0.003487377,
        0.03336475,
        -0.999437153
      ],
      [
        0.889717042,
        0.456144154,
        0.0183322337
      ],
      [
        0.45649904,
        -0.8892802,
        -0.0280944426
      ]
    ],
    "translation": [
      2.149161,
      1.0381906,
      -0.5655269
    ]
  },
  {
    "timeStamp": 87530,
    "rotation": [
      [
        0.0329944752,
        0.08040647,
        -0.996216
      ],
      [
        0.8662006,
        0.49496004,
        0.06863755
      ],
      [
        0.498606,
        -0.8651875,
        -0.05331718
      ]
    ],
    "translation": [
      2.15201354,
      1.02268815,
      -0.5627742
    ]
  },
  {
    "timeStamp": 87586,
    "rotation": [
      [
        0.0203136615,
        0.08545243,
        -0.9961351
      ],
      [
        0.851621747,
        0.5204753,
        0.0620151162
      ],
      [
        0.5237631,
        -0.849590063,
        -0.0622003861
      ]
    ],
    "translation": [
      2.15861154,
      1.00797963,
      -0.557896256
    ]
  },
  {
    "timeStamp": 87630,
    "rotation": [
      [
        0.0183168333,
        0.110962354,
        -0.9936558
      ],
      [
        0.8363458,
        0.54290247,
        0.07604338
      ],
      [
        0.547896147,
        -0.8324327,
        -0.08285865
      ]
    ],
    "translation": [
      2.16102672,
      0.996584356,
      -0.5553892
    ]
  },
  {
    "timeStamp": 87681,
    "rotation": [
      [
        0.06741071,
        0.136217758,
        -0.988382757
      ],
      [
        0.816949546,
        0.5611503,
        0.133055523
      ],
      [
        0.5727558,
        -0.8164282,
        -0.0734555
      ]
    ],
    "translation": [
      2.16200161,
      0.982562661,
      -0.5528477
    ]
  },
  {
    "timeStamp": 87736,
    "rotation": [
      [
        0.03145619,
        0.147383541,
        -0.9885791
      ],
      [
        0.807068944,
        0.5797167,
        0.112108395
      ],
      [
        0.589618742,
        -0.801377952,
        -0.100713
      ]
    ],
    "translation": [
      2.16412783,
      0.9711646,
      -0.5509682
    ]
  },
  {
    "timeStamp": 87781,
    "rotation": [
      [
        0.0464968234,
        0.166430667,
        -0.984956264
      ],
      [
        0.79260397,
        0.593965948,
        0.137780443
      ],
      [
        0.607961357,
        -0.7870866,
        -0.104296073
      ]
    ],
    "translation": [
      2.16333818,
      0.961767137,
      -0.5507627
    ]
  },
  {
    "timeStamp": 87836,
    "rotation": [
      [
        0.02252133,
        0.173027948,
        -0.984659433
      ],
      [
        0.785355151,
        0.606392562,
        0.124520324
      ],
      [
        0.6186356,
        -0.7761117,
        -0.122231632
      ]
    ],
    "translation": [
      2.16487527,
      0.9531585,
      -0.549562
    ]
  },
  {
    "timeStamp": 87881,
    "rotation": [
      [
        0.0172155518,
        0.180518821,
        -0.983420849
      ],
      [
        0.778377533,
        0.614919245,
        0.126501992
      ],
      [
        0.6275604,
        -0.7676505,
        -0.129925624
      ]
    ],
    "translation": [
      2.16556168,
      0.946850955,
      -0.5488059
    ]
  },
  {
    "timeStamp": 87936,
    "rotation": [
      [
        0.004466414,
        0.192794979,
        -0.9812289
      ],
      [
        0.7621282,
        0.634614468,
        0.128160179
      ],
      [
        0.64741075,
        -0.7483946,
        -0.14410004
      ]
    ],
    "translation": [
      2.16584921,
      0.9378962,
      -0.5499495
    ]
  }
]