[
  {
    "timeStamp": 37352,
    "rotation": [
      [
        -0.999884367,
        0.000338901416,
        -0.0152047537
      ],
      [
        -0.0152003616,
        0.0104927318,
        0.9998294
      ],
      [
        0.0004983828,
        0.9999449,
        -0.0104863672
      ]
    ],
    "translation": [
      1.61628044,
      0.70205164,
      -0.7490325
    ]
  },
  {
    "timeStamp": 37409,
    "rotation": [
      [
        -0.999971867,
        0.00187257037,
        -0.00725737633
      ],
      [
        -0.007254924,
        0.00131311663,
        0.9999728
      ],
      [
        0.00188204926,
        0.9999974,
        -0.0012994943
      ]
    ],
    "translation": [
      1.61625266,
      0.7018033,
      -0.7490885
    ]
  },
  {
    "timeStamp": 37452,
    "rotation": [
      [
        -0.9999895,
        0.000858665444,
        -0.00449628569
      ],
      [
        -0.004498395,
        -0.00247058528,
        0.9999868
      ],
      [
        0.000847543241,
        0.9999966,
        0.00247442187
      ]
    ],
    "translation": [
      1.616274,
      0.70187366,
      -0.749045432
    ]
  },
  {
    "timeStamp": 37508,
    "rotation": [
      [
        -0.999997735,
        0.002116288,
        -2.310922E-06
      ],
      [
        0.0,
        0.00109196885,
        0.9999994
      ],
      [
        0.00211628922,
        0.999997139,
        -0.00109196641
      ]
    ],
    "translation": [
      1.61628628,
      0.7017885,
      -0.7490516
    ]
  },
  {
    "timeStamp": 37553,
    "rotation": [
      [
        -0.9999938,
        0.00136421039,
        0.00324766058
      ],
      [
        0.00324443588,
        -0.00235941331,
        0.999991953
      ],
      [
        0.001371862,
        0.999996245,
        0.00235497253
      ]
    ],
    "translation": [
      1.61629927,
      0.7017969,
      -0.7490471
    ]
  },
  {
    "timeStamp": 37610,
    "rotation": [
      [
        -0.9999751,
        0.0015844435,
        0.006882255
      ],
      [
        0.00687660743,
        -0.003542989,
        0.9999701
      ],
      [
        0.00160878059,
        0.9999925,
        0.003532005
      ]
    ],
    "translation": [
      1.61629367,
      0.701800466,
      -0.7490518
    ]
  },
  {
    "timeStamp": 37653,
    "rotation": [
      [
        -0.9999327,
        0.00151602807,
        0.0115020424
      ],
      [
        0.0114935441,
        -0.00549996458,
        0.9999188
      ],
      [
        0.0015791679,
        0.9999837,
        0.00548217
      ]
    ],
    "translation": [
      1.61630273,
      0.7018181,
      -0.749049544
    ]
  },
  {
    "timeStamp": 37709,
    "rotation": [
      [
        -0.9962452,
        0.0361200161,
        0.07868151
      ],
      [
        0.07729124,
        -0.03839741,
        0.996268868
      ],
      [
        0.03900643,
        0.9986095,
        0.0354614742
      ]
    ],
    "translation": [
      1.59712768,
      0.7064893,
      -0.756931543
    ]
  },
  {
    "timeStamp": 37753,
    "rotation": [
      [
        -0.995878,
        0.03835727,
        0.08219347
      ],
      [
        0.08101146,
        -0.0314173549,
        0.9962179
      ],
      [
        0.04079449,
        0.998770058,
        0.0281804744
      ]
    ],
    "translation": [
      1.59684408,
      0.710874557,
      -0.754323959
    ]
  },
  {
    "timeStamp": 37809,
    "rotation": [
      [
        -0.993582666,
        0.0520308129,
        0.100430422
      ],
      [
        0.0987894461,
        -0.0332109854,
        0.994554
      ],
      [
        0.05508286,
        0.998093069,
        0.0278577618
      ]
    ],
    "translation": [
      1.5937326,
      0.718126953,
      -0.7521916
    ]
  },
  {
    "timeStamp": 37853,
    "rotation": [
      [
        -0.991865337,
        0.05866263,
        0.112968706
      ],
      [
        0.110682525,
        -0.04086893,
        0.99301517
      ],
      [
        0.06286979,
        0.997440934,
        0.0340435468
      ]
    ],
    "translation": [
      1.59125233,
      0.7236328,
      -0.7530544
    ]
  },
  {
    "timeStamp": 37909,
    "rotation": [
      [
        -0.9927175,
        0.0507442877,
        0.109256312
      ],
      [
        0.10851375,
        -0.0171730444,
        0.9939466
      ],
      [
        0.0523133725,
        0.998564,
        0.01154153
      ]
    ],
    "translation": [
      1.59365571,
      0.727398753,
      -0.7478861
    ]
  },
  {
    "timeStamp": 37953,
    "rotation": [
      [
        -0.991522253,
        0.0603553727,
        0.115069106
      ],
      [
        0.11385981,
        -0.0231180284,
        0.993227839
      ],
      [
        0.0626068,
        0.9979092,
        0.01604999
      ]
    ],
    "translation": [
      1.593914,
      0.732936263,
      -0.74848485
    ]
  },
  {
    "timeStamp": 38009,
    "rotation": [
      [
        -0.9902892,
        0.0658559,
        0.122434892
      ],
      [
        0.122147612,
        -0.008386262,
        0.9924765
      ],
      [
        0.0663872,
        0.997793853,
        0.000260683039
      ]
    ],
    "translation": [
      1.59659719,
      0.742087245,
      -0.7452531
    ]
  },
  {
    "timeStamp": 38053,
    "rotation": [
      [
        -0.988652647,
        0.07797803,
        0.128395125
      ],
      [
        0.127921537,
        -0.0110591669,
        0.991722643
      ],
      [
        0.07875252,
        0.9968937,
        0.000958604855
      ]
    ],
    "translation": [
      1.601224,
      0.750546336,
      -0.744613051
    ]
  },
  {
    "timeStamp": 38109,
    "rotation": [
      [
        -0.9872162,
        0.09366535,
        0.1289614
      ],
      [
        0.130494818,
        0.0104094511,
        0.991394341
      ],
      [
        0.0915168747,
        0.9955493,
        -0.02249922
      ]
    ],
    "translation": [
      1.61224937,
      0.761755,
      -0.7377069
    ]
  },
  {
    "timeStamp": 38153,
    "rotation": [
      [
        -0.984247863,
        0.114810139,
        0.134442583
      ],
      [
        0.136117011,
        0.006835086,
        0.9906692
      ],
      [
        0.11281994,
        0.9933639,
        -0.0223550312
      ]
    ],
    "translation": [
      1.62227714,
      0.7724122,
      -0.735440969
    ]
  },
  {
    "timeStamp": 38209,
    "rotation": [
      [
        -0.9803772,
        0.139799029,
        0.138984844
      ],
      [
        0.1429896,
        0.0189726949,
        0.9895423
      ],
      [
        0.135700122,
        0.9899981,
        -0.0385902077
      ]
    ],
    "translation": [
      1.6377914,
      0.786791265,
      -0.728249848
    ]
  },
  {
    "timeStamp": 38253,
    "rotation": [
      [
        -0.9728929,
        0.181749225,
        0.1429916
      ],
      [
        0.149442747,
        0.022237733,
        0.988520265
      ],
      [
        0.176482975,
        0.983093441,
        -0.0487960353
      ]
    ],
    "translation": [
      1.65261,
      0.7989054,
      -0.721587062
    ]
  },
  {
    "timeStamp": 38309,
    "rotation": [
      [
        -0.9610853,
        0.233548284,
        0.14754732
      ],
      [
        0.158490822,
        0.0286979973,
        0.9869433
      ],
      [
        0.2262646,
        0.9719216,
        -0.06459649
      ]
    ],
    "translation": [
      1.67367685,
      0.814531863,
      -0.7117589
    ]
  },
  {
    "timeStamp": 38353,
    "rotation": [
      [
        -0.9492804,
        0.282364875,
        0.138335422
      ],
      [
        0.157644883,
        0.0467361,
        0.9863893
      ],
      [
        0.272056431,
        0.9581679,
        -0.08887905
      ]
    ],
    "translation": [
      1.69506466,
      0.82559675,
      -0.700441539
    ]
  },
  {
    "timeStamp": 38410,
    "rotation": [
      [
        -0.9322145,
        0.3371308,
        0.131601557
      ],
      [
        0.1595695,
        0.05650838,
        0.985568047
      ],
      [
        0.324828774,
        0.939760447,
        -0.106473729
      ]
    ],
    "translation": [
      1.72376466,
      0.839748263,
      -0.688842
    ]
  },
  {
    "timeStamp": 38453,
    "rotation": [
      [
        -0.9126253,
        0.388257951,
        0.127948567
      ],
      [
        0.16854915,
        0.0722283348,
        0.9830434
      ],
      [
        0.3724329,
        0.9187159,
        -0.131357953
      ]
    ],
    "translation": [
      1.74789,
      0.851712763,
      -0.6783153
    ]
  },
  {
    "timeStamp": 38509,
    "rotation": [
      [
        -0.889622867,
        0.4417655,
        0.115820333
      ],
      [
        0.159900218,
        0.06374292,
        0.985073
      ],
      [
        0.427788526,
        0.8948632,
        -0.127345562
      ]
    ],
    "translation": [
      1.78124762,
      0.8631952,
      -0.6724897
    ]
  },
  {
    "timeStamp": 38553,
    "rotation": [
      [
        -0.865384459,
        0.4891648,
        0.108754471
      ],
      [
        0.177543789,
        0.09635024,
        0.9793849
      ],
      [
        0.468602061,
        0.8668532,
        -0.170228168
      ]
    ],
    "translation": [
      1.8074683,
      0.8737346,
      -0.6579678
    ]
  },
  {
    "timeStamp": 38609,
    "rotation": [
      [
        -0.8317317,
        0.545361459,
        0.103939623
      ],
      [
        0.181004986,
        0.08938638,
        0.9794117
      ],
      [
        0.5248426,
        0.8334213,
        -0.173058614
      ]
    ],
    "translation": [
      1.83863378,
      0.884542942,
      -0.651451766
    ]
  },
  {
    "timeStamp": 38653,
    "rotation": [
      [
        -0.8116748,
        0.5784524,
        0.08109781
      ],
      [
        0.18648982,
        0.125061527,
        0.974464536
      ],
      [
        0.553539157,
        0.8060722,
        -0.209384769
      ]
    ],
    "translation": [
      1.8694855,
      0.8933935,
      -0.638330638
    ]
  },
  {
    "timeStamp": 38708,
    "rotation": [
      [
        -0.7713827,
        0.631333232,
        0.07991904
      ],
      [
        0.196770221,
        0.117196992,
        0.9734199
      ],
      [
        0.605186045,
        0.76660496,
        -0.214631319
      ]
    ],
    "translation": [
      1.89921319,
      0.9028257,
      -0.632016838
    ]
  },
  {
    "timeStamp": 38753,
    "rotation": [
      [
        -0.7473727,
        0.662376344,
        0.05188178
      ],
      [
        0.194848344,
        0.143856674,
        0.970226467
      ],
      [
        0.6351915,
        0.73522985,
        -0.236577466
      ]
    ],
    "translation": [
      1.93058836,
      0.908683836,
      -0.621390164
    ]
  },
  {
    "timeStamp": 38809,
    "rotation": [
      [
        -0.706537843,
        0.7059189,
        0.0498270281
      ],
      [
        0.206411451,
        0.138220385,
        0.96865344
      ],
      [
        0.676903665,
        0.6946752,
        -0.243367687
      ]
    ],
    "translation": [
      1.96042562,
      0.915022731,
      -0.614187
    ]
  },
  {
    "timeStamp": 38853,
    "rotation": [
      [
        -0.679110944,
        0.7337576,
        0.020202985
      ],
      [
        0.1981012,
        0.15670681,
        0.9675737
      ],
      [
        0.7067986,
        0.6610921,
        -0.251779556
      ]
    ],
    "translation": [
      1.989834,
      0.917653441,
      -0.607237041
    ]
  },
  {
    "timeStamp": 38909,
    "rotation": [
      [
        -0.643225133,
        0.7656753,
        0.0016778484
      ],
      [
        0.199305,
        0.165314674,
        0.9658926
      ],
      [
        0.7392827,
        0.621620834,
        -0.258937478
      ]
    ],
    "translation": [
      2.0222702,
      0.919263661,
      -0.6010015
    ]
  },
  {
    "timeStamp": 38953,
    "rotation": [
      [
        -0.6030663,
        0.7976681,
        -0.006053
      ],
      [
        0.20323503,
        0.160982028,
        0.965805531
      ],
      [
        0.771366656,
        0.5812146,
        -0.259196937
      ]
    ],
    "translation": [
      2.04709387,
      0.92032963,
      -0.5938903
    ]
  },
  {
    "timeStamp": 39000,
    "rotation": [
      [
        -0.5739713,
        0.818343461,
        -0.0295123644
      ],
      [
        0.194768339,
        0.1714354,
        0.9657511
      ],
      [
        0.7953755,
        0.5485653,
        -0.257786363
      ]
    ],
    "translation": [
      2.07451129,
      0.9182825,
      -0.589068532
    ]
  },
  {
    "timeStamp": 39059,
    "rotation": [
      [
        -0.5078958,
        0.860954165,
        -0.0282813516
      ],
      [
        0.196929559,
        0.148009568,
        0.969181061
      ],
      [
        0.838606358,
        0.4866736,
        -0.244720757
      ]
    ],
    "translation": [
      2.10924244,
      0.913970947,
      -0.580690742
    ]
  },
  {
    "timeStamp": 39103,
    "rotation": [
      [
        -0.4692707,
        0.880765557,
        -0.06353759
      ],
      [
        0.186691985,
        0.169279963,
        0.9677243
      ],
      [
        0.8630939,
        0.4422627,
        -0.24387
      ]
    ],
    "translation": [
      2.13731861,
      0.908510745,
      -0.574316144
    ]
  },
  {
    "timeStamp": 39159,
    "rotation": [
      [
        -0.409883022,
        0.9104216,
        -0.0559323728
      ],
      [
        0.188286334,
        0.144449487,
        0.9714333
      ],
      [
        0.892493248,
        0.3876427,
        -0.230627328
      ]
    ],
    "translation": [
      2.1610384,
      0.900893,
      -0.5661783
    ]
  },
  {
    "timeStamp": 39203,
    "rotation": [
      [
        -0.366888732,
        0.9273345,
        -0.07377895
      ],
      [
        0.178030312,
        0.147836223,
        0.972856462
      ],
      [
        0.91307056,
        0.34379518,
        -0.219333112
      ]
    ],
    "translation": [
      2.180713,
      0.892936945,
      -0.559936047
    ]
  },
  {
    "timeStamp": 39259,
    "rotation": [
      [
        -0.325958848,
        0.9433016,
        -0.0627129
      ],
      [
        0.167880863,
        0.123037726,
        0.978099048
      ],
      [
        0.930358469,
        0.308291763,
        -0.198467523
      ]
    ],
    "translation": [
      2.193782,
      0.881415844,
      -0.5559002
    ]
  },
  {
    "timeStamp": 39303,
    "rotation": [
      [
        -0.3161733,
        0.9477165,
        -0.0432190672
      ],
      [
        0.167537138,
        0.100617088,
        0.980717838
      ],
      [
        0.933791041,
        0.302835971,
        -0.190590143
      ]
    ],
    "translation": [
      2.19881344,
      0.876421,
      -0.5527281
    ]
  },
  {
    "timeStamp": 39350,
    "rotation": [
      [
        -0.311898351,
        0.9501113,
        -0.002823734
      ],
      [
        0.183552146,
        0.0631711558,
        0.9809781
      ],
      [
        0.932216763,
        0.305447131,
        -0.194097951
      ]
    ],
    "translation": [
      2.19829178,
      0.8752581,
      -0.5517529
    ]
  },
  {
    "timeStamp": 39403,
    "rotation": [
      [
        -0.337690979,
        0.939359367,
        0.0597398132
      ],
      [
        0.220009744,
        0.0170628764,
        0.9753484
      ],
      [
        0.9151833,
        0.342509717,
        -0.212430179
      ]
    ],
    "translation": [
      2.19961166,
      0.8732716,
      -0.548346162
    ]
  },
  {
    "timeStamp": 39460,
    "rotation": [
      [
        -0.280565,
        0.9578974,
        0.0609579124
      ],
      [
        0.2552831,
        0.0132486783,
        0.9667756
      ],
      [
        0.925264239,
        0.2868049,
        -0.248252124
      ]
    ],
    "translation": [
      2.19269919,
      0.869745851,
      -0.543159664
    ]
  },
  {
    "timeStamp": 39505,
    "rotation": [
      [
        -0.383036882,
        0.9070027,
        0.175010949
      ],
      [
        0.318902552,
        -0.0479702726,
        0.9465728
      ],
      [
        0.8669394,
        0.418383718,
        -0.270871073
      ]
    ],
    "translation": [
      2.19731474,
      0.8698871,
      -0.5375866
    ]
  },
  {
    "timeStamp": 39551,
    "rotation": [
      [
        -0.569006264,
        0.8219538,
        0.0249772631
      ],
      [
        0.2742454,
        0.161039352,
        0.948080063
      ],
      [
        0.7752557,
        0.5463134,
        -0.317049474
      ]
    ],
    "translation": [
      2.205186,
      0.873293459,
      -0.5359616
    ]
  },
  {
    "timeStamp": 39607,
    "rotation": [
      [
        -0.632669151,
        0.773872435,
        0.029175885
      ],
      [
        0.2715926,
        0.186440215,
        0.944180846
      ],
      [
        0.725236,
        0.6052781,
        -0.328133
      ]
    ],
    "translation": [
      2.2090497,
      0.8727773,
      -0.534476757
    ]
  },
  {
    "timeStamp": 39651,
    "rotation": [
      [
        -0.499827653,
        0.8657613,
        0.0250928439
      ],
      [
        0.3155689,
        0.15505363,
        0.9361488
      ],
      [
        0.8065907,
        0.4758316,
        -0.350707442
      ]
    ],
    "translation": [
      2.2144134,
      0.8656266,
      -0.5256738
    ]
  },
  {
    "timeStamp": 39707,
    "rotation": [
      [
        -0.372014046,
        0.926732242,
        0.0526585728
      ],
      [
        0.3383847,
        0.08257279,
        0.937378049
      ],
      [
        0.8643503,
        0.366536647,
        -0.3443102
      ]
    ],
    "translation": [
      2.208315,
      0.874888241,
      -0.527956247
    ]
  },
  {
    "timeStamp": 39752,
    "rotation": [
      [
        -0.416706473,
        0.906903446,
        0.0623050965
      ],
      [
        0.337871224,
        0.090887405,
        0.936793745
      ],
      [
        0.843918741,
        0.411419123,
        -0.344289929
      ]
    ],
    "translation": [
      2.21052384,
      0.874722838,
      -0.5292381
    ]
  },
  {
    "timeStamp": 39808,
    "rotation": [
      [
        -0.4246822,
        0.903707445,
        0.054385528
      ],
      [
        0.328529745,
        0.09785287,
        0.939411
      ],
      [
        0.84363097,
        0.4168184,
        -0.338451147
      ]
    ],
    "translation": [
      2.21082,
      0.874822,
      -0.5293196
    ]
  },
  {
    "timeStamp": 39852,
    "rotation": [
      [
        -0.436524451,
        0.8977641,
        0.05887374
      ],
      [
        0.331190377,
        0.09950422,
        0.938302636
      ],
      [
        0.8365162,
        0.42909044,
        -0.340766847
      ]
    ],
    "translation": [
      2.21133947,
      0.8759826,
      -0.5298075
    ]
  },
  {
    "timeStamp": 39908,
    "rotation": [
      [
        -0.281717449,
        0.95949614,
        -0.00157229474
      ],
      [
        0.165019259,
        0.0500653833,
        0.985018849
      ],
      [
        0.9452005,
        0.277237535,
        -0.172439635
      ]
    ],
    "translation": [
      2.223959,
      0.872869849,
      -0.57249
    ]
  },
  {
    "timeStamp": 39952,
    "rotation": [
      [
        -0.256987154,
        0.9663606,
        0.0102286329
      ],
      [
        0.162424773,
        0.0327557176,
        0.9861771
      ],
      [
        0.9526677,
        0.255096227,
        -0.1653787
      ]
    ],
    "translation": [
      2.220614,
      0.8784764,
      -0.583722532
    ]
  },
  {
    "timeStamp": 40008,
    "rotation": [
      [
        -0.254555076,
        0.967052639,
        0.00329466467
      ],
      [
        0.18398042,
        0.04508352,
        0.981895447
      ],
      [
        0.9493961,
        0.250552624,
        -0.189395
      ]
    ],
    "translation": [
      2.22263956,
      0.8894247,
      -0.583074
    ]
  },
  {
    "timeStamp": 40052,
    "rotation": [
      [
        -0.268613935,
        0.9631393,
        0.0144644352
      ],
      [
        0.185376525,
        0.03695316,
        0.9819725
      ],
      [
        0.9452418,
        0.266452879,
        -0.188469559
      ]
    ],
    "translation": [
      2.2150836,
      0.8944235,
      -0.589069247
    ]
  },
  {
    "timeStamp": 40108,
    "rotation": [
      [
        -0.2703511,
        0.9627301,
        0.007806307
      ],
      [
        0.1933291,
        0.0463434644,
        0.9800388
      ],
      [
        0.9431511,
        0.266463757,
        -0.198652759
      ]
    ],
    "translation": [
      2.21467781,
      0.8983556,
      -0.5911738
    ]
  },
  {
    "timeStamp": 40152,
    "rotation": [
      [
        -0.274705142,
        0.961409,
        0.0151611
      ],
      [
        0.191158324,
        0.0391534753,
        0.980778
      ],
      [
        0.9423351,
        0.272322923,
        -0.194537
      ]
    ],
    "translation": [
      2.209284,
      0.898286641,
      -0.594669342
    ]
  },
  {
    "timeStamp": 40208,
    "rotation": [
      [
        -0.2692412,
        0.963022649,
        0.009822164
      ],
      [
        0.192462027,
        0.0438097529,
        0.980326
      ],
      [
        0.943645835,
        0.26583454,
        -0.197140679
      ]
    ],
    "translation": [
      2.20799661,
      0.8978083,
      -0.594693542
    ]
  },
  {
    "timeStamp": 40252,
    "rotation": [
      [
        -0.269458383,
        0.9628193,
        0.0192657635
      ],
      [
        0.1947968,
        0.0349026024,
        0.9802224
      ],
      [
        0.9431046,
        0.267882049,
        -0.196958914
      ]
    ],
    "translation": [
      2.20070219,
      0.8968649,
      -0.596011
    ]
  },
  {
    "timeStamp": 40308,
    "rotation": [
      [
        -0.273164034,
        0.961809933,
        0.0174102951
      ],
      [
        0.186497957,
        0.0351947658,
        0.981824756
      ],
      [
        0.943716049,
        0.2714462,
        -0.18898952
      ]
    ],
    "translation": [
      2.19528222,
      0.894893169,
      -0.598421752
    ]
  },
  {
    "timeStamp": 40352,
    "rotation": [
      [
        -0.283053,
        0.9588868,
        0.0204226915
      ],
      [
        0.182864457,
        0.033052247,
        0.9825824
      ],
      [
        0.94151026,
        0.2818575,
        -0.18470186
      ]
    ],
    "translation": [
      2.18746138,
      0.89353025,
      -0.602441847
    ]
  },
  {
    "timeStamp": 40408,
    "rotation": [
      [
        -0.2687819,
        0.9625797,
        0.0345913842
      ],
      [
        0.176127687,
        0.013809409,
        0.984270453
      ],
      [
        0.9469611,
        0.2706466,
        -0.173248664
      ]
    ],
    "translation": [
      2.17806268,
      0.893298149,
      -0.608311832
    ]
  },
  {
    "timeStamp": 40452,
    "rotation": [
      [
        -0.270324141,
        0.9621332,
        0.03499435
      ],
      [
        0.1643586,
        0.0103037013,
        0.986346841
      ],
      [
        0.9486365,
        0.272384971,
        -0.1609202
      ]
    ],
    "translation": [
      2.171675,
      0.892601669,
      -0.617184639
    ]
  },
  {
    "timeStamp": 40508,
    "rotation": [
      [
        -0.2548622,
        0.9656619,
        0.0504230671
      ],
      [
        0.148037836,
        -0.0125656994,
        0.988901854
      ],
      [
        0.9555784,
        0.259498239,
        -0.139751971
      ]
    ],
    "translation": [
      2.16308784,
      0.892688751,
      -0.6287154
    ]
  },
  {
    "timeStamp": 40552,
    "rotation": [
      [
        -0.249428943,
        0.967345536,
        0.0450307429
      ],
      [
        0.133015975,
        -0.0118358675,
        0.9910432
      ],
      [
        0.9592142,
        0.253184676,
        -0.1257202
      ]
    ],
    "translation": [
      2.16038966,
      0.892287,
      -0.639328
    ]
  },
  {
    "timeStamp": 40608,
    "rotation": [
      [
        -0.231519476,
        0.9718224,
        0.04427106
      ],
      [
        0.12073192,
        -0.0164529979,
        0.992548764
      ],
      [
        0.9653095,
        0.235139325,
        -0.113520794
      ]
    ],
    "translation": [
      2.15841222,
      0.891708851,
      -0.648823142
    ]
  },
  {
    "timeStamp": 40652,
    "rotation": [
      [
        -0.233859122,
        0.9717397,
        0.03212266
      ],
      [
        0.09878211,
        -0.00912087,
        0.9950673
      ],
      [
        0.9672394,
        0.2358787,
        -0.09385749
      ]
    ],
    "translation": [
      2.15849924,
      0.887580633,
      -0.6600671
    ]
  },
  {
    "timeStamp": 40708,
    "rotation": [
      [
        -0.203564614,
        0.97824347,
        0.0400148928
      ],
      [
        0.100140169,
        -0.01985276,
        0.994775236
      ],
      [
        0.9739268,
        0.206508145,
        -0.09392015
      ]
    ],
    "translation": [
      2.1587708,
      0.884020746,
      -0.6634172
    ]
  },
  {
    "timeStamp": 40752,
    "rotation": [
      [
        -0.201783657,
        0.9787649,
        0.03609072
      ],
      [
        0.08641492,
        -0.0189137477,
        0.9960797
      ],
      [
        0.975610435,
        0.204111382,
        -0.08076341
      ]
    ],
    "translation": [
      2.15647125,
      0.8771124,
      -0.669765
    ]
  },
  {
    "timeStamp": 40808,
    "rotation": [
      [
        -0.182514951,
        0.983169138,
        0.008176575
      ],
      [
        0.06947265,
        0.004600494,
        0.997573256
      ],
      [
        0.9807456,
        0.182640076,
        -0.06914302
      ]
    ],
    "translation": [
      2.16308284,
      0.867105544,
      -0.673978865
    ]
  },
  {
    "timeStamp": 40852,
    "rotation": [
      [
        -0.17178899,
        0.984914064,
        0.0208051037
      ],
      [
        0.0616161264,
        -0.0103354054,
        0.9980464
      ],
      [
        0.983204961,
        0.172735333,
        -0.0589110777
      ]
    ],
    "translation": [
      2.158481,
      0.859499,
      -0.676828742
    ]
  },
  {
    "timeStamp": 40908,
    "rotation": [
      [
        -0.164264768,
        0.9863945,
        -0.006559221
      ],
      [
        0.0406792052,
        0.0134179182,
        0.999082148
      ],
      [
        0.985577166,
        0.163847163,
        -0.0423298366
      ]
    ],
    "translation": [
      2.16337323,
      0.8478547,
      -0.680636942
    ]
  },
  {
    "timeStamp": 40952,
    "rotation": [
      [
        -0.149579927,
        0.9887252,
        0.0069590346
      ],
      [
        0.033685565,
        -0.00193824107,
        0.9994306
      ],
      [
        0.9881757,
        0.149729177,
        -0.0330158435
      ]
    ],
    "translation": [
      2.15809917,
      0.8398058,
      -0.6822977
    ]
  },
  {
    "timeStamp": 41008,
    "rotation": [
      [
        -0.144530922,
        0.9892065,
        -0.0241129175
      ],
      [
        0.009658843,
        0.0257780179,
        0.999621034
      ],
      [
        0.9894532,
        0.14424324,
        -0.0132803107
      ]
    ],
    "translation": [
      2.160462,
      0.8282209,
      -0.6874731
    ]
  },
  {
    "timeStamp": 41052,
    "rotation": [
      [
        -0.138634875,
        0.990328,
        -0.005549833
      ],
      [
        0.00329937413,
        0.0060657775,
        0.999976158
      ],
      [
        0.9903381,
        0.138613254,
        -0.004108391
      ]
    ],
    "translation": [
      2.15251,
      0.8202578,
      -0.69017303
    ]
  },
  {
    "timeStamp": 41108,
    "rotation": [
      [
        -0.133680567,
        0.990079343,
        -0.0432716534
      ],
      [
        -0.0180834066,
        0.04121932,
        0.9989865
      ],
      [
        0.990859449,
        0.134327561,
        0.0123937847
      ]
    ],
    "translation": [
      2.15505767,
      0.8083352,
      -0.6965032
    ]
  },
  {
    "timeStamp": 41152,
    "rotation": [
      [
        -0.125695735,
        0.991915345,
        -0.01745413
      ],
      [
        -0.0259298719,
        0.0143028358,
        0.9995614
      ],
      [
        0.99173,
        0.126093209,
        0.02392243
      ]
    ],
    "translation": [
      2.14676,
      0.8010868,
      -0.7005622
    ]
  },
  {
    "timeStamp": 41207,
    "rotation": [
      [
        -0.133138642,
        0.9903059,
        -0.0396020971
      ],
      [
        -0.04549934,
        0.03380844,
        0.9983921
      ],
      [
        0.990052462,
        0.13472645,
        0.0405570529
      ]
    ],
    "translation": [
      2.14432931,
      0.792073,
      -0.70859015
    ]
  },
  {
    "timeStamp": 41252,
    "rotation": [
      [
        -0.129498661,
        0.9911817,
        -0.0280897934
      ],
      [
        -0.04502464,
        0.0224213246,
        0.998734236
      ],
      [
        0.990556836,
        0.130599484,
        0.04172407
      ]
    ],
    "translation": [
      2.14000154,
      0.7870709,
      -0.710548043
    ]
  },
  {
    "timeStamp": 41308,
    "rotation": [
      [
        -0.120589294,
        0.992496669,
        -0.02021252
      ],
      [
        -0.0567904748,
        0.0134305228,
        0.9982958
      ],
      [
        0.9910767,
        0.121531658,
        0.05474478
      ]
    ],
    "translation": [
      2.13360643,
      0.781735837,
      -0.71545285
    ]
  },
  {
    "timeStamp": 41352,
    "rotation": [
      [
        -0.115235381,
        0.992961645,
        -0.02734891
      ],
      [
        -0.0523777977,
        0.02142007,
        0.9983976
      ],
      [
        0.9919563,
        0.116483204,
        0.0495407954
      ]
    ],
    "translation": [
      2.13358021,
      0.778702855,
      -0.714782953
    ]
  },
  {
    "timeStamp": 41407,
    "rotation": [
      [
        -0.113309421,
        0.993549764,
        -0.004445925
      ],
      [
        -0.05495884,
        -0.00179976516,
        0.998487
      ],
      [
        0.992038548,
        0.113382325,
        0.0548082776
      ]
    ],
    "translation": [
      2.12375522,
      0.7751073,
      -0.716562
    ]
  },
  {
    "timeStamp": 41452,
    "rotation": [
      [
        -0.112997733,
        0.993021369,
        -0.03376495
      ],
      [
        -0.05265474,
        0.02795009,
        0.9982216
      ],
      [
        0.992199063,
        0.114574634,
        0.0491289832
      ]
    ],
    "translation": [
      2.12882352,
      0.771909237,
      -0.7156995
    ]
  },
  {
    "timeStamp": 41507,
    "rotation": [
      [
        -0.104425356,
        0.994441748,
        -0.0134527264
      ],
      [
        -0.0526818447,
        0.007976633,
        0.9985795
      ],
      [
        0.9931364,
        0.104985729,
        0.0515560657
      ]
    ],
    "translation": [
      2.1232748,
      0.7681298,
      -0.716302752
    ]
  },
  {
    "timeStamp": 41552,
    "rotation": [
      [
        -0.102225,
        0.9945144,
        -0.022159392
      ],
      [
        -0.054156784,
        0.0166791,
        0.9983931
      ],
      [
        0.993285954,
        0.10326083,
        0.0521546826
      ]
    ],
    "translation": [
      2.12213039,
      0.7642502,
      -0.7174225
    ]
  },
  {
    "timeStamp": 41607,
    "rotation": [
      [
        -0.09971099,
        0.994823337,
        -0.0196035188
      ],
      [
        -0.06100143,
        0.013552852,
        0.9980457
      ],
      [
        0.9931448,
        0.100711957,
        0.0593342781
      ]
    ],
    "translation": [
      2.11973476,
      0.7581334,
      -0.7199306
    ]
  },
  {
    "timeStamp": 41651,
    "rotation": [
      [
        -0.0926281437,
        0.995616734,
        -0.0129355714
      ],
      [
        -0.06624725,
        0.0068003037,
        0.9977801
      ],
      [
        0.9934945,
        0.09327945,
        0.06532697
      ]
    ],
    "translation": [
      2.115978,
      0.75299716,
      -0.722971
    ]
  },
  {
    "timeStamp": 41707,
    "rotation": [
      [
        -0.08877117,
        0.995966434,
        -0.0130590908
      ],
      [
        -0.06536292,
        0.007257751,
        0.997835159
      ],
      [
        0.9939051,
        0.0894325748,
        0.0644549951
      ]
    ],
    "translation": [
      2.11347437,
      0.7473234,
      -0.7241866
    ]
  },
  {
    "timeStamp": 41749,
    "rotation": [
      [
        -0.08754999,
        0.9961075,
        -0.0102362614
      ],
      [
        -0.07262737,
        0.003865673,
        0.997351646
      ],
      [
        0.993509,
        0.08806156,
        0.07200623
      ]
    ],
    "translation": [
      2.11011577,
      0.7421337,
      -0.7281013
    ]
  },
  {
    "timeStamp": 41805,
    "rotation": [
      [
        -0.08547603,
        0.9963339,
        0.00357096619
      ],
      [
        -0.0726201,
        -0.009804589,
        0.9973115
      ],
      [
        0.993690252,
        0.0849869,
        0.07319192
      ]
    ],
    "translation": [
      2.104318,
      0.73706007,
      -0.730152
    ]
  },
  {
    "timeStamp": 41849,
    "rotation": [
      [
        -0.086060755,
        0.9962606,
        -0.00764518045
      ],
      [
        -0.07886683,
        0.0008371561,
        0.9968848
      ],
      [
        0.993163466,
        0.08639561,
        0.07849987
      ]
    ],
    "translation": [
      2.10506868,
      0.7326503,
      -0.7330507
    ]
  },
  {
    "timeStamp": 41905,
    "rotation": [
      [
        -0.09045782,
        0.995886564,
        0.005216261
      ],
      [
        -0.08149177,
        -0.0126219811,
        0.9965941
      ],
      [
        0.9925605,
        0.08972464,
        0.0822983161
      ]
    ],
    "translation": [
      2.10002184,
      0.729164839,
      -0.7353041
    ]
  },
  {
    "timeStamp": 41949,
    "rotation": [
      [
        -0.09645282,
        0.9953313,
        -0.00352222077
      ],
      [
        -0.08109893,
        -0.004331859,
        0.996696651
      ],
      [
        0.992028058,
        0.09641985,
        0.08113813
      ]
    ],
    "translation": [
      2.100745,
      0.727362156,
      -0.735438943
    ]
  },
  {
    "timeStamp": 42005,
    "rotation": [
      [
        -0.08990182,
        0.9959291,
        -0.00654723775
      ],
      [
        -0.0800847858,
        -0.000676313939,
        0.996787846
      ],
      [
        0.9927256,
        0.09013737,
        0.07981957
      ]
    ],
    "translation": [
      2.10034347,
      0.7271304,
      -0.735495
    ]
  },
  {
    "timeStamp": 42050,
    "rotation": [
      [
        -0.08959674,
        0.995941758,
        -0.008507076
      ],
      [
        -0.07940417,
        0.0013714165,
        0.99684155
      ],
      [
        0.9928078,
        0.08998925,
        0.07895906
      ]
    ],
    "translation": [
      2.10033464,
      0.727009535,
      -0.7355234
    ]
  },
  {
    "timeStamp": 42106,
    "rotation": [
      [
        -0.0886925,
        0.995992959,
        -0.011475808
      ],
      [
        -0.08034512,
        0.00432994124,
        0.9967577
      ],
      [
        0.9928133,
        0.08932696,
        0.07963913
      ]
    ],
    "translation": [
      2.100267,
      0.726952434,
      -0.7355124
    ]
  },
  {
    "timeStamp": 42150,
    "rotation": [
      [
        -0.08587532,
        0.9962235,
        -0.0128101818
      ],
      [
        -0.08424851,
        0.005550535,
        0.9964293
      ],
      [
        0.9927375,
        0.08664792,
        0.08345369
      ]
    ],
    "translation": [
      2.100092,
      0.7273345,
      -0.735526562
    ]
  }
]