[
  {
    "id": "004 sugar box(Clone)-10996",
    "pickRotation": [
      [
        -0.9843475,
        -0.0182049219,
        0.175295413
      ],
      [
        -0.176016569,
        0.151417732,
        -0.972672
      ],
      [
        -0.008835439,
        -0.988302231,
        -0.152252048
      ]
    ],
    "pickTranslation": [
      0.01442932,
      -0.0179603435,
      0.163119465
    ],
    "placeRotation": [
      [
        0.9930575,
        0.0935946,
        -0.07125245
      ],
      [
        0.06908176,
        0.0262353476,
        0.997266
      ],
      [
        0.09520803,
        -0.995264649,
        0.019587528
      ]
    ],
    "placeTranslation": [
      0.7864036,
      0.00629985752,
      0.668661833
    ]
  },
  {
    "id": "007 tuna fish can(Clone)-11060",
    "pickRotation": [
      [
        -0.991309345,
        -0.0156504419,
        -0.130617574
      ],
      [
        0.128615111,
        0.09332344,
        -0.9872937
      ],
      [
        0.0276412647,
        -0.9955129,
        -0.09049951
      ]
    ],
    "pickTranslation": [
      0.0248904247,
      -0.02841106,
      0.0205841884
    ],
    "placeRotation": [
      [
        0.924618661,
        -0.377526373,
        0.05053892
      ],
      [
        0.0168964528,
        0.173207745,
        0.9847404
      ],
      [
        -0.380519181,
        -0.9096554,
        0.166529968
      ]
    ],
    "placeTranslation": [
      0.812508643,
      0.07349389,
      -0.377345383
    ]
  },
  {
    "id": "008 pudding box(Clone)-11490",
    "pickRotation": [
      [
        0.178089276,
        -0.6071908,
        0.774340749
      ],
      [
        -0.0170953125,
        -0.788710535,
        -0.614527
      ],
      [
        0.9838658,
        0.09620307,
        -0.150841
      ]
    ],
    "pickTranslation": [
      0.02892679,
      0.044889126,
      0.0162473526
    ],
    "placeRotation": [
      [
        -0.118308812,
        -0.0326566622,
        -0.992439747
      ],
      [
        0.462738335,
        0.882487059,
        -0.0842016861
      ],
      [
        0.878564954,
        -0.469201684,
        -0.0892945
      ]
    ],
    "placeTranslation": [
      -0.0906681,
      0.177843913,
      0.4961052
    ]
  },
  {
    "id": "021 bleach cleanser(Clone)-11012",
    "pickRotation": [
      [
        0.121146441,
        -0.0112137925,
        0.9925713
      ],
      [
        -0.9925789,
        -0.0119589269,
        0.12101227
      ],
      [
        0.0105130821,
        -0.9998656,
        -0.0125793563
      ]
    ],
    "pickTranslation": [
      0.00856718048,
      0.0134540964,
      0.218884617
    ],
    "placeRotation": [
      [
        -0.07985868,
        0.9967409,
        -0.0114092
      ],
      [
        -0.08278352,
        0.00477448525,
        0.9965561
      ],
      [
        0.993362665,
        0.080528155,
        0.08213244
      ]
    ],
    "placeTranslation": [
      0.3854662,
      0.026218228,
      -0.721431553
    ]
  },
  {
    "id": "010 potted meat can(Clone)-11036",
    "pickRotation": [
      [
        -0.08287453,
        0.09999132,
        -0.9915309
      ],
      [
        0.992679358,
        0.09600231,
        -0.0732891262
      ],
      [
        0.08786098,
        -0.990346,
        -0.107215472
      ]
    ],
    "pickTranslation": [
      0.0311136767,
      -0.0251448639,
      0.0708613247
    ],
    "placeRotation": [
      [
        0.7699443,
        -0.6368739,
        -0.039714884
      ],
      [
        0.0464295633,
        -0.00615996355,
        0.998902559
      ],
      [
        -0.6364196,
        -0.770943344,
        0.02482695
      ]
    ],
    "placeTranslation": [
      -0.5484407,
      0.0159903485,
      -0.7620738
    ]
  },
  {
    "id": "005 tomato soup can(Clone)-11518",
    "pickRotation": [
      [
        0.5713599,
        -0.7713487,
        -0.28030163
      ],
      [
        0.8124646,
        0.579875946,
        0.06037454
      ],
      [
        0.115970366,
        -0.262230754,
        0.9580114
      ]
    ],
    "pickTranslation": [
      0.0192166883,
      0.07658175,
      0.0893795043
    ],
    "placeRotation": [
      [
        -0.107382394,
        -0.464933217,
        -0.878809452
      ],
      [
        0.6527914,
        -0.6996678,
        0.290393442
      ],
      [
        -0.749888241,
        -0.5424961,
        0.3786364
      ]
    ],
    "placeTranslation": [
      -0.8103535,
      0.956554532,
      1.11822283
    ]
  },
  {
    "id": "003 cracker box(Clone)-11048",
    "pickRotation": [
      [
        -0.9934987,
        -0.113806322,
        0.00291797263
      ],
      [
        -0.002334231,
        -0.005262177,
        -0.99998343
      ],
      [
        0.113819793,
        -0.993489,
        0.00496231532
      ]
    ],
    "pickTranslation": [
      0.009639795,
      0.001269281,
      0.190358222
    ],
    "placeRotation": [
      [
        0.864295661,
        0.5023526,
        -0.0251953229
      ],
      [
        0.0111981705,
        0.0308612138,
        0.999460936
      ],
      [
        0.502859354,
        -0.8641119,
        0.021047784
      ]
    ],
    "placeTranslation": [
      0.141550347,
      0.538942754,
      -0.101097815
    ]
  },
  {
    "id": "101 bread(Clone)-11478",
    "pickRotation": [
      [
        -0.9379336,
        -0.226109549,
        -0.262973517
      ],
      [
        0.295718729,
        -0.917553,
        -0.2657949
      ],
      [
        -0.181193367,
        -0.327064157,
        0.9274686
      ]
    ],
    "pickTranslation": [
      0.00360527937,
      0.04084409,
      -0.006775557
    ],
    "placeRotation": [
      [
        0.9761545,
        -0.140251592,
        -0.165686086
      ],
      [
        0.162266627,
        0.978439867,
        0.127769083
      ],
      [
        0.144194052,
        -0.151607692,
        0.97786665
      ]
    ],
    "placeTranslation": [
      -0.427248776,
      0.912840962,
      0.4356263
    ]
  },
  {
    "id": "014 lemon(Clone)-11024",
    "pickRotation": [
      [
        0.05432652,
        -0.838859856,
        0.541629732
      ],
      [
        0.00137711177,
        -0.542367339,
        -0.840140343
      ],
      [
        0.9985223,
        0.0463877842,
        -0.0283097234
      ]
    ],
    "pickTranslation": [
      0.022097066,
      0.0227745827,
      0.0254703
    ],
    "placeRotation": [
      [
        -0.0209578853,
        0.184469447,
        -0.9826148
      ],
      [
        0.756303847,
        0.6457244,
        0.105092958
      ],
      [
        0.653884768,
        -0.7409528,
        -0.153047979
      ]
    ],
    "placeTranslation": [
      -0.6889028,
      1.28511155,
      -0.1185841
    ]
  },
  {
    "id": "013 apple(Clone)-11396",
    "pickRotation": [
      [
        -0.9262938,
        -0.0621097572,
        -0.3716478
      ],
      [
        0.345724523,
        0.2521507,
        -0.9038222
      ],
      [
        0.149847448,
        -0.965692639,
        -0.212092787
      ]
    ],
    "pickTranslation": [
      0.00201387517,
      0.000334676355,
      0.04985069
    ],
    "placeRotation": [
      [
        0.9804644,
        -0.0334615447,
        0.193829909
      ],
      [
        -0.191597477,
        0.06046152,
        0.979609549
      ],
      [
        -0.0444984846,
        -0.997609556,
        0.05286922
      ]
    ],
    "placeTranslation": [
      -0.607457638,
      0.729551554,
      -0.376235127
    ]
  },
  {
    "id": "017 orange(Clone)-11506",
    "pickRotation": [
      [
        -0.9573785,
        0.18474856,
        0.222023487
      ],
      [
        -0.0266301669,
        -0.8218677,
        0.5690557
      ],
      [
        0.28760615,
        0.53888917,
        0.7917583
      ]
    ],
    "pickTranslation": [
      0.007517834,
      -0.0130678052,
      0.0262376089
    ],
    "placeRotation": [
      [
        0.8486792,
        0.172302008,
        -0.500055552
      ],
      [
        -0.4733263,
        0.6693187,
        -0.5726908
      ],
      [
        0.236020774,
        0.7227202,
        0.6495919
      ]
    ],
    "placeTranslation": [
      -0.279232949,
      1.32265031,
      0.201635137
    ]
  },
  {
    "id": "011 banana(Clone)-11408",
    "pickRotation": [
      [
        -0.994475663,
        -0.0866828337,
        -0.0591972768
      ],
      [
        0.0361663662,
        0.2464682,
        -0.9684758
      ],
      [
        0.09854048,
        -0.9652666,
        -0.241971612
      ]
    ],
    "pickTranslation": [
      0.009982135,
      -0.02728961,
      0.0244634971
    ],
    "placeRotation": [
      [
        0.8978098,
        0.433126032,
        0.0796208158
      ],
      [
        -0.04589544,
        -0.0877892449,
        0.995081246
      ],
      [
        0.43798542,
        -0.8970479,
        -0.05893953
      ]
    ],
    "placeTranslation": [
      -0.3683616,
      0.9423853,
      0.5334469
    ]
  },
  {
    "id": "102 toothbrush(Clone)-11466",
    "pickRotation": [
      [
        -0.299328864,
        0.0309302565,
        -0.953648567
      ],
      [
        -0.1210221,
        -0.9926329,
        0.005791457
      ],
      [
        -0.9464438,
        0.1171461,
        0.300866932
      ]
    ],
    "pickTranslation": [
      0.0235588886,
      0.0223822687,
      0.03349531
    ],
    "placeRotation": [
      [
        -0.07802779,
        0.216987684,
        0.9730509
      ],
      [
        -0.5044622,
        0.8332594,
        -0.226266786
      ],
      [
        -0.859900951,
        -0.508522451,
        0.0444446877
      ]
    ],
    "placeTranslation": [
      0.5405131,
      1.18044353,
      0.0584565364
    ]
  }
]