[
  {
    "timeStamp": 4957,
    "rotation": [
      [
        0.0342157632,
        0.9994127,
        -0.00186948292
      ],
      [
        -0.02715782,
        0.00279965578,
        0.999627233
      ],
      [
        0.999045432,
        -0.0341522358,
        0.027237663
      ]
    ],
    "translation": [
      1.76929641,
      0.7019392,
      -0.491165668
    ]
  },
  {
    "timeStamp": 5001,
    "rotation": [
      [
        0.0419050381,
        0.9990984,
        0.00680244248
      ],
      [
        -0.0298945047,
        -0.005551572,
        0.999537647
      ],
      [
        0.9986743,
        -0.0420890152,
        0.0296349153
      ]
    ],
    "translation": [
      1.76975644,
      0.7031571,
      -0.491256118
    ]
  },
  {
    "timeStamp": 5057,
    "rotation": [
      [
        0.05616768,
        0.9983833,
        0.008718431
      ],
      [
        -0.0312520936,
        -0.00696987147,
        0.9994872
      ],
      [
        0.9979321,
        -0.0564113557,
        0.0308100861
      ]
    ],
    "translation": [
      1.77137637,
      0.7071194,
      -0.49088484
    ]
  },
  {
    "timeStamp": 5101,
    "rotation": [
      [
        0.0698047653,
        0.997127354,
        0.02939997
      ],
      [
        -0.026963478,
        -0.0275751315,
        0.999256
      ],
      [
        0.9971962,
        -0.0705455542,
        0.0249611475
      ]
    ],
    "translation": [
      1.77124381,
      0.7161857,
      -0.491594136
    ]
  },
  {
    "timeStamp": 5157,
    "rotation": [
      [
        0.09245906,
        0.9936834,
        0.06359645
      ],
      [
        -0.0136588467,
        -0.0625982955,
        0.9979453
      ],
      [
        0.9956228,
        -0.09313775,
        0.00778479
      ]
    ],
    "translation": [
      1.772455,
      0.73769623,
      -0.49470675
    ]
  },
  {
    "timeStamp": 5201,
    "rotation": [
      [
        0.134680986,
        0.985852063,
        0.09978359
      ],
      [
        -0.007947573,
        -0.0996231,
        0.9949935
      ],
      [
        0.9908571,
        -0.134799749,
        -0.005582207
      ]
    ],
    "translation": [
      1.77584529,
      0.7638254,
      -0.496734649
    ]
  },
  {
    "timeStamp": 5257,
    "rotation": [
      [
        0.198540553,
        0.9541681,
        0.223930627
      ],
      [
        -0.0548783876,
        -0.217297748,
        0.974561453
      ],
      [
        0.978555,
        -0.205778927,
        0.00922079
      ]
    ],
    "translation": [
      1.7852416,
      0.807783842,
      -0.5060438
    ]
  },
  {
    "timeStamp": 5301,
    "rotation": [
      [
        0.280518919,
        0.899769366,
        0.3342519
      ],
      [
        -0.1285827,
        -0.309868664,
        0.942044556
      ],
      [
        0.951196969,
        -0.307240337,
        0.0287707541
      ]
    ],
    "translation": [
      1.80196416,
      0.847395062,
      -0.5116874
    ]
  },
  {
    "timeStamp": 5356,
    "rotation": [
      [
        0.3307891,
        0.781358838,
        0.529204
      ],
      [
        -0.330633938,
        -0.429271847,
        0.840480149
      ],
      [
        0.88388896,
        -0.452994466,
        0.116345324
      ]
    ],
    "translation": [
      1.83286941,
      0.8956622,
      -0.5288366
    ]
  },
  {
    "timeStamp": 5401,
    "rotation": [
      [
        0.374670029,
        0.6342235,
        0.6763009
      ],
      [
        -0.473661751,
        -0.496127963,
        0.7276686
      ],
      [
        0.79703635,
        -0.5929735,
        0.11452315
      ]
    ],
    "translation": [
      1.86914766,
      0.9311112,
      -0.5317913
    ]
  },
  {
    "timeStamp": 5456,
    "rotation": [
      [
        0.358725548,
        0.3974228,
        0.844612956
      ],
      [
        -0.657074869,
        -0.535169542,
        0.530891836
      ],
      [
        0.66299963,
        -0.7454184,
        0.06915755
      ]
    ],
    "translation": [
      1.92180252,
      0.9634551,
      -0.5412642
    ]
  },
  {
    "timeStamp": 5501,
    "rotation": [
      [
        0.271675646,
        0.202750787,
        0.9407893
      ],
      [
        -0.7989172,
        -0.4975288,
        0.337929755
      ],
      [
        0.5365853,
        -0.843419969,
        0.0268146265
      ]
    ],
    "translation": [
      1.97072923,
      0.97805053,
      -0.5466036
    ]
  },
  {
    "timeStamp": 5556,
    "rotation": [
      [
        0.194305539,
        0.0356988,
        0.980291247
      ],
      [
        -0.8931726,
        -0.406738728,
        0.191849589
      ],
      [
        0.405571222,
        -0.912846744,
        -0.0471463948
      ]
    ],
    "translation": [
      2.02344,
      0.97713244,
      -0.561022639
    ]
  },
  {
    "timeStamp": 5607,
    "rotation": [
      [
        0.134234041,
        -0.07214596,
        0.9883199
      ],
      [
        -0.944839,
        -0.310011744,
        0.105698012
      ],
      [
        0.2987651,
        -0.947991431,
        -0.109780446
      ]
    ],
    "translation": [
      2.06484628,
      0.9648676,
      -0.57141155
    ]
  },
  {
    "timeStamp": 5651,
    "rotation": [
      [
        0.13746877,
        -0.108854473,
        0.984506547
      ],
      [
        -0.9634631,
        -0.2453647,
        0.107401066
      ],
      [
        0.229872063,
        -0.9633,
        -0.138607264
      ]
    ],
    "translation": [
      2.09002614,
      0.946846545,
      -0.5789976
    ]
  },
  {
    "timeStamp": 5707,
    "rotation": [
      [
        0.105212525,
        -0.1296276,
        0.985964954
      ],
      [
        -0.9816935,
        -0.171833262,
        0.0821653157
      ],
      [
        0.1587707,
        -0.976560235,
        -0.145333588
      ]
    ],
    "translation": [
      2.10560775,
      0.9263858,
      -0.58565855
    ]
  },
  {
    "timeStamp": 5751,
    "rotation": [
      [
        0.05770829,
        -0.07569336,
        0.9954598
      ],
      [
        -0.989697754,
        -0.135205269,
        0.0470934361
      ],
      [
        0.13102676,
        -0.9879221,
        -0.08271602
      ]
    ],
    "translation": [
      2.10069418,
      0.912708342,
      -0.591488957
    ]
  },
  {
    "timeStamp": 5806,
    "rotation": [
      [
        0.0226932652,
        -0.0151058659,
        0.999628365
      ],
      [
        -0.9952237,
        -0.09530128,
        0.0211531278
      ],
      [
        0.0949463248,
        -0.99533385,
        -0.0171964131
      ]
    ],
    "translation": [
      2.09486413,
      0.895182133,
      -0.5945422
    ]
  },
  {
    "timeStamp": 5851,
    "rotation": [
      [
        0.0005247978,
        -0.0112770442,
        0.9999363
      ],
      [
        -0.997471154,
        -0.0710717142,
        -0.000278025866
      ],
      [
        0.07107033,
        -0.9974075,
        -0.0112858238
      ]
    ],
    "translation": [
      2.091942,
      0.882656157,
      -0.593621135
    ]
  },
  {
    "timeStamp": 5907,
    "rotation": [
      [
        0.0127320364,
        0.02379308,
        0.9996358
      ],
      [
        -0.99906826,
        -0.0409264266,
        0.0136989281
      ],
      [
        0.0412374623,
        -0.998878837,
        0.0232498348
      ]
    ],
    "translation": [
      2.08796668,
      0.8641616,
      -0.593609
    ]
  },
  {
    "timeStamp": 5952,
    "rotation": [
      [
        -0.008348115,
        0.0221575014,
        0.9997196
      ],
      [
        -0.9998109,
        -0.0177463721,
        -0.007955551
      ],
      [
        0.0175651219,
        -0.999596953,
        0.02230146
      ]
    ],
    "translation": [
      2.08927512,
      0.852215946,
      -0.591496646
    ]
  },
  {
    "timeStamp": 6009,
    "rotation": [
      [
        -0.00440246332,
        0.010364485,
        0.99993664
      ],
      [
        -0.9999899,
        0.0008797678,
        -0.0044118166
      ],
      [
        -0.000925438246,
        -0.999945939,
        0.0103605073
      ]
    ],
    "translation": [
      2.09546161,
      0.8367284,
      -0.5884314
    ]
  },
  {
    "timeStamp": 6055,
    "rotation": [
      [
        -0.0170523021,
        -0.00316107,
        0.999849558
      ],
      [
        -0.999799848,
        0.0105182752,
        -0.017018199
      ],
      [
        -0.0104628978,
        -0.9999397,
        -0.003339798
      ]
    ],
    "translation": [
      2.1003325,
      0.826611638,
      -0.585849345
    ]
  },
  {
    "timeStamp": 6111,
    "rotation": [
      [
        -0.01926664,
        -0.008004478,
        0.9997824
      ],
      [
        -0.999452,
        0.0270751882,
        -0.0190435052
      ],
      [
        -0.0269168615,
        -0.999601364,
        -0.00852174
      ]
    ],
    "translation": [
      2.10585117,
      0.814441741,
      -0.582911849
    ]
  },
  {
    "timeStamp": 6156,
    "rotation": [
      [
        -0.0126451207,
        0.00352639612,
        0.9999138
      ],
      [
        -0.999692857,
        0.0212688688,
        -0.0127173364
      ],
      [
        -0.0213118829,
        -0.999767542,
        0.003256366
      ]
    ],
    "translation": [
      2.108042,
      0.8090756,
      -0.581193745
    ]
  },
  {
    "timeStamp": 6201,
    "rotation": [
      [
        0.004459746,
        0.01183686,
        0.99992
      ],
      [
        -0.9995512,
        0.02967518,
        0.004106812
      ],
      [
        -0.0296241939,
        -0.9994895,
        0.0119638918
      ]
    ],
    "translation": [
      2.10903025,
      0.8035518,
      -0.5792353
    ]
  },
  {
    "timeStamp": 6256,
    "rotation": [
      [
        -0.000464832934,
        0.0183068682,
        0.9998323
      ],
      [
        -0.9995354,
        0.0304623153,
        -0.00102245808
      ],
      [
        -0.0304759257,
        -0.99936825,
        0.0182842035
      ]
    ],
    "translation": [
      2.110542,
      0.800295,
      -0.5759581
    ]
  },
  {
    "timeStamp": 6301,
    "rotation": [
      [
        0.00245523755,
        0.0197180882,
        0.99980253
      ],
      [
        -0.999416,
        0.0341243781,
        0.00178128784
      ],
      [
        -0.034082517,
        -0.999223053,
        0.0197903551
      ]
    ],
    "translation": [
      2.112589,
      0.796894968,
      -0.5728237
    ]
  },
  {
    "timeStamp": 6355,
    "rotation": [
      [
        0.0132157831,
        0.0275765359,
        0.9995323
      ],
      [
        -0.999073744,
        0.0413031876,
        0.0120701883
      ],
      [
        -0.0409510173,
        -0.998766,
        0.0280968472
      ]
    ],
    "translation": [
      2.11431313,
      0.7911751,
      -0.567768753
    ]
  },
  {
    "timeStamp": 6411,
    "rotation": [
      [
        0.07413751,
        0.00587215,
        0.997230768
      ],
      [
        -0.994968653,
        0.06800719,
        0.07356888
      ],
      [
        -0.06738686,
        -0.997667551,
        0.0108844889
      ]
    ],
    "translation": [
      2.11828446,
      0.77756846,
      -0.5623467
    ]
  }
]