[
  {
    "timeStamp": 11621,
    "rotation": [
      [
        -0.891543448,
        0.4529347,
        0.000722736469
      ],
      [
        0.451203763,
        0.888273358,
        -0.08594001
      ],
      [
        -0.0395672023,
        -0.07629315,
        -0.9963001
      ]
    ],
    "translation": [
      1.46186781,
      0.731119037,
      -0.7524304
    ]
  },
  {
    "timeStamp": 11676,
    "rotation": [
      [
        -0.8885317,
        0.4586165,
        -0.0135050891
      ],
      [
        0.458403826,
        0.886103868,
        -0.06845325
      ],
      [
        -0.0194268785,
        -0.067013666,
        -0.997562945
      ]
    ],
    "translation": [
      1.46205044,
      0.731693,
      -0.752578139
    ]
  },
  {
    "timeStamp": 11720,
    "rotation": [
      [
        -0.882458031,
        0.469389349,
        -0.0306830667
      ],
      [
        0.470108062,
        0.8777862,
        -0.09213968
      ],
      [
        -0.0163162127,
        -0.09573376,
        -0.995273232
      ]
    ],
    "translation": [
      1.46397173,
      0.7388581,
      -0.749095738
    ]
  },
  {
    "timeStamp": 11778,
    "rotation": [
      [
        -0.8609308,
        0.504931867,
        -0.0619840175
      ],
      [
        0.508662462,
        0.8562829,
        -0.08967839
      ],
      [
        0.007794372,
        -0.10873583,
        -0.994040132
      ]
    ],
    "translation": [
      1.46700716,
      0.75668025,
      -0.748302341
    ]
  },
  {
    "timeStamp": 11832,
    "rotation": [
      [
        -0.8181156,
        0.562614143,
        -0.118962944
      ],
      [
        0.5724991,
        0.816340446,
        -0.07637462
      ],
      [
        0.05414482,
        -0.13058944,
        -0.9899569
      ]
    ],
    "translation": [
      1.471989,
      0.7854478,
      -0.7457068
    ]
  },
  {
    "timeStamp": 11876,
    "rotation": [
      [
        -0.7685476,
        0.609701753,
        -0.1939027
      ],
      [
        0.627805352,
        0.7770711,
        -0.04495383
      ],
      [
        0.123267755,
        -0.1562823,
        -0.979990244
      ]
    ],
    "translation": [
      1.48388994,
      0.811133265,
      -0.7399605
    ]
  },
  {
    "timeStamp": 11920,
    "rotation": [
      [
        -0.695234835,
        0.6581493,
        -0.288943022
      ],
      [
        0.68610543,
        0.7274759,
        0.006171966
      ],
      [
        0.214261174,
        -0.193954438,
        -0.9573264
      ]
    ],
    "translation": [
      1.49884927,
      0.839457631,
      -0.730236
    ]
  },
  {
    "timeStamp": 11976,
    "rotation": [
      [
        -0.5851957,
        0.7050256,
        -0.400605619
      ],
      [
        0.746574,
        0.6612652,
        0.07318178
      ],
      [
        0.3165016,
        -0.256256074,
        -0.9133234
      ]
    ],
    "translation": [
      1.5296278,
      0.8732849,
      -0.7147035
    ]
  },
  {
    "timeStamp": 12031,
    "rotation": [
      [
        -0.469699144,
        0.718103,
        -0.5135278
      ],
      [
        0.788741052,
        0.6026406,
        0.121292479
      ],
      [
        0.3965732,
        -0.348069459,
        -0.8494571
      ]
    ],
    "translation": [
      1.56930673,
      0.905591846,
      -0.6923234
    ]
  },
  {
    "timeStamp": 12076,
    "rotation": [
      [
        -0.37596035,
        0.709785759,
        -0.595699549
      ],
      [
        0.809330761,
        0.564590335,
        0.161930442
      ],
      [
        0.451262146,
        -0.421238571,
        -0.786715
      ]
    ],
    "translation": [
      1.61002421,
      0.927554,
      -0.676039338
    ]
  },
  {
    "timeStamp": 12120,
    "rotation": [
      [
        -0.2767037,
        0.6830114,
        -0.6759663
      ],
      [
        0.831395268,
        0.5229036,
        0.188025683
      ],
      [
        0.48188895,
        -0.5099678,
        -0.7125418
      ]
    ],
    "translation": [
      1.65537381,
      0.9511761,
      -0.656318665
    ]
  },
  {
    "timeStamp": 12176,
    "rotation": [
      [
        -0.165013656,
        0.626355767,
        -0.761872
      ],
      [
        0.8495499,
        0.4826742,
        0.212815836
      ],
      [
        0.5010344,
        -0.612130761,
        -0.6117683
      ]
    ],
    "translation": [
      1.71886468,
      0.9744118,
      -0.6404456
    ]
  },
  {
    "timeStamp": 12231,
    "rotation": [
      [
        -0.07171084,
        0.555506945,
        -0.8284139
      ],
      [
        0.8631631,
        0.450749844,
        0.227539063
      ],
      [
        0.49980697,
        -0.6987393,
        -0.51181674
      ]
    ],
    "translation": [
      1.78441334,
      0.9934188,
      -0.627479434
    ]
  },
  {
    "timeStamp": 12276,
    "rotation": [
      [
        0.0180360954,
        0.493870825,
        -0.8693482
      ],
      [
        0.8725471,
        0.4167765,
        0.254870355
      ],
      [
        0.488196969,
        -0.7631442,
        -0.4234085
      ]
    ],
    "translation": [
      1.83696544,
      1.00617576,
      -0.622661
    ]
  },
  {
    "timeStamp": 12320,
    "rotation": [
      [
        0.1446749,
        0.421437353,
        -0.8952428
      ],
      [
        0.8704426,
        0.376037657,
        0.317687541
      ],
      [
        0.470530421,
        -0.8252189,
        -0.3124338
      ]
    ],
    "translation": [
      1.89317942,
      1.01741087,
      -0.6150816
    ]
  },
  {
    "timeStamp": 12375,
    "rotation": [
      [
        0.376717418,
        0.310758859,
        -0.8726471
      ],
      [
        0.827563763,
        0.310359031,
        0.467777282
      ],
      [
        0.416199833,
        -0.8983909,
        -0.140255108
      ]
    ],
    "translation": [
      1.96691847,
      1.02287281,
      -0.6091818
    ]
  },
  {
    "timeStamp": 12431,
    "rotation": [
      [
        0.5676364,
        0.1807201,
        -0.8031993
      ],
      [
        0.754897237,
        0.2750406,
        0.5953846
      ],
      [
        0.3285104,
        -0.9442949,
        0.0196979567
      ]
    ],
    "translation": [
      2.041148,
      1.02018213,
      -0.601486564
    ]
  },
  {
    "timeStamp": 12476,
    "rotation": [
      [
        0.692458451,
        0.08278808,
        -0.71669203
      ],
      [
        0.682422459,
        0.247171879,
        0.6878995
      ],
      [
        0.234095976,
        -0.965428531,
        0.1146598
      ]
    ],
    "translation": [
      2.09166956,
      1.00745428,
      -0.5995748
    ]
  },
  {
    "timeStamp": 12531,
    "rotation": [
      [
        0.807059348,
        -0.033634223,
        -0.589511633
      ],
      [
        0.577239335,
        0.255106419,
        0.775703251
      ],
      [
        0.124298,
        -0.9663278,
        0.225301012
      ]
    ],
    "translation": [
      2.14598441,
      0.9804399,
      -0.5967342
    ]
  },
  {
    "timeStamp": 12574,
    "rotation": [
      [
        0.8872996,
        -0.0768357441,
        -0.4547479
      ],
      [
        0.457915723,
        0.2641227,
        0.8488536
      ],
      [
        0.0548869334,
        -0.961423635,
        0.26954028
      ]
    ],
    "translation": [
      2.17302084,
      0.9497283,
      -0.595218241
    ]
  },
  {
    "timeStamp": 12626,
    "rotation": [
      [
        0.9344529,
        -0.1362426,
        -0.328992039
      ],
      [
        0.354739726,
        0.275891036,
        0.893333
      ],
      [
        -0.030944068,
        -0.9514842,
        0.30613783
      ]
    ],
    "translation": [
      2.20029378,
      0.919175148,
      -0.592311859
    ]
  },
  {
    "timeStamp": 12682,
    "rotation": [
      [
        0.9535512,
        -0.147153512,
        -0.262842029
      ],
      [
        0.2954975,
        0.287520349,
        0.9110506
      ],
      [
        -0.05849185,
        -0.9464026,
        0.3176489
      ]
    ],
    "translation": [
      2.212876,
      0.8968197,
      -0.5858102
    ]
  },
  {
    "timeStamp": 12726,
    "rotation": [
      [
        0.963167,
        -0.17701982,
        -0.20241873
      ],
      [
        0.247627988,
        0.290426254,
        0.9243013
      ],
      [
        -0.104831934,
        -0.9403811,
        0.323564053
      ]
    ],
    "translation": [
      2.22256541,
      0.883258164,
      -0.581909359
    ]
  },
  {
    "timeStamp": 12770,
    "rotation": [
      [
        0.967932165,
        -0.191593081,
        -0.162478849
      ],
      [
        0.21370551,
        0.288019657,
        0.9334745
      ],
      [
        -0.132050142,
        -0.938262641,
        0.319728
      ]
    ],
    "translation": [
      2.22977,
      0.8753446,
      -0.5767507
    ]
  },
  {
    "timeStamp": 12826,
    "rotation": [
      [
        0.9621777,
        -0.209084973,
        -0.1746353
      ],
      [
        0.2295728,
        0.277198642,
        0.932983
      ],
      [
        -0.146664053,
        -0.937786937,
        0.3147146
      ]
    ],
    "translation": [
      2.23498869,
      0.87079066,
      -0.569889545
    ]
  },
  {
    "timeStamp": 12881,
    "rotation": [
      [
        0.963054061,
        -0.2307256,
        -0.138897955
      ],
      [
        0.202682838,
        0.281348318,
        0.9379567
      ],
      [
        -0.1773319,
        -0.931455255,
        0.317717761
      ]
    ],
    "translation": [
      2.23855829,
      0.8641773,
      -0.5643335
    ]
  },
  {
    "timeStamp": 12926,
    "rotation": [
      [
        0.941885,
        -0.292969942,
        -0.164381325
      ],
      [
        0.25331986,
        0.298027039,
        0.9203309
      ],
      [
        -0.2206392,
        -0.9084869,
        0.354922324
      ]
    ],
    "translation": [
      2.2420013,
      0.8589971,
      -0.5614158
    ]
  },
  {
    "timeStamp": 12971,
    "rotation": [
      [
        0.865035236,
        -0.413960725,
        -0.28346166
      ],
      [
        0.428734034,
        0.3164768,
        0.8461853
      ],
      [
        -0.260578454,
        -0.8535098,
        0.451242626
      ]
    ],
    "translation": [
      2.25175452,
      0.846406043,
      -0.560504138
    ]
  },
  {
    "timeStamp": 13028,
    "rotation": [
      [
        0.8209784,
        -0.446061134,
        -0.3564043
      ],
      [
        0.504275262,
        0.2737297,
        0.8190107
      ],
      [
        -0.26777038,
        -0.8521159,
        0.449663758
      ]
    ],
    "translation": [
      2.25412941,
      0.842097759,
      -0.560055
    ]
  },
  {
    "timeStamp": 13073,
    "rotation": [
      [
        0.807845831,
        -0.464556962,
        -0.362728357
      ],
      [
        0.5173671,
        0.26411587,
        0.81398654
      ],
      [
        -0.2823408,
        -0.845239341,
        0.45371142
      ]
    ],
    "translation": [
      2.254706,
      0.8413964,
      -0.559217751
    ]
  },
  {
    "timeStamp": 13130,
    "rotation": [
      [
        0.8627848,
        -0.4376447,
        -0.2531196
      ],
      [
        0.3945977,
        0.269934773,
        0.878309667
      ],
      [
        -0.3160618,
        -0.857672632,
        0.405589223
      ]
    ],
    "translation": [
      2.252953,
      0.8398532,
      -0.5487832
    ]
  },
  {
    "timeStamp": 13175,
    "rotation": [
      [
        0.8551033,
        -0.47803098,
        -0.200710356
      ],
      [
        0.3673182,
        0.2853784,
        0.885232449
      ],
      [
        -0.365890145,
        -0.8306898,
        0.4196175
      ]
    ],
    "translation": [
      2.25259423,
      0.841021657,
      -0.5458341
    ]
  },
  {
    "timeStamp": 13231,
    "rotation": [
      [
        0.8466672,
        -0.510781169,
        -0.149188757
      ],
      [
        0.33701703,
        0.297759235,
        0.8931735
      ],
      [
        -0.411793858,
        -0.806499839,
        0.4242449
      ]
    ],
    "translation": [
      2.25420284,
      0.8426855,
      -0.5432194
    ]
  },
  {
    "timeStamp": 13275,
    "rotation": [
      [
        0.854514,
        -0.508227348,
        -0.107288666
      ],
      [
        0.297842234,
        0.310193539,
        0.902812243
      ],
      [
        -0.4255536,
        -0.8034208,
        0.416436255
      ]
    ],
    "translation": [
      2.25357437,
      0.8446553,
      -0.5425046
    ]
  },
  {
    "timeStamp": 13330,
    "rotation": [
      [
        0.8693251,
        -0.492221236,
        -0.0446327478
      ],
      [
        0.235595688,
        0.333313018,
        0.9129059
      ],
      [
        -0.434474975,
        -0.8041273,
        0.4057226
      ]
    ],
    "translation": [
      2.251925,
      0.8472551,
      -0.541365
    ]
  },
  {
    "timeStamp": 13375,
    "rotation": [
      [
        0.872903645,
        -0.485935837,
        -0.0436524041
      ],
      [
        0.242226,
        0.35397017,
        0.9033447
      ],
      [
        -0.423515916,
        -0.799106658,
        0.426688164
      ]
    ],
    "translation": [
      2.25189185,
      0.8453262,
      -0.540442
    ]
  },
  {
    "timeStamp": 13431,
    "rotation": [
      [
        0.8733008,
        -0.478281856,
        -0.0926938653
      ],
      [
        0.287157238,
        0.351642,
        0.891004264
      ],
      [
        -0.393556118,
        -0.804732442,
        0.444431365
      ]
    ],
    "translation": [
      2.25198269,
      0.8398514,
      -0.5398265
    ]
  },
  {
    "timeStamp": 13475,
    "rotation": [
      [
        0.876749337,
        -0.4718867,
        -0.09291671
      ],
      [
        0.2795969,
        0.3428977,
        0.8967981
      ],
      [
        -0.391326159,
        -0.8122463,
        0.432573378
      ]
    ],
    "translation": [
      2.25178218,
      0.839027345,
      -0.538776934
    ]
  },
  {
    "timeStamp": 13531,
    "rotation": [
      [
        0.914625645,
        -0.404187083,
        0.009635186
      ],
      [
        0.142344713,
        0.3442314,
        0.9280316
      ],
      [
        -0.3784151,
        -0.84743,
        0.37237674
      ]
    ],
    "translation": [
      2.244708,
      0.8416406,
      -0.536521852
    ]
  },
  {
    "timeStamp": 13575,
    "rotation": [
      [
        0.927863955,
        -0.3633704,
        0.08384849
      ],
      [
        0.0439817458,
        0.3299039,
        0.9429894
      ],
      [
        -0.3703164,
        -0.871278048,
        0.3220876
      ]
    ],
    "translation": [
      2.23726177,
      0.8479032,
      -0.536102057
    ]
  },
  {
    "timeStamp": 13631,
    "rotation": [
      [
        0.952889442,
        -0.298499733,
        0.0538482778
      ],
      [
        0.01980672,
        0.2383874,
        0.9709681
      ],
      [
        -0.302670479,
        -0.9241587,
        0.233069122
      ]
    ],
    "translation": [
      2.22812128,
      0.8582255,
      -0.537040949
    ]
  },
  {
    "timeStamp": 13675,
    "rotation": [
      [
        0.95679003,
        -0.287892252,
        0.0408755131
      ],
      [
        0.0250899978,
        0.221785024,
        0.974772751
      ],
      [
        -0.2896951,
        -0.9316273,
        0.219424933
      ]
    ],
    "translation": [
      2.22420764,
      0.8595729,
      -0.5385138
    ]
  },
  {
    "timeStamp": 13731,
    "rotation": [
      [
        0.9554616,
        -0.2940497,
        0.0250575654
      ],
      [
        0.0411787666,
        0.216915414,
        0.9753215
      ],
      [
        -0.292228371,
        -0.9308504,
        0.219362944
      ]
    ],
    "translation": [
      2.22388768,
      0.859872043,
      -0.5423189
    ]
  },
  {
    "timeStamp": 13775,
    "rotation": [
      [
        0.951337337,
        -0.307139963,
        0.0249439962
      ],
      [
        0.0446583778,
        0.21751149,
        0.9750356
      ],
      [
        -0.304898,
        -0.926473856,
        0.220643178
      ]
    ],
    "translation": [
      2.22454023,
      0.857456565,
      -0.5440239
    ]
  },
  {
    "timeStamp": 13830,
    "rotation": [
      [
        0.9428762,
        -0.3312775,
        0.0352087356
      ],
      [
        0.0425807238,
        0.224658459,
        0.9735068
      ],
      [
        -0.330410838,
        -0.9163972,
        0.225931168
      ]
    ],
    "translation": [
      2.228736,
      0.8539264,
      -0.546274245
    ]
  },
  {
    "timeStamp": 13875,
    "rotation": [
      [
        0.93892777,
        -0.3407866,
        0.04773981
      ],
      [
        0.02965534,
        0.2183495,
        0.975419939
      ],
      [
        -0.342834,
        -0.9144332,
        0.215120569
      ]
    ],
    "translation": [
      2.229613,
      0.8525811,
      -0.5460031
    ]
  },
  {
    "timeStamp": 13930,
    "rotation": [
      [
        0.93485266,
        -0.35165602,
        0.0488725081
      ],
      [
        0.0282185413,
        0.210815132,
        0.977118552
      ],
      [
        -0.3539127,
        -0.9120828,
        0.207004324
      ]
    ],
    "translation": [
      2.23098969,
      0.851773739,
      -0.544466257
    ]
  },
  {
    "timeStamp": 13975,
    "rotation": [
      [
        0.928367734,
        -0.366548359,
        0.06144672
      ],
      [
        0.0146073243,
        0.201186538,
        0.979444
      ],
      [
        -0.371375829,
        -0.9083867,
        0.192129374
      ]
    ],
    "translation": [
      2.23276377,
      0.851356149,
      -0.5432281
    ]
  },
  {
    "timeStamp": 14031,
    "rotation": [
      [
        0.9233412,
        -0.378852516,
        0.06254408
      ],
      [
        0.0138848629,
        0.1957194,
        0.9805616
      ],
      [
        -0.383729339,
        -0.904524565,
        0.185976118
      ]
    ],
    "translation": [
      2.23411131,
      0.8507563,
      -0.5407419
    ]
  },
  {
    "timeStamp": 14075,
    "rotation": [
      [
        0.921515167,
        -0.3816175,
        0.07195742
      ],
      [
        0.005658098,
        0.19846794,
        0.980091035
      ],
      [
        -0.388301134,
        -0.902761638,
        0.185050458
      ]
    ],
    "translation": [
      2.23402667,
      0.848881,
      -0.5373038
    ]
  },
  {
    "timeStamp": 14131,
    "rotation": [
      [
        0.899306357,
        -0.42928192,
        0.08345786
      ],
      [
        0.0132752517,
        0.217549279,
        0.975959063
      ],
      [
        -0.4371178,
        -0.8765782,
        0.201342255
      ]
    ],
    "translation": [
      2.24013376,
      0.843848765,
      -0.536074
    ]
  }
]