[
  {
    "timeStamp": 36538,
    "rotation": [
      [
        0.17245616,
        0.9848945,
        0.0155477151
      ],
      [
        -0.138198391,
        0.008564584,
        0.990367532
      ],
      [
        0.9752744,
        -0.172943652,
        0.137587845
      ]
    ],
    "translation": [
      1.60705256,
      0.70018965,
      -0.6233979
    ]
  },
  {
    "timeStamp": 36584,
    "rotation": [
      [
        0.18968688,
        0.9793584,
        -0.069828406
      ],
      [
        -0.111355722,
        0.09211955,
        0.989501834
      ],
      [
        0.975509465,
        -0.17991972,
        0.126531035
      ]
    ],
    "translation": [
      1.61423576,
      0.705572,
      -0.618956566
    ]
  },
  {
    "timeStamp": 36643,
    "rotation": [
      [
        0.248854131,
        0.9685015,
        0.008738967
      ],
      [
        -0.0809487849,
        0.0118066547,
        0.9966483
      ],
      [
        0.9651522,
        -0.248727471,
        0.0813371539
      ]
    ],
    "translation": [
      1.62335658,
      0.7334675,
      -0.608583331
    ]
  },
  {
    "timeStamp": 36686,
    "rotation": [
      [
        0.292500228,
        0.952891469,
        0.08025924
      ],
      [
        -0.0461875461,
        -0.0697540343,
        0.9964944
      ],
      [
        0.955149353,
        -0.2951818,
        0.0236086454
      ]
    ],
    "translation": [
      1.6394695,
      0.766341567,
      -0.601960838
    ]
  },
  {
    "timeStamp": 36731,
    "rotation": [
      [
        0.3656024,
        0.919980466,
        0.141317934
      ],
      [
        -0.007253563,
        -0.149008125,
        0.988809347
      ],
      [
        0.93074286,
        -0.362536132,
        -0.04780459
      ]
    ],
    "translation": [
      1.66856372,
      0.8038492,
      -0.5942613
    ]
  },
  {
    "timeStamp": 36787,
    "rotation": [
      [
        0.458578736,
        0.8664943,
        0.197213516
      ],
      [
        0.0278099868,
        -0.235808343,
        0.9714016
      ],
      [
        0.8882185,
        -0.4399796,
        -0.132233888
      ]
    ],
    "translation": [
      1.72093749,
      0.849330366,
      -0.593620062
    ]
  },
  {
    "timeStamp": 36831,
    "rotation": [
      [
        0.5357972,
        0.821855247,
        0.193585247
      ],
      [
        0.07623494,
        -0.275423557,
        0.9582954
      ],
      [
        0.8408981,
        -0.498694,
        -0.210225254
      ]
    ],
    "translation": [
      1.77298868,
      0.8812107,
      -0.595035255
    ]
  },
  {
    "timeStamp": 36886,
    "rotation": [
      [
        0.6293201,
        0.7589308,
        0.167272985
      ],
      [
        0.1201326,
        -0.307654083,
        0.9438841
      ],
      [
        0.7678049,
        -0.5739103,
        -0.2847852
      ]
    ],
    "translation": [
      1.8434999,
      0.9107945,
      -0.6032533
    ]
  },
  {
    "timeStamp": 36931,
    "rotation": [
      [
        0.702353954,
        0.700431347,
        0.126865342
      ],
      [
        0.147550076,
        -0.3176093,
        0.9366714
      ],
      [
        0.6963676,
        -0.639155865,
        -0.32642287
      ]
    ],
    "translation": [
      1.90486157,
      0.925406754,
      -0.611501753
    ]
  },
  {
    "timeStamp": 36986,
    "rotation": [
      [
        0.777664,
        0.6250956,
        0.0670382455
      ],
      [
        0.169576824,
        -0.311247915,
        0.9350767
      ],
      [
        0.605377853,
        -0.7158074,
        -0.348048031
      ]
    ],
    "translation": [
      1.97720289,
      0.9317724,
      -0.626050234
    ]
  },
  {
    "timeStamp": 37031,
    "rotation": [
      [
        0.8199495,
        0.5724352,
        -0.000820695364
      ],
      [
        0.198759809,
        -0.28335616,
        0.9381918
      ],
      [
        0.5368214,
        -0.769433,
        -0.346114874
      ]
    ],
    "translation": [
      2.03237438,
      0.9300104,
      -0.638437748
    ]
  },
  {
    "timeStamp": 37086,
    "rotation": [
      [
        0.863452435,
        0.501838565,
        -0.05106783
      ],
      [
        0.190911978,
        -0.231404468,
        0.9539416
      ],
      [
        0.466907352,
        -0.8334327,
        -0.295613736
      ]
    ],
    "translation": [
      2.09108853,
      0.915428162,
      -0.654200852
    ]
  },
  {
    "timeStamp": 37131,
    "rotation": [
      [
        0.8945349,
        0.440138072,
        -0.0780117139
      ],
      [
        0.176122054,
        -0.186641514,
        0.966512263
      ],
      [
        0.410838634,
        -0.8783185,
        -0.244475365
      ]
    ],
    "translation": [
      2.13246965,
      0.8990892,
      -0.6662438
    ]
  },
  {
    "timeStamp": 37181,
    "rotation": [
      [
        0.9044425,
        0.410779148,
        -0.11508359
      ],
      [
        0.182847366,
        -0.129554212,
        0.9745679
      ],
      [
        0.385422617,
        -0.902483344,
        -0.192284226
      ]
    ],
    "translation": [
      2.17127156,
      0.880213261,
      -0.6768338
    ]
  },
  {
    "timeStamp": 37237,
    "rotation": [
      [
        0.9195035,
        0.38499853,
        -0.0793055147
      ],
      [
        0.129647225,
        -0.1065729,
        0.9858163
      ],
      [
        0.371086,
        -0.916743338,
        -0.147908151
      ]
    ],
    "translation": [
      2.19252181,
      0.861961067,
      -0.6830642
    ]
  },
  {
    "timeStamp": 37281,
    "rotation": [
      [
        0.9099311,
        0.4058513,
        -0.08549874
      ],
      [
        0.124572948,
        -0.07080508,
        0.9896809
      ],
      [
        0.395609558,
        -0.911192238,
        -0.114985846
      ]
    ],
    "translation": [
      2.199912,
      0.853910148,
      -0.683968067
    ]
  },
  {
    "timeStamp": 37336,
    "rotation": [
      [
        0.8711602,
        0.490993232,
        -0.00234355847
      ],
      [
        0.08140811,
        -0.139730632,
        0.9868374
      ],
      [
        0.484203,
        -0.859884262,
        -0.1616986
      ]
    ],
    "translation": [
      2.18431973,
      0.860598266,
      -0.6750088
    ]
  },
  {
    "timeStamp": 37381,
    "rotation": [
      [
        0.823158443,
        0.566801548,
        0.0338553526
      ],
      [
        0.0853959,
        -0.182524547,
        0.97948575
      ],
      [
        0.5613535,
        -0.8033809,
        -0.198649138
      ]
    ],
    "translation": [
      2.1639688,
      0.8705268,
      -0.665889144
    ]
  },
  {
    "timeStamp": 37436,
    "rotation": [
      [
        0.7791869,
        0.6194686,
        0.09553239
      ],
      [
        0.06228974,
        -0.228190258,
        0.971621931
      ],
      [
        0.6236889,
        -0.7511244,
        -0.2163894
      ]
    ],
    "translation": [
      2.13957572,
      0.878294468,
      -0.657488942
    ]
  },
  {
    "timeStamp": 37481,
    "rotation": [
      [
        0.7509045,
        0.6538845,
        0.09261528
      ],
      [
        0.084737055,
        -0.234475791,
        0.968421757
      ],
      [
        0.654952,
        -0.7193443,
        -0.231477171
      ]
    ],
    "translation": [
      2.12535477,
      0.8837045,
      -0.6508198
    ]
  },
  {
    "timeStamp": 37538,
    "rotation": [
      [
        0.6996105,
        0.7049013,
        0.116873518
      ],
      [
        0.10033188,
        -0.2588623,
        0.960689247
      ],
      [
        0.707445264,
        -0.6603821,
        -0.251826823
      ]
    ],
    "translation": [
      2.10546446,
      0.8930952,
      -0.6427707
    ]
  },
  {
    "timeStamp": 37584,
    "rotation": [
      [
        0.660965,
        0.7417418,
        0.11377342
      ],
      [
        0.130250126,
        -0.262710124,
        0.956043065
      ],
      [
        0.7390265,
        -0.617092,
        -0.270254165
      ]
    ],
    "translation": [
      2.09250355,
      0.900027931,
      -0.6362881
    ]
  },
  {
    "timeStamp": 37640,
    "rotation": [
      [
        0.626444936,
        0.7750048,
        0.08327196
      ],
      [
        0.169275269,
        -0.239547908,
        0.956014
      ],
      [
        0.760863066,
        -0.5847942,
        -0.281252742
      ]
    ],
    "translation": [
      2.083032,
      0.900052249,
      -0.628185451
    ]
  },
  {
    "timeStamp": 37685,
    "rotation": [
      [
        0.6114853,
        0.788101256,
        0.07058485
      ],
      [
        0.1774279,
        -0.2235047,
        0.958417952
      ],
      [
        0.7711064,
        -0.5735347,
        -0.27650097
      ]
    ],
    "translation": [
      2.07993531,
      0.896689653,
      -0.6207365
    ]
  },
  {
    "timeStamp": 37731,
    "rotation": [
      [
        0.5982712,
        0.8002048,
        0.0417602137
      ],
      [
        0.19546321,
        -0.196282342,
        0.960868061
      ],
      [
        0.777088,
        -0.5666971,
        -0.273840666
      ]
    ],
    "translation": [
      2.08044434,
      0.8931657,
      -0.613903344
    ]
  },
  {
    "timeStamp": 37786,
    "rotation": [
      [
        0.5781997,
        0.815555632,
        0.0235379227
      ],
      [
        0.210036382,
        -0.176661223,
        0.9616005
      ],
      [
        0.788396955,
        -0.5510533,
        -0.273441821
      ]
    ],
    "translation": [
      2.07929587,
      0.891005337,
      -0.606889367
    ]
  },
  {
    "timeStamp": 37831,
    "rotation": [
      [
        0.562684834,
        0.826654434,
        0.00531852245
      ],
      [
        0.214393482,
        -0.15214026,
        0.964825749
      ],
      [
        0.798386633,
        -0.5417526,
        -0.2628363
      ]
    ],
    "translation": [
      2.079513,
      0.88596034,
      -0.6031786
    ]
  },
  {
    "timeStamp": 37886,
    "rotation": [
      [
        0.546594262,
        0.8372885,
        -0.0135198953
      ],
      [
        0.224249259,
        -0.1307996,
        0.9657141
      ],
      [
        0.8068129,
        -0.5308856,
        -0.259255648
      ]
    ],
    "translation": [
      2.07963419,
      0.8813389,
      -0.5998082
    ]
  },
  {
    "timeStamp": 37931,
    "rotation": [
      [
        0.5359672,
        0.844164252,
        -0.0112186987
      ],
      [
        0.220978275,
        -0.127450973,
        0.966915131
      ],
      [
        0.8148054,
        -0.5207138,
        -0.2548515
      ]
    ],
    "translation": [
      2.078251,
      0.879229665,
      -0.5983898
    ]
  }
]