[
  {
    "timeStamp": 30810,
    "rotation": [
      [
        0.912046254,
        -0.373463631,
        0.1694009
      ],
      [
        -0.18164508,
        0.00244616112,
        0.9833611
      ],
      [
        -0.367664,
        -0.92764163,
        -0.06560682
      ]
    ],
    "translation": [
      1.45884311,
      0.708013058,
      -0.625177
    ]
  },
  {
    "timeStamp": 30855,
    "rotation": [
      [
        0.8882048,
        -0.411379963,
        0.204593778
      ],
      [
        -0.208592027,
        0.0357028544,
        0.977350831
      ],
      [
        -0.409367144,
        -0.9107644,
        -0.0540991351
      ]
    ],
    "translation": [
      1.46394062,
      0.714600146,
      -0.6249778
    ]
  },
  {
    "timeStamp": 30901,
    "rotation": [
      [
        0.8542574,
        -0.4551877,
        0.251094371
      ],
      [
        -0.258149683,
        0.0478045829,
        0.9649215
      ],
      [
        -0.45122385,
        -0.8891113,
        -0.07666915
      ]
    ],
    "translation": [
      1.46880388,
      0.731280565,
      -0.6199104
    ]
  },
  {
    "timeStamp": 30955,
    "rotation": [
      [
        0.7837542,
        -0.524933159,
        0.331925243
      ],
      [
        -0.343525767,
        0.0788390338,
        0.9358282
      ],
      [
        -0.517415941,
        -0.847484231,
        -0.118537642
      ]
    ],
    "translation": [
      1.482665,
      0.7642263,
      -0.610672534
    ]
  },
  {
    "timeStamp": 31011,
    "rotation": [
      [
        0.6910037,
        -0.585547447,
        0.4238491
      ],
      [
        -0.438310623,
        0.126852557,
        0.8898271
      ],
      [
        -0.574802339,
        -0.8006514,
        -0.168996066
      ]
    ],
    "translation": [
      1.50059032,
      0.8036054,
      -0.5989835
    ]
  },
  {
    "timeStamp": 31055,
    "rotation": [
      [
        0.60915333,
        -0.637588,
        0.4716076
      ],
      [
        -0.522493243,
        0.124705173,
        0.8434746
      ],
      [
        -0.596601248,
        -0.76021713,
        -0.2571709
      ]
    ],
    "translation": [
      1.52819073,
      0.8394637,
      -0.5857749
    ]
  },
  {
    "timeStamp": 31101,
    "rotation": [
      [
        0.4845214,
        -0.724146962,
        0.4907649
      ],
      [
        -0.612059534,
        0.120193608,
        0.7816243
      ],
      [
        -0.6249977,
        -0.6790911,
        -0.384984672
      ]
    ],
    "translation": [
      1.568128,
      0.878026247,
      -0.5636878
    ]
  },
  {
    "timeStamp": 31156,
    "rotation": [
      [
        0.319774032,
        -0.8232545,
        0.4690379
      ],
      [
        -0.693618834,
        0.133838862,
        0.707799435
      ],
      [
        -0.645474553,
        -0.551669359,
        -0.5282267
      ]
    ],
    "translation": [
      1.63758814,
      0.9194751,
      -0.5432166
    ]
  },
  {
    "timeStamp": 31211,
    "rotation": [
      [
        0.180483356,
        -0.907287836,
        0.379808545
      ],
      [
        -0.7449809,
        0.126029968,
        0.655072451
      ],
      [
        -0.6422065,
        -0.4011798,
        -0.653165758
      ]
    ],
    "translation": [
      1.72251642,
      0.951215565,
      -0.5268886
    ]
  },
  {
    "timeStamp": 31256,
    "rotation": [
      [
        0.06336891,
        -0.9563179,
        0.2853779
      ],
      [
        -0.761974931,
        0.13830477,
        0.6326658
      ],
      [
        -0.644498765,
        -0.257542133,
        -0.719926
      ]
    ],
    "translation": [
      1.7980901,
      0.966922045,
      -0.524759769
    ]
  },
  {
    "timeStamp": 31301,
    "rotation": [
      [
        -0.0228763688,
        -0.986544549,
        0.1618843
      ],
      [
        -0.7746548,
        0.119851641,
        0.6209231
      ],
      [
        -0.6319704,
        -0.111199982,
        -0.766973257
      ]
    ],
    "translation": [
      1.87845492,
      0.977998,
      -0.5290853
    ]
  },
  {
    "timeStamp": 31355,
    "rotation": [
      [
        -0.08464599,
        -0.9963864,
        0.007009313
      ],
      [
        -0.7710438,
        0.06995494,
        0.632927954
      ],
      [
        -0.6311312,
        0.0481703244,
        -0.7741789
      ]
    ],
    "translation": [
      1.97104287,
      0.9814396,
      -0.5471998
    ]
  },
  {
    "timeStamp": 31411,
    "rotation": [
      [
        -0.154126838,
        -0.9837267,
        -0.09233967
      ],
      [
        -0.743045747,
        0.0538013838,
        0.6670745
      ],
      [
        -0.651251,
        0.1714267,
        -0.7392462
      ]
    ],
    "translation": [
      2.05409718,
      0.9689563,
      -0.5741532
    ]
  },
  {
    "timeStamp": 31456,
    "rotation": [
      [
        -0.179056242,
        -0.966273546,
        -0.185079321
      ],
      [
        -0.7154546,
        -0.00124248036,
        0.698658168
      ],
      [
        -0.675324857,
        0.257514954,
        -0.6911023
      ]
    ],
    "translation": [
      2.11288881,
      0.953442633,
      -0.5972186
    ]
  },
  {
    "timeStamp": 31518,
    "rotation": [
      [
        -0.2129568,
        -0.948034,
        -0.2363915
      ],
      [
        -0.6378941,
        -0.04836071,
        0.768604159
      ],
      [
        -0.74009496,
        0.314472228,
        -0.5944466
      ]
    ],
    "translation": [
      2.16963,
      0.919876337,
      -0.628551662
    ]
  },
  {
    "timeStamp": 31550,
    "rotation": [
      [
        -0.226509437,
        -0.9480586,
        -0.223334551
      ],
      [
        -0.5488896,
        -0.0651724041,
        0.83335036
      ],
      [
        -0.8046202,
        0.311347723,
        -0.5056173
      ]
    ],
    "translation": [
      2.199297,
      0.8861515,
      -0.6472985
    ]
  },
  {
    "timeStamp": 31606,
    "rotation": [
      [
        -0.207623586,
        -0.9614662,
        -0.180208936
      ],
      [
        -0.466292024,
        -0.06467062,
        0.882263839
      ],
      [
        -0.859921038,
        0.267208755,
        -0.434896857
      ]
    ],
    "translation": [
      2.21820521,
      0.8478933,
      -0.6646423
    ]
  },
  {
    "timeStamp": 31651,
    "rotation": [
      [
        -0.0914891139,
        -0.9879858,
        -0.124554612
      ],
      [
        -0.36289686,
        -0.08339872,
        0.928089738
      ],
      [
        -0.927327156,
        0.130110577,
        -0.350906849
      ]
    ],
    "translation": [
      2.21697187,
      0.816012561,
      -0.67568177
    ]
  },
  {
    "timeStamp": 31706,
    "rotation": [
      [
        -0.0312797762,
        -0.995036066,
        -0.09447168
      ],
      [
        -0.3429449,
        -0.0780957043,
        0.9361036
      ],
      [
        -0.9388346,
        0.0616796762,
        -0.3387997
      ]
    ],
    "translation": [
      2.22170854,
      0.797093034,
      -0.678191
    ]
  },
  {
    "timeStamp": 31750,
    "rotation": [
      [
        0.0441498272,
        -0.9957103,
        -0.0813128
      ],
      [
        -0.322204947,
        -0.09123473,
        0.942263365
      ],
      [
        -0.9456399,
        -0.0154013894,
        -0.3248508
      ]
    ],
    "translation": [
      2.22234,
      0.7849106,
      -0.678060055
    ]
  },
  {
    "timeStamp": 31806,
    "rotation": [
      [
        0.1487307,
        -0.982741237,
        -0.109994441
      ],
      [
        -0.3024595,
        -0.151109621,
        0.9411079
      ],
      [
        -0.9414868,
        -0.106702782,
        -0.319714069
      ]
    ],
    "translation": [
      2.226705,
      0.774542332,
      -0.6746677
    ]
  },
  {
    "timeStamp": 31851,
    "rotation": [
      [
        0.1858549,
        -0.975383639,
        -0.118679181
      ],
      [
        -0.284032434,
        -0.168958649,
        0.943810642
      ],
      [
        -0.940629363,
        -0.141703084,
        -0.308442384
      ]
    ],
    "translation": [
      2.232599,
      0.7666476,
      -0.6732065
    ]
  },
  {
    "timeStamp": 31906,
    "rotation": [
      [
        0.183958933,
        -0.976767838,
        -0.109925553
      ],
      [
        -0.291193843,
        -0.160969853,
        0.943024337
      ],
      [
        -0.9388105,
        -0.141468123,
        -0.314040631
      ]
    ],
    "translation": [
      2.24044132,
      0.7614761,
      -0.66994226
    ]
  },
  {
    "timeStamp": 31951,
    "rotation": [
      [
        0.1936071,
        -0.9737495,
        -0.119700424
      ],
      [
        -0.2864827,
        -0.1728037,
        0.9423728
      ],
      [
        -0.938319743,
        -0.148157954,
        -0.3124184
      ]
    ],
    "translation": [
      2.24598622,
      0.7568209,
      -0.6668922
    ]
  },
  {
    "timeStamp": 32008,
    "rotation": [
      [
        0.180410936,
        -0.9775936,
        -0.108456
      ],
      [
        -0.303289533,
        -0.160182774,
        0.939338565
      ],
      [
        -0.9356641,
        -0.136573389,
        -0.325392634
      ]
    ],
    "translation": [
      2.25089359,
      0.7528856,
      -0.662738
    ]
  }
]