[
  {
    "timeStamp": 51063,
    "rotation": [
      [
        0.9912648,
        -0.106640287,
        0.0776006058
      ],
      [
        0.107547171,
        0.994171,
        -0.007590849
      ],
      [
        -0.07633878,
        0.0158702675,
        0.996955633
      ]
    ],
    "translation": [
      1.75106812,
      0.8503691,
      -0.7457402
    ]
  },
  {
    "timeStamp": 51119,
    "rotation": [
      [
        0.9934883,
        -0.06160765,
        0.09584128
      ],
      [
        0.06107758,
        0.9980972,
        0.008457385
      ],
      [
        -0.0961799547,
        -0.00254855957,
        0.995360732
      ]
    ],
    "translation": [
      1.75167143,
      0.857590139,
      -0.7474798
    ]
  },
  {
    "timeStamp": 51164,
    "rotation": [
      [
        0.990304351,
        -0.0112565868,
        0.138458163
      ],
      [
        0.00516538555,
        0.9990061,
        0.0442739837
      ],
      [
        -0.13881892,
        -0.04312953,
        0.9893782
      ]
    ],
    "translation": [
      1.7604233,
      0.87739116,
      -0.7445456
    ]
  },
  {
    "timeStamp": 51220,
    "rotation": [
      [
        0.9640495,
        0.06999852,
        0.2563372
      ],
      [
        -0.104480915,
        0.986833751,
        0.123461872
      ],
      [
        -0.244320065,
        -0.1458057,
        0.958670139
      ]
    ],
    "translation": [
      1.78563476,
      0.9252752,
      -0.73198384
    ]
  },
  {
    "timeStamp": 51265,
    "rotation": [
      [
        0.9030975,
        0.100258194,
        0.4175683
      ],
      [
        -0.20842582,
        0.9524909,
        0.222080588
      ],
      [
        -0.375464618,
        -0.287592441,
        0.881088555
      ]
    ],
    "translation": [
      1.82074153,
      0.978679538,
      -0.7199931
    ]
  },
  {
    "timeStamp": 51311,
    "rotation": [
      [
        0.839134634,
        0.0449204519,
        0.5420658
      ],
      [
        -0.286474347,
        0.8836586,
        0.370243251
      ],
      [
        -0.462369561,
        -0.465971857,
        0.754377067
      ]
    ],
    "translation": [
      1.86071789,
      1.03384674,
      -0.716798663
    ]
  },
  {
    "timeStamp": 51367,
    "rotation": [
      [
        0.7439128,
        -0.100672193,
        0.6606503
      ],
      [
        -0.335537374,
        0.7986763,
        0.499530584
      ],
      [
        -0.5779346,
        -0.5932801,
        0.5603662
      ]
    ],
    "translation": [
      1.91053069,
      1.076404,
      -0.7178146
    ]
  },
  {
    "timeStamp": 51413,
    "rotation": [
      [
        0.659492433,
        -0.232496709,
        0.714853168
      ],
      [
        -0.319730639,
        0.773901343,
        0.5466709
      ],
      [
        -0.680325,
        -0.589085758,
        0.436045736
      ]
    ],
    "translation": [
      1.95390975,
      1.08772039,
      -0.7084861
    ]
  },
  {
    "timeStamp": 51468,
    "rotation": [
      [
        0.5449263,
        -0.38520965,
        0.7447609
      ],
      [
        -0.21828182,
        0.7924249,
        0.5695751
      ],
      [
        -0.809572935,
        -0.4729442,
        0.3477289
      ]
    ],
    "translation": [
      2.00791454,
      1.0702697,
      -0.6873699
    ]
  },
  {
    "timeStamp": 51513,
    "rotation": [
      [
        0.43060872,
        -0.4278227,
        0.794697344
      ],
      [
        -0.144708261,
        0.836394668,
        0.528680861
      ],
      [
        -0.890862346,
        -0.342653871,
        0.298249364
      ]
    ],
    "translation": [
      2.05661,
      1.04402077,
      -0.673500657
    ]
  },
  {
    "timeStamp": 51574,
    "rotation": [
      [
        0.295136154,
        -0.367545515,
        0.8819325
      ],
      [
        -0.090524666,
        0.9081406,
        0.408761531
      ],
      [
        -0.951157153,
        -0.200476944,
        0.234753162
      ]
    ],
    "translation": [
      2.11642051,
      1.01171577,
      -0.667470634
    ]
  },
  {
    "timeStamp": 51619,
    "rotation": [
      [
        0.204467222,
        -0.338509023,
        0.918479562
      ],
      [
        -0.0242574755,
        0.936262369,
        0.350463
      ],
      [
        -0.978572845,
        -0.0939381942,
        0.18322359
      ]
    ],
    "translation": [
      2.15271926,
      0.9805018,
      -0.667079151
    ]
  },
  {
    "timeStamp": 51664,
    "rotation": [
      [
        0.169038266,
        -0.345392525,
        0.923108935
      ],
      [
        -0.0176233966,
        0.935377955,
        0.3532103
      ],
      [
        -0.985451937,
        -0.07597437,
        0.152027667
      ]
    ],
    "translation": [
      2.16479874,
      0.966912568,
      -0.67095685
    ]
  },
  {
    "timeStamp": 51719,
    "rotation": [
      [
        0.147148818,
        -0.325892866,
        0.933885
      ],
      [
        0.00384095334,
        0.9443439,
        0.328937471
      ],
      [
        -0.9891069,
        -0.04481575,
        0.140210822
      ]
    ],
    "translation": [
      2.17504072,
      0.9512234,
      -0.6703559
    ]
  },
  {
    "timeStamp": 51763,
    "rotation": [
      [
        0.130382165,
        -0.3113863,
        0.941296458
      ],
      [
        0.0366334133,
        0.950265467,
        0.309279054
      ],
      [
        -0.9907868,
        -0.005841566,
        0.135304809
      ]
    ],
    "translation": [
      2.180088,
      0.9358322,
      -0.6677005
    ]
  },
  {
    "timeStamp": 51819,
    "rotation": [
      [
        0.09525917,
        -0.3039989,
        0.947897851
      ],
      [
        0.0395557322,
        0.952632,
        0.301542
      ],
      [
        -0.9946663,
        0.008770155,
        0.102771826
      ]
    ],
    "translation": [
      2.18853545,
      0.9283857,
      -0.6666031
    ]
  }
]