[
  {
    "timeStamp": 52890,
    "rotation": [
      [
        0.9991216,
        -0.0418802239,
        -0.00142601866
      ],
      [
        0.0418881066,
        0.999104,
        0.006039408
      ],
      [
        0.00117180916,
        -0.00609383639,
        0.999980748
      ]
    ],
    "translation": [
      1.61620343,
      0.699584246,
      -0.74992317
    ]
  },
  {
    "timeStamp": 52935,
    "rotation": [
      [
        0.999886,
        -0.014421938,
        0.00446870551
      ],
      [
        0.0144069912,
        0.999890566,
        0.00335913664
      ],
      [
        -0.00451666163,
        -0.00329437316,
        0.9999843
      ]
    ],
    "translation": [
      1.61975944,
      0.6997394,
      -0.747222662
    ]
  },
  {
    "timeStamp": 52981,
    "rotation": [
      [
        0.9997455,
        -0.0061307284,
        0.02171331
      ],
      [
        0.005812418,
        0.9998752,
        0.014692557
      ],
      [
        -0.0218006764,
        -0.0145626105,
        0.99965626
      ]
    ],
    "translation": [
      1.62680078,
      0.7088087,
      -0.7423774
    ]
  },
  {
    "timeStamp": 53035,
    "rotation": [
      [
        0.9988964,
        0.0241760314,
        0.0402671658
      ],
      [
        -0.026839342,
        0.997393966,
        0.06697008
      ],
      [
        -0.0385431536,
        -0.0679769143,
        0.9969421
      ]
    ],
    "translation": [
      1.63687384,
      0.7296052,
      -0.7326755
    ]
  },
  {
    "timeStamp": 53090,
    "rotation": [
      [
        0.995841,
        0.07050576,
        0.05770234
      ],
      [
        -0.0779389,
        0.9872519,
        0.138777852
      ],
      [
        -0.0471821055,
        -0.14269793,
        0.9886411
      ]
    ],
    "translation": [
      1.64626718,
      0.7569768,
      -0.718893
    ]
  },
  {
    "timeStamp": 53135,
    "rotation": [
      [
        0.9906498,
        0.107069165,
        0.08455262
      ],
      [
        -0.120857693,
        0.9762542,
        0.179780737
      ],
      [
        -0.06329588,
        -0.1883186,
        0.98006624
      ]
    ],
    "translation": [
      1.65763152,
      0.7781592,
      -0.7092671
    ]
  },
  {
    "timeStamp": 53189,
    "rotation": [
      [
        0.9800389,
        0.1786458,
        0.08723198
      ],
      [
        -0.194227174,
        0.9540022,
        0.228376165
      ],
      [
        -0.04242105,
        -0.240760341,
        0.969657063
      ]
    ],
    "translation": [
      1.669628,
      0.8072549,
      -0.69910264
    ]
  },
  {
    "timeStamp": 53234,
    "rotation": [
      [
        0.9725487,
        0.20423241,
        0.111526
      ],
      [
        -0.228666887,
        0.9276184,
        0.2953567
      ],
      [
        -0.0431321524,
        -0.312751085,
        0.9488553
      ]
    ],
    "translation": [
      1.688179,
      0.8351853,
      -0.685754
    ]
  },
  {
    "timeStamp": 53289,
    "rotation": [
      [
        0.96632266,
        0.1914725,
        0.171926767
      ],
      [
        -0.2444115,
        0.8919541,
        0.3803694
      ],
      [
        -0.08052051,
        -0.409580439,
        0.9087136
      ]
    ],
    "translation": [
      1.73043275,
      0.8717406,
      -0.6677216
    ]
  },
  {
    "timeStamp": 53334,
    "rotation": [
      [
        0.969569266,
        0.144115716,
        0.197904408
      ],
      [
        -0.222605109,
        0.8554196,
        0.46765843
      ],
      [
        -0.101894364,
        -0.497481763,
        0.8614694
      ]
    ],
    "translation": [
      1.77590275,
      0.903224,
      -0.6516769
    ]
  },
  {
    "timeStamp": 53389,
    "rotation": [
      [
        0.965814531,
        0.05602494,
        0.2531075
      ],
      [
        -0.194750309,
        0.801224649,
        0.5657838
      ],
      [
        -0.171097979,
        -0.595735,
        0.784745336
      ]
    ],
    "translation": [
      1.84939086,
      0.9423288,
      -0.6366584
    ]
  },
  {
    "timeStamp": 53434,
    "rotation": [
      [
        0.950042844,
        -0.01991436,
        0.3114836
      ],
      [
        -0.182450131,
        0.7742697,
        0.605985463
      ],
      [
        -0.2532401,
        -0.6325424,
        0.731956
      ]
    ],
    "translation": [
      1.91506934,
      0.9660878,
      -0.630465865
    ]
  },
  {
    "timeStamp": 53489,
    "rotation": [
      [
        0.9305095,
        -0.111299381,
        0.3489477
      ],
      [
        -0.1392204,
        0.773726642,
        0.618033
      ],
      [
        -0.338776827,
        -0.6236662,
        0.704464853
      ]
    ],
    "translation": [
      1.99517584,
      0.9821826,
      -0.6300065
    ]
  },
  {
    "timeStamp": 53534,
    "rotation": [
      [
        0.9153563,
        -0.136547416,
        0.378784567
      ],
      [
        -0.113318384,
        0.815353036,
        0.56776613
      ],
      [
        -0.386370152,
        -0.562631547,
        0.7308652
      ]
    ],
    "translation": [
      2.05102634,
      0.979656637,
      -0.6367308
    ]
  },
  {
    "timeStamp": 53596,
    "rotation": [
      [
        0.9212437,
        -0.09932169,
        0.376091927
      ],
      [
        -0.08569441,
        0.891277969,
        0.445286542
      ],
      [
        -0.379429042,
        -0.4424464,
        0.8125729
      ]
    ],
    "translation": [
      2.09581232,
      0.9613682,
      -0.655197263
    ]
  },
  {
    "timeStamp": 53640,
    "rotation": [
      [
        0.9678463,
        -0.07837097,
        0.239021987
      ],
      [
        0.00636392552,
        0.957550645,
        0.288194746
      ],
      [
        -0.251461774,
        -0.27740708,
        0.9272606
      ]
    ],
    "translation": [
      2.1204474,
      0.9340571,
      -0.6777667
    ]
  },
  {
    "timeStamp": 53684,
    "rotation": [
      [
        0.9828324,
        -0.113320135,
        0.14559941
      ],
      [
        0.08130108,
        0.974406,
        0.209578425
      ],
      [
        -0.1656224,
        -0.194143072,
        0.966890752
      ]
    ],
    "translation": [
      2.13658929,
      0.911815464,
      -0.6969129
    ]
  },
  {
    "timeStamp": 53741,
    "rotation": [
      [
        0.972872436,
        -0.0744457,
        0.21903646
      ],
      [
        0.0182438809,
        0.9685482,
        0.248156339
      ],
      [
        -0.230621532,
        -0.237428382,
        0.943632066
      ]
    ],
    "translation": [
      2.15149021,
      0.8936722,
      -0.7021859
    ]
  },
  {
    "timeStamp": 53785,
    "rotation": [
      [
        0.985865355,
        -0.04715349,
        0.160766959
      ],
      [
        0.008085785,
        0.97184974,
        0.235462636
      ],
      [
        -0.167344213,
        -0.230834529,
        0.958494365
      ]
    ],
    "translation": [
      2.14771843,
      0.8763254,
      -0.7074333
    ]
  },
  {
    "timeStamp": 53840,
    "rotation": [
      [
        0.98397857,
        -0.01730841,
        0.177444935
      ],
      [
        -0.0244981647,
        0.972709537,
        0.230729178
      ],
      [
        -0.176595941,
        -0.231379643,
        0.9567013
      ]
    ],
    "translation": [
      2.14725757,
      0.859907746,
      -0.7107551
    ]
  },
  {
    "timeStamp": 53884,
    "rotation": [
      [
        0.9831674,
        0.0131768137,
        0.182231382
      ],
      [
        -0.04898441,
        0.979891539,
        0.193424553
      ],
      [
        -0.176018268,
        -0.1990952,
        0.9640429
      ]
    ],
    "translation": [
      2.14194679,
      0.8441845,
      -0.716990352
    ]
  },
  {
    "timeStamp": 53940,
    "rotation": [
      [
        0.9817827,
        0.0408113636,
        0.185572684
      ],
      [
        -0.07113997,
        0.984576046,
        0.159840867
      ],
      [
        -0.1761871,
        -0.170130625,
        0.96954304
      ]
    ],
    "translation": [
      2.140213,
      0.8282333,
      -0.7253248
    ]
  },
  {
    "timeStamp": 53985,
    "rotation": [
      [
        0.978890538,
        0.08698249,
        0.184952155
      ],
      [
        -0.113327436,
        0.984066963,
        0.13700065
      ],
      [
        -0.170088649,
        -0.1550688,
        0.9731513
      ]
    ],
    "translation": [
      2.13218546,
      0.8190533,
      -0.730209053
    ]
  },
  {
    "timeStamp": 54030,
    "rotation": [
      [
        0.9803438,
        0.116599068,
        0.159156233
      ],
      [
        -0.138790458,
        0.9808996,
        0.1362836
      ],
      [
        -0.140225738,
        -0.155694157,
        0.9778016
      ]
    ],
    "translation": [
      2.124176,
      0.8138972,
      -0.7320979
    ]
  },
  {
    "timeStamp": 54087,
    "rotation": [
      [
        0.9847078,
        0.130610153,
        0.115289494
      ],
      [
        -0.144927576,
        0.9813793,
        0.12605831
      ],
      [
        -0.09667823,
        -0.140839219,
        0.9853008
      ]
    ],
    "translation": [
      2.116984,
      0.8069216,
      -0.7342049
    ]
  }
]