[
  {
    "id": "004 sugar box(Clone)-11510",
    "pickRotation": [
      [
        -0.9840853,
        0.0555174835,
        0.168801412
      ],
      [
        -0.143688262,
        -0.807500064,
        -0.5720991
      ],
      [
        0.104545645,
        -0.5872491,
        0.802626133
      ]
    ],
    "pickTranslation": [
      0.00743367942,
      0.0185293183,
      0.103073314
    ],
    "placeRotation": [
      [
        0.08323278,
        4.403389E-05,
        0.9965301
      ],
      [
        -0.9941017,
        0.0697731152,
        0.08302687
      ],
      [
        -0.06952736,
        -0.9975629,
        0.00585118448
      ]
    ],
    "placeTranslation": [
      -0.6227258,
      0.322783023,
      -0.5612501
    ]
  },
  {
    "id": "004 sugar box(Clone)-11494",
    "pickRotation": [
      [
        -0.983180642,
        -0.02780151,
        0.18050769
      ],
      [
        -0.07691651,
        -0.8333927,
        -0.547302961
      ],
      [
        0.165649638,
        -0.5519817,
        0.8172371
      ]
    ],
    "pickTranslation": [
      0.00652197748,
      0.025289543,
      0.105320632
    ],
    "placeRotation": [
      [
        0.08598188,
        -0.0268467367,
        0.995934963
      ],
      [
        -0.985728562,
        0.142921358,
        0.08895337
      ],
      [
        -0.144728482,
        -0.989369869,
        -0.0141749484
      ]
    ],
    "placeTranslation": [
      -0.6215171,
      0.5551293,
      -0.5669387
    ]
  },
  {
    "id": "008 pudding box(Clone)-11406",
    "pickRotation": [
      [
        0.233214617,
        -0.3828455,
        0.8938905
      ],
      [
        0.114305675,
        -0.9020726,
        -0.416172
      ],
      [
        0.965683758,
        0.199234158,
        -0.166615114
      ]
    ],
    "pickTranslation": [
      0.02393541,
      0.062236473,
      0.01473025
    ],
    "placeRotation": [
      [
        0.88289696,
        -0.458474338,
        0.101460807
      ],
      [
        0.0138873905,
        0.241473436,
        0.970308065
      ],
      [
        -0.469361424,
        -0.855273,
        0.219563171
      ]
    ],
    "placeTranslation": [
      -0.7654711,
      0.7090222,
      0.545200467
    ]
  },
  {
    "id": "010 potted meat can(Clone)-11632",
    "pickRotation": [
      [
        0.00449549872,
        0.0606206134,
        -0.998150766
      ],
      [
        0.99921453,
        0.039027065,
        0.00687051751
      ],
      [
        0.03937139,
        -0.997397661,
        -0.06039755
      ]
    ],
    "pickTranslation": [
      0.034534093,
      -0.0236602,
      0.07308488
    ],
    "placeRotation": [
      [
        -0.08163924,
        -0.9959841,
        -0.03675106
      ],
      [
        -0.0694934949,
        -0.0310958773,
        0.9970976
      ],
      [
        -0.9942362,
        0.08395627,
        -0.0666757748
      ]
    ],
    "placeTranslation": [
      -0.9301608,
      0.6341903,
      -0.477763861
    ]
  },
  {
    "id": "016 pear(Clone)-11482",
    "pickRotation": [
      [
        -0.7076727,
        -0.234336942,
        -0.6665474
      ],
      [
        0.687275231,
        -0.4471119,
        -0.572489
      ],
      [
        -0.163865969,
        -0.8632364,
        0.4774629
      ]
    ],
    "pickTranslation": [
      0.0418188721,
      0.0244232379,
      0.06755226
    ],
    "placeRotation": [
      [
        0.1573969,
        -0.9873932,
        0.0167623367
      ],
      [
        0.113721326,
        0.0349836834,
        0.992896557
      ],
      [
        -0.9809657,
        -0.1543726,
        0.117793985
      ]
    ],
    "placeTranslation": [
      -0.379954159,
      0.0626645,
      0.6116628
    ]
  },
  {
    "id": "016 pear(Clone)-11526",
    "pickRotation": [
      [
        -0.941919148,
        0.0862016156,
        -0.324588418
      ],
      [
        0.3307937,
        0.071222,
        -0.941011667
      ],
      [
        -0.0579988919,
        -0.9937287,
        -0.0956003144
      ]
    ],
    "pickTranslation": [
      0.03662669,
      0.005965462,
      0.0417167023
    ],
    "placeRotation": [
      [
        0.5598118,
        -0.8195876,
        -0.122012176
      ],
      [
        -0.234439358,
        -0.297890842,
        0.9253644
      ],
      [
        -0.794763446,
        -0.489425421,
        -0.3589064
      ]
    ],
    "placeTranslation": [
      -0.433128119,
      0.3226453,
      -0.354225278
    ]
  },
  {
    "id": "016 pear(Clone)-11470",
    "pickRotation": [
      [
        -0.140847459,
        0.3227631,
        -0.9359412
      ],
      [
        0.985720456,
        -0.04240638,
        -0.16296263
      ],
      [
        -0.0922881961,
        -0.9455293,
        -0.312181324
      ]
    ],
    "pickTranslation": [
      0.0008819221,
      0.007422274,
      0.06245952
    ],
    "placeRotation": [
      [
        0.16115883,
        -0.9814652,
        -0.103700891
      ],
      [
        -0.3261376,
        -0.15213269,
        0.9330005
      ],
      [
        -0.931483865,
        -0.116540521,
        -0.344610244
      ]
    ],
    "placeTranslation": [
      -0.0614628531,
      0.192297682,
      0.6095862
    ]
  },
  {
    "id": "016 pear(Clone)-11608",
    "pickRotation": [
      [
        -0.9927118,
        -0.0387415141,
        -0.114115804
      ],
      [
        0.116261736,
        -0.05858901,
        -0.991489053
      ],
      [
        0.0317258574,
        -0.997530162,
        0.0626661554
      ]
    ],
    "pickTranslation": [
      0.0494957864,
      0.0312758572,
      0.04895531
    ],
    "placeRotation": [
      [
        0.9992129,
        -0.0346272476,
        -0.0193494279
      ],
      [
        0.0151089421,
        -0.118783936,
        0.9928052
      ],
      [
        -0.0366765074,
        -0.9923161,
        -0.118167266
      ]
    ],
    "placeTranslation": [
      -0.333826333,
      0.369940639,
      -0.992382
    ]
  },
  {
    "id": "015 peach(Clone)-11458",
    "pickRotation": [
      [
        -0.607676148,
        0.08723443,
        0.789379358
      ],
      [
        -0.791502833,
        -0.148140416,
        -0.592939854
      ],
      [
        0.06521421,
        -0.9851114,
        0.1590677
      ]
    ],
    "pickTranslation": [
      0.016923476,
      0.009396733,
      0.05383688
    ],
    "placeRotation": [
      [
        0.5268136,
        0.8492652,
        -0.0348709822
      ],
      [
        0.230805442,
        -0.103447422,
        0.96748513
      ],
      [
        0.8180442,
        -0.517732739,
        -0.25051254
      ]
    ],
    "placeTranslation": [
      -0.4132778,
      0.940671861,
      -0.9013396
    ]
  },
  {
    "id": "014 lemon(Clone)-11620",
    "pickRotation": [
      [
        -0.6475621,
        -0.638973832,
        0.415181667
      ],
      [
        0.5751282,
        -0.76725924,
        -0.283797115
      ],
      [
        0.4998909,
        0.05500643,
        0.8643399
      ]
    ],
    "pickTranslation": [
      0.028298514,
      0.0463394746,
      0.0195985585
    ],
    "placeRotation": [
      [
        0.73265475,
        -0.666857541,
        -0.136080936
      ],
      [
        0.67525804,
        0.737228632,
        0.0228140261
      ],
      [
        0.08510906,
        -0.108604558,
        0.990435
      ]
    ],
    "placeTranslation": [
      0.239540651,
      0.159779638,
      0.284153163
    ]
  },
  {
    "id": "014 lemon(Clone)-11596",
    "pickRotation": [
      [
        0.580333233,
        -0.473398268,
        0.662651837
      ],
      [
        -0.51501435,
        -0.843656242,
        -0.151671618
      ],
      [
        0.630851448,
        -0.253255159,
        -0.73340863
      ]
    ],
    "pickTranslation": [
      0.0178142637,
      0.0507509038,
      0.0348449051
    ],
    "placeRotation": [
      [
        -0.5125461,
        0.4283732,
        -0.744172633
      ],
      [
        0.547978938,
        0.830420554,
        0.10060221
      ],
      [
        0.661071539,
        -0.356227636,
        -0.6603683
      ]
    ],
    "placeTranslation": [
      -0.276643574,
      0.413228333,
      0.291006565
    ]
  },
  {
    "id": "100 half egg carton(Clone)-11434",
    "pickRotation": [
      [
        0.07114104,
        0.023840595,
        0.9971813
      ],
      [
        0.06324095,
        -0.9978108,
        0.0193439014
      ],
      [
        0.995459437,
        0.0616865456,
        -0.072493
      ]
    ],
    "pickTranslation": [
      -0.07835699,
      0.04071547,
      -0.00494971825
    ],
    "placeRotation": [
      [
        -0.00164184184,
        0.154970452,
        -0.9879177
      ],
      [
        -0.0784852,
        0.984851658,
        0.154619932
      ],
      [
        0.9969139,
        0.07779078,
        0.0105459169
      ]
    ],
    "placeTranslation": [
      0.114980444,
      0.226376534,
      -0.5626951
    ]
  },
  {
    "id": "018 plum(Clone)-11446",
    "pickRotation": [
      [
        -0.7975335,
        0.5148675,
        0.3144069
      ],
      [
        -0.431919783,
        -0.8511725,
        0.298245877
      ],
      [
        0.421171635,
        0.102062516,
        0.9012201
      ]
    ],
    "pickTranslation": [
      -0.00411564671,
      0.0439783521,
      0.020103123
    ],
    "placeRotation": [
      [
        0.944761,
        0.27033788,
        0.1853217
      ],
      [
        -0.2573361,
        0.961988449,
        -0.0914129
      ],
      [
        -0.202989712,
        0.0386733748,
        0.97841686
      ]
    ],
    "placeTranslation": [
      0.475326329,
      0.26241985,
      0.44901967
    ]
  },
  {
    "id": "057 racquetball(Clone)-11382",
    "pickRotation": [
      [
        -0.7622815,
        -0.13139917,
        -0.6337675
      ],
      [
        0.185153961,
        -0.982525945,
        -0.0189917423
      ],
      [
        -0.620197535,
        -0.131821617,
        0.773290455
      ]
    ],
    "pickTranslation": [
      0.0537007,
      -0.103104375,
      0.0283449665
    ],
    "placeRotation": [
      [
        0.0877197757,
        -0.314802468,
        0.945095062
      ],
      [
        0.0386518352,
        0.9491134,
        0.312553465
      ],
      [
        -0.995395064,
        0.009112539,
        0.09542371
      ]
    ],
    "placeTranslation": [
      -0.0169524923,
      1.25024009,
      0.06725287
    ]
  },
  {
    "id": "101 bread(Clone)-11394",
    "pickRotation": [
      [
        -0.982119143,
        0.0415831357,
        -0.183610663
      ],
      [
        -0.0310257617,
        -0.99771595,
        -0.0600028448
      ],
      [
        -0.1856864,
        -0.05323328,
        0.981166065
      ]
    ],
    "pickTranslation": [
      -0.008065607,
      0.0613435954,
      0.0116507486
    ],
    "placeRotation": [
      [
        0.98492527,
        0.129964,
        0.114155859
      ],
      [
        -0.143883362,
        0.9818453,
        0.123601459
      ],
      [
        -0.0960196555,
        -0.138163328,
        0.98574394
      ]
    ],
    "placeTranslation": [
      0.373777062,
      0.50241524,
      -0.5642259
    ]
  },
  {
    "id": "101 bread(Clone)-11422",
    "pickRotation": [
      [
        -0.9755617,
        0.0566714667,
        -0.212291762
      ],
      [
        -0.01706678,
        -0.9827914,
        -0.183928639
      ],
      [
        -0.21906203,
        -0.17581059,
        0.9597408
      ]
    ],
    "pickTranslation": [
      -0.00465196464,
      0.05822628,
      0.0155032193
    ],
    "placeRotation": [
      [
        0.977755249,
        -0.177748784,
        0.111355484
      ],
      [
        0.172796309,
        0.983545244,
        0.05272738
      ],
      [
        -0.118895382,
        -0.0323126577,
        0.9923809
      ]
    ],
    "placeTranslation": [
      0.3497631,
      0.873845458,
      -0.517429
    ]
  },
  {
    "id": "011 banana(Clone)-11538",
    "pickRotation": [
      [
        -0.992596567,
        0.120862819,
        -0.0120050637
      ],
      [
        0.0460573956,
        0.283095658,
        -0.957985163
      ],
      [
        -0.112386204,
        -0.9514457,
        -0.286566436
      ]
    ],
    "pickTranslation": [
      0.0118455216,
      0.0320277028,
      0.02740011
    ],
    "placeRotation": [
      [
        0.791666567,
        0.320246279,
        -0.5202946
      ],
      [
        0.5953721,
        -0.21328485,
        0.7746236
      ],
      [
        0.13709937,
        -0.923012435,
        -0.359516174
      ]
    ],
    "placeTranslation": [
      0.386372954,
      0.6854179,
      0.517316163
    ]
  }
]