[
  {
    "timeStamp": 3998,
    "rotation": [
      [
        6.566904E-05,
        0.999999046,
        -0.00138715806
      ],
      [
        -0.0119096814,
        0.00138784177,
        0.9999281
      ],
      [
        0.9999291,
        -4.91443243E-05,
        0.0119097615
      ]
    ],
    "translation": [
      1.1539861,
      0.7054268,
      -0.4899825
    ]
  },
  {
    "timeStamp": 4042,
    "rotation": [
      [
        -0.0001392122,
        0.9999903,
        0.004399502
      ],
      [
        -0.030780226,
        -0.00440170243,
        0.9995165
      ],
      [
        0.999526143,
        3.7279824E-06,
        0.03078054
      ]
    ],
    "translation": [
      1.15399861,
      0.7066803,
      -0.489916623
    ]
  },
  {
    "timeStamp": 4097,
    "rotation": [
      [
        0.00837846,
        0.9981664,
        0.059947744
      ],
      [
        -0.0576537736,
        -0.0593679249,
        0.9965699
      ],
      [
        0.9983015,
        -0.0118059264,
        0.0570506454
      ]
    ],
    "translation": [
      1.14351666,
      0.721384764,
      -0.498073637
    ]
  },
  {
    "timeStamp": 4145,
    "rotation": [
      [
        0.020425817,
        0.9905587,
        0.135558888
      ],
      [
        -0.06359645,
        -0.13402532,
        0.9889351
      ],
      [
        0.9977666,
        -0.02882089,
        0.0602584332
      ]
    ],
    "translation": [
      1.13150442,
      0.7481052,
      -0.500074446
    ]
  },
  {
    "timeStamp": 4197,
    "rotation": [
      [
        0.01173485,
        0.9749423,
        0.222147882
      ],
      [
        -0.0480072647,
        -0.221357659,
        0.9740103
      ],
      [
        0.998778045,
        -0.0220945869,
        0.04420672
      ]
    ],
    "translation": [
      1.12319493,
      0.7898709,
      -0.503601968
    ]
  },
  {
    "timeStamp": 4241,
    "rotation": [
      [
        0.00686958153,
        0.956895649,
        0.2903508
      ],
      [
        -0.0184039939,
        -0.2901875,
        0.956792831
      ],
      [
        0.99980706,
        -0.01191638,
        0.0156172346
      ]
    ],
    "translation": [
      1.12356281,
      0.82743746,
      -0.50494194
    ]
  },
  {
    "timeStamp": 4296,
    "rotation": [
      [
        0.06439764,
        0.9206621,
        0.385012
      ],
      [
        0.03520818,
        -0.387668759,
        0.9211261
      ],
      [
        0.997303,
        -0.0457627773,
        -0.05737979
      ]
    ],
    "translation": [
      1.13054371,
      0.8805985,
      -0.491390228
    ]
  },
  {
    "timeStamp": 4341,
    "rotation": [
      [
        0.123442888,
        0.8722822,
        0.473165363
      ],
      [
        0.0338627771,
        -0.480237156,
        0.876484752
      ],
      [
        0.991773665,
        -0.0921731144,
        -0.0888197646
      ]
    ],
    "translation": [
      1.14122128,
      0.930131555,
      -0.483728766
    ]
  },
  {
    "timeStamp": 4396,
    "rotation": [
      [
        0.214449048,
        0.799224436,
        0.561472952
      ],
      [
        0.0673585,
        -0.5855794,
        0.8078116
      ],
      [
        0.9744098,
        -0.135414451,
        -0.179411486
      ]
    ],
    "translation": [
      1.16906726,
      0.9934541,
      -0.464244962
    ]
  },
  {
    "timeStamp": 4441,
    "rotation": [
      [
        0.3085538,
        0.7326809,
        0.606608
      ],
      [
        0.109249465,
        -0.660801351,
        0.742567241
      ],
      [
        0.9449122,
        -0.162850365,
        -0.283937782
      ]
    ],
    "translation": [
      1.20455933,
      1.04602253,
      -0.44064033
    ]
  },
  {
    "timeStamp": 4496,
    "rotation": [
      [
        0.4293248,
        0.630520761,
        0.646625
      ],
      [
        0.114673376,
        -0.7482279,
        0.6534562
      ],
      [
        0.8958405,
        -0.2063943,
        -0.393536747
      ]
    ],
    "translation": [
      1.26409876,
      1.11474347,
      -0.415536
    ]
  },
  {
    "timeStamp": 4541,
    "rotation": [
      [
        0.547286,
        0.5371244,
        0.6418531
      ],
      [
        0.09665985,
        -0.8023317,
        0.5889998
      ],
      [
        0.8313452,
        -0.260309935,
        -0.491023242
      ]
    ],
    "translation": [
      1.32727945,
      1.165888,
      -0.3962651
    ]
  },
  {
    "timeStamp": 4597,
    "rotation": [
      [
        0.648800254,
        0.4353338,
        0.6241336
      ],
      [
        0.09193063,
        -0.859026968,
        0.503608346
      ],
      [
        0.755385339,
        -0.2693642,
        -0.597357452
      ]
    ],
    "translation": [
      1.41468787,
      1.22425544,
      -0.386269063
    ]
  },
  {
    "timeStamp": 4641,
    "rotation": [
      [
        0.739328444,
        0.369148225,
        0.5631368
      ],
      [
        0.102415532,
        -0.8882462,
        0.447805524
      ],
      [
        0.6655107,
        -0.27340138,
        -0.6945122
      ]
    ],
    "translation": [
      1.49769318,
      1.26357758,
      -0.379790425
    ]
  },
  {
    "timeStamp": 4697,
    "rotation": [
      [
        0.835679054,
        0.297084659,
        0.461932063
      ],
      [
        0.08829259,
        -0.9028026,
        0.420894235
      ],
      [
        0.5420747,
        -0.3109473,
        -0.7806836
      ]
    ],
    "translation": [
      1.60795462,
      1.29330218,
      -0.383335084
    ]
  },
  {
    "timeStamp": 4742,
    "rotation": [
      [
        0.9006407,
        0.265940368,
        0.343688756
      ],
      [
        0.103179961,
        -0.899129748,
        0.4253465
      ],
      [
        0.422137558,
        -0.3476226,
        -0.837232649
      ]
    ],
    "translation": [
      1.70293713,
      1.30408645,
      -0.3918007
    ]
  },
  {
    "timeStamp": 4797,
    "rotation": [
      [
        0.9501108,
        0.263028651,
        0.167646453
      ],
      [
        0.153121188,
        -0.861578,
        0.483980566
      ],
      [
        0.271741271,
        -0.434164941,
        -0.8588699
      ]
    ],
    "translation": [
      1.82075429,
      1.29410958,
      -0.415237963
    ]
  },
  {
    "timeStamp": 4841,
    "rotation": [
      [
        0.975837946,
        0.21011278,
        0.059941344
      ],
      [
        0.139805913,
        -0.8112668,
        0.5677151
      ],
      [
        0.167912617,
        -0.545617759,
        -0.8210399
      ]
    ],
    "translation": [
      1.90609753,
      1.2676512,
      -0.44441092
    ]
  },
  {
    "timeStamp": 4897,
    "rotation": [
      [
        0.9858975,
        0.141913429,
        -0.08869473
      ],
      [
        0.163303524,
        -0.699975431,
        0.695245564
      ],
      [
        0.03658055,
        -0.699925,
        -0.713278949
      ]
    ],
    "translation": [
      2.01134539,
      1.21525669,
      -0.491118759
    ]
  },
  {
    "timeStamp": 4941,
    "rotation": [
      [
        0.983015358,
        0.108108126,
        -0.148301721
      ],
      [
        0.183326587,
        -0.6158398,
        0.766245842
      ],
      [
        -0.0084927,
        -0.7804191,
        -0.6251991
      ]
    ],
    "translation": [
      2.073445,
      1.1736629,
      -0.5284704
    ]
  },
  {
    "timeStamp": 4997,
    "rotation": [
      [
        0.9889153,
        0.034520302,
        -0.144411847
      ],
      [
        0.142414019,
        -0.495687753,
        0.856744945
      ],
      [
        -0.04200809,
        -0.8678145,
        -0.495109379
      ]
    ],
    "translation": [
      2.12213826,
      1.11207378,
      -0.5751481
    ]
  },
  {
    "timeStamp": 5042,
    "rotation": [
      [
        0.983840764,
        0.021707261,
        -0.177724779
      ],
      [
        0.170631528,
        -0.414389729,
        0.893960834
      ],
      [
        -0.0542419031,
        -0.9098406,
        -0.411397457
      ]
    ],
    "translation": [
      2.1580565,
      1.07280183,
      -0.605827749
    ]
  },
  {
    "timeStamp": 5097,
    "rotation": [
      [
        0.997160852,
        -0.00269298768,
        -0.07525315
      ],
      [
        0.06945782,
        -0.3530987,
        0.93300426
      ],
      [
        -0.0290843546,
        -0.9355822,
        -0.3519091
      ]
    ],
    "translation": [
      2.15758514,
      1.03057,
      -0.6283125
    ]
  },
  {
    "timeStamp": 5141,
    "rotation": [
      [
        0.9962324,
        -0.004422791,
        -0.08661092
      ],
      [
        0.0814515352,
        -0.295188159,
        0.9519609
      ],
      [
        -0.0297768451,
        -0.9554289,
        -0.293715745
      ]
    ],
    "translation": [
      2.17028522,
      0.9979382,
      -0.643103242
    ]
  },
  {
    "timeStamp": 5197,
    "rotation": [
      [
        0.9989144,
        -0.0177980084,
        -0.0430492163
      ],
      [
        0.0375413,
        -0.239566922,
        0.970153749
      ],
      [
        -0.02757998,
        -0.9707167,
        -0.238638684
      ]
    ],
    "translation": [
      2.17511082,
      0.9603179,
      -0.6531892
    ]
  },
  {
    "timeStamp": 5245,
    "rotation": [
      [
        0.999478757,
        -0.0131863747,
        -0.0294659417
      ],
      [
        0.02617965,
        -0.202962071,
        0.978836536
      ],
      [
        -0.0188877825,
        -0.9790978,
        -0.202511072
      ]
    ],
    "translation": [
      2.177471,
      0.9310121,
      -0.656334341
    ]
  },
  {
    "timeStamp": 5292,
    "rotation": [
      [
        0.9997334,
        -0.0219951011,
        -0.00702614
      ],
      [
        0.00323293335,
        -0.167956546,
        0.9857891
      ],
      [
        -0.0228626169,
        -0.985549033,
        -0.16784066
      ]
    ],
    "translation": [
      2.18272233,
      0.8977015,
      -0.6558018
    ]
  },
  {
    "timeStamp": 5347,
    "rotation": [
      [
        0.999461532,
        -0.0301481131,
        0.0129552688
      ],
      [
        -0.0167127382,
        -0.12792635,
        0.991642833
      ],
      [
        -0.0282388367,
        -0.9913254,
        -0.128361315
      ]
    ],
    "translation": [
      2.18470526,
      0.8670666,
      -0.655594
    ]
  },
  {
    "timeStamp": 5392,
    "rotation": [
      [
        0.9994629,
        -0.03252923,
        0.00396435754
      ],
      [
        -0.00768298,
        -0.115001678,
        0.9933356
      ],
      [
        -0.0318565369,
        -0.992832541,
        -0.115189843
      ]
    ],
    "translation": [
      2.19419813,
      0.848196745,
      -0.6510314
    ]
  },
  {
    "timeStamp": 5447,
    "rotation": [
      [
        0.9992237,
        -0.0337319449,
        0.0203526858
      ],
      [
        -0.02356734,
        -0.0978195742,
        0.9949251
      ],
      [
        -0.03156987,
        -0.994632363,
        -0.09853861
      ]
    ],
    "translation": [
      2.195702,
      0.8276607,
      -0.6436454
    ]
  },
  {
    "timeStamp": 5492,
    "rotation": [
      [
        0.999709,
        -0.0214209631,
        0.0110928975
      ],
      [
        -0.0129066724,
        -0.0864810348,
        0.996169865
      ],
      [
        -0.0203795861,
        -0.9960231,
        -0.08673234
      ]
    ],
    "translation": [
      2.20207071,
      0.812926054,
      -0.6386351
    ]
  },
  {
    "timeStamp": 5547,
    "rotation": [
      [
        0.999295235,
        -0.031796,
        0.019950537
      ],
      [
        -0.02205222,
        -0.06718063,
        0.9974971
      ],
      [
        -0.0303761177,
        -0.997234046,
        -0.06783446
      ]
    ],
    "translation": [
      2.20507765,
      0.796622,
      -0.630949557
    ]
  },
  {
    "timeStamp": 5592,
    "rotation": [
      [
        0.9993343,
        -0.03080595,
        0.0195447318
      ],
      [
        -0.021247277,
        -0.0559446365,
        0.998207748
      ],
      [
        -0.0296573,
        -0.997958541,
        -0.056561932
      ]
    ],
    "translation": [
      2.20774221,
      0.781319,
      -0.630167067
    ]
  },
  {
    "timeStamp": 5647,
    "rotation": [
      [
        0.9991838,
        -0.0380636267,
        0.0135220382
      ],
      [
        -0.0153209595,
        -0.04737299,
        0.998759747
      ],
      [
        -0.03737583,
        -0.9981517,
        -0.0479174964
      ]
    ],
    "translation": [
      2.2150476,
      0.7705725,
      -0.62217
    ]
  },
  {
    "timeStamp": 5693,
    "rotation": [
      [
        0.999394357,
        -0.0341079049,
        0.00690051168
      ],
      [
        -0.007767041,
        -0.0253386889,
        0.99964875
      ],
      [
        -0.0339210778,
        -0.99909693,
        -0.02558826
      ]
    ],
    "translation": [
      2.21969128,
      0.7614726,
      -0.6218082
    ]
  },
  {
    "timeStamp": 5750,
    "rotation": [
      [
        0.9995522,
        -0.0299195945,
        -0.0005187153
      ],
      [
        -6.227148E-05,
        -0.0194140729,
        0.99981153
      ],
      [
        -0.0299240258,
        -0.9993638,
        -0.01940724
      ]
    ],
    "translation": [
      2.22595453,
      0.75469023,
      -0.616977
    ]
  },
  {
    "timeStamp": 5795,
    "rotation": [
      [
        0.999417365,
        -0.0341311134,
        0.000169069637
      ],
      [
        -0.00106806459,
        -0.02632294,
        0.9996529
      ],
      [
        -0.03411482,
        -0.999070644,
        -0.026344059
      ]
    ],
    "translation": [
      2.22983956,
      0.752037764,
      -0.6105821
    ]
  },
  {
    "timeStamp": 5841,
    "rotation": [
      [
        0.999459445,
        -0.0321866237,
        -0.00669890037
      ],
      [
        0.005986381,
        -0.0221827272,
        0.999736
      ],
      [
        -0.0323267244,
        -0.9992357,
        -0.0219780561
      ]
    ],
    "translation": [
      2.2341187,
      0.7487562,
      -0.6071553
    ]
  },
  {
    "timeStamp": 5896,
    "rotation": [
      [
        0.999402046,
        -0.0340775475,
        -0.005849529
      ],
      [
        0.00543727959,
        -0.0121775288,
        0.99991107
      ],
      [
        -0.0341457464,
        -0.999345,
        -0.0119849583
      ]
    ],
    "translation": [
      2.23624086,
      0.7435446,
      -0.60473007
    ]
  },
  {
    "timeStamp": 5941,
    "rotation": [
      [
        0.999373555,
        -0.0348700844,
        -0.006047845
      ],
      [
        0.005615653,
        -0.0124790007,
        0.999906361
      ],
      [
        -0.03494229,
        -0.9993139,
        -0.0122753642
      ]
    ],
    "translation": [
      2.23732162,
      0.7408208,
      -0.600768745
    ]
  },
  {
    "timeStamp": 5996,
    "rotation": [
      [
        0.999127865,
        -0.0377772823,
        -0.0177871156
      ],
      [
        0.0175350327,
        -0.00699378224,
        0.9998218
      ],
      [
        -0.037894953,
        -0.999261737,
        -0.006325257
      ]
    ],
    "translation": [
      2.24272442,
      0.737305045,
      -0.599814
    ]
  },
  {
    "timeStamp": 6041,
    "rotation": [
      [
        0.9993893,
        -0.0227869749,
        -0.0264937077
      ],
      [
        0.026610136,
        0.004821404,
        0.999634266
      ],
      [
        -0.022650905,
        -0.999728739,
        0.00542482361
      ]
    ],
    "translation": [
      2.24521875,
      0.7337395,
      -0.600966454
    ]
  }
]