[
  {
    "timeStamp": 42302,
    "rotation": [
      [
        -0.09364106,
        0.9951921,
        0.02870755
      ],
      [
        -0.020104317,
        -0.0307184812,
        0.9993259
      ],
      [
        0.995403051,
        0.0930007845,
        0.0228841677
      ]
    ],
    "translation": [
      1.61616564,
      0.70094496,
      -0.7495722
    ]
  },
  {
    "timeStamp": 42357,
    "rotation": [
      [
        -0.06993262,
        0.9947885,
        0.0741969347
      ],
      [
        -0.01752226,
        -0.07559254,
        0.996984839
      ],
      [
        0.9973978,
        0.06842167,
        0.0227173287
      ]
    ],
    "translation": [
      1.61233032,
      0.716189265,
      -0.7437701
    ]
  },
  {
    "timeStamp": 42402,
    "rotation": [
      [
        -0.02015992,
        0.988396466,
        0.15055275
      ],
      [
        -0.00329530751,
        -0.150648221,
        0.988581955
      ],
      [
        0.9997914,
        0.0194336176,
        0.006294126
      ]
    ],
    "translation": [
      1.6151185,
      0.742211461,
      -0.7366029
    ]
  },
  {
    "timeStamp": 42457,
    "rotation": [
      [
        0.07015299,
        0.969565,
        0.234568134
      ],
      [
        0.0143755935,
        -0.23610568,
        0.971621037
      ],
      [
        0.9974326,
        -0.06479006,
        -0.0305015929
      ]
    ],
    "translation": [
      1.63146353,
      0.7799273,
      -0.7244954
    ]
  },
  {
    "timeStamp": 42502,
    "rotation": [
      [
        0.1508134,
        0.944610655,
        0.291489273
      ],
      [
        0.0219522547,
        -0.297989219,
        0.9543168
      ],
      [
        0.988318443,
        -0.137524918,
        -0.0656771
      ]
    ],
    "translation": [
      1.6535604,
      0.8131385,
      -0.713972151
    ]
  },
  {
    "timeStamp": 42557,
    "rotation": [
      [
        0.272963345,
        0.8960007,
        0.350248158
      ],
      [
        0.04004438,
        -0.374340862,
        0.9264261
      ],
      [
        0.961190641,
        -0.2388549,
        -0.138061136
      ]
    ],
    "translation": [
      1.695288,
      0.8597158,
      -0.698394537
    ]
  },
  {
    "timeStamp": 42602,
    "rotation": [
      [
        0.364843726,
        0.8554905,
        0.367457628
      ],
      [
        0.06852734,
        -0.418264776,
        0.9057365
      ],
      [
        0.9285435,
        -0.3052714,
        -0.211225763
      ]
    ],
    "translation": [
      1.73679471,
      0.895008564,
      -0.687644064
    ]
  },
  {
    "timeStamp": 42657,
    "rotation": [
      [
        0.483329415,
        0.8071427,
        0.3389887
      ],
      [
        0.128473967,
        -0.448426068,
        0.8845386
      ],
      [
        0.86596024,
        -0.383972317,
        -0.320434362
      ]
    ],
    "translation": [
      1.79827273,
      0.9331168,
      -0.6755564
    ]
  },
  {
    "timeStamp": 42702,
    "rotation": [
      [
        0.563632,
        0.7797594,
        0.272569627
      ],
      [
        0.191339567,
        -0.444248557,
        0.875232756
      ],
      [
        0.803559661,
        -0.441155851,
        -0.399591535
      ]
    ],
    "translation": [
      1.8529861,
      0.955504537,
      -0.6697004
    ]
  },
  {
    "timeStamp": 42758,
    "rotation": [
      [
        0.656754851,
        0.7353327,
        0.167208865
      ],
      [
        0.247825041,
        -0.419876218,
        0.8730903
      ],
      [
        0.71221894,
        -0.531967759,
        -0.457989633
      ]
    ],
    "translation": [
      1.9255892,
      0.973314166,
      -0.668172956
    ]
  },
  {
    "timeStamp": 42802,
    "rotation": [
      [
        0.715756238,
        0.6952617,
        0.0656064749
      ],
      [
        0.285838038,
        -0.377381861,
        0.880840242
      ],
      [
        0.6371732,
        -0.611714065,
        -0.468845665
      ]
    ],
    "translation": [
      1.98307228,
      0.978047669,
      -0.671939731
    ]
  },
  {
    "timeStamp": 42866,
    "rotation": [
      [
        0.7686503,
        0.63901335,
        -0.0289606638
      ],
      [
        0.290732235,
        -0.3086684,
        0.9056482
      ],
      [
        0.569782,
        -0.7045465,
        -0.423039824
      ]
    ],
    "translation": [
      2.04756713,
      0.969099939,
      -0.6848036
    ]
  },
  {
    "timeStamp": 42900,
    "rotation": [
      [
        0.8188446,
        0.573183537,
        -0.0308902059
      ],
      [
        0.2203956,
        -0.264253765,
        0.9389333
      ],
      [
        0.53001827,
        -0.775648534,
        -0.3427099
      ]
    ],
    "translation": [
      2.08497381,
      0.9513526,
      -0.698230743
    ]
  },
  {
    "timeStamp": 42952,
    "rotation": [
      [
        0.837287545,
        0.5459711,
        -0.02941374
      ],
      [
        0.09308026,
        -0.08932154,
        0.991643965
      ],
      [
        0.5387817,
        -0.833029,
        -0.125606939
      ]
    ],
    "translation": [
      2.11294818,
      0.9078244,
      -0.7257779
    ]
  },
  {
    "timeStamp": 43007,
    "rotation": [
      [
        0.836639464,
        0.5476981,
        0.007820443
      ],
      [
        -0.00361979869,
        -0.008748664,
        0.9999552
      ],
      [
        0.54774195,
        -0.8366303,
        -0.00533692073
      ]
    ],
    "translation": [
      2.11525917,
      0.876748264,
      -0.7530185
    ]
  },
  {
    "timeStamp": 43052,
    "rotation": [
      [
        0.809329331,
        0.5835475,
        0.06677054
      ],
      [
        -0.100858472,
        0.0260826983,
        0.9945588
      ],
      [
        0.578630745,
        -0.81166,
        0.0799652
      ]
    ],
    "translation": [
      2.10696435,
      0.8551382,
      -0.7736576
    ]
  },
  {
    "timeStamp": 43108,
    "rotation": [
      [
        0.806028366,
        0.5881414,
        0.0663928241
      ],
      [
        -0.137921646,
        0.0775533542,
        0.9874022
      ],
      [
        0.57558316,
        -0.8050312,
        0.143627644
      ]
    ],
    "translation": [
      2.10216379,
      0.835287,
      -0.7896946
    ]
  },
  {
    "timeStamp": 43152,
    "rotation": [
      [
        0.7946537,
        0.596476436,
        0.112877578
      ],
      [
        -0.2083538,
        0.0933359042,
        0.9735898
      ],
      [
        0.5701878,
        -0.7971852,
        0.198447853
      ]
    ],
    "translation": [
      2.0946722,
      0.820700943,
      -0.800427854
    ]
  },
  {
    "timeStamp": 43208,
    "rotation": [
      [
        0.786241233,
        0.608931243,
        0.105011687
      ],
      [
        -0.2429153,
        0.148328081,
        0.958640158
      ],
      [
        0.5681698,
        -0.779231369,
        0.264540374
      ]
    ],
    "translation": [
      2.08861828,
      0.8023306,
      -0.8099646
    ]
  },
  {
    "timeStamp": 43252,
    "rotation": [
      [
        0.779145539,
        0.615225554,
        0.120123394
      ],
      [
        -0.287682235,
        0.180693388,
        0.9405258
      ],
      [
        0.556930065,
        -0.767363846,
        0.317775935
      ]
    ],
    "translation": [
      2.08507,
      0.7909565,
      -0.817525
    ]
  },
  {
    "timeStamp": 43308,
    "rotation": [
      [
        0.8016526,
        0.5892507,
        0.100681067
      ],
      [
        -0.265661269,
        0.200292915,
        0.943030655
      ],
      [
        0.5355157,
        -0.7827301,
        0.317106426
      ]
    ],
    "translation": [
      2.08748674,
      0.79026103,
      -0.816644251
    ]
  }
]