[
  {
    "timeStamp": 29897,
    "rotation": [
      [
        0.8731225,
        -0.485688567,
        0.04199652
      ],
      [
        -0.04594356,
        0.00378332776,
        0.9989369
      ],
      [
        -0.485331118,
        -0.874123752,
        -0.0190109517
      ]
    ],
    "translation": [
      1.76793444,
      0.702814341,
      -0.751717865
    ]
  },
  {
    "timeStamp": 29942,
    "rotation": [
      [
        0.8705844,
        -0.487309873,
        0.06791076
      ],
      [
        -0.07323923,
        0.008136914,
        0.9972812
      ],
      [
        -0.486537576,
        -0.873191237,
        -0.0286063273
      ]
    ],
    "translation": [
      1.76767218,
      0.7134524,
      -0.7513857
    ]
  },
  {
    "timeStamp": 29997,
    "rotation": [
      [
        0.852674246,
        -0.508270562,
        0.120862171
      ],
      [
        -0.1435883,
        -0.00556041067,
        0.9896219
      ],
      [
        -0.5023236,
        -0.861179531,
        -0.07772292
      ]
    ],
    "translation": [
      1.76894534,
      0.741103768,
      -0.7455944
    ]
  },
  {
    "timeStamp": 30041,
    "rotation": [
      [
        0.825457335,
        -0.53262955,
        0.186884776
      ],
      [
        -0.2240319,
        -0.00525117246,
        0.974567652
      ],
      [
        -0.5181021,
        -0.8463322,
        -0.123660624
      ]
    ],
    "translation": [
      1.772346,
      0.7738334,
      -0.740528762
    ]
  },
  {
    "timeStamp": 30096,
    "rotation": [
      [
        0.795424,
        -0.5653679,
        0.21831128
      ],
      [
        -0.320566773,
        -0.0867863148,
        0.9432418
      ],
      [
        -0.5143322,
        -0.8202605,
        -0.250270069
      ]
    ],
    "translation": [
      1.79124212,
      0.830104053,
      -0.7259198
    ]
  },
  {
    "timeStamp": 30141,
    "rotation": [
      [
        0.7716277,
        -0.6024704,
        0.20400992
      ],
      [
        -0.359828562,
        -0.148970962,
        0.9210489
      ],
      [
        -0.5245131,
        -0.7841155,
        -0.331736177
      ]
    ],
    "translation": [
      1.82076621,
      0.8707516,
      -0.7164049
    ]
  },
  {
    "timeStamp": 30196,
    "rotation": [
      [
        0.74222827,
        -0.6490129,
        0.166971192
      ],
      [
        -0.3968894,
        -0.2249561,
        0.8898728
      ],
      [
        -0.5399778,
        -0.7267578,
        -0.424555123
      ]
    ],
    "translation": [
      1.86659718,
      0.9160175,
      -0.707138062
    ]
  },
  {
    "timeStamp": 30241,
    "rotation": [
      [
        0.70446,
        -0.6931452,
        0.152596608
      ],
      [
        -0.44157657,
        -0.25971657,
        0.8588116
      ],
      [
        -0.55564934,
        -0.6723815,
        -0.489036649
      ]
    ],
    "translation": [
      1.90462649,
      0.9490758,
      -0.7030865
    ]
  },
  {
    "timeStamp": 30297,
    "rotation": [
      [
        0.71307236,
        -0.7008941,
        0.0165908784
      ],
      [
        -0.399916232,
        -0.387200236,
        0.830748439
      ],
      [
        -0.5758427,
        -0.5990187,
        -0.5564007
      ]
    ],
    "translation": [
      1.9622395,
      0.9822426,
      -0.7000704
    ]
  },
  {
    "timeStamp": 30341,
    "rotation": [
      [
        0.7010177,
        -0.707853138,
        -0.086707
      ],
      [
        -0.37080577,
        -0.465652555,
        0.8035364
      ],
      [
        -0.6091611,
        -0.531141758,
        -0.5889067
      ]
    ],
    "translation": [
      2.01256442,
      1.00160789,
      -0.7011179
    ]
  },
  {
    "timeStamp": 30396,
    "rotation": [
      [
        0.6753424,
        -0.695598,
        -0.245063409
      ],
      [
        -0.292419434,
        -0.557608545,
        0.776893556
      ],
      [
        -0.677055061,
        -0.453007847,
        -0.5799831
      ]
    ],
    "translation": [
      2.07763958,
      1.01088345,
      -0.7057428
    ]
  },
  {
    "timeStamp": 30445,
    "rotation": [
      [
        0.66376996,
        -0.666063547,
        -0.340248078
      ],
      [
        -0.2045574,
        -0.599237144,
        0.77399683
      ],
      [
        -0.7194204,
        -0.444155574,
        -0.534003854
      ]
    ],
    "translation": [
      2.12179041,
      1.00172532,
      -0.712105751
    ]
  },
  {
    "timeStamp": 30491,
    "rotation": [
      [
        0.628605366,
        -0.67385596,
        -0.3882956
      ],
      [
        -0.164699808,
        -0.603289366,
        0.780330658
      ],
      [
        -0.760085046,
        -0.426567823,
        -0.490214854
      ]
    ],
    "translation": [
      2.16530824,
      0.984351456,
      -0.7197456
    ]
  },
  {
    "timeStamp": 30547,
    "rotation": [
      [
        0.6248024,
        -0.6300752,
        -0.4611152
      ],
      [
        -0.0595781021,
        -0.6273322,
        0.776469469
      ],
      [
        -0.7785065,
        -0.457667649,
        -0.429497331
      ]
    ],
    "translation": [
      2.197578,
      0.959609747,
      -0.7260883
    ]
  },
  {
    "timeStamp": 30591,
    "rotation": [
      [
        0.6081496,
        -0.688738644,
        -0.394706428
      ],
      [
        -0.106248796,
        -0.563371062,
        0.8193438
      ],
      [
        -0.7866799,
        -0.456346542,
        -0.415791541
      ]
    ],
    "translation": [
      2.20968223,
      0.937933564,
      -0.730252147
    ]
  },
  {
    "timeStamp": 30647,
    "rotation": [
      [
        0.555345535,
        -0.793531239,
        -0.248796135
      ],
      [
        -0.237531483,
        -0.438063323,
        0.866994441
      ],
      [
        -0.7969756,
        -0.4223846,
        -0.431765139
      ]
    ],
    "translation": [
      2.2131083,
      0.9159439,
      -0.732723057
    ]
  },
  {
    "timeStamp": 30691,
    "rotation": [
      [
        0.4621861,
        -0.88557595,
        -0.04625148
      ],
      [
        -0.3853231,
        -0.247530252,
        0.8889628
      ],
      [
        -0.7986927,
        -0.3930445,
        -0.455637962
      ]
    ],
    "translation": [
      2.2048564,
      0.901056468,
      -0.7337817
    ]
  },
  {
    "timeStamp": 30747,
    "rotation": [
      [
        0.261766225,
        -0.944312453,
        0.199379936
      ],
      [
        -0.601981,
        0.00172430265,
        0.7985085
      ],
      [
        -0.754385352,
        -0.329045475,
        -0.5680068
      ]
    ],
    "translation": [
      2.19399047,
      0.902316,
      -0.7294672
    ]
  },
  {
    "timeStamp": 30791,
    "rotation": [
      [
        0.120881386,
        -0.9497878,
        0.288601547
      ],
      [
        -0.653465,
        0.14271535,
        0.743381441
      ],
      [
        -0.7472425,
        -0.278451949,
        -0.603401363
      ]
    ],
    "translation": [
      2.19307613,
      0.9005189,
      -0.7268039
    ]
  },
  {
    "timeStamp": 30846,
    "rotation": [
      [
        0.0275881365,
        -0.9290963,
        0.368807375
      ],
      [
        -0.6732564,
        0.255447179,
        0.6938823
      ],
      [
        -0.7388943,
        -0.267444819,
        -0.6184727
      ]
    ],
    "translation": [
      2.19078636,
      0.8894315,
      -0.7249922
    ]
  },
  {
    "timeStamp": 30892,
    "rotation": [
      [
        0.0531660579,
        -0.9393571,
        0.33879444
      ],
      [
        -0.654668033,
        0.2234022,
        0.722150445
      ],
      [
        -0.754044533,
        -0.260191768,
        -0.603089631
      ]
    ],
    "translation": [
      2.19583631,
      0.8810973,
      -0.722887456
    ]
  },
  {
    "timeStamp": 30949,
    "rotation": [
      [
        0.00767277833,
        -0.93174535,
        0.363031417
      ],
      [
        -0.6615609,
        0.267506123,
        0.700555265
      ],
      [
        -0.74985224,
        -0.2455426,
        -0.6143537
      ]
    ],
    "translation": [
      2.20058846,
      0.8705286,
      -0.7223492
    ]
  },
  {
    "timeStamp": 30998,
    "rotation": [
      [
        -0.07475962,
        -0.9189667,
        0.387183756
      ],
      [
        -0.68883127,
        0.328340262,
        0.6463004
      ],
      [
        -0.7210565,
        -0.2183871,
        -0.6575596
      ]
    ],
    "translation": [
      2.20698333,
      0.866694331,
      -0.7204225
    ]
  },
  {
    "timeStamp": 31040,
    "rotation": [
      [
        -0.140674859,
        -0.9006969,
        0.411042154
      ],
      [
        -0.696587,
        0.3850687,
        0.605383
      ],
      [
        -0.703546047,
        -0.201164469,
        -0.6815833
      ]
    ],
    "translation": [
      2.210319,
      0.861085236,
      -0.720323443
    ]
  },
  {
    "timeStamp": 31096,
    "rotation": [
      [
        -0.186150864,
        -0.892421246,
        0.411013663
      ],
      [
        -0.690105259,
        0.416523129,
        0.591830432
      ],
      [
        -0.6993587,
        -0.173472926,
        -0.693400741
      ]
    ],
    "translation": [
      2.21489763,
      0.8520488,
      -0.7232914
    ]
  },
  {
    "timeStamp": 31140,
    "rotation": [
      [
        -0.219799,
        -0.88454175,
        0.411429465
      ],
      [
        -0.6896898,
        0.4391688,
        0.5757245
      ],
      [
        -0.6899393,
        -0.157215059,
        -0.7065883
      ]
    ],
    "translation": [
      2.21790934,
      0.8473593,
      -0.726509333
    ]
  },
  {
    "timeStamp": 31196,
    "rotation": [
      [
        -0.2546685,
        -0.8790425,
        0.4030238
      ],
      [
        -0.691335,
        0.456909478,
        0.5597227
      ],
      [
        -0.676165462,
        -0.136080772,
        -0.72407335
      ]
    ],
    "translation": [
      2.22378778,
      0.843618155,
      -0.7297199
    ]
  },
  {
    "timeStamp": 31240,
    "rotation": [
      [
        -0.29415223,
        -0.8658078,
        0.404785573
      ],
      [
        -0.6906073,
        0.485321432,
        0.5362133
      ],
      [
        -0.6607087,
        -0.121819541,
        -0.740691543
      ]
    ],
    "translation": [
      2.22725344,
      0.8399003,
      -0.7329825
    ]
  },
  {
    "timeStamp": 31296,
    "rotation": [
      [
        -0.3395499,
        -0.848864853,
        0.405134976
      ],
      [
        -0.6857556,
        0.5182198,
        0.5110651
      ],
      [
        -0.6437742,
        -0.104291447,
        -0.7580753
      ]
    ],
    "translation": [
      2.2312634,
      0.8360749,
      -0.734802067
    ]
  },
  {
    "timeStamp": 31340,
    "rotation": [
      [
        -0.3691403,
        -0.8374916,
        0.4029183
      ],
      [
        -0.682182252,
        0.5385953,
        0.494512379
      ],
      [
        -0.631159842,
        -0.09231924,
        -0.770139158
      ]
    ],
    "translation": [
      2.23412085,
      0.832921743,
      -0.73672545
    ]
  },
  {
    "timeStamp": 31396,
    "rotation": [
      [
        -0.392113447,
        -0.8286492,
        0.399484128
      ],
      [
        -0.680592835,
        0.553482652,
        0.480052531
      ],
      [
        -0.6189027,
        -0.08365097,
        -0.7810007
      ]
    ],
    "translation": [
      2.237236,
      0.830507,
      -0.7376614
    ]
  },
  {
    "timeStamp": 31440,
    "rotation": [
      [
        -0.399931848,
        -0.8250453,
        0.3991927
      ],
      [
        -0.674725056,
        0.5597993,
        0.481010169
      ],
      [
        -0.620323,
        -0.0769740343,
        -0.7805603
      ]
    ],
    "translation": [
      2.238345,
      0.826898,
      -0.738762438
    ]
  },
  {
    "timeStamp": 31496,
    "rotation": [
      [
        -0.39530924,
        -0.829665065,
        0.3941909
      ],
      [
        -0.6701891,
        0.5539888,
        0.493905932
      ],
      [
        -0.6281538,
        -0.0689368546,
        -0.7750293
      ]
    ],
    "translation": [
      2.24024463,
      0.8236369,
      -0.7385776
    ]
  },
  {
    "timeStamp": 31540,
    "rotation": [
      [
        -0.38767755,
        -0.836320758,
        0.387651473
      ],
      [
        -0.6681238,
        0.5446679,
        0.5068999
      ],
      [
        -0.635072231,
        -0.0624854676,
        -0.7699213
      ]
    ],
    "translation": [
      2.2416532,
      0.8215612,
      -0.7404588
    ]
  }
]