[
  {
    "timeStamp": 25488,
    "rotation": [
      [
        0.997293949,
        -0.00161721476,
        -0.07349883
      ],
      [
        0.07336505,
        -0.0422729962,
        0.9964088
      ],
      [
        -0.00471843453,
        -0.9991048,
        -0.04203996
      ]
    ],
    "translation": [
      1.30713153,
      0.7028958,
      -0.7505557
    ]
  },
  {
    "timeStamp": 25532,
    "rotation": [
      [
        0.9996439,
        -0.0068921023,
        -0.0257790424
      ],
      [
        0.0253805146,
        -0.0527257435,
        0.9982864
      ],
      [
        -0.008239526,
        -0.9985852,
        -0.0525320433
      ]
    ],
    "translation": [
      1.29950559,
      0.714207947,
      -0.749947667
    ]
  },
  {
    "timeStamp": 25588,
    "rotation": [
      [
        0.9977817,
        -0.0319778658,
        0.0583875626
      ],
      [
        -0.0607908629,
        -0.08020865,
        0.994922638
      ],
      [
        -0.02713232,
        -0.996265,
        -0.0819746852
      ]
    ],
    "translation": [
      1.29416609,
      0.744990945,
      -0.7440588
    ]
  },
  {
    "timeStamp": 25632,
    "rotation": [
      [
        0.992215037,
        -0.04287306,
        0.116923906
      ],
      [
        -0.1210895,
        -0.112766974,
        0.9862155
      ],
      [
        -0.0290969256,
        -0.992696047,
        -0.117080569
      ]
    ],
    "translation": [
      1.29648638,
      0.7729465,
      -0.7397684
    ]
  },
  {
    "timeStamp": 25687,
    "rotation": [
      [
        0.9779584,
        -0.07631164,
        0.194355175
      ],
      [
        -0.201759592,
        -0.105696864,
        0.9737152
      ],
      [
        -0.0537630767,
        -0.9914659,
        -0.118763737
      ]
    ],
    "translation": [
      1.30938232,
      0.8050948,
      -0.737756252
    ]
  },
  {
    "timeStamp": 25732,
    "rotation": [
      [
        0.967961669,
        -0.08822554,
        0.235088274
      ],
      [
        -0.2448932,
        -0.124851152,
        0.961477757
      ],
      [
        -0.05547584,
        -0.9882451,
        -0.142456964
      ]
    ],
    "translation": [
      1.32555056,
      0.8280607,
      -0.7379491
    ]
  },
  {
    "timeStamp": 25788,
    "rotation": [
      [
        0.9577114,
        -0.10871128,
        0.266403347
      ],
      [
        -0.278818339,
        -0.121983282,
        0.9525652
      ],
      [
        -0.07105784,
        -0.986560643,
        -0.147135481
      ]
    ],
    "translation": [
      1.35284531,
      0.847894847,
      -0.7407349
    ]
  },
  {
    "timeStamp": 25832,
    "rotation": [
      [
        0.9479304,
        -0.114929512,
        0.297017157
      ],
      [
        -0.309719145,
        -0.115460806,
        0.943791747
      ],
      [
        -0.07417569,
        -0.9866408,
        -0.145044684
      ]
    ],
    "translation": [
      1.37753725,
      0.863847,
      -0.7451203
    ]
  },
  {
    "timeStamp": 25887,
    "rotation": [
      [
        0.939692855,
        -0.1646926,
        0.29975608
      ],
      [
        -0.324982315,
        -0.1567823,
        0.9326338
      ],
      [
        -0.106601447,
        -0.9738047,
        -0.200849384
      ]
    ],
    "translation": [
      1.42233658,
      0.884364367,
      -0.740278244
    ]
  },
  {
    "timeStamp": 25931,
    "rotation": [
      [
        0.9244806,
        -0.2336053,
        0.301270843
      ],
      [
        -0.343175679,
        -0.1657777,
        0.9245259
      ],
      [
        -0.166030154,
        -0.958095133,
        -0.23342593
      ]
    ],
    "translation": [
      1.46805012,
      0.901550055,
      -0.726371
    ]
  },
  {
    "timeStamp": 25986,
    "rotation": [
      [
        0.897182465,
        -0.340911746,
        0.2807898
      ],
      [
        -0.360773951,
        -0.1989634,
        0.9111837
      ],
      [
        -0.254766345,
        -0.9187997,
        -0.301498532
      ]
    ],
    "translation": [
      1.540233,
      0.9245647,
      -0.7051681
    ]
  },
  {
    "timeStamp": 26031,
    "rotation": [
      [
        0.865047455,
        -0.432570934,
        0.254116863
      ],
      [
        -0.3689435,
        -0.205276608,
        0.9065
      ],
      [
        -0.3399613,
        -0.87792027,
        -0.337168217
      ]
    ],
    "translation": [
      1.608328,
      0.9401651,
      -0.690396369
    ]
  },
  {
    "timeStamp": 26086,
    "rotation": [
      [
        0.816202343,
        -0.5451061,
        0.191502154
      ],
      [
        -0.3643358,
        -0.228352845,
        0.902836859
      ],
      [
        -0.448411852,
        -0.806668639,
        -0.3849838
      ]
    ],
    "translation": [
      1.70273352,
      0.957963765,
      -0.6775492
    ]
  },
  {
    "timeStamp": 26131,
    "rotation": [
      [
        0.7817374,
        -0.6048466,
        0.1518133
      ],
      [
        -0.3581615,
        -0.23618637,
        0.903291941
      ],
      [
        -0.5104968,
        -0.760510743,
        -0.401268482
      ]
    ],
    "translation": [
      1.77795076,
      0.9700484,
      -0.6760546
    ]
  },
  {
    "timeStamp": 26187,
    "rotation": [
      [
        0.7378912,
        -0.672430158,
        0.0579152
      ],
      [
        -0.3229748,
        -0.276459336,
        0.9051284
      ],
      [
        -0.5926244,
        -0.686591446,
        -0.4211749
      ]
    ],
    "translation": [
      1.875122,
      0.98203665,
      -0.6807512
    ]
  },
  {
    "timeStamp": 26231,
    "rotation": [
      [
        0.716478944,
        -0.6975899,
        -0.00513421046
      ],
      [
        -0.2740486,
        -0.288222,
        0.91751045
      ],
      [
        -0.641525745,
        -0.655969858,
        -0.3976785
      ]
    ],
    "translation": [
      1.94369054,
      0.9837147,
      -0.690250039
    ]
  },
  {
    "timeStamp": 26287,
    "rotation": [
      [
        0.72843343,
        -0.676020443,
        -0.111270368
      ],
      [
        -0.170467183,
        -0.3361419,
        0.926255643
      ],
      [
        -0.663570344,
        -0.655747652,
        -0.360096335
      ]
    ],
    "translation": [
      2.01624274,
      0.9770991,
      -0.7052332
    ]
  },
  {
    "timeStamp": 26332,
    "rotation": [
      [
        0.715714,
        -0.6874378,
        -0.123218626
      ],
      [
        -0.150213584,
        -0.323826283,
        0.9341158
      ],
      [
        -0.682047963,
        -0.65005064,
        -0.3350295
      ]
    ],
    "translation": [
      2.06159472,
      0.971072733,
      -0.7150504
    ]
  },
  {
    "timeStamp": 26386,
    "rotation": [
      [
        0.730504155,
        -0.66606164,
        -0.15075013
      ],
      [
        -0.08946277,
        -0.312182069,
        0.9458006
      ],
      [
        -0.677022934,
        -0.6774248,
        -0.287638038
      ]
    ],
    "translation": [
      2.09378171,
      0.957334161,
      -0.7263605
    ]
  },
  {
    "timeStamp": 26438,
    "rotation": [
      [
        0.7778849,
        -0.594292641,
        -0.204233631
      ],
      [
        0.0148539953,
        -0.307522357,
        0.9514249
      ],
      [
        -0.6282313,
        -0.7431327,
        -0.230389357
      ]
    ],
    "translation": [
      2.123808,
      0.932006836,
      -0.7399281
    ]
  },
  {
    "timeStamp": 26482,
    "rotation": [
      [
        0.7950492,
        -0.5835253,
        -0.165514335
      ],
      [
        -0.0056399866,
        -0.279981017,
        0.959988952
      ],
      [
        -0.606518745,
        -0.762304962,
        -0.225889772
      ]
    ],
    "translation": [
      2.13013,
      0.923695743,
      -0.7463276
    ]
  },
  {
    "timeStamp": 26538,
    "rotation": [
      [
        0.817733347,
        -0.541369438,
        -0.19552809
      ],
      [
        0.04165995,
        -0.283139557,
        0.9581735
      ],
      [
        -0.5740876,
        -0.791676164,
        -0.208979234
      ]
    ],
    "translation": [
      2.143278,
      0.9086766,
      -0.7517813
    ]
  },
  {
    "timeStamp": 26582,
    "rotation": [
      [
        0.8297265,
        -0.518544,
        -0.206557557
      ],
      [
        0.06016166,
        -0.2848241,
        0.95669
      ],
      [
        -0.554918468,
        -0.8062179,
        -0.205129638
      ]
    ],
    "translation": [
      2.150755,
      0.8980716,
      -0.7550168
    ]
  },
  {
    "timeStamp": 26638,
    "rotation": [
      [
        0.8309985,
        -0.5252763,
        -0.183101892
      ],
      [
        0.0384318046,
        -0.274158239,
        0.96091634
      ],
      [
        -0.5549455,
        -0.805556953,
        -0.207637757
      ]
    ],
    "translation": [
      2.157804,
      0.890255868,
      -0.7538431
    ]
  },
  {
    "timeStamp": 26682,
    "rotation": [
      [
        0.84781146,
        -0.4953344,
        -0.189366415
      ],
      [
        0.0610124134,
        -0.263610959,
        0.9626976
      ],
      [
        -0.5267763,
        -0.8277398,
        -0.193270862
      ]
    ],
    "translation": [
      2.16313314,
      0.880897164,
      -0.756085336
    ]
  },
  {
    "timeStamp": 26737,
    "rotation": [
      [
        0.8534554,
        -0.493438035,
        -0.16772829
      ],
      [
        0.04802405,
        -0.246004045,
        0.9680784
      ],
      [
        -0.5189485,
        -0.8342667,
        -0.186256588
      ]
    ],
    "translation": [
      2.16826725,
      0.8730905,
      -0.7572495
    ]
  },
  {
    "timeStamp": 26782,
    "rotation": [
      [
        0.851681232,
        -0.502995849,
        -0.147085935
      ],
      [
        0.03732056,
        -0.221739545,
        0.97439146
      ],
      [
        -0.522729635,
        -0.8353603,
        -0.170079321
      ]
    ],
    "translation": [
      2.17342353,
      0.8667307,
      -0.75720197
    ]
  },
  {
    "timeStamp": 26838,
    "rotation": [
      [
        0.8543098,
        -0.501308,
        -0.137277141
      ],
      [
        0.0345843434,
        -0.208702922,
        0.9773674
      ],
      [
        -0.518612266,
        -0.8397222,
        -0.160959542
      ]
    ],
    "translation": [
      2.17904615,
      0.8599938,
      -0.7576528
    ]
  },
  {
    "timeStamp": 26884,
    "rotation": [
      [
        0.8524473,
        -0.509264946,
        -0.118249111
      ],
      [
        0.0178253073,
        -0.19773601,
        0.980093241
      ],
      [
        -0.5225092,
        -0.8375856,
        -0.159481719
      ]
    ],
    "translation": [
      2.18146348,
      0.8565122,
      -0.756149054
    ]
  },
  {
    "timeStamp": 26930,
    "rotation": [
      [
        0.8567125,
        -0.5020209,
        -0.118400432
      ],
      [
        0.0253936946,
        -0.1882198,
        0.9817986
      ],
      [
        -0.5151687,
        -0.844125748,
        -0.1485021
      ]
    ],
    "translation": [
      2.18498516,
      0.850125849,
      -0.755801857
    ]
  },
  {
    "timeStamp": 26986,
    "rotation": [
      [
        0.861464739,
        -0.49643454,
        -0.106916972
      ],
      [
        0.01801329,
        -0.180536762,
        0.983403265
      ],
      [
        -0.5074978,
        -0.849093139,
        -0.146583632
      ]
    ],
    "translation": [
      2.18651819,
      0.8450538,
      -0.7549176
    ]
  },
  {
    "timeStamp": 27031,
    "rotation": [
      [
        0.863958836,
        -0.492432475,
        -0.105287381
      ],
      [
        0.021338135,
        -0.173096716,
        0.9846737
      ],
      [
        -0.5031102,
        -0.852964163,
        -0.139040843
      ]
    ],
    "translation": [
      2.1886096,
      0.8397413,
      -0.7540976
    ]
  },
  {
    "timeStamp": 27087,
    "rotation": [
      [
        0.8694483,
        -0.481065631,
        -0.112407833
      ],
      [
        0.0358663052,
        -0.165468231,
        0.985562742
      ],
      [
        -0.492720246,
        -0.8609275,
        -0.126612023
      ]
    ],
    "translation": [
      2.19116139,
      0.830952346,
      -0.755231738
    ]
  },
  {
    "timeStamp": 27131,
    "rotation": [
      [
        0.8706512,
        -0.476852953,
        -0.120738477
      ],
      [
        0.04601909,
        -0.16541557,
        0.9851497
      ],
      [
        -0.489743561,
        -0.863278031,
        -0.122074924
      ]
    ],
    "translation": [
      2.19453716,
      0.8235061,
      -0.755480468
    ]
  },
  {
    "timeStamp": 27187,
    "rotation": [
      [
        0.8677173,
        -0.475545615,
        -0.144647852
      ],
      [
        0.06908421,
        -0.172802359,
        0.9825308
      ],
      [
        -0.4922337,
        -0.862551868,
        -0.117090918
      ]
    ],
    "translation": [
      2.20087433,
      0.8134269,
      -0.755844057
    ]
  },
  {
    "timeStamp": 27231,
    "rotation": [
      [
        0.8700084,
        -0.469695151,
        -0.149906188
      ],
      [
        0.08046852,
        -0.164698109,
        0.9830561
      ],
      [
        -0.486425966,
        -0.867329836,
        -0.105493061
      ]
    ],
    "translation": [
      2.203318,
      0.8052808,
      -0.7575378
    ]
  },
  {
    "timeStamp": 27287,
    "rotation": [
      [
        0.8716472,
        -0.4616893,
        -0.164542332
      ],
      [
        0.0936969444,
        -0.1725586,
        0.9805327
      ],
      [
        -0.4810947,
        -0.87009573,
        -0.107151352
      ]
    ],
    "translation": [
      2.207733,
      0.796876669,
      -0.757464468
    ]
  },
  {
    "timeStamp": 27331,
    "rotation": [
      [
        0.882762,
        -0.4278654,
        -0.194068074
      ],
      [
        0.129347041,
        -0.175773934,
        0.975895941
      ],
      [
        -0.45166418,
        -0.886586,
        -0.09982343
      ]
    ],
    "translation": [
      2.21153879,
      0.7874851,
      -0.7601797
    ]
  },
  {
    "timeStamp": 27387,
    "rotation": [
      [
        0.8888823,
        -0.41572243,
        -0.192517966
      ],
      [
        0.1339722,
        -0.1659806,
        0.9769861
      ],
      [
        -0.4381093,
        -0.8942177,
        -0.09184198
      ]
    ],
    "translation": [
      2.21426535,
      0.7797941,
      -0.7603656
    ]
  },
  {
    "timeStamp": 27431,
    "rotation": [
      [
        0.8947753,
        -0.400174975,
        -0.198083892
      ],
      [
        0.143660083,
        -0.162030026,
        0.9762725
      ],
      [
        -0.4227754,
        -0.902001262,
        -0.08749129
      ]
    ],
    "translation": [
      2.2159,
      0.7748182,
      -0.760037661
    ]
  },
  {
    "timeStamp": 27487,
    "rotation": [
      [
        0.8997704,
        -0.380768925,
        -0.213139012
      ],
      [
        0.162831992,
        -0.160183921,
        0.973563969
      ],
      [
        -0.4048444,
        -0.9106899,
        -0.0821273848
      ]
    ],
    "translation": [
      2.22108269,
      0.7680817,
      -0.759120941
    ]
  },
  {
    "timeStamp": 27531,
    "rotation": [
      [
        0.8962466,
        -0.3999926,
        -0.191697508
      ],
      [
        0.143541247,
        -0.147374362,
        0.978609562
      ],
      [
        -0.4196879,
        -0.904592037,
        -0.07466834
      ]
    ],
    "translation": [
      2.223509,
      0.7661823,
      -0.756040037
    ]
  },
  {
    "timeStamp": 27587,
    "rotation": [
      [
        0.8953046,
        -0.410046726,
        -0.174043715
      ],
      [
        0.130600452,
        -0.131915763,
        0.9826198
      ],
      [
        -0.42587918,
        -0.9024743,
        -0.06455251
      ]
    ],
    "translation": [
      2.226647,
      0.761948645,
      -0.754694343
    ]
  },
  {
    "timeStamp": 27631,
    "rotation": [
      [
        0.8868225,
        -0.434705228,
        -0.156770959
      ],
      [
        0.114971682,
        -0.121028505,
        0.985968351
      ],
      [
        -0.447579354,
        -0.8924032,
        -0.0573520176
      ]
    ],
    "translation": [
      2.23092,
      0.758761346,
      -0.752748251
    ]
  },
  {
    "timeStamp": 27686,
    "rotation": [
      [
        0.8819579,
        -0.451425016,
        -0.1355201
      ],
      [
        0.09921442,
        -0.103273548,
        0.9896924
      ],
      [
        -0.460767567,
        -0.8863126,
        -0.0462950543
      ]
    ],
    "translation": [
      2.23381877,
      0.753998,
      -0.751843035
    ]
  },
  {
    "timeStamp": 27731,
    "rotation": [
      [
        0.878820539,
        -0.461449027,
        -0.121405154
      ],
      [
        0.088318184,
        -0.09272909,
        0.9917667
      ],
      [
        -0.4689076,
        -0.882307231,
        -0.04073789
      ]
    ],
    "translation": [
      2.23480844,
      0.7510922,
      -0.751346469
    ]
  },
  {
    "timeStamp": 27786,
    "rotation": [
      [
        0.885051668,
        -0.448979378,
        -0.122886106
      ],
      [
        0.09338093,
        -0.0873762444,
        0.991789
      ],
      [
        -0.45603013,
        -0.8892597,
        -0.03540638
      ]
    ],
    "translation": [
      2.233633,
      0.746872842,
      -0.753189147
    ]
  },
  {
    "timeStamp": 27831,
    "rotation": [
      [
        0.889199555,
        -0.443135947,
        -0.113818735
      ],
      [
        0.09091823,
        -0.07266561,
        0.9932037
      ],
      [
        -0.448394984,
        -0.893504441,
        -0.02432509
      ]
    ],
    "translation": [
      2.2306776,
      0.744326353,
      -0.755431533
    ]
  },
  {
    "timeStamp": 27887,
    "rotation": [
      [
        0.8922412,
        -0.438791335,
        -0.106620483
      ],
      [
        0.09072282,
        -0.0571101122,
        0.9942373
      ],
      [
        -0.442351818,
        -0.8967723,
        -0.0111476034
      ]
    ],
    "translation": [
      2.22865748,
      0.7416686,
      -0.7580696
    ]
  },
  {
    "timeStamp": 27931,
    "rotation": [
      [
        0.8918718,
        -0.4385329,
        -0.11069572
      ],
      [
        0.09721911,
        -0.0531480573,
        0.9938429
      ],
      [
        -0.441716075,
        -0.897142231,
        -0.004767476
      ]
    ],
    "translation": [
      2.22997284,
      0.738199,
      -0.7603664
    ]
  },
  {
    "timeStamp": 27986,
    "rotation": [
      [
        0.8869428,
        -0.451785028,
        -0.09603528
      ],
      [
        0.0878914446,
        -0.039035093,
        0.995364964
      ],
      [
        -0.4534397,
        -0.8912724,
        0.00508614443
      ]
    ],
    "translation": [
      2.232007,
      0.7354396,
      -0.7616016
    ]
  },
  {
    "timeStamp": 28031,
    "rotation": [
      [
        0.8860807,
        -0.454468459,
        -0.09121084
      ],
      [
        0.08651115,
        -0.0311760288,
        0.995762944
      ],
      [
        -0.45538646,
        -0.890217066,
        0.01169211
      ]
    ],
    "translation": [
      2.23384452,
      0.733316243,
      -0.763196051
    ]
  },
  {
    "timeStamp": 28086,
    "rotation": [
      [
        0.882139444,
        -0.466522962,
        -0.06470109
      ],
      [
        0.06300645,
        -0.01924889,
        0.9978275
      ],
      [
        -0.466754854,
        -0.8842996,
        0.0124137485
      ]
    ],
    "translation": [
      2.23384976,
      0.733018041,
      -0.7634754
    ]
  },
  {
    "timeStamp": 28131,
    "rotation": [
      [
        0.8776333,
        -0.475995421,
        -0.05646514
      ],
      [
        0.05719441,
        -0.0129670175,
        0.998278856
      ],
      [
        -0.475908339,
        -0.8793522,
        0.0158439912
      ]
    ],
    "translation": [
      2.23503637,
      0.731415868,
      -0.7637027
    ]
  },
  {
    "timeStamp": 28186,
    "rotation": [
      [
        0.8697582,
        -0.4925747,
        -0.02984808
      ],
      [
        0.0329362638,
        -0.00240616035,
        0.999454558
      ],
      [
        -0.492377847,
        -0.870266855,
        0.0141307926
      ]
    ],
    "translation": [
      2.23427653,
      0.731525958,
      -0.7620808
    ]
  },
  {
    "timeStamp": 28231,
    "rotation": [
      [
        0.8713745,
        -0.489748359,
        -0.0292075146
      ],
      [
        0.03693996,
        0.00612867065,
        0.9992987
      ],
      [
        -0.4892259,
        -0.871842265,
        0.0234316513
      ]
    ],
    "translation": [
      2.23408175,
      0.7285466,
      -0.7635195
    ]
  }
]