[
  {
    "id": "003 cracker box(Clone)-15642",
    "pickRotation": [
      [
        -0.984432638,
        0.1756465,
        -0.006389892
      ],
      [
        0.00633224,
        -0.0008887057,
        -0.999979556
      ],
      [
        -0.175648585,
        -0.984452963,
        -0.000237364933
      ]
    ],
    "pickTranslation": [
      0.00533410953,
      -0.00282934378,
      0.212057114
    ],
    "placeRotation": [
      [
        0.9995461,
        -0.0144379707,
        -0.0264405441
      ],
      [
        0.0265514944,
        0.00754782557,
        0.999618948
      ],
      [
        -0.0142328981,
        -0.9998673,
        0.007927749
      ]
    ],
    "placeTranslation": [
      -0.3921876,
      0.05055485,
      0.561433852
    ]
  },
  {
    "id": "021 bleach cleanser(Clone)-15594",
    "pickRotation": [
      [
        0.2018847,
        0.09810706,
        0.9744832
      ],
      [
        -0.9792504,
        0.0381400362,
        0.199032545
      ],
      [
        -0.017640328,
        -0.9944447,
        0.103771277
      ]
    ],
    "pickTranslation": [
      0.009607648,
      0.00105901062,
      0.233530879
    ],
    "placeRotation": [
      [
        0.016520381,
        0.997750461,
        -0.06497009
      ],
      [
        -0.0354228,
        0.0655222163,
        0.9972222
      ],
      [
        0.999235868,
        -0.0141730765,
        0.0364255644
      ]
    ],
    "placeTranslation": [
      -0.567638755,
      0.0488461331,
      0.018425025
    ]
  },
  {
    "id": "006 mustard bottle(Clone)-15246",
    "pickRotation": [
      [
        -0.385760963,
        -0.06933937,
        -0.9199894
      ],
      [
        0.911640346,
        0.124586895,
        -0.39165023
      ],
      [
        0.141775414,
        -0.98978287,
        0.0151518108
      ]
    ],
    "pickTranslation": [
      0.01293383,
      -0.0208237916,
      0.193395227
    ],
    "placeRotation": [
      [
        0.483427376,
        -0.8739617,
        -0.0498899072
      ],
      [
        -0.0186851472,
        -0.06728103,
        0.9975591
      ],
      [
        -0.8751851,
        -0.481315166,
        -0.0488555953
      ]
    ],
    "placeTranslation": [
      -0.708305359,
      0.112472631,
      -0.7245334
    ]
  },
  {
    "id": "005 tomato soup can(Clone)-15654",
    "pickRotation": [
      [
        -0.990466952,
        -0.03605566,
        -0.132948175
      ],
      [
        0.127414957,
        0.126995757,
        -0.9836857
      ],
      [
        0.0523512959,
        -0.9912478,
        -0.121191069
      ]
    ],
    "pickTranslation": [
      0.0142402481,
      0.073796,
      0.09413816
    ],
    "placeRotation": [
      [
        0.9554954,
        -0.244613171,
        -0.164902791
      ],
      [
        0.132526726,
        -0.143483445,
        0.9807391
      ],
      [
        -0.2635625,
        -0.9589457,
        -0.104679994
      ]
    ],
    "placeTranslation": [
      -0.6794961,
      0.196919963,
      0.154758632
    ]
  },
  {
    "id": "005 tomato soup can(Clone)-15554",
    "pickRotation": [
      [
        -0.711854637,
        -0.08443191,
        -0.69723326
      ],
      [
        0.6883902,
        0.112908341,
        -0.716498852
      ],
      [
        0.139218822,
        -0.9900116,
        -0.0222522262
      ]
    ],
    "pickTranslation": [
      0.0168255158,
      0.08473813,
      0.08539349
    ],
    "placeRotation": [
      [
        0.6976724,
        -0.7135297,
        -0.06425365
      ],
      [
        -0.011401305,
        -0.100734405,
        0.994848
      ],
      [
        -0.7163262,
        -0.6933454,
        -0.07841478
      ]
    ],
    "placeTranslation": [
      -0.5890519,
      0.181871235,
      -0.07863225
    ]
  },
  {
    "id": "004 sugar box(Clone)-15566",
    "pickRotation": [
      [
        -0.981480062,
        -0.139581278,
        0.131202012
      ],
      [
        -0.114298478,
        -0.122930259,
        -0.985811353
      ],
      [
        0.1537295,
        -0.9825504,
        0.104699671
      ]
    ],
    "pickTranslation": [
      0.008667218,
      -0.014388483,
      0.168609545
    ],
    "placeRotation": [
      [
        -0.0219624378,
        0.9934479,
        -0.112155676
      ],
      [
        0.145058721,
        0.114162117,
        0.982814848
      ],
      [
        0.989179254,
        0.005315873,
        -0.14661555
      ]
    ],
    "placeTranslation": [
      0.21269232,
      0.156859517,
      0.7637448
    ]
  },
  {
    "id": "025 mug(Clone)-15258",
    "pickRotation": [
      [
        -0.7012512,
        -0.0894769356,
        -0.7072769
      ],
      [
        0.69166,
        0.155052781,
        -0.705382943
      ],
      [
        0.172780752,
        -0.9838458,
        -0.046843335
      ]
    ],
    "pickTranslation": [
      0.0492745265,
      -0.00630190969,
      0.06598688
    ],
    "placeRotation": [
      [
        0.8691213,
        -0.49373886,
        -0.029156832
      ],
      [
        0.0395382158,
        0.010594896,
        0.9991619
      ],
      [
        -0.493016124,
        -0.8695457,
        0.0287298057
      ]
    ],
    "placeTranslation": [
      0.5440873,
      0.0295806453,
      0.4547042
    ]
  },
  {
    "id": "016 pear(Clone)-15222",
    "pickRotation": [
      [
        -0.891740441,
        0.03539457,
        -0.451161027
      ],
      [
        0.450099438,
        0.172918364,
        -0.876076341
      ],
      [
        0.047005672,
        -0.9843,
        -0.170129374
      ]
    ],
    "pickTranslation": [
      0.030644048,
      -0.004537735,
      0.07369696
    ],
    "placeRotation": [
      [
        -0.380593181,
        -0.8404796,
        0.3856719
      ],
      [
        -0.669850945,
        0.538094759,
        0.511618733
      ],
      [
        -0.6375332,
        -0.0636241,
        -0.7677913
      ]
    ],
    "placeTranslation": [
      0.415098727,
      0.6038244,
      0.523527563
    ]
  },
  {
    "id": "017 orange(Clone)-15484",
    "pickRotation": [
      [
        0.458887815,
        0.239510417,
        -0.8556031
      ],
      [
        -0.395562738,
        -0.8072077,
        -0.4381162
      ],
      [
        -0.795582831,
        0.539490938,
        -0.27567637
      ]
    ],
    "pickTranslation": [
      0.0116984677,
      0.00864741,
      0.004887244
    ],
    "placeRotation": [
      [
        -0.614661634,
        0.274217129,
        0.739591837
      ],
      [
        -0.316586643,
        0.7730303,
        -0.5497246
      ],
      [
        -0.72247076,
        -0.5720395,
        -0.388338566
      ]
    ],
    "placeTranslation": [
      0.173416778,
      0.4520894,
      -0.277054936
    ]
  },
  {
    "id": "017 orange(Clone)-15606",
    "pickRotation": [
      [
        0.0127177509,
        0.9994999,
        0.0289492365
      ],
      [
        -0.852950454,
        -0.0042652823,
        0.521974444
      ],
      [
        0.5218369,
        -0.0313306041,
        0.8524697
      ]
    ],
    "pickTranslation": [
      -0.0318209939,
      -0.01991739,
      0.0360148028
    ],
    "placeRotation": [
      [
        0.141077325,
        0.885295451,
        -0.443113029
      ],
      [
        -0.9899984,
        0.125881344,
        -0.06369515
      ],
      [
        -0.0006093615,
        0.447667122,
        0.8942
      ]
    ],
    "placeTranslation": [
      0.7728864,
      0.4177555,
      -0.0794309
    ]
  },
  {
    "id": "013 apple(Clone)-15472",
    "pickRotation": [
      [
        -0.301408648,
        -0.0472234376,
        -0.952325
      ],
      [
        0.949429631,
        0.07726854,
        -0.304323822
      ],
      [
        0.087955974,
        -0.995891333,
        0.0215459224
      ]
    ],
    "pickTranslation": [
      -0.0017728759,
      -0.00352854375,
      0.07903532
    ],
    "placeRotation": [
      [
        0.2460516,
        -0.896376669,
        0.3687377
      ],
      [
        -0.436177969,
        0.237334833,
        0.867998242
      ],
      [
        -0.8655677,
        -0.374407619,
        -0.332583129
      ]
    ],
    "placeTranslation": [
      0.242891058,
      0.272209436,
      -0.82015574
    ]
  },
  {
    "id": "015 peach(Clone)-15234",
    "pickRotation": [
      [
        -0.7560129,
        0.126689732,
        0.642179251
      ],
      [
        -0.654298067,
        -0.173846081,
        -0.735983431
      ],
      [
        0.01839879,
        -0.9765896,
        0.214322731
      ]
    ],
    "pickTranslation": [
      0.0108106406,
      0.016547706,
      0.0572460666
    ],
    "placeRotation": [
      [
        0.803150535,
        0.5870717,
        0.101469353
      ],
      [
        -0.265661955,
        0.2004548,
        0.9429961
      ],
      [
        0.5332663,
        -0.784324348,
        0.31695798
      ]
    ],
    "placeTranslation": [
      0.853088558,
      0.416407853,
      -0.824221432
    ]
  },
  {
    "id": "015 peach(Clone)-15630",
    "pickRotation": [
      [
        -0.0371010453,
        0.110566854,
        0.993176
      ],
      [
        -0.996045351,
        -0.0843804255,
        -0.02781445
      ],
      [
        0.08072925,
        -0.9902803,
        0.113260195
      ]
    ],
    "pickTranslation": [
      0.009363379,
      0.00791296,
      0.04992205
    ],
    "placeRotation": [
      [
        0.420616716,
        0.9054603,
        -0.0567735881
      ],
      [
        0.06049309,
        0.0344481729,
        0.997574031
      ],
      [
        0.905219436,
        -0.423030674,
        -0.040284615
      ]
    ],
    "placeTranslation": [
      0.4837852,
      0.507374167,
      -0.326539278
    ]
  },
  {
    "id": "014 lemon(Clone)-15582",
    "pickRotation": [
      [
        0.128023833,
        -0.6395361,
        -0.758026063
      ],
      [
        0.01128676,
        -0.7633265,
        0.645914257
      ],
      [
        -0.991706848,
        -0.09124808,
        -0.0905057043
      ]
    ],
    "pickTranslation": [
      0.0232450143,
      0.0357283242,
      0.0291546229
    ],
    "placeRotation": [
      [
        -0.352376431,
        0.3545332,
        0.866104543
      ],
      [
        0.4613588,
        0.8710015,
        -0.168832928
      ],
      [
        -0.814235151,
        0.340092182,
        -0.4704874
      ]
    ],
    "placeTranslation": [
      0.032097213,
      0.631583154,
      -0.802749157
    ]
  },
  {
    "id": "011 banana(Clone)-15496",
    "pickRotation": [
      [
        -0.9880156,
        0.146513209,
        0.0485713147
      ],
      [
        -0.03946761,
        0.06441673,
        -0.9971423
      ],
      [
        -0.149223328,
        -0.9871091,
        -0.0578621961
      ]
    ],
    "pickTranslation": [
      0.0167797767,
      -0.004676498,
      0.0358449519
    ],
    "placeRotation": [
      [
        0.338937253,
        -0.9406543,
        -0.0170619059
      ],
      [
        0.0562974438,
        0.00217560888,
        0.998411655
      ],
      [
        -0.939123034,
        -0.339359462,
        0.0536938272
      ]
    ],
    "placeTranslation": [
      0.709555745,
      0.6096661,
      -0.08574691
    ]
  },
  {
    "id": "018 plum(Clone)-15618",
    "pickRotation": [
      [
        0.7183244,
        0.47200042,
        -0.5111023
      ],
      [
        0.336435825,
        -0.878710151,
        -0.3386435
      ],
      [
        -0.6089507,
        0.0713027641,
        -0.7899968
      ]
    ],
    "pickTranslation": [
      -0.008497505,
      0.0484236628,
      0.0233277269
    ],
    "placeRotation": [
      [
        -0.8091783,
        -0.583511949,
        0.06887838
      ],
      [
        -0.5844136,
        0.787170053,
        -0.197038025
      ],
      [
        0.0607550442,
        -0.199692354,
        -0.977973342
      ]
    ],
    "placeTranslation": [
      0.3220286,
      0.6581229,
      0.400102049
    ]
  }
]