[
  {
    "timeStamp": 92772,
    "rotation": [
      [
        0.32855618,
        -0.6006445,
        -0.7288875
      ],
      [
        0.8406123,
        0.5378108,
        -0.06426886
      ],
      [
        0.430606335,
        -0.5915959,
        0.6816102
      ]
    ],
    "translation": [
      1.62409866,
      0.7088177,
      -0.480397642
    ]
  },
  {
    "timeStamp": 92816,
    "rotation": [
      [
        0.33923915,
        -0.6036413,
        -0.7214804
      ],
      [
        0.8552999,
        0.517229557,
        -0.03058976
      ],
      [
        0.391636252,
        -0.606704831,
        0.6917588
      ]
    ],
    "translation": [
      1.62387276,
      0.7095174,
      -0.481282532
    ]
  },
  {
    "timeStamp": 92872,
    "rotation": [
      [
        0.44301796,
        -0.5870049,
        -0.6776137
      ],
      [
        0.811043262,
        0.5844972,
        0.0239133127
      ],
      [
        0.382026076,
        -0.560168,
        0.7350291
      ]
    ],
    "translation": [
      1.625398,
      0.7084125,
      -0.4849162
    ]
  },
  {
    "timeStamp": 92916,
    "rotation": [
      [
        0.476588666,
        -0.5739068,
        -0.6659537
      ],
      [
        0.8009102,
        0.5957988,
        0.0597215
      ],
      [
        0.362499833,
        -0.561831653,
        0.7435987
      ]
    ],
    "translation": [
      1.62869453,
      0.7185115,
      -0.488894254
    ]
  },
  {
    "timeStamp": 92972,
    "rotation": [
      [
        0.49165,
        -0.552843869,
        -0.6727882
      ],
      [
        0.8030638,
        0.586599767,
        0.104829773
      ],
      [
        0.336702853,
        -0.5918314,
        0.7323707
      ]
    ],
    "translation": [
      1.63408029,
      0.7384359,
      -0.494732618
    ]
  },
  {
    "timeStamp": 93016,
    "rotation": [
      [
        0.539317,
        -0.529999256,
        -0.6543989
      ],
      [
        0.7797013,
        0.607848763,
        0.150285721
      ],
      [
        0.318124235,
        -0.5912873,
        0.7410643
      ]
    ],
    "translation": [
      1.64331841,
      0.756402731,
      -0.503450751
    ]
  },
  {
    "timeStamp": 93072,
    "rotation": [
      [
        0.5832809,
        -0.496338546,
        -0.6429863
      ],
      [
        0.758995354,
        0.614997745,
        0.213784367
      ],
      [
        0.289325744,
        -0.61272,
        0.735435069
      ]
    ],
    "translation": [
      1.65955675,
      0.783760548,
      -0.5169966
    ]
  },
  {
    "timeStamp": 93116,
    "rotation": [
      [
        0.60405004,
        -0.480481,
        -0.6358157
      ],
      [
        0.7541305,
        0.60260123,
        0.2610727
      ],
      [
        0.257702827,
        -0.637189,
        0.7263467
      ]
    ],
    "translation": [
      1.67771924,
      0.807287037,
      -0.5306462
    ]
  },
  {
    "timeStamp": 93172,
    "rotation": [
      [
        0.6370696,
        -0.461077958,
        -0.617696941
      ],
      [
        0.7365848,
        0.600289047,
        0.311602116
      ],
      [
        0.227123871,
        -0.6534984,
        0.7220489
      ]
    ],
    "translation": [
      1.70469654,
      0.8340546,
      -0.5523228
    ]
  },
  {
    "timeStamp": 93216,
    "rotation": [
      [
        0.6410739,
        -0.460423321,
        -0.614031434
      ],
      [
        0.741618,
        0.5775712,
        0.341195315
      ],
      [
        0.197552592,
        -0.674108148,
        0.711724043
      ]
    ],
    "translation": [
      1.730558,
      0.8549253,
      -0.572561562
    ]
  },
  {
    "timeStamp": 93272,
    "rotation": [
      [
        0.630862236,
        -0.476096243,
        -0.612654269
      ],
      [
        0.75833106,
        0.5453967,
        0.357038438
      ],
      [
        0.164154962,
        -0.68983686,
        0.7051087
      ]
    ],
    "translation": [
      1.76594472,
      0.876473546,
      -0.601209164
    ]
  },
  {
    "timeStamp": 93316,
    "rotation": [
      [
        0.62192893,
        -0.4956164,
        -0.6062745
      ],
      [
        0.770792365,
        0.5240346,
        0.3623077
      ],
      [
        0.138143152,
        -0.6926414,
        0.7079297
      ]
    ],
    "translation": [
      1.7959286,
      0.89056927,
      -0.6252535
    ]
  },
  {
    "timeStamp": 93372,
    "rotation": [
      [
        0.5939176,
        -0.5399794,
        -0.5963925
      ],
      [
        0.7990082,
        0.4825601,
        0.35877803
      ],
      [
        0.0940624848,
        -0.6896071,
        0.71804893
      ]
    ],
    "translation": [
      1.83912027,
      0.9062923,
      -0.653306961
    ]
  },
  {
    "timeStamp": 93416,
    "rotation": [
      [
        0.6026543,
        -0.5685745,
        -0.559938252
      ],
      [
        0.7948219,
        0.490261942,
        0.357633
      ],
      [
        0.0711754039,
        -0.6605802,
        0.747373939
      ]
    ],
    "translation": [
      1.87750661,
      0.915208757,
      -0.6748335
    ]
  },
  {
    "timeStamp": 93471,
    "rotation": [
      [
        0.562641,
        -0.633763254,
        -0.5308289
      ],
      [
        0.8261773,
        0.4539158,
        0.333753645
      ],
      [
        0.02943083,
        -0.626342237,
        0.7789925
      ]
    ],
    "translation": [
      1.930714,
      0.9252839,
      -0.699048638
    ]
  },
  {
    "timeStamp": 93516,
    "rotation": [
      [
        0.53801775,
        -0.6781312,
        -0.5006744
      ],
      [
        0.8428777,
        0.43963632,
        0.310285568
      ],
      [
        0.009700324,
        -0.588946462,
        0.8081139
      ]
    ],
    "translation": [
      1.97427094,
      0.9307111,
      -0.717872739
    ]
  },
  {
    "timeStamp": 93572,
    "rotation": [
      [
        0.498666376,
        -0.7253894,
        -0.474491358
      ],
      [
        0.8667661,
        0.4216965,
        0.26624915
      ],
      [
        0.00695702061,
        -0.5440425,
        0.839028835
      ]
    ],
    "translation": [
      2.026109,
      0.9322396,
      -0.740087032
    ]
  },
  {
    "timeStamp": 93616,
    "rotation": [
      [
        0.449046552,
        -0.7618215,
        -0.466888815
      ],
      [
        0.8933998,
        0.390963435,
        0.221324086
      ],
      [
        0.0139270118,
        -0.5165032,
        0.856172
      ]
    ],
    "translation": [
      2.064561,
      0.9312588,
      -0.7553177
    ]
  },
  {
    "timeStamp": 93672,
    "rotation": [
      [
        0.410537452,
        -0.7923613,
        -0.451245546
      ],
      [
        0.910603344,
        0.38206172,
        0.157576814
      ],
      [
        0.0475458652,
        -0.475596875,
        0.8783775
      ]
    ],
    "translation": [
      2.10903668,
      0.9261812,
      -0.772612
    ]
  },
  {
    "timeStamp": 93716,
    "rotation": [
      [
        0.3836684,
        -0.8078583,
        -0.447396368
      ],
      [
        0.9201201,
        0.3756513,
        0.110747449
      ],
      [
        0.0785967857,
        -0.4541487,
        0.8874522
      ]
    ],
    "translation": [
      2.14005113,
      0.9218963,
      -0.783413947
    ]
  },
  {
    "timeStamp": 93771,
    "rotation": [
      [
        0.340209,
        -0.8126086,
        -0.473207265
      ],
      [
        0.929103434,
        0.368072957,
        0.035904143
      ],
      [
        0.144998774,
        -0.4518734,
        0.8802192
      ]
    ],
    "translation": [
      2.17043447,
      0.9126669,
      -0.7912228
    ]
  },
  {
    "timeStamp": 93816,
    "rotation": [
      [
        0.322606236,
        -0.8175361,
        -0.477032453
      ],
      [
        0.928030431,
        0.372355431,
        -0.0105351061
      ],
      [
        0.186238438,
        -0.439301938,
        0.878822565
      ]
    ],
    "translation": [
      2.19295645,
      0.904018044,
      -0.7942053
    ]
  },
  {
    "timeStamp": 93871,
    "rotation": [
      [
        0.2847021,
        -0.814931452,
        -0.5048082
      ],
      [
        0.925880551,
        0.370204568,
        -0.07545684
      ],
      [
        0.248374477,
        -0.445909381,
        0.859927237
      ]
    ],
    "translation": [
      2.21400523,
      0.891285062,
      -0.793644547
    ]
  },
  {
    "timeStamp": 93916,
    "rotation": [
      [
        0.26328963,
        -0.8158061,
        -0.5149164
      ],
      [
        0.921808064,
        0.3701593,
        -0.115117177
      ],
      [
        0.2845144,
        -0.444344938,
        0.8494758
      ]
    ],
    "translation": [
      2.22858524,
      0.882573366,
      -0.791732848
    ]
  },
  {
    "timeStamp": 93972,
    "rotation": [
      [
        0.2842289,
        -0.7951248,
        -0.535715
      ],
      [
        0.899433553,
        0.41463092,
        -0.138204724
      ],
      [
        0.332014,
        -0.442558229,
        0.833012
      ]
    ],
    "translation": [
      2.23823357,
      0.868908,
      -0.7896111
    ]
  },
  {
    "timeStamp": 94016,
    "rotation": [
      [
        0.236513808,
        -0.79956007,
        -0.5520551
      ],
      [
        0.8981778,
        0.3966252,
        -0.189644486
      ],
      [
        0.370591134,
        -0.45099014,
        0.8119545
      ]
    ],
    "translation": [
      2.24630713,
      0.859233141,
      -0.788169444
    ]
  },
  {
    "timeStamp": 94072,
    "rotation": [
      [
        0.247321963,
        -0.781637132,
        -0.5726039
      ],
      [
        0.8749449,
        0.4340651,
        -0.21461311
      ],
      [
        0.416296959,
        -0.447918355,
        0.7912433
      ]
    ],
    "translation": [
      2.25075912,
      0.8472358,
      -0.7887486
    ]
  },
  {
    "timeStamp": 94116,
    "rotation": [
      [
        0.239588588,
        -0.7808616,
        -0.5769337
      ],
      [
        0.8664039,
        0.440116733,
        -0.235884637
      ],
      [
        0.438111424,
        -0.4433423,
        0.7819885
      ]
    ],
    "translation": [
      2.25508881,
      0.840273857,
      -0.788391054
    ]
  },
  {
    "timeStamp": 94171,
    "rotation": [
      [
        0.248003826,
        -0.7727897,
        -0.584200442
      ],
      [
        0.858367741,
        0.454856336,
        -0.23729834
      ],
      [
        0.449109,
        -0.442607939,
        0.776143849
      ]
    ],
    "translation": [
      2.25628757,
      0.8345684,
      -0.78665626
    ]
  },
  {
    "timeStamp": 94216,
    "rotation": [
      [
        0.247554615,
        -0.7635409,
        -0.5964243
      ],
      [
        0.854973733,
        0.4617416,
        -0.236251146
      ],
      [
        0.4557813,
        -0.451442,
        0.767113745
      ]
    ],
    "translation": [
      2.25415254,
      0.831943631,
      -0.7844732
    ]
  },
  {
    "timeStamp": 94271,
    "rotation": [
      [
        0.244722486,
        -0.76531297,
        -0.595321
      ],
      [
        0.8559095,
        0.4589924,
        -0.23821187
      ],
      [
        0.455554426,
        -0.45124507,
        0.7673644
      ]
    ],
    "translation": [
      2.25426865,
      0.8295483,
      -0.7813148
    ]
  },
  {
    "timeStamp": 94316,
    "rotation": [
      [
        0.257399231,
        -0.764653,
        -0.5908057
      ],
      [
        0.8515512,
        0.468483537,
        -0.2353375
      ],
      [
        0.4567343,
        -0.442525655,
        0.771728456
      ]
    ],
    "translation": [
      2.253969,
      0.8276905,
      -0.7797165
    ]
  },
  {
    "timeStamp": 94371,
    "rotation": [
      [
        0.248421863,
        -0.7615849,
        -0.5985608
      ],
      [
        0.8476642,
        0.469968259,
        -0.246161178
      ],
      [
        0.4687772,
        -0.4462267,
        0.7623186
      ]
    ],
    "translation": [
      2.25346112,
      0.8269825,
      -0.779193342
    ]
  }
]