[
  {
    "timeStamp": 14400,
    "rotation": [
      [
        -0.8924601,
        0.4507642,
        -0.0180744156
      ],
      [
        0.449479073,
        0.8850664,
        -0.120938137
      ],
      [
        -0.0385175236,
        -0.116056532,
        -0.9924955
      ]
    ],
    "translation": [
      1.77021313,
      0.730909467,
      -0.6199448
    ]
  },
  {
    "timeStamp": 14455,
    "rotation": [
      [
        -0.889980137,
        0.455613852,
        -0.0187452547
      ],
      [
        0.4554894,
        0.886289954,
        -0.0837830156
      ],
      [
        -0.02155897,
        -0.0831034854,
        -0.9963077
      ]
    ],
    "translation": [
      1.7704221,
      0.731626868,
      -0.6188233
    ]
  },
  {
    "timeStamp": 14502,
    "rotation": [
      [
        -0.8903021,
        0.453306019,
        -0.0433110669
      ],
      [
        0.454723954,
        0.879941761,
        -0.137581483
      ],
      [
        -0.0242552981,
        -0.142183661,
        -0.9895431
      ]
    ],
    "translation": [
      1.77058744,
      0.735331059,
      -0.6151564
    ]
  },
  {
    "timeStamp": 14555,
    "rotation": [
      [
        -0.8751111,
        0.482738584,
        -0.0338230431
      ],
      [
        0.481118947,
        0.860402465,
        -0.168024078
      ],
      [
        -0.0520102754,
        -0.163312644,
        -0.985202432
      ]
    ],
    "translation": [
      1.7666527,
      0.75253737,
      -0.6148283
    ]
  },
  {
    "timeStamp": 14600,
    "rotation": [
      [
        -0.853301466,
        0.51925385,
        -0.0474556461
      ],
      [
        0.5189786,
        0.83699137,
        -0.173512712
      ],
      [
        -0.05037718,
        -0.172687113,
        -0.983687639
      ]
    ],
    "translation": [
      1.76558566,
      0.7739709,
      -0.6152684
    ]
  },
  {
    "timeStamp": 14655,
    "rotation": [
      [
        -0.809500158,
        0.5829546,
        -0.06981055
      ],
      [
        0.585047245,
        0.790938437,
        -0.179265648
      ],
      [
        -0.04928789,
        -0.185958043,
        -0.9813207
      ]
    ],
    "translation": [
      1.76766741,
      0.812797546,
      -0.6160145
    ]
  },
  {
    "timeStamp": 14700,
    "rotation": [
      [
        -0.769276738,
        0.6331554,
        -0.08560099
      ],
      [
        0.636183858,
        0.746705055,
        -0.194169223
      ],
      [
        -0.0590206049,
        -0.203827828,
        -0.9772261
      ]
    ],
    "translation": [
      1.77594543,
      0.850322843,
      -0.617256939
    ]
  },
  {
    "timeStamp": 14755,
    "rotation": [
      [
        -0.718981445,
        0.6881252,
        -0.09772057
      ],
      [
        0.692719638,
        0.6980214,
        -0.181399122
      ],
      [
        -0.05661426,
        -0.198115557,
        -0.9785423
      ]
    ],
    "translation": [
      1.79502964,
      0.9006587,
      -0.6223745
    ]
  },
  {
    "timeStamp": 14800,
    "rotation": [
      [
        -0.6861907,
        0.7213758,
        -0.09359025
      ],
      [
        0.7212544,
        0.658000052,
        -0.216397956
      ],
      [
        -0.09452187,
        -0.215992644,
        -0.971809
      ]
    ],
    "translation": [
      1.81698084,
      0.9420875,
      -0.626752853
    ]
  },
  {
    "timeStamp": 14855,
    "rotation": [
      [
        -0.6771425,
        0.7257066,
        -0.121770486
      ],
      [
        0.727510154,
        0.6353896,
        -0.258860826
      ],
      [
        -0.1104853,
        -0.263874948,
        -0.9582082
      ]
    ],
    "translation": [
      1.85453427,
      0.986450255,
      -0.6265641
    ]
  },
  {
    "timeStamp": 14900,
    "rotation": [
      [
        -0.6795819,
        0.718134761,
        -0.149836466
      ],
      [
        0.7233887,
        0.622036457,
        -0.2996322
      ],
      [
        -0.121972546,
        -0.3120146,
        -0.942215264
      ]
    ],
    "translation": [
      1.889575,
      1.01705563,
      -0.6253998
    ]
  },
  {
    "timeStamp": 14955,
    "rotation": [
      [
        -0.6908637,
        0.700215161,
        -0.180017024
      ],
      [
        0.71408236,
        0.6219122,
        -0.321421236
      ],
      [
        -0.113109231,
        -0.350605249,
        -0.92966783
      ]
    ],
    "translation": [
      1.934188,
      1.04785717,
      -0.6259432
    ]
  },
  {
    "timeStamp": 14999,
    "rotation": [
      [
        -0.710886538,
        0.676044464,
        -0.193918124
      ],
      [
        0.691117465,
        0.620376348,
        -0.370796263
      ],
      [
        -0.130372554,
        -0.39761427,
        -0.9082433
      ]
    ],
    "translation": [
      1.97012818,
      1.06638873,
      -0.626144767
    ]
  },
  {
    "timeStamp": 15055,
    "rotation": [
      [
        -0.735352159,
        0.641008854,
        -0.21992
      ],
      [
        0.670622349,
        0.641576469,
        -0.3723509
      ],
      [
        -0.09758471,
        -0.4212923,
        -0.901659548
      ]
    ],
    "translation": [
      2.0125947,
      1.07752025,
      -0.6286608
    ]
  },
  {
    "timeStamp": 15099,
    "rotation": [
      [
        -0.7591461,
        0.612243652,
        -0.22103174
      ],
      [
        0.6423841,
        0.6498617,
        -0.406229645
      ],
      [
        -0.105071463,
        -0.4503749,
        -0.8866355
      ]
    ],
    "translation": [
      2.04378557,
      1.07875085,
      -0.630258
    ]
  },
  {
    "timeStamp": 15155,
    "rotation": [
      [
        -0.788385451,
        0.567852259,
        -0.236626759
      ],
      [
        0.6119145,
        0.6842764,
        -0.396644
      ],
      [
        -0.0633170754,
        -0.4575037,
        -0.886950552
      ]
    ],
    "translation": [
      2.08004236,
      1.06707406,
      -0.631249249
    ]
  },
  {
    "timeStamp": 15199,
    "rotation": [
      [
        -0.811149538,
        0.5368391,
        -0.232034773
      ],
      [
        0.581084967,
        0.6949171,
        -0.4235924
      ],
      [
        -0.06615605,
        -0.4784287,
        -0.875630856
      ]
    ],
    "translation": [
      2.104543,
      1.0508424,
      -0.6294546
    ]
  },
  {
    "timeStamp": 15255,
    "rotation": [
      [
        -0.8152661,
        0.5234677,
        -0.247634351
      ],
      [
        0.578664,
        0.720093131,
        -0.3829019
      ],
      [
        -0.0221170019,
        -0.455464035,
        -0.8899795
      ]
    ],
    "translation": [
      2.12961769,
      1.02310181,
      -0.629019558
    ]
  },
  {
    "timeStamp": 15299,
    "rotation": [
      [
        -0.8367341,
        0.495640963,
        -0.232843369
      ],
      [
        0.5461544,
        0.7243401,
        -0.420769364
      ],
      [
        -0.0398927554,
        -0.479240477,
        -0.8767766
      ]
    ],
    "translation": [
      2.14407945,
      0.998828,
      -0.623609066
    ]
  },
  {
    "timeStamp": 15355,
    "rotation": [
      [
        -0.8602589,
        0.4723627,
        -0.191906467
      ],
      [
        0.5078944,
        0.760929942,
        -0.4037684
      ],
      [
        -0.04469776,
        -0.44481355,
        -0.8945071
      ]
    ],
    "translation": [
      2.15760779,
      0.9614013,
      -0.6239685
    ]
  },
  {
    "timeStamp": 15400,
    "rotation": [
      [
        -0.864394844,
        0.4719279,
        -0.173509642
      ],
      [
        0.497573048,
        0.7531514,
        -0.430330127
      ],
      [
        -0.07240577,
        -0.458308876,
        -0.8858388
      ]
    ],
    "translation": [
      2.160954,
      0.937829256,
      -0.618861139
    ]
  },
  {
    "timeStamp": 15455,
    "rotation": [
      [
        -0.868936658,
        0.472812831,
        -0.146277636
      ],
      [
        0.488914639,
        0.774124,
        -0.402112633
      ],
      [
        -0.07688698,
        -0.420927674,
        -0.9038298
      ]
    ],
    "translation": [
      2.16164446,
      0.905298054,
      -0.6200814
    ]
  },
  {
    "timeStamp": 15499,
    "rotation": [
      [
        -0.8795986,
        0.4655714,
        -0.0977212861
      ],
      [
        0.461395085,
        0.7849005,
        -0.4135768
      ],
      [
        -0.11584805,
        -0.4088697,
        -0.9052098
      ]
    ],
    "translation": [
      2.159903,
      0.882105,
      -0.618286431
    ]
  },
  {
    "timeStamp": 15555,
    "rotation": [
      [
        -0.8779892,
        0.477143049,
        -0.03833403
      ],
      [
        0.448928326,
        0.7929807,
        -0.4118799
      ],
      [
        -0.166127473,
        -0.37883532,
        -0.910431445
      ]
    ],
    "translation": [
      2.15466142,
      0.855972767,
      -0.6229859
    ]
  },
  {
    "timeStamp": 15599,
    "rotation": [
      [
        -0.8736635,
        0.486383945,
        -0.0119496053
      ],
      [
        0.4511919,
        0.800771534,
        -0.393942624
      ],
      [
        -0.182038456,
        -0.34956485,
        -0.919057369
      ]
    ],
    "translation": [
      2.14990139,
      0.840010047,
      -0.6246539
    ]
  },
  {
    "timeStamp": 15655,
    "rotation": [
      [
        -0.865476668,
        0.5008369,
        0.0106071951
      ],
      [
        0.4584381,
        0.8003898,
        -0.386277825
      ],
      [
        -0.201952085,
        -0.3294517,
        -0.9223215
      ]
    ],
    "translation": [
      2.14418745,
      0.823863745,
      -0.6251417
    ]
  },
  {
    "timeStamp": 15699,
    "rotation": [
      [
        -0.862328768,
        0.504753053,
        0.0401682146
      ],
      [
        0.452894479,
        0.8043398,
        -0.384608954
      ],
      [
        -0.226441443,
        -0.313467383,
        -0.9222052
      ]
    ],
    "translation": [
      2.13979626,
      0.812575638,
      -0.625138462
    ]
  },
  {
    "timeStamp": 15755,
    "rotation": [
      [
        -0.856045961,
        0.5143328,
        0.05145037
      ],
      [
        0.4626763,
        0.8068205,
        -0.3673844
      ],
      [
        -0.230469048,
        -0.290693074,
        -0.9286451
      ]
    ],
    "translation": [
      2.133704,
      0.801124752,
      -0.625653
    ]
  },
  {
    "timeStamp": 15799,
    "rotation": [
      [
        -0.855937541,
        0.512790263,
        0.0664609149
      ],
      [
        0.45602712,
        0.8092022,
        -0.370447069
      ],
      [
        -0.243741959,
        -0.286771566,
        -0.9264728
      ]
    ],
    "translation": [
      2.130745,
      0.792925239,
      -0.623566031
    ]
  },
  {
    "timeStamp": 15855,
    "rotation": [
      [
        -0.849726439,
        0.523338854,
        0.0638855845
      ],
      [
        0.468292743,
        0.8048543,
        -0.36457026
      ],
      [
        -0.242212355,
        -0.279867828,
        -0.9289818
      ]
    ],
    "translation": [
      2.12591767,
      0.7852046,
      -0.6213899
    ]
  },
  {
    "timeStamp": 15899,
    "rotation": [
      [
        -0.854470134,
        0.5143084,
        0.07326517
      ],
      [
        0.4579382,
        0.812277555,
        -0.3612447
      ],
      [
        -0.245302841,
        -0.2751219,
        -0.9295883
      ]
    ],
    "translation": [
      2.12538,
      0.7782768,
      -0.618422568
    ]
  },
  {
    "timeStamp": 15955,
    "rotation": [
      [
        -0.8485364,
        0.5269966,
        0.0475463644
      ],
      [
        0.478384167,
        0.802445054,
        -0.356693864
      ],
      [
        -0.226129815,
        -0.279922277,
        -0.933010638
      ]
    ],
    "translation": [
      2.12315178,
      0.775959,
      -0.612912536
    ]
  },
  {
    "timeStamp": 15999,
    "rotation": [
      [
        -0.8488792,
        0.526937544,
        0.0417242348
      ],
      [
        0.483487278,
        0.8059335,
        -0.341630548
      ],
      [
        -0.2136449,
        -0.269829959,
        -0.9389077
      ]
    ],
    "translation": [
      2.122294,
      0.775019646,
      -0.6098519
    ]
  },
  {
    "timeStamp": 16055,
    "rotation": [
      [
        -0.8505035,
        0.5235358,
        0.050538592
      ],
      [
        0.4768814,
        0.808092,
        -0.345791
      ],
      [
        -0.2218738,
        -0.26999554,
        -0.936949551
      ]
    ],
    "translation": [
      2.12291765,
      0.7735738,
      -0.606224239
    ]
  },
  {
    "timeStamp": 16099,
    "rotation": [
      [
        -0.8488977,
        0.527321637,
        0.0361198671
      ],
      [
        0.48614645,
        0.8057786,
        -0.338204622
      ],
      [
        -0.207447231,
        -0.269541562,
        -0.940379143
      ]
    ],
    "translation": [
      2.12317538,
      0.77421993,
      -0.6027591
    ]
  },
  {
    "timeStamp": 16155,
    "rotation": [
      [
        -0.853022,
        0.521349,
        0.02342519
      ],
      [
        0.487187922,
        0.8116135,
        -0.32238403
      ],
      [
        -0.187086791,
        -0.2635882,
        -0.946319044
      ]
    ],
    "translation": [
      2.12421846,
      0.772561,
      -0.5987632
    ]
  },
  {
    "timeStamp": 16199,
    "rotation": [
      [
        -0.856298864,
        0.516391039,
        0.009621198
      ],
      [
        0.4929118,
        0.822644234,
        -0.283362657
      ],
      [
        -0.154240757,
        -0.237900719,
        -0.9589646
      ]
    ],
    "translation": [
      2.124867,
      0.768490732,
      -0.600132
    ]
  },
  {
    "timeStamp": 16254,
    "rotation": [
      [
        -0.8687163,
        0.494908929,
        0.0199296121
      ],
      [
        0.464798331,
        0.8284461,
        -0.312473357
      ],
      [
        -0.171156466,
        -0.262187451,
        -0.9497174
      ]
    ],
    "translation": [
      2.126913,
      0.7625503,
      -0.594807744
    ]
  },
  {
    "timeStamp": 16299,
    "rotation": [
      [
        -0.874489,
        0.484403074,
        0.0249516927
      ],
      [
        0.457298666,
        0.8405222,
        -0.290517181
      ],
      [
        -0.161699861,
        -0.242643714,
        -0.9565444
      ]
    ],
    "translation": [
      2.126428,
      0.7604272,
      -0.593935966
    ]
  }
]