[
  {
    "timeStamp": 82968,
    "rotation": [
      [
        0.939389,
        -0.319105268,
        0.12538
      ],
      [
        -0.08474939,
        0.138225034,
        0.9867681
      ],
      [
        -0.332213581,
        -0.937585,
        0.102803096
      ]
    ],
    "translation": [
      1.30704486,
      0.7079565,
      -0.62368
    ]
  },
  {
    "timeStamp": 83012,
    "rotation": [
      [
        0.942325234,
        -0.302687526,
        0.142840773
      ],
      [
        -0.0999987349,
        0.152667344,
        0.983205438
      ],
      [
        -0.319411159,
        -0.9407832,
        0.113593906
      ]
    ],
    "translation": [
      1.30431092,
      0.7090669,
      -0.622931
    ]
  },
  {
    "timeStamp": 83068,
    "rotation": [
      [
        0.935641,
        -0.3003596,
        0.1853644
      ],
      [
        -0.133445427,
        0.185160682,
        0.9736056
      ],
      [
        -0.326754,
        -0.935681343,
        0.13316232
      ]
    ],
    "translation": [
      1.298714,
      0.7110361,
      -0.625421762
    ]
  },
  {
    "timeStamp": 83112,
    "rotation": [
      [
        0.9390341,
        -0.27859503,
        0.2014937
      ],
      [
        -0.152682081,
        0.18719849,
        0.9703839
      ],
      [
        -0.308063477,
        -0.941988051,
        0.1332493
      ]
    ],
    "translation": [
      1.29490447,
      0.719657,
      -0.625218034
    ]
  },
  {
    "timeStamp": 83168,
    "rotation": [
      [
        0.920940042,
        -0.2680107,
        0.28291294
      ],
      [
        -0.2150717,
        0.255860358,
        0.942485869
      ],
      [
        -0.324982524,
        -0.928819537,
        0.177990526
      ]
    ],
    "translation": [
      1.28738225,
      0.7303115,
      -0.628858
    ]
  },
  {
    "timeStamp": 83212,
    "rotation": [
      [
        0.8874025,
        -0.273762256,
        0.3709057
      ],
      [
        -0.269904077,
        0.343719065,
        0.8994493
      ],
      [
        -0.3737226,
        -0.898282468,
        0.2311276
      ]
    ],
    "translation": [
      1.28337181,
      0.744994462,
      -0.6340152
    ]
  },
  {
    "timeStamp": 83268,
    "rotation": [
      [
        0.804919,
        -0.205898449,
        0.5565171
      ],
      [
        -0.391204983,
        0.5210485,
        0.7585955
      ],
      [
        -0.446166,
        -0.8283202,
        0.338853329
      ]
    ],
    "translation": [
      1.273207,
      0.763974667,
      -0.6467881
    ]
  },
  {
    "timeStamp": 83312,
    "rotation": [
      [
        0.684900045,
        -0.2083255,
        0.6982209
      ],
      [
        -0.411724865,
        0.6799572,
        0.6067461
      ],
      [
        -0.601161063,
        -0.7030353,
        0.37992993
      ]
    ],
    "translation": [
      1.28021467,
      0.7886814,
      -0.6557654
    ]
  },
  {
    "timeStamp": 83368,
    "rotation": [
      [
        0.5490575,
        -0.0538936853,
        0.8340452
      ],
      [
        -0.474197954,
        0.801662564,
        0.363968879
      ],
      [
        -0.688238442,
        -0.595342338,
        0.414602548
      ]
    ],
    "translation": [
      1.28813839,
      0.826284468,
      -0.6622175
    ]
  },
  {
    "timeStamp": 83412,
    "rotation": [
      [
        0.400970757,
        0.0185961854,
        0.9159021
      ],
      [
        -0.45186016,
        0.8737241,
        0.180079058
      ],
      [
        -0.796897,
        -0.486066133,
        0.3587407
      ]
    ],
    "translation": [
      1.31269753,
      0.8617457,
      -0.6566217
    ]
  },
  {
    "timeStamp": 83469,
    "rotation": [
      [
        0.2301194,
        0.171548665,
        0.9579228
      ],
      [
        -0.37307024,
        0.924687147,
        -0.0759749562
      ],
      [
        -0.898812354,
        -0.3398892,
        0.276788175
      ]
    ],
    "translation": [
      1.34917116,
      0.9082261,
      -0.659335852
    ]
  },
  {
    "timeStamp": 83512,
    "rotation": [
      [
        0.0632836,
        0.217466369,
        0.974014163
      ],
      [
        -0.33294493,
        0.9246574,
        -0.184814483
      ],
      [
        -0.940820336,
        -0.312597364,
        0.130919963
      ]
    ],
    "translation": [
      1.39658415,
      0.9426117,
      -0.6432654
    ]
  },
  {
    "timeStamp": 83568,
    "rotation": [
      [
        -0.04653572,
        0.353508651,
        0.934273
      ],
      [
        -0.278364539,
        0.893648446,
        -0.352002382
      ],
      [
        -0.9593475,
        -0.276449174,
        0.0568176955
      ]
    ],
    "translation": [
      1.45591843,
      0.9887015,
      -0.6424633
    ]
  },
  {
    "timeStamp": 83612,
    "rotation": [
      [
        -0.188693911,
        0.3914804,
        0.900631845
      ],
      [
        -0.200942159,
        0.8823109,
        -0.425616741
      ],
      [
        -0.961257935,
        -0.2612862,
        -0.087821804
      ]
    ],
    "translation": [
      1.51789176,
      1.01695764,
      -0.6335751
    ]
  },
  {
    "timeStamp": 83668,
    "rotation": [
      [
        -0.319298774,
        0.4335544,
        0.8426618
      ],
      [
        -0.18377547,
        0.8439986,
        -0.5038779
      ],
      [
        -0.929663837,
        -0.315748155,
        -0.189811066
      ]
    ],
    "translation": [
      1.597151,
      1.04598475,
      -0.623947442
    ]
  },
  {
    "timeStamp": 83712,
    "rotation": [
      [
        -0.442810655,
        0.4396491,
        0.7814265
      ],
      [
        -0.1236903,
        0.833243132,
        -0.5388939
      ],
      [
        -0.88804245,
        -0.335282832,
        -0.3145886
      ]
    ],
    "translation": [
      1.66618848,
      1.06168413,
      -0.617671967
    ]
  },
  {
    "timeStamp": 83768,
    "rotation": [
      [
        -0.5639113,
        0.3793526,
        0.73355
      ],
      [
        -0.165119156,
        0.8185241,
        -0.5502308
      ],
      [
        -0.8091598,
        -0.431404531,
        -0.398936629
      ]
    ],
    "translation": [
      1.75437868,
      1.07247162,
      -0.609770536
    ]
  },
  {
    "timeStamp": 83812,
    "rotation": [
      [
        -0.6462336,
        0.350450665,
        0.677913249
      ],
      [
        -0.1521676,
        0.8113089,
        -0.5644669
      ],
      [
        -0.747814834,
        -0.467933923,
        -0.470967859
      ]
    ],
    "translation": [
      1.81944811,
      1.07632172,
      -0.609096169
    ]
  },
  {
    "timeStamp": 83868,
    "rotation": [
      [
        -0.7332391,
        0.276058167,
        0.6214116
      ],
      [
        -0.179528952,
        0.8028556,
        -0.5685
      ],
      [
        -0.655842841,
        -0.5284078,
        -0.539124668
      ]
    ],
    "translation": [
      1.89765084,
      1.07630873,
      -0.607915938
    ]
  },
  {
    "timeStamp": 83912,
    "rotation": [
      [
        -0.77832824,
        0.245548531,
        0.577850342
      ],
      [
        -0.162821278,
        0.80992806,
        -0.563476443
      ],
      [
        -0.606378,
        -0.532655954,
        -0.5904094
      ]
    ],
    "translation": [
      1.94798875,
      1.07274413,
      -0.6130888
    ]
  },
  {
    "timeStamp": 83968,
    "rotation": [
      [
        -0.8337216,
        0.184238181,
        0.5205425
      ],
      [
        -0.179840028,
        0.8006998,
        -0.571434557
      ],
      [
        -0.522078335,
        -0.5700317,
        -0.6344273
      ]
    ],
    "translation": [
      2.0067184,
      1.07066751,
      -0.6183316
    ]
  },
  {
    "timeStamp": 84012,
    "rotation": [
      [
        -0.8581228,
        0.153393254,
        0.489995658
      ],
      [
        -0.179047689,
        0.8050246,
        -0.565577
      ],
      [
        -0.481214225,
        -0.573067069,
        -0.6633453
      ]
    ],
    "translation": [
      2.042138,
      1.066345,
      -0.6253534
    ]
  },
  {
    "timeStamp": 84068,
    "rotation": [
      [
        -0.8871243,
        0.11239776,
        0.447635084
      ],
      [
        -0.193479612,
        0.7899855,
        -0.5817977
      ],
      [
        -0.419017971,
        -0.602735162,
        -0.6790686
      ]
    ],
    "translation": [
      2.08306456,
      1.06277919,
      -0.63169533
    ]
  },
  {
    "timeStamp": 84112,
    "rotation": [
      [
        -0.904507935,
        0.103397094,
        0.4137323
      ],
      [
        -0.167166024,
        0.806556,
        -0.567029834
      ],
      [
        -0.392327547,
        -0.582044959,
        -0.712251842
      ]
    ],
    "translation": [
      2.10884929,
      1.053656,
      -0.637849
    ]
  },
  {
    "timeStamp": 84168,
    "rotation": [
      [
        -0.927687,
        0.07842997,
        0.365028232
      ],
      [
        -0.166231722,
        0.788670659,
        -0.591917
      ],
      [
        -0.334311038,
        -0.609792948,
        -0.718601942
      ]
    ],
    "translation": [
      2.139488,
      1.05057931,
      -0.6431227
    ]
  },
  {
    "timeStamp": 84212,
    "rotation": [
      [
        -0.936984956,
        0.0754042044,
        0.341135383
      ],
      [
        -0.14413017,
        0.8060399,
        -0.574043632
      ],
      [
        -0.318254054,
        -0.587038159,
        -0.7443793
      ]
    ],
    "translation": [
      2.15832257,
      1.03906691,
      -0.647325754
    ]
  },
  {
    "timeStamp": 84268,
    "rotation": [
      [
        -0.9473549,
        0.04533343,
        0.316959977
      ],
      [
        -0.156776145,
        0.7974639,
        -0.582642734
      ],
      [
        -0.279177338,
        -0.6016612,
        -0.748374164
      ]
    ],
    "translation": [
      2.181331,
      1.03061223,
      -0.651868045
    ]
  },
  {
    "timeStamp": 84312,
    "rotation": [
      [
        -0.9565823,
        0.08357205,
        0.279223859
      ],
      [
        -0.09344622,
        0.819498837,
        -0.565410852
      ],
      [
        -0.276076168,
        -0.566954434,
        -0.7761086
      ]
    ],
    "translation": [
      2.19267416,
      1.016856,
      -0.6564555
    ]
  },
  {
    "timeStamp": 84368,
    "rotation": [
      [
        -0.9585038,
        0.06658268,
        0.277195245
      ],
      [
        -0.103283033,
        0.825179458,
        -0.5553481
      ],
      [
        -0.265712351,
        -0.5609328,
        -0.7840608
      ]
    ],
    "translation": [
      2.2057085,
      1.00224829,
      -0.6606368
    ]
  },
  {
    "timeStamp": 84412,
    "rotation": [
      [
        -0.962220669,
        0.1374935,
        0.235003918
      ],
      [
        -0.01677733,
        0.831544161,
        -0.5552053
      ],
      [
        -0.271753252,
        -0.5381728,
        -0.797822237
      ]
    ],
    "translation": [
      2.21022224,
      0.9894398,
      -0.664465666
    ]
  },
  {
    "timeStamp": 84467,
    "rotation": [
      [
        -0.9590863,
        0.19247,
        0.207626581
      ],
      [
        0.0501510054,
        0.8372687,
        -0.54448694
      ],
      [
        -0.278636634,
        -0.511797249,
        -0.812665462
      ]
    ],
    "translation": [
      2.21166277,
      0.9712614,
      -0.6688027
    ]
  },
  {
    "timeStamp": 84512,
    "rotation": [
      [
        -0.9492748,
        0.251302272,
        0.189009517
      ],
      [
        0.115563206,
        0.837830961,
        -0.5335583
      ],
      [
        -0.292442441,
        -0.4846509,
        -0.8243731
      ]
    ],
    "translation": [
      2.20948839,
      0.9544482,
      -0.669894755
    ]
  },
  {
    "timeStamp": 84567,
    "rotation": [
      [
        -0.940834045,
        0.285559654,
        0.182447031
      ],
      [
        0.15112856,
        0.8354798,
        -0.528331041
      ],
      [
        -0.303300828,
        -0.469498873,
        -0.8292041
      ]
    ],
    "translation": [
      2.20446181,
      0.936873436,
      -0.668068945
    ]
  },
  {
    "timeStamp": 84612,
    "rotation": [
      [
        -0.9264572,
        0.3358942,
        0.169858873
      ],
      [
        0.210079521,
        0.835882246,
        -0.5071168
      ],
      [
        -0.3123196,
        -0.434138149,
        -0.8449737
      ]
    ],
    "translation": [
      2.19706583,
      0.9201418,
      -0.6642365
    ]
  },
  {
    "timeStamp": 84667,
    "rotation": [
      [
        -0.9177141,
        0.353660166,
        0.180901676
      ],
      [
        0.221729189,
        0.8338965,
        -0.5054235
      ],
      [
        -0.3296014,
        -0.423723072,
        -0.843695343
      ]
    ],
    "translation": [
      2.18870473,
      0.9049481,
      -0.65767765
    ]
  },
  {
    "timeStamp": 84712,
    "rotation": [
      [
        -0.904384255,
        0.394698441,
        0.1621797
      ],
      [
        0.2769234,
        0.8320277,
        -0.480669737
      ],
      [
        -0.3246576,
        -0.3897988,
        -0.8617739
      ]
    ],
    "translation": [
      2.18248248,
      0.8905251,
      -0.652460933
    ]
  },
  {
    "timeStamp": 84767,
    "rotation": [
      [
        -0.9009819,
        0.396758884,
        0.17553921
      ],
      [
        0.276442677,
        0.8368294,
        -0.472542077
      ],
      [
        -0.33438164,
        -0.377225339,
        -0.863649249
      ]
    ],
    "translation": [
      2.17869425,
      0.8771424,
      -0.646387756
    ]
  },
  {
    "timeStamp": 84812,
    "rotation": [
      [
        -0.8979482,
        0.4034966,
        0.175725639
      ],
      [
        0.292323738,
        0.8453077,
        -0.447215468
      ],
      [
        -0.328992158,
        -0.350207537,
        -0.876994252
      ]
    ],
    "translation": [
      2.176502,
      0.8657179,
      -0.6425749
    ]
  },
  {
    "timeStamp": 84868,
    "rotation": [
      [
        -0.9017133,
        0.3884977,
        0.189690948
      ],
      [
        0.2774626,
        0.8565026,
        -0.435221583
      ],
      [
        -0.3315534,
        -0.339812934,
        -0.880113363
      ]
    ],
    "translation": [
      2.17839217,
      0.8570378,
      -0.6385031
    ]
  },
  {
    "timeStamp": 84912,
    "rotation": [
      [
        -0.9009463,
        0.396971852,
        0.175240248
      ],
      [
        0.2926941,
        0.8540863,
        -0.4299614
      ],
      [
        -0.320352882,
        -0.336080372,
        -0.885677159
      ]
    ],
    "translation": [
      2.18078613,
      0.8526174,
      -0.635692358
    ]
  },
  {
    "timeStamp": 84968,
    "rotation": [
      [
        -0.911162,
        0.366217941,
        0.188860387
      ],
      [
        0.261257231,
        0.8678973,
        -0.422491342
      ],
      [
        -0.3186353,
        -0.335616916,
        -0.8864721
      ]
    ],
    "translation": [
      2.184232,
      0.848177731,
      -0.632769048
    ]
  },
  {
    "timeStamp": 85012,
    "rotation": [
      [
        -0.9106408,
        0.372928977,
        0.177925408
      ],
      [
        0.273309529,
        0.866587162,
        -0.417526841
      ],
      [
        -0.309895724,
        -0.331588238,
        -0.891074538
      ]
    ],
    "translation": [
      2.18727827,
      0.8436705,
      -0.6306654
    ]
  },
  {
    "timeStamp": 85067,
    "rotation": [
      [
        -0.91612184,
        0.360669136,
        0.175038636
      ],
      [
        0.265338063,
        0.8727933,
        -0.409667522
      ],
      [
        -0.300527,
        -0.328860939,
        -0.8952843
      ]
    ],
    "translation": [
      2.18786263,
      0.83963424,
      -0.629493
    ]
  },
  {
    "timeStamp": 85112,
    "rotation": [
      [
        -0.918770969,
        0.346546531,
        0.189117417
      ],
      [
        0.24959746,
        0.8810336,
        -0.401846826
      ],
      [
        -0.305877417,
        -0.322001964,
        -0.8959652
      ]
    ],
    "translation": [
      2.1888957,
      0.835350752,
      -0.6286033
    ]
  },
  {
    "timeStamp": 85167,
    "rotation": [
      [
        -0.915479064,
        0.3741559,
        0.148004681
      ],
      [
        0.291599274,
        0.870402455,
        -0.3966981
      ],
      [
        -0.2772506,
        -0.320010751,
        -0.905938864
      ]
    ],
    "translation": [
      2.18985486,
      0.832191,
      -0.627814
    ]
  },
  {
    "timeStamp": 85212,
    "rotation": [
      [
        -0.9230591,
        0.341196269,
        0.177615121
      ],
      [
        0.2531457,
        0.8864947,
        -0.387355745
      ],
      [
        -0.2896192,
        -0.312589735,
        -0.9046593
      ]
    ],
    "translation": [
      2.1894865,
      0.828887165,
      -0.6276808
    ]
  },
  {
    "timeStamp": 85268,
    "rotation": [
      [
        -0.9256568,
        0.344622254,
        0.156189039
      ],
      [
        0.265621245,
        0.885859966,
        -0.3803912
      ],
      [
        -0.2694529,
        -0.3106246,
        -0.9115413
      ]
    ],
    "translation": [
      2.19233274,
      0.823664069,
      -0.62750417
    ]
  },
  {
    "timeStamp": 85312,
    "rotation": [
      [
        -0.9232808,
        0.350930154,
        0.156206951
      ],
      [
        0.2735457,
        0.886165857,
        -0.374009162
      ],
      [
        -0.269676358,
        -0.302585721,
        -0.914175332
      ]
    ],
    "translation": [
      2.19030261,
      0.8217101,
      -0.628183842
    ]
  },
  {
    "timeStamp": 85367,
    "rotation": [
      [
        -0.923299432,
        0.334546268,
        0.188671619
      ],
      [
        0.2503945,
        0.8967856,
        -0.364798844
      ],
      [
        -0.2912401,
        -0.289576232,
        -0.911770165
      ]
    ],
    "translation": [
      2.1885922,
      0.818962455,
      -0.6298642
    ]
  },
  {
    "timeStamp": 85412,
    "rotation": [
      [
        -0.9301114,
        0.323440969,
        0.174007535
      ],
      [
        0.2478449,
        0.902381361,
        -0.352534741
      ],
      [
        -0.271045327,
        -0.2847697,
        -0.9194784
      ]
    ],
    "translation": [
      2.18887663,
      0.8175297,
      -0.6310433
    ]
  }
]