[
  {
    "timeStamp": 72739,
    "rotation": [
      [
        0.999277055,
        0.0368183032,
        -0.009474398
      ],
      [
        -0.0369810574,
        0.999160647,
        -0.017618224
      ],
      [
        0.008817771,
        0.01795586,
        0.9997999
      ]
    ],
    "translation": [
      1.47409391,
      0.700614452,
      -0.745132864
    ]
  },
  {
    "timeStamp": 72795,
    "rotation": [
      [
        0.9989728,
        0.0436391421,
        -0.0122090848
      ],
      [
        -0.0438898019,
        0.998814046,
        -0.0210769456
      ],
      [
        0.0112748258,
        0.02159115,
        0.9997033
      ]
    ],
    "translation": [
      1.46871817,
      0.701876938,
      -0.7436524
    ]
  },
  {
    "timeStamp": 72841,
    "rotation": [
      [
        0.9966442,
        0.0797903761,
        0.0182717368
      ],
      [
        -0.07942012,
        0.9966372,
        -0.0201655254
      ],
      [
        -0.0198193081,
        0.01864671,
        0.9996297
      ]
    ],
    "translation": [
      1.46608984,
      0.7021464,
      -0.7421978
    ]
  },
  {
    "timeStamp": 72895,
    "rotation": [
      [
        0.992854536,
        0.113189578,
        0.0377888456
      ],
      [
        -0.111103512,
        0.992374659,
        -0.05337137
      ],
      [
        -0.0435417742,
        0.0487915352,
        0.9978595
      ]
    ],
    "translation": [
      1.46281123,
      0.7078799,
      -0.742483139
    ]
  },
  {
    "timeStamp": 72939,
    "rotation": [
      [
        0.988399,
        0.139431879,
        0.0602177829
      ],
      [
        -0.135719121,
        0.988812,
        -0.0618966
      ],
      [
        -0.06817443,
        0.0530058369,
        0.9962644
      ]
    ],
    "translation": [
      1.46186483,
      0.7191576,
      -0.7408351
    ]
  },
  {
    "timeStamp": 72995,
    "rotation": [
      [
        0.9790225,
        0.17674318,
        0.10137473
      ],
      [
        -0.168418333,
        0.981993854,
        -0.08557717
      ],
      [
        -0.114674531,
        0.06670861,
        0.9911608
      ]
    ],
    "translation": [
      1.46224511,
      0.740161955,
      -0.7388595
    ]
  },
  {
    "timeStamp": 73039,
    "rotation": [
      [
        0.967764437,
        0.20952791,
        0.13974984
      ],
      [
        -0.196569726,
        0.9752745,
        -0.100995034
      ],
      [
        -0.157455727,
        0.07026882,
        0.985022843
      ]
    ],
    "translation": [
      1.46556413,
      0.7610208,
      -0.7360878
    ]
  },
  {
    "timeStamp": 73095,
    "rotation": [
      [
        0.9409037,
        0.2725012,
        0.2011053
      ],
      [
        -0.255924642,
        0.9610006,
        -0.104787678
      ],
      [
        -0.221817091,
        0.0471273139,
        0.9739488
      ]
    ],
    "translation": [
      1.472969,
      0.7914972,
      -0.7300929
    ]
  },
  {
    "timeStamp": 73139,
    "rotation": [
      [
        0.9224413,
        0.308030933,
        0.232849762
      ],
      [
        -0.289088219,
        0.950681,
        -0.112399682
      ],
      [
        -0.255988419,
        0.03636799,
        0.9659955
      ]
    ],
    "translation": [
      1.48511612,
      0.8186213,
      -0.725837231
    ]
  },
  {
    "timeStamp": 73195,
    "rotation": [
      [
        0.880483568,
        0.3795582,
        0.2840497
      ],
      [
        -0.35661298,
        0.9250652,
        -0.130696252
      ],
      [
        -0.3123713,
        0.0137800975,
        0.949860156
      ]
    ],
    "translation": [
      1.50418556,
      0.8583018,
      -0.7181133
    ]
  },
  {
    "timeStamp": 73239,
    "rotation": [
      [
        0.838840842,
        0.42441687,
        0.340905279
      ],
      [
        -0.388001561,
        0.9053822,
        -0.172446519
      ],
      [
        -0.381838769,
        0.0123834088,
        0.924146056
      ]
    ],
    "translation": [
      1.52535188,
      0.893633246,
      -0.714492738
    ]
  },
  {
    "timeStamp": 73295,
    "rotation": [
      [
        0.7605433,
        0.482975185,
        0.433945626
      ],
      [
        -0.437866241,
        0.875012457,
        -0.206461489
      ],
      [
        -0.4794236,
        -0.03298725,
        0.8769634
      ]
    ],
    "translation": [
      1.55657041,
      0.937492669,
      -0.7035354
    ]
  },
  {
    "timeStamp": 73339,
    "rotation": [
      [
        0.701534331,
        0.5086076,
        0.4991671
      ],
      [
        -0.459451318,
        0.858240068,
        -0.228754207
      ],
      [
        -0.544751346,
        -0.06886405,
        0.835765362
      ]
    ],
    "translation": [
      1.58992648,
      0.9700444,
      -0.695079148
    ]
  },
  {
    "timeStamp": 73395,
    "rotation": [
      [
        0.6044566,
        0.530793548,
        0.5940458
      ],
      [
        -0.464727,
        0.840605438,
        -0.27822876
      ],
      [
        -0.6470402,
        -0.10789191,
        0.75478363
      ]
    ],
    "translation": [
      1.6379205,
      1.00712764,
      -0.6855992
    ]
  },
  {
    "timeStamp": 73440,
    "rotation": [
      [
        0.525322437,
        0.544052,
        0.654250443
      ],
      [
        -0.459171861,
        0.8285817,
        -0.320333421
      ],
      [
        -0.716378,
        -0.132135063,
        0.685085952
      ]
    ],
    "translation": [
      1.680562,
      1.03199327,
      -0.68045336
    ]
  },
  {
    "timeStamp": 73495,
    "rotation": [
      [
        0.407461137,
        0.550458,
        0.7286778
      ],
      [
        -0.449144065,
        0.815537632,
        -0.364921838
      ],
      [
        -0.795138359,
        -0.178589866,
        0.5795348
      ]
    ],
    "translation": [
      1.73607075,
      1.05556476,
      -0.6740743
    ]
  },
  {
    "timeStamp": 73539,
    "rotation": [
      [
        0.32735014,
        0.537962437,
        0.776813
      ],
      [
        -0.4299885,
        0.816864967,
        -0.384501636
      ],
      [
        -0.8413987,
        -0.208153978,
        0.49871853
      ]
    ],
    "translation": [
      1.78324461,
      1.06733453,
      -0.6724448
    ]
  },
  {
    "timeStamp": 73595,
    "rotation": [
      [
        0.220702887,
        0.5260203,
        0.821336031
      ],
      [
        -0.420382947,
        0.8111702,
        -0.4065477
      ],
      [
        -0.880095661,
        -0.255549431,
        0.400157571
      ]
    ],
    "translation": [
      1.83974481,
      1.07615554,
      -0.6714153
    ]
  },
  {
    "timeStamp": 73639,
    "rotation": [
      [
        0.136244968,
        0.51992166,
        0.843278646
      ],
      [
        -0.388039261,
        0.811208248,
        -0.437454879
      ],
      [
        -0.911516845,
        -0.26762417,
        0.312273055
      ]
    ],
    "translation": [
      1.88245058,
      1.07801986,
      -0.674914837
    ]
  },
  {
    "timeStamp": 73695,
    "rotation": [
      [
        0.0373716131,
        0.509892762,
        0.8594258
      ],
      [
        -0.385034919,
        0.800971,
        -0.4584688
      ],
      [
        -0.922145,
        -0.313775241,
        0.2262601
      ]
    ],
    "translation": [
      1.93077374,
      1.07596958,
      -0.6799772
    ]
  },
  {
    "timeStamp": 73739,
    "rotation": [
      [
        -0.03500531,
        0.500620663,
        0.864958763
      ],
      [
        -0.357998848,
        0.801772058,
        -0.478537828
      ],
      [
        -0.933065653,
        -0.326405585,
        0.151155323
      ]
    ],
    "translation": [
      1.9659183,
      1.06895733,
      -0.686807752
    ]
  },
  {
    "timeStamp": 73795,
    "rotation": [
      [
        -0.137554511,
        0.50692904,
        0.850941658
      ],
      [
        -0.350487918,
        0.7786142,
        -0.5204979
      ],
      [
        -0.9264108,
        -0.3698416,
        0.0705705956
      ]
    ],
    "translation": [
      2.0046916,
      1.0573287,
      -0.691731155
    ]
  },
  {
    "timeStamp": 73839,
    "rotation": [
      [
        -0.246840462,
        0.5407825,
        0.804129362
      ],
      [
        -0.286786765,
        0.7518695,
        -0.593671262
      ],
      [
        -0.9256474,
        -0.377155751,
        -0.03050254
      ]
    ],
    "translation": [
      2.02904987,
      1.0449847,
      -0.6965358
    ]
  },
  {
    "timeStamp": 73895,
    "rotation": [
      [
        -0.3842521,
        0.5728217,
        0.7240343
      ],
      [
        -0.218376592,
        0.70559454,
        -0.6741276
      ],
      [
        -0.8970295,
        -0.4171471,
        -0.146035358
      ]
    ],
    "translation": [
      2.05324078,
      1.02624178,
      -0.7000489
    ]
  },
  {
    "timeStamp": 73939,
    "rotation": [
      [
        -0.469553381,
        0.576619744,
        0.668602467
      ],
      [
        -0.17577301,
        0.6810655,
        -0.710812
      ],
      [
        -0.865230262,
        -0.451286435,
        -0.21844241
      ]
    ],
    "translation": [
      2.07008314,
      1.007383,
      -0.704531848
    ]
  },
  {
    "timeStamp": 73995,
    "rotation": [
      [
        -0.5699094,
        0.6265921,
        0.5315879
      ],
      [
        -0.0487355962,
        0.6200167,
        -0.783073545
      ],
      [
        -0.820261061,
        -0.472188234,
        -0.322815984
      ]
    ],
    "translation": [
      2.083648,
      0.9887854,
      -0.708317459
    ]
  },
  {
    "timeStamp": 74039,
    "rotation": [
      [
        -0.6594474,
        0.600409448,
        0.452368945
      ],
      [
        -0.0206327848,
        0.5870716,
        -0.809272051
      ],
      [
        -0.7514675,
        -0.543005943,
        -0.3747547
      ]
    ],
    "translation": [
      2.095448,
      0.9734954,
      -0.706255853
    ]
  },
  {
    "timeStamp": 74095,
    "rotation": [
      [
        -0.6976935,
        0.641090751,
        0.319728523
      ],
      [
        0.100803904,
        0.5297135,
        -0.8421651
      ],
      [
        -0.7092688,
        -0.5553433,
        -0.434202164
      ]
    ],
    "translation": [
      2.10151553,
      0.9590113,
      -0.70911
    ]
  },
  {
    "timeStamp": 74139,
    "rotation": [
      [
        -0.737992167,
        0.629644752,
        0.2427242
      ],
      [
        0.1388047,
        0.4936426,
        -0.858516335
      ],
      [
        -0.6603793,
        -0.5998871,
        -0.451702029
      ]
    ],
    "translation": [
      2.105009,
      0.946603954,
      -0.707672358
    ]
  },
  {
    "timeStamp": 74194,
    "rotation": [
      [
        -0.7481587,
        0.6313507,
        0.2040954
      ],
      [
        0.176091716,
        0.4854926,
        -0.856322765
      ],
      [
        -0.639726758,
        -0.604725838,
        -0.474401116
      ]
    ],
    "translation": [
      2.10760856,
      0.929889858,
      -0.709221542
    ]
  },
  {
    "timeStamp": 74239,
    "rotation": [
      [
        -0.757948458,
        0.6247045,
        0.187772065
      ],
      [
        0.186773136,
        0.483636647,
        -0.855109
      ],
      [
        -0.6250039,
        -0.613057733,
        -0.4832497
      ]
    ],
    "translation": [
      2.11030436,
      0.9206165,
      -0.7083473
    ]
  },
  {
    "timeStamp": 74294,
    "rotation": [
      [
        -0.761408269,
        0.616663635,
        0.199958369
      ],
      [
        0.186201349,
        0.5034843,
        -0.8437017
      ],
      [
        -0.620956063,
        -0.605168939,
        -0.498180717
      ]
    ],
    "translation": [
      2.11487842,
      0.9076127,
      -0.7083597
    ]
  },
  {
    "timeStamp": 74339,
    "rotation": [
      [
        -0.7763096,
        0.6045253,
        0.178584754
      ],
      [
        0.214155436,
        0.5193954,
        -0.8272641
      ],
      [
        -0.5928582,
        -0.603968143,
        -0.532674
      ]
    ],
    "translation": [
      2.11910939,
      0.899246454,
      -0.707126439
    ]
  },
  {
    "timeStamp": 74394,
    "rotation": [
      [
        -0.7903492,
        0.581795633,
        0.191994712
      ],
      [
        0.200218767,
        0.5414523,
        -0.8165426
      ],
      [
        -0.5790169,
        -0.606912851,
        -0.5444228
      ]
    ],
    "translation": [
      2.124067,
      0.8902344,
      -0.7047004
    ]
  },
  {
    "timeStamp": 74439,
    "rotation": [
      [
        -0.7940667,
        0.5874791,
        0.155968621
      ],
      [
        0.231449366,
        0.52950877,
        -0.8161199
      ],
      [
        -0.56204015,
        -0.611954868,
        -0.556437
      ]
    ],
    "translation": [
      2.12718558,
      0.8863669,
      -0.702936232
    ]
  },
  {
    "timeStamp": 74494,
    "rotation": [
      [
        -0.831961,
        0.529444933,
        0.165918767
      ],
      [
        0.193905964,
        0.5576375,
        -0.8071189
      ],
      [
        -0.5198476,
        -0.639318764,
        -0.5665952
      ]
    ],
    "translation": [
      2.13324261,
      0.8789501,
      -0.698294
    ]
  },
  {
    "timeStamp": 74539,
    "rotation": [
      [
        -0.830458045,
        0.5294924,
        0.1731393
      ],
      [
        0.1813454,
        0.550817966,
        -0.81468606
      ],
      [
        -0.5267383,
        -0.645164549,
        -0.553452253
      ]
    ],
    "translation": [
      2.13357139,
      0.8761932,
      -0.6981936
    ]
  },
  {
    "timeStamp": 74594,
    "rotation": [
      [
        -0.86772114,
        0.474325776,
        0.148577
      ],
      [
        0.1609553,
        0.5509495,
        -0.818869948
      ],
      [
        -0.470269561,
        -0.6866365,
        -0.554415762
      ]
    ],
    "translation": [
      2.13820839,
      0.872913957,
      -0.693888247
    ]
  },
  {
    "timeStamp": 74639,
    "rotation": [
      [
        -0.873044431,
        0.465514481,
        0.145222977
      ],
      [
        0.151559979,
        0.5420908,
        -0.8265393
      ],
      [
        -0.463490039,
        -0.6995955,
        -0.543822646
      ]
    ],
    "translation": [
      2.13784933,
      0.8733527,
      -0.694341242
    ]
  },
  {
    "timeStamp": 74695,
    "rotation": [
      [
        -0.8977611,
        0.419162244,
        0.135380551
      ],
      [
        0.124838807,
        0.5368666,
        -0.834379733
      ],
      [
        -0.422421783,
        -0.732172966,
        -0.5343057
      ]
    ],
    "translation": [
      2.14082313,
      0.8717845,
      -0.6939788
    ]
  },
  {
    "timeStamp": 74739,
    "rotation": [
      [
        -0.90534693,
        0.395672679,
        0.154240027
      ],
      [
        0.09611187,
        0.5446796,
        -0.8331186
      ],
      [
        -0.413653672,
        -0.7394371,
        -0.531152844
      ]
    ],
    "translation": [
      2.142309,
      0.8704269,
      -0.6961629
    ]
  },
  {
    "timeStamp": 74794,
    "rotation": [
      [
        -0.89192754,
        0.38422367,
        0.2384061
      ],
      [
        0.018084731,
        0.5571286,
        -0.8302293
      ],
      [
        -0.451816618,
        -0.7361929,
        -0.5038669
      ]
    ],
    "translation": [
      2.14322615,
      0.869497836,
      -0.700850248
    ]
  },
  {
    "timeStamp": 74839,
    "rotation": [
      [
        -0.871906638,
        0.405601025,
        0.2743477
      ],
      [
        0.008025005,
        0.572028756,
        -0.8201943
      ],
      [
        -0.4896064,
        -0.7129312,
        -0.502010643
      ]
    ],
    "translation": [
      2.141936,
      0.8689932,
      -0.70569545
    ]
  },
  {
    "timeStamp": 74894,
    "rotation": [
      [
        -0.817563057,
        0.421257615,
        0.392597347
      ],
      [
        -0.0580814853,
        0.6179802,
        -0.784045339
      ],
      [
        -0.572902441,
        -0.6638092,
        -0.480770469
      ]
    ],
    "translation": [
      2.14282727,
      0.863500237,
      -0.713840842
    ]
  },
  {
    "timeStamp": 74939,
    "rotation": [
      [
        -0.761709,
        0.416652769,
        0.496185333
      ],
      [
        -0.1259437,
        0.6559929,
        -0.7441851
      ],
      [
        -0.63556087,
        -0.629343867,
        -0.4472009
      ]
    ],
    "translation": [
      2.14687371,
      0.8582966,
      -0.720087349
    ]
  },
  {
    "timeStamp": 74994,
    "rotation": [
      [
        -0.6980255,
        0.4153388,
        0.5833131
      ],
      [
        -0.158657819,
        0.7046476,
        -0.691592038
      ],
      [
        -0.698275149,
        -0.575296044,
        -0.42596522
      ]
    ],
    "translation": [
      2.154053,
      0.853084266,
      -0.727658749
    ]
  },
  {
    "timeStamp": 75039,
    "rotation": [
      [
        -0.665779531,
        0.403146863,
        0.6278616
      ],
      [
        -0.188207865,
        0.7235248,
        -0.6641458
      ],
      [
        -0.7220218,
        -0.5603432,
        -0.4058326
      ]
    ],
    "translation": [
      2.16205621,
      0.8535169,
      -0.730596542
    ]
  },
  {
    "timeStamp": 75094,
    "rotation": [
      [
        -0.6440522,
        0.393771172,
        0.655851364
      ],
      [
        -0.185548484,
        0.751329,
        -0.633306
      ],
      [
        -0.7421378,
        -0.5295744,
        -0.410831451
      ]
    ],
    "translation": [
      2.172377,
      0.8520699,
      -0.733274
    ]
  },
  {
    "timeStamp": 75139,
    "rotation": [
      [
        -0.6195855,
        0.377345771,
        0.6882761
      ],
      [
        -0.183161378,
        0.7831521,
        -0.594243
      ],
      [
        -0.763259947,
        -0.49424994,
        -0.4161145
      ]
    ],
    "translation": [
      2.17999053,
      0.8476641,
      -0.7370615
    ]
  },
  {
    "timeStamp": 75194,
    "rotation": [
      [
        -0.5955614,
        0.34689,
        0.724550843
      ],
      [
        -0.186355,
        0.8176898,
        -0.544660568
      ],
      [
        -0.7813952,
        -0.4594025,
        -0.4223398
      ]
    ],
    "translation": [
      2.18725872,
      0.8384246,
      -0.740196466
    ]
  },
  {
    "timeStamp": 75239,
    "rotation": [
      [
        -0.601084948,
        0.308137566,
        0.737392843
      ],
      [
        -0.187568232,
        0.8425153,
        -0.50496155
      ],
      [
        -0.7768624,
        -0.441836238,
        -0.4486264
      ]
    ],
    "translation": [
      2.195355,
      0.8289059,
      -0.740891159
    ]
  },
  {
    "timeStamp": 75294,
    "rotation": [
      [
        -0.6005892,
        0.291634768,
        0.7444742
      ],
      [
        -0.140156075,
        0.878290832,
        -0.4571231
      ],
      [
        -0.7871778,
        -0.378885776,
        -0.486617625
      ]
    ],
    "translation": [
      2.19861555,
      0.8159021,
      -0.7473755
    ]
  },
  {
    "timeStamp": 75338,
    "rotation": [
      [
        -0.578912735,
        0.257056743,
        0.7738099
      ],
      [
        -0.138697788,
        0.9041322,
        -0.4041137
      ],
      [
        -0.8035066,
        -0.341272324,
        -0.487760454
      ]
    ],
    "translation": [
      2.20176268,
      0.804041147,
      -0.75201
    ]
  },
  {
    "timeStamp": 75394,
    "rotation": [
      [
        -0.535205841,
        0.191335633,
        0.8227669
      ],
      [
        -0.177931249,
        0.9266212,
        -0.3312305
      ],
      [
        -0.8257695,
        -0.323672444,
        -0.461888462
      ]
    ],
    "translation": [
      2.20696068,
      0.791586459,
      -0.7585783
    ]
  },
  {
    "timeStamp": 75439,
    "rotation": [
      [
        -0.515595734,
        0.19353734,
        0.8346881
      ],
      [
        -0.14485155,
        0.940446556,
        -0.307535678
      ],
      [
        -0.8444993,
        -0.279469967,
        -0.456856072
      ]
    ],
    "translation": [
      2.20612121,
      0.786476433,
      -0.7641726
    ]
  },
  {
    "timeStamp": 75494,
    "rotation": [
      [
        -0.52485317,
        0.147180662,
        0.838371634
      ],
      [
        -0.185296252,
        0.941560566,
        -0.2812987
      ],
      [
        -0.8307794,
        -0.302987635,
        -0.466909021
      ]
    ],
    "translation": [
      2.20997238,
      0.7817347,
      -0.761360645
    ]
  },
  {
    "timeStamp": 75538,
    "rotation": [
      [
        -0.530083,
        0.174800217,
        0.829733
      ],
      [
        -0.162122875,
        0.939577,
        -0.3015149
      ],
      [
        -0.8323029,
        -0.294346631,
        -0.4697147
      ]
    ],
    "translation": [
      2.2067523,
      0.7810529,
      -0.7605815
    ]
  },
  {
    "timeStamp": 75594,
    "rotation": [
      [
        -0.5144712,
        0.146048322,
        0.844978869
      ],
      [
        -0.21616593,
        0.931477249,
        -0.292613029
      ],
      [
        -0.829814255,
        -0.3331966,
        -0.4476475
      ]
    ],
    "translation": [
      2.20717216,
      0.7812662,
      -0.7554516
    ]
  },
  {
    "timeStamp": 75639,
    "rotation": [
      [
        -0.527336955,
        0.156257689,
        0.835164249
      ],
      [
        -0.2094622,
        0.928698,
        -0.3060157
      ],
      [
        -0.8234326,
        -0.336308718,
        -0.4570067
      ]
    ],
    "translation": [
      2.20443535,
      0.781710446,
      -0.7529697
    ]
  },
  {
    "timeStamp": 75694,
    "rotation": [
      [
        -0.482791215,
        0.130128726,
        0.8660134
      ],
      [
        -0.257288069,
        0.924179435,
        -0.2823036
      ],
      [
        -0.8370875,
        -0.3591086,
        -0.412705123
      ]
    ],
    "translation": [
      2.204748,
      0.780490637,
      -0.7505289
    ]
  }
]