[
  {
    "timeStamp": 66560,
    "rotation": [
      [
        0.7121452,
        -0.517564237,
        0.4743168
      ],
      [
        0.568738937,
        0.821424067,
        0.042408444
      ],
      [
        -0.41156438,
        0.239561483,
        0.8793321
      ]
    ],
    "translation": [
      1.75490749,
      0.8521222,
      -0.487305939
    ]
  },
  {
    "timeStamp": 66616,
    "rotation": [
      [
        0.7100741,
        -0.5402173,
        0.4516194
      ],
      [
        0.5866941,
        0.808571458,
        0.0447455831
      ],
      [
        -0.389338881,
        0.233189777,
        0.891087949
      ]
    ],
    "translation": [
      1.75260937,
      0.8528109,
      -0.489723772
    ]
  },
  {
    "timeStamp": 66660,
    "rotation": [
      [
        0.7184837,
        -0.5118579,
        0.470938146
      ],
      [
        0.5561218,
        0.829407156,
        0.0530307
      ],
      [
        -0.417743653,
        0.223797292,
        0.8805708
      ]
    ],
    "translation": [
      1.75275552,
      0.865653932,
      -0.4925868
    ]
  },
  {
    "timeStamp": 66716,
    "rotation": [
      [
        0.7302498,
        -0.47092548,
        0.494938761
      ],
      [
        0.4943615,
        0.8642733,
        0.09294267
      ],
      [
        -0.471531421,
        0.1768073,
        0.863942862
      ]
    ],
    "translation": [
      1.75906074,
      0.896463752,
      -0.495715678
    ]
  },
  {
    "timeStamp": 66764,
    "rotation": [
      [
        0.729832649,
        -0.4258812,
        0.5347612
      ],
      [
        0.424892366,
        0.8953907,
        0.1331992
      ],
      [
        -0.535547256,
        0.130002812,
        0.834439
      ]
    ],
    "translation": [
      1.77094412,
      0.9294889,
      -0.5016599
    ]
  },
  {
    "timeStamp": 66815,
    "rotation": [
      [
        0.7209249,
        -0.394945681,
        0.5694604
      ],
      [
        0.3560598,
        0.9160561,
        0.184560731
      ],
      [
        -0.5945491,
        0.0697075054,
        0.801031947
      ]
    ],
    "translation": [
      1.79323435,
      0.9718018,
      -0.51703614
    ]
  },
  {
    "timeStamp": 66859,
    "rotation": [
      [
        0.701110363,
        -0.3672599,
        0.6111991
      ],
      [
        0.296127081,
        0.929712355,
        0.21896024
      ],
      [
        -0.6486547,
        0.0274773128,
        0.7605866
      ]
    ],
    "translation": [
      1.81992435,
      1.00519085,
      -0.531034648
    ]
  },
  {
    "timeStamp": 66915,
    "rotation": [
      [
        0.6288481,
        -0.4051674,
        0.6636185
      ],
      [
        0.2782337,
        0.9142424,
        0.294528365
      ],
      [
        -0.726041436,
        -0.00057256216,
        0.68765074
      ]
    ],
    "translation": [
      1.868134,
      1.03595054,
      -0.5506284
    ]
  },
  {
    "timeStamp": 66959,
    "rotation": [
      [
        0.5398943,
        -0.4053921,
        0.7376798
      ],
      [
        0.2494286,
        0.9140724,
        0.319776535
      ],
      [
        -0.803927541,
        0.0113529032,
        0.594618857
      ]
    ],
    "translation": [
      1.917048,
      1.05462682,
      -0.565110147
    ]
  },
  {
    "timeStamp": 67015,
    "rotation": [
      [
        0.395952851,
        -0.442983329,
        0.804355145
      ],
      [
        0.251946181,
        0.8947382,
        0.3687367
      ],
      [
        -0.8830315,
        0.05665185,
        0.465882063
      ]
    ],
    "translation": [
      1.98398137,
      1.06459713,
      -0.5858504
    ]
  },
  {
    "timeStamp": 67059,
    "rotation": [
      [
        0.278583467,
        -0.455038726,
        0.8457724
      ],
      [
        0.268821031,
        0.8823795,
        0.3861887
      ],
      [
        -0.922023058,
        0.119775638,
        0.36814034
      ]
    ],
    "translation": [
      2.037239,
      1.06259334,
      -0.604006052
    ]
  },
  {
    "timeStamp": 67115,
    "rotation": [
      [
        0.174007609,
        -0.4268739,
        0.887411952
      ],
      [
        0.309470862,
        0.87920773,
        0.362245023
      ],
      [
        -0.9348524,
        0.21159476,
        0.285093874
      ]
    ],
    "translation": [
      2.087949,
      1.050152,
      -0.6237971
    ]
  },
  {
    "timeStamp": 67166,
    "rotation": [
      [
        0.148532391,
        -0.417490453,
        0.896459639
      ],
      [
        0.4135341,
        0.849671066,
        0.327182978
      ],
      [
        -0.8982915,
        0.322119355,
        0.2988502
      ]
    ],
    "translation": [
      2.12003469,
      1.02626526,
      -0.6380671
    ]
  },
  {
    "timeStamp": 67210,
    "rotation": [
      [
        0.162385046,
        -0.391047031,
        0.9059323
      ],
      [
        0.448598951,
        0.8470059,
        0.285201669
      ],
      [
        -0.878857255,
        0.360087782,
        0.31296438
      ]
    ],
    "translation": [
      2.13250446,
      1.01082075,
      -0.6456651
    ]
  },
  {
    "timeStamp": 67266,
    "rotation": [
      [
        0.155955762,
        -0.396000952,
        0.9049094
      ],
      [
        0.5187805,
        0.8124318,
        0.266122729
      ],
      [
        -0.840562046,
        0.427946,
        0.332140982
      ]
    ],
    "translation": [
      2.14432573,
      0.994689465,
      -0.653740346
    ]
  },
  {
    "timeStamp": 67310,
    "rotation": [
      [
        0.16746521,
        -0.37019074,
        0.913736343
      ],
      [
        0.5195866,
        0.820800245,
        0.2373113
      ],
      [
        -0.8378455,
        0.4350238,
        0.329801649
      ]
    ],
    "translation": [
      2.14711976,
      0.9872861,
      -0.6565697
    ]
  },
  {
    "timeStamp": 67366,
    "rotation": [
      [
        0.184643149,
        -0.3627473,
        0.9134119
      ],
      [
        0.552815855,
        0.806760669,
        0.208642572
      ],
      [
        -0.812589347,
        0.4664242,
        0.349495322
      ]
    ],
    "translation": [
      2.149249,
      0.9757856,
      -0.6610155
    ]
  },
  {
    "timeStamp": 67410,
    "rotation": [
      [
        0.203029364,
        -0.348160982,
        0.915184736
      ],
      [
        0.583527863,
        0.79357326,
        0.1724438
      ],
      [
        -0.786304235,
        0.49902457,
        0.364280283
      ]
    ],
    "translation": [
      2.14819837,
      0.966390252,
      -0.6647865
    ]
  },
  {
    "timeStamp": 67466,
    "rotation": [
      [
        0.196221575,
        -0.3441108,
        0.9181965
      ],
      [
        0.6003205,
        0.7825564,
        0.164986774
      ],
      [
        -0.775314331,
        0.5188382,
        0.360131234
      ]
    ],
    "translation": [
      2.15030074,
      0.960347056,
      -0.6680864
    ]
  }
]