[
  {
    "timeStamp": 96935,
    "rotation": [
      [
        0.9946788,
        -0.103014179,
        -0.0014715587
      ],
      [
        0.102942027,
        0.993207335,
        0.0542415529
      ],
      [
        -0.00412608637,
        -0.05410441,
        0.998526752
      ]
    ],
    "translation": [
      1.44397116,
      0.997149467,
      -0.368844062
    ]
  },
  {
    "timeStamp": 96984,
    "rotation": [
      [
        0.995017648,
        -0.0878373459,
        0.0471644
      ],
      [
        0.08303293,
        0.991946936,
        0.09563904
      ],
      [
        -0.05518526,
        -0.09124634,
        0.9942981
      ]
    ],
    "translation": [
      1.44692826,
      1.00192833,
      -0.369080871
    ]
  },
  {
    "timeStamp": 97033,
    "rotation": [
      [
        0.994003356,
        -0.0430563465,
        0.100516312
      ],
      [
        0.0299740639,
        0.991294,
        0.128209829
      ],
      [
        -0.105161466,
        -0.124428123,
        0.986640155
      ]
    ],
    "translation": [
      1.455238,
      1.019154,
      -0.374560863
    ]
  },
  {
    "timeStamp": 97088,
    "rotation": [
      [
        0.9906507,
        0.0249277316,
        0.134125769
      ],
      [
        -0.0493969955,
        0.9819942,
        0.182338417
      ],
      [
        -0.127165437,
        -0.1872591,
        0.9740446
      ]
    ],
    "translation": [
      1.46961129,
      1.046885,
      -0.3962833
    ]
  },
  {
    "timeStamp": 97133,
    "rotation": [
      [
        0.988249838,
        0.0651138,
        0.138284251
      ],
      [
        -0.0899465,
        0.979229,
        0.181714818
      ],
      [
        -0.123579793,
        -0.192017823,
        0.973579645
      ]
    ],
    "translation": [
      1.48380113,
      1.06317234,
      -0.421758026
    ]
  },
  {
    "timeStamp": 97189,
    "rotation": [
      [
        0.989014,
        0.09001199,
        0.117256321
      ],
      [
        -0.110224374,
        0.9776117,
        0.179237053
      ],
      [
        -0.0984976739,
        -0.190192461,
        0.9767932
      ]
    ],
    "translation": [
      1.50183,
      1.07666135,
      -0.463515073
    ]
  },
  {
    "timeStamp": 97233,
    "rotation": [
      [
        0.9895876,
        0.104167268,
        0.09932574
      ],
      [
        -0.117714778,
        0.98283416,
        0.142057151
      ],
      [
        -0.08282303,
        -0.152270108,
        0.9848625
      ]
    ],
    "translation": [
      1.51977146,
      1.08213258,
      -0.498134434
    ]
  },
  {
    "timeStamp": 97289,
    "rotation": [
      [
        0.9913981,
        0.0994448662,
        0.08509114
      ],
      [
        -0.108559735,
        0.9879615,
        0.110213816
      ],
      [
        -0.07310656,
        -0.118503243,
        0.990258753
      ]
    ],
    "translation": [
      1.546085,
      1.08435571,
      -0.547994256
    ]
  },
  {
    "timeStamp": 97333,
    "rotation": [
      [
        0.9892855,
        0.105479881,
        0.100936025
      ],
      [
        -0.112830296,
        0.9911379,
        0.07010648
      ],
      [
        -0.0926466957,
        -0.08074396,
        0.9924198
      ]
    ],
    "translation": [
      1.5722096,
      1.08540487,
      -0.5853875
    ]
  },
  {
    "timeStamp": 97379,
    "rotation": [
      [
        0.9836027,
        0.110873654,
        0.1422419
      ],
      [
        -0.1181454,
        0.9920338,
        0.0437123366
      ],
      [
        -0.136262208,
        -0.0598008,
        0.98886627
      ]
    ],
    "translation": [
      1.60187912,
      1.08707261,
      -0.6194219
    ]
  },
  {
    "timeStamp": 97434,
    "rotation": [
      [
        0.9644876,
        0.12142279,
        0.234563932
      ],
      [
        -0.128412545,
        0.9916119,
        0.0146997087
      ],
      [
        -0.2308115,
        -0.0442986377,
        0.9719896
      ]
    ],
    "translation": [
      1.6448983,
      1.091525,
      -0.652368
    ]
  },
  {
    "timeStamp": 97479,
    "rotation": [
      [
        0.9417643,
        0.107853755,
        0.318508476
      ],
      [
        -0.120434329,
        0.992519557,
        0.0200113449
      ],
      [
        -0.313967615,
        -0.0572053269,
        0.9477087
      ]
    ],
    "translation": [
      1.68057418,
      1.096942,
      -0.67248106
    ]
  },
  {
    "timeStamp": 97535,
    "rotation": [
      [
        0.895490468,
        0.07266046,
        0.439109623
      ],
      [
        -0.112554818,
        0.991486132,
        0.06547324
      ],
      [
        -0.430613756,
        -0.108054571,
        0.8960447
      ]
    ],
    "translation": [
      1.72725916,
      1.11045265,
      -0.690932751
    ]
  },
  {
    "timeStamp": 97579,
    "rotation": [
      [
        0.8328475,
        0.03994256,
        0.552059531
      ],
      [
        -0.123899184,
        0.985536933,
        0.115611196
      ],
      [
        -0.5394572,
        -0.164686218,
        0.8257508
      ]
    ],
    "translation": [
      1.77004039,
      1.125341,
      -0.6998435
    ]
  },
  {
    "timeStamp": 97635,
    "rotation": [
      [
        0.742459953,
        -0.0360740125,
        0.668918431
      ],
      [
        -0.138284728,
        0.968788445,
        0.205733538
      ],
      [
        -0.6554621,
        -0.2452501,
        0.7142982
      ]
    ],
    "translation": [
      1.82343864,
      1.146506,
      -0.7104619
    ]
  },
  {
    "timeStamp": 97679,
    "rotation": [
      [
        0.650405765,
        -0.113821007,
        0.7510107
      ],
      [
        -0.1670792,
        0.9430571,
        0.2876244
      ],
      [
        -0.740983665,
        -0.312550843,
        0.5943527
      ]
    ],
    "translation": [
      1.86892474,
      1.16605031,
      -0.71852845
    ]
  },
  {
    "timeStamp": 97735,
    "rotation": [
      [
        0.5145828,
        -0.20929952,
        0.8315036
      ],
      [
        -0.217667028,
        0.9060968,
        0.362780541
      ],
      [
        -0.829352558,
        -0.367671549,
        0.420704246
      ]
    ],
    "translation": [
      1.92423642,
      1.1862905,
      -0.7311997
    ]
  },
  {
    "timeStamp": 97779,
    "rotation": [
      [
        0.390684724,
        -0.301345974,
        0.8698023
      ],
      [
        -0.2622424,
        0.8693085,
        0.418965
      ],
      [
        -0.882379949,
        -0.391782284,
        0.260599852
      ]
    ],
    "translation": [
      1.967351,
      1.19656444,
      -0.743343234
    ]
  },
  {
    "timeStamp": 97835,
    "rotation": [
      [
        0.2597995,
        -0.3741962,
        0.890214264
      ],
      [
        -0.297098935,
        0.8461805,
        0.442392051
      ],
      [
        -0.9188234,
        -0.379414946,
        0.108663984
      ]
    ],
    "translation": [
      2.01707387,
      1.1988945,
      -0.755980849
    ]
  },
  {
    "timeStamp": 97879,
    "rotation": [
      [
        0.210138664,
        -0.3806315,
        0.900534
      ],
      [
        -0.255969256,
        0.8675512,
        0.426420748
      ],
      [
        -0.9435685,
        -0.3201165,
        0.08487608
      ]
    ],
    "translation": [
      2.05079913,
      1.186577,
      -0.756084442
    ]
  },
  {
    "timeStamp": 97935,
    "rotation": [
      [
        0.204098687,
        -0.2793936,
        0.938234
      ],
      [
        -0.188375235,
        0.929288149,
        0.3177079
      ],
      [
        -0.9606552,
        -0.2415838,
        0.137035653
      ]
    ],
    "translation": [
      2.08936453,
      1.1584084,
      -0.74941045
    ]
  },
  {
    "timeStamp": 97985,
    "rotation": [
      [
        0.266519278,
        -0.175358057,
        0.9477431
      ],
      [
        -0.13751927,
        0.9663309,
        0.217469737
      ],
      [
        -0.9539685,
        -0.188292816,
        0.2334307
      ]
    ],
    "translation": [
      2.10926,
      1.12842715,
      -0.741547942
    ]
  },
  {
    "timeStamp": 98030,
    "rotation": [
      [
        0.296121418,
        -0.202651441,
        0.9334048
      ],
      [
        -0.104997233,
        0.9644046,
        0.242692038
      ],
      [
        -0.949361742,
        -0.169871226,
        0.264303029
      ]
    ],
    "translation": [
      2.110063,
      1.11220586,
      -0.7387869
    ]
  },
  {
    "timeStamp": 98085,
    "rotation": [
      [
        0.3137636,
        -0.1306409,
        0.9404708
      ],
      [
        -0.09974493,
        0.980473936,
        0.169475034
      ],
      [
        -0.9442475,
        -0.146982282,
        0.294606268
      ]
    ],
    "translation": [
      2.12031269,
      1.09459758,
      -0.7339268
    ]
  },
  {
    "timeStamp": 98130,
    "rotation": [
      [
        0.332335472,
        -0.134598717,
        0.933507562
      ],
      [
        -0.08438387,
        0.9815518,
        0.171567291
      ],
      [
        -0.9393788,
        -0.13579087,
        0.314846516
      ]
    ],
    "translation": [
      2.119989,
      1.08522892,
      -0.731072545
    ]
  },
  {
    "timeStamp": 98185,
    "rotation": [
      [
        0.350515276,
        -0.11292208,
        0.9297245
      ],
      [
        -0.08240676,
        0.985135734,
        0.150720358
      ],
      [
        -0.9329245,
        -0.129445374,
        0.335999578
      ]
    ],
    "translation": [
      2.12084842,
      1.07536626,
      -0.727544665
    ]
  },
  {
    "timeStamp": 98230,
    "rotation": [
      [
        0.35347563,
        -0.0902602,
        0.9310789
      ],
      [
        -0.0815695,
        0.988568664,
        0.126800463
      ],
      [
        -0.931880534,
        -0.120768525,
        0.342072457
      ]
    ],
    "translation": [
      2.122698,
      1.06891429,
      -0.72511816
    ]
  },
  {
    "timeStamp": 98286,
    "rotation": [
      [
        0.36864388,
        -0.08174826,
        0.9259692
      ],
      [
        -0.0727974251,
        0.990527451,
        0.116429605
      ],
      [
        -0.9267158,
        -0.110329233,
        0.359200835
      ]
    ],
    "translation": [
      2.12133121,
      1.06312883,
      -0.7221091
    ]
  }
]