[
  {
    "timeStamp": 28231,
    "rotation": [
      [
        -0.89786005,
        0.4359908,
        -0.0613124073
      ],
      [
        0.4402755,
        0.8884146,
        -0.129910842
      ],
      [
        -0.00216909,
        -0.1436361,
        -0.989628136
      ]
    ],
    "translation": [
      1.61736548,
      0.7302355,
      -0.6167241
    ]
  },
  {
    "timeStamp": 28286,
    "rotation": [
      [
        -0.8899184,
        0.451599628,
        -0.06405508
      ],
      [
        0.455624431,
        0.8866856,
        -0.07870835
      ],
      [
        0.0212520566,
        -0.09922907,
        -0.9948377
      ]
    ],
    "translation": [
      1.61797047,
      0.731503844,
      -0.6151227
    ]
  },
  {
    "timeStamp": 28331,
    "rotation": [
      [
        -0.8871057,
        0.4449559,
        -0.122709736
      ],
      [
        0.460027248,
        0.8740221,
        -0.156397641
      ],
      [
        0.03766098,
        -0.19519107,
        -0.980041862
      ]
    ],
    "translation": [
      1.62258434,
      0.7408012,
      -0.6075032
    ]
  },
  {
    "timeStamp": 28388,
    "rotation": [
      [
        -0.849977732,
        0.500928044,
        -0.163122535
      ],
      [
        0.5213153,
        0.844401538,
        -0.123354726
      ],
      [
        0.07594909,
        -0.189887047,
        -0.978863955
      ]
    ],
    "translation": [
      1.6267072,
      0.766656637,
      -0.6123751
    ]
  },
  {
    "timeStamp": 28430,
    "rotation": [
      [
        -0.7966929,
        0.5564973,
        -0.235777855
      ],
      [
        0.582889438,
        0.810593843,
        -0.0563691
      ],
      [
        0.159750834,
        -0.182341293,
        -0.9701708
      ]
    ],
    "translation": [
      1.63487875,
      0.795083,
      -0.616979539
    ]
  },
  {
    "timeStamp": 28486,
    "rotation": [
      [
        -0.6834895,
        0.6366788,
        -0.357046455
      ],
      [
        0.6595194,
        0.748254061,
        0.07176359
      ],
      [
        0.312851816,
        -0.1864294,
        -0.9313258
      ]
    ],
    "translation": [
      1.66112173,
      0.837368,
      -0.6195147
    ]
  },
  {
    "timeStamp": 28531,
    "rotation": [
      [
        -0.5559525,
        0.7068141,
        -0.4374136
      ],
      [
        0.696273744,
        0.68342793,
        0.219383612
      ],
      [
        0.4540041,
        -0.18259272,
        -0.872089565
      ]
    ],
    "translation": [
      1.6866945,
      0.871658444,
      -0.625208735
    ]
  },
  {
    "timeStamp": 28586,
    "rotation": [
      [
        -0.375662059,
        0.7819555,
        -0.497417
      ],
      [
        0.6921663,
        0.593641639,
        0.41048193
      ],
      [
        0.616266,
        -0.190092787,
        -0.7642519
      ]
    ],
    "translation": [
      1.73348832,
      0.9068115,
      -0.6315181
    ]
  },
  {
    "timeStamp": 28630,
    "rotation": [
      [
        -0.219630167,
        0.82330966,
        -0.5233773
      ],
      [
        0.6608378,
        0.5202026,
        0.5410015
      ],
      [
        0.717673957,
        -0.22704725,
        -0.6583264
      ]
    ],
    "translation": [
      1.77511275,
      0.932433844,
      -0.6322547
    ]
  },
  {
    "timeStamp": 28689,
    "rotation": [
      [
        -0.0254245475,
        0.8456385,
        -0.533150136
      ],
      [
        0.603123367,
        0.4383005,
        0.666434467
      ],
      [
        0.797242641,
        -0.3046115,
        -0.521167934
      ]
    ],
    "translation": [
      1.83914983,
      0.9542682,
      -0.6285635
    ]
  },
  {
    "timeStamp": 28740,
    "rotation": [
      [
        0.15373528,
        0.8378604,
        -0.523789465
      ],
      [
        0.541677535,
        0.371880472,
        0.753850341
      ],
      [
        0.8264084,
        -0.3996184,
        -0.396678984
      ]
    ],
    "translation": [
      1.90608537,
      0.9703299,
      -0.6205328
    ]
  },
  {
    "timeStamp": 28784,
    "rotation": [
      [
        0.252323031,
        0.814262569,
        -0.522790253
      ],
      [
        0.5110352,
        0.34664613,
        0.786561847
      ],
      [
        0.821691036,
        -0.465631872,
        -0.32865
      ]
    ],
    "translation": [
      1.9582088,
      0.978106141,
      -0.6143373
    ]
  },
  {
    "timeStamp": 28839,
    "rotation": [
      [
        0.366873384,
        0.795511544,
        -0.482250333
      ],
      [
        0.4516718,
        0.300871044,
        0.83992213
      ],
      [
        0.8132629,
        -0.525963962,
        -0.248928547
      ]
    ],
    "translation": [
      2.014289,
      0.9844245,
      -0.6089921
    ]
  },
  {
    "timeStamp": 28883,
    "rotation": [
      [
        0.408939034,
        0.7526175,
        -0.5160773
      ],
      [
        0.4471055,
        0.327757746,
        0.8322689
      ],
      [
        0.7955285,
        -0.571088254,
        -0.202466458
      ]
    ],
    "translation": [
      2.0560565,
      0.9782088,
      -0.603764534
    ]
  },
  {
    "timeStamp": 28936,
    "rotation": [
      [
        0.467243969,
        0.7373493,
        -0.48785153
      ],
      [
        0.382139623,
        0.329158783,
        0.8634951
      ],
      [
        0.7972781,
        -0.5898903,
        -0.127972916
      ]
    ],
    "translation": [
      2.093709,
      0.965158045,
      -0.6005648
    ]
  },
  {
    "timeStamp": 28981,
    "rotation": [
      [
        0.505062938,
        0.7199909,
        -0.475945979
      ],
      [
        0.347860754,
        0.3348613,
        0.8757059
      ],
      [
        0.789876163,
        -0.6078495,
        -0.0813305452
      ]
    ],
    "translation": [
      2.11431527,
      0.9528371,
      -0.59672755
    ]
  },
  {
    "timeStamp": 29036,
    "rotation": [
      [
        0.526248157,
        0.7316756,
        -0.433259338
      ],
      [
        0.285158038,
        0.3281628,
        0.9005521
      ],
      [
        0.8010916,
        -0.5974613,
        -0.03594813
      ]
    ],
    "translation": [
      2.12664843,
      0.932606,
      -0.5943723
    ]
  },
  {
    "timeStamp": 29081,
    "rotation": [
      [
        0.5333661,
        0.739861548,
        -0.410031021
      ],
      [
        0.241643131,
        0.331267923,
        0.912069142
      ],
      [
        0.81063503,
        -0.585548,
        -0.00209538
      ]
    ],
    "translation": [
      2.1301775,
      0.916133344,
      -0.591908
    ]
  },
  {
    "timeStamp": 29136,
    "rotation": [
      [
        0.519281,
        0.7487323,
        -0.4120037
      ],
      [
        0.219188511,
        0.349287152,
        0.9110186
      ],
      [
        0.826016665,
        -0.563381135,
        0.0172646716
      ]
    ],
    "translation": [
      2.13037014,
      0.8963668,
      -0.588847637
    ]
  },
  {
    "timeStamp": 29180,
    "rotation": [
      [
        0.506098747,
        0.760804355,
        -0.406252116
      ],
      [
        0.2084699,
        0.349154323,
        0.9135817
      ],
      [
        0.8369016,
        -0.547053933,
        0.0181017611
      ]
    ],
    "translation": [
      2.12829018,
      0.8865643,
      -0.586644232
    ]
  },
  {
    "timeStamp": 29236,
    "rotation": [
      [
        0.491816521,
        0.7703916,
        -0.4057257
      ],
      [
        0.189802349,
        0.359911531,
        0.913476169
      ],
      [
        0.8497597,
        -0.5262704,
        0.0307883117
      ]
    ],
    "translation": [
      2.12742043,
      0.8743718,
      -0.58384037
    ]
  },
  {
    "timeStamp": 29281,
    "rotation": [
      [
        0.475399524,
        0.775419056,
        -0.4155967
      ],
      [
        0.196075082,
        0.367125332,
        0.9092709
      ],
      [
        0.857642055,
        -0.5137551,
        0.0224908553
      ]
    ],
    "translation": [
      2.128064,
      0.866447568,
      -0.5813244
    ]
  },
  {
    "timeStamp": 29338,
    "rotation": [
      [
        0.472260952,
        0.7798027,
        -0.410946876
      ],
      [
        0.182564259,
        0.369570732,
        0.9110915
      ],
      [
        0.8623456,
        -0.5052972,
        0.032169722
      ]
    ],
    "translation": [
      2.12959051,
      0.859120548,
      -0.577512741
    ]
  },
  {
    "timeStamp": 29383,
    "rotation": [
      [
        0.463638961,
        0.7815326,
        -0.41742754
      ],
      [
        0.183367938,
        0.3762878,
        0.908176
      ],
      [
        0.8668421,
        -0.4976086,
        0.0311536547
      ]
    ],
    "translation": [
      2.13054752,
      0.854562342,
      -0.574602842
    ]
  },
  {
    "timeStamp": 29440,
    "rotation": [
      [
        0.4625912,
        0.789690256,
        -0.4029872
      ],
      [
        0.1740906,
        0.364786118,
        0.9146713
      ],
      [
        0.869311154,
        -0.493275166,
        0.0312692
      ]
    ],
    "translation": [
      2.129341,
      0.8538674,
      -0.5725208
    ]
  },
  {
    "timeStamp": 29485,
    "rotation": [
      [
        0.451334834,
        0.7946487,
        -0.405993044
      ],
      [
        0.1787244,
        0.365252018,
        0.913591
      ],
      [
        0.874273658,
        -0.4848963,
        0.0228278656
      ]
    ],
    "translation": [
      2.127161,
      0.853636444,
      -0.572183251
    ]
  },
  {
    "timeStamp": 29541,
    "rotation": [
      [
        0.44248876,
        0.8017735,
        -0.40170005
      ],
      [
        0.181891456,
        0.358386517,
        0.915682554
      ],
      [
        0.8781339,
        -0.47824508,
        0.01274627
      ]
    ],
    "translation": [
      2.123576,
      0.8545152,
      -0.573095
    ]
  },
  {
    "timeStamp": 29585,
    "rotation": [
      [
        0.4289854,
        0.795192957,
        -0.428531975
      ],
      [
        0.198921055,
        0.379594237,
        0.9035146
      ],
      [
        0.8811367,
        -0.472838581,
        0.00465975329
      ]
    ],
    "translation": [
      2.12258482,
      0.8530975,
      -0.5741285
    ]
  }
]