[
  {
    "timeStamp": 34516,
    "rotation": [
      [
        -0.701094,
        -0.598671854,
        0.3873748
      ],
      [
        -0.6143332,
        0.7829225,
        0.09811784
      ],
      [
        -0.3620248,
        -0.169187352,
        -0.9166863
      ]
    ],
    "translation": [
      1.52838778,
      0.7486369,
      -0.507263958
    ]
  },
  {
    "timeStamp": 34561,
    "rotation": [
      [
        -0.702283144,
        -0.623550653,
        0.343486279
      ],
      [
        -0.6488163,
        0.7591902,
        0.05164929
      ],
      [
        -0.292977363,
        -0.186587065,
        -0.937736332
      ]
    ],
    "translation": [
      1.5281601,
      0.7541623,
      -0.5091577
    ]
  },
  {
    "timeStamp": 34618,
    "rotation": [
      [
        -0.7727082,
        -0.484288424,
        0.410349637
      ],
      [
        -0.597077,
        0.773962259,
        -0.210906252
      ],
      [
        -0.2154557,
        -0.4079793,
        -0.8872044
      ]
    ],
    "translation": [
      1.52142417,
      0.772733569,
      -0.5136688
    ]
  },
  {
    "timeStamp": 34661,
    "rotation": [
      [
        -0.773911,
        -0.443193018,
        0.452373415
      ],
      [
        -0.578806162,
        0.7848728,
        -0.221264869
      ],
      [
        -0.256992519,
        -0.433075845,
        -0.8639446
      ]
    ],
    "translation": [
      1.52138937,
      0.7868844,
      -0.533874631
    ]
  },
  {
    "timeStamp": 34716,
    "rotation": [
      [
        -0.8105189,
        -0.36381954,
        0.459014654
      ],
      [
        -0.499278873,
        0.8389076,
        -0.216690272
      ],
      [
        -0.306234717,
        -0.4048079,
        -0.861597836
      ]
    ],
    "translation": [
      1.53666747,
      0.8098013,
      -0.5702637
    ]
  },
  {
    "timeStamp": 34761,
    "rotation": [
      [
        -0.814838052,
        -0.299393862,
        0.4963893
      ],
      [
        -0.441377252,
        0.87555325,
        -0.196450055
      ],
      [
        -0.375799328,
        -0.3791699,
        -0.8455797
      ]
    ],
    "translation": [
      1.55288517,
      0.828481,
      -0.6120197
    ]
  },
  {
    "timeStamp": 34816,
    "rotation": [
      [
        -0.812614739,
        -0.221397191,
        0.5391109
      ],
      [
        -0.387594461,
        0.896112859,
        -0.216222867
      ],
      [
        -0.435233057,
        -0.384662271,
        -0.814006865
      ]
    ],
    "translation": [
      1.58439732,
      0.857295036,
      -0.660913765
    ]
  },
  {
    "timeStamp": 34861,
    "rotation": [
      [
        -0.8440781,
        -0.207819387,
        0.494310945
      ],
      [
        -0.379264176,
        0.883049965,
        -0.276371926
      ],
      [
        -0.379065841,
        -0.420753926,
        -0.824181557
      ]
    ],
    "translation": [
      1.62519443,
      0.886893034,
      -0.68040967
    ]
  },
  {
    "timeStamp": 34916,
    "rotation": [
      [
        -0.9187813,
        -0.208251387,
        0.335368872
      ],
      [
        -0.328044742,
        0.8753597,
        -0.35515067
      ],
      [
        -0.219607785,
        -0.436321765,
        -0.872579932
      ]
    ],
    "translation": [
      1.69741631,
      0.9289759,
      -0.687019944
    ]
  },
  {
    "timeStamp": 34961,
    "rotation": [
      [
        -0.953129649,
        -0.253623068,
        0.164982319
      ],
      [
        -0.3021122,
        0.827499866,
        -0.473257
      ],
      [
        -0.0164939519,
        -0.500918448,
        -0.865337253
      ]
    ],
    "translation": [
      1.76708,
      0.971371651,
      -0.6828345
    ]
  },
  {
    "timeStamp": 35016,
    "rotation": [
      [
        -0.940154135,
        -0.340740561,
        -0.00248881476
      ],
      [
        -0.272549361,
        0.756348133,
        -0.5946885
      ],
      [
        0.204516888,
        -0.5584205,
        -0.8039524
      ]
    ],
    "translation": [
      1.85352433,
      1.01345992,
      -0.6888865
    ]
  },
  {
    "timeStamp": 35061,
    "rotation": [
      [
        -0.89776057,
        -0.4303561,
        -0.09391353
      ],
      [
        -0.272621781,
        0.7103252,
        -0.6489341
      ],
      [
        0.3459819,
        -0.5569846,
        -0.75502634
      ]
    ],
    "translation": [
      1.91979349,
      1.03397369,
      -0.6919192
    ]
  },
  {
    "timeStamp": 35116,
    "rotation": [
      [
        -0.840323865,
        -0.49266687,
        -0.226130888
      ],
      [
        -0.2530513,
        0.7254221,
        -0.6400999
      ],
      [
        0.479396343,
        -0.4806685,
        -0.7342595
      ]
    ],
    "translation": [
      1.99621236,
      1.03687739,
      -0.694679856
    ]
  },
  {
    "timeStamp": 35160,
    "rotation": [
      [
        -0.778646469,
        -0.5491212,
        -0.303604335
      ],
      [
        -0.273674667,
        0.7326231,
        -0.623189747
      ],
      [
        0.564634264,
        -0.402155668,
        -0.720734954
      ]
    ],
    "translation": [
      2.05386066,
      1.02588189,
      -0.695444
    ]
  },
  {
    "timeStamp": 35216,
    "rotation": [
      [
        -0.7281567,
        -0.61677146,
        -0.29896608
      ],
      [
        -0.3734534,
        0.7227658,
        -0.5814999
      ],
      [
        0.574735,
        -0.311773121,
        -0.7566222
      ]
    ],
    "translation": [
      2.09988332,
      0.992193043,
      -0.693911135
    ]
  },
  {
    "timeStamp": 35266,
    "rotation": [
      [
        -0.6979946,
        -0.6484558,
        -0.303823233
      ],
      [
        -0.441114783,
        0.7235653,
        -0.53091526
      ],
      [
        0.564111054,
        -0.23655507,
        -0.7910881
      ]
    ],
    "translation": [
      2.132837,
      0.9496,
      -0.6949626
    ]
  },
  {
    "timeStamp": 35311,
    "rotation": [
      [
        -0.70781827,
        -0.6739371,
        -0.211665139
      ],
      [
        -0.518678844,
        0.699260235,
        -0.4919425
      ],
      [
        0.479547322,
        -0.238419667,
        -0.844506
      ]
    ],
    "translation": [
      2.13737869,
      0.9120809,
      -0.6959062
    ]
  },
  {
    "timeStamp": 35367,
    "rotation": [
      [
        -0.6859012,
        -0.7020805,
        -0.1913699
      ],
      [
        -0.5572214,
        0.6758694,
        -0.482394934
      ],
      [
        0.468021125,
        -0.224239886,
        -0.854793966
      ]
    ],
    "translation": [
      2.14855,
      0.8787276,
      -0.6972254
    ]
  },
  {
    "timeStamp": 35411,
    "rotation": [
      [
        -0.69894284,
        -0.6916551,
        -0.181912526
      ],
      [
        -0.5656629,
        0.690280735,
        -0.451151729
      ],
      [
        0.437612116,
        -0.212428078,
        -0.873710454
      ]
    ],
    "translation": [
      2.15315413,
      0.8567661,
      -0.695881963
    ]
  },
  {
    "timeStamp": 35466,
    "rotation": [
      [
        -0.695208967,
        -0.702825963,
        -0.1507322
      ],
      [
        -0.584446549,
        0.6747677,
        -0.450678349
      ],
      [
        0.418457657,
        -0.225220725,
        -0.8798687
      ]
    ],
    "translation": [
      2.155855,
      0.840750337,
      -0.691470742
    ]
  },
  {
    "timeStamp": 35511,
    "rotation": [
      [
        -0.6888914,
        -0.7059535,
        -0.164494127
      ],
      [
        -0.591901541,
        0.678846657,
        -0.434534043
      ],
      [
        0.4184271,
        -0.201982424,
        -0.8855065
      ]
    ],
    "translation": [
      2.15932775,
      0.828831434,
      -0.688524365
    ]
  },
  {
    "timeStamp": 35566,
    "rotation": [
      [
        -0.6639134,
        -0.73725605,
        -0.125189781
      ],
      [
        -0.62903136,
        0.641110659,
        -0.4396552
      ],
      [
        0.404398978,
        -0.21314469,
        -0.889399052
      ]
    ],
    "translation": [
      2.158567,
      0.820294738,
      -0.6823349
    ]
  }
]