[
  {
    "timeStamp": 19801,
    "rotation": [
      [
        -0.999996841,
        -0.0018335093,
        0.0017405001
      ],
      [
        0.00169551524,
        0.0242571272,
        0.9997043
      ],
      [
        -0.00187518855,
        0.999704063,
        -0.02425394
      ]
    ],
    "translation": [
      1.46224463,
      0.7000841,
      -0.74881196
    ]
  },
  {
    "timeStamp": 19847,
    "rotation": [
      [
        -0.9996273,
        -0.008058839,
        0.0260839034
      ],
      [
        0.0258429069,
        0.028686367,
        0.999254346
      ],
      [
        -0.008801077,
        0.999556,
        -0.0284674112
      ]
    ],
    "translation": [
      1.46215689,
      0.7026884,
      -0.7486129
    ]
  },
  {
    "timeStamp": 19890,
    "rotation": [
      [
        -0.992415667,
        -0.026279483,
        0.120085448
      ],
      [
        0.11669866,
        0.105604507,
        0.9875369
      ],
      [
        -0.0386335067,
        0.9940609,
        -0.101736784
      ]
    ],
    "translation": [
      1.43964,
      0.7123981,
      -0.729879737
    ]
  },
  {
    "timeStamp": 19945,
    "rotation": [
      [
        -0.9855337,
        -0.0258638933,
        0.167494282
      ],
      [
        0.16514574,
        0.07550764,
        0.983374536
      ],
      [
        -0.038080994,
        0.9968097,
        -0.07014401
      ]
    ],
    "translation": [
      1.444752,
      0.736979842,
      -0.74608916
    ]
  },
  {
    "timeStamp": 19990,
    "rotation": [
      [
        -0.9743544,
        -0.00822117552,
        0.224868476
      ],
      [
        0.224695668,
        0.01798035,
        0.9742631
      ],
      [
        -0.0120528033,
        0.9998045,
        -0.0156719722
      ]
    ],
    "translation": [
      1.44750869,
      0.766974866,
      -0.7725079
    ]
  },
  {
    "timeStamp": 20045,
    "rotation": [
      [
        -0.9519958,
        0.00746492064,
        0.306020081
      ],
      [
        0.3044394,
        -0.08124756,
        0.9490603
      ],
      [
        0.0319480449,
        0.996666,
        0.0750747249
      ]
    ],
    "translation": [
      1.46395159,
      0.8078946,
      -0.808912158
    ]
  },
  {
    "timeStamp": 20101,
    "rotation": [
      [
        -0.9203238,
        0.0270757135,
        0.3902192
      ],
      [
        0.378875583,
        -0.186318949,
        0.906497955
      ],
      [
        0.0972493142,
        0.9821162,
        0.161215425
      ]
    ],
    "translation": [
      1.48356485,
      0.8511846,
      -0.8484776
    ]
  },
  {
    "timeStamp": 20145,
    "rotation": [
      [
        -0.8773026,
        0.0586366579,
        0.4763423
      ],
      [
        0.4396114,
        -0.300048679,
        0.84658885
      ],
      [
        0.192566976,
        0.952120066,
        0.237456128
      ]
    ],
    "translation": [
      1.5052706,
      0.886341333,
      -0.8690188
    ]
  },
  {
    "timeStamp": 20190,
    "rotation": [
      [
        -0.8193332,
        0.09180985,
        0.5659187
      ],
      [
        0.49054864,
        -0.3986412,
        0.774885237
      ],
      [
        0.296740621,
        0.9124999,
        0.2815828
      ]
    ],
    "translation": [
      1.52236438,
      0.9290993,
      -0.88182354
    ]
  },
  {
    "timeStamp": 20245,
    "rotation": [
      [
        -0.7297696,
        0.197346345,
        0.6545921
      ],
      [
        0.554905355,
        -0.388341367,
        0.7357113
      ],
      [
        0.3993951,
        0.900136352,
        0.173891187
      ]
    ],
    "translation": [
      1.56161034,
      0.958755136,
      -0.8468187
    ]
  },
  {
    "timeStamp": 20290,
    "rotation": [
      [
        -0.6293554,
        0.304972261,
        0.7147753
      ],
      [
        0.6015042,
        -0.391197234,
        0.6965324
      ],
      [
        0.4920412,
        0.8683068,
        0.0627599955
      ]
    ],
    "translation": [
      1.59731293,
      0.987109065,
      -0.798405766
    ]
  },
  {
    "timeStamp": 20345,
    "rotation": [
      [
        -0.514341056,
        0.5135431,
        0.6868236
      ],
      [
        0.6694177,
        -0.260171264,
        0.6958383
      ],
      [
        0.5360347,
        0.817670047,
        -0.2099581
      ]
    ],
    "translation": [
      1.67362559,
      1.00394,
      -0.7191395
    ]
  },
  {
    "timeStamp": 20401,
    "rotation": [
      [
        -0.430420727,
        0.6797829,
        0.5938293
      ],
      [
        0.7113054,
        -0.1495666,
        0.686785638
      ],
      [
        0.5556822,
        0.7180007,
        -0.4191567
      ]
    ],
    "translation": [
      1.77124155,
      1.01971424,
      -0.6397305
    ]
  },
  {
    "timeStamp": 20445,
    "rotation": [
      [
        -0.371259153,
        0.7491787,
        0.548541665
      ],
      [
        0.7287535,
        -0.130990565,
        0.672130764
      ],
      [
        0.5753998,
        0.6492864,
        -0.497335136
      ]
    ],
    "translation": [
      1.82421112,
      1.02864873,
      -0.6137936
    ]
  },
  {
    "timeStamp": 20501,
    "rotation": [
      [
        -0.369094,
        0.778122544,
        0.50822717
      ],
      [
        0.6918899,
        -0.135058478,
        0.7092585
      ],
      [
        0.6205304,
        0.6134203,
        -0.488525838
      ]
    ],
    "translation": [
      1.86098039,
      1.01402962,
      -0.5994503
    ]
  },
  {
    "timeStamp": 20545,
    "rotation": [
      [
        -0.43395403,
        0.791614234,
        0.430152148
      ],
      [
        0.6688029,
        -0.03684808,
        0.742526054
      ],
      [
        0.6036445,
        0.6099091,
        -0.5134435
      ]
    ],
    "translation": [
      1.87514544,
      0.996928632,
      -0.5823979
    ]
  },
  {
    "timeStamp": 20601,
    "rotation": [
      [
        -0.485497475,
        0.736748159,
        0.470631838
      ],
      [
        0.672718644,
        -0.0289778635,
        0.739330769
      ],
      [
        0.558338463,
        0.675546,
        -0.481555551
      ]
    ],
    "translation": [
      1.84445667,
      0.9868671,
      -0.578563035
    ]
  },
  {
    "timeStamp": 20645,
    "rotation": [
      [
        -0.546974063,
        0.725124359,
        0.418346763
      ],
      [
        0.6439932,
        0.04517537,
        0.7636962
      ],
      [
        0.534875751,
        0.687134564,
        -0.4916849
      ]
    ],
    "translation": [
      1.83006787,
      0.967931747,
      -0.5615591
    ]
  },
  {
    "timeStamp": 20701,
    "rotation": [
      [
        -0.5886199,
        0.670456231,
        0.451680332
      ],
      [
        0.637224853,
        0.0409804732,
        0.769587636
      ],
      [
        0.497464746,
        0.7408165,
        -0.451353282
      ]
    ],
    "translation": [
      1.782206,
      0.9510658,
      -0.5549222
    ]
  },
  {
    "timeStamp": 20745,
    "rotation": [
      [
        -0.6117057,
        0.6462488,
        0.456265926
      ],
      [
        0.623511255,
        0.0388886221,
        0.780846536
      ],
      [
        0.48687762,
        0.762135267,
        -0.426731825
      ]
    ],
    "translation": [
      1.74614537,
      0.9348123,
      -0.5419826
    ]
  },
  {
    "timeStamp": 20801,
    "rotation": [
      [
        -0.6949362,
        0.6055027,
        0.3878532
      ],
      [
        0.548414052,
        0.09743373,
        0.8305111
      ],
      [
        0.465086728,
        0.7898564,
        -0.399776429
      ]
    ],
    "translation": [
      1.72321069,
      0.8917382,
      -0.5267794
    ]
  },
  {
    "timeStamp": 20845,
    "rotation": [
      [
        -0.726885438,
        0.5832631,
        0.362548918
      ],
      [
        0.51041925,
        0.105633982,
        0.8534129
      ],
      [
        0.4594668,
        0.8053854,
        -0.374492526
      ]
    ],
    "translation": [
      1.70226848,
      0.8695315,
      -0.5172641
    ]
  },
  {
    "timeStamp": 20901,
    "rotation": [
      [
        -0.7660865,
        0.553647459,
        0.326474965
      ],
      [
        0.475413263,
        0.146275684,
        0.867516935
      ],
      [
        0.4325432,
        0.8198036,
        -0.3752712
      ]
    ],
    "translation": [
      1.6851269,
      0.850382,
      -0.511724353
    ]
  },
  {
    "timeStamp": 20945,
    "rotation": [
      [
        -0.78867805,
        0.523398161,
        0.3225542
      ],
      [
        0.452218,
        0.138426036,
        0.881099939
      ],
      [
        0.416516185,
        0.840769,
        -0.34586364
      ]
    ],
    "translation": [
      1.66895735,
      0.8394689,
      -0.5178578
    ]
  },
  {
    "timeStamp": 21000,
    "rotation": [
      [
        -0.7995628,
        0.5125051,
        0.3131099
      ],
      [
        0.444677144,
        0.154760554,
        0.8822196
      ],
      [
        0.403685,
        0.8446228,
        -0.351640075
      ]
    ],
    "translation": [
      1.65647769,
      0.832590461,
      -0.516566038
    ]
  },
  {
    "timeStamp": 21045,
    "rotation": [
      [
        -0.8083719,
        0.498574138,
        0.312983423
      ],
      [
        0.43553406,
        0.148850545,
        0.88778013
      ],
      [
        0.396036446,
        0.8539715,
        -0.337472618
      ]
    ],
    "translation": [
      1.64487076,
      0.826702356,
      -0.520326257
    ]
  },
  {
    "timeStamp": 21100,
    "rotation": [
      [
        -0.820998251,
        0.48728627,
        0.297512919
      ],
      [
        0.422674179,
        0.168448433,
        0.8904896
      ],
      [
        0.383807778,
        0.8568414,
        -0.3442592
      ]
    ],
    "translation": [
      1.63962793,
      0.821060658,
      -0.5181216
    ]
  },
  {
    "timeStamp": 21145,
    "rotation": [
      [
        -0.815179646,
        0.4967566,
        0.297850728
      ],
      [
        0.4302695,
        0.1751037,
        0.8855545
      ],
      [
        0.387750268,
        0.8500421,
        -0.3564802
      ]
    ],
    "translation": [
      1.63768291,
      0.82372725,
      -0.514487267
    ]
  },
  {
    "timeStamp": 21200,
    "rotation": [
      [
        -0.7974493,
        0.51741606,
        0.310411453
      ],
      [
        0.456086755,
        0.18007645,
        0.8715259
      ],
      [
        0.395043731,
        0.83657223,
        -0.379588455
      ]
    ],
    "translation": [
      1.64023042,
      0.8366431,
      -0.5092254
    ]
  },
  {
    "timeStamp": 21245,
    "rotation": [
      [
        -0.7837682,
        0.5355609,
        0.314455122
      ],
      [
        0.4883342,
        0.218610883,
        0.844830751
      ],
      [
        0.383714974,
        0.815710664,
        -0.432872921
      ]
    ],
    "translation": [
      1.65207016,
      0.854880631,
      -0.502318561
    ]
  },
  {
    "timeStamp": 21300,
    "rotation": [
      [
        -0.751975834,
        0.579097331,
        0.3149265
      ],
      [
        0.5519401,
        0.291921854,
        0.781116962
      ],
      [
        0.360408783,
        0.7612017,
        -0.539145231
      ]
    ],
    "translation": [
      1.67912376,
      0.894458652,
      -0.484365344
    ]
  },
  {
    "timeStamp": 21344,
    "rotation": [
      [
        -0.7365777,
        0.617139637,
        0.276752561
      ],
      [
        0.6008601,
        0.4092167,
        0.686665
      ],
      [
        0.310516417,
        0.6720717,
        -0.6722345
      ]
    ],
    "translation": [
      1.71612167,
      0.9323195,
      -0.470322728
    ]
  },
  {
    "timeStamp": 21400,
    "rotation": [
      [
        -0.7490045,
        0.629335,
        0.20719476
      ],
      [
        0.621145546,
        0.558132648,
        0.55015105
      ],
      [
        0.23058717,
        0.540763736,
        -0.8089525
      ]
    ],
    "translation": [
      1.77766514,
      0.9880581,
      -0.455067456
    ]
  },
  {
    "timeStamp": 21444,
    "rotation": [
      [
        -0.7614605,
        0.636628747,
        0.12199074
      ],
      [
        0.6280489,
        0.678019464,
        0.3818956
      ],
      [
        0.160413623,
        0.367414564,
        -0.916119
      ]
    ],
    "translation": [
      1.83556414,
      1.03390992,
      -0.451761127
    ]
  },
  {
    "timeStamp": 21500,
    "rotation": [
      [
        -0.799825132,
        0.5983599,
        0.0473838225
      ],
      [
        0.5885409,
        0.766291857,
        0.2577137
      ],
      [
        0.117895707,
        0.234013215,
        -0.9650588
      ]
    ],
    "translation": [
      1.90763032,
      1.06971061,
      -0.461768776
    ]
  },
  {
    "timeStamp": 21544,
    "rotation": [
      [
        -0.8400631,
        0.5419522,
        -0.0241218284
      ],
      [
        0.5258885,
        0.8244672,
        0.209033817
      ],
      [
        0.133173987,
        0.1629162,
        -0.9776109
      ]
    ],
    "translation": [
      1.96244907,
      1.06765318,
      -0.4750674
    ]
  },
  {
    "timeStamp": 21599,
    "rotation": [
      [
        -0.890819848,
        0.4414863,
        -0.107377328
      ],
      [
        0.420979857,
        0.8909058,
        0.170478269
      ],
      [
        0.1709269,
        0.106661737,
        -0.979493439
      ]
    ],
    "translation": [
      2.031089,
      1.05626118,
      -0.4874704
    ]
  },
  {
    "timeStamp": 21644,
    "rotation": [
      [
        -0.912237167,
        0.378929317,
        -0.155678689
      ],
      [
        0.353614867,
        0.9202222,
        0.167772189
      ],
      [
        0.2068328,
        0.09799773,
        -0.973456
      ]
    ],
    "translation": [
      2.08279347,
      1.03620768,
      -0.497337461
    ]
  },
  {
    "timeStamp": 21707,
    "rotation": [
      [
        -0.956055641,
        0.227979571,
        -0.1843447
      ],
      [
        0.205931067,
        0.969724238,
        0.131252825
      ],
      [
        0.208686486,
        0.0875227,
        -0.97405833
      ]
    ],
    "translation": [
      2.12921047,
      1.01497054,
      -0.5108346
    ]
  },
  {
    "timeStamp": 21741,
    "rotation": [
      [
        -0.9691313,
        0.154548377,
        -0.1920922
      ],
      [
        0.134808838,
        0.984524548,
        0.111973353
      ],
      [
        0.206424773,
        0.08262116,
        -0.974968
      ]
    ],
    "translation": [
      2.15608835,
      0.9980753,
      -0.5207051
    ]
  },
  {
    "timeStamp": 21795,
    "rotation": [
      [
        -0.9739094,
        0.08735314,
        -0.209451467
      ],
      [
        0.060522303,
        0.9894988,
        0.131259918
      ],
      [
        0.218717948,
        0.115158781,
        -0.968969
      ]
    ],
    "translation": [
      2.18712783,
      0.967473745,
      -0.530956745
    ]
  },
  {
    "timeStamp": 21851,
    "rotation": [
      [
        -0.97807914,
        0.02837287,
        -0.206291363
      ],
      [
        0.00449612,
        0.9933203,
        0.115301907
      ],
      [
        0.208184853,
        0.111846879,
        -0.9716735
      ]
    ],
    "translation": [
      2.206298,
      0.9473485,
      -0.5358978
    ]
  },
  {
    "timeStamp": 21895,
    "rotation": [
      [
        -0.9784157,
        -0.0102006765,
        -0.206394613
      ],
      [
        -0.0366039164,
        0.9915422,
        0.124516062
      ],
      [
        0.203378826,
        0.129383326,
        -0.9705138
      ]
    ],
    "translation": [
      2.21890759,
      0.9260657,
      -0.5388408
    ]
  },
  {
    "timeStamp": 21950,
    "rotation": [
      [
        -0.97848326,
        -0.0115688648,
        -0.206001624
      ],
      [
        -0.041617576,
        0.988971531,
        0.1421388
      ],
      [
        0.202085346,
        0.147653714,
        -0.9681735
      ]
    ],
    "translation": [
      2.23344445,
      0.9024249,
      -0.5414839
    ]
  },
  {
    "timeStamp": 21995,
    "rotation": [
      [
        -0.975491941,
        -0.04011358,
        -0.216347486
      ],
      [
        -0.07600205,
        0.984152257,
        0.160212234
      ],
      [
        0.206492186,
        0.1727286,
        -0.9630814
      ]
    ],
    "translation": [
      2.246785,
      0.883174241,
      -0.5434576
    ]
  },
  {
    "timeStamp": 22050,
    "rotation": [
      [
        -0.978248835,
        -0.0494594052,
        -0.201452076
      ],
      [
        -0.08600377,
        0.9804612,
        0.176915839
      ],
      [
        0.1887658,
        0.190393358,
        -0.963388741
      ]
    ],
    "translation": [
      2.25279737,
      0.8635803,
      -0.5478327
    ]
  },
  {
    "timeStamp": 22095,
    "rotation": [
      [
        -0.978203058,
        -0.06313949,
        -0.197818443
      ],
      [
        -0.101384573,
        0.9766073,
        0.189629465
      ],
      [
        0.181217819,
        0.205551863,
        -0.961721659
      ]
    ],
    "translation": [
      2.25984573,
      0.851881266,
      -0.5514266
    ]
  },
  {
    "timeStamp": 22151,
    "rotation": [
      [
        -0.9785805,
        -0.07549807,
        -0.191521
      ],
      [
        -0.111838691,
        0.976032734,
        0.186687484
      ],
      [
        0.172836214,
        0.204108179,
        -0.9635702
      ]
    ],
    "translation": [
      2.26518083,
      0.8449698,
      -0.5531351
    ]
  },
  {
    "timeStamp": 22196,
    "rotation": [
      [
        -0.979053855,
        -0.08284546,
        -0.185984373
      ],
      [
        -0.1163948,
        0.97722733,
        0.177423149
      ],
      [
        0.167050317,
        0.195354432,
        -0.966401
      ]
    ],
    "translation": [
      2.26826453,
      0.84278,
      -0.5524001
    ]
  },
  {
    "timeStamp": 22242,
    "rotation": [
      [
        -0.9789272,
        -0.0934136,
        -0.181591615
      ],
      [
        -0.126205146,
        0.975837648,
        0.178362548
      ],
      [
        0.160542428,
        0.197521746,
        -0.967063248
      ]
    ],
    "translation": [
      2.27110124,
      0.838115454,
      -0.5510851
    ]
  },
  {
    "timeStamp": 22299,
    "rotation": [
      [
        -0.9775855,
        -0.116282679,
        -0.1755131
      ],
      [
        -0.146191075,
        0.9748138,
        0.168422267
      ],
      [
        0.151508018,
        0.19030562,
        -0.969963431
      ]
    ],
    "translation": [
      2.27307916,
      0.8346415,
      -0.547279835
    ]
  },
  {
    "timeStamp": 22344,
    "rotation": [
      [
        -0.979266465,
        -0.116342753,
        -0.165835857
      ],
      [
        -0.144361034,
        0.9750946,
        0.168375745
      ],
      [
        0.142116353,
        0.188824952,
        -0.971672833
      ]
    ],
    "translation": [
      2.27302074,
      0.831239939,
      -0.544164
    ]
  },
  {
    "timeStamp": 22399,
    "rotation": [
      [
        -0.978773654,
        -0.12696521,
        -0.160878912
      ],
      [
        -0.1532483,
        0.9746214,
        0.163181
      ],
      [
        0.136077717,
        0.18437168,
        -0.973391
      ]
    ],
    "translation": [
      2.27304,
      0.8274673,
      -0.539857745
    ]
  },
  {
    "timeStamp": 22444,
    "rotation": [
      [
        -0.980545938,
        -0.120200053,
        -0.15518266
      ],
      [
        -0.144567862,
        0.977006137,
        0.156713635
      ],
      [
        0.132777423,
        0.176099345,
        -0.9753764
      ]
    ],
    "translation": [
      2.27294922,
      0.826670468,
      -0.5367652
    ]
  },
  {
    "timeStamp": 22499,
    "rotation": [
      [
        -0.9808967,
        -0.124519728,
        -0.149453864
      ],
      [
        -0.146707267,
        0.978046,
        0.147996575
      ],
      [
        0.127744257,
        0.167095318,
        -0.9776301
      ]
    ],
    "translation": [
      2.2728982,
      0.825367,
      -0.533893764
    ]
  },
  {
    "timeStamp": 22544,
    "rotation": [
      [
        -0.9805675,
        -0.127647623,
        -0.148974434
      ],
      [
        -0.1501174,
        0.9770874,
        0.150880635
      ],
      [
        0.1263015,
        0.1703123,
        -0.977262259
      ]
    ],
    "translation": [
      2.272943,
      0.8249443,
      -0.5311454
    ]
  },
  {
    "timeStamp": 22600,
    "rotation": [
      [
        -0.9823584,
        -0.117242157,
        -0.145692229
      ],
      [
        -0.139093131,
        0.978825748,
        0.1501773
      ],
      [
        0.1250002,
        0.167792723,
        -0.9778653
      ]
    ],
    "translation": [
      2.272985,
      0.8248029,
      -0.5295772
    ]
  },
  {
    "timeStamp": 22644,
    "rotation": [
      [
        -0.9804363,
        -0.133983478,
        -0.1441981
      ],
      [
        -0.1550778,
        0.9769554,
        0.1466595
      ],
      [
        0.121225163,
        0.166152209,
        -0.97862047
      ]
    ],
    "translation": [
      2.27306747,
      0.8242707,
      -0.52926755
    ]
  },
  {
    "timeStamp": 22699,
    "rotation": [
      [
        -0.974591732,
        -0.176691324,
        -0.13766332
      ],
      [
        -0.195552111,
        0.970897257,
        0.138267353
      ],
      [
        0.1092263,
        0.161674574,
        -0.9807808
      ]
    ],
    "translation": [
      2.2732,
      0.821803,
      -0.5280498
    ]
  },
  {
    "timeStamp": 22744,
    "rotation": [
      [
        -0.971496165,
        -0.19673802,
        -0.132247522
      ],
      [
        -0.213865846,
        0.9680456,
        0.130955011
      ],
      [
        0.102257796,
        0.155505508,
        -0.982528031
      ]
    ],
    "translation": [
      2.273374,
      0.8195023,
      -0.526437044
    ]
  }
]