[
  {
    "timeStamp": 11559,
    "rotation": [
      [
        -0.999996364,
        -0.0009417188,
        -0.00253472663
      ],
      [
        -0.00255533285,
        0.0225655921,
        0.9997421
      ],
      [
        -0.0008842765,
        0.9997449,
        -0.0225679148
      ]
    ],
    "translation": [
      1.77036452,
      0.700188637,
      -0.619608
    ]
  },
  {
    "timeStamp": 11607,
    "rotation": [
      [
        -0.9999782,
        -0.0008843821,
        0.00654121954
      ],
      [
        0.00652929954,
        0.0128688728,
        0.9998959
      ],
      [
        -0.0009684714,
        0.9999168,
        -0.0128628174
      ]
    ],
    "translation": [
      1.7703675,
      0.7022656,
      -0.619589567
    ]
  },
  {
    "timeStamp": 11660,
    "rotation": [
      [
        -0.999338865,
        0.02212327,
        0.0288518537
      ],
      [
        0.0298259966,
        0.0450457633,
        0.998539567
      ],
      [
        0.0207912959,
        0.998739958,
        -0.0456758328
      ]
    ],
    "translation": [
      1.76614642,
      0.703044653,
      -0.6153601
    ]
  },
  {
    "timeStamp": 11704,
    "rotation": [
      [
        -0.9980448,
        0.02286329,
        0.05817115
      ],
      [
        0.0597522557,
        0.07595393,
        0.995319366
      ],
      [
        0.0183379352,
        0.9968492,
        -0.07717156
      ]
    ],
    "translation": [
      1.75956666,
      0.7127235,
      -0.6102546
    ]
  },
  {
    "timeStamp": 11760,
    "rotation": [
      [
        -0.993889153,
        0.046463374,
        0.100127377
      ],
      [
        0.104837552,
        0.113452509,
        0.987996757
      ],
      [
        0.03454595,
        0.9924564,
        -0.117630325
      ]
    ],
    "translation": [
      1.7547338,
      0.740646,
      -0.6042671
    ]
  },
  {
    "timeStamp": 11805,
    "rotation": [
      [
        -0.987681031,
        0.07812853,
        0.135580629
      ],
      [
        0.146202981,
        0.151917815,
        0.977520168
      ],
      [
        0.05577511,
        0.9853004,
        -0.161468968
      ]
    ],
    "translation": [
      1.75801289,
      0.769184649,
      -0.6001926
    ]
  },
  {
    "timeStamp": 11861,
    "rotation": [
      [
        -0.9744971,
        0.131226733,
        0.182029992
      ],
      [
        0.2049618,
        0.1902655,
        0.9600988
      ],
      [
        0.09135662,
        0.9729227,
        -0.212309659
      ]
    ],
    "translation": [
      1.76688361,
      0.8108672,
      -0.592377245
    ]
  },
  {
    "timeStamp": 11905,
    "rotation": [
      [
        -0.9656626,
        0.16830802,
        0.197909519
      ],
      [
        0.231986925,
        0.215696216,
        0.9485026
      ],
      [
        0.116952248,
        0.961845934,
        -0.247335032
      ]
    ],
    "translation": [
      1.78906929,
      0.843613,
      -0.591002643
    ]
  },
  {
    "timeStamp": 11960,
    "rotation": [
      [
        -0.9532182,
        0.225716159,
        0.201065361
      ],
      [
        0.257580876,
        0.25840506,
        0.931063354
      ],
      [
        0.158199757,
        0.93929714,
        -0.304456562
      ]
    ],
    "translation": [
      1.826035,
      0.888525,
      -0.579612255
    ]
  },
  {
    "timeStamp": 12005,
    "rotation": [
      [
        -0.9451199,
        0.2729448,
        0.179581463
      ],
      [
        0.261327922,
        0.3016185,
        0.9169155
      ],
      [
        0.196102217,
        0.913524747,
        -0.356393725
      ]
    ],
    "translation": [
      1.86700118,
      0.9230164,
      -0.569442034
    ]
  },
  {
    "timeStamp": 12060,
    "rotation": [
      [
        -0.9135789,
        0.38012135,
        0.144503579
      ],
      [
        0.2756561,
        0.3176088,
        0.9072697
      ],
      [
        0.298976958,
        0.8686958,
        -0.3949435
      ]
    ],
    "translation": [
      1.92614007,
      0.9628255,
      -0.555826962
    ]
  },
  {
    "timeStamp": 12104,
    "rotation": [
      [
        -0.8575947,
        0.502261043,
        0.110747866
      ],
      [
        0.272200853,
        0.26052627,
        0.9263006
      ],
      [
        0.436391979,
        0.824536145,
        -0.360141844
      ]
    ],
    "translation": [
      1.97606063,
      0.9794142,
      -0.5586055
    ]
  },
  {
    "timeStamp": 12160,
    "rotation": [
      [
        -0.7781414,
        0.6273587,
        0.0302835722
      ],
      [
        0.211910143,
        0.216842413,
        0.9529289
      ],
      [
        0.591261446,
        0.7479308,
        -0.3016777
      ]
    ],
    "translation": [
      2.05212545,
      0.9801117,
      -0.5751889
    ]
  },
  {
    "timeStamp": 12205,
    "rotation": [
      [
        -0.7479507,
        0.662172139,
        0.0458025672
      ],
      [
        0.238297671,
        0.203480467,
        0.9496367
      ],
      [
        0.619503,
        0.721196055,
        -0.309987426
      ]
    ],
    "translation": [
      2.08221388,
      0.9871086,
      -0.5773389
    ]
  },
  {
    "timeStamp": 12255,
    "rotation": [
      [
        -0.7415828,
        0.6652554,
        0.08654575
      ],
      [
        0.2565991,
        0.162082151,
        0.9528307
      ],
      [
        0.619848251,
        0.7288104,
        -0.290901273
      ]
    ],
    "translation": [
      2.09883285,
      0.985011935,
      -0.592544436
    ]
  },
  {
    "timeStamp": 12301,
    "rotation": [
      [
        -0.7709849,
        0.636811435,
        -0.00731176324
      ],
      [
        0.176625535,
        0.22484228,
        0.958253264
      ],
      [
        0.611870646,
        0.737507343,
        -0.28582716
      ]
    ],
    "translation": [
      2.14062834,
      0.9674042,
      -0.600271344
    ]
  },
  {
    "timeStamp": 12355,
    "rotation": [
      [
        -0.821236551,
        0.5643372,
        -0.08422634
      ],
      [
        0.0819828957,
        0.262785465,
        0.961365
      ],
      [
        0.564667463,
        0.782602966,
        -0.262075
      ]
    ],
    "translation": [
      2.1841073,
      0.9432565,
      -0.611110449
    ]
  },
  {
    "timeStamp": 12410,
    "rotation": [
      [
        -0.8662127,
        0.47888726,
        -0.14262715
      ],
      [
        0.0100134956,
        0.302019,
        0.953249335
      ],
      [
        0.499575049,
        0.824288547,
        -0.266408056
      ]
    ],
    "translation": [
      2.21270514,
      0.922086358,
      -0.611383736
    ]
  },
  {
    "timeStamp": 12455,
    "rotation": [
      [
        -0.889953,
        0.4266316,
        -0.161149457
      ],
      [
        -0.02554865,
        0.3061625,
        0.9516364
      ],
      [
        0.455336064,
        0.8510288,
        -0.261570364
      ]
    ],
    "translation": [
      2.22497439,
      0.9045655,
      -0.607930362
    ]
  },
  {
    "timeStamp": 12510,
    "rotation": [
      [
        -0.9034463,
        0.39400363,
        -0.168955535
      ],
      [
        -0.05658643,
        0.281063169,
        0.958019555
      ],
      [
        0.424950361,
        0.8750798,
        -0.2316302
      ]
    ],
    "translation": [
      2.23353219,
      0.8804671,
      -0.6075962
    ]
  },
  {
    "timeStamp": 12555,
    "rotation": [
      [
        -0.917938948,
        0.350406945,
        -0.186018944
      ],
      [
        -0.08979327,
        0.273212522,
        0.957753658
      ],
      [
        0.38642624,
        0.895862639,
        -0.21932824
      ]
    ],
    "translation": [
      2.24115658,
      0.8629848,
      -0.602603436
    ]
  },
  {
    "timeStamp": 12610,
    "rotation": [
      [
        -0.929818451,
        0.3183647,
        -0.184611961
      ],
      [
        -0.1050608,
        0.251134545,
        0.962233663
      ],
      [
        0.35270372,
        0.914098144,
        -0.200061888
      ]
    ],
    "translation": [
      2.24541116,
      0.8438755,
      -0.597472966
    ]
  },
  {
    "timeStamp": 12655,
    "rotation": [
      [
        -0.9376349,
        0.305183619,
        -0.166444317
      ],
      [
        -0.09735647,
        0.229107484,
        0.9685202
      ],
      [
        0.3337102,
        0.9243228,
        -0.185107574
      ]
    ],
    "translation": [
      2.24119,
      0.8311977,
      -0.5930692
    ]
  },
  {
    "timeStamp": 12701,
    "rotation": [
      [
        -0.9423454,
        0.2754528,
        -0.190028667
      ],
      [
        -0.124181844,
        0.239467874,
        0.9629299
      ],
      [
        0.3107475,
        0.931010664,
        -0.191455215
      ]
    ],
    "translation": [
      2.251135,
      0.820725262,
      -0.5832053
    ]
  },
  {
    "timeStamp": 12757,
    "rotation": [
      [
        -0.9492366,
        0.2646852,
        -0.169975623
      ],
      [
        -0.1170103,
        0.204472929,
        0.9718536
      ],
      [
        0.291990668,
        0.942407846,
        -0.163122281
      ]
    ],
    "translation": [
      2.24947762,
      0.806851864,
      -0.581044734
    ]
  },
  {
    "timeStamp": 12803,
    "rotation": [
      [
        -0.9555442,
        0.253565937,
        -0.150464386
      ],
      [
        -0.101680152,
        0.195618778,
        0.9753945
      ],
      [
        0.2767605,
        0.9473318,
        -0.161139771
      ]
    ],
    "translation": [
      2.24433136,
      0.7983335,
      -0.57628727
    ]
  },
  {
    "timeStamp": 12860,
    "rotation": [
      [
        -0.9631055,
        0.22206901,
        -0.152029946
      ],
      [
        -0.109137192,
        0.194094226,
        0.9748931
      ],
      [
        0.246001646,
        0.955517054,
        -0.162697226
      ]
    ],
    "translation": [
      2.25089931,
      0.7879225,
      -0.5675515
    ]
  },
  {
    "timeStamp": 12904,
    "rotation": [
      [
        -0.96819,
        0.210832551,
        -0.134750634
      ],
      [
        -0.09717023,
        0.179457873,
        0.978955
      ],
      [
        0.230577633,
        0.9609082,
        -0.153262675
      ]
    ],
    "translation": [
      2.24633145,
      0.779108644,
      -0.568084
    ]
  },
  {
    "timeStamp": 12960,
    "rotation": [
      [
        -0.973516047,
        0.190364361,
        -0.126601666
      ],
      [
        -0.09427283,
        0.170228943,
        0.9808847
      ],
      [
        0.208276749,
        0.966842055,
        -0.147774413
      ]
    ],
    "translation": [
      2.24998951,
      0.770513058,
      -0.561650634
    ]
  },
  {
    "timeStamp": 13004,
    "rotation": [
      [
        -0.9751829,
        0.199869543,
        -0.0952391848
      ],
      [
        -0.06778763,
        0.1399667,
        0.9878331
      ],
      [
        0.210768044,
        0.969773948,
        -0.122944437
      ]
    ],
    "translation": [
      2.24531317,
      0.764530659,
      -0.5641793
    ]
  },
  {
    "timeStamp": 13060,
    "rotation": [
      [
        -0.9761465,
        0.197436109,
        -0.09031669
      ],
      [
        -0.0643108338,
        0.13438274,
        0.988840461
      ],
      [
        0.207369775,
        0.971061468,
        -0.118479952
      ]
    ],
    "translation": [
      2.24743986,
      0.758671641,
      -0.5608258
    ]
  },
  {
    "timeStamp": 13104,
    "rotation": [
      [
        -0.9753704,
        0.2030629,
        -0.0861276761
      ],
      [
        -0.0632378459,
        0.116642967,
        0.9911586
      ],
      [
        0.211313739,
        0.9721933,
        -0.100928836
      ]
    ],
    "translation": [
      2.24981427,
      0.7541577,
      -0.5618615
    ]
  },
  {
    "timeStamp": 13160,
    "rotation": [
      [
        -0.9753138,
        0.198814377,
        -0.09610311
      ],
      [
        -0.07340759,
        0.11854706,
        0.9902312
      ],
      [
        0.208264977,
        0.9728409,
        -0.101026095
      ]
    ],
    "translation": [
      2.2554152,
      0.74963963,
      -0.559148967
    ]
  },
  {
    "timeStamp": 13204,
    "rotation": [
      [
        -0.976768136,
        0.189376,
        -0.100303106
      ],
      [
        -0.0795698538,
        0.114094146,
        0.9902783
      ],
      [
        0.198978961,
        0.9752534,
        -0.0963749
      ]
    ],
    "translation": [
      2.2591362,
      0.746907,
      -0.5600273
    ]
  },
  {
    "timeStamp": 13259,
    "rotation": [
      [
        -0.9764683,
        0.188891143,
        -0.104066141
      ],
      [
        -0.0846985057,
        0.10787835,
        0.990549564
      ],
      [
        0.198332518,
        0.9760545,
        -0.08934099
      ]
    ],
    "translation": [
      2.26143479,
      0.7451141,
      -0.560893
    ]
  },
  {
    "timeStamp": 13304,
    "rotation": [
      [
        -0.977212846,
        0.184612975,
        -0.104752429
      ],
      [
        -0.08582391,
        0.107716866,
        0.990470231
      ],
      [
        0.19413729,
        0.976890564,
        -0.0894181
      ]
    ],
    "translation": [
      2.26234484,
      0.74520123,
      -0.5605197
    ]
  },
  {
    "timeStamp": 13359,
    "rotation": [
      [
        -0.978708148,
        0.1811434,
        -0.09652626
      ],
      [
        -0.0779556,
        0.106992312,
        0.9911991
      ],
      [
        0.18987672,
        0.9776194,
        -0.0905931145
      ]
    ],
    "translation": [
      2.25915551,
      0.74662286,
      -0.560794652
    ]
  },
  {
    "timeStamp": 13404,
    "rotation": [
      [
        -0.979630232,
        0.179609522,
        -0.08980552
      ],
      [
        -0.07083618,
        0.10938406,
        0.9914723
      ],
      [
        0.187901184,
        0.9776377,
        -0.0944330841
      ]
    ],
    "translation": [
      2.25669265,
      0.748420954,
      -0.559472263
    ]
  },
  {
    "timeStamp": 13459,
    "rotation": [
      [
        -0.980217934,
        0.174573079,
        -0.09325783
      ],
      [
        -0.07343876,
        0.116745211,
        0.990443
      ],
      [
        0.18379207,
        0.977698743,
        -0.101615325
      ]
    ],
    "translation": [
      2.25620556,
      0.749909,
      -0.5580706
    ]
  },
  {
    "timeStamp": 13504,
    "rotation": [
      [
        -0.9804366,
        0.174347028,
        -0.09136282
      ],
      [
        -0.07247288,
        0.111806579,
        0.991083741
      ],
      [
        0.183007464,
        0.9783161,
        -0.09698383
      ]
    ],
    "translation": [
      2.25506878,
      0.751407743,
      -0.5604919
    ]
  },
  {
    "timeStamp": 13559,
    "rotation": [
      [
        -0.980863154,
        0.170700312,
        -0.0936423838
      ],
      [
        -0.0738939643,
        0.11859291,
        0.990189552
      ],
      [
        0.180131018,
        0.9781601,
        -0.10370969
      ]
    ],
    "translation": [
      2.25423479,
      0.7546377,
      -0.561662
    ]
  },
  {
    "timeStamp": 13604,
    "rotation": [
      [
        -0.9818414,
        0.156617269,
        -0.107044488
      ],
      [
        -0.0846600756,
        0.143215,
        0.986063957
      ],
      [
        0.169765025,
        0.9772208,
        -0.127355188
      ]
    ],
    "translation": [
      2.256128,
      0.7601854,
      -0.561164558
    ]
  },
  {
    "timeStamp": 13655,
    "rotation": [
      [
        -0.9835565,
        0.144500867,
        -0.108332872
      ],
      [
        -0.08159979,
        0.179561824,
        0.9803566
      ],
      [
        0.161114842,
        0.973076046,
        -0.164817974
      ]
    ],
    "translation": [
      2.2530055,
      0.773488939,
      -0.5642699
    ]
  },
  {
    "timeStamp": 13710,
    "rotation": [
      [
        -0.982609,
        0.164687231,
        -0.08577722
      ],
      [
        -0.046476718,
        0.229112312,
        0.9722898
      ],
      [
        0.179776341,
        0.9593673,
        -0.2174737
      ]
    ],
    "translation": [
      2.241094,
      0.7881843,
      -0.5691136
    ]
  },
  {
    "timeStamp": 13754,
    "rotation": [
      [
        -0.98380816,
        0.144173115,
        -0.106469072
      ],
      [
        -0.0525762,
        0.335757136,
        0.9404801
      ],
      [
        0.1713397,
        0.930849731,
        -0.322740555
      ]
    ],
    "translation": [
      2.240031,
      0.796553254,
      -0.5665135
    ]
  },
  {
    "timeStamp": 13809,
    "rotation": [
      [
        -0.972316265,
        0.203183755,
        -0.115400724
      ],
      [
        -0.02268683,
        0.409445733,
        0.912052333
      ],
      [
        0.232564569,
        0.8894214,
        -0.393501163
      ]
    ],
    "translation": [
      2.23882151,
      0.8021624,
      -0.569936037
    ]
  },
  {
    "timeStamp": 13854,
    "rotation": [
      [
        -0.9783593,
        0.160262674,
        -0.130877644
      ],
      [
        -0.0365127623,
        0.4888774,
        0.871588051
      ],
      [
        0.203666151,
        0.857504964,
        -0.472446084
      ]
    ],
    "translation": [
      2.241235,
      0.8013828,
      -0.5775959
    ]
  },
  {
    "timeStamp": 13909,
    "rotation": [
      [
        -0.976703,
        0.121692739,
        -0.176754355
      ],
      [
        -0.06544236,
        0.615522742,
        0.785397351
      ],
      [
        0.2043735,
        0.778667152,
        -0.5932191
      ]
    ],
    "translation": [
      2.253686,
      0.798088551,
      -0.575438261
    ]
  },
  {
    "timeStamp": 13954,
    "rotation": [
      [
        -0.9682975,
        0.175317615,
        -0.177942619
      ],
      [
        -0.0138128893,
        0.673673451,
        0.738900065
      ],
      [
        0.2494174,
        0.717933,
        -0.6498947
      ]
    ],
    "translation": [
      2.25486159,
      0.792577863,
      -0.5750065
    ]
  },
  {
    "timeStamp": 14009,
    "rotation": [
      [
        -0.965206444,
        0.1791226,
        -0.190503448
      ],
      [
        -0.00274755014,
        0.721546054,
        0.692361
      ],
      [
        0.26147452,
        0.668794751,
        -0.6959488
      ]
    ],
    "translation": [
      2.25882864,
      0.7750211,
      -0.583887637
    ]
  },
  {
    "timeStamp": 14054,
    "rotation": [
      [
        -0.969113469,
        0.1192848,
        -0.215847626
      ],
      [
        -0.0348202065,
        0.800288737,
        0.5986029
      ],
      [
        0.244144663,
        0.58763,
        -0.7714171
      ]
    ],
    "translation": [
      2.264775,
      0.7874157,
      -0.567685366
    ]
  },
  {
    "timeStamp": 14109,
    "rotation": [
      [
        -0.9642735,
        0.1678927,
        -0.204911038
      ],
      [
        0.01463555,
        0.80609864,
        0.5916002
      ],
      [
        0.264503866,
        0.5674654,
        -0.779756844
      ]
    ],
    "translation": [
      2.25990844,
      0.765894234,
      -0.5753018
    ]
  },
  {
    "timeStamp": 14154,
    "rotation": [
      [
        -0.9708481,
        0.107515,
        -0.2142302
      ],
      [
        -0.01856653,
        0.8573425,
        0.514411449
      ],
      [
        0.238975585,
        0.5033929,
        -0.830353141
      ]
    ],
    "translation": [
      2.26533055,
      0.772264063,
      -0.564090848
    ]
  },
  {
    "timeStamp": 14210,
    "rotation": [
      [
        -0.972453,
        0.0620126575,
        -0.224698752
      ],
      [
        -0.0536686964,
        0.8785004,
        0.4747175
      ],
      [
        0.226836443,
        0.473699749,
        -0.850972235
      ]
    ],
    "translation": [
      2.26837373,
      0.765992463,
      -0.5585815
    ]
  },
  {
    "timeStamp": 14254,
    "rotation": [
      [
        -0.9756079,
        0.0358529426,
        -0.216572881
      ],
      [
        -0.06797928,
        0.88873297,
        0.453356922
      ],
      [
        0.20872964,
        0.457021058,
        -0.864617646
      ]
    ],
    "translation": [
      2.26978922,
      0.760612,
      -0.5546932
    ]
  },
  {
    "timeStamp": 14309,
    "rotation": [
      [
        -0.975957632,
        -0.0114998342,
        -0.217656821
      ],
      [
        -0.104433149,
        0.901189,
        0.420656741
      ],
      [
        0.191312447,
        0.433273733,
        -0.880723238
      ]
    ],
    "translation": [
      2.27317715,
      0.756317556,
      -0.549142957
    ]
  },
  {
    "timeStamp": 14355,
    "rotation": [
      [
        -0.979100764,
        -0.0140566621,
        -0.20288907
      ],
      [
        -0.09499735,
        0.913698137,
        0.39513433
      ],
      [
        0.1798251,
        0.406150252,
        -0.8959379
      ]
    ],
    "translation": [
      2.27302647,
      0.7572917,
      -0.5443975
    ]
  },
  {
    "timeStamp": 14400,
    "rotation": [
      [
        -0.9793001,
        -0.06577463,
        -0.19142893
      ],
      [
        -0.13387835,
        0.919798732,
        0.3688453
      ],
      [
        0.151815414,
        0.386838436,
        -0.9095648
      ]
    ],
    "translation": [
      2.27261353,
      0.7597578,
      -0.5399051
    ]
  },
  {
    "timeStamp": 14457,
    "rotation": [
      [
        -0.98242867,
        -0.08915203,
        -0.163968846
      ],
      [
        -0.1430265,
        0.924037158,
        0.3545402
      ],
      [
        0.11990533,
        0.371762365,
        -0.9205517
      ]
    ],
    "translation": [
      2.26820016,
      0.75884366,
      -0.537690938
    ]
  },
  {
    "timeStamp": 14502,
    "rotation": [
      [
        -0.9824895,
        -0.103129908,
        -0.1551726
      ],
      [
        -0.153818324,
        0.918935359,
        0.3631773
      ],
      [
        0.105139159,
        0.380686283,
        -0.9187076
      ]
    ],
    "translation": [
      2.26673341,
      0.7519386,
      -0.53759414
    ]
  },
  {
    "timeStamp": 14559,
    "rotation": [
      [
        -0.9830566,
        -0.119539186,
        -0.138960451
      ],
      [
        -0.162012428,
        0.9212414,
        0.353647
      ],
      [
        0.0857414454,
        0.370168328,
        -0.924999356
      ]
    ],
    "translation": [
      2.26344872,
      0.7487949,
      -0.53604877
    ]
  },
  {
    "timeStamp": 14603,
    "rotation": [
      [
        -0.98571223,
        -0.09700047,
        -0.137703866
      ],
      [
        -0.139365569,
        0.92881465,
        0.3433374
      ],
      [
        0.0945974737,
        0.357623041,
        -0.9290625
      ]
    ],
    "translation": [
      2.26536131,
      0.746571541,
      -0.5341413
    ]
  },
  {
    "timeStamp": 14658,
    "rotation": [
      [
        -0.984707057,
        -0.114556007,
        -0.131258667
      ],
      [
        -0.153130487,
        0.9284178,
        0.338513553
      ],
      [
        0.08308412,
        0.353436381,
        -0.9317616
      ]
    ],
    "translation": [
      2.2652998,
      0.7472944,
      -0.532547355
    ]
  },
  {
    "timeStamp": 14702,
    "rotation": [
      [
        -0.984038651,
        -0.113472596,
        -0.137083635
      ],
      [
        -0.152985647,
        0.9329274,
        0.3259476
      ],
      [
        0.0909029543,
        0.3417169,
        -0.9353963
      ]
    ],
    "translation": [
      2.2679646,
      0.747488141,
      -0.5297711
    ]
  },
  {
    "timeStamp": 14758,
    "rotation": [
      [
        -0.985938668,
        -0.0898603052,
        -0.140890226
      ],
      [
        -0.130991518,
        0.9390964,
        0.317709237
      ],
      [
        0.103760049,
        0.331697255,
        -0.9376624
      ]
    ],
    "translation": [
      2.271831,
      0.746528149,
      -0.5277109
    ]
  },
  {
    "timeStamp": 14802,
    "rotation": [
      [
        -0.9846393,
        -0.102217093,
        -0.141552374
      ],
      [
        -0.141735956,
        0.941378653,
        0.306132644
      ],
      [
        0.101962388,
        0.3214933,
        -0.94140625
      ]
    ],
    "translation": [
      2.27271152,
      0.7472774,
      -0.526063442
    ]
  },
  {
    "timeStamp": 14858,
    "rotation": [
      [
        -0.984891534,
        -0.108296357,
        -0.135131612
      ],
      [
        -0.143712938,
        0.9465158,
        0.2888846
      ],
      [
        0.09661906,
        0.303940177,
        -0.947779059
      ]
    ],
    "translation": [
      2.272667,
      0.7472902,
      -0.525621
    ]
  },
  {
    "timeStamp": 14902,
    "rotation": [
      [
        -0.9835623,
        -0.122913092,
        -0.1322786
      ],
      [
        -0.156058222,
        0.947144449,
        0.280291229
      ],
      [
        0.0908355,
        0.296327055,
        -0.950757146
      ]
    ],
    "translation": [
      2.27225184,
      0.7480399,
      -0.5247773
    ]
  },
  {
    "timeStamp": 14958,
    "rotation": [
      [
        -0.984504759,
        -0.117160812,
        -0.130475163
      ],
      [
        -0.148576453,
        0.952518344,
        0.265770167
      ],
      [
        0.0931421444,
        0.281037539,
        -0.9551662
      ]
    ],
    "translation": [
      2.27168941,
      0.7478326,
      -0.5236545
    ]
  },
  {
    "timeStamp": 15002,
    "rotation": [
      [
        -0.98331064,
        -0.127193421,
        -0.130084619
      ],
      [
        -0.158205435,
        0.95086056,
        0.266148925
      ],
      [
        0.08983994,
        0.282287151,
        -0.955114
      ]
    ],
    "translation": [
      2.27109766,
      0.7482678,
      -0.5226198
    ]
  },
  {
    "timeStamp": 15059,
    "rotation": [
      [
        -0.984386146,
        -0.11529097,
        -0.133010924
      ],
      [
        -0.147529781,
        0.9525692,
        0.266171
      ],
      [
        0.096014984,
        0.281638116,
        -0.954704762
      ]
    ],
    "translation": [
      2.27119541,
      0.747727633,
      -0.5224339
    ]
  },
  {
    "timeStamp": 15103,
    "rotation": [
      [
        -0.985272467,
        -0.09908487,
        -0.139356658
      ],
      [
        -0.134204924,
        0.953133643,
        0.2711554
      ],
      [
        0.105958126,
        0.2858643,
        -0.952394068
      ]
    ],
    "translation": [
      2.27159262,
      0.7470403,
      -0.522900045
    ]
  },
  {
    "timeStamp": 15159,
    "rotation": [
      [
        -0.984895647,
        -0.107167758,
        -0.1359986
      ],
      [
        -0.143122479,
        0.945930243,
        0.2910874
      ],
      [
        0.09745002,
        0.306155145,
        -0.9469807
      ]
    ],
    "translation": [
      2.268617,
      0.7474974,
      -0.5238795
    ]
  },
  {
    "timeStamp": 15203,
    "rotation": [
      [
        -0.984097958,
        -0.115290292,
        -0.135126963
      ],
      [
        -0.151321,
        0.9425396,
        0.2978608
      ],
      [
        0.09302205,
        0.313571751,
        -0.9449972
      ]
    ],
    "translation": [
      2.2644124,
      0.747696638,
      -0.5257846
    ]
  },
  {
    "timeStamp": 15258,
    "rotation": [
      [
        -0.9873052,
        -0.112993874,
        -0.11162784
      ],
      [
        -0.143217981,
        0.9371967,
        0.318042457
      ],
      [
        0.06868038,
        0.3299921,
        -0.941481948
      ]
    ],
    "translation": [
      2.26076317,
      0.748521864,
      -0.5256797
    ]
  },
  {
    "timeStamp": 15303,
    "rotation": [
      [
        -0.989012361,
        -0.10722927,
        -0.10176713
      ],
      [
        -0.134270638,
        0.9395874,
        0.314876139
      ],
      [
        0.0618551672,
        0.325080723,
        -0.9436613
      ]
    ],
    "translation": [
      2.25596356,
      0.7467676,
      -0.5262053
    ]
  },
  {
    "timeStamp": 15359,
    "rotation": [
      [
        -0.9902295,
        -0.100251295,
        -0.0969294161
      ],
      [
        -0.125702441,
        0.942645,
        0.309223741
      ],
      [
        0.06036995,
        0.318386734,
        -0.946036637
      ]
    ],
    "translation": [
      2.256869,
      0.7463825,
      -0.5249547
    ]
  },
  {
    "timeStamp": 15403,
    "rotation": [
      [
        -0.991680264,
        -0.08739883,
        -0.09450781
      ],
      [
        -0.112459421,
        0.9454611,
        0.3057059
      ],
      [
        0.06263513,
        0.3137908,
        -0.947424
      ]
    ],
    "translation": [
      2.25758386,
      0.7457793,
      -0.524558067
    ]
  },
  {
    "timeStamp": 15458,
    "rotation": [
      [
        -0.991762,
        -0.09152582,
        -0.08961736
      ],
      [
        -0.114472762,
        0.947226644,
        0.299429
      ],
      [
        0.0574824624,
        0.307221055,
        -0.949900568
      ]
    ],
    "translation": [
      2.25743842,
      0.7458821,
      -0.5241539
    ]
  },
  {
    "timeStamp": 15503,
    "rotation": [
      [
        -0.992362559,
        -0.0859628543,
        -0.0884695
      ],
      [
        -0.108600192,
        0.9489661,
        0.296090037
      ],
      [
        0.0585018136,
        0.3034365,
        -0.951054037
      ]
    ],
    "translation": [
      2.25752664,
      0.7456294,
      -0.5241184
    ]
  },
  {
    "timeStamp": 15558,
    "rotation": [
      [
        -0.993381,
        -0.0737613961,
        -0.08805336
      ],
      [
        -0.09664949,
        0.950992048,
        0.2937226
      ],
      [
        0.062072657,
        0.300288767,
        -0.951826453
      ]
    ],
    "translation": [
      2.25801039,
      0.7451328,
      -0.5234402
    ]
  },
  {
    "timeStamp": 15603,
    "rotation": [
      [
        -0.9934634,
        -0.0732973143,
        -0.08750973
      ],
      [
        -0.09566715,
        0.952847242,
        0.28797558
      ],
      [
        0.06227556,
        0.294465,
        -0.953631043
      ]
    ],
    "translation": [
      2.25827384,
      0.7452629,
      -0.522419
    ]
  },
  {
    "timeStamp": 15659,
    "rotation": [
      [
        -0.99496603,
        -0.0481368974,
        -0.08789392
      ],
      [
        -0.07126086,
        0.9565223,
        0.282819629
      ],
      [
        0.0704584345,
        0.287659317,
        -0.9551375
      ]
    ],
    "translation": [
      2.25945544,
      0.7442111,
      -0.521207
    ]
  },
  {
    "timeStamp": 15703,
    "rotation": [
      [
        -0.9957552,
        -0.0300000943,
        -0.08701445
      ],
      [
        -0.0530179851,
        0.9597455,
        0.275821745
      ],
      [
        0.07523705,
        0.279264271,
        -0.957262158
      ]
    ],
    "translation": [
      2.260214,
      0.743415,
      -0.520148933
    ]
  },
  {
    "timeStamp": 15758,
    "rotation": [
      [
        -0.996088147,
        -0.009851289,
        -0.0878147259
      ],
      [
        -0.03349276,
        0.961707532,
        0.272023648
      ],
      [
        0.0817723,
        0.2739007,
        -0.958275437
      ]
    ],
    "translation": [
      2.26060677,
      0.74251163,
      -0.520291448
    ]
  },
  {
    "timeStamp": 15803,
    "rotation": [
      [
        -0.996117651,
        0.00409765355,
        -0.0879363343
      ],
      [
        -0.0201114267,
        0.9619061,
        0.272639364
      ],
      [
        0.08570367,
        0.2733494,
        -0.958089232
      ]
    ],
    "translation": [
      2.26085734,
      0.741847634,
      -0.52027446
    ]
  },
  {
    "timeStamp": 15858,
    "rotation": [
      [
        -0.9962109,
        -0.0156785622,
        -0.08554591
      ],
      [
        -0.0384147651,
        0.9617902,
        0.271079183
      ],
      [
        0.07802709,
        0.273338258,
        -0.958748162
      ]
    ],
    "translation": [
      2.26045275,
      0.7427993,
      -0.520108938
    ]
  },
  {
    "timeStamp": 15903,
    "rotation": [
      [
        -0.9962192,
        -0.0201551151,
        -0.08450456
      ],
      [
        -0.0425598249,
        0.9612211,
        0.272475123
      ],
      [
        0.0757358,
        0.275041461,
        -0.9584447
      ]
    ],
    "translation": [
      2.26035285,
      0.742952347,
      -0.520017147
    ]
  },
  {
    "timeStamp": 15958,
    "rotation": [
      [
        -0.9959394,
        -0.0334482454,
        -0.0835827
      ],
      [
        -0.0555333458,
        0.9589909,
        0.277943671
      ],
      [
        0.0708583146,
        0.281456679,
        -0.9569542
      ]
    ],
    "translation": [
      2.2600565,
      0.7434848,
      -0.5197922
    ]
  },
  {
    "timeStamp": 16002,
    "rotation": [
      [
        -0.9960826,
        -0.0239885654,
        -0.0851116851
      ],
      [
        -0.0470457077,
        0.9587388,
        0.2803686
      ],
      [
        0.07487424,
        0.2832744,
        -0.9561116
      ]
    ],
    "translation": [
      2.26023531,
      0.742944062,
      -0.5197273
    ]
  },
  {
    "timeStamp": 16058,
    "rotation": [
      [
        -0.9954228,
        -0.0463782139,
        -0.0835614353
      ],
      [
        -0.06816403,
        0.9573924,
        0.28063038
      ],
      [
        0.06698595,
        0.285041749,
        -0.9561716
      ]
    ],
    "translation": [
      2.25975728,
      0.7440008,
      -0.5195179
    ]
  },
  {
    "timeStamp": 16103,
    "rotation": [
      [
        -0.9948945,
        -0.05625205,
        -0.08378878
      ],
      [
        -0.07749033,
        0.9576958,
        0.277153432
      ],
      [
        0.06465371,
        0.282231241,
        -0.9571653
      ]
    ],
    "translation": [
      2.25954485,
      0.744506955,
      -0.519523263
    ]
  },
  {
    "timeStamp": 16158,
    "rotation": [
      [
        -0.994531751,
        -0.06135265,
        -0.08451361
      ],
      [
        -0.0822733045,
        0.9587214,
        0.2721847
      ],
      [
        0.06432575,
        0.277649522,
        -0.9585265
      ]
    ],
    "translation": [
      2.25943065,
      0.7448243,
      -0.5196003
    ]
  },
  {
    "timeStamp": 16202,
    "rotation": [
      [
        -0.993373156,
        -0.07912353,
        -0.08336179
      ],
      [
        -0.09877698,
        0.9585512,
        0.267250061
      ],
      [
        0.05876078,
        0.273713261,
        -0.9600147
      ]
    ],
    "translation": [
      2.25898433,
      0.745680451,
      -0.51939
    ]
  },
  {
    "timeStamp": 16258,
    "rotation": [
      [
        -0.99149245,
        -0.0943599343,
        -0.0896601453
      ],
      [
        -0.114991307,
        0.957731962,
        0.263678879
      ],
      [
        0.060989663,
        0.271745741,
        -0.9604345
      ]
    ],
    "translation": [
      2.25861859,
      0.7467267,
      -0.5204123
    ]
  },
  {
    "timeStamp": 16302,
    "rotation": [
      [
        -0.9908569,
        -0.101118684,
        -0.08931784
      ],
      [
        -0.121943913,
        0.9544796,
        0.2722104
      ],
      [
        0.0577265,
        0.2806133,
        -0.9580834
      ]
    ],
    "translation": [
      2.25800753,
      0.7467505,
      -0.5232006
    ]
  },
  {
    "timeStamp": 16358,
    "rotation": [
      [
        -0.988782465,
        -0.12040212,
        -0.08838861
      ],
      [
        -0.140902132,
        0.948254049,
        0.284536153
      ],
      [
        0.0495561026,
        0.2937985,
        -0.9545819
      ]
    ],
    "translation": [
      2.256417,
      0.747459769,
      -0.525684953
    ]
  },
  {
    "timeStamp": 16402,
    "rotation": [
      [
        -0.9880798,
        -0.124096736,
        -0.0910944939
      ],
      [
        -0.145356685,
        0.946949244,
        0.286633223
      ],
      [
        0.0506916046,
        0.2964577,
        -0.953699768
      ]
    ],
    "translation": [
      2.25605726,
      0.7476803,
      -0.5268229
    ]
  },
  {
    "timeStamp": 16457,
    "rotation": [
      [
        -0.9864998,
        -0.1345139,
        -0.09340364
      ],
      [
        -0.15609549,
        0.9448455,
        0.28792578
      ],
      [
        0.0495219827,
        0.2986186,
        -0.953086853
      ]
    ],
    "translation": [
      2.25556064,
      0.748234034,
      -0.5274439
    ]
  },
  {
    "timeStamp": 16502,
    "rotation": [
      [
        -0.984825134,
        -0.14537406,
        -0.09479347
      ],
      [
        -0.1668495,
        0.9433946,
        0.286649227
      ],
      [
        0.04775629,
        0.2981156,
        -0.953334332
      ]
    ],
    "translation": [
      2.255057,
      0.7486509,
      -0.5279105
    ]
  },
  {
    "timeStamp": 16558,
    "rotation": [
      [
        -0.98257333,
        -0.158698812,
        -0.0967695042
      ],
      [
        -0.180157378,
        0.9412434,
        0.2856646
      ],
      [
        0.04574902,
        0.298120141,
        -0.953431368
      ]
    ],
    "translation": [
      2.25465846,
      0.749193847,
      -0.527760863
    ]
  },
  {
    "timeStamp": 16602,
    "rotation": [
      [
        -0.9809515,
        -0.168448985,
        -0.0967422351
      ],
      [
        -0.189592108,
        0.9386747,
        0.28800115
      ],
      [
        0.04229599,
        0.300856739,
        -0.952730954
      ]
    ],
    "translation": [
      2.25437546,
      0.749428749,
      -0.527440667
    ]
  },
  {
    "timeStamp": 16658,
    "rotation": [
      [
        -0.9789866,
        -0.179497927,
        -0.09677647
      ],
      [
        -0.2004427,
        0.9343296,
        0.2947047
      ],
      [
        0.0375222377,
        0.307910085,
        -0.9506753
      ]
    ],
    "translation": [
      2.2537663,
      0.749723256,
      -0.52685535
    ]
  },
  {
    "timeStamp": 16702,
    "rotation": [
      [
        -0.976034462,
        -0.194301412,
        -0.09799853
      ],
      [
        -0.215088651,
        0.929778159,
        0.2987465
      ],
      [
        0.03307002,
        0.312665224,
        -0.949287534
      ]
    ],
    "translation": [
      2.25325561,
      0.7503301,
      -0.526479065
    ]
  },
  {
    "timeStamp": 16758,
    "rotation": [
      [
        -0.976157248,
        -0.195333347,
        -0.09466789
      ],
      [
        -0.215148062,
        0.9285025,
        0.302645683
      ],
      [
        0.0287825838,
        0.3157974,
        -0.94839
      ]
    ],
    "translation": [
      2.25134468,
      0.750506,
      -0.5257876
    ]
  },
  {
    "timeStamp": 16802,
    "rotation": [
      [
        -0.9771829,
        -0.191818461,
        -0.0912095
      ],
      [
        -0.21072,
        0.9294128,
        0.302966982
      ],
      [
        0.02665661,
        0.315273821,
        -0.948626339
      ]
    ],
    "translation": [
      2.24941182,
      0.7502671,
      -0.5254042
    ]
  },
  {
    "timeStamp": 16858,
    "rotation": [
      [
        -0.9788593,
        -0.182526037,
        -0.0922964662
      ],
      [
        -0.202225223,
        0.931286752,
        0.3030015
      ],
      [
        0.0306488182,
        0.3152605,
        -0.9485101
      ]
    ],
    "translation": [
      2.24947143,
      0.7496607,
      -0.525442064
    ]
  },
  {
    "timeStamp": 16902,
    "rotation": [
      [
        -0.9806231,
        -0.173224866,
        -0.09149552
      ],
      [
        -0.193056837,
        0.9338331,
        0.301139176
