[
  {
    "timeStamp": 43690,
    "rotation": [
      [
        0.999983549,
        0.00497752056,
        -0.00283842976
      ],
      [
        -0.00498179346,
        0.99998647,
        -0.00150023738
      ],
      [
        0.002830924,
        0.00151435321,
        0.9999948
      ]
    ],
    "translation": [
      1.15437794,
      0.6993905,
      -0.7499242
    ]
  },
  {
    "timeStamp": 43735,
    "rotation": [
      [
        0.999968052,
        0.00751831,
        -0.0027101275
      ],
      [
        -0.007504116,
        0.9999583,
        0.00521020126
      ],
      [
        0.00274918647,
        -0.00518969772,
        0.9999827
      ]
    ],
    "translation": [
      1.15439272,
      0.699869156,
      -0.7499094
    ]
  },
  {
    "timeStamp": 43787,
    "rotation": [
      [
        0.999883652,
        0.000216799366,
        0.0152540505
      ],
      [
        0.000162444776,
        0.999691,
        -0.024856234
      ],
      [
        -0.0152547266,
        0.02485582,
        0.999574661
      ]
    ],
    "translation": [
      1.15884817,
      0.701794446,
      -0.7515455
    ]
  },
  {
    "timeStamp": 43831,
    "rotation": [
      [
        0.998596847,
        0.04212531,
        -0.0320909545
      ],
      [
        -0.0419339724,
        0.9990985,
        0.00661255466
      ],
      [
        0.03234058,
        -0.00525757531,
        0.9994631
      ]
    ],
    "translation": [
      1.1593895,
      0.7196111,
      -0.7479813
    ]
  },
  {
    "timeStamp": 43885,
    "rotation": [
      [
        0.9886167,
        0.101708122,
        -0.110870935
      ],
      [
        -0.09406877,
        0.9929518,
        0.07209556
      ],
      [
        0.1174222,
        -0.0608453825,
        0.991216362
      ]
    ],
    "translation": [
      1.16577,
      0.7446753,
      -0.744701743
    ]
  },
  {
    "timeStamp": 43940,
    "rotation": [
      [
        0.9607908,
        0.184230432,
        -0.207219809
      ],
      [
        -0.157421514,
        0.977657735,
        0.139297277
      ],
      [
        0.228252858,
        -0.101214692,
        0.968326449
      ]
    ],
    "translation": [
      1.18156493,
      0.773232,
      -0.74719584
    ]
  },
  {
    "timeStamp": 43984,
    "rotation": [
      [
        0.917899251,
        0.2502645,
        -0.307942569
      ],
      [
        -0.202481642,
        0.9628023,
        0.178921327
      ],
      [
        0.3412655,
        -0.101879038,
        0.9344295
      ]
    ],
    "translation": [
      1.2012049,
      0.79205513,
      -0.7554555
    ]
  },
  {
    "timeStamp": 44040,
    "rotation": [
      [
        0.8463366,
        0.308450282,
        -0.434249759
      ],
      [
        -0.247147992,
        0.9495984,
        0.19282335
      ],
      [
        0.471839279,
        -0.0558694974,
        0.8799127
      ]
    ],
    "translation": [
      1.23651445,
      0.8078736,
      -0.7743075
    ]
  },
  {
    "timeStamp": 44084,
    "rotation": [
      [
        0.8062549,
        0.341131836,
        -0.483303249
      ],
      [
        -0.285880566,
        0.939936042,
        0.186527744
      ],
      [
        0.5179047,
        -0.0122219063,
        0.855351031
      ]
    ],
    "translation": [
      1.27855158,
      0.8157599,
      -0.786067843
    ]
  },
  {
    "timeStamp": 44140,
    "rotation": [
      [
        0.7690821,
        0.3766492,
        -0.516379833
      ],
      [
        -0.347115785,
        0.924524963,
        0.1573668
      ],
      [
        0.5366781,
        0.05821559,
        0.8417765
      ]
    ],
    "translation": [
      1.337182,
      0.82224685,
      -0.797476649
    ]
  },
  {
    "timeStamp": 44185,
    "rotation": [
      [
        0.738818467,
        0.375816226,
        -0.559383154
      ],
      [
        -0.356380463,
        0.922384262,
        0.1489972
      ],
      [
        0.5719618,
        0.08927134,
        0.815408051
      ]
    ],
    "translation": [
      1.38604236,
      0.82755363,
      -0.804705441
    ]
  },
  {
    "timeStamp": 44231,
    "rotation": [
      [
        0.728512943,
        0.3826201,
        -0.568217158
      ],
      [
        -0.3690114,
        0.918034136,
        0.145065486
      ],
      [
        0.577147663,
        0.103996508,
        0.809990942
      ]
    ],
    "translation": [
      1.43648624,
      0.8344787,
      -0.8062543
    ]
  },
  {
    "timeStamp": 44287,
    "rotation": [
      [
        0.7183104,
        0.3970432,
        -0.5713028
      ],
      [
        -0.393417418,
        0.909074545,
        0.137135744
      ],
      [
        0.57380563,
        0.126254424,
        0.8092014
      ]
    ],
    "translation": [
      1.49766135,
      0.8470917,
      -0.805911839
    ]
  },
  {
    "timeStamp": 44332,
    "rotation": [
      [
        0.7080678,
        0.434130937,
        -0.5569294
      ],
      [
        -0.407613754,
        0.895305037,
        0.179666281
      ],
      [
        0.5766204,
        0.09979619,
        0.81089437
      ]
    ],
    "translation": [
      1.54590952,
      0.8649888,
      -0.7996129
    ]
  },
  {
    "timeStamp": 44389,
    "rotation": [
      [
        0.7109241,
        0.479237974,
        -0.5147017
      ],
      [
        -0.404165477,
        0.8773529,
        0.2586544
      ],
      [
        0.5755321,
        0.0241410416,
        0.8174228
      ]
    ],
    "translation": [
      1.60585237,
      0.893731952,
      -0.7871927
    ]
  },
  {
    "timeStamp": 44434,
    "rotation": [
      [
        0.7311604,
        0.503532231,
        -0.4602822
      ],
      [
        -0.392498732,
        0.8623356,
        0.3198782
      ],
      [
        0.5579867,
        -0.0532220937,
        0.8281414
      ]
    ],
    "translation": [
      1.65786779,
      0.91780436,
      -0.7726104
    ]
  },
  {
    "timeStamp": 44489,
    "rotation": [
      [
        0.7671695,
        0.498686641,
        -0.403438479
      ],
      [
        -0.351866722,
        0.8530516,
        0.385347515
      ],
      [
        0.5363215,
        -0.153670266,
        0.8299064
      ]
    ],
    "translation": [
      1.72564912,
      0.946769,
      -0.7565145
    ]
  },
  {
    "timeStamp": 44534,
    "rotation": [
      [
        0.7885927,
        0.487578422,
        -0.37468496
      ],
      [
        -0.3172217,
        0.8445609,
        0.431378275
      ],
      [
        0.526775,
        -0.221323565,
        0.820685
      ]
    ],
    "translation": [
      1.7815665,
      0.9696318,
      -0.745111346
    ]
  },
  {
    "timeStamp": 44589,
    "rotation": [
      [
        0.828723848,
        0.434699774,
        -0.352495253
      ],
      [
        -0.235265985,
        0.8420774,
        0.485340685
      ],
      [
        0.507805765,
        -0.319283277,
        0.8001197
      ]
    ],
    "translation": [
      1.85683811,
      0.995097339,
      -0.7295508
    ]
  },
  {
    "timeStamp": 44634,
    "rotation": [
      [
        0.8555271,
        0.390255868,
        -0.340255231
      ],
      [
        -0.171788692,
        0.833899,
        0.5245007
      ],
      [
        0.488428,
        -0.3902726,
        0.780464768
      ]
    ],
    "translation": [
      1.9181236,
      1.01243913,
      -0.7170297
    ]
  },
  {
    "timeStamp": 44689,
    "rotation": [
      [
        0.8756124,
        0.33892554,
        -0.344140083
      ],
      [
        -0.101575494,
        0.825758159,
        0.5548025
      ],
      [
        0.472213238,
        -0.4508357,
        0.7574706
      ]
    ],
    "translation": [
      1.98843455,
      1.02846479,
      -0.7040098
    ]
  },
  {
    "timeStamp": 44734,
    "rotation": [
      [
        0.87247777,
        0.3149859,
        -0.373585939
      ],
      [
        -0.04582298,
        0.813890159,
        0.5792091
      ],
      [
        0.4865006,
        -0.488228232,
        0.724534631
      ]
    ],
    "translation": [
      2.03697944,
      1.03668678,
      -0.6972647
    ]
  },
  {
    "timeStamp": 44789,
    "rotation": [
      [
        0.820724666,
        0.253087968,
        -0.5122085
      ],
      [
        0.0454368927,
        0.864775,
        0.5000997
      ],
      [
        0.569514334,
        -0.4337173,
        0.6982426
      ]
    ],
    "translation": [
      2.07874584,
      1.02157271,
      -0.701586246
    ]
  },
  {
    "timeStamp": 44834,
    "rotation": [
      [
        0.732278943,
        0.158694163,
        -0.6622565
      ],
      [
        0.164827377,
        0.902254045,
        0.398459017
      ],
      [
        0.6607567,
        -0.400941163,
        0.634544551
      ]
    ],
    "translation": [
      2.10772967,
      0.9981109,
      -0.712223649
    ]
  },
  {
    "timeStamp": 44881,
    "rotation": [
      [
        0.6381158,
        0.104187854,
        -0.76285845
      ],
      [
        0.159536675,
        0.951406658,
        0.2633882
      ],
      [
        0.7532305,
        -0.2897761,
        0.5904859
      ]
    ],
    "translation": [
      2.12993288,
      0.9674659,
      -0.7309913
    ]
  },
  {
    "timeStamp": 44940,
    "rotation": [
      [
        0.537453353,
        0.003339683,
        -0.8432869
      ],
      [
        0.167082235,
        0.9797463,
        0.110366896
      ],
      [
        0.8265757,
        -0.20021531,
        0.5260099
      ]
    ],
    "translation": [
      2.16351032,
      0.9253807,
      -0.748310447
    ]
  },
  {
    "timeStamp": 44984,
    "rotation": [
      [
        0.456039935,
        -0.05247041,
        -0.888411164
      ],
      [
        0.171043053,
        0.9848178,
        0.0296356827
      ],
      [
        0.873368144,
        -0.165471613,
        0.458090931
      ]
    ],
    "translation": [
      2.1790998,
      0.9020543,
      -0.756866634
    ]
  },
  {
    "timeStamp": 45040,
    "rotation": [
      [
        0.379690826,
        -0.0530498736,
        -0.923591137
      ],
      [
        0.154000372,
        0.988049,
        0.00655772
      ],
      [
        0.9122054,
        -0.144723281,
        0.383322835
      ]
    ],
    "translation": [
      2.1844418,
      0.883810043,
      -0.7624088
    ]
  },
  {
    "timeStamp": 45084,
    "rotation": [
      [
        0.338925362,
        -0.06551009,
        -0.9385297
      ],
      [
        0.150352985,
        0.988523,
        -0.0147036277
      ],
      [
        0.9287214,
        -0.136127308,
        0.34488517
      ]
    ],
    "translation": [
      2.18675971,
      0.8704582,
      -0.7618357
    ]
  },
  {
    "timeStamp": 45140,
    "rotation": [
      [
        0.255275548,
        -0.08889012,
        -0.962773561
      ],
      [
        0.140977323,
        0.98854506,
        -0.05388995
      ],
      [
        0.956535339,
        -0.121972457,
        0.264882863
      ]
    ],
    "translation": [
      2.18816328,
      0.853833854,
      -0.7640323
    ]
  },
  {
    "timeStamp": 45184,
    "rotation": [
      [
        0.235125333,
        -0.07584062,
        -0.969001651
      ],
      [
        0.122717217,
        0.9912895,
        -0.0478080548
      ],
      [
        0.964186966,
        -0.107672304,
        0.242384225
      ]
    ],
    "translation": [
      2.18421268,
      0.8446822,
      -0.7626257
    ]
  },
  {
    "timeStamp": 45239,
    "rotation": [
      [
        0.156178132,
        -0.06688758,
        -0.985461533
      ],
      [
        0.1081686,
        0.9928619,
        -0.0502470732
      ],
      [
        0.981788158,
        -0.0987485051,
        0.162298441
      ]
    ],
    "translation": [
      2.17852736,
      0.8365965,
      -0.7668009
    ]
  },
  {
    "timeStamp": 45284,
    "rotation": [
      [
        0.124889612,
        -0.056930054,
        -0.990536034
      ],
      [
        0.09639628,
        0.9943255,
        -0.044993937
      ],
      [
        0.987476766,
        -0.0898647159,
        0.129668772
      ]
    ],
    "translation": [
      2.17188263,
      0.8323779,
      -0.7685335
    ]
  },
  {
    "timeStamp": 45341,
    "rotation": [
      [
        0.06871914,
        -0.0494428948,
        -0.9964101
      ],
      [
        0.08626259,
        0.9953249,
        -0.0434398
      ],
      [
        0.9938996,
        -0.0829677656,
        0.07266295
      ]
    ],
    "translation": [
      2.16452742,
      0.8284432,
      -0.7735295
    ]
  },
  {
    "timeStamp": 45386,
    "rotation": [
      [
        0.0287446547,
        -0.0606739856,
        -0.997743666
      ],
      [
        0.05139251,
        0.9969257,
        -0.05914364
      ],
      [
        0.9982648,
        -0.04957649,
        0.0317744724
      ]
    ],
    "translation": [
      2.16095257,
      0.822452545,
      -0.781358838
    ]
  }
]