[
  {
    "timeStamp": 28056,
    "rotation": [
      [
        0.999833345,
        -0.006685154,
        0.0169876143
      ],
      [
        -0.0171029661,
        -0.0175934788,
        0.999698937
      ],
      [
        -0.00638427353,
        -0.9998229,
        -0.0177048836
      ]
    ],
    "translation": [
      1.61579788,
      0.7021996,
      -0.7495779
    ]
  },
  {
    "timeStamp": 28100,
    "rotation": [
      [
        0.9998828,
        -0.01490737,
        0.003479695
      ],
      [
        -0.00343798171,
        0.0028228783,
        0.9999901
      ],
      [
        -0.0149170458,
        -0.999884844,
        0.00277129631
      ]
    ],
    "translation": [
      1.61579466,
      0.7021289,
      -0.7473562
    ]
  },
  {
    "timeStamp": 28156,
    "rotation": [
      [
        0.9915472,
        -0.101630524,
        0.08065668
      ],
      [
        -0.0768798962,
        0.040552523,
        0.996215343
      ],
      [
        -0.104516707,
        -0.993995368,
        0.0323963948
      ]
    ],
    "translation": [
      1.6116786,
      0.718088269,
      -0.7439014
    ]
  },
  {
    "timeStamp": 28202,
    "rotation": [
      [
        0.9699121,
        -0.181109384,
        0.162695408
      ],
      [
        -0.145847887,
        0.102833889,
        0.983947933
      ],
      [
        -0.194932833,
        -0.978071868,
        0.07332542
      ]
    ],
    "translation": [
      1.60829508,
      0.7407023,
      -0.741911769
    ]
  },
  {
    "timeStamp": 28256,
    "rotation": [
      [
        0.9095624,
        -0.296300143,
        0.291380346
      ],
      [
        -0.234402329,
        0.2131771,
        0.9484783
      ],
      [
        -0.3431499,
        -0.9310005,
        0.124444418
      ]
    ],
    "translation": [
      1.60963869,
      0.775830865,
      -0.73574394
    ]
  },
  {
    "timeStamp": 28300,
    "rotation": [
      [
        0.815915167,
        -0.398042858,
        0.419337928
      ],
      [
        -0.298690677,
        0.330810755,
        0.895180464
      ],
      [
        -0.495041728,
        -0.8556437,
        0.151021808
      ]
    ],
    "translation": [
      1.61616135,
      0.807717562,
      -0.7282249
    ]
  },
  {
    "timeStamp": 28356,
    "rotation": [
      [
        0.6385029,
        -0.5043279,
        0.5813497
      ],
      [
        -0.354135543,
        0.47812593,
        0.8037311
      ],
      [
        -0.6833023,
        -0.7190612,
        0.126684383
      ]
    ],
    "translation": [
      1.63545609,
      0.8519153,
      -0.7071073
    ]
  },
  {
    "timeStamp": 28400,
    "rotation": [
      [
        0.457396,
        -0.559636652,
        0.691082954
      ],
      [
        -0.370617867,
        0.586463,
        0.720210731
      ],
      [
        -0.8083509,
        -0.585549235,
        0.0608344674
      ]
    ],
    "translation": [
      1.6596092,
      0.8846147,
      -0.68943584
    ]
  },
  {
    "timeStamp": 28455,
    "rotation": [
      [
        0.215490773,
        -0.5772826,
        0.7875967
      ],
      [
        -0.371910661,
        0.6972407,
        0.612811446
      ],
      [
        -0.9029098,
        -0.4249708,
        -0.0644486248
      ]
    ],
    "translation": [
      1.70353627,
      0.923423469,
      -0.664856
    ]
  },
  {
    "timeStamp": 28500,
    "rotation": [
      [
        0.0282760952,
        -0.5742411,
        0.818197846
      ],
      [
        -0.378480643,
        0.751433253,
        0.5404632
      ],
      [
        -0.9251772,
        -0.3249542,
        -0.196091548
      ]
    ],
    "translation": [
      1.745271,
      0.951457441,
      -0.645954967
    ]
  },
  {
    "timeStamp": 28556,
    "rotation": [
      [
        -0.221513,
        -0.537684739,
        0.8135275
      ],
      [
        -0.3529641,
        0.8218949,
        0.447107434
      ],
      [
        -0.909037,
        -0.188105926,
        -0.371843845
      ]
    ],
    "translation": [
      1.80817378,
      0.981386542,
      -0.6261685
    ]
  },
  {
    "timeStamp": 28600,
    "rotation": [
      [
        -0.4101006,
        -0.480356932,
        0.7752901
      ],
      [
        -0.3092441,
        0.8729416,
        0.3772812
      ],
      [
        -0.858012557,
        -0.08503063,
        -0.506541431
      ]
    ],
    "translation": [
      1.86311722,
      1.000316,
      -0.61379534
    ]
  },
  {
    "timeStamp": 28656,
    "rotation": [
      [
        -0.6120843,
        -0.39174366,
        0.6869422
      ],
      [
        -0.251227647,
        0.920002043,
        0.300800383
      ],
      [
        -0.7498249,
        0.0115363356,
        -0.66153574
      ]
    ],
    "translation": [
      1.93456161,
      1.01585,
      -0.6076117
    ]
  },
  {
    "timeStamp": 28700,
    "rotation": [
      [
        -0.742376149,
        -0.27200076,
        0.612285256
      ],
      [
        -0.160520256,
        0.9594739,
        0.2316097
      ],
      [
        -0.6504698,
        0.07365733,
        -0.7559522
      ]
    ],
    "translation": [
      1.984747,
      1.02194929,
      -0.605616331
    ]
  },
  {
    "timeStamp": 28755,
    "rotation": [
      [
        -0.8420473,
        -0.1215562,
        0.525528669
      ],
      [
        -0.0414093,
        0.9859695,
        0.161707863
      ],
      [
        -0.5378118,
        0.114403896,
        -0.835266531
      ]
    ],
    "translation": [
      2.039089,
      1.01951158,
      -0.607060432
    ]
  },
  {
    "timeStamp": 28802,
    "rotation": [
      [
        -0.8675555,
        -0.0360986181,
        0.4960286
      ],
      [
        0.0332683921,
        0.990916252,
        0.130300716
      ],
      [
        -0.49622646,
        0.129545182,
        -0.858473837
      ]
    ],
    "translation": [
      2.06533575,
      1.01425314,
      -0.6066139
    ]
  },
  {
    "timeStamp": 28855,
    "rotation": [
      [
        -0.898914158,
        0.0054325955,
        0.438091
      ],
      [
        0.05496438,
        0.993421555,
        0.100461781
      ],
      [
        -0.434663266,
        0.114385918,
        -0.893299341
      ]
    ],
    "translation": [
      2.09469938,
      1.01034784,
      -0.6056752
    ]
  },
  {
    "timeStamp": 28906,
    "rotation": [
      [
        -0.904306352,
        0.0387340337,
        0.425123185
      ],
      [
        0.07911897,
        0.9938286,
        0.07774874
      ],
      [
        -0.419488072,
        0.103943981,
        -0.901790142
      ]
    ],
    "translation": [
      2.10991764,
      1.0043999,
      -0.6015619
    ]
  },
  {
    "timeStamp": 28950,
    "rotation": [
      [
        -0.9059818,
        0.07268909,
        0.417029172
      ],
      [
        0.103166349,
        0.993356764,
        0.05098117
      ],
      [
        -0.410552979,
        0.08921139,
        -0.9074622
      ]
    ],
    "translation": [
      2.11712813,
      0.9984039,
      -0.5960996
    ]
  },
  {
    "timeStamp": 29006,
    "rotation": [
      [
        -0.900226653,
        0.07720159,
        0.428522885
      ],
      [
        0.09627543,
        0.9950895,
        0.0229794458
      ],
      [
        -0.42464456,
        0.061942935,
        -0.9032387
      ]
    ],
    "translation": [
      2.11936712,
      0.993264437,
      -0.5874972
    ]
  },
  {
    "timeStamp": 29051,
    "rotation": [
      [
        -0.893341243,
        0.0630674958,
        0.444931328
      ],
      [
        0.0780446,
        0.9968309,
        0.01540201
      ],
      [
        -0.4425499,
        0.04848374,
        -0.895432234
      ]
    ],
    "translation": [
      2.11856484,
      0.9851164,
      -0.5817251
    ]
  },
  {
    "timeStamp": 29106,
    "rotation": [
      [
        -0.879396856,
        0.08896578,
        0.467703253
      ],
      [
        0.0984345153,
        0.995134652,
        -0.004211923
      ],
      [
        -0.465802431,
        0.04233419,
        -0.8838755
      ]
    ],
    "translation": [
      2.11501217,
      0.97539,
      -0.572511852
    ]
  },
  {
    "timeStamp": 29150,
    "rotation": [
      [
        -0.8768963,
        0.0669989139,
        0.475987434
      ],
      [
        0.0772105753,
        0.997013032,
        0.00190526526
      ],
      [
        -0.474438,
        0.0384219848,
        -0.8794501
      ]
    ],
    "translation": [
      2.11353445,
      0.968575835,
      -0.566997647
    ]
  },
  {
    "timeStamp": 29206,
    "rotation": [
      [
        -0.8653873,
        0.070041135,
        0.496184528
      ],
      [
        0.08378021,
        0.9964693,
        0.00545862969
      ],
      [
        -0.494050324,
        0.0462942719,
        -0.868199944
      ]
    ],
    "translation": [
      2.10873556,
      0.958461046,
      -0.5604137
    ]
  },
  {
    "timeStamp": 29250,
    "rotation": [
      [
        -0.859741,
        0.0446390025,
        0.5087759
      ],
      [
        0.06245883,
        0.997885346,
        0.0179918278
      ],
      [
        -0.5068969,
        0.04724586,
        -0.860711
      ]
    ],
    "translation": [
      2.10633373,
      0.9500601,
      -0.5562273
    ]
  },
  {
    "timeStamp": 29307,
    "rotation": [
      [
        -0.85797596,
        0.03290324,
        0.512635
      ],
      [
        0.0597471073,
        0.997565269,
        0.035968
      ],
      [
        -0.5102034,
        0.0614881366,
        -0.857852936
      ]
    ],
    "translation": [
      2.10453725,
      0.93763274,
      -0.5506975
    ]
  },
  {
    "timeStamp": 29353,
    "rotation": [
      [
        -0.8514663,
        0.0370168425,
        0.5231013
      ],
      [
        0.06750078,
        0.996943951,
        0.03932493
      ],
      [
        -0.520046949,
        0.0687936,
        -0.851362765
      ]
    ],
    "translation": [
      2.10221171,
      0.9293539,
      -0.5472042
    ]
  },
  {
    "timeStamp": 29409,
    "rotation": [
      [
        -0.8520986,
        0.0218988732,
        0.522923
      ],
      [
        0.05907277,
        0.996763945,
        0.0545162819
      ],
      [
        -0.520036936,
        0.0773437545,
        -0.850634754
      ]
    ],
    "translation": [
      2.10192227,
      0.918919444,
      -0.5432973
    ]
  },
  {
    "timeStamp": 29455,
    "rotation": [
      [
        -0.8563971,
        0.0201184489,
        0.5159256
      ],
      [
        0.06314602,
        0.995820463,
        0.06598569
      ],
      [
        -0.512441754,
        0.0890886,
        -0.8540882
      ]
    ],
    "translation": [
      2.10229015,
      0.9110334,
      -0.5412543
    ]
  },
  {
    "timeStamp": 29500,
    "rotation": [
      [
        -0.865044951,
        0.01701546,
        0.5014058
      ],
      [
        0.06544955,
        0.9947111,
        0.0791601
      ],
      [
        -0.4974069,
        0.101293825,
        -0.8615834
      ]
    ],
    "translation": [
      2.10428929,
      0.903164864,
      -0.539312243
    ]
  },
  {
    "timeStamp": 29555,
    "rotation": [
      [
        -0.8823674,
        0.05227172,
        0.467648834
      ],
      [
        0.09846763,
        0.9923195,
        0.07487323
      ],
      [
        -0.460143328,
        0.112113975,
        -0.8807375
      ]
    ],
    "translation": [
      2.106388,
      0.895579457,
      -0.538781643
    ]
  },
  {
    "timeStamp": 29600,
    "rotation": [
      [
        -0.904572546,
        0.055789046,
        0.422653615
      ],
      [
        0.103903994,
        0.990355253,
        0.0916535854
      ],
      [
        -0.41346398,
        0.12682271,
        -0.9016449
      ]
    ],
    "translation": [
      2.108915,
      0.8897561,
      -0.5385838
    ]
  },
  {
    "timeStamp": 29655,
    "rotation": [
      [
        -0.924590647,
        0.06834182,
        0.374781966
      ],
      [
        0.110966831,
        0.9894318,
        0.0933324546
      ],
      [
        -0.3644427,
        0.127882674,
        -0.922403157
      ]
    ],
    "translation": [
      2.10775685,
      0.8851922,
      -0.5378592
    ]
  },
  {
    "timeStamp": 29700,
    "rotation": [
      [
        -0.9291675,
        0.06714102,
        0.3635104
      ],
      [
        0.11033836,
        0.98891294,
        0.0993814543
      ],
      [
        -0.352807581,
        0.132451162,
        -0.926274
      ]
    ],
    "translation": [
      2.105599,
      0.881881535,
      -0.5356051
    ]
  },
  {
    "timeStamp": 29755,
    "rotation": [
      [
        -0.920041442,
        0.0393084139,
        0.389844418
      ],
      [
        0.0904408246,
        0.98939234,
        0.1136809
      ],
      [
        -0.381240427,
        0.139848977,
        -0.913837
      ]
    ],
    "translation": [
      2.10386276,
      0.8780339,
      -0.532723546
    ]
  },
  {
    "timeStamp": 29800,
    "rotation": [
      [
        -0.917628169,
        0.00928860251,
        0.397331446
      ],
      [
        0.06800342,
        0.9886534,
        0.133940175
      ],
      [
        -0.391578972,
        0.149927169,
        -0.9078479
      ]
    ],
    "translation": [
      2.10263348,
      0.8729931,
      -0.530979753
    ]
  },
  {
    "timeStamp": 29855,
    "rotation": [
      [
        -0.910695255,
        -0.0238353685,
        0.41239062
      ],
      [
        0.04444875,
        0.986883,
        0.155197471
      ],
      [
        -0.4106805,
        0.15966785,
        -0.897690237
      ]
    ],
    "translation": [
      2.10103583,
      0.866215348,
      -0.528614044
    ]
  },
  {
    "timeStamp": 29900,
    "rotation": [
      [
        -0.91457665,
        -0.03382761,
        0.402995378
      ],
      [
        0.0381425247,
        0.9848382,
        0.1692302
      ],
      [
        -0.402609885,
        0.170145243,
        -0.8994198
      ]
    ],
    "translation": [
      2.10095024,
      0.860418856,
      -0.5280398
    ]
  },
  {
    "timeStamp": 29955,
    "rotation": [
      [
        -0.914171636,
        -0.0513899736,
        0.402056366
      ],
      [
        0.0250852462,
        0.9828554,
        0.182663783
      ],
      [
        -0.4045503,
        0.177071735,
        -0.8972094
      ]
    ],
    "translation": [
      2.10034156,
      0.8553689,
      -0.5273892
    ]
  },
  {
    "timeStamp": 30000,
    "rotation": [
      [
        -0.905132949,
        -0.08514007,
        0.416515917
      ],
      [
        -0.00149154966,
        0.9803709,
        0.197156444
      ],
      [
        -0.425126016,
        0.177831531,
        -0.887492955
      ]
    ],
    "translation": [
      2.09868073,
      0.852325141,
      -0.526297867
    ]
  },
  {
    "timeStamp": 30055,
    "rotation": [
      [
        -0.879482269,
        -0.104645811,
        0.4642846
      ],
      [
        -0.009565136,
        0.97921735,
        0.20258829
      ],
      [
        -0.4758355,
        0.173731863,
        -0.8622052
      ]
    ],
    "translation": [
      2.09645367,
      0.8515841,
      -0.5243735
    ]
  },
  {
    "timeStamp": 30100,
    "rotation": [
      [
        -0.866804838,
        -0.130913332,
        0.481155962
      ],
      [
        -0.0329372436,
        0.977846265,
        0.206716642
      ],
      [
        -0.497558564,
        0.16333504,
        -0.85191375
      ]
    ],
    "translation": [
      2.09538341,
      0.852356255,
      -0.5238466
    ]
  },
  {
    "timeStamp": 30155,
    "rotation": [
      [
        -0.869181633,
        -0.1322794,
        0.476471841
      ],
      [
        -0.0353199579,
        0.9777028,
        0.207001686
      ],
      [
        -0.493229926,
        0.16309309,
        -0.8544734
      ]
    ],
    "translation": [
      2.09551573,
      0.8524635,
      -0.523970664
    ]
  },
  {
    "timeStamp": 30200,
    "rotation": [
      [
        -0.8794231,
        -0.114453539,
        0.462077171
      ],
      [
        -0.02429613,
        0.9801932,
        0.196547285
      ],
      [
        -0.475420475,
        0.161621541,
        -0.8647854
      ]
    ],
    "translation": [
      2.09633517,
      0.853379,
      -0.5236999
    ]
  },
  {
    "timeStamp": 30255,
    "rotation": [
      [
        -0.8942022,
        -0.08425056,
        0.439663976
      ],
      [
        -0.002946461,
        0.983217,
        0.182416245
      ],
      [
        -0.44765377,
        0.161821544,
        -0.879443
      ]
    ],
    "translation": [
      2.09808,
      0.8537977,
      -0.522909
    ]
  },
  {
    "timeStamp": 30300,
    "rotation": [
      [
        -0.895109355,
        -0.06358898,
        0.4412887
      ],
      [
        0.0161658376,
        0.984497,
        0.174655154
      ],
      [
        -0.445553541,
        0.16346927,
        -0.8802045
      ]
    ],
    "translation": [
      2.098734,
      0.8530629,
      -0.522919059
    ]
  },
  {
    "timeStamp": 30355,
    "rotation": [
      [
        -0.893546343,
        -0.04822748,
        0.446373075
      ],
      [
        0.0301041827,
        0.9855407,
        0.1667431
      ],
      [
        -0.447960436,
        0.162430391,
        -0.8791745
      ]
    ],
    "translation": [
      2.09914,
      0.851156235,
      -0.5224317
    ]
  },
  {
    "timeStamp": 30400,
    "rotation": [
      [
        -0.894454062,
        -0.0436063036,
        0.445028543
      ],
      [
        0.037774045,
        0.9843079,
        0.172369123
      ],
      [
        -0.445561469,
        0.170986786,
        -0.878771
      ]
    ],
    "translation": [
      2.099329,
      0.8483118,
      -0.521732748
    ]
  },
  {
    "timeStamp": 30455,
    "rotation": [
      [
        -0.8846328,
        -0.0463227443,
        0.4639817
      ],
      [
        0.04315142,
        0.98265034,
        0.180378288
      ],
      [
        -0.46428737,
        0.179590017,
        -0.867285848
      ]
    ],
    "translation": [
      2.09862256,
      0.8465501,
      -0.520402849
    ]
  },
  {
    "timeStamp": 30500,
    "rotation": [
      [
        -0.890448034,
        -0.0537441745,
        0.4519003
      ],
      [
        0.0381234176,
        0.9807022,
        0.19175458
      ],
      [
        -0.4534853,
        0.187975466,
        -0.871215463
      ]
    ],
    "translation": [
      2.098759,
      0.846092641,
      -0.520447731
    ]
  }
]