[
  {
    "id": "021 bleach cleanser(Clone)-11496",
    "pickRotation": [
      [
        0.091409035,
        0.3189095,
        0.9433669
      ],
      [
        -0.9932598,
        0.09699821,
        0.0634528
      ],
      [
        -0.0712692,
        -0.9428086,
        0.3256265
      ]
    ],
    "pickTranslation": [
      0.00790794753,
      0.010763376,
      0.236231685
    ],
    "placeRotation": [
      [
        -0.02371991,
        0.9995113,
        -0.020362027
      ],
      [
        -0.004761536,
        0.0202545747,
        0.9997835
      ],
      [
        0.999707341,
        0.02381173,
        0.004278772
      ]
    ],
    "placeTranslation": [
      -0.5537921,
      0.06432294,
      0.6118447
    ]
  },
  {
    "id": "005 tomato soup can(Clone)-11484",
    "pickRotation": [
      [
        -0.8189161,
        0.118688092,
        -0.5615066
      ],
      [
        0.5562282,
        -0.07687161,
        -0.8274666
      ],
      [
        -0.14137435,
        -0.9899515,
        -0.00306626479
      ]
    ],
    "pickTranslation": [
      0.0126929786,
      0.093937166,
      0.09342659
    ],
    "placeRotation": [
      [
        0.7863822,
        -0.613670349,
        -0.07079316
      ],
      [
        0.0110850092,
        -0.100563526,
        0.9948689
      ],
      [
        -0.617640734,
        -0.7831319,
        -0.07227883
      ]
    ],
    "placeTranslation": [
      -1.18043077,
      0.0781300142,
      0.4925537
    ]
  },
  {
    "id": "002 masterchef can(Clone)-11940",
    "pickRotation": [
      [
        -0.8890847,
        0.112027913,
        -0.443822175
      ],
      [
        0.4242537,
        -0.162366062,
        -0.8908681
      ],
      [
        -0.171863765,
        -0.980350435,
        0.09682893
      ]
    ],
    "pickTranslation": [
      0.0211011078,
      0.0149343871,
      0.144458532
    ],
    "placeRotation": [
      [
        0.8439161,
        -0.534460962,
        -0.0464442
      ],
      [
        0.0479514152,
        -0.011078354,
        0.998788238
      ],
      [
        -0.534327865,
        -0.845120549,
        0.01627896
      ]
    ],
    "placeTranslation": [
      -0.3953337,
      -0.00332760415,
      0.0902413651
    ]
  },
  {
    "id": "010 potted meat can(Clone)-11904",
    "pickRotation": [
      [
        -0.1150455,
        0.08505121,
        -0.989712536
      ],
      [
        0.9901146,
        -0.0706566349,
        -0.121164143
      ],
      [
        -0.08023491,
        -0.9938682,
        -0.0760817155
      ]
    ],
    "pickTranslation": [
      0.0319980942,
      -0.0275679417,
      0.0729448944
    ],
    "placeRotation": [
      [
        -0.00572351832,
        -0.997015953,
        -0.07698325
      ],
      [
        -0.0856688842,
        -0.0762126,
        0.9934045
      ],
      [
        -0.9963072,
        0.01228082,
        -0.0849770457
      ]
    ],
    "placeTranslation": [
      -0.815160751,
      0.125995532,
      -0.6371425
    ]
  },
  {
    "id": "007 tuna fish can(Clone)-11556",
    "pickRotation": [
      [
        -0.817913353,
        0.05801613,
        -0.5724088
      ],
      [
        0.5721061,
        -0.0233469773,
        -0.8198472
      ],
      [
        -0.06092838,
        -0.998042643,
        -0.0140955774
      ]
    ],
    "pickTranslation": [
      0.0337831043,
      -0.0101794768,
      0.02492762
    ],
    "placeRotation": [
      [
        0.724642932,
        -0.687656939,
        -0.0449504964
      ],
      [
        0.005803685,
        -0.05913628,
        0.998233
      ],
      [
        -0.6891001,
        -0.7236234,
        -0.03886174
      ]
    ],
    "placeTranslation": [
      -0.715087831,
      0.665462,
      -0.2613801
    ]
  },
  {
    "id": "013 apple(Clone)-11928",
    "pickRotation": [
      [
        -0.9815918,
        0.0317992866,
        -0.188325137
      ],
      [
        0.1762134,
        -0.229524389,
        -0.9572186
      ],
      [
        -0.07366407,
        -0.9727833,
        0.219695777
      ]
    ],
    "pickTranslation": [
      0.001857697,
      -0.00128419662,
      0.06820004
    ],
    "placeRotation": [
      [
        0.903536,
        -0.423282266,
        -0.0667447746
      ],
      [
        0.052504126,
        -0.0452297367,
        0.9975959
      ],
      [
        -0.4252835,
        -0.9048682,
        -0.01864263
      ]
    ],
    "placeTranslation": [
      -0.669204652,
      0.849702656,
      0.0693336651
    ]
  },
  {
    "id": "011 banana(Clone)-11390",
    "pickRotation": [
      [
        0.481890976,
        0.165543944,
        -0.860451162
      ],
      [
        0.8535426,
        -0.310702115,
        0.4182453
      ],
      [
        -0.198106021,
        -0.9359804,
        -0.291023374
      ]
    ],
    "pickTranslation": [
      -0.00500386627,
      0.0481027775,
      0.0342380367
    ],
    "placeRotation": [
      [
        -0.893056,
        -0.05080856,
        0.447067678
      ],
      [
        0.0408519357,
        0.980344057,
        0.193019867
      ],
      [
        -0.4480872,
        0.190641135,
        -0.8734265
      ]
    ],
    "placeTranslation": [
      -0.85903573,
      0.7514209,
      -0.728026
    ]
  },
  {
    "id": "003 cracker box(Clone)-11892",
    "pickRotation": [
      [
        -0.9635939,
        0.0897573158,
        0.251853883
      ],
      [
        -0.246738046,
        -0.661365867,
        -0.7083188
      ],
      [
        0.102990754,
        -0.744673669,
        0.6594347
      ]
    ],
    "pickTranslation": [
      0.01649589,
      0.06598693,
      0.156154141
    ],
    "placeRotation": [
      [
        -0.008757161,
        -0.00530542433,
        -0.9999476
      ],
      [
        -0.00384450029,
        0.9999787,
        -0.005271921
      ],
      [
        0.9999543,
        0.0037981316,
        -0.008777372
      ]
    ],
    "placeTranslation": [
      0.04234957,
      0.6255276,
      0.9718821
    ]
  },
  {
    "id": "100 half egg carton(Clone)-11952",
    "pickRotation": [
      [
        0.140525982,
        -0.020293586,
        0.989868939
      ],
      [
        -0.008546415,
        -0.9997775,
        -0.01928344
      ],
      [
        0.990040064,
        -0.00575000653,
        -0.140668154
      ]
    ],
    "pickTranslation": [
      -0.06641825,
      0.0443807542,
      0.00379245682
    ],
    "placeRotation": [
      [
        0.0100885434,
        0.0153553579,
        -0.9998312
      ],
      [
        0.395678848,
        0.9182106,
        0.018094331
      ],
      [
        0.91833353,
        -0.3957946,
        0.00318761775
      ]
    ],
    "placeTranslation": [
      0.224431485,
      0.487796456,
      0.398334771
    ]
  },
  {
    "id": "018 plum(Clone)-11508",
    "pickRotation": [
      [
        -0.914772,
        -0.383454531,
        -0.1271014
      ],
      [
        0.39086163,
        -0.9196385,
        -0.0386284962
      ],
      [
        -0.102075078,
        -0.0850153342,
        0.991137266
      ]
    ],
    "pickTranslation": [
      0.0179142933,
      0.04429734,
      0.03243541
    ],
    "placeRotation": [
      [
        0.353162348,
        -0.6928061,
        0.6287257
      ],
      [
        0.6993881,
        0.641864538,
        0.314429849
      ],
      [
        -0.6213957,
        0.328678548,
        0.711222768
      ]
    ],
    "placeTranslation": [
      0.9249316,
      0.561018,
      0.4941018
    ]
  },
  {
    "id": "012 strawberry(Clone)-11460",
    "pickRotation": [
      [
        -0.5504532,
        -0.6751725,
        -0.491063565
      ],
      [
        -0.32150805,
        -0.371396959,
        0.871032059
      ],
      [
        -0.7704764,
        0.6373433,
        -0.0126367426
      ]
    ],
    "pickTranslation": [
      0.0102049205,
      0.0201764759,
      0.000227773591
    ],
    "placeRotation": [
      [
        -0.131954223,
        0.469250053,
        0.8731509
      ],
      [
        0.7501494,
        0.6230725,
        -0.221486837
      ],
      [
        -0.647969067,
        0.6257675,
        -0.4342247
      ]
    ],
    "placeTranslation": [
      0.5431384,
      0.807958663,
      0.417130262
    ]
  },
  {
    "id": "016 pear(Clone)-11378",
    "pickRotation": [
      [
        -0.9992645,
        -0.03567994,
        0.0140518006
      ],
      [
        -0.0215114988,
        0.218213424,
        -0.97566396
      ],
      [
        0.03174534,
        -0.975248635,
        -0.218820438
      ]
    ],
    "pickTranslation": [
      0.0346368849,
      0.003130287,
      0.0668854639
    ],
    "placeRotation": [
      [
        0.984592855,
        -0.0561349057,
        -0.1656072
      ],
      [
        0.1474421,
        -0.2426488,
        0.9588443
      ],
      [
        -0.09400901,
        -0.968488753,
        -0.230633646
      ]
    ],
    "placeTranslation": [
      0.478464276,
      0.22784479,
      -0.6221386
    ]
  },
  {
    "id": "014 lemon(Clone)-11544",
    "pickRotation": [
      [
        0.09406221,
        -0.688268661,
        -0.719332039
      ],
      [
        -0.02223431,
        -0.723807633,
        0.6896435
      ],
      [
        -0.995318,
        -0.04887554,
        -0.08338612
      ]
    ],
    "pickTranslation": [
      0.03168227,
      0.0434414633,
      0.0254154652
    ],
    "placeRotation": [
      [
        -0.052958563,
        0.4363296,
        0.898227036
      ],
      [
        0.5415367,
        0.768287361,
        -0.341280669
      ],
      [
        -0.8390074,
        0.4683492,
        -0.2769759
      ]
    ],
    "placeTranslation": [
      0.349013269,
      0.333013475,
      -0.9646877
    ]
  },
  {
    "id": "017 orange(Clone)-11532",
    "pickRotation": [
      [
        -0.873055,
        0.3173565,
        0.370215952
      ],
      [
        0.1846135,
        -0.487588435,
        0.8533319
      ],
      [
        0.45132345,
        0.8133525,
        0.367103219
      ]
    ],
    "pickTranslation": [
      -0.00601759134,
      -0.00435486669,
      -7.892424E-05
    ],
    "placeRotation": [
      [
        0.8991483,
        0.182764456,
        -0.397654921
      ],
      [
        -0.4244914,
        0.585292757,
        -0.690825164
      ],
      [
        0.106486261,
        0.7899554,
        0.603846967
      ]
    ],
    "placeTranslation": [
      0.7535626,
      0.810976744,
      -0.556404054
    ]
  },
  {
    "id": "015 peach(Clone)-11916",
    "pickRotation": [
      [
        -0.707697451,
        0.09824,
        0.699652255
      ],
      [
        -0.705598652,
        -0.0478397049,
        -0.706994951
      ],
      [
        -0.0359840281,
        -0.994012237,
        0.103174053
      ]
    ],
    "pickTranslation": [
      0.0152725792,
      0.0168992281,
      0.05117848
    ],
    "placeRotation": [
      [
        0.903437,
        0.428677231,
        -0.006115322
      ],
      [
        0.0516095534,
        -0.09458459,
        0.9941782
      ],
      [
        0.425603122,
        -0.898493,
        -0.107575059
      ]
    ],
    "placeTranslation": [
      0.4439512,
      0.489156872,
      -0.599405169
    ]
  },
  {
    "id": "057 racquetball(Clone)-11448",
    "pickRotation": [
      [
        -0.6752144,
        -0.11678642,
        -0.7283175
      ],
      [
        0.123878784,
        -0.9913164,
        0.0441120155
      ],
      [
        -0.7271448,
        -0.06043802,
        0.6838185
      ]
    ],
    "pickTranslation": [
      0.0115318159,
      -0.09469304,
      0.0306282379
    ],
    "placeRotation": [
      [
        0.108540051,
        -0.2875422,
        0.951597869
      ],
      [
        0.160363883,
        0.949780345,
        0.268701762
      ],
      [
        -0.9810721,
        0.123437032,
        0.149200588
      ]
    ],
    "placeTranslation": [
      0.5174239,
      1.29140842,
      -0.8129446
    ]
  },
  {
    "id": "058 golf ball(Clone)-11472",
    "pickRotation": [
      [
        -0.289961934,
        0.208623216,
        -0.9340227
      ],
      [
        -0.4784777,
        -0.876824439,
        -0.04730679
      ],
      [
        -0.8288433,
        0.4331919,
        0.354067266
      ]
    ],
    "pickTranslation": [
      0.005385266,
      -0.017854711,
      0.0146594224
    ],
    "placeRotation": [
      [
        -0.061112605,
        0.44091022,
        0.8954683
      ],
      [
        -0.309943825,
        0.8444124,
        -0.436923951
      ],
      [
        -0.948788762,
        -0.3042464,
        0.08505315
      ]
    ],
    "placeTranslation": [
      0.6237386,
      1.10928237,
      -0.8169788
    ]
  },
  {
    "id": "101 bread(Clone)-11520",
    "pickRotation": [
      [
        -0.938856244,
        -0.03543057,
        -0.342481434
      ],
      [
        0.00379559863,
        -0.995695949,
        0.09260225
      ],
      [
        -0.344288319,
        0.08564028,
        0.9349499
      ]
    ],
    "pickTranslation": [
      0.00156760169,
      0.042799145,
      0.000397396885
    ],
    "placeRotation": [
      [
        0.0367068946,
        0.0165625922,
        0.9991888
      ],
      [
        -0.118443869,
        0.992886961,
        -0.0121068964
      ],
      [
        -0.992282033,
        -0.117903389,
        0.03840753
      ]
    ],
    "placeTranslation": [
      0.5867422,
      0.7620762,
      -0.0557375327
    ]
  }
]