[
  {
    "timeStamp": 50633,
    "rotation": [
      [
        0.9996897,
        0.000442602817,
        -0.02490516
      ],
      [
        0.024904279,
        -0.03741588,
        0.9989894
      ],
      [
        -0.000489693368,
        -0.999299645,
        -0.0374152958
      ]
    ],
    "translation": [
      1.154,
      0.7004792,
      -0.620092452
    ]
  },
  {
    "timeStamp": 50677,
    "rotation": [
      [
        0.999865,
        -0.009271496,
        -0.0135648837
      ],
      [
        0.0134108886,
        -0.0164745413,
        0.999774337
      ],
      [
        -0.009492885,
        -0.9998213,
        -0.0163479783
      ]
    ],
    "translation": [
      1.15399933,
      0.701761,
      -0.6202306
    ]
  },
  {
    "timeStamp": 50733,
    "rotation": [
      [
        0.999889,
        -0.008394621,
        -0.012306287
      ],
      [
        0.01214092,
        -0.0194734819,
        0.999736667
      ],
      [
        -0.008632047,
        -0.9997751,
        -0.0193694048
      ]
    ],
    "translation": [
      1.15423381,
      0.701954,
      -0.620108068
    ]
  },
  {
    "timeStamp": 50777,
    "rotation": [
      [
        0.9997283,
        -0.023299044,
        0.000648149929
      ],
      [
        -0.00185312412,
        -0.0517334454,
        0.9986592
      ],
      [
        -0.0232342742,
        -0.9983891,
        -0.051762566
      ]
    ],
    "translation": [
      1.154361,
      0.7073771,
      -0.6148456
    ]
  },
  {
    "timeStamp": 50833,
    "rotation": [
      [
        0.9991079,
        -0.0381757729,
        0.018057134
      ],
      [
        -0.0200043358,
        -0.05125526,
        0.9984852
      ],
      [
        -0.0371924154,
        -0.9979556,
        -0.0519732162
      ]
    ],
    "translation": [
      1.15644336,
      0.717697,
      -0.6122281
    ]
  },
  {
    "timeStamp": 50877,
    "rotation": [
      [
        0.9981834,
        -0.04605432,
        0.0388441235
      ],
      [
        -0.0414347835,
        -0.0567003,
        0.997531056
      ],
      [
        -0.04373813,
        -0.9973285,
        -0.05850555
      ]
    ],
    "translation": [
      1.159293,
      0.7292443,
      -0.6092636
    ]
  },
  {
    "timeStamp": 50933,
    "rotation": [
      [
        0.995648146,
        -0.0685390458,
        0.0631435961
      ],
      [
        -0.06724278,
        -0.0592456535,
        0.9959761
      ],
      [
        -0.06452227,
        -0.9958877,
        -0.0635965839
      ]
    ],
    "translation": [
      1.16701126,
      0.747049868,
      -0.603616655
    ]
  },
  {
    "timeStamp": 50977,
    "rotation": [
      [
        0.9926056,
        -0.08116641,
        0.090255484
      ],
      [
        -0.09465198,
        -0.05204997,
        0.9941488
      ],
      [
        -0.0759936944,
        -0.9953406,
        -0.0593476519
      ]
    ],
    "translation": [
      1.176177,
      0.764347136,
      -0.600804865
    ]
  },
  {
    "timeStamp": 51033,
    "rotation": [
      [
        0.9853814,
        -0.104927547,
        0.134214789
      ],
      [
        -0.142577767,
        -0.07671494,
        0.986806154
      ],
      [
        -0.09324687,
        -0.991516531,
        -0.09055381
      ]
    ],
    "translation": [
      1.19021571,
      0.7932822,
      -0.59338063
    ]
  },
  {
    "timeStamp": 51077,
    "rotation": [
      [
        0.970457137,
        -0.133892044,
        0.200713366
      ],
      [
        -0.2124129,
        -0.07958741,
        0.9739336
      ],
      [
        -0.114427708,
        -0.987794936,
        -0.105676569
      ]
    ],
    "translation": [
      1.2025789,
      0.8213639,
      -0.5895196
    ]
  },
  {
    "timeStamp": 51133,
    "rotation": [
      [
        0.9627828,
        -0.18111141,
        0.200618878
      ],
      [
        -0.221635431,
        -0.104235552,
        0.9695425
      ],
      [
        -0.15468359,
        -0.9779231,
        -0.1404969
      ]
    ],
    "translation": [
      1.23173857,
      0.8463872,
      -0.5836842
    ]
  },
  {
    "timeStamp": 51177,
    "rotation": [
      [
        0.95281595,
        -0.22994487,
        0.19815968
      ],
      [
        -0.228085876,
        -0.111586489,
        0.967225552
      ],
      [
        -0.200296611,
        -0.9667854,
        -0.15876855
      ]
    ],
    "translation": [
      1.25829232,
      0.863417268,
      -0.582688451
    ]
  },
  {
    "timeStamp": 51233,
    "rotation": [
      [
        0.941347,
        -0.293332726,
        0.166798487
      ],
      [
        -0.214124873,
        -0.137222,
        0.967119753
      ],
      [
        -0.260799438,
        -0.946110964,
        -0.191983357
      ]
    ],
    "translation": [
      1.2969352,
      0.8829674,
      -0.5835641
    ]
  },
  {
    "timeStamp": 51276,
    "rotation": [
      [
        0.9259866,
        -0.3510472,
        0.138977528
      ],
      [
        -0.203993559,
        -0.155437991,
        0.9665535
      ],
      [
        -0.317703515,
        -0.92336607,
        -0.21554485
      ]
    ],
    "translation": [
      1.32874668,
      0.8977902,
      -0.5881342
    ]
  },
  {
    "timeStamp": 51331,
    "rotation": [
      [
        0.882472932,
        -0.45716542,
        0.110640146
      ],
      [
        -0.214877322,
        -0.182588,
        0.959421337
      ],
      [
        -0.418412656,
        -0.870437443,
        -0.259363443
      ]
    ],
    "translation": [
      1.3714987,
      0.917221367,
      -0.5939824
    ]
  },
  {
    "timeStamp": 51375,
    "rotation": [
      [
        0.845334768,
        -0.526154041,
        0.092579715
      ],
      [
        -0.218157679,
        -0.181786656,
        0.958833039
      ],
      [
        -0.487664133,
        -0.830731869,
        -0.268455118
      ]
    ],
    "translation": [
      1.403778,
      0.927373767,
      -0.606919169
    ]
  },
  {
    "timeStamp": 51431,
    "rotation": [
      [
        0.795517147,
        -0.604038239,
        0.0478568934
      ],
      [
        -0.213751554,
        -0.205851108,
        0.9549532
      ],
      [
        -0.566976845,
        -0.7699111,
        -0.2928722
      ]
    ],
    "translation": [
      1.44705486,
      0.9369786,
      -0.62469244
    ]
  },
  {
    "timeStamp": 51475,
    "rotation": [
      [
        0.7509158,
        -0.6601495,
        0.01811383
      ],
      [
        -0.207656175,
        -0.209992468,
        0.9553963
      ],
      [
        -0.6269007,
        -0.721183658,
        -0.294770777
      ]
    ],
    "translation": [
      1.47983873,
      0.941188633,
      -0.6441823
    ]
  },
  {
    "timeStamp": 51531,
    "rotation": [
      [
        0.6905983,
        -0.72301966,
        -0.0177935231
      ],
      [
        -0.20316346,
        -0.217547774,
        0.954671443
      ],
      [
        -0.6941171,
        -0.655679464,
        -0.2971293
      ]
    ],
    "translation": [
      1.5209856,
      0.945810854,
      -0.669797361
    ]
  },
  {
    "timeStamp": 51575,
    "rotation": [
      [
        0.6471864,
        -0.761126,
        -0.0428592265
      ],
      [
        -0.200283542,
        -0.22400929,
        0.953785241
      ],
      [
        -0.7355516,
        -0.6086928,
        -0.297416776
      ]
    ],
    "translation": [
      1.5518353,
      0.9492806,
      -0.6912116
    ]
  },
  {
    "timeStamp": 51631,
    "rotation": [
      [
        0.5927567,
        -0.8023078,
        -0.07029721
      ],
      [
        -0.196278051,
        -0.22856091,
        0.95353806
      ],
      [
        -0.781098247,
        -0.5514183,
        -0.292956442
      ]
    ],
    "translation": [
      1.59094572,
      0.9533895,
      -0.718465447
    ]
  },
  {
    "timeStamp": 51676,
    "rotation": [
      [
        0.550794065,
        -0.8298404,
        -0.08939154
      ],
      [
        -0.2011268,
        -0.235909224,
        0.95073384
      ],
      [
        -0.81004566,
        -0.5056795,
        -0.296840549
      ]
    ],
    "translation": [
      1.62202287,
      0.958221734,
      -0.738537
    ]
  },
  {
    "timeStamp": 51733,
    "rotation": [
      [
        0.507884145,
        -0.8531378,
        -0.119203843
      ],
      [
        -0.202206761,
        -0.2525846,
        0.94621
      ],
      [
        -0.837356567,
        -0.456461221,
        -0.300793946
      ]
    ],
    "translation": [
      1.66096854,
      0.964997351,
      -0.762601852
    ]
  },
  {
    "timeStamp": 51777,
    "rotation": [
      [
        0.471501827,
        -0.8722546,
        -0.1298379
      ],
      [
        -0.215698481,
        -0.256828457,
        0.942079246
      ],
      [
        -0.855079055,
        -0.416186243,
        -0.3092391
      ]
    ],
    "translation": [
      1.69015086,
      0.972087741,
      -0.7807814
    ]
  },
  {
    "timeStamp": 51833,
    "rotation": [
      [
        0.4489382,
        -0.880652249,
        -0.151347712
      ],
      [
        -0.2259515,
        -0.275752,
        0.93429476
      ],
      [
        -0.864523232,
        -0.385243326,
        -0.322780281
      ]
    ],
    "translation": [
      1.72429132,
      0.981065035,
      -0.801927865
    ]
  },
  {
    "timeStamp": 51877,
    "rotation": [
      [
        0.43330586,
        -0.8851412,
        -0.16962032
      ],
      [
        -0.22891067,
        -0.290124238,
        0.929208159
      ],
      [
        -0.8716914,
        -0.363803446,
        -0.3283308
      ]
    ],
    "translation": [
      1.7497915,
      0.986664534,
      -0.8181636
    ]
  },
  {
    "timeStamp": 51933,
    "rotation": [
      [
        0.429295033,
        -0.883598,
        -0.186976448
      ],
      [
        -0.234203264,
        -0.308852643,
        0.9218237
      ],
      [
        -0.87226975,
        -0.351943851,
        -0.339530468
      ]
    ],
    "translation": [
      1.77837288,
      0.9930197,
      -0.8343541
    ]
  },
  {
    "timeStamp": 51978,
    "rotation": [
      [
        0.428250462,
        -0.8788105,
        -0.210460544
      ],
      [
        -0.2333484,
        -0.332543433,
        0.9137633
      ],
      [
        -0.873012066,
        -0.3422089,
        -0.3474809
      ]
    ],
    "translation": [
      1.80095613,
      0.9995752,
      -0.845056057
    ]
  },
  {
    "timeStamp": 52033,
    "rotation": [
      [
        0.424236327,
        -0.8801086,
        -0.213148981
      ],
      [
        -0.263501853,
        -0.3451728,
        0.90079
      ],
      [
        -0.8663662,
        -0.3259827,
        -0.378345042
      ]
    ],
    "translation": [
      1.82379675,
      1.01165891,
      -0.852448165
    ]
  },
  {
    "timeStamp": 52077,
    "rotation": [
      [
        0.4180926,
        -0.8807016,
        -0.222628176
      ],
      [
        -0.276620924,
        -0.356868953,
        0.8922586
      ],
      [
        -0.8652626,
        -0.3114631,
        -0.392824739
      ]
    ],
    "translation": [
      1.84226823,
      1.01974952,
      -0.8563374
    ]
  },
  {
    "timeStamp": 52133,
    "rotation": [
      [
        0.4140355,
        -0.8820737,
        -0.224767983
      ],
      [
        -0.292883217,
        -0.362889767,
        0.8846075
      ],
      [
        -0.86185503,
        -0.300428122,
        -0.408593833
      ]
    ],
    "translation": [
      1.86292875,
      1.02631557,
      -0.856430054
    ]
  },
  {
    "timeStamp": 52177,
    "rotation": [
      [
        0.413322031,
        -0.882972658,
        -0.2225405
      ],
      [
        -0.303577781,
        -0.3640291,
        0.880524457
      ],
      [
        -0.8584902,
        -0.2963818,
        -0.4185121
      ]
    ],
    "translation": [
      1.87872994,
      1.02886355,
      -0.8544329
    ]
  },
  {
    "timeStamp": 52233,
    "rotation": [
      [
        0.415458947,
        -0.8803656,
        -0.228801742
      ],
      [
        -0.307781368,
        -0.372757822,
        0.875398338
      ],
      [
        -0.8559582,
        -0.293271184,
        -0.425825715
      ]
    ],
    "translation": [
      1.89900565,
      1.02842784,
      -0.848955333
    ]
  },
  {
    "timeStamp": 52277,
    "rotation": [
      [
        0.405841261,
        -0.88488,
        -0.2286487
      ],
      [
        -0.310419768,
        -0.368765652,
        0.8761572
      ],
      [
        -0.8596118,
        -0.2846037,
        -0.42434454
      ]
    ],
    "translation": [
      1.9162823,
      1.02502275,
      -0.8432203
    ]
  },
  {
    "timeStamp": 52332,
    "rotation": [
      [
        0.390032977,
        -0.8913213,
        -0.2311292
      ],
      [
        -0.318001568,
        -0.365951717,
        0.8746167
      ],
      [
        -0.8641466,
        -0.2676299,
        -0.4261748
      ]
    ],
    "translation": [
      1.93719482,
      1.022101,
      -0.833923638
    ]
  },
  {
    "timeStamp": 52377,
    "rotation": [
      [
        0.3682913,
        -0.9024991,
        -0.223286688
      ],
      [
        -0.328227043,
        -0.350919724,
        0.8769962
      ],
      [
        -0.86984396,
        -0.249701351,
        -0.425465316
      ]
    ],
    "translation": [
      1.95286381,
      1.01986468,
      -0.8258468
    ]
  },
  {
    "timeStamp": 52432,
    "rotation": [
      [
        0.339747667,
        -0.9157361,
        -0.214473709
      ],
      [
        -0.343911827,
        -0.33320573,
        0.8778944
      ],
      [
        -0.875383437,
        -0.224502519,
        -0.4281383
      ]
    ],
    "translation": [
      1.97118032,
      1.01879,
      -0.813999355
    ]
  },
  {
    "timeStamp": 52477,
    "rotation": [
      [
        0.319156349,
        -0.925383151,
        -0.204463348
      ],
      [
        -0.346483976,
        -0.314747334,
        0.8836758
      ],
      [
        -0.882093,
        -0.211187467,
        -0.421084046
      ]
    ],
    "translation": [
      1.98443651,
      1.01542652,
      -0.8049595
    ]
  },
  {
    "timeStamp": 52533,
    "rotation": [
      [
        0.262308121,
        -0.9468608,
        -0.18614243
      ],
      [
        -0.3528872,
        -0.273658544,
        0.894752264
      ],
      [
        -0.8981453,
        -0.169013485,
        -0.405917943
      ]
    ],
    "translation": [
      2.00117564,
      1.009969,
      -0.7951008
    ]
  },
  {
    "timeStamp": 52577,
    "rotation": [
      [
        0.230427116,
        -0.958504736,
        -0.1678451
      ],
      [
        -0.362543732,
        -0.2446319,
        0.8992871
      ],
      [
        -0.90303123,
        -0.146368951,
        -0.403869748
      ]
    ],
    "translation": [
      2.01168656,
      1.007212,
      -0.7863777
    ]
  },
  {
    "timeStamp": 52632,
    "rotation": [
      [
        0.198358312,
        -0.964993,
        -0.171587944
      ],
      [
        -0.358477533,
        -0.234365284,
        0.903640866
      ],
      [
        -0.9122214,
        -0.117734276,
        -0.392416626
      ]
    ],
    "translation": [
      2.02764487,
      1.00180936,
      -0.7748685
    ]
  },
  {
    "timeStamp": 52676,
    "rotation": [
      [
        0.1788712,
        -0.963469148,
        -0.1993297
      ],
      [
        -0.3435244,
        -0.2510053,
        0.904979169
      ],
      [
        -0.9219523,
        -0.093400076,
        -0.3758728
      ]
    ],
    "translation": [
      2.044267,
      0.995792,
      -0.766612351
    ]
  },
  {
    "timeStamp": 52732,
    "rotation": [
      [
        0.142601416,
        -0.9651254,
        -0.2195401
      ],
      [
        -0.320175,
        -0.2548612,
        0.912432849
      ],
      [
        -0.9365644,
        -0.0598229468,
        -0.34535256
      ]
    ],
    "translation": [
      2.06112647,
      0.982404,
      -0.756553769
    ]
  },
  {
    "timeStamp": 52777,
    "rotation": [
      [
        0.122042693,
        -0.9586778,
        -0.256987363
      ],
      [
        -0.28915447,
        -0.282033741,
        0.914793253
      ],
      [
        -0.9494711,
        -0.0373348035,
        -0.311626136
      ]
    ],
    "translation": [
      2.07483244,
      0.973654568,
      -0.753309965
    ]
  },
  {
    "timeStamp": 52823,
    "rotation": [
      [
        0.0850278139,
        -0.964537561,
        -0.249875143
      ],
      [
        -0.275683016,
        -0.263767034,
        0.9243516
      ],
      [
        -0.9574806,
        -0.0097092595,
        -0.288334161
      ]
    ],
    "translation": [
      2.08743525,
      0.95870024,
      -0.742456734
    ]
  },
  {
    "timeStamp": 52883,
    "rotation": [
      [
        0.00397154549,
        -0.974489868,
        -0.224396214
      ],
      [
        -0.2778287,
        -0.2166387,
        0.935884
      ],
      [
        -0.9606224,
        0.058626812,
        -0.271601647
      ]
    ],
    "translation": [
      2.100615,
      0.9398002,
      -0.729679048
    ]
  },
  {
    "timeStamp": 52927,
    "rotation": [
      [
        -0.0227310881,
        -0.97848314,
        -0.205070764
      ],
      [
        -0.2716066,
        -0.191364586,
        0.9431911
      ],
      [
        -0.9621399,
        0.07713833,
        -0.261412531
      ]
    ],
    "translation": [
      2.104692,
      0.9259963,
      -0.718757033
    ]
  },
  {
    "timeStamp": 52983,
    "rotation": [
      [
        -0.0635639951,
        -0.980230153,
        -0.187372327
      ],
      [
        -0.264334172,
        -0.1645095,
        0.9502968
      ],
      [
        -0.962334156,
        0.109933577,
        -0.24865146
      ]
    ],
    "translation": [
      2.10828018,
      0.9101661,
      -0.7056464
    ]
  },
  {
    "timeStamp": 53027,
    "rotation": [
      [
        -0.08611464,
        -0.9800689,
        -0.179022968
      ],
      [
        -0.25610286,
        -0.151876032,
        0.9546439
      ],
      [
        -0.9628061,
        0.1280571,
        -0.2379197
      ]
    ],
    "translation": [
      2.11192918,
      0.8995815,
      -0.6963773
    ]
  },
  {
    "timeStamp": 53083,
    "rotation": [
      [
        -0.128317535,
        -0.9752594,
        -0.180010438
      ],
      [
        -0.235614717,
        -0.146334872,
        0.960766256
      ],
      [
        -0.963338137,
        0.165696278,
        -0.211008132
      ]
    ],
    "translation": [
      2.118203,
      0.886239231,
      -0.68932426
    ]
  },
  {
    "timeStamp": 53127,
    "rotation": [
      [
        -0.157930613,
        -0.9703524,
        -0.1829595
      ],
      [
        -0.215280563,
        -0.14699246,
        0.9654261
      ],
      [
        -0.9636972,
        0.191857934,
        -0.1856834
      ]
    ],
    "translation": [
      2.12361288,
      0.8754848,
      -0.6842246
    ]
  },
  {
    "timeStamp": 53183,
    "rotation": [
      [
        -0.176534146,
        -0.9712885,
        -0.159481376
      ],
      [
        -0.196340218,
        -0.124021389,
        0.9726609
      ],
      [
        -0.9645135,
        0.203020468,
        -0.168808982
      ]
    ],
    "translation": [
      2.125943,
      0.862301946,
      -0.677251756
    ]
  },
  {
    "timeStamp": 53227,
    "rotation": [
      [
        -0.232342437,
        -0.9670962,
        -0.103643164
      ],
      [
        -0.186855584,
        -0.0601925068,
        0.9805416
      ],
      [
        -0.9545166,
        0.247187749,
        -0.166722059
      ]
    ],
    "translation": [
      2.12631941,
      0.850957036,
      -0.672447741
    ]
  },
  {
    "timeStamp": 53283,
    "rotation": [
      [
        -0.358371228,
        -0.933579147,
        0.000248574739
      ],
      [
        -0.146002457,
        0.0563086644,
        0.987680435
      ],
      [
        -0.922091842,
        0.353919953,
        -0.156484261
      ]
    ],
    "translation": [
      2.12238026,
      0.834245145,
      -0.672091842
    ]
  },
  {
    "timeStamp": 53329,
    "rotation": [
      [
        -0.391584754,
        -0.920083642,
        -0.0103655513
      ],
      [
        -0.146245822,
        0.0511119068,
        0.98792696
      ],
      [
        -0.908445656,
        0.388373047,
        -0.154573038
      ]
    ],
    "translation": [
      2.12631488,
      0.8294288,
      -0.66764164
    ]
  },
  {
    "timeStamp": 53374,
    "rotation": [
      [
        -0.429918945,
        -0.9028317,
        -0.008040924
      ],
      [
        -0.12834549,
        0.05229638,
        0.9903497
      ],
      [
        -0.8936986,
        0.4268021,
        -0.13835758
      ]
    ],
    "translation": [
      2.126026,
      0.822531462,
      -0.6648296
    ]
  },
  {
    "timeStamp": 53430,
    "rotation": [
      [
        -0.4556328,
        -0.890154541,
        -0.004864873
      ],
      [
        -0.112176962,
        0.05199542,
        0.992327
      ],
      [
        -0.8830714,
        0.452682436,
        -0.123545647
      ]
    ],
    "translation": [
      2.12345076,
      0.814703465,
      -0.658184767
    ]
  },
  {
    "timeStamp": 53474,
    "rotation": [
      [
        -0.46718064,
        -0.8838429,
        -0.0237484332
      ],
      [
        -0.105766587,
        0.0291986931,
        0.9939622
      ],
      [
        -0.877813041,
        0.466871679,
        -0.107122116
      ]
    ],
    "translation": [
      2.12471628,
      0.8102092,
      -0.653798
    ]
  },
  {
    "timeStamp": 53530,
    "rotation": [
      [
        -0.4805039,
        -0.8766645,
        -0.0239858851
      ],
      [
        -0.09416644,
        0.02438242,
        0.995257854
      ],
      [
        -0.8719224,
        0.480483919,
        -0.09426823
      ]
    ],
    "translation": [
      2.123318,
      0.8031737,
      -0.6463007
    ]
  },
  {
    "timeStamp": 53574,
    "rotation": [
      [
        -0.5001838,
        -0.8657143,
        -0.018838916
      ],
      [
        -0.07983057,
        0.0244385637,
        0.996508837
      ],
      [
        -0.862231553,
        0.499941528,
        -0.08133424
      ]
    ],
    "translation": [
      2.122188,
      0.797215641,
      -0.642353654
    ]
  },
  {
    "timeStamp": 53630,
    "rotation": [
      [
        -0.5380866,
        -0.8428312,
        0.009916533
      ],
      [
        -0.0589815266,
        0.0493863039,
        0.9970367
      ],
      [
        -0.8408234,
        0.5359072,
        -0.07628558
      ]
    ],
    "translation": [
      2.119412,
      0.7908341,
      -0.637444854
    ]
  },
  {
    "timeStamp": 53674,
    "rotation": [
      [
        -0.553681135,
        -0.8322197,
        0.0291114487
      ],
      [
        -0.04619648,
        0.06560252,
        0.9967759
      ],
      [
        -0.83144635,
        0.550551236,
        -0.074768506
      ]
    ],
    "translation": [
      2.11664438,
      0.786965668,
      -0.6323894
    ]
  },
  {
    "timeStamp": 53730,
    "rotation": [
      [
        -0.579503238,
        -0.8134415,
        0.04988878
      ],
      [
        -0.0356619954,
        0.08646758,
        0.9956162
      ],
      [
        -0.8141893,
        0.5751837,
        -0.07911719
      ]
    ],
    "translation": [
      2.11472821,
      0.782231748,
      -0.627708554
    ]
  },
  {
    "timeStamp": 53775,
    "rotation": [
      [
        -0.5878058,
        -0.8076681,
        0.04643873
      ],
      [
        -0.0259086564,
        0.07616676,
        0.9967584
      ],
      [
        -0.8085871,
        0.584697247,
        -0.06569685
      ]
    ],
    "translation": [
      2.116392,
      0.7789059,
      -0.625029743
    ]
  },
  {
    "timeStamp": 53831,
    "rotation": [
      [
        -0.5642997,
        -0.825558066,
        0.00444038957
      ],
      [
        -0.04855841,
        0.0385597833,
        0.9980758
      ],
      [
        -0.8241408,
        0.562998235,
        -0.0618470646
      ]
    ],
    "translation": [
      2.1230607,
      0.7773541,
      -0.618246436
    ]
  },
  {
    "timeStamp": 53876,
    "rotation": [
      [
        -0.5383072,
        -0.8425447,
        -0.0185424425
      ],
      [
        -0.0471262932,
        0.008126805,
        0.9988559
      ],
      [
        -0.84143,
        0.538565159,
        -0.0440807231
      ]
    ],
    "translation": [
      2.12740827,
      0.7727394,
      -0.616248369
    ]
  },
  {
    "timeStamp": 53932,
    "rotation": [
      [
        -0.48863703,
        -0.872485042,
        -0.00192594447
      ],
      [
        -0.04216316,
        0.02140861,
        0.99888134
      ],
      [
        -0.8714678,
        0.488171637,
        -0.0472477637
      ]
    ],
    "translation": [
      2.12311482,
      0.7650328,
      -0.6109188
    ]
  },
  {
    "timeStamp": 53976,
    "rotation": [
      [
        -0.417537183,
        -0.908004642,
        -0.0344999321
      ],
      [
        -0.0580717474,
        -0.0112250745,
        0.9982493
      ],
      [
        -0.906802237,
        0.418809682,
        -0.04804253
      ]
    ],
    "translation": [
      2.12376666,
      0.76231277,
      -0.606488764
    ]
  },
  {
    "timeStamp": 54032,
    "rotation": [
      [
        -0.377014041,
        -0.925437,
        -0.0377740934
      ],
      [
        -0.0482356325,
        -0.02111023,
        0.9986129
      ],
      [
        -0.924950659,
        0.378313124,
        -0.0366801843
      ]
    ],
    "translation": [
      2.12235117,
      0.7562795,
      -0.609052658
    ]
  },
  {
    "timeStamp": 54076,
    "rotation": [
      [
        -0.366228282,
        -0.9298981,
        -0.034151528
      ],
      [
        -0.0344721451,
        -0.0231180415,
        0.999138236
      ],
      [
        -0.9298863,
        0.367089957,
        -0.0235891026
      ]
    ],
    "translation": [
      2.12275982,
      0.7508288,
      -0.613916934
    ]
  },
  {
    "timeStamp": 54132,
    "rotation": [
      [
        -0.355692953,
        -0.933726847,
        -0.04045646
      ],
      [
        -0.0358421,
        -0.02962741,
        0.9989182
      ],
      [
        -0.9339153,
        0.356758237,
        -0.0229284689
      ]
    ],
    "translation": [
      2.12380528,
      0.7463013,
      -0.616066
    ]
  },
  {
    "timeStamp": 54176,
    "rotation": [
      [
        -0.35097912,
        -0.935757637,
        -0.03422431
      ],
      [
        -0.031800542,
        -0.0246167313,
        0.999191046
      ],
      [
        -0.93584317,
        0.351783544,
        -0.02111764
      ]
    ],
    "translation": [
      2.12328672,
      0.742443,
      -0.6166713
    ]
  },
  {
    "timeStamp": 54232,
    "rotation": [
      [
        -0.3340236,
        -0.941492438,
        -0.0449467562
      ],
      [
        -0.0544847846,
        -0.02831965,
        0.9981129
      ],
      [
        -0.94098866,
        0.3358422,
        -0.04183758
      ]
    ],
    "translation": [
      2.125862,
      0.740638137,
      -0.613773
    ]
  },
  {
    "timeStamp": 54276,
    "rotation": [
      [
        -0.3029741,
        -0.9514221,
        -0.0547968931
      ],
      [
        -0.07997097,
        -0.0319145955,
        0.996286154
      ],
      [
        -0.9496375,
        0.306231081,
        -0.06641685
      ]
    ],
    "translation": [
      2.126468,
      0.74059236,
      -0.608862162
    ]
  },
  {
    "timeStamp": 54331,
    "rotation": [
      [
        -0.264621824,
        -0.961245656,
        -0.07734361
      ],
      [
        -0.08919029,
        -0.0554635935,
        0.994469166
      ],
      [
        -0.9602189,
        0.270056516,
        -0.0710569
      ]
    ],
    "translation": [
      2.12814713,
      0.739599764,
      -0.603960931
    ]
  },
  {
    "timeStamp": 54376,
    "rotation": [
      [
        -0.2633027,
        -0.9626375,
        -0.06325241
      ],
      [
        -0.09452935,
        -0.039505776,
        0.9947379
      ],
      [
        -0.9600708,
        0.267896384,
        -0.0805955157
      ]
    ],
    "translation": [
      2.12886214,
      0.73613,
      -0.6030611
    ]
  },
  {
    "timeStamp": 54432,
    "rotation": [
      [
        -0.2840337,
        -0.9563104,
        -0.0692479238
      ],
      [
        -0.08945787,
        -0.0454761423,
        0.994951844
      ],
      [
        -0.9546319,
        0.288794637,
        -0.07263273
      ]
    ],
    "translation": [
      2.13416624,
      0.733004332,
      -0.6064939
    ]
  },
  {
    "timeStamp": 54476,
    "rotation": [
      [
        -0.28022,
        -0.9567902,
        -0.07764748
      ],
      [
        -0.08955236,
        -0.0544793941,
        0.994491
      ],
      [
        -0.955749452,
        0.2856298,
        -0.07041661
      ]
    ],
    "translation": [
      2.13608837,
      0.7315697,
      -0.6061902
    ]
  },
  {
    "timeStamp": 54532,
    "rotation": [
      [
        -0.261044055,
        -0.9613957,
        -0.08703059
      ],
      [
        -0.0962519348,
        -0.06378482,
        0.993311167
      ],
      [
        -0.9605163,
        0.267674834,
        -0.07588555
      ]
    ],
    "translation": [
      2.137035,
      0.73077625,
      -0.603095651
    ]
  },
  {
    "timeStamp": 54576,
    "rotation": [
      [
        -0.2656916,
        -0.959684432,
        -0.09172682
      ],
      [
        -0.110342145,
        -0.06424928,
        0.9918148
      ],
      [
        -0.9577226,
        0.273638248,
        -0.08882314
      ]
    ],
    "translation": [
      2.13885665,
      0.7310633,
      -0.601277232
    ]
  },
  {
    "timeStamp": 54632,
    "rotation": [
      [
        -0.2644543,
        -0.9605773,
        -0.08576183
      ],
      [
        -0.107981056,
        -0.05887571,
        0.992408037
      ],
      [
        -0.958333969,
        0.271707237,
        -0.08815422
      ]
    ],
    "translation": [
      2.13811,
      0.7289627,
      -0.5998278
    ]
  },
  {
    "timeStamp": 54676,
    "rotation": [
      [
        -0.2677751,
        -0.9599554,
        -0.08235341
      ],
      [
        -0.110042922,
        -0.0544438027,
        0.9924346
      ],
      [
        -0.9571766,
        0.274811655,
        -0.09105761
      ]
    ],
    "translation": [
      2.137274,
      0.7275262,
      -0.598777056
    ]
  },
  {
    "timeStamp": 54731,
    "rotation": [
      [
        -0.280753076,
        -0.956438661,
        -0.08001767
      ],
      [
        -0.1175141,
        -0.048488237,
        0.991886735
      ],
      [
        -0.952558756,
        0.287878484,
        -0.09878181
      ]
    ],
    "translation": [
      2.13817239,
      0.7267585,
      -0.598251641
    ]
  },
  {
    "timeStamp": 54776,
    "rotation": [
      [
        -0.285755455,
        -0.95515,
        -0.07766741
      ],
      [
        -0.116941445,
        -0.045685187,
        0.9920875
      ],
      [
        -0.951140642,
        0.292576939,
        -0.09864182
      ]
    ],
    "translation": [
      2.13834524,
      0.7265841,
      -0.5983044
    ]
  },
  {
    "timeStamp": 54831,
    "rotation": [
      [
        -0.2949578,
        -0.953352749,
        -0.06417511
      ],
      [
        -0.12024837,
        -0.0295933858,
        0.992302656
      ],
      [
        -0.947913647,
        0.30040434,
        -0.105910316
      ]
    ],
    "translation": [
      2.13867736,
      0.726660132,
      -0.598400652
    ]
  },
  {
    "timeStamp": 54876,
    "rotation": [
      [
        -0.299613267,
        -0.9522749,
        -0.0583469979
      ],
      [
        -0.12008249,
        -0.02303001,
        0.9924967
      ],
      [
        -0.9464735,
        0.304371655,
        -0.107451446
      ]
    ],
    "translation": [
      2.13881373,
      0.726636648,
      -0.5984424
    ]
  },
  {
    "timeStamp": 54932,
    "rotation": [
      [
        -0.3341338,
        -0.9400724,
        -0.06795902
      ],
      [
        -0.121067785,
        -0.028697893,
        0.992229342
      ],
      [
        -0.9347177,
        0.339764982,
        -0.104223549
      ]
    ],
    "translation": [
      2.139903,
      0.7266547,
      -0.5989987
    ]
  },
  {
    "timeStamp": 54976,
    "rotation": [
      [
        -0.338423461,
        -0.939491034,
        -0.05316147
      ],
      [
        -0.104542121,
        -0.0186073184,
        0.9943464
      ],
      [
        -0.9351687,
        0.342067748,
        -0.09191923
      ]
    ],
    "translation": [
      2.13999653,
      0.725799143,
      -0.599018037
    ]
  },
  {
    "timeStamp": 55031,
    "rotation": [
      [
        -0.3546796,
        -0.9329867,
        -0.0611404143
      ],
      [
        -0.111863963,
        -0.0225781482,
        0.993467
      ],
      [
        -0.9282719,
        0.3592019,
        -0.09635958
      ]
    ],
    "translation": [
      2.14019871,
      0.726049066,
      -0.598827839
    ]
  },
  {
    "timeStamp": 55076,
    "rotation": [
      [
        -0.3780106,
        -0.9242059,
        -0.0543274768
      ],
      [
        -0.112461984,
        -0.0124071827,
        0.993578553
      ],
      [
        -0.9189452,
        0.381693,
        -0.0992479846
      ]
    ],
    "translation": [
      2.13985038,
      0.726405144,
      -0.5955286
    ]
  },
  {
    "timeStamp": 55132,
    "rotation": [
      [
        -0.380342543,
        -0.921369,
        -0.0801162645
      ],
      [
        -0.114159763,
        -0.0391924642,
        0.992689
      ],
      [
        -0.9177729,
        0.386707932,
        -0.09027671
      ]
    ],
    "translation": [
      2.14297128,
      0.729162931,
      -0.595258832
    ]
  },
  {
    "timeStamp": 55176,
    "rotation": [
      [
        -0.384781063,
        -0.9200013,
        -0.07443826
      ],
      [
        -0.09993686,
        -0.0386476628,
        0.9942429
      ],
      [
        -0.9175817,
        0.390004963,
        -0.07707116
      ]
    ],
    "translation": [
      2.14233065,
      0.72899437,
      -0.59631294
    ]
  },
  {
    "timeStamp": 55231,
    "rotation": [
      [
        -0.3937988,
        -0.9158774,
        -0.07804527
      ],
      [
        -0.101736359,
        -0.0409561843,
        0.99396795
      ],
      [
        -0.913549244,
        0.399363428,
        -0.07704954
      ]
    ],
    "translation": [
      2.1428647,
      0.7302879,
      -0.59683615
    ]
  },
  {
    "timeStamp": 55275,
    "rotation": [
      [
        -0.386057466,
        -0.9184096,
        -0.0865067542
      ],
      [
        -0.09912381,
        -0.05193316,
        0.993719
      ],
      [
        -0.9171336,
        0.392207533,
        -0.07098708
      ]
    ],
    "translation": [
      2.14378834,
      0.7301638,
      -0.595628262
    ]
  },
  {
    "timeStamp": 55331,
    "rotation": [
      [
        -0.384791672,
        -0.9193244,
        -0.08232794
      ],
      [
        -0.09665863,
        -0.0485697724,
        0.9941318
      ],
      [
        -0.917928338,
        0.390491366,
        -0.0701714
      ]
    ],
    "translation": [
      2.143649,
      0.7290716,
      -0.594991
    ]
  },
  {
    "timeStamp": 55375,
    "rotation": [
      [
        -0.392111361,
        -0.9168357,
        -0.07523913
      ],
      [
        -0.09027107,
        -0.04304545,
        0.994986534
      ],
      [
        -0.915477931,
        0.39693746,
        -0.065885134
      ]
    ],
    "translation": [
      2.14459515,
      0.7281381,
      -0.595258236
    ]
  },
  {
    "timeStamp": 55432,
    "rotation": [
      [
        -0.3925811,
        -0.9163734,
        -0.0783576146
      ],
      [
        -0.09117477,
        -0.0460013971,
        0.994771838
      ],
      [
        -0.915186942,
        0.3976729,
        -0.06549085
      ]
    ],
    "translation": [
      2.14382768,
      0.7274906,
      -0.594427943
    ]
  },
  {
    "timeStamp": 55475,
    "rotation": [
      [
        -0.386600375,
        -0.918476343,
        -0.0833146647
      ],
      [
        -0.09217806,
        -0.051403895,
        0.9944148
      ],
      [
        -0.9176292,
        0.392120957,
        -0.0647906
      ]
    ],
    "translation": [
      2.14322758,
      0.7275906,
      -0.5940398
    ]
  },
  {
    "timeStamp": 55524,
    "rotation": [
      [
        -0.3806984,
        -0.921281,
        -0.07943645
      ],
      [
        -0.09421474,
        -0.04681333,
        0.9944506
      ],
      [
        -0.9198871,
        0.3860699,
        -0.06897648
      ]
    ],
    "translation": [
      2.14213681,
      0.7267223,
      -0.5927547
    ]
  },
  {
    "timeStamp": 55574,
    "rotation": [
      [
        -0.381521851,
        -0.922113836,
        -0.06439863
      ],
      [
        -0.0906719938,
        -0.0319991969,
        0.9953666
      ],
      [
        -0.919901967,
        0.385593265,
        -0.07140151
      ]
    ],
    "translation": [
      2.14061856,
      0.725510538,
      -0.5924151
    ]
  }
]