[
  {
    "timeStamp": 23710,
    "rotation": [
      [
        0.999939561,
        -0.00458445773,
        0.009996675
      ],
      [
        -0.0100286743,
        -0.00701090461,
        0.999925137
      ],
      [
        -0.00451403158,
        -0.999964952,
        -0.007056456
      ]
    ],
    "translation": [
      1.77050209,
      0.702244163,
      -0.749938846
    ]
  },
  {
    "timeStamp": 23756,
    "rotation": [
      [
        0.999694943,
        -0.021861624,
        0.0114926826
      ],
      [
        -0.0118367039,
        -0.01567252,
        0.9998071
      ],
      [
        -0.0216772929,
        -0.9996382,
        -0.0159265082
      ]
    ],
    "translation": [
      1.77252674,
      0.7032355,
      -0.749853253
    ]
  },
  {
    "timeStamp": 23810,
    "rotation": [
      [
        0.999982,
        -0.005993724,
        0.000302133471
      ],
      [
        -0.000414779963,
        -0.01880174,
        0.999823153
      ],
      [
        -0.00598698342,
        -0.9998053,
        -0.0188038871
      ]
    ],
    "translation": [
      1.77093124,
      0.703351557,
      -0.7490456
    ]
  },
  {
    "timeStamp": 23856,
    "rotation": [
      [
        0.9999764,
        -7.910808E-05,
        0.00686739758
      ],
      [
        -0.00686765928,
        -0.0190330464,
        0.999795258
      ],
      [
        5.162212E-05,
        -0.9998188,
        -0.0190331414
      ]
    ],
    "translation": [
      1.76944363,
      0.7036662,
      -0.749043
    ]
  },
  {
    "timeStamp": 23910,
    "rotation": [
      [
        0.9999724,
        -0.00517908623,
        0.005319435
      ],
      [
        -0.005447383,
        -0.0250122864,
        0.9996723
      ],
      [
        -0.005044334,
        -0.9996737,
        -0.0250398088
      ]
    ],
    "translation": [
      1.77046967,
      0.7074062,
      -0.7493357
    ]
  },
  {
    "timeStamp": 23954,
    "rotation": [
      [
        0.9999941,
        0.0006690637,
        -0.00336329476
      ],
      [
        0.0033802595,
        -0.02721705,
        0.999623835
      ],
      [
        0.0005772737,
        -0.9996293,
        -0.02721915
      ]
    ],
    "translation": [
      1.77129018,
      0.712949157,
      -0.7497601
    ]
  },
  {
    "timeStamp": 24010,
    "rotation": [
      [
        0.9991674,
        0.0260596126,
        -0.031390056
      ],
      [
        0.0324111134,
        -0.03973056,
        0.998684645
      ],
      [
        0.0247781985,
        -0.9988705,
        -0.0405421034
      ]
    ],
    "translation": [
      1.77298033,
      0.7275305,
      -0.7475373
    ]
  },
  {
    "timeStamp": 24055,
    "rotation": [
      [
        0.9967838,
        0.06052814,
        -0.05252128
      ],
      [
        0.05515912,
        -0.0427655578,
        0.997561336
      ],
      [
        0.0581344478,
        -0.997249961,
        -0.045966696
      ]
    ],
    "translation": [
      1.77296,
      0.741546631,
      -0.7446611
    ]
  },
  {
    "timeStamp": 24111,
    "rotation": [
      [
        0.9910436,
        0.119230464,
        -0.06013805
      ],
      [
        0.06526499,
        -0.0395689458,
        0.9970831
      ],
      [
        0.116503075,
        -0.992077768,
        -0.0469961278
      ]
    ],
    "translation": [
      1.77062845,
      0.7610432,
      -0.741388738
    ]
  },
  {
    "timeStamp": 24156,
    "rotation": [
      [
        0.984977,
        0.161676019,
        -0.0606736243
      ],
      [
        0.06769435,
        -0.0382708944,
        0.996971846
      ],
      [
        0.158864424,
        -0.986101568,
        -0.0486405045
      ]
    ],
    "translation": [
      1.77062583,
      0.7816076,
      -0.7386545
    ]
  },
  {
    "timeStamp": 24212,
    "rotation": [
      [
        0.969695568,
        0.23638612,
        -0.06174304
      ],
      [
        0.06936412,
        -0.0240524132,
        0.9973014
      ],
      [
        0.234263137,
        -0.9713615,
        -0.03972023
      ]
    ],
    "translation": [
      1.77096868,
      0.8088967,
      -0.7365297
    ]
  },
  {
    "timeStamp": 24256,
    "rotation": [
      [
        0.9605519,
        0.267940223,
        -0.0744846
      ],
      [
        0.08023143,
        -0.0105476072,
        0.996720433
      ],
      [
        0.266275853,
        -0.9633778,
        -0.03162875
      ]
    ],
    "translation": [
      1.78122663,
      0.833173931,
      -0.736429
    ]
  },
  {
    "timeStamp": 24312,
    "rotation": [
      [
        0.9528712,
        0.293647975,
        -0.07620628
      ],
      [
        0.08314314,
        -0.0111938948,
        0.996474743
      ],
      [
        0.291759759,
        -0.9558481,
        -0.0350811519
      ]
    ],
    "translation": [
      1.796806,
      0.8660939,
      -0.7350208
    ]
  },
  {
    "timeStamp": 24356,
    "rotation": [
      [
        0.9489787,
        0.30727753,
        -0.07085115
      ],
      [
        0.07575131,
        -0.0040334356,
        0.9971186
      ],
      [
        0.3061064,
        -0.9516114,
        -0.02710432
      ]
    ],
    "translation": [
      1.81215358,
      0.891590655,
      -0.734411061
    ]
  },
  {
    "timeStamp": 24412,
    "rotation": [
      [
        0.94873637,
        0.309646845,
        -0.06338832
      ],
      [
        0.07577392,
        -0.0281241052,
        0.9967283
      ],
      [
        0.306851029,
        -0.9504356,
        -0.050145518
      ]
    ],
    "translation": [
      1.83337569,
      0.926813245,
      -0.7282675
    ]
  },
  {
    "timeStamp": 24456,
    "rotation": [
      [
        0.942016,
        0.326320678,
        -0.07823465
      ],
      [
        0.09172695,
        -0.0261407923,
        0.995441
      ],
      [
        0.322787881,
        -0.9448976,
        -0.0545574464
      ]
    ],
    "translation": [
      1.85171866,
      0.950277865,
      -0.723436654
    ]
  },
  {
    "timeStamp": 24512,
    "rotation": [
      [
        0.9415263,
        0.326488048,
        -0.08326918
      ],
      [
        0.10671255,
        -0.0545305759,
        0.992793441
      ],
      [
        0.319594473,
        -0.943627,
        -0.08618235
      ]
    ],
    "translation": [
      1.87771571,
      0.979316235,
      -0.712902069
    ]
  },
  {
    "timeStamp": 24556,
    "rotation": [
      [
        0.935113847,
        0.343871862,
        -0.08552351
      ],
      [
        0.114895836,
        -0.0659282357,
        0.9911874
      ],
      [
        0.335203052,
        -0.936699331,
        -0.101159856
      ]
    ],
    "translation": [
      1.89594746,
      0.9964969,
      -0.704503953
    ]
  },
  {
    "timeStamp": 24612,
    "rotation": [
      [
        0.9314101,
        0.350469023,
        -0.09821701
      ],
      [
        0.134532362,
        -0.08076165,
        0.987612545
      ],
      [
        0.3381954,
        -0.9330857,
        -0.122371651
      ]
    ],
    "translation": [
      1.92525148,
      1.0114218,
      -0.6921663
    ]
  },
  {
    "timeStamp": 24656,
    "rotation": [
      [
        0.925320446,
        0.368208826,
        -0.09057765
      ],
      [
        0.1328008,
        -0.09094474,
        0.9869615
      ],
      [
        0.355170369,
        -0.925284445,
        -0.133051455
      ]
    ],
    "translation": [
      1.94382787,
      1.01572859,
      -0.6816058
    ]
  },
  {
    "timeStamp": 24712,
    "rotation": [
      [
        0.91291,
        0.3927014,
        -0.1112697
      ],
      [
        0.153814346,
        -0.0784832,
        0.984977961
      ],
      [
        0.378069431,
        -0.9163111,
        -0.1320512
      ]
    ],
    "translation": [
      1.97188449,
      1.01132739,
      -0.668419659
    ]
  },
  {
    "timeStamp": 24756,
    "rotation": [
      [
        0.901080847,
        0.4209448,
        -0.104204834
      ],
      [
        0.150741622,
        -0.07873608,
        0.9854327
      ],
      [
        0.406608075,
        -0.903662562,
        -0.134401485
      ]
    ],
    "translation": [
      1.98832166,
      1.00254083,
      -0.657157242
    ]
  },
  {
    "timeStamp": 24812,
    "rotation": [
      [
        0.892498255,
        0.438124657,
        -0.107208282
      ],
      [
        0.151904985,
        -0.0681611151,
        0.9860421
      ],
      [
        0.424701929,
        -0.8963263,
        -0.127387
      ]
    ],
    "translation": [
      2.013546,
      0.986281037,
      -0.6441691
    ]
  },
  {
    "timeStamp": 24856,
    "rotation": [
      [
        0.8899843,
        0.442331344,
        -0.1107744
      ],
      [
        0.153666332,
        -0.06221374,
        0.9861623
      ],
      [
        0.4293188,
        -0.8946913,
        -0.123340681
      ]
    ],
    "translation": [
      2.03328776,
      0.973839,
      -0.6350226
    ]
  },
  {
    "timeStamp": 24912,
    "rotation": [
      [
        0.891030133,
        0.446165562,
        -0.08367562
      ],
      [
        0.1273569,
        -0.06877344,
        0.989469767
      ],
      [
        0.435712665,
        -0.892304,
        -0.118101478
      ]
    ],
    "translation": [
      2.048498,
      0.9595768,
      -0.6244533
    ]
  },
  {
    "timeStamp": 24953,
    "rotation": [
      [
        0.886978865,
        0.453231663,
        -0.0885978639
      ],
      [
        0.129661784,
        -0.0602777526,
        0.9897244
      ],
      [
        0.443233937,
        -0.8893524,
        -0.112231918
      ]
    ],
    "translation": [
      2.055338,
      0.9508221,
      -0.618137538
    ]
  },
  {
    "timeStamp": 25008,
    "rotation": [
      [
        0.884253263,
        0.464596152,
        -0.04739714
      ],
      [
        0.09158791,
        -0.07300099,
        0.9931176
      ],
      [
        0.457938582,
        -0.882508457,
        -0.107102759
      ]
    ],
    "translation": [
      2.06170344,
      0.933647156,
      -0.6038002
    ]
  },
  {
    "timeStamp": 25062,
    "rotation": [
      [
        0.876594365,
        0.4780363,
        -0.05535006
      ],
      [
        0.0939613953,
        -0.05721726,
        0.9939303
      ],
      [
        0.471967757,
        -0.87647444,
        -0.09507328
      ]
    ],
    "translation": [
      2.06702542,
      0.9145929,
      -0.5916288
    ]
  },
  {
    "timeStamp": 25106,
    "rotation": [
      [
        0.8698061,
        0.489774,
        -0.0596544035
      ],
      [
        0.09181378,
        -0.04187709,
        0.9948952
      ],
      [
        0.484775662,
        -0.870843053,
        -0.08139296
      ]
    ],
    "translation": [
      2.06873369,
      0.897352755,
      -0.583346
    ]
  },
  {
    "timeStamp": 25162,
    "rotation": [
      [
        0.8652427,
        0.497964025,
        -0.05819607
      ],
      [
        0.08655201,
        -0.0340278558,
        0.995666
      ],
      [
        0.493825555,
        -0.8665298,
        -0.0725421458
      ]
    ],
    "translation": [
      2.07114625,
      0.879344046,
      -0.571984649
    ]
  },
  {
    "timeStamp": 25206,
    "rotation": [
      [
        0.871911943,
        0.485640973,
        -0.06262857
      ],
      [
        0.0888491049,
        -0.0311304014,
        0.9955585
      ],
      [
        0.481534332,
        -0.8736039,
        -0.0702917352
      ]
    ],
    "translation": [
      2.0775187,
      0.8671236,
      -0.562543631
    ]
  },
  {
    "timeStamp": 25262,
    "rotation": [
      [
        0.878434,
        0.475513428,
        -0.047336027
      ],
      [
        0.0732267052,
        -0.0360594429,
        0.9966632
      ],
      [
        0.472219825,
        -0.878969133,
        -0.06649612
      ]
    ],
    "translation": [
      2.083887,
      0.85381037,
      -0.5518127
    ]
  },
  {
    "timeStamp": 25306,
    "rotation": [
      [
        0.880711257,
        0.471568167,
        -0.04439788
      ],
      [
        0.0656455,
        -0.0286934841,
        0.9974304
      ],
      [
        0.469082475,
        -0.8813627,
        -0.056227
      ]
    ],
    "translation": [
      2.08817267,
      0.8429948,
      -0.5450808
    ]
  },
  {
    "timeStamp": 25362,
    "rotation": [
      [
        0.8773089,
        0.479244143,
        -0.0255737118
      ],
      [
        0.0427391976,
        -0.0249415655,
        0.9987749
      ],
      [
        0.478019178,
        -0.877327144,
        -0.04236397
      ]
    ],
    "translation": [
      2.08818579,
      0.829633832,
      -0.538201451
    ]
  },
  {
    "timeStamp": 25406,
    "rotation": [
      [
        0.871180236,
        0.490100473,
        -0.029093897
      ],
      [
        0.039528247,
        -0.01095044,
        0.999158442
      ],
      [
        0.489369422,
        -0.8715971,
        -0.02891262
      ]
    ],
    "translation": [
      2.08794427,
      0.8177507,
      -0.5340345
    ]
  },
  {
    "timeStamp": 25464,
    "rotation": [
      [
        0.8644423,
        0.502493143,
        -0.01549593
      ],
      [
        0.0196849685,
        -0.003032209,
        0.999801636
      ],
      [
        0.502346456,
        -0.864575863,
        -0.0125127323
      ]
    ],
    "translation": [
      2.084874,
      0.8031572,
      -0.5297867
    ]
  },
  {
    "timeStamp": 25509,
    "rotation": [
      [
        0.8566298,
        0.51564604,
        -0.0171621442
      ],
      [
        0.0174106788,
        0.00435351767,
        0.999838948
      ],
      [
        0.5156377,
        -0.856790662,
        -0.005248394
      ]
    ],
    "translation": [
      2.08294773,
      0.791702151,
      -0.526123643
    ]
  },
  {
    "timeStamp": 25554,
    "rotation": [
      [
        0.855046,
        0.5183704,
        -0.013731516
      ],
      [
        0.0105649745,
        0.009060408,
        0.999903142
      ],
      [
        0.5184446,
        -0.8551082,
        0.002270495
      ]
    ],
    "translation": [
      2.08335781,
      0.7809776,
      -0.5225055
    ]
  },
  {
    "timeStamp": 25611,
    "rotation": [
      [
        0.85821104,
        0.513189137,
        -0.01052144
      ],
      [
        0.00514223333,
        0.0119009428,
        0.999915957
      ],
      [
        0.5132712,
        -0.85819304,
        0.007574582
      ]
    ],
    "translation": [
      2.08582878,
      0.768684,
      -0.518016
    ]
  },
  {
    "timeStamp": 25656,
    "rotation": [
      [
        0.860233963,
        0.5098993,
        -0.000385179766
      ],
      [
        0.00153501565,
        -0.00183427171,
        0.999997139
      ],
      [
        0.5098972,
        -0.8602321,
        -0.00236060633
      ]
    ],
    "translation": [
      2.08712149,
      0.7624361,
      -0.5128669
    ]
  },
  {
    "timeStamp": 25712,
    "rotation": [
      [
        0.8580136,
        0.5135947,
        -0.005759464
      ],
      [
        0.006241495,
        0.000786735036,
        0.9999802
      ],
      [
        0.5135891,
        -0.8580325,
        -0.00253056921
      ]
    ],
    "translation": [
      2.08898783,
      0.7529632,
      -0.508681357
    ]
  },
  {
    "timeStamp": 25756,
    "rotation": [
      [
        0.852906644,
        0.5220511,
        -0.0035987834
      ],
      [
        0.00711751031,
        -0.00473501533,
        0.999963462
      ],
      [
        0.522015,
        -0.8529011,
        -0.00775423
      ]
    ],
    "translation": [
      2.08811712,
      0.7479476,
      -0.504748166
    ]
  },
  {
    "timeStamp": 25811,
    "rotation": [
      [
        0.84145,
        0.540316045,
        -0.00453631859
      ],
      [
        0.006119769,
        -0.001134982,
        0.9999806
      ],
      [
        0.5403004,
        -0.8414615,
        -0.00426164
      ]
    ],
    "translation": [
      2.08619332,
      0.741465569,
      -0.501901269
    ]
  },
  {
    "timeStamp": 25856,
    "rotation": [
      [
        0.8263736,
        0.5629212,
        -0.0150483642
      ],
      [
        0.0192069951,
        -0.00146837789,
        0.999814451
      ],
      [
        0.5627947,
        -0.8265093,
        -0.0120254532
      ]
    ],
    "translation": [
      2.08377075,
      0.739159,
      -0.498992622
    ]
  },
  {
    "timeStamp": 25911,
    "rotation": [
      [
        0.809026,
        0.587592661,
        -0.0145536968
      ],
      [
        0.017770702,
        0.000296870072,
        0.999842048
      ],
      [
        0.587504148,
        -0.809156835,
        -0.0102017587
      ]
    ],
    "translation": [
      2.08038068,
      0.735745668,
      -0.496922255
    ]
  },
  {
    "timeStamp": 25954,
    "rotation": [
      [
        0.793283641,
        0.608345747,
        -0.0248268545
      ],
      [
        0.0321080126,
        -0.00107952324,
        0.9994838
      ],
      [
        0.6080049,
        -0.7936713,
        -0.0203891415
      ]
    ],
    "translation": [
      2.07828975,
      0.734771,
      -0.494216859
    ]
  },
  {
    "timeStamp": 26009,
    "rotation": [
      [
        0.776037931,
        0.6294314,
        -0.03976503
      ],
      [
        0.048299633,
        0.00355244079,
        0.998826563
      ],
      [
        0.628834069,
        -0.777047932,
        -0.02764448
      ]
    ],
    "translation": [
      2.07836628,
      0.733230054,
      -0.491650283
    ]
  },
  {
    "timeStamp": 26054,
    "rotation": [
      [
        0.7694662,
        0.6378305,
        -0.0330754481
      ],
      [
        0.0433848538,
        -0.0005312992,
        0.9990583
      ],
      [
        0.6372123,
        -0.7701766,
        -0.028080998
      ]
    ],
    "translation": [
      2.07675958,
      0.732022643,
      -0.4896019
    ]
  },
  {
    "timeStamp": 26110,
    "rotation": [
      [
        0.7584238,
        0.65065974,
        -0.0378843881
      ],
      [
        0.0534653477,
        -0.00417963369,
        0.998560965
      ],
      [
        0.6495651,
        -0.7593579,
        -0.03795768
      ]
    ],
    "translation": [
      2.07598877,
      0.73111254,
      -0.4863853
    ]
  },
  {
    "timeStamp": 26154,
    "rotation": [
      [
        0.749668837,
        0.660663,
        -0.03899985
      ],
      [
        0.05141971,
        0.000606210961,
        0.998676956
      ],
      [
        0.65981257,
        -0.750682354,
        -0.03351664
      ]
    ],
    "translation": [
      2.0744946,
      0.728524446,
      -0.485409856
    ]
  },
  {
    "timeStamp": 26209,
    "rotation": [
      [
        0.7421806,
        0.6696416,
        -0.0273513664
      ],
      [
        0.04836416,
        -0.0128095746,
        0.998747647
      ],
      [
        0.6684527,
        -0.7425739,
        -0.0418936722
      ]
    ],
    "translation": [
      2.070259,
      0.7295954,
      -0.48261565
    ]
  },
  {
    "timeStamp": 26254,
    "rotation": [
      [
        0.7333083,
        0.6796181,
        -0.0194442179
      ],
      [
        0.04808366,
        -0.0233126674,
        0.9985712
      ],
      [
        0.6781938,
        -0.733195543,
        -0.0497739
      ]
    ],
    "translation": [
      2.06615353,
      0.7309247,
      -0.480804026
    ]
  },
  {
    "timeStamp": 26310,
    "rotation": [
      [
        0.729885161,
        0.68320477,
        -0.0223368481
      ],
      [
        0.05423629,
        -0.0253064055,
        0.9982074
      ],
      [
        0.6814148,
        -0.729788244,
        -0.0555252619
      ]
    ],
    "translation": [
      2.06464028,
      0.7306787,
      -0.479163617
    ]
  },
  {
    "timeStamp": 26355,
    "rotation": [
      [
        0.7333921,
        0.679776251,
        -0.00633760076
      ],
      [
        0.04628084,
        -0.0406257659,
        0.998102
      ],
      [
        0.6782286,
        -0.7322935,
        -0.06125523
      ]
    ],
    "translation": [
      2.06289983,
      0.731755,
      -0.476967216
    ]
  },
  {
    "timeStamp": 26411,
    "rotation": [
      [
        0.730920136,
        0.6824002,
        -0.009260375
      ],
      [
        0.0526876077,
        -0.04289485,
        0.997689366
      ],
      [
        0.68042624,
        -0.729719162,
        -0.06730674
      ]
    ],
    "translation": [
      2.06221366,
      0.730640233,
      -0.47559005
    ]
  },
  {
    "timeStamp": 26455,
    "rotation": [
      [
        0.7262581,
        0.6871436,
        -0.0195674617
      ],
      [
        0.0634281561,
        -0.0386408269,
        0.99723804
      ],
      [
        0.6844896,
        -0.7254934,
        -0.0716474652
      ]
    ],
    "translation": [
      2.06116748,
      0.729074955,
      -0.475106359
    ]
  },
  {
    "timeStamp": 26511,
    "rotation": [
      [
        0.7174934,
        0.696217,
        -0.0220254
      ],
      [
        0.06255142,
        -0.03290628,
        0.9974991
      ],
      [
        0.693751037,
        -0.7170767,
        -0.0671594
      ]
    ],
    "translation": [
      2.05954838,
      0.72633636,
      -0.4749359
    ]
  },
  {
    "timeStamp": 26556,
    "rotation": [
      [
        0.7165106,
        0.6970448,
        -0.02722409
      ],
      [
        0.06160555,
        -0.0243553035,
        0.9978034
      ],
      [
        0.6948506,
        -0.7166138,
        -0.06039266
      ]
    ],
    "translation": [
      2.05943418,
      0.7252552,
      -0.475052148
    ]
  },
  {
    "timeStamp": 26611,
    "rotation": [
      [
        0.715121746,
        0.6979467,
        -0.03835757
      ],
      [
        0.0667103,
        -0.01352162,
        0.9976808
      ],
      [
        0.6958094,
        -0.716022,
        -0.0562298372
      ]
    ],
    "translation": [
      2.059364,
      0.7241094,
      -0.475121915
    ]
  },
  {
    "timeStamp": 26655,
    "rotation": [
      [
        0.707982838,
        0.705321133,
        -0.03581048
      ],
      [
        0.0614430569,
        -0.0110020507,
        0.99805
      ],
      [
        0.703551769,
        -0.7088025,
        -0.0511263534
      ]
    ],
    "translation": [
      2.05864143,
      0.723442852,
      -0.475740373
    ]
  },
  {
    "timeStamp": 26711,
    "rotation": [
      [
        0.7098784,
        0.701595,
        -0.06194433
      ],
      [
        0.08301735,
        0.00398775144,
        0.9965401
      ],
      [
        0.6994146,
        -0.712564766,
        -0.0554137379
      ]
    ],
    "translation": [
      2.05904818,
      0.7223125,
      -0.475484461
    ]
  },
  {
    "timeStamp": 26755,
    "rotation": [
      [
        0.7161747,
        0.6974802,
        -0.02480087
      ],
      [
        0.0543151237,
        -0.0202729255,
        0.998318
      ],
      [
        0.6958043,
        -0.716317236,
        -0.0524026826
      ]
    ],
    "translation": [
      2.05945778,
      0.7237744,
      -0.475334883
    ]
  },
  {
    "timeStamp": 26811,
    "rotation": [
      [
        0.7092094,
        0.700504661,
        -0.07946888
      ],
      [
        0.10508576,
        0.006423117,
        0.9944424
      ],
      [
        0.697122,
        -0.713618934,
        -0.0690577254
      ]
    ],
    "translation": [
      2.05915046,
      0.72248745,
      -0.4756919
    ]
  },
  {
    "timeStamp": 26855,
    "rotation": [
      [
        0.715623,
        0.6980307,
        -0.0252338387
      ],
      [
        0.0591093525,
        -0.0245231315,
        0.997950256
      ],
      [
        0.695981145,
        -0.715647757,
        -0.0588094629
      ]
    ],
    "translation": [
      2.05937386,
      0.7241297,
      -0.475297749
    ]
  },
  {
    "timeStamp": 26911,
    "rotation": [
      [
        0.707971156,
        0.7010211,
        -0.0857107937
      ],
      [
        0.114304058,
        0.00602476066,
        0.9934275
      ],
      [
        0.696930051,
        -0.713115156,
        -0.0758641958
      ]
    ],
    "translation": [
      2.05911,
      0.7226741,
      -0.475731939
    ]
  },
  {
    "timeStamp": 26955,
    "rotation": [
      [
        0.714704931,
        0.6989841,
        -0.0248629879
      ],
      [
        0.05761597,
        -0.0234104879,
        0.9980643
      ],
      [
        0.697048962,
        -0.714754,
        -0.0570042357
      ]
    ],
    "translation": [
      2.059252,
      0.7240939,
      -0.4753848
    ]
  },
  {
    "timeStamp": 27011,
    "rotation": [
      [
        0.7060961,
        0.7016344,
        -0.09558991
      ],
      [
        0.118957318,
        0.0155411931,
        0.9927777
      ],
      [
        0.6980526,
        -0.712367654,
        -0.0724909753
      ]
    ],
    "translation": [
      2.05906034,
      0.7220228,
      -0.475770473
    ]
  }
]