[
  {
    "timeStamp": 89069,
    "rotation": [
      [
        0.998652339,
        0.05175397,
        0.00387009233
      ],
      [
        -0.0518695824,
        0.9978052,
        0.0411621258
      ],
      [
        -0.00173129467,
        -0.0413073935,
        0.999145
      ]
    ],
    "translation": [
      1.45800793,
      0.846326232,
      -0.6291446
    ]
  },
  {
    "timeStamp": 89115,
    "rotation": [
      [
        0.9975103,
        0.06827536,
        -0.0176537931
      ],
      [
        -0.06615304,
        0.9926659,
        0.1011843
      ],
      [
        0.0244327132,
        -0.09976453,
        0.994711041
      ]
    ],
    "translation": [
      1.46099746,
      0.8487608,
      -0.6378871
    ]
  },
  {
    "timeStamp": 89171,
    "rotation": [
      [
        0.9989401,
        0.04059027,
        -0.0217038859
      ],
      [
        -0.0364968069,
        0.98581,
        0.163849473
      ],
      [
        0.0280466,
        -0.162883684,
        0.9862466
      ]
    ],
    "translation": [
      1.46158457,
      0.846206844,
      -0.6444154
    ]
  },
  {
    "timeStamp": 89214,
    "rotation": [
      [
        0.999416232,
        -0.0317405052,
        -0.0126396436
      ],
      [
        0.03396384,
        0.9630966,
        0.267004222
      ],
      [
        0.00369835,
        -0.267277628,
        0.963612437
      ]
    ],
    "translation": [
      1.46805429,
      0.8530705,
      -0.6497999
    ]
  },
  {
    "timeStamp": 89269,
    "rotation": [
      [
        0.999672353,
        0.003844088,
        0.0253049769
      ],
      [
        -0.0117273554,
        0.9475664,
        0.3193437
      ],
      [
        -0.02275056,
        -0.319535822,
        0.94730103
      ]
    ],
    "translation": [
      1.48948979,
      0.879187167,
      -0.6553844
    ]
  },
  {
    "timeStamp": 89314,
    "rotation": [
      [
        0.9992944,
        0.00171993719,
        0.0375189036
      ],
      [
        -0.0158800874,
        0.9246154,
        0.380570918
      ],
      [
        -0.0340359956,
        -0.3808982,
        0.9239903
      ]
    ],
    "translation": [
      1.51266,
      0.903187335,
      -0.6627532
    ]
  },
  {
    "timeStamp": 89370,
    "rotation": [
      [
        0.9948296,
        -0.009239702,
        0.1011368
      ],
      [
        -0.0363283,
        0.8975839,
        0.4393443
      ],
      [
        -0.09483817,
        -0.4407468,
        0.8926074
      ]
    ],
    "translation": [
      1.55587852,
      0.935375631,
      -0.6706646
    ]
  },
  {
    "timeStamp": 89415,
    "rotation": [
      [
        0.9885975,
        -0.0566065721,
        0.139537022
      ],
      [
        -0.0187387839,
        0.873202562,
        0.486997038
      ],
      [
        -0.149411321,
        -0.484058827,
        0.8621852
      ]
    ],
    "translation": [
      1.5973767,
      0.9593285,
      -0.6784865
    ]
  },
  {
    "timeStamp": 89471,
    "rotation": [
      [
        0.971918,
        -0.136254847,
        0.191859722
      ],
      [
        0.0129308021,
        0.8450056,
        0.534601152
      ],
      [
        -0.234964535,
        -0.517107546,
        0.823038
      ]
    ],
    "translation": [
      1.65668833,
      0.9876207,
      -0.689894438
    ]
  },
  {
    "timeStamp": 89516,
    "rotation": [
      [
        0.94948864,
        -0.216348812,
        0.227298185
      ],
      [
        0.0513489619,
        0.8216934,
        0.5676119
      ],
      [
        -0.309571564,
        -0.5272695,
        0.7912979
      ]
    ],
    "translation": [
      1.70685291,
      1.00873029,
      -0.7006682
    ]
  },
  {
    "timeStamp": 89571,
    "rotation": [
      [
        0.91627264,
        -0.302069932,
        0.263055444
      ],
      [
        0.09407341,
        0.8006419,
        0.59171164
      ],
      [
        -0.389351547,
        -0.5174227,
        0.762023032
      ]
    ],
    "translation": [
      1.76830339,
      1.03222454,
      -0.7162524
    ]
  },
  {
    "timeStamp": 89616,
    "rotation": [
      [
        0.8838726,
        -0.37482363,
        0.279779226
      ],
      [
        0.1342912,
        0.7763479,
        0.6158327
      ],
      [
        -0.448034644,
        -0.506745756,
        0.7365281
      ]
    ],
    "translation": [
      1.814374,
      1.049282,
      -0.7297043
    ]
  },
  {
    "timeStamp": 89671,
    "rotation": [
      [
        0.85183,
        -0.4307766,
        0.298022
      ],
      [
        0.17294161,
        0.7683218,
        0.616257131
      ],
      [
        -0.49444595,
        -0.473405927,
        0.728978753
      ]
    ],
    "translation": [
      1.86618924,
      1.06545508,
      -0.744555533
    ]
  },
  {
    "timeStamp": 89716,
    "rotation": [
      [
        0.829572558,
        -0.4685936,
        0.303693
      ],
      [
        0.19652538,
        0.7540759,
        0.6266956
      ],
      [
        -0.5226731,
        -0.460206062,
        0.7176511
      ]
    ],
    "translation": [
      1.902742,
      1.07538831,
      -0.7551531
    ]
  },
  {
    "timeStamp": 89771,
    "rotation": [
      [
        0.8105606,
        -0.4935833,
        0.315225244
      ],
      [
        0.213420779,
        0.7501756,
        0.6258499
      ],
      [
        -0.545383334,
        -0.440013647,
        0.713403761
      ]
    ],
    "translation": [
      1.94154787,
      1.08247149,
      -0.764167964
    ]
  },
  {
    "timeStamp": 89815,
    "rotation": [
      [
        0.808736861,
        -0.4835294,
        0.334879279
      ],
      [
        0.200247422,
        0.7616988,
        0.616210938
      ],
      [
        -0.553033233,
        -0.431293756,
        0.712839365
      ]
    ],
    "translation": [
      1.96853828,
      1.08497572,
      -0.768278539
    ]
  },
  {
    "timeStamp": 89871,
    "rotation": [
      [
        0.810615,
        -0.4625921,
        0.3590431
      ],
      [
        0.174269512,
        0.775933564,
        0.606265
      ],
      [
        -0.559047,
        -0.428877234,
        0.7095991
      ]
    ],
    "translation": [
      1.99619448,
      1.083114,
      -0.7694899
    ]
  },
  {
    "timeStamp": 89915,
    "rotation": [
      [
        0.823508859,
        -0.4329535,
        0.3665849
      ],
      [
        0.157147318,
        0.7949963,
        0.5859058
      ],
      [
        -0.5451036,
        -0.424890757,
        0.722723961
      ]
    ],
    "translation": [
      2.01273036,
      1.076867,
      -0.7670603
    ]
  },
  {
    "timeStamp": 89965,
    "rotation": [
      [
        0.8348674,
        -0.395491868,
        0.382860959
      ],
      [
        0.122106574,
        0.8112741,
        0.571772933
      ],
      [
        -0.5367367,
        -0.430604756,
        0.7255985
      ]
    ],
    "translation": [
      2.02716637,
      1.06924176,
      -0.76295805
    ]
  },
  {
    "timeStamp": 90021,
    "rotation": [
      [
        0.851791859,
        -0.308513641,
        0.423402727
      ],
      [
        0.0420634523,
        0.8458719,
        0.5317248
      ],
      [
        -0.522188842,
        -0.435109079,
        0.733484
      ]
    ],
    "translation": [
      2.0454855,
      1.05439341,
      -0.7555296
    ]
  },
  {
    "timeStamp": 90066,
    "rotation": [
      [
        0.8547512,
        -0.247859076,
        0.4560332
      ],
      [
        -0.0177948978,
        0.864101946,
        0.5030022
      ],
      [
        -0.518732846,
        -0.438056827,
        0.7341815
      ]
    ],
    "translation": [
      2.05552673,
      1.044261,
      -0.749954045
    ]
  },
  {
    "timeStamp": 90121,
    "rotation": [
      [
        0.8558975,
        -0.1823227,
        0.48394
      ],
      [
        -0.07878673,
        0.8788954,
        0.470463127
      ],
      [
        -0.511108756,
        -0.440796256,
        0.737879753
      ]
    ],
    "translation": [
      2.0632062,
      1.0313096,
      -0.7429039
    ]
  },
  {
    "timeStamp": 90166,
    "rotation": [
      [
        0.8539017,
        -0.141303271,
        0.500884533
      ],
      [
        -0.115468346,
        0.8870093,
        0.447081
      ],
      [
        -0.5074633,
        -0.4395995,
        0.741102755
      ]
    ],
    "translation": [
      2.06687164,
      1.02217233,
      -0.7374076
    ]
  },
  {
    "timeStamp": 90221,
    "rotation": [
      [
        0.850424051,
        -0.113228954,
        0.513768554
      ],
      [
        -0.141442284,
        0.8914007,
        0.430579662
      ],
      [
        -0.506727755,
        -0.4388439,
        0.7420532
      ]
    ],
    "translation": [
      2.06951165,
      1.012513,
      -0.73082006
    ]
  },
  {
    "timeStamp": 90265,
    "rotation": [
      [
        0.84161824,
        -0.102077715,
        0.5303385
      ],
      [
        -0.155120656,
        0.8949104,
        0.418417215
      ],
      [
        -0.5173166,
        -0.434414029,
        0.7373385
      ]
    ],
    "translation": [
      2.0722785,
      1.00438488,
      -0.725454748
    ]
  },
  {
    "timeStamp": 90321,
    "rotation": [
      [
        0.832613,
        -0.09673923,
        0.5453414
      ],
      [
        -0.1643225,
        0.8971474,
        0.410030127
      ],
      [
        -0.528917551,
        -0.431008279,
        0.7310802
      ]
    ],
    "translation": [
      2.074931,
      0.995285749,
      -0.718928933
    ]
  },
  {
    "timeStamp": 90365,
    "rotation": [
      [
        0.828412354,
        -0.107742652,
        0.5496585
      ],
      [
        -0.154135361,
        0.8995871,
        0.408638358
      ],
      [
        -0.538493454,
        -0.423242867,
        0.728622139
      ]
    ],
    "translation": [
      2.07581019,
      0.9887299,
      -0.7129103
    ]
  },
  {
    "timeStamp": 90421,
    "rotation": [
      [
        0.8192312,
        -0.119793549,
        0.560811639
      ],
      [
        -0.145540938,
        0.902486563,
        0.405383468
      ],
      [
        -0.5546873,
        -0.413723856,
        0.721910357
      ]
    ],
    "translation": [
      2.07679415,
      0.9809451,
      -0.7048569
    ]
  },
  {
    "timeStamp": 90467,
    "rotation": [
      [
        0.8098209,
        -0.116842784,
        0.574924231
      ],
      [
        -0.1491332,
        0.906778336,
        0.394350529
      ],
      [
        -0.5674059,
        -0.4050936,
        0.7169029
      ]
    ],
    "translation": [
      2.07753015,
      0.9758635,
      -0.697612345
    ]
  },
  {
    "timeStamp": 90524,
    "rotation": [
      [
        0.790360451,
        -0.107571959,
        0.6031241
      ],
      [
        -0.164819792,
        0.9108329,
        0.378441423
      ],
      [
        -0.5900549,
        -0.398511916,
        0.7021563
      ]
    ],
    "translation": [
      2.07807827,
      0.9698476,
      -0.688861847
    ]
  },
  {
    "timeStamp": 90569,
    "rotation": [
      [
        0.7898872,
        -0.113873668,
        0.6025869
      ],
      [
        -0.155552372,
        0.913269341,
        0.376487046
      ],
      [
        -0.593196154,
        -0.3911161,
        0.703666449
      ]
    ],
    "translation": [
      2.07479048,
      0.964334,
      -0.6808642
    ]
  },
  {
    "timeStamp": 90615,
    "rotation": [
      [
        0.784555435,
        -0.109263182,
        0.610356
      ],
      [
        -0.1557175,
        0.918086648,
        0.364512
      ],
      [
        -0.600187361,
        -0.38102296,
        0.7032757
      ]
    ],
    "translation": [
      2.07275033,
      0.9586648,
      -0.6734896
    ]
  },
  {
    "timeStamp": 90671,
    "rotation": [
      [
        0.7762372,
        -0.09303991,
        0.623537838
      ],
      [
        -0.166209131,
        0.9238574,
        0.344763845
      ],
      [
        -0.608136833,
        -0.3712562,
        0.7016684
      ]
    ],
    "translation": [
      2.069526,
      0.952354,
      -0.665653467
    ]
  },
  {
    "timeStamp": 90715,
    "rotation": [
      [
        0.776341856,
        -0.08561073,
        0.624471068
      ],
      [
        -0.1685843,
        0.9264368,
        0.336592019
      ],
      [
        -0.607348859,
        -0.366586477,
        0.704799
      ]
    ],
    "translation": [
      2.06657314,
      0.948536932,
      -0.660421
    ]
  },
  {
    "timeStamp": 90771,
    "rotation": [
      [
        0.774012864,
        -0.09233573,
        0.626401067
      ],
      [
        -0.157992423,
        0.9298505,
        0.332289666
      ],
      [
        -0.613141537,
        -0.356163085,
        0.705127954
      ]
    ],
    "translation": [
      2.06344056,
      0.942479551,
      -0.654369235
    ]
  },
  {
    "timeStamp": 90816,
    "rotation": [
      [
        0.773363,
        -0.08541494,
        0.628183067
      ],
      [
        -0.154471591,
        0.93562907,
        0.317390472
      ],
      [
        -0.614856243,
        -0.3424945,
        0.710386753
      ]
    ],
    "translation": [
      2.06176758,
      0.94073683,
      -0.650160551
    ]
  },
  {
    "timeStamp": 90871,
    "rotation": [
      [
        0.7921292,
        -0.0578656159,
        0.607604146
      ],
      [
        -0.1597676,
        0.941126943,
        0.2979168
      ],
      [
        -0.589071751,
        -0.333064049,
        0.736249149
      ]
    ],
    "translation": [
      2.06521058,
      0.94136554,
      -0.648911357
    ]
  },
  {
    "timeStamp": 90915,
    "rotation": [
      [
        0.7938599,
        -0.037335813,
        0.606953442
      ],
      [
        -0.167885035,
        0.9458647,
        0.2777673
      ],
      [
        -0.5844665,
        -0.322406739,
        0.7446159
      ]
    ],
    "translation": [
      2.06771016,
      0.942022443,
      -0.647651851
    ]
  },
  {
    "timeStamp": 90970,
    "rotation": [
      [
        0.8050134,
        -0.0208597761,
        0.5928898
      ],
      [
        -0.17013666,
        0.949285269,
        0.264406919
      ],
      [
        -0.568337,
        -0.313723415,
        0.760638356
      ]
    ],
    "translation": [
      2.06999254,
      0.942513,
      -0.646535337
    ]
  },
  {
    "timeStamp": 91016,
    "rotation": [
      [
        0.8038347,
        -0.0132527743,
        0.594705164
      ],
      [
        -0.173668,
        0.9509674,
        0.2559307
      ],
      [
        -0.568937,
        -0.309007227,
        0.762118936
      ]
    ],
    "translation": [
      2.070873,
      0.9427509,
      -0.645985842
    ]
  }
]