[
  {
    "timeStamp": 68700,
    "rotation": [
      [
        -0.7804316,
        0.5356998,
        0.322416127
      ],
      [
        0.588342,
        0.8037312,
        0.08871162
      ],
      [
        -0.211613134,
        0.258924335,
        -0.942432
      ]
    ],
    "translation": [
      1.46078348,
      0.699913442,
      -0.5966023
    ]
  },
  {
    "timeStamp": 68756,
    "rotation": [
      [
        -0.723442435,
        0.5995704,
        0.34226653
      ],
      [
        0.6464457,
        0.7623318,
        0.0309544858
      ],
      [
        -0.242361262,
        0.243650511,
        -0.9390929
      ]
    ],
    "translation": [
      1.44994628,
      0.709568143,
      -0.6027564
    ]
  },
  {
    "timeStamp": 68800,
    "rotation": [
      [
        -0.675803661,
        0.647879362,
        0.351485
      ],
      [
        0.697772741,
        0.7159854,
        0.0218648817
      ],
      [
        -0.237492353,
        0.260033,
        -0.9359381
      ]
    ],
    "translation": [
      1.44728887,
      0.7313647,
      -0.615880668
    ]
  },
  {
    "timeStamp": 68856,
    "rotation": [
      [
        -0.6200031,
        0.686991334,
        0.378997415
      ],
      [
        0.7483459,
        0.6629247,
        0.0225680415
      ],
      [
        -0.2357427,
        0.2976134,
        -0.9251225
      ]
    ],
    "translation": [
      1.45392454,
      0.760095,
      -0.6451243
    ]
  },
  {
    "timeStamp": 68900,
    "rotation": [
      [
        -0.592783,
        0.6785046,
        0.433866233
      ],
      [
        0.773519635,
        0.629650831,
        0.07216119
      ],
      [
        -0.224222526,
        0.378379971,
        -0.8980829
      ]
    ],
    "translation": [
      1.46832657,
      0.775103748,
      -0.681325555
    ]
  },
  {
    "timeStamp": 68956,
    "rotation": [
      [
        -0.572314739,
        0.6423142,
        0.5097924
      ],
      [
        0.7803986,
        0.6175511,
        0.098023884
      ],
      [
        -0.2518607,
        0.453941822,
        -0.854694664
      ]
    ],
    "translation": [
      1.49859226,
      0.787472844,
      -0.730833769
    ]
  },
  {
    "timeStamp": 69000,
    "rotation": [
      [
        -0.5848569,
        0.6034054,
        0.5420741
      ],
      [
        0.7710586,
        0.621047854,
        0.140599445
      ],
      [
        -0.251815468,
        0.500201464,
        -0.828485131
      ]
    ],
    "translation": [
      1.53257322,
      0.7895044,
      -0.7649324
    ]
  },
  {
    "timeStamp": 69056,
    "rotation": [
      [
        -0.623372853,
        0.5693992,
        0.535901964
      ],
      [
        0.738196135,
        0.65453887,
        0.163234174
      ],
      [
        -0.257823259,
        0.4973565,
        -0.82835
      ]
    ],
    "translation": [
      1.58467126,
      0.787835658,
      -0.7942894
    ]
  },
  {
    "timeStamp": 69100,
    "rotation": [
      [
        -0.6527924,
        0.5781483,
        0.48949635
      ],
      [
        0.7279767,
        0.657512069,
        0.194236651
      ],
      [
        -0.209552169,
        0.4831381,
        -0.8500973
      ]
    ],
    "translation": [
      1.62820554,
      0.7879329,
      -0.809320331
    ]
  },
  {
    "timeStamp": 69156,
    "rotation": [
      [
        -0.691367447,
        0.616540849,
        0.376680821
      ],
      [
        0.7120096,
        0.6699368,
        0.210302457
      ],
      [
        -0.12269225,
        0.4135966,
        -0.902155459
      ]
    ],
    "translation": [
      1.68288767,
      0.792873144,
      -0.813555539
    ]
  },
  {
    "timeStamp": 69200,
    "rotation": [
      [
        -0.7068614,
        0.651917934,
        0.274499536
      ],
      [
        0.7054716,
        0.6780122,
        0.206420377
      ],
      [
        -0.0515448861,
        0.3395622,
        -0.9391702
      ]
    ],
    "translation": [
      1.72535872,
      0.8016716,
      -0.811035752
    ]
  },
  {
    "timeStamp": 69256,
    "rotation": [
      [
        -0.704126358,
        0.700742543,
        0.114743091
      ],
      [
        0.708965063,
        0.684756041,
        0.168753624
      ],
      [
        0.0396818258,
        0.200172722,
        -0.978956759
      ]
    ],
    "translation": [
      1.77980411,
      0.8209931,
      -0.799622536
    ]
  },
  {
    "timeStamp": 69300,
    "rotation": [
      [
        -0.6876424,
        0.725717,
        -0.0219706055
      ],
      [
        0.717749357,
        0.6840325,
        0.130136192
      ],
      [
        0.109470658,
        0.07371777,
        -0.991252661
      ]
    ],
    "translation": [
      1.82404292,
      0.8402406,
      -0.7873499
    ]
  },
  {
    "timeStamp": 69355,
    "rotation": [
      [
        -0.657858551,
        0.7292189,
        -0.188313365
      ],
      [
        0.7330368,
        0.677345932,
        0.0621245764
      ],
      [
        0.1728557,
        -0.0971714556,
        -0.9801421
      ]
    ],
    "translation": [
      1.8809427,
      0.8683386,
      -0.7713287
    ]
  },
  {
    "timeStamp": 69399,
    "rotation": [
      [
        -0.64201,
        0.7048328,
        -0.301718324
      ],
      [
        0.7415401,
        0.6708216,
        -0.0108016506
      ],
      [
        0.194785833,
        -0.230671,
        -0.953335941
      ]
    ],
    "translation": [
      1.92644393,
      0.8924113,
      -0.7585908
    ]
  },
  {
    "timeStamp": 69455,
    "rotation": [
      [
        -0.621709168,
        0.662472546,
        -0.4178611
      ],
      [
        0.7514754,
        0.654921234,
        -0.0797676
      ],
      [
        0.220822275,
        -0.363604575,
        -0.905002356
      ]
    ],
    "translation": [
      1.97985792,
      0.9171261,
      -0.750296
    ]
  },
  {
    "timeStamp": 69499,
    "rotation": [
      [
        -0.6328596,
        0.6031283,
        -0.485515237
      ],
      [
        0.737654865,
        0.660210669,
        -0.141375989
      ],
      [
        0.2352745,
        -0.447613835,
        -0.862721145
      ]
    ],
    "translation": [
      2.022446,
      0.929175735,
      -0.7444835
    ]
  },
  {
    "timeStamp": 69554,
    "rotation": [
      [
        -0.631337464,
        0.5421768,
        -0.554488361
      ],
      [
        0.724862337,
        0.6667087,
        -0.17341882
      ],
      [
        0.275658578,
        -0.5114135,
        -0.8139217
      ]
    ],
    "translation": [
      2.071084,
      0.93378067,
      -0.743212461
    ]
  },
  {
    "timeStamp": 69599,
    "rotation": [
      [
        -0.631253958,
        0.486693263,
        -0.603861034
      ],
      [
        0.703429639,
        0.6872082,
        -0.181470826
      ],
      [
        0.3266576,
        -0.5393279,
        -0.7761574
      ]
    ],
    "translation": [
      2.108053,
      0.926194847,
      -0.744477034
    ]
  },
  {
    "timeStamp": 69655,
    "rotation": [
      [
        -0.645924866,
        0.432657361,
        -0.628958344
      ],
      [
        0.6714045,
        0.714063764,
        -0.198315069
      ],
      [
        0.3633139,
        -0.550382137,
        -0.751719654
      ]
    ],
    "translation": [
      2.14633584,
      0.9149553,
      -0.7473022
    ]
  },
  {
    "timeStamp": 69706,
    "rotation": [
      [
        -0.678703666,
        0.399182677,
        -0.6164532
      ],
      [
        0.6322474,
        0.7446565,
        -0.213892385
      ],
      [
        0.3736637,
        -0.5349204,
        -0.7577833
      ]
    ],
    "translation": [
      2.17256641,
      0.9007673,
      -0.751867652
    ]
  },
  {
    "timeStamp": 69750,
    "rotation": [
      [
        -0.6906209,
        0.392527729,
        -0.607424736
      ],
      [
        0.607523561,
        0.770549536,
        -0.192791656
      ],
      [
        0.392374724,
        -0.502170742,
        -0.770627439
      ]
    ],
    "translation": [
      2.18691039,
      0.886054933,
      -0.7571642
    ]
  },
  {
    "timeStamp": 69806,
    "rotation": [
      [
        -0.7216754,
        0.3811058,
        -0.577878058
      ],
      [
        0.578059852,
        0.7910516,
        -0.200210348
      ],
      [
        0.38083002,
        -0.478534937,
        -0.7911844
      ]
    ],
    "translation": [
      2.19910622,
      0.8759991,
      -0.762249351
    ]
  },
  {
    "timeStamp": 69850,
    "rotation": [
      [
        -0.713208556,
        0.3956578,
        -0.578609049
      ],
      [
        0.5828477,
        0.7932992,
        -0.175968453
      ],
      [
        0.3893868,
        -0.462743163,
        -0.7963961
      ]
    ],
    "translation": [
      2.205891,
      0.866933465,
      -0.7660247
    ]
  },
  {
    "timeStamp": 69906,
    "rotation": [
      [
        -0.7300114,
        0.396862566,
        -0.556402266
      ],
      [
        0.567082942,
        0.8061277,
        -0.169041574
      ],
      [
        0.381445,
        -0.438928485,
        -0.8135364
      ]
    ],
    "translation": [
      2.21222687,
      0.8532782,
      -0.7697106
    ]
  },
  {
    "timeStamp": 69950,
    "rotation": [
      [
        -0.738853931,
        0.3939005,
        -0.5467515
      ],
      [
        0.555867851,
        0.814917147,
        -0.16407612
      ],
      [
        0.3809275,
        -0.425149858,
        -0.821061432
      ]
    ],
    "translation": [
      2.2167964,
      0.842746735,
      -0.770935
    ]
  },
  {
    "timeStamp": 70006,
    "rotation": [
      [
        -0.7451434,
        0.387893319,
        -0.542494237
      ],
      [
        0.5441554,
        0.8239126,
        -0.158312544
      ],
      [
        0.385559469,
        -0.413166732,
        -0.8250073
      ]
    ],
    "translation": [
      2.22257018,
      0.8313027,
      -0.7708178
    ]
  },
  {
    "timeStamp": 70051,
    "rotation": [
      [
        -0.7648234,
        0.381460935,
        -0.519165456
      ],
      [
        0.524636745,
        0.8364849,
        -0.158269584
      ],
      [
        0.3739004,
        -0.393421561,
        -0.8398917
      ]
    ],
    "translation": [
      2.223528,
      0.8235644,
      -0.7710153
    ]
  },
  {
    "timeStamp": 70107,
    "rotation": [
      [
        -0.7824927,
        0.375572443,
        -0.4966393
      ],
      [
        0.5050025,
        0.8493878,
        -0.1533388
      ],
      [
        0.3642496,
        -0.370790571,
        -0.854304731
      ]
    ],
    "translation": [
      2.22454333,
      0.814288437,
      -0.7717299
    ]
  },
  {
    "timeStamp": 70153,
    "rotation": [
      [
        -0.7922344,
        0.366966844,
        -0.4875449
      ],
      [
        0.489080667,
        0.859643936,
        -0.14769043
      ],
      [
        0.364917517,
        -0.3554542,
        -0.8605159
      ]
    ],
    "translation": [
      2.22678018,
      0.806969047,
      -0.7725733
    ]
  },
  {
    "timeStamp": 70199,
    "rotation": [
      [
        -0.804576039,
        0.359729,
        -0.472495973
      ],
      [
        0.472876072,
        0.8693949,
        -0.1433202
      ],
      [
        0.359229177,
        -0.338744044,
        -0.869601548
      ]
    ],
    "translation": [
      2.22790885,
      0.8025,
      -0.7739912
    ]
  }
]