[
  {
    "timeStamp": 71310,
    "rotation": [
      [
        -0.540812135,
        0.8411208,
        0.0061736526
      ],
      [
        -0.0299483165,
        -0.0265896562,
        0.9991977
      ],
      [
        0.8406101,
        0.5401934,
        0.03957016
      ]
    ],
    "translation": [
      1.77707493,
      0.7006873,
      -0.6191421
    ]
  },
  {
    "timeStamp": 71366,
    "rotation": [
      [
        -0.566127062,
        0.824318,
        -0.000209654565
      ],
      [
        -0.04779046,
        -0.0325677358,
        0.9983263
      ],
      [
        0.822931468,
        0.56518954,
        0.05783201
      ]
    ],
    "translation": [
      1.77580428,
      0.7040773,
      -0.6273866
    ]
  },
  {
    "timeStamp": 71410,
    "rotation": [
      [
        -0.5823582,
        0.812229753,
        0.033791
      ],
      [
        -0.008777572,
        -0.0478469133,
        0.998816133
      ],
      [
        0.8128849,
        0.581372142,
        0.0349934436
      ]
    ],
    "translation": [
      1.77295792,
      0.721376836,
      -0.6376509
    ]
  },
  {
    "timeStamp": 71467,
    "rotation": [
      [
        -0.6291327,
        0.77069056,
        0.1011347
      ],
      [
        0.0254856367,
        -0.109588325,
        0.993650258
      ],
      [
        0.7768801,
        0.627715349,
        0.0493040532
      ]
    ],
    "translation": [
      1.76720989,
      0.746806264,
      -0.6613087
    ]
  },
  {
    "timeStamp": 71512,
    "rotation": [
      [
        -0.704638958,
        0.6955702,
        0.140236
      ],
      [
        0.0251627471,
        -0.173016831,
        0.9845974
      ],
      [
        0.7091198,
        0.6973144,
        0.104411945
      ]
    ],
    "translation": [
      1.76416147,
      0.765002966,
      -0.6959452
    ]
  },
  {
    "timeStamp": 71560,
    "rotation": [
      [
        -0.7627444,
        0.6325185,
        0.134689823
      ],
      [
        0.0336484648,
        -0.169174284,
        0.9850116
      ],
      [
        0.645824134,
        0.7558442,
        0.107753463
      ]
    ],
    "translation": [
      1.772852,
      0.7837749,
      -0.7337463
    ]
  },
  {
    "timeStamp": 71616,
    "rotation": [
      [
        -0.7806316,
        0.607881,
        0.145241216
      ],
      [
        0.0283676945,
        -0.197687611,
        0.9798545
      ],
      [
        0.6243473,
        0.769025564,
        0.137077019
      ]
    ],
    "translation": [
      1.78992045,
      0.7999771,
      -0.7716299
    ]
  },
  {
    "timeStamp": 71660,
    "rotation": [
      [
        -0.7662937,
        0.6256407,
        0.146177217
      ],
      [
        0.0275803469,
        -0.195274636,
        0.980360746
      ],
      [
        0.6418983,
        0.755275846,
        0.132382333
      ]
    ],
    "translation": [
      1.80974853,
      0.8116823,
      -0.7938371
    ]
  },
  {
    "timeStamp": 71716,
    "rotation": [
      [
        -0.7165521,
        0.677086353,
        0.167651847
      ],
      [
        0.0361125059,
        -0.2040175,
        0.9783009
      ],
      [
        0.6965982,
        0.7070579,
        0.121737882
      ]
    ],
    "translation": [
      1.83890688,
      0.827903152,
      -0.812140644
    ]
  },
  {
    "timeStamp": 71760,
    "rotation": [
      [
        -0.652561247,
        0.7371697,
        0.175341859
      ],
      [
        0.0487596057,
        -0.190070733,
        0.9805588
      ],
      [
        0.756165564,
        0.648424268,
        0.0880886838
      ]
    ],
    "translation": [
      1.86712754,
      0.8438746,
      -0.820640862
    ]
  },
  {
    "timeStamp": 71816,
    "rotation": [
      [
        -0.5546234,
        0.812448561,
        0.17977795
      ],
      [
        0.09688524,
        -0.151531383,
        0.983692765
      ],
      [
        0.8264418,
        0.562996864,
        0.00532857748
      ]
    ],
    "translation": [
      1.90746045,
      0.8664268,
      -0.820634365
    ]
  },
  {
    "timeStamp": 71860,
    "rotation": [
      [
        -0.450746,
        0.8780722,
        0.160677478
      ],
      [
        0.123777464,
        -0.116780482,
        0.9854144
      ],
      [
        0.8840289,
        0.4640598,
        -0.0560472123
      ]
    ],
    "translation": [
      1.94355488,
      0.883115053,
      -0.8161789
    ]
  },
  {
    "timeStamp": 71916,
    "rotation": [
      [
        -0.330022633,
        0.936755359,
        0.116509162
      ],
      [
        0.176098853,
        -0.0601623431,
        0.982532263
      ],
      [
        0.927401841,
        0.344775021,
        -0.145106629
      ]
    ],
    "translation": [
      1.993116,
      0.902806759,
      -0.807916641
    ]
  },
  {
    "timeStamp": 71961,
    "rotation": [
      [
        -0.268724054,
        0.9607623,
        0.06872502
      ],
      [
        0.204139754,
        -0.01292168,
        0.978856444
      ],
      [
        0.9413364,
        0.2770718,
        -0.192657426
      ]
    ],
    "translation": [
      2.02217984,
      0.912417948,
      -0.802105665
    ]
  },
  {
    "timeStamp": 72016,
    "rotation": [
      [
        -0.181174278,
        0.983439445,
        0.00476984959
      ],
      [
        0.263431072,
        0.04385661,
        0.9636808
      ],
      [
        0.9475125,
        0.175850689,
        -0.2670142
      ]
    ],
    "translation": [
      2.070854,
      0.928964853,
      -0.795167148
    ]
  },
  {
    "timeStamp": 72060,
    "rotation": [
      [
        -0.126764491,
        0.9915604,
        -0.0271782316
      ],
      [
        0.294394374,
        0.06377288,
        0.953553855
      ],
      [
        0.947239459,
        0.112875648,
        -0.299993962
      ]
    ],
    "translation": [
      2.09787655,
      0.9341162,
      -0.790976
    ]
  },
  {
    "timeStamp": 72115,
    "rotation": [
      [
        -0.0950134248,
        0.9949494,
        -0.03237415
      ],
      [
        0.277799368,
        0.0577299036,
        0.9589029
      ],
      [
        0.9559288,
        0.08211513,
        -0.281881452
      ]
    ],
    "translation": [
      2.11744547,
      0.925682,
      -0.7909089
    ]
  },
  {
    "timeStamp": 72160,
    "rotation": [
      [
        -0.100819215,
        0.993543,
        -0.05203482
      ],
      [
        0.206021428,
        0.07201639,
        0.975893855
      ],
      [
        0.9733399,
        0.08766857,
        -0.2119518
      ]
    ],
    "translation": [
      2.13432455,
      0.90095377,
      -0.795292854
    ]
  },
  {
    "timeStamp": 72216,
    "rotation": [
      [
        -0.09308718,
        0.995654,
        -0.00280191633
      ],
      [
        0.164000586,
        0.0181085654,
        0.986294031
      ],
      [
        0.982058346,
        0.0913518146,
        -0.164973512
      ]
    ],
    "translation": [
      2.13614488,
      0.8749687,
      -0.800727248
    ]
  },
  {
    "timeStamp": 72270,
    "rotation": [
      [
        -0.1321812,
        0.99121505,
        0.00456762267
      ],
      [
        0.141664311,
        0.0143301655,
        0.989811
      ],
      [
        0.9810501,
        0.131481469,
        -0.142313972
      ]
    ],
    "translation": [
      2.13227916,
      0.858555257,
      -0.805560768
    ]
  },
  {
    "timeStamp": 72316,
    "rotation": [
      [
        -0.173597351,
        0.9841452,
        0.0363609828
      ],
      [
        0.122975364,
        -0.0149700381,
        0.9922968
      ],
      [
        0.977108538,
        0.1767316,
        -0.118426859
      ]
    ],
    "translation": [
      2.12279773,
      0.8416036,
      -0.8088583
    ]
  },
  {
    "timeStamp": 72360,
    "rotation": [
      [
        -0.188761592,
        0.9803674,
        0.056997586
      ],
      [
        0.100569874,
        -0.03843716,
        0.994187236
      ],
      [
        0.9768596,
        0.193396613,
        -0.0913399756
      ]
    ],
    "translation": [
      2.11797547,
      0.827331,
      -0.812720656
    ]
  },
  {
    "timeStamp": 72415,
    "rotation": [
      [
        -0.192757681,
        0.978862643,
        0.0683557
      ],
      [
        0.0947527,
        -0.0507684126,
        0.9942055
      ],
      [
        0.976660848,
        0.198117614,
        -0.08296387
      ]
    ],
    "translation": [
      2.11543179,
      0.81465894,
      -0.8136642
    ]
  },
  {
    "timeStamp": 72460,
    "rotation": [
      [
        -0.2078837,
        0.9765753,
        0.0555419177
      ],
      [
        0.06778876,
        -0.0422622152,
        0.9968042
      ],
      [
        0.9758017,
        0.210984468,
        -0.0574152023
      ]
    ],
    "translation": [
      2.11424971,
      0.804012656,
      -0.815587163
    ]
  },
  {
    "timeStamp": 72516,
    "rotation": [
      [
        -0.210054129,
        0.975460351,
        0.06598823
      ],
      [
        0.0457603559,
        -0.0576109961,
        0.997289836
      ],
      [
        0.9766183,
        0.212504476,
        -0.03253598
      ]
    ],
    "translation": [
      2.11358547,
      0.794485569,
      -0.818520844
    ]
  }
]