[
  {
    "timeStamp": 64269,
    "rotation": [
      [
        -0.7736815,
        -0.63238,
        0.03888882
      ],
      [
        0.0232351553,
        0.03301891,
        0.9991846
      ],
      [
        -0.633148432,
        0.7739543,
        -0.010852675
      ]
    ],
    "translation": [
      1.08729422,
      0.697014868,
      -0.8405417
    ]
  },
  {
    "timeStamp": 64315,
    "rotation": [
      [
        -0.775233567,
        -0.6277368,
        0.07042294
      ],
      [
        0.0561729,
        0.04253501,
        0.9975146
      ],
      [
        -0.6291721,
        0.7772626,
        0.00228723115
      ]
    ],
    "translation": [
      1.087454,
      0.7016538,
      -0.8405289
    ]
  },
  {
    "timeStamp": 64369,
    "rotation": [
      [
        -0.7802155,
        -0.617511153,
        0.09971787
      ],
      [
        0.09318654,
        0.0428918675,
        0.994724333
      ],
      [
        -0.618530452,
        0.785391748,
        0.02407883
      ]
    ],
    "translation": [
      1.09076607,
      0.710984647,
      -0.8449194
    ]
  },
  {
    "timeStamp": 64413,
    "rotation": [
      [
        -0.7626039,
        -0.6139194,
        0.203809619
      ],
      [
        0.218115672,
        0.0525765829,
        0.974505663
      ],
      [
        -0.6089835,
        0.787615836,
        0.09381033
      ]
    ],
    "translation": [
      1.09799635,
      0.7570553,
      -0.854915142
    ]
  },
  {
    "timeStamp": 64469,
    "rotation": [
      [
        -0.7094088,
        -0.636120558,
        0.303462952
      ],
      [
        0.33901763,
        0.06949895,
        0.9382094
      ],
      [
        -0.617904663,
        0.76845336,
        0.166352913
      ]
    ],
    "translation": [
      1.12505162,
      0.814942,
      -0.8737346
    ]
  },
  {
    "timeStamp": 64513,
    "rotation": [
      [
        -0.679437459,
        -0.6799376,
        0.275771
      ],
      [
        0.356541216,
        0.0225385576,
        0.9340077
      ],
      [
        -0.641282439,
        0.7329235,
        0.227112219
      ]
    ],
    "translation": [
      1.16639614,
      0.8328546,
      -0.891207337
    ]
  },
  {
    "timeStamp": 64568,
    "rotation": [
      [
        -0.6615522,
        -0.729436755,
        0.173984915
      ],
      [
        0.2965616,
        -0.04138685,
        0.9541165
      ],
      [
        -0.688766956,
        0.6827951,
        0.243702471
      ]
    ],
    "translation": [
      1.23546076,
      0.8256468,
      -0.9084541
    ]
  },
  {
    "timeStamp": 64613,
    "rotation": [
      [
        -0.667409837,
        -0.7378915,
        0.100400418
      ],
      [
        0.254276842,
        -0.0990897,
        0.962041855
      ],
      [
        -0.6999339,
        0.6676057,
        0.253762156
      ]
    ],
    "translation": [
      1.29203141,
      0.81361115,
      -0.9140538
    ]
  },
  {
    "timeStamp": 64669,
    "rotation": [
      [
        -0.6920112,
        -0.7218181,
        0.009959537
      ],
      [
        0.170283809,
        -0.1498138,
        0.9739401
      ],
      [
        -0.7015155,
        0.675673366,
        0.226586759
      ]
    ],
    "translation": [
      1.37257314,
      0.7898271,
      -0.9089687
    ]
  },
  {
    "timeStamp": 64713,
    "rotation": [
      [
        -0.7372581,
        -0.67250514,
        -0.06470936
      ],
      [
        0.100386277,
        -0.203758314,
        0.9738609
      ],
      [
        -0.6681115,
        0.7114909,
        0.217732757
      ]
    ],
    "translation": [
      1.43744171,
      0.7693544,
      -0.8970346
    ]
  },
  {
    "timeStamp": 64769,
    "rotation": [
      [
        -0.8071281,
        -0.5769725,
        -0.125087917
      ],
      [
        0.0450319462,
        -0.2714283,
        0.9614046
      ],
      [
        -0.588656366,
        0.7703437,
        0.2450596
      ]
    ],
    "translation": [
      1.51574183,
      0.7536254,
      -0.880360842
    ]
  },
  {
    "timeStamp": 64813,
    "rotation": [
      [
        -0.856625259,
        -0.496768177,
        -0.139335871
      ],
      [
        0.00585609628,
        -0.279406965,
        0.9601549
      ],
      [
        -0.5159058,
        0.82167697,
        0.2422562
      ]
    ],
    "translation": [
      1.57069731,
      0.750756,
      -0.8622066
    ]
  },
  {
    "timeStamp": 64869,
    "rotation": [
      [
        -0.922071755,
        -0.3641974,
        -0.1309346
      ],
      [
        -0.0257416032,
        -0.279853731,
        0.9596975
      ],
      [
        -0.386161864,
        0.8882804,
        0.2486702
      ]
    ],
    "translation": [
      1.63115454,
      0.756042242,
      -0.838882446
    ]
  },
  {
    "timeStamp": 64914,
    "rotation": [
      [
        -0.9628397,
        -0.252608448,
        -0.09554419
      ],
      [
        -0.0313370153,
        -0.2468865,
        0.968537569
      ],
      [
        -0.268249333,
        0.9355405,
        0.229796141
      ]
    ],
    "translation": [
      1.67091417,
      0.768883169,
      -0.817822635
    ]
  },
  {
    "timeStamp": 64958,
    "rotation": [
      [
        -0.9887925,
        -0.140697762,
        -0.04993496
      ],
      [
        -0.0172382072,
        -0.224638283,
        0.9742897
      ],
      [
        -0.1482977,
        0.964231133,
        0.219695285
      ]
    ],
    "translation": [
      1.7073667,
      0.7846729,
      -0.8005422
    ]
  },
  {
    "timeStamp": 65011,
    "rotation": [
      [
        -0.9997799,
        -0.0207752213,
        0.00293768081
      ],
      [
        0.00640454562,
        -0.168840125,
        0.985622644
      ],
      [
        -0.01998053,
        0.9854245,
        0.168936014
      ]
    ],
    "translation": [
      1.74717855,
      0.8076811,
      -0.781268537
    ]
  },
  {
    "timeStamp": 65066,
    "rotation": [
      [
        -0.9936684,
        0.09450249,
        0.0607655756
      ],
      [
        0.0481789634,
        -0.130190372,
        0.990317762
      ],
      [
        0.101498581,
        0.986975,
        0.124813028
      ]
    ],
    "translation": [
      1.785303,
      0.832143366,
      -0.7685005
    ]
  },
  {
    "timeStamp": 65111,
    "rotation": [
      [
        -0.9783377,
        0.178954661,
        0.104070239
      ],
      [
        0.086819686,
        -0.101683967,
        0.991021037
      ],
      [
        0.187930122,
        0.9785886,
        0.08394448
      ]
    ],
    "translation": [
      1.81354511,
      0.851815641,
      -0.7632375
    ]
  },
  {
    "timeStamp": 65166,
    "rotation": [
      [
        -0.945557833,
        0.280214,
        0.165531009
      ],
      [
        0.148891926,
        -0.0798172,
        0.985626936
      ],
      [
        0.28939867,
        0.9566135,
        0.0337501727
      ]
    ],
    "translation": [
      1.84770656,
      0.875938058,
      -0.7610383
    ]
  },
  {
    "timeStamp": 65211,
    "rotation": [
      [
        -0.906686664,
        0.362084657,
        0.216365114
      ],
      [
        0.2058446,
        -0.06789779,
        0.97622633
      ],
      [
        0.3681673,
        0.929669,
        -0.0129711526
      ]
    ],
    "translation": [
      1.87588906,
      0.8954357,
      -0.7601666
    ]
  },
  {
    "timeStamp": 65266,
    "rotation": [
      [
        -0.84460324,
        0.475627184,
        0.24581337
      ],
      [
        0.261695921,
        -0.0337915756,
        0.964558661
      ],
      [
        0.467076749,
        0.8789977,
        -0.09592921
      ]
    ],
    "translation": [
      1.918461,
      0.9183302,
      -0.7569465
    ]
  },
  {
    "timeStamp": 65311,
    "rotation": [
      [
        -0.7880557,
        0.560621858,
        0.2543056
      ],
      [
        0.295294821,
        -0.0182158928,
        0.9552325
      ],
      [
        0.5401566,
        0.8278716,
        -0.151193574
      ]
    ],
    "translation": [
      1.95778716,
      0.9331393,
      -0.7556666
    ]
  },
  {
    "timeStamp": 65367,
    "rotation": [
      [
        -0.7205491,
        0.6529375,
        0.233413085
      ],
      [
        0.300682276,
        -0.0091054095,
        0.9536809
      ],
      [
        0.6248193,
        0.7573571,
        -0.189765826
      ]
    ],
    "translation": [
      2.00977159,
      0.9409291,
      -0.759746969
    ]
  },
  {
    "timeStamp": 65412,
    "rotation": [
      [
        -0.6828155,
        0.7004885,
        0.2075544
      ],
      [
        0.290947944,
        0.000126201267,
        0.9567389
      ],
      [
        0.6701584,
        0.713663638,
        -0.203891873
      ]
    ],
    "translation": [
      2.04723787,
      0.94044745,
      -0.766468763
    ]
  },
  {
    "timeStamp": 65468,
    "rotation": [
      [
        -0.6472913,
        0.744438767,
        0.163783029
      ],
      [
        0.260160774,
        0.0137993125,
        0.9654667
      ],
      [
        0.7164707,
        0.6675481,
        -0.202605933
      ]
    ],
    "translation": [
      2.09049153,
      0.931004345,
      -0.776523352
    ]
  },
  {
    "timeStamp": 65513,
    "rotation": [
      [
        -0.616332233,
        0.773932338,
        0.14547579
      ],
      [
        0.243592471,
        0.0116941053,
        0.969807148
      ],
      [
        0.748863935,
        0.633160233,
        -0.195731565
      ]
    ],
    "translation": [
      2.11808085,
      0.9203697,
      -0.782693744
    ]
  },
  {
    "timeStamp": 65568,
    "rotation": [
      [
        -0.6074029,
        0.786912739,
        0.108766034
      ],
      [
        0.219037071,
        0.0342915952,
        0.97511375
      ],
      [
        0.763599634,
        0.616110742,
        -0.193191856
      ]
    ],
    "translation": [
      2.14144421,
      0.909583867,
      -0.7861654
    ]
  },
  {
    "timeStamp": 65611,
    "rotation": [
      [
        -0.601651549,
        0.793738544,
        0.08941238
      ],
      [
        0.208411649,
        0.0479343,
        0.9768658
      ],
      [
        0.7710901,
        0.6063674,
        -0.1942641
      ]
    ],
    "translation": [
      2.1613946,
      0.896370053,
      -0.7862551
    ]
  },
  {
    "timeStamp": 65664,
    "rotation": [
      [
        -0.6009837,
        0.7956418,
        0.07597885
      ],
      [
        0.181946352,
        0.04362478,
        0.9823403
      ],
      [
        0.7782764,
        0.6041946,
        -0.1709819
      ]
    ],
    "translation": [
      2.17403173,
      0.879578948,
      -0.7858311
    ]
  },
  {
    "timeStamp": 65719,
    "rotation": [
      [
        -0.615310431,
        0.7841813,
        0.08032893
      ],
      [
        0.1732327,
        0.0351037979,
        0.984255135
      ],
      [
        0.7690146,
        0.619538069,
        -0.1574456
      ]
    ],
    "translation": [
      2.17860126,
      0.865414858,
      -0.7844692
    ]
  },
  {
    "timeStamp": 65763,
    "rotation": [
      [
        -0.6169837,
        0.7829012,
        0.07997966
      ],
      [
        0.157938212,
        0.0236199368,
        0.987166464
      ],
      [
        0.770964742,
        0.6216975,
        -0.138223141
      ]
    ],
    "translation": [
      2.18177962,
      0.854076445,
      -0.784140646
    ]
  },
  {
    "timeStamp": 65819,
    "rotation": [
      [
        -0.628811657,
        0.7725972,
        0.08768933
      ],
      [
        0.155791834,
        0.0146967582,
        0.987680554
      ],
      [
        0.761790454,
        0.634726346,
        -0.12960583
      ]
    ],
    "translation": [
      2.18253946,
      0.843648732,
      -0.784341931
    ]
  },
  {
    "timeStamp": 65863,
    "rotation": [
      [
        -0.6297105,
        0.770646,
        0.0978241861
      ],
      [
        0.160381585,
        0.00575848157,
        0.9870383
      ],
      [
        0.760093749,
        0.637237549,
        -0.127223611
      ]
    ],
    "translation": [
      2.18349648,
      0.8365039,
      -0.7840637
    ]
  },
  {
    "timeStamp": 65918,
    "rotation": [
      [
        -0.636290133,
        0.76494956,
        0.09993493
      ],
      [
        0.138120487,
        -0.0144869741,
        0.9903095
      ],
      [
        0.758984566,
        0.643927157,
        -0.09643729
      ]
    ],
    "translation": [
      2.18464279,
      0.824607432,
      -0.7874645
    ]
  },
  {
    "timeStamp": 65963,
    "rotation": [
      [
        -0.637044132,
        0.763336241,
        0.107203305
      ],
      [
        0.137830928,
        -0.0240319856,
        0.990164161
      ],
      [
        0.7584045,
        0.6455542,
        -0.08990192
      ]
    ],
    "translation": [
      2.1851716,
      0.8186944,
      -0.788316846
    ]
  },
  {
    "timeStamp": 66019,
    "rotation": [
      [
        -0.6377893,
        0.763227761,
        0.103480741
      ],
      [
        0.122302286,
        -0.0322923623,
        0.99196744
      ],
      [
        0.7604387,
        0.645322144,
        -0.07274877
      ]
    ],
    "translation": [
      2.18669677,
      0.808812857,
      -0.7907555
    ]
  },
  {
    "timeStamp": 66064,
    "rotation": [
      [
        -0.6374757,
        0.763684332,
        0.102033727
      ],
      [
        0.117004789,
        -0.0349391028,
        0.9925166
      ],
      [
        0.761534333,
        0.644643664,
        -0.0670819
      ]
    ],
    "translation": [
      2.18803978,
      0.8022082,
      -0.791562
    ]
  },
  {
    "timeStamp": 66110,
    "rotation": [
      [
        -0.6339082,
        0.766863346,
        0.100404352
      ],
      [
        0.116121762,
        -0.03397765,
        0.992653668
      ],
      [
        0.7646412,
        0.6409104,
        -0.06751081
      ]
    ],
    "translation": [
      2.18979216,
      0.796196043,
      -0.791812837
    ]
  },
  {
    "timeStamp": 66167,
    "rotation": [
      [
        -0.6344358,
        0.767461956,
        0.0921592
      ],
      [
        0.0973757,
        -0.0389236547,
        0.9944863
      ],
      [
        0.76681757,
        0.6399117,
        -0.05003759
      ]
    ],
    "translation": [
      2.19235373,
      0.7871981,
      -0.793791652
    ]
  },
  {
    "timeStamp": 66213,
    "rotation": [
      [
        -0.629303336,
        0.7715014,
        0.09360969
      ],
      [
        0.100886792,
        -0.03833373,
        0.9941591
      ],
      [
        0.77058357,
        0.635071635,
        -0.0537107661
      ]
    ],
    "translation": [
      2.19429159,
      0.78287375,
      -0.793562353
    ]
  },
  {
    "timeStamp": 66268,
    "rotation": [
      [
        -0.627835,
        0.774049163,
        0.08167675
      ],
      [
        0.08105791,
        -0.0393431634,
        0.9959326
      ],
      [
        0.774114251,
        0.63190186,
        -0.0380417965
      ]
    ],
    "translation": [
      2.197664,
      0.775699,
      -0.7948845
    ]
  },
  {
    "timeStamp": 66312,
    "rotation": [
      [
        -0.625408,
        0.7760877,
        0.0809484944
      ],
      [
        0.07726931,
        -0.0416334867,
        0.9961406
      ],
      [
        0.7764627,
        0.629249156,
        -0.0339298435
      ]
    ],
    "translation": [
      2.19953012,
      0.771457732,
      -0.795057535
    ]
  },
  {
    "timeStamp": 66368,
    "rotation": [
      [
        -0.620274663,
        0.7804389,
        0.0785780251
      ],
      [
        0.06753869,
        -0.0466663875,
        0.9966247
      ],
      [
        0.7814716,
        0.6234881,
        -0.02376384
      ]
    ],
    "translation": [
      2.20298648,
      0.7657444,
      -0.7964207
    ]
  },
  {
    "timeStamp": 66412,
    "rotation": [
      [
        -0.620045662,
        0.78090024,
        0.0757513
      ],
      [
        0.0609874241,
        -0.0482862853,
        0.9969699
      ],
      [
        0.782191753,
        0.62278676,
        -0.017685391
      ]
    ],
    "translation": [
      2.20491838,
      0.761579335,
      -0.797030866
    ]
  },
  {
    "timeStamp": 66468,
    "rotation": [
      [
        -0.6204316,
        0.780801356,
        0.07357815
      ],
      [
        0.05465913,
        -0.0505400337,
        0.997225165
      ],
      [
        0.782353461,
        0.622731745,
        -0.0113212867
      ]
    ],
    "translation": [
      2.20574784,
      0.7572048,
      -0.797697067
    ]
  },
  {
    "timeStamp": 66512,
    "rotation": [
      [
        -0.622046053,
        0.7798828,
        0.0695812
      ],
      [
        0.0463565327,
        -0.05202854,
        0.9975691
      ],
      [
        0.7816072,
        0.623759449,
        -0.003788516
      ]
    ],
    "translation": [
      2.206171,
      0.753515244,
      -0.7979864
    ]
  },
  {
    "timeStamp": 66568,
    "rotation": [
      [
        -0.626450658,
        0.776160359,
        0.07165681
      ],
      [
        0.04174496,
        -0.0583910458,
        0.9974206
      ],
      [
        0.7783425,
        0.6278261,
        0.00417832658
      ]
    ],
    "translation": [
      2.20454645,
      0.749988,
      -0.797679067
    ]
  },
  {
    "timeStamp": 66612,
    "rotation": [
      [
        -0.6328641,
        0.7719372,
        0.05996646
      ],
      [
        0.0296336971,
        -0.05324387,
        0.998141766
      ],
      [
        0.7736955,
        0.6334651,
        0.0108207837
      ]
    ],
    "translation": [
      2.20347285,
      0.747104764,
      -0.7972132
    ]
  }
]