[
  {
    "timeStamp": 92978,
    "rotation": [
      [
        0.0005955778,
        0.999999344,
        -0.0009683986
      ],
      [
        0.0231497,
        0.0009543518,
        0.999731541
      ],
      [
        0.999731839,
        -0.0006178372,
        -0.023149116
      ]
    ],
    "translation": [
      1.46199834,
      0.701528,
      -0.749953
    ]
  },
  {
    "timeStamp": 93034,
    "rotation": [
      [
        0.000384654268,
        0.99999243,
        0.00387658877
      ],
      [
        0.01196799,
        -0.003880915,
        0.999920845
      ],
      [
        0.9999283,
        -0.0003382261,
        -0.0119693913
      ]
    ],
    "translation": [
      1.46204042,
      0.7012624,
      -0.7500485
    ]
  },
  {
    "timeStamp": 93078,
    "rotation": [
      [
        0.000768074766,
        0.999985337,
        0.00534762675
      ],
      [
        0.00124565093,
        -0.005348581,
        0.9999849
      ],
      [
        0.999998868,
        -0.0007614017,
        -0.00124974083
      ]
    ],
    "translation": [
      1.46204054,
      0.701126337,
      -0.749990761
    ]
  },
  {
    "timeStamp": 93133,
    "rotation": [
      [
        0.00077467697,
        0.9998949,
        0.0144731672
      ],
      [
        0.009168142,
        -0.0144796651,
        0.999853134
      ],
      [
        0.9999577,
        -0.0006418736,
        -0.009178396
      ]
    ],
    "translation": [
      1.46199894,
      0.701625168,
      -0.749974132
    ]
  },
  {
    "timeStamp": 93178,
    "rotation": [
      [
        0.0420171171,
        0.997750461,
        0.05223556
      ],
      [
        0.01658667,
        -0.05297111,
        0.998458266
      ],
      [
        0.9989792,
        -0.0410859138,
        -0.0187750515
      ]
    ],
    "translation": [
      1.454814,
      0.7057933,
      -0.750984848
    ]
  },
  {
    "timeStamp": 93233,
    "rotation": [
      [
        0.0425487757,
        0.996374667,
        0.07366978
      ],
      [
        0.0218241084,
        -0.07464586,
        0.99697125
      ],
      [
        0.998856068,
        -0.04081212,
        -0.0249210764
      ]
    ],
    "translation": [
      1.45224583,
      0.7167921,
      -0.7520371
    ]
  },
  {
    "timeStamp": 93278,
    "rotation": [
      [
        0.0422576256,
        0.9946709,
        0.09404268
      ],
      [
        0.0305677168,
        -0.09536983,
        0.994972467
      ],
      [
        0.998639,
        -0.0391705036,
        -0.034434922
      ]
    ],
    "translation": [
      1.45163214,
      0.7294308,
      -0.753256559
    ]
  },
  {
    "timeStamp": 93333,
    "rotation": [
      [
        0.0441620275,
        0.9905496,
        0.129850611
      ],
      [
        0.06504162,
        -0.132552445,
        0.98903966
      ],
      [
        0.9969049,
        -0.0352323055,
        -0.07028073
      ]
    ],
    "translation": [
      1.45228815,
      0.7528861,
      -0.7518101
    ]
  },
  {
    "timeStamp": 93378,
    "rotation": [
      [
        0.05895951,
        0.984820843,
        0.1632538
      ],
      [
        0.09797801,
        -0.168457583,
        0.9808274
      ],
      [
        0.993440568,
        -0.04183383,
        -0.106422961
      ]
    ],
    "translation": [
      1.45663345,
      0.7781611,
      -0.750486553
    ]
  },
  {
    "timeStamp": 93433,
    "rotation": [
      [
        0.112097725,
        0.975840569,
        0.18753469
      ],
      [
        0.151487634,
        -0.2033003,
        0.967326462
      ],
      [
        0.982082248,
        -0.08002591,
        -0.170617267
      ]
    ],
    "translation": [
      1.47378933,
      0.814089358,
      -0.744733036
    ]
  },
  {
    "timeStamp": 93477,
    "rotation": [
      [
        0.166715622,
        0.964543939,
        0.204599485
      ],
      [
        0.193577155,
        -0.235483259,
        0.952405155
      ],
      [
        0.966816366,
        -0.119175062,
        -0.225972414
      ]
    ],
    "translation": [
      1.49663961,
      0.8452842,
      -0.7436094
    ]
  },
  {
    "timeStamp": 93533,
    "rotation": [
      [
        0.243024647,
        0.9455285,
        0.216598615
      ],
      [
        0.236296341,
        -0.274272352,
        0.932168841
      ],
      [
        0.9407992,
        -0.175358549,
        -0.290079862
      ]
    ],
    "translation": [
      1.53425109,
      0.88311553,
      -0.749101162
    ]
  },
  {
    "timeStamp": 93578,
    "rotation": [
      [
        0.294146419,
        0.937323034,
        0.186824456
      ],
      [
        0.2844979,
        -0.2724798,
        0.919138551
      ],
      [
        0.912435651,
        -0.217210129,
        -0.346815377
      ]
    ],
    "translation": [
      1.57627,
      0.906222641,
      -0.7592787
    ]
  },
  {
    "timeStamp": 93633,
    "rotation": [
      [
        0.3692947,
        0.917144239,
        0.149892837
      ],
      [
        0.323275447,
        -0.278003365,
        0.904548049
      ],
      [
        0.8712717,
        -0.285588145,
        -0.399155378
      ]
    ],
    "translation": [
      1.63532221,
      0.9325682,
      -0.777854145
    ]
  },
  {
    "timeStamp": 93678,
    "rotation": [
      [
        0.432836115,
        0.895007432,
        0.107771292
      ],
      [
        0.3449518,
        -0.274889976,
        0.897465169
      ],
      [
        0.8328632,
        -0.351279438,
        -0.427716732
      ]
    ],
    "translation": [
      1.68614912,
      0.949787,
      -0.796464443
    ]
  },
  {
    "timeStamp": 93734,
    "rotation": [
      [
        0.528158247,
        0.8480607,
        0.0429169275
      ],
      [
        0.368569225,
        -0.274484664,
        0.88815254
      ],
      [
        0.76498735,
        -0.453267246,
        -0.457540423
      ]
    ],
    "translation": [
      1.75456691,
      0.969641447,
      -0.8178105
    ]
  },
  {
    "timeStamp": 93778,
    "rotation": [
      [
        0.597865343,
        0.801584959,
        0.00430939347
      ],
      [
        0.381195843,
        -0.289037436,
        0.8781498
      ],
      [
        0.7051573,
        -0.5233726,
        -0.478366315
      ]
    ],
    "translation": [
      1.80566323,
      0.986600637,
      -0.8348793
    ]
  },
  {
    "timeStamp": 93833,
    "rotation": [
      [
        0.6608892,
        0.7483631,
        -0.05637545
      ],
      [
        0.410143554,
        -0.2972506,
        0.8622206
      ],
      [
        0.6284964,
        -0.5929543,
        -0.503386
      ]
    ],
    "translation": [
      1.86914921,
      1.00665021,
      -0.8540549
    ]
  },
  {
    "timeStamp": 93878,
    "rotation": [
      [
        0.7167334,
        0.6915695,
        -0.0895815939
      ],
      [
        0.4171722,
        -0.3222782,
        0.8497671
      ],
      [
        0.5588028,
        -0.6464274,
        -0.519491136
      ]
    ],
    "translation": [
      1.91618955,
      1.02264607,
      -0.86708647
    ]
  },
  {
    "timeStamp": 93933,
    "rotation": [
      [
        0.790443659,
        0.601250768,
        -0.117031291
      ],
      [
        0.409327269,
        -0.37634775,
        0.831151962
      ],
      [
        0.4556863,
        -0.7048829,
        -0.54359
      ]
    ],
    "translation": [
      1.9718616,
      1.04143119,
      -0.8779451
    ]
  },
  {
    "timeStamp": 93977,
    "rotation": [
      [
        0.8505437,
        0.513408363,
        -0.11396195
      ],
      [
        0.366842747,
        -0.423924327,
        0.828078866
      ],
      [
        0.376831383,
        -0.7461234,
        -0.5489063
      ]
    ],
    "translation": [
      2.01194549,
      1.051592,
      -0.8845913
    ]
  },
  {
    "timeStamp": 94033,
    "rotation": [
      [
        0.8934607,
        0.432370484,
        -0.1215886
      ],
      [
        0.3409813,
        -0.476773322,
        0.8101969
      ],
      [
        0.292335,
        -0.76533854,
        -0.5734084
      ]
    ],
    "translation": [
      2.05927157,
      1.06221128,
      -0.8847861
    ]
  },
  {
    "timeStamp": 94078,
    "rotation": [
      [
        0.908598244,
        0.395733923,
        -0.1335812
      ],
      [
        0.331059933,
        -0.487362146,
        0.8080083
      ],
      [
        0.254653871,
        -0.7783783,
        -0.573828
      ]
    ],
    "translation": [
      2.09541321,
      1.06311107,
      -0.8845127
    ]
  },
  {
    "timeStamp": 94133,
    "rotation": [
      [
        0.917921543,
        0.3775507,
        -0.121965438
      ],
      [
        0.313610673,
        -0.50211525,
        0.8059334
      ],
      [
        0.243040025,
        -0.7780333,
        -0.5793063
      ]
    ],
    "translation": [
      2.12859821,
      1.06059766,
      -0.8770042
    ]
  },
  {
    "timeStamp": 94178,
    "rotation": [
      [
        0.929288566,
        0.356455177,
        -0.0967601
      ],
      [
        0.276153773,
        -0.496563733,
        0.822899461
      ],
      [
        0.245279208,
        -0.7914317,
        -0.559887469
      ]
    ],
    "translation": [
      2.145181,
      1.05099452,
      -0.868842959
    ]
  },
  {
    "timeStamp": 94233,
    "rotation": [
      [
        0.944109142,
        0.326940626,
        -0.04204456
      ],
      [
        0.20966579,
        -0.497181058,
        0.841933
      ],
      [
        0.254358351,
        -0.803692,
        -0.537941456
      ]
    ],
    "translation": [
      2.15559173,
      1.03857148,
      -0.8523676
    ]
  },
  {
    "timeStamp": 94278,
    "rotation": [
      [
        0.952295363,
        0.305124134,
        -0.005726322
      ],
      [
        0.160357028,
        -0.4843349,
        0.8600612
      ],
      [
        0.259652,
        -0.8199506,
        -0.510158658
      ]
    ],
    "translation": [
      2.15852165,
      1.0244503,
      -0.8404726
    ]
  },
  {
    "timeStamp": 94333,
    "rotation": [
      [
        0.9696981,
        0.240215629,
        0.0445204936
      ],
      [
        0.0706977546,
        -0.450349182,
        0.89004916
      ],
      [
        0.233853474,
        -0.859931469,
        -0.4536854
      ]
    ],
    "translation": [
      2.16220331,
      1.00560558,
      -0.824912548
    ]
  },
  {
    "timeStamp": 94377,
    "rotation": [
      [
        0.9788214,
        0.173985615,
        0.1078784
      ],
      [
        -0.0237957612,
        -0.426696658,
        0.9040817
      ],
      [
        0.203328565,
        -0.887501538,
        -0.4135197
      ]
    ],
    "translation": [
      2.15753245,
      0.9938764,
      -0.8106456
    ]
  },
  {
    "timeStamp": 94433,
    "rotation": [
      [
        0.9817684,
        0.130562425,
        0.138145581
      ],
      [
        -0.07608859,
        -0.396062553,
        0.9150656
      ],
      [
        0.174187467,
        -0.9088938,
        -0.3789074
      ]
    ],
    "translation": [
      2.154628,
      0.9755423,
      -0.7902252
    ]
  },
  {
    "timeStamp": 94479,
    "rotation": [
      [
        0.9820762,
        0.0919403,
        0.164539516
      ],
      [
        -0.1172159,
        -0.385710478,
        0.9151436
      ],
      [
        0.1476032,
        -0.918027461,
        -0.3680202
      ]
    ],
    "translation": [
      2.1503613,
      0.9604559,
      -0.7686738
    ]
  },
  {
    "timeStamp": 94528,
    "rotation": [
      [
        0.981131,
        0.08659093,
        0.172869742
      ],
      [
        -0.132701352,
        -0.3486706,
        0.9278034
      ],
      [
        0.140613973,
        -0.9332368,
        -0.330600828
      ]
    ],
    "translation": [
      2.14416385,
      0.9337329,
      -0.745871961
    ]
  },
  {
    "timeStamp": 94583,
    "rotation": [
      [
        0.982063949,
        0.08417136,
        0.168717071
      ],
      [
        -0.132336363,
        -0.329676926,
        0.9347728
      ],
      [
        0.134303242,
        -0.9403341,
        -0.3126249
      ]
    ],
    "translation": [
      2.1402142,
      0.9067194,
      -0.7220218
    ]
  },
  {
    "timeStamp": 94628,
    "rotation": [
      [
        0.981173,
        0.0848512053,
        0.173493221
      ],
      [
        -0.141088426,
        -0.298529476,
        0.9439143
      ],
      [
        0.131885111,
        -0.950621068,
        -0.280937523
      ]
    ],
    "translation": [
      2.132577,
      0.885658264,
      -0.708577335
    ]
  },
  {
    "timeStamp": 94683,
    "rotation": [
      [
        0.9827978,
        0.08517502,
        0.163871124
      ],
      [
        -0.132687256,
        -0.2915421,
        0.947310567
      ],
      [
        0.128462523,
        -0.9527583,
        -0.2752253
      ]
    ],
    "translation": [
      2.128378,
      0.8651883,
      -0.687286258
    ]
  },
  {
    "timeStamp": 94727,
    "rotation": [
      [
        0.9833675,
        0.103700951,
        0.149112135
      ],
      [
        -0.1178077,
        -0.26067847,
        0.9582109
      ],
      [
        0.1382377,
        -0.95984,
        -0.244125947
      ]
    ],
    "translation": [
      2.125905,
      0.847779453,
      -0.6766073
    ]
  },
  {
    "timeStamp": 94783,
    "rotation": [
      [
        0.9884135,
        0.108114064,
        0.106536664
      ],
      [
        -0.08032791,
        -0.222955257,
        0.97151345
      ],
      [
        0.128787175,
        -0.9688149,
        -0.211687416
      ]
    ],
    "translation": [
      2.12922955,
      0.8265782,
      -0.6677629
    ]
  },
  {
    "timeStamp": 94828,
    "rotation": [
      [
        0.9876248,
        0.0944692045,
        0.12519078
      ],
      [
        -0.105146229,
        -0.193436936,
        0.975462139
      ],
      [
        0.116367668,
        -0.976554,
        -0.181110039
      ]
    ],
    "translation": [
      2.12448716,
      0.8130311,
      -0.6644117
    ]
  },
  {
    "timeStamp": 94884,
    "rotation": [
      [
        0.988295436,
        0.11339622,
        0.102046207
      ],
      [
        -0.08152214,
        -0.172826156,
        0.981572866
      ],
      [
        0.128942892,
        -0.978403,
        -0.161559
      ]
    ],
    "translation": [
      2.123223,
      0.7968317,
      -0.6598079
    ]
  },
  {
    "timeStamp": 94929,
    "rotation": [
      [
        0.990046144,
        0.100363284,
        0.09867038
      ],
      [
        -0.08347959,
        -0.145680308,
        0.9858034
      ],
      [
        0.113312811,
        -0.984227836,
        -0.135851935
      ]
    ],
    "translation": [
      2.12283921,
      0.78492415,
      -0.6588903
    ]
  },
  {
    "timeStamp": 94975,
    "rotation": [
      [
        0.99065423,
        0.08547268,
        0.106294796
      ],
      [
        -0.0939915553,
        -0.136945948,
        0.9861092
      ],
      [
        0.09884206,
        -0.986884058,
        -0.127632365
      ]
    ],
    "translation": [
      2.12181473,
      0.7774414,
      -0.656353831
    ]
  },
  {
    "timeStamp": 95032,
    "rotation": [
      [
        0.9923111,
        0.07921801,
        0.09509545
      ],
      [
        -0.0840839446,
        -0.1323195,
        0.987634242
      ],
      [
        0.09082142,
        -0.988036454,
        -0.124641143
      ]
    ],
    "translation": [
      2.12180257,
      0.7711122,
      -0.652344346
    ]
  },
  {
    "timeStamp": 95077,
    "rotation": [
      [
        0.992255449,
        0.09734619,
        0.0771547
      ],
      [
        -0.0635893941,
        -0.1354833,
        0.9887369
      ],
      [
        0.106702924,
        -0.9859858,
        -0.128243849
      ]
    ],
    "translation": [
      2.119805,
      0.7690866,
      -0.650122166
    ]
  },
  {
    "timeStamp": 95133,
    "rotation": [
      [
        0.9929585,
        0.102305271,
        0.0597251765
      ],
      [
        -0.04578305,
        -0.133581147,
        0.9899798
      ],
      [
        0.109258294,
        -0.9857432,
        -0.127956674
      ]
    ],
    "translation": [
      2.11861157,
      0.7669035,
      -0.6480108
    ]
  },
  {
    "timeStamp": 95178,
    "rotation": [
      [
        0.9924834,
        0.116142355,
        0.0385692231
      ],
      [
        -0.0233847089,
        -0.129371613,
        0.991320431
      ],
      [
        0.120124042,
        -0.984771,
        -0.125683218
      ]
    ],
    "translation": [
      2.11928964,
      0.7637925,
      -0.649009943
    ]
  },
  {
    "timeStamp": 95232,
    "rotation": [
      [
        0.9930683,
        0.112664282,
        0.03349822
      ],
      [
        -0.01981023,
        -0.120487593,
        0.9925172
      ],
      [
        0.11585734,
        -0.9863009,
        -0.1174205
      ]
    ],
    "translation": [
      2.11955237,
      0.7604557,
      -0.649181366
    ]
  },
  {
    "timeStamp": 95277,
    "rotation": [
      [
        0.993374765,
        0.110179186,
        0.0326671377
      ],
      [
        -0.0196342841,
        -0.117361926,
        0.9928951
      ],
      [
        0.113230236,
        -0.9869584,
        -0.114421085
      ]
    ],
    "translation": [
      2.11878777,
      0.7588836,
      -0.6503021
    ]
  },
  {
    "timeStamp": 95333,
    "rotation": [
      [
        0.993676364,
        0.106213495,
        0.0364137143
      ],
      [
        -0.0235080142,
        -0.120320626,
        0.992456734
      ],
      [
        0.1097936,
        -0.9870368,
        -0.117062904
      ]
    ],
    "translation": [
      2.11809945,
      0.758948565,
      -0.6494127
    ]
  },
  {
    "timeStamp": 95377,
    "rotation": [
      [
        0.9942323,
        0.101436794,
        0.03482442
      ],
      [
        -0.0227556843,
        -0.117792211,
        0.9927775
      ],
      [
        0.1048062,
        -0.987843931,
        -0.114804558
      ]
    ],
    "translation": [
      2.11915278,
      0.758635759,
      -0.649727464
    ]
  },
  {
    "timeStamp": 95433,
    "rotation": [
      [
        0.9941559,
        0.101053506,
        0.03797796
      ],
      [
        -0.0266199037,
        -0.111460172,
        0.9934123
      ],
      [
        0.104620822,
        -0.988617659,
        -0.10811875
      ]
    ],
    "translation": [
      2.119356,
      0.75875175,
      -0.6496918
    ]
  },
  {
    "timeStamp": 95477,
    "rotation": [
      [
        0.9929231,
        0.116285577,
        0.02411448
      ],
      [
        -0.0112136146,
        -0.110344224,
        0.993830144
      ],
      [
        0.118229017,
        -0.9870673,
        -0.108259343
      ]
    ],
    "translation": [
      2.12039018,
      0.759188056,
      -0.649869263
    ]
  },
  {
    "timeStamp": 95532,
    "rotation": [
      [
        0.992174566,
        0.123430468,
        0.018828
      ],
      [
        -0.00567989,
        -0.106020316,
        0.994347751
      ],
      [
        0.124728955,
        -0.9866735,
        -0.104489587
      ]
    ],
    "translation": [
      2.12216115,
      0.759508252,
      -0.650019348
    ]
  },
  {
    "timeStamp": 95577,
    "rotation": [
      [
        0.991356,
        0.131145969,
        0.00374429813
      ],
      [
        0.008706292,
        -0.09423491,
        0.995511949
      ],
      [
        0.130910218,
        -0.9868741,
        -0.0945621356
      ]
    ],
    "translation": [
      2.12463,
      0.758528352,
      -0.653098464
    ]
  },
  {
    "timeStamp": 95632,
    "rotation": [
      [
        0.992386043,
        0.123056419,
        0.005197876
      ],
      [
        0.005898855,
        -0.08964019,
        0.9959567
      ],
      [
        0.123024814,
        -0.9883429,
        -0.08968357
      ]
    ],
    "translation": [
      2.12578058,
      0.758314133,
      -0.6542874
    ]
  },
  {
    "timeStamp": 95677,
    "rotation": [
      [
        0.9920992,
        0.125429273,
        0.0025808427
      ],
      [
        0.008313195,
        -0.08625298,
        0.9962386
      ],
      [
        0.1251801,
        -0.9883461,
        -0.08661423
      ]
    ],
    "translation": [
      2.12503958,
      0.757102251,
      -0.654652059
    ]
  },
  {
    "timeStamp": 95732,
    "rotation": [
      [
        0.992379665,
        0.1232173,
        0.000324793218
      ],
      [
        0.008111843,
        -0.06796172,
        0.997655
      ],
      [
        0.12295042,
        -0.990049839,
        -0.06844335
      ]
    ],
    "translation": [
      2.12531972,
      0.7523324,
      -0.6576058
    ]
  },
  {
    "timeStamp": 95777,
    "rotation": [
      [
        0.9928157,
        0.118986137,
        0.0126244389
      ],
      [
        -0.00695562,
        -0.0479381159,
        0.9988261
      ],
      [
        0.119451649,
        -0.991738,
        -0.04676609
      ]
    ],
    "translation": [
      2.12166548,
      0.7482718,
      -0.6619211
    ]
  },
  {
    "timeStamp": 95832,
    "rotation": [
      [
        0.992086768,
        0.1251951,
        0.009483446
      ],
      [
        -0.00325313373,
        -0.0498757735,
        0.99875015
      ],
      [
        0.125511616,
        -0.9908777,
        -0.0490738228
      ]
    ],
    "translation": [
      2.11941028,
      0.74624,
      -0.662881136
    ]
  },
  {
    "timeStamp": 95877,
    "rotation": [
      [
        0.99283427,
        0.11867027,
        0.0140538868
      ],
      [
        -0.009683187,
        -0.0373272337,
        0.9992562
      ],
      [
        0.119106583,
        -0.992231846,
        -0.03591065
      ]
    ],
    "translation": [
      2.11723018,
      0.744457364,
      -0.665786266
    ]
  },
  {
    "timeStamp": 95932,
    "rotation": [
      [
        0.993573844,
        0.112303771,
        0.01410439
      ],
      [
        -0.008891854,
        -0.0467809476,
        0.9988656
      ],
      [
        0.11283619,
        -0.9925721,
        -0.045481734
      ]
    ],
    "translation": [
      2.11664057,
      0.7441094,
      -0.665050149
    ]
  },
  {
    "timeStamp": 95977,
    "rotation": [
      [
        0.993263662,
        0.11563585,
        0.007460938
      ],
      [
        -0.00145340629,
        -0.0519496351,
        0.998648643
      ],
      [
        0.115867175,
        -0.9919323,
        -0.0514316149
      ]
    ],
    "translation": [
      2.11771846,
      0.744405866,
      -0.663885534
    ]
  },
  {
    "timeStamp": 96032,
    "rotation": [
      [
        0.993297935,
        0.115289949,
        -0.008206791
      ],
      [
        0.0140924454,
        -0.0503289551,
        0.998633265
      ],
      [
        0.114719346,
        -0.992056,
        -0.051616367
      ]
    ],
    "translation": [
      2.12130046,
      0.743315935,
      -0.6641854
    ]
  },
  {
    "timeStamp": 96076,
    "rotation": [
      [
        0.9935933,
        0.111349978,
        -0.0193283558
      ],
      [
        0.024930872,
        -0.04914379,
        0.9984805
      ],
      [
        0.1102309,
        -0.9925654,
        -0.05160499
      ]
    ],
    "translation": [
      2.124822,
      0.742872834,
      -0.663508832
    ]
  },
  {
    "timeStamp": 96132,
    "rotation": [
      [
        0.993405461,
        0.112606779,
        -0.0215697773
      ],
      [
        0.0268227365,
        -0.0453439,
        0.9986113
      ],
      [
        0.111472346,
        -0.9926045,
        -0.0480652973
      ]
    ],
    "translation": [
      2.12613249,
      0.7419303,
      -0.6637273
    ]
  },
  {
    "timeStamp": 96177,
    "rotation": [
      [
        0.992969,
        0.116013952,
        -0.0235229284
      ],
      [
        0.0279616062,
        -0.0367818028,
        0.998932064
      ],
      [
        0.11502485,
        -0.9925663,
        -0.0397671275
      ]
    ],
    "translation": [
      2.12498236,
      0.740195,
      -0.6657031
    ]
  },
  {
    "timeStamp": 96232,
    "rotation": [
      [
        0.9935017,
        0.112976387,
        -0.01381315
      ],
      [
        0.01812139,
        -0.03719635,
        0.99914366
      ],
      [
        0.112365842,
        -0.992901266,
        -0.0390019268
      ]
    ],
    "translation": [
      2.12224126,
      0.7390623,
      -0.6662132
    ]
  },
  {
    "timeStamp": 96276,
    "rotation": [
      [
        0.9936052,
        0.112365536,
        -0.0110760462
      ],
      [
        0.0154777216,
        -0.0383764021,
        0.9991435
      ],
      [
        0.111844242,
        -0.992925644,
        -0.0398701541
      ]
    ],
    "translation": [
      2.119661,
      0.738398135,
      -0.666671038
    ]
  },
  {
    "timeStamp": 96332,
    "rotation": [
      [
        0.9933748,
        0.113907,
        -0.0152191762
      ],
      [
        0.0199378524,
        -0.040401727,
        0.9989846
      ],
      [
        0.113176458,
        -0.9926696,
        -0.04240512
      ]
    ],
    "translation": [
      2.11903286,
      0.7375911,
      -0.6654651
    ]
  },
  {
    "timeStamp": 96376,
    "rotation": [
      [
        0.9938298,
        0.1087845,
        -0.0216385741
      ],
      [
        0.0259950086,
        -0.0387890264,
        0.998909235
      ],
      [
        0.107826494,
        -0.993308246,
        -0.0413775481
      ]
    ],
    "translation": [
      2.12022638,
      0.735930145,
      -0.665478051
    ]
  },
  {
    "timeStamp": 96432,
    "rotation": [
      [
        0.9943008,
        0.102936938,
        -0.02775011
      ],
      [
        0.031512,
        -0.03510095,
        0.9988868
      ],
      [
        0.101848282,
        -0.9940684,
        -0.0381446481
      ]
    ],
    "translation": [
      2.12084079,
      0.733659744,
      -0.6651641
    ]
  },
  {
    "timeStamp": 96476,
    "rotation": [
      [
        0.993464947,
        0.107523248,
        -0.038290035
      ],
      [
        0.0413183235,
        -0.0260780789,
        0.998805642
      ],
      [
        0.106396288,
        -0.9938605,
        -0.0303503368
      ]
    ],
    "translation": [
      2.12105632,
      0.731551766,
      -0.6663268
    ]
  },
  {
    "timeStamp": 96532,
    "rotation": [
      [
        0.9931381,
        0.105561309,
        -0.0503342636
      ],
      [
        0.0522238426,
        -0.0152114527,
        0.99851954
      ],
      [
        0.104639366,
        -0.994296432,
        -0.02061989
      ]
    ],
    "translation": [
      2.12224841,
      0.729177237,
      -0.6684131
    ]
  }
]