[
  {
    "timeStamp": 170754,
    "rotation": [
      [
        0.99933517,
        0.0232701283,
        -0.0280640628
      ],
      [
        0.0281263255,
        -0.00235262583,
        0.9996016
      ],
      [
        0.0231948327,
        -0.9997264,
        -0.00300556514
      ]
    ],
    "translation": [
      1.612793,
      0.7006084,
      -0.4890488
    ]
  },
  {
    "timeStamp": 170798,
    "rotation": [
      [
        0.999419153,
        0.02299613,
        0.0251497459
      ],
      [
        -0.0248075631,
        -0.0150462352,
        0.999579
      ],
      [
        0.023364855,
        -0.9996223,
        -0.0144670177
      ]
    ],
    "translation": [
      1.61274374,
      0.7022665,
      -0.4890412
    ]
  },
  {
    "timeStamp": 170854,
    "rotation": [
      [
        0.9987794,
        0.0224883873,
        0.0439766273
      ],
      [
        -0.0434051827,
        -0.0252970215,
        0.9987372
      ],
      [
        0.0235724766,
        -0.999426961,
        -0.02429003
      ]
    ],
    "translation": [
      1.61275,
      0.702531636,
      -0.489049971
    ]
  },
  {
    "timeStamp": 170898,
    "rotation": [
      [
        0.999939263,
        0.00277346163,
        0.0106626712
      ],
      [
        -0.0106330439,
        -0.0104863066,
        0.9998885
      ],
      [
        0.00288496632,
        -0.9999411,
        -0.0104561793
      ]
    ],
    "translation": [
      1.61524451,
      0.702650845,
      -0.489803225
    ]
  },
  {
    "timeStamp": 170954,
    "rotation": [
      [
        0.999889731,
        0.00185234938,
        0.0147337737
      ],
      [
        -0.0146314707,
        -0.0466045067,
        0.998806238
      ],
      [
        0.00253680954,
        -0.9989117,
        -0.046572268
      ]
    ],
    "translation": [
      1.61725736,
      0.717110336,
      -0.489638746
    ]
  },
  {
    "timeStamp": 170998,
    "rotation": [
      [
        0.9997132,
        0.01309604,
        0.0200482886
      ],
      [
        -0.0190012157,
        -0.0756996349,
        0.9969496
      ],
      [
        0.014573737,
        -0.9970446,
        -0.07542908
      ]
    ],
    "translation": [
      1.61701488,
      0.733089149,
      -0.4901969
    ]
  },
  {
    "timeStamp": 171053,
    "rotation": [
      [
        0.998534739,
        0.004316135,
        0.0539415255
      ],
      [
        -0.0527487136,
        -0.144860014,
        0.9880451
      ],
      [
        0.012078518,
        -0.9894427,
        -0.1444201
      ]
    ],
    "translation": [
      1.61711657,
      0.7639572,
      -0.490973264
    ]
  },
  {
    "timeStamp": 171098,
    "rotation": [
      [
        0.99546206,
        -0.01241465,
        0.09434565
      ],
      [
        -0.09480404,
        -0.214935452,
        0.9720159
      ],
      [
        0.008210988,
        -0.9765493,
        -0.215137064
      ]
    ],
    "translation": [
      1.6171633,
      0.7973708,
      -0.49360016
    ]
  },
  {
    "timeStamp": 171153,
    "rotation": [
      [
        0.9368556,
        -0.129757583,
        0.3247531
      ],
      [
        -0.349646479,
        -0.366115063,
        0.862384558
      ],
      [
        0.006996058,
        -0.92147857,
        -0.388366222
      ]
    ],
    "translation": [
      1.61228108,
      0.8612107,
      -0.50046
    ]
  },
  {
    "timeStamp": 171197,
    "rotation": [
      [
        0.8108731,
        -0.29718715,
        0.504147351
      ],
      [
        -0.584968865,
        -0.436934233,
        0.683300734
      ],
      [
        0.0172110628,
        -0.848980665,
        -0.528143466
      ]
    ],
    "translation": [
      1.61477184,
      0.918537,
      -0.5122187
    ]
  },
  {
    "timeStamp": 171253,
    "rotation": [
      [
        0.591027737,
        -0.442720473,
        0.674303234
      ],
      [
        -0.797944367,
        -0.443366319,
        0.408302784
      ],
      [
        0.118199348,
        -0.7793747,
        -0.615308046
      ]
    ],
    "translation": [
      1.62304437,
      0.9902556,
      -0.5371972
    ]
  },
  {
    "timeStamp": 171298,
    "rotation": [
      [
        0.322566867,
        -0.54266125,
        0.7755445
      ],
      [
        -0.9032995,
        -0.421312928,
        0.08090353
      ],
      [
        0.282843739,
        -0.7266458,
        -0.626087248
      ]
    ],
    "translation": [
      1.62564492,
      1.05644631,
      -0.5606232
    ]
  },
  {
    "timeStamp": 171353,
    "rotation": [
      [
        0.116459578,
        -0.590933561,
        0.798269868
      ],
      [
        -0.836365342,
        -0.491829216,
        -0.242068067
      ],
      [
        0.5356586,
        -0.6394541,
        -0.551514566
      ]
    ],
    "translation": [
      1.63103855,
      1.13525045,
      -0.599607468
    ]
  },
  {
    "timeStamp": 171397,
    "rotation": [
      [
        -0.03134304,
        -0.6253958,
        0.7796779
      ],
      [
        -0.718229,
        -0.528395057,
        -0.452709347
      ],
      [
        0.6951005,
        -0.5741766,
        -0.432615846
      ]
    ],
    "translation": [
      1.63960159,
      1.18548381,
      -0.629433
    ]
  },
  {
    "timeStamp": 171453,
    "rotation": [
      [
        -0.0603195652,
        -0.6364516,
        0.768954456
      ],
      [
        -0.6384209,
        -0.5675902,
        -0.5198656
      ],
      [
        0.7673202,
        -0.5222746,
        -0.372087181
      ]
    ],
    "translation": [
      1.64513111,
      1.22911477,
      -0.6578133
    ]
  },
  {
    "timeStamp": 171497,
    "rotation": [
      [
        -0.0932998657,
        -0.6320032,
        0.769329
      ],
      [
        -0.593197465,
        -0.5852969,
        -0.5527606
      ],
      [
        0.7996324,
        -0.5079365,
        -0.320294559
      ]
    ],
    "translation": [
      1.64733851,
      1.25960243,
      -0.673791945
    ]
  },
  {
    "timeStamp": 171553,
    "rotation": [
      [
        -0.08684143,
        -0.6387856,
        0.7644681
      ],
      [
        -0.5792027,
        -0.591969669,
        -0.5604427
      ],
      [
        0.81054467,
        -0.491451651,
        -0.3185789
      ]
    ],
    "translation": [
      1.64988351,
      1.28572667,
      -0.687832
    ]
  },
  {
    "timeStamp": 171597,
    "rotation": [
      [
        -0.089799,
        -0.6457789,
        0.7582254
      ],
      [
        -0.5608201,
        -0.5963467,
        -0.5743269
      ],
      [
        0.8230534,
        -0.476802051,
        -0.3086145
      ]
    ],
    "translation": [
      1.6548866,
      1.30574727,
      -0.697084665
    ]
  },
  {
    "timeStamp": 171654,
    "rotation": [
      [
        -0.08577021,
        -0.6488954,
        0.756027937
      ],
      [
        -0.5387261,
        -0.6081201,
        -0.583064437
      ],
      [
        0.838103652,
        -0.457301527,
        -0.2974183
      ]
    ],
    "translation": [
      1.66064441,
      1.325463,
      -0.7105948
    ]
  },
  {
    "timeStamp": 171697,
    "rotation": [
      [
        -0.081660904,
        -0.6491316,
        0.7562801
      ],
      [
        -0.531785846,
        -0.6133943,
        -0.5839103
      ],
      [
        0.8429326,
        -0.4498617,
        -0.295108646
      ]
    ],
    "translation": [
      1.66666234,
      1.33973837,
      -0.719627142
    ]
  },
  {
    "timeStamp": 171753,
    "rotation": [
      [
        -0.08039111,
        -0.6541084,
        0.7521166
      ],
      [
        -0.525514066,
        -0.6133565,
        -0.589600444
      ],
      [
        0.846978247,
        -0.442646533,
        -0.2944348
      ]
    ],
    "translation": [
      1.67526746,
      1.3525666,
      -0.731688857
    ]
  },
  {
    "timeStamp": 171797,
    "rotation": [
      [
        -0.09164689,
        -0.6613697,
        0.74444
      ],
      [
        -0.514732838,
        -0.608500838,
        -0.6039676
      ],
      [
        0.8524383,
        -0.438539475,
        -0.284661472
      ]
    ],
    "translation": [
      1.68366408,
      1.36185849,
      -0.742735744
    ]
  },
  {
    "timeStamp": 171853,
    "rotation": [
      [
        -0.07057628,
        -0.6563677,
        0.7511328
      ],
      [
        -0.535095334,
        -0.610586047,
        -0.5838302
      ],
      [
        0.8418385,
        -0.443132222,
        -0.3081264
      ]
    ],
    "translation": [
      1.68920588,
      1.36631143,
      -0.755888462
    ]
  },
  {
    "timeStamp": 171897,
    "rotation": [
      [
        0.02568233,
        -0.631946146,
        0.7745867
      ],
      [
        -0.5833991,
        -0.6386833,
        -0.501726151
      ],
      [
        0.811779439,
        -0.43900767,
        -0.3850797
      ]
    ],
    "translation": [
      1.68490672,
      1.36029053,
      -0.7639739
    ]
  },
  {
    "timeStamp": 171953,
    "rotation": [
      [
        0.214793742,
        -0.50413543,
        0.836487353
      ],
      [
        -0.6694916,
        -0.6995877,
        -0.249716058
      ],
      [
        0.7110869,
        -0.506383836,
        -0.4877815
      ]
    ],
    "translation": [
      1.65654433,
      1.325294,
      -0.769177
    ]
  },
  {
    "timeStamp": 171997,
    "rotation": [
      [
        0.335727185,
        -0.3470978,
        0.875677049
      ],
      [
        -0.7143107,
        -0.699819744,
        -0.00353139639
      ],
      [
        0.6140418,
        -0.6243199,
        -0.482884228
      ]
    ],
    "translation": [
      1.62646294,
      1.28041828,
      -0.778666437
    ]
  },
  {
    "timeStamp": 172053,
    "rotation": [
      [
        0.5550894,
        -0.09580677,
        0.826254666
      ],
      [
        -0.6108325,
        -0.721196234,
        0.3267409
      ],
      [
        0.5645878,
        -0.6860736,
        -0.4588503
      ]
    ],
    "translation": [
      1.59086716,
      1.21751368,
      -0.8089523
    ]
  },
  {
    "timeStamp": 172097,
    "rotation": [
      [
        0.7000362,
        0.1833449,
        0.6901695
      ],
      [
        -0.430916,
        -0.6622269,
        0.6129983
      ],
      [
        0.569438934,
        -0.7265261,
        -0.384576559
      ]
    ],
    "translation": [
      1.58758938,
      1.16904509,
      -0.843938053
    ]
  },
  {
    "timeStamp": 172153,
    "rotation": [
      [
        0.683324158,
        0.10974519,
        0.72182
      ],
      [
        -0.5135178,
        -0.630538,
        0.581997752
      ],
      [
        0.5190064,
        -0.7683605,
        -0.374505728
      ]
    ],
    "translation": [
      1.61787486,
      1.146889,
      -0.880070448
    ]
  },
  {
    "timeStamp": 172197,
    "rotation": [
      [
        0.69442445,
        -0.0201959051,
        0.7192821
      ],
      [
        -0.567493141,
        -0.6299575,
        0.5301934
      ],
      [
        0.4424094,
        -0.776366949,
        -0.448918939
      ]
    ],
    "translation": [
      1.65886807,
      1.14467359,
      -0.89881146
    ]
  },
  {
    "timeStamp": 172253,
    "rotation": [
      [
        0.7468733,
        -0.05708175,
        0.662511766
      ],
      [
        -0.5396061,
        -0.634250939,
        0.5536705
      ],
      [
        0.3885942,
        -0.771017134,
        -0.504506767
      ]
    ],
    "translation": [
      1.70928478,
      1.14444542,
      -0.9253083
    ]
  },
  {
    "timeStamp": 172297,
    "rotation": [
      [
        0.8340603,
        -0.00369311241,
        0.5516609
      ],
      [
        -0.425722748,
        -0.6402889,
        0.6393671
      ],
      [
        0.350861043,
        -0.7681253,
        -0.5356118
      ]
    ],
    "translation": [
      1.75164366,
      1.14306009,
      -0.947498739
    ]
  },
  {
    "timeStamp": 172353,
    "rotation": [
      [
        0.9068805,
        0.08495874,
        0.412734538
      ],
      [
        -0.28389892,
        -0.6006233,
        0.747431
      ],
      [
        0.311398774,
        -0.795005441,
        -0.520573854
      ]
    ],
    "translation": [
      1.80759072,
      1.1348424,
      -0.97365427
    ]
  },
  {
    "timeStamp": 172397,
    "rotation": [
      [
        0.944108069,
        0.0968088657,
        0.3150999
      ],
      [
        -0.211681932,
        -0.554706,
        0.8046689
      ],
      [
        0.252686858,
        -0.8263954,
        -0.5032097
      ]
    ],
    "translation": [
      1.85764122,
      1.12711906,
      -0.9896083
    ]
  },
  {
    "timeStamp": 172456,
    "rotation": [
      [
        0.975168765,
        0.09866375,
        0.198270887
      ],
      [
        -0.128741413,
        -0.4759102,
        0.8700202
      ],
      [
        0.1801986,
        -0.8739422,
        -0.451390624
      ]
    ],
    "translation": [
      1.923567,
      1.11322963,
      -1.005347
    ]
  },
  {
    "timeStamp": 172496,
    "rotation": [
      [
        0.985136747,
        0.136462212,
        0.104324669
      ],
      [
        -0.0375170074,
        -0.4217452,
        0.9059379
      ],
      [
        0.167624712,
        -0.8963867,
        -0.410357058
      ]
    ],
    "translation": [
      1.969473,
      1.10566878,
      -1.0123719
    ]
  },
  {
    "timeStamp": 172552,
    "rotation": [
      [
        0.98943764,
        0.144630626,
        0.009756491
      ],
      [
        0.04782327,
        -0.3892202,
        0.9199025
      ],
      [
        0.1368435,
        -0.9097196,
        -0.392025828
      ]
    ],
    "translation": [
      2.02649,
      1.10226893,
      -1.00981355
    ]
  },
  {
    "timeStamp": 172596,
    "rotation": [
      [
        0.985288,
        0.159554929,
        -0.0612347461
      ],
      [
        0.117075145,
        -0.369125336,
        0.9219761
      ],
      [
        0.124502532,
        -0.915581048,
        -0.3823747
      ]
    ],
    "translation": [
      2.067633,
      1.10139048,
      -0.9997475
    ]
  },
  {
    "timeStamp": 172652,
    "rotation": [
      [
        0.9681979,
        0.210807547,
        -0.134733051
      ],
      [
        0.202975273,
        -0.347021163,
        0.9156295
      ],
      [
        0.1462664,
        -0.913858056,
        -0.3787739
      ]
    ],
    "translation": [
      2.10720825,
      1.09921658,
      -0.978728
    ]
  },
  {
    "timeStamp": 172696,
    "rotation": [
      [
        0.9624643,
        0.215248883,
        -0.165319
      ],
      [
        0.23251076,
        -0.339708269,
        0.911338031
      ],
      [
        0.140004262,
        -0.915568769,
        -0.377004772
      ]
    ],
    "translation": [
      2.13504887,
      1.09475839,
      -0.9560235
    ]
  },
  {
    "timeStamp": 172752,
    "rotation": [
      [
        0.954458833,
        0.242475867,
        -0.173821181
      ],
      [
        0.25131765,
        -0.339491636,
        0.9064132
      ],
      [
        0.1607725,
        -0.9088184,
        -0.384969264
      ]
    ],
    "translation": [
      2.160004,
      1.08580422,
      -0.9229975
    ]
  },
  {
    "timeStamp": 172796,
    "rotation": [
      [
        0.9578722,
        0.242422238,
        -0.15398781
      ],
      [
        0.230640158,
        -0.329830945,
        0.9154325
      ],
      [
        0.171131253,
        -0.912383139,
        -0.371848226
      ]
    ],
    "translation": [
      2.17420149,
      1.07315576,
      -0.895445
    ]
  },
  {
    "timeStamp": 172852,
    "rotation": [
      [
        0.9404107,
        0.288617939,
        -0.179798529
      ],
      [
        0.265191466,
        -0.2915353,
        0.9190651
      ],
      [
        0.212841064,
        -0.9119797,
        -0.3507019
      ]
    ],
    "translation": [
      2.18723583,
      1.05297339,
      -0.8620017
    ]
  },
  {
    "timeStamp": 172897,
    "rotation": [
      [
        0.9298302,
        0.317808837,
        -0.185508415
      ],
      [
        0.270920038,
        -0.25005284,
        0.929556847
      ],
      [
        0.249034479,
        -0.914588,
        -0.31860745
      ]
    ],
    "translation": [
      2.19206762,
      1.03565764,
      -0.838289559
    ]
  },
  {
    "timeStamp": 172953,
    "rotation": [
      [
        0.9182911,
        0.356511,
        -0.172166914
      ],
      [
        0.264603525,
        -0.229192972,
        0.936726
      ],
      [
        0.294493645,
        -0.905743062,
        -0.3047999
      ]
    ],
    "translation": [
      2.193829,
      1.02228487,
      -0.813486159
    ]
  },
  {
    "timeStamp": 173001,
    "rotation": [
      [
        0.9096355,
        0.377861828,
        -0.172579989
      ],
      [
        0.265812,
        -0.210191548,
        0.9408313
      ],
      [
        0.3192294,
        -0.9016873,
        -0.2916379
      ]
    ],
    "translation": [
      2.19536614,
      1.01507735,
      -0.7986942
    ]
  },
  {
    "timeStamp": 173047,
    "rotation": [
      [
        0.9111756,
        0.381028026,
        -0.156769216
      ],
      [
        0.247978374,
        -0.203294381,
        0.9471949
      ],
      [
        0.3290375,
        -0.901936233,
        -0.279723585
      ]
    ],
    "translation": [
      2.1980803,
      1.00994062,
      -0.7838979
    ]
  },
  {
    "timeStamp": 173103,
    "rotation": [
      [
        0.910532236,
        0.383006275,
        -0.155683026
      ],
      [
        0.244218484,
        -0.194423124,
        0.950029969
      ],
      [
        0.333599061,
        -0.903053641,
        -0.270565748
      ]
    ],
    "translation": [
      2.20156479,
      1.0062139,
      -0.7752452
    ]
  },
  {
    "timeStamp": 173147,
    "rotation": [
      [
        0.916645348,
        0.369042367,
        -0.153522253
      ],
      [
        0.237638026,
        -0.194342285,
        0.95171386
      ],
      [
        0.321386874,
        -0.908866763,
        -0.265841454
      ]
    ],
    "translation": [
      2.20573187,
      1.00314784,
      -0.770359159
    ]
  },
  {
    "timeStamp": 173203,
    "rotation": [
      [
        0.921687067,
        0.352171361,
        -0.162690789
      ],
      [
        0.2377133,
        -0.181295007,
        0.9542665
      ],
      [
        0.3065703,
        -0.918208838,
        -0.250813067
      ]
    ],
    "translation": [
      2.211104,
      0.997149765,
      -0.766128361
    ]
  },
  {
    "timeStamp": 173247,
    "rotation": [
      [
        0.9313083,
        0.3360986,
        -0.1403653
      ],
      [
        0.20945321,
        -0.178907722,
        0.9613123
      ],
      [
        0.2979833,
        -0.924678147,
        -0.2370152
      ]
    ],
    "translation": [
      2.21112442,
      0.98966,
      -0.762779832
    ]
  },
  {
    "timeStamp": 173303,
    "rotation": [
      [
        0.9469131,
        0.314397454,
        -0.06715501
      ],
      [
        0.132410347,
        -0.191049755,
        0.9726086
      ],
      [
        0.292955726,
        -0.929867864,
        -0.222536981
      ]
    ],
    "translation": [
      2.20412564,
      0.9807729,
      -0.7588372
    ]
  },
  {
    "timeStamp": 173347,
    "rotation": [
      [
        0.943522751,
        0.330466241,
        -0.023596812
      ],
      [
        0.094723165,
        -0.200824454,
        0.975037
      ],
      [
        0.317478,
        -0.922204733,
        -0.22078526
      ]
    ],
    "translation": [
      2.19651651,
      0.9781649,
      -0.757377
    ]
  },
  {
    "timeStamp": 173402,
    "rotation": [
      [
        0.949951768,
        0.310130954,
        0.037555933
      ],
      [
        0.0368057452,
        -0.23049055,
        0.972378254
      ],
      [
        0.3102209,
        -0.922330141,
        -0.2303695
      ]
    ],
    "translation": [
      2.19306517,
      0.9768135,
      -0.7539604
    ]
  },
  {
    "timeStamp": 173448,
    "rotation": [
      [
        0.94775033,
        0.315304965,
        0.0484980233
      ],
      [
        0.0279979557,
        -0.233650446,
        0.97191745
      ],
      [
        0.317781985,
        -0.9197772,
        -0.230270177
      ]
    ],
    "translation": [
      2.19549537,
      0.9718864,
      -0.7530021
    ]
  },
  {
    "timeStamp": 173494,
    "rotation": [
      [
        0.9477321,
        0.316661716,
        0.0391060226
      ],
      [
        0.033073958,
        -0.219402909,
        0.9750736
      ],
      [
        0.31734845,
        -0.922815144,
        -0.218408436
      ]
    ],
    "translation": [
      2.20281315,
      0.962978,
      -0.753045857
    ]
  },
  {
    "timeStamp": 173551,
    "rotation": [
      [
        0.9345006,
        0.354863167,
        -0.0279427357
      ],
      [
        0.09211012,
        -0.165243447,
        0.9819421
      ],
      [
        0.343837738,
        -0.9201993,
        -0.18710658
      ]
    ],
    "translation": [
      2.2138083,
      0.948519468,
      -0.7540882
    ]
  },
  {
    "timeStamp": 173596,
    "rotation": [
      [
        0.9261455,
        0.374001116,
        -0.04876239
      ],
      [
        0.111070551,
        -0.1468956,
        0.982896268
      ],
      [
        0.360441327,
        -0.915721,
        -0.177587211
      ]
    ],
    "translation": [
      2.22035336,
      0.939816654,
      -0.7539731
    ]
  },
  {
    "timeStamp": 173653,
    "rotation": [
      [
        0.9281705,
        0.363380879,
        -0.08033591
      ],
      [
        0.139454857,
        -0.1394679,
        0.9803576
      ],
      [
        0.345038921,
        -0.9211423,
        -0.1801252
      ]
    ],
    "translation": [
      2.23078465,
      0.9325608,
      -0.749479532
    ]
  },
  {
    "timeStamp": 173696,
    "rotation": [
      [
        0.9264642,
        0.358533263,
        -0.114533737
      ],
      [
        0.171102792,
        -0.130154863,
        0.9766184
      ],
      [
        0.335243076,
        -0.924399,
        -0.181929871
      ]
    ],
    "translation": [
      2.23871017,
      0.926709652,
      -0.744522333
    ]
  },
  {
    "timeStamp": 173752,
    "rotation": [
      [
        0.919453561,
        0.3542964,
        -0.170526341
      ],
      [
        0.227152109,
        -0.1246201,
        0.965852857
      ],
      [
        0.32094717,
        -0.926792264,
        -0.195061564
      ]
    ],
    "translation": [
      2.24519348,
      0.9204287,
      -0.735522151
    ]
  },
  {
    "timeStamp": 173796,
    "rotation": [
      [
        0.9285686,
        0.345466942,
        -0.135694087
      ],
      [
        0.192727238,
        -0.136342764,
        0.9717339
      ],
      [
        0.317201048,
        -0.928473532,
        -0.19318451
      ]
    ],
    "translation": [
      2.242215,
      0.915031254,
      -0.730100751
    ]
  },
  {
    "timeStamp": 173852,
    "rotation": [
      [
        0.9232793,
        0.3554558,
        -0.145624965
      ],
      [
        0.198090926,
        -0.115776017,
        0.9733221
      ],
      [
        0.3291131,
        -0.9274951,
        -0.17730616
      ]
    ],
    "translation": [
      2.23719621,
      0.9061805,
      -0.725715935
    ]
  },
  {
    "timeStamp": 173896,
    "rotation": [
      [
        0.91451025,
        0.3781828,
        -0.143696889
      ],
      [
        0.194684714,
        -0.100027345,
        0.975752234
      ],
      [
        0.354639083,
        -0.920311,
        -0.165102452
      ]
    ],
    "translation": [
      2.23157763,
      0.8994139,
      -0.725311
    ]
  },
  {
    "timeStamp": 173952,
    "rotation": [
      [
        0.9020896,
        0.39467445,
        -0.174546361
      ],
      [
        0.2209347,
        -0.07493009,
        0.97240597
      ],
      [
        0.370705038,
        -0.915760636,
        -0.154790938
      ]
    ],
    "translation": [
      2.23104453,
      0.891075969,
      -0.726318
    ]
  },
  {
    "timeStamp": 173996,
    "rotation": [
      [
        0.8939288,
        0.400943,
        -0.20033972
      ],
      [
        0.24465616,
        -0.0619816668,
        0.9676268
      ],
      [
        0.37554583,
        -0.914003849,
        -0.153500378
      ]
    ],
    "translation": [
      2.23460054,
      0.8859125,
      -0.727541864
    ]
  },
  {
    "timeStamp": 174052,
    "rotation": [
      [
        0.894930065,
        0.3950088,
        -0.207529038
      ],
      [
        0.248374656,
        -0.0546108149,
        0.9671234
      ],
      [
        0.370688915,
        -0.917052746,
        -0.146983027
      ]
    ],
    "translation": [
      2.23739767,
      0.881237447,
      -0.7291383
    ]
  },
  {
    "timeStamp": 174096,
    "rotation": [
      [
        0.894628763,
        0.3921952,
        -0.214061454
      ],
      [
        0.252032,
        -0.0473537929,
        0.9665596
      ],
      [
        0.3689434,
        -0.918662369,
        -0.141209811
      ]
    ],
    "translation": [
      2.23835421,
      0.877605438,
      -0.729897857
    ]
  },
  {
    "timeStamp": 174152,
    "rotation": [
      [
        0.895029247,
        0.387678355,
        -0.220517933
      ],
      [
        0.257283658,
        -0.04491431,
        0.96529156
      ],
      [
        0.364318222,
        -0.920699835,
        -0.139942929
      ]
    ],
    "translation": [
      2.24027681,
      0.874509037,
      -0.7298748
    ]
  },
  {
    "timeStamp": 174196,
    "rotation": [
      [
        0.8990509,
        0.383536637,
        -0.211204022
      ],
      [
        0.248547092,
        -0.0499355868,
        0.967331767
      ],
      [
        0.360460579,
        -0.922174633,
        -0.140221551
      ]
    ],
    "translation": [
      2.24000382,
      0.872063339,
      -0.7297757
    ]
  },
  {
    "timeStamp": 174252,
    "rotation": [
      [
        0.9003344,
        0.3798995,
        -0.212307185
      ],
      [
        0.250459731,
        -0.053355094,
        0.9666557
      ],
      [
        0.355904341,
        -0.9234878,
        -0.143186942
      ]
    ],
    "translation": [
      2.23902035,
      0.8701651,
      -0.728247046
    ]
  },
  {
    "timeStamp": 174296,
    "rotation": [
      [
        0.8960605,
        0.384725183,
        -0.221499592
      ],
      [
        0.2597451,
        -0.04973441,
        0.964395642
      ],
      [
        0.36001116,
        -0.9216903,
        -0.144495517
      ]
    ],
    "translation": [
      2.23903418,
      0.8688669,
      -0.7276455
    ]
  },
  {
    "timeStamp": 174352,
    "rotation": [
      [
        0.899981856,
        0.372698635,
        -0.226115689
      ],
      [
        0.265838832,
        -0.0581365079,
        0.962262869
      ],
      [
        0.3454885,
        -0.9261295,
        -0.151399568
      ]
    ],
    "translation": [
      2.24186468,
      0.8674374,
      -0.7272272
    ]
  },
  {
    "timeStamp": 174396,
    "rotation": [
      [
        0.894609,
        0.376541734,
        -0.240605608
      ],
      [
        0.277824968,
        -0.0469744131,
        0.9594825
      ],
      [
        0.3499829,
        -0.9252079,
        -0.146636426
      ]
    ],
    "translation": [
      2.24391842,
      0.863562,
      -0.7283605
    ]
  },
  {
    "timeStamp": 174452,
    "rotation": [
      [
        0.9038679,
        0.3623318,
        -0.22746098
      ],
      [
        0.2568111,
        -0.0343042836,
        0.9658526
      ],
      [
        0.342156231,
        -0.931417644,
        -0.124057375
      ]
    ],
    "translation": [
      2.24501181,
      0.85775733,
      -0.73082155
    ]
  },
  {
    "timeStamp": 174496,
    "rotation": [
      [
        0.888757765,
        0.380309045,
        -0.255880058
      ],
      [
        0.28103146,
        -0.0110898893,
        0.9596345
      ],
      [
        0.36212,
        -0.924792945,
        -0.116735041
      ]
    ],
    "translation": [
      2.24601483,
      0.853761,
      -0.7330276
    ]
  }
]