[
  {
    "timeStamp": 210757,
    "rotation": [
      [
        0.5445367,
        -0.4701997,
        0.6945445
      ],
      [
        0.5770549,
        0.8109726,
        0.09659779
      ],
      [
        -0.6086768,
        0.3481893,
        0.7129353
      ]
    ],
    "translation": [
      1.584517,
      0.7039701,
      -0.3565091
    ]
  },
  {
    "timeStamp": 210813,
    "rotation": [
      [
        0.531158447,
        -0.4305081,
        0.729748964
      ],
      [
        0.5816364,
        0.8115589,
        0.05541852
      ],
      [
        -0.6160924,
        0.395012558,
        0.681465566
      ]
    ],
    "translation": [
      1.58330667,
      0.707016051,
      -0.3556576
    ]
  },
  {
    "timeStamp": 210857,
    "rotation": [
      [
        0.550770462,
        -0.417726785,
        0.7226038
      ],
      [
        0.542485952,
        0.8371068,
        0.07043515
      ],
      [
        -0.634319246,
        0.3532088,
        0.6876646
      ]
    ],
    "translation": [
      1.57922435,
      0.711835,
      -0.3519119
    ]
  },
  {
    "timeStamp": 210913,
    "rotation": [
      [
        0.579953134,
        -0.370917529,
        0.725309968
      ],
      [
        0.467173517,
        0.880815744,
        0.0768929943
      ],
      [
        -0.6673854,
        0.294251263,
        0.6841147
      ]
    ],
    "translation": [
      1.5698303,
      0.7412522,
      -0.3531335
    ]
  },
  {
    "timeStamp": 210956,
    "rotation": [
      [
        0.6120783,
        -0.332498,
        0.717499256
      ],
      [
        0.3948866,
        0.914604,
        0.08697219
      ],
      [
        -0.685145736,
        0.230097041,
        0.6911083
      ]
    ],
    "translation": [
      1.56185186,
      0.773333132,
      -0.3598215
    ]
  },
  {
    "timeStamp": 211011,
    "rotation": [
      [
        0.6534155,
        -0.2562306,
        0.7123161
      ],
      [
        0.2831173,
        0.9554028,
        0.08396581
      ],
      [
        -0.7020633,
        0.146804422,
        0.696818233
      ]
    ],
    "translation": [
      1.55533206,
      0.82469666,
      -0.3800313
    ]
  },
  {
    "timeStamp": 211055,
    "rotation": [
      [
        0.6648472,
        -0.170287579,
        0.7273104
      ],
      [
        0.172548756,
        0.9823462,
        0.0722701
      ],
      [
        -0.726777256,
        0.0774479359,
        0.682493
      ]
    ],
    "translation": [
      1.55836356,
      0.875440538,
      -0.402549535
    ]
  },
  {
    "timeStamp": 211111,
    "rotation": [
      [
        0.6431928,
        -0.0297076534,
        0.7651277
      ],
      [
        0.0353532471,
        0.99933356,
        0.00908201747
      ],
      [
        -0.764887631,
        0.0212082583,
        0.643814445
      ]
    ],
    "translation": [
      1.5694201,
      0.9397083,
      -0.439977974
    ]
  },
  {
    "timeStamp": 211155,
    "rotation": [
      [
        0.6352411,
        0.0623181127,
        0.7697956
      ],
      [
        -0.04772929,
        0.9980017,
        -0.0414057672
      ],
      [
        -0.770837665,
        -0.0104391519,
        0.636946142
      ]
    ],
    "translation": [
      1.57808971,
      0.9862713,
      -0.477930516
    ]
  },
  {
    "timeStamp": 211211,
    "rotation": [
      [
        0.63613075,
        0.113255359,
        0.763224
      ],
      [
        -0.08276489,
        0.9934773,
        -0.07844007
      ],
      [
        -0.7671294,
        -0.0132700047,
        0.641355038
      ]
    ],
    "translation": [
      1.58976066,
      1.02767277,
      -0.5302916
    ]
  },
  {
    "timeStamp": 211255,
    "rotation": [
      [
        0.624909043,
        0.17313239,
        0.761258066
      ],
      [
        -0.102968529,
        0.9848596,
        -0.139460087
      ],
      [
        -0.7738774,
        0.008764244,
        0.633274853
      ]
    ],
    "translation": [
      1.60225785,
      1.05120337,
      -0.573887765
    ]
  },
  {
    "timeStamp": 211311,
    "rotation": [
      [
        0.638415754,
        0.2017092,
        0.7427912
      ],
      [
        -0.08175931,
        0.977362156,
        -0.19513762
      ],
      [
        -0.765337,
        0.06384884,
        0.640455
      ]
    ],
    "translation": [
      1.61942816,
      1.06655419,
      -0.6275717
    ]
  },
  {
    "timeStamp": 211356,
    "rotation": [
      [
        0.628663838,
        0.177460834,
        0.757158756
      ],
      [
        -0.0603755,
        0.9818146,
        -0.1799857
      ],
      [
        -0.775329947,
        0.0674366653,
        0.627945662
      ]
    ],
    "translation": [
      1.64156008,
      1.07423735,
      -0.6657778
    ]
  },
  {
    "timeStamp": 211412,
    "rotation": [
      [
        0.5691644,
        0.220807359,
        0.792020142
      ],
      [
        -0.03764684,
        0.9692542,
        -0.243164554
      ],
      [
        -0.821361363,
        0.108583555,
        0.5599777
      ]
    ],
    "translation": [
      1.67847431,
      1.07906258,
      -0.7047754
    ]
  },
  {
    "timeStamp": 211457,
    "rotation": [
      [
        0.5113005,
        0.215193257,
        0.832023859
      ],
      [
        -0.0176781435,
        0.9705715,
        -0.2401633
      ],
      [
        -0.8592202,
        0.108086981,
        0.500057936
      ]
    ],
    "translation": [
      1.71257269,
      1.08240747,
      -0.730653346
    ]
  },
  {
    "timeStamp": 211512,
    "rotation": [
      [
        0.431448668,
        0.191960976,
        0.8814777
      ],
      [
        -0.006736508,
        0.977757454,
        -0.209630713
      ],
      [
        -0.9021123,
        0.08450681,
        0.4231453
      ]
    ],
    "translation": [
      1.75748324,
      1.09069252,
      -0.755624652
    ]
  },
  {
    "timeStamp": 211557,
    "rotation": [
      [
        0.359680653,
        0.198573917,
        0.9117007
      ],
      [
        -0.0250909589,
        0.9787972,
        -0.203289151
      ],
      [
        -0.932738,
        0.0502437279,
        0.357036829
      ]
    ],
    "translation": [
      1.7930907,
      1.101263,
      -0.7714105
    ]
  },
  {
    "timeStamp": 211612,
    "rotation": [
      [
        0.277990967,
        0.16114369,
        0.9469708
      ],
      [
        -0.04680499,
        0.9869299,
        -0.154203445
      ],
      [
        -0.9594427,
        -0.00145579467,
        0.281899929
      ]
    ],
    "translation": [
      1.83739579,
      1.11547315,
      -0.787322938
    ]
  },
  {
    "timeStamp": 211657,
    "rotation": [
      [
        0.221565992,
        0.146562442,
        0.9640684
      ],
      [
        -0.0594776,
        0.9888312,
        -0.136657625
      ],
      [
        -0.973329842,
        -0.0270617958,
        0.227808535
      ]
    ],
    "translation": [
      1.87067854,
      1.1236378,
      -0.797014236
    ]
  },
  {
    "timeStamp": 211712,
    "rotation": [
      [
        0.153075337,
        0.1533363,
        0.9762458
      ],
      [
        -0.07837134,
        0.9866607,
        -0.142683521
      ],
      [
        -0.985101938,
        -0.0546683632,
        0.163050592
      ]
    ],
    "translation": [
      1.9105103,
      1.13036764,
      -0.8062726
    ]
  },
  {
    "timeStamp": 211757,
    "rotation": [
      [
        0.111664318,
        0.156052157,
        0.9814167
      ],
      [
        -0.10390427,
        0.9840133,
        -0.144642949
      ],
      [
        -0.9882991,
        -0.085821934,
        0.126093671
      ]
    ],
    "translation": [
      1.9413358,
      1.13551044,
      -0.811248064
    ]
  },
  {
    "timeStamp": 211812,
    "rotation": [
      [
        0.09423184,
        0.135092,
        0.986342
      ],
      [
        -0.118108578,
        0.9852706,
        -0.123661563
      ],
      [
        -0.9885195,
        -0.104842596,
        0.10879939
      ]
    ],
    "translation": [
      1.97489381,
      1.13734317,
      -0.8146159
    ]
  },
  {
    "timeStamp": 211857,
    "rotation": [
      [
        0.07595935,
        0.116668023,
        0.990262
      ],
      [
        -0.116336167,
        0.987385452,
        -0.1074054
      ],
      [
        -0.990301,
        -0.107044838,
        0.08857386
      ]
    ],
    "translation": [
      2.002747,
      1.136014,
      -0.8158733
    ]
  },
  {
    "timeStamp": 211912,
    "rotation": [
      [
        0.0452409126,
        0.123584412,
        0.991302252
      ],
      [
        -0.124233983,
        0.985311,
        -0.117167711
      ],
      [
        -0.9912211,
        -0.117852643,
        0.05992975
      ]
    ],
    "translation": [
      2.03784728,
      1.13565624,
      -0.816662967
    ]
  },
  {
    "timeStamp": 211957,
    "rotation": [
      [
        0.03639169,
        0.100257248,
        0.9942958
      ],
      [
        -0.11906486,
        0.988302767,
        -0.09529513
      ],
      [
        -0.9922193,
        -0.11491774,
        0.0479031242
      ]
    ],
    "translation": [
      2.06348,
      1.13466847,
      -0.8162486
    ]
  },
  {
    "timeStamp": 212012,
    "rotation": [
      [
        0.03168242,
        0.07066729,
        0.996996641
      ],
      [
        -0.10769362,
        0.991931558,
        -0.06688601
      ],
      [
        -0.993679166,
        -0.105251074,
        0.0390372127
      ]
    ],
    "translation": [
      2.092651,
      1.13218224,
      -0.813404262
    ]
  },
  {
    "timeStamp": 212057,
    "rotation": [
      [
        0.0305072442,
        0.062968336,
        0.9975491
      ],
      [
        -0.107026532,
        0.9924817,
        -0.05937535
      ],
      [
        -0.993788064,
        -0.104952857,
        0.0370171629
      ]
    ],
    "translation": [
      2.113671,
      1.13044643,
      -0.8100869
    ]
  },
  {
    "timeStamp": 212112,
    "rotation": [
      [
        0.0487722941,
        0.0437102951,
        0.997853041
      ],
      [
        -0.09038657,
        0.995136,
        -0.03917343
      ],
      [
        -0.9947118,
        -0.08828194,
        0.05248589
      ]
    ],
    "translation": [
      2.135519,
      1.12431228,
      -0.8044981
    ]
  },
  {
    "timeStamp": 212157,
    "rotation": [
      [
        0.0709822,
        0.0146874292,
        0.9973694
      ],
      [
        -0.06947623,
        0.997536,
        -0.009745299
      ],
      [
        -0.9950551,
        -0.06860173,
        0.0718277246
      ]
    ],
    "translation": [
      2.15028358,
      1.11711371,
      -0.7987741
    ]
  },
  {
    "timeStamp": 212212,
    "rotation": [
      [
        0.098155804,
        -0.005148112,
        0.9951578
      ],
      [
        -0.0280356761,
        0.999575436,
        0.00793622
      ],
      [
        -0.99477607,
        -0.0286789052,
        0.0979698
      ]
    ],
    "translation": [
      2.16583157,
      1.10592175,
      -0.790337
    ]
  },
  {
    "timeStamp": 212256,
    "rotation": [
      [
        0.105405532,
        -0.0252071917,
        0.9941098
      ],
      [
        -0.0209282618,
        0.999401033,
        0.0275603831
      ],
      [
        -0.9942091,
        -0.0237100087,
        0.10481485
      ]
    ],
    "translation": [
      2.1776588,
      1.098844,
      -0.784485161
    ]
  },
  {
    "timeStamp": 212312,
    "rotation": [
      [
        0.122585766,
        -0.039511662,
        0.9916711
      ],
      [
        0.013329003,
        0.9991826,
        0.03816328
      ],
      [
        -0.9923684,
        0.008539713,
        0.123012222
      ]
    ],
    "translation": [
      2.18754315,
      1.08739591,
      -0.778334558
    ]
  },
  {
    "timeStamp": 212356,
    "rotation": [
      [
        0.130910426,
        -0.0495054349,
        0.9901574
      ],
      [
        0.0263866466,
        0.998572648,
        0.04643755
      ],
      [
        -0.991043,
        0.0200477727,
        0.132029846
      ]
    ],
    "translation": [
      2.19251943,
      1.080735,
      -0.7741329
    ]
  },
  {
    "timeStamp": 212412,
    "rotation": [
      [
        0.149423659,
        -0.0430622026,
        0.987835169
      ],
      [
        0.05954214,
        0.99763006,
        0.03448262
      ],
      [
        -0.9869788,
        0.0536652952,
        0.151633546
      ]
    ],
    "translation": [
      2.19381618,
      1.06976151,
      -0.770662844
    ]
  },
  {
    "timeStamp": 212456,
    "rotation": [
      [
        0.162744015,
        -0.0496452637,
        0.985418558
      ],
      [
        0.0702067,
        0.9967845,
        0.0386230871
      ],
      [
        -0.9841674,
        0.06289731,
        0.165706143
      ]
    ],
    "translation": [
      2.19429827,
      1.06316674,
      -0.767225862
    ]
  },
  {
    "timeStamp": 212512,
    "rotation": [
      [
        0.195953175,
        -0.04656829,
        0.9795069
      ],
      [
        0.112994015,
        0.993290663,
        0.0246188249
      ],
      [
        -0.974081457,
        0.10585428,
        0.199900389
      ]
    ],
    "translation": [
      2.19121981,
      1.04936969,
      -0.7637731
    ]
  },
  {
    "timeStamp": 212556,
    "rotation": [
      [
        0.201152742,
        -0.04070457,
        0.978713751
      ],
      [
        0.115826875,
        0.993115246,
        0.0174979027
      ],
      [
        -0.9726879,
        0.109841615,
        0.204482526
      ]
    ],
    "translation": [
      2.19215536,
      1.04186893,
      -0.7596032
    ]
  },
  {
    "timeStamp": 212612,
    "rotation": [
      [
        0.212496534,
        0.00856117252,
        0.977124333
      ],
      [
        0.132630929,
        0.9904551,
        -0.0375213958
      ],
      [
        -0.968118966,
        0.137570068,
        0.2093328
      ]
    ],
    "translation": [
      2.19288754,
      1.02913046,
      -0.7535726
    ]
  },
  {
    "timeStamp": 212656,
    "rotation": [
      [
        0.221881285,
        0.0404330939,
        0.974235
      ],
      [
        0.139207438,
        0.987591565,
        -0.07269181
      ],
      [
        -0.965085447,
        0.1517497,
        0.213499516
      ]
    ],
    "translation": [
      2.19381547,
      1.01940918,
      -0.7458625
    ]
  },
  {
    "timeStamp": 212712,
    "rotation": [
      [
        0.292118,
        0.113153942,
        0.9496648
      ],
      [
        0.206907541,
        0.9619824,
        -0.178266615
      ],
      [
        -0.93373245,
        0.2485677,
        0.25759998
      ]
    ],
    "translation": [
      2.18676972,
      0.99441725,
      -0.7339523
    ]
  },
  {
    "timeStamp": 212756,
    "rotation": [
      [
        0.32436043,
        0.04406397,
        0.944906652
      ],
      [
        0.240999833,
        0.9621012,
        -0.127594411
      ],
      [
        -0.9147182,
        0.269108951,
        0.301448166
      ]
    ],
    "translation": [
      2.18746328,
      0.976904,
      -0.717834949
    ]
  },
  {
    "timeStamp": 212807,
    "rotation": [
      [
        0.360234082,
        0.124520488,
        0.924513936
      ],
      [
        0.288268477,
        0.927687347,
        -0.237270862
      ],
      [
        -0.887204945,
        0.351981252,
        0.298289269
      ]
    ],
    "translation": [
      2.18583131,
      0.957536042,
      -0.7020258
    ]
  },
  {
    "timeStamp": 212862,
    "rotation": [
      [
        0.400671571,
        0.122715034,
        0.907966554
      ],
      [
        0.301032156,
        0.918342054,
        -0.256958157
      ],
      [
        -0.8653565,
        0.37628296,
        0.331012368
      ]
    ],
    "translation": [
      2.18525052,
      0.9380044,
      -0.6746967
    ]
  },
  {
    "timeStamp": 212907,
    "rotation": [
      [
        0.3933702,
        0.0716178,
        0.916586459
      ],
      [
        0.349237353,
        0.910592437,
        -0.221031174
      ],
      [
        -0.85046643,
        0.4070533,
        0.3331883
      ]
    ],
    "translation": [
      2.187057,
      0.922862649,
      -0.660900652
    ]
  },
  {
    "timeStamp": 212962,
    "rotation": [
      [
        0.414304644,
        0.0103006558,
        0.91008
      ],
      [
        0.386829853,
        0.9031316,
        -0.186322346
      ],
      [
        -0.8238412,
        0.429240316,
        0.370187
      ]
    ],
    "translation": [
      2.18320584,
      0.9096773,
      -0.6501273
    ]
  },
  {
    "timeStamp": 213006,
    "rotation": [
      [
        0.399944067,
        -0.0120935971,
        0.916459739
      ],
      [
        0.4115116,
        0.8958314,
        -0.167762727
      ],
      [
        -0.8189646,
        0.4442295,
        0.363259077
      ]
    ],
    "translation": [
      2.18203068,
      0.9014493,
      -0.6460518
    ]
  },
  {
    "timeStamp": 213062,
    "rotation": [
      [
        0.396053672,
        -0.0667032748,
        0.9158014
      ],
      [
        0.440477937,
        0.8889133,
        -0.125747219
      ],
      [
        -0.8056803,
        0.453192949,
        0.3814387
      ]
    ],
    "translation": [
      2.17997146,
      0.893821,
      -0.644189537
    ]
  },
  {
    "timeStamp": 213106,
    "rotation": [
      [
        0.377885759,
        -0.06398917,
        0.923638344
      ],
      [
        0.449236184,
        0.884977162,
        -0.122484088
      ],
      [
        -0.809561133,
        0.461216748,
        0.3631665
      ]
    ],
    "translation": [
      2.18112516,
      0.889532745,
      -0.643856347
    ]
  },
  {
    "timeStamp": 213162,
    "rotation": [
      [
        0.367425531,
        -0.0449019969,
        0.92896837
      ],
      [
        0.45857206,
        0.877727032,
        -0.138949171
      ],
      [
        -0.8091416,
        0.47705242,
        0.343090117
      ]
    ],
    "translation": [
      2.18101358,
      0.8844877,
      -0.6448089
    ]
  },
  {
    "timeStamp": 213207,
    "rotation": [
      [
        0.3717079,
        -0.06966425,
        0.925732255
      ],
      [
        0.465709716,
        0.876622438,
        -0.121027142
      ],
      [
        -0.8030864,
        0.476109236,
        0.358290762
      ]
    ],
    "translation": [
      2.179201,
      0.8812944,
      -0.645328
    ]
  },
  {
    "timeStamp": 213263,
    "rotation": [
      [
        0.3778514,
        -0.06329288,
        0.9237004
      ],
      [
        0.469740152,
        0.872828,
        -0.132346123
      ],
      [
        -0.797855,
        0.483906329,
        0.359530449
      ]
    ],
    "translation": [
      2.17590666,
      0.8757144,
      -0.64484
    ]
  },
  {
    "timeStamp": 213309,
    "rotation": [
      [
        0.38178122,
        -0.07786467,
        0.9209669
      ],
      [
        0.480552733,
        0.8678912,
        -0.1258329
      ],
      [
        -0.7895012,
        0.490613848,
        0.3687626
      ]
    ],
    "translation": [
      2.17424917,
      0.8699748,
      -0.6429496
    ]
  },
  {
    "timeStamp": 213355,
    "rotation": [
      [
        0.39426,
        -0.0839388743,
        0.915157557
      ],
      [
        0.4867325,
        0.863753557,
        -0.130465671
      ],
      [
        -0.779519439,
        0.496874332,
        0.3813992
      ]
    ],
    "translation": [
      2.17213345,
      0.864714146,
      -0.640595436
    ]
  },
  {
    "timeStamp": 213411,
    "rotation": [
      [
        0.384971559,
        -0.09868646,
        0.9176371
      ],
      [
        0.48865518,
        0.865265,
        -0.111948848
      ],
      [
        -0.7829515,
        0.491505235,
        0.381326079
      ]
    ],
    "translation": [
      2.17172861,
      0.8608515,
      -0.6344731
    ]
  },
  {
    "timeStamp": 213456,
    "rotation": [
      [
        0.353781343,
        -0.118464284,
        0.927795768
      ],
      [
        0.491608083,
        0.8674322,
        -0.0767001063
      ],
      [
        -0.795713663,
        0.483246952,
        0.365119338
      ]
    ],
    "translation": [
      2.17597485,
      0.861603856,
      -0.629516065
    ]
  }
]