[
  {
    "timeStamp": 225195,
    "rotation": [
      [
        0.938661754,
        0.335037619,
        -0.08163272
      ],
      [
        -0.330114484,
        0.8046024,
        -0.4935984
      ],
      [
        -0.09969215,
        0.490270078,
        0.86585027
      ]
    ],
    "translation": [
      1.77835476,
      0.7276747,
      -0.7873142
    ]
  },
  {
    "timeStamp": 225250,
    "rotation": [
      [
        0.9499336,
        0.302124351,
        -0.07966842
      ],
      [
        -0.30153504,
        0.8196314,
        -0.487114936
      ],
      [
        -0.08187054,
        0.486749649,
        0.869696438
      ]
    ],
    "translation": [
      1.77791107,
      0.727114856,
      -0.7877806
    ]
  },
  {
    "timeStamp": 225295,
    "rotation": [
      [
        0.9294303,
        0.358939379,
        -0.0855674
      ],
      [
        -0.3548955,
        0.806048155,
        -0.47364068
      ],
      [
        -0.101036854,
        0.4705835,
        0.8765516
      ]
    ],
    "translation": [
      1.77305841,
      0.7325859,
      -0.784395635
    ]
  },
  {
    "timeStamp": 225350,
    "rotation": [
      [
        0.9089522,
        0.410738736,
        -0.0714112148
      ],
      [
        -0.405367225,
        0.830733538,
        -0.381522268
      ],
      [
        -0.0973822847,
        0.375733256,
        0.9215971
      ]
    ],
    "translation": [
      1.77128625,
      0.761163056,
      -0.7682405
    ]
  },
  {
    "timeStamp": 225395,
    "rotation": [
      [
        0.7709036,
        0.6367695,
        -0.01523892
      ],
      [
        -0.6205634,
        0.7454615,
        -0.243286282
      ],
      [
        -0.14355725,
        0.197006986,
        0.9698348
      ]
    ],
    "translation": [
      1.76147532,
      0.8000957,
      -0.747595668
    ]
  },
  {
    "timeStamp": 225451,
    "rotation": [
      [
        0.533351,
        0.8431763,
        0.0677523762
      ],
      [
        -0.833229542,
        0.537485838,
        -0.1297589
      ],
      [
        -0.145825565,
        0.0127537511,
        0.9892281
      ]
    ],
    "translation": [
      1.75514483,
      0.8566037,
      -0.7250152
    ]
  },
  {
    "timeStamp": 225495,
    "rotation": [
      [
        0.238386348,
        0.9605053,
        0.143531948
      ],
      [
        -0.968279064,
        0.246462375,
        -0.04113309
      ],
      [
        -0.0748837739,
        -0.129173413,
        0.988790452
      ]
    ],
    "translation": [
      1.74979544,
      0.9064847,
      -0.7067862
    ]
  },
  {
    "timeStamp": 225550,
    "rotation": [
      [
        -0.05262722,
        0.9741325,
        0.219764054
      ],
      [
        -0.994560659,
        -0.07093727,
        0.0762697
      ],
      [
        0.0898862556,
        -0.2145548,
        0.9725671
      ]
    ],
    "translation": [
      1.74899614,
      0.970313847,
      -0.6873693
    ]
  },
  {
    "timeStamp": 225595,
    "rotation": [
      [
        -0.311710715,
        0.9107939,
        0.270722955
      ],
      [
        -0.909390569,
        -0.3685462,
        0.192827567
      ],
      [
        0.2754001,
        -0.1860865,
        0.9431472
      ]
    ],
    "translation": [
      1.7523191,
      1.01890075,
      -0.6808362
    ]
  },
  {
    "timeStamp": 225650,
    "rotation": [
      [
        -0.350109756,
        0.8959461,
        0.27331984
      ],
      [
        -0.864727259,
        -0.421311975,
        0.273391664
      ],
      [
        0.3600971,
        -0.140630022,
        0.922254443
      ]
    ],
    "translation": [
      1.75649238,
      1.05217075,
      -0.677657068
    ]
  },
  {
    "timeStamp": 225695,
    "rotation": [
      [
        -0.351305157,
        0.895451248,
        0.2734076
      ],
      [
        -0.8472159,
        -0.428332716,
        0.314255118
      ],
      [
        0.398509562,
        -0.121235825,
        0.909116
      ]
    ],
    "translation": [
      1.75986552,
      1.07171762,
      -0.676973641
    ]
  },
  {
    "timeStamp": 225750,
    "rotation": [
      [
        -0.367203742,
        0.8930495,
        0.260046065
      ],
      [
        -0.8339872,
        -0.439909071,
        0.3330847
      ],
      [
        0.411857754,
        -0.09456513,
        0.9063281
      ]
    ],
    "translation": [
      1.76252985,
      1.08611882,
      -0.6770194
    ]
  },
  {
    "timeStamp": 225795,
    "rotation": [
      [
        -0.364521533,
        0.895686269,
        0.25469622
      ],
      [
        -0.832745552,
        -0.435954779,
        0.341288984
      ],
      [
        0.4167239,
        -0.08768998,
        0.9047937
      ]
    ],
    "translation": [
      1.76544464,
      1.09407353,
      -0.677912652
    ]
  },
  {
    "timeStamp": 225850,
    "rotation": [
      [
        -0.363049746,
        0.898075461,
        0.248304918
      ],
      [
        -0.8275202,
        -0.433253378,
        0.357074082
      ],
      [
        0.428258419,
        -0.07584167,
        0.9004681
      ]
    ],
    "translation": [
      1.77156067,
      1.10179818,
      -0.679317
    ]
  },
  {
    "timeStamp": 225895,
    "rotation": [
      [
        -0.361511379,
        0.8969558,
        0.254518867
      ],
      [
        -0.8239159,
        -0.435107052,
        0.363104016
      ],
      [
        0.4364312,
        -0.07843588,
        0.896312237
      ]
    ],
    "translation": [
      1.777868,
      1.10693848,
      -0.6803843
    ]
  },
  {
    "timeStamp": 225950,
    "rotation": [
      [
        -0.35356313,
        0.898591042,
        0.259860277
      ],
      [
        -0.8249017,
        -0.43050772,
        0.3663336
      ],
      [
        0.441055954,
        -0.08483713,
        0.89346087
      ]
    ],
    "translation": [
      1.78615868,
      1.11093533,
      -0.6806047
    ]
  },
  {
    "timeStamp": 225995,
    "rotation": [
      [
        -0.329103738,
        0.904562354,
        0.2710309
      ],
      [
        -0.837693453,
        -0.41214326,
        0.358340025
      ],
      [
        0.435844451,
        -0.109109767,
        0.893383861
      ]
    ],
    "translation": [
      1.79240644,
      1.11228466,
      -0.679229
    ]
  },
  {
    "timeStamp": 226050,
    "rotation": [
      [
        -0.07936867,
        0.963952661,
        0.253960341
      ],
      [
        -0.890574,
        -0.183027372,
        0.416388035
      ],
      [
        0.447860062,
        -0.193122312,
        0.8729978
      ]
    ],
    "translation": [
      1.80024648,
      1.1150322,
      -0.6774443
    ]
  },
  {
    "timeStamp": 226095,
    "rotation": [
      [
        0.225871682,
        0.959922731,
        0.165922612
      ],
      [
        -0.81257,
        0.0917061642,
        0.575604
      ],
      [
        0.537319243,
        -0.264836371,
        0.800718248
      ]
    ],
    "translation": [
      1.80510843,
      1.12517715,
      -0.6791812
    ]
  },
  {
    "timeStamp": 226150,
    "rotation": [
      [
        0.528617,
        0.8458356,
        0.0715959743
      ],
      [
        -0.645739138,
        0.345946521,
        0.6806922
      ],
      [
        0.550985336,
        -0.406057835,
        0.729062438
      ]
    ],
    "translation": [
      1.80817723,
      1.15340436,
      -0.689947963
    ]
  },
  {
    "timeStamp": 226195,
    "rotation": [
      [
        0.7299699,
        0.6794506,
        -0.0740997344
      ],
      [
        -0.3667244,
        0.48084864,
        0.796428144
      ],
      [
        0.576764345,
        -0.5541944,
        0.600176156
      ]
    ],
    "translation": [
      1.81370664,
      1.1706022,
      -0.697701156
    ]
  },
  {
    "timeStamp": 226250,
    "rotation": [
      [
        0.842973769,
        0.469341457,
        -0.2628953
      ],
      [
        -0.04730579,
        0.5514743,
        0.8328495
      ],
      [
        0.5358708,
        -0.6896338,
        0.4870809
      ]
    ],
    "translation": [
      1.8182416,
      1.18616319,
      -0.6979165
    ]
  },
  {
    "timeStamp": 226294,
    "rotation": [
      [
        0.853128135,
        0.3484254,
        -0.3882939
      ],
      [
        0.116530642,
        0.5982108,
        0.7928206
      ],
      [
        0.5085204,
        -0.7216257,
        0.4697482
      ]
    ],
    "translation": [
      1.82519484,
      1.18966913,
      -0.6942751
    ]
  },
  {
    "timeStamp": 226350,
    "rotation": [
      [
        0.85795325,
        0.3365907,
        -0.388101757
      ],
      [
        0.130128428,
        0.588436663,
        0.7980031
      ],
      [
        0.496973723,
        -0.7351524,
        0.461051136
      ]
    ],
    "translation": [
      1.83174682,
      1.196468,
      -0.6943237
    ]
  },
  {
    "timeStamp": 226394,
    "rotation": [
      [
        0.8514624,
        0.319704175,
        -0.415693432
      ],
      [
        0.156100035,
        0.602234364,
        0.782909036
      ],
      [
        0.500644147,
        -0.731507361,
        0.462874085
      ]
    ],
    "translation": [
      1.83812761,
      1.19871652,
      -0.6970495
    ]
  },
  {
    "timeStamp": 226450,
    "rotation": [
      [
        0.853506148,
        0.288806975,
        -0.433725536
      ],
      [
        0.185762554,
        0.609027445,
        0.7710887
      ],
      [
        0.4868466,
        -0.7386989,
        0.466159135
      ]
    ],
    "translation": [
      1.84885252,
      1.20489657,
      -0.7013313
    ]
  },
  {
    "timeStamp": 226495,
    "rotation": [
      [
        0.842715263,
        0.290910959,
        -0.452992141
      ],
      [
        0.18939741,
        0.6274379,
        0.7552816
      ],
      [
        0.5039441,
        -0.7222829,
        0.473653674
      ]
    ],
    "translation": [
      1.85707772,
      1.20707452,
      -0.7053354
    ]
  },
  {
    "timeStamp": 226550,
    "rotation": [
      [
        0.8355263,
        0.3422209,
        -0.429861218
      ],
      [
        0.132494912,
        0.633770645,
        0.762089133
      ],
      [
        0.5332362,
        -0.6936999,
        0.48418954
      ]
    ],
    "translation": [
      1.87290573,
      1.21073461,
      -0.7098022
    ]
  },
  {
    "timeStamp": 226594,
    "rotation": [
      [
        0.8123674,
        0.488141656,
        -0.31902498
      ],
      [
        -0.0343451574,
        0.5861767,
        0.809455
      ],
      [
        0.582133651,
        -0.6466179,
        0.492956132
      ]
    ],
    "translation": [
      1.890699,
      1.21583724,
      -0.715379536
    ]
  },
  {
    "timeStamp": 226650,
    "rotation": [
      [
        0.717453539,
        0.690956354,
        -0.0885423645
      ],
      [
        -0.2735062,
        0.3963051,
        0.876434
      ],
      [
        0.640667439,
        -0.6045838,
        0.473311335
      ]
    ],
    "translation": [
      1.93211555,
      1.226255,
      -0.7284907
    ]
  },
  {
    "timeStamp": 226694,
    "rotation": [
      [
        0.56970185,
        0.795977235,
        0.204597145
      ],
      [
        -0.468929082,
        0.110378675,
        0.8763116
      ],
      [
        0.674940944,
        -0.595177948,
        0.4361398
      ]
    ],
    "translation": [
      1.97932,
      1.24249887,
      -0.7420089
    ]
  },
  {
    "timeStamp": 226750,
    "rotation": [
      [
        0.404044271,
        0.7676144,
        0.497510165
      ],
      [
        -0.5798123,
        -0.205752388,
        0.788342357
      ],
      [
        0.707506835,
        -0.6069877,
        0.3619392
      ]
    ],
    "translation": [
      2.046324,
      1.24927652,
      -0.7659458
    ]
  },
  {
    "timeStamp": 226794,
    "rotation": [
      [
        0.354465723,
        0.6858858,
        0.6355429
      ],
      [
        -0.6431378,
        -0.314547,
        0.6981647
      ],
      [
        0.67876935,
        -0.656217158,
        0.329622924
      ]
    ],
    "translation": [
      2.091037,
      1.24584365,
      -0.7792572
    ]
  },
  {
    "timeStamp": 226849,
    "rotation": [
      [
        0.5193578,
        0.658002138,
        0.54525286
      ],
      [
        -0.6908717,
        -0.0522276834,
        0.721088469
      ],
      [
        0.5029551,
        -0.751202643,
        0.4274702
      ]
    ],
    "translation": [
      2.119676,
      1.21442676,
      -0.7812174
    ]
  },
  {
    "timeStamp": 226895,
    "rotation": [
      [
        0.6451339,
        0.63043195,
        0.4316917
      ],
      [
        -0.6918612,
        0.24223651,
        0.6801834
      ],
      [
        0.324237853,
        -0.737480164,
        0.592446446
      ]
    ],
    "translation": [
      2.14021659,
      1.17808139,
      -0.7711709
    ]
  },
  {
    "timeStamp": 226949,
    "rotation": [
      [
        0.76488,
        0.5735946,
        0.293168545
      ],
      [
        -0.626072049,
        0.5548106,
        0.547922432
      ],
      [
        0.151632339,
        -0.602639556,
        0.783475041
      ]
    ],
    "translation": [
      2.15869164,
      1.12645411,
      -0.7504787
    ]
  },
  {
    "timeStamp": 226994,
    "rotation": [
      [
        0.8614319,
        0.483605623,
        0.155115157
      ],
      [
        -0.5063661,
        0.7943248,
        0.3356211
      ],
      [
        0.0390964262,
        -0.367659777,
        0.9291382
      ]
    ],
    "translation": [
      2.17229366,
      1.071431,
      -0.743206441
    ]
  },
  {
    "timeStamp": 227049,
    "rotation": [
      [
        0.949110746,
        0.311276674,
        0.04791255
      ],
      [
        -0.3145544,
        0.9444576,
        0.0951601043
      ],
      [
        -0.0156302471,
        -0.105388582,
        0.9943083
      ]
    ],
    "translation": [
      2.18418527,
      1.01234484,
      -0.738613069
    ]
  },
  {
    "timeStamp": 227104,
    "rotation": [
      [
        0.9950548,
        0.08861529,
        -0.0448697172
      ],
      [
        -0.09578245,
        0.9756661,
        -0.1972344
      ],
      [
        0.026299879,
        0.20055677,
        0.97932893
      ]
    ],
    "translation": [
      2.20377183,
      0.9796361,
      -0.7522961
    ]
  },
  {
    "timeStamp": 227146,
    "rotation": [
      [
        0.998375654,
        -0.007012737,
        -0.05654178
      ],
      [
        -0.0100273928,
        0.955278456,
        -0.2955376
      ],
      [
        0.0560856722,
        0.2956245,
        0.953656435
      ]
    ],
    "translation": [
      2.21479225,
      0.9524961,
      -0.7489165
    ]
  },
  {
    "timeStamp": 227200,
    "rotation": [
      [
        0.997285068,
        0.00222504931,
        -0.07360389
      ],
      [
        -0.0277868137,
        0.93702054,
        -0.348167151
      ],
      [
        0.0681936741,
        0.349267125,
        0.9345385
      ]
    ],
    "translation": [
      2.217565,
      0.9343109,
      -0.743983865
    ]
  },
  {
    "timeStamp": 227245,
    "rotation": [
      [
        0.996565461,
        -0.0515258946,
        -0.06482566
      ],
      [
        0.02423551,
        0.930039942,
        -0.3666583
      ],
      [
        0.0791828558,
        0.3638279,
        0.928094447
      ]
    ],
    "translation": [
      2.22215223,
      0.927212834,
      -0.7390916
    ]
  },
  {
    "timeStamp": 227300,
    "rotation": [
      [
        0.9977695,
        -0.0262396242,
        -0.0613794141
      ],
      [
        0.0005086809,
        0.9224638,
        -0.386083156
      ],
      [
        0.066750966,
        0.385190785,
        0.920419633
      ]
    ],
    "translation": [
      2.22333717,
      0.9171028,
      -0.735045552
    ]
  },
  {
    "timeStamp": 227345,
    "rotation": [
      [
        0.997841835,
        -0.0452643558,
        -0.0475682579
      ],
      [
        0.0232445784,
        0.9210236,
        -0.388812453
      ],
      [
        0.0614108332,
        0.3868676,
        0.9200881
      ]
    ],
    "translation": [
      2.22789884,
      0.911636233,
      -0.7317323
    ]
  },
  {
    "timeStamp": 227400,
    "rotation": [
      [
        0.997831762,
        -0.03184795,
        -0.0575976372
      ],
      [
        0.00506683765,
        0.9097021,
        -0.415230483
      ],
      [
        0.06562094,
        0.41403833,
        0.907891035
      ]
    ],
    "translation": [
      2.23156,
      0.9032495,
      -0.730432332
    ]
  },
  {
    "timeStamp": 227444,
    "rotation": [
      [
        0.9981871,
        -0.0450003371,
        -0.03996883
      ],
      [
        0.0236738846,
        0.904095769,
        -0.426673651
      ],
      [
        0.0553361066,
        0.4249539,
        0.9035221
      ]
    ],
    "translation": [
      2.23626566,
      0.8985717,
      -0.729527056
    ]
  },
  {
    "timeStamp": 227500,
    "rotation": [
      [
        0.9988675,
        -0.0287034214,
        -0.0379435532
      ],
      [
        0.009232862,
        0.8992968,
        -0.437241316
      ],
      [
        0.04667284,
        0.436395824,
        0.8985434
      ]
    ],
    "translation": [
      2.23769522,
      0.8939855,
      -0.729351
    ]
  },
  {
    "timeStamp": 227545,
    "rotation": [
      [
        0.9982958,
        -0.05436106,
        -0.0212262142
      ],
      [
        0.03851722,
        0.88700825,
        -0.46014446
      ],
      [
        0.0438417643,
        0.458542675,
        0.887590349
      ]
    ],
    "translation": [
      2.24066448,
      0.8926137,
      -0.731548965
    ]
  }
]