[
  {
    "timeStamp": 233258,
    "rotation": [
      [
        0.988128841,
        0.144242063,
        0.0528738
      ],
      [
        -0.09390459,
        0.294704467,
        0.9509633
      ],
      [
        0.121586777,
        -0.9446394,
        0.304750979
      ]
    ],
    "translation": [
      1.46217573,
      0.7124973,
      -0.4965108
    ]
  },
  {
    "timeStamp": 233313,
    "rotation": [
      [
        0.987259269,
        0.155247584,
        0.03489069
      ],
      [
        -0.08081433,
        0.300322264,
        0.9504081
      ],
      [
        0.1370701,
        -0.941118836,
        0.3090422
      ]
    ],
    "translation": [
      1.46080661,
      0.712699354,
      -0.497477382
    ]
  },
  {
    "timeStamp": 233358,
    "rotation": [
      [
        0.978269041,
        0.1737399,
        0.113155112
      ],
      [
        -0.160704926,
        0.29052785,
        0.943274856
      ],
      [
        0.131009743,
        -0.9409612,
        0.312135249
      ]
    ],
    "translation": [
      1.45339978,
      0.7155089,
      -0.499673873
    ]
  },
  {
    "timeStamp": 233413,
    "rotation": [
      [
        0.9706202,
        0.1688922,
        0.1713822
      ],
      [
        -0.205234647,
        0.209316492,
        0.9560676
      ],
      [
        0.125599235,
        -0.9631521,
        0.237829342
      ]
    ],
    "translation": [
      1.44747007,
      0.7355534,
      -0.491685659
    ]
  },
  {
    "timeStamp": 233458,
    "rotation": [
      [
        0.9434885,
        0.159129843,
        0.290701061
      ],
      [
        -0.311638266,
        0.127597451,
        0.94159466
      ],
      [
        0.112743109,
        -0.978977263,
        0.16997768
      ]
    ],
    "translation": [
      1.438591,
      0.7652915,
      -0.486287475
    ]
  },
  {
    "timeStamp": 233513,
    "rotation": [
      [
        0.847475767,
        0.133883089,
        0.5136732
      ],
      [
        -0.5199729,
        0.0146247772,
        0.85405755
      ],
      [
        0.106831513,
        -0.9908892,
        0.0820097253
      ]
    ],
    "translation": [
      1.42347991,
      0.8197248,
      -0.4847374
    ]
  },
  {
    "timeStamp": 233557,
    "rotation": [
      [
        0.6808366,
        0.120151222,
        0.7225131
      ],
      [
        -0.716550052,
        -0.09506789,
        0.6910269
      ],
      [
        0.151715517,
        -0.9881932,
        0.0213686582
      ]
    ],
    "translation": [
      1.41162908,
      0.8805597,
      -0.488769829
    ]
  },
  {
    "timeStamp": 233613,
    "rotation": [
      [
        0.406566054,
        0.07717942,
        0.910355568
      ],
      [
        -0.8898865,
        -0.192194656,
        0.4137187
      ],
      [
        0.206896052,
        -0.9783172,
        -0.009458905
      ]
    ],
    "translation": [
      1.40519691,
      0.9583993,
      -0.498596668
    ]
  },
  {
    "timeStamp": 233658,
    "rotation": [
      [
        0.07020706,
        0.057144545,
        0.9958943
      ],
      [
        -0.9687047,
        -0.234371424,
        0.0817385539
      ],
      [
        0.238080084,
        -0.970466137,
        0.0389016643
      ]
    ],
    "translation": [
      1.40647423,
      1.02337384,
      -0.510890543
    ]
  },
  {
    "timeStamp": 233713,
    "rotation": [
      [
        -0.211572036,
        -0.0489799157,
        0.97613436
      ],
      [
        -0.9123824,
        -0.348190069,
        -0.215225428
      ],
      [
        0.350422,
        -0.9361435,
        0.0289788675
      ]
    ],
    "translation": [
      1.4218154,
      1.098884,
      -0.5269282
    ]
  },
  {
    "timeStamp": 233758,
    "rotation": [
      [
        -0.416460782,
        -0.102811135,
        0.9033218
      ],
      [
        -0.8234561,
        -0.378460854,
        -0.4227144
      ],
      [
        0.3853317,
        -0.9198898,
        0.07295365
      ]
    ],
    "translation": [
      1.43322814,
      1.15183187,
      -0.543180168
    ]
  },
  {
    "timeStamp": 233813,
    "rotation": [
      [
        -0.487625241,
        -0.150474414,
        0.8599878
      ],
      [
        -0.7592766,
        -0.413137674,
        -0.5028084
      ],
      [
        0.430953175,
        -0.8981507,
        0.08720466
      ]
    ],
    "translation": [
      1.44354486,
      1.20599222,
      -0.5624211
    ]
  },
  {
    "timeStamp": 233857,
    "rotation": [
      [
        -0.579219,
        -0.180482939,
        0.794941
      ],
      [
        -0.6631441,
        -0.462803781,
        -0.5882623
      ],
      [
        0.474073023,
        -0.867893159,
        0.148378551
      ]
    ],
    "translation": [
      1.45273817,
      1.24951243,
      -0.582106352
    ]
  },
  {
    "timeStamp": 233913,
    "rotation": [
      [
        -0.634856462,
        -0.234642461,
        0.7361387
      ],
      [
        -0.543909431,
        -0.540957451,
        -0.641504169
      ],
      [
        0.5487438,
        -0.8076558,
        0.215806127
      ]
    ],
    "translation": [
      1.465381,
      1.29994226,
      -0.6091407
    ]
  },
  {
    "timeStamp": 233957,
    "rotation": [
      [
        -0.687152445,
        -0.2704987,
        0.674278855
      ],
      [
        -0.423936516,
        -0.6044192,
        -0.674503744
      ],
      [
        0.589999437,
        -0.7493383,
        0.300653815
      ]
    ],
    "translation": [
      1.47591376,
      1.33592272,
      -0.6310887
    ]
  },
  {
    "timeStamp": 234013,
    "rotation": [
      [
        -0.750661254,
        -0.320242345,
        0.5778863
      ],
      [
        -0.221214563,
        -0.7023613,
        -0.6765743
      ],
      [
        0.6225527,
        -0.635714948,
        0.4563931
      ]
    ],
    "translation": [
      1.4904,
      1.37337124,
      -0.6642276
    ]
  },
  {
    "timeStamp": 234057,
    "rotation": [
      [
        -0.71736294,
        -0.336744428,
        0.6099128
      ],
      [
        -0.149914011,
        -0.7803156,
        -0.607151866
      ],
      [
        0.68037945,
        -0.5269827,
        0.509286761
      ]
    ],
    "translation": [
      1.49563622,
      1.39623153,
      -0.6869599
    ]
  },
  {
    "timeStamp": 234113,
    "rotation": [
      [
        -0.7010421,
        -0.3497925,
        0.621437967
      ],
      [
        0.0009929687,
        -0.871913433,
        -0.489658982
      ],
      [
        0.7131192,
        -0.3426545,
        0.6115954
      ]
    ],
    "translation": [
      1.50537646,
      1.41643834,
      -0.714736462
    ]
  },
  {
    "timeStamp": 234157,
    "rotation": [
      [
        -0.6951249,
        -0.346702725,
        0.629760742
      ],
      [
        0.06848938,
        -0.903973639,
        -0.422067374
      ],
      [
        0.715619,
        -0.2502576,
        0.652120054
      ]
    ],
    "translation": [
      1.51382875,
      1.42821574,
      -0.726053536
    ]
  },
  {
    "timeStamp": 234213,
    "rotation": [
      [
        -0.6980618,
        -0.284458816,
        0.6571095
      ],
      [
        0.113416173,
        -0.950043,
        -0.290783525
      ],
      [
        0.7069982,
        -0.128458038,
        0.695451
      ]
    ],
    "translation": [
      1.52017367,
      1.43577778,
      -0.737047851
    ]
  },
  {
    "timeStamp": 234257,
    "rotation": [
      [
        -0.7095684,
        -0.2664049,
        0.6523351
      ],
      [
        0.1331434,
        -0.9597888,
        -0.24714
      ],
      [
        0.6919432,
        -0.08850862,
        0.7165059
      ]
    ],
    "translation": [
      1.52860272,
      1.44319665,
      -0.741716743
    ]
  },
  {
    "timeStamp": 234313,
    "rotation": [
      [
        -0.7332943,
        -0.264638484,
        0.6262954
      ],
      [
        0.160674363,
        -0.962501,
        -0.218576118
      ],
      [
        0.6606536,
        -0.0596510023,
        0.7483171
      ]
    ],
    "translation": [
      1.54179,
      1.45116627,
      -0.7471561
    ]
  },
  {
    "timeStamp": 234357,
    "rotation": [
      [
        -0.7360353,
        -0.264794081,
        0.6230057
      ],
      [
        0.163607538,
        -0.9626221,
        -0.215849891
      ],
      [
        0.6568749,
        -0.0569446981,
        0.751846135
      ]
    ],
    "translation": [
      1.5501672,
      1.45779347,
      -0.7505017
    ]
  },
  {
    "timeStamp": 234413,
    "rotation": [
      [
        -0.731976748,
        -0.271873742,
        0.6247358
      ],
      [
        0.1650198,
        -0.9603784,
        -0.224592566
      ],
      [
        0.6610436,
        -0.0613027625,
        0.747839153
      ]
    ],
    "translation": [
      1.55876338,
      1.46494448,
      -0.753185332
    ]
  },
  {
    "timeStamp": 234457,
    "rotation": [
      [
        -0.732586563,
        -0.2763555,
        0.6220487
      ],
      [
        0.1738084,
        -0.959525,
        -0.221590847
      ],
      [
        0.658109069,
        -0.0542172,
        0.750968039
      ]
    ],
    "translation": [
      1.564956,
      1.46940577,
      -0.7574072
    ]
  },
  {
    "timeStamp": 234513,
    "rotation": [
      [
        -0.734080851,
        -0.294338,
        0.611956239
      ],
      [
        0.192986488,
        -0.9544468,
        -0.227568969
      ],
      [
        0.651061833,
        -0.04895474,
        0.7574443
      ]
    ],
    "translation": [
      1.5736469,
      1.47393644,
      -0.76158154
    ]
  },
  {
    "timeStamp": 234557,
    "rotation": [
      [
        -0.7306913,
        -0.312891,
        0.6067862
      ],
      [
        0.204670683,
        -0.9483077,
        -0.242533326
      ],
      [
        0.6513065,
        -0.0530256554,
        0.7569598
      ]
    ],
    "translation": [
      1.580982,
      1.478133,
      -0.762792766
    ]
  },
  {
    "timeStamp": 234613,
    "rotation": [
      [
        -0.7281051,
        -0.325658917,
        0.6031659
      ],
      [
        0.220623463,
        -0.9444492,
        -0.243600041
      ],
      [
        0.6489901,
        -0.04429388,
        0.7595063
      ]
    ],
    "translation": [
      1.58920109,
      1.48176217,
      -0.7656173
    ]
  },
  {
    "timeStamp": 234657,
    "rotation": [
      [
        -0.7176196,
        -0.32386288,
        0.616550863
      ],
      [
        0.216230154,
        -0.9451555,
        -0.244796991
      ],
      [
        0.6620171,
        -0.0423542373,
        0.748291
      ]
    ],
    "translation": [
      1.59408939,
      1.48578155,
      -0.767614961
    ]
  },
  {
    "timeStamp": 234713,
    "rotation": [
      [
        -0.710485458,
        -0.291414,
        0.6405375
      ],
      [
        0.197225,
        -0.9562067,
        -0.216266036
      ],
      [
        0.6755092,
        -0.0273238532,
        0.7368451
      ]
    ],
    "translation": [
      1.59768081,
      1.48974741,
      -0.7710333
    ]
  },
  {
    "timeStamp": 234757,
    "rotation": [
      [
        -0.703425169,
        -0.272030652,
        0.6566524
      ],
      [
        0.187501326,
        -0.962156057,
        -0.19773446
      ],
      [
        0.685591936,
        -0.0159681942,
        0.72781086
      ]
    ],
    "translation": [
      1.60001111,
      1.49318957,
      -0.773947239
    ]
  },
  {
    "timeStamp": 234813,
    "rotation": [
      [
        -0.699807465,
        -0.266501337,
        0.6627568
      ],
      [
        0.187778786,
        -0.963801265,
        -0.1892781
      ],
      [
        0.6892087,
        -0.008006568,
        0.724518657
      ]
    ],
    "translation": [
      1.60606,
      1.49727714,
      -0.7771034
    ]
  },
  {
    "timeStamp": 234857,
    "rotation": [
      [
        -0.6953402,
        -0.2575772,
        0.670936644
      ],
      [
        0.187901989,
        -0.966251254,
        -0.176214114
      ],
      [
        0.6936821,
        0.00354156247,
        0.7202726
      ]
    ],
    "translation": [
      1.61010659,
      1.4999665,
      -0.7794508
    ]
  },
  {
    "timeStamp": 234913,
    "rotation": [
      [
        -0.699902952,
        -0.2650666,
        0.663231134
      ],
      [
        0.198875159,
        -0.9641873,
        -0.1754751
      ],
      [
        0.6859916,
        0.009084637,
        0.7275528
      ]
    ],
    "translation": [
      1.61606681,
      1.50242531,
      -0.781797647
    ]
  },
  {
    "timeStamp": 234957,
    "rotation": [
      [
        -0.704085648,
        -0.281514585,
        0.651930153
      ],
      [
        0.213261589,
        -0.959510148,
        -0.184010014
      ],
      [
        0.677335143,
        0.009472863,
        0.7356136
      ]
    ],
    "translation": [
      1.62102628,
      1.50353813,
      -0.78286916
    ]
  },
  {
    "timeStamp": 235013,
    "rotation": [
      [
        -0.720722139,
        -0.325493544,
        0.612056851
      ],
      [
        0.249186456,
        -0.945542932,
        -0.209415048
      ],
      [
        0.6468893,
        0.0015862335,
        0.7625823
      ]
    ],
    "translation": [
      1.62867415,
      1.50541151,
      -0.785178
    ]
  },
  {
    "timeStamp": 235057,
    "rotation": [
      [
        -0.731012762,
        -0.36725378,
        0.575104356
      ],
      [
        0.290098131,
        -0.9301182,
        -0.2252182
      ],
      [
        0.6176272,
        0.00219930336,
        0.786467969
      ]
    ],
    "translation": [
      1.63507938,
      1.50856662,
      -0.788998246
    ]
  },
  {
    "timeStamp": 235112,
    "rotation": [
      [
        -0.7241154,
        -0.408699423,
        0.555537343
      ],
      [
        0.3374912,
        -0.9124509,
        -0.231371686
      ],
      [
        0.601462066,
        0.019949194,
        0.798652232
      ]
    ],
    "translation": [
      1.64041626,
      1.51475453,
      -0.7961778
    ]
  },
  {
    "timeStamp": 235157,
    "rotation": [
      [
        -0.7218484,
        -0.435211718,
        0.538075864
      ],
      [
        0.362784624,
        -0.900083065,
        -0.241325036
      ],
      [
        0.589340448,
        0.0210055634,
        0.807611644
      ]
    ],
    "translation": [
      1.64352024,
      1.52156842,
      -0.8016995
    ]
  },
  {
    "timeStamp": 235212,
    "rotation": [
      [
        -0.7337298,
        -0.4159592,
        0.5372323
      ],
      [
        0.362373531,
        -0.908425,
        -0.208445221
      ],
      [
        0.57474,
        0.04173631,
        0.817271054
      ]
    ],
    "translation": [
      1.64080322,
      1.52843738,
      -0.808848143
    ]
  },
  {
    "timeStamp": 235257,
    "rotation": [
      [
        -0.743430734,
        -0.380394965,
        0.5501004
      ],
      [
        0.349695772,
        -0.9221998,
        -0.165107265
      ],
      [
        0.5701084,
        0.06962197,
        0.8186141
      ]
    ],
    "translation": [
      1.63594031,
      1.53262246,
      -0.815737247
    ]
  },
  {
    "timeStamp": 235312,
    "rotation": [
      [
        -0.751675546,
        -0.366906255,
        0.548054457
      ],
      [
        0.344729751,
        -0.9269953,
        -0.1477872
      ],
      [
        0.562267959,
        0.07784266,
        0.8232832
      ]
    ],
    "translation": [
      1.63314593,
      1.53793156,
      -0.822398365
    ]
  },
  {
    "timeStamp": 235357,
    "rotation": [
      [
        -0.7553215,
        -0.383093655,
        0.5317223
      ],
      [
        0.366278321,
        -0.919571757,
        -0.142225042
      ],
      [
        0.5434423,
        0.0873327,
        0.83489126
      ]
    ],
    "translation": [
      1.63592517,
      1.54135966,
      -0.8274292
    ]
  },
  {
    "timeStamp": 235413,
    "rotation": [
      [
        -0.75532794,
        -0.393291831,
        0.524214864
      ],
      [
        0.3821059,
        -0.914162755,
        -0.135283262
      ],
      [
        0.532423556,
        0.09812237,
        0.840771735
      ]
    ],
    "translation": [
      1.63803375,
      1.54442811,
      -0.8318919
    ]
  },
  {
    "timeStamp": 235457,
    "rotation": [
      [
        -0.761946,
        -0.3997626,
        0.50953716
      ],
      [
        0.3849043,
        -0.9122544,
        -0.140144587
      ],
      [
        0.5208521,
        0.08934045,
        0.848958969
      ]
    ],
    "translation": [
      1.638045,
      1.5453229,
      -0.8326515
    ]
  },
  {
    "timeStamp": 235512,
    "rotation": [
      [
        -0.7695278,
        -0.381974727,
        0.5117834
      ],
      [
        0.358723,
        -0.9215661,
        -0.148437113
      ],
      [
        0.528341532,
        0.0693620145,
        0.8461939
      ]
    ],
    "translation": [
      1.63264263,
      1.54406178,
      -0.830638051
    ]
  },
  {
    "timeStamp": 235557,
    "rotation": [
      [
        -0.77851814,
        -0.371171325,
        0.5061042
      ],
      [
        0.3410419,
        -0.9271256,
        -0.155333892
      ],
      [
        0.5268776,
        0.05167247,
        0.848369062
      ]
    ],
    "translation": [
      1.62870479,
      1.5424509,
      -0.829040647
    ]
  },
  {
    "timeStamp": 235611,
    "rotation": [
      [
        -0.7823527,
        -0.3806967,
        0.4929446
      ],
      [
        0.339263529,
        -0.924210548,
        -0.175314218
      ],
      [
        0.5223262,
        0.0300805848,
        0.8522151
      ]
    ],
    "translation": [
      1.6268245,
      1.54296243,
      -0.8271864
    ]
  },
  {
    "timeStamp": 235656,
    "rotation": [
      [
        -0.7808921,
        -0.4030643,
        0.477228075
      ],
      [
        0.356271625,
        -0.914911,
        -0.189758837
      ],
      [
        0.5131062,
        0.021841649,
        0.8580471
      ]
    ],
    "translation": [
      1.626333,
      1.54646683,
      -0.825457156
    ]
  },
  {
    "timeStamp": 235711,
    "rotation": [
      [
        -0.77865833,
        -0.432064325,
        0.454985231
      ],
      [
        0.3734323,
        -0.9018425,
        -0.217320889
      ],
      [
        0.5042216,
        0.0006874635,
        0.863574
      ]
    ],
    "translation": [
      1.62480092,
      1.55781114,
      -0.8224007
    ]
  },
  {
    "timeStamp": 235756,
    "rotation": [
      [
        -0.744786739,
        -0.44944945,
        0.493242174
      ],
      [
        0.360931158,
        -0.8930316,
        -0.268743873
      ],
      [
        0.5612677,
        -0.0221304018,
        0.8273384
      ]
    ],
    "translation": [
      1.61963332,
      1.57324958,
      -0.817705631
    ]
  },
  {
    "timeStamp": 235811,
    "rotation": [
      [
        -0.741875231,
        -0.454634815,
        0.492877632
      ],
      [
        0.3406778,
        -0.8886688,
        -0.30693078
      ],
      [
        0.577546358,
        -0.05979188,
        0.814165354
      ]
    ],
    "translation": [
      1.61450613,
      1.59348822,
      -0.8120158
    ]
  },
  {
    "timeStamp": 235856,
    "rotation": [
      [
        -0.7088765,
        -0.466748536,
        0.528809965
      ],
      [
        0.30352056,
        -0.8786254,
        -0.36863625
      ],
      [
        0.6366863,
        -0.10081286,
        0.7645046
      ]
    ],
    "translation": [
      1.61002719,
      1.60823154,
      -0.807367563
    ]
  },
  {
    "timeStamp": 235911,
    "rotation": [
      [
        -0.6448669,
        -0.457362384,
        0.61234504
      ],
      [
        0.15440245,
        -0.86262846,
        -0.481697023
      ],
      [
        0.748536348,
        -0.216082886,
        0.626898348
      ]
    ],
    "translation": [
      1.60138261,
      1.622841,
      -0.793627143
    ]
  },
  {
    "timeStamp": 235956,
    "rotation": [
      [
        -0.632957637,
        -0.4082601,
        0.6577905
      ],
      [
        0.008589202,
        -0.853304744,
        -0.5213418
      ],
      [
        0.7741388,
        -0.324337363,
        0.543612361
      ]
    ],
    "translation": [
      1.591333,
      1.625661,
      -0.7802868
    ]
  },
  {
    "timeStamp": 236011,
    "rotation": [
      [
        -0.6423455,
        -0.348448157,
        0.6826245
      ],
      [
        -0.0790078938,
        -0.855820954,
        -0.5112028
      ],
      [
        0.762332,
        -0.382301539,
        0.5222025
      ]
    ],
    "translation": [
      1.57981133,
      1.6188004,
      -0.7736106
    ]
  },
  {
    "timeStamp": 236056,
    "rotation": [
      [
        -0.717849433,
        -0.317749947,
        0.6194571
      ],
      [
        -0.0613592751,
        -0.8574328,
        -0.5109247
      ],
      [
        0.6934892,
        -0.404776454,
        0.596010745
      ]
    ],
    "translation": [
      1.57712853,
      1.61209381,
      -0.777102232
    ]
  },
  {
    "timeStamp": 236112,
    "rotation": [
      [
        -0.7795914,
        -0.304803967,
        0.5471123
      ],
      [
        -0.019738961,
        -0.861186564,
        -0.5079056
      ],
      [
        0.6259774,
        -0.406758249,
        0.6653571
      ]
    ],
    "translation": [
      1.57749355,
      1.6073128,
      -0.7834535
    ]
  },
  {
    "timeStamp": 236157,
    "rotation": [
      [
        -0.793858469,
        -0.328731835,
        0.5115898
      ],
      [
        0.04323859,
        -0.86967355,
        -0.491729975
      ],
      [
        0.606563449,
        -0.3682436,
        0.7046116
      ]
    ],
    "translation": [
      1.58203447,
      1.60671043,
      -0.79074657
    ]
  },
  {
    "timeStamp": 236212,
    "rotation": [
      [
        -0.8145641,
        -0.363343149,
        0.4521803
      ],
      [
        0.139103651,
        -0.879130065,
        -0.455829382
      ],
      [
        0.5631478,
        -0.30840233,
        0.7666502
      ]
    ],
    "translation": [
      1.59007335,
      1.60668707,
      -0.8024992
    ]
  },
  {
    "timeStamp": 236257,
    "rotation": [
      [
        -0.8245974,
        -0.3863379,
        0.413258
      ],
      [
        0.214893177,
        -0.8896534,
        -0.402911663
      ],
      [
        0.5233164,
        -0.2434336,
        0.8166272
      ]
    ],
    "translation": [
      1.59399354,
      1.60434079,
      -0.8138973
    ]
  },
  {
    "timeStamp": 236312,
    "rotation": [
      [
        -0.823842168,
        -0.3986102,
        0.402981371
      ],
      [
        0.2928042,
        -0.9080293,
        -0.2995804
      ],
      [
        0.485334724,
        -0.128812313,
        0.8647876
      ]
    ],
    "translation": [
      1.5954715,
      1.59661162,
      -0.8305602
    ]
  },
  {
    "timeStamp": 236356,
    "rotation": [
      [
        -0.8106349,
        -0.409838349,
        0.4182148
      ],
      [
        0.344056576,
        -0.911304951,
        -0.22615996
      ],
      [
        0.473810256,
        -0.0394435972,
        0.879743159
      ]
    ],
    "translation": [
      1.59608459,
      1.58979023,
      -0.8419069
    ]
  },
  {
    "timeStamp": 236412,
    "rotation": [
      [
        -0.83844,
        -0.382944,
        0.387778521
      ],
      [
        0.3550188,
        -0.9236239,
        -0.1445007
      ],
      [
        0.4134972,
        0.016513491,
        0.9103556
      ]
    ],
    "translation": [
      1.598624,
      1.583747,
      -0.8494916
    ]
  },
  {
    "timeStamp": 236456,
    "rotation": [
      [
        -0.805862665,
        -0.34744668,
        0.4794436
      ],
      [
        0.339481831,
        -0.934547544,
        -0.106643841
      ],
      [
        0.485115945,
        0.07682211,
        0.871068835
      ]
    ],
    "translation": [
      1.59467864,
      1.58201766,
      -0.851576447
    ]
  },
  {
    "timeStamp": 236512,
    "rotation": [
      [
        -0.8179356,
        -0.328328937,
        0.4724209
      ],
      [
        0.304438382,
        -0.9437804,
        -0.128824592
      ],
      [
        0.488158435,
        0.03845284,
        0.871907532
      ]
    ],
    "translation": [
      1.59755325,
      1.58617663,
      -0.8481957
    ]
  },
  {
    "timeStamp": 236556,
    "rotation": [
      [
        -0.822468042,
        -0.3270743,
        0.465369344
      ],
      [
        0.31096983,
        -0.9436061,
        -0.11360129
      ],
      [
        0.4762814,
        0.05128239,
        0.8777961
      ]
    ],
    "translation": [
      1.603867,
      1.58796835,
      -0.849832952
    ]
  },
  {
    "timeStamp": 236612,
    "rotation": [
      [
        -0.8241407,
        -0.3300895,
        0.4602532
      ],
      [
        0.3277545,
        -0.940678,
        -0.08776068
      ],
      [
        0.46191892,
        0.0785229,
        0.883439362
      ]
    ],
    "translation": [
      1.6120764,
      1.59054446,
      -0.857118368
    ]
  },
  {
    "timeStamp": 236656,
    "rotation": [
      [
        -0.8192576,
        -0.330342025,
        0.468712181
      ],
      [
        0.331473261,
        -0.939807951,
        -0.08298495
      ],
      [
        0.467912853,
        0.08737951,
        0.879444361
      ]
    ],
    "translation": [
      1.61696231,
      1.59385228,
      -0.8614635
    ]
  },
  {
    "timeStamp": 236712,
    "rotation": [
      [
        -0.816085756,
        -0.323915452,
        0.478625953
      ],
      [
        0.337199956,
        -0.9394646,
        -0.0608471259
      ],
      [
        0.469361484,
        0.111736186,
        0.875907958
      ]
    ],
    "translation": [
      1.62215972,
      1.59541678,
      -0.8661392
    ]
  },
  {
    "timeStamp": 236756,
    "rotation": [
      [
        -0.8199161,
        -0.324831545,
        0.471404225
      ],
      [
        0.341596484,
        -0.938380837,
        -0.05247135
      ],
      [
        0.459401041,
        0.118007921,
        0.8803549
      ]
    ],
    "translation": [
      1.62707973,
      1.5959152,
      -0.8690059
    ]
  },
  {
    "timeStamp": 236812,
    "rotation": [
      [
        -0.817163944,
        -0.317881584,
        0.480826765
      ],
      [
        0.3383667,
        -0.939874053,
        -0.04631106
      ],
      [
        0.466638029,
        0.124852031,
        0.875591755
      ]
    ],
    "translation": [
      1.63139856,
      1.59535921,
      -0.8713192
    ]
  },
  {
    "timeStamp": 236856,
    "rotation": [
      [
        -0.8120457,
        -0.308328032,
        0.495495319
      ],
      [
        0.335231721,
        -0.941431463,
        -0.0364205725
      ],
      [
        0.477704376,
        0.136530578,
        0.8678467
      ]
    ],
    "translation": [
      1.63479745,
      1.59411418,
      -0.8743114
    ]
  },
  {
    "timeStamp": 236912,
    "rotation": [
      [
        -0.80817765,
        -0.311676055,
        0.499706924
      ],
      [
        0.336887181,
        -0.9406154,
        -0.0418297648
      ],
      [
        0.48306936,
        0.134538963,
        0.865184
      ]
    ],
    "translation": [
      1.64039052,
      1.593033,
      -0.877156556
    ]
  },
  {
    "timeStamp": 236956,
    "rotation": [
      [
        -0.803386569,
        -0.3164489,
        0.5044106
      ],
      [
        0.341300845,
        -0.9388567,
        -0.0454067737
      ],
      [
        0.4879382,
        0.135676563,
        0.8622692
      ]
    ],
    "translation": [
      1.64498544,
      1.59183347,
      -0.879821539
    ]
  },
  {
    "timeStamp": 237012,
    "rotation": [
      [
        -0.790923,
        -0.317563474,
        0.5230624
      ],
      [
        0.3393833,
        -0.9389279,
        -0.0568634756
      ],
      [
        0.5091756,
        0.132544026,
        0.8503954
      ]
    ],
    "translation": [
      1.64854181,
      1.59135091,
      -0.8819107
    ]
  },
  {
    "timeStamp": 237056,
    "rotation": [
      [
        -0.7886481,
        -0.318879217,
        0.5256902
      ],
      [
        0.3402877,
        -0.93848294,
        -0.05877122
      ],
      [
        0.5120922,
        0.132536083,
        0.8486435
      ]
    ],
    "translation": [
      1.65186429,
      1.59035254,
      -0.883955538
    ]
  },
  {
    "timeStamp": 237112,
    "rotation": [
      [
        -0.7754897,
        -0.3094567,
        0.5503202
      ],
      [
        0.333544642,
        -0.9408825,
        -0.05906007
      ],
      [
        0.5360632,
        0.1377559,
        0.832862258
      ]
    ],
    "translation": [
      1.65362811,
      1.58849645,
      -0.8864364
    ]
  },
  {
    "timeStamp": 237156,
    "rotation": [
      [
        -0.761696756,
        -0.29957673,
        0.57451874
      ],
      [
        0.3230435,
        -0.944213569,
        -0.06405927
      ],
      [
        0.5616591,
        0.1368008,
        0.815980732
      ]
    ],
    "translation": [
      1.653841,
      1.58763444,
      -0.8878148
    ]
  },
  {
    "timeStamp": 237212,
    "rotation": [
      [
        -0.7620065,
        -0.280263126,
        0.5837796
      ],
      [
        0.313688725,
        -0.9484176,
        -0.0458625667
      ],
      [
        0.566520452,
        0.1481775,
        0.8106158
      ]
    ],
    "translation": [
      1.65350151,
      1.58597159,
      -0.889564753
    ]
  },
  {
    "timeStamp": 237256,
    "rotation": [
      [
        -0.75579524,
        -0.251936585,
        0.6044018
      ],
      [
        0.291556448,
        -0.9559531,
        -0.03388904
      ],
      [
        0.5863177,
        0.150604084,
        0.7959585
      ]
    ],
    "translation": [
      1.65110612,
      1.58661258,
      -0.889662
    ]
  },
  {
    "timeStamp": 237311,
    "rotation": [
      [
        -0.7687323,
        -0.2521184,
        0.5877814
      ],
      [
        0.289781064,
        -0.95658046,
        -0.0313168839
      ],
      [
        0.5701558,
        0.146253631,
        0.808413446
      ]
    ],
    "translation": [
      1.65387487,
      1.58824849,
      -0.8902363
    ]
  },
  {
    "timeStamp": 237356,
    "rotation": [
      [
        -0.7666634,
        -0.244925261,
        0.593497157
      ],
      [
        0.279490948,
        -0.9595126,
        -0.034934286
      ],
      [
        0.5780243,
        0.139094263,
        0.8040775
      ]
    ],
    "translation": [
      1.65519881,
      1.58893466,
      -0.889986336
    ]
  },
  {
    "timeStamp": 237412,
    "rotation": [
      [
        -0.7651863,
        -0.247510314,
        0.5943303
      ],
      [
        0.275288165,
        -0.960285068,
        -0.0454860069
      ],
      [
        0.5819848,
        0.128806829,
        0.8029337
      ]
    ],
    "translation": [
      1.65692711,
      1.58799088,
      -0.888870835
    ]
  },
  {
    "timeStamp": 237456,
    "rotation": [
      [
        -0.756517947,
        -0.246339083,
        0.6058033
      ],
      [
        0.273768485,
        -0.960561037,
        -0.04871706
      ],
      [
        0.593912,
        0.128994524,
        0.7941215
      ]
    ],
    "translation": [
      1.65756118,
      1.58568251,
      -0.888143837
    ]
  },
  {
    "timeStamp": 237511,
    "rotation": [
      [
        -0.7516936,
        -0.241630957,
        0.613653958
      ],
      [
        0.265278459,
        -0.962652862,
        -0.0540999
      ],
      [
        0.603808,
        0.122122645,
        0.7877194
      ]
    ],
    "translation": [
      1.656532,
      1.58298123,
      -0.886859
    ]
  },
  {
    "timeStamp": 237556,
    "rotation": [
      [
        -0.750637054,
        -0.240127578,
        0.615534544
      ],
      [
        0.261789769,
        -0.963463247,
        -0.05660934
      ],
      [
        0.6066384,
        0.118647583,
        0.786074162
      ]
    ],
    "translation": [
      1.65608,
      1.58096588,
      -0.8864229
    ]
  },
  {
    "timeStamp": 237611,
    "rotation": [
      [
        -0.753346264,
        -0.247178331,
        0.609403253
      ],
      [
        0.260391682,
        -0.963054061,
        -0.068724595
      ],
      [
        0.6038755,
        0.106910117,
        0.789876342
      ]
    ],
    "translation": [
      1.6557281,
      1.57946181,
      -0.8846141
    ]
  },
  {
    "timeStamp": 237656,
    "rotation": [
      [
        -0.7580062,
        -0.250117779,
        0.6023849
      ],
      [
        0.2626962,
        -0.9624053,
        -0.06904112
      ],
      [
        0.5970069,
        0.105910659,
        0.7952142
      ]
    ],
    "translation": [
      1.65530455,
      1.578097,
      -0.8841527
    ]
  },
  {
    "timeStamp": 237712,
    "rotation": [
      [
        -0.761644542,
        -0.249988228,
        0.5978323
      ],
      [
        0.2587682,
        -0.9631707,
        -0.07308393
      ],
      [
        0.5940847,
        0.0990360156,
        0.7982827
      ]
    ],
    "translation": [
      1.65365493,
      1.578468,
      -0.882374
    ]
  },
  {
    "timeStamp": 237756,
    "rotation": [
      [
        -0.767713,
        -0.245026544,
        0.592096865
      ],
      [
        0.256284028,
        -0.9642938,
        -0.06675425
      ],
      [
        0.587311864,
        0.100496851,
        0.803097248
      ]
    ],
    "translation": [
      1.65169537,
      1.57777524,
      -0.8813129
    ]
  },
  {
    "timeStamp": 237811,
    "rotation": [
      [
        -0.761927,
        -0.228214383,
        0.6061233
      ],
      [
        0.239822373,
        -0.968752146,
        -0.06328091
      ],
      [
        0.6016249,
        0.0971465,
        0.7928493
      ]
    ],
    "translation": [
      1.64686108,
      1.57719529,
      -0.878684342
    ]
  },
  {
    "timeStamp": 237856,
    "rotation": [
      [
        -0.7694137,
        -0.2228407,
        0.5986189
      ],
      [
        0.232052639,
        -0.9706561,
        -0.06307384
      ],
      [
        0.5951085,
        0.09038122,
        0.7985469
      ]
    ],
    "translation": [
      1.64322984,
      1.57504368,
      -0.876395345
    ]
  },
  {
    "timeStamp": 237911,
    "rotation": [
      [
        -0.758184969,
        -0.196812421,
        0.6216272
      ],
      [
        0.195347,
        -0.97813,
        -0.07142376
      ],
      [
        0.6220893,
        0.06728059,
        0.780050159
      ]
    ],
    "translation": [
      1.63556826,
      1.568787,
      -0.8713102
    ]
  },
  {
    "timeStamp": 237956,
    "rotation": [
      [
        -0.7256329,
        -0.144262,
        0.672789156
      ],
      [
        0.1188368,
        -0.9893567,
        -0.08397085
      ],
      [
        0.6777423,
        0.0190201011,
        0.7350534
      ]
    ],
    "translation": [
      1.62317348,
      1.55545318,
      -0.8657508
    ]
  },
  {
    "timeStamp": 238011,
    "rotation": [
      [
        -0.582123935,
        -0.009089903,
        0.813049257
      ],
      [
        -0.0757285953,
        -0.9949851,
        -0.06534382
      ],
      [
        0.809565842,
        -0.09960928,
        0.578516245
      ]
    ],
    "translation": [
      1.59515941,
      1.52047026,
      -0.8527441
    ]
  },
  {
    "timeStamp": 238056,
    "rotation": [
      [
        -0.379162073,
        0.09263859,
        0.9206814
      ],
      [
        -0.325526625,
        -0.9447281,
        -0.0390027165
      ],
      [
        0.8661805,
        -0.314494669,
        0.3883614
      ]
    ],
    "translation": [
      1.57030356,
      1.47667027,
      -0.8328668
    ]
  },
  {
    "timeStamp": 238111,
    "rotation": [
      [
        -0.0915294662,
        0.200936556,
        0.9753188
      ],
      [
        -0.509123743,
        -0.8511848,
        0.127583221
      ],
      [
        0.855812669,
        -0.484880358,
        0.180210054
      ]
    ],
    "translation": [
      1.54863274,
      1.39994967,
      -0.8184576
    ]
  },
  {
    "timeStamp": 238155,
    "rotation": [
      [
        0.2246051,
        0.272552729,
        0.935557365
      ],
      [
        -0.5923923,
        -0.724113464,
        0.3531728
      ],
      [
        0.7737079,
        -0.6335414,
        -0.00118144846
      ]
    ],
    "translation": [
      1.54988158,
      1.33366728,
      -0.8215759
    ]
  },
  {
    "timeStamp": 238211,
    "rotation": [
      [
        0.5044286,
        0.211607859,
        0.83712244
      ],
      [
        -0.640738,
        -0.5581522,
        0.5271821
      ],
      [
        0.5787976,
        -0.8023018,
        -0.145962745
      ]
    ],
    "translation": [
      1.57745433,
      1.27588081,
      -0.847854733
    ]
  },
  {
    "timeStamp": 238255,
    "rotation": [
      [
        0.605510235,
        0.08075481,
        0.7917298
      ],
      [
        -0.6889261,
        -0.444857419,
        0.5722611
      ],
      [
        0.3984197,
        -0.89195323,
        -0.213731632
      ]
    ],
    "translation": [
      1.60426939,
      1.25296283,
      -0.8772765
    ]
  },
  {
    "timeStamp": 238311,
    "rotation": [
      [
        0.663449764,
        -0.0324056633,
        0.7475187
      ],
      [
        -0.6891326,
        -0.415594965,
        0.593613565
      ],
      [
        0.2914286,
        -0.9089723,
        -0.298058182
      ]
    ],
    "translation": [
      1.64882886,
      1.24372327,
      -0.9122881
    ]
  },
  {
    "timeStamp": 238355,
    "rotation": [
      [
        0.7263136,
        -0.101104029,
        0.6798872
      ],
      [
        -0.653780162,
        -0.4070096,
        0.6378986
      ],
      [
        0.21222651,
        -0.9078112,
        -0.361716419
      ]
    ],
    "translation": [
      1.69081688,
      1.24023712,
      -0.937876761
    ]
  },
  {
    "timeStamp": 238411,
    "rotation": [
      [
        0.794503868,
        -0.173451751,
        0.5819606
      ],
      [
        -0.600546539,
        -0.366524726,
        0.710636
      ],
      [
        0.0900418758,
        -0.9140974,
        -0.395371139
      ]
    ],
    "translation": [
      1.74646223,
      1.232583,
      -0.96321553
    ]
  },
  {
    "timeStamp": 238455,
    "rotation": [
      [
        0.8420086,
        -0.2082587,
        0.497644216
      ],
      [
        -0.5394509,
        -0.331487179,
        0.7740213
      ],
      [
        0.00376597163,
        -0.920187235,
        -0.391460419
      ]
    ],
    "translation": [
      1.79273212,
      1.22358966,
      -0.9763729
    ]
  },
  {
    "timeStamp": 238511,
    "rotation": [
      [
        0.8854744,
        -0.2393394,
        0.398311168
      ],
      [
        -0.456680924,
        -0.289770424,
        0.8411157
      ],
      [
        -0.08589334,
        -0.9266875,
        -0.365886033
      ]
    ],
    "translation": [
      1.85273933,
      1.21138024,
      -0.9812748
    ]
  },
  {
    "timeStamp": 238556,
    "rotation": [
      [
        0.9059496,
        -0.241596788,
        0.3476871
      ],
      [
        -0.4067381,
        -0.268621773,
        0.8731589
      ],
      [
        -0.117556043,
        -0.93245554,
        -0.341624439
      ]
    ],
    "translation": [
      1.90124822,
      1.20511866,
      -0.9732429
    ]
  },
  {
    "timeStamp": 238611,
    "rotation": [
      [
        0.9378275,
        -0.225822851,
        0.2635976
      ],
      [
        -0.318712384,
        -0.2594392,
        0.9116544
      ],
      [
        -0.137484863,
        -0.938986361,
        -0.315281749
