[
  {
    "timeStamp": 13406,
    "rotation": [
      [
        0.005258938,
        0.9999855,
        -0.00114197773
      ],
      [
        0.0335453525,
        0.0009649355,
        0.999436736
      ],
      [
        0.9994234,
        -0.00529428339,
        -0.0335397944
      ]
    ],
    "translation": [
      1.794924,
      0.703602552,
      -0.495297581
    ]
  },
  {
    "timeStamp": 13450,
    "rotation": [
      [
        0.005244549,
        0.999986053,
        -0.000569881231
      ],
      [
        0.02987514,
        0.000412950874,
        0.999553561
      ],
      [
        0.999539852,
        -0.0052592326,
        -0.02987256
      ]
    ],
    "translation": [
      1.794912,
      0.7053753,
      -0.4952654
    ]
  },
  {
    "timeStamp": 13504,
    "rotation": [
      [
        0.006192329,
        0.999881268,
        0.014109008
      ],
      [
        0.05260319,
        -0.0144154532,
        0.998511434
      ],
      [
        0.998596251,
        -0.00544092851,
        -0.05268621
      ]
    ],
    "translation": [
      1.7916857,
      0.709885359,
      -0.4905645
    ]
  },
  {
    "timeStamp": 13560,
    "rotation": [
      [
        0.0205673669,
        0.999105,
        0.03696171
      ],
      [
        0.0613894574,
        -0.03816179,
        0.9973841
      ],
      [
        0.9979019,
        -0.0182444938,
        -0.062119402
      ]
    ],
    "translation": [
      1.78662753,
      0.7229121,
      -0.48837015
    ]
  },
  {
    "timeStamp": 13604,
    "rotation": [
      [
        0.04218218,
        0.9973549,
        0.0591937825
      ],
      [
        0.0708104,
        -0.0620818734,
        0.995556
      ],
      [
        0.9965975,
        -0.0378031954,
        -0.0732418448
      ]
    ],
    "translation": [
      1.78358734,
      0.7380115,
      -0.487663746
    ]
  },
  {
    "timeStamp": 13659,
    "rotation": [
      [
        0.08982618,
        0.990908444,
        0.100157864
      ],
      [
        0.07256499,
        -0.106808633,
        0.991628051
      ],
      [
        0.9933104,
        -0.08180619,
        -0.08149947
      ]
    ],
    "translation": [
      1.77749085,
      0.764855862,
      -0.48821187
    ]
  },
  {
    "timeStamp": 13707,
    "rotation": [
      [
        0.141508356,
        0.9807194,
        0.134777263
      ],
      [
        0.0753152743,
        -0.146418542,
        0.9863515
      ],
      [
        0.9870679,
        -0.129426211,
        -0.09458259
      ]
    ],
    "translation": [
      1.77642167,
      0.7903564,
      -0.490473062
    ]
  },
  {
    "timeStamp": 13759,
    "rotation": [
      [
        0.2196974,
        0.9586282,
        0.18101114
      ],
      [
        0.08042505,
        -0.202709958,
        0.9759306
      ],
      [
        0.9722473,
        -0.199851587,
        -0.121632569
      ]
    ],
    "translation": [
      1.77663326,
      0.828024,
      -0.489732772
    ]
  },
  {
    "timeStamp": 13804,
    "rotation": [
      [
        0.298307657,
        0.9263,
        0.230175644
      ],
      [
        0.07231243,
        -0.26239574,
        0.9622471
      ],
      [
        0.951726556,
        -0.27040112,
        -0.145257667
      ]
    ],
    "translation": [
      1.77984536,
      0.8611337,
      -0.49199295
    ]
  },
  {
    "timeStamp": 13859,
    "rotation": [
      [
        0.3951064,
        0.874475,
        0.2813973
      ],
      [
        0.0659532547,
        -0.332533479,
        0.9407825
      ],
      [
        0.9162648,
        -0.353150129,
        -0.189060584
      ]
    ],
    "translation": [
      1.791868,
      0.9051007,
      -0.491979182
    ]
  },
  {
    "timeStamp": 13904,
    "rotation": [
      [
        0.4879478,
        0.815198839,
        0.312022179
      ],
      [
        0.0521727353,
        -0.3840649,
        0.9218309
      ],
      [
        0.8713122,
        -0.4335263,
        -0.229934782
      ]
    ],
    "translation": [
      1.80842936,
      0.936836362,
      -0.493541747
    ]
  },
  {
    "timeStamp": 13960,
    "rotation": [
      [
        0.5877396,
        0.738794446,
        0.329765081
      ],
      [
        0.0472520329,
        -0.4382453,
        0.8976126
      ],
      [
        0.807669163,
        -0.511980355,
        -0.2924836
      ]
    ],
    "translation": [
      1.83657181,
      0.9753153,
      -0.491266638
    ]
  },
  {
    "timeStamp": 14004,
    "rotation": [
      [
        0.6737267,
        0.670435846,
        0.310818523
      ],
      [
        0.0553986281,
        -0.4652429,
        0.8834478
      ],
      [
        0.736901164,
        -0.577983439,
        -0.350587755
      ]
    ],
    "translation": [
      1.86780381,
      0.999202549,
      -0.491534352
    ]
  },
  {
    "timeStamp": 14059,
    "rotation": [
      [
        0.767465234,
        0.5678228,
        0.297614276
      ],
      [
        0.03875531,
        -0.5044749,
        0.862556159
      ],
      [
        0.63991797,
        -0.6504477,
        -0.4091731
      ]
    ],
    "translation": [
      1.91193151,
      1.02914977,
      -0.492591381
    ]
  },
  {
    "timeStamp": 14104,
    "rotation": [
      [
        0.8362445,
        0.480479151,
        0.2642629
      ],
      [
        0.0267631467,
        -0.5171053,
        0.855503261
      ],
      [
        0.5477032,
        -0.708337367,
        -0.4452856
      ]
    ],
    "translation": [
      1.94997609,
      1.04544377,
      -0.498932421
    ]
  },
  {
    "timeStamp": 14159,
    "rotation": [
      [
        0.9064208,
        0.3789362,
        0.1865704
      ],
      [
        0.03377593,
        -0.505331,
        0.862264335
      ],
      [
        0.421022981,
        -0.7752728,
        -0.4708415
      ]
    ],
    "translation": [
      2.010574,
      1.05294073,
      -0.5074742
    ]
  },
  {
    "timeStamp": 14204,
    "rotation": [
      [
        0.9460769,
        0.3013736,
        0.118795529
      ],
      [
        0.0434194468,
        -0.481382132,
        0.875434756
      ],
      [
        0.321018964,
        -0.8230706,
        -0.468510032
      ]
    ],
    "translation": [
      2.0540905,
      1.05118883,
      -0.5210166
    ]
  },
  {
    "timeStamp": 14259,
    "rotation": [
      [
        0.981902,
        0.1883438,
        0.019875763
      ],
      [
        0.061447788,
        -0.416089624,
        0.90724504
      ],
      [
        0.17914407,
        -0.889604449,
        -0.420132518
      ]
    ],
    "translation": [
      2.12001777,
      1.0321945,
      -0.5457878
    ]
  },
  {
    "timeStamp": 14304,
    "rotation": [
      [
        0.9943436,
        0.106051795,
        0.005823442
      ],
      [
        0.0331527628,
        -0.361995727,
        0.93159
      ],
      [
        0.10090486,
        -0.9261275,
        -0.363464028
      ]
    ],
    "translation": [
      2.14897,
      1.01236379,
      -0.5689465
    ]
  },
  {
    "timeStamp": 14359,
    "rotation": [
      [
        0.9985083,
        0.0319763869,
        -0.044257395
      ],
      [
        0.0513127521,
        -0.272537857,
        0.9607758
      ],
      [
        0.0186603237,
        -0.961613536,
        -0.27377212
      ]
    ],
    "translation": [
      2.1888113,
      0.9756621,
      -0.603837669
    ]
  },
  {
    "timeStamp": 14405,
    "rotation": [
      [
        0.998772562,
        0.0100868344,
        -0.04849351
      ],
      [
        0.049530182,
        -0.2103984,
        0.9763602
      ],
      [
        -0.000354580057,
        -0.9775637,
        -0.210639745
      ]
    ],
    "translation": [
      2.20052052,
      0.9484451,
      -0.6237157
    ]
  },
  {
    "timeStamp": 14454,
    "rotation": [
      [
        0.9993717,
        -0.0265199859,
        -0.0235153567
      ],
      [
        0.0190723538,
        -0.15684782,
        0.9874386
      ],
      [
        -0.0298751872,
        -0.9872667,
        -0.156243458
      ]
    ],
    "translation": [
      2.20403385,
      0.919237256,
      -0.6393639
    ]
  },
  {
    "timeStamp": 14510,
    "rotation": [
      [
        0.9987987,
        -0.0237874649,
        -0.04283896
      ],
      [
        0.0404061228,
        -0.09473718,
        0.994681954
      ],
      [
        -0.027719412,
        -0.995218039,
        -0.09366222
      ]
    ],
    "translation": [
      2.21011567,
      0.89013,
      -0.652815163
    ]
  },
  {
    "timeStamp": 14554,
    "rotation": [
      [
        0.998901963,
        -0.0317182578,
        -0.0344802365
      ],
      [
        0.0321958326,
        -0.06991152,
        0.9970335
      ],
      [
        -0.0340347551,
        -0.9970488,
        -0.0688135549
      ]
    ],
    "translation": [
      2.20997238,
      0.8725942,
      -0.651970744
    ]
  },
  {
    "timeStamp": 14610,
    "rotation": [
      [
        0.9990128,
        -0.0390314,
        -0.0212094225
      ],
      [
        0.0202824064,
        -0.0239952151,
        0.9995063
      ],
      [
        -0.03952107,
        -0.9989498,
        -0.02317988
      ]
    ],
    "translation": [
      2.20948839,
      0.8501042,
      -0.6549246
    ]
  },
  {
    "timeStamp": 14654,
    "rotation": [
      [
        0.9988302,
        -0.0212974753,
        -0.0434124
      ],
      [
        0.0435771421,
        0.007333176,
        0.999023139
      ],
      [
        -0.0209583174,
        -0.999746263,
        0.008252681
      ]
    ],
    "translation": [
      2.21528363,
      0.8347688,
      -0.6555325
    ]
  },
  {
    "timeStamp": 14709,
    "rotation": [
      [
        0.9992367,
        -0.0324457027,
        -0.0217543188
      ],
      [
        0.0221550334,
        0.0120422747,
        0.999682
      ],
      [
        -0.0321734063,
        -0.9994009,
        0.0127519183
      ]
    ],
    "translation": [
      2.21259379,
      0.82263875,
      -0.648115754
    ]
  },
  {
    "timeStamp": 14754,
    "rotation": [
      [
        0.9972963,
        -0.0152921593,
        -0.0718768
      ],
      [
        0.0723292753,
        0.03144128,
        0.9968851
      ],
      [
        -0.0129846353,
        -0.999388635,
        0.0324623436
      ]
    ],
    "translation": [
      2.22554016,
      0.811052144,
      -0.646557033
    ]
  },
  {
    "timeStamp": 14810,
    "rotation": [
      [
        0.998701632,
        -0.03378802,
        -0.03812261
      ],
      [
        0.0387875736,
        0.01924823,
        0.999062061
      ],
      [
        -0.0330225267,
        -0.9992436,
        0.0205337945
      ]
    ],
    "translation": [
      2.22180223,
      0.8029576,
      -0.636713862
    ]
  },
  {
    "timeStamp": 14855,
    "rotation": [
      [
        0.998432457,
        -0.025830254,
        -0.0496523976
      ],
      [
        0.05027587,
        0.0240751151,
        0.998445153
      ],
      [
        -0.0245947056,
        -0.9993764,
        0.025336016
      ]
    ],
    "translation": [
      2.2260344,
      0.796630859,
      -0.6335729
    ]
  },
  {
    "timeStamp": 14901,
    "rotation": [
      [
        0.998490751,
        -0.0483252667,
        -0.026092669
      ],
      [
        0.0272347014,
        0.02312639,
        0.9993615
      ],
      [
        -0.04769098,
        -0.9985639,
        0.0244076122
      ]
    ],
    "translation": [
      2.22514081,
      0.791824341,
      -0.6290047
    ]
  },
  {
    "timeStamp": 14958,
    "rotation": [
      [
        0.9979984,
        -0.06051699,
        -0.0183519628
      ],
      [
        0.019917,
        0.0253600869,
        0.999479949
      ],
      [
        -0.0600201041,
        -0.997844934,
        0.0265146438
      ]
    ],
    "translation": [
      2.22591758,
      0.785548568,
      -0.6247958
    ]
  },
  {
    "timeStamp": 15003,
    "rotation": [
      [
        0.9981328,
        -0.0572299547,
        -0.0213423129
      ],
      [
        0.0231008176,
        0.0302434638,
        0.999275565
      ],
      [
        -0.0565430149,
        -0.9979028,
        0.031509053
      ]
    ],
    "translation": [
      2.22794127,
      0.780747831,
      -0.6242263
    ]
  },
  {
    "timeStamp": 15059,
    "rotation": [
      [
        0.997539759,
        -0.0699039549,
        -0.00528154
      ],
      [
        0.00722730858,
        0.0276113041,
        0.9995926
      ],
      [
        -0.06972964,
        -0.9971715,
        0.02804859
      ]
    ],
    "translation": [
      2.226411,
      0.7767578,
      -0.620944858
    ]
  },
  {
    "timeStamp": 15103,
    "rotation": [
      [
        0.99767673,
        -0.0673297048,
        -0.0103912819
      ],
      [
        0.0125047546,
        0.0310448688,
        0.9994398
      ],
      [
        -0.0669693947,
        -0.9972477,
        0.0318146832
      ]
    ],
    "translation": [
      2.22829318,
      0.77257216,
      -0.6213022
    ]
  },
  {
    "timeStamp": 15159,
    "rotation": [
      [
        0.996814251,
        -0.0797502249,
        0.00112864538
      ],
      [
        0.0009399524,
        0.0258961581,
        0.9996642
      ],
      [
        -0.07975267,
        -0.996478438,
        0.02588862
      ]
    ],
    "translation": [
      2.22865534,
      0.7691694,
      -0.6182683
    ]
  },
  {
    "timeStamp": 15203,
    "rotation": [
      [
        0.996456,
        -0.08358209,
        0.009456808
      ],
      [
        -0.00760278851,
        0.0224725381,
        0.999718547
      ],
      [
        -0.08377109,
        -0.9962475,
        0.0217574388
      ]
    ],
    "translation": [
      2.22860146,
      0.766796947,
      -0.6164591
    ]
  },
  {
    "timeStamp": 15259,
    "rotation": [
      [
        0.9962094,
        -0.0855647549,
        0.0156700425
      ],
      [
        -0.01425723,
        0.0170978326,
        0.999752164
      ],
      [
        -0.08581147,
        -0.9961859,
        0.0158131067
      ]
    ],
    "translation": [
      2.22814,
      0.7643564,
      -0.6132081
    ]
  },
  {
    "timeStamp": 15303,
    "rotation": [
      [
        0.996280849,
        -0.08481748,
        0.0151828974
      ],
      [
        -0.0142173478,
        0.0119763315,
        0.9998272
      ],
      [
        -0.08498465,
        -0.996324539,
        0.01072591
      ]
    ],
    "translation": [
      2.229306,
      0.7621541,
      -0.6101893
    ]
  },
  {
    "timeStamp": 15359,
    "rotation": [
      [
        0.995860934,
        -0.08819457,
        0.021970395
      ],
      [
        -0.0206694733,
        0.0156369582,
        0.999664068
      ],
      [
        -0.0885085,
        -0.9959805,
        0.0137493
      ]
    ],
    "translation": [
      2.22884178,
      0.7578497,
      -0.6090471
    ]
  },
  {
    "timeStamp": 15403,
    "rotation": [
      [
        0.99578166,
        -0.0892654657,
        0.0212280769
      ],
      [
        -0.01967984,
        0.01818879,
        0.9996409
      ],
      [
        -0.08961951,
        -0.9958418,
        0.016355332
      ]
    ],
    "translation": [
      2.229945,
      0.7543732,
      -0.607946754
    ]
  },
  {
    "timeStamp": 15459,
    "rotation": [
      [
        0.995516062,
        -0.0895719752,
        0.030407805
      ],
      [
        -0.0283642374,
        0.0240002871,
        0.9993095
      ],
      [
        -0.09023993,
        -0.9956911,
        0.02135203
      ]
    ],
    "translation": [
      2.22812366,
      0.7503302,
      -0.607561052
    ]
  },
  {
    "timeStamp": 15503,
    "rotation": [
      [
        0.9953602,
        -0.0908850953,
        0.03159225
      ],
      [
        -0.0296504,
        0.0226377454,
        0.999303937
      ],
      [
        -0.09153703,
        -0.9956041,
        0.01983793
      ]
    ],
    "translation": [
      2.22775865,
      0.7474382,
      -0.6067966
    ]
  },
  {
    "timeStamp": 15564,
    "rotation": [
      [
        0.995546162,
        -0.087435104,
        0.0352559164
      ],
      [
        -0.03319998,
        0.0248580929,
        0.999139547
      ],
      [
        -0.0882362649,
        -0.99586004,
        0.0218445342
      ]
    ],
    "translation": [
      2.22637033,
      0.744680941,
      -0.6064278
    ]
  },
  {
    "timeStamp": 15609,
    "rotation": [
      [
        0.995359,
        -0.0894305855,
        0.0355327167
      ],
      [
        -0.0334252864,
        0.0249537621,
        0.999129653
      ],
      [
        -0.09023943,
        -0.9956804,
        0.02184871
      ]
    ],
    "translation": [
      2.226815,
      0.74301666,
      -0.6054422
    ]
  },
  {
    "timeStamp": 15653,
    "rotation": [
      [
        0.995195,
        -0.09054822,
        0.037256714
      ],
      [
        -0.0355246663,
        0.0206659716,
        0.9991551
      ],
      [
        -0.09124166,
        -0.99567765,
        0.0173499752
      ]
    ],
    "translation": [
      2.22711468,
      0.7423481,
      -0.6041069
    ]
  },
  {
    "timeStamp": 15709,
    "rotation": [
      [
        0.9956047,
        -0.08806109,
        0.0318832137
      ],
      [
        -0.0303628128,
        0.0185515042,
        0.99936676
      ],
      [
        -0.08859681,
        -0.9959423,
        0.0157961827
      ]
    ],
    "translation": [
      2.22985315,
      0.741683841,
      -0.6025574
    ]
  },
  {
    "timeStamp": 15753,
    "rotation": [
      [
        0.9956692,
        -0.08692363,
        0.0329733267
      ],
      [
        -0.0311885979,
        0.02181126,
        0.9992755
      ],
      [
        -0.08757985,
        -0.9959762,
        0.0190057717
      ]
    ],
    "translation": [
      2.23126435,
      0.7404592,
      -0.6029091
    ]
  },
  {
    "timeStamp": 15809,
    "rotation": [
      [
        0.996247649,
        -0.081580095,
        0.028902147
      ],
      [
        -0.02724756,
        0.0213229265,
        0.9994013
      ],
      [
        -0.08214753,
        -0.9964387,
        0.0190200564
      ]
    ],
    "translation": [
      2.23254323,
      0.739656448,
      -0.603045344
    ]
  },
  {
    "timeStamp": 15853,
    "rotation": [
      [
        0.996369362,
        -0.07980332,
        0.0296554547
      ],
      [
        -0.0279656257,
        0.02221016,
        0.9993621
      ],
      [
        -0.08041106,
        -0.996563137,
        0.0198977739
      ]
    ],
    "translation": [
      2.23236418,
      0.739464343,
      -0.6032334
    ]
  },
  {
    "timeStamp": 15909,
    "rotation": [
      [
        0.9957035,
        -0.08581498,
        0.03479066
      ],
      [
        -0.0335049,
        0.0163784418,
        0.999304354
      ],
      [
        -0.0863250941,
        -0.9961765,
        0.0134328492
      ]
    ],
    "translation": [
      2.23247552,
      0.739854336,
      -0.6013187
    ]
  },
  {
    "timeStamp": 15953,
    "rotation": [
      [
        0.9959181,
        -0.08353788,
        0.03418335
      ],
      [
        -0.0326622128,
        0.0195086654,
        0.999276042
      ],
      [
        -0.0841442645,
        -0.996313632,
        0.0167005
      ]
    ],
    "translation": [
      2.23267365,
      0.7387564,
      -0.6019032
    ]
  }
]