[
  {
    "timeStamp": 84683,
    "rotation": [
      [
        0.999918342,
        0.00615421776,
        0.0112024164
      ],
      [
        -0.0112166228,
        0.00227877637,
        0.9999345
      ],
      [
        0.006128287,
        -0.9999785,
        0.00234761974
      ]
    ],
    "translation": [
      1.15356779,
      0.70440197,
      -0.7510596
    ]
  },
  {
    "timeStamp": 84738,
    "rotation": [
      [
        0.998722851,
        -0.00567898341,
        0.0502038859
      ],
      [
        -0.0501481742,
        0.0095604565,
        0.998696
      ],
      [
        -0.00615155,
        -0.9999382,
        0.009263456
      ]
    ],
    "translation": [
      1.15399754,
      0.709207535,
      -0.7518287
    ]
  },
  {
    "timeStamp": 84782,
    "rotation": [
      [
        0.9971224,
        -0.02049871,
        0.07298442
      ],
      [
        -0.0728248358,
        0.008427474,
        0.997309148
      ],
      [
        -0.0210586227,
        -0.999754369,
        0.00691040838
      ]
    ],
    "translation": [
      1.15710247,
      0.7207339,
      -0.750023842
    ]
  },
  {
    "timeStamp": 84840,
    "rotation": [
      [
        0.991392434,
        -0.04318458,
        0.123596989
      ],
      [
        -0.124070026,
        -0.008440615,
        0.992237568
      ],
      [
        -0.0418061279,
        -0.9990315,
        -0.0137258731
      ]
    ],
    "translation": [
      1.16350937,
      0.7488108,
      -0.7441143
    ]
  },
  {
    "timeStamp": 84882,
    "rotation": [
      [
        0.981898,
        -0.07526935,
        0.173812568
      ],
      [
        -0.175376549,
        -0.01464201,
        0.9843925
      ],
      [
        -0.07154962,
        -0.997055769,
        -0.02757744
      ]
    ],
    "translation": [
      1.174776,
      0.7784642,
      -0.738872051
    ]
  },
  {
    "timeStamp": 84938,
    "rotation": [
      [
        0.969137847,
        -0.106511913,
        0.222321957
      ],
      [
        -0.227685258,
        -0.041007895,
        0.9728709
      ],
      [
        -0.0945053846,
        -0.9934654,
        -0.06399349
      ]
    ],
    "translation": [
      1.19776607,
      0.819307446,
      -0.7328288
    ]
  },
  {
    "timeStamp": 84982,
    "rotation": [
      [
        0.9586689,
        -0.13950038,
        0.247979119
      ],
      [
        -0.2582439,
        -0.0607680343,
        0.964166641
      ],
      [
        -0.119432405,
        -0.988355637,
        -0.09428154
      ]
    ],
    "translation": [
      1.223638,
      0.8505701,
      -0.727327943
    ]
  },
  {
    "timeStamp": 85038,
    "rotation": [
      [
        0.9455639,
        -0.186592326,
        0.266631275
      ],
      [
        -0.284969062,
        -0.07905639,
        0.955271
      ],
      [
        -0.15716733,
        -0.9792515,
        -0.1279259
      ]
    ],
    "translation": [
      1.265213,
      0.8855489,
      -0.7200191
    ]
  },
  {
    "timeStamp": 85082,
    "rotation": [
      [
        0.9355127,
        -0.237220213,
        0.2618064
      ],
      [
        -0.290827185,
        -0.0963487849,
        0.951912
      ],
      [
        -0.200588033,
        -0.9666662,
        -0.1591256
      ]
    ],
    "translation": [
      1.30532861,
      0.9074608,
      -0.712188065
    ]
  },
  {
    "timeStamp": 85138,
    "rotation": [
      [
        0.9224167,
        -0.310349733,
        0.229848877
      ],
      [
        -0.276235968,
        -0.114278935,
        0.954271436
      ],
      [
        -0.269891,
        -0.943728447,
        -0.191142544
      ]
    ],
    "translation": [
      1.36339653,
      0.928359,
      -0.7008403
    ]
  },
  {
    "timeStamp": 85182,
    "rotation": [
      [
        0.9047697,
        -0.3777605,
        0.1966946
      ],
      [
        -0.264895827,
        -0.137493536,
        0.954424262
      ],
      [
        -0.333499521,
        -0.9156378,
        -0.224467158
      ]
    ],
    "translation": [
      1.41420126,
      0.9443486,
      -0.6912044
    ]
  },
  {
    "timeStamp": 85238,
    "rotation": [
      [
        0.862069249,
        -0.480237573,
        0.1618902
      ],
      [
        -0.2601613,
        -0.145218849,
        0.9545824
      ],
      [
        -0.434916824,
        -0.8650337,
        -0.250127941
      ]
    ],
    "translation": [
      1.48112428,
      0.9658519,
      -0.679573
    ]
  },
  {
    "timeStamp": 85282,
    "rotation": [
      [
        0.819801331,
        -0.5600638,
        0.119391441
      ],
      [
        -0.2537599,
        -0.1683966,
        0.952495933
      ],
      [
        -0.513353348,
        -0.811154246,
        -0.280173481
      ]
    ],
    "translation": [
      1.5366478,
      0.981647,
      -0.6722631
    ]
  },
  {
    "timeStamp": 85338,
    "rotation": [
      [
        0.753617167,
        -0.6532345,
        0.07311531
      ],
      [
        -0.2637453,
        -0.198623791,
        0.9439211
      ],
      [
        -0.6020794,
        -0.7306389,
        -0.32197383
      ]
    ],
    "translation": [
      1.6042757,
      1.00294125,
      -0.6659489
    ]
  },
  {
    "timeStamp": 85382,
    "rotation": [
      [
        0.691532,
        -0.7215034,
        0.03487677
      ],
      [
        -0.273267716,
        -0.216611221,
        0.937232256
      ],
      [
        -0.668661535,
        -0.6576568,
        -0.346957147
      ]
    ],
    "translation": [
      1.65816057,
      1.01723051,
      -0.663389
    ]
  },
  {
    "timeStamp": 85438,
    "rotation": [
      [
        0.6137494,
        -0.789185,
        -0.0223327931
      ],
      [
        -0.282600343,
        -0.246015474,
        0.9271534
      ],
      [
        -0.73718977,
        -0.5627286,
        -0.374015778
      ]
    ],
    "translation": [
      1.72427022,
      1.03088069,
      -0.661535442
    ]
  },
  {
    "timeStamp": 85482,
    "rotation": [
      [
        0.5469614,
        -0.834037364,
        -0.07221358
      ],
      [
        -0.2965212,
        -0.273679674,
        0.9149725
      ],
      [
        -0.782884657,
        -0.479041785,
        -0.397002
      ]
    ],
    "translation": [
      1.77685845,
      1.0406822,
      -0.6607643
    ]
  },
  {
    "timeStamp": 85537,
    "rotation": [
      [
        0.441112518,
        -0.8864955,
        -0.139805272
      ],
      [
        -0.314412236,
        -0.298559576,
        0.9011144
      ],
      [
        -0.840574,
        -0.353536367,
        -0.410423368
      ]
    ],
    "translation": [
      1.84418333,
      1.04941237,
      -0.6600169
    ]
  },
  {
    "timeStamp": 85582,
    "rotation": [
      [
        0.364327133,
        -0.91043365,
        -0.195899054
      ],
      [
        -0.319512933,
        -0.319789648,
        0.891989946
      ],
      [
        -0.8747441,
        -0.262383848,
        -0.40740335
      ]
    ],
    "translation": [
      1.89550257,
      1.05007434,
      -0.660522461
    ]
  },
  {
    "timeStamp": 85638,
    "rotation": [
      [
        0.246327758,
        -0.930156469,
        -0.2722714
      ],
      [
        -0.312730044,
        -0.342183471,
        0.8860646
      ],
      [
        -0.917345464,
        -0.133114874,
        -0.375177145
      ]
    ],
    "translation": [
      1.95952964,
      1.04325771,
      -0.6630086
    ]
  },
  {
    "timeStamp": 85687,
    "rotation": [
      [
        0.180557176,
        -0.9196997,
        -0.3486424
      ],
      [
        -0.263696223,
        -0.386755943,
        0.883676469
      ],
      [
        -0.947556555,
        -0.06761843,
        -0.312352926
      ]
    ],
    "translation": [
      2.005074,
      1.02801919,
      -0.667298853
    ]
  },
  {
    "timeStamp": 85735,
    "rotation": [
      [
        0.144500181,
        -0.879311562,
        -0.453796029
      ],
      [
        -0.193803877,
        -0.474876881,
        0.858447433
      ],
      [
        -0.97034,
        -0.0360983722,
        -0.239033788
      ]
    ],
    "translation": [
      2.051095,
      1.00775468,
      -0.6754352
    ]
  },
  {
    "timeStamp": 85788,
    "rotation": [
      [
        0.1216102,
        -0.8559329,
        -0.5025831
      ],
      [
        -0.141905725,
        -0.516132534,
        0.844671547
      ],
      [
        -0.982381642,
        -0.0314012654,
        -0.184228763
      ]
    ],
    "translation": [
      2.07745,
      0.9908721,
      -0.682423353
    ]
  },
  {
    "timeStamp": 85835,
    "rotation": [
      [
        0.111280374,
        -0.82146585,
        -0.5592947
      ],
      [
        -0.07166375,
        -0.5679581,
        0.8199316
      ],
      [
        -0.9912018,
        -0.0511611365,
        -0.122071914
      ]
    ],
    "translation": [
      2.10351157,
      0.9688908,
      -0.6898392
    ]
  },
  {
    "timeStamp": 85888,
    "rotation": [
      [
        0.139791325,
        -0.784680068,
        -0.6039335
      ],
      [
        0.0221213978,
        -0.6072952,
        0.794168234
      ],
      [
        -0.9899339,
        -0.124377683,
        -0.0675363839
      ]
    ],
    "translation": [
      2.11736226,
      0.9421416,
      -0.69557935
    ]
  },
  {
    "timeStamp": 85932,
    "rotation": [
      [
        0.14499265,
        -0.7918551,
        -0.5932475
      ],
      [
        0.049853798,
        -0.5929751,
        0.803676
      ],
      [
        -0.988176,
        -0.146102756,
        -0.04650004
      ]
    ],
    "translation": [
      2.12146163,
      0.9250146,
      -0.696904
    ]
  },
  {
    "timeStamp": 85988,
    "rotation": [
      [
        0.196517617,
        -0.7519173,
        -0.6292862
      ],
      [
        0.127693519,
        -0.616708636,
        0.776765645
      ],
      [
        -0.9721498,
        -0.2330039,
        -0.0251791421
      ]
    ],
    "translation": [
      2.123128,
      0.9011312,
      -0.6987394
    ]
  },
  {
    "timeStamp": 86032,
    "rotation": [
      [
        0.211793423,
        -0.74747473,
        -0.6296229
      ],
      [
        0.1554266,
        -0.6102774,
        0.776790857
      ],
      [
        -0.9648762,
        -0.262379348,
        -0.0130752828
      ]
    ],
    "translation": [
      2.12217617,
      0.8843968,
      -0.6984969
    ]
  },
  {
    "timeStamp": 86088,
    "rotation": [
      [
        0.2241405,
        -0.770135462,
        -0.597203732
      ],
      [
        0.1780837,
        -0.5701107,
        0.8020349
      ],
      [
        -0.958147764,
        -0.286120772,
        0.009363693
      ]
    ],
    "translation": [
      2.11854815,
      0.864060163,
      -0.6986897
    ]
  },
  {
    "timeStamp": 86132,
    "rotation": [
      [
        0.228753954,
        -0.7702304,
        -0.595329165
      ],
      [
        0.1937218,
        -0.563296556,
        0.8032241
      ],
      [
        -0.9540144,
        -0.2990689,
        0.0203541089
      ]
    ],
    "translation": [
      2.117688,
      0.850209355,
      -0.6987122
    ]
  },
  {
    "timeStamp": 86188,
    "rotation": [
      [
        0.229008123,
        -0.788422942,
        -0.5709156
      ],
      [
        0.1994974,
        -0.536039,
        0.8202823
      ],
      [
        -0.9527623,
        -0.3017475,
        0.0345310457
      ]
    ],
    "translation": [
      2.11455774,
      0.8344628,
      -0.699418664
    ]
  },
  {
    "timeStamp": 86232,
    "rotation": [
      [
        0.215199888,
        -0.815214157,
        -0.537694037
      ],
      [
        0.190517142,
        -0.504969,
        0.8418489
      ],
      [
        -0.957805932,
        -0.2836057,
        0.046643
      ]
    ],
    "translation": [
      2.11248064,
      0.824397266,
      -0.699650168
    ]
  },
  {
    "timeStamp": 86289,
    "rotation": [
      [
        0.179657429,
        -0.8538787,
        -0.48848173
      ],
      [
        0.1601329,
        -0.4645535,
        0.870946348
      ],
      [
        -0.9706084,
        -0.234693959,
        0.0532735847
      ]
    ],
    "translation": [
      2.109865,
      0.816264451,
      -0.6981339
    ]
  },
  {
    "timeStamp": 86334,
    "rotation": [
      [
        0.15027222,
        -0.87614125,
        -0.458033651
      ],
      [
        0.1432869,
        -0.4391019,
        0.8869377
      ],
      [
        -0.978206038,
        -0.198912308,
        0.0595547445
      ]
    ],
    "translation": [
      2.10757422,
      0.8110586,
      -0.697457254
    ]
  },
  {
    "timeStamp": 86381,
    "rotation": [
      [
        0.108926542,
        -0.8989751,
        -0.424239039
      ],
      [
        0.1291234,
        -0.410366744,
        0.9027327
      ],
      [
        -0.9856278,
        -0.153110743,
        0.0713788942
      ]
    ],
    "translation": [
      2.10500765,
      0.805837035,
      -0.6966461
    ]
  },
  {
    "timeStamp": 86437,
    "rotation": [
      [
        0.0595170557,
        -0.924881339,
        -0.375569075
      ],
      [
        0.101006389,
        -0.36872524,
        0.9240343
      ],
      [
        -0.9931039,
        -0.09293068,
        0.07147349
      ]
    ],
    "translation": [
      2.102239,
      0.799962342,
      -0.695303559
    ]
  },
  {
    "timeStamp": 86481,
    "rotation": [
      [
        0.00510197971,
        -0.942603052,
        -0.333876371
      ],
      [
        0.07647573,
        -0.332535118,
        0.939985037
      ],
      [
        -0.9970584,
        -0.0303292237,
        0.07038967
      ]
    ],
    "translation": [
      2.102301,
      0.796442151,
      -0.694482863
    ]
  },
  {
    "timeStamp": 86537,
    "rotation": [
      [
        -0.05891705,
        -0.9619641,
        -0.2667472
      ],
      [
        0.0275791418,
        -0.26867792,
        0.9628352
      ],
      [
        -0.9978819,
        0.04937075,
        0.04235985
      ]
    ],
    "translation": [
      2.09990931,
      0.795598269,
      -0.6900384
    ]
  },
  {
    "timeStamp": 86581,
    "rotation": [
      [
        -0.09248612,
        -0.9642129,
        -0.248475313
      ],
      [
        -0.0023890594,
        -0.249329254,
        0.968415856
      ],
      [
        -0.995711148,
        0.09015865,
        0.0207559336
      ]
    ],
    "translation": [
      2.09882164,
      0.79613924,
      -0.686873436
    ]
  },
  {
    "timeStamp": 86637,
    "rotation": [
      [
        -0.146350831,
        -0.9634003,
        -0.224591345
      ],
      [
        -0.0203565154,
        -0.224054843,
        0.9743639
      ],
      [
        -0.989023268,
        0.147170871,
        0.0131791383
      ]
    ],
    "translation": [
      2.09989429,
      0.7946598,
      -0.684788644
    ]
  },
  {
    "timeStamp": 86682,
    "rotation": [
      [
        -0.184039935,
        -0.962777138,
        -0.197963119
      ],
      [
        -0.03843827,
        -0.194199637,
        0.980208635
      ],
      [
        -0.9821668,
        0.1880069,
        -0.00126700033
      ]
    ],
    "translation": [
      2.10046458,
      0.7930994,
      -0.68338114
    ]
  },
  {
    "timeStamp": 86737,
    "rotation": [
      [
        -0.2217771,
        -0.9593007,
        -0.17480585
      ],
      [
        -0.032457687,
        -0.171908185,
        0.984578133
      ],
      [
        -0.974557042,
        0.224030659,
        0.006988614
      ]
    ],
    "translation": [
      2.10118628,
      0.786629438,
      -0.6838655
    ]
  },
  {
    "timeStamp": 86782,
    "rotation": [
      [
        -0.24174349,
        -0.9575035,
        -0.157312423
      ],
      [
        -0.0420101173,
        -0.15164125,
        0.98754245
      ],
      [
        -0.9694304,
        0.245340675,
        -0.003566549
      ]
    ],
    "translation": [
      2.10144734,
      0.782686055,
      -0.6831986
    ]
  },
  {
    "timeStamp": 86837,
    "rotation": [
      [
        -0.269083261,
        -0.954080939,
        -0.131619215
      ],
      [
        -0.05215609,
        -0.122024029,
        0.9911558
      ],
      [
        -0.9617036,
        0.273568183,
        -0.01692651
      ]
    ],
    "translation": [
      2.1015718,
      0.777709842,
      -0.6825272
    ]
  },
  {
    "timeStamp": 86881,
    "rotation": [
      [
        -0.290792644,
        -0.950823069,
        -0.106654339
      ],
      [
        -0.05007716,
        -0.0961937457,
        0.9941021
      ],
      [
        -0.9554747,
        0.2944185,
        -0.0196420848
      ]
    ],
    "translation": [
      2.101475,
      0.7716298,
      -0.683243
    ]
  },
  {
    "timeStamp": 86937,
    "rotation": [
      [
        -0.32558462,
        -0.9423047,
        -0.0778247043
      ],
      [
        -0.0607275963,
        -0.06129915,
        0.996270359
      ],
      [
        -0.9435607,
        0.329096377,
        -0.0372658372
      ]
    ],
    "translation": [
      2.1030395,
      0.767000735,
      -0.6830983
    ]
  },
  {
    "timeStamp": 86981,
    "rotation": [
      [
        -0.3529364,
        -0.9336737,
        -0.06074061
      ],
      [
        -0.06307055,
        -0.0410299,
        0.9971653
      ],
      [
        -0.9335192,
        0.355766833,
        -0.0444063656
      ]
    ],
    "translation": [
      2.105326,
      0.762459159,
      -0.6839452
    ]
  },
  {
    "timeStamp": 87037,
    "rotation": [
      [
        -0.390045643,
        -0.9195252,
        -0.04835103
      ],
      [
        -0.0814913139,
        -0.0178322159,
        0.9965145
      ],
      [
        -0.9171824,
        0.392626345,
        -0.0679779351
      ]
    ],
    "translation": [
      2.10941863,
      0.7596368,
      -0.6839496
    ]
  },
  {
    "timeStamp": 87081,
    "rotation": [
      [
        -0.410368353,
        -0.9110458,
        -0.0399171636
      ],
      [
        -0.09834855,
        0.00069754757,
        0.995151758
      ],
      [
        -0.906601,
        0.4123046,
        -0.0898862854
      ]
    ],
    "translation": [
      2.11160731,
      0.757635951,
      -0.68308
    ]
  },
  {
    "timeStamp": 87137,
    "rotation": [
      [
        -0.433816463,
        -0.9002859,
        -0.03589646
      ],
      [
        -0.109449118,
        0.01311041,
        0.993905962
      ],
      [
        -0.894328952,
        0.4351016,
        -0.104223005
      ]
    ],
    "translation": [
      2.11484313,
      0.7548267,
      -0.682258
    ]
  },
  {
    "timeStamp": 87181,
    "rotation": [
      [
        -0.449786216,
        -0.892582238,
        -0.031454023
      ],
      [
        -0.107802548,
        0.0192960054,
        0.993985057
      ],
      [
        -0.886606455,
        0.45047158,
        -0.104901716
      ]
    ],
    "translation": [
      2.11704373,
      0.7518277,
      -0.681734562
    ]
  },
  {
    "timeStamp": 87237,
    "rotation": [
      [
        -0.4540006,
        -0.89016217,
        -0.03866156
      ],
      [
        -0.112205453,
        0.0140735954,
        0.993585348
      ],
      [
        -0.883908,
        0.455426365,
        -0.10627047
      ]
    ],
    "translation": [
      2.11896849,
      0.7483298,
      -0.6800447
    ]
  },
  {
    "timeStamp": 87281,
    "rotation": [
      [
        -0.452142537,
        -0.890901566,
        -0.0431452543
      ],
      [
        -0.1119424,
        0.008689497,
        0.9936767
      ],
      [
        -0.884893239,
        0.454113275,
        -0.103658549
      ]
    ],
    "translation": [
      2.11962056,
      0.744847655,
      -0.6782889
    ]
  },
  {
    "timeStamp": 87337,
    "rotation": [
      [
        -0.446709752,
        -0.8938008,
        -0.03963218
      ],
      [
        -0.106584474,
        0.009182783,
        0.994261265
      ],
      [
        -0.8883076,
        0.448370367,
        -0.09936732
      ]
    ],
    "translation": [
      2.11885929,
      0.740747,
      -0.675253153
    ]
  },
  {
    "timeStamp": 87381,
    "rotation": [
      [
        -0.435961336,
        -0.898952246,
        -0.0426904745
      ],
      [
        -0.104592316,
        0.0034953393,
        0.994509041
      ],
      [
        -0.893866956,
        0.4380326,
        -0.09554733
      ]
    ],
    "translation": [
      2.117247,
      0.7372537,
      -0.673488259
    ]
  },
  {
    "timeStamp": 87437,
    "rotation": [
      [
        -0.436802745,
        -0.898470044,
        -0.04421512
      ],
      [
        -0.104542233,
        0.00188272586,
        0.994518638
      ],
      [
        -0.893461943,
        0.439030856,
        -0.09475044
      ]
    ],
    "translation": [
      2.11726952,
      0.734783351,
      -0.672617555
    ]
  },
  {
    "timeStamp": 87481,
    "rotation": [
      [
        -0.44141376,
        -0.8963157,
        -0.0420958251
      ],
      [
        -0.0981284454,
        0.00158720661,
        0.9951725
      ],
      [
        -0.891921937,
        0.443413645,
        -0.08865468
      ]
    ],
    "translation": [
      2.117428,
      0.7333466,
      -0.672545433
    ]
  },
  {
    "timeStamp": 87537,
    "rotation": [
      [
        -0.4479626,
        -0.8925162,
        -0.05238563
      ],
      [
        -0.104410589,
        -0.005967763,
        0.9945164
      ],
      [
        -0.887934566,
        0.450975776,
        -0.09051481
      ]
    ],
    "translation": [
      2.11976957,
      0.73234874,
      -0.6739212
    ]
  },
  {
    "timeStamp": 87581,
    "rotation": [
      [
        -0.4505036,
        -0.891126156,
        -0.05422795
      ],
      [
        -0.104064427,
        -0.007911802,
        0.9945391
      ],
      [
        -0.8866888,
        0.453686655,
        -0.08917024
      ]
    ],
    "translation": [
      2.12047672,
      0.731483459,
      -0.675281346
    ]
  },
  {
    "timeStamp": 87637,
    "rotation": [
      [
        -0.4680228,
        -0.882921159,
        -0.0374819636
      ],
      [
        -0.101465084,
        0.0115547851,
        0.994772
      ],
      [
        -0.877872169,
        0.469379067,
        -0.09499358
      ]
    ],
    "translation": [
      2.12185478,
      0.731717467,
      -0.6756724
    ]
  },
  {
    "timeStamp": 87681,
    "rotation": [
      [
        -0.477142036,
        -0.878084838,
        -0.0360908881
      ],
      [
        -0.09626096,
        0.0113989189,
        0.9952909
      ],
      [
        -0.873538435,
        0.478369266,
        -0.08996419
      ]
    ],
    "translation": [
      2.1224165,
      0.7313109,
      -0.67594564
    ]
  },
  {
    "timeStamp": 87737,
    "rotation": [
      [
        -0.4767794,
        -0.8786208,
        -0.0265871137
      ],
      [
        -0.08716388,
        0.0171586554,
        0.9960462
      ],
      [
        -0.874690652,
        0.477211773,
        -0.08476489
      ]
    ],
    "translation": [
      2.12239456,
      0.730931759,
      -0.675902665
    ]
  },
  {
    "timeStamp": 87781,
    "rotation": [
      [
        -0.475436,
        -0.8790579,
        -0.034896642
      ],
      [
        -0.08686755,
        0.00743545964,
        0.9961921
      ],
      [
        -0.8754511,
        0.476656973,
        -0.07989669
      ]
    ],
    "translation": [
      2.122278,
      0.7305863,
      -0.67585063
    ]
  },
  {
    "timeStamp": 87837,
    "rotation": [
      [
        -0.4702054,
        -0.881726444,
        -0.03828103
      ],
      [
        -0.08644434,
        0.00284557021,
        0.9962526
      ],
      [
        -0.878313363,
        0.471752524,
        -0.07755826
      ]
    ],
    "translation": [
      2.12190342,
      0.730395436,
      -0.675725043
    ]
  }
]