[
  {
    "timeStamp": 97876,
    "rotation": [
      [
        0.995123744,
        0.04668664,
        -0.08688593
      ],
      [
        0.0855536759,
        0.0298180338,
        0.9958873
      ],
      [
        0.04908539,
        -0.998464465,
        0.0256784186
      ]
    ],
    "translation": [
      1.3016957,
      0.6999945,
      -0.4902664
    ]
  },
  {
    "timeStamp": 97921,
    "rotation": [
      [
        0.997283,
        0.0410173461,
        -0.06119084
      ],
      [
        0.06035774,
        0.0212516952,
        0.997950554
      ],
      [
        0.04223369,
        -0.9989324,
        0.0187182389
      ]
    ],
    "translation": [
      1.3015337,
      0.70581454,
      -0.4912434
    ]
  },
  {
    "timeStamp": 97976,
    "rotation": [
      [
        0.997698843,
        0.04575575,
        -0.0500340536
      ],
      [
        0.0505200438,
        -0.009526645,
        0.9986776
      ],
      [
        0.04521859,
        -0.9989072,
        -0.0118163051
      ]
    ],
    "translation": [
      1.30533159,
      0.7235898,
      -0.493076146
    ]
  },
  {
    "timeStamp": 98021,
    "rotation": [
      [
        0.9981349,
        0.0536223948,
        -0.02917655
      ],
      [
        0.0312485658,
        -0.0382174365,
        0.9987807
      ],
      [
        0.0524419546,
        -0.9978297,
        -0.03982178
      ]
    ],
    "translation": [
      1.31104779,
      0.7428685,
      -0.496578217
    ]
  },
  {
    "timeStamp": 98076,
    "rotation": [
      [
        0.996244848,
        0.08627545,
        -0.00726459175
      ],
      [
        0.01526482,
        -0.09243485,
        0.9956017
      ],
      [
        0.08522448,
        -0.991973937,
        -0.0934047252
      ]
    ],
    "translation": [
      1.32437706,
      0.774166346,
      -0.50405407
    ]
  },
  {
    "timeStamp": 98121,
    "rotation": [
      [
        0.9954765,
        0.09454706,
        0.009347627
      ],
      [
        0.00334542082,
        -0.133209363,
        0.991082251
      ],
      [
        0.09494911,
        -0.986567855,
        -0.1329231
      ]
    ],
    "translation": [
      1.34336579,
      0.8010443,
      -0.5115782
    ]
  },
  {
    "timeStamp": 98176,
    "rotation": [
      [
        0.994474769,
        0.0984402746,
        0.03646317
      ],
      [
        -0.0208619684,
        -0.1550914,
        0.987679839
      ],
      [
        0.102882594,
        -0.982983351,
        -0.152180821
      ]
    ],
    "translation": [
      1.37408829,
      0.831067443,
      -0.5265293
    ]
  },
  {
    "timeStamp": 98220,
    "rotation": [
      [
        0.9912544,
        0.123835467,
        0.0456007123
      ],
      [
        -0.0241941921,
        -0.1691554,
        0.9852924
      ],
      [
        0.129727751,
        -0.9777787,
        -0.16467993
      ]
    ],
    "translation": [
      1.40119922,
      0.85104537,
      -0.5421883
    ]
  },
  {
    "timeStamp": 98276,
    "rotation": [
      [
        0.984861135,
        0.167723551,
        0.04378712
      ],
      [
        -0.0169651881,
        -0.15812625,
        0.987273157
      ],
      [
        0.172512844,
        -0.973069847,
        -0.152886942
      ]
    ],
    "translation": [
      1.43932068,
      0.868201852,
      -0.5669309
    ]
  },
  {
    "timeStamp": 98320,
    "rotation": [
      [
        0.981434166,
        0.190112337,
        0.0253826324
      ],
      [
        0.00317574479,
        -0.1484287,
        0.988918
      ],
      [
        0.191773027,
        -0.9704773,
        -0.146276742
      ]
    ],
    "translation": [
      1.47482622,
      0.8782503,
      -0.587535143
    ]
  },
  {
    "timeStamp": 98376,
    "rotation": [
      [
        0.977355242,
        0.211603418,
        -0.0007943099
      ],
      [
        0.0228812769,
        -0.101950973,
        0.994526267
      ],
      [
        0.210364178,
        -0.972023666,
        -0.104484081
      ]
    ],
    "translation": [
      1.52198792,
      0.8837146,
      -0.616991
    ]
  },
  {
    "timeStamp": 98421,
    "rotation": [
      [
        0.9816509,
        0.19027181,
        -0.01257382
      ],
      [
        0.0277874321,
        -0.07750191,
        0.9966049
      ],
      [
        0.188651323,
        -0.9786675,
        -0.081366986
      ]
    ],
    "translation": [
      1.56305456,
      0.889532447,
      -0.639034033
    ]
  },
  {
    "timeStamp": 98476,
    "rotation": [
      [
        0.9847141,
        0.171840832,
        -0.02844023
      ],
      [
        0.0385746,
        -0.0559263639,
        0.9976894
      ],
      [
        0.16985321,
        -0.9835359,
        -0.0617001727
      ]
    ],
    "translation": [
      1.61348414,
      0.897313356,
      -0.6651502
    ]
  },
  {
    "timeStamp": 98520,
    "rotation": [
      [
        0.991934836,
        0.122966461,
        -0.0307331011
      ],
      [
        0.03687842,
        -0.04801524,
        0.998165548
      ],
      [
        0.1212652,
        -0.9912486,
        -0.0521628
      ]
    ],
    "translation": [
      1.65473628,
      0.9051868,
      -0.6831467
    ]
  },
  {
    "timeStamp": 98576,
    "rotation": [
      [
        0.998131931,
        0.03907175,
        -0.04696875
      ],
      [
        0.04895121,
        -0.0514325723,
        0.997476041
      ],
      [
        0.0365574025,
        -0.9979119,
        -0.0532491021
      ]
    ],
    "translation": [
      1.7088306,
      0.9164987,
      -0.700689137
    ]
  },
  {
    "timeStamp": 98620,
    "rotation": [
      [
        0.9973066,
        -0.0210826043,
        -0.07025044
      ],
      [
        0.06848238,
        -0.07530564,
        0.9948061
      ],
      [
        -0.0262633711,
        -0.9969376,
        -0.0736590251
      ]
    ],
    "translation": [
      1.75069416,
      0.9279251,
      -0.7119355
    ]
  },
  {
    "timeStamp": 98676,
    "rotation": [
      [
        0.9880442,
        -0.116450064,
        -0.10103523
      ],
      [
        0.0876950547,
        -0.114490531,
        0.9895461
      ],
      [
        -0.126800269,
        -0.986575544,
        -0.10290961
      ]
    ],
    "translation": [
      1.80557346,
      0.9429926,
      -0.72110337
    ]
  },
  {
    "timeStamp": 98721,
    "rotation": [
      [
        0.973826349,
        -0.18841143,
        -0.1271353
      ],
      [
        0.09982939,
        -0.147959664,
        0.9839421
      ],
      [
        -0.204196826,
        -0.970880568,
        -0.125278026
      ]
    ],
    "translation": [
      1.84956729,
      0.954514146,
      -0.726477146
    ]
  },
  {
    "timeStamp": 98776,
    "rotation": [
      [
        0.9455105,
        -0.2732383,
        -0.177061185
      ],
      [
        0.1216927,
        -0.207832038,
        0.97056514
      ],
      [
        -0.3019946,
        -0.9392266,
        -0.163256288
      ]
    ],
    "translation": [
      1.90651,
      0.9700197,
      -0.729346156
    ]
  },
  {
    "timeStamp": 98820,
    "rotation": [
      [
        0.9120055,
        -0.324944615,
        -0.250313818
      ],
      [
        0.164636776,
        -0.268947482,
        0.948979437
      ],
      [
        -0.375687033,
        -0.906685352,
        -0.191783741
      ]
    ],
    "translation": [
      1.95280182,
      0.983843267,
      -0.7308705
    ]
  },
  {
    "timeStamp": 98876,
    "rotation": [
      [
        0.8654664,
        -0.360172361,
        -0.3482008
      ],
      [
        0.2232573,
        -0.344920665,
        0.911694
      ],
      [
        -0.448468626,
        -0.866778851,
        -0.218106136
      ]
    ],
    "translation": [
      2.0072217,
      1.00163829,
      -0.7321939
    ]
  },
  {
    "timeStamp": 98920,
    "rotation": [
      [
        0.820523,
        -0.371633619,
        -0.434316
      ],
      [
        0.2754707,
        -0.408670753,
        0.8701173
      ],
      [
        -0.500857055,
        -0.8335926,
        -0.2329496
      ]
    ],
    "translation": [
      2.04815674,
      1.01566494,
      -0.73299104
    ]
  },
  {
    "timeStamp": 98976,
    "rotation": [
      [
        0.7643552,
        -0.361262858,
        -0.5340883
      ],
      [
        0.343577,
        -0.4727318,
        0.8114675
      ],
      [
        -0.545633554,
        -0.803749859,
        -0.237213388
      ]
    ],
    "translation": [
      2.0909245,
      1.02815819,
      -0.7349539
    ]
  },
  {
    "timeStamp": 99020,
    "rotation": [
      [
        0.716228068,
        -0.3241682,
        -0.618006766
      ],
      [
        0.4161735,
        -0.512460232,
        0.751121938
      ],
      [
        -0.5601937,
        -0.795172632,
        -0.232128188
      ]
    ],
    "translation": [
      2.11873841,
      1.032874,
      -0.7363796
    ]
  },
  {
    "timeStamp": 99076,
    "rotation": [
      [
        0.672171354,
        -0.280332774,
        -0.6852731
      ],
      [
        0.491207719,
        -0.523678,
        0.6960434
      ],
      [
        -0.553986251,
        -0.80447185,
        -0.214299709
      ]
    ],
    "translation": [
      2.14379787,
      1.02644825,
      -0.7371967
    ]
  },
  {
    "timeStamp": 99121,
    "rotation": [
      [
        0.672152936,
        -0.275186479,
        -0.6873738
      ],
      [
        0.5095019,
        -0.5017015,
        0.699073255
      ],
      [
        -0.537232,
        -0.8201024,
        -0.197012126
      ]
    ],
    "translation": [
      2.15524983,
      1.00894785,
      -0.738342643
    ]
  },
  {
    "timeStamp": 99175,
    "rotation": [
      [
        0.686172545,
        -0.277162,
        -0.67256856
      ],
      [
        0.5123193,
        -0.472249061,
        0.7172933
      ],
      [
        -0.5164263,
        -0.8367569,
        -0.182048887
      ]
    ],
    "translation": [
      2.16163,
      0.98366034,
      -0.741060138
    ]
  },
  {
    "timeStamp": 99226,
    "rotation": [
      [
        0.702321351,
        -0.256576419,
        -0.664013
      ],
      [
        0.5222063,
        -0.448226839,
        0.7255296
      ],
      [
        -0.483782262,
        -0.856306732,
        -0.180813476
      ]
    ],
    "translation": [
      2.16004848,
      0.9596187,
      -0.743997633
    ]
  },
  {
    "timeStamp": 99272,
    "rotation": [
      [
        0.725232,
        -0.254212558,
        -0.639855146
      ],
      [
        0.5088724,
        -0.428091139,
        0.7468513
      ],
      [
        -0.4637753,
        -0.8672451,
        -0.181103632
      ]
    ],
    "translation": [
      2.15496659,
      0.941493,
      -0.746821
    ]
  },
  {
    "timeStamp": 99326,
    "rotation": [
      [
        0.7316435,
        -0.265341222,
        -0.6279266
      ],
      [
        0.509673059,
        -0.398780972,
        0.7623694
      ],
      [
        -0.452693224,
        -0.877819836,
        -0.15652822
      ]
    ],
    "translation": [
      2.15192652,
      0.920017958,
      -0.7512202
    ]
  },
  {
    "timeStamp": 99371,
    "rotation": [
      [
        0.742218137,
        -0.275460452,
        -0.610928655
      ],
      [
        0.4986573,
        -0.382028371,
        0.7780715
      ],
      [
        -0.44772,
        -0.8821428,
        -0.146188036
      ]
    ],
    "translation": [
      2.14926934,
      0.905855358,
      -0.753698766
    ]
  },
  {
    "timeStamp": 99426,
    "rotation": [
      [
        0.746640861,
        -0.283443034,
        -0.6018202
      ],
      [
        0.491728753,
        -0.374142855,
        0.786269665
      ],
      [
        -0.448029369,
        -0.88299334,
        -0.139973238
      ]
    ],
    "translation": [
      2.146812,
      0.891836047,
      -0.756468236
    ]
  },
  {
    "timeStamp": 99470,
    "rotation": [
      [
        0.753073156,
        -0.279794633,
        -0.5954795
      ],
      [
        0.4859607,
        -0.373592615,
        0.7901081
      ],
      [
        -0.443534732,
        -0.8843888,
        -0.145373359
      ]
    ],
    "translation": [
      2.144516,
      0.8832817,
      -0.7574711
    ]
  },
  {
    "timeStamp": 99526,
    "rotation": [
      [
        0.749011457,
        -0.279955715,
        -0.6005053
      ],
      [
        0.489878953,
        -0.376232982,
        0.786426961
      ],
      [
        -0.4460946,
        -0.8832177,
        -0.1446584
      ]
    ],
    "translation": [
      2.14428854,
      0.873863161,
      -0.759627938
    ]
  },
  {
    "timeStamp": 99571,
    "rotation": [
      [
        0.7513563,
        -0.2986145,
        -0.588466763
      ],
      [
        0.4730283,
        -0.378062129,
        0.7958098
      ],
      [
        -0.46011734,
        -0.8762981,
        -0.142806232
      ]
    ],
    "translation": [
      2.14600563,
      0.866753,
      -0.7619358
    ]
  },
  {
    "timeStamp": 99628,
    "rotation": [
      [
        0.7435192,
        -0.30207783,
        -0.5965972
      ],
      [
        0.479400456,
        -0.381206542,
        0.7904788
      ],
      [
        -0.4662129,
        -0.8737452,
        -0.138618127
      ]
    ],
    "translation": [
      2.1474607,
      0.8578536,
      -0.7639887
    ]
  },
  {
    "timeStamp": 99673,
    "rotation": [
      [
        0.7370974,
        -0.308966517,
        -0.6010217
      ],
      [
        0.482973158,
        -0.381219417,
        0.7882948
      ],
      [
        -0.472677857,
        -0.8713274,
        -0.131773278
      ]
    ],
    "translation": [
      2.149294,
      0.8509969,
      -0.766331
    ]
  },
  {
    "timeStamp": 99730,
    "rotation": [
      [
        0.734056652,
        -0.331199467,
        -0.5928471
      ],
      [
        0.4700374,
        -0.382287443,
        0.7955634
      ],
      [
        -0.4901282,
        -0.8626489,
        -0.1249445
      ]
    ],
    "translation": [
      2.15166664,
      0.8436936,
      -0.7690961
    ]
  },
  {
    "timeStamp": 99775,
    "rotation": [
      [
        0.7344081,
        -0.33461675,
        -0.5904882
      ],
      [
        0.4663006,
        -0.383408248,
        0.7972213
      ],
      [
        -0.493161649,
        -0.860830843,
        -0.125546128
      ]
    ],
    "translation": [
      2.15178537,
      0.83824116,
      -0.7704056
    ]
  },
  {
    "timeStamp": 99820,
    "rotation": [
      [
        0.740291953,
        -0.330984861,
        -0.5851639
      ],
      [
        0.459433615,
        -0.386372238,
        0.7997732
      ],
      [
        -0.490803927,
        -0.8609097,
        -0.1339627
      ]
    ],
    "translation": [
      2.149502,
      0.833143353,
      -0.7706155
    ]
  },
  {
    "timeStamp": 99876,
    "rotation": [
      [
        0.740119159,
        -0.319513679,
        -0.5917217
      ],
      [
        0.472396046,
        -0.379218042,
        0.795635343
      ],
      [
        -0.478607982,
        -0.868392,
        -0.129729539
      ]
    ],
    "translation": [
      2.14677238,
      0.8253831,
      -0.7717541
    ]
  },
  {
    "timeStamp": 99920,
    "rotation": [
      [
        0.733962953,
        -0.328475833,
        -0.5944763
      ],
      [
        0.4797575,
        -0.3688214,
        0.7961178
      ],
      [
        -0.480761021,
        -0.869525433,
        -0.113112509
      ]
    ],
    "translation": [
      2.14673567,
      0.819455564,
      -0.773512661
    ]
  },
  {
    "timeStamp": 99975,
    "rotation": [
      [
        0.7229021,
        -0.320439339,
        -0.612153
      ],
      [
        0.503808558,
        -0.361852169,
        0.7843724
      ],
      [
        -0.472852618,
        -0.8754323,
        -0.100143626
      ]
    ],
    "translation": [
      2.145439,
      0.81642437,
      -0.7749297
    ]
  }
]