[
  {
    "timeStamp": 64870,
    "rotation": [
      [
        -0.08059191,
        0.9967472,
        -1.18860912E-08
      ],
      [
        0.0,
        1.19248806E-08,
        1.0
      ],
      [
        0.9967472,
        0.08059191,
        -9.610489E-10
      ]
    ],
    "translation": [
      1.82507741,
      0.702112854,
      -0.669069231
    ]
  },
  {
    "timeStamp": 64927,
    "rotation": [
      [
        -0.08486957,
        0.996389747,
        0.00215765671
      ],
      [
        0.00164083112,
        -0.00202570623,
        0.9999966
      ],
      [
        0.9963907,
        0.08487282,
        -0.00146298646
      ]
    ],
    "translation": [
      1.82613075,
      0.7025449,
      -0.669945
    ]
  },
  {
    "timeStamp": 64970,
    "rotation": [
      [
        -0.0812359154,
        0.9965952,
        0.0140976375
      ],
      [
        0.006911145,
        -0.0135808075,
        0.9998839
      ],
      [
        0.996670961,
        0.08132392,
        -0.005784365
      ]
    ],
    "translation": [
      1.82532954,
      0.711266637,
      -0.6691035
    ]
  },
  {
    "timeStamp": 65025,
    "rotation": [
      [
        -0.0762135759,
        0.996193945,
        0.04229983
      ],
      [
        0.054122936,
        -0.038227465,
        0.997802258
      ],
      [
        0.995621562,
        0.07833549,
        -0.0510034822
      ]
    ],
    "translation": [
      1.823717,
      0.7384285,
      -0.661541343
    ]
  },
  {
    "timeStamp": 65069,
    "rotation": [
      [
        -0.04760672,
        0.9969569,
        0.06172991
      ],
      [
        0.09600994,
        -0.0569466762,
        0.993750036
      ],
      [
        0.9942413,
        0.0532358848,
        -0.09300673
      ]
    ],
    "translation": [
      1.829587,
      0.76940465,
      -0.6520152
    ]
  },
  {
    "timeStamp": 65125,
    "rotation": [
      [
        0.0369593874,
        0.9952755,
        0.08978161
      ],
      [
        0.204582572,
        -0.09547595,
        0.9741819
      ],
      [
        0.9781513,
        -0.017637426,
        -0.207144767
      ]
    ],
    "translation": [
      1.848602,
      0.8221222,
      -0.6342985
    ]
  },
  {
    "timeStamp": 65180,
    "rotation": [
      [
        0.11271973,
        0.9916946,
        0.0619361736
      ],
      [
        0.316828966,
        -0.0949517637,
        0.943717957
      ],
      [
        0.941760957,
        -0.08675247,
        -0.3249005
      ]
    ],
    "translation": [
      1.883296,
      0.8776692,
      -0.617133737
    ]
  },
  {
    "timeStamp": 65225,
    "rotation": [
      [
        0.18512255,
        0.9821453,
        0.0334698744
      ],
      [
        0.39622125,
        -0.105763838,
        0.912043154
      ],
      [
        0.8992988,
        -0.155578271,
        -0.408726126
      ]
    ],
    "translation": [
      1.91700518,
      0.918712258,
      -0.6085503
    ]
  },
  {
    "timeStamp": 65269,
    "rotation": [
      [
        0.2505072,
        0.9679909,
        -0.0154866241
      ],
      [
        0.441062838,
        -0.09987374,
        0.8919018
      ],
      [
        0.8618061,
        -0.23025839,
        -0.4519639
      ]
    ],
    "translation": [
      1.95774114,
      0.948574662,
      -0.6032768
    ]
  },
  {
    "timeStamp": 65325,
    "rotation": [
      [
        0.3113037,
        0.9482295,
        -0.0628559142
      ],
      [
        0.457804143,
        -0.091678,
        0.8843136
      ],
      [
        0.832769752,
        -0.3040658,
        -0.4626431
      ]
    ],
    "translation": [
      2.005784,
      0.966320753,
      -0.6018167
    ]
  },
  {
    "timeStamp": 65380,
    "rotation": [
      [
        0.3556452,
        0.929555237,
        -0.0971779
      ],
      [
        0.4304554,
        -0.07061909,
        0.899845064
      ],
      [
        0.829593062,
        -0.361856341,
        -0.425247371
      ]
    ],
    "translation": [
      2.04981923,
      0.963578343,
      -0.6065708
    ]
  },
  {
    "timeStamp": 65419,
    "rotation": [
      [
        0.3638304,
        0.926120758,
        -0.0996383
      ],
      [
        0.385054231,
        -0.05213758,
        0.921420038
      ],
      [
        0.8481513,
        -0.373606771,
        -0.37557593
      ]
    ],
    "translation": [
      2.06847525,
      0.9527836,
      -0.610331953
    ]
  },
  {
    "timeStamp": 65475,
    "rotation": [
      [
        0.3729767,
        0.9214148,
        -0.109010026
      ],
      [
        0.302745044,
        -0.009797938,
        0.9530212
      ],
      [
        0.877059758,
        -0.388456941,
        -0.282608151
      ]
    ],
    "translation": [
      2.10057664,
      0.9276334,
      -0.6211302
    ]
  },
  {
    "timeStamp": 65520,
    "rotation": [
      [
        0.376245052,
        0.9224228,
        -0.08703931
      ],
      [
        0.2481937,
        -0.009832914,
        0.968660533
      ],
      [
        0.89265877,
        -0.386056334,
        -0.232639119
      ]
    ],
    "translation": [
      2.11111569,
      0.9130749,
      -0.6284889
    ]
  },
  {
    "timeStamp": 65575,
    "rotation": [
      [
        0.40652898,
        0.9126159,
        -0.0432015248
      ],
      [
        0.200868174,
        -0.0431493856,
        0.9786675
      ],
      [
        0.8912834,
        -0.406534523,
        -0.200856984
      ]
    ],
    "translation": [
      2.11965585,
      0.8986375,
      -0.6321164
    ]
  },
  {
    "timeStamp": 65620,
    "rotation": [
      [
        0.3893059,
        0.917984962,
        -0.0757927
      ],
      [
        0.19153659,
        -0.000192695617,
        0.9814854
      ],
      [
        0.9009743,
        -0.396615177,
        -0.175902724
      ]
    ],
    "translation": [
      2.12738729,
      0.8845041,
      -0.635987
    ]
  },
  {
    "timeStamp": 65675,
    "rotation": [
      [
        0.417775124,
        0.9081643,
        -0.0264857
      ],
      [
        0.163324341,
        -0.0463921428,
        0.9854811
      ],
      [
        0.89375,
        -0.416035235,
        -0.167706817
      ]
    ],
    "translation": [
      2.126777,
      0.871050358,
      -0.6360867
    ]
  },
  {
    "timeStamp": 65720,
    "rotation": [
      [
        0.394088,
        0.918434858,
        -0.03423582
      ],
      [
        0.15011175,
        -0.02757137,
        0.9882845
      ],
      [
        0.906731,
        -0.3946103,
        -0.1487334
      ]
    ],
    "translation": [
      2.12588143,
      0.859254539,
      -0.637867868
    ]
  },
  {
    "timeStamp": 65775,
    "rotation": [
      [
        0.389415056,
        0.9210623,
        -0.000386923115
      ],
      [
        0.130396277,
        -0.05471426,
        0.9899511
      ],
      [
        0.9117854,
        -0.3855523,
        -0.14140965
      ]
    ],
    "translation": [
      2.12062,
      0.8468478,
      -0.63680166
    ]
  },
  {
    "timeStamp": 65819,
    "rotation": [
      [
        0.3889226,
        0.921169937,
        -0.0136053646
      ],
      [
        0.124058269,
        -0.0377330631,
        0.99155724
      ],
      [
        0.912879348,
        -0.387326866,
        -0.128954
      ]
    ],
    "translation": [
      2.12236261,
      0.836313546,
      -0.6377721
    ]
  },
  {
    "timeStamp": 65875,
    "rotation": [
      [
        0.383269548,
        0.9235778,
        -0.0104139633
      ],
      [
        0.107840359,
        -0.0335484371,
        0.993602037
      ],
      [
        0.9173194,
        -0.381940454,
        -0.112457059
      ]
    ],
    "translation": [
      2.12103534,
      0.8251157,
      -0.638007939
    ]
  },
  {
    "timeStamp": 65921,
    "rotation": [
      [
        0.398226351,
        0.916864,
        -0.02786137
      ],
      [
        0.106401786,
        -0.0160027836,
        0.994194448
      ],
      [
        0.9110952,
        -0.398878932,
        -0.103928693
      ]
    ],
    "translation": [
      2.1251936,
      0.817509055,
      -0.6365958
    ]
  },
  {
    "timeStamp": 65978,
    "rotation": [
      [
        0.434882283,
        0.9003882,
        -0.013363353
      ],
      [
        0.09124005,
        -0.02929495,
        0.9953979
      ],
      [
        0.895853043,
        -0.434100181,
        -0.09489131
      ]
    ],
    "translation": [
      2.12671685,
      0.808622241,
      -0.633781433
    ]
  },
  {
    "timeStamp": 66023,
    "rotation": [
      [
        0.468504727,
        0.8834561,
        -0.00292622135
      ],
      [
        0.07929861,
        -0.0387534462,
        0.9960973
      ],
      [
        0.8798949,
        -0.466908336,
        -0.08821302
      ]
    ],
    "translation": [
      2.130156,
      0.8033057,
      -0.63095057
    ]
  },
  {
    "timeStamp": 66080,
    "rotation": [
      [
        0.510207355,
        0.8599215,
        0.0149490051
      ],
      [
        0.06441121,
        -0.0555375256,
        0.9963768
      ],
      [
        0.8576361,
        -0.507395864,
        -0.08372424
      ]
    ],
    "translation": [
      2.129716,
      0.7973677,
      -0.627621353
    ]
  },
  {
    "timeStamp": 66124,
    "rotation": [
      [
        0.545531631,
        0.8375973,
        0.0287410654
      ],
      [
        0.052437298,
        -0.0683388561,
        0.9962832
      ],
      [
        0.836448252,
        -0.5419969,
        -0.08120235
      ]
    ],
    "translation": [
      2.12993646,
      0.7933923,
      -0.6244535
    ]
  },
  {
    "timeStamp": 66180,
    "rotation": [
      [
        0.5561264,
        0.830435,
        0.0331834555
      ],
      [
        0.04663844,
        -0.07104742,
        0.996382
      ],
      [
        0.8297881,
        -0.5525667,
        -0.07824154
      ]
    ],
    "translation": [
      2.12764025,
      0.78998214,
      -0.6221234
    ]
  },
  {
    "timeStamp": 66224,
    "rotation": [
      [
        0.560809851,
        0.826984465,
        0.03986331
      ],
      [
        0.04555594,
        -0.07889599,
        0.9958414
      ],
      [
        0.8266904,
        -0.5566616,
        -0.08191971
      ]
    ],
    "translation": [
      2.12504,
      0.7890878,
      -0.619928956
    ]
  },
  {
    "timeStamp": 66280,
    "rotation": [
      [
        0.564649761,
        0.8240503,
        0.045953203
      ],
      [
        0.03866476,
        -0.08202885,
        0.99587965
      ],
      [
        0.824424446,
        -0.5605464,
        -0.07817928
      ]
    ],
    "translation": [
      2.12282825,
      0.786120057,
      -0.618758559
    ]
  },
  {
    "timeStamp": 66324,
    "rotation": [
      [
        0.5694601,
        0.820913851,
        0.0426114835
      ],
      [
        0.036502257,
        -0.07703968,
        0.9963596
      ],
      [
        0.8212082,
        -0.5658316,
        -0.07383622
      ]
    ],
    "translation": [
      2.12375236,
      0.78279984,
      -0.618557036
    ]
  },
  {
    "timeStamp": 66378,
    "rotation": [
      [
        0.5881471,
        0.8071746,
        0.0505193658
      ],
      [
        0.0222143531,
        -0.0785654262,
        0.9966614
      ],
      [
        0.808448851,
        -0.5850613,
        -0.06413888
      ]
    ],
    "translation": [
      2.12712836,
      0.7771618,
      -0.6194719
    ]
  },
  {
    "timeStamp": 66422,
    "rotation": [
      [
        0.597252,
        0.7995089,
        0.0638398
      ],
      [
        0.0111973435,
        -0.08789935,
        0.996066451
      ],
      [
        0.8019754,
        -0.594187856,
        -0.06145044
      ]
    ],
    "translation": [
      2.12810969,
      0.773380041,
      -0.6198344
    ]
  },
  {
    "timeStamp": 66478,
    "rotation": [
      [
        0.604498446,
        0.7940179,
        0.06416535
      ],
      [
        0.004283568,
        -0.0837871954,
        0.996474445
      ],
      [
        0.796594858,
        -0.6020924,
        -0.0540504567
      ]
    ],
    "translation": [
      2.13182163,
      0.7686578,
      -0.620782554
    ]
  },
  {
    "timeStamp": 66522,
    "rotation": [
      [
        0.6043787,
        0.793999135,
        0.0655117556
      ],
      [
        -0.005085395,
        -0.07838277,
        0.9969104
      ],
      [
        0.7966809,
        -0.602844536,
        -0.0433350727
      ]
    ],
    "translation": [
      2.133347,
      0.7650844,
      -0.621984065
    ]
  },
  {
    "timeStamp": 66578,
    "rotation": [
      [
        0.600681067,
        0.7956366,
        0.0783878341
      ],
      [
        -0.0144308712,
        -0.08724135,
        0.996082664
      ],
      [
        0.7993585,
        -0.5994592,
        -0.0409225
      ]
    ],
    "translation": [
      2.133774,
      0.761878967,
      -0.622460246
    ]
  },
  {
    "timeStamp": 66622,
    "rotation": [
      [
        0.5912373,
        0.801587641,
        0.0888579339
      ],
      [
        -0.0228637811,
        -0.0934740454,
        0.9953592
      ],
      [
        0.806173444,
        -0.59052515,
        -0.0369380228
      ]
    ],
    "translation": [
      2.13296485,
      0.759222746,
      -0.6229167
    ]
  },
  {
    "timeStamp": 66678,
    "rotation": [
      [
        0.5773552,
        0.812613666,
        0.07949826
      ],
      [
        -0.0201874077,
        -0.08312873,
        0.9963343
      ],
      [
        0.81624347,
        -0.5768437,
        -0.0315902419
      ]
    ],
    "translation": [
      2.13346362,
      0.756864548,
      -0.6229335
    ]
  },
  {
    "timeStamp": 66723,
    "rotation": [
      [
        0.570539355,
        0.8165247,
        0.08815972
      ],
      [
        -0.0233146474,
        -0.09119912,
        0.9955597
      ],
      [
        0.820939243,
        -0.570061445,
        -0.0329957046
      ]
    ],
    "translation": [
      2.132665,
      0.755707443,
      -0.622738838
    ]
  },
  {
    "timeStamp": 66779,
    "rotation": [
      [
        0.549708843,
        0.83239764,
        0.07024591
      ],
      [
        -0.0143007748,
        -0.07470129,
        0.9971034
      ],
      [
        0.835234,
        -0.5491211,
        -0.0291600246
      ]
    ],
    "translation": [
      2.13336062,
      0.75233084,
      -0.6227289
    ]
  },
  {
    "timeStamp": 66824,
    "rotation": [
      [
        0.545853138,
        0.8348826,
        0.07081917
      ],
      [
        -0.0183139127,
        -0.07261332,
        0.997192
      ],
      [
        0.8376807,
        -0.545617342,
        -0.0243462417
      ]
    ],
    "translation": [
      2.13386345,
      0.7495668,
      -0.622602761
    ]
  },
  {
    "timeStamp": 66880,
    "rotation": [
      [
        0.538536549,
        0.840230346,
        0.06317693
      ],
      [
        -0.0153750507,
        -0.0651668,
        0.997755945
      ],
      [
        0.8424618,
        -0.5382994,
        -0.0221761223
      ]
    ],
    "translation": [
      2.1353004,
      0.7466598,
      -0.62212497
    ]
  },
  {
    "timeStamp": 66924,
    "rotation": [
      [
        0.531933248,
        0.8444686,
        0.06261011
      ],
      [
        -0.0150248073,
        -0.0645144358,
        0.9978037
      ],
      [
        0.846653044,
        -0.5317056,
        -0.0216293931
      ]
    ],
    "translation": [
      2.134917,
      0.7442789,
      -0.6213399
    ]
  },
  {
    "timeStamp": 66979,
    "rotation": [
      [
        0.518488169,
        0.853438735,
        0.0530303977
      ],
      [
        -0.0131717036,
        -0.05403894,
        0.998451948
      ],
      [
        0.85498327,
        -0.518384039,
        -0.01677731
      ]
    ],
    "translation": [
      2.13476086,
      0.7404991,
      -0.620663643
    ]
  },
  {
    "timeStamp": 67024,
    "rotation": [
      [
        0.512471557,
        0.857543766,
        0.0446272641
      ],
      [
        -0.007890943,
        -0.0472653545,
        0.9988512
      ],
      [
        0.85866797,
        -0.5122349,
        -0.0174553189
      ]
    ],
    "translation": [
      2.13474464,
      0.7381342,
      -0.6195221
    ]
  },
  {
    "timeStamp": 67079,
    "rotation": [
      [
        0.5064058,
        0.8612789,
        0.0418544933
      ],
      [
        -0.00584678724,
        -0.0451077223,
        0.998965
      ],
      [
        0.8622755,
        -0.5061264,
        -0.0178070962
      ]
    ],
    "translation": [
      2.13463187,
      0.7354887,
      -0.6184137
    ]
  },
  {
    "timeStamp": 67124,
    "rotation": [
      [
        0.504550934,
        0.862523437,
        0.0384924673
      ],
      [
        -0.00384872966,
        -0.042336,
        0.999096036
      ],
      [
        0.8633733,
        -0.504242957,
        -0.0180410482
      ]
    ],
    "translation": [
      2.13529015,
      0.73338604,
      -0.61736095
    ]
  },
  {
    "timeStamp": 67179,
    "rotation": [
      [
        0.5113018,
        0.8584515,
        0.0403906628
      ],
      [
        -0.000746216858,
        -0.0465551242,
        0.998915434
      ],
      [
        0.859400868,
        -0.5107774,
        -0.0231631286
      ]
    ],
    "translation": [
      2.13626575,
      0.7313918,
      -0.6152551
    ]
  },
  {
    "timeStamp": 67224,
    "rotation": [
      [
        0.513616145,
        0.857103169,
        0.0396564156
      ],
      [
        0.00110712263,
        -0.0468805023,
        0.9988999
      ],
      [
        0.8580194,
        -0.513007164,
        -0.0250274986
      ]
    ],
    "translation": [
      2.13635254,
      0.729961455,
      -0.614204466
    ]
  },
  {
    "timeStamp": 67280,
    "rotation": [
      [
        0.5114502,
        0.8586107,
        0.0347338542
      ],
      [
        -0.00227058562,
        -0.03907004,
        0.9992339
      ],
      [
        0.85931,
        -0.511137247,
        -0.01803283
      ]
    ],
    "translation": [
      2.13606453,
      0.7281587,
      -0.6132306
    ]
  },
  {
    "timeStamp": 67324,
    "rotation": [
      [
        0.5129053,
        0.8578142,
        0.03290971
      ],
      [
        0.002292452,
        -0.0397049673,
        0.9992088
      ],
      [
        0.8584422,
        -0.512424052,
        -0.0223313849
      ]
    ],
    "translation": [
      2.13531566,
      0.726829767,
      -0.612231731
    ]
  },
  {
    "timeStamp": 67379,
    "rotation": [
      [
        0.514351,
        0.8569286,
        0.0334130041
      ],
      [
        -0.0002340027,
        -0.03882174,
        0.9992461
      ],
      [
        0.8575797,
        -0.5139711,
        -0.0197674781
      ]
    ],
    "translation": [
      2.13442564,
      0.7255348,
      -0.6118886
    ]
  },
  {
    "timeStamp": 67424,
    "rotation": [
      [
        0.5135571,
        0.857481539,
        0.0313774534
      ],
      [
        -0.000263655878,
        -0.0364104,
        0.9993369
      ],
      [
        0.858055353,
        -0.51322484,
        -0.0184727386
      ]
    ],
    "translation": [
      2.133639,
      0.724549055,
      -0.6122287
    ]
  },
  {
    "timeStamp": 67479,
    "rotation": [
      [
        0.5124081,
        0.8581925,
        0.03071757
      ],
      [
        0.000100449754,
        -0.0358303264,
        0.9993579
      ],
      [
        0.858742058,
        -0.512075961,
        -0.0184459537
      ]
    ],
    "translation": [
      2.13362122,
      0.7242155,
      -0.6123236
    ]
  },
  {
    "timeStamp": 67524,
    "rotation": [
      [
        0.5130785,
        0.8577935,
        0.0306727737
      ],
      [
        0.000689020439,
        -0.03614651,
        0.999346256
      ],
      [
        0.858341455,
        -0.5127219,
        -0.0191370342
      ]
    ],
    "translation": [
      2.133612,
      0.7242262,
      -0.6123189
    ]
  }
]