[
  {
    "timeStamp": 40913,
    "rotation": [
      [
        0.999781132,
        0.00535373855,
        -0.02022666
      ],
      [
        0.020379,
        -0.03012072,
        0.9993385
      ],
      [
        0.00474096229,
        -0.999532,
        -0.03022323
      ]
    ],
    "translation": [
      1.46195078,
      0.7006368,
      -0.750430167
    ]
  },
  {
    "timeStamp": 40964,
    "rotation": [
      [
        0.999936044,
        0.005357409,
        -0.00996305048
      ],
      [
        0.0101378579,
        -0.033657264,
        0.999382
      ],
      [
        0.005018771,
        -0.9994191,
        -0.0337094255
      ]
    ],
    "translation": [
      1.46151626,
      0.7022344,
      -0.7505285
    ]
  },
  {
    "timeStamp": 41008,
    "rotation": [
      [
        0.999991834,
        0.00129633723,
        0.00383331324
      ],
      [
        -0.00378602277,
        -0.03470197,
        0.999390543
      ],
      [
        0.00142856885,
        -0.999396861,
        -0.0346967764
      ]
    ],
    "translation": [
      1.46013761,
      0.7023421,
      -0.75102973
    ]
  },
  {
    "timeStamp": 41063,
    "rotation": [
      [
        0.9999887,
        -0.003493191,
        0.003221197
      ],
      [
        -0.00334965228,
        -0.0374129526,
        0.9992943
      ],
      [
        -0.003370212,
        -0.9992938,
        -0.0374242328
      ]
    ],
    "translation": [
      1.46258318,
      0.7037355,
      -0.7505169
    ]
  },
  {
    "timeStamp": 41108,
    "rotation": [
      [
        0.9999842,
        -0.004650273,
        -0.00315159536
      ],
      [
        0.00288584339,
        -0.0560877,
        0.998421669
      ],
      [
        -0.00481969956,
        -0.998415,
        -0.0560733937
      ]
    ],
    "translation": [
      1.46425521,
      0.7066128,
      -0.747514069
    ]
  },
  {
    "timeStamp": 41164,
    "rotation": [
      [
        0.9996977,
        -0.0180509184,
        0.016693918
      ],
      [
        -0.0177425779,
        -0.05958644,
        0.9980655
      ],
      [
        -0.0170212742,
        -0.9980599,
        -0.0598886944
      ]
    ],
    "translation": [
      1.46466458,
      0.7129259,
      -0.7469777
    ]
  },
  {
    "timeStamp": 41208,
    "rotation": [
      [
        0.9993843,
        -0.0255462527,
        0.02405198
      ],
      [
        -0.02590776,
        -0.07498726,
        0.996847868
      ],
      [
        -0.0236621276,
        -0.9968572,
        -0.07560294
      ]
    ],
    "translation": [
      1.46625972,
      0.7198193,
      -0.7450865
    ]
  },
  {
    "timeStamp": 41263,
    "rotation": [
      [
        0.9975755,
        -0.0483238846,
        0.0500796363
      ],
      [
        -0.0543913469,
        -0.09247801,
        0.994228065
      ],
      [
        -0.0434137136,
        -0.994541466,
        -0.0948822
      ]
    ],
    "translation": [
      1.46969986,
      0.7318185,
      -0.742740035
    ]
  },
  {
    "timeStamp": 41308,
    "rotation": [
      [
        0.994292557,
        -0.08168947,
        0.06862354
      ],
      [
        -0.07726148,
        -0.107760519,
        0.991170168
      ],
      [
        -0.07357325,
        -0.990815043,
        -0.11345692
      ]
    ],
    "translation": [
      1.4752686,
      0.743967831,
      -0.740262866
    ]
  },
  {
    "timeStamp": 41364,
    "rotation": [
      [
        0.984117568,
        -0.134431288,
        0.115934946
      ],
      [
        -0.132255331,
        -0.119598866,
        0.9839739
      ],
      [
        -0.118411213,
        -0.983679,
        -0.1354786
      ]
    ],
    "translation": [
      1.4856981,
      0.7630555,
      -0.7386627
    ]
  },
  {
    "timeStamp": 41409,
    "rotation": [
      [
        0.9757178,
        -0.176126167,
        0.130209237
      ],
      [
        -0.156503871,
        -0.14470689,
        0.9770192
      ],
      [
        -0.1532365,
        -0.9736732,
        -0.168757513
      ]
    ],
    "translation": [
      1.50064385,
      0.779306948,
      -0.736120045
    ]
  },
  {
    "timeStamp": 41466,
    "rotation": [
      [
        0.951691568,
        -0.257159323,
        0.1677858
      ],
      [
        -0.212257326,
        -0.156116471,
        0.96466285
      ],
      [
        -0.221877918,
        -0.9536753,
        -0.203158692
      ]
    ],
    "translation": [
      1.52608216,
      0.8021739,
      -0.734525
    ]
  },
  {
    "timeStamp": 41511,
    "rotation": [
      [
        0.931588054,
        -0.31816572,
        0.175824583
      ],
      [
        -0.240168944,
        -0.175620988,
        0.95471257
      ],
      [
        -0.272878319,
        -0.931626439,
        -0.240019932
      ]
    ],
    "translation": [
      1.55331814,
      0.8204722,
      -0.733394861
    ]
  },
  {
    "timeStamp": 41568,
    "rotation": [
      [
        0.90314734,
        -0.391475976,
        0.176271126
      ],
      [
        -0.2700369,
        -0.198777616,
        0.942108035
      ],
      [
        -0.3337739,
        -0.898462057,
        -0.285238415
      ]
    ],
    "translation": [
      1.59477389,
      0.8419993,
      -0.732625663
    ]
  },
  {
    "timeStamp": 41613,
    "rotation": [
      [
        0.881461561,
        -0.4460309,
        0.155183777
      ],
      [
        -0.274597317,
        -0.216730073,
        0.9368161
      ],
      [
        -0.384215951,
        -0.8683804,
        -0.3135181
      ]
    ],
    "translation": [
      1.63340592,
      0.856426954,
      -0.733356833
    ]
  },
  {
    "timeStamp": 41668,
    "rotation": [
      [
        0.85008496,
        -0.5133738,
        0.117485613
      ],
      [
        -0.281908,
        -0.255143464,
        0.9248944
      ],
      [
        -0.444840848,
        -0.819359,
        -0.3616178
      ]
    ],
    "translation": [
      1.68683577,
      0.87468946,
      -0.7318146
    ]
  },
  {
    "timeStamp": 41713,
    "rotation": [
      [
        0.81706965,
        -0.5704365,
        0.08366305
      ],
      [
        -0.284213632,
        -0.272268355,
        0.9192892
      ],
      [
        -0.501617253,
        -0.77490145,
        -0.384588033
      ]
    ],
    "translation": [
      1.72960448,
      0.8876003,
      -0.732137144
    ]
  },
  {
    "timeStamp": 41768,
    "rotation": [
      [
        0.7868582,
        -0.616628647,
        0.024963459
      ],
      [
        -0.276910841,
        -0.3166281,
        0.907230437
      ],
      [
        -0.5515201,
        -0.7207744,
        -0.419892579
      ]
    ],
    "translation": [
      1.7820977,
      0.9054247,
      -0.730836749
    ]
  },
  {
    "timeStamp": 41813,
    "rotation": [
      [
        0.764550149,
        -0.6442856,
        -0.0189493168
      ],
      [
        -0.275565118,
        -0.353296936,
        0.8940051
      ],
      [
        -0.582689345,
        -0.67828995,
        -0.4476559
      ]
    ],
    "translation": [
      1.8207792,
      0.9212222,
      -0.730181038
    ]
  },
  {
    "timeStamp": 41868,
    "rotation": [
      [
        0.7280858,
        -0.6826857,
        -0.0618980527
      ],
      [
        -0.281713277,
        -0.380318254,
        0.880906165
      ],
      [
        -0.624922931,
        -0.6239378,
        -0.469225883
      ]
    ],
    "translation": [
      1.86722851,
      0.9404178,
      -0.728208542
    ]
  },
  {
    "timeStamp": 41912,
    "rotation": [
      [
        0.712981641,
        -0.6930456,
        -0.106512651
      ],
      [
        -0.277207345,
        -0.41813013,
        0.8650568
      ],
      [
        -0.644059956,
        -0.587243557,
        -0.490236461
      ]
    ],
    "translation": [
      1.90041554,
      0.955820739,
      -0.725719
    ]
  },
  {
    "timeStamp": 41968,
    "rotation": [
      [
        0.703888059,
        -0.689724267,
        -0.169770554
      ],
      [
        -0.255723476,
        -0.469048917,
        0.845339358
      ],
      [
        -0.662681758,
        -0.551609933,
        -0.5065366
      ]
    ],
    "translation": [
      1.94087839,
      0.972371757,
      -0.721421957
    ]
  },
  {
    "timeStamp": 42013,
    "rotation": [
      [
        0.6893382,
        -0.6927701,
        -0.211854741
      ],
      [
        -0.24376528,
        -0.497200578,
        0.832688451
      ],
      [
        -0.682195961,
        -0.5223611,
        -0.511612654
      ]
    ],
    "translation": [
      1.969897,
      0.9812657,
      -0.7187329
    ]
  },
  {
    "timeStamp": 42068,
    "rotation": [
      [
        0.6732331,
        -0.7012227,
        -0.234614387
      ],
      [
        -0.236888736,
        -0.505104244,
        0.8299117
      ],
      [
        -0.700457633,
        -0.5031465,
        -0.50616467
      ]
    ],
    "translation": [
      2.00144768,
      0.9869729,
      -0.7162033
    ]
  },
  {
    "timeStamp": 42113,
    "rotation": [
      [
        0.6658449,
        -0.6947295,
        -0.272032082
      ],
      [
        -0.216768786,
        -0.529019,
        0.820457339
      ],
      [
        -0.71390605,
        -0.487329274,
        -0.5028403
      ]
    ],
    "translation": [
      2.02460146,
      0.9885068,
      -0.713556647
    ]
  },
  {
    "timeStamp": 42168,
    "rotation": [
      [
        0.666456461,
        -0.6928568,
        -0.275291383
      ],
      [
        -0.196802065,
        -0.5196447,
        0.8314075
      ],
      [
        -0.7191,
        -0.499918967,
        -0.482676148
      ]
    ],
    "translation": [
      2.04686666,
      0.983620942,
      -0.710654
    ]
  },
  {
    "timeStamp": 42216,
    "rotation": [
      [
        0.6652546,
        -0.692962766,
        -0.277919
      ],
      [
        -0.172904745,
        -0.5051098,
        0.845557868
      ],
      [
        -0.72631973,
        -0.514457762,
        -0.455843151
      ]
    ],
    "translation": [
      2.062559,
      0.976112366,
      -0.708357751
    ]
  },
  {
    "timeStamp": 42263,
    "rotation": [
      [
        0.6827847,
        -0.6722957,
        -0.286048174
      ],
      [
        -0.133166522,
        -0.499469817,
        0.856035352
      ],
      [
        -0.718381345,
        -0.5463958,
        -0.4305576
      ]
    ],
    "translation": [
      2.07900929,
      0.9663477,
      -0.706092954
    ]
  },
  {
    "timeStamp": 42318,
    "rotation": [
      [
        0.700124741,
        -0.6601333,
        -0.2721202
      ],
      [
        -0.114226907,
        -0.4797523,
        0.869936764
      ],
      [
        -0.7048245,
        -0.5779808,
        -0.41129145
      ]
    ],
    "translation": [
      2.08859849,
      0.95524323,
      -0.706405163
    ]
  },
  {
    "timeStamp": 42363,
    "rotation": [
      [
        0.7091207,
        -0.6606035,
        -0.246476576
      ],
      [
        -0.107007638,
        -0.446349949,
        0.88843745
      ],
      [
        -0.696919739,
        -0.603634536,
        -0.387205631
      ]
    ],
    "translation": [
      2.09452486,
      0.9453539,
      -0.709193
    ]
  },
  {
    "timeStamp": 42418,
    "rotation": [
      [
        0.7051987,
        -0.673238456,
        -0.222361878
      ],
      [
        -0.106346756,
        -0.410513669,
        0.9056318
      ],
      [
        -0.7009887,
        -0.61500293,
        -0.361090422
      ]
    ],
    "translation": [
      2.103057,
      0.9349539,
      -0.7161399
    ]
  },
  {
    "timeStamp": 42463,
    "rotation": [
      [
        0.7098254,
        -0.6741395,
        -0.204166129
      ],
      [
        -0.099228844,
        -0.3826662,
        0.918542445
      ],
      [
        -0.697353244,
        -0.6317456,
        -0.3385203
      ]
    ],
    "translation": [
      2.110162,
      0.927792132,
      -0.7222893
    ]
  },
  {
    "timeStamp": 42518,
    "rotation": [
      [
        0.71316427,
        -0.671905458,
        -0.199849248
      ],
      [
        -0.0679586753,
        -0.350019,
        0.9342742
      ],
      [
        -0.697694957,
        -0.6527095,
        -0.295282871
      ]
    ],
    "translation": [
      2.12158084,
      0.9164929,
      -0.7343992
    ]
  },
  {
    "timeStamp": 42563,
    "rotation": [
      [
        0.7200012,
        -0.666404963,
        -0.193656
      ],
      [
        -0.0435362235,
        -0.321879268,
        0.9457792
      ],
      [
        -0.692605853,
        -0.6725311,
        -0.260766238
      ]
    ],
    "translation": [
      2.13108873,
      0.9073589,
      -0.744213939
    ]
  },
  {
    "timeStamp": 42608,
    "rotation": [
      [
        0.728056252,
        -0.660518,
        -0.183439463
      ],
      [
        0.00073516753,
        -0.266840249,
        0.963740468
      ],
      [
        -0.685517,
        -0.7017921,
        -0.193789124
      ]
    ],
    "translation": [
      2.1422143,
      0.893042445,
      -0.7582555
    ]
  },
  {
    "timeStamp": 42665,
    "rotation": [
      [
        0.7316362,
        -0.643633246,
        -0.22459884
      ],
      [
        0.0725143,
        -0.2541204,
        0.964450359
      ],
      [
        -0.6778275,
        -0.721913457,
        -0.139251068
      ]
    ],
    "translation": [
      2.164521,
      0.876564264,
      -0.7690925
    ]
  },
  {
    "timeStamp": 42710,
    "rotation": [
      [
        0.733226,
        -0.647592664,
        -0.207372636
      ],
      [
        0.10669481,
        -0.191620782,
        0.975652456
      ],
      [
        -0.671562254,
        -0.7374993,
        -0.0714065656
      ]
    ],
    "translation": [
      2.17668748,
      0.86070925,
      -0.77793175
    ]
  },
  {
    "timeStamp": 42767,
    "rotation": [
      [
        0.751241744,
        -0.6116982,
        -0.2479135
      ],
      [
        0.183831334,
        -0.166832551,
        0.968696535
      ],
      [
        -0.633909941,
        -0.7732995,
        -0.01288228
      ]
    ],
    "translation": [
      2.19131446,
      0.8445229,
      -0.784741044
    ]
  },
  {
    "timeStamp": 42812,
    "rotation": [
      [
        0.7621136,
        -0.6099315,
        -0.217178315
      ],
      [
        0.196234673,
        -0.102054209,
        0.9752317
      ],
      [
        -0.61698854,
        -0.785855234,
        0.0419128165
      ]
    ],
    "translation": [
      2.19268274,
      0.832836747,
      -0.7884826
    ]
  },
  {
    "timeStamp": 42868,
    "rotation": [
      [
        0.77342,
        -0.596510351,
        -0.214468867
      ],
      [
        0.185959876,
        -0.109938763,
        0.976387441
      ],
      [
        -0.606003642,
        -0.795040131,
        0.0258981548
      ]
    ],
    "translation": [
      2.19491768,
      0.825289,
      -0.78099376
    ]
  },
  {
    "timeStamp": 42912,
    "rotation": [
      [
        0.753529549,
        -0.6419414,
        -0.141790241
      ],
      [
        0.130707353,
        -0.06508188,
        0.989282548
      ],
      [
        -0.644289434,
        -0.763986647,
        0.0348653458
      ]
    ],
    "translation": [
      2.1919713,
      0.8187001,
      -0.7750636
    ]
  },
  {
    "timeStamp": 42968,
    "rotation": [
      [
        0.708898544,
        -0.7028573,
        -0.05877323
      ],
      [
        0.0515974574,
        -0.0314267278,
        0.998173356
      ],
      [
        -0.7034205,
        -0.7106362,
        0.0139872907
      ]
    ],
    "translation": [
      2.18619466,
      0.8127143,
      -0.765393436
    ]
  },
  {
    "timeStamp": 43012,
    "rotation": [
      [
        0.6726008,
        -0.7399998,
        0.00292682881
      ],
      [
        0.000289906457,
        0.004218642,
        0.999991059
      ],
      [
        -0.7400055,
        -0.6725939,
        0.00305199251
      ]
    ],
    "translation": [
      2.18150258,
      0.8079904,
      -0.7597519
    ]
  },
  {
    "timeStamp": 43068,
    "rotation": [
      [
        0.621286869,
        -0.7829412,
        0.03171169
      ],
      [
        -0.0177047271,
        0.02643356,
        0.9994938
      ],
      [
        -0.783383131,
        -0.621533751,
        0.00256106188
      ]
    ],
    "translation": [
      2.17996883,
      0.798170865,
      -0.7557867
    ]
  },
  {
    "timeStamp": 43112,
    "rotation": [
      [
        0.6127634,
        -0.7900026,
        0.0204218421
      ],
      [
        0.01653872,
        0.0386557057,
        0.9991157
      ],
      [
        -0.7900934,
        -0.6118838,
        0.0367524326
      ]
    ],
    "translation": [
      2.18212843,
      0.787051,
      -0.758222044
    ]
  },
  {
    "timeStamp": 43167,
    "rotation": [
      [
        0.593434155,
        -0.8047483,
        -0.0147016589
      ],
      [
        0.0477952361,
        0.0169998445,
        0.9987125
      ],
      [
        -0.803462267,
        -0.593372762,
        0.04855142
      ]
    ],
    "translation": [
      2.18967247,
      0.7758901,
      -0.7590249
    ]
  },
  {
    "timeStamp": 43212,
    "rotation": [
      [
        0.5746421,
        -0.8176931,
        -0.0341219231
      ],
      [
        0.0756994262,
        0.01159159,
        0.9970633
      ],
      [
        -0.8148963,
        -0.575537562,
        0.06855992
      ]
    ],
    "translation": [
      2.196301,
      0.7679126,
      -0.760755241
    ]
  },
  {
    "timeStamp": 43267,
    "rotation": [
      [
        0.5539808,
        -0.829468369,
        -0.07132658
      ],
      [
        0.09773663,
        -0.02028544,
        0.995005548
      ],
      [
        -0.8267725,
        -0.5581852,
        0.06983169
      ]
    ],
    "translation": [
      2.2058208,
      0.7613778,
      -0.7597778
    ]
  },
  {
    "timeStamp": 43312,
    "rotation": [
      [
        0.5634071,
        -0.822402835,
        -0.0789049044
      ],
      [
        0.10087458,
        -0.0263149589,
        0.994551063
      ],
      [
        -0.819997966,
        -0.5682967,
        0.0681335
      ]
    ],
    "translation": [
      2.20876527,
      0.756592333,
      -0.7586738
    ]
  },
  {
    "timeStamp": 43368,
    "rotation": [
      [
        0.5472292,
        -0.832291365,
        -0.0884954
      ],
      [
        0.112460807,
        -0.0316566266,
        0.9931518
      ],
      [
        -0.8293931,
        -0.5534339,
        0.07627672
      ]
    ],
    "translation": [
      2.21186328,
      0.7507585,
      -0.7581347
    ]
  },
  {
    "timeStamp": 43412,
    "rotation": [
      [
        0.5627462,
        -0.82223,
        -0.08517352
      ],
      [
        0.118521631,
        -0.0217157491,
        0.992714
      ],
      [
        -0.8180888,
        -0.568740964,
        0.08523159
      ]
    ],
    "translation": [
      2.21072173,
      0.7457872,
      -0.758003533
    ]
  },
  {
    "timeStamp": 43467,
    "rotation": [
      [
        0.576877058,
        -0.8121298,
        -0.0875106
      ],
      [
        0.131215915,
        -0.01360663,
        0.9912604
      ],
      [
        -0.806222856,
        -0.5833182,
        0.098715
      ]
    ],
    "translation": [
      2.20848536,
      0.7399164,
      -0.757922
    ]
  },
  {
    "timeStamp": 43511,
    "rotation": [
      [
        0.588123858,
        -0.8048798,
        -0.07923886
      ],
      [
        0.125194445,
        -0.00619229162,
        0.9921129
      ],
      [
        -0.799022257,
        -0.593405545,
        0.09712465
      ]
    ],
    "translation": [
      2.20612478,
      0.737208366,
      -0.7575032
    ]
  },
  {
    "timeStamp": 43567,
    "rotation": [
      [
        0.589414,
        -0.8021457,
        -0.09567349
      ],
      [
        0.136541426,
        -0.0178056229,
        0.990474343
      ],
      [
        -0.7962083,
        -0.5968628,
        0.09903124
      ]
    ],
    "translation": [
      2.20709515,
      0.7338849,
      -0.7566084
    ]
  },
  {
    "timeStamp": 43611,
    "rotation": [
      [
        0.5994719,
        -0.796088338,
        -0.08292626
      ],
      [
        0.122434407,
        -0.0111811142,
        0.99241364
      ],
      [
        -0.7909761,
        -0.605077147,
        0.0907658339
      ]
    ],
    "translation": [
      2.205223,
      0.732360542,
      -0.7547891
    ]
  },
  {
    "timeStamp": 43667,
    "rotation": [
      [
        0.6027682,
        -0.79125917,
        -0.1028565
      ],
      [
        0.145870477,
        -0.0174587537,
        0.98914963
      ],
      [
        -0.7844695,
        -0.6112316,
        0.104897767
      ]
    ],
    "translation": [
      2.20665979,
      0.7286828,
      -0.755375862
    ]
  },
  {
    "timeStamp": 43711,
    "rotation": [
      [
        0.6095626,
        -0.7844131,
        -0.114584014
      ],
      [
        0.150071561,
        -0.0277452469,
        0.9882858
      ],
      [
        -0.7784035,
        -0.6196178,
        0.10080564
      ]
    ],
    "translation": [
      2.20817018,
      0.72667,
      -0.754474
    ]
  },
  {
    "timeStamp": 43767,
    "rotation": [
      [
        0.606560647,
        -0.788411856,
        -0.102425374
      ],
      [
        0.143108875,
        -0.0184538886,
        0.9895349
      ],
      [
        -0.7820512,
        -0.6148709,
        0.101635329
      ]
    ],
    "translation": [
      2.20751023,
      0.7246659,
      -0.7544892
    ]
  },
  {
    "timeStamp": 43811,
    "rotation": [
      [
        0.621233344,
        -0.776605546,
        -0.104656883
      ],
      [
        0.1418358,
        -0.01991325,
        0.9896899
      ],
      [
        -0.7706827,
        -0.6296724,
        0.0977796838
      ]
    ],
    "translation": [
      2.207859,
      0.724495,
      -0.754300952
    ]
  },
  {
    "timeStamp": 43867,
    "rotation": [
      [
        0.6456638,
        -0.7553787,
        -0.111898065
      ],
      [
        0.144007742,
        -0.02345843,
        0.989298463
      ],
      [
        -0.749919951,
        -0.6548684,
        0.09363412
      ]
    ],
    "translation": [
      2.20847821,
      0.7243627,
      -0.7539704
    ]
  },
  {
    "timeStamp": 43912,
    "rotation": [
      [
        0.6507284,
        -0.752896249,
        -0.09848672
      ],
      [
        0.1335696,
        -0.0141808242,
        0.990937948
      ],
      [
        -0.7474701,
        -0.657986343,
        0.09133619
      ]
    ],
    "translation": [
      2.20856214,
      0.724095762,
      -0.7538766
    ]
  },
  {
    "timeStamp": 43967,
    "rotation": [
      [
        0.6673009,
        -0.7381627,
        -0.09912308
      ],
      [
        0.139312267,
        -0.00703206,
        0.9902235
      ],
      [
        -0.7316431,
        -0.6745861,
        0.09814262
      ]
    ],
    "translation": [
      2.209018,
      0.7238628,
      -0.7538625
    ]
  },
  {
    "timeStamp": 44012,
    "rotation": [
      [
        0.675488353,
        -0.73038584,
        -0.101252235
      ],
      [
        0.144003168,
        -0.00400284352,
        0.9895691
      ],
      [
        -0.723172545,
        -0.6830231,
        0.102474004
      ]
    ],
    "translation": [
      2.20925164,
      0.7239932,
      -0.7536746
    ]
  },
  {
    "timeStamp": 44067,
    "rotation": [
      [
        0.6830806,
        -0.722736061,
        -0.105135769
      ],
      [
        0.149180546,
        -0.002845478,
        0.9888059
      ],
      [
        -0.714944839,
        -0.6911183,
        0.105874464
      ]
    ],
    "translation": [
      2.209474,
      0.7241048,
      -0.753415346
    ]
  },
  {
    "timeStamp": 44111,
    "rotation": [
      [
        0.690727651,
        -0.7154284,
        -0.105154566
      ],
      [
        0.148256972,
        -0.00221829838,
        0.9889464
      ],
      [
        -0.7077536,
        -0.698682547,
        0.104535013
      ]
    ],
    "translation": [
      2.209678,
      0.7241038,
      -0.7532006
    ]
  }
]