[
  {
    "timeStamp": 18634,
    "rotation": [
      [
        -1.53511132E-06,
        0.9999999,
        -0.000452730223
      ],
      [
        0.0115766171,
        0.000452717679,
        0.9999329
      ],
      [
        0.999932945,
        -3.70615976E-06,
        -0.0115766162
      ]
    ],
    "translation": [
      1.30800414,
      0.7013584,
      -0.61998
    ]
  },
  {
    "timeStamp": 18678,
    "rotation": [
      [
        0.00260912464,
        0.9999424,
        0.0104124378
      ],
      [
        0.0106508136,
        -0.0104396706,
        0.9998888
      ],
      [
        0.9999399,
        -0.00249793078,
        -0.0106774382
      ]
    ],
    "translation": [
      1.30679023,
      0.7020282,
      -0.6197994
    ]
  },
  {
    "timeStamp": 18734,
    "rotation": [
      [
        0.00311912969,
        0.999895334,
        0.014129851
      ],
      [
        0.0110481577,
        -0.0141635155,
        0.99983865
      ],
      [
        0.999934137,
        -0.00296251429,
        -0.0110911783
      ]
    ],
    "translation": [
      1.30678749,
      0.7017333,
      -0.6197177
    ]
  },
  {
    "timeStamp": 18779,
    "rotation": [
      [
        0.002969029,
        0.9998636,
        0.01624377
      ],
      [
        0.0137301581,
        -0.0162830725,
        0.999773145
      ],
      [
        0.9999013,
        -0.002745324,
        -0.0137766311
      ]
    ],
    "translation": [
      1.30679166,
      0.7018018,
      -0.619719565
    ]
  },
  {
    "timeStamp": 18834,
    "rotation": [
      [
        0.00170795387,
        0.9998452,
        0.0175113454
      ],
      [
        0.0313182063,
        -0.0175562631,
        0.999355257
      ],
      [
        0.999508,
        -0.00115842081,
        -0.0313433446
      ]
    ],
    "translation": [
      1.30830538,
      0.7035377,
      -0.6158083
    ]
  },
  {
    "timeStamp": 18879,
    "rotation": [
      [
        0.00518673239,
        0.9995882,
        0.0282240547
      ],
      [
        0.0227774233,
        -0.0283352062,
        0.9993389
      ],
      [
        0.99972713,
        -0.0045404234,
        -0.0229150113
      ]
    ],
    "translation": [
      1.30794442,
      0.7076667,
      -0.6171195
    ]
  },
  {
    "timeStamp": 18934,
    "rotation": [
      [
        0.0125086512,
        0.999246955,
        0.03672857
      ],
      [
        0.0474344157,
        -0.0372830778,
        0.9981783
      ],
      [
        0.998796,
        -0.0107436553,
        -0.04786506
      ]
    ],
    "translation": [
      1.30924082,
      0.713423133,
      -0.6122905
    ]
  },
  {
    "timeStamp": 18978,
    "rotation": [
      [
        0.0240786877,
        0.9982079,
        0.0547840558
      ],
      [
        0.0379577577,
        -0.0556732938,
        0.9977273
      ],
      [
        0.9989892,
        -0.0219444949,
        -0.0392302722
      ]
    ],
    "translation": [
      1.30827045,
      0.719793439,
      -0.6146236
    ]
  },
  {
    "timeStamp": 19034,
    "rotation": [
      [
        0.0403322168,
        0.9966523,
        0.07111666
      ],
      [
        0.05543272,
        -0.07329683,
        0.9957684
      ],
      [
        0.9976475,
        -0.0362193473,
        -0.0582033657
      ]
    ],
    "translation": [
      1.3109628,
      0.7289707,
      -0.613137364
    ]
  },
  {
    "timeStamp": 19079,
    "rotation": [
      [
        0.0546857,
        0.994429,
        0.0901132
      ],
      [
        0.05728024,
        -0.09322394,
        0.9939961
      ],
      [
        0.996859252,
        -0.04919564,
        -0.0620591454
      ]
    ],
    "translation": [
      1.31259716,
      0.7379568,
      -0.615093946
    ]
  },
  {
    "timeStamp": 19134,
    "rotation": [
      [
        0.0866328254,
        0.989063859,
        0.119362831
      ],
      [
        0.0544076823,
        -0.124331683,
        0.9907479
      ],
      [
        0.99475354,
        -0.0793370456,
        -0.0645838752
      ]
    ],
    "translation": [
      1.317124,
      0.7514081,
      -0.6193015
    ]
  },
  {
    "timeStamp": 19179,
    "rotation": [
      [
        0.123474479,
        0.981507659,
        0.146276668
      ],
      [
        0.05445022,
        -0.153883636,
        0.9865876
      ],
      [
        0.990852833,
        -0.113853611,
        -0.07244401
      ]
    ],
    "translation": [
      1.32207918,
      0.765121937,
      -0.621369958
    ]
  },
  {
    "timeStamp": 19234,
    "rotation": [
      [
        0.18187581,
        0.963117242,
        0.1983088
      ],
      [
        0.05090443,
        -0.210623831,
        0.976240933
      ],
      [
        0.982003033,
        -0.167459831,
        -0.08733431
      ]
    ],
    "translation": [
      1.33006287,
      0.7860205,
      -0.6259618
    ]
  },
  {
    "timeStamp": 19279,
    "rotation": [
      [
        0.2357419,
        0.9426093,
        0.236460343
      ],
      [
        0.0547344536,
        -0.255810231,
        0.9651763
      ],
      [
        0.970273137,
        -0.214589953,
        -0.1118984
      ]
    ],
    "translation": [
      1.33958042,
      0.804929435,
      -0.6272433
    ]
  },
  {
    "timeStamp": 19334,
    "rotation": [
      [
        0.301905423,
        0.9122701,
        0.27679655
      ],
      [
        0.0459242053,
        -0.303924441,
        0.951588631
      ],
      [
        0.9522311,
        -0.2745781,
        -0.133651718
      ]
    ],
    "translation": [
      1.360997,
      0.8271917,
      -0.6347565
    ]
  },
  {
    "timeStamp": 19379,
    "rotation": [
      [
        0.3644893,
        0.880576134,
        0.302875
      ],
      [
        0.0591459,
        -0.346484929,
        0.936189055
      ],
      [
        0.929327369,
        -0.323317051,
        -0.1783725
      ]
    ],
    "translation": [
      1.38236082,
      0.846691251,
      -0.6357631
    ]
  },
  {
    "timeStamp": 19434,
    "rotation": [
      [
        0.442579538,
        0.835820735,
        0.324849337
      ],
      [
        0.049569793,
        -0.384509683,
        0.9217891
      ],
      [
        0.895358145,
        -0.391862273,
        -0.211607575
      ]
    ],
    "translation": [
      1.41817784,
      0.8664839,
      -0.6450988
    ]
  },
  {
    "timeStamp": 19478,
    "rotation": [
      [
        0.5004276,
        0.8057467,
        0.316771954
      ],
      [
        0.06871121,
        -0.4016889,
        0.913194835
      ],
      [
        0.8630475,
        -0.4352221,
        -0.256380022
      ]
    ],
    "translation": [
      1.45432425,
      0.87869215,
      -0.651045859
    ]
  },
  {
    "timeStamp": 19534,
    "rotation": [
      [
        0.5614589,
        0.772513449,
        0.296625853
      ],
      [
        0.0792799741,
        -0.407025844,
        0.909969568
      ],
      [
        0.823698163,
        -0.487393975,
        -0.2897731
      ]
    ],
    "translation": [
      1.50383639,
      0.8882413,
      -0.6626431
    ]
  },
  {
    "timeStamp": 19579,
    "rotation": [
      [
        0.61180824,
        0.740342259,
        0.278539121
      ],
      [
        0.08752538,
        -0.41333136,
        0.906364441
      ],
      [
        0.786148846,
        -0.53014195,
        -0.317678273
      ]
    ],
    "translation": [
      1.54575145,
      0.8946567,
      -0.6702317
    ]
  },
  {
    "timeStamp": 19634,
    "rotation": [
      [
        0.678800642,
        0.7008164,
        0.219285488
      ],
      [
        0.117382884,
        -0.398339331,
        0.9096961
      ],
      [
        0.72488,
        -0.591761947,
        -0.352656841
      ]
    ],
    "translation": [
      1.60400224,
      0.8976138,
      -0.67851615
    ]
  },
  {
    "timeStamp": 19679,
    "rotation": [
      [
        0.718323052,
        0.6727062,
        0.17742154
      ],
      [
        0.133266211,
        -0.3833481,
        0.91393894
      ],
      [
        0.6828266,
        -0.6328591,
        -0.3650168
      ]
    ],
    "translation": [
      1.65056694,
      0.898231864,
      -0.6862813
    ]
  },
  {
    "timeStamp": 19734,
    "rotation": [
      [
        0.762634456,
        0.6345334,
        0.125522718
      ],
      [
        0.15956454,
        -0.372616738,
        0.914164066
      ],
      [
        0.6268395,
        -0.677144,
        -0.3854194
      ]
    ],
    "translation": [
      1.70473456,
      0.9025794,
      -0.69453907
    ]
  },
  {
    "timeStamp": 19779,
    "rotation": [
      [
        0.789864659,
        0.6072993,
        0.0854481161
      ],
      [
        0.17984505,
        -0.362572849,
        0.9144379
      ],
      [
        0.5863187,
        -0.7069147,
        -0.39560324
      ]
    ],
    "translation": [
      1.74850011,
      0.9072876,
      -0.700395048
    ]
  },
  {
    "timeStamp": 19834,
    "rotation": [
      [
        0.818759,
        0.5737547,
        0.0209574047
      ],
      [
        0.220191821,
        -0.347510517,
        0.911456
      ],
      [
        0.5302351,
        -0.7416482,
        -0.410863459
      ]
    ],
    "translation": [
      1.8027035,
      0.9149043,
      -0.7045468
    ]
  },
  {
    "timeStamp": 19878,
    "rotation": [
      [
        0.8395867,
        0.543086469,
        -0.0123017337
      ],
      [
        0.235633746,
        -0.343687773,
        0.9090409
      ],
      [
        0.489459842,
        -0.766117334,
        -0.4165252
      ]
    ],
    "translation": [
      1.84345591,
      0.921957731,
      -0.707040966
    ]
  },
  {
    "timeStamp": 19934,
    "rotation": [
      [
        0.8457577,
        0.5268175,
        -0.08460039
      ],
      [
        0.290035456,
        -0.320834219,
        0.9016345
      ],
      [
        0.447854161,
        -0.787101448,
        -0.424143761
      ]
    ],
    "translation": [
      1.89620543,
      0.9300752,
      -0.708758235
    ]
  },
  {
    "timeStamp": 19978,
    "rotation": [
      [
        0.8550177,
        0.501771152,
        -0.131035969
      ],
      [
        0.3163829,
        -0.3044927,
        0.898435354
      ],
      [
        0.410909444,
        -0.8096357,
        -0.419098467
      ]
    ],
    "translation": [
      1.939336,
      0.936206043,
      -0.710875
    ]
  },
  {
    "timeStamp": 20034,
    "rotation": [
      [
        0.869970858,
        0.45864594,
        -0.181092843
      ],
      [
        0.3404835,
        -0.293083131,
        0.893405437
      ],
      [
        0.356681526,
        -0.8388958,
        -0.411135167
      ]
    ],
    "translation": [
      1.98806512,
      0.942475855,
      -0.7122236
    ]
  },
  {
    "timeStamp": 20078,
    "rotation": [
      [
        0.8800949,
        0.4261226,
        -0.209409937
      ],
      [
        0.348182,
        -0.2793725,
        0.89482975
      ],
      [
        0.3228038,
        -0.8604478,
        -0.394242525
      ]
    ],
    "translation": [
      2.02480125,
      0.9433638,
      -0.7150941
    ]
  },
  {
    "timeStamp": 20135,
    "rotation": [
      [
        0.8934863,
        0.373099655,
        -0.249957621
      ],
      [
        0.359914422,
        -0.262012661,
        0.895438969
      ],
      [
        0.2685959,
        -0.890025854,
        -0.368388683
      ]
    ],
    "translation": [
      2.06856656,
      0.9407718,
      -0.716318
    ]
  },
  {
    "timeStamp": 20186,
    "rotation": [
      [
        0.9105744,
        0.319519967,
        -0.262223631
      ],
      [
        0.34673655,
        -0.245119974,
        0.9053673
      ],
      [
        0.2250067,
        -0.915326834,
        -0.333989233
      ]
    ],
    "translation": [
      2.10794115,
      0.9322612,
      -0.719748259
    ]
  },
  {
    "timeStamp": 20228,
    "rotation": [
      [
        0.9207442,
        0.266964,
        -0.2845354
      ],
      [
        0.346677154,
        -0.225185648,
        0.9105528
      ],
      [
        0.179011524,
        -0.9370281,
        -0.2998887
      ]
    ],
    "translation": [
      2.14073634,
      0.9222382,
      -0.72220397
    ]
  },
  {
    "timeStamp": 20284,
    "rotation": [
      [
        0.943960369,
        0.197214246,
        -0.2646609
      ],
      [
        0.305835128,
        -0.221110269,
        0.9260535
      ],
      [
        0.124111705,
        -0.9551004,
        -0.269034356
      ]
    ],
    "translation": [
      2.172389,
      0.9060731,
      -0.7203202
    ]
  },
  {
    "timeStamp": 20329,
    "rotation": [
      [
        0.941289,
        0.159171879,
        -0.29772377
      ],
      [
        0.324858129,
        -0.187031254,
        0.927085
      ],
      [
        0.09188222,
        -0.9693728,
        -0.227758735
      ]
    ],
    "translation": [
      2.20261574,
      0.890450656,
      -0.7222556
    ]
  },
  {
    "timeStamp": 20384,
    "rotation": [
      [
        0.9451783,
        0.144196868,
        -0.292993724
      ],
      [
        0.312436,
        -0.13834621,
        0.939810634
      ],
      [
        0.09498316,
        -0.9798304,
        -0.175814122
      ]
    ],
    "translation": [
      2.22633648,
      0.8682282,
      -0.7219987
    ]
  },
  {
    "timeStamp": 20429,
    "rotation": [
      [
        0.951114237,
        0.11188177,
        -0.287861317
      ],
      [
        0.300556064,
        -0.120894641,
        0.9460711
      ],
      [
        0.07104721,
        -0.986340165,
        -0.148611367
      ]
    ],
    "translation": [
      2.2418,
      0.851386666,
      -0.7207306
    ]
  },
  {
    "timeStamp": 20484,
    "rotation": [
      [
        0.967312,
        0.08284122,
        -0.239676654
      ],
      [
        0.247490719,
        -0.10236495,
        0.9634676
      ],
      [
        0.0552803539,
        -0.991291463,
        -0.119521275
      ]
    ],
    "translation": [
      2.25114059,
      0.8309918,
      -0.716885269
    ]
  },
  {
    "timeStamp": 20529,
    "rotation": [
      [
        0.9652045,
        0.09388843,
        -0.244059935
      ],
      [
        0.252013236,
        -0.08491736,
        0.963990867
      ],
      [
        0.06978267,
        -0.9919546,
        -0.105623752
      ]
    ],
    "translation": [
      2.25935864,
      0.816471338,
      -0.7147557
    ]
  },
  {
    "timeStamp": 20586,
    "rotation": [
      [
        0.969482541,
        0.101153851,
        -0.223319173
      ],
      [
        0.229485482,
        -0.05394806,
        0.9718158
      ],
      [
        0.0862552747,
        -0.993407,
        -0.07551504
      ]
    ],
    "translation": [
      2.264427,
      0.8007107,
      -0.713411152
    ]
  },
  {
    "timeStamp": 20632,
    "rotation": [
      [
        0.975981832,
        0.09475751,
        -0.196164
      ],
      [
        0.201438874,
        -0.0496517867,
        0.9782418
      ],
      [
        0.08295586,
        -0.9942613,
        -0.06754709
      ]
    ],
    "translation": [
      2.26442337,
      0.790043056,
      -0.710606754
    ]
  },
  {
    "timeStamp": 20688,
    "rotation": [
      [
        0.9809553,
        0.0757372454,
        -0.178858832
      ],
      [
        0.181389064,
        -0.0279067848,
        0.983015358
      ],
      [
        0.0694595,
        -0.9967372,
        -0.0411132164
      ]
    ],
    "translation": [
      2.26844525,
      0.7779432,
      -0.7110491
    ]
  },
  {
    "timeStamp": 20733,
    "rotation": [
      [
        0.9858831,
        0.0447164252,
        -0.161352873
      ],
      [
        0.16287896,
        -0.0328702033,
        0.986098349
      ],
      [
        0.0387910865,
        -0.998458743,
        -0.0396895446
      ]
    ],
    "translation": [
      2.269185,
      0.772164762,
      -0.7081898
    ]
  },
  {
    "timeStamp": 20778,
    "rotation": [
      [
        0.988341451,
        0.0404292829,
        -0.146788016
      ],
      [
        0.147956312,
        -0.02758882,
        0.988609
      ],
      [
        0.0359190442,
        -0.99880147,
        -0.0332489423
      ]
    ],
    "translation": [
      2.26924586,
      0.7658847,
      -0.7062987
    ]
  },
  {
    "timeStamp": 20833,
    "rotation": [
      [
        0.9911855,
        0.03679794,
        -0.1272685
      ],
      [
        0.128089234,
        -0.0208710134,
        0.991543
      ],
      [
        0.0338305123,
        -0.9991048,
        -0.0254004654
      ]
    ],
    "translation": [
      2.26919079,
      0.760499954,
      -0.7052921
    ]
  },
  {
    "timeStamp": 20878,
    "rotation": [
      [
        0.992414832,
        0.0367835723,
        -0.117301747
      ],
      [
        0.118050128,
        -0.0188730042,
        0.99282825
      ],
      [
        0.03430593,
        -0.999145031,
        -0.0230721571
      ]
    ],
    "translation": [
      2.26917148,
      0.755553961,
      -0.7038451
    ]
  },
  {
    "timeStamp": 20933,
    "rotation": [
      [
        0.993229151,
        0.03697039,
        -0.1101325
      ],
      [
        0.110735007,
        -0.0146591,
        0.99374187
      ],
      [
        0.03512458,
        -0.999208868,
        -0.01865376
      ]
    ],
    "translation": [
      2.26911163,
      0.749874234,
      -0.7032106
    ]
  },
  {
    "timeStamp": 20978,
    "rotation": [
      [
        0.9935826,
        0.0369898379,
        -0.106889822
      ],
      [
        0.107397668,
        -0.0120203383,
        0.9941435
      ],
      [
        0.0354883559,
        -0.9992434,
        -0.01591582
      ]
    ],
    "translation": [
      2.26916313,
      0.7451739,
      -0.7027297
    ]
  },
  {
    "timeStamp": 21033,
    "rotation": [
      [
        0.994979,
        0.036727462,
        -0.09310086
      ],
      [
        0.09357314,
        -0.01135288,
        0.995547652
      ],
      [
        0.03550697,
        -0.999260843,
        -0.0147325806
      ]
    ],
    "translation": [
      2.269079,
      0.740851641,
      -0.7025835
    ]
  },
  {
    "timeStamp": 21078,
    "rotation": [
      [
        0.9953811,
        0.03606547,
        -0.08897036
      ],
      [
        0.0895116255,
        -0.0136782946,
        0.995891869
      ],
      [
        0.0347003527,
        -0.9992558,
        -0.0168433953
      ]
    ],
    "translation": [
      2.26909351,
      0.7381907,
      -0.702339
    ]
  },
  {
    "timeStamp": 21133,
    "rotation": [
      [
        0.995810032,
        0.0409599468,
        -0.08176002
      ],
      [
        0.0825018361,
        -0.01675732,
        0.99645
      ],
      [
        0.039444454,
        -0.9990203,
        -0.0200663768
      ]
    ],
    "translation": [
      2.26907825,
      0.734102,
      -0.702019751
    ]
  },
  {
    "timeStamp": 21178,
    "rotation": [
      [
        0.9957001,
        0.04198828,
        -0.08257275
      ],
      [
        0.08336916,
        -0.0175810251,
        0.99636364
      ],
      [
        0.0403838828,
        -0.9989634,
        -0.0210059565
      ]
    ],
    "translation": [
      2.269151,
      0.7340404,
      -0.7020484
    ]
  },
  {
    "timeStamp": 21233,
    "rotation": [
      [
        0.9955446,
        0.0444410965,
        -0.08316112
      ],
      [
        0.0840470046,
        -0.0184484962,
        0.996291
      ],
      [
        0.04274206,
        -0.9988416,
        -0.0221014433
      ]
    ],
    "translation": [
      2.26922512,
      0.7339966,
      -0.70211643
    ]
  },
  {
    "timeStamp": 21278,
    "rotation": [
      [
        0.995379746,
        0.0467705727,
        -0.08385532
      ],
      [
        0.0848232061,
        -0.0191050712,
        0.99621284
      ],
      [
        0.0449913852,
        -0.998723,
        -0.02298403
      ]
    ],
    "translation": [
      2.26930666,
      0.733960867,
      -0.702178538
    ]
  },
  {
    "timeStamp": 21333,
    "rotation": [
      [
        0.9953349,
        0.0478655957,
        -0.083768934
      ],
      [
        0.08478282,
        -0.0195558742,
        0.996207535
      ],
      [
        0.0460458957,
        -0.9986623,
        -0.023522824
      ]
    ],
    "translation": [
      2.26932263,
      0.733953536,
      -0.7022089
    ]
  },
  {
    "timeStamp": 21389,
    "rotation": [
      [
        0.995160758,
        0.05046999,
        -0.0843079
      ],
      [
        0.08542613,
        -0.0204213057,
        0.9961352
      ],
      [
        0.0485532433,
        -0.9985168,
        -0.0246339384
      ]
    ],
    "translation": [
      2.26939964,
      0.73392266,
      -0.7022763
    ]
  },
  {
    "timeStamp": 21433,
    "rotation": [
      [
        0.995026231,
        0.05245349,
        -0.0846841559
      ],
      [
        0.0858879238,
        -0.0211329218,
        0.996080637
      ],
      [
        0.05045828,
        -0.998399734,
        -0.025532933
      ]
    ],
    "translation": [
      2.26945519,
      0.7338978,
      -0.7023277
    ]
  },
  {
    "timeStamp": 21489,
    "rotation": [
      [
        0.994908869,
        0.0542209074,
        -0.08494969
      ],
      [
        0.0862285644,
        -0.0216955226,
        0.996039152
      ],
      [
        0.05216313,
        -0.9982933,
        -0.0262604579
      ]
    ],
    "translation": [
      2.26950455,
      0.7338761,
      -0.702374637
    ]
  },
  {
    "timeStamp": 21533,
    "rotation": [
      [
        0.9947358,
        0.0564940237,
        -0.0854944438
      ],
      [
        0.08687778,
        -0.0224971753,
        0.995964944
      ],
      [
        0.05434269,
        -0.998149455,
        -0.0272868183
      ]
    ],
    "translation": [
      2.269575,
      0.7338462,
      -0.70243156
    ]
  }
]