[
  {
    "timeStamp": 103363,
    "rotation": [
      [
        0.9898634,
        0.142008469,
        -0.00200432981
      ],
      [
        0.0023247872,
        -0.0020907335,
        0.9999951
      ],
      [
        0.142003581,
        -0.9898632,
        -0.00239968
      ]
    ],
    "translation": [
      1.61214781,
      0.7020155,
      -0.7557953
    ]
  },
  {
    "timeStamp": 103418,
    "rotation": [
      [
        0.9897794,
        0.141160592,
        -0.02025967
      ],
      [
        0.0196497981,
        0.005713104,
        0.9997906
      ],
      [
        0.141246781,
        -0.989970267,
        0.00288093532
      ]
    ],
    "translation": [
      1.61029232,
      0.7016861,
      -0.757924736
    ]
  },
  {
    "timeStamp": 103464,
    "rotation": [
      [
        0.9895952,
        0.141694948,
        -0.0249789488
      ],
      [
        0.0231985636,
        0.0142031778,
        0.99963
      ],
      [
        0.141997308,
        -0.9898085,
        0.0107682776
      ]
    ],
    "translation": [
      1.6088388,
      0.7016462,
      -0.759515941
    ]
  },
  {
    "timeStamp": 103518,
    "rotation": [
      [
        0.9904367,
        0.135757715,
        0.0245982762
      ],
      [
        -0.0262971558,
        0.0107346838,
        0.999596536
      ],
      [
        0.135438889,
        -0.990684,
        0.0142020667
      ]
    ],
    "translation": [
      1.609579,
      0.7035184,
      -0.765392363
    ]
  },
  {
    "timeStamp": 103564,
    "rotation": [
      [
        0.9928645,
        0.1154119,
        0.0300030876
      ],
      [
        -0.0295261536,
        -0.00584018,
        0.999546945
      ],
      [
        0.115534835,
        -0.993300557,
        -0.00239083776
      ]
    ],
    "translation": [
      1.61403787,
      0.7102277,
      -0.7672003
    ]
  },
  {
    "timeStamp": 103616,
    "rotation": [
      [
        0.9935499,
        0.104968347,
        0.04289946
      ],
      [
        -0.03882111,
        -0.04059345,
        0.9984213
      ],
      [
        0.106544055,
        -0.993646741,
        -0.03625663
      ]
    ],
    "translation": [
      1.61987543,
      0.7243713,
      -0.7702506
    ]
  },
  {
    "timeStamp": 103660,
    "rotation": [
      [
        0.994952142,
        0.06949413,
        0.07239309
      ],
      [
        -0.0666444153,
        -0.0817518756,
        0.994422
      ],
      [
        0.07502477,
        -0.994226933,
        -0.07670781
      ]
    ],
    "translation": [
      1.62926519,
      0.7420912,
      -0.7735199
    ]
  },
  {
    "timeStamp": 103716,
    "rotation": [
      [
        0.995778143,
        0.03911095,
        0.0830441862
      ],
      [
        -0.0765119642,
        -0.146177486,
        0.9862951
      ],
      [
        0.0507141426,
        -0.988485,
        -0.142567888
      ]
    ],
    "translation": [
      1.64945376,
      0.7701889,
      -0.778938532
    ]
  },
  {
    "timeStamp": 103760,
    "rotation": [
      [
        0.9953886,
        -0.004522805,
        0.09581731
      ],
      [
        -0.094672814,
        -0.207128137,
        0.9737222
      ],
      [
        0.0154425185,
        -0.9783034,
        -0.206601188
      ]
    ],
    "translation": [
      1.67266929,
      0.796626151,
      -0.7836586
    ]
  },
  {
    "timeStamp": 103816,
    "rotation": [
      [
        0.9937738,
        -0.0588252,
        0.09462092
      ],
      [
        -0.107298307,
        -0.276551425,
        0.954990268
      ],
      [
        -0.03000995,
        -0.959197,
        -0.2811414
      ]
    ],
    "translation": [
      1.71134233,
      0.8304083,
      -0.791067362
    ]
  },
  {
    "timeStamp": 103860,
    "rotation": [
      [
        0.9957688,
        -0.0774257854,
        0.049493745
      ],
      [
        -0.0733286,
        -0.344889581,
        0.9357746
      ],
      [
        -0.0553832166,
        -0.9354445,
        -0.3491078
      ]
    ],
    "translation": [
      1.7491132,
      0.859665036,
      -0.797832966
    ]
  },
  {
    "timeStamp": 103916,
    "rotation": [
      [
        0.9931827,
        -0.116542086,
        0.00244190963
      ],
      [
        -0.0520996265,
        -0.4250635,
        0.9036629
      ],
      [
        -0.104276791,
        -0.8976296,
        -0.428237528
      ]
    ],
    "translation": [
      1.80200469,
      0.896808147,
      -0.806807339
    ]
  },
  {
    "timeStamp": 103961,
    "rotation": [
      [
        0.9880598,
        -0.133517146,
        -0.0768829
      ],
      [
        0.004345402,
        -0.474662125,
        0.880157351
      ],
      [
        -0.154009491,
        -0.8699822,
        -0.468414366
      ]
    ],
    "translation": [
      1.84918618,
      0.9240378,
      -0.815702438
    ]
  },
  {
    "timeStamp": 104017,
    "rotation": [
      [
        0.9762786,
        -0.1548515,
        -0.151331335
      ],
      [
        0.0451898649,
        -0.5378113,
        0.841853261
      ],
      [
        -0.211749941,
        -0.828721941,
        -0.5180559
      ]
    ],
    "translation": [
      1.90593052,
      0.9580266,
      -0.825860858
    ]
  },
  {
    "timeStamp": 104062,
    "rotation": [
      [
        0.9584596,
        -0.152023882,
        -0.241338015
      ],
      [
        0.112834133,
        -0.575012565,
        0.8103265
      ],
      [
        -0.261961371,
        -0.803896368,
        -0.5339728
      ]
    ],
    "translation": [
      1.95212448,
      0.982718468,
      -0.834604859
    ]
  },
  {
    "timeStamp": 104118,
    "rotation": [
      [
        0.934402049,
        -0.1751582,
        -0.31018123
      ],
      [
        0.141888738,
        -0.615689754,
        0.7751089
      ],
      [
        -0.326742083,
        -0.768274546,
        -0.5504488
      ]
    ],
    "translation": [
      2.00540185,
      1.009874,
      -0.842486262
    ]
  },
  {
    "timeStamp": 104162,
    "rotation": [
      [
        0.911355734,
        -0.196707308,
        -0.361575633
      ],
      [
        0.167585135,
        -0.6250044,
        0.7624203
      ],
      [
        -0.375960022,
        -0.7554308,
        -0.5366361
      ]
    ],
    "translation": [
      2.04732561,
      1.02462256,
      -0.847738743
    ]
  },
  {
    "timeStamp": 104217,
    "rotation": [
      [
        0.8876169,
        -0.213084385,
        -0.40832755
      ],
      [
        0.204128385,
        -0.612724066,
        0.7634795
      ],
      [
        -0.412877649,
        -0.761028469,
        -0.5003676
      ]
    ],
    "translation": [
      2.09275961,
      1.034994,
      -0.8505789
    ]
  },
  {
    "timeStamp": 104262,
    "rotation": [
      [
        0.8774736,
        -0.233809263,
        -0.4187761
      ],
      [
        0.192031488,
        -0.628831267,
        0.75345546
      ],
      [
        -0.439504385,
        -0.741555452,
        -0.5068841
      ]
    ],
    "translation": [
      2.12560558,
      1.04413664,
      -0.850048065
    ]
  },
  {
    "timeStamp": 104317,
    "rotation": [
      [
        0.859155536,
        -0.242343336,
        -0.450690031
      ],
      [
        0.202387944,
        -0.6480026,
        0.7342559
      ],
      [
        -0.469990373,
        -0.7220543,
        -0.5076876
      ]
    ],
    "translation": [
      2.16242838,
      1.05416453,
      -0.846449256
    ]
  },
  {
    "timeStamp": 104362,
    "rotation": [
      [
        0.863487542,
        -0.2167433,
        -0.455424577
      ],
      [
        0.217211381,
        -0.6551289,
        0.7236196
      ],
      [
        -0.4552015,
        -0.7237599,
        -0.518616557
      ]
    ],
    "translation": [
      2.18482518,
      1.05698264,
      -0.838746667
    ]
  },
  {
    "timeStamp": 104417,
    "rotation": [
      [
        0.861972749,
        -0.174171031,
        -0.4760961
      ],
      [
        0.255768657,
        -0.661434948,
        0.705043435
      ],
      [
        -0.4377047,
        -0.7294987,
        -0.5255914
      ]
    ],
    "translation": [
      2.20816422,
      1.05439031,
      -0.8269291
    ]
  },
  {
    "timeStamp": 104462,
    "rotation": [
      [
        0.868413448,
        -0.171818763,
        -0.4651198
      ],
      [
        0.256072938,
        -0.6478577,
        0.71743083
      ],
      [
        -0.424599558,
        -0.7421312,
        -0.5186102
      ]
    ],
    "translation": [
      2.22529268,
      1.04406714,
      -0.8178951
    ]
  },
  {
    "timeStamp": 104517,
    "rotation": [
      [
        0.8705961,
        -0.188151717,
        -0.454600245
      ],
      [
        0.245854616,
        -0.633982837,
        0.733226657
      ],
      [
        -0.4261666,
        -0.750109851,
        -0.505685
      ]
    ],
    "translation": [
      2.24532318,
      1.02653182,
      -0.807816565
    ]
  },
  {
    "timeStamp": 104563,
    "rotation": [
      [
        0.8775887,
        -0.202216849,
        -0.434679657
      ],
      [
        0.22192739,
        -0.632337034,
        0.7422251
      ],
      [
        -0.424954474,
        -0.7478357,
        -0.51005435
      ]
    ],
    "translation": [
      2.258054,
      1.01315928,
      -0.8000042
    ]
  },
  {
    "timeStamp": 104612,
    "rotation": [
      [
        0.8875328,
        -0.199673936,
        -0.415229946
      ],
      [
        0.210275665,
        -0.626347244,
        0.750648558
      ],
      [
        -0.4099631,
        -0.753537953,
        -0.513917148
      ]
    ],
    "translation": [
      2.269836,
      0.997081459,
      -0.7900958
    ]
  },
  {
    "timeStamp": 104667,
    "rotation": [
      [
        0.8936009,
        -0.167289227,
        -0.416523457
      ],
      [
        0.23397705,
        -0.618306339,
        0.7503013
      ],
      [
        -0.3830564,
        -0.7679268,
        -0.513377249
      ]
    ],
    "translation": [
      2.27734041,
      0.9823349,
      -0.780662954
    ]
  },
  {
    "timeStamp": 104712,
    "rotation": [
      [
        0.9057346,
        -0.157146037,
        -0.393636763
      ],
      [
        0.2288408,
        -0.600416958,
        0.766244948
      ],
      [
        -0.356758565,
        -0.7840947,
        -0.507857
      ]
    ],
    "translation": [
      2.28068733,
      0.9694208,
      -0.774637938
    ]
  },
  {
    "timeStamp": 104767,
    "rotation": [
      [
        0.9119869,
        -0.118003696,
        -0.3928806
      ],
      [
        0.257742584,
        -0.580254555,
        0.772575855
      ],
      [
        -0.3191375,
        -0.8058411,
        -0.498769969
      ]
    ],
    "translation": [
      2.28165364,
      0.954331458,
      -0.770341039
    ]
  },
  {
    "timeStamp": 104812,
    "rotation": [
      [
        0.911703,
        -0.07801803,
        -0.403374344
      ],
      [
        0.291606784,
        -0.568741739,
        0.7690893
      ],
      [
        -0.289418668,
        -0.818807662,
        -0.495772958
      ]
    ],
    "translation": [
      2.279982,
      0.9431498,
      -0.7695127
    ]
  },
  {
    "timeStamp": 104867,
    "rotation": [
      [
        0.917048156,
        -0.104976788,
        -0.384711027
      ],
      [
        0.257154882,
        -0.5816671,
        0.771708965
      ],
      [
        -0.304785281,
        -0.8066246,
        -0.506421447
      ]
    ],
    "translation": [
      2.27989912,
      0.9329083,
      -0.7710222
    ]
  },
  {
    "timeStamp": 104912,
    "rotation": [
      [
        0.9194798,
        -0.120409578,
        -0.374243766
      ],
      [
        0.238492057,
        -0.585933149,
        0.774470031
      ],
      [
        -0.312535465,
        -0.8013637,
        -0.510036945
      ]
    ],
    "translation": [
      2.27879381,
      0.9254627,
      -0.7728446
    ]
  },
  {
    "timeStamp": 104968,
    "rotation": [
      [
        0.9230481,
        -0.11433766,
        -0.367299855
      ],
      [
        0.235437438,
        -0.58718586,
        0.7744559
      ],
      [
        -0.304222763,
        -0.801336169,
        -0.515081465
      ]
    ],
    "translation": [
      2.27385783,
      0.916299462,
      -0.7729958
    ]
  },
  {
    "timeStamp": 105013,
    "rotation": [
      [
        0.9256049,
        -0.130605012,
        -0.355243564
      ],
      [
        0.214456111,
        -0.592404246,
        0.7765731
      ],
      [
        -0.3118721,
        -0.794984,
        -0.5203232
      ]
    ],
    "translation": [
      2.27112579,
      0.9101083,
      -0.773106754
    ]
  },
  {
    "timeStamp": 105070,
    "rotation": [
      [
        0.9280145,
        -0.14850767,
        -0.3416642
      ],
      [
        0.198367923,
        -0.579309464,
        0.7906015
      ],
      [
        -0.315339684,
        -0.8014649,
        -0.5081485
      ]
    ],
    "translation": [
      2.269232,
      0.900936842,
      -0.7717263
    ]
  },
  {
    "timeStamp": 105115,
    "rotation": [
      [
        0.9281037,
        -0.150341436,
        -0.340618372
      ],
      [
        0.196236357,
        -0.579941034,
        0.7906704
      ],
      [
        -0.316409081,
        -0.8006658,
        -0.508743
      ]
    ],
    "translation": [
      2.26641,
      0.8962433,
      -0.7703085
    ]
  },
  {
    "timeStamp": 105161,
    "rotation": [
      [
        0.9324146,
        -0.15410699,
        -0.326885253
      ],
      [
        0.184805214,
        -0.5739826,
        0.7977412
      ],
      [
        -0.310563952,
        -0.804235637,
        -0.50671
      ]
    ],
    "translation": [
      2.26330733,
      0.8914927,
      -0.769362569
    ]
  },
  {
    "timeStamp": 105217,
    "rotation": [
      [
        0.9296117,
        -0.15148823,
        -0.335966378
      ],
      [
        0.195126086,
        -0.571041644,
        0.797394037
      ],
      [
        -0.3126466,
        -0.8068226,
        -0.5012877
      ]
    ],
    "translation": [
      2.25981116,
      0.88534,
      -0.7688523
    ]
  },
  {
    "timeStamp": 105262,
    "rotation": [
      [
        0.911167443,
        -0.134266,
        -0.3895467
      ],
      [
        0.2574792,
        -0.5525579,
        0.792706966
      ],
      [
        -0.321680665,
        -0.8225889,
        -0.468902022
      ]
    ],
    "translation": [
      2.25975919,
      0.8807606,
      -0.769248962
    ]
  },
  {
    "timeStamp": 105317,
    "rotation": [
      [
        0.80619365,
        -0.152537644,
        -0.5716503
      ],
      [
        0.439135641,
        -0.493230671,
        0.750921667
      ],
      [
        -0.3964993,
        -0.856420338,
        -0.3306547
      ]
    ],
    "translation": [
      2.27019644,
      0.8737641,
      -0.774031937
    ]
  },
  {
    "timeStamp": 105362,
    "rotation": [
      [
        0.7853124,
        -0.175397635,
        -0.593733966
      ],
      [
        0.4549376,
        -0.486962348,
        0.7455867
      ],
      [
        -0.419900239,
        -0.8556304,
        -0.3026226
      ]
    ],
    "translation": [
      2.27228785,
      0.873763561,
      -0.775301158
    ]
  },
  {
    "timeStamp": 105417,
    "rotation": [
      [
        0.785684466,
        -0.167536259,
        -0.59550947
      ],
      [
        0.4587269,
        -0.488073945,
        0.7425318
      ],
      [
        -0.415053636,
        -0.8565719,
        -0.30661872
      ]
    ],
    "translation": [
      2.271941,
      0.873855948,
      -0.775237
    ]
  },
  {
    "timeStamp": 105461,
    "rotation": [
      [
        0.789629757,
        -0.163350686,
        -0.5914402
      ],
      [
        0.45838967,
        -0.483708382,
        0.7455905
      ],
      [
        -0.407877266,
        -0.859850466,
        -0.307072252
      ]
    ],
    "translation": [
      2.27160788,
      0.8734439,
      -0.775671959
    ]
  },
  {
    "timeStamp": 105517,
    "rotation": [
      [
        0.771513343,
        -0.169616789,
        -0.6131861
      ],
      [
        0.484990448,
        -0.466991156,
        0.739394
      ],
      [
        -0.411766142,
        -0.8678418,
        -0.278027415
      ]
    ],
    "translation": [
      2.27204442,
      0.872131467,
      -0.7760283
    ]
  },
  {
    "timeStamp": 105561,
    "rotation": [
      [
        0.7698122,
        -0.13182956,
        -0.6245079
      ],
      [
        0.479424536,
        -0.52649045,
        0.702111
      ],
      [
        -0.421356469,
        -0.83989805,
        -0.342096478
      ]
    ],
    "translation": [
      2.27086926,
      0.8736887,
      -0.7758714
    ]
  },
  {
    "timeStamp": 105618,
    "rotation": [
      [
        0.781624556,
        -0.10779047,
        -0.6143649
      ],
      [
        0.470865637,
        -0.544011533,
        0.694504857
      ],
      [
        -0.4090826,
        -0.832125366,
        -0.374457955
      ]
    ],
    "translation": [
      2.2686038,
      0.8747791,
      -0.776281655
    ]
  },
  {
    "timeStamp": 105661,
    "rotation": [
      [
        0.7867067,
        -0.107056,
        -0.607973337
      ],
      [
        0.463458747,
        -0.548151731,
        0.6962296
      ],
      [
        -0.407797217,
        -0.829499066,
        -0.3816186
      ]
    ],
    "translation": [
      2.26712751,
      0.8741486,
      -0.775995135
    ]
  },
  {
    "timeStamp": 105717,
    "rotation": [
      [
        0.9135104,
        -0.112388805,
        -0.3909828
      ],
      [
        0.251492918,
        -0.5994154,
        0.759902954
      ],
      [
        -0.3197657,
        -0.792508662,
        -0.519307256
      ]
    ],
    "translation": [
      2.25523376,
      0.860105753,
      -0.7746641
    ]
  }
]