[
  {
    "timeStamp": 85259,
    "rotation": [
      [
        0.99999547,
        -0.000663260347,
        -0.00293714786
      ],
      [
        0.00291955145,
        -0.0251326226,
        0.999679863
      ],
      [
        -0.00073686603,
        -0.9996839,
        -0.0251305718
      ]
    ],
    "translation": [
      1.15367591,
      0.701109052,
      -0.490319
    ]
  },
  {
    "timeStamp": 85317,
    "rotation": [
      [
        0.9999645,
        -0.00398265058,
        0.00742893759
      ],
      [
        -0.00764436973,
        -0.05712515,
        0.998337746
      ],
      [
        -0.00355164753,
        -0.9983591,
        -0.0571535677
      ]
    ],
    "translation": [
      1.15280318,
      0.704548955,
      -0.489717245
    ]
  },
  {
    "timeStamp": 85359,
    "rotation": [
      [
        0.9995052,
        -0.0157127213,
        0.0272480939
      ],
      [
        -0.0280090738,
        -0.05043718,
        0.9983344
      ],
      [
        -0.0143122366,
        -0.998603642,
        -0.0508523174
      ]
    ],
    "translation": [
      1.1522913,
      0.70848316,
      -0.492330968
    ]
  },
  {
    "timeStamp": 85414,
    "rotation": [
      [
        0.9986545,
        -0.0186383761,
        0.0483922437
      ],
      [
        -0.04930114,
        -0.0518611744,
        0.997436643
      ],
      [
        -0.016080942,
        -0.9984804,
        -0.0527102873
      ]
    ],
    "translation": [
      1.15283811,
      0.717749536,
      -0.496450543
    ]
  },
  {
    "timeStamp": 85459,
    "rotation": [
      [
        0.998020053,
        -0.01227877,
        0.0616877042
      ],
      [
        -0.0624179132,
        -0.07241649,
        0.995419443
      ],
      [
        -0.00775532424,
        -0.997298956,
        -0.07303952
      ]
    ],
    "translation": [
      1.15515423,
      0.7294414,
      -0.499421537
    ]
  },
  {
    "timeStamp": 85514,
    "rotation": [
      [
        0.9952427,
        -0.0158865,
        0.09612275
      ],
      [
        -0.09721208,
        -0.0964755,
        0.990576744
      ],
      [
        -0.006463306,
        -0.995208561,
        -0.09756089
      ]
    ],
    "translation": [
      1.15956414,
      0.7493061,
      -0.5035953
    ]
  },
  {
    "timeStamp": 85559,
    "rotation": [
      [
        0.9921637,
        -0.0216804165,
        0.12304917
      ],
      [
        -0.124775954,
        -0.120784461,
        0.9848056
      ],
      [
        -0.00648854766,
        -0.992441952,
        -0.122543156
      ]
    ],
    "translation": [
      1.16647184,
      0.7692352,
      -0.5076828
    ]
  },
  {
    "timeStamp": 85614,
    "rotation": [
      [
        0.984105647,
        -0.0500715822,
        0.170378879
      ],
      [
        -0.176317409,
        -0.161107853,
        0.971059442
      ],
      [
        -0.0211731084,
        -0.9856658,
        -0.167375624
      ]
    ],
    "translation": [
      1.17982566,
      0.7999755,
      -0.514093161
    ]
  },
  {
    "timeStamp": 85659,
    "rotation": [
      [
        0.9751772,
        -0.0775131658,
        0.207415313
      ],
      [
        -0.218482032,
        -0.184599176,
        0.9582217
      ],
      [
        -0.035986118,
        -0.9797524,
        -0.196952164
      ]
    ],
    "translation": [
      1.19485712,
      0.8253468,
      -0.5225674
    ]
  },
  {
    "timeStamp": 85714,
    "rotation": [
      [
        0.9608925,
        -0.119262412,
        0.249923885
      ],
      [
        -0.271293968,
        -0.224400684,
        0.935972154
      ],
      [
        -0.0555431955,
        -0.9671715,
        -0.247980133
      ]
    ],
    "translation": [
      1.22101045,
      0.857891142,
      -0.5365485
    ]
  },
  {
    "timeStamp": 85759,
    "rotation": [
      [
        0.9484029,
        -0.155586675,
        0.276269168
      ],
      [
        -0.308107883,
        -0.246562123,
        0.9188453
      ],
      [
        -0.07484257,
        -0.956556261,
        -0.2817777
      ]
    ],
    "translation": [
      1.24693155,
      0.881109238,
      -0.5521428
    ]
  },
  {
    "timeStamp": 85815,
    "rotation": [
      [
        0.932432353,
        -0.210015967,
        0.294046372
      ],
      [
        -0.3445662,
        -0.271682978,
        0.8985892
      ],
      [
        -0.10883069,
        -0.939192057,
        -0.3256904
      ]
    ],
    "translation": [
      1.28709924,
      0.9065139,
      -0.5757182
    ]
  },
  {
    "timeStamp": 85859,
    "rotation": [
      [
        0.9123927,
        -0.264702082,
        0.312205642
      ],
      [
        -0.3817254,
        -0.274968266,
        0.8824274
      ],
      [
        -0.147733718,
        -0.924297154,
        -0.351922572
      ]
    ],
    "translation": [
      1.32360113,
      0.923782349,
      -0.597946763
    ]
  },
  {
    "timeStamp": 85915,
    "rotation": [
      [
        0.896201432,
        -0.324802756,
        0.3022022
      ],
      [
        -0.3978952,
        -0.2871848,
        0.8713233
      ],
      [
        -0.1962203,
        -0.901126,
        -0.386612862
      ]
    ],
    "translation": [
      1.37377632,
      0.939610362,
      -0.628269553
    ]
  },
  {
    "timeStamp": 85959,
    "rotation": [
      [
        0.8800198,
        -0.375741333,
        0.2904886
      ],
      [
        -0.408614,
        -0.287245274,
        0.8663283
      ],
      [
        -0.242073864,
        -0.8810838,
        -0.4063147
      ]
    ],
    "translation": [
      1.41510165,
      0.9488449,
      -0.65446943
    ]
  },
  {
    "timeStamp": 86014,
    "rotation": [
      [
        0.8757428,
        -0.413959056,
        0.248419687
      ],
      [
        -0.390521049,
        -0.304880083,
        0.868643463
      ],
      [
        -0.28384462,
        -0.8577214,
        -0.42865628
      ]
    ],
    "translation": [
      1.46647429,
      0.9554387,
      -0.686688542
    ]
  },
  {
    "timeStamp": 86059,
    "rotation": [
      [
        0.8707783,
        -0.441478461,
        0.2164296
      ],
      [
        -0.371907115,
        -0.3034903,
        0.877256334
      ],
      [
        -0.321605474,
        -0.844387531,
        -0.42846176
      ]
    ],
    "translation": [
      1.5055337,
      0.9576093,
      -0.7116142
    ]
  },
  {
    "timeStamp": 86115,
    "rotation": [
      [
        0.8512693,
        -0.4989476,
        0.162455812
      ],
      [
        -0.349003047,
        -0.307178348,
        0.8853464
      ],
      [
        -0.391838521,
        -0.8103658,
        -0.435625762
      ]
    ],
    "translation": [
      1.55649054,
      0.9606706,
      -0.739137769
    ]
  },
  {
    "timeStamp": 86159,
    "rotation": [
      [
        0.8292934,
        -0.544629753,
        0.1251037
      ],
      [
        -0.3382905,
        -0.311098635,
        0.888131261
      ],
      [
        -0.444783151,
        -0.778842747,
        -0.442235142
      ]
    ],
    "translation": [
      1.59463751,
      0.964603364,
      -0.7595667
    ]
  },
  {
    "timeStamp": 86215,
    "rotation": [
      [
        0.7971107,
        -0.59945333,
        0.07259673
      ],
      [
        -0.3296692,
        -0.3313074,
        0.8840552
      ],
      [
        -0.505898,
        -0.728622735,
        -0.461709976
      ]
    ],
    "translation": [
      1.64057171,
      0.9713278,
      -0.7823167
    ]
  },
  {
    "timeStamp": 86259,
    "rotation": [
      [
        0.7532845,
        -0.656151354,
        0.0450309664
      ],
      [
        -0.3381543,
        -0.327668071,
        0.8822048
      ],
      [
        -0.5641047,
        -0.6797786,
        -0.4687077
      ]
    ],
    "translation": [
      1.67556465,
      0.976624131,
      -0.799422562
    ]
  },
  {
    "timeStamp": 86314,
    "rotation": [
      [
        0.7058945,
        -0.7082869,
        -0.00653152447
      ],
      [
        -0.338996768,
        -0.345919549,
        0.874883354
      ],
      [
        -0.6219278,
        -0.615361154,
        -0.484289646
      ]
    ],
    "translation": [
      1.71711624,
      0.9838058,
      -0.8188628
    ]
  },
  {
    "timeStamp": 86359,
    "rotation": [
      [
        0.6760281,
        -0.7352864,
        -0.0483724624
      ],
      [
        -0.331996232,
        -0.362529635,
        0.8708334
      ],
      [
        -0.6578484,
        -0.572648346,
        -0.489192516
      ]
    ],
    "translation": [
      1.74746251,
      0.988678932,
      -0.833728969
    ]
  },
  {
    "timeStamp": 86414,
    "rotation": [
      [
        0.61205,
        -0.786567152,
        -0.08189575
      ],
      [
        -0.3442962,
        -0.358261973,
        0.867818236
      ],
      [
        -0.7119375,
        -0.502951741,
        -0.490086317
      ]
    ],
    "translation": [
      1.78417623,
      0.994529,
      -0.851475656
    ]
  },
  {
    "timeStamp": 86459,
    "rotation": [
      [
        0.572614431,
        -0.8119594,
        -0.113290451
      ],
      [
        -0.3509414,
        -0.3676541,
        0.861203
      ],
      [
        -0.74091357,
        -0.453378975,
        -0.4954742
      ]
    ],
    "translation": [
      1.812178,
      1.00064921,
      -0.8643566
    ]
  },
  {
    "timeStamp": 86514,
    "rotation": [
      [
        0.5175691,
        -0.841859341,
        -0.1529544
      ],
      [
        -0.3623594,
        -0.377595544,
        0.852125168
      ],
      [
        -0.775124431,
        -0.385609239,
        -0.500487447
      ]
    ],
    "translation": [
      1.84594548,
      1.00925541,
      -0.8791717
    ]
  },
  {
    "timeStamp": 86559,
    "rotation": [
      [
        0.469877779,
        -0.8649157,
        -0.176452965
      ],
      [
        -0.37876,
        -0.378102839,
        0.8447361
      ],
      [
        -0.7973429,
        -0.33008942,
        -0.505257666
      ]
    ],
    "translation": [
      1.87188911,
      1.01651943,
      -0.889380157
    ]
  },
  {
    "timeStamp": 86614,
    "rotation": [
      [
        0.422222674,
        -0.8793172,
        -0.220293656
      ],
      [
        -0.388987958,
        -0.395255834,
        0.832142532
      ],
      [
        -0.8187896,
        -0.265657872,
        -0.5089297
      ]
    ],
    "translation": [
      1.90529144,
      1.02619863,
      -0.9011594
    ]
  },
  {
    "timeStamp": 86658,
    "rotation": [
      [
        0.379156,
        -0.892215669,
        -0.245340511
      ],
      [
        -0.402929127,
        -0.397873,
        0.824224
      ],
      [
        -0.832999945,
        -0.213654637,
        -0.5103556
      ]
    ],
    "translation": [
      1.93156028,
      1.03320861,
      -0.9088508
    ]
  },
  {
    "timeStamp": 86715,
    "rotation": [
      [
        0.3281328,
        -0.905192733,
        -0.2701019
      ],
      [
        -0.4171115,
        -0.395389736,
        0.8183428
      ],
      [
        -0.8475535,
        -0.15586251,
        -0.507306635
      ]
    ],
    "translation": [
      1.96392369,
      1.039167,
      -0.9175645
    ]
  },
  {
    "timeStamp": 86759,
    "rotation": [
      [
        0.292826444,
        -0.9102308,
        -0.2928011
      ],
      [
        -0.435225129,
        -0.3995471,
        0.8068093
      ],
      [
        -0.8513705,
        -0.108820707,
        -0.513153255
      ]
    ],
    "translation": [
      1.99008441,
      1.04439008,
      -0.92321527
    ]
  },
  {
    "timeStamp": 86814,
    "rotation": [
      [
        0.253743082,
        -0.913740754,
        -0.3173204
      ],
      [
        -0.444981933,
        -0.401553035,
        0.8004663
      ],
      [
        -0.858839631,
        -0.0619109645,
        -0.50848943
      ]
    ],
    "translation": [
      2.02254176,
      1.04740345,
      -0.928859
    ]
  },
  {
    "timeStamp": 86858,
    "rotation": [
      [
        0.224757954,
        -0.91680783,
        -0.3300716
      ],
      [
        -0.455663443,
        -0.3983089,
        0.796065867
      ],
      [
        -0.8613099,
        -0.0285205878,
        -0.5072789
      ]
    ],
    "translation": [
      2.047944,
      1.048595,
      -0.9315814
    ]
  },
  {
    "timeStamp": 86914,
    "rotation": [
      [
        0.203989744,
        -0.914106369,
        -0.350425154
      ],
      [
        -0.457262784,
        -0.4054727,
        0.791519165
      ],
      [
        -0.865620553,
        -0.00122537906,
        -0.5006991
      ]
    ],
    "translation": [
      2.07858658,
      1.04719985,
      -0.9320357
    ]
  },
  {
    "timeStamp": 86958,
    "rotation": [
      [
        0.190633029,
        -0.916149855,
        -0.352602333
      ],
      [
        -0.456389725,
        -0.400723755,
        0.7944362
      ],
      [
        -0.86911875,
        0.009478288,
        -0.4945126
      ]
    ],
    "translation": [
      2.10078454,
      1.04256856,
      -0.9294221
    ]
  },
  {
    "timeStamp": 87014,
    "rotation": [
      [
        0.177456453,
        -0.920506,
        -0.348106354
      ],
      [
        -0.4577461,
        -0.39033252,
        0.798817337
      ],
      [
        -0.871193349,
        0.0175890066,
        -0.490625
      ]
    ],
    "translation": [
      2.12689781,
      1.03552115,
      -0.922319531
    ]
  },
  {
    "timeStamp": 87058,
    "rotation": [
      [
        0.18759124,
        -0.9227018,
        -0.336795062
      ],
      [
        -0.4459167,
        -0.385512054,
        0.8077987
      ],
      [
        -0.875195861,
        -0.00135340134,
        -0.483766884
      ]
    ],
    "translation": [
      2.143293,
      1.02801657,
      -0.9133897
    ]
  },
  {
    "timeStamp": 87114,
    "rotation": [
      [
        0.203651592,
        -0.930081844,
        -0.305734962
      ],
      [
        -0.442631245,
        -0.366009533,
        0.8186053
      ],
      [
        -0.8732718,
        -0.0313824452,
        -0.4862217
      ]
    ],
    "translation": [
      2.1590836,
      1.01840377,
      -0.898243
    ]
  },
  {
    "timeStamp": 87158,
    "rotation": [
      [
        0.214611053,
        -0.9377776,
        -0.2729751
      ],
      [
        -0.4388078,
        -0.342269182,
        0.8308427
      ],
      [
        -0.8725766,
        -0.0585244223,
        -0.484958827
      ]
    ],
    "translation": [
      2.169124,
      1.0092988,
      -0.885022461
    ]
  },
  {
    "timeStamp": 87214,
    "rotation": [
      [
        0.246409342,
        -0.9384174,
        -0.2421884
      ],
      [
        -0.42013222,
        -0.328621864,
        0.8458703
      ],
      [
        -0.8733678,
        -0.106679209,
        -0.475234866
      ]
    ],
    "translation": [
      2.178973,
      0.9980569,
      -0.8674117
    ]
  },
  {
    "timeStamp": 87258,
    "rotation": [
      [
        0.27532,
        -0.9339801,
        -0.227771774
      ],
      [
        -0.403299272,
        -0.327283174,
        0.8545381
      ],
      [
        -0.8726675,
        -0.143411219,
        -0.466781139
      ]
    ],
    "translation": [
      2.184485,
      0.9888915,
      -0.853566051
    ]
  },
  {
    "timeStamp": 87313,
    "rotation": [
      [
        0.3050082,
        -0.9347595,
        -0.182194367
      ],
      [
        -0.3903774,
        -0.29721573,
        0.871360064
      ],
      [
        -0.868663132,
        -0.194647416,
        -0.4555622
      ]
    ],
    "translation": [
      2.18646932,
      0.976256132,
      -0.836298048
    ]
  },
  {
    "timeStamp": 87365,
    "rotation": [
      [
        0.3476356,
        -0.926577151,
        -0.143542185
      ],
      [
        -0.369544953,
        -0.276096135,
        0.887247145
      ],
      [
        -0.861734331,
        -0.255393416,
        -0.438392758
      ]
    ],
    "translation": [
      2.18435287,
      0.9629965,
      -0.820425749
    ]
  },
  {
    "timeStamp": 87409,
    "rotation": [
      [
        0.3860664,
        -0.911767066,
        -0.140119851
      ],
      [
        -0.3418184,
        -0.282478929,
        0.896306753
      ],
      [
        -0.8568039,
        -0.29813838,
        -0.420714378
      ]
    ],
    "translation": [
      2.18184614,
      0.9525295,
      -0.810473263
    ]
  },
  {
    "timeStamp": 87464,
    "rotation": [
      [
        0.418893278,
        -0.9025449,
        -0.09970449
      ],
      [
        -0.323390275,
        -0.250886619,
        0.9124005
      ],
      [
        -0.848497,
        -0.349955,
        -0.396969
      ]
    ],
    "translation": [
      2.175674,
      0.937046945,
      -0.80043155
    ]
  },
  {
    "timeStamp": 87509,
    "rotation": [
      [
        0.435026079,
        -0.8957058,
        -0.09199659
      ],
      [
        -0.298267245,
        -0.2397527,
        0.9238806
      ],
      [
        -0.849581659,
        -0.3744726,
        -0.3714584
      ]
    ],
    "translation": [
      2.171912,
      0.923998,
      -0.795866847
    ]
  },
  {
    "timeStamp": 87564,
    "rotation": [
      [
        0.4491789,
        -0.891675651,
        -0.0561501831
      ],
      [
        -0.286056072,
        -0.203069419,
        0.9364479
      ],
      [
        -0.8464102,
        -0.40457055,
        -0.346283734
      ]
    ],
    "translation": [
      2.16604018,
      0.908383667,
      -0.7921278
    ]
  },
  {
    "timeStamp": 87608,
    "rotation": [
      [
        0.478376776,
        -0.8745248,
        -0.079763025
      ],
      [
        -0.2409324,
        -0.218050718,
        0.9457301
      ],
      [
        -0.8444568,
        -0.4331978,
        -0.31501177
      ]
    ],
    "translation": [
      2.16418648,
      0.896802366,
      -0.7908686
    ]
  },
  {
    "timeStamp": 87664,
    "rotation": [
      [
        0.5032284,
        -0.861746669,
        -0.06445003
      ],
      [
        -0.213300616,
        -0.196140885,
        0.9570954
      ],
      [
        -0.83741504,
        -0.467890382,
        -0.282514781
      ]
    ],
    "translation": [
      2.159433,
      0.8831365,
      -0.789275646
    ]
  },
  {
    "timeStamp": 87708,
    "rotation": [
      [
        0.4917601,
        -0.86994797,
        -0.03691168
      ],
      [
        -0.211303,
        -0.160354167,
        0.964177132
      ],
      [
        -0.8447029,
        -0.4663443,
        -0.2626784
      ]
    ],
    "translation": [
      2.15768218,
      0.872998,
      -0.788441539
    ]
  },
  {
    "timeStamp": 87765,
    "rotation": [
      [
        0.506461442,
        -0.8616202,
        -0.0332786478
      ],
      [
        -0.1787438,
        -0.142665535,
        0.9734974
      ],
      [
        -0.8435327,
        -0.4870905,
        -0.226263866
      ]
    ],
    "translation": [
      2.15628648,
      0.8612138,
      -0.7884168
    ]
  },
  {
    "timeStamp": 87811,
    "rotation": [
      [
        0.5217292,
        -0.8518425,
        -0.046507515
      ],
      [
        -0.149263725,
        -0.144822344,
        0.978134334
      ],
      [
        -0.839951754,
        -0.503379345,
        -0.202707246
      ]
    ],
    "translation": [
      2.15610051,
      0.8535327,
      -0.7884221
    ]
  },
  {
    "timeStamp": 87868,
    "rotation": [
      [
        0.5176495,
        -0.854875267,
        -0.0350326821
      ],
      [
        -0.128939942,
        -0.118423507,
        0.9845559
      ],
      [
        -0.845821142,
        -0.505137742,
        -0.171529427
      ]
    ],
    "translation": [
      2.15580869,
      0.8440909,
      -0.78996855
    ]
  },
  {
    "timeStamp": 87913,
    "rotation": [
      [
        0.5225054,
        -0.8509502,
        -0.05358882
      ],
      [
        -0.106440552,
        -0.12745817,
        0.986116052
      ],
      [
        -0.845966,
        -0.509546936,
        -0.1571732
      ]
    ],
    "translation": [
      2.15785432,
      0.8392287,
      -0.790167749
    ]
  },
  {
    "timeStamp": 87958,
    "rotation": [
      [
        0.5238445,
        -0.8501132,
        -0.05380077
      ],
      [
        -0.08345871,
        -0.114078917,
        0.9899599
      ],
      [
        -0.8477155,
        -0.5140949,
        -0.130708963
      ]
    ],
    "translation": [
      2.15857959,
      0.8334887,
      -0.7919027
    ]
  },
  {
    "timeStamp": 88013,
    "rotation": [
      [
        0.530882835,
        -0.845671237,
        -0.0548054054
      ],
      [
        -0.06160974,
        -0.103014871,
        0.992769957
      ],
      [
        -0.845202744,
        -0.523668,
        -0.106790408
      ]
    ],
    "translation": [
      2.15844226,
      0.826901555,
      -0.792567253
    ]
  },
  {
    "timeStamp": 88058,
    "rotation": [
      [
        0.5683204,
        -0.82023716,
        -0.06498433
      ],
      [
        -0.0322079659,
        -0.1010951,
        0.994355261
      ],
      [
        -0.822176754,
        -0.5630194,
        -0.08387258
      ]
    ],
    "translation": [
      2.155309,
      0.8216095,
      -0.7931756
    ]
  },
  {
    "timeStamp": 88113,
    "rotation": [
      [
        0.5856168,
        -0.807072043,
        -0.07541602
      ],
      [
        -0.0142395357,
        -0.103267163,
        0.9945517
      ],
      [
        -0.8104629,
        -0.581352353,
        -0.0719673261
      ]
    ],
    "translation": [
      2.15205288,
      0.816272438,
      -0.79164964
    ]
  },
  {
    "timeStamp": 88158,
    "rotation": [
      [
        0.6024614,
        -0.794706941,
        -0.07403465
      ],
      [
        0.00399922766,
        -0.08975119,
        0.9959562
      ],
      [
        -0.798137963,
        -0.600321233,
        -0.0508934148
      ]
    ],
    "translation": [
      2.14917135,
      0.8103492,
      -0.7919564
    ]
  },
  {
    "timeStamp": 88213,
    "rotation": [
      [
        0.6282622,
        -0.7712908,
        -0.101966277
      ],
      [
        0.0376298279,
        -0.100783154,
        0.994196534
      ],
      [
        -0.777091146,
        -0.628453135,
        -0.0342947058
      ]
    ],
    "translation": [
      2.1468246,
      0.8042159,
      -0.790596068
    ]
  },
  {
    "timeStamp": 88258,
    "rotation": [
      [
        0.6326255,
        -0.768007,
        -0.0997513
      ],
      [
        0.0421312265,
        -0.09448198,
        0.9946347
      ],
      [
        -0.7733111,
        -0.633433938,
        -0.0274146348
      ]
    ],
    "translation": [
      2.14451742,
      0.8001007,
      -0.7893609
    ]
  },
  {
    "timeStamp": 88314,
    "rotation": [
      [
        0.6467921,
        -0.7552992,
        -0.105749637
      ],
      [
        0.06034173,
        -0.08754362,
        0.9943314
      ],
      [
        -0.7602755,
        -0.6495068,
        -0.01104646
      ]
    ],
    "translation": [
      2.14132047,
      0.7937993,
      -0.789096951
    ]
  },
  {
    "timeStamp": 88358,
    "rotation": [
      [
        0.661404669,
        -0.7405059,
        -0.119142562
      ],
      [
        0.07579684,
        -0.09204545,
        0.9928658
      ],
      [
        -0.7461895,
        -0.665716648,
        -0.004751283
      ]
    ],
    "translation": [
      2.13960743,
      0.789490044,
      -0.7888262
    ]
  },
  {
    "timeStamp": 88414,
    "rotation": [
      [
        0.674419761,
        -0.732694864,
        -0.091193445
      ],
      [
        0.0404743254,
        -0.0866375044,
        0.995417356
      ],
      [
        -0.737238,
        -0.675020158,
        -0.0287747141
      ]
    ],
    "translation": [
      2.13468385,
      0.7881104,
      -0.787227154
    ]
  },
  {
    "timeStamp": 88459,
    "rotation": [
      [
        0.6819476,
        -0.724764943,
        -0.09830178
      ],
      [
        0.024864506,
        -0.111351378,
        0.99347
      ],
      [
        -0.730978251,
        -0.6799387,
        -0.0579148829
      ]
    ],
    "translation": [
      2.13194156,
      0.783197045,
      -0.7849708
    ]
  },
  {
    "timeStamp": 88514,
    "rotation": [
      [
        0.6949955,
        -0.7186303,
        -0.0234899744
      ],
      [
        -0.016247496,
        -0.0483577251,
        0.998697937
      ],
      [
        -0.7188305,
        -0.6937089,
        -0.045284342
      ]
    ],
    "translation": [
      2.12597632,
      0.785954,
      -0.7886137
    ]
  }
]