[
  {
    "timeStamp": 56539,
    "rotation": [
      [
        -0.9996255,
        -0.006867067,
        -0.02649049
      ],
      [
        -0.0105269961,
        0.9900104,
        0.14060086
      ],
      [
        0.0252603479,
        0.140827075,
        -0.98971194
      ]
    ],
    "translation": [
      1.43049,
      0.7313221,
      -0.6221817
    ]
  },
  {
    "timeStamp": 56594,
    "rotation": [
      [
        -0.9993172,
        0.009473462,
        -0.0357119441
      ],
      [
        0.005457108,
        0.993813455,
        0.110928476
      ],
      [
        0.0365418829,
        0.110657856,
        -0.9931866
      ]
    ],
    "translation": [
      1.43064117,
      0.73751533,
      -0.6227461
    ]
  },
  {
    "timeStamp": 56639,
    "rotation": [
      [
        -0.999320567,
        0.0127502857,
        -0.03458248
      ],
      [
        0.008720372,
        0.9934112,
        0.114272587
      ],
      [
        0.0358116329,
        0.113893375,
        -0.9928474
      ]
    ],
    "translation": [
      1.43081117,
      0.737831235,
      -0.6226457
    ]
  },
  {
    "timeStamp": 56696,
    "rotation": [
      [
        -0.9992996,
        0.0135954516,
        -0.0348650068
      ],
      [
        0.009359775,
        0.992863,
        0.118892886
      ],
      [
        0.03623258,
        0.118483283,
        -0.9922948
      ]
    ],
    "translation": [
      1.43083882,
      0.7379847,
      -0.6224446
    ]
  },
  {
    "timeStamp": 56739,
    "rotation": [
      [
        -0.999349236,
        0.01371267,
        -0.0333613269
      ],
      [
        0.01019944,
        0.9945993,
        0.103287518
      ],
      [
        0.0345974974,
        0.102880038,
        -0.994091868
      ]
    ],
    "translation": [
      1.43089759,
      0.7376351,
      -0.6231055
    ]
  },
  {
    "timeStamp": 56795,
    "rotation": [
      [
        -0.9994178,
        0.0169630535,
        -0.0296040382
      ],
      [
        0.0140791219,
        0.995373666,
        0.09504286
      ],
      [
        0.031079296,
        0.0945707262,
        -0.995032966
      ]
    ],
    "translation": [
      1.431155,
      0.737689435,
      -0.6235669
    ]
  },
  {
    "timeStamp": 56839,
    "rotation": [
      [
        -0.999462247,
        0.01680792,
        -0.0281547271
      ],
      [
        0.0146662481,
        0.9971042,
        0.0746193156
      ],
      [
        0.0293273926,
        0.07416626,
        -0.9968146
      ]
    ],
    "translation": [
      1.43118882,
      0.737229168,
      -0.6243739
    ]
  },
  {
    "timeStamp": 56894,
    "rotation": [
      [
        -0.9994658,
        0.0188526046,
        -0.0266952179
      ],
      [
        0.01710369,
        0.997784555,
        0.06429175
      ],
      [
        0.0278481431,
        0.06380083,
        -0.997574
      ]
    ],
    "translation": [
      1.43133867,
      0.737071,
      -0.624743342
    ]
  },
  {
    "timeStamp": 56939,
    "rotation": [
      [
        -0.999465942,
        0.0198107027,
        -0.02598707
      ],
      [
        0.0180024542,
        0.997518659,
        0.06806097
      ],
      [
        0.0272709243,
        0.06755679,
        -0.997342646
      ]
    ],
    "translation": [
      1.43140316,
      0.7372932,
      -0.6246404
    ]
  },
  {
    "timeStamp": 56994,
    "rotation": [
      [
        -0.999933958,
        0.01093222,
        -0.00354282977
      ],
      [
        0.0106962658,
        0.9980868,
        0.06089619
      ],
      [
        0.0042017824,
        0.0608542748,
        -0.9981378
      ]
    ],
    "translation": [
      1.43233049,
      0.736896753,
      -0.62500006
    ]
  },
  {
    "timeStamp": 57039,
    "rotation": [
      [
        -0.9996216,
        -0.0260775667,
        -0.00875153951
      ],
      [
        -0.0265225433,
        0.9981169,
        0.05530997
      ],
      [
        0.00729271071,
        0.0555211566,
        -0.9984309
      ]
    ],
    "translation": [
      1.43514132,
      0.7360872,
      -0.6238685
    ]
  },
  {
    "timeStamp": 57094,
    "rotation": [
      [
        -0.9994485,
        -0.02892762,
        -0.0163047742
      ],
      [
        -0.0296199024,
        0.998594463,
        0.0439505279
      ],
      [
        0.0150104742,
        0.0444092341,
        -0.9989006
      ]
    ],
    "translation": [
      1.43569565,
      0.7395204,
      -0.6222824
    ]
  },
  {
    "timeStamp": 57139,
    "rotation": [
      [
        -0.999612331,
        -0.0245289169,
        -0.0131726228
      ],
      [
        -0.02481904,
        0.999442458,
        0.0223325435
      ],
      [
        0.0126174847,
        0.0226508174,
        -0.99966383
      ]
    ],
    "translation": [
      1.43632877,
      0.7436723,
      -0.621417761
    ]
  },
  {
    "timeStamp": 57194,
    "rotation": [
      [
        -0.99963975,
        -0.0178291183,
        -0.0200595539
      ],
      [
        -0.0183149055,
        0.999536932,
        0.0242999159
      ],
      [
        0.01961702,
        0.0246585514,
        -0.999503434
      ]
    ],
    "translation": [
      1.4362514,
      0.75017,
      -0.621192634
    ]
  },
  {
    "timeStamp": 57239,
    "rotation": [
      [
        -0.999694765,
        -0.0199521,
        -0.014572422
      ],
      [
        -0.0199383926,
        0.9998006,
        -0.00108535623
      ],
      [
        0.0145911714,
        -0.000794474268,
        -0.999893248
      ]
    ],
    "translation": [
      1.43723631,
      0.75436753,
      -0.6212368
    ]
  },
  {
    "timeStamp": 57294,
    "rotation": [
      [
        -0.999610066,
        -0.0180508737,
        -0.0213041659
      ],
      [
        -0.0179328937,
        0.999822855,
        -0.00571602629
      ],
      [
        0.0214035716,
        -0.005331752,
        -0.9997567
      ]
    ],
    "translation": [
      1.43907976,
      0.7619831,
      -0.6211155
    ]
  },
  {
    "timeStamp": 57339,
    "rotation": [
      [
        -0.9994303,
        -0.003908636,
        -0.0335239843
      ],
      [
        -0.003068733,
        0.999681,
        -0.02506875
      ],
      [
        0.0336112753,
        -0.0249515921,
        -0.999123454
      ]
    ],
    "translation": [
      1.43976569,
      0.771509767,
      -0.6203555
    ]
  },
  {
    "timeStamp": 57394,
    "rotation": [
      [
        -0.997718751,
        0.010834273,
        -0.0666325539
      ],
      [
        0.0134886792,
        0.999127865,
        -0.0395164825
      ],
      [
        0.06614631,
        -0.04032512,
        -0.9969948
      ]
    ],
    "translation": [
      1.44189274,
      0.785268962,
      -0.617570043
    ]
  },
  {
    "timeStamp": 57439,
    "rotation": [
      [
        -0.993450165,
        0.03979222,
        -0.107114233
      ],
      [
        0.04579722,
        0.997479439,
        -0.0541976169
      ],
      [
        0.104687609,
        -0.0587481633,
        -0.9927684
      ]
    ],
    "translation": [
      1.44404662,
      0.8004719,
      -0.61479187
    ]
  },
  {
    "timeStamp": 57494,
    "rotation": [
      [
        -0.98222506,
        0.06484579,
        -0.176150128
      ],
      [
        0.07739258,
        0.9948592,
        -0.06531074
      ],
      [
        0.171009466,
        -0.07778256,
        -0.9821943
      ]
    ],
    "translation": [
      1.45045841,
      0.82012,
      -0.6122425
    ]
  },
  {
    "timeStamp": 57539,
    "rotation": [
      [
        -0.970110536,
        0.0870873556,
        -0.226497918
      ],
      [
        0.105407029,
        0.9919578,
        -0.0700646043
      ],
      [
        0.218574643,
        -0.09184489,
        -0.971488357
      ]
    ],
    "translation": [
      1.45852578,
      0.8372696,
      -0.613029957
    ]
  },
  {
    "timeStamp": 57596,
    "rotation": [
      [
        -0.9506849,
        0.0961891562,
        -0.294865817
      ],
      [
        0.127429679,
        0.987883449,
        -0.08858875
      ],
      [
        0.282771766,
        -0.121794641,
        -0.9514233
      ]
    ],
    "translation": [
      1.4745,
      0.856623948,
      -0.6167069
    ]
  },
  {
    "timeStamp": 57638,
    "rotation": [
      [
        -0.929287434,
        0.106959015,
        -0.353531569
      ],
      [
        0.147276282,
        0.9850741,
        -0.08909937
      ],
      [
        0.338724822,
        -0.134865746,
        -0.931169569
      ]
    ],
    "translation": [
      1.4912498,
      0.8722442,
      -0.6205035
    ]
  },
  {
    "timeStamp": 57693,
    "rotation": [
      [
        -0.8986757,
        0.1070458,
        -0.425350666
      ],
      [
        0.165183842,
        0.9809612,
        -0.102124982
      ],
      [
        0.406320423,
        -0.1620383,
        -0.8992482
      ]
    ],
    "translation": [
      1.51749527,
      0.890544951,
      -0.6294989
    ]
  },
  {
    "timeStamp": 57738,
    "rotation": [
      [
        -0.8687903,
        0.09019443,
        -0.486896664
      ],
      [
        0.159428343,
        0.9818644,
        -0.10259077
      ],
      [
        0.468813419,
        -0.166755,
        -0.8674138
      ]
    ],
    "translation": [
      1.5435456,
      0.9008628,
      -0.636268854
    ]
  },
  {
    "timeStamp": 57793,
    "rotation": [
      [
        -0.8323133,
        0.07515995,
        -0.54918617
      ],
      [
        0.169210926,
        0.977923453,
        -0.122610189
      ],
      [
        0.5278467,
        -0.1949784,
        -0.82665664
      ]
    ],
    "translation": [
      1.57744014,
      0.914958,
      -0.6484343
    ]
  },
  {
    "timeStamp": 57838,
    "rotation": [
      [
        -0.7922594,
        0.0524299331,
        -0.6079278
      ],
      [
        0.155617639,
        0.9807174,
        -0.118222252
      ],
      [
        0.590006948,
        -0.188266978,
        -0.7851416
      ]
    ],
    "translation": [
      1.60858667,
      0.92146945,
      -0.656276941
    ]
  },
  {
    "timeStamp": 57893,
    "rotation": [
      [
        -0.7425943,
        0.0258720275,
        -0.669241667
      ],
      [
        0.1488483,
        0.9806381,
        -0.127252683
      ],
      [
        0.652991533,
        -0.1941126,
        -0.7320672
      ]
    ],
    "translation": [
      1.64802063,
      0.9312348,
      -0.6673505
    ]
  },
  {
    "timeStamp": 57938,
    "rotation": [
      [
        -0.6935494,
        0.0107891932,
        -0.7203283
      ],
      [
        0.139934719,
        0.982861,
        -0.120011069
      ],
      [
        0.7066877,
        -0.18403253,
        -0.6831724
      ]
    ],
    "translation": [
      1.68083549,
      0.93802464,
      -0.6748834
    ]
  },
  {
    "timeStamp": 57993,
    "rotation": [
      [
        -0.6334653,
        -0.0170728862,
        -0.773582757
      ],
      [
        0.133111089,
        0.9824476,
        -0.130683452
      ],
      [
        0.762235641,
        -0.185755864,
        -0.620073855
      ]
    ],
    "translation": [
      1.72145927,
      0.9461488,
      -0.683447
    ]
  },
  {
    "timeStamp": 58038,
    "rotation": [
      [
        -0.580755353,
        -0.0456721038,
        -0.812795937
      ],
      [
        0.118236579,
        0.983105958,
        -0.139723927
      ],
      [
        0.805446,
        -0.177247629,
        -0.56554395
      ]
    ],
    "translation": [
      1.755794,
      0.9507008,
      -0.6884682
    ]
  },
  {
    "timeStamp": 58094,
    "rotation": [
      [
        -0.5159708,
        -0.06014284,
        -0.8544922
      ],
      [
        0.123354807,
        0.9819182,
        -0.143597364
      ],
      [
        0.8476778,
        -0.179497778,
        -0.499222219
      ]
    ],
    "translation": [
      1.7950505,
      0.9596634,
      -0.6936779
    ]
  },
  {
    "timeStamp": 58139,
    "rotation": [
      [
        -0.465429753,
        -0.08552436,
        -0.88094306
      ],
      [
        0.124186136,
        0.9791642,
        -0.160671353
      ],
      [
        0.8763292,
        -0.184182137,
        -0.445111215
      ]
    ],
    "translation": [
      1.82645226,
      0.965529561,
      -0.696176767
    ]
  },
  {
    "timeStamp": 58194,
    "rotation": [
      [
        -0.40723145,
        -0.08494227,
        -0.9093665
      ],
      [
        0.136305615,
        0.9788629,
        -0.152474016
      ],
      [
        0.903096557,
        -0.186043978,
        -0.387045622
      ]
    ],
    "translation": [
      1.8597908,
      0.9737126,
      -0.6992338
    ]
  },
  {
    "timeStamp": 58238,
    "rotation": [
      [
        -0.368145138,
        -0.09777134,
        -0.924613357
      ],
      [
        0.152595267,
        0.9746173,
        -0.1638164
      ],
      [
        0.917160749,
        -0.201399848,
        -0.3438812
      ]
    ],
    "translation": [
      1.88471973,
      0.98082453,
      -0.700084746
    ]
  },
  {
    "timeStamp": 58294,
    "rotation": [
      [
        -0.3222929,
        -0.103424996,
        -0.9409732
      ],
      [
        0.16081576,
        0.9735836,
        -0.162090331
      ],
      [
        0.9328803,
        -0.203563884,
        -0.2971467
      ]
    ],
    "translation": [
      1.91275632,
      0.986496449,
      -0.700176358
    ]
  },
  {
    "timeStamp": 58338,
    "rotation": [
      [
        -0.295950174,
        -0.107590124,
        -0.949124753
      ],
      [
        0.1752582,
        0.970652163,
        -0.164678335
      ],
      [
        0.938987732,
        -0.215078488,
        -0.268408626
      ]
    ],
    "translation": [
      1.93311822,
      0.9914098,
      -0.698928952
    ]
  },
  {
    "timeStamp": 58394,
    "rotation": [
      [
        -0.247166425,
        -0.08282684,
        -0.965426564
      ],
      [
        0.1919996,
        0.972398341,
        -0.1325803
      ],
      [
        0.949760437,
        -0.218130916,
        -0.224441513
      ]
    ],
    "translation": [
      1.95721912,
      0.995952666,
      -0.696758032
    ]
  },
  {
    "timeStamp": 58438,
    "rotation": [
      [
        -0.216238275,
        -0.0804875046,
        -0.973017335
      ],
      [
        0.203740433,
        0.9709357,
        -0.125593513
      ],
      [
        0.954845965,
        -0.225401118,
        -0.1935549
      ]
    ],
    "translation": [
      1.97684729,
      0.9987643,
      -0.693843544
    ]
  },
  {
    "timeStamp": 58494,
    "rotation": [
      [
        -0.1693497,
        -0.0669144839,
        -0.9832818
      ],
      [
        0.18506074,
        0.977786958,
        -0.09841339
      ],
      [
        0.9680254,
        -0.198633134,
        -0.1532047
      ]
    ],
    "translation": [
      2.00199986,
      0.9938419,
      -0.690501
    ]
  },
  {
    "timeStamp": 58538,
    "rotation": [
      [
        -0.120115131,
        -0.06960309,
        -0.990317
      ],
      [
        0.171242177,
        0.9811346,
        -0.08972761
      ],
      [
        0.9778796,
        -0.180361688,
        -0.10593012
      ]
    ],
    "translation": [
      2.02662039,
      0.987594843,
      -0.6868003
    ]
  },
  {
    "timeStamp": 58589,
    "rotation": [
      [
        -0.05997739,
        -0.0318860635,
        -0.9976904
      ],
      [
        0.153358042,
        0.9873291,
        -0.0407742262
      ],
      [
        0.986348867,
        -0.155449376,
        -0.0543274358
      ]
    ],
    "translation": [
      2.05400777,
      0.9770885,
      -0.684029
    ]
  },
  {
    "timeStamp": 58644,
    "rotation": [
      [
        -0.0151526034,
        -0.0221624356,
        -0.9996396
      ],
      [
        0.106879376,
        0.993990541,
        -0.02365728
      ],
      [
        0.994156539,
        -0.107199326,
        -0.012692837
      ]
    ],
    "translation": [
      2.07932639,
      0.9596506,
      -0.684100866
    ]
  },
  {
    "timeStamp": 58689,
    "rotation": [
      [
        -0.005471471,
        -0.0242184736,
        -0.999691665
      ],
      [
        0.08784839,
        0.99582994,
        -0.024605725
      ],
      [
        0.996118844,
        -0.08795594,
        -0.00332110072
      ]
    ],
    "translation": [
      2.09522986,
      0.9472965,
      -0.6849595
    ]
  },
  {
    "timeStamp": 58744,
    "rotation": [
      [
        -0.0161842611,
        -0.03614752,
        -0.9992154
      ],
      [
        0.05037997,
        0.9980475,
        -0.03692127
      ],
      [
        0.998599,
        -0.0509379841,
        -0.0143315494
      ]
    ],
    "translation": [
      2.108577,
      0.9316068,
      -0.6874696
    ]
  },
  {
    "timeStamp": 58788,
    "rotation": [
      [
        -0.0424544066,
        -0.04691244,
        -0.997996449
      ],
      [
        0.0212012772,
        0.998629749,
        -0.04784411
      ],
      [
        0.9988734,
        -0.0231899917,
        -0.0414016321
      ]
    ],
    "translation": [
      2.11498332,
      0.9188873,
      -0.6912224
    ]
  },
  {
    "timeStamp": 58844,
    "rotation": [
      [
        -0.0505609028,
        -0.0286788,
        -0.998309135
      ],
      [
        -0.00265948661,
        0.999587953,
        -0.0285808425
      ],
      [
        0.9987175,
        0.00120991655,
        -0.05061634
      ]
    ],
    "translation": [
      2.120949,
      0.9072939,
      -0.694357
    ]
  },
  {
    "timeStamp": 58889,
    "rotation": [
      [
        -0.0486268327,
        -0.0403418429,
        -0.998002
      ],
      [
        -0.0115212975,
        0.9991402,
        -0.0398264863
      ],
      [
        0.9987506,
        0.009561642,
        -0.04904981
      ]
    ],
    "translation": [
      2.129009,
      0.898422539,
      -0.6951114
    ]
  },
  {
    "timeStamp": 58945,
    "rotation": [
      [
        -0.0347371437,
        0.00791381,
        -0.9993651
      ],
      [
        -0.005518052,
        0.9999519,
        0.00811026
      ],
      [
        0.999381244,
        0.005796276,
        -0.0346918032
      ]
    ],
    "translation": [
      2.13247871,
      0.8916063,
      -0.693113267
    ]
  },
  {
    "timeStamp": 58990,
    "rotation": [
      [
        -0.0512849055,
        -0.0410869867,
        -0.9978385
      ],
      [
        0.0168963484,
        0.9989746,
        -0.04200217
      ],
      [
        0.9985411,
        -0.019013904,
        -0.0505380966
      ]
    ],
    "translation": [
      2.13516,
      0.88636595,
      -0.6901084
    ]
  },
  {
    "timeStamp": 59047,
    "rotation": [
      [
        -0.0340486728,
        -0.0295156427,
        -0.9989842
      ],
      [
        0.0126265511,
        0.9994713,
        -0.0299603883
      ],
      [
        0.9993404,
        -0.013633837,
        -0.03365799
      ]
    ],
    "translation": [
      2.13710952,
      0.8781514,
      -0.686155558
    ]
  },
  {
    "timeStamp": 59092,
    "rotation": [
      [
        -0.0261824932,
        -0.0992963761,
        -0.994713366
      ],
      [
        -0.0210245717,
        0.9948891,
        -0.0987605155
      ],
      [
        0.999436,
        0.0183276255,
        -0.02813634
      ]
    ],
    "translation": [
      2.13745213,
      0.871616,
      -0.687290847
    ]
  },
  {
    "timeStamp": 59149,
    "rotation": [
      [
        -0.0359790064,
        -0.209705889,
        -0.9771024
      ],
      [
        -0.004841693,
        0.9777605,
        -0.20966886
      ],
      [
        0.999340832,
        -0.0028128475,
        -0.0361941829
      ]
    ],
    "translation": [
      2.14076018,
      0.8669252,
      -0.6850842
    ]
  },
  {
    "timeStamp": 59194,
    "rotation": [
      [
        -0.03984978,
        -0.267492145,
        -0.962735653
      ],
      [
        0.0111384979,
        0.9633222,
        -0.268116146
      ],
      [
        0.9991436,
        -0.0214078,
        -0.0354087166
      ]
    ],
    "translation": [
      2.14121938,
      0.8644566,
      -0.6836022
    ]
  },
  {
    "timeStamp": 59238,
    "rotation": [
      [
        -0.0121819228,
        -0.116081312,
        -0.993164957
      ],
      [
        0.0208689142,
        0.9929928,
        -0.116317168
      ],
      [
        0.999708,
        -0.0221432429,
        -0.009674071
      ]
    ],
    "translation": [
      2.13646531,
      0.860160947,
      -0.6835748
    ]
  },
  {
    "timeStamp": 59294,
    "rotation": [
      [
        -0.0243224055,
        0.075396575,
        -0.9968569
      ],
      [
        -0.0455270372,
        0.996033847,
        0.07644514
      ],
      [
        0.998667,
        0.0472432747,
        -0.020793356
      ]
    ],
    "translation": [
      2.12107658,
      0.850845039,
      -0.6877199
    ]
  },
  {
    "timeStamp": 59338,
    "rotation": [
      [
        -0.0221350323,
        0.07801825,
        -0.9967062
      ],
      [
        -0.04743912,
        0.9957454,
        0.0789965838
      ],
      [
        0.998628855,
        0.04903146,
        -0.01833974
      ]
    ],
    "translation": [
      2.12018824,
      0.8483079,
      -0.6886673
    ]
  },
  {
    "timeStamp": 59393,
    "rotation": [
      [
        -0.0212374274,
        0.0904983,
        -0.99567014
      ],
      [
        -0.05311069,
        0.994386435,
        0.09151446
      ],
      [
        0.9983628,
        0.05482426,
        -0.0163117815
      ]
    ],
    "translation": [
      2.117453,
      0.845392168,
      -0.690974236
    ]
  },
  {
    "timeStamp": 59438,
    "rotation": [
      [
        -0.0257615261,
        0.08835947,
        -0.9957555
      ],
      [
        -0.0575250164,
        0.9943045,
        0.08971896
      ],
      [
        0.998011649,
        0.0595921464,
        -0.0205319226
      ]
    ],
    "translation": [
      2.11579823,
      0.84234333,
      -0.693064451
    ]
  },
  {
    "timeStamp": 59494,
    "rotation": [
      [
        -0.0212928634,
        0.09371055,
        -0.995371759
      ],
      [
        -0.06789457,
        0.9931636,
        0.09495504
      ],
      [
        0.9974653,
        0.06960221,
        -0.0147848576
      ]
    ],
    "translation": [
      2.11561084,
      0.8376612,
      -0.694516659
    ]
  },
  {
    "timeStamp": 59538,
    "rotation": [
      [
        -0.013812297,
        0.0914535,
        -0.995713532
      ],
      [
        -0.0693996,
        0.993319452,
        0.0921963
      ],
      [
        0.9974933,
        0.07037557,
        -0.00737318676
      ]
    ],
    "translation": [
      2.11722732,
      0.834736049,
      -0.6946465
    ]
  },
  {
    "timeStamp": 59593,
    "rotation": [
      [
        -0.01308064,
        0.09189658,
        -0.9956826
      ],
      [
        -0.07265752,
        0.993048131,
        0.09260795
      ],
      [
        0.9972712,
        0.07355521,
        -0.006312727
      ]
    ],
    "translation": [
      2.118459,
      0.830994844,
      -0.694376945
    ]
  },
  {
    "timeStamp": 59638,
    "rotation": [
      [
        -0.00592555758,
        0.07152907,
        -0.9974209
      ],
      [
        -0.0677886754,
        0.995115161,
        0.07176644
      ],
      [
        0.9976821,
        0.0680391,
        -0.00104775152
      ]
    ],
    "translation": [
      2.12334514,
      0.828019857,
      -0.6930846
    ]
  },
  {
    "timeStamp": 59693,
    "rotation": [
      [
        -0.00213612756,
        0.0728195161,
        -0.9973429
      ],
      [
        -0.0671150461,
        0.995085955,
        0.0727984756
      ],
      [
        0.997743,
        0.06709222,
        0.00276165479
      ]
    ],
    "translation": [
      2.126496,
      0.8235237,
      -0.6923933
    ]
  },
  {
    "timeStamp": 59738,
    "rotation": [
      [
        0.00768735865,
        0.0580643341,
        -0.998283267
      ],
      [
        -0.07585002,
        0.9954705,
        0.057316646
      ],
      [
        0.9970896,
        0.07527919,
        0.01205672
      ]
    ],
    "translation": [
      2.12969375,
      0.8180101,
      -0.692950666
    ]
  },
  {
    "timeStamp": 59793,
    "rotation": [
      [
        0.0139132068,
        0.06620728,
        -0.9977089
      ],
      [
        -0.0836137757,
        0.994387746,
        0.0648208857
      ],
      [
        0.996401131,
        0.08252034,
        0.0193709619
      ]
    ],
    "translation": [
      2.129171,
      0.812294,
      -0.692832232
    ]
  },
  {
    "timeStamp": 59847,
    "rotation": [
      [
        0.008852904,
        0.046942085,
        -0.9988584
      ],
      [
        -0.099945344,
        0.9939371,
        0.04582499
      ],
      [
        0.9949535,
        0.09942556,
        0.0134908725
      ]
    ],
    "translation": [
      2.126955,
      0.8043084,
      -0.693618536
    ]
  },
  {
    "timeStamp": 59892,
    "rotation": [
      [
        3.284616E-05,
        0.06959011,
        -0.9975757
      ],
      [
        -0.115758538,
        0.990869641,
        0.0691184849
      ],
      [
        0.993277431,
        0.115475632,
        0.008088196
      ]
    ],
    "translation": [
      2.12183928,
      0.7986397,
      -0.693654
    ]
  },
  {
    "timeStamp": 59947,
    "rotation": [
      [
        0.004169586,
        0.063009344,
        -0.9980042
      ],
      [
        -0.131069377,
        0.9894376,
        0.061920885
      ],
      [
        0.9913644,
        0.1305496,
        0.01238414
      ]
    ],
    "translation": [
      2.11948919,
      0.791114867,
      -0.6942179
    ]
  },
  {
    "timeStamp": 59991,
    "rotation": [
      [
        0.00580889452,
        0.09454828,
        -0.9955033
      ],
      [
        -0.130644172,
        0.987059236,
        0.092983976
      ],
      [
        0.9914123,
        0.129516572,
        0.0180859044
      ]
    ],
    "translation": [
      2.11761045,
      0.786712766,
      -0.693712354
    ]
  },
  {
    "timeStamp": 60047,
    "rotation": [
      [
        0.0128324162,
        0.109569274,
        -0.9938963
      ],
      [
        -0.152681082,
        0.982537031,
        0.106345706
      ],
      [
        0.9881922,
        0.1503845,
        0.02933748
      ]
    ],
    "translation": [
      2.11763978,
      0.778053641,
      -0.6947443
    ]
  },
  {
    "timeStamp": 60092,
    "rotation": [
      [
        0.027398631,
        0.08851414,
        -0.995698035
      ],
      [
        -0.144575164,
        0.98595,
        0.0836693048
      ],
      [
        0.9891144,
        0.14166078,
        0.0398106277
      ]
    ],
    "translation": [
      2.119712,
      0.7734471,
      -0.6935636
    ]
  },
  {
    "timeStamp": 60147,
    "rotation": [
      [
        0.0221568644,
        0.0572241545,
        -0.9981154
      ],
      [
        -0.164846286,
        0.9849046,
        0.0528073758
      ],
      [
        0.986070335,
        0.163365573,
        0.0312555879
      ]
    ],
    "translation": [
      2.121148,
      0.763696432,
      -0.6956587
    ]
  },
  {
    "timeStamp": 60192,
    "rotation": [
      [
        0.028719645,
        0.0476888865,
        -0.998449266
      ],
      [
        -0.164660335,
        0.985441566,
        0.0423312671
      ],
      [
        0.9859322,
        0.163189262,
        0.036154
      ]
    ],
    "translation": [
      2.12253618,
      0.7586957,
      -0.695237756
    ]
  },
  {
    "timeStamp": 60249,
    "rotation": [
      [
        0.0261724852,
        0.0357153341,
        -0.9990192
      ],
      [
        -0.160337657,
        0.9865731,
        0.0310698245
      ],
      [
        0.986715138,
        0.159367219,
        0.03154758
      ]
    ],
    "translation": [
      2.122767,
      0.7532512,
      -0.6946787
    ]
  },
  {
    "timeStamp": 60293,
    "rotation": [
      [
        0.0270095058,
        0.0296837743,
        -0.9991944
      ],
      [
        -0.1310127,
        0.9910424,
        0.0259001534
      ],
      [
        0.9910127,
        0.130207583,
        0.0306565128
      ]
    ],
    "translation": [
      2.123018,
      0.753327549,
      -0.693862
    ]
  },
  {
    "timeStamp": 60338,
    "rotation": [
      [
        0.0184818041,
        0.0199767873,
        -0.9996297
      ],
      [
        -0.110877723,
        0.9936745,
        0.0178077985
      ],
      [
        0.993662238,
        0.110507533,
        0.0205798782
      ]
    ],
    "translation": [
      2.122735,
      0.753046632,
      -0.6938014
    ]
  },
  {
    "timeStamp": 60393,
    "rotation": [
      [
        0.0264055729,
        0.0366844647,
        -0.998977959
      ],
      [
        -0.09620236,
        0.9947814,
        0.0339874774
      ],
      [
        0.9950115,
        0.09520658,
        0.0297969021
      ]
    ],
    "translation": [
      2.12321043,
      0.753087,
      -0.69434154
    ]
  },
  {
    "timeStamp": 60438,
    "rotation": [
      [
        0.02484829,
        0.0356182232,
        -0.9990565
      ],
      [
        -0.0861228257,
        0.9957259,
        0.0333574563
      ],
      [
        0.9959746,
        0.0852127,
        0.0278096274
      ]
    ],
    "translation": [
      2.123204,
      0.7531154,
      -0.6946004
    ]
  },
  {
    "timeStamp": 60493,
    "rotation": [
      [
        0.0232609361,
        0.0184060168,
        -0.99956
      ],
      [
        -0.0640423149,
        0.9978044,
        0.016883349
      ],
      [
        0.9976761,
        0.06362141,
        0.0243886281
      ]
    ],
    "translation": [
      2.12256527,
      0.752697468,
      -0.6951559
    ]
  },
  {
    "timeStamp": 60548,
    "rotation": [
      [
        -0.0152448872,
        0.00355616212,
        -0.999877453
      ],
      [
        -0.0282069761,
        0.999594152,
        0.00398521964
      ],
      [
        0.9994858,
        0.028264273,
        -0.0151383923
      ]
    ],
    "translation": [
      2.12168956,
      0.7533266,
      -0.695656657
    ]
  },
  {
    "timeStamp": 60593,
    "rotation": [
      [
        -0.0154886758,
        -0.005428346,
        -0.9998653
      ],
      [
        -0.03054089,
        0.999521255,
        -0.004953376
      ],
      [
        0.99941355,
        0.0304600541,
        -0.0156470463
      ]
    ],
    "translation": [
      2.12166858,
      0.7529237,
      -0.6955974
    ]
  },
  {
    "timeStamp": 60648,
    "rotation": [
      [
        -0.0152931763,
        -0.00495076831,
        -0.9998708
      ],
      [
        -0.029314138,
        0.9995601,
        -0.004500866
      ],
      [
        0.999453247,
        0.0292415172,
        -0.0154315764
      ]
    ],
    "translation": [
      2.12169027,
      0.7526274,
      -0.695568442
    ]
  },
  {
    "timeStamp": 60693,
    "rotation": [
      [
        -0.0184656177,
        -0.004524924,
        -0.9998192
      ],
      [
        -0.0117186746,
        0.999922037,
        -0.00430895761
      ],
      [
        0.9997608,
        0.0116369892,
        -0.0185172055
      ]
    ],
    "translation": [
      2.12143445,
      0.7531471,
      -0.696316957
    ]
  },
  {
    "timeStamp": 60749,
    "rotation": [
      [
        -0.0260461625,
        -0.0228081346,
        -0.9994005
      ],
      [
        -0.00715478044,
        0.9997183,
        -0.022628922
      ],
      [
        0.9996351,
        0.00656109443,
        -0.0262020137
      ]
    ],
    "translation": [
      2.12085843,
      0.753594637,
      -0.6942185
    ]
  }
]