[
  {
    "timeStamp": 27157,
    "rotation": [
      [
        0.999639452,
        -0.0253109653,
        0.008967174
      ],
      [
        -0.00835044,
        0.0243676882,
        0.9996682
      ],
      [
        -0.0255210809,
        -0.9993826,
        0.0241475441
      ]
    ],
    "translation": [
      1.15363324,
      0.69374,
      -0.7532144
    ]
  },
  {
    "timeStamp": 27201,
    "rotation": [
      [
        0.999290347,
        -0.03549752,
        0.012599146
      ],
      [
        -0.0116817551,
        0.0259337518,
        0.9995954
      ],
      [
        -0.0358099043,
        -0.9990332,
        0.0255006738
      ]
    ],
    "translation": [
      1.15447843,
      0.699422657,
      -0.7529899
    ]
  },
  {
    "timeStamp": 27260,
    "rotation": [
      [
        0.991862237,
        -0.103568114,
        0.07404717
      ],
      [
        -0.07934454,
        -0.0479948223,
        0.9956912
      ],
      [
        -0.09956797,
        -0.9934637,
        -0.0558218136
      ]
    ],
    "translation": [
      1.1560725,
      0.711926341,
      -0.733806252
    ]
  },
  {
    "timeStamp": 27301,
    "rotation": [
      [
        0.9886087,
        -0.09839557,
        0.11389032
      ],
      [
        -0.119219206,
        -0.05007338,
        0.991604447
      ],
      [
        -0.09186659,
        -0.993886769,
        -0.0612336248
      ]
    ],
    "translation": [
      1.15514231,
      0.7294313,
      -0.7348661
    ]
  },
  {
    "timeStamp": 27357,
    "rotation": [
      [
        0.981505036,
        -0.0798043,
        0.1740093
      ],
      [
        -0.1774359,
        -0.03801615,
        0.983397841
      ],
      [
        -0.07186422,
        -0.9960854,
        -0.05147319
      ]
    ],
    "translation": [
      1.15399373,
      0.756906331,
      -0.7416847
    ]
  },
  {
    "timeStamp": 27401,
    "rotation": [
      [
        0.971854,
        -0.08153739,
        0.221023962
      ],
      [
        -0.223932251,
        -0.0283236187,
        0.974193037
      ],
      [
        -0.07317296,
        -0.9962678,
        -0.04578527
      ]
    ],
    "translation": [
      1.16068661,
      0.7803157,
      -0.743471563
    ]
  },
  {
    "timeStamp": 27458,
    "rotation": [
      [
        0.9546911,
        -0.09292499,
        0.2827184
      ],
      [
        -0.2857,
        -0.0202453528,
        0.9581052
      ],
      [
        -0.0833081752,
        -0.995467246,
        -0.0458767265
      ]
    ],
    "translation": [
      1.17381787,
      0.8113697,
      -0.740313768
    ]
  },
  {
    "timeStamp": 27501,
    "rotation": [
      [
        0.9403935,
        -0.106175154,
        0.3230898
      ],
      [
        -0.327381,
        -0.0253522284,
        0.944552243
      ],
      [
        -0.09209693,
        -0.9940242,
        -0.058600802
      ]
    ],
    "translation": [
      1.19126964,
      0.8348438,
      -0.7336471
    ]
  },
  {
    "timeStamp": 27557,
    "rotation": [
      [
        0.9275722,
        -0.129574746,
        0.350457132
      ],
      [
        -0.3585812,
        -0.0450725,
        0.932409763
      ],
      [
        -0.105020769,
        -0.990544736,
        -0.08827106
      ]
    ],
    "translation": [
      1.2199167,
      0.8605834,
      -0.718399465
    ]
  },
  {
    "timeStamp": 27601,
    "rotation": [
      [
        0.9122842,
        -0.180026308,
        0.367869526
      ],
      [
        -0.381687135,
        -0.0480373,
        0.9230424
      ],
      [
        -0.148500443,
        -0.9824881,
        -0.1125374
      ]
    ],
    "translation": [
      1.25357234,
      0.8783016,
      -0.7001684
    ]
  },
  {
    "timeStamp": 27657,
    "rotation": [
      [
        0.890011847,
        -0.251651734,
        0.380197644
      ],
      [
        -0.405706584,
        -0.0566227175,
        0.9122478
      ],
      [
        -0.2080409,
        -0.966160059,
        -0.152491644
      ]
    ],
    "translation": [
      1.304676,
      0.9006339,
      -0.6712324
    ]
  },
  {
    "timeStamp": 27701,
    "rotation": [
      [
        0.8655833,
        -0.326343119,
        0.379823357
      ],
      [
        -0.420470119,
        -0.0616937578,
        0.9052065
      ],
      [
        -0.2719752,
        -0.943235934,
        -0.190618619
      ]
    ],
    "translation": [
      1.355823,
      0.915645361,
      -0.647599638
    ]
  },
  {
    "timeStamp": 27757,
    "rotation": [
      [
        0.830045044,
        -0.4263379,
        0.359529078
      ],
      [
        -0.431485623,
        -0.08250118,
        0.8983394
      ],
      [
        -0.353334546,
        -0.90079385,
        -0.252438366
      ]
    ],
    "translation": [
      1.43078148,
      0.9326261,
      -0.6141851
    ]
  },
  {
    "timeStamp": 27802,
    "rotation": [
      [
        0.790388465,
        -0.5126332,
        0.335400254
      ],
      [
        -0.4370291,
        -0.0881740451,
        0.895115
      ],
      [
        -0.429292053,
        -0.8540683,
        -0.293727368
      ]
    ],
    "translation": [
      1.49720061,
      0.9421663,
      -0.5930823
    ]
  },
  {
    "timeStamp": 27857,
    "rotation": [
      [
        0.734776437,
        -0.617018938,
        0.281764477
      ],
      [
        -0.4401949,
        -0.117713429,
        0.8901528
      ],
      [
        -0.5160737,
        -0.7780946,
        -0.358101636
      ]
    ],
    "translation": [
      1.58952737,
      0.9548828,
      -0.5669842
    ]
  },
  {
    "timeStamp": 27901,
    "rotation": [
      [
        0.678985238,
        -0.69901526,
        0.22440289
      ],
      [
        -0.4404142,
        -0.143271372,
        0.886289239
      ],
      [
        -0.587379158,
        -0.700607538,
        -0.4051354
      ]
    ],
    "translation": [
      1.667002,
      0.964645863,
      -0.553503752
    ]
  },
  {
    "timeStamp": 27957,
    "rotation": [
      [
        0.601399064,
        -0.786426663,
        0.140897915
      ],
      [
        -0.4402896,
        -0.179069817,
        0.8798176
      ],
      [
        -0.666681468,
        -0.5911574,
        -0.4539479
      ]
    ],
    "translation": [
      1.76928008,
      0.977657735,
      -0.5433069
    ]
  },
  {
    "timeStamp": 28001,
    "rotation": [
      [
        0.5280274,
        -0.845943034,
        0.07461539
      ],
      [
        -0.4432521,
        -0.1995918,
        0.873894
      ],
      [
        -0.7243719,
        -0.4945134,
        -0.480355918
      ]
    ],
    "translation": [
      1.84694684,
      0.9875746,
      -0.5447216
    ]
  },
  {
    "timeStamp": 28057,
    "rotation": [
      [
        0.448119223,
        -0.8939315,
        -0.008694665
      ],
      [
        -0.434188068,
        -0.2261354,
        0.8719768
      ],
      [
        -0.7814537,
        -0.386974424,
        -0.489470035
      ]
    ],
    "translation": [
      1.94035125,
      0.9965515,
      -0.5544305
    ]
  },
  {
    "timeStamp": 28101,
    "rotation": [
      [
        0.3814637,
        -0.922098,
        -0.06496706
      ],
      [
        -0.423376322,
        -0.236758411,
        0.8744701
      ],
      [
        -0.821728647,
        -0.3060731,
        -0.480709225
      ]
    ],
    "translation": [
      2.00523877,
      0.9995245,
      -0.567779243
    ]
  },
  {
    "timeStamp": 28157,
    "rotation": [
      [
        0.313005179,
        -0.9440422,
        -0.103980973
      ],
      [
        -0.399303675,
        -0.23014164,
        0.88746345
      ],
      [
        -0.8617333,
        -0.236260667,
        -0.448995054
      ]
    ],
    "translation": [
      2.07345724,
      0.9930425,
      -0.586849451
    ]
  },
  {
    "timeStamp": 28201,
    "rotation": [
      [
        0.288909256,
        -0.948119342,
        -0.132669583
      ],
      [
        -0.3542946,
        -0.234626919,
        0.9052213
      ],
      [
        -0.889385641,
        -0.2145227,
        -0.403699458
      ]
    ],
    "translation": [
      2.11341071,
      0.9802222,
      -0.5984764
    ]
  },
  {
    "timeStamp": 28257,
    "rotation": [
      [
        0.272886068,
        -0.9493232,
        -0.155945018
      ],
      [
        -0.313644379,
        -0.241029948,
        0.918439865
      ],
      [
        -0.9094837,
        -0.201718152,
        -0.363523573
      ]
    ],
    "translation": [
      2.15151572,
      0.961202145,
      -0.609012
    ]
  },
  {
    "timeStamp": 28301,
    "rotation": [
      [
        0.2856448,
        -0.9453743,
        -0.157080963
      ],
      [
        -0.274024874,
        -0.237638757,
        0.9319003
      ],
      [
        -0.918323159,
        -0.2231484,
        -0.326936364
      ]
    ],
    "translation": [
      2.16765332,
      0.941792,
      -0.6102297
    ]
  },
  {
    "timeStamp": 28352,
    "rotation": [
      [
        0.2867622,
        -0.9411436,
        -0.178930745
      ],
      [
        -0.249140084,
        -0.253612041,
        0.934671164
      ],
      [
        -0.9250387,
        -0.223449558,
        -0.307202935
      ]
    ],
    "translation": [
      2.185802,
      0.926567,
      -0.6095613
    ]
  },
  {
    "timeStamp": 28407,
    "rotation": [
      [
        0.280215025,
        -0.9450662,
        -0.168313071
      ],
      [
        -0.224672928,
        -0.235035717,
        0.9456639
      ],
      [
        -0.9332746,
        -0.22717385,
        -0.278191358
      ]
    ],
    "translation": [
      2.20234227,
      0.9009946,
      -0.603915334
    ]
  },
  {
    "timeStamp": 28451,
    "rotation": [
      [
        0.29076457,
        -0.9425188,
        -0.1646644
      ],
      [
        -0.199426,
        -0.228020415,
        0.953014135
      ],
      [
        -0.9357805,
        -0.2442644,
        -0.254263
      ]
    ],
    "translation": [
      2.20879459,
      0.8839536,
      -0.59758395
    ]
  },
  {
    "timeStamp": 28507,
    "rotation": [
      [
        0.300526559,
        -0.941998,
        -0.149410769
      ],
      [
        -0.180533022,
        -0.210002631,
        0.9608885
      ],
      [
        -0.936531663,
        -0.261798948,
        -0.233173117
      ]
    ],
    "translation": [
      2.2118032,
      0.8633654,
      -0.590369
    ]
  },
  {
    "timeStamp": 28551,
    "rotation": [
      [
        0.317418784,
        -0.9385561,
        -0.135491312
      ],
      [
        -0.158032447,
        -0.193237588,
        0.968341351
      ],
      [
        -0.9350247,
        -0.2859577,
        -0.209659547
      ]
    ],
    "translation": [
      2.21155524,
      0.8466492,
      -0.584561169
    ]
  },
  {
    "timeStamp": 28607,
    "rotation": [
      [
        0.335870683,
        -0.932179,
        -0.135030717
      ],
      [
        -0.13130793,
        -0.188297689,
        0.9732945
      ],
      [
        -0.932710648,
        -0.309170455,
        -0.185646147
      ]
    ],
    "translation": [
      2.21280122,
      0.8286911,
      -0.5794112
    ]
  },
  {
    "timeStamp": 28651,
    "rotation": [
      [
        0.348133147,
        -0.9265182,
        -0.142714575
      ],
      [
        -0.113312021,
        -0.192711055,
        0.974691153
      ],
      [
        -0.9305718,
        -0.323151022,
        -0.17207475
      ]
    ],
    "translation": [
      2.21592784,
      0.8171822,
      -0.575096667
    ]
  },
  {
    "timeStamp": 28707,
    "rotation": [
      [
        0.357806921,
        -0.924789965,
        -0.1293744
      ],
      [
        -0.0984638259,
        -0.175139412,
        0.9796076
      ],
      [
        -0.9285898,
        -0.337771654,
        -0.153724462
      ]
    ],
    "translation": [
      2.21738386,
      0.80175817,
      -0.57191956
    ]
  },
  {
    "timeStamp": 28751,
    "rotation": [
      [
        0.370347679,
        -0.9208836,
        -0.121721081
      ],
      [
        -0.09015179,
        -0.166053608,
        0.9819872
      ],
      [
        -0.9245081,
        -0.352703273,
        -0.14451687
      ]
    ],
    "translation": [
      2.21882033,
      0.792304039,
      -0.5684375
    ]
  },
  {
    "timeStamp": 28797,
    "rotation": [
      [
        0.378263772,
        -0.9205389,
        -0.09759355
      ],
      [
        -0.08823264,
        -0.1408002,
        0.9860985
      ],
      [
        -0.9214833,
        -0.3643944,
        -0.134481192
      ]
    ],
    "translation": [
      2.21785951,
      0.782169938,
      -0.566229641
    ]
  },
  {
    "timeStamp": 28854,
    "rotation": [
      [
        0.376372635,
        -0.9237514,
        -0.07090058
      ],
      [
        -0.08636462,
        -0.111176826,
        0.990040839
      ],
      [
        -0.922434151,
        -0.366501,
        -0.12162336
      ]
    ],
    "translation": [
      2.21903014,
      0.7715874,
      -0.5644292
    ]
  },
  {
    "timeStamp": 28900,
    "rotation": [
      [
        0.379332781,
        -0.9224735,
        -0.0717582554
      ],
      [
        -0.0868229046,
        -0.11270041,
        0.989828467
      ],
      [
        -0.921177745,
        -0.369244128,
        -0.122842796
      ]
    ],
    "translation": [
      2.22166872,
      0.767160237,
      -0.5621785
    ]
  },
  {
    "timeStamp": 28956,
    "rotation": [
      [
        0.369201183,
        -0.927875161,
        -0.05232792
      ],
      [
        -0.08902131,
        -0.0913563,
        0.991831243
      ],
      [
        -0.925076067,
        -0.361526966,
        -0.116329513
      ]
    ],
    "translation": [
      2.22477,
      0.7607178,
      -0.56101495
    ]
  },
  {
    "timeStamp": 29001,
    "rotation": [
      [
        0.3638408,
        -0.9300524,
        -0.05120936
      ],
      [
        -0.08273897,
        -0.0870301649,
        0.9927638
      ],
      [
        -0.927779138,
        -0.356970936,
        -0.1086167
      ]
    ],
    "translation": [
      2.22793031,
      0.755891442,
      -0.5612232
    ]
  },
  {
    "timeStamp": 29056,
    "rotation": [
      [
        0.3646037,
        -0.9302235,
        -0.0418134
      ],
      [
        -0.0838973746,
        -0.07753937,
        0.993453
      ],
      [
        -0.927375555,
        -0.35870862,
        -0.106314451
      ]
    ],
    "translation": [
      2.22953486,
      0.7524998,
      -0.559703231
    ]
  },
  {
    "timeStamp": 29101,
    "rotation": [
      [
        0.358455658,
        -0.9327694,
        -0.0380890146
      ],
      [
        -0.0872800946,
        -0.07410681,
        0.9934236
      ],
      [
        -0.9294578,
        -0.3527739,
        -0.107976206
      ]
    ],
    "translation": [
      2.230956,
      0.7515538,
      -0.559012055
    ]
  }
]