[
  {
    "timeStamp": 46815,
    "rotation": [
      [
        0.9998291,
        0.0108934222,
        -0.0149370879
      ],
      [
        0.0150319077,
        -0.008675045,
        0.9998494
      ],
      [
        0.0107622,
        -0.999903,
        -0.00883731153
      ]
    ],
    "translation": [
      1.154407,
      0.703255653,
      -0.6205736
    ]
  },
  {
    "timeStamp": 46860,
    "rotation": [
      [
        0.999691,
        -0.0003609255,
        -0.02485449
      ],
      [
        0.0248560514,
        0.0052874973,
        0.999677062
      ],
      [
        -0.0002293928,
        -0.999985933,
        0.00529483473
      ]
    ],
    "translation": [
      1.15461564,
      0.705062747,
      -0.6196814
    ]
  },
  {
    "timeStamp": 46914,
    "rotation": [
      [
        0.998745859,
        -0.0287733488,
        -0.04097361
      ],
      [
        0.0396394432,
        -0.0455007367,
        0.9981775
      ],
      [
        -0.03058525,
        -0.9985499,
        -0.04430311
      ]
    ],
    "translation": [
      1.16660917,
      0.7152971,
      -0.606074333
    ]
  },
  {
    "timeStamp": 46959,
    "rotation": [
      [
        0.999422,
        -0.0339741446,
        -0.00120250974
      ],
      [
        -0.000823597133,
        -0.0595598668,
        0.9982244
      ],
      [
        -0.03398544,
        -0.9976464,
        -0.0595534258
      ]
    ],
    "translation": [
      1.16701615,
      0.732933164,
      -0.6047865
    ]
  },
  {
    "timeStamp": 47014,
    "rotation": [
      [
        0.9982809,
        -0.0236871,
        0.0536117069
      ],
      [
        -0.0553502962,
        -0.08014201,
        0.9952455
      ],
      [
        -0.0192779452,
        -0.996502,
        -0.0813153163
      ]
    ],
    "translation": [
      1.172407,
      0.7607146,
      -0.606210649
    ]
  },
  {
    "timeStamp": 47059,
    "rotation": [
      [
        0.992984235,
        -0.0390995257,
        0.111595355
      ],
      [
        -0.1139805,
        -0.0652782,
        0.991336048
      ],
      [
        -0.03147601,
        -0.99710083,
        -0.06927681
      ]
    ],
    "translation": [
      1.18155193,
      0.785434842,
      -0.612654448
    ]
  },
  {
    "timeStamp": 47114,
    "rotation": [
      [
        0.985133,
        -0.0397483,
        0.167132
      ],
      [
        -0.169813633,
        -0.07802829,
        0.982382238
      ],
      [
        -0.0260069761,
        -0.9961585,
        -0.0836180449
      ]
    ],
    "translation": [
      1.20352554,
      0.8143982,
      -0.62076205
    ]
  },
  {
    "timeStamp": 47159,
    "rotation": [
      [
        0.975212932,
        -0.0542605259,
        0.2145123
      ],
      [
        -0.216959909,
        -0.04410615,
        0.9751836
      ],
      [
        -0.04345267,
        -0.9975522,
        -0.0547852442
      ]
    ],
    "translation": [
      1.22608483,
      0.8345065,
      -0.634790242
    ]
  },
  {
    "timeStamp": 47215,
    "rotation": [
      [
        0.967761934,
        -0.0427842028,
        0.248206034
      ],
      [
        -0.24923192,
        -0.02050969,
        0.9682266
      ],
      [
        -0.0363341719,
        -0.9988738,
        -0.0305116884
      ]
    ],
    "translation": [
      1.26171851,
      0.8541106,
      -0.6587069
    ]
  },
  {
    "timeStamp": 47259,
    "rotation": [
      [
        0.9611179,
        -0.0268774536,
        0.2748273
      ],
      [
        -0.2746578,
        0.009880093,
        0.9614913
      ],
      [
        -0.0285577569,
        -0.9995899,
        0.002113832
      ]
    ],
    "translation": [
      1.2922318,
      0.8675335,
      -0.683717132
    ]
  },
  {
    "timeStamp": 47314,
    "rotation": [
      [
        0.9539827,
        -0.007897985,
        0.29975757
      ],
      [
        -0.29884702,
        0.0571205467,
        0.95259
      ],
      [
        -0.0246458575,
        -0.9983361,
        0.0521317273
      ]
    ],
    "translation": [
      1.33407831,
      0.880089164,
      -0.718899
    ]
  },
  {
    "timeStamp": 47359,
    "rotation": [
      [
        0.9501367,
        -0.00636711437,
        0.3117686
      ],
      [
        -0.3102759,
        0.08050426,
        0.9472317
      ],
      [
        -0.031129837,
        -0.9967339,
        0.0745144859
      ]
    ],
    "translation": [
      1.36918724,
      0.887235641,
      -0.743650436
    ]
  },
  {
    "timeStamp": 47414,
    "rotation": [
      [
        0.945251644,
        -0.03395698,
        0.324571
      ],
      [
        -0.318982363,
        0.113898031,
        0.940891862
      ],
      [
        -0.06891784,
        -0.992912,
        0.09683062
      ]
    ],
    "translation": [
      1.415106,
      0.892966,
      -0.768369436
    ]
  },
  {
    "timeStamp": 47459,
    "rotation": [
      [
        0.9334977,
        -0.09391589,
        0.346066147
      ],
      [
        -0.328885823,
        0.160318971,
        0.9306621
      ],
      [
        -0.142884925,
        -0.9825872,
        0.118769787
      ]
    ],
    "translation": [
      1.45218122,
      0.8974578,
      -0.781435251
    ]
  },
  {
    "timeStamp": 47515,
    "rotation": [
      [
        0.912261844,
        -0.1837426,
        0.366083324
      ],
      [
        -0.331993848,
        0.1917949,
        0.9235772
      ],
      [
        -0.239913389,
        -0.964081645,
        0.113965765
      ]
    ],
    "translation": [
      1.49983954,
      0.901288033,
      -0.7895835
    ]
  },
  {
    "timeStamp": 47559,
    "rotation": [
      [
        0.8787589,
        -0.271833152,
        0.392287672
      ],
      [
        -0.3389302,
        0.22325711,
        0.913938
      ],
      [
        -0.336019635,
        -0.9360892,
        0.104056709
      ]
    ],
    "translation": [
      1.53929532,
      0.904715538,
      -0.79082036
    ]
  },
  {
    "timeStamp": 47614,
    "rotation": [
      [
        0.8045266,
        -0.39117232,
        0.446901649
      ],
      [
        -0.356889427,
        0.28304562,
        0.890233159
      ],
      [
        -0.474728167,
        -0.8757108,
        0.08811248
      ]
    ],
    "translation": [
      1.58800292,
      0.9141414,
      -0.7895273
    ]
  },
  {
    "timeStamp": 47659,
    "rotation": [
      [
        0.7460876,
        -0.4893816,
        0.45150727
      ],
      [
        -0.357266575,
        0.277992934,
        0.89167285
      ],
      [
        -0.561884165,
        -0.826574564,
        0.0325674079
      ]
    ],
    "translation": [
      1.63525033,
      0.919188857,
      -0.781456947
    ]
  },
  {
    "timeStamp": 47714,
    "rotation": [
      [
        0.630158842,
        -0.5976216,
        0.4957301
      ],
      [
        -0.377214342,
        0.322417527,
        0.8681914
      ],
      [
        -0.67868197,
        -0.7340949,
        -0.0222571958
      ]
    ],
    "translation": [
      1.69231343,
      0.934801,
      -0.774943769
    ]
  },
  {
    "timeStamp": 47759,
    "rotation": [
      [
        0.548015,
        -0.677332759,
        0.49081555
      ],
      [
        -0.381426454,
        0.319864184,
        0.8672951
      ],
      [
        -0.7444417,
        -0.662500739,
        -0.08306227
      ]
    ],
    "translation": [
      1.74456084,
      0.94859153,
      -0.770688236
    ]
  },
  {
    "timeStamp": 47814,
    "rotation": [
      [
        0.457330078,
        -0.7551929,
        0.46960938
      ],
      [
        -0.3834087,
        0.30903,
        0.870343745
      ],
      [
        -0.802400768,
        -0.5780867,
        -0.148218811
      ]
    ],
    "translation": [
      1.8133682,
      0.9666734,
      -0.7703835
    ]
  },
  {
    "timeStamp": 47859,
    "rotation": [
      [
        0.372468561,
        -0.811165,
        0.450864226
      ],
      [
        -0.40701443,
        0.2938249,
        0.8648735
      ],
      [
        -0.8340303,
        -0.5056464,
        -0.2207153
      ]
    ],
    "translation": [
      1.86922693,
      0.9854485,
      -0.769088864
    ]
  },
  {
    "timeStamp": 47914,
    "rotation": [
      [
        0.285156757,
        -0.8767062,
        0.387391031
      ],
      [
        -0.4269581,
        0.2456706,
        0.8702601
      ],
      [
        -0.858133,
        -0.413560331,
        -0.3042622
      ]
    ],
    "translation": [
      1.943486,
      1.0024333,
      -0.7681581
    ]
  },
  {
    "timeStamp": 47959,
    "rotation": [
      [
        0.2296177,
        -0.917609,
        0.324452549
      ],
      [
        -0.429615229,
        0.203567684,
        0.879767537
      ],
      [
        -0.873330653,
        -0.341399968,
        -0.347476065
      ]
    ],
    "translation": [
      1.99946213,
      1.00794613,
      -0.7694066
    ]
  },
  {
    "timeStamp": 48015,
    "rotation": [
      [
        0.186762273,
        -0.9523903,
        0.240982324
      ],
      [
        -0.427842826,
        0.141963139,
        0.892634869
      ],
      [
        -0.884347439,
        -0.269813061,
        -0.380960017
      ]
    ],
    "translation": [
      2.06390166,
      1.00441539,
      -0.7701263
    ]
  },
  {
    "timeStamp": 48059,
    "rotation": [
      [
        0.179243118,
        -0.963915646,
        0.196821019
      ],
      [
        -0.4091237,
        0.108908519,
        0.905956268
      ],
      [
        -0.8947009,
        -0.242910549,
        -0.374839634
      ]
    ],
    "translation": [
      2.102953,
      0.991798639,
      -0.7711536
    ]
  },
  {
    "timeStamp": 48108,
    "rotation": [
      [
        0.18391189,
        -0.97316426,
        0.138302833
      ],
      [
        -0.383231461,
        0.05857773,
        0.921793
      ],
      [
        -0.905157447,
        -0.222530678,
        -0.362174034
      ]
    ],
    "translation": [
      2.14027786,
      0.973549366,
      -0.7693158
    ]
  },
  {
    "timeStamp": 48164,
    "rotation": [
      [
        0.18253611,
        -0.973568738,
        0.1372753
      ],
      [
        -0.336250842,
        0.0693867952,
        0.9392129
      ],
      [
        -0.9239134,
        -0.217599183,
        -0.3146977
      ]
    ],
    "translation": [
      2.17161536,
      0.941771865,
      -0.7652744
    ]
  },
  {
    "timeStamp": 48209,
    "rotation": [
      [
        0.225621119,
        -0.9674814,
        0.114345923
      ],
      [
        -0.298368424,
        0.0431098342,
        0.9534767
      ],
      [
        -0.9274004,
        -0.2492417,
        -0.2789394
      ]
    ],
    "translation": [
      2.1872344,
      0.917405,
      -0.7631427
    ]
  },
  {
    "timeStamp": 48265,
    "rotation": [
      [
        0.23727788,
        -0.9661176,
        0.101567216
      ],
      [
        -0.262941331,
        0.0367779955,
        0.9641106
      ],
      [
        -0.9351797,
        -0.255468339,
        -0.245305642
      ]
    ],
    "translation": [
      2.20228672,
      0.888935566,
      -0.7584773
    ]
  },
  {
    "timeStamp": 48309,
    "rotation": [
      [
        0.2528335,
        -0.964191139,
        0.08006675
      ],
      [
        -0.214250967,
        0.024904035,
        0.9764611
      ],
      [
        -0.943489134,
        -0.264036447,
        -0.2002823
      ]
    ],
    "translation": [
      2.21340847,
      0.8639891,
      -0.7590277
    ]
  },
  {
    "timeStamp": 48364,
    "rotation": [
      [
        0.304430842,
        -0.9510524,
        0.053114228
      ],
      [
        -0.166599736,
        0.00173886842,
        0.986023068
      ],
      [
        -0.937851965,
        -0.309024662,
        -0.157915726
      ]
    ],
    "translation": [
      2.22234631,
      0.837700963,
      -0.760864139
    ]
  },
  {
    "timeStamp": 48409,
    "rotation": [
      [
        0.329604834,
        -0.9422136,
        0.05995133
      ],
      [
        -0.1499355,
        0.0104549984,
        0.9886405
      ],
      [
        -0.9321373,
        -0.334849536,
        -0.137825266
      ]
    ],
    "translation": [
      2.22029781,
      0.8230569,
      -0.7590634
    ]
  },
  {
    "timeStamp": 48465,
    "rotation": [
      [
        0.3785093,
        -0.9249718,
        0.03402677
      ],
      [
        -0.120142788,
        -0.0126464413,
        0.9926761
      ],
      [
        -0.9177671,
        -0.3798252,
        -0.115915492
      ]
    ],
    "translation": [
      2.224963,
      0.8059771,
      -0.7570178
    ]
  },
  {
    "timeStamp": 48509,
    "rotation": [
      [
        0.399240047,
        -0.9155752,
        0.0482648648
      ],
      [
        -0.117699668,
        0.00102551724,
        0.9930487
      ],
      [
        -0.9092603,
        -0.402145565,
        -0.107353471
      ]
    ],
    "translation": [
      2.223609,
      0.795652151,
      -0.753159761
    ]
  },
  {
    "timeStamp": 48565,
    "rotation": [
      [
        0.422946155,
        -0.905519068,
        0.03393718
      ],
      [
        -0.101224862,
        -0.009995929,
        0.9948134
      ],
      [
        -0.900483251,
        -0.42418775,
        -0.09588878
      ]
    ],
    "translation": [
      2.22637677,
      0.7835788,
      -0.74826616
    ]
  },
  {
    "timeStamp": 48611,
    "rotation": [
      [
        0.432353944,
        -0.900569,
        0.04522748
      ],
      [
        -0.09311165,
        0.005300173,
        0.9956416
      ],
      [
        -0.896883667,
        -0.43468073,
        -0.0815619156
      ]
    ],
    "translation": [
      2.22773051,
      0.7749912,
      -0.745822251
    ]
  },
  {
    "timeStamp": 48657,
    "rotation": [
      [
        0.431225836,
        -0.9015798,
        0.03461485
      ],
      [
        -0.0822695345,
        -0.00108616089,
        0.9966095
      ],
      [
        -0.898485363,
        -0.432611525,
        -0.07464093
      ]
    ],
    "translation": [
      2.23084545,
      0.7672391,
      -0.7423924
    ]
  },
  {
    "timeStamp": 48713,
    "rotation": [
      [
        0.441801935,
        -0.8969084,
        0.019139206
      ],
      [
        -0.062300358,
        -0.009391416,
        0.998013258
      ],
      [
        -0.8949467,
        -0.4421166,
        -0.06002686
      ]
    ],
    "translation": [
      2.23356748,
      0.7574961,
      -0.7401326
    ]
  },
  {
    "timeStamp": 48758,
    "rotation": [
      [
        0.435596377,
        -0.900020659,
        0.0147887189
      ],
      [
        -0.06021135,
        -0.0127409967,
        0.998104334
      ],
      [
        -0.898126066,
        -0.435661077,
        -0.0597413853
      ]
    ],
    "translation": [
      2.23656321,
      0.752185464,
      -0.7366811
    ]
  },
  {
    "timeStamp": 48814,
    "rotation": [
      [
        0.4362637,
        -0.8997924,
        0.00690449355
      ],
      [
        -0.0495348945,
        -0.0163539778,
        0.9986385
      ],
      [
        -0.898454368,
        -0.436011761,
        -0.0517057627
      ]
    ],
    "translation": [
      2.23774338,
      0.745433,
      -0.734432459
    ]
  },
  {
    "timeStamp": 48858,
    "rotation": [
      [
        0.434607,
        -0.9005546,
        0.0108745787
      ],
      [
        -0.04983309,
        -0.0119898608,
        0.9986856
      ],
      [
        -0.8992405,
        -0.434577644,
        -0.0500882939
      ]
    ],
    "translation": [
      2.23794055,
      0.7413019,
      -0.732026
    ]
  },
  {
    "timeStamp": 48914,
    "rotation": [
      [
        0.4251113,
        -0.9050473,
        0.0130294487
      ],
      [
        -0.0473459736,
        -0.00785912,
        0.9988476
      ],
      [
        -0.903901935,
        -0.4252383,
        -0.04619135
      ]
    ],
    "translation": [
      2.237761,
      0.73696667,
      -0.7290215
    ]
  },
  {
    "timeStamp": 48958,
    "rotation": [
      [
        0.425675631,
        -0.904793441,
        0.0122107556
      ],
      [
        -0.04170102,
        -0.00613532774,
        0.9991113
      ],
      [
        -0.903914452,
        -0.425806552,
        -0.04034247
      ]
    ],
    "translation": [
      2.2374444,
      0.733858943,
      -0.7282928
    ]
  },
  {
    "timeStamp": 49014,
    "rotation": [
      [
        0.419453859,
        -0.9077765,
        0.000625523
      ],
      [
        -0.03110199,
        -0.0136825405,
        0.99942255
      ],
      [
        -0.907243669,
        -0.4192311,
        -0.03397285
      ]
    ],
    "translation": [
      2.238984,
      0.7307035,
      -0.726626754
    ]
  },
  {
    "timeStamp": 49058,
    "rotation": [
      [
        0.407455564,
        -0.91318655,
        -0.008382772
      ],
      [
        -0.0247576628,
        -0.020221645,
        0.99948895
      ],
      [
        -0.912889361,
        -0.4070398,
        -0.0308477879
      ]
    ],
    "translation": [
      2.24043965,
      0.728639066,
      -0.72555995
    ]
  }
]