[
  {
    "timeStamp": 62685,
    "rotation": [
      [
        -0.37344256,
        0.9274694,
        0.0184719767
      ],
      [
        -0.06925295,
        -0.0477304421,
        0.9964566
      ],
      [
        0.9250647,
        0.370840073,
        0.08205457
      ]
    ],
    "translation": [
      1.61498582,
      0.697949648,
      -0.356137455
    ]
  },
  {
    "timeStamp": 62730,
    "rotation": [
      [
        -0.359913677,
        0.9328696,
        0.014711149
      ],
      [
        -0.0747432,
        -0.0445469022,
        0.9962073
      ],
      [
        0.9299869,
        0.357449085,
        0.08575869
      ]
    ],
    "translation": [
      1.61482692,
      0.7028938,
      -0.356204748
    ]
  },
  {
    "timeStamp": 62785,
    "rotation": [
      [
        -0.341269463,
        0.938513041,
        -0.05223505
      ],
      [
        -0.0752142146,
        0.0281275231,
        0.9967706
      ],
      [
        0.936951458,
        0.3440962,
        0.0609904565
      ]
    ],
    "translation": [
      1.62402058,
      0.71225816,
      -0.362995327
    ]
  },
  {
    "timeStamp": 62830,
    "rotation": [
      [
        -0.3560062,
        0.93380934,
        -0.035492558
      ],
      [
        -0.04180383,
        0.0220285766,
        0.998882949
      ],
      [
        0.9335481,
        0.357092261,
        0.0311944969
      ]
    ],
    "translation": [
      1.62611687,
      0.7262121,
      -0.3755756
    ]
  },
  {
    "timeStamp": 62885,
    "rotation": [
      [
        -0.3768226,
        0.9262759,
        0.00418476341
      ],
      [
        -0.0138404481,
        -0.0101476675,
        0.9998527
      ],
      [
        0.926182,
        0.3767092,
        0.0166439451
      ]
    ],
    "translation": [
      1.62906408,
      0.742675245,
      -0.404731363
    ]
  },
  {
    "timeStamp": 62930,
    "rotation": [
      [
        -0.428151548,
        0.9033463,
        0.0255306512
      ],
      [
        -0.00216217944,
        -0.02927492,
        0.999569058
      ],
      [
        0.9037044,
        0.427911848,
        0.0144872982
      ]
    ],
    "translation": [
      1.62965631,
      0.75436753,
      -0.4387347
    ]
  },
  {
    "timeStamp": 62985,
    "rotation": [
      [
        -0.506404459,
        0.8607462,
        0.0516759455
      ],
      [
        -0.00349300075,
        -0.0619754829,
        0.998071551
      ],
      [
        0.862288952,
        0.5052474,
        0.03439125
      ]
    ],
    "translation": [
      1.63000512,
      0.7656236,
      -0.4942251
    ]
  },
  {
    "timeStamp": 63029,
    "rotation": [
      [
        -0.5623501,
        0.8249574,
        0.05663687
      ],
      [
        -0.01310029,
        -0.07737268,
        0.9969162
      ],
      [
        0.826795459,
        0.559873939,
        0.0543177128
      ]
    ],
    "translation": [
      1.63443971,
      0.7723171,
      -0.5432052
    ]
  },
  {
    "timeStamp": 63085,
    "rotation": [
      [
        -0.6168789,
        0.7840776,
        0.0684305951
      ],
      [
        -0.0172856469,
        -0.100420617,
        0.9947949
      ],
      [
        0.7868682,
        0.6124852,
        0.07550066
      ]
    ],
    "translation": [
      1.64475322,
      0.7803696,
      -0.6026861
    ]
  },
  {
    "timeStamp": 63129,
    "rotation": [
      [
        -0.603556931,
        0.794720352,
        0.06433157
      ],
      [
        -0.01183366,
        -0.08960454,
        0.9959071
      ],
      [
        0.797232032,
        0.6003254,
        0.0634859
      ]
    ],
    "translation": [
      1.66537821,
      0.788878858,
      -0.6373971
    ]
  },
  {
    "timeStamp": 63185,
    "rotation": [
      [
        -0.5383186,
        0.8383499,
        0.0859217942
      ],
      [
        -0.008784755,
        -0.107531771,
        0.994162858
      ],
      [
        0.8426956,
        0.534421563,
        0.06525105
      ]
    ],
    "translation": [
      1.700849,
      0.80047375,
      -0.6694424
    ]
  },
  {
    "timeStamp": 63229,
    "rotation": [
      [
        -0.4424657,
        0.8911893,
        0.100029118
      ],
      [
        0.0139981853,
        -0.1046648,
        0.994409
      ],
      [
        0.8966762,
        0.4413921,
        0.03383555
      ]
    ],
    "translation": [
      1.73970819,
      0.815082431,
      -0.6834494
    ]
  },
  {
    "timeStamp": 63285,
    "rotation": [
      [
        -0.2899531,
        0.951077,
        0.106675833
      ],
      [
        0.0542258844,
        -0.09495883,
        0.994003236
      ],
      [
        0.955503345,
        0.2939989,
        -0.024039384
      ]
    ],
    "translation": [
      1.79893565,
      0.8375236,
      -0.6947056
    ]
  },
  {
    "timeStamp": 63329,
    "rotation": [
      [
        -0.148735911,
        0.9848194,
        0.089489
      ],
      [
        0.09640758,
        -0.07562344,
        0.99246496
      ],
      [
        0.9841662,
        0.1562426,
        -0.0836961344
      ]
    ],
    "translation": [
      1.85412467,
      0.8579241,
      -0.7018052
    ]
  },
  {
    "timeStamp": 63385,
    "rotation": [
      [
        0.009251602,
        0.999551356,
        0.0284847282
      ],
      [
        0.162111983,
        -0.0296083651,
        0.986328065
      ],
      [
        0.986728966,
        -0.0045074,
        -0.1623132
      ]
    ],
    "translation": [
      1.92605853,
      0.8842336,
      -0.7131176
    ]
  },
  {
    "timeStamp": 63429,
    "rotation": [
      [
        0.110410891,
        0.993345141,
        -0.0327869169
      ],
      [
        0.209851488,
        0.008945159,
        0.977692366
      ],
      [
        0.971479237,
        -0.114828266,
        -0.2074673
      ]
    ],
    "translation": [
      1.98152864,
      0.90221864,
      -0.7247505
    ]
  },
  {
    "timeStamp": 63491,
    "rotation": [
      [
        0.208803937,
        0.9724173,
        -0.103949212
      ],
      [
        0.248796955,
        0.0499751456,
        0.9672655
      ],
      [
        0.9457806,
        -0.22783111,
        -0.231499463
      ]
    ],
    "translation": [
      2.04352522,
      0.9150122,
      -0.7415648
    ]
  },
  {
    "timeStamp": 63535,
    "rotation": [
      [
        0.277532578,
        0.946776,
        -0.163067058
      ],
      [
        0.232650459,
        0.09844973,
        0.9675647
      ],
      [
        0.9321209,
        -0.306468338,
        -0.192944869
      ]
    ],
    "translation": [
      2.09396124,
      0.9108007,
      -0.760848641
    ]
  },
  {
    "timeStamp": 63580,
    "rotation": [
      [
        0.289520681,
        0.9419215,
        -0.170181379
      ],
      [
        0.125125572,
        0.139025986,
        0.982351959
      ],
      [
        0.948958039,
        -0.305705249,
        -0.07760757
      ]
    ],
    "translation": [
      2.12092829,
      0.883196831,
      -0.7784616
    ]
  },
  {
    "timeStamp": 63635,
    "rotation": [
      [
        0.294399053,
        0.9393513,
        -0.175921112
      ],
      [
        0.0732023045,
        0.161373511,
        0.9841748
      ],
      [
        0.9528749,
        -0.302617967,
        -0.0212544724
      ]
    ],
    "translation": [
      2.14130068,
      0.853257656,
      -0.7913068
    ]
  },
  {
    "timeStamp": 63679,
    "rotation": [
      [
        0.255757123,
        0.95013994,
        -0.178388178
      ],
      [
        0.0448242649,
        0.172671944,
        0.98395896
      ],
      [
        0.965701342,
        -0.259650648,
        0.00157275621
      ]
    ],
    "translation": [
      2.1492753,
      0.8349972,
      -0.7965155
    ]
  },
  {
    "timeStamp": 63735,
    "rotation": [
      [
        0.2438228,
        0.9482571,
        -0.203368768
      ],
      [
        0.031526614,
        0.201836765,
        0.978911638
      ],
      [
        0.9693072,
        -0.2450925,
        0.0193170682
      ]
    ],
    "translation": [
      2.15664768,
      0.8204223,
      -0.7995441
    ]
  },
  {
    "timeStamp": 63780,
    "rotation": [
      [
        0.219213367,
        0.9546226,
        -0.201596722
      ],
      [
        -0.0122032352,
        0.20928888,
        0.9777777
      ],
      [
        0.97560066,
        -0.211881816,
        0.0575284027
      ]
    ],
    "translation": [
      2.15928078,
      0.806029856,
      -0.8036119
    ]
  },
  {
    "timeStamp": 63835,
    "rotation": [
      [
        0.225072518,
        0.956686854,
        -0.184641778
      ],
      [
        -0.04838043,
        0.200243652,
        0.978550851
      ],
      [
        0.9731401,
        -0.211311847,
        0.0913542658
      ]
    ],
    "translation": [
      2.16188073,
      0.791022658,
      -0.8093366
    ]
  },
  {
    "timeStamp": 63880,
    "rotation": [
      [
        0.2272171,
        0.947885036,
        -0.223352551
      ],
      [
        -0.07951696,
        0.246643916,
        0.965838432
      ],
      [
        0.9705923,
        -0.2016947,
        0.131414667
      ]
    ],
    "translation": [
      2.1693697,
      0.7827254,
      -0.8147156
    ]
  },
  {
    "timeStamp": 63938,
    "rotation": [
      [
        0.260848671,
        0.9400109,
        -0.219857991
      ],
      [
        -0.116258122,
        0.256672829,
        0.959480643
      ],
      [
        0.9583538,
        -0.224718958,
        0.176236674
      ]
    ],
    "translation": [
      2.17470837,
      0.774306655,
      -0.8233239
    ]
  }
]