[
  {
    "timeStamp": 70249,
    "rotation": [
      [
        0.9999579,
        0.000456643582,
        -0.0091619
      ],
      [
        0.00753157539,
        0.5293012,
        0.848400533
      ],
      [
        0.00523682171,
        -0.848433852,
        0.529275537
      ]
    ],
    "translation": [
      1.77004445,
      0.7212391,
      -0.359955728
    ]
  },
  {
    "timeStamp": 70304,
    "rotation": [
      [
        0.999242961,
        0.000255816674,
        0.03890343
      ],
      [
        -0.0333627,
        0.5200096,
        0.853508651
      ],
      [
        -0.0200118124,
        -0.8541604,
        0.5196244
      ]
    ],
    "translation": [
      1.76976871,
      0.728461146,
      -0.3632511
    ]
  },
  {
    "timeStamp": 70348,
    "rotation": [
      [
        0.9992656,
        0.0174110048,
        0.03413311
      ],
      [
        -0.038258668,
        0.5026046,
        0.8636694
      ],
      [
        -0.00211811019,
        -0.864341,
        0.5029017
      ]
    ],
    "translation": [
      1.76771915,
      0.736944258,
      -0.370572656
    ]
  },
  {
    "timeStamp": 70404,
    "rotation": [
      [
        0.997397959,
        0.07054419,
        0.0148634147
      ],
      [
        -0.0467077568,
        0.475265145,
        0.878601968
      ],
      [
        0.054916203,
        -0.877010047,
        0.4773234
      ]
    ],
    "translation": [
      1.75988185,
      0.7535614,
      -0.388540566
    ]
  },
  {
    "timeStamp": 70449,
    "rotation": [
      [
        0.993170738,
        0.115655459,
        0.01535267
      ],
      [
        -0.06548572,
        0.443702579,
        0.8937783
      ],
      [
        0.096558325,
        -0.888679862,
        0.4482462
      ]
    ],
    "translation": [
      1.75222087,
      0.77022016,
      -0.411593944
    ]
  },
  {
    "timeStamp": 70504,
    "rotation": [
      [
        0.9852429,
        0.17095001,
        -0.008516425
      ],
      [
        -0.0642512962,
        0.415503085,
        0.907319665
      ],
      [
        0.158644915,
        -0.8933831,
        0.420355231
      ]
    ],
    "translation": [
      1.74654329,
      0.7870561,
      -0.446424365
    ]
  },
  {
    "timeStamp": 70548,
    "rotation": [
      [
        0.9792859,
        0.201020464,
        0.0242880173
      ],
      [
        -0.104615174,
        0.3996067,
        0.910697639
      ],
      [
        0.173363209,
        -0.894374251,
        0.412358969
      ]
    ],
    "translation": [
      1.74409544,
      0.800504267,
      -0.477565765
    ]
  },
  {
    "timeStamp": 70604,
    "rotation": [
      [
        0.9688448,
        0.242870271,
        0.0485166945
      ],
      [
        -0.140785068,
        0.3788944,
        0.91466856
      ],
      [
        0.203763083,
        -0.8930023,
        0.40128234
      ]
    ],
    "translation": [
      1.746291,
      0.8200642,
      -0.5189066
    ]
  },
  {
    "timeStamp": 70648,
    "rotation": [
      [
        0.968607068,
        0.233702585,
        0.08475546
      ],
      [
        -0.160823762,
        0.329093218,
        0.9305017
      ],
      [
        0.189568222,
        -0.9149212,
        0.356346935
      ]
    ],
    "translation": [
      1.757278,
      0.8401628,
      -0.5468513
    ]
  },
  {
    "timeStamp": 70704,
    "rotation": [
      [
        0.975212336,
        0.187031776,
        0.118237138
      ],
      [
        -0.169274762,
        0.2864714,
        0.9430165
      ],
      [
        0.1425025,
        -0.9396559,
        0.311030179
      ]
    ],
    "translation": [
      1.78484154,
      0.8639914,
      -0.5785268
    ]
  },
  {
    "timeStamp": 70748,
    "rotation": [
      [
        0.9826036,
        0.120349325,
        0.141443163
      ],
      [
        -0.167753249,
        0.248404965,
        0.954019845
      ],
      [
        0.07968047,
        -0.9611509,
        0.2642726
      ]
    ],
    "translation": [
      1.816995,
      0.882807732,
      -0.601398051
    ]
  },
  {
    "timeStamp": 70804,
    "rotation": [
      [
        0.986196339,
        0.0108796656,
        0.165222362
      ],
      [
        -0.1638264,
        0.208958447,
        0.9641044
      ],
      [
        -0.0240354519,
        -0.977864,
        0.207856432
      ]
    ],
    "translation": [
      1.86900747,
      0.903531134,
      -0.6294235
    ]
  },
  {
    "timeStamp": 70848,
    "rotation": [
      [
        0.979930162,
        -0.09813498,
        0.173512191
      ],
      [
        -0.154056475,
        0.179562911,
        0.9716089
      ],
      [
        -0.126505151,
        -0.9788395,
        0.160840765
      ]
    ],
    "translation": [
      1.91757965,
      0.916978,
      -0.652792633
    ]
  },
  {
    "timeStamp": 70904,
    "rotation": [
      [
        0.9577715,
        -0.236603528,
        0.163378492
      ],
      [
        -0.131752387,
        0.143910855,
        0.9807808
      ],
      [
        -0.255568147,
        -0.9608894,
        0.106660642
      ]
    ],
    "translation": [
      1.98081791,
      0.92855674,
      -0.684616148
    ]
  },
  {
    "timeStamp": 70954,
    "rotation": [
      [
        0.932222962,
        -0.328069627,
        0.152743474
      ],
      [
        -0.112671062,
        0.1379766,
        0.9840059
      ],
      [
        -0.3438975,
        -0.9345227,
        0.091661
      ]
    ],
    "translation": [
      2.0272193,
      0.930028737,
      -0.7110798
    ]
  },
  {
    "timeStamp": 70999,
    "rotation": [
      [
        0.891514063,
        -0.423265219,
        0.16139783
      ],
      [
        -0.106514283,
        0.150433719,
        0.9828654
      ],
      [
        -0.440292418,
        -0.893429458,
        0.08902999
      ]
    ],
    "translation": [
      2.07899952,
      0.9243494,
      -0.7428583
    ]
  },
  {
    "timeStamp": 71054,
    "rotation": [
      [
        0.8642099,
        -0.473489076,
        0.170145184
      ],
      [
        -0.0802567154,
        0.204110175,
        0.9756526
      ],
      [
        -0.496689171,
        -0.8568239,
        0.138393357
      ]
    ],
    "translation": [
      2.119979,
      0.9053426,
      -0.76964587
    ]
  },
  {
    "timeStamp": 71099,
    "rotation": [
      [
        0.845811069,
        -0.499595731,
        0.187103838
      ],
      [
        -0.06501356,
        0.251578957,
        0.9656507
      ],
      [
        -0.5295064,
        -0.828922331,
        0.180307776
      ]
    ],
    "translation": [
      2.145226,
      0.8870602,
      -0.7859405
    ]
  },
  {
    "timeStamp": 71154,
    "rotation": [
      [
        0.8388026,
        -0.4768728,
        0.262683541
      ],
      [
        -0.101229787,
        0.3374657,
        0.935879
      ],
      [
        -0.534941852,
        -0.8116091,
        0.234793365
      ]
    ],
    "translation": [
      2.163703,
      0.8603805,
      -0.7982454
    ]
  },
  {
    "timeStamp": 71199,
    "rotation": [
      [
        0.8612479,
        -0.430502981,
        0.2700357
      ],
      [
        -0.0961978659,
        0.38365522,
        0.9184523
      ],
      [
        -0.498997062,
        -0.816992,
        0.289008766
      ]
    ],
    "translation": [
      2.171745,
      0.8418,
      -0.803285837
    ]
  },
  {
    "timeStamp": 71254,
    "rotation": [
      [
        0.866012931,
        -0.4058983,
        0.292007029
      ],
      [
        -0.115693167,
        0.4054853,
        0.9067507
      ],
      [
        -0.4864531,
        -0.819041,
        0.304195881
      ]
    ],
    "translation": [
      2.17928219,
      0.8249276,
      -0.8038587
    ]
  },
  {
    "timeStamp": 71299,
    "rotation": [
      [
        0.869977355,
        -0.408212781,
        0.276589334
      ],
      [
        -0.09835366,
        0.4059992,
        0.908565462
      ],
      [
        -0.4831831,
        -0.81763494,
        0.3130609
      ]
    ],
    "translation": [
      2.18645477,
      0.8151436,
      -0.801853836
    ]
  },
  {
    "timeStamp": 71355,
    "rotation": [
      [
        0.8702088,
        -0.3898144,
        0.301299542
      ],
      [
        -0.136246786,
        0.397297025,
        0.907519639
      ],
      [
        -0.473469645,
        -0.830782652,
        0.2926204
      ]
    ],
    "translation": [
      2.1881032,
      0.807932258,
      -0.795068741
    ]
  },
  {
    "timeStamp": 71401,
    "rotation": [
      [
        0.8773783,
        -0.399330378,
        0.265974849
      ],
      [
        -0.102946036,
        0.384757131,
        0.917259
      ],
      [
        -0.468625128,
        -0.832164168,
        0.296468049
      ]
    ],
    "translation": [
      2.19085217,
      0.8031311,
      -0.7911852
    ]
  }
]