[
  {
    "timeStamp": 0,
    "rotation": [
      [
        -0.9989913,
        -0.0446734838,
        0.004537375
      ],
      [
        -0.04330332,
        0.931730449,
        -0.3605596
      ],
      [
        0.0118798437,
        -0.360392421,
        -0.9327251
      ]
    ],
    "translation": [
      1.49128962,
      1.60893345,
      -1.75049591
    ]
  },
  {
    "timeStamp": 13,
    "rotation": [
      [
        -0.9990589,
        -0.04278352,
        0.00713129528
      ],
      [
        -0.0424652919,
        0.9313472,
        -0.361647874
      ],
      [
        0.008830857,
        -0.361610383,
        -0.932287455
      ]
    ],
    "translation": [
      1.4916079,
      1.60908663,
      -1.75019217
    ]
  },
  {
    "timeStamp": 15,
    "rotation": [
      [
        -0.999082565,
        -0.03692627,
        0.0216885339
      ],
      [
        -0.0422879159,
        0.930607,
        -0.363568872
      ],
      [
        -0.00675825961,
        -0.3641525,
        -0.931314766
      ]
    ],
    "translation": [
      1.49383783,
      1.60925531,
      -1.74930215
    ]
  },
  {
    "timeStamp": 54,
    "rotation": [
      [
        -0.95771265,
        0.113447033,
        0.264417052
      ],
      [
        -0.0169154685,
        0.89519763,
        -0.445348263
      ],
      [
        -0.287228942,
        -0.4309884,
        -0.855423033
      ]
    ],
    "translation": [
      1.534975,
      1.60562873,
      -1.72477937
    ]
  },
  {
    "timeStamp": 108,
    "rotation": [
      [
        -0.8905971,
        0.221252829,
        0.3973461
      ],
      [
        -0.0130908564,
        0.8608522,
        -0.508686662
      ],
      [
        -0.454604626,
        -0.4582365,
        -0.7637761
      ]
    ],
    "translation": [
      1.55808878,
      1.59964824,
      -1.70570469
    ]
  },
  {
    "timeStamp": 164,
    "rotation": [
      [
        -0.8054719,
        0.324166179,
        0.496116161
      ],
      [
        -0.00571193546,
        0.832852244,
        -0.553465843
      ],
      [
        -0.5926064,
        -0.448634982,
        -0.6689875
      ]
    ],
    "translation": [
      1.57623553,
      1.59548092,
      -1.68483162
    ]
  },
  {
    "timeStamp": 208,
    "rotation": [
      [
        -0.667097151,
        0.446502715,
        0.596336067
      ],
      [
        -0.009081828,
        0.7955488,
        -0.605821431
      ],
      [
        -0.744915366,
        -0.409557581,
        -0.5266533
      ]
    ],
    "translation": [
      1.59875989,
      1.59001338,
      -1.65580916
    ]
  },
  {
    "timeStamp": 344,
    "rotation": [
      [
        -0.6341963,
        0.473883152,
        0.6109254
      ],
      [
        -0.00881730951,
        0.7856703,
        -0.6185826
      ],
      [
        -0.773121834,
        -0.3976895,
        -0.494090766
      ]
    ],
    "translation": [
      1.60141444,
      1.58840525,
      -1.64675426
    ]
  },
  {
    "timeStamp": 346,
    "rotation": [
      [
        -0.6341963,
        0.473883152,
        0.6109254
      ],
      [
        -0.00881730951,
        0.7856703,
        -0.6185826
      ],
      [
        -0.773121834,
        -0.3976895,
        -0.494090766
      ]
    ],
    "translation": [
      1.60141444,
      1.58840525,
      -1.64675426
    ]
  },
  {
    "timeStamp": 387,
    "rotation": [
      [
        -0.125768781,
        0.7288436,
        0.67302984
      ],
      [
        -0.0623985678,
        0.671261668,
        -0.7385893
      ],
      [
        -0.990095258,
        -0.134887576,
        -0.03894497
      ]
    ],
    "translation": [
      1.64193976,
      1.56825233,
      -1.534029
    ]
  },
  {
    "timeStamp": 431,
    "rotation": [
      [
        0.0589100942,
        0.7736509,
        0.630867541
      ],
      [
        -0.08689025,
        0.633540452,
        -0.768815041
      ],
      [
        -0.99447453,
        -0.009525269,
        0.104544654
      ]
    ],
    "translation": [
      1.64825368,
      1.56168365,
      -1.48720622
    ]
  },
  {
    "timeStamp": 488,
    "rotation": [
      [
        0.19933559,
        0.795565248,
        0.5721374
      ],
      [
        -0.103285111,
        0.5976597,
        -0.7950692
      ],
      [
        -0.97447294,
        0.09939232,
        0.201304883
      ]
    ],
    "translation": [
      1.64730906,
      1.55660462,
      -1.44711924
    ]
  },
  {
    "timeStamp": 531,
    "rotation": [
      [
        0.365299255,
        0.7898198,
        0.4926877
      ],
      [
        -0.116189845,
        0.5638117,
        -0.8176896
      ],
      [
        -0.9236105,
        0.241456091,
        0.297729045
      ]
    ],
    "translation": [
      1.64428329,
      1.55102468,
      -1.39606833
    ]
  },
  {
    "timeStamp": 577,
    "rotation": [
      [
        0.482710481,
        0.764565468,
        0.42711857
      ],
      [
        -0.126949638,
        0.5436359,
        -0.8296649
      ],
      [
        -0.866530061,
        0.3462654,
        0.359480023
      ]
    ],
    "translation": [
      1.63853359,
      1.54760742,
      -1.35379994
    ]
  },
  {
    "timeStamp": 634,
    "rotation": [
      [
        0.5996439,
        0.721114039,
        0.34701857
      ],
      [
        -0.141313359,
        0.522228062,
        -0.8410163
      ],
      [
        -0.7876915,
        0.4552719,
        0.415053874
      ]
    ],
    "translation": [
      1.62808216,
      1.5431006,
      -1.3002243
    ]
  },
  {
    "timeStamp": 679,
    "rotation": [
      [
        0.6754273,
        0.6813953,
        0.2819544
      ],
      [
        -0.1528141,
        0.503380835,
        -0.8504443
      ],
      [
        -0.7214192,
        0.5313267,
        0.444124
      ]
    ],
    "translation": [
      1.61702192,
      1.53920245,
      -1.25833142
    ]
  },
  {
    "timeStamp": 735,
    "rotation": [
      [
        0.736158252,
        0.6394093,
        0.221871182
      ],
      [
        -0.1611129,
        0.4839526,
        -0.8601352
      ],
      [
        -0.6573536,
        0.5974493,
        0.459282756
      ]
    ],
    "translation": [
      1.60300756,
      1.53458071,
      -1.20676243
    ]
  },
  {
    "timeStamp": 780,
    "rotation": [
      [
        0.764876366,
        0.613857567,
        0.1953024
      ],
      [
        -0.1568524,
        0.471532226,
        -0.867787242
      ],
      [
        -0.6247891,
        0.6331163,
        0.4569489
      ]
    ],
    "translation": [
      1.592273,
      1.5313108,
      -1.16527617
    ]
  },
  {
    "timeStamp": 836,
    "rotation": [
      [
        0.795317531,
        0.5811101,
        0.172572
      ],
      [
        -0.1378702,
        0.4506203,
        -0.8820052
      ],
      [
        -0.5903066,
        0.6776817,
        0.438503981
      ]
    ],
    "translation": [
      1.57915282,
      1.52684832,
      -1.11330664
    ]
  },
  {
    "timeStamp": 880,
    "rotation": [
      [
        0.816867769,
        0.5568066,
        0.150643483
      ],
      [
        -0.123285435,
        0.423656017,
        -0.8973942
      ],
      [
        -0.563496053,
        0.7144802,
        0.4147171
      ]
    ],
    "translation": [
      1.57018375,
      1.52405262,
      -1.07263839
    ]
  },
  {
    "timeStamp": 936,
    "rotation": [
      [
        0.828505337,
        0.5411507,
        0.143996149
      ],
      [
        -0.105816022,
        0.40380463,
        -0.908705
      ],
      [
        -0.549892664,
        0.737629831,
        0.391816676
      ]
    ],
    "translation": [
      1.56059313,
      1.52092,
      -1.0247798
    ]
  },
  {
    "timeStamp": 980,
    "rotation": [
      [
        0.838600039,
        0.5257495,
        0.142609283
      ],
      [
        -0.08997659,
        0.391875833,
        -0.91560775
      ],
      [
        -0.5372655,
        0.7549972,
        0.375932246
      ]
    ],
    "translation": [
      1.55358863,
      1.51868749,
      -0.990420938
    ]
  },
  {
    "timeStamp": 1036,
    "rotation": [
      [
        0.8521289,
        0.505045533,
        0.137132555
      ],
      [
        -0.07309943,
        0.3743356,
        -0.924407542
      ],
      [
        -0.5182015,
        0.7776901,
        0.355900735
      ]
    ],
    "translation": [
      1.54433107,
      1.51683033,
      -0.95241034
    ]
  },
  {
    "timeStamp": 1080,
    "rotation": [
      [
        0.8630334,
        0.49004516,
        0.122593574
      ],
      [
        -0.06773177,
        0.352756321,
        -0.9332606
      ],
      [
        -0.5005855,
        0.7971316,
        0.33763212
      ]
    ],
    "translation": [
      1.53582907,
      1.51677585,
      -0.927461743
    ]
  },
  {
    "timeStamp": 1136,
    "rotation": [
      [
        0.8780504,
        0.46507144,
        0.112854019
      ],
      [
        -0.06394227,
        0.3477107,
        -0.935418963
      ],
      [
        -0.4742772,
        0.8141289,
        0.335045248
      ]
    ],
    "translation": [
      1.52701473,
      1.51897538,
      -0.8989563
    ]
  },
  {
    "timeStamp": 1180,
    "rotation": [
      [
        0.885096967,
        0.451242268,
        0.113946594
      ],
      [
        -0.0614955,
        0.356076628,
        -0.9324311
      ],
      [
        -0.461326033,
        0.81828475,
        0.34291172
      ]
    ],
    "translation": [
      1.52158332,
      1.52033544,
      -0.8789587
    ]
  },
  {
    "timeStamp": 1236,
    "rotation": [
      [
        0.889033258,
        0.4420591,
        0.119179286
      ],
      [
        -0.05298546,
        0.357896745,
        -0.932256639
      ],
      [
        -0.454766423,
        0.822492361,
        0.341604829
      ]
    ],
    "translation": [
      1.51478958,
      1.52033639,
      -0.860185146
    ]
  },
  {
    "timeStamp": 1280,
    "rotation": [
      [
        0.89441216,
        0.42984125,
        0.123545386
      ],
      [
        -0.0424668528,
        0.3566112,
        -0.9332872
      ],
      [
        -0.445223,
        0.829496861,
        0.33721137
      ]
    ],
    "translation": [
      1.51055956,
      1.52035737,
      -0.848907948
    ]
  },
  {
    "timeStamp": 1336,
    "rotation": [
      [
        0.902611434,
        0.409808278,
        0.131718919
      ],
      [
        -0.0253656767,
        0.356103778,
        -0.934102058
      ],
      [
        -0.429708362,
        0.839790046,
        0.331818372
      ]
    ],
    "translation": [
      1.50640225,
      1.52037764,
      -0.8392451
    ]
  },
  {
    "timeStamp": 1380,
    "rotation": [
      [
        0.907644749,
        0.400579721,
        0.125367686
      ],
      [
        -0.0256520119,
        0.351059437,
        -0.9360017
      ],
      [
        -0.418954819,
        0.8463411,
        0.3289129
      ]
    ],
    "translation": [
      1.50353837,
      1.5199784,
      -0.8335514
    ]
  },
  {
    "timeStamp": 1436,
    "rotation": [
      [
        0.9144793,
        0.389107227,
        0.111009806
      ],
      [
        -0.03451907,
        0.348367542,
        -0.9367222
      ],
      [
        -0.4031576,
        0.8527811,
        0.332006544
      ]
    ],
    "translation": [
      1.5003624,
      1.51941562,
      -0.8281952
    ]
  },
  {
    "timeStamp": 1480,
    "rotation": [
      [
        0.9229805,
        0.3732401,
        0.0938021243
      ],
      [
        -0.0444988944,
        0.3456074,
        -0.9373235
      ],
      [
        -0.382265449,
        0.8609572,
        0.335597664
      ]
    ],
    "translation": [
      1.49842262,
      1.5188005,
      -0.824971437
    ]
  },
  {
    "timeStamp": 1536,
    "rotation": [
      [
        0.932900131,
        0.352531135,
        0.0736146
      ],
      [
        -0.0552783571,
        0.342156529,
        -0.9380156
      ],
      [
        -0.355867416,
        0.8710056,
        0.3386852
      ]
    ],
    "translation": [
      1.499443,
      1.51789069,
      -0.8216286
    ]
  },
  {
    "timeStamp": 1580,
    "rotation": [
      [
        0.942865968,
        0.3281981,
        0.0573567636
      ],
      [
        -0.06250939,
        0.343354642,
        -0.937123358
      ],
      [
        -0.327255815,
        0.8799964,
        0.344252884
      ]
    ],
    "translation": [
      1.5022006,
      1.51666,
      -0.8195863
    ]
  },
  {
    "timeStamp": 1636,
    "rotation": [
      [
        0.9546237,
        0.295934975,
        0.03340726
      ],
      [
        -0.07364006,
        0.3432495,
        -0.936352968
      ],
      [
        -0.288566619,
        0.8914046,
        0.3494668
      ]
    ],
    "translation": [
      1.50767159,
      1.51638854,
      -0.819816947
    ]
  },
  {
    "timeStamp": 1680,
    "rotation": [
      [
        0.9621333,
        0.272170722,
        0.0149237057
      ],
      [
        -0.08365336,
        0.346939057,
        -0.934149563
      ],
      [
        -0.2594258,
        0.897528,
        0.356569618
      ]
    ],
    "translation": [
      1.51492047,
      1.51597428,
      -0.8209033
    ]
  },
  {
    "timeStamp": 1735,
    "rotation": [
      [
        0.968989134,
        0.246335521,
        -0.0194621272
      ],
      [
        -0.106395416,
        0.344836026,
        -0.9326136
      ],
      [
        -0.223024622,
        0.905763149,
        0.360351354
      ]
    ],
    "translation": [
      1.52598858,
      1.514782,
      -0.8255631
    ]
  },
  {
    "timeStamp": 1780,
    "rotation": [
      [
        0.9731602,
        0.223720148,
        -0.05393064
      ],
      [
        -0.131563708,
        0.3485829,
        -0.927998364
      ],
      [
        -0.188812643,
        0.9101864,
        0.36866045
      ]
    ],
    "translation": [
      1.53676939,
      1.513268,
      -0.8299885
    ]
  },
  {
    "timeStamp": 1835,
    "rotation": [
      [
        0.977149665,
        0.194694147,
        -0.08528036
      ],
      [
        -0.150861248,
        0.3526345,
        -0.9235203
      ],
      [
        -0.1497312,
        0.9152831,
        0.373948485
      ]
    ],
    "translation": [
      1.55236864,
      1.50976241,
      -0.8386432
    ]
  },
  {
    "timeStamp": 1880,
    "rotation": [
      [
        0.979245067,
        0.1669624,
        -0.114903226
      ],
      [
        -0.167721033,
        0.349245429,
        -0.9218987
      ],
      [
        -0.113792993,
        0.922036469,
        0.369999945
      ]
    ],
    "translation": [
      1.5659008,
      1.50817585,
      -0.846053839
    ]
  },
  {
    "timeStamp": 1935,
    "rotation": [
      [
        0.978519,
        0.141479582,
        -0.149946585
      ],
      [
        -0.191159576,
        0.350341737,
        -0.916907132
      ],
      [
        -0.07719109,
        0.9258748,
        0.369861245
      ]
    ],
    "translation": [
      1.58252883,
      1.50869536,
      -0.856632948
    ]
  },
  {
    "timeStamp": 1980,
    "rotation": [
      [
        0.9761147,
        0.128042132,
        -0.175514311
      ],
      [
        -0.2101847,
        0.3521277,
        -0.9120463
      ],
      [
        -0.0549769029,
        0.9271523,
        0.370629519
      ]
    ],
    "translation": [
      1.59526634,
      1.50972581,
      -0.86421144
    ]
  },
  {
    "timeStamp": 2035,
    "rotation": [
      [
        0.9725434,
        0.138776571,
        -0.186816171
      ],
      [
        -0.225028187,
        0.356081069,
        -0.906955659
      ],
      [
        -0.0593424849,
        0.9240927,
        0.377532959
      ]
    ],
    "translation": [
      1.609587,
      1.51142848,
      -0.8745074
    ]
  },
  {
    "timeStamp": 2080,
    "rotation": [
      [
        0.96874404,
        0.162404135,
        -0.187509686
      ],
      [
        -0.234726742,
        0.3556264,
        -0.904673
      ],
      [
        -0.08023923,
        0.9204101,
        0.38263157
      ]
    ],
    "translation": [
      1.61953688,
      1.51287484,
      -0.8817104
    ]
  },
  {
    "timeStamp": 2135,
    "rotation": [
      [
        0.967492461,
        0.192951813,
        -0.16348657
      ],
      [
        -0.224089891,
        0.354419619,
        -0.907838345
      ],
      [
        -0.117226206,
        0.9149625,
        0.3861369
      ]
    ],
    "translation": [
      1.62903118,
      1.51477051,
      -0.8890629
    ]
  },
  {
    "timeStamp": 2180,
    "rotation": [
      [
        0.9666614,
        0.206491053,
        -0.1514172
      ],
      [
        -0.218139753,
        0.354427785,
        -0.9092832
      ],
      [
        -0.134092391,
        0.9119991,
        0.3876556
      ]
    ],
    "translation": [
      1.63229907,
      1.517624,
      -0.8923087
    ]
  },
  {
    "timeStamp": 2235,
    "rotation": [
      [
        0.9740781,
        0.162264,
        -0.157613963
      ],
      [
        -0.208309785,
        0.371764243,
        -0.9046537
      ],
      [
        -0.08819749,
        0.914036,
        0.3959286
      ]
    ],
    "translation": [
      1.63235521,
      1.521249,
      -0.895655036
    ]
  },
  {
    "timeStamp": 2280,
    "rotation": [
      [
        0.975853741,
        0.135005549,
        -0.171706125
      ],
      [
        -0.2113419,
        0.3850342,
        -0.898378134
      ],
      [
        -0.0551732965,
        0.912974358,
        0.404269367
      ]
    ],
    "translation": [
      1.6298914,
      1.52306509,
      -0.8985925
    ]
  },
  {
    "timeStamp": 2335,
    "rotation": [
      [
        0.9731653,
        0.123406038,
        -0.19421719
      ],
      [
        -0.227631241,
        0.392804861,
        -0.891004145
      ],
      [
        -0.0336658433,
        0.9113042,
        0.410355121
      ]
    ],
    "translation": [
      1.62631989,
      1.52490473,
      -0.9018003
    ]
  },
  {
    "timeStamp": 2380,
    "rotation": [
      [
        0.9719123,
        0.124246158,
        -0.199873313
      ],
      [
        -0.233409882,
        0.4002539,
        -0.886180937
      ],
      [
        -0.0301044974,
        0.9079426,
        0.418011934
      ]
    ],
    "translation": [
      1.62344706,
      1.52548075,
      -0.902215838
    ]
  },
  {
    "timeStamp": 2435,
    "rotation": [
      [
        0.970705032,
        0.1471395,
        -0.189951837
      ],
      [
        -0.23418811,
        0.402576357,
        -0.8849227
      ],
      [
        -0.05373694,
        0.9034834,
        0.425241232
      ]
    ],
    "translation": [
      1.61906815,
      1.5271647,
      -0.900797367
    ]
  },
  {
    "timeStamp": 2480,
    "rotation": [
      [
        0.972673833,
        0.15091908,
        -0.1764342
      ],
      [
        -0.224078074,
        0.411261439,
        -0.883545756
      ],
      [
        -0.06078335,
        0.898936868,
        0.433840871
      ]
    ],
    "translation": [
      1.61516929,
      1.52803683,
      -0.9002428
    ]
  },
  {
    "timeStamp": 2535,
    "rotation": [
      [
        0.975710332,
        0.15411891,
        -0.155681267
      ],
      [
        -0.207657248,
        0.424360454,
        -0.8813607
      ],
      [
        -0.06976938,
        0.8922811,
        0.4460568
      ]
    ],
    "translation": [
      1.61061418,
      1.52848876,
      -0.900056958
    ]
  },
  {
    "timeStamp": 2580,
    "rotation": [
      [
        0.9779336,
        0.162094355,
        -0.131800234
      ],
      [
        -0.189906955,
        0.4267918,
        -0.884185553
      ],
      [
        -0.08707022,
        0.8897045,
        0.448156834
      ]
    ],
    "translation": [
      1.60696054,
      1.527426,
      -0.901233435
    ]
  },
  {
    "timeStamp": 2635,
    "rotation": [
      [
        0.980849445,
        0.168938026,
        -0.09692395
      ],
      [
        -0.16006577,
        0.4156703,
        -0.8953196
      ],
      [
        -0.110965118,
        0.8936879,
        0.434751183
      ]
    ],
    "translation": [
      1.60310411,
      1.524853,
      -0.9017739
    ]
  },
  {
    "timeStamp": 2680,
    "rotation": [
      [
        0.98051393,
        0.17608057,
        -0.08710953
      ],
      [
        -0.151638716,
        0.396476984,
        -0.905434549
      ],
      [
        -0.12489251,
        0.9010004,
        0.415451825
      ]
    ],
    "translation": [
      1.59977973,
      1.5216707,
      -0.902269
    ]
  },
  {
    "timeStamp": 2735,
    "rotation": [
      [
        0.9817524,
        0.176802665,
        -0.07002155
      ],
      [
        -0.132391408,
        0.371146053,
        -0.9190882
      ],
      [
        -0.136509016,
        0.9115873,
        0.3877807
      ]
    ],
    "translation": [
      1.59744358,
      1.51567554,
      -0.9020294
    ]
  },
  {
    "timeStamp": 2780,
    "rotation": [
      [
        0.9801707,
        0.188481152,
        -0.06115661
      ],
      [
        -0.122955404,
        0.336477429,
        -0.93363
      ],
      [
        -0.155393839,
        0.92263633,
        0.3529801
      ]
    ],
    "translation": [
      1.59622335,
      1.50954247,
      -0.9025769
    ]
  },
  {
    "timeStamp": 2835,
    "rotation": [
      [
        0.9765273,
        0.209213167,
        -0.05122817
      ],
      [
        -0.110904232,
        0.284491658,
        -0.952241957
      ],
      [
        -0.184647575,
        0.9355717,
        0.3010165
      ]
    ],
    "translation": [
      1.59566259,
      1.50066948,
      -0.903167
    ]
  },
  {
    "timeStamp": 2880,
    "rotation": [
      [
        0.975099444,
        0.217553347,
        -0.04303056
      ],
      [
        -0.09688118,
        0.243344665,
        -0.9650893
      ],
      [
        -0.199487165,
        0.9452269,
        0.258362055
      ]
    ],
    "translation": [
      1.59678531,
      1.49265349,
      -0.9031414
    ]
  },
  {
    "timeStamp": 2935,
    "rotation": [
      [
        0.97432363,
        0.224189922,
        -0.0207932871
      ],
      [
        -0.0679945052,
        0.204941809,
        -0.976409554
      ],
      [
        -0.214639768,
        0.952752769,
        0.214923322
      ]
    ],
    "translation": [
      1.59951568,
      1.48427892,
      -0.9018837
    ]
  },
  {
    "timeStamp": 2980,
    "rotation": [
      [
        0.9691451,
        0.246479377,
        -0.00237939227
      ],
      [
        -0.0494936667,
        0.185132131,
        -0.9814665
      ],
      [
        -0.241470739,
        0.9513012,
        0.191619083
      ]
    ],
    "translation": [
      1.60321128,
      1.47867644,
      -0.899986
    ]
  },
  {
    "timeStamp": 3035,
    "rotation": [
      [
        0.961981,
        0.272366852,
        0.0202206522
      ],
      [
        -0.02620395,
        0.165738419,
        -0.985821545
      ],
      [
        -0.271856457,
        0.9478117,
        0.1665743
      ]
    ],
    "translation": [
      1.60841,
      1.47410512,
      -0.898412943
    ]
  },
  {
    "timeStamp": 3079,
    "rotation": [
      [
        0.958809,
        0.282497734,
        0.0296705924
      ],
      [
        -0.01556183,
        0.156539276,
        -0.9875491
      ],
      [
        -0.283625,
        0.9464093,
        0.154487446
      ]
    ],
    "translation": [
      1.61226559,
      1.4709841,
      -0.8971777
    ]
  },
  {
    "timeStamp": 3135,
    "rotation": [
      [
        0.9535547,
        0.2999283,
        0.02786298
      ],
      [
        -0.0166305415,
        0.144780084,
        -0.9893241
      ],
      [
        -0.3007603,
        0.942911267,
        0.143043712
      ]
    ],
    "translation": [
      1.61493587,
      1.46880317,
      -0.8966446
    ]
  },
  {
    "timeStamp": 3179,
    "rotation": [
      [
        0.950760961,
        0.30822292,
        0.0324389152
      ],
      [
        -0.0128744692,
        0.143854767,
        -0.989515066
      ],
      [
        -0.309657723,
        0.9403747,
        0.140739709
      ]
    ],
    "translation": [
      1.61755431,
      1.46830869,
      -0.8966086
    ]
  },
  {
    "timeStamp": 3235,
    "rotation": [
      [
        0.9477558,
        0.314524233,
        0.05322955
      ],
      [
        0.004749574,
        0.152933657,
        -0.988225043
      ],
      [
        -0.318961322,
        0.9368489,
        0.1434499
      ]
    ],
    "translation": [
      1.6218704,
      1.469526,
      -0.8974509
    ]
  },
  {
    "timeStamp": 3279,
    "rotation": [
      [
        0.943564653,
        0.320644349,
        0.08290289
      ],
      [
        0.0318814963,
        0.1612175,
        -0.9864038
      ],
      [
        -0.3296502,
        0.9333789,
        0.141896516
      ]
    ],
    "translation": [
      1.62591887,
      1.47086787,
      -0.89865303
    ]
  },
  {
    "timeStamp": 3335,
    "rotation": [
      [
        0.9381099,
        0.3233939,
        0.123960316
      ],
      [
        0.06923115,
        0.175593168,
        -0.9820255
      ],
      [
        -0.339347631,
        0.9298298,
        0.142336756
      ]
    ],
    "translation": [
      1.63036919,
      1.47335124,
      -0.90050745
    ]
  },
  {
    "timeStamp": 3379,
    "rotation": [
      [
        0.9334651,
        0.3226823,
        0.156585515
      ],
      [
        0.100166306,
        0.184668526,
        -0.9776831
      ],
      [
        -0.344397426,
        0.928317666,
        0.140059739
      ]
    ],
    "translation": [
      1.63354969,
      1.475745,
      -0.9022285
    ]
  },
  {
    "timeStamp": 3435,
    "rotation": [
      [
        0.9229423,
        0.329535037,
        0.198957667
      ],
      [
        0.139092535,
        0.196440235,
        -0.970600069
      ],
      [
        -0.358930022,
        0.9234814,
        0.135467127
      ]
    ],
    "translation": [
      1.63771415,
      1.47892821,
      -0.904204845
    ]
  },
  {
    "timeStamp": 3479,
    "rotation": [
      [
        0.910048068,
        0.340658247,
        0.236145079
      ],
      [
        0.172702745,
        0.206279948,
        -0.963131547
      ],
      [
        -0.3768107,
        0.9172789,
        0.128892049
      ]
    ],
    "translation": [
      1.64098787,
      1.48186,
      -0.9060416
    ]
  },
  {
    "timeStamp": 3535,
    "rotation": [
      [
        0.8899327,
        0.3613456,
        0.278297126
      ],
      [
        0.208758414,
        0.219794571,
        -0.9529482
      ],
      [
        -0.405511826,
        0.9061566,
        0.120168433
      ]
    ],
    "translation": [
      1.64596915,
      1.48547316,
      -0.9082321
    ]
  },
  {
    "timeStamp": 3579,
    "rotation": [
      [
        0.8733002,
        0.378387958,
        0.3068701
      ],
      [
        0.232452258,
        0.229931712,
        -0.945038259
      ],
      [
        -0.4281503,
        0.896634758,
        0.112842277
      ]
    ],
    "translation": [
      1.65031338,
      1.48824906,
      -0.9109005
    ]
  },
  {
    "timeStamp": 3635,
    "rotation": [
      [
        0.857868433,
        0.410279125,
        0.309407115
      ],
      [
        0.227260292,
        0.237115532,
        -0.9445258
      ],
      [
        -0.460884482,
        0.88059485,
        0.110173777
      ]
    ],
    "translation": [
      1.65634179,
      1.48988318,
      -0.9144194
    ]
  },
  {
    "timeStamp": 3679,
    "rotation": [
      [
        0.8455707,
        0.432550877,
        0.3129057
      ],
      [
        0.2262598,
        0.240515068,
        -0.943906248
      ],
      [
        -0.483546019,
        0.868937433,
        0.105503611
      ]
    ],
    "translation": [
      1.66163421,
      1.49052107,
      -0.917507052
    ]
  },
  {
    "timeStamp": 3735,
    "rotation": [
      [
        0.829671741,
        0.458255976,
        0.3188201
      ],
      [
        0.228881821,
        0.241664484,
        -0.942980051
      ],
      [
        -0.509173751,
        0.85533607,
        0.09561574
      ]
    ],
    "translation": [
      1.668596,
      1.4913609,
      -0.9224638
    ]
  },
  {
    "timeStamp": 3779,
    "rotation": [
      [
        0.8123535,
        0.4751224,
        0.338142544
      ],
      [
        0.244771913,
        0.248493344,
        -0.937196732
      ],
      [
        -0.529309332,
        0.8441029,
        0.08556782
      ]
    ],
    "translation": [
      1.67434525,
      1.49262786,
      -0.92620635
    ]
  },
  {
    "timeStamp": 3834,
    "rotation": [
      [
        0.790604353,
        0.4920047,
        0.364521623
      ],
      [
        0.267329544,
        0.258238375,
        -0.9283576
      ],
      [
        -0.5508898,
        0.831411,
        0.07263699
      ]
    ],
    "translation": [
      1.68082976,
      1.49472308,
      -0.9310814
    ]
  },
  {
    "timeStamp": 3879,
    "rotation": [
      [
        0.7749423,
        0.5015449,
        0.384600043
      ],
      [
        0.28635785,
        0.263854474,
        -0.921075463
      ],
      [
        -0.563439131,
        0.8239135,
        0.06085066
      ]
    ],
    "translation": [
      1.68539739,
      1.4965837,
      -0.9351181
    ]
  },
  {
    "timeStamp": 3934,
    "rotation": [
      [
        0.7623751,
        0.5132177,
        0.394197553
      ],
      [
        0.291829377,
        0.2710355,
        -0.9172652
      ],
      [
        -0.5775982,
        0.814338565,
        0.05685871
      ]
    ],
    "translation": [
      1.6899004,
      1.49848366,
      -0.939324141
    ]
  },
  {
    "timeStamp": 3979,
    "rotation": [
      [
        0.7558098,
        0.5238095,
        0.392906129
      ],
      [
        0.2871431,
        0.274132133,
        -0.917823732
      ],
      [
        -0.588472962,
        0.806520462,
        0.0567834638
      ]
    ],
    "translation": [
      1.69316375,
      1.49938333,
      -0.9424138
    ]
  },
  {
    "timeStamp": 4034,
    "rotation": [
      [
        0.74097234,
        0.540938854,
        0.397926122
      ],
      [
        0.288000554,
        0.279320776,
        -0.915988863
      ],
      [
        -0.606643,
        0.793325365,
        0.0511782728
      ]
    ],
    "translation": [
      1.69688845,
      1.50001478,
      -0.946454048
    ]
  },
  {
    "timeStamp": 4079,
    "rotation": [
      [
        0.732177854,
        0.546827137,
        0.40607357
      ],
      [
        0.295013249,
        0.282758117,
        -0.9126966
      ],
      [
        -0.6139078,
        0.7880533,
        0.0457079634
      ]
    ],
    "translation": [
      1.70036852,
      1.50049973,
      -0.9493307
    ]
  },
  {
    "timeStamp": 4134,
    "rotation": [
      [
        0.721958637,
        0.5523492,
        0.416756541
      ],
      [
        0.3073367,
        0.283649385,
        -0.9083431
      ],
      [
        -0.619935334,
        0.783870757,
        0.0350259542
      ]
    ],
    "translation": [
      1.704426,
      1.50049651,
      -0.9532511
    ]
  },
  {
    "timeStamp": 4179,
    "rotation": [
      [
        0.7142636,
        0.556368947,
        0.424595237
      ],
      [
        0.3172131,
        0.283426464,
        -0.905011237
      ],
      [
        -0.6238616,
        0.78110373,
        0.0259536952
      ]
    ],
    "translation": [
      1.707706,
      1.4999969,
      -0.9558284
    ]
  },
  {
    "timeStamp": 4234,
    "rotation": [
      [
        0.7058184,
        0.5615473,
        0.431839168
      ],
      [
        0.3290925,
        0.279903561,
        -0.901860356
      ],
      [
        -0.6273106,
        0.7786647,
        0.0127600934
      ]
    ],
    "translation": [
      1.71184325,
      1.49920082,
      -0.959252834
    ]
  },
  {
    "timeStamp": 4279,
    "rotation": [
      [
        0.698089,
        0.561741948,
        0.443979442
      ],
      [
        0.3320868,
        0.295332164,
        -0.8958221
      ],
      [
        -0.634342253,
        0.772803247,
        0.0196210463
      ]
    ],
    "translation": [
      1.79292357,
      1.37703848,
      -0.912050843
    ]
  },
  {
    "timeStamp": 4334,
    "rotation": [
      [
        0.6954263,
        0.5683702,
        0.439701766
      ],
      [
        0.317650169,
        0.3057188,
        -0.8975714
      ],
      [
        -0.6445779,
        0.763866067,
        0.0320620053
      ]
    ],
    "translation": [
      1.78776383,
      1.39697957,
      -0.929422
    ]
  },
  {
    "timeStamp": 4379,
    "rotation": [
      [
        0.6889411,
        0.574109733,
        0.4424456
      ],
      [
        0.318132579,
        0.308970869,
        -0.896286
      ],
      [
        -0.6512693,
        0.7582447,
        0.03021973
      ]
    ],
    "translation": [
      1.78436637,
      1.41137373,
      -0.938797951
    ]
  },
  {
    "timeStamp": 4434,
    "rotation": [
      [
        0.687171757,
        0.5806299,
        0.436650783
      ],
      [
        0.316077054,
        0.3022299,
        -0.8993066
      ],
      [
        -0.6541332,
        0.755993366,
        0.0241600834
      ]
    ],
    "translation": [
      1.787534,
      1.41483593,
      -0.937370658
    ]
  },
  {
    "timeStamp": 4479,
    "rotation": [
      [
        0.686082244,
        0.5845349,
        0.4331398
      ],
      [
        0.320040464,
        0.2921697,
        -0.9012275
      ],
      [
        -0.6533492,
        0.756938457,
        0.0133776162
      ]
    ],
    "translation": [
      1.790395,
      1.41575122,
      -0.9367026
    ]
  },
  {
    "timeStamp": 4534,
    "rotation": [
      [
        0.6869353,
        0.583790958,
        0.4327908
      ],
      [
        0.33051905,
        0.279403061,
        -0.9014938
      ],
      [
        -0.647207,
        0.762313545,
        -0.00102222664
      ]
    ],
    "translation": [
      1.79595184,
      1.41930246,
      -0.932959557
    ]
  },
  {
    "timeStamp": 4579,
    "rotation": [
      [
        0.6927621,
        0.5786264,
        0.430432439
      ],
      [
        0.335823864,
        0.2693584,
        -0.9025898
      ],
      [
        -0.6382029,
        0.7698295,
        -0.007715279
      ]
    ],
    "translation": [
      1.79881072,
      1.42065811,
      -0.9299613
    ]
  },
  {
    "timeStamp": 4634,
    "rotation": [
      [
        0.6945435,
        0.5829136,
        0.421688467
      ],
      [
        0.3337464,
        0.258197635,
        -0.9066131
      ],
      [
        -0.637356043,
        0.77041924,
        -0.0152158095
      ]
    ],
    "translation": [
      1.80333471,
      1.42290151,
      -0.9240931
    ]
  },
  {
    "timeStamp": 4679,
    "rotation": [
      [
        0.7018136,
        0.5788763,
        0.415162474
      ],
      [
        0.327754468,
        0.2550529,
        -0.909684
      ],
      [
        -0.632482946,
        0.774499953,
        -0.0107297273
      ]
    ],
    "translation": [
      1.80463123,
      1.42447615,
      -0.920973539
    ]
  },
  {
    "timeStamp": 4734,
    "rotation": [
      [
        0.701500058,
        0.5888317,
        0.401465952
      ],
      [
        0.311850846,
        0.25290814,
        -0.9158529
      ],
      [
        -0.6408172,
        0.767668366,
        -0.00621259026
      ]
    ],
    "translation": [
      1.80821657,
      1.4269979,
      -0.9155916
    ]
  },
  {
    "timeStamp": 4779,
    "rotation": [
      [
        0.708203256,
        0.5803472,
        0.402051419
      ],
      [
        0.3143278,
        0.25073272,
        -0.915604234
      ],
      [
        -0.6321758,
        0.774809837,
        -0.00484953867
      ]
    ],
    "translation": [
      1.81042755,
      1.42814994,
      -0.912362456
    ]
  },
  {
    "timeStamp": 4834,
    "rotation": [
      [
        0.7173204,
        0.5686867,
        0.402550429
      ],
      [
        0.309286952,
        0.257818431,
        -0.91535306
      ],
      [
        -0.6243341,
        0.781105042,
        0.009051037
      ]
    ],
    "translation": [
      1.81289983,
      1.43168259,
      -0.9066328
    ]
  },
  {
    "timeStamp": 4878,
    "rotation": [
      [
        0.7235285,
        0.5619977,
        0.400830626
      ],
      [
        0.304764539,
        0.2609421,
        -0.915984631
      ],
      [
        -0.6193748,
        0.7848999,
        0.0175220687
      ]
    ],
    "translation": [
      1.81375551,
      1.43345189,
      -0.902732
    ]
  },
  {
    "timeStamp": 4934,
    "rotation": [
      [
        0.7372067,
        0.5473462,
        0.3961545
      ],
      [
        0.287350923,
        0.276671678,
        -0.9169963
      ],
      [
        -0.611519158,
        0.7898512,
        0.0466838
      ]
    ],
    "translation": [
      1.81448793,
      1.43540668,
      -0.8974054
    ]
  },
  {
    "timeStamp": 4978,
    "rotation": [
      [
        0.7387946,
        0.537783742,
        0.406166375
      ],
      [
        0.281873,
        0.300857365,
        -0.911061168
      ],
      [
        -0.61215204,
        0.78757447,
        0.07068509
      ]
    ],
    "translation": [
      1.81510758,
      1.43678629,
      -0.8939928
    ]
  },
  {
    "timeStamp": 5034,
    "rotation": [
      [
        0.7370418,
        0.5251387,
        0.4254395
      ],
      [
        0.302978367,
        0.305960566,
        -0.902547657
      ],
      [
        -0.6041304,
        0.7941143,
        0.06640004
      ]
    ],
    "translation": [
      1.81829333,
      1.4406848,
      -0.8929106
    ]
  },
  {
    "timeStamp": 5078,
    "rotation": [
      [
        0.7256215,
        0.524771333,
        0.4450713
      ],
      [
        0.320522845,
        0.3145814,
        -0.8934784
      ],
      [
        -0.608883,
        0.790982664,
        0.06006583
      ]
    ],
    "translation": [
      1.8179903,
      1.44267166,
      -0.8906269
    ]
  },
  {
    "timeStamp": 5134,
    "rotation": [
      [
        0.7096987,
        0.528233647,
        0.466151237
      ],
      [
        0.334140718,
        0.330131143,
        -0.8828156
      ],
      [
        -0.620223939,
        0.78229326,
        0.0577892624
      ]
    ],
    "translation": [
      1.81753445,
      1.44501889,
      -0.888082266
    ]
  },
  {
    "timeStamp": 5179,
    "rotation": [
      [
        0.718304634,
        0.5116331,
        0.471455276
      ],
      [
        0.3411565,
        0.33155477,
        -0.8795929
      ],
      [
        -0.6063421,
        0.7926557,
        0.06361035
      ]
    ],
    "translation": [
      1.81583309,
      1.4461695,
      -0.885525465
    ]
  },
  {
    "timeStamp": 5234,
    "rotation": [
      [
        0.7432189,
        0.478228956,
        0.467891872
      ],
      [
        0.343899757,
        0.326813728,
        -0.8802987
      ],
      [
        -0.5738978,
        0.8151625,
        0.0784313157
      ]
    ],
    "translation": [
      1.81280828,
      1.4468224,
      -0.882203341
    ]
  },
  {
    "timeStamp": 5278,
    "rotation": [
      [
        0.7627435,
        0.452940762,
        0.46159184
      ],
      [
        0.344955772,
        0.318787843,
        -0.8828249
      ],
      [
        -0.5470173,
        0.832597733,
        0.08690882
      ]
    ],
    "translation": [
      1.81058717,
      1.44693279,
      -0.879503
    ]
  },
  {
    "timeStamp": 5334,
    "rotation": [
      [
        0.782188,
        0.42556712,
        0.455054373
      ],
      [
        0.3521549,
