[
  {
    "timeStamp": 11689,
    "rotation": [
      [
        -0.9991759,
        0.008550308,
        -0.0396792032
      ],
      [
        -0.0395199433,
        0.0180531,
        0.9990557
      ],
      [
        0.009258566,
        0.9998005,
        -0.0177003127
      ]
    ],
    "translation": [
      1.46180594,
      0.703165,
      -0.6195347
    ]
  },
  {
    "timeStamp": 11744,
    "rotation": [
      [
        -0.999244332,
        0.01426555,
        -0.0361550152
      ],
      [
        -0.0358815119,
        0.018983772,
        0.9991757
      ],
      [
        0.01494015,
        0.999718,
        -0.018457558
      ]
    ],
    "translation": [
      1.461835,
      0.7039275,
      -0.6199464
    ]
  },
  {
    "timeStamp": 11788,
    "rotation": [
      [
        -0.9993116,
        0.0191251859,
        -0.0317874067
      ],
      [
        -0.0313682333,
        0.02183192,
        0.9992694
      ],
      [
        0.0198052023,
        0.9995787,
        -0.02121697
      ]
    ],
    "translation": [
      1.46188045,
      0.703659356,
      -0.6202519
    ]
  },
  {
    "timeStamp": 11844,
    "rotation": [
      [
        -0.9993244,
        0.016405141,
        -0.0328872725
      ],
      [
        -0.0325188152,
        0.0222425349,
        0.9992236
      ],
      [
        0.0171239078,
        0.999617934,
        -0.0216940325
      ]
    ],
    "translation": [
      1.46185243,
      0.7037443,
      -0.620103836
    ]
  },
  {
    "timeStamp": 11888,
    "rotation": [
      [
        -0.9990742,
        0.008903929,
        -0.0420883633
      ],
      [
        -0.0419226326,
        0.0180461984,
        0.9989579
      ],
      [
        0.009654184,
        0.9997975,
        -0.0176562145
      ]
    ],
    "translation": [
      1.46374917,
      0.7043017,
      -0.6202995
    ]
  },
  {
    "timeStamp": 11944,
    "rotation": [
      [
        -0.9995659,
        0.0159007553,
        -0.0248026252
      ],
      [
        -0.02473871,
        0.00420365436,
        0.9996851
      ],
      [
        0.0160000119,
        0.999864757,
        -0.00380846579
      ]
    ],
    "translation": [
      1.46402657,
      0.710660636,
      -0.6215783
    ]
  },
  {
    "timeStamp": 11988,
    "rotation": [
      [
        -0.9995372,
        0.0295979846,
        -0.00702220434
      ],
      [
        -0.007007188,
        0.000611032767,
        0.999975264
      ],
      [
        0.0296015423,
        0.9995617,
        -0.000403351325
      ]
    ],
    "translation": [
      1.46351922,
      0.7184468,
      -0.6196053
    ]
  },
  {
    "timeStamp": 12044,
    "rotation": [
      [
        -0.9985441,
        0.05147769,
        0.0161171574
      ],
      [
        0.0161106624,
        -0.0005411781,
        0.999870062
      ],
      [
        0.0514797233,
        0.998674,
        -0.0002889494
      ]
    ],
    "translation": [
      1.46466255,
      0.731022239,
      -0.6157616
    ]
  },
  {
    "timeStamp": 12088,
    "rotation": [
      [
        -0.996691942,
        0.07307983,
        0.0355609953
      ],
      [
        0.0356359035,
        -0.000279020227,
        0.9993648
      ],
      [
        0.07304333,
        0.9973261,
        -0.00232616835
      ]
    ],
    "translation": [
      1.46685648,
      0.7423694,
      -0.611421466
    ]
  },
  {
    "timeStamp": 12144,
    "rotation": [
      [
        -0.9937572,
        0.0935162455,
        0.0608382672
      ],
      [
        0.06003837,
        -0.0113459611,
        0.9981316
      ],
      [
        0.09403179,
        0.9955531,
        0.00566056743
      ]
    ],
    "translation": [
      1.47171879,
      0.758630633,
      -0.610554457
    ]
  },
  {
    "timeStamp": 12188,
    "rotation": [
      [
        -0.99134475,
        0.109838434,
        0.0719104856
      ],
      [
        0.0710988641,
        -0.0112931365,
        0.99740535
      ],
      [
        0.110365532,
        0.9938853,
        0.00338600436
      ]
    ],
    "translation": [
      1.47887123,
      0.770395041,
      -0.6095851
    ]
  },
  {
    "timeStamp": 12244,
    "rotation": [
      [
        -0.9876389,
        0.132795051,
        0.0832759
      ],
      [
        0.08298473,
        -0.00773533527,
        0.9965208
      ],
      [
        0.1329772,
        0.9911133,
        -0.00338024413
      ]
    ],
    "translation": [
      1.48912323,
      0.7836211,
      -0.6080716
    ]
  },
  {
    "timeStamp": 12288,
    "rotation": [
      [
        -0.9812348,
        0.163975179,
        0.101441808
      ],
      [
        0.100164242,
        -0.0160625242,
        0.9948413
      ],
      [
        0.164758667,
        0.986333668,
        -0.000663340557
      ]
    ],
    "translation": [
      1.49649525,
      0.7949989,
      -0.6088771
    ]
  },
  {
    "timeStamp": 12344,
    "rotation": [
      [
        -0.967470467,
        0.219207913,
        0.126288518
      ],
      [
        0.124398574,
        -0.0224604066,
        0.9919781
      ],
      [
        0.220285937,
        0.975419641,
        -0.00553937163
      ]
    ],
    "translation": [
      1.50620317,
      0.808560669,
      -0.606974
    ]
  },
  {
    "timeStamp": 12388,
    "rotation": [
      [
        -0.9520085,
        0.2698018,
        0.144522771
      ],
      [
        0.143877253,
        -0.02227739,
        0.9893448
      ],
      [
        0.270146579,
        0.962658167,
        -0.0176100768
      ]
    ],
    "translation": [
      1.51634622,
      0.8179205,
      -0.6045364
    ]
  },
  {
    "timeStamp": 12444,
    "rotation": [
      [
        -0.9244685,
        0.33890444,
        0.174647555
      ],
      [
        0.172572076,
        -0.036504887,
        0.9843202
      ],
      [
        0.339966,
        0.9401123,
        -0.0247378275
      ]
    ],
    "translation": [
      1.5291431,
      0.8304475,
      -0.603813767
    ]
  },
  {
    "timeStamp": 12488,
    "rotation": [
      [
        -0.8954728,
        0.402485818,
        0.190088451
      ],
      [
        0.193662241,
        -0.0322243869,
        0.9805389
      ],
      [
        0.400778472,
        0.9148589,
        -0.04909024
      ]
    ],
    "translation": [
      1.54264021,
      0.8406753,
      -0.5988555
    ]
  },
  {
    "timeStamp": 12544,
    "rotation": [
      [
        -0.853666365,
        0.473648638,
        0.216588855
      ],
      [
        0.225505978,
        -0.0387130678,
        0.9734723
      ],
      [
        0.469468653,
        0.879862666,
        -0.07376254
      ]
    ],
    "translation": [
      1.55931962,
      0.858295262,
      -0.5960788
    ]
  },
  {
    "timeStamp": 12588,
    "rotation": [
      [
        -0.826700866,
        0.524684966,
        0.203153253
      ],
      [
        0.231570557,
        -0.0117729483,
        0.972746849
      ],
      [
        0.5127774,
        0.851215,
        -0.111768886
      ]
    ],
    "translation": [
      1.58157158,
      0.8703462,
      -0.591423452
    ]
  },
  {
    "timeStamp": 12644,
    "rotation": [
      [
        -0.7957901,
        0.5760741,
        0.186699525
      ],
      [
        0.242037669,
        0.0199647434,
        0.9700614
      ],
      [
        0.555099845,
        0.817153633,
        -0.155319378
      ]
    ],
    "translation": [
      1.61293173,
      0.8888012,
      -0.5886389
    ]
  },
  {
    "timeStamp": 12688,
    "rotation": [
      [
        -0.7736256,
        0.611777663,
        0.165019423
      ],
      [
        0.246477991,
        0.050625816,
        0.9678252
      ],
      [
        0.5837396,
        0.7894081,
        -0.18995516
      ]
    ],
    "translation": [
      1.64146245,
      0.905187964,
      -0.5881054
    ]
  },
  {
    "timeStamp": 12744,
    "rotation": [
      [
        -0.7429165,
        0.654338,
        0.1411268
      ],
      [
        0.254218549,
        0.08076808,
        0.963768363
      ],
      [
        0.619231761,
        0.7518765,
        -0.226348817
      ]
    ],
    "translation": [
      1.67947662,
      0.9266014,
      -0.5899926
    ]
  },
  {
    "timeStamp": 12788,
    "rotation": [
      [
        -0.720805466,
        0.6824819,
        0.121069975
      ],
      [
        0.260520369,
        0.1048924,
        0.959753454
      ],
      [
        0.64231503,
        0.723336756,
        -0.253407449
      ]
    ],
    "translation": [
      1.71094263,
      0.9439085,
      -0.5944574
    ]
  },
  {
    "timeStamp": 12843,
    "rotation": [
      [
        -0.6910337,
        0.716559052,
        0.09495005
      ],
      [
        0.26522553,
        0.129166543,
        0.955495358
      ],
      [
        0.672404468,
        0.6854627,
        -0.2793082
      ]
    ],
    "translation": [
      1.751671,
      0.963565469,
      -0.6023907
    ]
  },
  {
    "timeStamp": 12888,
    "rotation": [
      [
        -0.672046363,
        0.7365308,
        0.07665543
      ],
      [
        0.268003553,
        0.14541921,
        0.9523798
      ],
      [
        0.6903099,
        0.6605874,
        -0.295121342
      ]
    ],
    "translation": [
      1.78310311,
      0.976951659,
      -0.611862063
    ]
  },
  {
    "timeStamp": 12943,
    "rotation": [
      [
        -0.6533641,
        0.7549136,
        0.0567512251
      ],
      [
        0.263456345,
        0.156456947,
        0.9518992
      ],
      [
        0.7097226,
        0.636888266,
        -0.301110148
      ]
    ],
    "translation": [
      1.81951129,
      0.988231063,
      -0.627836645
    ]
  },
  {
    "timeStamp": 12988,
    "rotation": [
      [
        -0.644937,
        0.7630362,
        0.04280173
      ],
      [
        0.2522575,
        0.159678459,
        0.9543945
      ],
      [
        0.721403062,
        0.6263214,
        -0.295464158
      ]
    ],
    "translation": [
      1.8484087,
      0.992791057,
      -0.643081665
    ]
  },
  {
    "timeStamp": 13044,
    "rotation": [
      [
        -0.6143969,
        0.78744787,
        0.0494197719
      ],
      [
        0.264059275,
        0.1461967,
        0.953362048
      ],
      [
        0.7434979,
        0.5987925,
        -0.297755718
      ]
    ],
    "translation": [
      1.879848,
      0.9983051,
      -0.658071041
    ]
  },
  {
    "timeStamp": 13088,
    "rotation": [
      [
        -0.596325636,
        0.8003948,
        0.06135181
      ],
      [
        0.2676709,
        0.126206756,
        0.955208957
      ],
      [
        0.756801248,
        0.5860377,
        -0.28950268
      ]
    ],
    "translation": [
      1.90451014,
      0.9981407,
      -0.6720062
    ]
  },
  {
    "timeStamp": 13144,
    "rotation": [
      [
        -0.5800593,
        0.8111972,
        0.0740965456
      ],
      [
        0.268437922,
        0.10448014,
        0.957614243
      ],
      [
        0.769072354,
        0.575363338,
        -0.278360754
      ]
    ],
    "translation": [
      1.936174,
      0.993909,
      -0.6881867
    ]
  },
  {
    "timeStamp": 13188,
    "rotation": [
      [
        -0.594162166,
        0.801221669,
        0.0708165243
      ],
      [
        0.247025713,
        0.09797936,
        0.9640427
      ],
      [
        0.765473366,
        0.5902912,
        -0.256138
      ]
    ],
    "translation": [
      1.96245074,
      0.986694932,
      -0.703390658
    ]
  },
  {
    "timeStamp": 13243,
    "rotation": [
      [
        -0.6064837,
        0.7919156,
        0.07104318
      ],
      [
        0.222768143,
        0.0834705159,
        0.9712914
      ],
      [
        0.7632508,
        0.6048986,
        -0.227037087
      ]
    ],
    "translation": [
      1.99609709,
      0.9799547,
      -0.7187912
    ]
  },
  {
    "timeStamp": 13288,
    "rotation": [
      [
        -0.629931,
        0.77166903,
        0.087828435
      ],
      [
        0.208942875,
        0.0594667643,
        0.976118147
      ],
      [
        0.748017251,
        0.6332382,
        -0.1986947
      ]
    ],
    "translation": [
      2.0153935,
      0.9783462,
      -0.7323623
    ]
  },
  {
    "timeStamp": 13343,
    "rotation": [
      [
        -0.6502818,
        0.754134655,
        0.0917309746
      ],
      [
        0.185259849,
        0.0403163135,
        0.9818622
      ],
      [
        0.736758053,
        0.65548116,
        -0.165927842
      ]
    ],
    "translation": [
      2.04187584,
      0.977569938,
      -0.7444962
    ]
  },
  {
    "timeStamp": 13388,
    "rotation": [
      [
        -0.674767,
        0.7332193,
        0.08413652
      ],
      [
        0.163721174,
        0.03755023,
        0.985791743
      ],
      [
        0.7196422,
        0.678954661,
        -0.145381182
      ]
    ],
    "translation": [
      2.061359,
      0.9771705,
      -0.753222167
    ]
  },
  {
    "timeStamp": 13444,
    "rotation": [
      [
        -0.7023974,
        0.708388269,
        0.06945426
      ],
      [
        0.130040258,
        0.0317775123,
        0.990999341
      ],
      [
        0.69980526,
        0.7051072,
        -0.114439443
      ]
    ],
    "translation": [
      2.08447266,
      0.9766408,
      -0.7607451
    ]
  },
  {
    "timeStamp": 13488,
    "rotation": [
      [
        -0.726537645,
        0.6850123,
        0.0538635924
      ],
      [
        0.110504478,
        0.0391137861,
        0.99310565
      ],
      [
        0.6781827,
        0.727480769,
        -0.104114555
      ]
    ],
    "translation": [
      2.10038757,
      0.976109564,
      -0.763124466
    ]
  },
  {
    "timeStamp": 13543,
    "rotation": [
      [
        -0.7503204,
        0.659261465,
        0.04892379
      ],
      [
        0.09102919,
        0.0297334436,
        0.995404243
      ],
      [
        0.654777,
        0.7513256,
        -0.08232165
      ]
    ],
    "translation": [
      2.114971,
      0.97477746,
      -0.7642907
    ]
  },
  {
    "timeStamp": 13588,
    "rotation": [
      [
        -0.7683335,
        0.638782,
        0.0402630754
      ],
      [
        0.0699568242,
        0.0212825071,
        0.997323
      ],
      [
        0.6362151,
        0.769093335,
        -0.0610392243
      ]
    ],
    "translation": [
      2.12604928,
      0.970613241,
      -0.764923751
    ]
  },
  {
    "timeStamp": 13643,
    "rotation": [
      [
        -0.789688,
        0.61234045,
        0.0378419161
      ],
      [
        0.0547300763,
        0.008877377,
        0.9984617
      ],
      [
        0.6110626,
        0.790544331,
        -0.0405237973
      ]
    ],
    "translation": [
      2.13531232,
      0.9639839,
      -0.7637815
    ]
  },
  {
    "timeStamp": 13688,
    "rotation": [
      [
        -0.80582577,
        0.5899984,
        0.0504638739
      ],
      [
        0.0510409139,
        -0.015697984,
        0.9985732
      ],
      [
        0.5899488,
        0.807251751,
        -0.01746422
      ]
    ],
    "translation": [
      2.13794065,
      0.958189547,
      -0.763905168
    ]
  },
  {
    "timeStamp": 13743,
    "rotation": [
      [
        -0.8265522,
        0.559178531,
        0.06427121
      ],
      [
        0.0462560765,
        -0.0463184752,
        0.9978552
      ],
      [
        0.5609561,
        0.827752352,
        0.012419234
      ]
    ],
    "translation": [
      2.138748,
      0.9496118,
      -0.7648252
    ]
  },
  {
    "timeStamp": 13787,
    "rotation": [
      [
        -0.8377424,
        0.542653,
        0.06095446
      ],
      [
        0.0296258517,
        -0.066294156,
        0.9973602
      ],
      [
        0.545261443,
        0.8373367,
        0.0394608639
      ]
    ],
    "translation": [
      2.14155316,
      0.940408945,
      -0.763358
    ]
  },
  {
    "timeStamp": 13843,
    "rotation": [
      [
        -0.850033939,
        0.524538636,
        0.0479745
      ],
      [
        0.0103049949,
        -0.07450171,
        0.997167647
      ],
      [
        0.5266271,
        0.8481207,
        0.0579236075
      ]
    ],
    "translation": [
      2.14878821,
      0.9286649,
      -0.7578905
    ]
  },
  {
    "timeStamp": 13888,
    "rotation": [
      [
        -0.850156963,
        0.5224617,
        0.06532188
      ],
      [
        0.0182789154,
        -0.09470052,
        0.995337963
      ],
      [
        0.526212,
        0.8473875,
        0.0709602758
      ]
    ],
    "translation": [
      2.15058923,
      0.924039066,
      -0.7517637
    ]
  },
  {
    "timeStamp": 13943,
    "rotation": [
      [
        -0.814592063,
        0.5599965,
        0.151141167
      ],
      [
        0.07210753,
        -0.160783023,
        0.984352231
      ],
      [
        0.575534761,
        0.812743962,
        0.09059261
      ]
    ],
    "translation": [
      2.14260554,
      0.9231055,
      -0.73900944
    ]
  },
  {
    "timeStamp": 13988,
    "rotation": [
      [
        -0.793784738,
        0.5867642,
        0.160041958
      ],
      [
        0.08297196,
        -0.156207085,
        0.9842332
      ],
      [
        0.602512538,
        0.7945483,
        0.07530983
      ]
    ],
    "translation": [
      2.147545,
      0.9134584,
      -0.7270508
    ]
  },
  {
    "timeStamp": 14043,
    "rotation": [
      [
        -0.7150932,
        0.6472093,
        0.2641247
      ],
      [
        0.129486457,
        -0.248663411,
        0.95989573
      ],
      [
        0.686931551,
        0.7206155,
        0.09401267
      ]
    ],
    "translation": [
      2.1414516,
      0.907119,
      -0.7140223
    ]
  },
  {
    "timeStamp": 14087,
    "rotation": [
      [
        -0.6612835,
        0.696747,
        0.277934968
      ],
      [
        0.120441675,
        -0.267086983,
        0.956116259
      ],
      [
        0.74040395,
        0.6657388,
        0.0927028358
      ]
    ],
    "translation": [
      2.147909,
      0.8917412,
      -0.7034199
    ]
  },
  {
    "timeStamp": 14143,
    "rotation": [
      [
        -0.577529,
        0.7351101,
        0.355068117
      ],
      [
        0.141222373,
        -0.338416845,
        0.9303388
      ],
      [
        0.8040625,
        0.5874412,
        0.0916315541
      ]
    ],
    "translation": [
      2.14492917,
      0.88064456,
      -0.690286338
    ]
  },
  {
    "timeStamp": 14188,
    "rotation": [
      [
        -0.5166044,
        0.759145439,
        0.396002471
      ],
      [
        0.1496634,
        -0.375316858,
        0.9147339
      ],
      [
        0.8430425,
        0.5318227,
        0.08027407
      ]
    ],
    "translation": [
      2.14627314,
      0.8718944,
      -0.6779589
    ]
  },
  {
    "timeStamp": 14243,
    "rotation": [
      [
        -0.4391489,
        0.772747755,
        0.45826754
      ],
      [
        0.156920925,
        -0.436269224,
        0.886027634
      ],
      [
        0.8846039,
        0.46100983,
        0.07032685
      ]
    ],
    "translation": [
      2.14163661,
      0.865952,
      -0.666107
    ]
  },
  {
    "timeStamp": 14287,
    "rotation": [
      [
        -0.3985266,
        0.771066666,
        0.496621281
      ],
      [
        0.154428944,
        -0.4773337,
        0.8650458
      ],
      [
        0.904062033,
        0.421436459,
        0.07115516
      ]
    ],
    "translation": [
      2.13932776,
      0.859750152,
      -0.6602169
    ]
  },
  {
    "timeStamp": 14343,
    "rotation": [
      [
        -0.334710151,
        0.7648819,
        0.5503861
      ],
      [
        0.139647022,
        -0.53736347,
        0.8317086
      ],
      [
        0.931916237,
        0.3552411,
        0.0730475262
      ]
    ],
    "translation": [
      2.13185573,
      0.85545975,
      -0.6524727
    ]
  },
  {
    "timeStamp": 14387,
    "rotation": [
      [
        -0.319442421,
        0.759013,
        0.5673233
      ],
      [
        0.140728936,
        -0.554053545,
        0.820499837
      ],
      [
        0.9370976,
        0.341941267,
        0.0701731145
      ]
    ],
    "translation": [
      2.12903452,
      0.8482339,
      -0.64919734
    ]
  },
  {
    "timeStamp": 14443,
    "rotation": [
      [
        -0.2580203,
        0.7378046,
        0.62375474
      ],
      [
        0.129685715,
        -0.6133239,
        0.7791119
      ],
      [
        0.95739603,
        0.281918764,
        0.062567316
      ]
    ],
    "translation": [
      2.12380981,
      0.846063554,
      -0.639431953
    ]
  },
  {
    "timeStamp": 14487,
    "rotation": [
      [
        -0.216809019,
        0.709517,
        0.670506954
      ],
      [
        0.130216464,
        -0.659687161,
        0.74017334
      ],
      [
        0.9674904,
        0.2477873,
        0.05063533
      ]
    ],
    "translation": [
      2.12073517,
      0.8471098,
      -0.6321434
    ]
  },
  {
    "timeStamp": 14543,
    "rotation": [
      [
        -0.1606901,
        0.680470943,
        0.7149392
      ],
      [
        0.117506415,
        -0.7060112,
        0.698384166
      ],
      [
        0.9799852,
        0.196233362,
        0.03348931
      ]
    ],
    "translation": [
      2.12047338,
      0.8467644,
      -0.6225018
    ]
  },
  {
    "timeStamp": 14587,
    "rotation": [
      [
        -0.138974562,
        0.651496053,
        0.745814264
      ],
      [
        0.115514092,
        -0.7373167,
        0.6655979
      ],
      [
        0.983535767,
        0.17865324,
        0.0272112973
      ]
    ],
    "translation": [
      2.11852956,
      0.8485229,
      -0.618147254
    ]
  },
  {
    "timeStamp": 14643,
    "rotation": [
      [
        -0.176483661,
        0.64976263,
        0.739366
      ],
      [
        0.106266961,
        -0.734188437,
        0.670577943
      ],
      [
        0.9785504,
        0.196916223,
        0.06052396
      ]
    ],
    "translation": [
      2.11883664,
      0.840468764,
      -0.6218834
    ]
  },
  {
    "timeStamp": 14687,
    "rotation": [
      [
        -0.241565272,
        0.6538951,
        0.716985
      ],
      [
        0.09394439,
        -0.719637334,
        0.6879656
      ],
      [
        0.965826452,
        0.2335453,
        0.112409607
      ]
    ],
    "translation": [
      2.11864614,
      0.8335656,
      -0.632176042
    ]
  },
  {
    "timeStamp": 14743,
    "rotation": [
      [
        -0.358961821,
        0.638143,
        0.681116641
      ],
      [
        0.0857997239,
        -0.704102,
        0.7048963
      ],
      [
        0.929400265,
        0.311470479,
        0.197993234
      ]
    ],
    "translation": [
      2.11796427,
      0.826969743,
      -0.6480649
    ]
  },
  {
    "timeStamp": 14787,
    "rotation": [
      [
        -0.46530515,
        0.621972144,
        0.629795
      ],
      [
        0.0727378651,
        -0.6822375,
        0.7275034
      ],
      [
        0.8821566,
        0.384321034,
        0.2722077
      ]
    ],
    "translation": [
      2.119055,
      0.8266453,
      -0.663046062
    ]
  },
  {
    "timeStamp": 14843,
    "rotation": [
      [
        -0.5912873,
        0.56505996,
        0.5754013
      ],
      [
        0.0351188369,
        -0.6947712,
        0.718372941
      ],
      [
        0.805696,
        0.444972217,
        0.390965134
      ]
    ],
    "translation": [
      2.11553955,
      0.8337734,
      -0.6885863
    ]
  },
  {
    "timeStamp": 14888,
    "rotation": [
      [
        -0.702855766,
        0.532706,
        0.471400052
      ],
      [
        -0.005755417,
        -0.6669372,
        0.7450917
      ],
      [
        0.7113091,
        0.520978868,
        0.4718266
      ]
    ],
    "translation": [
      2.12077045,
      0.8285405,
      -0.7136445
    ]
  },
  {
    "timeStamp": 14942,
    "rotation": [
      [
        -0.7911296,
        0.4803086,
        0.3787052
      ],
      [
        -0.0618409,
        -0.6787937,
        0.7317204
      ],
      [
        0.6085143,
        0.5554662,
        0.566716552
      ]
    ],
    "translation": [
      2.1262064,
      0.8301158,
      -0.742355
    ]
  },
  {
    "timeStamp": 14987,
    "rotation": [
      [
        -0.862867653,
        0.41457203,
        0.289118141
      ],
      [
        -0.0846354738,
        -0.6824628,
        0.7260036
      ],
      [
        0.498293221,
        0.6019754,
        0.623962641
      ]
    ],
    "translation": [
      2.13750744,
      0.8279208,
      -0.7641715
    ]
  },
  {
    "timeStamp": 15042,
    "rotation": [
      [
        -0.9026208,
        0.3776155,
        0.206596851
      ],
      [
        -0.131407812,
        -0.6988016,
        0.7031418
      ],
      [
        0.409887433,
        0.607521951,
        0.680374444
      ]
    ],
    "translation": [
      2.14516926,
      0.824709356,
      -0.773784041
    ]
  },
  {
    "timeStamp": 15087,
    "rotation": [
      [
        -0.924353838,
        0.348823756,
        0.1545705
      ],
      [
        -0.148433447,
        -0.7019897,
        0.696547151
      ],
      [
        0.3514791,
        0.620912552,
        0.700664
      ]
    ],
    "translation": [
      2.15315485,
      0.8216209,
      -0.7784015
    ]
  },
  {
    "timeStamp": 15142,
    "rotation": [
      [
        -0.941082954,
        0.311778575,
        0.130984917
      ],
      [
        -0.155110076,
        -0.7421331,
        0.6520578
      ],
      [
        0.3005059,
        0.5933234,
        0.7467687
      ]
    ],
    "translation": [
      2.15045571,
      0.8266417,
      -0.7816377
    ]
  },
  {
    "timeStamp": 15187,
    "rotation": [
      [
        -0.957433641,
        0.272102118,
        0.09633942
      ],
      [
        -0.154910877,
        -0.7659807,
        0.62392
      ],
      [
        0.2435641,
        0.582438,
        0.7755273
      ]
    ],
    "translation": [
      2.15221071,
      0.8307507,
      -0.789646268
    ]
  },
  {
    "timeStamp": 15242,
    "rotation": [
      [
        -0.9691633,
        0.2424773,
        0.0438999459
      ],
      [
        -0.166139454,
        -0.774542451,
        0.61031276
      ],
      [
        0.181989357,
        0.5841992,
        0.7909432
      ]
    ],
    "translation": [
      2.15510154,
      0.8236289,
      -0.794405758
    ]
  },
  {
    "timeStamp": 15287,
    "rotation": [
      [
        -0.9720865,
        0.234390959,
        0.0104312226
      ],
      [
        -0.182544231,
        -0.783497334,
        0.5939777
      ],
      [
        0.147395834,
        0.5754935,
        0.8044139
      ]
    ],
    "translation": [
      2.15746069,
      0.8176399,
      -0.799078047
    ]
  },
  {
    "timeStamp": 15342,
    "rotation": [
      [
        -0.97462666,
        0.221835047,
        -0.0298666377
      ],
      [
        -0.197080657,
        -0.787192762,
        0.584368765
      ],
      [
        0.106122673,
        0.575427532,
        0.8109385
      ]
    ],
    "translation": [
      2.15972018,
      0.8077148,
      -0.803416669
    ]
  },
  {
    "timeStamp": 15387,
    "rotation": [
      [
        -0.9759249,
        0.213946,
        -0.04239848
      ],
      [
        -0.199266881,
        -0.79558295,
        0.5721367
      ],
      [
        0.08867485,
        0.5668111,
        0.8190616
      ]
    ],
    "translation": [
      2.159264,
      0.8044963,
      -0.8067368
    ]
  },
  {
    "timeStamp": 15443,
    "rotation": [
      [
        -0.9764232,
        0.208691731,
        -0.0551858358
      ],
      [
        -0.203315586,
        -0.8032009,
        0.5599385
      ],
      [
        0.07252922,
        0.557957053,
        0.82669425
      ]
    ],
    "translation": [
      2.1584332,
      0.7996103,
      -0.8093741
    ]
  },
  {
    "timeStamp": 15487,
    "rotation": [
      [
        -0.9772975,
        0.202876657,
        -0.06107896
      ],
      [
        -0.202620775,
        -0.810692251,
        0.549293041
      ],
      [
        0.061922498,
        0.549198568,
        0.8333945
      ]
    ],
    "translation": [
      2.15824676,
      0.7984576,
      -0.812345
    ]
  },
  {
    "timeStamp": 15542,
    "rotation": [
      [
        -0.9783651,
        0.194420919,
        -0.07072619
      ],
      [
        -0.20130688,
        -0.8157725,
        0.5422092
      ],
      [
        0.04772033,
        0.544716239,
        0.8372616
      ]
    ],
    "translation": [
      2.15981579,
      0.795674443,
      -0.8141371
    ]
  },
  {
    "timeStamp": 15587,
    "rotation": [
      [
        -0.9784112,
        0.192930937,
        -0.07408903
      ],
      [
        -0.2022936,
        -0.8206812,
        0.5343779
      ],
      [
        0.042294547,
        0.537829041,
        0.8419923
      ]
    ],
    "translation": [
      2.160862,
      0.7944586,
      -0.815278053
    ]
  },
  {
    "timeStamp": 15642,
    "rotation": [
      [
        -0.97833693,
        0.192558244,
        -0.07601456
      ],
      [
        -0.203245252,
        -0.823618233,
        0.52947557
      ],
      [
        0.03934791,
        0.5334551,
        0.844912648
      ]
    ],
    "translation": [
      2.16088939,
      0.7920557,
      -0.8150553
    ]
  },
  {
    "timeStamp": 15687,
    "rotation": [
      [
        -0.9777725,
        0.19523114,
        -0.07645723
      ],
      [
        -0.205761626,
        -0.823411644,
        0.528824568
      ],
      [
        0.04028725,
        0.5328021,
        0.845280349
      ]
    ],
    "translation": [
      2.159733,
      0.78780216,
      -0.8142568
    ]
  },
  {
    "timeStamp": 15742,
    "rotation": [
      [
        -0.975301862,
        0.207669854,
        -0.07523019
      ],
      [
        -0.215354055,
        -0.818375945,
        0.5328071
      ],
      [
        0.0490813963,
        0.5358489,
        0.8428861
      ]
    ],
    "translation": [
      2.15772843,
      0.779789746,
      -0.81272155
    ]
  },
  {
    "timeStamp": 15787,
    "rotation": [
      [
        -0.976382554,
        0.204430759,
        -0.069893226
      ],
      [
        -0.210069,
        -0.822723567,
        0.5282016
      ],
      [
        0.0504778475,
        0.5304092,
        0.84623754
      ]
    ],
    "translation": [
      2.15550685,
      0.777600646,
      -0.813460767
    ]
  },
  {
    "timeStamp": 15842,
    "rotation": [
      [
        -0.9750595,
        0.214748845,
        -0.05605186
      ],
      [
        -0.2122151,
        -0.8281462,
        0.5187858
      ],
      [
        0.0649895146,
        0.517742038,
        0.8530648
      ]
    ],
    "translation": [
      2.1505177,
      0.7736422,
      -0.81398
    ]
  },
  {
    "timeStamp": 15887,
    "rotation": [
      [
        -0.9753469,
        0.213952839,
        -0.0540604778
      ],
      [
        -0.211474046,
        -0.8361835,
        0.5060393
      ],
      [
        0.06306407,
        0.5049963,
        0.8608145
      ]
    ],
    "translation": [
      2.14831972,
      0.7730024,
      -0.818293035
    ]
  },
  {
    "timeStamp": 15942,
    "rotation": [
      [
        -0.982591152,
        0.171796352,
        -0.07071515
      ],
      [
        -0.183706462,
        -0.841753542,
        0.5076445
      ],
      [
        0.0276867431,
        0.5117978,
        0.8586597
      ]
    ],
    "translation": [
      2.15100741,
      0.7663498,
      -0.821408749
    ]
  },
  {
    "timeStamp": 15987,
    "rotation": [
      [
        -0.9897695,
        0.121369652,
        -0.0750046745
      ],
      [
        -0.142578468,
        -0.860778153,
        0.488602549
      ],
      [
        -0.005260859,
        0.494297981,
        0.869276643
      ]
    ],
    "translation": [
      2.15232468,
      0.7645865,
      -0.8254938
    ]
  },
  {
    "timeStamp": 16042,
    "rotation": [
      [
        -0.9934934,
        0.0851670355,
        -0.07561382
      ],
      [
        -0.10986042,
        -0.891689241,
        0.439113826
      ],
      [
        -0.03002601,
        0.444563657,
        0.8952439
      ]
    ],
    "translation": [
      2.15183234,
      0.764209867,
      -0.8300766
    ]
  },
  {
    "timeStamp": 16087,
    "rotation": [
      [
        -0.994426131,
        0.06987189,
        -0.07895843
      ],
      [
        -0.09607713,
        -0.908955336,
        0.405671567
      ],
      [
        -0.04342464,
        0.410996526,
        0.9106021
      ]
    ],
    "translation": [
      2.151159,
      0.764506936,
      -0.8335086
    ]
  },
  {
    "timeStamp": 16142,
    "rotation": [
      [
        -0.9934891,
        0.0720673054,
        -0.08823689
      ],
      [
        -0.09981022,
        -0.9240088,
        0.3691148
      ],
      [
        -0.0549305528,
        0.375518441,
        0.9251857
      ]
    ],
    "translation": [
      2.15113831,
      0.764433146,
      -0.8335506
    ]
  },
  {
    "timeStamp": 16187,
    "rotation": [
      [
        -0.994002163,
        0.05844328,
        -0.09243443
      ],
      [
        -0.0859226137,
        -0.9402401,
        0.329493523
      ],
      [
        -0.0676538646,
        0.335459471,
        0.9396222
      ]
    ],
    "translation": [
      2.1519866,
      0.76545,
      -0.8333032
    ]
  },
  {
    "timeStamp": 16242,
    "rotation": [
      [
        -0.994519055,
        0.05410392,
        -0.089468196
      ],
      [
        -0.0767260939,
        -0.958957851,
        0.2729706
      ],
      [
        -0.07102745,
        0.278339,
        0.957853
      ]
    ],
    "translation": [
      2.15244126,
      0.7650736,
      -0.8328327
    ]
  },
  {
    "timeStamp": 16287,
    "rotation": [
      [
        -0.995750666,
        0.0620469339,
        -0.0680506155
      ],
      [
        -0.0757791,
        -0.9719523,
        0.222634748
      ],
      [
        -0.05232815,
        0.226845518,
        0.972524
      ]
    ],
    "translation": [
      2.15242124,
      0.7670538,
      -0.835230768
    ]
  },
  {
    "timeStamp": 16342,
    "rotation": [
      [
        -0.989799142,
        0.129738167,
        -0.0588704273
      ],
      [
        -0.137539342,
        -0.977919161,
        0.15734373
      ],
      [
        -0.0371570326,
        0.163835689,
        0.98578763
      ]
    ],
    "translation": [
      2.151937,
      0.771122336,
      -0.8380571
    ]
  },
  {
    "timeStamp": 16387,
    "rotation": [
      [
        -0.965689361,
        0.230196029,
        -0.120224036
      ],
      [
        -0.239195362,
        -0.9686885,
        0.06654379
      ],
      [
        -0.101141535,
        0.09301766,
        0.99051404
      ]
    ],
    "translation": [
      2.14859486,
      0.778089762,
      -0.835147262
    ]
  },
  {
    "timeStamp": 16442,
    "rotation": [
      [
        -0.9783037,
        0.2048745,
        -0.0307967551
      ],
      [
        -0.206565633,
        -0.975987732,
        0.069128
      ],
      [
        -0.0158946887,
        0.07398973,
        0.997132361
      ]
    ],
    "translation": [
      2.14600778,
      0.7773305,
      -0.840303
    ]
  },
  {
    "timeStamp": 16487,
    "rotation": [
      [
        -0.9695018,
        0.2389434,
        -0.0545188561
      ],
      [
        -0.240546241,
        -0.970317543,
        0.02492772
      ],
      [
        -0.0469442867,
        0.037281774,
        0.998201549
      ]
    ],
    "translation": [
      2.14383841,
      0.782735,
      -0.8409207
    ]
  },
  {
    "timeStamp": 16542,
    "rotation": [
      [
        -0.9548685,
        0.281235576,
        -0.09556534
      ],
      [
        -0.2840318,
        -0.9586684,
        0.0167570058
      ],
      [
        -0.08690281,
        0.0431443341,
        0.9952821
      ]
    ],
    "translation": [
      2.14469743,
      0.7831352,
      -0.839211
    ]
  },
  {
    "timeStamp": 16587,
    "rotation": [
      [
        -0.894841135,
        0.4425507,
        -0.0583799444
      ],
      [
        -0.4407674,
        -0.896674,
        -0.0412279367
      ],
      [
        -0.07059323,
        -0.0111604752,
        0.9974427
      ]
    ],
    "translation": [
      2.141283,
      0.7932966,
      -0.8376943
    ]
  },
  {
    "timeStamp": 16642,
    "rotation": [
      [
        -0.893892646,
        0.44426617,
        -0.05986323
      ],
      [
        -0.441884339,
        -0.8957241,
        -0.0491584279
      ],
      [
        -0.07546037,
        -0.0174897332,
        0.9969954
      ]
    ],
    "translation": [
      2.14099646,
      0.7937724,
      -0.837212443
    ]
  },
  {
    "timeStamp": 16687,
    "rotation": [
      [
        -0.8842786,
        0.4633801,
        -0.0577084571
      ],
      [
        -0.46053946,
        -0.885857761,
        -0.0562082939
      ],
      [
        -0.0771672949,
        -0.02312677,
        0.9967499
      ]
    ],
    "translation": [
      2.140541,
      0.7946229,
      -0.8380921
    ]
  },
  {
    "timeStamp": 16742,
    "rotation": [
      [
        -0.8828057,
        0.467432439,
        -0.0464873239
      ],
      [
        -0.4650723,
        -0.8836601,
        -0.0534100421
      ],
      [
        -0.06604458,
        -0.025530722,
        0.99749
      ]
    ],
    "translation": [
      2.14103866,
      0.793654,
      -0.8389535
    ]
  }
]