[
  {
    "timeStamp": 0,
    "rotation": [
      [
        0.216496557,
        0.048275806,
        -0.9750891
      ],
      [
        0.0744973943,
        0.9950477,
        0.06580441
      ],
      [
        0.9734369,
        -0.08688802,
        0.211827964
      ]
    ],
    "translation": [
      1.37277985,
      1.54228914,
      -0.992900431
    ]
  },
  {
    "timeStamp": 14,
    "rotation": [
      [
        0.213476747,
        0.0501662344,
        -0.975659251
      ],
      [
        0.07074143,
        0.9952653,
        0.06665274
      ],
      [
        0.974383533,
        -0.08324834,
        0.208917171
      ]
    ],
    "translation": [
      1.372958,
      1.54242158,
      -0.9933302
    ]
  },
  {
    "timeStamp": 15,
    "rotation": [
      [
        0.210685849,
        0.0522431433,
        -0.976156831
      ],
      [
        0.0706194341,
        0.9951485,
        0.0685014948
      ],
      [
        0.974999666,
        -0.08336794,
        0.205974326
      ]
    ],
    "translation": [
      1.37303138,
      1.54266787,
      -0.9945262
    ]
  },
  {
    "timeStamp": 67,
    "rotation": [
      [
        0.3359208,
        0.05633786,
        -0.9402038
      ],
      [
        0.08060964,
        0.9928276,
        0.08829175
      ],
      [
        0.9384345,
        -0.105448537,
        0.328970075
      ]
    ],
    "translation": [
      1.377753,
      1.54696035,
      -0.9948932
    ]
  },
  {
    "timeStamp": 111,
    "rotation": [
      [
        0.427600771,
        0.06300408,
        -0.9017694
      ],
      [
        0.07896954,
        0.9911509,
        0.106694661
      ],
      [
        0.900511742,
        -0.116835035,
        0.418841481
      ]
    ],
    "translation": [
      1.38051724,
      1.54960716,
      -0.9884524
    ]
  },
  {
    "timeStamp": 167,
    "rotation": [
      [
        0.5530861,
        0.07972313,
        -0.82930094
      ],
      [
        0.07306997,
        0.986933231,
        0.143609375
      ],
      [
        0.8299136,
        -0.140025347,
        0.5400337
      ]
    ],
    "translation": [
      1.385818,
      1.5534,
      -0.978930354
    ]
  },
  {
    "timeStamp": 211,
    "rotation": [
      [
        0.646285832,
        0.09136769,
        -0.757605851
      ],
      [
        0.0664498061,
        0.9822965,
        0.175151408
      ],
      [
        0.760196745,
        -0.163540632,
        0.6287729
      ]
    ],
    "translation": [
      1.3912816,
      1.55594814,
      -0.970834255
    ]
  },
  {
    "timeStamp": 351,
    "rotation": [
      [
        0.6712913,
        0.0933236554,
        -0.735294938
      ],
      [
        0.06420444,
        0.9809912,
        0.1831232
      ],
      [
        0.738407552,
        -0.17013821,
        0.652539
      ]
    ],
    "translation": [
      1.39398253,
      1.55679107,
      -0.969047546
    ]
  },
  {
    "timeStamp": 352,
    "rotation": [
      [
        0.6712913,
        0.0933236554,
        -0.735294938
      ],
      [
        0.06420444,
        0.9809912,
        0.1831232
      ],
      [
        0.738407552,
        -0.17013821,
        0.652539
      ]
    ],
    "translation": [
      1.39398253,
      1.55679107,
      -0.969047546
    ]
  },
  {
    "timeStamp": 388,
    "rotation": [
      [
        0.904052556,
        0.0936986357,
        -0.417024642
      ],
      [
        0.0125403376,
        0.9694412,
        0.245003343
      ],
      [
        0.427237332,
        -0.226725534,
        0.8752507
      ]
    ],
    "translation": [
      1.4212538,
      1.56163073,
      -0.946750641
    ]
  },
  {
    "timeStamp": 444,
    "rotation": [
      [
        0.9303035,
        0.0893956646,
        -0.355729848
      ],
      [
        -0.00452752458,
        0.972569466,
        0.232568413
      ],
      [
        0.3667626,
        -0.214748636,
        0.9051896
      ]
    ],
    "translation": [
      1.42702341,
      1.55980158,
      -0.942249954
    ]
  },
  {
    "timeStamp": 488,
    "rotation": [
      [
        0.941536665,
        0.08669802,
        -0.325564474
      ],
      [
        -0.0151406676,
        0.9762351,
        0.216184974
      ],
      [
        0.336570263,
        -0.198616818,
        0.9204737
      ]
    ],
    "translation": [
      1.43046987,
      1.558022,
      -0.9384716
    ]
  },
  {
    "timeStamp": 544,
    "rotation": [
      [
        0.9511684,
        0.09148752,
        -0.294802845
      ],
      [
        -0.0318017229,
        0.9790297,
        0.201219931
      ],
      [
        0.307029873,
        -0.1820188,
        0.934131563
      ]
    ],
    "translation": [
      1.43434167,
      1.55593371,
      -0.9334504
    ]
  },
  {
    "timeStamp": 589,
    "rotation": [
      [
        0.9610491,
        0.09847663,
        -0.258238316
      ],
      [
        -0.0487405658,
        0.980112255,
        0.192365274
      ],
      [
        0.272046,
        -0.1722858,
        0.9467358
      ]
    ],
    "translation": [
      1.43848753,
      1.55488,
      -0.9297329
    ]
  },
  {
    "timeStamp": 644,
    "rotation": [
      [
        0.9746838,
        0.09864777,
        -0.200649142
      ],
      [
        -0.0622463971,
        0.981649339,
        0.18024978
      ],
      [
        0.214748338,
        -0.163196862,
        0.9629382
      ]
    ],
    "translation": [
      1.44454062,
      1.55392337,
      -0.926852465
    ]
  },
  {
    "timeStamp": 689,
    "rotation": [
      [
        0.9842809,
        0.09440903,
        -0.149258167
      ],
      [
        -0.0666793659,
        0.9812321,
        0.180934519
      ],
      [
        0.163538769,
        -0.168137953,
        0.9721032
      ]
    ],
    "translation": [
      1.45015109,
      1.554255,
      -0.9254168
    ]
  },
  {
    "timeStamp": 745,
    "rotation": [
      [
        0.992481,
        0.09129022,
        -0.0815324038
      ],
      [
        -0.07454903,
        0.9791664,
        0.188879848
      ],
      [
        0.09707667,
        -0.1813815,
        0.9786097
      ]
    ],
    "translation": [
      1.45717311,
      1.55532384,
      -0.924696863
    ]
  },
  {
    "timeStamp": 791,
    "rotation": [
      [
        0.9962741,
        0.08300492,
        -0.0234080087
      ],
      [
        -0.07678157,
        0.977284253,
        0.1975351
      ],
      [
        0.0392726623,
        -0.195001811,
        0.9800163
      ]
    ],
    "translation": [
      1.46295178,
      1.55638218,
      -0.9250702
    ]
  },
  {
    "timeStamp": 847,
    "rotation": [
      [
        0.996992052,
        0.06629353,
        0.0401484519
      ],
      [
        -0.0732108951,
        0.975564241,
        0.207158431
      ],
      [
        -0.02543413,
        -0.209474623,
        0.9774833
      ]
    ],
    "translation": [
      1.46867049,
      1.55761719,
      -0.92687875
    ]
  },
  {
    "timeStamp": 892,
    "rotation": [
      [
        0.9920864,
        0.03926801,
        0.119258225
      ],
      [
        -0.065078564,
        0.9731087,
        0.220961824
      ],
      [
        -0.1073745,
        -0.226974383,
        0.967963457
      ]
    ],
    "translation": [
      1.47567213,
      1.55947518,
      -0.929753244
    ]
  },
  {
    "timeStamp": 938,
    "rotation": [
      [
        0.982250869,
        0.011728907,
        0.187204957
      ],
      [
        -0.0564107746,
        0.970310867,
        0.2351906
      ],
      [
        -0.17888847,
        -0.241576552,
        0.9537504
      ]
    ],
    "translation": [
      1.48100948,
      1.56119943,
      -0.932959855
    ]
  },
  {
    "timeStamp": 994,
    "rotation": [
      [
        0.9644482,
        -0.01983289,
        0.263526767
      ],
      [
        -0.0491843075,
        0.9662871,
        0.252725661
      ],
      [
        -0.2596548,
        -0.256702185,
        0.930958331
      ]
    ],
    "translation": [
      1.48705554,
      1.56307721,
      -0.937314868
    ]
  },
  {
    "timeStamp": 1038,
    "rotation": [
      [
        0.9427415,
        -0.0493367165,
        0.3298551
      ],
      [
        -0.04353689,
        0.9623323,
        0.26836735
      ],
      [
        -0.330670625,
        -0.2673619,
        0.905082643
      ]
    ],
    "translation": [
      1.49236476,
      1.56439221,
      -0.941194355
    ]
  },
  {
    "timeStamp": 1093,
    "rotation": [
      [
        0.900201261,
        -0.08961101,
        0.426154464
      ],
      [
        -0.0386272743,
        0.9583101,
        0.2831073
      ],
      [
        -0.433757663,
        -0.27131474,
        0.8592105
      ]
    ],
    "translation": [
      1.500624,
      1.56616735,
      -0.946997762
    ]
  },
  {
    "timeStamp": 1138,
    "rotation": [
      [
        0.8542868,
        -0.118214078,
        0.506181359
      ],
      [
        -0.0388416722,
        0.9565564,
        0.2889485
      ],
      [
        -0.5183488,
        -0.2665058,
        0.812581837
      ]
    ],
    "translation": [
      1.50813115,
      1.56709206,
      -0.9524175
    ]
  },
  {
    "timeStamp": 1193,
    "rotation": [
      [
        0.7738106,
        -0.153771341,
        0.614468455
      ],
      [
        -0.0422520526,
        0.955393732,
        0.292296976
      ],
      [
        -0.6320062,
        -0.252145052,
        0.7327967
      ]
    ],
    "translation": [
      1.51863921,
      1.56761777,
      -0.960973144
    ]
  },
  {
    "timeStamp": 1238,
    "rotation": [
      [
        0.689712048,
        -0.183208942,
        0.7005225
      ],
      [
        -0.048653502,
        0.9535481,
        0.297285855
      ],
      [
        -0.722447336,
        -0.2391245,
        0.648759842
      ]
    ],
    "translation": [
      1.52721345,
      1.56777108,
      -0.9692474
    ]
  },
  {
    "timeStamp": 1293,
    "rotation": [
      [
        0.563331544,
        -0.2223669,
        0.795745254
      ],
      [
        -0.0556336753,
        0.95070827,
        0.305055231
      ],
      [
        -0.8243558,
        -0.216117471,
        0.5231929
      ]
    ],
    "translation": [
      1.53638172,
      1.56800056,
      -0.9815301
    ]
  },
  {
    "timeStamp": 1338,
    "rotation": [
      [
        0.461524963,
        -0.253351867,
        0.8501809
      ],
      [
        -0.0527430736,
        0.948821247,
        0.31137827
      ],
      [
        -0.885558,
        -0.18855,
        0.4245421
      ]
    ],
    "translation": [
      1.54175448,
      1.56804585,
      -0.991322935
    ]
  },
  {
    "timeStamp": 1393,
    "rotation": [
      [
        0.332910657,
        -0.28844136,
        0.897759438
      ],
      [
        -0.0465108231,
        0.9458851,
        0.321151018
      ],
      [
        -0.9418106,
        -0.148670122,
        0.3014796
      ]
    ],
    "translation": [
      1.54601717,
      1.568471,
      -1.0026356
    ]
  },
  {
    "timeStamp": 1438,
    "rotation": [
      [
        0.23975563,
        -0.312624156,
        0.919121
      ],
      [
        -0.0435325056,
        0.94232,
        0.3318705
      ],
      [
        -0.9698568,
        -0.119579457,
        0.2123172
      ]
    ],
    "translation": [
      1.548187,
      1.56890464,
      -1.01068068
    ]
  },
  {
    "timeStamp": 1493,
    "rotation": [
      [
        0.144970536,
        -0.333272576,
        0.931618452
      ],
      [
        -0.0423449427,
        0.9386127,
        0.342364
      ],
      [
        -0.988529444,
        -0.089082025,
        0.121958777
      ]
    ],
    "translation": [
      1.549782,
      1.56906724,
      -1.01944768
    ]
  },
  {
    "timeStamp": 1538,
    "rotation": [
      [
        0.08211475,
        -0.343068,
        0.9357144
      ],
      [
        -0.0461382829,
        0.9365699,
        0.3474306
      ],
      [
        -0.9955543,
        -0.07170144,
        0.0610776357
      ]
    ],
    "translation": [
      1.55061269,
      1.569396,
      -1.0253191
    ]
  },
  {
    "timeStamp": 1593,
    "rotation": [
      [
        0.0153035894,
        -0.355234921,
        0.9346518
      ],
      [
        -0.0503012575,
        0.933304131,
        0.355546325
      ],
      [
        -0.9986169,
        -0.0524553,
        -0.00358586153
      ]
    ],
    "translation": [
      1.55079675,
      1.57006609,
      -1.0321871
    ]
  },
  {
    "timeStamp": 1637,
    "rotation": [
      [
        -0.0292271059,
        -0.3646498,
        0.930685937
      ],
      [
        -0.05400099,
        0.930299938,
        0.362802744
      ],
      [
        -0.998113036,
        -0.03965429,
        -0.0468814261
      ]
    ],
    "translation": [
      1.55056584,
      1.570838,
      -1.03687334
    ]
  },
  {
    "timeStamp": 1693,
    "rotation": [
      [
        -0.0729675144,
        -0.3749365,
        0.924174368
      ],
      [
        -0.0576145872,
        0.926681757,
        0.3714048
      ],
      [
        -0.995668769,
        -0.0261454452,
        -0.0892194659
      ]
    ],
    "translation": [
      1.54980373,
      1.57160878,
      -1.04162979
    ]
  },
  {
    "timeStamp": 1737,
    "rotation": [
      [
        -0.100648247,
        -0.383560151,
        0.918014944
      ],
      [
        -0.06003887,
        0.923360348,
        0.379211038
      ],
      [
        -0.993108869,
        -0.0169496536,
        -0.115963116
      ]
    ],
    "translation": [
      1.54909289,
      1.57219625,
      -1.04492569
    ]
  },
  {
    "timeStamp": 1793,
    "rotation": [
      [
        -0.124652795,
        -0.390338659,
        0.9121937
      ],
      [
        -0.06270332,
        0.920625746,
        0.385378331
      ],
      [
        -0.990217149,
        -0.009159092,
        -0.139234111
      ]
    ],
    "translation": [
      1.54824567,
      1.57269382,
      -1.04802513
    ]
  },
  {
    "timeStamp": 1837,
    "rotation": [
      [
        -0.136068746,
        -0.394167066,
        0.908910155
      ],
      [
        -0.06621267,
        0.9190098,
        0.3886346
      ],
      [
        -0.988484263,
        -0.007300342,
        -0.15114738
      ]
    ],
    "translation": [
      1.547584,
      1.57293725,
      -1.04982352
    ]
  },
  {
    "timeStamp": 1893,
    "rotation": [
      [
        -0.146597758,
        -0.3966026,
        0.9062094
      ],
      [
        -0.06724452,
        0.917983234,
        0.390877217
      ],
      [
        -0.986907959,
        -0.00363589381,
        -0.161243632
      ]
    ],
    "translation": [
      1.54689956,
      1.573453,
      -1.05115354
    ]
  },
  {
    "timeStamp": 1937,
    "rotation": [
      [
        -0.151602656,
        -0.3963153,
        0.9055114
      ],
      [
        -0.06760082,
        0.9181122,
        0.390512466
      ],
      [
        -0.9861272,
        -0.002010581,
        -0.16597949
      ]
    ],
    "translation": [
      1.54661059,
      1.57340884,
      -1.05171847
    ]
  },
  {
    "timeStamp": 1993,
    "rotation": [
      [
        -0.148346722,
        -0.390667766,
        0.908499837
      ],
      [
        -0.0674843341,
        0.920522034,
        0.384818137
      ],
      [
        -0.9866302,
        -0.00422299653,
        -0.1629204
      ]
    ],
    "translation": [
      1.54711127,
      1.57279372,
      -1.05112314
    ]
  },
  {
    "timeStamp": 2037,
    "rotation": [
      [
        -0.135995284,
        -0.379187971,
        0.915271342
      ],
      [
        -0.06694948,
        0.925260067,
        0.373378545
      ],
      [
        -0.988444746,
        -0.0104992222,
        -0.151217461
      ]
    ],
    "translation": [
      1.54830956,
      1.57165718,
      -1.04928052
    ]
  },
  {
    "timeStamp": 2093,
    "rotation": [
      [
        -0.109230228,
        -0.348709852,
        0.93084383
      ],
      [
        -0.05903156,
        0.937069952,
        0.344115168
      ],
      [
        -0.9922621,
        -0.0173613857,
        -0.122941248
      ]
    ],
    "translation": [
      1.55106449,
      1.56912374,
      -1.04519594
    ]
  },
  {
    "timeStamp": 2137,
    "rotation": [
      [
        -0.06992959,
        -0.293243557,
        0.953476846
      ],
      [
        -0.041008845,
        0.9558538,
        0.290966958
      ],
      [
        -0.996708632,
        -0.01875378,
        -0.07886805
      ]
    ],
    "translation": [
      1.55482626,
      1.5648905,
      -1.038545
    ]
  },
  {
    "timeStamp": 2193,
    "rotation": [
      [
        0.0128765581,
        -0.181518361,
        0.9833032
      ],
      [
        -0.009446704,
        0.9833188,
        0.181644946
      ],
      [
        -0.999872446,
        -0.0116279358,
        0.0109470114
      ]
    ],
    "translation": [
      1.5615865,
      1.55598044,
      -1.026545
    ]
  },
  {
    "timeStamp": 2237,
    "rotation": [
      [
        0.100476608,
        -0.07409808,
        0.992176354
      ],
      [
        0.0124853738,
        0.9972383,
        0.07321174
      ],
      [
        -0.994861066,
        0.00503162574,
        0.101124264
      ]
    ],
    "translation": [
      1.56699777,
      1.54599786,
      -1.01472592
    ]
  },
  {
    "timeStamp": 2288,
    "rotation": [
      [
        0.2003852,
        0.0429989249,
        0.9787731
      ],
      [
        0.02863446,
        0.9983526,
        -0.0497214422
      ],
      [
        -0.9792986,
        0.0379900821,
        0.198823825
      ]
    ],
    "translation": [
      1.57006693,
      1.53401327,
      -1.002521
    ]
  },
  {
    "timeStamp": 2345,
    "rotation": [
      [
        0.332999438,
        0.213187918,
        0.9185109
      ],
      [
        0.0230412446,
        0.971975446,
        -0.233950555
      ],
      [
        -0.9426455,
        0.09906904,
        0.31875515
      ]
    ],
    "translation": [
      1.5703795,
      1.51511383,
      -0.9860935
    ]
  },
  {
    "timeStamp": 2389,
    "rotation": [
      [
        0.4047318,
        0.293780982,
        0.865959
      ],
      [
        0.0150299063,
        0.9447224,
        -0.327526569
      ],
      [
        -0.9143119,
        0.1455757,
        0.377943724
      ]
    ],
    "translation": [
      1.56839132,
      1.50473142,
      -0.977603853
    ]
  },
  {
    "timeStamp": 2445,
    "rotation": [
      [
        0.473249,
        0.353430837,
        0.806921363
      ],
      [
        -0.0022464986,
        0.9164706,
        -0.400095761
      ],
      [
        -0.8809259,
        0.187532172,
        0.434512764
      ]
    ],
    "translation": [
      1.5676719,
      1.495767,
      -0.9692484
    ]
  },
  {
    "timeStamp": 2489,
    "rotation": [
      [
        0.500979662,
        0.3773377,
        0.778868139
      ],
      [
        -0.00507804332,
        0.9012141,
        -0.433344275
      ],
      [
        -0.8654442,
        0.213141546,
        0.453406066
      ]
    ],
    "translation": [
      1.56780171,
      1.49135685,
      -0.965187848
    ]
  },
  {
    "timeStamp": 2545,
    "rotation": [
      [
        0.5208213,
        0.40514484,
        0.7514006
      ],
      [
        -0.0213293824,
        0.886105835,
        -0.462991923
      ],
      [
        -0.8533993,
        0.22510913,
        0.470144242
      ]
    ],
    "translation": [
      1.56842661,
      1.48718476,
      -0.9619027
    ]
  },
  {
    "timeStamp": 2590,
    "rotation": [
      [
        0.5310019,
        0.4128897,
        0.7399723
      ],
      [
        -0.0253354423,
        0.880602539,
        -0.47317788
      ],
      [
        -0.8469918,
        0.232510835,
        0.478062332
      ]
    ],
    "translation": [
      1.56911218,
      1.48571146,
      -0.9604562
    ]
  },
  {
    "timeStamp": 2645,
    "rotation": [
      [
        0.546526968,
        0.4171467,
        0.7261521
      ],
      [
        -0.025995234,
        0.875140548,
        -0.48317
      ],
      [
        -0.8370379,
        0.245188951,
        0.489131749
      ]
    ],
    "translation": [
      1.56965661,
      1.48394871,
      -0.958094239
    ]
  },
  {
    "timeStamp": 2690,
    "rotation": [
      [
        0.5693031,
        0.422167718,
        0.7054562
      ],
      [
        -0.0210034065,
        0.8652744,
        -0.5008583
      ],
      [
        -0.8218594,
        0.2703232,
        0.5014703
      ]
    ],
    "translation": [
      1.56876028,
      1.481158,
      -0.955687
    ]
  },
  {
    "timeStamp": 2747,
    "rotation": [
      [
        0.607289255,
        0.4296287,
        0.668295562
      ],
      [
        -0.0195989627,
        0.849018037,
        -0.5280003
      ],
      [
        -0.794239044,
        0.307551026,
        0.5240198
      ]
    ],
    "translation": [
      1.56597757,
      1.476692,
      -0.951130331
    ]
  },
  {
    "timeStamp": 2792,
    "rotation": [
      [
        0.667026639,
        0.4333316,
        0.606052041
      ],
      [
        -0.0237686485,
        0.825418651,
        -0.5640204
      ],
      [
        -0.744654536,
        0.3618116,
        0.560876
      ]
    ],
    "translation": [
      1.56047916,
      1.4709425,
      -0.944562733
    ]
  },
  {
    "timeStamp": 2837,
    "rotation": [
      [
        0.7167872,
        0.42657125,
        0.5515914
      ],
      [
        -0.03394195,
        0.8114549,
        -0.583428562
      ],
      [
        -0.6964654,
        0.399472028,
        0.596119165
      ]
    ],
    "translation": [
      1.55531573,
      1.4669733,
      -0.9376952
    ]
  },
  {
    "timeStamp": 2893,
    "rotation": [
      [
        0.7785451,
        0.40973556,
        0.475378156
      ],
      [
        -0.0461239479,
        0.792775452,
        -0.6077661
      ],
      [
        -0.625891566,
        0.451246977,
        0.63611
      ]
    ],
    "translation": [
      1.547225,
      1.46133828,
      -0.9285089
    ]
  },
  {
    "timeStamp": 2937,
    "rotation": [
      [
        0.8253583,
        0.3897177,
        0.408538759
      ],
      [
        -0.05354004,
        0.7743397,
        -0.6305011
      ],
      [
        -0.5620652,
        0.4985161,
        0.6599731
      ]
    ],
    "translation": [
      1.5395472,
      1.45596862,
      -0.9209308
    ]
  },
  {
    "timeStamp": 2993,
    "rotation": [
      [
        0.877994239,
        0.356309682,
        0.319639683
      ],
      [
        -0.06273902,
        0.7476648,
        -0.661106
      ],
      [
        -0.4745418,
        0.560393333,
        0.6787999
      ]
    ],
    "translation": [
      1.5288763,
      1.44903827,
      -0.912019968
    ]
  },
  {
    "timeStamp": 3037,
    "rotation": [
      [
        0.9118989,
        0.327812433,
        0.246940032
      ],
      [
        -0.0771789253,
        0.7279192,
        -0.6813054
      ],
      [
        -0.403092772,
        0.6022231,
        0.689088941
      ]
    ],
    "translation": [
      1.51958752,
      1.44364285,
      -0.90528816
    ]
  },
  {
    "timeStamp": 3093,
    "rotation": [
      [
        0.9436421,
        0.287444234,
        0.164059311
      ],
      [
        -0.09427479,
        0.708606064,
        -0.699278
      ],
      [
        -0.317256838,
        0.6444015,
        0.69576925
      ]
    ],
    "translation": [
      1.50870621,
      1.43769,
      -0.898333251
    ]
  },
  {
    "timeStamp": 3137,
    "rotation": [
      [
        0.961170435,
        0.254086077,
        0.107664391
      ],
      [
        -0.103993393,
        0.6948979,
        -0.7115492
      ],
      [
        -0.255610526,
        0.6727237,
        0.69433856
      ]
    ],
    "translation": [
      1.50116372,
      1.43406653,
      -0.893186152
    ]
  },
  {
    "timeStamp": 3193,
    "rotation": [
      [
        0.975908637,
        0.213237211,
        0.0461763255
      ],
      [
        -0.1141792,
        0.679497838,
        -0.7247384
      ],
      [
        -0.185917914,
        0.7020061,
        0.687475
      ]
    ],
    "translation": [
      1.49308944,
      1.42995787,
      -0.8880525
    ]
  },
  {
    "timeStamp": 3237,
    "rotation": [
      [
        0.98241365,
        0.186501026,
        0.008984581
      ],
      [
        -0.120325096,
        0.66915226,
        -0.7333192
      ],
      [
        -0.142776832,
        0.719341755,
        0.6798251
      ]
    ],
    "translation": [
      1.48807156,
      1.42722464,
      -0.8843133
    ]
  },
  {
    "timeStamp": 3293,
    "rotation": [
      [
        0.987873733,
        0.1529841,
        -0.02648158
      ],
      [
        -0.121710479,
        0.6571676,
        -0.743853033
      ],
      [
        -0.0963948444,
        0.738056,
        0.6678184
      ]
    ],
    "translation": [
      1.48361278,
      1.424525,
      -0.880595863
    ]
  },
  {
    "timeStamp": 3337,
    "rotation": [
      [
        0.9907576,
        0.127981842,
        -0.0449446328
      ],
      [
        -0.117860094,
        0.6482156,
        -0.752280235
      ],
      [
        -0.0671444,
        0.750624537,
        0.657308459
      ]
    ],
    "translation": [
      1.48155415,
      1.42219973,
      -0.877657533
    ]
  },
  {
    "timeStamp": 3393,
    "rotation": [
      [
        0.9926598,
        0.1001393,
        -0.06781417
      ],
      [
        -0.1162149,
        0.634596348,
        -0.764056
      ],
      [
        -0.0334774032,
        0.7663287,
        0.6415759
      ]
    ],
    "translation": [
      1.48025084,
      1.41896367,
      -0.874531567
    ]
  },
  {
    "timeStamp": 3437,
    "rotation": [
      [
        0.9927222,
        0.0785016343,
        -0.09132433
      ],
      [
        -0.120375372,
        0.624656737,
        -0.771565735
      ],
      [
        -0.00352280587,
        0.7769436,
        0.6295603
      ]
    ],
    "translation": [
      1.47955835,
      1.41668844,
      -0.872142553
    ]
  },
  {
    "timeStamp": 3493,
    "rotation": [
      [
        0.9918096,
        0.0588910542,
        -0.113338172
      ],
      [
        -0.125597954,
        0.610955834,
        -0.7816381
      ],
      [
        0.0232131276,
        0.7894712,
        0.6133485
      ]
    ],
    "translation": [
      1.48035336,
      1.41381466,
      -0.8696365
    ]
  },
  {
    "timeStamp": 3537,
    "rotation": [
      [
        0.992068648,
        0.05064652,
        -0.115041621
      ],
      [
        -0.122350767,
        0.598854,
        -0.791457
      ],
      [
        0.0288085844,
        0.799255133,
        0.600300968
      ]
    ],
    "translation": [
      1.48333514,
      1.41156244,
      -0.867754042
    ]
  },
  {
    "timeStamp": 3593,
    "rotation": [
      [
        0.9933901,
        0.041922003,
        -0.106857881
      ],
      [
        -0.111121789,
        0.5845835,
        -0.803687751
      ],
      [
        0.0287751649,
        0.8102497,
        0.585377932
      ]
    ],
    "translation": [
      1.48938966,
      1.40867889,
      -0.8651773
    ]
  },
  {
    "timeStamp": 3637,
    "rotation": [
      [
        0.993981957,
        0.0355194919,
        -0.103625253
      ],
      [
        -0.105089232,
        0.576208532,
        -0.8105183
      ],
      [
        0.0309205614,
        0.8165305,
        0.576473653
      ]
    ],
    "translation": [
      1.49481571,
      1.40619516,
      -0.8625138
    ]
  },
  {
    "timeStamp": 3692,
    "rotation": [
      [
        0.993629634,
        0.0280362219,
        -0.109151684
      ],
      [
        -0.106024109,
        0.5608484,
        -0.821101665
      ],
      [
        0.0381969549,
        0.827443659,
        0.5602482
      ]
    ],
    "translation": [
      1.50190556,
      1.40239477,
      -0.859333932
    ]
  },
  {
    "timeStamp": 3737,
    "rotation": [
      [
        0.992617548,
        0.0223238077,
        -0.119214214
      ],
      [
        -0.111966014,
        0.546522141,
        -0.829926
      ],
      [
        0.0466260947,
        0.837147057,
        0.544986963
      ]
    ],
    "translation": [
      1.50777018,
      1.39848328,
      -0.856660843
    ]
  },
  {
    "timeStamp": 3792,
    "rotation": [
      [
        0.991423368,
        0.0178525727,
        -0.129463851
      ],
      [
        -0.119447038,
        0.525738358,
        -0.8422182
      ],
      [
        0.0530283526,
        0.8504589,
        0.5233618
      ]
    ],
    "translation": [
      1.51517975,
      1.39375353,
      -0.85383
    ]
  },
  {
    "timeStamp": 3837,
    "rotation": [
      [
        0.9907422,
        0.0131567251,
        -0.1351175
      ],
      [
        -0.122800887,
        0.5111784,
        -0.850656569
      ],
      [
        0.05787729,
        0.859373868,
        0.508061647
      ]
    ],
    "translation": [
      1.5208993,
      1.390784,
      -0.8524407
    ]
  },
  {
    "timeStamp": 3893,
    "rotation": [
      [
        0.9907526,
        0.008366085,
        -0.1354226
      ],
      [
        -0.121472038,
        0.499352247,
        -0.8578414
      ],
      [
        0.06044682,
        0.8663586,
        0.495750785
      ]
    ],
    "translation": [
      1.52726841,
      1.38831043,
      -0.851908267
    ]
  },
  {
    "timeStamp": 3937,
    "rotation": [
      [
        0.9904007,
        0.004376226,
        -0.138156891
      ],
      [
        -0.12214525,
        0.495598525,
        -0.859920144
      ],
      [
        0.06470714,
        0.8685407,
        0.491375655
      ]
    ],
    "translation": [
      1.5312717,
      1.386939,
      -0.8527792
    ]
  },
  {
    "timeStamp": 3992,
    "rotation": [
      [
        0.988534033,
        0.009222582,
        -0.150716528
      ],
      [
        -0.13547489,
        0.494982034,
        -0.858276963
      ],
      [
        0.066686444,
        0.8688543,
        0.490556
      ]
    ],
    "translation": [
      1.533437,
      1.38698816,
      -0.8551179
    ]
  },
  {
    "timeStamp": 4037,
    "rotation": [
      [
        0.985741436,
        0.0138324369,
        -0.167697877
      ],
      [
        -0.151730239,
        0.50392437,
        -0.8503165
      ],
      [
        0.0727450848,
        0.86363703,
        0.498837918
      ]
    ],
    "translation": [
      1.53285956,
      1.38893652,
      -0.8582346
    ]
  },
  {
    "timeStamp": 4092,
    "rotation": [
      [
        0.9829305,
        0.0153975235,
        -0.183331847
      ],
      [
        -0.164739415,
        0.517295539,
        -0.8398013
      ],
      [
        0.08190588,
        0.8556683,
        0.5110022
      ]
    ],
    "translation": [
      1.53027272,
      1.39165592,
      -0.864338338
    ]
  },
  {
    "timeStamp": 4137,
    "rotation": [
      [
        0.9820488,
        0.0184328519,
        -0.187724292
      ],
      [
        -0.1687143,
        0.530897439,
        -0.830471754
      ],
      [
        0.08435439,
        0.84723556,
        0.5244771
      ]
    ],
    "translation": [
      1.5268811,
      1.39308763,
      -0.87047416
    ]
  },
  {
    "timeStamp": 4192,
    "rotation": [
      [
        0.983113945,
        0.0195748731,
        -0.181944579
      ],
      [
        -0.1631456,
        0.544114232,
        -0.8229965
      ],
      [
        0.08288857,
        0.8387828,
        0.538119853
      ]
    ],
    "translation": [
      1.52228761,
      1.39458477,
      -0.8797702
    ]
  },
  {
    "timeStamp": 4237,
    "rotation": [
      [
        0.985451043,
        0.0223863684,
        -0.168478712
      ],
      [
        -0.15274027,
        0.5514197,
        -0.820126057
      ],
      [
        0.0745428354,
        0.8339276,
        0.5468164
      ]
    ],
    "translation": [
      1.51846218,
      1.39567041,
      -0.888823867
    ]
  },
  {
    "timeStamp": 4292,
    "rotation": [
      [
        0.9894743,
        0.023813406,
        -0.142736182
      ],
      [
        -0.1311767,
        0.5640812,
        -0.8152332
      ],
      [
        0.0611013062,
        0.8253759,
        0.5612676
      ]
    ],
    "translation": [
      1.51394057,
      1.3978014,
      -0.8998988
    ]
  },
  {
    "timeStamp": 4337,
    "rotation": [
      [
        0.992498,
        0.0227931309,
        -0.120117947
      ],
      [
        -0.1117121,
        0.568296552,
        -0.815205157
      ],
      [
        0.0496815331,
        0.8225081,
        0.566579461
      ]
    ],
    "translation": [
      1.51026416,
      1.39997613,
      -0.909576
    ]
  },
  {
    "timeStamp": 4392,
    "rotation": [
      [
        0.996122241,
        0.0236171167,
        -0.08475058
      ],
      [
        -0.08275764,
        0.578462243,
        -0.8115002
      ],
      [
        0.02985972,
        0.815367162,
        0.578173637
      ]
    ],
    "translation": [
      1.50727117,
      1.4024837,
      -0.9211045
    ]
  },
  {
    "timeStamp": 4437,
    "rotation": [
      [
        0.9986422,
        0.0345133543,
        -0.039020434
      ],
      [
        -0.0518617742,
        0.5880557,
        -0.8071561
      ],
      [
        -0.00491148,
        0.8080838,
        0.5890471
      ]
    ],
    "translation": [
      1.507459,
      1.40455067,
      -0.9291568
    ]
  },
  {
    "timeStamp": 4492,
    "rotation": [
      [
        0.997531652,
        0.057955645,
        0.0396464057
      ],
      [
        -0.00320081133,
        0.601554334,
        -0.798825443
      ],
      [
        -0.07014591,
        0.796726763,
        0.600254953
      ]
    ],
    "translation": [
      1.51018214,
      1.40658152,
      -0.938271
    ]
  },
  {
    "timeStamp": 4537,
    "rotation": [
      [
        0.9932587,
        0.0728485063,
        0.09016752
      ],
      [
        0.0273142178,
        0.6088659,
        -0.792802751
      ],
      [
        -0.112654433,
        0.7899211,
        0.60277164
      ]
    ],
    "translation": [
      1.51195025,
      1.407531,
      -0.9453743
    ]
  },
  {
    "timeStamp": 4592,
    "rotation": [
      [
        0.987292647,
        0.08540002,
        0.134014949
      ],
      [
        0.05340613,
        0.615963042,
        -0.785962641
      ],
      [
        -0.149669483,
        0.7831324,
        0.603574932
      ]
    ],
    "translation": [
      1.51305437,
      1.40872383,
      -0.9526325
    ]
  },
  {
    "timeStamp": 4637,
    "rotation": [
      [
        0.98449,
        0.0909784138,
        0.15000765
      ],
      [
        0.06236444,
        0.6177097,
        -0.783929467
      ],
      [
        -0.16398184,
        0.781125844,
        0.602455258
      ]
    ],
    "translation": [
      1.51286817,
      1.40958667,
      -0.957448244
    ]
  },
  {
    "timeStamp": 4692,
    "rotation": [
      [
        0.9824992,
        0.097413525,
        0.158763632
      ],
      [
        0.06541896,
        0.6175865,
        -0.783777535
      ],
      [
        -0.1744008,
        0.780446947,
        0.6004056
      ]
    ],
    "translation": [
      1.5128231,
      1.41073084,
      -0.962664068
    ]
  },
  {
    "timeStamp": 4737,
    "rotation": [
      [
        0.983157754,
        0.09927346,
        0.15344578
      ],
      [
        0.05977061,
        0.6187789,
        -0.783288062
      ],
      [
        -0.17270872,
        0.7792673,
        0.6024236
      ]
    ],
    "translation": [
      1.5126524,
      1.41141677,
      -0.9655391
    ]
  },
  {
    "timeStamp": 4792,
    "rotation": [
      [
        0.9883971,
        0.09286125,
        0.12019936
      ],
      [
        0.03711481,
        0.6197068,
        -0.783955336
      ],
      [
        -0.147287428,
        0.7793204,
        0.609069943
      ]
    ],
    "translation": [
      1.51143324,
      1.411938,
      -0.967775762
    ]
  },
  {
    "timeStamp": 4847,
    "rotation": [
      [
        0.9936508,
        0.08354204,
        0.07535757
      ],
      [
        0.00733503327,
        0.620269537,
        -0.784354448
      ],
      [
        -0.112268575,
        0.7799272,
        0.615718544
      ]
    ],
    "translation": [
      1.51041031,
      1.41224241,
      -0.969172
    ]
  },
  {
    "timeStamp": 4891,
    "rotation": [
      [
        0.997390151,
        0.06844444,
        0.0229828134
      ],
      [
        -0.0246493872,
        0.6219958,
        -0.78263247
      ],
      [
        -0.06786205,
        0.7800234,
        0.6220596
      ]
    ],
    "translation": [
      1.510571,
      1.41222918,
      -0.970926642
    ]
  },
  {
    "timeStamp": 4947,
    "rotation": [
      [
        0.9983598,
        0.05488666,
        -0.0162812565
      ],
      [
        -0.046883516,
        0.6206052,
        -0.7827203
      ],
      [
        -0.032856673,
        0.78219986,
        0.622160554
      ]
    ],
    "translation": [
      1.51296329,
      1.41167974,
      -0.9731697
    ]
  },
  {
    "timeStamp": 4991,
    "rotation": [
      [
        0.99788785,
        0.0391501077,
        -0.05183783
      ],
      [
        -0.0649472252,
        0.617525458,
        -0.7838649
      ],
      [
        0.00132278481,
        0.785576,
        0.6187638
      ]
    ],
    "translation": [
      1.518666,
      1.41044509,
      -0.9765279
    ]
  },
  {
    "timeStamp": 5047,
    "rotation": [
      [
        0.9972162,
        0.02583785,
        -0.0699444562
      ],
      [
        -0.0709773451,
        0.616368353,
        -0.7842527
      ],
      [
        0.0228481423,
        0.787034,
        0.61648643
      ]
    ],
    "translation": [
      1.52636576,
      1.40953565,
      -0.9793372
    ]
  },
  {
    "timeStamp": 5091,
    "rotation": [
      [
        0.9959464,
        0.0123147964,
        -0.0891014561
      ],
      [
        -0.07761865,
        0.6182393,
        -0.782148
      ],
      [
        0.0454540327,
        0.7858934,
        0.616689
      ]
    ],
    "translation": [
      1.53762054,
      1.40864992,
      -0.982533
    ]
  },
  {
    "timeStamp": 5147,
    "rotation": [
      [
        0.9941969,
        0.0025287082,
        -0.107546106
      ],
      [
        -0.08577205,
        0.622027,
        -0.7782837
      ],
      [
        0.06492853,
        0.7829917,
        0.6186342
      ]
    ],
    "translation": [
      1.54715729,
      1.40811837,
      -0.984112144
    ]
  },
  {
    "timeStamp": 5192,
    "rotation": [
      [
        0.990248,
        -0.0115047563,
        -0.138839737
      ],
      [
        -0.101273224,
        0.6249166,
        -0.7740949
      ],
      [
        0.09566904,
        0.7806067,
        0.617657363
      ]
    ],
    "translation": [
      1.558567,
      1.40715218,
      -0.9856636
    ]
  },
  {
    "timeStamp": 5237,
    "rotation": [
      [
        0.9855834,
        -0.0215602443,
        -0.167810887
      ],
      [
        -0.117866732,
        0.624064445,
        -0.7724319
      ],
      [
        0.121378615,
        0.7810754,
        0.612526357
      ]
    ],
    "translation": [
      1.56693983,
      1.40728879,
      -0.985977352
    ]
  },
  {
    "timeStamp": 5292,
    "rotation": [
      [
        0.9785922,
        -0.0236097947,
        -0.204450369
      ],
      [
        -0.1450308,
        0.6257263,
        -0.7664416
      ],
      [
        0.146025509,
        0.7796854,
        0.6089067
      ]
    ],
    "translation": [
      1.57599664,
      1.40766287,
      -0.9864904
    ]
  },
  {
    "timeStamp": 5347,
    "rotation": [
      [
