[
  {
    "timeStamp": 47740,
    "rotation": [
      [
        -0.8865692,
        0.462595433,
        0.000667978136
      ],
      [
        0.461978942,
        0.8853113,
        0.0529092774
      ],
      [
        0.0238842219,
        0.04721633,
        -0.9985991
      ]
    ],
    "translation": [
      1.61607814,
      0.8771619,
      -0.7478236
    ]
  },
  {
    "timeStamp": 47796,
    "rotation": [
      [
        -0.8858374,
        0.463918984,
        -0.008446733
      ],
      [
        0.46346575,
        0.885548651,
        0.0316727273
      ],
      [
        0.02217357,
        0.0241421144,
        -0.9994626
      ]
    ],
    "translation": [
      1.61737156,
      0.8783235,
      -0.747767746
    ]
  },
  {
    "timeStamp": 47841,
    "rotation": [
      [
        -0.8863968,
        0.462842315,
        -0.008814271
      ],
      [
        0.4627187,
        0.8864089,
        0.013066222
      ],
      [
        0.0138606485,
        0.00750333,
        -0.9998758
      ]
    ],
    "translation": [
      1.61889935,
      0.878428757,
      -0.7489092
    ]
  },
  {
    "timeStamp": 47896,
    "rotation": [
      [
        -0.887845337,
        0.460029542,
        0.0101742232
      ],
      [
        0.460072875,
        0.8878782,
        0.00229484029
      ],
      [
        -0.007977776,
        0.00671834731,
        -0.999945641
      ]
    ],
    "translation": [
      1.61998975,
      0.878381848,
      -0.750833452
    ]
  },
  {
    "timeStamp": 47940,
    "rotation": [
      [
        -0.876602054,
        0.481097341,
        0.0106884474
      ],
      [
        0.480722547,
        0.8744814,
        0.06471668
      ],
      [
        0.0217881761,
        0.0618689544,
        -0.9978465
      ]
    ],
    "translation": [
      1.62020743,
      0.88069737,
      -0.7557282
    ]
  },
  {
    "timeStamp": 47995,
    "rotation": [
      [
        -0.861221433,
        0.5081425,
        -0.00942532
      ],
      [
        0.5068312,
        0.8600785,
        0.05819875
      ],
      [
        0.0376797728,
        0.0453449674,
        -0.9982605
      ]
    ],
    "translation": [
      1.62055314,
      0.8894432,
      -0.7532353
    ]
  },
  {
    "timeStamp": 48047,
    "rotation": [
      [
        -0.846232831,
        0.5321318,
        -0.0269397739
      ],
      [
        0.5310594,
        0.846467555,
        0.0383229
      ],
      [
        0.043196477,
        0.0181234777,
        -0.9989022
      ]
    ],
    "translation": [
      1.62241423,
      0.901554465,
      -0.748986363
    ]
  },
  {
    "timeStamp": 48091,
    "rotation": [
      [
        -0.826543748,
        0.558771,
        -0.0678259954
      ],
      [
        0.5593934,
        0.828826368,
        0.0112200445
      ],
      [
        0.062485408,
        -0.028667558,
        -0.997634053
      ]
    ],
    "translation": [
      1.62754416,
      0.9175127,
      -0.7415479
    ]
  },
  {
    "timeStamp": 48147,
    "rotation": [
      [
        -0.7795174,
        0.6097721,
        -0.143285364
      ],
      [
        0.61720264,
        0.786744833,
        -0.00966728851
      ],
      [
        0.106834173,
        -0.09597192,
        -0.9896342
      ]
    ],
    "translation": [
      1.63581789,
      0.9460961,
      -0.729420543
    ]
  },
  {
    "timeStamp": 48191,
    "rotation": [
      [
        -0.7478442,
        0.631624162,
        -0.204401329
      ],
      [
        0.650506556,
        0.758663356,
        -0.0356527939
      ],
      [
        0.132552624,
        -0.15962714,
        -0.9782377
      ]
    ],
    "translation": [
      1.64847779,
      0.969893,
      -0.72137475
    ]
  },
  {
    "timeStamp": 48247,
    "rotation": [
      [
        -0.718189061,
        0.6401814,
        -0.272712767
      ],
      [
        0.6786249,
        0.7310376,
        -0.07107954
      ],
      [
        0.153859481,
        -0.236118212,
        -0.9594663
      ]
    ],
    "translation": [
      1.67053986,
      0.9988281,
      -0.7133073
    ]
  },
  {
    "timeStamp": 48291,
    "rotation": [
      [
        -0.692293465,
        0.6323408,
        -0.347670555
      ],
      [
        0.6987822,
        0.707690358,
        -0.10429661
      ],
      [
        0.1800921,
        -0.315149844,
        -0.9317979
      ]
    ],
    "translation": [
      1.69316959,
      1.02327824,
      -0.707128644
    ]
  },
  {
    "timeStamp": 48347,
    "rotation": [
      [
        -0.646423936,
        0.6271055,
        -0.434597254
      ],
      [
        0.7302533,
        0.6735502,
        -0.114281043
      ],
      [
        0.2210568,
        -0.3912401,
        -0.8933449
      ]
    ],
    "translation": [
      1.72410572,
      1.05515456,
      -0.702471554
    ]
  },
  {
    "timeStamp": 48392,
    "rotation": [
      [
        -0.616800249,
        0.6074441,
        -0.500568748
      ],
      [
        0.748065948,
        0.650217,
        -0.132722616
      ],
      [
        0.24485673,
        -0.456321776,
        -0.855462253
      ]
    ],
    "translation": [
      1.75233948,
      1.0818311,
      -0.7027565
    ]
  },
  {
    "timeStamp": 48438,
    "rotation": [
      [
        -0.5935158,
        0.578002334,
        -0.5600466
      ],
      [
        0.762704134,
        0.6261014,
        -0.162109554
      ],
      [
        0.256946236,
        -0.5233644,
        -0.8124459
      ]
    ],
    "translation": [
      1.78182983,
      1.10772645,
      -0.7026422
    ]
  },
  {
    "timeStamp": 48494,
    "rotation": [
      [
        -0.56709,
        0.5312717,
        -0.629411936
      ],
      [
        0.7773215,
        0.5978952,
        -0.19568491
      ],
      [
        0.272360533,
        -0.6002264,
        -0.7520293
      ]
    ],
    "translation": [
      1.82129872,
      1.13749421,
      -0.7058343
    ]
  },
  {
    "timeStamp": 48539,
    "rotation": [
      [
        -0.534199,
        0.483092129,
        -0.6937243
      ],
      [
        0.790871,
        0.5754509,
        -0.208276838
      ],
      [
        0.298587382,
        -0.6599077,
        -0.6894689
      ]
    ],
    "translation": [
      1.85777915,
      1.158944,
      -0.7066035
    ]
  },
  {
    "timeStamp": 48595,
    "rotation": [
      [
        -0.503000259,
        0.418351471,
        -0.7562889
      ],
      [
        0.7995198,
        0.5575811,
        -0.223319143
      ],
      [
        0.3282665,
        -0.7169975,
        -0.6149437
      ]
    ],
    "translation": [
      1.903594,
      1.18095315,
      -0.7082288
    ]
  },
  {
    "timeStamp": 48640,
    "rotation": [
      [
        -0.4878597,
        0.3448917,
        -0.801899433
      ],
      [
        0.798318565,
        0.547873437,
        -0.2500444
      ],
      [
        0.353101134,
        -0.7621578,
        -0.5426188
      ]
    ],
    "translation": [
      1.94243574,
      1.19696641,
      -0.708424568
    ]
  },
  {
    "timeStamp": 48696,
    "rotation": [
      [
        -0.466612279,
        0.271587253,
        -0.8417323
      ],
      [
        0.797303855,
        0.5411183,
        -0.267390132
      ],
      [
        0.382857054,
        -0.795883954,
        -0.469030023
      ]
    ],
    "translation": [
      1.98686993,
      1.212776,
      -0.7072333
    ]
  },
  {
    "timeStamp": 48740,
    "rotation": [
      [
        -0.4490794,
        0.225695029,
        -0.8645169
      ],
      [
        0.79338485,
        0.5457338,
        -0.2696574
      ],
      [
        0.41093576,
        -0.806992233,
        -0.4241408
      ]
    ],
    "translation": [
      2.01870942,
      1.22019231,
      -0.7043921
    ]
  },
  {
    "timeStamp": 48795,
    "rotation": [
      [
        -0.4333327,
        0.187963247,
        -0.881415069
      ],
      [
        0.7835018,
        0.5618729,
        -0.265374959
      ],
      [
        0.445362478,
        -0.8055859,
        -0.390747428
      ]
    ],
    "translation": [
      2.05453157,
      1.22292435,
      -0.6995131
    ]
  },
  {
    "timeStamp": 48840,
    "rotation": [
      [
        -0.4170381,
        0.193365917,
        -0.888081551
      ],
      [
        0.7711193,
        0.59248203,
        -0.233109564
      ],
      [
        0.481096923,
        -0.78203243,
        -0.3961958
      ]
    ],
    "translation": [
      2.0769794,
      1.21681309,
      -0.693360567
    ]
  },
  {
    "timeStamp": 48895,
    "rotation": [
      [
        -0.429718375,
        0.167664215,
        -0.8872603
      ],
      [
        0.7235314,
        0.651813,
        -0.227249026
      ],
      [
        0.5402263,
        -0.739613831,
        -0.401406348
      ]
    ],
    "translation": [
      2.10370636,
      1.20077729,
      -0.6842221
    ]
  },
  {
    "timeStamp": 48948,
    "rotation": [
      [
        -0.392402023,
        0.207961857,
        -0.895975769
      ],
      [
        0.699585855,
        0.6999008,
        -0.1439394
      ],
      [
        0.5971602,
        -0.683294058,
        -0.420129657
      ]
    ],
    "translation": [
      2.116448,
      1.18188059,
      -0.6780482
    ]
  },
  {
    "timeStamp": 48991,
    "rotation": [
      [
        -0.4018611,
        0.217513919,
        -0.889491558
      ],
      [
        0.6489042,
        0.7530184,
        -0.109025627
      ],
      [
        0.6460889,
        -0.621008,
        -0.443754524
      ]
    ],
    "translation": [
      2.13237381,
      1.15939569,
      -0.667236
    ]
  },
  {
    "timeStamp": 49045,
    "rotation": [
      [
        -0.361575276,
        0.238332838,
        -0.901366055
      ],
      [
        0.580206156,
        0.814282954,
        -0.0174377859
      ],
      [
        0.7298111,
        -0.5292832,
        -0.432706773
      ]
    ],
    "translation": [
      2.14706945,
      1.131184,
      -0.659669459
    ]
  },
  {
    "timeStamp": 49090,
    "rotation": [
      [
        -0.3377155,
        0.2402142,
        -0.910079837
      ],
      [
        0.5275096,
        0.849075437,
        0.02836211
      ],
      [
        0.7795394,
        -0.470497578,
        -0.4134613
      ]
    ],
    "translation": [
      2.15900016,
      1.11024559,
      -0.6532129
    ]
  },
  {
    "timeStamp": 49146,
    "rotation": [
      [
        -0.3101415,
        0.234644428,
        -0.9212786
      ],
      [
        0.457795829,
        0.8861704,
        0.07158904
      ],
      [
        0.8332078,
        -0.399554759,
        -0.382257462
      ]
    ],
    "translation": [
      2.17252183,
      1.08366311,
      -0.6480869
    ]
  },
  {
    "timeStamp": 49190,
    "rotation": [
      [
        -0.28043744,
        0.2681832,
        -0.9216467
      ],
      [
        0.402319074,
        0.904606342,
        0.140807644
      ],
      [
        0.8714897,
        -0.3313083,
        -0.3615807
      ]
    ],
    "translation": [
      2.17654848,
      1.06334686,
      -0.6476525
    ]
  },
  {
    "timeStamp": 49246,
    "rotation": [
      [
        -0.2814253,
        0.2657395,
        -0.922053337
      ],
      [
        0.319131285,
        0.932112634,
        0.171234682
      ],
      [
        0.904961348,
        -0.246066287,
        -0.347125858
      ]
    ],
    "translation": [
      2.18164158,
      1.039563,
      -0.6512338
    ]
  },
  {
    "timeStamp": 49290,
    "rotation": [
      [
        -0.2790556,
        0.286353022,
        -0.916586041
      ],
      [
        0.3036949,
        0.9318292,
        0.19865495
      ],
      [
        0.910987,
        -0.222926721,
        -0.3469961
      ]
    ],
    "translation": [
      2.17972279,
      1.02827334,
      -0.649732232
    ]
  },
  {
    "timeStamp": 49345,
    "rotation": [
      [
        -0.277488321,
        0.303655475,
        -0.911478758
      ],
      [
        0.2626787,
        0.9365658,
        0.232043862
      ],
      [
        0.924121261,
        -0.175036609,
        -0.3396499
      ]
    ],
    "translation": [
      2.17509031,
      1.01644123,
      -0.653254
    ]
  },
  {
    "timeStamp": 49391,
    "rotation": [
      [
        -0.2536513,
        0.304869235,
        -0.9179955
      ],
      [
        0.249127567,
        0.93760705,
        0.242545873
      ],
      [
        0.934663832,
        -0.167175919,
        -0.313776553
      ]
    ],
    "translation": [
      2.174141,
      1.00904262,
      -0.653284669
    ]
  },
  {
    "timeStamp": 49437,
    "rotation": [
      [
        -0.2513604,
        0.2927701,
        -0.922552764
      ],
      [
        0.223903373,
        0.944889545,
        0.238853514
      ],
      [
        0.9416396,
        -0.14652437,
        -0.303060025
      ]
    ],
    "translation": [
      2.17389,
      0.999597549,
      -0.654074132
    ]
  },
  {
    "timeStamp": 49494,
    "rotation": [
      [
        -0.228108287,
        0.297002852,
        -0.927230239
      ],
      [
        0.1950405,
        0.9469732,
        0.255344778
      ],
      [
        0.953900337,
        -0.122601189,
        -0.27394
      ]
    ],
    "translation": [
      2.17177844,
      0.9880686,
      -0.6538537
    ]
  },
  {
    "timeStamp": 49539,
    "rotation": [
      [
        -0.2169171,
        0.280368179,
        -0.9350619
      ],
      [
        0.164540738,
        0.954664767,
        0.2480755
      ],
      [
        0.9622231,
        -0.100043952,
        -0.253215134
      ]
    ],
    "translation": [
      2.17186618,
      0.977844238,
      -0.6546364
    ]
  },
  {
    "timeStamp": 49595,
    "rotation": [
      [
        -0.238589272,
        0.229302511,
        -0.9436607
      ],
      [
        0.1319996,
        0.970362544,
        0.202416912
      ],
      [
        0.9621077,
        -0.07626833,
        -0.261785924
      ]
    ],
    "translation": [
      2.174718,
      0.966830134,
      -0.653707445
    ]
  },
  {
    "timeStamp": 49639,
    "rotation": [
      [
        -0.219062164,
        0.222652122,
        -0.949967265
      ],
      [
        0.109447964,
        0.973078132,
        0.202830166
      ],
      [
        0.9695529,
        -0.059539564,
        -0.237533435
      ]
    ],
    "translation": [
      2.17414117,
      0.95945555,
      -0.6543533
    ]
  },
  {
    "timeStamp": 49695,
    "rotation": [
      [
        -0.2372994,
        0.188423738,
        -0.9529877
      ],
      [
        0.08041864,
        0.98145175,
        0.174026921
      ],
      [
        0.9681022,
        -0.0353414863,
        -0.248050675
      ]
    ],
    "translation": [
      2.1740787,
      0.9506505,
      -0.6556799
    ]
  },
  {
    "timeStamp": 49739,
    "rotation": [
      [
        -0.258308,
        0.15740329,
        -0.9531533
      ],
      [
        0.0629876,
        0.9872819,
        0.145969391
      ],
      [
        0.9640071,
        -0.0223317817,
        -0.264937252
      ]
    ],
    "translation": [
      2.17560554,
      0.943116069,
      -0.656274438
    ]
  },
  {
    "timeStamp": 49795,
    "rotation": [
      [
        -0.252987027,
        0.1445802,
        -0.9566055
      ],
      [
        0.061481148,
        0.989174545,
        0.133243144
      ],
      [
        0.9655141,
        -0.0251044165,
        -0.2591373
      ]
    ],
    "translation": [
      2.17534113,
      0.9353648,
      -0.655973732
    ]
  },
  {
    "timeStamp": 49839,
    "rotation": [
      [
        -0.263955832,
        0.140846148,
        -0.954195857
      ],
      [
        0.05094471,
        0.9899359,
        0.132028982
      ],
      [
        0.963188469,
        -0.0137614086,
        -0.2684747
      ]
    ],
    "translation": [
      2.17572832,
      0.928487,
      -0.6572816
    ]
  },
  {
    "timeStamp": 49894,
    "rotation": [
      [
        -0.2581162,
        0.1311538,
        -0.9571701
      ],
      [
        0.07271245,
        0.99056983,
        0.116122238
      ],
      [
        0.9633737,
        -0.0396251567,
        -0.265218616
      ]
    ],
    "translation": [
      2.177474,
      0.9231068,
      -0.6552287
    ]
  },
  {
    "timeStamp": 49939,
    "rotation": [
      [
        -0.290594667,
        0.11362233,
        -0.950076163
      ],
      [
        0.05107829,
        0.993350863,
        0.103174642
      ],
      [
        0.955481946,
        -0.0185462665,
        -0.294466078
      ]
    ],
    "translation": [
      2.177391,
      0.918238342,
      -0.6551212
    ]
  },
  {
    "timeStamp": 49995,
    "rotation": [
      [
        -0.283161879,
        0.12690489,
        -0.950639
      ],
      [
        0.0379629955,
        0.991913259,
        0.121106938
      ],
      [
        0.9583205,
        -0.00179623568,
        -0.2856897
      ]
    ],
    "translation": [
      2.176567,
      0.915004134,
      -0.6563584
    ]
  },
  {
    "timeStamp": 50039,
    "rotation": [
      [
        -0.313131332,
        0.125237048,
        -0.9414162
      ],
      [
        0.0427380763,
        0.99212116,
        0.117766932
      ],
      [
        0.9487477,
        -0.00335780135,
        -0.3160166
      ]
    ],
    "translation": [
      2.17743087,
      0.9145156,
      -0.6563032
    ]
  },
  {
    "timeStamp": 50095,
    "rotation": [
      [
        -0.317945123,
        0.109980807,
        -0.9417086
      ],
      [
        0.0901581,
        0.992255449,
        0.08544439
      ],
      [
        0.9438127,
        -0.0577360354,
        -0.325398415
      ]
    ],
    "translation": [
      2.17683315,
      0.912925661,
      -0.658377
    ]
  }
]