[
  {
    "timeStamp": 87600,
    "rotation": [
      [
        0.9955512,
        -0.0941531062,
        0.00359773054
      ],
      [
        -0.004708241,
        -0.0115752509,
        0.9999219
      ],
      [
        -0.09410411,
        -0.995490432,
        -0.0119670508
      ]
    ],
    "translation": [
      1.77384925,
      0.851374865,
      -0.6242754
    ]
  },
  {
    "timeStamp": 87656,
    "rotation": [
      [
        0.995014966,
        -0.09734031,
        0.0216800962
      ],
      [
        -0.02185553,
        -0.00073625677,
        0.999760866
      ],
      [
        -0.09730107,
        -0.9952509,
        -0.0028600106
      ]
    ],
    "translation": [
      1.77389789,
      0.851507664,
      -0.62429285
    ]
  },
  {
    "timeStamp": 87700,
    "rotation": [
      [
        0.9953332,
        -0.09487985,
        0.0175993945
      ],
      [
        -0.0181216523,
        -0.00464552967,
        0.999825
      ],
      [
        -0.0947814956,
        -0.9954779,
        -0.00634322967
      ]
    ],
    "translation": [
      1.77372718,
      0.851279,
      -0.6245433
    ]
  },
  {
    "timeStamp": 87755,
    "rotation": [
      [
        0.99559164,
        -0.0924166963,
        0.0160141736
      ],
      [
        -0.0171407573,
        -0.01140939,
        0.999788
      ],
      [
        -0.09221439,
        -0.99565506,
        -0.0129431859
      ]
    ],
    "translation": [
      1.773723,
      0.8512491,
      -0.624542654
    ]
  },
  {
    "timeStamp": 87800,
    "rotation": [
      [
        0.99340266,
        -0.104786545,
        0.0465935133
      ],
      [
        -0.0438196547,
        0.0286209639,
        0.9986294
      ],
      [
        -0.105976485,
        -0.9940828,
        0.0238404311
      ]
    ],
    "translation": [
      1.77503991,
      0.8532943,
      -0.6268464
    ]
  },
  {
    "timeStamp": 87850,
    "rotation": [
      [
        0.981634736,
        -0.135725737,
        0.134058967
      ],
      [
        -0.124598831,
        0.07598491,
        0.9892934
      ],
      [
        -0.144459024,
        -0.9878284,
        0.05767816
      ]
    ],
    "translation": [
      1.77526033,
      0.8601689,
      -0.6282476
    ]
  },
  {
    "timeStamp": 87906,
    "rotation": [
      [
        0.976756632,
        -0.157055169,
        0.145877585
      ],
      [
        -0.140273392,
        0.046255134,
        0.9890318
      ],
      [
        -0.162080139,
        -0.986506045,
        0.0231493451
      ]
    ],
    "translation": [
      1.784755,
      0.873009,
      -0.624896169
    ]
  },
  {
    "timeStamp": 87951,
    "rotation": [
      [
        0.977046,
        -0.161573529,
        0.138834819
      ],
      [
        -0.139004409,
        0.0103099942,
        0.9902381
      ],
      [
        -0.161427647,
        -0.9868068,
        -0.0123860957
      ]
    ],
    "translation": [
      1.79313421,
      0.8880335,
      -0.62275517
    ]
  },
  {
    "timeStamp": 88005,
    "rotation": [
      [
        0.96905905,
        -0.16925174,
        0.179661766
      ],
      [
        -0.18785052,
        -0.0335468277,
        0.981624544
      ],
      [
        -0.160114571,
        -0.985001743,
        -0.064302884
      ]
    ],
    "translation": [
      1.802313,
      0.9108754,
      -0.6191142
    ]
  },
  {
    "timeStamp": 88050,
    "rotation": [
      [
        0.97776866,
        -0.15994367,
        0.135596633
      ],
      [
        -0.1490855,
        -0.07553715,
        0.9859349
      ],
      [
        -0.147451475,
        -0.98423177,
        -0.097703144
      ]
    ],
    "translation": [
      1.8144424,
      0.92574966,
      -0.6172718
    ]
  },
  {
    "timeStamp": 88105,
    "rotation": [
      [
        0.9741176,
        -0.173744589,
        0.14459531
      ],
      [
        -0.164143637,
        -0.10391555,
        0.980947733
      ],
      [
        -0.155408666,
        -0.9792928,
        -0.129745036
      ]
    ],
    "translation": [
      1.83031487,
      0.945287645,
      -0.6164707
    ]
  },
  {
    "timeStamp": 88150,
    "rotation": [
      [
        0.972172856,
        -0.184289411,
        0.144628316
      ],
      [
        -0.166856736,
        -0.111376494,
        0.9796704
      ],
      [
        -0.164434686,
        -0.9765412,
        -0.139027134
      ]
    ],
    "translation": [
      1.84417152,
      0.960537434,
      -0.6180801
    ]
  },
  {
    "timeStamp": 88205,
    "rotation": [
      [
        0.973185956,
        -0.182314888,
        0.14025116
      ],
      [
        -0.169038966,
        -0.15334332,
        0.97360754
      ],
      [
        -0.155996576,
        -0.9712091,
        -0.180049881
      ]
    ],
    "translation": [
      1.863526,
      0.985497,
      -0.61812824
    ]
  },
  {
    "timeStamp": 88250,
    "rotation": [
      [
        0.9743383,
        -0.182853058,
        0.131261826
      ],
      [
        -0.162715748,
        -0.169246629,
        0.972048938
      ],
      [
        -0.155526489,
        -0.9684629,
        -0.194656536
      ]
    ],
    "translation": [
      1.88276851,
      1.00523758,
      -0.62057215
    ]
  },
  {
    "timeStamp": 88307,
    "rotation": [
      [
        0.9754894,
        -0.1886615,
        0.113257661
      ],
      [
        -0.149740919,
        -0.191991672,
        0.9699056
      ],
      [
        -0.161239341,
        -0.9630919,
        -0.215536192
      ]
    ],
    "translation": [
      1.91012084,
      1.031648,
      -0.6236288
    ]
  },
  {
    "timeStamp": 88352,
    "rotation": [
      [
        0.97956866,
        -0.1841505,
        0.08083212
      ],
      [
        -0.119679406,
        -0.210763618,
        0.970183253
      ],
      [
        -0.161623269,
        -0.960035,
        -0.228496462
      ]
    ],
    "translation": [
      1.93435717,
      1.05368328,
      -0.627399
    ]
  },
  {
    "timeStamp": 88399,
    "rotation": [
      [
        0.982738853,
        -0.175800264,
        0.0576079562
      ],
      [
        -0.09821405,
        -0.231896922,
        0.9677695
      ],
      [
        -0.156775013,
        -0.9567226,
        -0.245160162
      ]
    ],
    "translation": [
      1.95819128,
      1.07424343,
      -0.630490363
    ]
  },
  {
    "timeStamp": 88455,
    "rotation": [
      [
        0.9832064,
        -0.174801975,
        0.0524355881
      ],
      [
        -0.09330842,
        -0.23457554,
        0.967609346
      ],
      [
        -0.156839922,
        -0.956252337,
        -0.246946648
      ]
    ],
    "translation": [
      1.98744786,
      1.09758711,
      -0.636043131
    ]
  },
  {
    "timeStamp": 88499,
    "rotation": [
      [
        0.9858392,
        -0.166306868,
        0.0215202626
      ],
      [
        -0.06149579,
        -0.239142686,
        0.9690351
      ],
      [
        -0.156010762,
        -0.9566362,
        -0.245983422
      ]
    ],
    "translation": [
      2.01303959,
      1.1123265,
      -0.6397009
    ]
  },
  {
    "timeStamp": 88555,
    "rotation": [
      [
        0.9875148,
        -0.151865572,
        -0.04184875
      ],
      [
        0.0053729224,
        -0.233035758,
        0.9724533
      ],
      [
        -0.157434449,
        -0.9605369,
        -0.229310319
      ]
    ],
    "translation": [
      2.047392,
      1.12425315,
      -0.6428241
    ]
  },
  {
    "timeStamp": 88599,
    "rotation": [
      [
        0.984251559,
        -0.1514442,
        -0.09117867
      ],
      [
        0.0553123131,
        -0.226050481,
        0.972543955
      ],
      [
        -0.16789712,
        -0.9622712,
        -0.214113817
      ]
    ],
    "translation": [
      2.07574654,
      1.12774336,
      -0.6438
    ]
  },
  {
    "timeStamp": 88654,
    "rotation": [
      [
        0.98083,
        -0.142359778,
        -0.133064434
      ],
      [
        0.105972506,
        -0.183372319,
        0.9773149
      ],
      [
        -0.163530678,
        -0.9726809,
        -0.164770842
      ]
    ],
    "translation": [
      2.10673046,
      1.12514877,
      -0.6458653
    ]
  },
  {
    "timeStamp": 88705,
    "rotation": [
      [
        0.9771872,
        -0.143586069,
        -0.156487256
      ],
      [
        0.136841178,
        -0.137814388,
        0.9809596
      ],
      [
        -0.1624183,
        -0.9799951,
        -0.115021974
      ]
    ],
    "translation": [
      2.132563,
      1.11944258,
      -0.6471882
    ]
  },
  {
    "timeStamp": 88749,
    "rotation": [
      [
        0.982456863,
        -0.121804416,
        -0.1412169
      ],
      [
        0.133182928,
        -0.07179305,
        0.9884878
      ],
      [
        -0.130540565,
        -0.9899543,
        -0.0543113053
      ]
    ],
    "translation": [
      2.14630413,
      1.1092751,
      -0.648968637
    ]
  },
  {
    "timeStamp": 88805,
    "rotation": [
      [
        0.9784051,
        -0.105948985,
        -0.177477792
      ],
      [
        0.17635721,
        -0.0199289322,
        0.9841245
      ],
      [
        -0.107803933,
        -0.994171858,
        -0.00081370183
      ]
    ],
    "translation": [
      2.16536164,
      1.09604132,
      -0.6482385
    ]
  },
  {
    "timeStamp": 88850,
    "rotation": [
      [
        0.9779753,
        -0.09097761,
        -0.187849134
      ],
      [
        0.191362143,
        0.0314888023,
        0.981014252
      ],
      [
        -0.08333518,
        -0.99535495,
        0.04820494
      ]
    ],
    "translation": [
      2.17797256,
      1.08325148,
      -0.648188353
    ]
  },
  {
    "timeStamp": 88905,
    "rotation": [
      [
        0.9825219,
        -0.0704449639,
        -0.172302842
      ],
      [
        0.178315282,
        0.09051099,
        0.9798017
      ],
      [
        -0.0534267835,
        -0.9934009,
        0.101490438
      ]
    ],
    "translation": [
      2.18791747,
      1.06796229,
      -0.648258448
    ]
  },
  {
    "timeStamp": 88950,
    "rotation": [
      [
        0.977546,
        -0.03633081,
        -0.207566753
      ],
      [
        0.210573375,
        0.131395653,
        0.9687074
      ],
      [
        -0.00792054,
        -0.990664065,
        0.136095583
      ]
    ],
    "translation": [
      2.19430447,
      1.05616426,
      -0.649554
    ]
  },
  {
    "timeStamp": 89005,
    "rotation": [
      [
        0.9778467,
        -0.0245141238,
        -0.207882032
      ],
      [
        0.209139869,
        0.15588741,
        0.965380549
      ],
      [
        0.008740747,
        -0.987470567,
        0.15756087
      ]
    ],
    "translation": [
      2.2003715,
      1.04521918,
      -0.6475216
    ]
  },
  {
    "timeStamp": 89050,
    "rotation": [
      [
        0.971474,
        -0.0124843661,
        -0.236817211
      ],
      [
        0.23525238,
        0.176681578,
        0.9557405
      ],
      [
        0.0299094319,
        -0.984188855,
        0.174578533
      ]
    ],
    "translation": [
      2.206305,
      1.03640425,
      -0.6461537
    ]
  },
  {
    "timeStamp": 89107,
    "rotation": [
      [
        0.965224147,
        0.01468752,
        -0.261010766
      ],
      [
        0.252460539,
        0.206828237,
        0.9452438
      ],
      [
        0.06786767,
        -0.978267,
        0.1959276
      ]
    ],
    "translation": [
      2.21161437,
      1.0245775,
      -0.6433958
    ]
  },
  {
    "timeStamp": 89153,
    "rotation": [
      [
        0.965119541,
        0.0194824785,
        -0.261083782
      ],
      [
        0.250670016,
        0.219031364,
        0.9429686
      ],
      [
        0.0755569041,
        -0.9755233,
        0.206507787
      ]
    ],
    "translation": [
      2.21606016,
      1.01568723,
      -0.639939368
    ]
  },
  {
    "timeStamp": 89198,
    "rotation": [
      [
        0.959781051,
        0.0396228433,
        -0.277939618
      ],
      [
        0.261950076,
        0.229791775,
        0.9373249
      ],
      [
        0.101007693,
        -0.9724329,
        0.210170567
      ]
    ],
    "translation": [
      2.220466,
      1.00721514,
      -0.635852456
    ]
  },
  {
    "timeStamp": 89255,
    "rotation": [
      [
        0.948686,
        0.05825906,
        -0.310806721
      ],
      [
        0.286889374,
        0.2548284,
        0.923448443
      ],
      [
        0.1330016,
        -0.9652297,
        0.225038216
      ]
    ],
    "translation": [
      2.22559786,
      0.9966247,
      -0.6317211
    ]
  },
  {
    "timeStamp": 89299,
    "rotation": [
      [
        0.9417107,
        0.06254409,
        -0.3305588
      ],
      [
        0.303738624,
        0.264406323,
        0.9153317
      ],
      [
        0.144650429,
        -0.9623812,
        0.2299972
      ]
    ],
    "translation": [
      2.22956228,
      0.9893321,
      -0.6269581
    ]
  },
  {
    "timeStamp": 89354,
    "rotation": [
      [
        0.9285566,
        0.08061404,
        -0.362331361
      ],
      [
        0.329644024,
        0.269643933,
        0.9047801
      ],
      [
        0.170638412,
        -0.9595799,
        0.223805726
      ]
    ],
    "translation": [
      2.23513746,
      0.981934547,
      -0.6196367
    ]
  },
  {
    "timeStamp": 89399,
    "rotation": [
      [
        0.934102,
        0.0772739351,
        -0.348543
      ],
      [
        0.316435516,
        0.272814423,
        0.908537745
      ],
      [
        0.165293857,
        -0.9589583,
        0.23038429
      ]
    ],
    "translation": [
      2.23787928,
      0.9762833,
      -0.6146139
    ]
  },
  {
    "timeStamp": 89455,
    "rotation": [
      [
        0.935422242,
        0.07821844,
        -0.344770938
      ],
      [
        0.3126877,
        0.271989167,
        0.910081446
      ],
      [
        0.164959133,
        -0.9591161,
        0.229966789
      ]
    ],
    "translation": [
      2.24171281,
      0.9716673,
      -0.6081963
    ]
  },
  {
    "timeStamp": 89499,
    "rotation": [
      [
        0.92218107,
        0.08901645,
        -0.376375
      ],
      [
        0.339834,
        0.2781095,
        0.8984253
      ],
      [
        0.184648082,
        -0.956415832,
        0.22621648
      ]
    ],
    "translation": [
      2.24622059,
      0.967721641,
      -0.604914367
    ]
  },
  {
    "timeStamp": 89554,
    "rotation": [
      [
        0.9348075,
        0.109730065,
        -0.337778568
      ],
      [
        0.3063171,
        0.23221074,
        0.923172832
      ],
      [
        0.1797356,
        -0.9664562,
        0.183460146
      ]
    ],
    "translation": [
      2.24741817,
      0.965562,
      -0.599953353
    ]
  },
  {
    "timeStamp": 89599,
    "rotation": [
      [
        0.9494176,
        0.112104043,
        -0.293323785
      ],
      [
        0.264402449,
        0.218533352,
        0.939326644
      ],
      [
        0.169403315,
        -0.969368756,
        0.177838847
      ]
    ],
    "translation": [
      2.24888062,
      0.9649721,
      -0.5973476
    ]
  },
  {
    "timeStamp": 89654,
    "rotation": [
      [
        0.953503549,
        0.124067426,
        -0.274660319
      ],
      [
        0.2450412,
        0.211420432,
        0.9461798
      ],
      [
        0.175458878,
        -0.9694889,
        0.1711885
      ]
    ],
    "translation": [
      2.25023985,
      0.965493,
      -0.5960635
    ]
  },
  {
    "timeStamp": 89699,
    "rotation": [
      [
        0.9562615,
        0.129322246,
        -0.2623732
      ],
      [
        0.232488,
        0.208330676,
        0.9500251
      ],
      [
        0.177519768,
        -0.969471037,
        0.169152737
      ]
    ],
    "translation": [
      2.25051141,
      0.9654618,
      -0.5961281
    ]
  }
]