[
  {
    "timeStamp": 0,
    "rotation": [
      [
        0.9871896,
        0.0162657,
        -0.158720121
      ],
      [
        -0.08946668,
        0.8801117,
        -0.466260672
      ],
      [
        0.132107377,
        0.474487841,
        0.8702924
      ]
    ],
    "translation": [
      1.39931178,
      1.54313087,
      -1.12035215
    ]
  },
  {
    "timeStamp": 13,
    "rotation": [
      [
        0.9872223,
        0.0160214119,
        -0.158541262
      ],
      [
        -0.08915795,
        0.880157053,
        -0.4662342
      ],
      [
        0.1320715,
        0.474412024,
        0.870339155
      ]
    ],
    "translation": [
      1.39924753,
      1.5431459,
      -1.12040758
    ]
  },
  {
    "timeStamp": 15,
    "rotation": [
      [
        0.98702985,
        0.0150643066,
        -0.159828439
      ],
      [
        -0.08900247,
        0.8799236,
        -0.4667045
      ],
      [
        0.13360624,
        0.4748764,
        0.8698516
      ]
    ],
    "translation": [
      1.39913416,
      1.54309607,
      -1.12062669
    ]
  },
  {
    "timeStamp": 59,
    "rotation": [
      [
        0.984802544,
        0.006517566,
        -0.173555031
      ],
      [
        -0.0881849,
        0.87966156,
        -0.467353016
      ],
      [
        0.1496237,
        0.4755554,
        0.8668678
      ]
    ],
    "translation": [
      1.39782643,
      1.543505,
      -1.12323308
    ]
  },
  {
    "timeStamp": 113,
    "rotation": [
      [
        0.984441161,
        0.007355115,
        -0.175560445
      ],
      [
        -0.08981367,
        0.8798099,
        -0.466763347
      ],
      [
        0.151026711,
        0.475268781,
        0.8667817
      ]
    ],
    "translation": [
      1.39772308,
      1.54364991,
      -1.12428308
    ]
  },
  {
    "timeStamp": 157,
    "rotation": [
      [
        0.984011233,
        0.008619,
        -0.177897781
      ],
      [
        -0.09209737,
        0.8795504,
        -0.466807365
      ],
      [
        0.152446672,
        0.4757276,
        0.8662813
      ]
    ],
    "translation": [
      1.39771569,
      1.54376006,
      -1.12489247
    ]
  },
  {
    "timeStamp": 213,
    "rotation": [
      [
        0.98395437,
        0.00710286759,
        -0.178278953
      ],
      [
        -0.09163623,
        0.877469242,
        -0.470797718
      ],
      [
        0.153090283,
        0.479580283,
        0.8640406
      ]
    ],
    "translation": [
      1.39757359,
      1.54357767,
      -1.12537169
    ]
  },
  {
    "timeStamp": 346,
    "rotation": [
      [
        0.984047234,
        0.00675370265,
        -0.177779466
      ],
      [
        -0.0910527557,
        0.8776056,
        -0.4706568
      ],
      [
        0.152841583,
        0.479335845,
        0.864220262
      ]
    ],
    "translation": [
      1.39735889,
      1.5433023,
      -1.12592959
    ]
  },
  {
    "timeStamp": 348,
    "rotation": [
      [
        0.9840856,
        0.006379523,
        -0.177580282
      ],
      [
        -0.09076447,
        0.8771985,
        -0.4714707
      ],
      [
        0.1527654,
        0.480085552,
        0.863817453
      ]
    ],
    "translation": [
      1.3973999,
      1.54323983,
      -1.12612319
    ]
  },
  {
    "timeStamp": 390,
    "rotation": [
      [
        0.986248851,
        0.00487624854,
        -0.165195465
      ],
      [
        -0.08677275,
        0.865982831,
        -0.492487878
      ],
      [
        0.140654936,
        0.500050068,
        0.8544976
      ]
    ],
    "translation": [
      1.39880228,
      1.53998613,
      -1.12905312
    ]
  },
  {
    "timeStamp": 447,
    "rotation": [
      [
        0.987310052,
        0.00434869,
        -0.1587451
      ],
      [
        -0.08453545,
        0.86061573,
        -0.502189636
      ],
      [
        0.134434655,
        0.509236455,
        0.850062132
      ]
    ],
    "translation": [
      1.39913177,
      1.539011,
      -1.13100839
    ]
  },
  {
    "timeStamp": 490,
    "rotation": [
      [
        0.9881557,
        0.00697315857,
        -0.153296232
      ],
      [
        -0.08617744,
        0.851783,
        -0.5167584
      ],
      [
        0.126971677,
        0.5238484,
        0.84229517
      ]
    ],
    "translation": [
      1.399742,
      1.53763723,
      -1.13410437
    ]
  },
  {
    "timeStamp": 546,
    "rotation": [
      [
        0.989521861,
        0.0105437562,
        -0.143997967
      ],
      [
        -0.08871667,
        0.83124876,
        -0.5487758
      ],
      [
        0.113911971,
        0.5558007,
        0.823474169
      ]
    ],
    "translation": [
      1.400251,
      1.53518891,
      -1.140656
    ]
  },
  {
    "timeStamp": 591,
    "rotation": [
      [
        0.9904343,
        0.0115598412,
        -0.137500376
      ],
      [
        -0.08593119,
        0.8313389,
        -0.549082458
      ],
      [
        0.1079621,
        0.555645645,
        0.8243798
      ]
    ],
    "translation": [
      1.40128767,
      1.53529072,
      -1.14279032
    ]
  },
  {
    "timeStamp": 646,
    "rotation": [
      [
        0.9920759,
        0.0123670958,
        -0.125029564
      ],
      [
        -0.0764765441,
        0.848990738,
        -0.522844255
      ],
      [
        0.09968287,
        0.528263032,
        0.8432091
      ]
    ],
    "translation": [
      1.40225661,
      1.53789616,
      -1.1431179
    ]
  },
  {
    "timeStamp": 690,
    "rotation": [
      [
        0.9940736,
        0.0112028066,
        -0.108130187
      ],
      [
        -0.0653964952,
        0.8561908,
        -0.512504339
      ],
      [
        0.08683858,
        0.5165384,
        0.8518493
      ]
    ],
    "translation": [
      1.40414107,
      1.53929341,
      -1.14448118
    ]
  },
  {
    "timeStamp": 747,
    "rotation": [
      [
        0.996623,
        0.0215829443,
        -0.0792268
      ],
      [
        -0.059436284,
        0.8553307,
        -0.514661849
      ],
      [
        0.05665719,
        0.5176328,
        0.853724957
      ]
    ],
    "translation": [
      1.406289,
      1.53899777,
      -1.14740217
    ]
  },
  {
    "timeStamp": 792,
    "rotation": [
      [
        0.9983491,
        0.0305452272,
        -0.04864347
      ],
      [
        -0.0513855666,
        0.853375554,
        -0.5187578
      ],
      [
        0.0256655738,
        0.520400941,
        0.853536248
      ]
    ],
    "translation": [
      1.4093616,
      1.53835344,
      -1.14938843
    ]
  },
  {
    "timeStamp": 837,
    "rotation": [
      [
        0.9989513,
        0.0415427424,
        -0.0192462429
      ],
      [
        -0.045506373,
        0.8546361,
        -0.517229438
      ],
      [
        -0.00503859669,
        0.517562866,
        0.855630338
      ]
    ],
    "translation": [
      1.41191792,
      1.53843391,
      -1.15060711
    ]
  },
  {
    "timeStamp": 895,
    "rotation": [
      [
        0.99824506,
        0.05625833,
        0.0184883382
      ],
      [
        -0.03880884,
        0.857317269,
        -0.513323545
      ],
      [
        -0.044729095,
        0.51170516,
        0.857996
      ]
    ],
    "translation": [
      1.415667,
      1.538656,
      -1.15173316
    ]
  },
  {
    "timeStamp": 939,
    "rotation": [
      [
        0.996700346,
        0.06398537,
        0.04994227
      ],
      [
        -0.02963161,
        0.8596536,
        -0.5100173
      ],
      [
        -0.0755666941,
        0.506854534,
        0.8587131
      ]
    ],
    "translation": [
      1.41887665,
      1.53877532,
      -1.15241289
    ]
  },
  {
    "timeStamp": 996,
    "rotation": [
      [
        0.993186355,
        0.0798396543,
        0.0848916
      ],
      [
        -0.0249598157,
        0.8572796,
        -0.514245868
      ],
      [
        -0.113833047,
        0.508623064,
        0.8534311
      ]
    ],
    "translation": [
      1.42271876,
      1.53783131,
      -1.15323424
    ]
  },
  {
    "timeStamp": 1039,
    "rotation": [
      [
        0.9897552,
        0.09186782,
        0.109292738
      ],
      [
        -0.0219127852,
        0.854164958,
        -0.51954025
      ],
      [
        -0.141083047,
        0.51182276,
        0.8474273
      ]
    ],
    "translation": [
      1.42525053,
      1.536582,
      -1.15348327
    ]
  },
  {
    "timeStamp": 1095,
    "rotation": [
      [
        0.98595655,
        0.106109157,
        0.128959134
      ],
      [
        -0.0216293465,
        0.8468335,
        -0.531417966
      ],
      [
        -0.165595233,
        0.5211657,
        0.837236166
      ]
    ],
    "translation": [
      1.4275924,
      1.53439951,
      -1.15399349
    ]
  },
  {
    "timeStamp": 1139,
    "rotation": [
      [
        0.9830384,
        0.11702548,
        0.141210809
      ],
      [
        -0.0221678223,
        0.840135455,
        -0.541923344
      ],
      [
        -0.182055056,
        0.529601157,
        0.828479648
      ]
    ],
    "translation": [
      1.42906058,
      1.5325942,
      -1.15401566
    ]
  },
  {
    "timeStamp": 1195,
    "rotation": [
      [
        0.9797598,
        0.12803483,
        0.153876066
      ],
      [
        -0.0223556347,
        0.833877265,
        -0.551497
      ],
      [
        -0.198924586,
        0.53689456,
        0.8198617
      ]
    ],
    "translation": [
      1.43087292,
      1.53105283,
      -1.15347886
    ]
  },
  {
    "timeStamp": 1240,
    "rotation": [
      [
        0.976909041,
        0.13644594,
        0.1644118
      ],
      [
        -0.0224647745,
        0.8308498,
        -0.5560431
      ],
      [
        -0.212471336,
        0.5395101,
        0.8147299
      ]
    ],
    "translation": [
      1.4323957,
      1.53044069,
      -1.15271163
    ]
  },
  {
    "timeStamp": 1295,
    "rotation": [
      [
        0.9724091,
        0.1450796,
        0.182681084
      ],
      [
        -0.0190447941,
        0.8298482,
        -0.5576642
      ],
      [
        -0.232503265,
        0.5387987,
        0.809715
      ]
    ],
    "translation": [
      1.43448472,
      1.530094,
      -1.15154409
    ]
  },
  {
    "timeStamp": 1339,
    "rotation": [
      [
        0.967028439,
        0.155501038,
        0.20168142
      ],
      [
        -0.0180710051,
        0.8318404,
        -0.5547207
      ],
      [
        -0.254026383,
        0.532786131,
        0.8072233
      ]
    ],
    "translation": [
      1.43629789,
      1.53019071,
      -1.150614
    ]
  },
  {
    "timeStamp": 1395,
    "rotation": [
      [
        0.9592009,
        0.165830851,
        0.228983983
      ],
      [
        -0.01284187,
        0.8346361,
        -0.550651968
      ],
      [
        -0.2824334,
        0.5252453,
        0.802713335
      ]
    ],
    "translation": [
      1.4385643,
      1.53087807,
      -1.149927
    ]
  },
  {
    "timeStamp": 1441,
    "rotation": [
      [
        0.9522587,
        0.175507545,
        0.249800652
      ],
      [
        -0.0110135535,
        0.8374514,
        -0.546400845
      ],
      [
        -0.305093378,
        0.51756376,
        0.799403369
      ]
    ],
    "translation": [
      1.44044232,
      1.53133357,
      -1.14930964
    ]
  },
  {
    "timeStamp": 1494,
    "rotation": [
      [
        0.9430915,
        0.18520847,
        0.2761814
      ],
      [
        -0.006566731,
        0.840748549,
        -0.541385949
      ],
      [
        -0.332468361,
        0.5087629,
        0.79411906
      ]
    ],
    "translation": [
      1.44224381,
      1.53191757,
      -1.14854622
    ]
  },
  {
    "timeStamp": 1539,
    "rotation": [
      [
        0.936359644,
        0.191039756,
        0.294507056
      ],
      [
        -0.00455806963,
        0.8454965,
        -0.533961535
      ],
      [
        -0.351012558,
        0.498637646,
        0.7925595
      ]
    ],
    "translation": [
      1.44367945,
      1.53268623,
      -1.14743161
    ]
  },
  {
    "timeStamp": 1594,
    "rotation": [
      [
        0.92504257,
        0.201719239,
        0.321878254
      ],
      [
        -0.00390654756,
        0.8523595,
        -0.522941768
      ],
      [
        -0.379843384,
        0.48248598,
        0.7892568
      ]
    ],
    "translation": [
      1.44531333,
      1.53410077,
      -1.14592147
    ]
  },
  {
    "timeStamp": 1638,
    "rotation": [
      [
        0.9160188,
        0.206061572,
        0.34416306
      ],
      [
        -0.0003420283,
        0.8583733,
        -0.5130255
      ],
      [
        -0.401135236,
        0.4698233,
        0.7863565
      ]
    ],
    "translation": [
      1.44707417,
      1.53503788,
      -1.14439225
    ]
  },
  {
    "timeStamp": 1694,
    "rotation": [
      [
        0.9074136,
        0.207965165,
        0.365172654
      ],
      [
        0.00345879,
        0.865239441,
        -0.501347
      ],
      [
        -0.420224458,
        0.456192166,
        0.7844107
      ]
    ],
    "translation": [
      1.44850242,
      1.53636861,
      -1.14209533
    ]
  },
  {
    "timeStamp": 1738,
    "rotation": [
      [
        0.902158,
        0.212297678,
        0.3755538
      ],
      [
        -0.000127303676,
        0.870665848,
        -0.4918749
      ],
      [
        -0.431405783,
        0.443701059,
        0.7855052
      ]
    ],
    "translation": [
      1.44904709,
      1.53749847,
      -1.14007425
    ]
  },
  {
    "timeStamp": 1794,
    "rotation": [
      [
        0.8971167,
        0.2156403,
        0.385591656
      ],
      [
        -0.004199709,
        0.876909852,
        -0.480636626
      ],
      [
        -0.441773742,
        0.429567754,
        0.787596047
      ]
    ],
    "translation": [
      1.44991517,
      1.53908014,
      -1.13763821
    ]
  },
  {
    "timeStamp": 1838,
    "rotation": [
      [
        0.8913534,
        0.218925118,
        0.396939516
      ],
      [
        -0.00449037831,
        0.8798699,
        -0.47519353
      ],
      [
        -0.453286916,
        0.42178297,
        0.785258055
      ]
    ],
    "translation": [
      1.45073628,
      1.53980184,
      -1.13582444
    ]
  },
  {
    "timeStamp": 1895,
    "rotation": [
      [
        0.88553524,
        0.220333561,
        0.4089992
      ],
      [
        -0.00134546834,
        0.8815909,
        -0.472012222
      ],
      [
        -0.464570165,
        0.417433172,
        0.780976355
      ]
    ],
    "translation": [
      1.45194793,
      1.540086,
      -1.1340133
    ]
  },
  {
    "timeStamp": 1939,
    "rotation": [
      [
        0.882092357,
        0.224595532,
        0.4140893
      ],
      [
        -0.00318387686,
        0.88185,
        -0.4715193
      ],
      [
        -0.4710658,
        0.41460517,
        0.778588235
      ]
    ],
    "translation": [
      1.45266187,
      1.54004717,
      -1.13263226
    ]
  },
  {
    "timeStamp": 1995,
    "rotation": [
      [
        0.8772504,
        0.2277473,
        0.42256707
      ],
      [
        -0.004724044,
        0.8843407,
        -0.466818273
      ],
      [
        -0.480009854,
        0.4075203,
        0.776864052
      ]
    ],
    "translation": [
      1.45370924,
      1.54035234,
      -1.13050461
    ]
  },
  {
    "timeStamp": 2039,
    "rotation": [
      [
        0.873736739,
        0.223811522,
        0.431847841
      ],
      [
        0.0007634312,
        0.8872145,
        -0.4613566
      ],
      [
        -0.486398578,
        0.4034339,
        0.775020957
      ]
    ],
    "translation": [
      1.45482552,
      1.54104125,
      -1.12917089
    ]
  },
  {
    "timeStamp": 2095,
    "rotation": [
      [
        0.87521565,
        0.220769674,
        0.430416375
      ],
      [
        0.00301225483,
        0.8872765,
        -0.461228073
      ],
      [
        -0.483723521,
        0.404970556,
        0.7758933
      ]
    ],
    "translation": [
      1.45509648,
      1.5411396,
      -1.12752056
    ]
  },
  {
    "timeStamp": 2139,
    "rotation": [
      [
        0.878917456,
        0.221135676,
        0.4226146
      ],
      [
        -0.00231474964,
        0.8880001,
        -0.459837466
      ],
      [
        -0.476968259,
        0.403180927,
        0.78099066
      ]
    ],
    "translation": [
      1.45517266,
      1.54118693,
      -1.12576294
    ]
  },
  {
    "timeStamp": 2195,
    "rotation": [
      [
        0.8850524,
        0.223009124,
        0.408594161
      ],
      [
        -0.0128591675,
        0.8891478,
        -0.457439333
      ],
      [
        -0.4653138,
        0.3996036,
        0.7898101
      ]
    ],
    "translation": [
      1.45450473,
      1.54100859,
      -1.1231308
    ]
  },
  {
    "timeStamp": 2239,
    "rotation": [
      [
        0.892312169,
        0.218844563,
        0.394823968
      ],
      [
        -0.0167413112,
        0.89007026,
        -0.4555158
      ],
      [
        -0.451108247,
        0.399852425,
        0.7978843
      ]
    ],
    "translation": [
      1.453604,
      1.54079008,
      -1.12090182
    ]
  },
  {
    "timeStamp": 2295,
    "rotation": [
      [
        0.9034965,
        0.208486423,
        0.374469668
      ],
      [
        -0.017753737,
        0.8911689,
        -0.4533242
      ],
      [
        -0.4282277,
        0.4029286,
        0.808869362
      ]
    ],
    "translation": [
      1.45192719,
      1.5406239,
      -1.11805534
    ]
  },
  {
    "timeStamp": 2339,
    "rotation": [
      [
        0.914550662,
        0.201346278,
        0.3507945
      ],
      [
        -0.0228298921,
        0.891605437,
        -0.452237278
      ],
      [
        -0.403826565,
        0.405585319,
        0.8200151
      ]
    ],
    "translation": [
      1.4493506,
      1.540383,
      -1.11547637
    ]
  },
  {
    "timeStamp": 2395,
    "rotation": [
      [
        0.9298235,
        0.1940274,
        0.31270057
      ],
      [
        -0.0301159751,
        0.8869854,
        -0.4608144
      ],
      [
        -0.36677146,
        0.41905877,
        0.8305832
      ]
    ],
    "translation": [
      1.44509959,
      1.53872633,
      -1.11251283
    ]
  },
  {
    "timeStamp": 2439,
    "rotation": [
      [
        0.9417881,
        0.188281566,
        0.2785414
      ],
      [
        -0.0369656272,
        0.881447434,
        -0.470833182
      ],
      [
        -0.334168822,
        0.433128625,
        0.837096632
      ]
    ],
    "translation": [
      1.44096959,
      1.53673446,
      -1.11022
    ]
  },
  {
    "timeStamp": 2495,
    "rotation": [
      [
        0.9568282,
        0.176381648,
        0.231018
      ],
      [
        -0.04408089,
        0.8736883,
        -0.4844849
      ],
      [
        -0.287291974,
        0.453385353,
        0.843744636
      ]
    ],
    "translation": [
      1.4352349,
      1.53443289,
      -1.10755086
    ]
  },
  {
    "timeStamp": 2539,
    "rotation": [
      [
        0.9687836,
        0.163146019,
        0.186659172
      ],
      [
        -0.0512170345,
        0.868409753,
        -0.493195
      ],
      [
        -0.242559448,
        0.4682391,
        0.849657
      ]
    ],
    "translation": [
      1.429687,
      1.53273058,
      -1.10528088
    ]
  },
  {
    "timeStamp": 2595,
    "rotation": [
      [
        0.9809176,
        0.145002544,
        0.1295187
      ],
      [
        -0.060926903,
        0.8618643,
        -0.503465831
      ],
      [
        -0.184631377,
        0.4859673,
        0.8542524
      ]
    ],
    "translation": [
      1.422242,
      1.5307889,
      -1.10314071
    ]
  },
  {
    "timeStamp": 2639,
    "rotation": [
      [
        0.9874575,
        0.128534943,
        0.09168665
      ],
      [
        -0.06454749,
        0.8586231,
        -0.508527339
      ],
      [
        -0.1440878,
        0.496231019,
        0.8561504
      ]
    ],
    "translation": [
      1.41664839,
      1.52979052,
      -1.10187173
    ]
  },
  {
    "timeStamp": 2695,
    "rotation": [
      [
        0.9921975,
        0.1120263,
        0.0547191128
      ],
      [
        -0.0686760843,
        0.8573915,
        -0.5100622
      ],
      [
        -0.104056083,
        0.5023246,
        0.8583952
      ]
    ],
    "translation": [
      1.41015553,
      1.52903962,
      -1.10038662
    ]
  },
  {
    "timeStamp": 2739,
    "rotation": [
      [
        0.9945096,
        0.09991061,
        0.0311220214
      ],
      [
        -0.06989797,
        0.855554342,
        -0.5129728
      ],
      [
        -0.077878,
        0.507980943,
        0.857840538
      ]
    ],
    "translation": [
      1.40538859,
      1.52859974,
      -1.09984887
    ]
  },
  {
    "timeStamp": 2794,
    "rotation": [
      [
        0.9963982,
        0.08466416,
        0.00475305365
      ],
      [
        -0.07001166,
        0.8529916,
        -0.5172077
      ],
      [
        -0.0478432663,
        0.515012,
        0.8558467
      ]
    ],
    "translation": [
      1.39968646,
      1.52808619,
      -1.099303
    ]
  },
  {
    "timeStamp": 2838,
    "rotation": [
      [
        0.9971834,
        0.07367581,
        -0.01404225
      ],
      [
        -0.07025268,
        0.8519565,
        -0.5188784
      ],
      [
        -0.0262654014,
        0.5184034,
        0.854732752
      ]
    ],
    "translation": [
      1.39537835,
      1.52790689,
      -1.09831047
    ]
  },
  {
    "timeStamp": 2895,
    "rotation": [
      [
        0.997515559,
        0.06304894,
        -0.0314259566
      ],
      [
        -0.0701720342,
        0.84991467,
        -0.5222269
      ],
      [
        -0.00621647062,
        0.5231347,
        0.85222733
      ]
    ],
    "translation": [
      1.39053941,
      1.52754807,
      -1.097074
    ]
  },
  {
    "timeStamp": 2939,
    "rotation": [
      [
        0.997572243,
        0.0551949181,
        -0.04246326
      ],
      [
        -0.06925737,
        0.850085735,
        -0.5220706
      ],
      [
        0.007281768,
        0.523744047,
        0.8518446
      ]
    ],
    "translation": [
      1.387212,
      1.52737069,
      -1.09581482
    ]
  },
  {
    "timeStamp": 2990,
    "rotation": [
      [
        0.9976019,
        0.0472462,
        -0.05057868
      ],
      [
        -0.06676886,
        0.8494161,
        -0.5234828
      ],
      [
        0.0182297733,
        0.525604546,
        0.8505337
      ]
    ],
    "translation": [
      1.38428724,
      1.52710152,
      -1.09489632
    ]
  },
  {
    "timeStamp": 3044,
    "rotation": [
      [
        0.9973553,
        0.03677982,
        -0.062687695
      ],
      [
        -0.06422945,
        0.849687755,
        -0.5233597
      ],
      [
        0.0340158865,
        0.526002,
        0.849802852
      ]
    ],
    "translation": [
      1.38068008,
      1.5266,
      -1.09381831
    ]
  },
  {
    "timeStamp": 3089,
    "rotation": [
      [
        0.9970237,
        0.03534797,
        -0.06851458
      ],
      [
        -0.066152,
        0.8486438,
        -0.524812043
      ],
      [
        0.0395934246,
        0.52778244,
        0.8484563
      ]
    ],
    "translation": [
      1.37939465,
      1.52612019,
      -1.09389591
    ]
  },
  {
    "timeStamp": 3145,
    "rotation": [
      [
        0.996742547,
        0.0424712449,
        -0.06856033
      ],
      [
        -0.07219355,
        0.848807454,
        -0.523749948
      ],
      [
        0.0359502025,
        0.526993454,
        0.8491087
      ]
    ],
    "translation": [
      1.378562,
      1.52605426,
      -1.09435081
    ]
  },
  {
    "timeStamp": 3189,
    "rotation": [
      [
        0.9967076,
        0.0485288873,
        -0.06495227
      ],
      [
        -0.07539861,
        0.8493467,
        -0.522422433
      ],
      [
        0.0298144184,
        0.5255997,
        0.8502094
      ]
    ],
    "translation": [
      1.3785063,
      1.5263207,
      -1.095014
    ]
  },
  {
    "timeStamp": 3245,
    "rotation": [
      [
        0.9969884,
        0.05140047,
        -0.0580693744
      ],
      [
        -0.07408945,
        0.8525131,
        -0.517428458
      ],
      [
        0.0229088347,
        0.520172536,
        0.8537539
      ]
    ],
    "translation": [
      1.37885761,
      1.52681541,
      -1.09572387
    ]
  },
  {
    "timeStamp": 3289,
    "rotation": [
      [
        0.9972267,
        0.0526888631,
        -0.0525612943
      ],
      [
        -0.072345,
        0.8520171,
        -0.518491
      ],
      [
        0.0174644236,
        0.520855665,
        0.8534661
      ]
    ],
    "translation": [
      1.3794601,
      1.52680874,
      -1.09676957
    ]
  },
  {
    "timeStamp": 3345,
    "rotation": [
      [
        0.9973134,
        0.058235798,
        -0.0444360971
      ],
      [
        -0.07286286,
        0.8511494,
        -0.519841969
      ],
      [
        0.00754834758,
        0.5216831,
        0.8531059
      ]
    ],
    "translation": [
      1.380351,
      1.52668142,
      -1.09775352
    ]
  },
  {
    "timeStamp": 3389,
    "rotation": [
      [
        0.997245848,
        0.06410728,
        -0.0372972563
      ],
      [
        -0.07415321,
        0.8519139,
        -0.518405259
      ],
      [
        -0.001459499,
        0.5197432,
        0.854321361
      ]
    ],
    "translation": [
      1.3812052,
      1.52686286,
      -1.09820747
    ]
  },
  {
    "timeStamp": 3445,
    "rotation": [
      [
        0.997198939,
        0.068589896,
        -0.0298273619
      ],
      [
        -0.0741269961,
        0.853143156,
        -0.5163835
      ],
      [
        -0.009971684,
        0.517148137,
        0.8558378
      ]
    ],
    "translation": [
      1.38231444,
      1.52720928,
      -1.098758
    ]
  },
  {
    "timeStamp": 3491,
    "rotation": [
      [
        0.9971654,
        0.0710419,
        -0.0247849822
      ],
      [
        -0.07365204,
        0.8542801,
        -0.5145686
      ],
      [
        -0.0153826168,
        0.5149355,
        0.85709095
      ]
    ],
    "translation": [
      1.38315046,
      1.52752,
      -1.09919667
    ]
  },
  {
    "timeStamp": 3548,
    "rotation": [
      [
        0.9970977,
        0.0734096542,
        -0.0201820433
      ],
      [
        -0.07330352,
        0.8540876,
        -0.5149379
      ],
      [
        -0.02056418,
        0.5149228,
        0.8569899
      ]
    ],
    "translation": [
      1.38388312,
      1.527734,
      -1.099549
    ]
  },
  {
    "timeStamp": 3593,
    "rotation": [
      [
        0.9970091,
        0.07578116,
        -0.0151673928
      ],
      [
        -0.0728000253,
        0.8550207,
        -0.51345855
      ],
      [
        -0.0259420481,
        0.513027,
        0.8579803
      ]
    ],
    "translation": [
      1.38476539,
      1.52825081,
      -1.09958911
    ]
  },
  {
    "timeStamp": 3638,
    "rotation": [
      [
        0.996948659,
        0.0770672038,
        -0.01241165
      ],
      [
        -0.0725832954,
        0.856698751,
        -0.5106848
      ],
      [
        -0.0287240017,
        0.5100274,
        0.859678447
      ]
    ],
    "translation": [
      1.38534451,
      1.5288682,
      -1.09940636
    ]
  },
  {
    "timeStamp": 3694,
    "rotation": [
      [
        0.9969111,
        0.0776721239,
        -0.0116301673
      ],
      [
        -0.07274637,
        0.857403755,
        -0.50947696
      ],
      [
        -0.02960041,
        0.5087493,
        0.860405743
      ]
    ],
    "translation": [
      1.38620532,
      1.52940261,
      -1.09935379
    ]
  },
  {
    "timeStamp": 3738,
    "rotation": [
      [
        0.9967236,
        0.07972269,
        -0.0136552146
      ],
      [
        -0.0756013244,
        0.8582463,
        -0.5076394
      ],
      [
        -0.02875084,
        0.5070085,
        0.861461461
      ]
    ],
    "translation": [
      1.3867892,
      1.52981091,
      -1.09894037
    ]
  },
  {
    "timeStamp": 3794,
    "rotation": [
      [
        0.9963761,
        0.08320564,
        -0.01764489
      ],
      [
        -0.0806104243,
        0.857566833,
        -0.5080167
      ],
      [
        -0.0271381829,
        0.5075981,
        0.8611664
      ]
    ],
    "translation": [
      1.38757062,
      1.52992892,
      -1.09840584
    ]
  },
  {
    "timeStamp": 3838,
    "rotation": [
      [
        0.9964131,
        0.08227536,
        -0.01979168
      ],
      [
        -0.08088081,
        0.8571664,
        -0.5086493
      ],
      [
        -0.0248845425,
        0.5084256,
        0.8607463
      ]
    ],
    "translation": [
      1.38815,
      1.52979779,
      -1.09761441
    ]
  },
  {
    "timeStamp": 3894,
    "rotation": [
      [
        0.9965124,
        0.08097447,
        -0.0201537441
      ],
      [
        -0.07984515,
        0.8551231,
        -0.5122395
      ],
      [
        -0.02424439,
        0.5120622,
        0.85860616
      ]
    ],
    "translation": [
      1.38907719,
      1.52915514,
      -1.09690928
    ]
  },
  {
    "timeStamp": 3938,
    "rotation": [
      [
        0.9966673,
        0.07926752,
        -0.01925894
      ],
      [
        -0.07781088,
        0.8529422,
        -0.5161735
      ],
      [
        -0.0244890247,
        0.5159518,
        0.8562675
      ]
    ],
    "translation": [
      1.38987434,
      1.52865,
      -1.09639239
    ]
  },
  {
    "timeStamp": 3995,
    "rotation": [
      [
        0.9966953,
        0.0794692,
        -0.0168287028
      ],
      [
        -0.07667156,
        0.8519013,
        -0.518059552
      ],
      [
        -0.0268333815,
        0.5176378,
        0.855178952
      ]
    ],
    "translation": [
      1.39094,
      1.5284822,
      -1.09550691
    ]
  },
  {
    "timeStamp": 4038,
    "rotation": [
      [
        0.996704638,
        0.07975928,
        -0.0147737125
      ],
      [
        -0.07578142,
        0.850624144,
        -0.5202843
      ],
      [
        -0.0289306212,
        0.5196893,
        0.8538653
      ]
    ],
    "translation": [
      1.39187741,
      1.52818739,
      -1.09491515
    ]
  },
  {
    "timeStamp": 4094,
    "rotation": [
      [
        0.9967007,
        0.08008186,
        -0.0132113248
      ],
      [
        -0.07507264,
        0.847730756,
        -0.525087357
      ],
      [
        -0.0308503248,
        0.524346769,
        0.8509458
      ]
    ],
    "translation": [
      1.39282048,
      1.52737212,
      -1.09387
    ]
  },
  {
    "timeStamp": 4138,
    "rotation": [
      [
        0.996807158,
        0.0788910761,
        -0.0123151466
      ],
      [
        -0.073460184,
        0.845665157,
        -0.528634131
      ],
      [
        -0.0312900245,
        0.527851,
        0.8487604
      ]
    ],
    "translation": [
      1.393458,
      1.52665949,
      -1.09276223
    ]
  },
  {
    "timeStamp": 4194,
    "rotation": [
      [
        0.9969198,
        0.0777294859,
        -0.0104436791
      ],
      [
        -0.0712050349,
        0.8412276,
        -0.535972059
      ],
      [
        -0.03287532,
        0.5350648,
        0.8441711
      ]
    ],
    "translation": [
      1.3942548,
      1.52542782,
      -1.09186888
    ]
  },
  {
    "timeStamp": 4238,
    "rotation": [
      [
        0.997041166,
        0.07635627,
        -0.00886988547
      ],
      [
        -0.06900955,
        0.8382817,
        -0.5408526
      ],
      [
        -0.0338620245,
        0.5398644,
        0.8410706
      ]
    ],
    "translation": [
      1.39461112,
      1.52497268,
      -1.09110677
    ]
  },
  {
    "timeStamp": 4294,
    "rotation": [
      [
        0.997222841,
        0.0742524341,
        -0.005764989
      ],
      [
        -0.0654021949,
        0.836071134,
        -0.544708669
      ],
      [
        -0.0356260054,
        0.543572962,
        0.8386055
      ]
    ],
    "translation": [
      1.3945272,
      1.52420926,
      -1.08948565
    ]
  },
  {
    "timeStamp": 4338,
    "rotation": [
      [
        0.9973648,
        0.0724711344,
        -0.00337564456
      ],
      [
        -0.0625693,
        0.8356778,
        -0.545644343
      ],
      [
        -0.0367225148,
        0.5444177,
        0.8380101
      ]
    ],
    "translation": [
      1.394045,
      1.523398,
      -1.08722782
    ]
  },
  {
    "timeStamp": 4394,
    "rotation": [
      [
        0.9978227,
        0.0659287348,
        -0.00179447629
      ],
      [
        -0.0561097339,
        0.834284842,
        -0.548471034
      ],
      [
        -0.0346629,
        0.5473775,
        0.8361676
      ]
    ],
    "translation": [
      1.3929323,
      1.522291,
      -1.08315086
    ]
  },
  {
    "timeStamp": 4438,
    "rotation": [
      [
        0.9980937,
        0.0616751462,
        -0.00226373575
      ],
      [
        -0.0526641719,
        0.831997633,
        -0.55227387
      ],
      [
        -0.03217815,
        0.5513403,
        0.833659649
      ]
    ],
    "translation": [
      1.39161384,
      1.52175963,
      -1.07924008
    ]
  },
  {
    "timeStamp": 4493,
    "rotation": [
      [
        0.9981201,
        0.0611377731,
        -0.004284281
      ],
      [
        -0.0533721447,
        0.8327205,
        -0.551115155
      ],
      [
        -0.0301263444,
        0.5503078,
        0.834418237
      ]
    ],
    "translation": [
      1.38954031,
      1.52193689,
      -1.072629
    ]
  },
  {
    "timeStamp": 4538,
    "rotation": [
      [
        0.9982168,
        0.0596042536,
        -0.00323303579
      ],
      [
        -0.0515868925,
        0.834162652,
        -0.5491006
      ],
      [
        -0.0300318524,
        0.5482882,
        0.835750043
      ]
    ],
    "translation": [
      1.38770342,
      1.52188087,
      -1.06577706
    ]
  },
  {
    "timeStamp": 4593,
    "rotation": [
      [
        0.9984276,
        0.0560412146,
        -0.00130404579
      ],
      [
        -0.04750474,
        0.833534241,
        -0.550421655
      ],
      [
        -0.0297593325,
        0.5496181,
        0.834885836
      ]
    ],
    "translation": [
      1.385325,
      1.52135038,
      -1.056762
    ]
  },
  {
    "timeStamp": 4638,
    "rotation": [
      [
        0.9985493,
        0.05384311,
        -0.0005287803
      ],
      [
        -0.0452305339,
        0.83341527,
        -0.5507933
      ],
      [
        -0.02921573,
        0.5500182,
        0.8346415
      ]
    ],
    "translation": [
      1.38311613,
      1.52081156,
      -1.04889107
    ]
  },
  {
    "timeStamp": 4693,
    "rotation": [
      [
        0.9985972,
        0.0529253036,
        -0.00157103187
      ],
      [
        -0.04501432,
        0.8329619,
        -0.5514964
      ],
      [
        -0.0278795045,
        0.550793469,
        0.8341758
      ]
    ],
    "translation": [
      1.38013959,
      1.5195868,
      -1.03904355
    ]
  },
  {
    "timeStamp": 4738,
    "rotation": [
      [
        0.9985766,
        0.0533284768,
        -0.00100019993
      ],
      [
        -0.0449146181,
        0.83061713,
        -0.5550297
      ],
      [
        -0.0287681036,
        0.5542846,
        0.831829965
      ]
    ],
    "translation": [
      1.37814689,
      1.51805353,
      -1.03213668
    ]
  },
  {
    "timeStamp": 4794,
    "rotation": [
      [
        0.9985612,
        0.05362151,
        0.000384297164
      ],
      [
        -0.0442607775,
        0.828245461,
        -0.558614731
      ],
      [
        -0.0302720573,
        0.557794,
        0.8294271
      ]
    ],
    "translation": [
      1.37641525,
      1.51605868,
      -1.023622
    ]
  },
  {
    "timeStamp": 4838,
    "rotation": [
      [
        0.9986178,
        0.05253921,
        0.00146101136
      ],
      [
        -0.04265691,
        0.826397359,
        -0.5614693
      ],
      [
        -0.03070653,
        0.5606309,
        0.827496231
      ]
    ],
    "translation": [
      1.37540615,
      1.51389194,
      -1.01694775
    ]
  },
  {
    "timeStamp": 4893,
    "rotation": [
      [
        0.9987073,
        0.0508286729,
        0.0003638864
      ],
      [
        -0.0417013839,
        0.823421,
        -0.565896451
      ],
      [
        -0.029063398,
        0.5651497,
        0.8244762
      ]
    ],
    "translation": [
      1.37537766,
      1.51097488,
      -1.00881863
    ]
  },
  {
    "timeStamp": 4938,
    "rotation": [
      [
        0.99873966,
        0.0501874238,
        -0.000588804
      ],
      [
        -0.0416314043,
        0.8218065,
        -0.5682437
      ],
      [
        -0.0280348025,
        0.56755203,
        0.8228601
      ]
    ],
    "translation": [
      1.37628222,
      1.50899792,
      -1.002023
    ]
  },
  {
    "timeStamp": 4993,
    "rotation": [
      [
        0.998678267,
        0.0513041876,
        -0.00311403256
      ],
      [
        -0.0439633541,
        0.821254134,
        -0.568866253
      ],
      [
        -0.0266278088,
        0.568251252,
        0.8224241
      ]
    ],
    "translation": [
      1.37817967,
      1.50711656,
      -0.9924696
    ]
  },
  {
    "timeStamp": 5038,
    "rotation": [
      [
        0.998708069,
        0.0507479049,
        -0.002618055
      ],
      [
        -0.0432314724,
        0.8214505,
        -0.568638861
      ],
      [
        -0.0267066285,
        0.5680174,
        0.822583139
      ]
    ],
    "translation": [
      1.37992477,
      1.5054822,
      -0.9846252
    ]
  },
  {
    "timeStamp": 5094,
    "rotation": [
      [
        0.998659432,
        0.0517616645,
        -0.000287310977
      ],
      [
        -0.0427909456,
        0.822435,
        -0.567247331
      ],
      [
        -0.02912537,
        0.5664992,
        0.8235474
      ]
    ],
    "translation": [
      1.38208532,
      1.50216091,
      -0.975288153
    ]
  },
  {
    "timeStamp": 5138,
    "rotation": [
      [
        0.998794734,
        0.0490817465,
        0.000315733254
      ],
      [
        -0.04014002,
        0.8205022,
        -0.5702323
      ],
      [
        -0.0282470547,
        0.569532335,
        0.821483433
      ]
    ],
    "translation": [
      1.38364279,
      1.49866951,
      -0.9686864
    ]
  },
  {
    "timeStamp": 5193,
    "rotation": [
      [
        0.9989859,
        0.0449921265,
        -0.00169060542
      ],
      [
        -0.03782069,
        0.8181976,
        -0.573691845
      ],
      [
        -0.0244283676,
        0.573174,
        0.8190695
      ]
    ],
    "translation": [
      1.385458,
      1.49470258,
      -0.960195243
    ]
  },
  {
    "timeStamp": 5238,
    "rotation": [
      [
        0.998980463,
        0.04494737,
        -0.0042143343
      ],
      [
        -0.0391709767,
        0.816602349,
        -0.57587
      ],
      [
        -0.0224424079,
        0.5754479,
        0.817530453
      ]
    ],
    "translation": [
      1.38666236,
      1.49115014,
      -0.954116762
    ]
  },
  {
    "timeStamp": 5293,
    "rotation": [
      [
        0.9988421,
        0.0472320877,
        -0.009142852
      ],
      [
        -0.04379097,
        0.8139331,
        -0.5793059
      ],
      [
        -0.0199201554,
        0.5790355,
        0.815058947
      ]
    ],
    "translation": [
      1.38781679,
      1.48697281,
      -0.94735986
    ]
  },
  {
    "timeStamp": 5338,
    "rotation": [
