[
  {
    "timeStamp": 87678,
    "rotation": [
      [
        0.9994299,
        0.0265746769,
        -0.0208270513
      ],
      [
        0.0218487866,
        -0.0387549363,
        0.999009848
      ],
      [
        0.0257412083,
        -0.998895347,
        -0.0393134654
      ]
    ],
    "translation": [
      1.76944482,
      0.7006699,
      -0.360374421
    ]
  },
  {
    "timeStamp": 87734,
    "rotation": [
      [
        0.9995098,
        0.0312433522,
        -0.001986176
      ],
      [
        0.002423306,
        -0.0139595009,
        0.9998996
      ],
      [
        0.03121249,
        -0.9994143,
        -0.01402837
      ]
    ],
    "translation": [
      1.769448,
      0.701559663,
      -0.360255152
    ]
  },
  {
    "timeStamp": 87778,
    "rotation": [
      [
        0.9997219,
        0.01902072,
        0.0139425872
      ],
      [
        -0.0138716577,
        -0.00385595439,
        0.999896348
      ],
      [
        0.0190725122,
        -0.9998117,
        -0.00359103316
      ]
    ],
    "translation": [
      1.76945114,
      0.7014327,
      -0.3605232
    ]
  },
  {
    "timeStamp": 87833,
    "rotation": [
      [
        0.9998909,
        0.00161356234,
        0.0146838157
      ],
      [
        -0.014654411,
        -0.0169324223,
        0.999749243
      ],
      [
        0.00186178635,
        -0.9998554,
        -0.0169069283
      ]
    ],
    "translation": [
      1.76967061,
      0.701807737,
      -0.360932529
    ]
  },
  {
    "timeStamp": 87878,
    "rotation": [
      [
        0.999679,
        0.000528477249,
        0.0253299456
      ],
      [
        -0.0252759829,
        -0.04766141,
        0.9985437
      ],
      [
        0.00173498283,
        -0.9988634,
        -0.0476327538
      ]
    ],
    "translation": [
      1.769633,
      0.7027364,
      -0.360952258
    ]
  },
  {
    "timeStamp": 87933,
    "rotation": [
      [
        0.9991834,
        0.0346586443,
        -0.0207666289
      ],
      [
        0.0235762727,
        -0.08273188,
        0.996292949
      ],
      [
        0.03281211,
        -0.995969,
        -0.0834814459
      ]
    ],
    "translation": [
      1.77859437,
      0.7089038,
      -0.3629708
    ]
  },
  {
    "timeStamp": 87978,
    "rotation": [
      [
        0.999344766,
        0.0351827554,
        -0.008500272
      ],
      [
        0.0116309719,
        -0.08975893,
        0.9958956
      ],
      [
        0.03427538,
        -0.9953419,
        -0.09010933
      ]
    ],
    "translation": [
      1.77970636,
      0.7215295,
      -0.3681524
    ]
  },
  {
    "timeStamp": 88033,
    "rotation": [
      [
        0.9992434,
        0.038107723,
        -0.00778072374
      ],
      [
        0.0118819969,
        -0.108609542,
        0.9940135
      ],
      [
        0.03703453,
        -0.993353844,
        -0.108980156
      ]
    ],
    "translation": [
      1.783837,
      0.7393957,
      -0.375545323
    ]
  },
  {
    "timeStamp": 88078,
    "rotation": [
      [
        0.999322951,
        0.036547374,
        0.004232017
      ],
      [
        1.44393255E-06,
        -0.115065731,
        0.9933579
      ],
      [
        0.03679158,
        -0.9926854,
        -0.11498788
      ]
    ],
    "translation": [
      1.78801584,
      0.754301131,
      -0.3832607
    ]
  },
  {
    "timeStamp": 88133,
    "rotation": [
      [
        0.9991086,
        0.0377132259,
        0.0189672764
      ],
      [
        -0.0143604437,
        -0.118875317,
        0.992805362
      ],
      [
        0.0396966264,
        -0.992192745,
        -0.118227765
      ]
    ],
    "translation": [
      1.79401779,
      0.772397161,
      -0.395099372
    ]
  },
  {
    "timeStamp": 88177,
    "rotation": [
      [
        0.9993046,
        0.0343268625,
        0.0145617528
      ],
      [
        -0.0098902,
        -0.132527933,
        0.991129935
      ],
      [
        0.0359522179,
        -0.9905847,
        -0.132096261
      ]
    ],
    "translation": [
      1.80267942,
      0.7875722,
      -0.403988481
    ]
  },
  {
    "timeStamp": 88234,
    "rotation": [
      [
        0.998802245,
        0.0287077278,
        0.0396220833
      ],
      [
        -0.0354876556,
        -0.132459775,
        0.9905529
      ],
      [
        0.03368485,
        -0.990772545,
        -0.131282344
      ]
    ],
    "translation": [
      1.8119061,
      0.8070421,
      -0.4180082
    ]
  },
  {
    "timeStamp": 88277,
    "rotation": [
      [
        0.9991095,
        0.0246770345,
        0.0342223644
      ],
      [
        -0.0302969012,
        -0.144889474,
        0.98898387
      ],
      [
        0.02936366,
        -0.989140034,
        -0.144012809
      ]
    ],
    "translation": [
      1.82325888,
      0.8223636,
      -0.428779036
    ]
  },
  {
    "timeStamp": 88333,
    "rotation": [
      [
        0.9985702,
        0.0210331865,
        0.0491452962
      ],
      [
        -0.0453436226,
        -0.1536506,
        0.9870843
      ],
      [
        0.0283127259,
        -0.9879014,
        -0.15247719
      ]
    ],
    "translation": [
      1.8364327,
      0.8431414,
      -0.444619268
    ]
  },
  {
    "timeStamp": 88377,
    "rotation": [
      [
        0.9985072,
        0.0124645606,
        0.05317839
      ],
      [
        -0.0503370576,
        -0.1679169,
        0.984515131
      ],
      [
        0.0212011151,
        -0.9857223,
        -0.1670388
      ]
    ],
    "translation": [
      1.8499918,
      0.860447645,
      -0.4574281
    ]
  },
  {
    "timeStamp": 88433,
    "rotation": [
      [
        0.9973586,
        0.008176652,
        0.0721732
      ],
      [
        -0.06925429,
        -0.192561552,
        0.978838
      ],
      [
        0.0219014045,
        -0.9812508,
        -0.191486657
      ]
    ],
    "translation": [
      1.86623561,
      0.8834829,
      -0.474991024
    ]
  },
  {
    "timeStamp": 88478,
    "rotation": [
      [
        0.99673444,
        -0.00105920108,
        0.08074198
      ],
      [
        -0.07916104,
        -0.210138544,
        0.974461555
      ],
      [
        0.015934851,
        -0.977671,
        -0.20953618
      ]
    ],
    "translation": [
      1.88212669,
      0.9008612,
      -0.490457833
    ]
  },
  {
    "timeStamp": 88533,
    "rotation": [
      [
        0.9965465,
        -0.0162774064,
        0.08142537
      ],
      [
        -0.08294402,
        -0.241376728,
        0.9668803
      ],
      [
        0.003915887,
        -0.970294952,
        -0.241893247
      ]
    ],
    "translation": [
      1.90523326,
      0.921591461,
      -0.510272563
    ]
  },
  {
    "timeStamp": 88577,
    "rotation": [
      [
        0.9962802,
        -0.0313858427,
        0.0802548155
      ],
      [
        -0.08571607,
        -0.265081584,
        0.9604085
      ],
      [
        -0.008869155,
        -0.9637151,
        -0.2667858
      ]
    ],
    "translation": [
      1.9257952,
      0.9360768,
      -0.5272667
    ]
  },
  {
    "timeStamp": 88633,
    "rotation": [
      [
        0.995554447,
        -0.05270064,
        0.07806416
      ],
      [
        -0.08997464,
        -0.287004054,
        0.9536945
      ],
      [
        -0.0278555825,
        -0.9564786,
        -0.290469885
      ]
    ],
    "translation": [
      1.95253968,
      0.9503312,
      -0.5495347
    ]
  },
  {
    "timeStamp": 88677,
    "rotation": [
      [
        0.9952204,
        -0.07968318,
        0.0564518534
      ],
      [
        -0.07862193,
        -0.310937554,
        0.9471729
      ],
      [
        -0.05792075,
        -0.9470841,
        -0.315716267
      ]
    ],
    "translation": [
      1.97801459,
      0.959023,
      -0.5660739
    ]
  },
  {
    "timeStamp": 88733,
    "rotation": [
      [
        0.9914648,
        -0.116680205,
        0.05816628
      ],
      [
        -0.09314066,
        -0.321726054,
        0.9422405
      ],
      [
        -0.0912271962,
        -0.9396159,
        -0.329847723
      ]
    ],
    "translation": [
      2.00858331,
      0.9664873,
      -0.5866944
    ]
  },
  {
    "timeStamp": 88777,
    "rotation": [
      [
        0.98773247,
        -0.153866962,
        0.0266369488
      ],
      [
        -0.07768157,
        -0.3361833,
        0.9385874
      ],
      [
        -0.1354627,
        -0.9291425,
        -0.344011784
      ]
    ],
    "translation": [
      2.03704834,
      0.969071567,
      -0.600992441
    ]
  },
  {
    "timeStamp": 88833,
    "rotation": [
      [
        0.980851,
        -0.193438724,
        0.02264263
      ],
      [
        -0.0894853,
        -0.3443504,
        0.934566855
      ],
      [
        -0.172984421,
        -0.918697059,
        -0.355066359
      ]
    ],
    "translation": [
      2.068402,
      0.9720528,
      -0.618288159
    ]
  },
  {
    "timeStamp": 88876,
    "rotation": [
      [
        0.9745407,
        -0.223281831,
        0.0203876253
      ],
      [
        -0.0985136256,
        -0.344736367,
        0.933515847
      ],
      [
        -0.201408759,
        -0.911757648,
        -0.357955933
      ]
    ],
    "translation": [
      2.086927,
      0.973187268,
      -0.6277055
    ]
  },
  {
    "timeStamp": 88928,
    "rotation": [
      [
        0.9639722,
        -0.2651862,
        -0.0208285153
      ],
      [
        -0.0825701654,
        -0.372742563,
        0.9242538
      ],
      [
        -0.25286302,
        -0.8892352,
        -0.38120994
      ]
    ],
    "translation": [
      2.12614584,
      0.9763678,
      -0.64458555
    ]
  },
  {
    "timeStamp": 88983,
    "rotation": [
      [
        0.954811454,
        -0.2967986,
        -0.0156735536
      ],
      [
        -0.09951489,
        -0.3689439,
        0.924108863
      ],
      [
        -0.280056864,
        -0.88079,
        -0.381807745
      ]
    ],
    "translation": [
      2.1499846,
      0.976182342,
      -0.660499454
    ]
  },
  {
    "timeStamp": 89028,
    "rotation": [
      [
        0.9481451,
        -0.314266741,
        -0.04750997
      ],
      [
        -0.08013333,
        -0.38101086,
        0.9210914
      ],
      [
        -0.3075702,
        -0.869521141,
        -0.38643685
      ]
    ],
    "translation": [
      2.17038822,
      0.9759323,
      -0.6735287
    ]
  },
  {
    "timeStamp": 89083,
    "rotation": [
      [
        0.9465793,
        -0.320169359,
        -0.0384602137
      ],
      [
        -0.09105717,
        -0.37979424,
        0.9205786
      ],
      [
        -0.309348017,
        -0.8678985,
        -0.3886591
      ]
    ],
    "translation": [
      2.18385267,
      0.9749404,
      -0.69163096
    ]
  },
  {
    "timeStamp": 89128,
    "rotation": [
      [
        0.949301839,
        -0.311877817,
        -0.03947409
      ],
      [
        -0.08401026,
        -0.3726813,
        0.924148738
      ],
      [
        -0.302932739,
        -0.873979867,
        -0.379987985
      ]
    ],
    "translation": [
      2.19129467,
      0.970710039,
      -0.7077502
    ]
  },
  {
    "timeStamp": 89184,
    "rotation": [
      [
        0.9583266,
        -0.28506127,
        -0.0187172927
      ],
      [
        -0.08338629,
        -0.34179306,
        0.9360685
      ],
      [
        -0.2732343,
        -0.8954985,
        -0.351319551
      ]
    ],
    "translation": [
      2.193129,
      0.9597503,
      -0.7284379
    ]
  },
  {
    "timeStamp": 89228,
    "rotation": [
      [
        0.9657194,
        -0.25899902,
        -0.0174780749
      ],
      [
        -0.0655591339,
        -0.308487028,
        0.9489667
      ],
      [
        -0.2511732,
        -0.9152897,
        -0.3148917
      ]
    ],
    "translation": [
      2.19462538,
      0.946577,
      -0.744599342
    ]
  },
  {
    "timeStamp": 89283,
    "rotation": [
      [
        0.9700143,
        -0.24295944,
        -0.00656379852
      ],
      [
        -0.0605888255,
        -0.2678777,
        0.9615459
      ],
      [
        -0.235374957,
        -0.9323155,
        -0.274565816
      ]
    ],
    "translation": [
      2.19748688,
      0.928961635,
      -0.7605666
    ]
  },
  {
    "timeStamp": 89329,
    "rotation": [
      [
        0.973953366,
        -0.223951608,
        -0.03550248
      ],
      [
        -0.0201561544,
        -0.241461515,
        0.970201
      ],
      [
        -0.225850567,
        -0.94421494,
        -0.239686266
      ]
    ],
    "translation": [
      2.2039845,
      0.9131758,
      -0.7708423
    ]
  },
  {
    "timeStamp": 89386,
    "rotation": [
      [
        0.9765392,
        -0.214749739,
        -0.0159327034
      ],
      [
        -0.0288769752,
        -0.203914776,
        0.978562653
      ],
      [
        -0.213394985,
        -0.9551447,
        -0.205332085
      ]
    ],
    "translation": [
      2.20827031,
      0.896077,
      -0.779681563
    ]
  },
  {
    "timeStamp": 89431,
    "rotation": [
      [
        0.976547062,
        -0.214977726,
        -0.0118490066
      ],
      [
        -0.02774418,
        -0.180222616,
        0.983234465
      ],
      [
        -0.213508978,
        -0.959846,
        -0.18196024
      ]
    ],
    "translation": [
      2.213371,
      0.883011162,
      -0.783388436
    ]
  },
  {
    "timeStamp": 89476,
    "rotation": [
      [
        0.979118764,
        -0.203120068,
        -0.008288516
      ],
      [
        -0.023929609,
        -0.155647,
        0.98752284
      ],
      [
        -0.201875791,
        -0.966703832,
        -0.157257482
      ]
    ],
    "translation": [
      2.21677351,
      0.8704983,
      -0.7869033
    ]
  },
  {
    "timeStamp": 89533,
    "rotation": [
      [
        0.981691062,
        -0.188136593,
        0.0297863353
      ],
      [
        -0.0522076152,
        -0.11536938,
        0.991949737
      ],
      [
        -0.183185622,
        -0.9753433,
        -0.123079255
      ]
    ],
    "translation": [
      2.214871,
      0.8574434,
      -0.7911944
    ]
  },
  {
    "timeStamp": 89577,
    "rotation": [
      [
        0.984084249,
        -0.173349962,
        0.0390902273
      ],
      [
        -0.0565828644,
        -0.09714386,
        0.9936606
      ],
      [
        -0.168453664,
        -0.9800576,
        -0.105406374
      ]
    ],
    "translation": [
      2.21483612,
      0.8487034,
      -0.7938476
    ]
  },
  {
    "timeStamp": 89633,
    "rotation": [
      [
        0.9858065,
        -0.157282844,
        0.0587165244
      ],
      [
        -0.07006102,
        -0.06757848,
        0.995251
      ],
      [
        -0.152567908,
        -0.9852387,
        -0.07763871
      ]
    ],
    "translation": [
      2.21393466,
      0.8382764,
      -0.7975068
    ]
  },
  {
    "timeStamp": 89677,
    "rotation": [
      [
        0.9856969,
        -0.157421947,
        0.0601657741
      ],
      [
        -0.06924264,
        -0.0528203659,
        0.9962005
      ],
      [
        -0.153645843,
        -0.98611784,
        -0.0629651845
      ]
    ],
    "translation": [
      2.216602,
      0.8300756,
      -0.7979269
    ]
  },
  {
    "timeStamp": 89732,
    "rotation": [
      [
        0.9855511,
        -0.1575236,
        0.0622521341
      ],
      [
        -0.0683296546,
        -0.0334595442,
        0.997101545
      ],
      [
        -0.1549841,
        -0.9869482,
        -0.04373962
      ]
    ],
    "translation": [
      2.220165,
      0.819587946,
      -0.7982432
    ]
  },
  {
    "timeStamp": 89777,
    "rotation": [
      [
        0.9854338,
        -0.157438487,
        0.0642910153
      ],
      [
        -0.06874885,
        -0.02302886,
        0.997368157
      ],
      [
        -0.155543581,
        -0.9872603,
        -0.0335171334
      ]
    ],
    "translation": [
      2.222057,
      0.8124661,
      -0.7976678
    ]
  },
  {
    "timeStamp": 89832,
    "rotation": [
      [
        0.98576045,
        -0.155666426,
        0.0635952353
      ],
      [
        -0.0664050654,
        -0.01291177,
        0.9977092
      ],
      [
        -0.154488713,
        -0.9877253,
        -0.02306495
      ]
    ],
    "translation": [
      2.22421646,
      0.805086553,
      -0.7975163
    ]
  },
  {
    "timeStamp": 89877,
    "rotation": [
      [
        0.986606359,
        -0.155173138,
        0.0502916947
      ],
      [
        -0.0521893837,
        -0.008177339,
        0.9986037
      ],
      [
        -0.1545452,
        -0.987853467,
        -0.0161662046
      ]
    ],
    "translation": [
      2.22658634,
      0.7999345,
      -0.79715
    ]
  },
  {
    "timeStamp": 89932,
    "rotation": [
      [
        0.987376332,
        -0.15678966,
        0.0224723872
      ],
      [
        -0.0235795211,
        -0.0052045905,
        0.9997084
      ],
      [
        -0.156626984,
        -0.987618268,
        -0.008835915
      ]
    ],
    "translation": [
      2.23214936,
      0.79347533,
      -0.7972468
    ]
  },
  {
    "timeStamp": 89977,
    "rotation": [
      [
        0.987254858,
        -0.1572306,
        0.0246259216
      ],
      [
        -0.0248889644,
        0.000296013633,
        0.9996902
      ],
      [
        -0.157189175,
        -0.9875619,
        -0.00362106576
      ]
    ],
    "translation": [
      2.2333,
      0.789560437,
      -0.797587037
    ]
  },
  {
    "timeStamp": 90032,
    "rotation": [
      [
        0.98726666,
        -0.158973739,
        0.00564799458
      ],
      [
        -0.001632462,
        0.02537836,
        0.9996766
      ],
      [
        -0.159065664,
        -0.9869566,
        0.02479569
      ]
    ],
    "translation": [
      2.23747134,
      0.7868558,
      -0.80050844
    ]
  },
  {
    "timeStamp": 90077,
    "rotation": [
      [
        0.985646069,
        -0.164483771,
        0.03803903
      ],
      [
        -0.03134642,
        0.0430954471,
        0.9985791
      ],
      [
        -0.165889367,
        -0.9854379,
        0.03732088
      ]
    ],
    "translation": [
      2.23570228,
      0.7862281,
      -0.8019589
    ]
  },
  {
    "timeStamp": 90132,
    "rotation": [
      [
        0.9867925,
        -0.15961279,
        0.0276440587
      ],
      [
        -0.0243964456,
        0.0222710315,
        0.99945426
      ],
      [
        -0.160141334,
        -0.9869284,
        0.0180829037
      ]
    ],
    "translation": [
      2.23630953,
      0.784701645,
      -0.800911069
    ]
  },
  {
    "timeStamp": 90177,
    "rotation": [
      [
        0.98285234,
        -0.165146381,
        0.0820237
      ],
      [
        -0.08300637,
        0.0009542898,
        0.996548533
      ],
      [
        -0.164654657,
        -0.9862686,
        -0.0127702756
      ]
    ],
    "translation": [
      2.23691487,
      0.7850207,
      -0.799334943
    ]
  }
]