[
  {
    "timeStamp": 16589,
    "rotation": [
      [
        -0.9934722,
        0.106415145,
        -0.04109505
      ],
      [
        -0.04429473,
        -0.0278800726,
        0.9986294
      ],
      [
        0.10512355,
        0.9939308,
        0.0324117057
      ]
    ],
    "translation": [
      1.76736975,
      0.704195142,
      -0.624407053
    ]
  },
  {
    "timeStamp": 16644,
    "rotation": [
      [
        -0.9927795,
        0.11339774,
        -0.0391123369
      ],
      [
        -0.0441308655,
        -0.0420879237,
        0.9981388
      ],
      [
        0.111540511,
        0.9926578,
        0.04678837
      ]
    ],
    "translation": [
      1.76720893,
      0.705518,
      -0.6247718
    ]
  },
  {
    "timeStamp": 16688,
    "rotation": [
      [
        -0.987508833,
        0.157366738,
        0.007874133
      ],
      [
        0.000420147728,
        -0.0473441966,
        0.998878539
      ],
      [
        0.157563061,
        0.986404657,
        0.0466866978
      ]
    ],
    "translation": [
      1.76019287,
      0.707628846,
      -0.622908
    ]
  },
  {
    "timeStamp": 16744,
    "rotation": [
      [
        -0.9788107,
        0.195199355,
        0.06186036
      ],
      [
        0.05195529,
        -0.05546666,
        0.997107863
      ],
      [
        0.198066011,
        0.979193866,
        0.0441497229
      ]
    ],
    "translation": [
      1.76424956,
      0.7253181,
      -0.6272438
    ]
  },
  {
    "timeStamp": 16788,
    "rotation": [
      [
        -0.970245957,
        0.21418567,
        0.112903617
      ],
      [
        0.100796565,
        -0.06666503,
        0.9926711
      ],
      [
        0.220142633,
        0.9745154,
        0.0430922955
      ]
    ],
    "translation": [
      1.769171,
      0.748084,
      -0.63762337
    ]
  },
  {
    "timeStamp": 16844,
    "rotation": [
      [
        -0.945391238,
        0.267088652,
        0.186812714
      ],
      [
        0.163153172,
        -0.108392052,
        0.9806285
      ],
      [
        0.282163739,
        0.957556665,
        0.0588965379
      ]
    ],
    "translation": [
      1.77662051,
      0.7884891,
      -0.65420115
    ]
  },
  {
    "timeStamp": 16888,
    "rotation": [
      [
        -0.9191849,
        0.327325433,
        0.21899125
      ],
      [
        0.182588086,
        -0.138489187,
        0.973387063
      ],
      [
        0.34894225,
        0.9347079,
        0.0675314441
      ]
    ],
    "translation": [
      1.78694963,
      0.8193041,
      -0.669150352
    ]
  },
  {
    "timeStamp": 16943,
    "rotation": [
      [
        -0.876877546,
        0.409347951,
        0.252031863
      ],
      [
        0.2141374,
        -0.1367737,
        0.9671805
      ],
      [
        0.4303847,
        0.9020683,
        0.0322770849
      ]
    ],
    "translation": [
      1.80520082,
      0.85983783,
      -0.6869089
    ]
  },
  {
    "timeStamp": 16988,
    "rotation": [
      [
        -0.8576134,
        0.482802123,
        0.177204549
      ],
      [
        0.164292872,
        -0.06931365,
        0.9839733
      ],
      [
        0.4873471,
        0.872982144,
        -0.01987663
      ]
    ],
    "translation": [
      1.828,
      0.8810272,
      -0.701813042
    ]
  },
  {
    "timeStamp": 17043,
    "rotation": [
      [
        -0.8337149,
        0.512252331,
        0.206196517
      ],
      [
        0.187182873,
        -0.0891343951,
        0.9782728
      ],
      [
        0.5195017,
        0.8541971,
        -0.0215721875
      ]
    ],
    "translation": [
      1.85493171,
      0.914675,
      -0.7214741
    ]
  },
  {
    "timeStamp": 17088,
    "rotation": [
      [
        -0.7900534,
        0.5956939,
        0.144790336
      ],
      [
        0.124052219,
        -0.07594938,
        0.9893648
      ],
      [
        0.6003553,
        0.799612641,
        -0.0138930846
      ]
    ],
    "translation": [
      1.89026892,
      0.9308785,
      -0.729469538
    ]
  },
  {
    "timeStamp": 17143,
    "rotation": [
      [
        -0.7564974,
        0.637976766,
        0.143865526
      ],
      [
        0.08602193,
        -0.121001028,
        0.988918066
      ],
      [
        0.648314655,
        0.7604896,
        0.036656972
      ]
    ],
    "translation": [
      1.93097,
      0.950670958,
      -0.74401015
    ]
  },
  {
    "timeStamp": 17188,
    "rotation": [
      [
        -0.7162092,
        0.693568766,
        0.07750332
      ],
      [
        0.000398181117,
        -0.110648341,
        0.9938595
      ],
      [
        0.6978856,
        0.7118422,
        0.07897119
      ]
    ],
    "translation": [
      1.96961164,
      0.96025914,
      -0.751659334
    ]
  },
  {
    "timeStamp": 17243,
    "rotation": [
      [
        -0.6477852,
        0.761366546,
        -0.0263683181
      ],
      [
        -0.112599947,
        -0.06145543,
        0.991738141
      ],
      [
        0.7534558,
        0.6454024,
        0.12553975
      ]
    ],
    "translation": [
      2.02506566,
      0.964743137,
      -0.7524945
    ]
  },
  {
    "timeStamp": 17288,
    "rotation": [
      [
        -0.5809902,
        0.8098781,
        -0.0809183642
      ],
      [
        -0.223494485,
        -0.06314808,
        0.972657442
      ],
      [
        0.7826241,
        0.583189249,
        0.2176917
      ]
    ],
    "translation": [
      2.0687356,
      0.9618594,
      -0.753249
    ]
  },
  {
    "timeStamp": 17339,
    "rotation": [
      [
        -0.54567045,
        0.834222,
        -0.07948129
      ],
      [
        -0.3197001,
        -0.11956393,
        0.939944863
      ],
      [
        0.774619639,
        0.538310349,
        0.331943363
      ]
    ],
    "translation": [
      2.10200953,
      0.951124966,
      -0.7571948
    ]
  },
  {
    "timeStamp": 17394,
    "rotation": [
      [
        -0.466710955,
        0.876990855,
        -0.114315227
      ],
      [
        -0.487877935,
        -0.147487879,
        0.8603618
      ],
      [
        0.737669349,
        0.457312167,
        0.4966987
      ]
    ],
    "translation": [
      2.156742,
      0.9256218,
      -0.759532154
    ]
  },
  {
    "timeStamp": 17438,
    "rotation": [
      [
        -0.475427955,
        0.8760925,
        -0.08018901
      ],
      [
        -0.547363162,
        -0.223210365,
        0.806579649
      ],
      [
        0.688739359,
        0.427363038,
        0.5856612
      ]
    ],
    "translation": [
      2.17276168,
      0.9090971,
      -0.7634851
    ]
  },
  {
    "timeStamp": 17494,
    "rotation": [
      [
        -0.460991353,
        0.8839017,
        -0.07876992
      ],
      [
        -0.6339206,
        -0.26589492,
        0.726253748
      ],
      [
        0.6209924,
        0.384730577,
        0.6828988
      ]
    ],
    "translation": [
      2.19859433,
      0.884789169,
      -0.764589667
    ]
  },
  {
    "timeStamp": 17538,
    "rotation": [
      [
        -0.5035529,
        0.860170841,
        -0.08087344
      ],
      [
        -0.667675555,
        -0.328031927,
        0.668284655
      ],
      [
        0.5483099,
        0.3905139,
        0.7394965
      ]
    ],
    "translation": [
      2.20284438,
      0.8698121,
      -0.7687337
    ]
  },
  {
    "timeStamp": 17594,
    "rotation": [
      [
        -0.48757717,
        0.870120168,
        -0.07182917
      ],
      [
        -0.7173528,
        -0.352356642,
        0.601040542
      ],
      [
        0.497668028,
        0.3445805,
        0.7959842
      ]
    ],
    "translation": [
      2.21644831,
      0.8503986,
      -0.7656299
    ]
  },
  {
    "timeStamp": 17638,
    "rotation": [
      [
        -0.510366261,
        0.8575339,
        -0.06451328
      ],
      [
        -0.730300248,
        -0.3925843,
        0.559052
      ],
      [
        0.4540791,
        0.33243534,
        0.826618969
      ]
    ],
    "translation": [
      2.218542,
      0.838876545,
      -0.7635027
    ]
  },
  {
    "timeStamp": 17694,
    "rotation": [
      [
        -0.5439012,
        0.837123156,
        -0.0582779348
      ],
      [
        -0.7376728,
        -0.443868577,
        0.508743048
      ],
      [
        0.400012851,
        0.319696,
        0.858943641
      ]
    ],
    "translation": [
      2.215892,
      0.82768774,
      -0.7621629
    ]
  },
  {
    "timeStamp": 17739,
    "rotation": [
      [
        -0.5352201,
        0.8412049,
        -0.07690177
      ],
      [
        -0.7605438,
        -0.440272957,
        0.477213532
      ],
      [
        0.367576569,
        0.313901424,
        0.87541604
      ]
    ],
    "translation": [
      2.21775126,
      0.8188534,
      -0.760989547
    ]
  },
  {
    "timeStamp": 17796,
    "rotation": [
      [
        -0.540175557,
        0.8362652,
        -0.0941851
      ],
      [
        -0.776655,
        -0.452289969,
        0.4384527
      ],
      [
        0.324063748,
        0.309990764,
        0.8938056
      ]
    ],
    "translation": [
      2.21933436,
      0.8097926,
      -0.76123786
    ]
  },
  {
    "timeStamp": 17841,
    "rotation": [
      [
        -0.5008846,
        0.8555483,
        -0.130964622
      ],
      [
        -0.8102918,
        -0.410344183,
        0.418383449
      ],
      [
        0.304206669,
        0.3156814,
        0.8987789
      ]
    ],
    "translation": [
      2.225826,
      0.8013078,
      -0.759098232
    ]
  },
  {
    "timeStamp": 17886,
    "rotation": [
      [
        -0.4813422,
        0.863714039,
        -0.149357557
      ],
      [
        -0.8328443,
        -0.397538275,
        0.385141164
      ],
      [
        0.2732765,
        0.309776276,
        0.910691261
      ]
    ],
    "translation": [
      2.23115921,
      0.7959396,
      -0.7599772
    ]
  },
  {
    "timeStamp": 17943,
    "rotation": [
      [
        -0.422805578,
        0.8884003,
        -0.178830311
      ],
      [
        -0.8709906,
        -0.3438902,
        0.350877434
      ],
      [
        0.25022164,
        0.304112434,
        0.919187
      ]
    ],
    "translation": [
      2.24272728,
      0.791784942,
      -0.7605559
    ]
  },
  {
    "timeStamp": 17987,
    "rotation": [
      [
        -0.378617764,
        0.9054532,
        -0.191841245
      ],
      [
        -0.899006844,
        -0.310486317,
        0.308844626
      ],
      [
        0.220080286,
        0.289400637,
        0.9315643
      ]
    ],
    "translation": [
      2.25201917,
      0.792331159,
      -0.762856364
    ]
  },
  {
    "timeStamp": 18043,
    "rotation": [
      [
        -0.344626248,
        0.923265934,
        -0.169743121
      ],
      [
        -0.91528827,
        -0.290312976,
        0.279223651
      ],
      [
        0.208519071,
        0.251591682,
        0.945103943
      ]
    ],
    "translation": [
      2.25542521,
      0.792875946,
      -0.764271736
    ]
  },
  {
    "timeStamp": 18088,
    "rotation": [
      [
        -0.3284608,
        0.936146855,
        -0.125469625
      ],
      [
        -0.9198074,
        -0.286846,
        0.267719626
      ],
      [
        0.214634418,
        0.2033433,
        0.9552924
      ]
    ],
    "translation": [
      2.25503731,
      0.793403566,
      -0.763854742
    ]
  },
  {
    "timeStamp": 18143,
    "rotation": [
      [
        -0.295634955,
        0.949188232,
        -0.107896321
      ],
      [
        -0.9340732,
        -0.26353842,
        0.240945414
      ],
      [
        0.200267732,
        0.172014952,
        0.964522541
      ]
    ],
    "translation": [
      2.25471377,
      0.793495655,
      -0.7644047
    ]
  },
  {
    "timeStamp": 18187,
    "rotation": [
      [
        -0.2534552,
        0.9618047,
        -0.103403427
      ],
      [
        -0.952355444,
        -0.229351342,
        0.2010401
      ],
      [
        0.1696456,
        0.149431467,
        0.9741102
      ]
    ],
    "translation": [
      2.25481033,
      0.794480145,
      -0.7660954
    ]
  },
  {
    "timeStamp": 18243,
    "rotation": [
      [
        -0.210938126,
        0.968649864,
        -0.131234556
      ],
      [
        -0.9650425,
        -0.1849995,
        0.185656309
      ],
      [
        0.155557632,
        0.165808916,
        0.9738117
      ]
    ],
    "translation": [
      2.254762,
      0.7947655,
      -0.7659334
    ]
  },
  {
    "timeStamp": 18287,
    "rotation": [
      [
        -0.160954148,
        0.9754987,
        -0.149986923
      ],
      [
        -0.975888968,
        -0.134599864,
        0.171824247
      ],
      [
        0.1474261,
        0.1740264,
        0.9736428
      ]
    ],
    "translation": [
      2.25470185,
      0.794352,
      -0.7637253
    ]
  },
  {
    "timeStamp": 18343,
    "rotation": [
      [
        -0.104608662,
        0.986487448,
        -0.1260935
      ],
      [
        -0.98644954,
        -0.08680983,
        0.139217
      ],
      [
        0.126389667,
        0.138948187,
        0.982201159
      ]
    ],
    "translation": [
      2.25437856,
      0.7939804,
      -0.760538
    ]
  },
  {
    "timeStamp": 18387,
    "rotation": [
      [
        -0.08230243,
        0.9903036,
        -0.111915819
      ],
      [
        -0.99058044,
        -0.06895589,
        0.118302464
      ],
      [
        0.1094381,
        0.120598204,
        0.9866506
      ]
    ],
    "translation": [
      2.25401688,
      0.7939662,
      -0.7588588
    ]
  },
  {
    "timeStamp": 18443,
    "rotation": [
      [
        -0.07267791,
        0.9899008,
        -0.121714108
      ],
      [
        -0.993452847,
        -0.0610670932,
        0.09655175
      ],
      [
        0.08814393,
        0.127934411,
        0.987858
      ]
    ],
    "translation": [
      2.254038,
      0.7939392,
      -0.757423759
    ]
  },
  {
    "timeStamp": 18487,
    "rotation": [
      [
        -0.06988379,
        0.9902193,
        -0.120755956
      ],
      [
        -0.995641649,
        -0.0617425367,
        0.06989766
      ],
      [
        0.0617582351,
        0.125114366,
        0.990218341
      ]
    ],
    "translation": [
      2.25326252,
      0.794139266,
      -0.7561331
    ]
  },
  {
    "timeStamp": 18543,
    "rotation": [
      [
        -0.0496969968,
        0.9921557,
        -0.114705138
      ],
      [
        -0.9985297,
        -0.0468671,
        0.0272391159
      ],
      [
        0.0216495469,
        0.115890175,
        0.9930261
      ]
    ],
    "translation": [
      2.25229454,
      0.7946495,
      -0.756717443
    ]
  },
  {
    "timeStamp": 18587,
    "rotation": [
      [
        -0.0393991247,
        0.9934756,
        -0.107023008
      ],
      [
        -0.9991399,
        -0.04055522,
        -0.008646611
      ],
      [
        -0.0129305385,
        0.106590286,
        0.994219
      ]
    ],
    "translation": [
      2.25178456,
      0.795021951,
      -0.7564458
    ]
  },
  {
    "timeStamp": 18643,
    "rotation": [
      [
        -0.0501822457,
        0.9937079,
        -0.10013184
      ],
      [
        -0.996996641,
        -0.0557636134,
        -0.0537412576
      ],
      [
        -0.058986824,
        0.0971342549,
        0.99352175
      ]
    ],
    "translation": [
      2.253098,
      0.795486867,
      -0.755243063
    ]
  },
  {
    "timeStamp": 18687,
    "rotation": [
      [
        -0.0348791853,
        0.9953496,
        -0.08979294
      ],
      [
        -0.996107042,
        -0.0419023149,
        -0.07755676
      ],
      [
        -0.08095862,
        0.08673826,
        0.992936134
      ]
    ],
    "translation": [
      2.252237,
      0.795574844,
      -0.7551094
    ]
  },
  {
    "timeStamp": 18743,
    "rotation": [
      [
        -0.0234449916,
        0.9962756,
        -0.08297729
      ],
      [
        -0.9948794,
        -0.03141303,
        -0.0960635841
      ],
      [
        -0.09831237,
        0.08030018,
        0.9919106
      ]
    ],
    "translation": [
      2.25131059,
      0.795728743,
      -0.7539741
    ]
  },
  {
    "timeStamp": 18787,
    "rotation": [
      [
        -0.03441721,
        0.995937467,
        -0.08321131
      ],
      [
        -0.993634045,
        -0.04303621,
        -0.104111619
      ],
      [
        -0.107269764,
        0.07909836,
        0.991078556
      ]
    ],
    "translation": [
      2.25202179,
      0.7958878,
      -0.753309131
    ]
  },
  {
    "timeStamp": 18843,
    "rotation": [
      [
        -0.01897394,
        0.996279061,
        -0.08407125
      ],
      [
        -0.9938921,
        -0.027937619,
        -0.106762037
      ],
      [
        -0.10871353,
        0.0815320462,
        0.9907239
      ]
    ],
    "translation": [
      2.25112629,
      0.7959293,
      -0.7531662
    ]
  },
  {
    "timeStamp": 18887,
    "rotation": [
      [
        -0.0154102184,
        0.9963552,
        -0.08389855
      ],
      [
        -0.9938118,
        -0.0244939718,
        -0.108343221
      ],
      [
        -0.110003337,
        0.08170978,
        0.9905669
      ]
    ],
    "translation": [
      2.25091434,
      0.795977354,
      -0.7531005
    ]
  },
  {
    "timeStamp": 18942,
    "rotation": [
      [
        -0.031499695,
        0.995839834,
        -0.08550331
      ],
      [
        -0.992988765,
        -0.040931128,
        -0.110896349
      ],
      [
        -0.113934748,
        0.0814106241,
        0.9901471
      ]
    ],
    "translation": [
      2.252072,
      0.7962265,
      -0.7527962
    ]
  },
  {
    "timeStamp": 18987,
    "rotation": [
      [
        -0.0268510059,
        0.9957897,
        -0.08764682
      ],
      [
        -0.993162334,
        -0.03653917,
        -0.110875905
      ],
      [
        -0.113611624,
        0.0840703845,
        0.9899619
      ]
    ],
    "translation": [
      2.25201,
      0.796194732,
      -0.752839565
    ]
  },
  {
    "timeStamp": 19043,
    "rotation": [
      [
        0.0133715915,
        0.996087968,
        -0.0873498842
      ],
      [
        -0.9939294,
        0.00370009756,
        -0.109957725
      ],
      [
        -0.109204359,
        0.08828993,
        0.990090549
      ]
    ],
    "translation": [
      2.24921465,
      0.795832038,
      -0.753076553
    ]
  }
]