[
  {
    "timeStamp": 75083,
    "rotation": [
      [
        0.995101154,
        -0.09390911,
        -0.03089842
      ],
      [
        0.0937329754,
        0.995572031,
        -0.00710367132
      ],
      [
        0.0314287022,
        0.004172671,
        0.9994973
      ]
    ],
    "translation": [
      1.15017986,
      0.6996487,
      -0.7504117
    ]
  },
  {
    "timeStamp": 75128,
    "rotation": [
      [
        0.995955348,
        -0.08474598,
        -0.0298505276
      ],
      [
        0.08486544,
        0.996388555,
        0.00275594043
      ],
      [
        0.02950917,
        -0.005278072,
        0.9995506
      ]
    ],
    "translation": [
      1.15018523,
      0.6998952,
      -0.750299156
    ]
  },
  {
    "timeStamp": 75183,
    "rotation": [
      [
        0.995806456,
        -0.08641208,
        -0.0300417673
      ],
      [
        0.0864568055,
        0.9962556,
        0.000190560022
      ],
      [
        0.02991281,
        -0.002787076,
        0.9995487
      ]
    ],
    "translation": [
      1.15016341,
      0.699910462,
      -0.7500705
    ]
  },
  {
    "timeStamp": 75227,
    "rotation": [
      [
        0.9961219,
        -0.0835030153,
        -0.027719574
      ],
      [
        0.08356193,
        0.9965021,
        0.000971619156
      ],
      [
        0.027541481,
        -0.00328415213,
        0.999615252
      ]
    ],
    "translation": [
      1.15022647,
      0.700121045,
      -0.7491007
    ]
  },
  {
    "timeStamp": 75283,
    "rotation": [
      [
        0.993539035,
        -0.107811376,
        -0.03545307
      ],
      [
        0.108016513,
        0.9941414,
        0.00391703239
      ],
      [
        0.0348230638,
        -0.00772124156,
        0.999363661
      ]
    ],
    "translation": [
      1.1547085,
      0.700714946,
      -0.74207294
    ]
  },
  {
    "timeStamp": 75328,
    "rotation": [
      [
        0.9921038,
        -0.114625312,
        -0.050902687
      ],
      [
        0.116280012,
        0.9927381,
        0.0308219884
      ],
      [
        0.047000058,
        -0.036497578,
        0.9982279
      ]
    ],
    "translation": [
      1.16199517,
      0.7106815,
      -0.7383267
    ]
  },
  {
    "timeStamp": 75383,
    "rotation": [
      [
        0.9936356,
        -0.0833752453,
        -0.07574277
      ],
      [
        0.08755113,
        0.9947175,
        0.0535906628
      ],
      [
        0.07087453,
        -0.0598809533,
        0.995686233
      ]
    ],
    "translation": [
      1.1708163,
      0.7298285,
      -0.733777046
    ]
  },
  {
    "timeStamp": 75427,
    "rotation": [
      [
        0.99378264,
        -0.048559662,
        -0.100190632
      ],
      [
        0.054761596,
        0.996688664,
        0.0601079948
      ],
      [
        0.09694003,
        -0.06522088,
        0.993151
      ]
    ],
    "translation": [
      1.1839416,
      0.747523844,
      -0.7312208
    ]
  },
  {
    "timeStamp": 75483,
    "rotation": [
      [
        0.9904394,
        -0.0219329484,
        -0.13619338
      ],
      [
        0.0365827754,
        0.993691444,
        0.106014274
      ],
      [
        0.133008987,
        -0.109983049,
        0.9849936
      ]
    ],
    "translation": [
      1.20972991,
      0.7748054,
      -0.7243661
    ]
  },
  {
    "timeStamp": 75527,
    "rotation": [
      [
        0.9885409,
        0.00290930667,
        -0.150925413
      ],
      [
        0.0144022778,
        0.9934355,
        0.11348287
      ],
      [
        0.150264829,
        -0.11435613,
        0.982009768
      ]
    ],
    "translation": [
      1.23891568,
      0.793719947,
      -0.7196758
    ]
  },
  {
    "timeStamp": 75583,
    "rotation": [
      [
        0.984953165,
        0.02732376,
        -0.170648083
      ],
      [
        -0.00553797651,
        0.99190557,
        0.126857221
      ],
      [
        0.172733,
        -0.124003373,
        0.9771318
      ]
    ],
    "translation": [
      1.28370857,
      0.816380441,
      -0.7125554
    ]
  },
  {
    "timeStamp": 75627,
    "rotation": [
      [
        0.9853715,
        0.0213686824,
        -0.16907537
      ],
      [
        0.00590755837,
        0.9872286,
        0.159200668
      ],
      [
        0.170317963,
        -0.15787062,
        0.972660542
      ]
    ],
    "translation": [
      1.326853,
      0.8361535,
      -0.704485953
    ]
  },
  {
    "timeStamp": 75683,
    "rotation": [
      [
        0.984609842,
        0.0254733246,
        -0.172900677
      ],
      [
        0.00683823926,
        0.982947648,
        0.183758348
      ],
      [
        0.17463325,
        -0.182112619,
        0.9676457
      ]
    ],
    "translation": [
      1.38585877,
      0.859143436,
      -0.6979666
    ]
  },
  {
    "timeStamp": 75728,
    "rotation": [
      [
        0.9848037,
        -0.009050104,
        -0.173435479
      ],
      [
        0.0456706956,
        0.976988,
        0.208347365
      ],
      [
        0.167558834,
        -0.213102177,
        0.9625547
      ]
    ],
    "translation": [
      1.43784964,
      0.8751017,
      -0.694973648
    ]
  },
  {
    "timeStamp": 75783,
    "rotation": [
      [
        0.9876219,
        -0.01804674,
        -0.155811682
      ],
      [
        0.05188492,
        0.975026131,
        0.215944275
      ],
      [
        0.148023382,
        -0.221355572,
        0.9638936
      ]
    ],
    "translation": [
      1.50172174,
      0.8920515,
      -0.6993669
    ]
  },
  {
    "timeStamp": 75828,
    "rotation": [
      [
        0.986038744,
        -0.069609955,
        -0.151267767
      ],
      [
        0.104716033,
        0.9655362,
        0.23827374
      ],
      [
        0.129468277,
        -0.2507873,
        0.9593454
      ]
    ],
    "translation": [
      1.55376923,
      0.9028992,
      -0.7046632
    ]
  },
  {
    "timeStamp": 75883,
    "rotation": [
      [
        0.991425633,
        -0.0840083,
        -0.100089185
      ],
      [
        0.106930368,
        0.9618291,
        0.2518942
      ],
      [
        0.0751074851,
        -0.260436952,
        0.962565064
      ]
    ],
    "translation": [
      1.61670613,
      0.916332543,
      -0.7149644
    ]
  },
  {
    "timeStamp": 75928,
    "rotation": [
      [
        0.9877927,
        -0.135457814,
        -0.07692008
      ],
      [
        0.151243553,
        0.9522052,
        0.265387684
      ],
      [
        0.03729486,
        -0.2737817,
        0.9610685
      ]
    ],
    "translation": [
      1.66946971,
      0.9244327,
      -0.7240982
    ]
  },
  {
    "timeStamp": 75983,
    "rotation": [
      [
        0.985841453,
        -0.167659059,
        0.0026564037
      ],
      [
        0.15856725,
        0.9372987,
        0.3103667
      ],
      [
        -0.0545256324,
        -0.3055511,
        0.950613141
      ]
    ],
    "translation": [
      1.737292,
      0.94320637,
      -0.730564535
    ]
  },
  {
    "timeStamp": 76028,
    "rotation": [
      [
        0.974497736,
        -0.218048066,
        0.05300135
      ],
      [
        0.1878231,
        0.921829462,
        0.339046985
      ],
      [
        -0.122786753,
        -0.320445627,
        0.9392752
      ]
    ],
    "translation": [
      1.79361618,
      0.955903351,
      -0.7364341
    ]
  },
  {
    "timeStamp": 76083,
    "rotation": [
      [
        0.9665532,
        -0.227172166,
        0.119027808
      ],
      [
        0.172000468,
        0.9184441,
        0.3561969
      ],
      [
        -0.190238416,
        -0.323810428,
        0.9267989
      ]
    ],
    "translation": [
      1.85867178,
      0.9724611,
      -0.7437856
    ]
  },
  {
    "timeStamp": 76128,
    "rotation": [
      [
        0.946624,
        -0.271039844,
        0.174471945
      ],
      [
        0.188120589,
        0.9040627,
        0.3837726
      ],
      [
        -0.261751235,
        -0.3304666,
        0.906795561
      ]
    ],
    "translation": [
      1.91337049,
      0.985500932,
      -0.7484744
    ]
  },
  {
    "timeStamp": 76183,
    "rotation": [
      [
        0.913212657,
        -0.3409529,
        0.223144963
      ],
      [
        0.224127337,
        0.8776235,
        0.4237262
      ],
      [
        -0.340307951,
        -0.336939245,
        0.8778738
      ]
    ],
    "translation": [
      1.9788115,
      1.00163281,
      -0.7533968
    ]
  },
  {
    "timeStamp": 76227,
    "rotation": [
      [
        0.91224134,
        -0.351081759,
        0.2110861
      ],
      [
        0.241643146,
        0.87725544,
        0.414766818
      ],
      [
        -0.33079347,
        -0.3273599,
        0.885105133
      ]
    ],
    "translation": [
      2.01801181,
      1.00579607,
      -0.7576652
    ]
  },
  {
    "timeStamp": 76283,
    "rotation": [
      [
        0.895601034,
        -0.367846459,
        0.2501755
      ],
      [
        0.241941765,
        0.8746899,
        0.419978321
      ],
      [
        -0.373313546,
        -0.3156051,
        0.872370541
      ]
    ],
    "translation": [
      2.06660581,
      1.00962794,
      -0.7566591
    ]
  },
  {
    "timeStamp": 76328,
    "rotation": [
      [
        0.881264,
        -0.4186274,
        0.219374
      ],
      [
        0.307707578,
        0.8605158,
        0.405991018
      ],
      [
        -0.358733743,
        -0.29028222,
        0.8871563
      ]
    ],
    "translation": [
      2.099905,
      1.00233388,
      -0.7552649
    ]
  },
  {
    "timeStamp": 76383,
    "rotation": [
      [
        0.8961715,
        -0.386126131,
        0.2185937
      ],
      [
        0.2896398,
        0.88228935,
        0.371044844
      ],
      [
        -0.336133,
        -0.269206375,
        0.9025201
      ]
    ],
    "translation": [
      2.12856913,
      0.9887587,
      -0.7499201
    ]
  },
  {
    "timeStamp": 76436,
    "rotation": [
      [
        0.886871,
        -0.411269963,
        0.210515842
      ],
      [
        0.328017056,
        0.881370664,
        0.339986175
      ],
      [
        -0.325368583,
        -0.232471079,
        0.916565657
      ]
    ],
    "translation": [
      2.15262556,
      0.970845461,
      -0.745562434
    ]
  },
  {
    "timeStamp": 76478,
    "rotation": [
      [
        0.895058751,
        -0.369837761,
        0.249178365
      ],
      [
        0.285576761,
        0.9045139,
        0.316702634
      ],
      [
        -0.3425139,
        -0.212307915,
        0.9152101
      ]
    ],
    "translation": [
      2.17379761,
      0.9520773,
      -0.736564636
    ]
  },
  {
    "timeStamp": 76533,
    "rotation": [
      [
        0.899287939,
        -0.3803079,
        0.215979427
      ],
      [
        0.30663833,
        0.9003849,
        0.308674544
      ],
      [
        -0.311856,
        -0.211359724,
        0.9263222
      ]
    ],
    "translation": [
      2.1830585,
      0.935277343,
      -0.731280863
    ]
  },
  {
    "timeStamp": 76582,
    "rotation": [
      [
        0.91054225,
        -0.347200722,
        0.224420235
      ],
      [
        0.272862822,
        0.912530243,
        0.304687381
      ],
      [
        -0.310577929,
        -0.2161948,
        0.9256355
      ]
    ],
    "translation": [
      2.18933129,
      0.9294547,
      -0.725551069
    ]
  },
  {
    "timeStamp": 76633,
    "rotation": [
      [
        0.920686066,
        -0.309087276,
        0.238332078
      ],
      [
        0.227227613,
        0.920950949,
        0.31657055
      ],
      [
        -0.317340076,
        -0.237306461,
        0.9181399
      ]
    ],
    "translation": [
      2.20205021,
      0.9318408,
      -0.7162779
    ]
  },
  {
    "timeStamp": 76678,
    "rotation": [
      [
        0.9181099,
        -0.294189155,
        0.26556924
      ],
      [
        0.203097746,
        0.9246446,
        0.3221547
      ],
      [
        -0.340331584,
        -0.241836891,
        0.908674538
      ]
    ],
    "translation": [
      2.21713352,
      0.938118935,
      -0.7046735
    ]
  },
  {
    "timeStamp": 76733,
    "rotation": [
      [
        0.9216497,
        -0.296261221,
        0.250581443
      ],
      [
        0.209840268,
        0.923762739,
        0.3203584
      ],
      [
        -0.326387554,
        -0.242676139,
        0.9135532
      ]
    ],
    "translation": [
      2.23284149,
      0.946778059,
      -0.6874059
    ]
  },
  {
    "timeStamp": 76778,
    "rotation": [
      [
        0.9377209,
        -0.2464854,
        0.244794667
      ],
      [
        0.1745821,
        0.943591535,
        0.281347036
      ],
      [
        -0.3003341,
        -0.221088231,
        0.927857459
      ]
    ],
    "translation": [
      2.23988152,
      0.951855242,
      -0.6717869
    ]
  },
  {
    "timeStamp": 76834,
    "rotation": [
      [
        0.9462106,
        -0.249743029,
        0.2057032
      ],
      [
        0.199994743,
        0.951218367,
        0.234916225
      ],
      [
        -0.254337341,
        -0.181140676,
        0.9500003
      ]
    ],
    "translation": [
      2.24629831,
      0.95199424,
      -0.654272437
    ]
  },
  {
    "timeStamp": 76879,
    "rotation": [
      [
        0.9451203,
        -0.239181146,
        0.222576171
      ],
      [
        0.189853564,
        0.9564657,
        0.221650511
      ],
      [
        -0.265901119,
        -0.1672295,
        0.949384451
      ]
    ],
    "translation": [
      2.24818873,
      0.9531046,
      -0.638754666
    ]
  },
  {
    "timeStamp": 76933,
    "rotation": [
      [
        0.9339012,
        -0.300312161,
        0.194013119
      ],
      [
        0.260397673,
        0.943165839,
        0.2064731
      ],
      [
        -0.244992942,
        -0.142304912,
        0.95902437
      ]
    ],
    "translation": [
      2.23940969,
      0.94624573,
      -0.6264644
    ]
  },
  {
    "timeStamp": 76978,
    "rotation": [
      [
        0.952617466,
        -0.26608178,
        0.147378832
      ],
      [
        0.236418769,
        0.9525652,
        0.191639453
      ],
      [
        -0.191379711,
        -0.147715956,
        0.970337
      ]
    ],
    "translation": [
      2.21247888,
      0.9413377,
      -0.623461068
    ]
  },
  {
    "timeStamp": 77034,
    "rotation": [
      [
        0.9404631,
        -0.31764546,
        0.120956928
      ],
      [
        0.293128818,
        0.938112259,
        0.1844478
      ],
      [
        -0.172060177,
        -0.138010383,
        0.975370944
      ]
    ],
    "translation": [
      2.189451,
      0.929062247,
      -0.619529366
    ]
  },
  {
    "timeStamp": 77078,
    "rotation": [
      [
        0.957045257,
        -0.264119238,
        0.119604982
      ],
      [
        0.247524709,
        0.959100544,
        0.13732326
      ],
      [
        -0.150982931,
        -0.101819389,
        0.983278632
      ]
    ],
    "translation": [
      2.1705842,
      0.9145881,
      -0.619039834
    ]
  },
  {
    "timeStamp": 77133,
    "rotation": [
      [
        0.9467341,
        -0.304634273,
        0.104367219
      ],
      [
        0.293127269,
        0.949452937,
        0.1123183
      ],
      [
        -0.13330777,
        -0.0757426843,
        0.9881761
      ]
    ],
    "translation": [
      2.15814757,
      0.8943167,
      -0.617058158
    ]
  },
  {
    "timeStamp": 77178,
    "rotation": [
      [
        0.9486576,
        -0.298627555,
        0.104261041
      ],
      [
        0.292089462,
        0.9535602,
        0.07353131
      ],
      [
        -0.121377647,
        -0.03930248,
        0.991828
      ]
    ],
    "translation": [
      2.15132761,
      0.8776406,
      -0.615605056
    ]
  },
  {
    "timeStamp": 77233,
    "rotation": [
      [
        0.9269925,
        -0.3638944,
        0.0909168
      ],
      [
        0.357643723,
        0.930585444,
        0.0781133547
      ],
      [
        -0.113030866,
        -0.03989467,
        0.9927903
      ]
    ],
    "translation": [
      2.14731479,
      0.863000751,
      -0.6110259
    ]
  },
  {
    "timeStamp": 77277,
    "rotation": [
      [
        0.9308402,
        -0.352181643,
        0.0974917039
      ],
      [
        0.347452223,
        0.935618043,
        0.0624158345
      ],
      [
        -0.113196716,
        -0.0242254566,
        0.9932772
      ]
    ],
    "translation": [
      2.14160919,
      0.8555283,
      -0.607080638
    ]
  },
  {
    "timeStamp": 77333,
    "rotation": [
      [
        0.910323858,
        -0.403122246,
        0.0938239
      ],
      [
        0.397071749,
        0.9145598,
        0.0769048855
      ],
      [
        -0.116809636,
        -0.03275353,
        0.992614031
      ]
    ],
    "translation": [
      2.14044833,
      0.849916458,
      -0.600135
    ]
  },
  {
    "timeStamp": 77377,
    "rotation": [
      [
        0.9181294,
        -0.3831872,
        0.101024747
      ],
      [
        0.377902418,
        0.9233557,
        0.0678526
      ],
      [
        -0.11928203,
        -0.02411997,
        0.99256736
      ]
    ],
    "translation": [
      2.13548255,
      0.8462411,
      -0.5950949
    ]
  },
  {
    "timeStamp": 77433,
    "rotation": [
      [
        0.9127166,
        -0.400583833,
        0.08050511
      ],
      [
        0.395465821,
        0.9156179,
        0.0724612847
      ],
      [
        -0.102738746,
        -0.0342995971,
        0.994116843
      ]
    ],
    "translation": [
      2.13098264,
      0.8424517,
      -0.5897473
    ]
  },
  {
    "timeStamp": 77478,
    "rotation": [
      [
        0.9173547,
        -0.391466379,
        0.0722111762
      ],
      [
        0.3860987,
        0.919157147,
        0.07796076
      ],
      [
        -0.09689244,
        -0.0436370261,
        0.9943378
      ]
    ],
    "translation": [
      2.12626886,
      0.840325832,
      -0.5849524
    ]
  },
  {
    "timeStamp": 77535,
    "rotation": [
      [
        0.9136405,
        -0.400674254,
        0.06871065
      ],
      [
        0.395432681,
        0.915139556,
        0.07843851
      ],
      [
        -0.09430812,
        -0.044494167,
        0.994548261
      ]
    ],
    "translation": [
      2.127484,
      0.8350443,
      -0.5820745
    ]
  },
  {
    "timeStamp": 77581,
    "rotation": [
      [
        0.912422061,
        -0.405688584,
        0.05387709
      ],
      [
        0.399142146,
        0.911219239,
        0.101808578
      ],
      [
        -0.09039641,
        -0.0713877752,
        0.993344
      ]
    ],
    "translation": [
      2.128974,
      0.833029151,
      -0.5816004
    ]
  }
]