[
  {
    "timeStamp": 79148,
    "rotation": [
      [
        0.993344367,
        0.06843842,
        0.092645
      ],
      [
        0.05885966,
        0.389772862,
        -0.9190281
      ],
      [
        -0.09900734,
        0.918364465,
        0.383150429
      ]
    ],
    "translation": [
      1.46565068,
      0.6898198,
      -0.491966248
    ]
  },
  {
    "timeStamp": 79204,
    "rotation": [
      [
        0.993309855,
        0.06911253,
        0.09251442
      ],
      [
        0.0594903529,
        0.3803945,
        -0.922908962
      ],
      [
        -0.09897654,
        0.9222383,
        0.37373808
      ]
    ],
    "translation": [
      1.46564484,
      0.6929747,
      -0.492041469
    ]
  },
  {
    "timeStamp": 79248,
    "rotation": [
      [
        0.9931106,
        0.07017228,
        0.0938461
      ],
      [
        0.0585026965,
        0.397004455,
        -0.915950239
      ],
      [
        -0.101531655,
        0.915130138,
        0.390164077
      ]
    ],
    "translation": [
      1.46748793,
      0.692694962,
      -0.493563622
    ]
  },
  {
    "timeStamp": 79304,
    "rotation": [
      [
        0.9892439,
        0.11936897,
        0.0845427
      ],
      [
        0.03070201,
        0.395653963,
        -0.9178863
      ],
      [
        -0.1430168,
        0.9106091,
        0.38773343
      ]
    ],
    "translation": [
      1.46943808,
      0.704561353,
      -0.4955068
    ]
  },
  {
    "timeStamp": 79348,
    "rotation": [
      [
        0.9856854,
        0.159442216,
        0.0547950566
      ],
      [
        -0.0128014134,
        0.394851327,
        -0.9186559
      ],
      [
        -0.168108419,
        0.9048042,
        0.391240239
      ]
    ],
    "translation": [
      1.4711647,
      0.7229677,
      -0.499365836
    ]
  },
  {
    "timeStamp": 79404,
    "rotation": [
      [
        0.967267036,
        0.250938,
        0.03774283
      ],
      [
        -0.0670027956,
        0.3960117,
        -0.915797651
      ],
      [
        -0.244755045,
        0.883292,
        0.399862647
      ]
    ],
    "translation": [
      1.4768,
      0.753377855,
      -0.50330174
    ]
  },
  {
    "timeStamp": 79448,
    "rotation": [
      [
        0.933459461,
        0.355908573,
        0.0445254631
      ],
      [
        -0.10882926,
        0.399317682,
        -0.9103305
      ],
      [
        -0.341774225,
        0.8449109,
        0.411480129
      ]
    ],
    "translation": [
      1.48692989,
      0.7813484,
      -0.5031359
    ]
  },
  {
    "timeStamp": 79504,
    "rotation": [
      [
        0.8869808,
        0.461535335,
        0.0158191342
      ],
      [
        -0.188596621,
        0.393288732,
        -0.8998641
      ],
      [
        -0.421540558,
        0.7951787,
        0.435883522
      ]
    ],
    "translation": [
      1.50742972,
      0.8237074,
      -0.514251351
    ]
  },
  {
    "timeStamp": 79548,
    "rotation": [
      [
        0.8408272,
        0.541171253,
        -0.0119659007
      ],
      [
        -0.244320735,
        0.359694034,
        -0.9005152
      ],
      [
        -0.483028859,
        0.760101259,
        0.4346599
      ]
    ],
    "translation": [
      1.528434,
      0.8565432,
      -0.5275981
    ]
  },
  {
    "timeStamp": 79604,
    "rotation": [
      [
        0.7618113,
        0.647696733,
        0.011507215
      ],
      [
        -0.257421881,
        0.318981081,
        -0.912132144
      ],
      [
        -0.5944556,
        0.6919104,
        0.409734726
      ]
    ],
    "translation": [
      1.56757581,
      0.8861009,
      -0.5376067
    ]
  },
  {
    "timeStamp": 79648,
    "rotation": [
      [
        0.704601347,
        0.7094007,
        0.0169581026
      ],
      [
        -0.260705262,
        0.281020284,
        -0.923612654
      ],
      [
        -0.659977,
        0.646357656,
        0.3829518
      ]
    ],
    "translation": [
      1.601361,
      0.9068863,
      -0.5486565
    ]
  },
  {
    "timeStamp": 79704,
    "rotation": [
      [
        0.6510156,
        0.753686368,
        0.090197064
      ],
      [
        -0.246542111,
        0.322334319,
        -0.9139571
      ],
      [
        -0.717910647,
        0.5727629,
        0.3956601
      ]
    ],
    "translation": [
      1.6492573,
      0.9234827,
      -0.5629806
    ]
  },
  {
    "timeStamp": 79748,
    "rotation": [
      [
        0.580988765,
        0.8061559,
        0.112092279
      ],
      [
        -0.234269828,
        0.297525942,
        -0.9255247
      ],
      [
        -0.7794676,
        0.511459649,
        0.361717254
      ]
    ],
    "translation": [
      1.68867242,
      0.9374308,
      -0.5727626
    ]
  },
  {
    "timeStamp": 79804,
    "rotation": [
      [
        0.5194817,
        0.839656353,
        0.158479914
      ],
      [
        -0.228595927,
        0.31527248,
        -0.921057642
      ],
      [
        -0.823336244,
        0.442244738,
        0.355720341
      ]
    ],
    "translation": [
      1.73760891,
      0.953690648,
      -0.586536169
    ]
  },
  {
    "timeStamp": 79848,
    "rotation": [
      [
        0.460333019,
        0.863436759,
        0.206326455
      ],
      [
        -0.22493057,
        0.338273823,
        -0.9137708
      ],
      [
        -0.8587781,
        0.374229729,
        0.3499319
      ]
    ],
    "translation": [
      1.77762556,
      0.966038465,
      -0.597071946
    ]
  },
  {
    "timeStamp": 79904,
    "rotation": [
      [
        0.412110716,
        0.873677254,
        0.258559048
      ],
      [
        -0.235626429,
        0.37631765,
        -0.896027446
      ],
      [
        -0.8801392,
        0.308339179,
        0.360946
      ]
    ],
    "translation": [
      1.824776,
      0.9821011,
      -0.6130649
    ]
  },
  {
    "timeStamp": 79948,
    "rotation": [
      [
        0.3649892,
        0.8903153,
        0.272252619
      ],
      [
        -0.23943834,
        0.372355372,
        -0.896672
      ],
      [
        -0.8996956,
        0.262087852,
        0.3490813
      ]
    ],
    "translation": [
      1.86079633,
      0.9933382,
      -0.625968635
    ]
  },
  {
    "timeStamp": 80004,
    "rotation": [
      [
        0.307671249,
        0.8962165,
        0.319584548
      ],
      [
        -0.238347813,
        0.39776215,
        -0.8859885
      ],
      [
        -0.921156168,
        0.1964209,
        0.3359912
      ]
    ],
    "translation": [
      1.90792823,
      1.001859,
      -0.640381932
    ]
  },
  {
    "timeStamp": 80048,
    "rotation": [
      [
        0.251042038,
        0.9003489,
        0.355457067
      ],
      [
        -0.241473347,
        0.413857162,
        -0.8777316
      ],
      [
        -0.937373161,
        0.134514123,
        0.321305841
      ]
    ],
    "translation": [
      1.94651341,
      1.00737441,
      -0.6497482
    ]
  },
  {
    "timeStamp": 80103,
    "rotation": [
      [
        0.187968954,
        0.909282565,
        0.3713123
      ],
      [
        -0.2400699,
        0.4091188,
        -0.8803342
      ],
      [
        -0.952383339,
        0.07633461,
        0.295193017
      ]
    ],
    "translation": [
      1.99049866,
      1.01093113,
      -0.6615586
    ]
  },
  {
    "timeStamp": 80148,
    "rotation": [
      [
        0.141888678,
        0.9081853,
        0.393785566
      ],
      [
        -0.22964181,
        0.4171574,
        -0.879343152
      ],
      [
        -0.962877035,
        0.03433922,
        0.267747223
      ]
    ],
    "translation": [
      2.02385688,
      1.00897646,
      -0.6702797
    ]
  },
  {
    "timeStamp": 80195,
    "rotation": [
      [
        0.103723459,
        0.900132537,
        0.42308715
      ],
      [
        -0.226567671,
        0.4355813,
        -0.8711693
      ],
      [
        -0.968456745,
        -0.00549717247,
        0.249120936
      ]
    ],
    "translation": [
      2.05439568,
      1.00534809,
      -0.678026
    ]
  },
  {
    "timeStamp": 80254,
    "rotation": [
      [
        0.06436935,
        0.9114017,
        0.406452447
      ],
      [
        -0.214240134,
        0.410421282,
        -0.886372149
      ],
      [
        -0.9746578,
        -0.0300232172,
        0.221677363
      ]
    ],
    "translation": [
      2.08735347,
      0.996404,
      -0.692959368
    ]
  },
  {
    "timeStamp": 80298,
    "rotation": [
      [
        0.05846617,
        0.9080512,
        0.414758652
      ],
      [
        -0.2107371,
        0.417333156,
        -0.8839813
      ],
      [
        -0.9757928,
        -0.03572203,
        0.215759948
      ]
    ],
    "translation": [
      2.10556126,
      0.9894129,
      -0.703682065
    ]
  },
  {
    "timeStamp": 80354,
    "rotation": [
      [
        0.0444717,
        0.9139416,
        0.403401762
      ],
      [
        -0.208805963,
        0.403386116,
        -0.890887
      ],
      [
        -0.97694546,
        -0.044613447,
        0.208775714
      ]
    ],
    "translation": [
      2.127904,
      0.982224345,
      -0.71558857
    ]
  },
  {
    "timeStamp": 80398,
    "rotation": [
      [
        0.02806245,
        0.902307451,
        0.430178761
      ],
      [
        -0.214922056,
        0.425729841,
        -0.8789554
      ],
      [
        -0.976227939,
        -0.06778926,
        0.205872789
      ]
    ],
    "translation": [
      2.15274048,
      0.977475643,
      -0.719749868
    ]
  },
  {
    "timeStamp": 80454,
    "rotation": [
      [
        -0.0233262759,
        0.8991093,
        0.437102258
      ],
      [
        -0.1865325,
        0.425629,
        -0.8854635
      ],
      [
        -0.9821719,
        -0.102188349,
        0.15778476
      ]
    ],
    "translation": [
      2.18954849,
      0.966146,
      -0.7193029
    ]
  },
  {
    "timeStamp": 80498,
    "rotation": [
      [
        -0.0474219956,
        0.8795165,
        0.473499626
      ],
      [
        -0.174230278,
        0.459482878,
        -0.870930135
      ],
      [
        -0.98356235,
        -0.12379922,
        0.1314488
      ]
    ],
    "translation": [
      2.21819949,
      0.957017839,
      -0.7135027
    ]
  },
  {
    "timeStamp": 80554,
    "rotation": [
      [
        -0.0385116264,
        0.889056265,
        0.456175119
      ],
      [
        -0.119773507,
        0.4491155,
        -0.885409236
      ],
      [
        -0.992054,
        -0.08873625,
        0.08918922
      ]
    ],
    "translation": [
      2.23760533,
      0.9403941,
      -0.706135035
    ]
  },
  {
    "timeStamp": 80598,
    "rotation": [
      [
        -0.02232287,
        0.88809,
        0.4591273
      ],
      [
        -0.0888421,
        0.4556627,
        -0.885708
      ],
      [
        -0.995795548,
        -0.0605613738,
        0.06872809
      ]
    ],
    "translation": [
      2.24835014,
      0.9288219,
      -0.698307455
    ]
  },
  {
    "timeStamp": 80655,
    "rotation": [
      [
        -0.006934148,
        0.8920178,
        0.4519471
      ],
      [
        -0.04502461,
        0.4512211,
        -0.891275644
      ],
      [
        -0.9989618,
        -0.0265289824,
        0.03703392
      ]
    ],
    "translation": [
      2.25707459,
      0.9112453,
      -0.6895739
    ]
  },
  {
    "timeStamp": 80701,
    "rotation": [
      [
        -0.001962708,
        0.8903583,
        0.4552563
      ],
      [
        -0.02435391,
        0.4550796,
        -0.8901177
      ],
      [
        -0.9997015,
        -0.0128343087,
        0.0207905173
      ]
    ],
    "translation": [
      2.26268125,
      0.9002896,
      -0.6812472
    ]
  },
  {
    "timeStamp": 80746,
    "rotation": [
      [
        0.02869002,
        0.8868314,
        0.461201757
      ],
      [
        0.00240233447,
        0.4613292,
        -0.8872258
      ],
      [
        -0.9995855,
        0.0265624858,
        0.0111050764
      ]
    ],
    "translation": [
      2.26078272,
      0.8891103,
      -0.676841736
    ]
  },
  {
    "timeStamp": 80803,
    "rotation": [
      [
        0.05588309,
        0.89397,
        0.444628656
      ],
      [
        0.008096062,
        0.4449042,
        -0.895541549
      ],
      [
        -0.9984045,
        0.0536453724,
        0.0176249854
      ]
    ],
    "translation": [
      2.254344,
      0.8825709,
      -0.6693333
    ]
  },
  {
    "timeStamp": 80848,
    "rotation": [
      [
        0.0855000541,
        0.8900555,
        0.447762132
      ],
      [
        0.0157225151,
        0.448146522,
        -0.893821836
      ],
      [
        -0.9962141,
        0.08346176,
        0.0243226439
      ]
    ],
    "translation": [
      2.25033259,
      0.877771556,
      -0.663397551
    ]
  },
  {
    "timeStamp": 80903,
    "rotation": [
      [
        0.08842569,
        0.89432925,
        0.438584149
      ],
      [
        0.01472437,
        0.439087242,
        -0.8983238
      ],
      [
        -0.995973945,
        0.0858927742,
        0.0256581549
      ]
    ],
    "translation": [
      2.25016427,
      0.8747269,
      -0.652372956
    ]
  },
  {
    "timeStamp": 80947,
    "rotation": [
      [
        0.0972223058,
        0.8853299,
        0.45468545
      ],
      [
        0.0208926778,
        0.454933554,
        -0.8902803
      ],
      [
        -0.9950434,
        0.0960546955,
        0.0257327762
      ]
    ],
    "translation": [
      2.25291443,
      0.8712505,
      -0.6435069
    ]
  },
  {
    "timeStamp": 81003,
    "rotation": [
      [
        0.101494826,
        0.8864189,
        0.4516196
      ],
      [
        0.0314075425,
        0.4508825,
        -0.892030537
      ],
      [
        -0.9943402,
        0.104720749,
        0.0179220028
      ]
    ],
    "translation": [
      2.25484419,
      0.8670267,
      -0.6334046
    ]
  },
  {
    "timeStamp": 81047,
    "rotation": [
      [
        0.11469575,
        0.8845242,
        0.4521745
      ],
      [
        0.039687112,
        0.450735,
        -0.891775131
      ],
      [
        -0.9926076,
        0.120228313,
        0.0165931769
      ]
    ],
    "translation": [
      2.25305414,
      0.862960041,
      -0.6282804
    ]
  },
  {
    "timeStamp": 81103,
    "rotation": [
      [
        0.132925808,
        0.8840252,
        0.448140681
      ],
      [
        0.0552634038,
        0.444838881,
        -0.893904
      ],
      [
        -0.9895841,
        0.143588692,
        0.0102763232
      ]
    ],
    "translation": [
      2.24768353,
      0.8549675,
      -0.625590563
    ]
  },
  {
    "timeStamp": 81147,
    "rotation": [
      [
        0.131994933,
        0.885367453,
        0.4457598
      ],
      [
        0.06466382,
        0.4410457,
        -0.8951521
      ],
      [
        -0.989138961,
        0.146980077,
        0.0009645559
      ]
    ],
    "translation": [
      2.245602,
      0.8478957,
      -0.624028146
    ]
  },
  {
    "timeStamp": 81203,
    "rotation": [
      [
        0.122629322,
        0.8801469,
        0.4585885
      ],
      [
        0.0804601461,
        0.451738179,
        -0.888514936
      ],
      [
        -0.989185631,
        0.145856082,
        -0.0154204033
      ]
    ],
    "translation": [
      2.24662971,
      0.837651849,
      -0.6234336
    ]
  },
  {
    "timeStamp": 81247,
    "rotation": [
      [
        0.117581278,
        0.8768029,
        0.4662525
      ],
      [
        0.08360398,
        0.4591025,
        -0.88444066
      ],
      [
        -0.989537835,
        0.142974228,
        -0.01932235
      ]
    ],
    "translation": [
      2.24716568,
      0.8318358,
      -0.6218644
    ]
  },
  {
    "timeStamp": 81303,
    "rotation": [
      [
        0.113891862,
        0.8754658,
        0.469668239
      ],
      [
        0.0930634,
        0.461264521,
        -0.882368565
      ],
      [
        -0.9891248,
        0.144203514,
        -0.0289395563
      ]
    ],
    "translation": [
      2.24679279,
      0.825798452,
      -0.6200793
    ]
  },
  {
    "timeStamp": 81347,
    "rotation": [
      [
        0.1153841,
        0.874860942,
        0.4704305
      ],
      [
        0.09357052,
        0.461914837,
        -0.881974638
      ],
      [
        -0.98890394,
        0.145784274,
        -0.0285635665
      ]
    ],
    "translation": [
      2.24543142,
      0.822919369,
      -0.6182115
    ]
  },
  {
    "timeStamp": 81403,
    "rotation": [
      [
        0.115585111,
        0.8636924,
        0.4905869
      ],
      [
        0.102921486,
        0.480824947,
        -0.870755136
      ],
      [
        -0.98795104,
        0.151138276,
        -0.0333163
      ]
    ],
    "translation": [
      2.24538064,
      0.8188589,
      -0.617097
    ]
  }
]