[
  {
    "id": "008 pudding box(Clone)-2330",
    "pickRotation": [
      [
        0.248464838,
        -0.455344737,
        0.8549424
      ],
      [
        -0.02773639,
        -0.88560313,
        -0.463613927
      ],
      [
        0.9682437,
        0.09147875,
        -0.232670844
      ]
    ],
    "pickTranslation": [
      -0.000127462685,
      0.043745745,
      0.01970728
    ],
    "placeRotation": [
      [
        -0.0470339954,
        -0.004379294,
        -0.9988837
      ],
      [
        0.437029958,
        0.8991127,
        -0.0245201141
      ],
      [
        0.898216367,
        -0.437695384,
        -0.04037498
      ]
    ],
    "placeTranslation": [
      -0.712536335,
      0.183275744,
      -0.683192849
    ]
  },
  {
    "id": "021 bleach cleanser(Clone)-2394",
    "pickRotation": [
      [
        0.160243556,
        0.7393048,
        0.6540263
      ],
      [
        -0.959739268,
        -0.0381647833,
        0.278287619
      ],
      [
        0.230700135,
        -0.672288537,
        0.703424156
      ]
    ],
    "pickTranslation": [
      -0.0132721467,
      0.0119863208,
      0.135366946
    ],
    "placeRotation": [
      [
        0.0234384537,
        0.995713532,
        -0.0894718245
      ],
      [
        -0.9938702,
        0.01353584,
        -0.109721266
      ],
      [
        -0.108039871,
        0.0914950743,
        0.9899273
      ]
    ],
    "placeTranslation": [
      0.488004744,
      0.445589364,
      0.584449768
    ]
  },
  {
    "id": "016 pear(Clone)-2346",
    "pickRotation": [
      [
        -0.709013462,
        -0.11664322,
        -0.6954813
      ],
      [
        0.687533557,
        0.104999647,
        -0.7185212
      ],
      [
        0.156835914,
        -0.987607956,
        0.00574996369
      ]
    ],
    "pickTranslation": [
      0.0319389962,
      0.00536664343,
      0.0361969024
    ],
    "placeRotation": [
      [
        0.5142362,
        0.765551865,
        -0.386641234
      ],
      [
        0.5467537,
        0.0547055453,
        0.8355045
      ],
      [
        0.660773456,
        -0.6410442,
        -0.390436739
      ]
    ],
    "placeTranslation": [
      0.7935506,
      -0.0399199724,
      0.4383056
    ]
  },
  {
    "id": "017 orange(Clone)-2418",
    "pickRotation": [
      [
        -0.8746498,
        0.2123652,
        -0.435762256
      ],
      [
        -0.448683918,
        -0.6949347,
        0.56191504
      ],
      [
        -0.1834951,
        0.6869984,
        0.7031094
      ]
    ],
    "pickTranslation": [
      -0.00264466438,
      -0.00665011443,
      0.0295935441
    ],
    "placeRotation": [
      [
        0.8809922,
        0.4527524,
        0.137361184
      ],
      [
        -0.223618641,
        0.6543042,
        -0.7224131
      ],
      [
        -0.4169503,
        0.6057238,
        0.677680731
      ]
    ],
    "placeTranslation": [
      0.7905494,
      0.504973233,
      -0.182641044
    ]
  },
  {
    "id": "057 racquetball(Clone)-2406",
    "pickRotation": [
      [
        -0.995731652,
        -0.08417742,
        -0.03784979
      ],
      [
        0.07741161,
        -0.985010564,
        0.154147863
      ],
      [
        -0.0502582155,
        0.150559887,
        0.9873225
      ]
    ],
    "pickTranslation": [
      0.0188535452,
      -0.12567772,
      0.0285410658
    ],
    "placeRotation": [
      [
        0.9984795,
        0.0550963543,
        -0.0017536073
      ],
      [
        -0.05422122,
        0.975890934,
        -0.211416379
      ],
      [
        -0.009936943,
        0.21119,
        0.9773945
      ]
    ],
    "placeTranslation": [
      0.799656153,
      1.13636863,
      -0.7407183
    ]
  },
  {
    "id": "005 tomato soup can(Clone)-2370",
    "pickRotation": [
      [
        -0.6086304,
        -0.10628894,
        -0.786302567
      ],
      [
        0.787785053,
        0.0372995026,
        -0.6148199
      ],
      [
        0.0946772546,
        -0.9936355,
        0.0610312261
      ]
    ],
    "pickTranslation": [
      0.005527187,
      0.08323486,
      0.07664529
    ],
    "placeRotation": [
      [
        0.637565434,
        -0.77027607,
        -0.0136033436
      ],
      [
        0.0140303429,
        -0.0060452274,
        0.9998833
      ],
      [
        -0.77026844,
        -0.6376819,
        0.0069530094
      ]
    ],
    "placeTranslation": [
      0.07390425,
      0.0202282537,
      -0.06849514
    ]
  },
  {
    "id": "058 golf ball(Clone)-2358",
    "pickRotation": [
      [
        -0.876466453,
        -0.148912713,
        -0.4578554
      ],
      [
        0.453290761,
        0.0653027743,
        -0.8889674
      ],
      [
        0.162277773,
        -0.9866917,
        0.0102650644
      ]
    ],
    "pickTranslation": [
      0.00639270153,
      -0.03487581,
      0.0180927981
    ],
    "placeRotation": [
      [
        0.851647437,
        -0.521151841,
        -0.0556537062
      ],
      [
        0.0215711053,
        -0.0712428242,
        0.9972257
      ],
      [
        -0.523671,
        -0.850485265,
        -0.04943195
      ]
    ],
    "placeTranslation": [
      0.63981,
      0.418639749,
      -0.231901675
    ]
  },
  {
    "id": "025 mug(Clone)-2886",
    "pickRotation": [
      [
        -0.992374063,
        0.0415619463,
        -0.116044819
      ],
      [
        0.111751176,
        -0.0939063,
        -0.9892893
      ],
      [
        -0.0520141236,
        -0.9947131,
        0.0885455757
      ]
    ],
    "pickTranslation": [
      0.06571652,
      0.007909939,
      0.0707789
    ],
    "placeRotation": [
      [
        0.996021569,
        0.0613808781,
        -0.06460146
      ],
      [
        0.0556620546,
        0.137588948,
        0.988924146
      ],
      [
        0.0695894957,
        -0.988585651,
        0.133624986
      ]
    ],
    "placeTranslation": [
      -0.09047105,
      0.004223896,
      -0.530979156
    ]
  },
  {
    "id": "014 lemon(Clone)-2790",
    "pickRotation": [
      [
        -0.1686008,
        -0.7629628,
        -0.6240686
      ],
      [
        0.135123372,
        -0.6450452,
        0.7521026
      ],
      [
        -0.976378739,
        0.0424788557,
        0.211849257
      ]
    ],
    "pickTranslation": [
      0.011121287,
      0.01314564,
      0.0288800523
    ],
    "placeRotation": [
      [
        0.229218885,
        -0.133334965,
        0.9641994
      ],
      [
        0.729320347,
        0.6795483,
        -0.07940936
      ],
      [
        -0.644632041,
        0.7214124,
        0.25300923
      ]
    ],
    "placeTranslation": [
      0.0723807141,
      0.582853854,
      -0.498163134
    ]
  },
  {
    "id": "018 plum(Clone)-2874",
    "pickRotation": [
      [
        0.80943495,
        -0.315757155,
        0.495088428
      ],
      [
        -0.413340539,
        -0.90523994,
        0.0984395742
      ],
      [
        0.417090774,
        -0.284320533,
        -0.86324805
      ]
    ],
    "pickTranslation": [
      0.0160297565,
      0.0133428546,
      0.0156322941
    ],
    "placeRotation": [
      [
        -0.7455772,
        0.500323236,
        -0.4402174
      ],
      [
        0.401792169,
        0.864490032,
        0.3020266
      ],
      [
        0.531674445,
        0.0483082533,
        -0.845569968
      ]
    ],
    "placeTranslation": [
      -0.04924694,
      0.4291664,
      -0.211128041
    ]
  },
  {
    "id": "010 potted meat can(Clone)-2838",
    "pickRotation": [
      [
        0.0421922244,
        -0.009363865,
        -0.999065638
      ],
      [
        0.9914879,
        -0.122884579,
        0.0430239551
      ],
      [
        -0.123172626,
        -0.9923768,
        0.004099385
      ]
    ],
    "pickTranslation": [
      0.04845351,
      -0.0297339559,
      0.051884003
    ],
    "placeRotation": [
      [
        -0.0544398353,
        -0.998339,
        0.0188536346
      ],
      [
        0.03600876,
        0.0169064812,
        0.99920845
      ],
      [
        -0.9978675,
        0.0550756454,
        0.0350285619
      ]
    ],
    "placeTranslation": [
      -0.7873698,
      0.0110496478,
      -0.0217987
    ]
  },
  {
    "id": "012 strawberry(Clone)-2430",
    "pickRotation": [
      [
        0.0565152653,
        -0.243264675,
        0.9683121
      ],
      [
        0.0578578,
        -0.967434347,
        -0.246421009
      ],
      [
        0.9967239,
        0.06995096,
        -0.0406000465
      ]
    ],
    "pickTranslation": [
      0.00131765835,
      0.0155390482,
      0.0207234751
    ],
    "placeRotation": [
      [
        -0.23598133,
        0.04307318,
        -0.9708025
      ],
      [
        0.1935016,
        0.9810937,
        -0.00350631773
      ],
      [
        0.952297151,
        -0.188679263,
        -0.23985453
      ]
    ],
    "placeTranslation": [
      -0.640563369,
      0.189439133,
      -0.216630608
    ]
  },
  {
    "id": "006 mustard bottle(Clone)-2442",
    "pickRotation": [
      [
        -0.4449632,
        -0.1596163,
        -0.8812096
      ],
      [
        0.8955022,
        -0.06925678,
        -0.439635456
      ],
      [
        0.009143245,
        -0.984746754,
        0.17375347
      ]
    ],
    "pickTranslation": [
      0.0256178267,
      -0.0182963721,
      0.151147246
    ],
    "placeRotation": [
      [
        0.407363862,
        -0.912012339,
        0.04783411
      ],
      [
        -0.02714952,
        0.04026036,
        0.9988203
      ],
      [
        -0.9128623,
        -0.408182,
        -0.008360082
      ]
    ],
    "placeTranslation": [
      0.324350357,
      0.253068924,
      -0.161584988
    ]
  },
  {
    "id": "101 bread(Clone)-2382",
    "pickRotation": [
      [
        -0.8701768,
        -0.4045542,
        -0.281297535
      ],
      [
        0.40547508,
        -0.9122828,
        0.057707008
      ],
      [
        -0.2799685,
        -0.06384383,
        0.957883954
      ]
    ],
    "pickTranslation": [
      0.008294182,
      0.0410836451,
      -0.00181718159
    ],
    "placeRotation": [
      [
        0.9137072,
        -0.404061258,
        0.0432852581
      ],
      [
        0.3973518,
        0.9106598,
        0.1131825
      ],
      [
        -0.08515081,
        -0.08621619,
        0.992630839
      ]
    ],
    "placeTranslation": [
      -0.5071562,
      0.6663539,
      -0.45712173
    ]
  },
  {
    "id": "103 toothpaste(Clone)-2802",
    "pickRotation": [
      [
        -0.0208826214,
        -0.0244517084,
        -0.99948287
      ],
      [
        -0.9175371,
        -0.3966005,
        0.0288730711
      ],
      [
        -0.397101432,
        0.9176656,
        -0.0141532905
      ]
    ],
    "pickTranslation": [
      0.02366534,
      0.0289358851,
      -0.0217626859
    ],
    "placeRotation": [
      [
        0.118917607,
        0.8629602,
        0.491078734
      ],
      [
        0.104907073,
        0.480899781,
        -0.870476842
      ],
      [
        -0.98734653,
        0.15503265,
        -0.0333431773
      ]
    ],
    "placeTranslation": [
      -0.302797526,
      0.5801334,
      0.5425926
    ]
  },
  {
    "id": "007 tuna fish can(Clone)-2454",
    "pickRotation": [
      [
        -0.9574754,
        -0.0354868248,
        -0.286323965
      ],
      [
        0.2880678,
        -0.0623696223,
        -0.9555768
      ],
      [
        0.0160524677,
        -0.99742204,
        0.06993999
      ]
    ],
    "pickTranslation": [
      0.0267813131,
      -0.020090146,
      0.0193837415
    ],
    "placeRotation": [
      [
        0.9829676,
        -0.18337962,
        -0.0121079218
      ],
      [
        0.03314891,
        0.11211396,
        0.9931423
      ],
      [
        -0.1807646,
        -0.9766281,
        0.11628323
      ]
    ],
    "placeTranslation": [
      -0.6349982,
      0.607277155,
      0.099571
    ]
  },
  {
    "id": "002 masterchef can(Clone)-2862",
    "pickRotation": [
      [
        -0.9731347,
        -0.0281001925,
        -0.228515357
      ],
      [
        0.22489059,
        0.09662858,
        -0.9695809
      ],
      [
        0.04932654,
        -0.9949238,
        -0.0877131447
      ]
    ],
    "pickTranslation": [
      0.0182888843,
      -0.0253619384,
      0.106197789
    ],
    "placeRotation": [
      [
        0.984171331,
        -0.145215511,
        0.101584062
      ],
      [
        -0.0902299061,
        0.08276039,
        0.992476344
      ],
      [
        -0.152530089,
        -0.985932648,
        0.0683476254
      ]
    ],
    "placeTranslation": [
      0.789581835,
      0.371251523,
      0.434812963
    ]
  },
  {
    "id": "015 peach(Clone)-2850",
    "pickRotation": [
      [
        -0.421012044,
        0.189618915,
        0.887013853
      ],
      [
        -0.9056914,
        -0.141481653,
        -0.399632335
      ],
      [
        0.0497183353,
        -0.971610844,
        0.23130171
      ]
    ],
    "pickTranslation": [
      0.0122716175,
      0.007818671,
      0.0304860659
    ],
    "placeRotation": [
      [
        0.3428264,
        0.9393681,
        0.00759094069
      ],
      [
        -0.184283108,
        0.05932688,
        0.981081069
      ],
      [
        0.9211459,
        -0.337739348,
        0.193448484
      ]
    ],
    "placeTranslation": [
      0.8483128,
      0.5330799,
      -0.124655142
    ]
  }
]