[
  {
    "timeStamp": 69115,
    "rotation": [
      [
        0.9634886,
        -0.07874087,
        -0.255909353
      ],
      [
        0.257630616,
        0.0123655079,
        0.966164351
      ],
      [
        -0.07291217,
        -0.996818364,
        0.0322000869
      ]
    ],
    "translation": [
      1.14922655,
      0.8571042,
      -0.624852836
    ]
  },
  {
    "timeStamp": 69170,
    "rotation": [
      [
        0.9639475,
        -0.0979108661,
        -0.24742426
      ],
      [
        0.249327376,
        0.007509685,
        0.968390167
      ],
      [
        -0.09295784,
        -0.995166838,
        0.0316508
      ]
    ],
    "translation": [
      1.148415,
      0.8592696,
      -0.625083268
    ]
  },
  {
    "timeStamp": 69215,
    "rotation": [
      [
        0.961135745,
        -0.08382634,
        -0.2630421
      ],
      [
        0.263936728,
        -0.00042407983,
        0.9645399
      ],
      [
        -0.0809654,
        -0.9964803,
        0.0217172541
      ]
    ],
    "translation": [
      1.1489222,
      0.859407842,
      -0.624995
    ]
  },
  {
    "timeStamp": 69272,
    "rotation": [
      [
        0.963755965,
        -0.100780912,
        -0.2470176
      ],
      [
        0.250804722,
        0.02661796,
        0.9676717
      ],
      [
        -0.09094773,
        -0.994552553,
        0.0509295426
      ]
    ],
    "translation": [
      1.14822519,
      0.8597731,
      -0.624957442
    ]
  },
  {
    "timeStamp": 69315,
    "rotation": [
      [
        0.9645857,
        -0.09599446,
        -0.24568148
      ],
      [
        0.250962079,
        0.0472891331,
        0.9668411
      ],
      [
        -0.08119331,
        -0.9942579,
        0.06970539
      ]
    ],
    "translation": [
      1.14845049,
      0.8603033,
      -0.624721467
    ]
  },
  {
    "timeStamp": 69370,
    "rotation": [
      [
        0.96373117,
        -0.09801683,
        -0.248223618
      ],
      [
        0.2538475,
        0.0496252365,
        0.9659704
      ],
      [
        -0.08236321,
        -0.9939467,
        0.0727067143
      ]
    ],
    "translation": [
      1.148337,
      0.860432,
      -0.624722362
    ]
  },
  {
    "timeStamp": 69415,
    "rotation": [
      [
        0.9625822,
        -0.09219818,
        -0.254823536
      ],
      [
        0.260449976,
        0.0550546274,
        0.963916361
      ],
      [
        -0.07484211,
        -0.9942175,
        0.0770076141
      ]
    ],
    "translation": [
      1.1485765,
      0.860745668,
      -0.624596834
    ]
  },
  {
    "timeStamp": 69471,
    "rotation": [
      [
        0.9642475,
        -0.1992431,
        -0.174724862
      ],
      [
        0.172852233,
        -0.0268935822,
        0.9845805
      ],
      [
        -0.200869858,
        -0.979581,
        0.008507543
      ]
    ],
    "translation": [
      1.13792491,
      0.8703978,
      -0.6030194
    ]
  },
  {
    "timeStamp": 69515,
    "rotation": [
      [
        0.959550261,
        -0.2190972,
        -0.176804438
      ],
      [
        0.168928668,
        -0.0543274246,
        0.9841299
      ],
      [
        -0.225225419,
        -0.9741894,
        -0.015118096
      ]
    ],
    "translation": [
      1.13876832,
      0.876170158,
      -0.5957129
    ]
  },
  {
    "timeStamp": 69570,
    "rotation": [
      [
        0.9646624,
        -0.214992881,
        -0.152330145
      ],
      [
        0.143030122,
        -0.0582655035,
        0.988001764
      ],
      [
        -0.221288949,
        -0.9748759,
        -0.0254560821
      ]
    ],
    "translation": [
      1.13686776,
      0.8850489,
      -0.594836354
    ]
  },
  {
    "timeStamp": 69615,
    "rotation": [
      [
        0.955792248,
        -0.239261925,
        -0.170923725
      ],
      [
        0.160477519,
        -0.06263139,
        0.9850504
      ],
      [
        -0.246390253,
        -0.9689329,
        -0.02146643
      ]
    ],
    "translation": [
      1.14034033,
      0.8846886,
      -0.588305533
    ]
  },
  {
    "timeStamp": 69670,
    "rotation": [
      [
        0.9523018,
        -0.240372777,
        -0.187995315
      ],
      [
        0.174963027,
        -0.07465498,
        0.9817406
      ],
      [
        -0.250018477,
        -0.967805564,
        -0.0290377252
      ]
    ],
    "translation": [
      1.14426744,
      0.879923463,
      -0.586390734
    ]
  },
  {
    "timeStamp": 69715,
    "rotation": [
      [
        0.952463567,
        -0.23525773,
        -0.1935642
      ],
      [
        0.1777277,
        -0.08696113,
        0.9802299
      ],
      [
        -0.2474392,
        -0.9680349,
        -0.0410154872
      ]
    ],
    "translation": [
      1.14741278,
      0.8782308,
      -0.5864591
    ]
  },
  {
    "timeStamp": 69769,
    "rotation": [
      [
        0.9551971,
        -0.243741155,
        -0.167894825
      ],
      [
        0.1548007,
        -0.07205994,
        0.9853142
      ],
      [
        -0.252260149,
        -0.9671595,
        -0.0311001427
      ]
    ],
    "translation": [
      1.14917469,
      0.8846809,
      -0.5879921
    ]
  },
  {
    "timeStamp": 69814,
    "rotation": [
      [
        0.954569638,
        -0.248953372,
        -0.163764879
      ],
      [
        0.147307113,
        -0.08349084,
        0.9855607
      ],
      [
        -0.2590315,
        -0.96491003,
        -0.04302523
      ]
    ],
    "translation": [
      1.15424848,
      0.8912004,
      -0.585922062
    ]
  },
  {
    "timeStamp": 69869,
    "rotation": [
      [
        0.9577481,
        -0.260300338,
        -0.122320339
      ],
      [
        0.106529318,
        -0.07398705,
        0.991553
      ],
      [
        -0.2671517,
        -0.962688744,
        -0.04313134
      ]
    ],
    "translation": [
      1.16013181,
      0.90868926,
      -0.5841988
    ]
  },
  {
    "timeStamp": 69914,
    "rotation": [
      [
        0.9548322,
        -0.281087518,
        -0.09636039
      ],
      [
        0.07925977,
        -0.0716121644,
        0.994278431
      ],
      [
        -0.2863798,
        -0.9570065,
        -0.0460986644
      ]
    ],
    "translation": [
      1.16922784,
      0.9255928,
      -0.5791666
    ]
  },
  {
    "timeStamp": 69970,
    "rotation": [
      [
        0.948881447,
        -0.310038447,
        -0.05916195
      ],
      [
        0.03824369,
        -0.07312461,
        0.9965893
      ],
      [
        -0.313307166,
        -0.9479077,
        -0.05752957
      ]
    ],
    "translation": [
      1.18669879,
      0.949900746,
      -0.5702138
    ]
  },
  {
    "timeStamp": 70015,
    "rotation": [
      [
        0.939371169,
        -0.34195435,
        -0.025477197
      ],
      [
        0.0004997349,
        -0.0729334354,
        0.9973367
      ],
      [
        -0.342901766,
        -0.936882,
        -0.06834068
      ]
    ],
    "translation": [
      1.20533061,
      0.9717168,
      -0.5619007
    ]
  },
  {
    "timeStamp": 70069,
    "rotation": [
      [
        0.918868244,
        -0.394245028,
        -0.015876051
      ],
      [
        -0.0205114726,
        -0.08791124,
        0.9959171
      ],
      [
        -0.394031048,
        -0.9147909,
        -0.08886539
      ]
    ],
    "translation": [
      1.24089575,
      0.994244635,
      -0.54762
    ]
  },
  {
    "timeStamp": 70114,
    "rotation": [
      [
        0.8961992,
        -0.443439871,
        0.0137121081
      ],
      [
        -0.0540797971,
        -0.078514874,
        0.995445
      ],
      [
        -0.4403434,
        -0.8928586,
        -0.0943461061
      ]
    ],
    "translation": [
      1.27341,
      1.01422822,
      -0.537097037
    ]
  },
  {
    "timeStamp": 70170,
    "rotation": [
      [
        0.859468937,
        -0.511186,
        -0.00146306225
      ],
      [
        -0.05983456,
        -0.103442825,
        0.992834032
      ],
      [
        -0.507674158,
        -0.8532224,
        -0.119492479
      ]
    ],
    "translation": [
      1.32770884,
      1.03133953,
      -0.521884561
    ]
  },
  {
    "timeStamp": 70215,
    "rotation": [
      [
        0.8166682,
        -0.5770672,
        -0.00681313
      ],
      [
        -0.07406343,
        -0.116508327,
        0.990424335
      ],
      [
        -0.5723352,
        -0.80834347,
        -0.137888223
      ]
    ],
    "translation": [
      1.37550211,
      1.0445863,
      -0.5114028
    ]
  },
  {
    "timeStamp": 70270,
    "rotation": [
      [
        0.75912863,
        -0.6491518,
        -0.0482238866
      ],
      [
        -0.06594909,
        -0.150400862,
        0.986422956
      ],
      [
        -0.6475912,
        -0.7456416,
        -0.156984583
      ]
    ],
    "translation": [
      1.4460218,
      1.05690682,
      -0.5009741
    ]
  },
  {
    "timeStamp": 70315,
    "rotation": [
      [
        0.6965515,
        -0.71435684,
        -0.06715905
      ],
      [
        -0.0731438547,
        -0.163808838,
        0.983776748
      ],
      [
        -0.7137689,
        -0.6803389,
        -0.1663521
      ]
    ],
    "translation": [
      1.50510013,
      1.06744432,
      -0.4955967
    ]
  },
  {
    "timeStamp": 70370,
    "rotation": [
      [
        0.6095181,
        -0.783831358,
        -0.118726887
      ],
      [
        -0.05766384,
        -0.193199486,
        0.9794636
      ],
      [
        -0.790672243,
        -0.5901546,
        -0.162957311
      ]
    ],
    "translation": [
      1.58362472,
      1.07601,
      -0.494494379
    ]
  },
  {
    "timeStamp": 70415,
    "rotation": [
      [
        0.5285827,
        -0.835472763,
        -0.15028508
      ],
      [
        -0.0620871931,
        -0.21461454,
        0.974723458
      ],
      [
        -0.8466082,
        -0.505891144,
        -0.165313691
      ]
    ],
    "translation": [
      1.64687335,
      1.08458054,
      -0.497008055
    ]
  },
  {
    "timeStamp": 70470,
    "rotation": [
      [
        0.4459626,
        -0.880109131,
        -0.162865669
      ],
      [
        -0.0689829439,
        -0.215218276,
        0.9741265
      ],
      [
        -0.8923893,
        -0.423189044,
        -0.156691819
      ]
    ],
    "translation": [
      1.719368,
      1.09559512,
      -0.5095565
    ]
  },
  {
    "timeStamp": 70514,
    "rotation": [
      [
        0.3605906,
        -0.9142702,
        -0.184619263
      ],
      [
        -0.066824764,
        -0.222750172,
        0.9725825
      ],
      [
        -0.9303273,
        -0.338367,
        -0.141417518
      ]
    ],
    "translation": [
      1.77905834,
      1.10223365,
      -0.522065461
    ]
  },
  {
    "timeStamp": 70570,
    "rotation": [
      [
        0.283624262,
        -0.9376075,
        -0.201120466
      ],
      [
        -0.0763464049,
        -0.231146008,
        0.969918966
      ],
      [
        -0.9558915,
        -0.25973773,
        -0.137141585
      ]
    ],
    "translation": [
      1.84553075,
      1.11078024,
      -0.5435201
    ]
  },
  {
    "timeStamp": 70614,
    "rotation": [
      [
        0.200143263,
        -0.952790141,
        -0.228327945
      ],
      [
        -0.06494303,
        -0.245431751,
        0.9672361
      ],
      [
        -0.9776119,
        -0.178757489,
        -0.110998593
      ]
    ],
    "translation": [
      1.90043271,
      1.11294281,
      -0.56143117
    ]
  },
  {
    "timeStamp": 70670,
    "rotation": [
      [
        0.119156592,
        -0.962079167,
        -0.245367661
      ],
      [
        -0.04874673,
        -0.252499044,
        0.966368437
      ],
      [
        -0.9916781,
        -0.103188291,
        -0.0769851357
      ]
    ],
    "translation": [
      1.96062863,
      1.10889053,
      -0.5858357
    ]
  },
  {
    "timeStamp": 70714,
    "rotation": [
      [
        0.05981562,
        -0.9695224,
        -0.23758854
      ],
      [
        -0.0357501358,
        -0.239942715,
        0.970128536
      ],
      [
        -0.9975691,
        -0.04953501,
        -0.049012877
      ]
    ],
    "translation": [
      2.00297,
      1.10530579,
      -0.6044724
    ]
  },
  {
    "timeStamp": 70770,
    "rotation": [
      [
        -0.0083174305,
        -0.9714753,
        -0.236994728
      ],
      [
        -0.0207574144,
        -0.23678413,
        0.971340537
      ],
      [
        -0.9997499,
        0.0129984524,
        -0.0181958787
      ]
    ],
    "translation": [
      2.05063033,
      1.09806347,
      -0.626919448
    ]
  },
  {
    "timeStamp": 70814,
    "rotation": [
      [
        -0.0391188972,
        -0.9716417,
        -0.233199671
      ],
      [
        -0.00335292588,
        -0.233249351,
        0.972411156
      ],
      [
        -0.999228954,
        0.0388215557,
        0.005866615
      ]
    ],
    "translation": [
      2.07999516,
      1.092071,
      -0.64341
    ]
  },
  {
    "timeStamp": 70870,
    "rotation": [
      [
        -0.0522116721,
        -0.9686623,
        -0.242831841
      ],
      [
        0.0217119884,
        -0.244207114,
        0.96948
      ],
      [
        -0.998400033,
        0.0453458056,
        0.0337820463
      ]
    ],
    "translation": [
      2.1122942,
      1.082407,
      -0.6598763
    ]
  },
  {
    "timeStamp": 70920,
    "rotation": [
      [
        -0.06354814,
        -0.970358,
        -0.233167112
      ],
      [
        0.0492701456,
        -0.236404985,
        0.9704046
      ],
      [
        -0.9967618,
        0.05017923,
        0.06283278
      ]
    ],
    "translation": [
      2.14224362,
      1.0730834,
      -0.6727928
    ]
  },
  {
    "timeStamp": 70965,
    "rotation": [
      [
        -0.05428984,
        -0.9622487,
        -0.2667023
      ],
      [
        0.0744711,
        -0.270254225,
        0.959904552
      ],
      [
        -0.9957443,
        0.0322514623,
        0.08633178
      ]
    ],
    "translation": [
      2.1661284,
      1.06330252,
      -0.6823382
    ]
  },
  {
    "timeStamp": 71020,
    "rotation": [
      [
        0.0111520486,
        -0.9782539,
        -0.207110867
      ],
      [
        0.0846937,
        -0.205455378,
        0.9749949
      ],
      [
        -0.996344566,
        -0.02841418,
        0.08056069
      ]
    ],
    "translation": [
      2.17506552,
      1.05552208,
      -0.6880473
    ]
  },
  {
    "timeStamp": 71065,
    "rotation": [
      [
        0.0116607286,
        -0.973787069,
        -0.2271625
      ],
      [
        0.137630954,
        -0.2234527,
        0.964949
      ],
      [
        -0.9904149,
        -0.0425166041,
        0.131417617
      ]
    ],
    "translation": [
      2.194464,
      1.03958237,
      -0.6966013
    ]
  },
  {
    "timeStamp": 71120,
    "rotation": [
      [
        0.07549272,
        -0.980503,
        -0.181424037
      ],
      [
        0.156584918,
        -0.168028951,
        0.973266363
      ],
      [
        -0.9847751,
        -0.1018828,
        0.140847012
      ]
    ],
    "translation": [
      2.20132923,
      1.0254097,
      -0.698432148
    ]
  },
  {
    "timeStamp": 71164,
    "rotation": [
      [
        0.06734739,
        -0.976419449,
        -0.2051085
      ],
      [
        0.210460529,
        -0.187046811,
        0.9595415
      ],
      [
        -0.9752798,
        -0.107789837,
        0.192900643
      ]
    ],
    "translation": [
      2.21641254,
      1.01018929,
      -0.7008354
    ]
  },
  {
    "timeStamp": 71220,
    "rotation": [
      [
        0.130530342,
        -0.9742922,
        -0.183620647
      ],
      [
        0.226605788,
        -0.1509847,
        0.9622128
      ],
      [
        -0.9652003,
        -0.16720745,
        0.201072156
      ]
    ],
    "translation": [
      2.21575332,
      0.9959587,
      -0.697364867
    ]
  },
  {
    "timeStamp": 71264,
    "rotation": [
      [
        0.128000781,
        -0.9768795,
        -0.1712375
      ],
      [
        0.2609957,
        -0.133393079,
        0.956079245
      ],
      [
        -0.9568161,
        -0.167071134,
        0.237886921
      ]
    ],
    "translation": [
      2.22406173,
      0.9827428,
      -0.69643575
    ]
  },
  {
    "timeStamp": 71321,
    "rotation": [
      [
        0.140110761,
        -0.975491643,
        -0.169661582
      ],
      [
        0.2716912,
        -0.126897216,
        0.953981638
      ],
      [
        -0.9521307,
        -0.179758653,
        0.247252837
      ]
    ],
    "translation": [
      2.2319777,
      0.973415732,
      -0.6909856
    ]
  },
  {
    "timeStamp": 71367,
    "rotation": [
      [
        0.136211187,
        -0.9754438,
        -0.173077524
      ],
      [
        0.3064364,
        -0.124653161,
        0.943694
      ],
      [
        -0.9420951,
        -0.181578919,
        0.281932324
      ]
    ],
    "translation": [
      2.241119,
      0.9641706,
      -0.691002131
    ]
  },
  {
    "timeStamp": 71413,
    "rotation": [
      [
        0.153949827,
        -0.9748407,
        -0.16119875
      ],
      [
        0.3024866,
        -0.108812578,
        0.946922243
      ],
      [
        -0.94063884,
        -0.194538951,
        0.278124571
      ]
    ],
    "translation": [
      2.24154973,
      0.9616287,
      -0.6871008
    ]
  },
  {
    "timeStamp": 71469,
    "rotation": [
      [
        0.168416277,
        -0.9747361,
        -0.146715835
      ],
      [
        0.3223092,
        -0.08620494,
        0.942701161
      ],
      [
        -0.9315325,
        -0.206054091,
        0.299648076
      ]
    ],
    "translation": [
      2.24147058,
      0.956503868,
      -0.683358431
    ]
  },
  {
    "timeStamp": 71514,
    "rotation": [
      [
        0.181881517,
        -0.9693894,
        -0.164934531
      ],
      [
        0.342299819,
        -0.09482437,
        0.934793651
      ],
      [
        -0.921818852,
        -0.226478741,
        0.314575016
      ]
    ],
    "translation": [
      2.24176049,
      0.9491037,
      -0.682384968
    ]
  },
  {
    "timeStamp": 71570,
    "rotation": [
      [
        0.186873823,
        -0.9695724,
        -0.158137873
      ],
      [
        0.340058148,
        -0.08717781,
        0.9363549
      ],
      [
        -0.92165,
        -0.228756309,
        0.313419729
      ]
    ],
    "translation": [
      2.24170732,
      0.9426377,
      -0.677509844
    ]
  },
  {
    "timeStamp": 71615,
    "rotation": [
      [
        0.185215637,
        -0.971273,
        -0.1494117
      ],
      [
        0.351360947,
        -0.07653816,
        0.9331063
      ],
      [
        -0.91773665,
        -0.225323319,
        0.327091336
      ]
    ],
    "translation": [
      2.24159312,
      0.937072456,
      -0.6761954
    ]
  },
  {
    "timeStamp": 71670,
    "rotation": [
      [
        0.17589882,
        -0.9728433,
        -0.15045169
      ],
      [
        0.3582723,
        -0.07908748,
        0.9302613
      ],
      [
        -0.9168973,
        -0.217534542,
        0.3346314
      ]
    ],
    "translation": [
      2.2415905,
      0.9324983,
      -0.67391485
    ]
  },
  {
    "timeStamp": 71714,
    "rotation": [
      [
        0.176063627,
        -0.9701508,
        -0.16676034
      ],
      [
        0.3661035,
        -0.09272076,
        0.9259434
      ],
      [
        -0.913766861,
        -0.22407648,
        0.338850856
      ]
    ],
    "translation": [
      2.241796,
      0.92830193,
      -0.6734529
    ]
  },
  {
    "timeStamp": 71770,
    "rotation": [
      [
        0.172950029,
        -0.9719658,
        -0.159282133
      ],
      [
        0.3591946,
        -0.08833842,
        0.92907244
      ],
      [
        -0.9170974,
        -0.217896372,
        0.333846718
      ]
    ],
    "translation": [
      2.24167514,
      0.924661458,
      -0.671251
    ]
  },
  {
    "timeStamp": 71815,
    "rotation": [
      [
        0.19588016,
        -0.964980245,
        -0.174482331
      ],
      [
        0.372797549,
        -0.09129227,
        0.9234109
      ],
      [
        -0.907002151,
        -0.245924458,
        0.341859937
      ]
    ],
    "translation": [
      2.24202228,
      0.9179698,
      -0.6722785
    ]
  },
  {
    "timeStamp": 71869,
    "rotation": [
      [
        0.211098373,
        -0.9583818,
        -0.192202747
      ],
      [
        0.3879369,
        -0.09833921,
        0.916424751
      ],
      [
        -0.897185862,
        -0.268018335,
        0.3510324
      ]
    ],
    "translation": [
      2.24222326,
      0.910105,
      -0.674115539
    ]
  },
  {
    "timeStamp": 71915,
    "rotation": [
      [
        0.214340657,
        -0.955703855,
        -0.2017133
      ],
      [
        0.403741539,
        -0.101357549,
        0.90924114
      ],
      [
        -0.889410436,
        -0.276327342,
        0.3641323
      ]
    ],
    "translation": [
      2.24235129,
      0.9030463,
      -0.6769616
    ]
  },
  {
    "timeStamp": 71970,
    "rotation": [
      [
        0.220011786,
        -0.9541584,
        -0.202919945
      ],
      [
        0.423294783,
        -0.09403169,
        0.9010991
      ],
      [
        -0.8788722,
        -0.284147382,
        0.383202225
      ]
    ],
    "translation": [
      2.2422812,
      0.8966339,
      -0.681188
    ]
  },
  {
    "timeStamp": 72014,
    "rotation": [
      [
        0.230878949,
        -0.95309186,
        -0.1957314
      ],
      [
        0.421445847,
        -0.08335536,
        0.903014541
      ],
      [
        -0.876971066,
        -0.29097724,
        0.382431656
      ]
    ],
    "translation": [
      2.24224234,
      0.895632148,
      -0.682732
    ]
  }
]