[
  {
    "timeStamp": 93603,
    "rotation": [
      [
        -0.951655447,
        0.28591913,
        -0.112259455
      ],
      [
        -0.106668845,
        0.0351057,
        0.9936747
      ],
      [
        0.288051546,
        0.9576105,
        -0.00290987012
      ]
    ],
    "translation": [
      1.15996265,
      0.8571198,
      -0.756639063
    ]
  },
  {
    "timeStamp": 93659,
    "rotation": [
      [
        -0.951032937,
        0.284921467,
        -0.119817019
      ],
      [
        -0.122184657,
        0.00951901451,
        0.992461741
      ],
      [
        0.283914179,
        0.9585036,
        0.0257601347
      ]
    ],
    "translation": [
      1.15991986,
      0.857972443,
      -0.7563745
    ]
  },
  {
    "timeStamp": 93704,
    "rotation": [
      [
        -0.955319941,
        0.2705111,
        -0.119111739
      ],
      [
        -0.125583932,
        -0.006679117,
        0.992060542
      ],
      [
        0.2675678,
        0.9626937,
        0.04035254
      ]
    ],
    "translation": [
      1.16010058,
      0.857983,
      -0.7553548
    ]
  },
  {
    "timeStamp": 93759,
    "rotation": [
      [
        -0.9632116,
        0.246119842,
        -0.107928269
      ],
      [
        -0.118577071,
        -0.028819833,
        0.992526531
      ],
      [
        0.24117,
        0.968810856,
        0.0569437668
      ]
    ],
    "translation": [
      1.16034031,
      0.858805656,
      -0.753654659
    ]
  },
  {
    "timeStamp": 93803,
    "rotation": [
      [
        -0.963765562,
        0.248313591,
        -0.09744878
      ],
      [
        -0.113599114,
        -0.0515286326,
        0.9921895
      ],
      [
        0.241352752,
        0.967308164,
        0.07786973
      ]
    ],
    "translation": [
      1.16053677,
      0.859506,
      -0.7535155
    ]
  },
  {
    "timeStamp": 93859,
    "rotation": [
      [
        -0.9245713,
        0.367219031,
        -0.101578027
      ],
      [
        -0.108201429,
        0.002563539,
        0.994125664
      ],
      [
        0.365322262,
        0.930130959,
        0.03736345
      ]
    ],
    "translation": [
      1.17027664,
      0.872014761,
      -0.736225843
    ]
  },
  {
    "timeStamp": 93903,
    "rotation": [
      [
        -0.921280563,
        0.3834355,
        -0.06495639
      ],
      [
        -0.07454525,
        -0.0101837553,
        0.9971656
      ],
      [
        0.381687164,
        0.9235115,
        0.03796539
      ]
    ],
    "translation": [
      1.17567945,
      0.890751958,
      -0.7325174
    ]
  },
  {
    "timeStamp": 93958,
    "rotation": [
      [
        -0.9102505,
        0.412287116,
        -0.038254
      ],
      [
        -0.04167093,
        0.0007028579,
        0.999131143
      ],
      [
        0.411955774,
        0.911053658,
        0.0165406112
      ]
    ],
    "translation": [
      1.19193292,
      0.916085839,
      -0.720767856
    ]
  },
  {
    "timeStamp": 94003,
    "rotation": [
      [
        -0.89548564,
        0.445079058,
        0.0031757066
      ],
      [
        -0.005362279,
        -0.0179226454,
        0.999825
      ],
      [
        0.4450581,
        0.8953119,
        0.01843611
      ]
    ],
    "translation": [
      1.21017909,
      0.9396808,
      -0.710726
    ]
  },
  {
    "timeStamp": 94058,
    "rotation": [
      [
        -0.864067256,
        0.502896249,
        0.0219795518
      ],
      [
        0.0280482881,
        0.00450376561,
        0.9995964
      ],
      [
        0.5025943,
        0.864335,
        -0.017996937
      ]
    ],
    "translation": [
      1.24670565,
      0.967845,
      -0.6895052
    ]
  },
  {
    "timeStamp": 94103,
    "rotation": [
      [
        -0.82707715,
        0.560270131,
        0.0451739952
      ],
      [
        0.055471,
        0.00138219027,
        0.998459339
      ],
      [
        0.55934453,
        0.828308761,
        -0.0322219245
      ]
    ],
    "translation": [
      1.283435,
      0.9897827,
      -0.6718868
    ]
  },
  {
    "timeStamp": 94159,
    "rotation": [
      [
        -0.764424,
        0.644173563,
        0.0263867378
      ],
      [
        0.06779484,
        0.0396146849,
        0.9969125
      ],
      [
        0.6411394,
        0.7638528,
        -0.07395406
      ]
    ],
    "translation": [
      1.34475386,
      1.01337576,
      -0.644201338
    ]
  },
  {
    "timeStamp": 94204,
    "rotation": [
      [
        -0.691711843,
        0.721680939,
        0.02667036
      ],
      [
        0.08292523,
        0.0426868126,
        0.9956411
      ],
      [
        0.717396736,
        0.690908432,
        -0.08937253
      ]
    ],
    "translation": [
      1.39984655,
      1.032287,
      -0.624523759
    ]
  },
  {
    "timeStamp": 94259,
    "rotation": [
      [
        -0.5961055,
        0.8026858,
        -0.0188046284
      ],
      [
        0.07435499,
        0.07850867,
        0.9941367
      ],
      [
        0.799455762,
        0.591212153,
        -0.106483154
      ]
    ],
    "translation": [
      1.48221016,
      1.04937148,
      -0.6057432
    ]
  },
  {
    "timeStamp": 94303,
    "rotation": [
      [
        -0.5009729,
        0.8650018,
        -0.0282486062
      ],
      [
        0.07939523,
        0.07843566,
        0.9937526
      ],
      [
        0.8618135,
        0.495600373,
        -0.107971162
      ]
    ],
    "translation": [
      1.5481137,
      1.06425667,
      -0.598779261
    ]
  },
  {
    "timeStamp": 94359,
    "rotation": [
      [
        -0.378234982,
        0.921290636,
        -0.09034352
      ],
      [
        0.05305044,
        0.119005777,
        0.9914753
      ],
      [
        0.9241883,
        0.37021786,
        -0.0938870162
      ]
    ],
    "translation": [
      1.63915026,
      1.074066,
      -0.5990149
    ]
  },
  {
    "timeStamp": 94404,
    "rotation": [
      [
        -0.282127023,
        0.9524106,
        -0.115405373
      ],
      [
        0.0312329289,
        0.1293463,
        0.991107464
      ],
      [
        0.9588685,
        0.276013732,
        -0.06623866
      ]
    ],
    "translation": [
      1.70677578,
      1.07906437,
      -0.6088085
    ]
  },
  {
    "timeStamp": 94459,
    "rotation": [
      [
        -0.160388187,
        0.9704605,
        -0.1802278
      ],
      [
        -0.002414221,
        0.182205379,
        0.983257532
      ],
      [
        0.987051,
        0.158137992,
        -0.0268806852
      ]
    ],
    "translation": [
      1.79294407,
      1.08158731,
      -0.6280486
    ]
  },
  {
    "timeStamp": 94503,
    "rotation": [
      [
        -0.06893562,
        0.9803152,
        -0.185013548
      ],
      [
        -0.0032696703,
        0.185231715,
        0.98268944
      ],
      [
        0.997615755,
        0.06834724,
        -0.009563754
      ]
    ],
    "translation": [
      1.85234141,
      1.085244,
      -0.6465535
    ]
  },
  {
    "timeStamp": 94559,
    "rotation": [
      [
        0.0431744978,
        0.9768867,
        -0.209352091
      ],
      [
        -0.0642253458,
        0.2118279,
        0.975194335
      ],
      [
        0.997001052,
        -0.0286578014,
        0.07188645
      ]
    ],
    "translation": [
      1.924769,
      1.0831058,
      -0.674715936
    ]
  },
  {
    "timeStamp": 94603,
    "rotation": [
      [
        0.125963449,
        0.9656639,
        -0.227214426
      ],
      [
        -0.0387488045,
        0.233653277,
        0.971547544
      ],
      [
        0.9912778,
        -0.11357519,
        0.066850096
      ]
    ],
    "translation": [
      1.97638166,
      1.08707666,
      -0.691404
    ]
  },
  {
    "timeStamp": 94659,
    "rotation": [
      [
        0.221622914,
        0.950885832,
        -0.216100529
      ],
      [
        -0.0700754,
        0.236568853,
        0.969084442
      ],
      [
        0.9726113,
        -0.199628,
        0.119062789
      ]
    ],
    "translation": [
      2.0324254,
      1.08657885,
      -0.7156649
    ]
  },
  {
    "timeStamp": 94703,
    "rotation": [
      [
        0.287748039,
        0.935797,
        -0.203678831
      ],
      [
        -0.07021159,
        0.232714191,
        0.9700074
      ],
      [
        0.955128968,
        -0.2648171,
        0.132666841
      ]
    ],
    "translation": [
      2.07270145,
      1.08568454,
      -0.730646968
    ]
  },
  {
    "timeStamp": 94759,
    "rotation": [
      [
        0.3761676,
        0.9057399,
        -0.195277
      ],
      [
        -0.08653264,
        0.24417761,
        0.965862
      ],
      [
        0.922502041,
        -0.346428126,
        0.170227766
      ]
    ],
    "translation": [
      2.11599946,
      1.07735991,
      -0.7492185
    ]
  },
  {
    "timeStamp": 94811,
    "rotation": [
      [
        0.412437528,
        0.899121642,
        -0.146545082
      ],
      [
        -0.0996213257,
        0.204414457,
        0.973802
      ],
      [
        0.9055224,
        -0.387033433,
        0.173879892
      ]
    ],
    "translation": [
      2.13911438,
      1.06754708,
      -0.760049045
    ]
  },
  {
    "timeStamp": 94855,
    "rotation": [
      [
        0.482854754,
        0.8629424,
        -0.1489351
      ],
      [
        -0.0910318941,
        0.218616977,
        0.971555352
      ],
      [
        0.870956063,
        -0.4555623,
        0.184115529
      ]
    ],
    "translation": [
      2.1713872,
      1.05454421,
      -0.7733618
    ]
  },
  {
    "timeStamp": 94910,
    "rotation": [
      [
        0.515747845,
        0.853639543,
        -0.07282663
      ],
      [
        -0.114979722,
        0.153201267,
        0.9814831
      ],
      [
        0.8489899,
        -0.497824222,
        0.177164465
      ]
    ],
    "translation": [
      2.18564224,
      1.03676927,
      -0.784158349
    ]
  },
  {
    "timeStamp": 94954,
    "rotation": [
      [
        0.573044,
        0.8166256,
        -0.068871364
      ],
      [
        -0.121228017,
        0.1675812,
        0.9783764
      ],
      [
        0.8105087,
        -0.552303553,
        0.1950293
      ]
    ],
    "translation": [
      2.20222449,
      1.02182126,
      -0.795147657
    ]
  },
  {
    "timeStamp": 95009,
    "rotation": [
      [
        0.595565557,
        0.8026064,
        0.0335351527
      ],
      [
        -0.1575966,
        0.07580395,
        0.9845898
      ],
      [
        0.787696,
        -0.5916728,
        0.171634272
      ]
    ],
    "translation": [
      2.20182323,
      1.00296581,
      -0.8007992
    ]
  },
  {
    "timeStamp": 95054,
    "rotation": [
      [
        0.621820331,
        0.7809,
        0.0594537519
      ],
      [
        -0.17569156,
        0.0651143342,
        0.9822895
      ],
      [
        0.7631986,
        -0.6212531,
        0.17768696
      ]
    ],
    "translation": [
      2.20544457,
      0.989549637,
      -0.805342
    ]
  },
  {
    "timeStamp": 95110,
    "rotation": [
      [
        0.684181631,
        0.727257252,
        0.0547027141
      ],
      [
        -0.158173382,
        0.07474692,
        0.984578133
      ],
      [
        0.7119527,
        -0.6822828,
        0.16617322
      ]
    ],
    "translation": [
      2.20835781,
      0.979836464,
      -0.8041723
    ]
  },
  {
    "timeStamp": 95154,
    "rotation": [
      [
        0.686220765,
        0.7213985,
        0.09319541
      ],
      [
        -0.190981954,
        0.0550594442,
        0.9800481
      ],
      [
        0.7018739,
        -0.690328,
        0.175557017
      ]
    ],
    "translation": [
      2.20971012,
      0.9703376,
      -0.807511151
    ]
  },
  {
    "timeStamp": 95209,
    "rotation": [
      [
        0.8034678,
        0.5911568,
        0.07052056
      ],
      [
        -0.144917116,
        0.07930996,
        0.9862601
      ],
      [
        0.5774414,
        -0.8026478,
        0.149391741
      ]
    ],
    "translation": [
      2.215169,
      0.964015961,
      -0.8035069
    ]
  },
  {
    "timeStamp": 95254,
    "rotation": [
      [
        0.853637934,
        0.5128301,
        0.0911462
      ],
      [
        -0.126875982,
        0.03500742,
        0.991300642
      ],
      [
        0.505178,
        -0.8577761,
        0.09494948
      ]
    ],
    "translation": [
      2.21902752,
      0.95803535,
      -0.801124454
    ]
  },
  {
    "timeStamp": 95311,
    "rotation": [
      [
        0.8621341,
        0.4932017,
        0.116089962
      ],
      [
        -0.1478356,
        0.0257065948,
        0.9886778
      ],
      [
        0.4846333,
        -0.8695351,
        0.0950753
      ]
    ],
    "translation": [
      2.217082,
      0.9510545,
      -0.8010559
    ]
  },
  {
    "timeStamp": 95355,
    "rotation": [
      [
        0.839152455,
        0.533941567,
        0.103583418
      ],
      [
        -0.168071672,
        0.07343796,
        0.9830355
      ],
      [
        0.5172765,
        -0.8423261,
        0.151366085
      ]
    ],
    "translation": [
      2.20954347,
      0.9450749,
      -0.801744461
    ]
  },
  {
    "timeStamp": 95410,
    "rotation": [
      [
        0.8535555,
        0.514109731,
        0.0844639
      ],
      [
        -0.157086983,
        0.0993768051,
        0.9825721
      ],
      [
        0.496756136,
        -0.851948,
        0.165583566
      ]
    ],
    "translation": [
      2.20865655,
      0.9422808,
      -0.801909566
    ]
  },
  {
    "timeStamp": 95455,
    "rotation": [
      [
        0.849453747,
        0.5145264,
        0.117007554
      ],
      [
        -0.189286172,
        0.0901465043,
        0.9777752
      ],
      [
        0.4925434,
        -0.852722764,
        0.173968032
      ]
    ],
    "translation": [
      2.20107985,
      0.9361657,
      -0.8019268
    ]
  },
  {
    "timeStamp": 95512,
    "rotation": [
      [
        0.883308,
        0.4494196,
        0.133375376
      ],
      [
        -0.210258886,
        0.125514269,
        0.969555259
      ],
      [
        0.418996632,
        -0.884459257,
        0.205362231
      ]
    ],
    "translation": [
      2.193893,
      0.931095958,
      -0.8022718
    ]
  },
  {
    "timeStamp": 95555,
    "rotation": [
      [
        0.8863766,
        0.4374769,
        0.151493773
      ],
      [
        -0.226916417,
        0.1253043,
        0.9658197
      ],
      [
        0.403540969,
        -0.8904565,
        0.21033749
      ]
    ],
    "translation": [
      2.18827,
      0.928974569,
      -0.8021827
    ]
  },
  {
    "timeStamp": 95613,
    "rotation": [
      [
        0.898085833,
        0.408191741,
        0.1637723
      ],
      [
        -0.241877526,
        0.147384867,
        0.959048
      ],
      [
        0.3673379,
        -0.9009202,
        0.23109667
      ]
    ],
    "translation": [
      2.182687,
      0.925069153,
      -0.8022562
    ]
  },
  {
    "timeStamp": 95657,
    "rotation": [
      [
        0.8962702,
        0.414064378,
        0.1589039
      ],
      [
        -0.241941363,
        0.156189576,
        0.9576373
      ],
      [
        0.37170437,
        -0.896747231,
        0.240167364
      ]
    ],
    "translation": [
      2.181611,
      0.9213887,
      -0.801651657
    ]
  },
  {
    "timeStamp": 95703,
    "rotation": [
      [
        0.9126145,
        0.382369965,
        0.144665033
      ],
      [
        -0.227309212,
        0.180474445,
        0.9569532
      ],
      [
        0.339801818,
        -0.906213164,
        0.251619816
      ]
    ],
    "translation": [
      2.18170428,
      0.919938147,
      -0.8022591
    ]
  },
  {
    "timeStamp": 95758,
    "rotation": [
      [
        0.90753305,
        0.392953843,
        0.1482261
      ],
      [
        -0.233069181,
        0.177626431,
        0.9561002
      ],
      [
        0.3493744,
        -0.9022395,
        0.2527873
      ]
    ],
    "translation": [
      2.18170762,
      0.91230154,
      -0.8016337
    ]
  },
  {
    "timeStamp": 95803,
    "rotation": [
      [
        0.9088268,
        0.3985006,
        0.123414271
      ],
      [
        -0.218193918,
        0.201922178,
        0.9547873
      ],
      [
        0.355563223,
        -0.8946646,
        0.2704627
      ]
    ],
    "translation": [
      2.181857,
      0.908466,
      -0.802206
    ]
  },
  {
    "timeStamp": 95858,
    "rotation": [
      [
        0.9138822,
        0.390345246,
        0.11157918
      ],
      [
        -0.202887669,
        0.201065615,
        0.9583367
      ],
      [
        0.351647466,
        -0.8984449,
        0.262946516
      ]
    ],
    "translation": [
      2.18177366,
      0.9035504,
      -0.8025264
    ]
  },
  {
    "timeStamp": 95903,
    "rotation": [
      [
        0.8869022,
        0.446789145,
        0.117405288
      ],
      [
        -0.21981442,
        0.184628591,
        0.9579112
      ],
      [
        0.406307936,
        -0.875380933,
        0.261958182
      ]
    ],
    "translation": [
      2.18176413,
      0.8961141,
      -0.80100596
    ]
  }
]