[
  {
    "timeStamp": 138547,
    "rotation": [
      [
        -0.1455643,
        0.167798117,
        0.9750153
      ],
      [
        0.2950802,
        0.948020637,
        -0.119098589
      ],
      [
        -0.9443191,
        0.270371228,
        -0.187511876
      ]
    ],
    "translation": [
      1.56165516,
      0.70785,
      -0.596609831
    ]
  },
  {
    "timeStamp": 138592,
    "rotation": [
      [
        -0.150063381,
        0.178529382,
        0.972423851
      ],
      [
        0.307118446,
        0.943321049,
        -0.125792146
      ],
      [
        -0.9397655,
        0.27977252,
        -0.1963876
      ]
    ],
    "translation": [
      1.56177,
      0.7084213,
      -0.5962989
    ]
  },
  {
    "timeStamp": 138647,
    "rotation": [
      [
        -0.156539947,
        0.1892711,
        0.9693666
      ],
      [
        0.3114487,
        0.9408516,
        -0.133408636
      ],
      [
        -0.9372806,
        0.2810242,
        -0.2062291
      ]
    ],
    "translation": [
      1.56191981,
      0.7085827,
      -0.596010566
    ]
  },
  {
    "timeStamp": 138691,
    "rotation": [
      [
        -0.15675734,
        0.193554386,
        0.968485355
      ],
      [
        0.313631356,
        0.9396069,
        -0.137019128
      ],
      [
        -0.936516166,
        0.2822686,
        -0.207995
      ]
    ],
    "translation": [
      1.56196761,
      0.708661854,
      -0.595954835
    ]
  },
  {
    "timeStamp": 138747,
    "rotation": [
      [
        -0.1591215,
        0.190971643,
        0.9686125
      ],
      [
        0.3057848,
        0.9423993,
        -0.135569811
      ],
      [
        -0.938709736,
        0.2746149,
        -0.208352223
      ]
    ],
    "translation": [
      1.56382322,
      0.70857954,
      -0.5948801
    ]
  },
  {
    "timeStamp": 138791,
    "rotation": [
      [
        -0.154259473,
        0.1638835,
        0.974343956
      ],
      [
        0.290039837,
        0.9502119,
        -0.113905
      ],
      [
        -0.9445004,
        0.265027642,
        -0.194111928
      ]
    ],
    "translation": [
      1.56748426,
      0.7088306,
      -0.5948656
    ]
  },
  {
    "timeStamp": 138847,
    "rotation": [
      [
        -0.1549797,
        0.172459841,
        0.9727481
      ],
      [
        0.2849029,
        0.9506134,
        -0.123144388
      ],
      [
        -0.945944846,
        0.258053869,
        -0.196460083
      ]
    ],
    "translation": [
      1.57122242,
      0.714425,
      -0.595734
    ]
  },
  {
    "timeStamp": 138891,
    "rotation": [
      [
        -0.155172482,
        0.188229635,
        0.9697892
      ],
      [
        0.27741456,
        0.9504814,
        -0.140094012
      ],
      [
        -0.9481364,
        0.247294888,
        -0.1997062
      ]
    ],
    "translation": [
      1.57689869,
      0.724194646,
      -0.5965119
    ]
  },
  {
    "timeStamp": 138947,
    "rotation": [
      [
        -0.172794983,
        0.219026089,
        0.9602966
      ],
      [
        0.254777551,
        0.951719642,
        -0.171225384
      ],
      [
        -0.9514359,
        0.21507512,
        -0.2202553
      ]
    ],
    "translation": [
      1.58916163,
      0.7425365,
      -0.5973144
    ]
  },
  {
    "timeStamp": 138991,
    "rotation": [
      [
        -0.1826002,
        0.249311566,
        0.951052547
      ],
      [
        0.242417991,
        0.9488681,
        -0.202195153
      ],
      [
        -0.952833,
        0.193631366,
        -0.23370111
      ]
    ],
    "translation": [
      1.60235012,
      0.76118654,
      -0.601404667
    ]
  },
  {
    "timeStamp": 139047,
    "rotation": [
      [
        -0.1959089,
        0.291949928,
        0.936154366
      ],
      [
        0.2190045,
        0.943567336,
        -0.2484307
      ],
      [
        -0.955853939,
        0.156352222,
        -0.24879159
      ]
    ],
    "translation": [
      1.62265682,
      0.7886902,
      -0.609987736
    ]
  },
  {
    "timeStamp": 139091,
    "rotation": [
      [
        -0.221155688,
        0.328311771,
        0.9183145
      ],
      [
        0.2039602,
        0.9363781,
        -0.285650522
      ],
      [
        -0.953672051,
        0.124126375,
        -0.274047881
      ]
    ],
    "translation": [
      1.64386714,
      0.81162864,
      -0.618245661
    ]
  },
  {
    "timeStamp": 139147,
    "rotation": [
      [
        -0.2684281,
        0.373994052,
        0.8877357
      ],
      [
        0.196221232,
        0.9234641,
        -0.329713881
      ],
      [
        -0.943103135,
        0.08568814,
        -0.321269274
      ]
    ],
    "translation": [
      1.67496657,
      0.839269459,
      -0.6307115
    ]
  },
  {
    "timeStamp": 139191,
    "rotation": [
      [
        -0.303343624,
        0.400284857,
        0.8647281
      ],
      [
        0.183701545,
        0.9150305,
        -0.3591281
      ],
      [
        -0.9350061,
        0.0499126762,
        -0.3511016
      ]
    ],
    "translation": [
      1.70202267,
      0.859970748,
      -0.64234513
    ]
  },
  {
    "timeStamp": 139247,
    "rotation": [
      [
        -0.370016426,
        0.428647131,
        0.8242266
      ],
      [
        0.1759788,
        0.9034719,
        -0.390858054
      ],
      [
        -0.9122057,
        0.0004224931,
        -0.409732282
      ]
    ],
    "translation": [
      1.739574,
      0.8832876,
      -0.656335831
    ]
  },
  {
    "timeStamp": 139291,
    "rotation": [
      [
        -0.4216966,
        0.440984339,
        0.7922783
      ],
      [
        0.163681656,
        0.896436155,
        -0.411838025
      ],
      [
        -0.891841,
        -0.0439892821,
        -0.450205117
      ]
    ],
    "translation": [
      1.7699337,
      0.8996347,
      -0.6668318
    ]
  },
  {
    "timeStamp": 139347,
    "rotation": [
      [
        -0.490638971,
        0.443887174,
        0.749825
      ],
      [
        0.1505121,
        0.89075774,
        -0.428831816
      ],
      [
        -0.8582654,
        -0.09754386,
        -0.5038509
      ]
    ],
    "translation": [
      1.80836856,
      0.9158043,
      -0.679662764
    ]
  },
  {
    "timeStamp": 139391,
    "rotation": [
      [
        -0.5459964,
        0.427280635,
        0.720638037
      ],
      [
        0.12611948,
        0.8922853,
        -0.433498383
      ],
      [
        -0.8282402,
        -0.145802066,
        -0.541072965
      ]
    ],
    "translation": [
      1.83934343,
      0.9268834,
      -0.687836051
    ]
  },
  {
    "timeStamp": 139447,
    "rotation": [
      [
        -0.6148306,
        0.402353734,
        0.6783028
      ],
      [
        0.100455217,
        0.8930191,
        -0.438663423
      ],
      [
        -0.7822352,
        -0.201564655,
        -0.589474
      ]
    ],
    "translation": [
      1.87704015,
      0.9397757,
      -0.696636856
    ]
  },
  {
    "timeStamp": 139491,
    "rotation": [
      [
        -0.668828368,
        0.370736778,
        0.6443779
      ],
      [
        0.07293641,
        0.895320535,
        -0.439410329
      ],
      [
        -0.7398303,
        -0.2468915,
        -0.625856
      ]
    ],
    "translation": [
      1.90781939,
      0.9501723,
      -0.7016029
    ]
  },
  {
    "timeStamp": 139547,
    "rotation": [
      [
        -0.7309356,
        0.333117664,
        0.5956222
      ],
      [
        0.0356434174,
        0.8902183,
        -0.454137564
      ],
      [
        -0.681515,
        -0.3107153,
        -0.6625657
      ]
    ],
    "translation": [
      1.9459151,
      0.9653716,
      -0.7068752
    ]
  },
  {
    "timeStamp": 139591,
    "rotation": [
      [
        -0.7762927,
        0.282653123,
        0.5634509
      ],
      [
        -0.00290734554,
        0.8922229,
        -0.451585978
      ],
      [
        -0.630365968,
        -0.352201,
        -0.6918043
      ]
    ],
    "translation": [
      1.97804391,
      0.975701749,
      -0.7105441
    ]
  },
  {
    "timeStamp": 139657,
    "rotation": [
      [
        -0.8340719,
        0.239980146,
        0.496722817
      ],
      [
        -0.0247436967,
        0.883241057,
        -0.468265861
      ],
      [
        -0.551100552,
        -0.402858138,
        -0.730748534
      ]
    ],
    "translation": [
      2.0200305,
      0.986676,
      -0.716075242
    ]
  },
  {
    "timeStamp": 139692,
    "rotation": [
      [
        -0.869415939,
        0.199479222,
        0.452022046
      ],
      [
        -0.04006501,
        0.8833979,
        -0.466907918
      ],
      [
        -0.492453754,
        -0.42404744,
        -0.760048032
      ]
    ],
    "translation": [
      2.052256,
      0.9907198,
      -0.7213895
    ]
  },
  {
    "timeStamp": 139741,
    "rotation": [
      [
        -0.9076808,
        0.138177529,
        0.396260679
      ],
      [
        -0.0673151,
        0.8840744,
        -0.462472916
      ],
      [
        -0.414227277,
        -0.446452141,
        -0.7931559
      ]
    ],
    "translation": [
      2.09231877,
      0.9943757,
      -0.7294282
    ]
  },
  {
    "timeStamp": 139797,
    "rotation": [
      [
        -0.9347276,
        0.09480819,
        0.342484653
      ],
      [
        -0.07178144,
        0.8935159,
        -0.443257
      ],
      [
        -0.348039865,
        -0.4389086,
        -0.8283885
      ]
    ],
    "translation": [
      2.1293,
      0.9912212,
      -0.736733556
    ]
  },
  {
    "timeStamp": 139841,
    "rotation": [
      [
        -0.94786036,
        0.0602513738,
        0.312938452
      ],
      [
        -0.07398453,
        0.9135335,
        -0.399978518
      ],
      [
        -0.309979022,
        -0.4022764,
        -0.861444533
      ]
    ],
    "translation": [
      2.155348,
      0.982119441,
      -0.7412113
    ]
  },
  {
    "timeStamp": 139897,
    "rotation": [
      [
        -0.9616036,
        0.0449650139,
        0.270733744
      ],
      [
        -0.0574449375,
        0.9316566,
        -0.358770251
      ],
      [
        -0.268362969,
        -0.360547036,
        -0.8933013
      ]
    ],
    "translation": [
      2.184295,
      0.9681185,
      -0.7446798
    ]
  },
  {
    "timeStamp": 139941,
    "rotation": [
      [
        -0.966834366,
        0.028535407,
        0.253805
      ],
      [
        -0.0554031134,
        0.9466444,
        -0.317482
      ],
      [
        -0.249322578,
        -0.321014076,
        -0.91366744
      ]
    ],
    "translation": [
      2.20194769,
      0.955490232,
      -0.746955156
    ]
  },
  {
    "timeStamp": 139997,
    "rotation": [
      [
        -0.971394837,
        -0.0130953295,
        0.237108827
      ],
      [
        -0.0842916742,
        0.9524743,
        -0.292724371
      ],
      [
        -0.222006753,
        -0.304337233,
        -0.9263325
      ]
    ],
    "translation": [
      2.22058964,
      0.946011961,
      -0.74745214
    ]
  },
  {
    "timeStamp": 140041,
    "rotation": [
      [
        -0.9709477,
        -0.0142672108,
        0.238866329
      ],
      [
        -0.0769875348,
        0.963772,
        -0.255375147
      ],
      [
        -0.226569191,
        -0.26634562,
        -0.9368706
      ]
    ],
    "translation": [
      2.22886586,
      0.93490994,
      -0.7483466
    ]
  },
  {
    "timeStamp": 140097,
    "rotation": [
      [
        -0.9733887,
        -0.00229014526,
        0.229148969
      ],
      [
        -0.0609540679,
        0.9665155,
        -0.2492638
      ],
      [
        -0.22090517,
        -0.256598115,
        -0.940934837
      ]
    ],
    "translation": [
      2.23501086,
      0.925159335,
      -0.7470964
    ]
  },
  {
    "timeStamp": 140142,
    "rotation": [
      [
        -0.9711594,
        0.01264419,
        0.238095433
      ],
      [
        -0.0434178151,
        0.9725185,
        -0.2287416
      ],
      [
        -0.234444439,
        -0.23248215,
        -0.9439215
      ]
    ],
    "translation": [
      2.23650455,
      0.9141164,
      -0.7456548
    ]
  },
  {
    "timeStamp": 140199,
    "rotation": [
      [
        -0.9750957,
        0.037617445,
        0.218571439
      ],
      [
        -0.009677918,
        0.977355242,
        -0.211383969
      ],
      [
        -0.221573651,
        -0.2082349,
        -0.9526507
      ]
    ],
    "translation": [
      2.24138451,
      0.8985359,
      -0.7446973
    ]
  },
  {
    "timeStamp": 140245,
    "rotation": [
      [
        -0.973404,
        0.0695803,
        0.218273386
      ],
      [
        0.0241937377,
        0.9786556,
        -0.204078317
      ],
      [
        -0.2278143,
        -0.1933698,
        -0.9543106
      ]
    ],
    "translation": [
      2.24219918,
      0.886110365,
      -0.7431957
    ]
  },
  {
    "timeStamp": 140290,
    "rotation": [
      [
        -0.969198,
        0.10528671,
        0.222643048
      ],
      [
        0.05476031,
        0.973510444,
        -0.2219882
      ],
      [
        -0.240117729,
        -0.202958509,
        -0.9492899
      ]
    ],
    "translation": [
      2.23964024,
      0.8781647,
      -0.7406735
    ]
  },
  {
    "timeStamp": 140346,
    "rotation": [
      [
        -0.9694987,
        0.092692405,
        0.2268927
      ],
      [
        0.04962922,
        0.980795,
        -0.188621283
      ],
      [
        -0.240019,
        -0.171607584,
        -0.9554798
      ]
    ],
    "translation": [
      2.23943281,
      0.86879003,
      -0.740850151
    ]
  },
  {
    "timeStamp": 140391,
    "rotation": [
      [
        -0.9691911,
        0.113094725,
        0.21881108
      ],
      [
        0.06546366,
        0.974679053,
        -0.213811234
      ],
      [
        -0.2374515,
        -0.192899764,
        -0.952053845
      ]
    ],
    "translation": [
      2.23750234,
      0.8689346,
      -0.7387054
    ]
  },
  {
    "timeStamp": 140447,
    "rotation": [
      [
        -0.967004538,
        0.09342099,
        0.23701185
      ],
      [
        0.0464508273,
        0.9793983,
        -0.196522653
      ],
      [
        -0.250488371,
        -0.1790289,
        -0.951422155
      ]
    ],
    "translation": [
      2.23545814,
      0.8681723,
      -0.7373827
    ]
  },
  {
    "timeStamp": 140491,
    "rotation": [
      [
        -0.96845144,
        0.104751386,
        0.2261172
      ],
      [
        0.0564997941,
        0.9760307,
        -0.210170954
      ],
      [
        -0.242713034,
        -0.190764785,
        -0.951156735
      ]
    ],
    "translation": [
      2.23493,
      0.869322658,
      -0.7357532
    ]
  },
  {
    "timeStamp": 140546,
    "rotation": [
      [
        -0.9695703,
        0.08185806,
        0.230722129
      ],
      [
        0.0368577763,
        0.980508864,
        -0.19298692
      ],
      [
        -0.2420226,
        -0.178610474,
        -0.953689337
      ]
    ],
    "translation": [
      2.235483,
      0.8690604,
      -0.7347529
    ]
  },
  {
    "timeStamp": 140591,
    "rotation": [
      [
        -0.969853342,
        0.0909651,
        0.226074874
      ],
      [
        0.0453008637,
        0.9788468,
        -0.199516654
      ],
      [
        -0.2394417,
        -0.183260515,
        -0.9534586
      ]
    ],
    "translation": [
      2.23516631,
      0.869777858,
      -0.7338512
    ]
  }
]