[
  {
    "timeStamp": 98899,
    "rotation": [
      [
        0.961812258,
        0.260205239,
        0.08491408
      ],
      [
        -0.000355617434,
        -0.3090455,
        0.9510472
      ],
      [
        0.273709774,
        -0.91475904,
        -0.2971512
      ]
    ],
    "translation": [
      1.45857084,
      0.7041785,
      -0.495143354
    ]
  },
  {
    "timeStamp": 98943,
    "rotation": [
      [
        0.9650989,
        0.2411017,
        0.102244928
      ],
      [
        -0.0210546441,
        -0.317721874,
        0.9479502
      ],
      [
        0.261037827,
        -0.9170184,
        -0.301556736
      ]
    ],
    "translation": [
      1.45875788,
      0.7052147,
      -0.494590461
    ]
  },
  {
    "timeStamp": 98999,
    "rotation": [
      [
        0.968588054,
        0.225962758,
        0.103817783
      ],
      [
        -0.0353979245,
        -0.287952751,
        0.9569902
      ],
      [
        0.246138752,
        -0.93060416,
        -0.270908952
      ]
    ],
    "translation": [
      1.45908165,
      0.7052412,
      -0.4964558
    ]
  },
  {
    "timeStamp": 99045,
    "rotation": [
      [
        0.971594453,
        0.214828715,
        0.09926149
      ],
      [
        -0.03277753,
        -0.2932368,
        0.9554778
      ],
      [
        0.2343712,
        -0.931590438,
        -0.2778657
      ]
    ],
    "translation": [
      1.46003211,
      0.704731,
      -0.495397747
    ]
  },
  {
    "timeStamp": 99099,
    "rotation": [
      [
        0.977962255,
        0.188837856,
        0.08905036
      ],
      [
        -0.02988244,
        -0.295530021,
        0.954866
      ],
      [
        0.206631884,
        -0.936484,
        -0.2833743
      ]
    ],
    "translation": [
      1.46419549,
      0.708111048,
      -0.4941707
    ]
  },
  {
    "timeStamp": 99143,
    "rotation": [
      [
        0.976898,
        0.193150342,
        0.09145032
      ],
      [
        -0.0265994463,
        -0.3147017,
        0.948817849
      ],
      [
        0.21204406,
        -0.9293308,
        -0.3022938
      ]
    ],
    "translation": [
      1.46700883,
      0.7135286,
      -0.4953298
    ]
  },
  {
    "timeStamp": 99198,
    "rotation": [
      [
        0.9808757,
        0.165035576,
        0.103179991
      ],
      [
        -0.0457547344,
        -0.319746763,
        0.946397662
      ],
      [
        0.189180747,
        -0.933019459,
        -0.306080669
      ]
    ],
    "translation": [
      1.47104144,
      0.724372447,
      -0.498190761
    ]
  },
  {
    "timeStamp": 99243,
    "rotation": [
      [
        0.9846343,
        0.1394006,
        0.1051796
      ],
      [
        -0.05403023,
        -0.329560459,
        0.9425872
      ],
      [
        0.166060269,
        -0.9337865,
        -0.3169647
      ]
    ],
    "translation": [
      1.47587574,
      0.7343475,
      -0.500814259
    ]
  },
  {
    "timeStamp": 99298,
    "rotation": [
      [
        0.9885093,
        0.110038392,
        0.1036387
      ],
      [
        -0.0608467571,
        -0.337962925,
        0.939190447
      ],
      [
        0.138373062,
        -0.934704542,
        -0.327384
      ]
    ],
    "translation": [
      1.48558342,
      0.746712,
      -0.5086734
    ]
  },
  {
    "timeStamp": 99343,
    "rotation": [
      [
        0.992261,
        0.06887199,
        0.103318594
      ],
      [
        -0.0758009851,
        -0.323062,
        0.943337262
      ],
      [
        0.09834781,
        -0.943868458,
        -0.315341264
      ]
    ],
    "translation": [
      1.49543571,
      0.7580254,
      -0.5190089
    ]
  },
  {
    "timeStamp": 99398,
    "rotation": [
      [
        0.99455893,
        0.0302428063,
        0.09968829
      ],
      [
        -0.08378664,
        -0.3364248,
        0.9379756
      ],
      [
        0.0619046129,
        -0.9412246,
        -0.332060367
      ]
    ],
    "translation": [
      1.51269114,
      0.7747885,
      -0.536045432
    ]
  },
  {
    "timeStamp": 99443,
    "rotation": [
      [
        0.993172348,
        0.00385209825,
        0.116592981
      ],
      [
        -0.109214582,
        -0.320557326,
        0.9409119
      ],
      [
        0.0409992151,
        -0.9472213,
        -0.317947954
      ]
    ],
    "translation": [
      1.52747738,
      0.790243566,
      -0.555817962
    ]
  },
  {
    "timeStamp": 99498,
    "rotation": [
      [
        0.9923847,
        -0.04797409,
        0.11345131
      ],
      [
        -0.122975759,
        -0.333170623,
        0.9348124
      ],
      [
        -0.00704812165,
        -0.941645265,
        -0.33653304
      ]
    ],
    "translation": [
      1.55396986,
      0.809368849,
      -0.576456666
    ]
  },
  {
    "timeStamp": 99543,
    "rotation": [
      [
        0.987616241,
        -0.09179767,
        0.127229378
      ],
      [
        -0.150770947,
        -0.331078,
        0.9314803
      ],
      [
        -0.0433848873,
        -0.939127564,
        -0.340818435
      ]
    ],
    "translation": [
      1.57794631,
      0.8260193,
      -0.594256341
    ]
  },
  {
    "timeStamp": 99598,
    "rotation": [
      [
        0.97628206,
        -0.172349975,
        0.1310295
      ],
      [
        -0.181755692,
        -0.323615044,
        0.9285678
      ],
      [
        -0.117635533,
        -0.9303595,
        -0.347265154
      ]
    ],
    "translation": [
      1.61261916,
      0.8468713,
      -0.6136639
    ]
  },
  {
    "timeStamp": 99643,
    "rotation": [
      [
        0.96938014,
        -0.218315959,
        0.112429224
      ],
      [
        -0.182090223,
        -0.33186698,
        0.9255849
      ],
      [
        -0.1647584,
        -0.9177159,
        -0.361458451
      ]
    ],
    "translation": [
      1.64431763,
      0.86004436,
      -0.6281519
    ]
  },
  {
    "timeStamp": 99698,
    "rotation": [
      [
        0.949664,
        -0.2971165,
        0.09929786
      ],
      [
        -0.2021336,
        -0.339000553,
        0.9188148
      ],
      [
        -0.239332989,
        -0.8926368,
        -0.38199386
      ]
    ],
    "translation": [
      1.68443048,
      0.877581835,
      -0.642762542
    ]
  },
  {
    "timeStamp": 99743,
    "rotation": [
      [
        0.932954431,
        -0.352038473,
        0.07526512
      ],
      [
        -0.204317853,
        -0.345667422,
        0.9158429
      ],
      [
        -0.2963952,
        -0.869817734,
        -0.39441973
      ]
    ],
    "translation": [
      1.71968818,
      0.889559269,
      -0.65299
    ]
  },
  {
    "timeStamp": 99798,
    "rotation": [
      [
        0.8938081,
        -0.446954817,
        0.03658253
      ],
      [
        -0.219779968,
        -0.3654781,
        0.904501259
      ],
      [
        -0.390901059,
        -0.8164907,
        -0.424899042
      ]
    ],
    "translation": [
      1.7673378,
      0.90426904,
      -0.6605723
    ]
  },
  {
    "timeStamp": 99843,
    "rotation": [
      [
        0.862197757,
        -0.5065456,
        0.005157112
      ],
      [
        -0.223851979,
        -0.371849328,
        0.900898635
      ],
      [
        -0.454428554,
        -0.7779072,
        -0.4339989
      ]
    ],
    "translation": [
      1.80496442,
      0.9120761,
      -0.667571545
    ]
  },
  {
    "timeStamp": 99898,
    "rotation": [
      [
        0.813582361,
        -0.5763019,
        -0.0771999
      ],
      [
        -0.2097883,
        -0.414771676,
        0.8854114
      ],
      [
        -0.5422846,
        -0.704159439,
        -0.458352327
      ]
    ],
    "translation": [
      1.85626006,
      0.9189589,
      -0.6733479
    ]
  },
  {
    "timeStamp": 99942,
    "rotation": [
      [
        0.7666895,
        -0.6338892,
        -0.101841517
      ],
      [
        -0.22065179,
        -0.409127563,
        0.8853968
      ],
      [
        -0.6029096,
        -0.6563529,
        -0.45354262
      ]
    ],
    "translation": [
      1.8930546,
      0.923079252,
      -0.680251062
    ]
  },
  {
    "timeStamp": 99998,
    "rotation": [
      [
        0.708830535,
        -0.6865198,
        -0.162017733
      ],
      [
        -0.213161319,
        -0.427427679,
        0.878560066
      ],
      [
        -0.672399759,
        -0.5882143,
        -0.449313283
      ]
    ],
    "translation": [
      1.93813717,
      0.92662406,
      -0.6890536
    ]
  },
  {
    "timeStamp": 100042,
    "rotation": [
      [
        0.651768446,
        -0.737274468,
        -0.177832171
      ],
      [
        -0.223691776,
        -0.410923541,
        0.8838008
      ],
      [
        -0.7246792,
        -0.53625387,
        -0.432749242
      ]
    ],
    "translation": [
      1.97073364,
      0.9283216,
      -0.6966836
    ]
  },
  {
    "timeStamp": 100098,
    "rotation": [
      [
        0.608466744,
        -0.7605815,
        -0.226459742
      ],
      [
        -0.215195447,
        -0.432810247,
        0.875423431
      ],
      [
        -0.763844967,
        -0.483932942,
        -0.4270243
      ]
    ],
    "translation": [
      2.00746965,
      0.9301105,
      -0.704725
    ]
  },
  {
    "timeStamp": 100141,
    "rotation": [
      [
        0.57204473,
        -0.7843584,
        -0.239889055
      ],
      [
        -0.218213052,
        -0.4274614,
        0.8773026
      ],
      [
        -0.790662944,
        -0.4495094,
        -0.415684253
      ]
    ],
    "translation": [
      2.027624,
      0.9304444,
      -0.708692253
    ]
  },
  {
    "timeStamp": 100193,
    "rotation": [
      [
        0.5157401,
        -0.8084233,
        -0.2836617
      ],
      [
        -0.210461423,
        -0.440494031,
        0.872737646
      ],
      [
        -0.830492735,
        -0.390405953,
        -0.397322357
      ]
    ],
    "translation": [
      2.06559014,
      0.9306132,
      -0.7144005
    ]
  },
  {
    "timeStamp": 100248,
    "rotation": [
      [
        0.461936,
        -0.8373966,
        -0.292202145
      ],
      [
        -0.22054562,
        -0.427565932,
        0.876668155
      ],
      [
        -0.8590546,
        -0.34052068,
        -0.382192224
      ]
    ],
    "translation": [
      2.09245586,
      0.930912137,
      -0.716056347
    ]
  },
  {
    "timeStamp": 100293,
    "rotation": [
      [
        0.424935162,
        -0.855363548,
        -0.2962826
      ],
      [
        -0.228940144,
        -0.418213248,
        0.8790245
      ],
      [
        -0.8757948,
        -0.305697441,
        -0.37354058
      ]
    ],
    "translation": [
      2.11002,
      0.9289964,
      -0.714419842
    ]
  },
  {
    "timeStamp": 100348,
    "rotation": [
      [
        0.3976063,
        -0.8602221,
        -0.319260418
      ],
      [
        -0.217120156,
        -0.426271,
        0.878152549
      ],
      [
        -0.8914977,
        -0.279841125,
        -0.356259555
      ]
    ],
    "translation": [
      2.130301,
      0.9238329,
      -0.7108444
    ]
  },
  {
    "timeStamp": 100393,
    "rotation": [
      [
        0.360970855,
        -0.887175,
        -0.287437826
      ],
      [
        -0.2367445,
        -0.385296822,
        0.891907156
      ],
      [
        -0.902026653,
        -0.253903151,
        -0.349114746
      ]
    ],
    "translation": [
      2.142797,
      0.919499636,
      -0.7060716
    ]
  },
  {
    "timeStamp": 100448,
    "rotation": [
      [
        0.316854358,
        -0.8785873,
        -0.357334167
      ],
      [
        -0.209676892,
        -0.432310015,
        0.8770084
      ],
      [
        -0.9250076,
        -0.20295921,
        -0.321198761
      ]
    ],
    "translation": [
      2.16959453,
      0.9175211,
      -0.7041949
    ]
  },
  {
    "timeStamp": 100493,
    "rotation": [
      [
        0.260821939,
        -0.912161469,
        -0.316122323
      ],
      [
        -0.237878129,
        -0.378084958,
        0.894687533
      ],
      [
        -0.9356206,
        -0.158155546,
        -0.3155961
      ]
    ],
    "translation": [
      2.18287277,
      0.9141134,
      -0.7033257
    ]
  },
  {
    "timeStamp": 100548,
    "rotation": [
      [
        0.237457126,
        -0.899757862,
        -0.366128266
      ],
      [
        -0.1863356,
        -0.41209957,
        0.8918817
      ],
      [
        -0.9533589,
        -0.143560931,
        -0.265512884
      ]
    ],
    "translation": [
      2.20155621,
      0.9046888,
      -0.7055129
    ]
  },
  {
    "timeStamp": 100593,
    "rotation": [
      [
        0.1975909,
        -0.9205994,
        -0.3368301
      ],
      [
        -0.202636108,
        -0.374540746,
        0.904797137
      ],
      [
        -0.9591123,
        -0.11052575,
        -0.260552526
      ]
    ],
    "translation": [
      2.210966,
      0.898503959,
      -0.7055797
    ]
  },
  {
    "timeStamp": 100650,
    "rotation": [
      [
        0.203251362,
        -0.9124296,
        -0.355191648
      ],
      [
        -0.164409742,
        -0.389417171,
        0.906269133
      ],
      [
        -0.9652245,
        -0.125803486,
        -0.229161888
      ]
    ],
    "translation": [
      2.21452,
      0.8900173,
      -0.7076483
    ]
  },
  {
    "timeStamp": 100696,
    "rotation": [
      [
        0.218866289,
        -0.919060946,
        -0.327756673
      ],
      [
        -0.176341221,
        -0.367625654,
        0.9131019
      ],
      [
        -0.959688067,
        -0.1420502,
        -0.2425292
      ]
    ],
    "translation": [
      2.207303,
      0.888089061,
      -0.7065789
    ]
  },
  {
    "timeStamp": 100741,
    "rotation": [
      [
        0.2493642,
        -0.919575,
        -0.3036436
      ],
      [
        -0.172177047,
        -0.350652784,
        0.920542061
      ],
      [
        -0.9529809,
        -0.177269772,
        -0.245769933
      ]
    ],
    "translation": [
      2.1942544,
      0.884017169,
      -0.705211
    ]
  },
  {
    "timeStamp": 100798,
    "rotation": [
      [
        0.287395477,
        -0.9065555,
        -0.309129238
      ],
      [
        -0.145898789,
        -0.36041376,
        0.9213118
      ],
      [
        -0.9466347,
        -0.219679251,
        -0.235846639
      ]
    ],
    "translation": [
      2.180411,
      0.8757958,
      -0.704228759
    ]
  },
  {
    "timeStamp": 100842,
    "rotation": [
      [
        0.297803342,
        -0.9160477,
        -0.268644333
      ],
      [
        -0.1468912,
        -0.322033346,
        0.935263336
      ],
      [
        -0.9432583,
        -0.239063039,
        -0.230461955
      ]
    ],
    "translation": [
      2.16686344,
      0.8678867,
      -0.702599764
    ]
  },
  {
    "timeStamp": 100898,
    "rotation": [
      [
        0.320642918,
        -0.901936054,
        -0.2893087
      ],
      [
        -0.121958241,
        -0.342205256,
        0.931676865
      ],
      [
        -0.9393159,
        -0.263452,
        -0.219724223
      ]
    ],
    "translation": [
      2.158371,
      0.85921663,
      -0.7008076
    ]
  },
  {
    "timeStamp": 100942,
    "rotation": [
      [
        0.322887838,
        -0.9101701,
        -0.259487659
      ],
      [
        -0.127380922,
        -0.313470721,
        0.941015542
      ],
      [
        -0.937826,
        -0.2707887,
        -0.2171542
      ]
    ],
    "translation": [
      2.15021563,
      0.8542565,
      -0.698747
    ]
  },
  {
    "timeStamp": 100998,
    "rotation": [
      [
        0.3531729,
        -0.8974713,
        -0.264223725
      ],
      [
        -0.124723792,
        -0.32506907,
        0.9374295
      ],
      [
        -0.927207053,
        -0.2981197,
        -0.226741612
      ]
    ],
    "translation": [
      2.14077663,
      0.8517746,
      -0.69564265
    ]
  },
  {
    "timeStamp": 101042,
    "rotation": [
      [
        0.364262968,
        -0.899095833,
        -0.242773786
      ],
      [
        -0.123039506,
        -0.304859847,
        0.9444161
      ],
      [
        -0.923132539,
        -0.314145058,
        -0.221673459
      ]
    ],
    "translation": [
      2.13292837,
      0.84872365,
      -0.694271147
    ]
  },
  {
    "timeStamp": 101098,
    "rotation": [
      [
        0.390551448,
        -0.8969229,
        -0.207361788
      ],
      [
        -0.139613241,
        -0.2803535,
        0.949689448
      ],
      [
        -0.909932852,
        -0.341952115,
        -0.234714761
      ]
    ],
    "translation": [
      2.12907982,
      0.8440147,
      -0.6915395
    ]
  },
  {
    "timeStamp": 101141,
    "rotation": [
      [
        0.413204461,
        -0.9014913,
        -0.1287458
      ],
      [
        -0.173923776,
        -0.216902852,
        0.9605747
      ],
      [
        -0.893875,
        -0.374521822,
        -0.246416
      ]
    ],
    "translation": [
      2.125916,
      0.8395854,
      -0.6890329
    ]
  },
  {
    "timeStamp": 101197,
    "rotation": [
      [
        0.431242764,
        -0.9022114,
        -0.006643816
      ],
      [
        -0.195740536,
        -0.100744143,
        0.9754672
      ],
      [
        -0.880747,
        -0.419362724,
        -0.220044553
      ]
    ],
    "translation": [
      2.120247,
      0.8334664,
      -0.6879692
    ]
  },
  {
    "timeStamp": 101241,
    "rotation": [
      [
        0.423880249,
        -0.9022294,
        0.07942017
      ],
      [
        -0.18417193,
        -5.793925E-06,
        0.982894063
      ],
      [
        -0.8867955,
        -0.431256324,
        -0.1661678
      ]
    ],
    "translation": [
      2.11566544,
      0.8297812,
      -0.690237463
    ]
  },
  {
    "timeStamp": 101297,
    "rotation": [
      [
        0.411535621,
        -0.8961714,
        0.1658772
      ],
      [
        -0.150101811,
        0.112872809,
        0.9822063
      ],
      [
        -0.8989482,
        -0.429111332,
        -0.0880657658
      ]
    ],
    "translation": [
      2.10971665,
      0.8267263,
      -0.6940928
    ]
  },
  {
    "timeStamp": 101342,
    "rotation": [
      [
        0.3043527,
        -0.909222662,
        0.2840485
      ],
      [
        -0.189244643,
        0.234536245,
        0.9535089
      ],
      [
        -0.9335716,
        -0.343957663,
        -0.100683779
      ]
    ],
    "translation": [
      2.091944,
      0.8313997,
      -0.693642557
    ]
  },
  {
    "timeStamp": 101397,
    "rotation": [
      [
        0.353330731,
        -0.8874715,
        0.295891345
      ],
      [
        -0.222884491,
        0.2273245,
        0.947969437
      ],
      [
        -0.908559263,
        -0.400896341,
        -0.1174829
      ]
    ],
    "translation": [
      2.09197545,
      0.829587936,
      -0.6910689
    ]
  },
  {
    "timeStamp": 101441,
    "rotation": [
      [
        0.3458245,
        -0.8773014,
        0.332787633
      ],
      [
        -0.242974788,
        0.258842945,
        0.93486017
      ],
      [
        -0.9062939,
        -0.4041566,
        -0.123647891
      ]
    ],
    "translation": [
      2.09053779,
      0.828522146,
      -0.6909289
    ]
  },
  {
    "timeStamp": 101497,
    "rotation": [
      [
        0.33840552,
        -0.870337546,
        0.357762754
      ],
      [
        -0.264683664,
        0.2768056,
        0.923753858
      ],
      [
        -0.903008461,
        -0.407297373,
        -0.13669157
      ]
    ],
    "translation": [
      2.08949637,
      0.8277137,
      -0.690084755
    ]
  },
  {
    "timeStamp": 101542,
    "rotation": [
      [
        0.3330511,
        -0.8610337,
        0.384315
      ],
      [
        -0.2792917,
        0.299209833,
        0.912397742
      ],
      [
        -0.900596,
        -0.411211044,
        -0.140827388
      ]
    ],
    "translation": [
      2.08925986,
      0.8271817,
      -0.689306
    ]
  },
  {
    "timeStamp": 101598,
    "rotation": [
      [
        0.3309701,
        -0.8622983,
        0.383276
      ],
      [
        -0.273087442,
        0.301261365,
        0.913599968
      ],
      [
        -0.9032619,
        -0.4070421,
        -0.135774314
      ]
    ],
    "translation": [
      2.09161544,
      0.8249643,
      -0.6900629
    ]
  },
  {
    "timeStamp": 101642,
    "rotation": [
      [
        0.336211771,
        -0.871942,
        0.3559198
      ],
      [
        -0.278772265,
        0.268844724,
        0.9219591
      ],
      [
        -0.899582,
        -0.409194052,
        -0.152684465
      ]
    ],
    "translation": [
      2.09462881,
      0.824666262,
      -0.6887151
    ]
  },
  {
    "timeStamp": 101698,
    "rotation": [
      [
        0.346020252,
        -0.8848747,
        0.311876178
      ],
      [
        -0.26568374,
        0.226391017,
        0.937101543
      ],
      [
        -0.899823368,
        -0.4071165,
        -0.156760946
      ]
    ],
    "translation": [
      2.10074449,
      0.82330513,
      -0.6882506
    ]
  },
  {
    "timeStamp": 101742,
    "rotation": [
      [
        0.368102521,
        -0.923738956,
        0.105862625
      ],
      [
        -0.202971727,
        0.0312769674,
        0.978684962
      ],
      [
        -0.9073605,
        -0.3817435,
        -0.175979763
      ]
    ],
    "translation": [
      2.1155777,
      0.81782,
      -0.686142564
    ]
  },
  {
    "timeStamp": 101798,
    "rotation": [
      [
        0.374709934,
        -0.8957541,
        -0.239200681
      ],
      [
        -0.07783334,
        -0.287478954,
        0.954619169
      ],
      [
        -0.923869252,
        -0.3390875,
        -0.177440763
      ]
    ],
    "translation": [
      2.14372969,
      0.8143822,
      -0.684745133
    ]
  },
  {
    "timeStamp": 101842,
    "rotation": [
      [
        0.377013355,
        -0.8669109,
        -0.326077372
      ],
      [
        -0.0417569466,
        -0.3676074,
        0.9290431
      ],
      [
        -0.9252661,
        -0.336645663,
        -0.174792454
      ]
    ],
    "translation": [
      2.15421534,
      0.813941956,
      -0.685240567
    ]
  },
  {
    "timeStamp": 101898,
    "rotation": [
      [
        0.379313082,
        -0.8663172,
        -0.324986547
      ],
      [
        -0.0305685,
        -0.362776279,
        0.9313748
      ],
      [
        -0.9247633,
        -0.3433483,
        -0.1640878
      ]
    ],
    "translation": [
      2.154393,
      0.8113642,
      -0.6857907
    ]
  },
  {
    "timeStamp": 101942,
    "rotation": [
      [
        0.38142,
        -0.867878854,
        -0.318284631
      ],
      [
        -0.03225974,
        -0.3566013,
        0.933699548
      ],
      [
        -0.9238388,
        -0.3458639,
        -0.1640124
      ]
    ],
    "translation": [
      2.153835,
      0.8099384,
      -0.685917258
    ]
  },
  {
    "timeStamp": 101998,
    "rotation": [
      [
        0.393602252,
        -0.867816,
        -0.303270042
      ],
      [
        0.00171128358,
        -0.329206973,
        0.944256246
      ],
      [
        -0.9192792,
        -0.372180372,
        -0.128091529
      ]
    ],
    "translation": [
      2.15284777,
      0.807690859,
      -0.687875569
    ]
  },
  {
    "timeStamp": 102042,
    "rotation": [
      [
        0.3973216,
        -0.8601061,
        -0.319926739
      ],
      [
        -0.00317881256,
        -0.3499137,
        0.9367766
      ],
      [
        -0.917673945,
        -0.3711846,
        -0.141762376
      ]
    ],
    "translation": [
      2.15347576,
      0.8048526,
      -0.687660336
    ]
  },
  {
    "timeStamp": 102098,
    "rotation": [
      [
        0.402391732,
        -0.858105063,
        -0.31896168
      ],
      [
        0.00714760739,
        -0.345458478,
        0.9384068
      ],
      [
        -0.915439665,
        -0.379886955,
        -0.132876247
      ]
    ],
    "translation": [
      2.152077,
      0.8042181,
      -0.6885188
    ]
  },
  {
    "timeStamp": 102142,
    "rotation": [
      [
        0.405987263,
        -0.854587853,
        -0.3238116
      ],
      [
        0.005404367,
        -0.352075338,
        0.935956061
      ],
      [
        -0.913862765,
        -0.381736249,
        -0.1383196
      ]
    ],
    "translation": [
      2.15047383,
      0.805379868,
      -0.6887278
    ]
  },
  {
    "timeStamp": 102198,
    "rotation": [
      [
        0.418553144,
        -0.8428363,
        -0.338290185
      ],
      [
        0.00627411,
        -0.369795054,
        0.929092169
      ],
      [
        -0.9081707,
        -0.3909969,
        -0.149490833
      ]
    ],
    "translation": [
      2.14818048,
      0.807910442,
      -0.6888221
    ]
  },
  {
    "timeStamp": 102242,
    "rotation": [
      [
        0.41828528,
        -0.840571761,
        -0.3442042
      ],
      [
        -0.004108749,
        -0.380694866,
        0.9246916
      ],
      [
        -0.90830636,
        -0.385370642,
        -0.162692755
      ]
    ],
    "translation": [
      2.1466794,
      0.8100787,
      -0.6876325
    ]
  },
  {
    "timeStamp": 102298,
    "rotation": [
      [
        0.4038042,
        -0.858224154,
        -0.3168493
      ],
      [
        -0.03884561,
        -0.3621144,
        0.9313239
      ],
      [
        -0.91402036,
        -0.363764316,
        -0.17956157
      ]
    ],
    "translation": [
      2.1420505,
      0.812696338,
      -0.685601652
    ]
  },
  {
    "timeStamp": 102342,
    "rotation": [
      [
        0.402980119,
        -0.861611068,
        -0.3085992
      ],
      [
        -0.04898269,
        -0.3570114,
        0.932814837
      ],
      [
        -0.913897038,
        -0.3607898,
        -0.186072513
      ]
    ],
    "translation": [
      2.139521,
      0.816024959,
      -0.684739947
    ]
  },
  {
    "timeStamp": 102397,
    "rotation": [
      [
        0.398084342,
        -0.870821953,
        -0.288440675
      ],
      [
        -0.06026704,
        -0.33857578,
        0.9390071
      ],
      [
        -0.915367,
        -0.356420577,
        -0.187263578
      ]
    ],
    "translation": [
      2.136157,
      0.8194052,
      -0.6842284
    ]
  },
  {
    "timeStamp": 102442,
    "rotation": [
      [
        0.404752761,
        -0.867657959,
        -0.288695127
      ],
      [
        -0.0584881753,
        -0.339629918,
        0.9387389
      ],
      [
        -0.9125537,
        -0.3630719,
        -0.18821387
      ]
    ],
    "translation": [
      2.13275456,
      0.820398,
      -0.6844659
    ]
  },
  {
    "timeStamp": 102497,
    "rotation": [
      [
        0.401094347,
        -0.8754079,
        -0.269785941
      ],
      [
        -0.06794635,
        -0.322134376,
        0.9442525
      ],
      [
        -0.913513362,
        -0.3604034,
        -0.188687041
      ]
    ],
    "translation": [
      2.13148,
      0.8190651,
      -0.684596
    ]
  },
  {
    "timeStamp": 102542,
    "rotation": [
      [
        0.395526946,
        -0.8890693,
        -0.230465055
      ],
      [
        -0.09530297,
        -0.2893011,
        0.9524821
      ],
      [
        -0.913496435,
        -0.354768336,
        -0.199157327
      ]
    ],
    "translation": [
      2.129995,
      0.8163022,
      -0.684282
    ]
  },
  {
    "timeStamp": 102597,
    "rotation": [
      [
        0.371656954,
        -0.915249,
        -0.155532449
      ],
      [
        -0.0798502043,
        -0.1984268,
        0.9768576
      ],
      [
        -0.924929738,
        -0.350636631,
        -0.146829531
      ]
    ],
    "translation": [
      2.126862,
      0.812025666,
      -0.6874129
    ]
  },
  {
    "timeStamp": 102642,
    "rotation": [
      [
        0.299465,
        -0.951453567,
        -0.07111124
      ],
      [
        -0.0101576485,
        -0.077706784,
        0.9969245
      ],
      [
        -0.9540532,
        -0.2978217,
        -0.0329349935
      ]
    ],
    "translation": [
      2.12246561,
      0.8090245,
      -0.6961146
    ]
  },
  {
    "timeStamp": 102697,
    "rotation": [
      [
        0.255403429,
        -0.9667381,
        -0.0136565138
      ],
      [
        -0.0051945895,
        -0.01549686,
        0.9998664
      ],
      [
        -0.9668206,
        -0.255298376,
        -0.008979758
      ]
    ],
    "translation": [
      2.11891317,
      0.8069341,
      -0.699293
    ]
  },
  {
    "timeStamp": 102742,
    "rotation": [
      [
        0.2319371,
        -0.9726846,
        0.009477995
      ],
      [
        0.004572191,
        0.0108337291,
        0.999930859
      ],
      [
        -0.97272,
        -0.231877729,
        0.006960043
      ]
    ],
    "translation": [
      2.11731124,
      0.806694031,
      -0.700997233
    ]
  },
  {
    "timeStamp": 102797,
    "rotation": [
      [
        0.205087438,
        -0.9787218,
        0.006540027
      ],
      [
        -0.0320555978,
        -3.83504521E-05,
        0.9994861
      ],
      [
        -0.9782186,
        -0.205191687,
        -0.0313813761
      ]
    ],
    "translation": [
      2.1170752,
      0.806266963,
      -0.7003641
    ]
  },
  {
    "timeStamp": 102842,
    "rotation": [
      [
        0.190951735,
        -0.9813022,
        0.024154108
      ],
      [
        -0.0019596843,
        0.024225736,
        0.9997046
      ],
      [
        -0.9815975,
        -0.19094266,
        0.0027029037
      ]
    ],
    "translation": [
      2.11632943,
      0.8062728,
      -0.7024444
    ]
  },
  {
    "timeStamp": 102897,
    "rotation": [
      [
        0.171970084,
        -0.9841589,
        0.0431006439
      ],
      [
        -0.0306430738,
        0.0383870229,
        0.998793
      ],
      [
        -0.984625459,
        -0.173083231,
        -0.0235562325
      ]
    ],
    "translation": [
      2.114335,
      0.805021346,
      -0.702126265
    ]
  },
  {
    "timeStamp": 102942,
    "rotation": [
      [
        0.174757376,
        -0.98259306,
        0.06301357
      ],
      [
        -0.06330925,
        0.0526523367,
        0.9966041
      ],
      [
        -0.9825741,
        -0.178153232,
        -0.05300585
      ]
    ],
    "translation": [
      2.11337686,
      0.8060267,
      -0.699444
    ]
  }
]