[
  {
    "timeStamp": 142401,
    "rotation": [
      [
        0.9993521,
        0.0280107353,
        -0.0226006713
      ],
      [
        -0.02825096,
        0.999546945,
        -0.0103807161
      ],
      [
        0.0222996622,
        0.0110124806,
        0.999690652
      ]
    ],
    "translation": [
      1.31287539,
      0.85231,
      -0.748524249
    ]
  },
  {
    "timeStamp": 142447,
    "rotation": [
      [
        0.999070168,
        0.041636046,
        -0.0111905355
      ],
      [
        -0.041539792,
        0.999099,
        0.008700563
      ],
      [
        0.01154271,
        -0.00822762,
        0.9998995
      ]
    ],
    "translation": [
      1.31450117,
      0.851873338,
      -0.7503514
    ]
  },
  {
    "timeStamp": 142501,
    "rotation": [
      [
        0.9980783,
        0.0511879437,
        -0.0349219665
      ],
      [
        -0.0497403629,
        0.997914851,
        0.0411325879
      ],
      [
        0.03695464,
        -0.0393165126,
        0.9985432
      ]
    ],
    "translation": [
      1.31660473,
      0.8509016,
      -0.7552959
    ]
  },
  {
    "timeStamp": 142545,
    "rotation": [
      [
        0.995817244,
        0.08533658,
        -0.032645192
      ],
      [
        -0.0827000663,
        0.9937473,
        0.07501398
      ],
      [
        0.0388425067,
        -0.07200046,
        0.996647954
      ]
    ],
    "translation": [
      1.32172012,
      0.8497555,
      -0.760211468
    ]
  },
  {
    "timeStamp": 142600,
    "rotation": [
      [
        0.987626731,
        0.154631063,
        -0.02612927
      ],
      [
        -0.151869029,
        0.9846062,
        0.08652376
      ],
      [
        0.039106302,
        -0.08148494,
        0.9959071
      ]
    ],
    "translation": [
      1.33210754,
      0.8489507,
      -0.761663437
    ]
  },
  {
    "timeStamp": 142645,
    "rotation": [
      [
        0.9638821,
        0.26617226,
        -0.009143131
      ],
      [
        -0.264660746,
        0.9611157,
        0.07881167
      ],
      [
        0.0297650862,
        -0.07354533,
        0.99684757
      ]
    ],
    "translation": [
      1.34877229,
      0.847318053,
      -0.7603786
    ]
  },
  {
    "timeStamp": 142700,
    "rotation": [
      [
        0.9973514,
        0.07213089,
        0.009337795
      ],
      [
        -0.07201973,
        0.9973341,
        -0.0117382929
      ],
      [
        -0.0101595949,
        0.0110346973,
        0.999887466
      ]
    ],
    "translation": [
      1.34642971,
      0.861414731,
      -0.752235353
    ]
  },
  {
    "timeStamp": 142745,
    "rotation": [
      [
        0.992810845,
        0.116953619,
        0.0254648048
      ],
      [
        -0.116874017,
        0.9931361,
        -0.004597742
      ],
      [
        -0.02582774,
        0.00158851442,
        0.999665141
      ]
    ],
    "translation": [
      1.36957467,
      0.8808097,
      -0.75295943
    ]
  },
  {
    "timeStamp": 142800,
    "rotation": [
      [
        0.983488142,
        0.1658282,
        0.07247096
      ],
      [
        -0.16740559,
        0.985754669,
        0.01622016
      ],
      [
        -0.06874883,
        -0.0280843787,
        0.997238636
      ]
    ],
    "translation": [
      1.4003396,
      0.906365752,
      -0.750482738
    ]
  },
  {
    "timeStamp": 142845,
    "rotation": [
      [
        0.9710525,
        0.204655945,
        0.123178847
      ],
      [
        -0.207796067,
        0.978084862,
        0.0130705135
      ],
      [
        -0.117804408,
        -0.0382882319,
        0.9922984
      ]
    ],
    "translation": [
      1.42986012,
      0.9266402,
      -0.7477018
    ]
  },
  {
    "timeStamp": 142901,
    "rotation": [
      [
        0.95862937,
        0.229119122,
        0.168920338
      ],
      [
        -0.236871958,
        0.9711658,
        0.026993636
      ],
      [
        -0.157864913,
        -0.06588939,
        0.98525995
      ]
    ],
    "translation": [
      1.4652245,
      0.9498222,
      -0.748974562
    ]
  },
  {
    "timeStamp": 142945,
    "rotation": [
      [
        0.9442146,
        0.2540175,
        0.209604234
      ],
      [
        -0.2660417,
        0.9634684,
        0.0308324732
      ],
      [
        -0.194115043,
        -0.0848759338,
        0.977300048
      ]
    ],
    "translation": [
      1.49494255,
      0.970151,
      -0.7512497
    ]
  },
  {
    "timeStamp": 143001,
    "rotation": [
      [
        0.9173621,
        0.2926678,
        0.2698005
      ],
      [
        -0.318406552,
        0.9462907,
        0.0561350435
      ],
      [
        -0.238880813,
        -0.137402415,
        0.961278558
      ]
    ],
    "translation": [
      1.53483713,
      0.9981205,
      -0.7541585
    ]
  },
  {
    "timeStamp": 143045,
    "rotation": [
      [
        0.881183147,
        0.317941725,
        0.349899024
      ],
      [
        -0.36093235,
        0.9304262,
        0.0635218
      ],
      [
        -0.305358976,
        -0.182264224,
        0.934631348
      ]
    ],
    "translation": [
      1.57169819,
      1.01928627,
      -0.7535078
    ]
  },
  {
    "timeStamp": 143101,
    "rotation": [
      [
        0.8273951,
        0.325222,
        0.4578734
      ],
      [
        -0.403396755,
        0.911378264,
        0.08161262
      ],
      [
        -0.390753657,
        -0.252230525,
        0.885263443
      ]
    ],
    "translation": [
      1.61963058,
      1.04151917,
      -0.753496349
    ]
  },
  {
    "timeStamp": 143145,
    "rotation": [
      [
        0.7676724,
        0.323775023,
        0.553036
      ],
      [
        -0.434018552,
        0.897610962,
        0.07695718
      ],
      [
        -0.471494347,
        -0.2991058,
        0.829595566
      ]
    ],
    "translation": [
      1.6604569,
      1.05707431,
      -0.7542102
    ]
  },
  {
    "timeStamp": 143200,
    "rotation": [
      [
        0.690085053,
        0.295757055,
        0.660537958
      ],
      [
        -0.463673234,
        0.881449461,
        0.08974365
      ],
      [
        -0.5556885,
        -0.368204534,
        0.7454098
      ]
    ],
    "translation": [
      1.71071231,
      1.073269,
      -0.757476151
    ]
  },
  {
    "timeStamp": 143245,
    "rotation": [
      [
        0.618321657,
        0.2636198,
        0.740393758
      ],
      [
        -0.4884476,
        0.8669315,
        0.09924101
      ],
      [
        -0.615708768,
        -0.423006445,
        0.664806962
      ]
    ],
    "translation": [
      1.7512666,
      1.08390415,
      -0.7625472
    ]
  },
  {
    "timeStamp": 143300,
    "rotation": [
      [
        0.5263526,
        0.202327073,
        0.825843036
      ],
      [
        -0.505710244,
        0.855300963,
        0.112771258
      ],
      [
        -0.683527648,
        -0.476994723,
        0.5525088
      ]
    ],
    "translation": [
      1.80078614,
      1.09415841,
      -0.767911434
    ]
  },
  {
    "timeStamp": 143345,
    "rotation": [
      [
        0.449933469,
        0.146843687,
        0.8809068
      ],
      [
        -0.51853615,
        0.8460436,
        0.123816282
      ],
      [
        -0.727103949,
        -0.5124911,
        0.4568071
      ]
    ],
    "translation": [
      1.83838534,
      1.10046744,
      -0.7741481
    ]
  },
  {
    "timeStamp": 143400,
    "rotation": [
      [
        0.373607,
        0.06127326,
        0.92556113
      ],
      [
        -0.5193675,
        0.8405603,
        0.153998986
      ],
      [
        -0.768554,
        -0.5382415,
        0.345862567
      ]
    ],
    "translation": [
      1.881654,
      1.10431945,
      -0.7817627
    ]
  },
  {
    "timeStamp": 143445,
    "rotation": [
      [
        0.27801463,
        0.0128752263,
        0.9604905
      ],
      [
        -0.526428759,
        0.838423133,
        0.141136214
      ],
      [
        -0.8034803,
        -0.5448678,
        0.239871755
      ]
    ],
    "translation": [
      1.91754067,
      1.10519171,
      -0.7868373
    ]
  },
  {
    "timeStamp": 143501,
    "rotation": [
      [
        0.190935731,
        -0.0673949048,
        0.9792862
      ],
      [
        -0.5127305,
        0.8438775,
        0.158045322
      ],
      [
        -0.837049,
        -0.532286346,
        0.12657094
      ]
    ],
    "translation": [
      1.9570055,
      1.09999657,
      -0.7926236
    ]
  },
  {
    "timeStamp": 143545,
    "rotation": [
      [
        0.09008417,
        -0.101220891,
        0.9907771
      ],
      [
        -0.5105982,
        0.849438369,
        0.133206278
      ],
      [
        -0.85508734,
        -0.5178888,
        0.02483775
      ]
    ],
    "translation": [
      1.98826444,
      1.09508359,
      -0.7980619
    ]
  },
  {
    "timeStamp": 143600,
    "rotation": [
      [
        0.018823009,
        -0.152589425,
        0.9881104
      ],
      [
        -0.489414543,
        0.8603813,
        0.1421879
      ],
      [
        -0.8718481,
        -0.486272037,
        -0.0584845133
      ]
    ],
    "translation": [
      2.016952,
      1.08598018,
      -0.8046
    ]
  },
  {
    "timeStamp": 143645,
    "rotation": [
      [
        -0.03944675,
        -0.143342763,
        0.9888867
      ],
      [
        -0.458935529,
        0.881696343,
        0.109498151
      ],
      [
        -0.887593448,
        -0.449515879,
        -0.100565135
      ]
    ],
    "translation": [
      2.03797221,
      1.07627141,
      -0.806675434
    ]
  },
  {
    "timeStamp": 143699,
    "rotation": [
      [
        -0.07210259,
        -0.143939734,
        0.9869562
      ],
      [
        -0.407955766,
        0.907228768,
        0.102508709
      ],
      [
        -0.9101501,
        -0.395243347,
        -0.124134593
      ]
    ],
    "translation": [
      2.05251527,
      1.06278121,
      -0.806089044
    ]
  },
  {
    "timeStamp": 143741,
    "rotation": [
      [
        -0.106678657,
        -0.11466828,
        0.987659335
      ],
      [
        -0.367855579,
        0.9273977,
        0.0679391846
      ],
      [
        -0.9237434,
        -0.3560683,
        -0.14111492
      ]
    ],
    "translation": [
      2.06764579,
      1.0482533,
      -0.805303752
    ]
  },
  {
    "timeStamp": 143795,
    "rotation": [
      [
        -0.1268993,
        -0.10014715,
        0.986847043
      ],
      [
        -0.310743153,
        0.9488233,
        0.05632976
      ],
      [
        -0.9419847,
        -0.299507767,
        -0.15152505
      ]
    ],
    "translation": [
      2.07617164,
      1.03200269,
      -0.801781
    ]
  },
  {
    "timeStamp": 143850,
    "rotation": [
      [
        -0.152984142,
        -0.06647372,
        0.9859904
      ],
      [
        -0.3341263,
        0.9424557,
        0.011696374
      ],
      [
        -0.9300298,
        -0.327655971,
        -0.1663914
      ]
    ],
    "translation": [
      2.08299661,
      1.0252372,
      -0.8054969
    ]
  },
  {
    "timeStamp": 143895,
    "rotation": [
      [
        -0.14524211,
        -0.07465319,
        0.9865757
      ],
      [
        -0.294671834,
        0.9551616,
        0.0288949963
      ],
      [
        -0.944496334,
        -0.2865193,
        -0.160727873
      ]
    ],
    "translation": [
      2.08167148,
      1.015883,
      -0.8022912
    ]
  },
  {
    "timeStamp": 143950,
    "rotation": [
      [
        -0.156730443,
        -0.053257063,
        0.9862045
      ],
      [
        -0.284785658,
        0.958569169,
        0.00650574546
      ],
      [
        -0.9456917,
        -0.279837251,
        -0.165403813
      ]
    ],
    "translation": [
      2.08567142,
      1.00786781,
      -0.802478433
    ]
  },
  {
    "timeStamp": 143995,
    "rotation": [
      [
        -0.147644162,
        -0.05348669,
        0.9875932
      ],
      [
        -0.2606095,
        0.965352356,
        0.0133213075
      ],
      [
        -0.954088,
        -0.25540936,
        -0.15646778
      ]
    ],
    "translation": [
      2.08505964,
      1.00126719,
      -0.800397933
    ]
  },
  {
    "timeStamp": 144050,
    "rotation": [
      [
        -0.152282044,
        -0.0615492426,
        0.9864187
      ],
      [
        -0.25401777,
        0.966968954,
        0.02112071
      ],
      [
        -0.9551362,
        -0.247351557,
        -0.1628866
      ]
    ],
    "translation": [
      2.086073,
      0.996699452,
      -0.7999042
    ]
  },
  {
    "timeStamp": 144095,
    "rotation": [
      [
        -0.147287831,
        -0.0499906838,
        0.987829566
      ],
      [
        -0.24796465,
        0.96869415,
        0.0120501621
      ],
      [
        -0.9575071,
        -0.24317196,
        -0.155072778
      ]
    ],
    "translation": [
      2.086518,
      0.995247066,
      -0.7996307
    ]
  },
  {
    "timeStamp": 144151,
    "rotation": [
      [
        -0.139090344,
        -0.0633797944,
        0.9882494
      ],
      [
        -0.245083377,
        0.969107449,
        0.0276580974
      ],
      [
        -0.9594728,
        -0.238356516,
        -0.150326818
      ]
    ],
    "translation": [
      2.08437824,
      0.995173633,
      -0.7990688
    ]
  },
  {
    "timeStamp": 144196,
    "rotation": [
      [
        -0.145961419,
        -0.06165018,
        0.987367451
      ],
      [
        -0.242775,
        0.9697691,
        0.0246622041
      ],
      [
        -0.9590389,
        -0.236108392,
        -0.156515986
      ]
    ],
    "translation": [
      2.08528256,
      0.995184958,
      -0.79943186
    ]
  },
  {
    "timeStamp": 144242,
    "rotation": [
      [
        -0.141526327,
        -0.0736845955,
        0.9871884
      ],
      [
        -0.233588472,
        0.9715519,
        0.03902952
      ],
      [
        -0.961980641,
        -0.225072116,
        -0.154712051
      ]
    ],
    "translation": [
      2.084776,
      0.9937039,
      -0.798968852
    ]
  },
  {
    "timeStamp": 144299,
    "rotation": [
      [
        -0.142911881,
        -0.0701073,
        0.9872493
      ],
      [
        -0.2202482,
        0.9747291,
        0.0373356
      ],
      [
        -0.9649181,
        -0.212104186,
        -0.154741377
      ]
    ],
    "translation": [
      2.085336,
      0.9918059,
      -0.798630655
    ]
  },
  {
    "timeStamp": 144344,
    "rotation": [
      [
        -0.130290464,
        -0.07897878,
        0.988325238
      ],
      [
        -0.213983446,
        0.975569546,
        0.049750112
      ],
      [
        -0.9681092,
        -0.205003262,
        -0.144007564
      ]
    ],
    "translation": [
      2.0839448,
      0.9906439,
      -0.7987464
    ]
  },
  {
    "timeStamp": 144400,
    "rotation": [
      [
        -0.134646252,
        -0.07886145,
        0.9877506
      ],
      [
        -0.212437287,
        0.9759473,
        0.04896048
      ],
      [
        -0.967853665,
        -0.2032427,
        -0.148160771
      ]
    ],
    "translation": [
      2.08442855,
      0.9896356,
      -0.799412668
    ]
  },
  {
    "timeStamp": 144444,
    "rotation": [
      [
        -0.131047487,
        -0.09245477,
        0.98705554
      ],
      [
        -0.1965955,
        0.9782922,
        0.06553272
      ],
      [
        -0.971687555,
        -0.185462788,
        -0.146378919
      ]
    ],
    "translation": [
      2.08394575,
      0.9870413,
      -0.798544347
    ]
  },
  {
    "timeStamp": 144500,
    "rotation": [
      [
        -0.147701353,
        -0.09469356,
        0.9844884
      ],
      [
        -0.192058861,
        0.979203761,
        0.06537094
      ],
      [
        -0.970205,
        -0.179424345,
        -0.162816465
      ]
    ],
    "translation": [
      2.08572221,
      0.985591769,
      -0.7994693
    ]
  }
]