[
  {
    "timeStamp": 129773,
    "rotation": [
      [
        0.911282659,
        -0.344953418,
        0.224880219
      ],
      [
        0.220723242,
        0.870226264,
        0.440440118
      ],
      [
        -0.347628,
        -0.351729125,
        0.8691613
      ]
    ],
    "translation": [
      1.27773976,
      0.737536669,
      -0.347293168
    ]
  },
  {
    "timeStamp": 129829,
    "rotation": [
      [
        0.9259324,
        -0.337650716,
        0.169237226
      ],
      [
        0.234870985,
        0.865670145,
        0.44209823
      ],
      [
        -0.2957784,
        -0.36960417,
        0.880856335
      ]
    ],
    "translation": [
      1.27756643,
      0.73850137,
      -0.351966858
    ]
  },
  {
    "timeStamp": 129873,
    "rotation": [
      [
        0.917028069,
        -0.371177524,
        0.145899653
      ],
      [
        0.310907066,
        0.894453168,
        0.3213881
      ],
      [
        -0.249792457,
        -0.249360666,
        0.9356404
      ]
    ],
    "translation": [
      1.27824378,
      0.7421,
      -0.3573576
    ]
  },
  {
    "timeStamp": 129928,
    "rotation": [
      [
        0.9230235,
        -0.355290681,
        0.147635072
      ],
      [
        0.298758924,
        0.9036571,
        0.3068339
      ],
      [
        -0.2424267,
        -0.239107609,
        0.940243
      ]
    ],
    "translation": [
      1.28369415,
      0.7502839,
      -0.364458084
    ]
  },
  {
    "timeStamp": 129973,
    "rotation": [
      [
        0.9291843,
        -0.335555047,
        0.154981613
      ],
      [
        0.278891742,
        0.9116678,
        0.3017966
      ],
      [
        -0.242561117,
        -0.237201557,
        0.940691
      ]
    ],
    "translation": [
      1.28880644,
      0.761375666,
      -0.370540142
    ]
  },
  {
    "timeStamp": 130028,
    "rotation": [
      [
        0.9472883,
        -0.267007321,
        0.177065164
      ],
      [
        0.204791233,
        0.929657042,
        0.306265175
      ],
      [
        -0.2463849,
        -0.25386,
        0.935333967
      ]
    ],
    "translation": [
      1.30323875,
      0.791322351,
      -0.3875164
    ]
  },
  {
    "timeStamp": 130073,
    "rotation": [
      [
        0.961574256,
        -0.212636814,
        0.1736681
      ],
      [
        0.145622686,
        0.9312746,
        0.3339487
      ],
      [
        -0.232742473,
        -0.295826465,
        0.926454365
      ]
    ],
    "translation": [
      1.31852412,
      0.818689048,
      -0.412065327
    ]
  },
  {
    "timeStamp": 130128,
    "rotation": [
      [
        0.979323149,
        -0.147822708,
        0.138111085
      ],
      [
        0.0899955854,
        0.9297609,
        0.356995255
      ],
      [
        -0.181182265,
        -0.33718434,
        0.9238397
      ]
    ],
    "translation": [
      1.34398937,
      0.851262569,
      -0.454477459
    ]
  },
  {
    "timeStamp": 130173,
    "rotation": [
      [
        0.98529613,
        -0.119301066,
        0.122305609
      ],
      [
        0.06624275,
        0.9265952,
        0.3701799
      ],
      [
        -0.157490656,
        -0.356634974,
        0.9208736
      ]
    ],
    "translation": [
      1.37126553,
      0.874939,
      -0.4886363
    ]
  },
  {
    "timeStamp": 130228,
    "rotation": [
      [
        0.9776143,
        -0.0694578439,
        0.198609918
      ],
      [
        -0.00179315533,
        0.941156149,
        0.337967455
      ],
      [
        -0.210397422,
        -0.330757946,
        0.9199631
      ]
    ],
    "translation": [
      1.41500092,
      0.910847664,
      -0.5218631
    ]
  },
  {
    "timeStamp": 130273,
    "rotation": [
      [
        0.973145247,
        -0.0487030745,
        0.22498101
      ],
      [
        -0.0305430368,
        0.941401064,
        0.3359036
      ],
      [
        -0.2281569,
        -0.3337546,
        0.9146324
      ]
    ],
    "translation": [
      1.45194852,
      0.936130464,
      -0.5505495
    ]
  },
  {
    "timeStamp": 130329,
    "rotation": [
      [
        0.953060567,
        -0.05037177,
        0.298560262
      ],
      [
        -0.06120883,
        0.933652341,
        0.35291183
      ],
      [
        -0.29652828,
        -0.354620874,
        0.8867441
      ]
    ],
    "translation": [
      1.50478339,
      0.965258539,
      -0.5798667
    ]
  },
  {
    "timeStamp": 130373,
    "rotation": [
      [
        0.9248873,
        -0.0442943648,
        0.377652466
      ],
      [
        -0.08702306,
        0.9421735,
        0.323629558
      ],
      [
        -0.3701491,
        -0.332185358,
        0.8675497
      ]
    ],
    "translation": [
      1.54886913,
      0.985088646,
      -0.6003392
    ]
  },
  {
    "timeStamp": 130429,
    "rotation": [
      [
        0.900691,
        -0.09706709,
        0.423478216
      ],
      [
        -0.0717361048,
        0.9281169,
        0.365312
      ],
      [
        -0.428497076,
        -0.3594119,
        0.828983366
      ]
    ],
    "translation": [
      1.600926,
      0.999527752,
      -0.629335344
    ]
  },
  {
    "timeStamp": 130473,
    "rotation": [
      [
        0.8634019,
        -0.120453045,
        0.4899268
      ],
      [
        -0.0782518,
        0.927357256,
        0.365903169
      ],
      [
        -0.498411328,
        -0.354259133,
        0.791256368
      ]
    ],
    "translation": [
      1.6413058,
      1.00926471,
      -0.6480869
    ]
  },
  {
    "timeStamp": 130528,
    "rotation": [
      [
        0.8135399,
        -0.20998174,
        0.5422734
      ],
      [
        -0.0498923548,
        0.90388453,
        0.42485705
      ],
      [
        -0.5793647,
        -0.372693479,
        0.724869668
      ]
    ],
    "translation": [
      1.69398224,
      1.015805,
      -0.667584538
    ]
  },
  {
    "timeStamp": 130573,
    "rotation": [
      [
        0.7404655,
        -0.2355993,
        0.629447162
      ],
      [
        -0.0658610761,
        0.9066024,
        0.416814566
      ],
      [
        -0.668859541,
        -0.3500929,
        0.655791
      ]
    ],
    "translation": [
      1.74073541,
      1.0233351,
      -0.6778666
    ]
  },
  {
    "timeStamp": 130626,
    "rotation": [
      [
        0.6365486,
        -0.284533769,
        0.7168308
      ],
      [
        -0.07637084,
        0.9016331,
        0.425705522
      ],
      [
        -0.767446,
        -0.325727224,
        0.5522032
      ]
    ],
    "translation": [
      1.79995394,
      1.03074932,
      -0.6902695
    ]
  },
  {
    "timeStamp": 130671,
    "rotation": [
      [
        0.557189,
        -0.339009851,
        0.7580321
      ],
      [
        -0.06932191,
        0.8906909,
        0.4492929
      ],
      [
        -0.827487051,
        -0.3028893,
        0.4727824
      ]
    ],
    "translation": [
      1.84365344,
      1.03059244,
      -0.701130569
    ]
  },
  {
    "timeStamp": 130726,
    "rotation": [
      [
        0.446295083,
        -0.3510814,
        0.8231419
      ],
      [
        -0.07138228,
        0.902931452,
        0.423815161
      ],
      [
        -0.892034352,
        -0.24790436,
        0.377912879
      ]
    ],
    "translation": [
      1.89323032,
      1.02645862,
      -0.7150668
    ]
  },
  {
    "timeStamp": 130771,
    "rotation": [
      [
        0.3743275,
        -0.387741745,
        0.842339158
      ],
      [
        -0.0677722842,
        0.8945128,
        0.4418754
      ],
      [
        -0.924816668,
        -0.222493365,
        0.308562577
      ]
    ],
    "translation": [
      1.9276706,
      1.0241127,
      -0.726083755
    ]
  },
  {
    "timeStamp": 130826,
    "rotation": [
      [
        0.297897875,
        -0.3919585,
        0.87041676
      ],
      [
        -0.07488554,
        0.899409831,
        0.4306438
      ],
      [
        -0.9516559,
        -0.1934695,
        0.238580257
      ]
    ],
    "translation": [
      1.96253943,
      1.02147746,
      -0.7383769
    ]
  },
  {
    "timeStamp": 130871,
    "rotation": [
      [
        0.2463347,
        -0.425852478,
        0.8706141
      ],
      [
        -0.0649554953,
        0.8890213,
        0.453234941
      ],
      [
        -0.96700567,
        -0.16819866,
        0.191335335
      ]
    ],
    "translation": [
      1.98806226,
      1.01698589,
      -0.745601356
    ]
  },
  {
    "timeStamp": 130926,
    "rotation": [
      [
        0.179621443,
        -0.418193281,
        0.8904215
      ],
      [
        -0.06434131,
        0.898210645,
        0.4348308
      ],
      [
        -0.981629431,
        -0.135395825,
        0.134430781
      ]
    ],
    "translation": [
      2.01686716,
      1.01029408,
      -0.7524894
    ]
  },
  {
    "timeStamp": 130973,
    "rotation": [
      [
        0.127538949,
        -0.448251426,
        0.8847624
      ],
      [
        -0.0427135639,
        0.8887373,
        0.456422448
      ],
      [
        -0.9909134,
        -0.096002996,
        0.0942022055
      ]
    ],
    "translation": [
      2.03983736,
      1.000074,
      -0.755616248
    ]
  },
  {
    "timeStamp": 131024,
    "rotation": [
      [
        0.0587708466,
        -0.4061276,
        0.911924541
      ],
      [
        -0.019078549,
        0.9128797,
        0.407782555
      ],
      [
        -0.998089135,
        -0.04136392,
        0.04590239
      ]
    ],
    "translation": [
      2.06684375,
      0.9851137,
      -0.7596469
    ]
  },
  {
    "timeStamp": 131079,
    "rotation": [
      [
        0.0237678532,
        -0.408314347,
        0.912531853
      ],
      [
        0.0106241386,
        0.9128414,
        0.408176124
      ],
      [
        -0.999661,
        -6.60500473E-06,
        0.0260342676
      ]
    ],
    "translation": [
      2.083566,
      0.9721961,
      -0.7622995
    ]
  },
  {
    "timeStamp": 131123,
    "rotation": [
      [
        0.0211024228,
        -0.3741422,
        0.927131236
      ],
      [
        0.0247406159,
        0.927249134,
        0.373626679
      ],
      [
        -0.9994711,
        0.0150533691,
        0.0288237128
      ]
    ],
    "translation": [
      2.088068,
      0.962397,
      -0.7644424
    ]
  },
  {
    "timeStamp": 131178,
    "rotation": [
      [
        0.038043987,
        -0.3848241,
        0.922205567
      ],
      [
        0.04632173,
        0.922560751,
        0.383061379
      ],
      [
        -0.998201847,
        0.0281449743,
        0.0529236048
      ]
    ],
    "translation": [
      2.08723378,
      0.9532757,
      -0.765719652
    ]
  },
  {
    "timeStamp": 131223,
    "rotation": [
      [
        0.04655466,
        -0.362904,
        0.9306628
      ],
      [
        0.05087648,
        0.931325257,
        0.36061734
      ],
      [
        -0.9976193,
        0.03056043,
        0.06182081
      ]
    ],
    "translation": [
      2.086486,
      0.948252559,
      -0.7663239
    ]
  },
  {
    "timeStamp": 131279,
    "rotation": [
      [
        0.04994696,
        -0.368056655,
        0.928460956
      ],
      [
        0.06504908,
        0.9288462,
        0.364710033
      ],
      [
        -0.9966313,
        0.04217937,
        0.07033479
      ]
    ],
    "translation": [
      2.08679652,
      0.9417813,
      -0.766431034
    ]
  },
  {
    "timeStamp": 131323,
    "rotation": [
      [
        0.0512882061,
        -0.357075483,
        0.9326664
      ],
      [
        0.0680087656,
        0.932976365,
        0.3534543
      ],
      [
        -0.996365547,
        0.04530145,
        0.07213495
      ]
    ],
    "translation": [
      2.087106,
      0.937595665,
      -0.766031742
    ]
  },
  {
    "timeStamp": 131379,
    "rotation": [
      [
        0.047237508,
        -0.3573153,
        0.9327885
      ],
      [
        0.0837081745,
        0.9319622,
        0.3527597
      ],
      [
        -0.9953701,
        0.0614185371,
        0.07393378
      ]
    ],
    "translation": [
      2.08862472,
      0.9306831,
      -0.765411735
    ]
  },
  {
    "timeStamp": 131425,
    "rotation": [
      [
        0.0475472361,
        -0.339121372,
        0.939540267
      ],
      [
        0.08731176,
        0.9384149,
        0.334296584
      ],
      [
        -0.9950457,
        0.06613804,
        0.07422832
      ]
    ],
    "translation": [
      2.08975124,
      0.926300764,
      -0.765030742
    ]
  },
  {
    "timeStamp": 131470,
    "rotation": [
      [
        0.0434267521,
        -0.351370573,
        0.935228765
      ],
      [
        0.09850823,
        0.933056235,
        0.345980138
      ],
      [
        -0.994188249,
        0.07710294,
        0.0751325
      ]
    ],
    "translation": [
      2.09193325,
      0.9222074,
      -0.7651562
    ]
  },
  {
    "timeStamp": 131527,
    "rotation": [
      [
        0.022020353,
        -0.3397225,
        0.940267861
      ],
      [
        0.09985177,
        0.936540663,
        0.336037427
      ],
      [
        -0.9947586,
        0.08648775,
        0.0545448549
      ]
    ],
    "translation": [
      2.09879947,
      0.9204557,
      -0.764895856
    ]
  },
  {
    "timeStamp": 131573,
    "rotation": [
      [
        0.0148525229,
        -0.354434073,
        0.934963
      ],
      [
        0.100846119,
        0.930829167,
        0.351264983
      ],
      [
        -0.9947911,
        0.08907022,
        0.0495684631
      ]
    ],
    "translation": [
      2.10389519,
      0.921139538,
      -0.7647322
    ]
  },
  {
    "timeStamp": 131628,
    "rotation": [
      [
        -0.009418201,
        -0.364559859,
        0.931132257
      ],
      [
        0.09994891,
        0.9261672,
        0.363626868
      ],
      [
        -0.99494797,
        0.0964903757,
        0.0277145319
      ]
    ],
    "translation": [
      2.11328268,
      0.9236874,
      -0.7651947
    ]
  },
  {
    "timeStamp": 131673,
    "rotation": [
      [
        -0.0289279222,
        -0.370847255,
        0.9282432
      ],
      [
        0.09615868,
        0.9232926,
        0.371866077
      ],
      [
        -0.9949456,
        0.100015961,
        0.008951249
      ]
    ],
    "translation": [
      2.12206221,
      0.9261393,
      -0.7655058
    ]
  },
  {
    "timeStamp": 131728,
    "rotation": [
      [
        -0.0547523424,
        -0.389073431,
        0.9195782
      ],
      [
        0.09642279,
        0.914595246,
        0.392706245
      ],
      [
        -0.993833363,
        0.11016988,
        -0.0125606824
      ]
    ],
    "translation": [
      2.133428,
      0.9290172,
      -0.765554667
    ]
  },
  {
    "timeStamp": 131772,
    "rotation": [
      [
        -0.07255508,
        -0.396889359,
        0.9149943
      ],
      [
        0.09792431,
        0.910144866,
        0.402550817
      ],
      [
        -0.9925455,
        0.118807286,
        -0.02717052
      ]
    ],
    "translation": [
      2.14226913,
      0.9300157,
      -0.7656823
    ]
  },
  {
    "timeStamp": 131828,
    "rotation": [
      [
        -0.08589288,
        -0.404634476,
        0.910435855
      ],
      [
        0.105640128,
        0.9049627,
        0.412168324
      ],
      [
        -0.990687966,
        0.131580874,
        -0.0349842124
      ]
    ],
    "translation": [
      2.15157652,
      0.9283235,
      -0.7644402
    ]
  },
  {
    "timeStamp": 131872,
    "rotation": [
      [
        -0.09811654,
        -0.41195935,
        0.9059043
      ],
      [
        0.120295726,
        0.8987119,
        0.4217176
      ],
      [
        -0.987877548,
        0.1503539,
        -0.038621556
      ]
    ],
    "translation": [
      2.158882,
      0.925115466,
      -0.7633306
    ]
  },
  {
    "timeStamp": 131928,
    "rotation": [
      [
        -0.107660621,
        -0.407328278,
        0.9069139
      ],
      [
        0.130420968,
        0.8985463,
        0.419052452
      ],
      [
        -0.985596061,
        0.163396046,
        -0.0436139
      ]
    ],
    "translation": [
      2.16543651,
      0.921934843,
      -0.76231426
    ]
  },
  {
    "timeStamp": 131972,
    "rotation": [
      [
        -0.107485719,
        -0.40948987,
        0.905960739
      ],
      [
        0.140963018,
        0.895757258,
        0.4216022
      ],
      [
        -0.9841627,
        0.173023179,
        -0.03855818
      ]
    ],
    "translation": [
      2.1674087,
      0.92008394,
      -0.761238754
    ]
  },
  {
    "timeStamp": 132028,
    "rotation": [
      [
        -0.107010581,
        -0.40460977,
        0.9082069
      ],
      [
        0.146899447,
        0.896992862,
        0.4169225
      ],
      [
        -0.9833459,
        0.1780302,
        -0.0365507752
      ]
    ],
    "translation": [
      2.16824365,
      0.9175189,
      -0.7603186
    ]
  },
  {
    "timeStamp": 132072,
    "rotation": [
      [
        -0.102171175,
        -0.4032272,
        0.909378231
      ],
      [
        0.156925559,
        0.896182656,
        0.415007174
      ],
      [
        -0.982311249,
        0.185106471,
        -0.0282873847
      ]
    ],
    "translation": [
      2.16779351,
      0.9142727,
      -0.759596646
    ]
  },
  {
    "timeStamp": 132128,
    "rotation": [
      [
        -0.10400483,
        -0.3991309,
        0.9109762
      ],
      [
        0.169439733,
        0.895442963,
        0.41166994
      ],
      [
        -0.980037332,
        0.197171211,
        -0.025501756
      ]
    ],
    "translation": [
      2.1675508,
      0.909351051,
      -0.7591397
    ]
  },
  {
    "timeStamp": 132173,
    "rotation": [
      [
        -0.10081961,
        -0.39392072,
        0.913598359
      ],
      [
        0.17745848,
        0.8964316,
        0.406102151
      ],
      [
        -0.978950441,
        0.203068823,
        -0.0204733163
      ]
    ],
    "translation": [
      2.16687322,
      0.905601442,
      -0.759163737
    ]
  },
  {
    "timeStamp": 132228,
    "rotation": [
      [
        -0.097118,
        -0.392698824,
        0.914524853
      ],
      [
        0.192362115,
        0.894136548,
        0.404371947
      ],
      [
        -0.9765065,
        0.215191722,
        -0.01129638
      ]
    ],
    "translation": [
      2.16562653,
      0.9004315,
      -0.758562565
    ]
  },
  {
    "timeStamp": 132272,
    "rotation": [
      [
        -0.09114489,
        -0.387889445,
        0.9171883
      ],
      [
        0.1975827,
        0.895667553,
        0.398422718
      ],
      [
        -0.9760398,
        0.217534751,
        -0.004995276
      ]
    ],
    "translation": [
      2.164551,
      0.897355556,
      -0.7585021
    ]
  },
  {
    "timeStamp": 132328,
    "rotation": [
      [
        -0.09075191,
        -0.3896082,
        0.9164985
      ],
      [
        0.203165457,
        0.8936985,
        0.400033325
      ],
      [
        -0.9749297,
        0.222504646,
        -0.00194991939
      ]
    ],
    "translation": [
      2.16370416,
      0.8952618,
      -0.758569658
    ]
  },
  {
    "timeStamp": 132372,
    "rotation": [
      [
        -0.0890013054,
        -0.388216048,
        0.917260647
      ],
      [
        0.20044817,
        0.8950928,
        0.3982832
      ],
      [
        -0.9756533,
        0.219310939,
        -0.00184722443
      ]
    ],
    "translation": [
      2.163305,
      0.8947487,
      -0.758865
    ]
  },
  {
    "timeStamp": 132427,
    "rotation": [
      [
        -0.0914552361,
        -0.394499,
        0.9143339
      ],
      [
        0.200388864,
        0.892108262,
        0.404953182
      ],
      [
        -0.975438535,
        0.220257431,
        -0.00253477367
      ]
    ],
    "translation": [
      2.16319251,
      0.8946707,
      -0.75874716
    ]
  },
  {
    "timeStamp": 132472,
    "rotation": [
      [
        -0.0866226,
        -0.389250368,
        0.917049944
      ],
      [
        0.203621775,
        0.89416,
        0.398768216
      ],
      [
        -0.97521,
        0.22127369,
        0.00180539652
      ]
    ],
    "translation": [
      2.16282821,
      0.8938098,
      -0.7585531
    ]
  },
  {
    "timeStamp": 132527,
    "rotation": [
      [
        -0.08714667,
        -0.392035425,
        0.9158131
      ],
      [
        0.203041524,
        0.893023431,
        0.401600778
      ],
      [
        -0.975284338,
        0.220946252,
        0.00177544961
      ]
    ],
    "translation": [
      2.16291022,
      0.8938512,
      -0.7583388
    ]
  },
  {
    "timeStamp": 132572,
    "rotation": [
      [
        -0.0872846,
        -0.391796768,
        0.9159021
      ],
      [
        0.20395726,
        0.8929065,
        0.401396841
      ],
      [
        -0.9750809,
        0.221840665,
        0.00197280943
      ]
    ],
    "translation": [
      2.1629715,
      0.8936366,
      -0.7584249
    ]
  },
  {
    "timeStamp": 132628,
    "rotation": [
      [
        -0.0908154547,
        -0.3964748,
        0.9135427
      ],
      [
        0.205003381,
        0.8902438,
        0.4067426
      ],
      [
        -0.9745389,
        0.224217847,
        0.000430779473
      ]
    ],
    "translation": [
      2.16313,
      0.8942188,
      -0.758305
    ]
  }
]