[
  {
    "timeStamp": 67286,
    "rotation": [
      [
        0.5095193,
        0.0456332155,
        -0.85924834
      ],
      [
        -0.830926239,
        0.285472363,
        -0.4775638
      ],
      [
        0.2234989,
        0.957299948,
        0.183371514
      ]
    ],
    "translation": [
      1.51288366,
      0.7374197,
      -0.5253262
    ]
  },
  {
    "timeStamp": 67330,
    "rotation": [
      [
        0.487888128,
        0.08717145,
        -0.8685427
      ],
      [
        -0.853385031,
        0.256882817,
        -0.4535915
      ],
      [
        0.183573455,
        0.9625032,
        0.199720874
      ]
    ],
    "translation": [
      1.51215339,
      0.7413858,
      -0.5263087
    ]
  },
  {
    "timeStamp": 67386,
    "rotation": [
      [
        0.4464861,
        0.1327816,
        -0.884883761
      ],
      [
        -0.879385948,
        0.247827485,
        -0.406524181
      ],
      [
        0.165319577,
        0.9596617,
        0.227417782
      ]
    ],
    "translation": [
      1.50773609,
      0.755269945,
      -0.5267286
    ]
  },
  {
    "timeStamp": 67430,
    "rotation": [
      [
        0.401325852,
        0.1766544,
        -0.8987384
      ],
      [
        -0.901874065,
        0.2474878,
        -0.354080319
      ],
      [
        0.159876958,
        0.9526505,
        0.2586433
      ]
    ],
    "translation": [
      1.50683033,
      0.7737109,
      -0.525608242
    ]
  },
  {
    "timeStamp": 67486,
    "rotation": [
      [
        0.3346658,
        0.2177069,
        -0.9168438
      ],
      [
        -0.927441239,
        0.248404235,
        -0.279549867
      ],
      [
        0.166887939,
        0.9438745,
        0.285042733
      ]
    ],
    "translation": [
      1.51165712,
      0.8040949,
      -0.527719438
    ]
  },
  {
    "timeStamp": 67531,
    "rotation": [
      [
        0.278743774,
        0.246477634,
        -0.9281975
      ],
      [
        -0.941393554,
        0.261288017,
        -0.213323057
      ],
      [
        0.189947546,
        0.9332617,
        0.304864854
      ]
    ],
    "translation": [
      1.52099717,
      0.834880054,
      -0.5300286
    ]
  },
  {
    "timeStamp": 67586,
    "rotation": [
      [
        0.208282769,
        0.3023405,
        -0.9301659
      ],
      [
        -0.9557106,
        0.265094429,
        -0.127836615
      ],
      [
        0.207931608,
        0.915595531,
        0.34416464
      ]
    ],
    "translation": [
      1.54298234,
      0.8805425,
      -0.533089042
    ]
  },
  {
    "timeStamp": 67630,
    "rotation": [
      [
        0.158591166,
        0.375538677,
        -0.9131372
      ],
      [
        -0.96356976,
        0.260599762,
        -0.06017536
      ],
      [
        0.215365171,
        0.889414668,
        0.40318653
      ]
    ],
    "translation": [
      1.57044649,
      0.92045,
      -0.5337609
    ]
  },
  {
    "timeStamp": 67686,
    "rotation": [
      [
        0.119277574,
        0.451264262,
        -0.8843831
      ],
      [
        -0.9610538,
        0.276131153,
        0.0112801222
      ],
      [
        0.249296024,
        0.848594248,
        0.466625482
      ]
    ],
    "translation": [
      1.61553025,
      0.970629036,
      -0.5366886
    ]
  },
  {
    "timeStamp": 67730,
    "rotation": [
      [
        0.107203059,
        0.519703746,
        -0.847593963
      ],
      [
        -0.952976,
        0.296755552,
        0.06142449
      ],
      [
        0.283450752,
        0.8011518,
        0.5270783
      ]
    ],
    "translation": [
      1.66087842,
      1.008943,
      -0.540713131
    ]
  },
  {
    "timeStamp": 67786,
    "rotation": [
      [
        0.1161161,
        0.606398165,
        -0.7866373
      ],
      [
        -0.9431805,
        0.315571874,
        0.104042552
      ],
      [
        0.311331838,
        0.72986,
        0.6085859
      ]
    ],
    "translation": [
      1.72592485,
      1.04883683,
      -0.5474238
    ]
  },
  {
    "timeStamp": 67830,
    "rotation": [
      [
        0.155379146,
        0.6575913,
        -0.7371778
      ],
      [
        -0.9333969,
        0.342078358,
        0.108409844
      ],
      [
        0.32346192,
        0.6712348,
        0.666945457
      ]
    ],
    "translation": [
      1.7806915,
      1.07065856,
      -0.556566358
    ]
  },
  {
    "timeStamp": 67886,
    "rotation": [
      [
        0.2392551,
        0.703825355,
        -0.668869853
      ],
      [
        -0.9059405,
        0.4096587,
        0.107012309
      ],
      [
        0.349326342,
        0.580353,
        0.7356368
      ]
    ],
    "translation": [
      1.853493,
      1.090885,
      -0.5722211
    ]
  },
  {
    "timeStamp": 67930,
    "rotation": [
      [
        0.3016905,
        0.7495853,
        -0.589156
      ],
      [
        -0.8945481,
        0.436309546,
        0.09704486
      ],
      [
        0.329797775,
        0.4977508,
        0.8021705
      ]
    ],
    "translation": [
      1.913769,
      1.098345,
      -0.587916136
    ]
  },
  {
    "timeStamp": 67986,
    "rotation": [
      [
        0.379756719,
        0.790008664,
        -0.481322318
      ],
      [
        -0.887459457,
        0.4579961,
        0.05152929
      ],
      [
        0.261152327,
        0.407585472,
        0.8750278
      ]
    ],
    "translation": [
      1.98542953,
      1.09510171,
      -0.6134285
    ]
  },
  {
    "timeStamp": 68030,
    "rotation": [
      [
        0.403714,
        0.828474164,
        -0.388130933
      ],
      [
        -0.894378543,
        0.446707726,
        0.023220662
      ],
      [
        0.192618817,
        0.3377615,
        0.9213117
      ]
    ],
    "translation": [
      2.03767657,
      1.08647156,
      -0.638846755
    ]
  },
  {
    "timeStamp": 68085,
    "rotation": [
      [
        0.434673131,
        0.8563044,
        -0.278930038
      ],
      [
        -0.8939709,
        0.447739422,
        -0.0185847878
      ],
      [
        0.108973749,
        0.257433653,
        0.9601315
      ]
    ],
    "translation": [
      2.091868,
      1.06921172,
      -0.672747135
    ]
  },
  {
    "timeStamp": 68130,
    "rotation": [
      [
        0.438894451,
        0.877521932,
        -0.19320178
      ],
      [
        -0.8980997,
        0.435138881,
        -0.06380425
      ],
      [
        0.0280799828,
        0.201517791,
        0.9790823
      ]
    ],
    "translation": [
      2.12583,
      1.04997706,
      -0.6997806
    ]
  },
  {
    "timeStamp": 68186,
    "rotation": [
      [
        0.419790745,
        0.900625467,
        -0.112470157
      ],
      [
        -0.9057151,
        0.407654434,
        -0.116180696
      ],
      [
        -0.0587863363,
        0.1506375,
        0.986839652
      ]
    ],
    "translation": [
      2.15487766,
      1.02527177,
      -0.729456246
    ]
  },
  {
    "timeStamp": 68230,
    "rotation": [
      [
        0.422494948,
        0.9032578,
        -0.0749893337
      ],
      [
        -0.900661767,
        0.409129679,
        -0.146360412
      ],
      [
        -0.101520821,
        0.12937656,
        0.9863849
      ]
    ],
    "translation": [
      2.1697998,
      1.00536287,
      -0.7466473
    ]
  },
  {
    "timeStamp": 68285,
    "rotation": [
      [
        0.373716563,
        0.9275221,
        0.00621730741
      ],
      [
        -0.9092465,
        0.367661268,
        -0.195182174
      ],
      [
        -0.183321655,
        0.06728975,
        0.9807473
      ]
    ],
    "translation": [
      2.18586659,
      0.9795082,
      -0.7614933
    ]
  },
  {
    "timeStamp": 68337,
    "rotation": [
      [
        0.360616654,
        0.931701958,
        0.04344094
      ],
      [
        -0.9049348,
        0.3607788,
        -0.225680366
      ],
      [
        -0.225939408,
        0.0420728773,
        0.9732324
      ]
    ],
    "translation": [
      2.19545269,
      0.9600684,
      -0.767644167
    ]
  },
  {
    "timeStamp": 68381,
    "rotation": [
      [
        0.382224321,
        0.922375143,
        0.0559338965
      ],
      [
        -0.882023156,
        0.3822146,
        -0.275585264
      ],
      [
        -0.275571764,
        0.0560004,
        0.959647954
      ]
    ],
    "translation": [
      2.202855,
      0.934762,
      -0.77212584
    ]
  },
  {
    "timeStamp": 68436,
    "rotation": [
      [
        0.314733148,
        0.9434623,
        0.10402891
      ],
      [
        -0.8974198,
        0.331475466,
        -0.291138828
      ],
      [
        -0.309161544,
        -0.001726566,
        0.951008
      ]
    ],
    "translation": [
      2.209353,
      0.9129743,
      -0.77245903
    ]
  },
  {
    "timeStamp": 68480,
    "rotation": [
      [
        0.365481168,
        0.925511539,
        0.09925728
      ],
      [
        -0.8678899,
        0.3773718,
        -0.3230445
      ],
      [
        -0.336438328,
        0.031922292,
        0.9411643
      ]
    ],
    "translation": [
      2.2139585,
      0.8960648,
      -0.773434
    ]
  },
  {
    "timeStamp": 68536,
    "rotation": [
      [
        0.332584381,
        0.9371128,
        0.105864257
      ],
      [
        -0.85873425,
        0.347328216,
        -0.376747459
      ],
      [
        -0.3898245,
        0.0343910679,
        0.9202468
      ]
    ],
    "translation": [
      2.21587539,
      0.8773477,
      -0.777538359
    ]
  },
  {
    "timeStamp": 68580,
    "rotation": [
      [
        0.302698344,
        0.943039,
        0.13802582
      ],
      [
        -0.8539425,
        0.332666218,
        -0.400144279
      ],
      [
        -0.4232682,
        0.00325689442,
        0.9059986
      ]
    ],
    "translation": [
      2.21946216,
      0.870443463,
      -0.782048
    ]
  },
  {
    "timeStamp": 68636,
    "rotation": [
      [
        0.359670132,
        0.925975263,
        0.114922874
      ],
      [
        -0.81927377,
        0.3723445,
        -0.436062127
      ],
      [
        -0.446573645,
        0.06268523,
        0.8925484
      ]
    ],
    "translation": [
      2.220654,
      0.8640286,
      -0.7860817
    ]
  },
  {
    "timeStamp": 68680,
    "rotation": [
      [
        0.369645059,
        0.9249677,
        0.08830219
      ],
      [
        -0.801433563,
        0.3654729,
        -0.4734277
      ],
      [
        -0.4701774,
        0.104231879,
        0.876395464
      ]
    ],
    "translation": [
      2.21870947,
      0.8559468,
      -0.78938216
    ]
  },
  {
    "timeStamp": 68735,
    "rotation": [
      [
        0.409244627,
        0.9079724,
        0.09002751
      ],
      [
        -0.769374132,
        0.396440268,
        -0.500897765
      ],
      [
        -0.490491867,
        0.135724887,
        0.860811532
      ]
    ],
    "translation": [
      2.22078729,
      0.8467696,
      -0.79281795
    ]
  },
  {
    "timeStamp": 68780,
    "rotation": [
      [
        0.422653466,
        0.902063668,
        0.08743639
      ],
      [
        -0.7476265,
        0.401565224,
        -0.528961241
      ],
      [
        -0.5122681,
        0.158197537,
        0.8441297
      ]
    ],
    "translation": [
      2.22310448,
      0.8378541,
      -0.795525134
    ]
  },
  {
    "timeStamp": 68838,
    "rotation": [
      [
        0.412490427,
        0.908392131,
        0.06837686
      ],
      [
        -0.7173429,
        0.370166749,
        -0.5902506
      ],
      [
        -0.5614899,
        0.194423079,
        0.8043189
      ]
    ],
    "translation": [
      2.22125959,
      0.8242098,
      -0.801770747
    ]
  },
  {
    "timeStamp": 68883,
    "rotation": [
      [
        0.396880478,
        0.9142752,
        0.08115863
      ],
      [
        -0.701657534,
        0.359207541,
        -0.615342736
      ],
      [
        -0.591745436,
        0.187271953,
        0.784070551
      ]
    ],
    "translation": [
      2.22318578,
      0.8158207,
      -0.8067002
    ]
  },
  {
    "timeStamp": 68929,
    "rotation": [
      [
        0.421781629,
        0.9017,
        0.09506464
      ],
      [
        -0.6706447,
        0.380814552,
        -0.6365657
      ],
      [
        -0.6101933,
        0.204737112,
        0.765341
      ]
    ],
    "translation": [
      2.22827435,
      0.8089288,
      -0.8102987
    ]
  },
  {
    "timeStamp": 68989,
    "rotation": [
      [
        0.465582043,
        0.8739878,
        0.139207527
      ],
      [
        -0.615732968,
        0.4328762,
        -0.6584004
      ],
      [
        -0.63569355,
        0.220824748,
        0.7396825
      ]
    ],
    "translation": [
      2.23133016,
      0.799655139,
      -0.8139373
    ]
  },
  {
    "timeStamp": 69039,
    "rotation": [
      [
        0.493252873,
        0.852038145,
        0.175307408
      ],
      [
        -0.5704638,
        0.468977064,
        -0.6742637
      ],
      [
        -0.656713545,
        0.232576,
        0.7173812
      ]
    ],
    "translation": [
      2.2337122,
      0.7921524,
      -0.8172185
    ]
  },
  {
    "timeStamp": 69084,
    "rotation": [
      [
        0.530133247,
        0.818923235,
        0.219826192
      ],
      [
        -0.535500765,
        0.5243681,
        -0.662025
      ],
      [
        -0.6574175,
        0.233244374,
        0.716518939
      ]
    ],
    "translation": [
      2.237264,
      0.7883489,
      -0.817240953
    ]
  },
  {
    "timeStamp": 69139,
    "rotation": [
      [
        0.574237049,
        0.7720051,
        0.272506773
      ],
      [
        -0.4786251,
        0.5866181,
        -0.6532972
      ],
      [
        -0.664206147,
        0.24471885,
        0.7063589
      ]
    ],
    "translation": [
      2.24141955,
      0.783902764,
      -0.818286538
    ]
  },
  {
    "timeStamp": 69183,
    "rotation": [
      [
        0.5905346,
        0.7531921,
        0.289776474
      ],
      [
        -0.46335873,
        0.610439539,
        -0.642387867
      ],
      [
        -0.6607325,
        0.245081827,
        0.709483862
      ]
    ],
    "translation": [
      2.242918,
      0.7809142,
      -0.8180973
    ]
  },
  {
    "timeStamp": 69239,
    "rotation": [
      [
        0.6059946,
        0.7375752,
        0.297915041
      ],
      [
        -0.448091269,
        0.6259585,
        -0.6382712
      ],
      [
        -0.6572555,
        0.253295749,
        0.7098285
      ]
    ],
    "translation": [
      2.24379778,
      0.778792,
      -0.8185264
    ]
  },
  {
    "timeStamp": 69284,
    "rotation": [
      [
        0.614980638,
        0.7345693,
        0.2867172
      ],
      [
        -0.443680882,
        0.6229281,
        -0.6442887
      ],
      [
        -0.6518789,
        0.26901415,
        0.709003031
      ]
    ],
    "translation": [
      2.24397278,
      0.7771065,
      -0.8195155
    ]
  }
]