[
  {
    "timeStamp": 47795,
    "rotation": [
      [
        -0.999221265,
        -0.020462608,
        -0.0337366238
      ],
      [
        0.01715189,
        0.5447506,
        -0.8384227
      ],
      [
        0.03553436,
        -0.838348448,
        -0.5439754
      ]
    ],
    "translation": [
      1.46482575,
      0.74150455,
      -0.654259741
    ]
  },
  {
    "timeStamp": 47839,
    "rotation": [
      [
        -0.9989956,
        -0.0210872,
        -0.0395369567
      ],
      [
        0.0215902776,
        0.546645761,
        -0.8370856
      ],
      [
        0.0392645,
        -0.8370984,
        -0.545641363
      ]
    ],
    "translation": [
      1.46502614,
      0.7423816,
      -0.653996
    ]
  },
  {
    "timeStamp": 47894,
    "rotation": [
      [
        -0.999178648,
        -0.02451124,
        -0.03226758
      ],
      [
        0.0150216008,
        0.515515864,
        -0.856748343
      ],
      [
        0.0376344174,
        -0.856529355,
        -0.514724255
      ]
    ],
    "translation": [
      1.46478629,
      0.742106,
      -0.655590236
    ]
  },
  {
    "timeStamp": 47939,
    "rotation": [
      [
        -0.9973069,
        -0.0378393941,
        -0.0628258139
      ],
      [
        0.0315395966,
        0.5520937,
        -0.8331854
      ],
      [
        0.06621296,
        -0.832923,
        -0.5494134
      ]
    ],
    "translation": [
      1.465361,
      0.744765043,
      -0.6568675
    ]
  },
  {
    "timeStamp": 47995,
    "rotation": [
      [
        -0.991673768,
        -0.04036493,
        -0.122286
      ],
      [
        0.0795187652,
        0.5549885,
        -0.8280486
      ],
      [
        0.101291455,
        -0.8308781,
        -0.547157764
      ]
    ],
    "translation": [
      1.4617058,
      0.764159,
      -0.651872635
    ]
  },
  {
    "timeStamp": 48043,
    "rotation": [
      [
        -0.9793668,
        -0.0503826849,
        -0.19570978
      ],
      [
        0.134676829,
        0.5593228,
        -0.81793654
      ],
      [
        0.15067479,
        -0.827417433,
        -0.54099673
      ]
    ],
    "translation": [
      1.45753717,
      0.78759,
      -0.6432365
    ]
  },
  {
    "timeStamp": 48093,
    "rotation": [
      [
        -0.956047058,
        -0.07379197,
        -0.283775866
      ],
      [
        0.200286552,
        0.5424901,
        -0.815836847
      ],
      [
        0.2141478,
        -0.83681494,
        -0.5038666
      ]
    ],
    "translation": [
      1.45815587,
      0.820852935,
      -0.6285287
    ]
  },
  {
    "timeStamp": 48149,
    "rotation": [
      [
        -0.9083091,
        -0.101652592,
        -0.405760229
      ],
      [
        0.2848304,
        0.5600984,
        -0.7779212
      ],
      [
        0.306343377,
        -0.8221657,
        -0.479788721
      ]
    ],
    "translation": [
      1.46021163,
      0.8667787,
      -0.609287
    ]
  },
  {
    "timeStamp": 48193,
    "rotation": [
      [
        -0.8555842,
        -0.138470337,
        -0.498800248
      ],
      [
        0.348612726,
        0.5581859,
        -0.7529261
      ],
      [
        0.382681161,
        -0.81807977,
        -0.429302484
      ]
    ],
    "translation": [
      1.47079468,
      0.905898452,
      -0.5903765
    ]
  },
  {
    "timeStamp": 48249,
    "rotation": [
      [
        -0.7548031,
        -0.180411,
        -0.6306537
      ],
      [
        0.419025928,
        0.6070802,
        -0.675182045
      ],
      [
        0.5046677,
        -0.7738898,
        -0.3826292
      ]
    ],
    "translation": [
      1.48989224,
      0.960874438,
      -0.5626444
    ]
  },
  {
    "timeStamp": 48293,
    "rotation": [
      [
        -0.6791541,
        -0.202655852,
        -0.705464661
      ],
      [
        0.46733,
        0.6217543,
        -0.6285095
      ],
      [
        0.5659968,
        -0.756539643,
        -0.327559829
      ]
    ],
    "translation": [
      1.513146,
      1.00314915,
      -0.5450465
    ]
  },
  {
    "timeStamp": 48348,
    "rotation": [
      [
        -0.5599939,
        -0.226855338,
        -0.7968334
      ],
      [
        0.508753359,
        0.664931357,
        -0.5468421
      ],
      [
        0.65389353,
        -0.7116199,
        -0.2569441
      ]
    ],
    "translation": [
      1.55232632,
      1.05653989,
      -0.5206959
    ]
  },
  {
    "timeStamp": 48393,
    "rotation": [
      [
        -0.4622645,
        -0.227765858,
        -0.856991351
      ],
      [
        0.537346959,
        0.6968405,
        -0.475049
      ],
      [
        0.7053863,
        -0.6801,
        -0.199735343
      ]
    ],
    "translation": [
      1.59300923,
      1.09713,
      -0.5069069
    ]
  },
  {
    "timeStamp": 48449,
    "rotation": [
      [
        -0.337071478,
        -0.235656634,
        -0.911509037
      ],
      [
        0.5441444,
        0.7413187,
        -0.3928784
      ],
      [
        0.7683031,
        -0.6284207,
        -0.121646136
      ]
    ],
    "translation": [
      1.65315592,
      1.13993084,
      -0.4906046
    ]
  },
  {
    "timeStamp": 48494,
    "rotation": [
      [
        -0.234147489,
        -0.241456583,
        -0.9417397
      ],
      [
        0.5460619,
        0.7687711,
        -0.3328774
      ],
      [
        0.804357767,
        -0.592190564,
        -0.0481556021
      ]
    ],
    "translation": [
      1.70755148,
      1.16714728,
      -0.48258996
    ]
  },
  {
    "timeStamp": 48539,
    "rotation": [
      [
        -0.150018081,
        -0.244854242,
        -0.9578836
      ],
      [
        0.5422205,
        0.7897734,
        -0.286801279
      ],
      [
        0.8267355,
        -0.562409461,
        0.0142846964
      ]
    ],
    "translation": [
      1.763038,
      1.18885028,
      -0.478016615
    ]
  },
  {
    "timeStamp": 48594,
    "rotation": [
      [
        -0.0294907223,
        -0.259268165,
        -0.965355
      ],
      [
        0.5240359,
        0.8184011,
        -0.235809162
      ],
      [
        0.851185441,
        -0.512834847,
        0.111730583
      ]
    ],
    "translation": [
      1.8389194,
      1.20404971,
      -0.477326661
    ]
  },
  {
    "timeStamp": 48639,
    "rotation": [
      [
        0.0571102351,
        -0.260714561,
        -0.963725269
      ],
      [
        0.497928143,
        0.844112933,
        -0.198848948
      ],
      [
        0.865335763,
        -0.468509585,
        0.1780246
      ]
    ],
    "translation": [
      1.8976078,
      1.208701,
      -0.4799979
    ]
  },
  {
    "timeStamp": 48694,
    "rotation": [
      [
        0.144785136,
        -0.2468001,
        -0.9581894
      ],
      [
        0.452584058,
        0.877671063,
        -0.157674313
      ],
      [
        0.879889131,
        -0.410832375,
        0.238771528
      ]
    ],
    "translation": [
      1.96281,
      1.20332539,
      -0.491292983
    ]
  },
  {
    "timeStamp": 48739,
    "rotation": [
      [
        0.201081678,
        -0.217217848,
        -0.9551872
      ],
      [
        0.414218724,
        0.902491331,
        -0.1180349
      ],
      [
        0.887687445,
        -0.371921778,
        0.271450162
      ]
    ],
    "translation": [
      2.00758958,
      1.19323277,
      -0.50294584
    ]
  },
  {
    "timeStamp": 48794,
    "rotation": [
      [
        0.245644152,
        -0.237715527,
        -0.9397607
      ],
      [
        0.372616,
        0.9181359,
        -0.134847313
      ],
      [
        0.894883335,
        -0.31704545,
        0.314111322
      ]
    ],
    "translation": [
      2.05561686,
      1.17005742,
      -0.518198848
    ]
  },
  {
    "timeStamp": 48839,
    "rotation": [
      [
        0.24723,
        -0.25367713,
        -0.9351606
      ],
      [
        0.348801583,
        0.9237204,
        -0.158360541
      ],
      [
        0.9039994,
        -0.287034,
        0.3168544
      ]
    ],
    "translation": [
      2.081291,
      1.14863837,
      -0.5300027
    ]
  },
  {
    "timeStamp": 48894,
    "rotation": [
      [
        0.2319148,
        -0.318424731,
        -0.9191416
      ],
      [
        0.325180054,
        0.9159205,
        -0.235260472
      ],
      [
        0.9167734,
        -0.244326144,
        0.3159609
      ]
    ],
    "translation": [
      2.10617661,
      1.117734,
      -0.5422745
    ]
  },
  {
    "timeStamp": 48939,
    "rotation": [
      [
        0.245574385,
        -0.30782032,
        -0.9192061
      ],
      [
        0.285165727,
        0.9292253,
        -0.23499088
      ],
      [
        0.9264846,
        -0.204418346,
        0.315973759
      ]
    ],
    "translation": [
      2.12300348,
      1.09248781,
      -0.5494073
    ]
  },
  {
    "timeStamp": 48994,
    "rotation": [
      [
        0.23846586,
        -0.337200016,
        -0.910730541
      ],
      [
        0.2651166,
        0.9247678,
        -0.27297917
      ],
      [
        0.9342629,
        -0.176353574,
        0.309922874
      ]
    ],
    "translation": [
      2.13874054,
      1.06442058,
      -0.5545099
    ]
  },
  {
    "timeStamp": 49039,
    "rotation": [
      [
        0.212774143,
        -0.360812843,
        -0.9080425
      ],
      [
        0.24177213,
        0.9198656,
        -0.3088583
      ],
      [
        0.946717143,
        -0.153822318,
        0.28295812
      ]
    ],
    "translation": [
      2.14429927,
      1.04030275,
      -0.5572566
    ]
  },
  {
    "timeStamp": 49091,
    "rotation": [
      [
        0.173386663,
        -0.362816244,
        -0.9155881
      ],
      [
        0.238178909,
        0.91752,
        -0.318477422
      ],
      [
        0.955619156,
        -0.162854031,
        0.2455009
      ]
    ],
    "translation": [
      2.1451726,
      1.01969063,
      -0.5567335
    ]
  },
  {
    "timeStamp": 49145,
    "rotation": [
      [
        0.156306028,
        -0.382395744,
        -0.910682142
      ],
      [
        0.200461909,
        0.9151075,
        -0.349847436
      ],
      [
        0.967152238,
        -0.127873808,
        0.2196926
      ]
    ],
    "translation": [
      2.149203,
      0.992112041,
      -0.5556987
    ]
  },
  {
    "timeStamp": 49189,
    "rotation": [
      [
        0.1152642,
        -0.400575131,
        -0.908985
      ],
      [
        0.184401616,
        0.907807052,
        -0.3766729
      ],
      [
        0.976068735,
        -0.1242014,
        0.178504363
      ]
    ],
    "translation": [
      2.14627218,
      0.9724352,
      -0.55603683
    ]
  },
  {
    "timeStamp": 49244,
    "rotation": [
      [
        0.06669416,
        -0.417783171,
        -0.9060955
      ],
      [
        0.160050631,
        0.90083766,
        -0.403578162
      ],
      [
        0.9848531,
        -0.118104845,
        0.126947075
      ]
    ],
    "translation": [
      2.139381,
      0.9503787,
      -0.5566892
    ]
  },
  {
    "timeStamp": 49289,
    "rotation": [
      [
        0.0823864043,
        -0.4212442,
        -0.9031976
      ],
      [
        0.131720737,
        0.9029304,
        -0.409104466
      ],
      [
        0.9878574,
        -0.0852652043,
        0.129875779
      ]
    ],
    "translation": [
      2.142601,
      0.933317244,
      -0.5533943
    ]
  },
  {
    "timeStamp": 49344,
    "rotation": [
      [
        0.0628428757,
        -0.40731743,
        -0.911122
      ],
      [
        0.1229903,
        0.9091285,
        -0.3979432
      ],
      [
        0.990416169,
        -0.08705127,
        0.107228346
      ]
    ],
    "translation": [
      2.13870883,
      0.9198089,
      -0.5497957
    ]
  },
  {
    "timeStamp": 49389,
    "rotation": [
      [
        0.0471291877,
        -0.3977399,
        -0.916286945
      ],
      [
        0.115344755,
        0.913337,
        -0.390526652
      ],
      [
        0.9922068,
        -0.08728369,
        0.0889220461
      ]
    ],
    "translation": [
      2.132917,
      0.9107656,
      -0.5479036
    ]
  },
  {
    "timeStamp": 49444,
    "rotation": [
      [
        0.0594867356,
        -0.371414185,
        -0.9265597
      ],
      [
        0.101958372,
        0.925609767,
        -0.364487469
      ],
      [
        0.9930085,
        -0.07278835,
        0.09293029
      ]
    ],
    "translation": [
      2.13218856,
      0.9001651,
      -0.5424198
    ]
  },
  {
    "timeStamp": 49490,
    "rotation": [
      [
        0.0681350753,
        -0.344476581,
        -0.9363191
      ],
      [
        0.09201631,
        0.9366697,
        -0.3379096
      ],
      [
        0.9934237,
        -0.0631331354,
        0.09551752
      ]
    ],
    "translation": [
      2.13168764,
      0.8923315,
      -0.5383484
    ]
  },
  {
    "timeStamp": 49547,
    "rotation": [
      [
        0.0706186146,
        -0.323737919,
        -0.943507731
      ],
      [
        0.07717909,
        0.944807,
        -0.318407118
      ],
      [
        0.994513154,
        -0.0503335968,
        0.09170676
      ]
    ],
    "translation": [
      2.12980032,
      0.8796594,
      -0.5353154
    ]
  },
  {
    "timeStamp": 49592,
    "rotation": [
      [
        0.0869422853,
        -0.299866945,
        -0.950010955
      ],
      [
        0.05979762,
        0.9534734,
        -0.2954873
      ],
      [
        0.9944171,
        -0.0311180539,
        0.100828484
      ]
    ],
    "translation": [
      2.129493,
      0.870399833,
      -0.5315795
    ]
  },
  {
    "timeStamp": 49649,
    "rotation": [
      [
        0.071969904,
        -0.287817866,
        -0.9549771
      ],
      [
        0.05628101,
        0.957106352,
        -0.284218073
      ],
      [
        0.995817661,
        -0.03329193,
        0.08508153
      ]
    ],
    "translation": [
      2.12392235,
      0.864602864,
      -0.5285508
    ]
  },
  {
    "timeStamp": 49694,
    "rotation": [
      [
        0.044676926,
        -0.256771266,
        -0.965439
      ],
      [
        0.0314177573,
        0.9662871,
        -0.255542934
      ],
      [
        0.9985073,
        -0.0189150572,
        0.0512379147
      ]
    ],
    "translation": [
      2.12134767,
      0.860854864,
      -0.5267317
    ]
  },
  {
    "timeStamp": 49750,
    "rotation": [
      [
        0.00494786073,
        -0.222440571,
        -0.9749337
      ],
      [
        0.028553484,
        0.9745795,
        -0.222214863
      ],
      [
        0.99958,
        -0.0267382655,
        0.011173537
      ]
    ],
    "translation": [
      2.11812735,
      0.8581477,
      -0.524701059
    ]
  },
  {
    "timeStamp": 49794,
    "rotation": [
      [
        -0.0483013168,
        -0.182781428,
        -0.9819664
      ],
      [
        0.0264214128,
        0.982536,
        -0.184187084
      ],
      [
        0.9984833,
        -0.03484142,
        -0.0426284373
      ]
    ],
    "translation": [
      2.11390138,
      0.8562452,
      -0.52203846
    ]
  },
  {
    "timeStamp": 49849,
    "rotation": [
      [
        -0.02308991,
        -0.1396393,
        -0.9899332
      ],
      [
        -0.009732207,
        0.9901817,
        -0.139447346
      ],
      [
        0.999686062,
        0.00641440833,
        -0.0242222045
      ]
    ],
    "translation": [
      2.11637783,
      0.851057768,
      -0.5235154
    ]
  },
  {
    "timeStamp": 49894,
    "rotation": [
      [
        -0.0300276037,
        -0.09445753,
        -0.995075941
      ],
      [
        -0.0215700213,
        0.995354235,
        -0.0938330442
      ],
      [
        0.999316335,
        0.0186462272,
        -0.03192555
      ]
    ],
    "translation": [
      2.115894,
      0.847884834,
      -0.5236918
    ]
  },
  {
    "timeStamp": 49949,
    "rotation": [
      [
        -0.0452807322,
        -0.0425022766,
        -0.9980697
      ],
      [
        -0.0225881226,
        0.998882651,
        -0.04151211
      ],
      [
        0.998718858,
        0.0206648223,
        -0.0461901836
      ]
    ],
    "translation": [
      2.11527252,
      0.8449461,
      -0.523203969
    ]
  },
  {
    "timeStamp": 49994,
    "rotation": [
      [
        -0.0468990579,
        0.0196916666,
        -0.9987055
      ],
      [
        -0.022367768,
        0.9995343,
        0.0207583942
      ],
      [
        0.9986492,
        0.0233123619,
        -0.0464367568
      ]
    ],
    "translation": [
      2.114258,
      0.8416665,
      -0.5226109
    ]
  },
  {
    "timeStamp": 50050,
    "rotation": [
      [
        -0.0470184758,
        0.02176154,
        -0.9986569
      ],
      [
        -0.0208497662,
        0.999523461,
        0.0227620658
      ],
      [
        0.99867636,
        0.0218920019,
        -0.0465423465
      ]
    ],
    "translation": [
      2.114076,
      0.841679156,
      -0.5226389
    ]
  }
]