[
  {
    "timeStamp": 53903,
    "rotation": [
      [
        0.9837491,
        0.173968092,
        0.04441716
      ],
      [
        -0.174269378,
        0.9846935,
        0.002973854
      ],
      [
        -0.0432199351,
        -0.010666078,
        0.999008656
      ]
    ],
    "translation": [
      1.14973354,
      0.7002285,
      -0.483255535
    ]
  },
  {
    "timeStamp": 53958,
    "rotation": [
      [
        0.9862576,
        0.157413825,
        0.0501673669
      ],
      [
        -0.15906027,
        0.9867917,
        0.03069235
      ],
      [
        -0.04467334,
        -0.0382502,
        0.998269141
      ]
    ],
    "translation": [
      1.15305758,
      0.702117562,
      -0.479787529
    ]
  },
  {
    "timeStamp": 54003,
    "rotation": [
      [
        0.9833928,
        0.1723762,
        0.0567892827
      ],
      [
        -0.173626,
        0.9846503,
        0.0178254377
      ],
      [
        -0.0528449044,
        -0.027389504,
        0.998227
      ]
    ],
    "translation": [
      1.15441692,
      0.7016614,
      -0.480869383
    ]
  },
  {
    "timeStamp": 54058,
    "rotation": [
      [
        0.9827107,
        0.173774779,
        0.0638896152
      ],
      [
        -0.175200045,
        0.984379351,
        0.0173839554
      ],
      [
        -0.0598707236,
        -0.0282768626,
        0.997805536
      ]
    ],
    "translation": [
      1.16084921,
      0.704492569,
      -0.481860161
    ]
  },
  {
    "timeStamp": 54103,
    "rotation": [
      [
        0.9769045,
        0.197690919,
        0.0810913
      ],
      [
        -0.198701546,
        0.98004967,
        0.00450735167
      ],
      [
        -0.0785824358,
        -0.0205162168,
        0.996696532
      ]
    ],
    "translation": [
      1.16612768,
      0.7099592,
      -0.484354258
    ]
  },
  {
    "timeStamp": 54158,
    "rotation": [
      [
        0.971094966,
        0.226895183,
        0.0741153955
      ],
      [
        -0.229392514,
        0.972959042,
        0.0270146076
      ],
      [
        -0.06598176,
        -0.04323527,
        0.9968837
      ]
    ],
    "translation": [
      1.17093134,
      0.727752268,
      -0.485878229
    ]
  },
  {
    "timeStamp": 54202,
    "rotation": [
      [
        0.961295843,
        0.2683609,
        0.0623917468
      ],
      [
        -0.272644341,
        0.959179342,
        0.07510004
      ],
      [
        -0.0396909639,
        -0.08920412,
        0.9952222
      ]
    ],
    "translation": [
      1.17461824,
      0.752844155,
      -0.484630644
    ]
  },
  {
    "timeStamp": 54258,
    "rotation": [
      [
        0.9447143,
        0.326313257,
        0.0321637541
      ],
      [
        -0.3277212,
        0.9364719,
        0.124976873
      ],
      [
        0.0106611606,
        -0.128608182,
        0.9916382
      ]
    ],
    "translation": [
      1.18302977,
      0.7902168,
      -0.488423258
    ]
  },
  {
    "timeStamp": 54302,
    "rotation": [
      [
        0.92462,
        0.379205436,
        0.0357941836
      ],
      [
        -0.379707843,
        0.910267234,
        0.165031925
      ],
      [
        0.029998729,
        -0.166183144,
        0.985638559
      ]
    ],
    "translation": [
      1.19835,
      0.824430645,
      -0.491589755
    ]
  },
  {
    "timeStamp": 54358,
    "rotation": [
      [
        0.8956766,
        0.4436883,
        0.03006895
      ],
      [
        -0.439991623,
        0.874334,
        0.204810917
      ],
      [
        0.06458191,
        -0.196674436,
        0.9783396
      ]
    ],
    "translation": [
      1.22476912,
      0.8702498,
      -0.4992469
    ]
  },
  {
    "timeStamp": 54402,
    "rotation": [
      [
        0.8686147,
        0.49452427,
        0.0308914445
      ],
      [
        -0.4884968,
        0.8442563,
        0.220459074
      ],
      [
        0.08294206,
        -0.206584364,
        0.9749069
      ]
    ],
    "translation": [
      1.25185454,
      0.907437444,
      -0.5077252
    ]
  },
  {
    "timeStamp": 54458,
    "rotation": [
      [
        0.839680433,
        0.542569339,
        0.0235655475
      ],
      [
        -0.5286417,
        0.806646168,
        0.26431036
      ],
      [
        0.124397635,
        -0.234393969,
        0.9641497
      ]
    ],
    "translation": [
      1.29083312,
      0.9556919,
      -0.514979541
    ]
  },
  {
    "timeStamp": 54502,
    "rotation": [
      [
        0.824747741,
        0.565445662,
        0.007898949
      ],
      [
        -0.5395453,
        0.782633245,
        0.31044513
      ],
      [
        0.169357866,
        -0.260300756,
        0.950558543
      ]
    ],
    "translation": [
      1.32641423,
      0.9915809,
      -0.519575059
    ]
  },
  {
    "timeStamp": 54558,
    "rotation": [
      [
        0.8226037,
        0.568563342,
        0.00767546054
      ],
      [
        -0.528975,
        0.760235667,
        0.377130151
      ],
      [
        0.208587229,
        -0.3142888,
        0.9261285
      ]
    ],
    "translation": [
      1.38058817,
      1.03505063,
      -0.5196352
    ]
  },
  {
    "timeStamp": 54603,
    "rotation": [
      [
        0.822038352,
        0.5693865,
        0.007206528
      ],
      [
        -0.51801753,
        0.742500663,
        0.424677044
      ],
      [
        0.2364545,
        -0.352833927,
        0.9053162
      ]
    ],
    "translation": [
      1.425736,
      1.0650388,
      -0.519756556
    ]
  },
  {
    "timeStamp": 54658,
    "rotation": [
      [
        0.837356746,
        0.5466528,
        0.0021028812
      ],
      [
        -0.483247548,
        0.738424063,
        0.4703209
      ],
      [
        0.2555494,
        -0.3948426,
        0.882492959
      ]
    ],
    "translation": [
      1.4864949,
      1.09611428,
      -0.5189874
    ]
  },
  {
    "timeStamp": 54702,
    "rotation": [
      [
        0.850219,
        0.5253491,
        0.03370333
      ],
      [
        -0.461945921,
        0.713840961,
        0.5263431
      ],
      [
        0.252455056,
        -0.463076055,
        0.84960407
      ]
    ],
    "translation": [
      1.54262722,
      1.1243608,
      -0.514581263
    ]
  },
  {
    "timeStamp": 54758,
    "rotation": [
      [
        0.8721524,
        0.484343171,
        0.0690061748
      ],
      [
        -0.433607846,
        0.699938059,
        0.5675129
      ],
      [
        0.226570979,
        -0.5248794,
        0.8204677
      ]
    ],
    "translation": [
      1.6151979,
      1.15221941,
      -0.5118722
    ]
  },
  {
    "timeStamp": 54803,
    "rotation": [
      [
        0.891114533,
        0.443171144,
        0.09754068
      ],
      [
        -0.406549722,
        0.684221745,
        0.605440259
      ],
      [
        0.201574191,
        -0.5791718,
        0.789891064
      ]
    ],
    "translation": [
      1.67330742,
      1.17190492,
      -0.5130624
    ]
  },
  {
    "timeStamp": 54859,
    "rotation": [
      [
        0.9140712,
        0.379862159,
        0.14205125
      ],
      [
        -0.376589745,
        0.6650262,
        0.644918859
      ],
      [
        0.150512472,
        -0.6429968,
        0.750933468
      ]
    ],
    "translation": [
      1.748815,
      1.19227087,
      -0.519885242
    ]
  },
  {
    "timeStamp": 54904,
    "rotation": [
      [
        0.9330052,
        0.321294636,
        0.162083462
      ],
      [
        -0.343750417,
        0.6624495,
        0.665579736
      ],
      [
        0.1064751,
        -0.6767056,
        0.728513956
      ]
    ],
    "translation": [
      1.80491626,
      1.20114958,
      -0.530927956
    ]
  },
  {
    "timeStamp": 54957,
    "rotation": [
      [
        0.933522463,
        0.280672163,
        0.2230671
      ],
      [
        -0.3564771,
        0.66035223,
        0.6609531
      ],
      [
        0.0382082835,
        -0.6965329,
        0.716506839
      ]
    ],
    "translation": [
      1.87005138,
      1.20470762,
      -0.548324
    ]
  },
  {
    "timeStamp": 55001,
    "rotation": [
      [
        0.9405216,
        0.213292152,
        0.2644346
      ],
      [
        -0.337675631,
        0.6724532,
        0.6586212
      ],
      [
        -0.03734116,
        -0.7087406,
        0.7044803
      ]
    ],
    "translation": [
      1.9224925,
      1.20178688,
      -0.5647179
    ]
  },
  {
    "timeStamp": 55057,
    "rotation": [
      [
        0.9259151,
        0.18695192,
        0.328222781
      ],
      [
        -0.3632516,
        0.6789809,
        0.637991548
      ],
      [
        -0.103583254,
        -0.7099535,
        0.6965893
      ]
    ],
    "translation": [
      1.97572124,
      1.19397616,
      -0.5864279
    ]
  },
  {
    "timeStamp": 55102,
    "rotation": [
      [
        0.9113618,
        0.16606155,
        0.3766207
      ],
      [
        -0.381653935,
        0.6835901,
        0.6221293
      ],
      [
        -0.15414241,
        -0.7107237,
        0.686376
      ]
    ],
    "translation": [
      2.01178432,
      1.18575883,
      -0.6022018
    ]
  },
  {
    "timeStamp": 55157,
    "rotation": [
      [
        0.890829444,
        0.141163945,
        0.431851417
      ],
      [
        -0.4005335,
        0.6926842,
        0.599801242
      ],
      [
        -0.214466333,
        -0.707291543,
        0.673604369
      ]
    ],
    "translation": [
      2.05238175,
      1.17348969,
      -0.620056
    ]
  },
  {
    "timeStamp": 55201,
    "rotation": [
      [
        0.8685763,
        0.138026074,
        0.475945383
      ],
      [
        -0.4258908,
        0.6989502,
        0.57453084
      ],
      [
        -0.253361851,
        -0.7017246,
        0.665875554
      ]
    ],
    "translation": [
      2.07933974,
      1.16268516,
      -0.6318031
    ]
  },
  {
    "timeStamp": 55257,
    "rotation": [
      [
        0.858465433,
        0.114859194,
        0.499844432
      ],
      [
        -0.4167831,
        0.7241913,
        0.549398661
      ],
      [
        -0.298879474,
        -0.6799665,
        0.669564545
      ]
    ],
    "translation": [
      2.10764623,
      1.14715755,
      -0.644141555
    ]
  },
  {
    "timeStamp": 55302,
    "rotation": [
      [
        0.867940366,
        0.101922467,
        0.4860981
      ],
      [
        -0.392068535,
        0.741419256,
        0.544591367
      ],
      [
        -0.304896384,
        -0.6632566,
        0.683468342
      ]
    ],
    "translation": [
      2.12388229,
      1.13760483,
      -0.651268244
    ]
  },
  {
    "timeStamp": 55358,
    "rotation": [
      [
        0.8807647,
        0.09903012,
        0.463083833
      ],
      [
        -0.366672784,
        0.7614429,
        0.5345613
      ],
      [
        -0.2996742,
        -0.6406229,
        0.7069637
      ]
    ],
    "translation": [
      2.1403718,
      1.124593,
      -0.6586013
    ]
  },
  {
    "timeStamp": 55402,
    "rotation": [
      [
        0.888371348,
        0.114918485,
        0.444511145
      ],
      [
        -0.355359018,
        0.785144567,
        0.5072159
      ],
      [
        -0.290717036,
        -0.6085571,
        0.7383373
      ]
    ],
    "translation": [
      2.151423,
      1.11070418,
      -0.6630009
    ]
  },
  {
    "timeStamp": 55458,
    "rotation": [
      [
        0.9352284,
        0.07893563,
        0.3451332
      ],
      [
        -0.2507034,
        0.8359772,
        0.4881494
      ],
      [
        -0.249991119,
        -0.543057263,
        0.8016191
      ]
    ],
    "translation": [
      2.16321182,
      1.09160793,
      -0.667493
    ]
  },
  {
    "timeStamp": 55502,
    "rotation": [
      [
        0.967830837,
        0.0548829,
        0.245542973
      ],
      [
        -0.1631165,
        0.879909456,
        0.446264863
      ],
      [
        -0.191563278,
        -0.471961021,
        0.8605558
      ]
    ],
    "translation": [
      2.16956329,
      1.07122064,
      -0.6705201
    ]
  },
  {
    "timeStamp": 55558,
    "rotation": [
      [
        0.990654945,
        -0.06562616,
        0.119565882
      ],
      [
        0.0156249274,
        0.925468266,
        0.378502756
      ],
      [
        -0.135494113,
        -0.37309742,
        0.91784513
      ]
    ],
    "translation": [
      2.1836257,
      1.04476893,
      -0.6736681
    ]
  },
  {
    "timeStamp": 55602,
    "rotation": [
      [
        0.9930206,
        -0.08829972,
        0.07818713
      ],
      [
        0.05842055,
        0.9441513,
        0.324292243
      ],
      [
        -0.102455392,
        -0.317461133,
        0.9427201
      ]
    ],
    "translation": [
      2.19113612,
      1.02874672,
      -0.671899557
    ]
  },
  {
    "timeStamp": 55658,
    "rotation": [
      [
        0.998544,
        -0.04953834,
        0.0213535223
      ],
      [
        0.04346842,
        0.9733155,
        0.225316659
      ],
      [
        -0.0319455266,
        -0.224060386,
        0.9740516
      ]
    ],
    "translation": [
      2.186047,
      1.000733,
      -0.671221852
    ]
  },
  {
    "timeStamp": 55703,
    "rotation": [
      [
        0.9934284,
        -0.110007837,
        -0.0315957963
      ],
      [
        0.113711633,
        0.9800399,
        0.16306904
      ],
      [
        0.0130262673,
        -0.165590227,
        0.9861086
      ]
    ],
    "translation": [
      2.18920684,
      0.978505433,
      -0.668895066
    ]
  },
  {
    "timeStamp": 55751,
    "rotation": [
      [
        0.997150064,
        -0.06519309,
        0.0379697
      ],
      [
        0.05906136,
        0.9876968,
        0.14479892
      ],
      [
        -0.0469424427,
        -0.142143711,
        0.988732338
      ]
    ],
    "translation": [
      2.19369149,
      0.961302,
      -0.6621635
    ]
  },
  {
    "timeStamp": 55808,
    "rotation": [
      [
        0.9862009,
        -0.165538922,
        0.00214025122
      ],
      [
        0.1644756,
        0.981174767,
        0.101211816
      ],
      [
        -0.018854456,
        -0.0994631648,
        0.994862556
      ]
    ],
    "translation": [
      2.20124531,
      0.941463649,
      -0.653961658
    ]
  },
  {
    "timeStamp": 55853,
    "rotation": [
      [
        0.985733867,
        -0.1672604,
        0.0187842082
      ],
      [
        0.164014429,
        0.9796229,
        0.115923792
      ],
      [
        -0.0377909,
        -0.111189127,
        0.9930805
      ]
    ],
    "translation": [
      2.20169163,
      0.9340358,
      -0.6437117
    ]
  },
  {
    "timeStamp": 55908,
    "rotation": [
      [
        0.9728767,
        -0.225995243,
        0.049365785
      ],
      [
        0.21929121,
        0.968956232,
        0.114171684
      ],
      [
        -0.07363555,
        -0.100249492,
        0.992233753
      ]
    ],
    "translation": [
      2.21157312,
      0.9222439,
      -0.634527564
    ]
  },
  {
    "timeStamp": 55953,
    "rotation": [
      [
        0.9759721,
        -0.211904377,
        0.05074509
      ],
      [
        0.2053456,
        0.9723652,
        0.111082017
      ],
      [
        -0.07288153,
        -0.09799267,
        0.992514849
      ]
    ],
    "translation": [
      2.209119,
      0.912784934,
      -0.628653646
    ]
  },
  {
    "timeStamp": 56008,
    "rotation": [
      [
        0.9813617,
        -0.189380214,
        0.0326234922
      ],
      [
        0.184848517,
        0.9766847,
        0.109169684
      ],
      [
        -0.052537445,
        -0.101104543,
        0.993487656
      ]
    ],
    "translation": [
      2.19782138,
      0.9019588,
      -0.6203124
    ]
  },
  {
    "timeStamp": 56053,
    "rotation": [
      [
        0.9757193,
        -0.218436345,
        -0.016043935
      ],
      [
        0.21900098,
        0.971912742,
        0.08616366
      ],
      [
        -0.0032279694,
        -0.08758519,
        0.996151745
      ]
    ],
    "translation": [
      2.19482756,
      0.891299248,
      -0.6187625
    ]
  },
  {
    "timeStamp": 56108,
    "rotation": [
      [
        0.982174933,
        -0.187331349,
        -0.0154748429
      ],
      [
        0.187951446,
        0.9798859,
        0.06706714
      ],
      [
        0.00259980164,
        -0.06878018,
        0.9976285
      ]
    ],
    "translation": [
      2.190006,
      0.879439831,
      -0.617769659
    ]
  },
  {
    "timeStamp": 56152,
    "rotation": [
      [
        0.9822278,
        -0.186493233,
        -0.0211853981
      ],
      [
        0.187472224,
        0.980273664,
        0.06259192
      ],
      [
        0.009094519,
        -0.0654512,
        0.9978143
      ]
    ],
    "translation": [
      2.18966341,
      0.8748009,
      -0.615846157
    ]
  },
  {
    "timeStamp": 56210,
    "rotation": [
      [
        0.9814247,
        -0.190252841,
        -0.0246841833
      ],
      [
        0.191480786,
        0.9793583,
        0.06474856
      ],
      [
        0.0118560623,
        -0.06827239,
        0.997596264
      ]
    ],
    "translation": [
      2.19201732,
      0.871345341,
      -0.6125379
    ]
  },
  {
    "timeStamp": 56255,
    "rotation": [
      [
        0.979735434,
        -0.197607741,
        -0.032705
      ],
      [
        0.199221611,
        0.978291,
        0.0570743345
      ],
      [
        0.0207166784,
        -0.06243329,
        0.997834146
      ]
    ],
    "translation": [
      2.19355154,
      0.8682544,
      -0.610775
    ]
  },
  {
    "timeStamp": 56300,
    "rotation": [
      [
        0.981288,
        -0.191412151,
        -0.0208592042
      ],
      [
        0.192358673,
        0.9793363,
        0.062437728
      ],
      [
        0.008476837,
        -0.0652818456,
        0.9978308
      ]
    ],
    "translation": [
      2.19674015,
      0.8661344,
      -0.607771039
    ]
  },
  {
    "timeStamp": 56357,
    "rotation": [
      [
        0.9809701,
        -0.191403359,
        -0.0325953774
      ],
      [
        0.1930784,
        0.9793527,
        0.05990856
      ],
      [
        0.0204556715,
        -0.06506197,
        0.997671545
      ]
    ],
    "translation": [
      2.19814086,
      0.8625437,
      -0.604876637
    ]
  },
  {
    "timeStamp": 56402,
    "rotation": [
      [
        0.9818098,
        -0.185596451,
        -0.0400438122
      ],
      [
        0.1876347,
        0.9806881,
        0.0551733263
      ],
      [
        0.0290305149,
        -0.06168332,
        0.9976735
      ]
    ],
    "translation": [
      2.197573,
      0.8589548,
      -0.6032173
    ]
  },
  {
    "timeStamp": 56457,
    "rotation": [
      [
        0.982745469,
        -0.18304652,
        -0.02655837
      ],
      [
        0.184258059,
        0.981380045,
        0.05424203
      ],
      [
        0.0161350388,
        -0.0581997037,
        0.9981746
      ]
    ],
    "translation": [
      2.20042515,
      0.85500443,
      -0.601326942
    ]
  },
  {
    "timeStamp": 56502,
    "rotation": [
      [
        0.982975066,
        -0.178213015,
        -0.0447221957
      ],
      [
        0.180625543,
        0.981875,
        0.0574099533
      ],
      [
        0.0336804055,
        -0.0645105243,
        0.9973485
      ]
    ],
    "translation": [
      2.19883966,
      0.85225755,
      -0.59969455
    ]
  },
  {
    "timeStamp": 56558,
    "rotation": [
      [
        0.988009751,
        -0.151400179,
        -0.0302442517
      ],
      [
        0.152644023,
        0.9872909,
        0.0442315862
      ],
      [
        0.023163205,
        -0.0483178422,
        0.9985634
      ]
    ],
    "translation": [
      2.19592381,
      0.8484238,
      -0.600778043
    ]
  }
]