[
  {
    "timeStamp": 25792,
    "rotation": [
      [
        0.9995949,
        0.00325424643,
        0.0282714944
      ],
      [
        -0.0283499453,
        0.0273124538,
        0.999224842
      ],
      [
        0.002479547,
        -0.9996216,
        0.02739365
      ]
    ],
    "translation": [
      1.46109509,
      0.704848,
      -0.6208226
    ]
  },
  {
    "timeStamp": 25835,
    "rotation": [
      [
        0.999968231,
        0.00284713251,
        0.007439684
      ],
      [
        -0.007472461,
        0.0116802426,
        0.999903858
      ],
      [
        0.00275995722,
        -0.9999277,
        0.0117011471
      ]
    ],
    "translation": [
      1.46103394,
      0.7053554,
      -0.6208688
    ]
  },
  {
    "timeStamp": 25890,
    "rotation": [
      [
        0.995527148,
        -0.0432278737,
        0.08400558
      ],
      [
        -0.08320766,
        0.01994124,
        0.9963327
      ],
      [
        -0.0447445139,
        -0.998866141,
        0.0162551571
      ]
    ],
    "translation": [
      1.46209824,
      0.710134149,
      -0.6185102
    ]
  },
  {
    "timeStamp": 25935,
    "rotation": [
      [
        0.9908955,
        -0.05758425,
        0.121696934
      ],
      [
        -0.122373007,
        -0.008350491,
        0.992449045
      ],
      [
        -0.0561332032,
        -0.998305738,
        -0.0153212212
      ]
    ],
    "translation": [
      1.46172082,
      0.717462838,
      -0.6174971
    ]
  },
  {
    "timeStamp": 25990,
    "rotation": [
      [
        0.9841344,
        -0.04906837,
        0.170504481
      ],
      [
        -0.172488466,
        -0.0394963473,
        0.9842194
      ],
      [
        -0.0415597372,
        -0.9980142,
        -0.0473334454
      ]
    ],
    "translation": [
      1.4629879,
      0.7398896,
      -0.6212819
    ]
  },
  {
    "timeStamp": 26034,
    "rotation": [
      [
        0.975167751,
        -0.0510006323,
        0.215515211
      ],
      [
        -0.218774259,
        -0.07053401,
        0.973222852
      ],
      [
        -0.0344338119,
        -0.996204734,
        -0.0799401253
      ]
    ],
    "translation": [
      1.46706951,
      0.763710141,
      -0.62552017
    ]
  },
  {
    "timeStamp": 26090,
    "rotation": [
      [
        0.960061,
        -0.0530690849,
        0.274711668
      ],
      [
        -0.279054224,
        -0.110427871,
        0.9539048
      ],
      [
        -0.0202870164,
        -0.9924663,
        -0.120826647
      ]
    ],
    "translation": [
      1.47835684,
      0.7969491,
      -0.632514
    ]
  },
  {
    "timeStamp": 26134,
    "rotation": [
      [
        0.9453683,
        -0.0738934651,
        0.317519248
      ],
      [
        -0.324960828,
        -0.135735452,
        0.9359361
      ],
      [
        -0.0260609556,
        -0.9879856,
        -0.152332485
      ]
    ],
    "translation": [
      1.49537408,
      0.823887,
      -0.6369737
    ]
  },
  {
    "timeStamp": 26190,
    "rotation": [
      [
        0.9322277,
        -0.108321764,
        0.345279425
      ],
      [
        -0.3602522,
        -0.187617809,
        0.913793147
      ],
      [
        -0.0342031121,
        -0.976250947,
        -0.213925675
      ]
    ],
    "translation": [
      1.52631712,
      0.856050253,
      -0.6386128
    ]
  },
  {
    "timeStamp": 26234,
    "rotation": [
      [
        0.9209984,
        -0.16152738,
        0.354500979
      ],
      [
        -0.383837521,
        -0.220773846,
        0.896620154
      ],
      [
        -0.06656417,
        -0.9618565,
        -0.2653326
      ]
    ],
    "translation": [
      1.56028473,
      0.8785816,
      -0.6361273
    ]
  },
  {
    "timeStamp": 26290,
    "rotation": [
      [
        0.908575535,
        -0.247894377,
        0.336212635
      ],
      [
        -0.396309346,
        -0.2571719,
        0.881363451
      ],
      [
        -0.132020608,
        -0.93402946,
        -0.331902951
      ]
    ],
    "translation": [
      1.612361,
      0.90252614,
      -0.62955153
    ]
  },
  {
    "timeStamp": 26334,
    "rotation": [
      [
        0.897214,
        -0.324013382,
        0.300037235
      ],
      [
        -0.395845771,
        -0.288951367,
        0.8716727
      ],
      [
        -0.195737466,
        -0.9008454,
        -0.3875105
      ]
    ],
    "translation": [
      1.66153765,
      0.9190315,
      -0.623894155
    ]
  },
  {
    "timeStamp": 26390,
    "rotation": [
      [
        0.8792912,
        -0.419894218,
        0.224801734
      ],
      [
        -0.379753023,
        -0.333203942,
        0.86299634
      ],
      [
        -0.287462324,
        -0.844194233,
        -0.4524394
      ]
    ],
    "translation": [
      1.72996449,
      0.9361602,
      -0.617324531
    ]
  },
  {
    "timeStamp": 26434,
    "rotation": [
      [
        0.8637486,
        -0.480626285,
        0.1514484
      ],
      [
        -0.354579955,
        -0.3661201,
        0.8603657
      ],
      [
        -0.358066082,
        -0.79684025,
        -0.4866562
      ]
    ],
    "translation": [
      1.78777111,
      0.946417749,
      -0.6160914
    ]
  },
  {
    "timeStamp": 26490,
    "rotation": [
      [
        0.837680757,
        -0.5437959,
        0.05076443
      ],
      [
        -0.3122844,
        -0.400642067,
        0.861373544
      ],
      [
        -0.448073,
        -0.737409,
        -0.5054291
      ]
    ],
    "translation": [
      1.86317313,
      0.955732167,
      -0.618803263
    ]
  },
  {
    "timeStamp": 26534,
    "rotation": [
      [
        0.79925257,
        -0.600629,
        -0.0209808461
      ],
      [
        -0.287414432,
        -0.412653476,
        0.8643553
      ],
      [
        -0.5278146,
        -0.684808,
        -0.5024438
      ]
    ],
    "translation": [
      1.92443848,
      0.960569,
      -0.623997
    ]
  },
  {
    "timeStamp": 26590,
    "rotation": [
      [
        0.767514944,
        -0.630432665,
        -0.116084218
      ],
      [
        -0.23263292,
        -0.4426736,
        0.8659804
      ],
      [
        -0.597329736,
        -0.637647867,
        -0.486417979
      ]
    ],
    "translation": [
      1.99535751,
      0.962285,
      -0.6346781
    ]
  },
  {
    "timeStamp": 26634,
    "rotation": [
      [
        0.7422521,
        -0.652242839,
        -0.153756425
      ],
      [
        -0.1953163,
        -0.4300521,
        0.8814231
      ],
      [
        -0.6410252,
        -0.624207,
        -0.446600735
      ]
    ],
    "translation": [
      2.044504,
      0.954369962,
      -0.6454042
    ]
  },
  {
    "timeStamp": 26686,
    "rotation": [
      [
        0.7321186,
        -0.657389939,
        -0.178439856
      ],
      [
        -0.130757749,
        -0.392715216,
        0.910317063
      ],
      [
        -0.6685093,
        -0.6431277,
        -0.373472929
      ]
    ],
    "translation": [
      2.08418512,
      0.935667336,
      -0.6571466
    ]
  },
  {
    "timeStamp": 26740,
    "rotation": [
      [
        0.750567734,
        -0.6377801,
        -0.172871813
      ],
      [
        -0.06223561,
        -0.328678429,
        0.9423891
      ],
      [
        -0.6578562,
        -0.6965681,
        -0.28638804
      ]
    ],
    "translation": [
      2.12564969,
      0.9041064,
      -0.673990667
    ]
  },
  {
    "timeStamp": 26784,
    "rotation": [
      [
        0.7638802,
        -0.6191691,
        -0.181979954
      ],
      [
        -0.006429398,
        -0.289270282,
        0.957225859
      ],
      [
        -0.6453261,
        -0.730035841,
        -0.2249487
      ]
    ],
    "translation": [
      2.144357,
      0.8800803,
      -0.683273435
    ]
  },
  {
    "timeStamp": 26840,
    "rotation": [
      [
        0.7827928,
        -0.6043908,
        -0.14814581
      ],
      [
        0.0135982782,
        -0.221397623,
        0.975088835
      ],
      [
        -0.622133851,
        -0.765307069,
        -0.165089786
      ]
    ],
    "translation": [
      2.15845084,
      0.852161646,
      -0.6915178
    ]
  },
  {
    "timeStamp": 26885,
    "rotation": [
      [
        0.799867451,
        -0.5832126,
        -0.141686723
      ],
      [
        0.021344034,
        -0.2082841,
        0.9778355
      ],
      [
        -0.599797,
        -0.785163,
        -0.154151559
      ]
    ],
    "translation": [
      2.16615462,
      0.8364416,
      -0.6929196
    ]
  },
  {
    "timeStamp": 26940,
    "rotation": [
      [
        0.801261544,
        -0.5902628,
        -0.09782571
      ],
      [
        0.004429056,
        -0.157646179,
        0.9874857
      ],
      [
        -0.598297954,
        -0.7916676,
        -0.123701505
      ]
    ],
    "translation": [
      2.172723,
      0.817985833,
      -0.69227165
    ]
  },
  {
    "timeStamp": 26984,
    "rotation": [
      [
        0.808066964,
        -0.57929,
        -0.107008278
      ],
      [
        0.0289891548,
        -0.142326459,
        0.9893952
      ],
      [
        -0.5883768,
        -0.802599669,
        -0.09821619
      ]
    ],
    "translation": [
      2.17991638,
      0.803845048,
      -0.69010216
    ]
  },
  {
    "timeStamp": 27040,
    "rotation": [
      [
        0.8107678,
        -0.5773372,
        -0.09662954
      ],
      [
        0.0188344885,
        -0.139260471,
        0.990076661
      ],
      [
        -0.585064769,
        -0.8045423,
        -0.102034062
      ]
    ],
    "translation": [
      2.1860497,
      0.7945381,
      -0.684946358
    ]
  },
  {
    "timeStamp": 27084,
    "rotation": [
      [
        0.813190341,
        -0.574127257,
        -0.09539064
      ],
      [
        0.0239608269,
        -0.130736828,
        0.9911275
      ],
      [
        -0.5815044,
        -0.808261,
        -0.09255736
      ]
    ],
    "translation": [
      2.19025731,
      0.787949,
      -0.681977868
    ]
  },
  {
    "timeStamp": 27141,
    "rotation": [
      [
        0.820447147,
        -0.5635423,
        -0.09636637
      ],
      [
        0.03924543,
        -0.112643749,
        0.9928601
      ],
      [
        -0.5703738,
        -0.8183712,
        -0.07030178
      ]
    ],
    "translation": [
      2.19432187,
      0.779472351,
      -0.6813589
    ]
  },
  {
    "timeStamp": 27187,
    "rotation": [
      [
        0.821347356,
        -0.5644836,
        -0.08213881
      ],
      [
        0.0288040433,
        -0.102769174,
        0.9942881
      ],
      [
        -0.569700658,
        -0.8190218,
        -0.06814978
      ]
    ],
    "translation": [
      2.19608116,
      0.7764884,
      -0.6788722
    ]
  },
  {
    "timeStamp": 27233,
    "rotation": [
      [
        0.8253248,
        -0.558193743,
        -0.08519828
      ],
      [
        0.03944458,
        -0.09352252,
        0.9948355
      ],
      [
        -0.5632789,
        -0.824423,
        -0.05516874
      ]
    ],
    "translation": [
      2.19925642,
      0.772412658,
      -0.678653836
    ]
  },
  {
    "timeStamp": 27289,
    "rotation": [
      [
        0.821469545,
        -0.56433773,
        -0.08191905
      ],
      [
        0.0357635,
        -0.0923869461,
        0.9950807
      ],
      [
        -0.5691298,
        -0.8203582,
        -0.05571037
      ]
    ],
    "translation": [
      2.20432186,
      0.770210445,
      -0.6760603
    ]
  },
  {
    "timeStamp": 27334,
    "rotation": [
      [
        0.822761,
        -0.562175333,
        -0.08380469
      ],
      [
        0.038259387,
        -0.0923319459,
        0.994993
      ],
      [
        -0.5670984,
        -0.821847737,
        -0.05445864
      ]
    ],
    "translation": [
      2.20781684,
      0.768752158,
      -0.6741635
    ]
  },
  {
    "timeStamp": 27389,
    "rotation": [
      [
        0.820671558,
        -0.5646685,
        -0.08745144
      ],
      [
        0.0467470735,
        -0.08618525,
        0.9951818
      ],
      [
        -0.56948483,
        -0.8208055,
        -0.0443331823
      ]
    ],
    "translation": [
      2.21191025,
      0.7659949,
      -0.672378838
    ]
  },
  {
    "timeStamp": 27437,
    "rotation": [
      [
        0.8232937,
        -0.56047976,
        -0.08972141
      ],
      [
        0.0505753346,
        -0.0850041062,
        0.9950962
      ],
      [
        -0.565358,
        -0.8237941,
        -0.0416368954
      ]
    ],
    "translation": [
      2.21372819,
      0.7641292,
      -0.670296967
    ]
  }
]