[
  {
    "timeStamp": 8743,
    "rotation": [
      [
        -0.8901946,
        0.4554961,
        -0.00876885653
      ],
      [
        0.455580145,
        0.890053,
        -0.01588777
      ],
      [
        0.0005679293,
        -0.0181381255,
        -0.9998353
      ]
    ],
    "translation": [
      1.77006328,
      0.7293223,
      -0.4878624
    ]
  },
  {
    "timeStamp": 8787,
    "rotation": [
      [
        -0.8891553,
        0.457528561,
        -0.00839206
      ],
      [
        0.45758304,
        0.888780355,
        -0.0262162443
      ],
      [
        -0.004535983,
        -0.0271503776,
        -0.9996211
      ]
    ],
    "translation": [
      1.77018356,
      0.729490936,
      -0.4881999
    ]
  },
  {
    "timeStamp": 8843,
    "rotation": [
      [
        -0.8880046,
        0.459755927,
        -0.008503661
      ],
      [
        0.4595808,
        0.886748552,
        -0.04962221
      ],
      [
        -0.0152734965,
        -0.0479728729,
        -0.998731852
      ]
    ],
    "translation": [
      1.77021372,
      0.729825854,
      -0.488918722
    ]
  },
  {
    "timeStamp": 8887,
    "rotation": [
      [
        -0.886445343,
        0.462796718,
        -0.00581600331
      ],
      [
        0.46199584,
        0.884016037,
        -0.07124186
      ],
      [
        -0.0278290585,
        -0.0658389851,
        -0.9974421
      ]
    ],
    "translation": [
      1.77052772,
      0.730637968,
      -0.4898348
    ]
  },
  {
    "timeStamp": 8942,
    "rotation": [
      [
        -0.8804965,
        0.474051833,
        0.0009000407
      ],
      [
        0.473697841,
        0.8799093,
        -0.037014436
      ],
      [
        -0.0183387157,
        -0.0321647339,
        -0.9993143
      ]
    ],
    "translation": [
      1.7742337,
      0.744379938,
      -0.495649546
    ]
  },
  {
    "timeStamp": 8987,
    "rotation": [
      [
        -0.8506329,
        0.5240293,
        -0.04262501
      ],
      [
        0.52563107,
        0.8458291,
        -0.0910227746
      ],
      [
        -0.0116451271,
        -0.099832,
        -0.994936168
      ]
    ],
    "translation": [
      1.7737515,
      0.769140661,
      -0.491531849
    ]
  },
  {
    "timeStamp": 9042,
    "rotation": [
      [
        -0.7792473,
        0.613620758,
        -0.127449065
      ],
      [
        0.626716256,
        0.7631696,
        -0.157476559
      ],
      [
        0.0006343657,
        -0.20258759,
        -0.979263961
      ]
    ],
    "translation": [
      1.769499,
      0.8115497,
      -0.487844169
    ]
  },
  {
    "timeStamp": 9087,
    "rotation": [
      [
        -0.7243467,
        0.6627722,
        -0.189881086
      ],
      [
        0.689355552,
        0.6920484,
        -0.214144662
      ],
      [
        -0.0105222268,
        -0.286010563,
        -0.9581686
      ]
    ],
    "translation": [
      1.77514267,
      0.848926,
      -0.491925061
    ]
  },
  {
    "timeStamp": 9143,
    "rotation": [
      [
        -0.6692214,
        0.6760445,
        -0.30839327
      ],
      [
        0.742243052,
        0.588699162,
        -0.320169479
      ],
      [
        -0.03489796,
        -0.443167061,
        -0.895759463
      ]
    ],
    "translation": [
      1.79433608,
      0.898903251,
      -0.4877826
    ]
  },
  {
    "timeStamp": 9187,
    "rotation": [
      [
        -0.625424862,
        0.6701781,
        -0.3996311
      ],
      [
        0.7793176,
        0.5110184,
        -0.362662673
      ],
      [
        -0.0388297178,
        -0.538257837,
        -0.8418852
      ]
    ],
    "translation": [
      1.81743038,
      0.9336228,
      -0.493905365
    ]
  },
  {
    "timeStamp": 9242,
    "rotation": [
      [
        -0.5924052,
        0.628465652,
        -0.5040704
      ],
      [
        0.8053997,
        0.4467029,
        -0.389599442
      ],
      [
        -0.0196801536,
        -0.6367789,
        -0.7707952
      ]
    ],
    "translation": [
      1.85387254,
      0.9689702,
      -0.5017216
    ]
  },
  {
    "timeStamp": 9287,
    "rotation": [
      [
        -0.6020552,
        0.565689445,
        -0.56349355
      ],
      [
        0.798229933,
        0.443161875,
        -0.407966435
      ],
      [
        0.0189365409,
        -0.695415735,
        -0.718358159
      ]
    ],
    "translation": [
      1.88635159,
      0.985459447,
      -0.5129154
    ]
  },
  {
    "timeStamp": 9342,
    "rotation": [
      [
        -0.5892931,
        0.464746028,
        -0.660866737
      ],
      [
        0.7981263,
        0.4618494,
        -0.386897445
      ],
      [
        0.125411823,
        -0.7554511,
        -0.6430907
      ]
    ],
    "translation": [
      1.93762982,
      0.9992653,
      -0.5262885
    ]
  },
  {
    "timeStamp": 9387,
    "rotation": [
      [
        -0.5501926,
        0.366489828,
        -0.7503155
      ],
      [
        0.800855,
        0.4860453,
        -0.349844635
      ],
      [
        0.236472815,
        -0.79337585,
        -0.560923755
      ]
    ],
    "translation": [
      1.98219049,
      1.00719726,
      -0.538749
    ]
  },
  {
    "timeStamp": 9442,
    "rotation": [
      [
        -0.491653472,
        0.240753517,
        -0.836848
      ],
      [
        0.791010737,
        0.525319636,
        -0.313594133
      ],
      [
        0.364113778,
        -0.8161354,
        -0.448713839
      ]
    ],
    "translation": [
      2.04305148,
      1.00918,
      -0.558142543
    ]
  },
  {
    "timeStamp": 9487,
    "rotation": [
      [
        -0.471039385,
        0.1465748,
        -0.869849265
      ],
      [
        0.7648167,
        0.5591933,
        -0.3199349
      ],
      [
        0.439519465,
        -0.815977156,
        -0.3755049
      ]
    ],
    "translation": [
      2.08740377,
      1.00675178,
      -0.57540673
    ]
  },
  {
    "timeStamp": 9542,
    "rotation": [
      [
        -0.448129922,
        0.06545472,
        -0.891568959
      ],
      [
        0.698075533,
        0.6486349,
        -0.303254545
      ],
      [
        0.558453262,
        -0.7582799,
        -0.336365044
      ]
    ],
    "translation": [
      2.1353147,
      0.9905315,
      -0.6059433
    ]
  },
  {
    "timeStamp": 9588,
    "rotation": [
      [
        -0.440477222,
        0.0102956686,
        -0.8977048
      ],
      [
        0.6060895,
        0.741078734,
        -0.288890839
      ],
      [
        0.6622956,
        -0.6713392,
        -0.3326684
      ]
    ],
    "translation": [
      2.16596723,
      0.9687116,
      -0.630106449
    ]
  },
  {
    "timeStamp": 9637,
    "rotation": [
      [
        -0.3932703,
        0.00279157283,
        -0.9194187
      ],
      [
        0.54784137,
        0.803800941,
        -0.231892034
      ],
      [
        0.7383822,
        -0.594891846,
        -0.3176404
      ]
    ],
    "translation": [
      2.19196773,
      0.9419093,
      -0.6566814
    ]
  },
  {
    "timeStamp": 9692,
    "rotation": [
      [
        -0.342498064,
        0.0346261449,
        -0.9388802
      ],
      [
        0.5322808,
        0.8306214,
        -0.163539439
      ],
      [
        0.77419126,
        -0.555759847,
        -0.3029171
      ]
    ],
    "translation": [
      2.203984,
      0.9146961,
      -0.6735143
    ]
  },
  {
    "timeStamp": 9737,
    "rotation": [
      [
        -0.377629519,
        0.0389822535,
        -0.9251358
      ],
      [
        0.476521134,
        0.864836335,
        -0.15806888
      ],
      [
        0.79392916,
        -0.50053823,
        -0.345163584
      ]
    ],
    "translation": [
      2.212753,
      0.89175117,
      -0.683200836
    ]
  },
  {
    "timeStamp": 9792,
    "rotation": [
      [
        -0.366111338,
        0.0695577,
        -0.9279678
      ],
      [
        0.469484419,
        0.8747956,
        -0.119653717
      ],
      [
        0.803459346,
        -0.479473025,
        -0.352928817
      ]
    ],
    "translation": [
      2.21766782,
      0.8691212,
      -0.684616566
    ]
  },
  {
    "timeStamp": 9837,
    "rotation": [
      [
        -0.426618129,
        0.0873464,
        -0.9002042
      ],
      [
        0.4424768,
        0.88823396,
        -0.123510405
      ],
      [
        0.7888037,
        -0.4510112,
        -0.417585462
      ]
    ],
    "translation": [
      2.217827,
      0.8533548,
      -0.68168056
    ]
  },
  {
    "timeStamp": 9892,
    "rotation": [
      [
        -0.5449761,
        0.08769614,
        -0.833852768
      ],
      [
        0.397527367,
        0.9026557,
        -0.16487743
      ],
      [
        0.7382229,
        -0.421333551,
        -0.52678746
      ]
    ],
    "translation": [
      2.22010422,
      0.838119,
      -0.675445437
    ]
  },
  {
    "timeStamp": 9937,
    "rotation": [
      [
        -0.616146564,
        0.148620188,
        -0.7734827
      ],
      [
        0.424125671,
        0.890105069,
        -0.166824654
      ],
      [
        0.6636873,
        -0.43084228,
        -0.6114688
      ]
    ],
    "translation": [
      2.20950174,
      0.831359267,
      -0.6657274
    ]
  },
  {
    "timeStamp": 9983,
    "rotation": [
      [
        -0.7026739,
        0.130950347,
        -0.699357867
      ],
      [
        0.3976481,
        0.88736093,
        -0.233380824
      ],
      [
        0.590021551,
        -0.442088932,
        -0.6755975
      ]
    ],
    "translation": [
      2.20725155,
      0.8253552,
      -0.6546013
    ]
  },
  {
    "timeStamp": 10039,
    "rotation": [
      [
        -0.8335067,
        0.152847961,
        -0.530946434
      ],
      [
        0.343392283,
        0.896140158,
        -0.281095326
      ],
      [
        0.432837576,
        -0.416617751,
        -0.7994256
      ]
    ],
    "translation": [
      2.19899464,
      0.815531135,
      -0.6484463
    ]
  },
  {
    "timeStamp": 10084,
    "rotation": [
      [
        -0.8977399,
        0.215155408,
        -0.384410352
      ],
      [
        0.3507603,
        0.877043366,
        -0.328271329
      ],
      [
        0.2665152,
        -0.429538161,
        -0.8628248
      ]
    ],
    "translation": [
      2.18488932,
      0.811511934,
      -0.6380453
    ]
  },
  {
    "timeStamp": 10141,
    "rotation": [
      [
        -0.92994374,
        0.257886767,
        -0.262105137
      ],
      [
        0.341721326,
        0.8693152,
        -0.357096076
      ],
      [
        0.135761619,
        -0.421646178,
        -0.8965396
      ]
    ],
    "translation": [
      2.17245269,
      0.8050037,
      -0.630226851
    ]
  },
  {
    "timeStamp": 10186,
    "rotation": [
      [
        -0.942043662,
        0.263981253,
        -0.207044885
      ],
      [
        0.3250567,
        0.870908439,
        -0.368587255
      ],
      [
        0.08301702,
        -0.4145266,
        -0.906242669
      ]
    ],
    "translation": [
      2.171983,
      0.798457,
      -0.6237943
    ]
  },
  {
    "timeStamp": 10242,
    "rotation": [
      [
        -0.9360861,
        0.305373818,
        -0.174612984
      ],
      [
        0.3487732,
        0.870360851,
        -0.3476049
      ],
      [
        0.0458268858,
        -0.386288464,
        -0.9212389
      ]
    ],
    "translation": [
      2.16652966,
      0.7939698,
      -0.6156344
    ]
  },
  {
    "timeStamp": 10286,
    "rotation": [
      [
        -0.925186336,
        0.350453556,
        -0.145645246
      ],
      [
        0.37939,
        0.8638436,
        -0.331417382
      ],
      [
        0.009668316,
        -0.36187917,
        -0.932174861
      ]
    ],
    "translation": [
      2.15927863,
      0.7893432,
      -0.612390935
    ]
  },
  {
    "timeStamp": 10342,
    "rotation": [
      [
        -0.91772145,
        0.389012963,
        -0.08035091
      ],
      [
        0.3953012,
        0.8745164,
        -0.280994654
      ],
      [
        -0.0390423723,
        -0.289637625,
        -0.9563398
      ]
    ],
    "translation": [
      2.15330839,
      0.781070352,
      -0.61384505
    ]
  },
  {
    "timeStamp": 10386,
    "rotation": [
      [
        -0.8946487,
        0.445068628,
        -0.03895685
      ],
      [
        0.441774458,
        0.8682716,
        -0.225698411
      ],
      [
        -0.0666261539,
        -0.219130918,
        -0.973417938
      ]
    ],
    "translation": [
      2.14479971,
      0.778323531,
      -0.617510438
    ]
  },
  {
    "timeStamp": 10441,
    "rotation": [
      [
        -0.881320357,
        0.4699369,
        -0.049332507
      ],
      [
        0.471066117,
        0.86562717,
        -0.169665277
      ],
      [
        -0.037028417,
        -0.17276834,
        -0.9842662
      ]
    ],
    "translation": [
      2.13878584,
      0.7762394,
      -0.615809
    ]
  },
  {
    "timeStamp": 10486,
    "rotation": [
      [
        -0.8964753,
        0.442431748,
        -0.0242109857
      ],
      [
        0.440772,
        0.884859562,
        -0.150809541
      ],
      [
        -0.0452996045,
        -0.145868555,
        -0.988266349
      ]
    ],
    "translation": [
      2.14128566,
      0.7732147,
      -0.612151742
    ]
  },
  {
    "timeStamp": 10541,
    "rotation": [
      [
        -0.8888563,
        0.457486451,
        -0.025311172
      ],
      [
        0.4571371,
        0.8817312,
        -0.116515234
      ],
      [
        -0.0309864916,
        -0.115135975,
        -0.992866337
      ]
    ],
    "translation": [
      2.13805175,
      0.7727617,
      -0.608965933
    ]
  },
  {
    "timeStamp": 10586,
    "rotation": [
      [
        -0.883815944,
        0.466126055,
        -0.0399486646
      ],
      [
        0.467601031,
        0.8774487,
        -0.10692586
      ],
      [
        -0.0147880279,
        -0.113182813,
        -0.9934641
      ]
    ],
    "translation": [
      2.13487387,
      0.772621155,
      -0.6028402
    ]
  },
  {
    "timeStamp": 10642,
    "rotation": [
      [
        -0.898028851,
        0.4394143,
        -0.0214320142
      ],
      [
        0.439708352,
        0.8949279,
        -0.07589854
      ],
      [
        -0.0141707966,
        -0.07758292,
        -0.9968852
      ]
    ],
    "translation": [
      2.1373837,
      0.7660813,
      -0.6012265
    ]
  },
  {
    "timeStamp": 10686,
    "rotation": [
      [
        -0.8970942,
        0.4416473,
        -0.0130255986
      ],
      [
        0.441398382,
        0.894492567,
        -0.07106671
      ],
      [
        -0.0197351165,
        -0.06950301,
        -0.9973865
      ]
    ],
    "translation": [
      2.137139,
      0.7621593,
      -0.598565161
    ]
  },
  {
    "timeStamp": 10741,
    "rotation": [
      [
        -0.8912666,
        0.453152061,
        -0.01723486
      ],
      [
        0.453237176,
        0.888903558,
        -0.06653166
      ],
      [
        -0.0148288291,
        -0.06710892,
        -0.9976355
      ]
    ],
    "translation": [
      2.133398,
      0.760633469,
      -0.59251225
    ]
  },
  {
    "timeStamp": 10786,
    "rotation": [
      [
        -0.893222749,
        0.449598,
        -0.00383445946
      ],
      [
        0.448691279,
        0.890810251,
        -0.07164618
      ],
      [
        -0.0287962034,
        -0.06571648,
        -0.9974227
      ]
    ],
    "translation": [
      2.13145137,
      0.759628534,
      -0.588424563
    ]
  },
  {
    "timeStamp": 10841,
    "rotation": [
      [
        -0.8812163,
        0.4726394,
        -0.008357846
      ],
      [
        0.471774459,
        0.878214836,
        -0.07853441
      ],
      [
        -0.0297784731,
        -0.07314882,
        -0.996876359
      ]
    ],
    "translation": [
      2.12456083,
      0.7618051,
      -0.5821926
    ]
  },
  {
    "timeStamp": 10886,
    "rotation": [
      [
        -0.879360437,
        0.47614643,
        0.00313383
      ],
      [
        0.4742823,
        0.8764632,
        -0.08287732
      ],
      [
        -0.04220843,
        -0.07139272,
        -0.9965548
      ]
    ],
    "translation": [
      2.1202414,
      0.7618735,
      -0.579002142
    ]
  },
  {
    "timeStamp": 10942,
    "rotation": [
      [
        -0.890214,
        0.454283237,
        0.0338499658
      ],
      [
        0.450017124,
        0.8885233,
        -0.0895037353
      ],
      [
        -0.0707365349,
        -0.0644444153,
        -0.9954111
      ]
    ],
    "translation": [
      2.12026453,
      0.7577805,
      -0.57587105
    ]
  },
  {
    "timeStamp": 10986,
    "rotation": [
      [
        -0.8846174,
        0.464981258,
        0.0352760963
      ],
      [
        0.460748941,
        0.883205056,
        -0.08751723
      ],
      [
        -0.0718499,
        -0.0611658432,
        -0.9955382
      ]
    ],
    "translation": [
      2.11709023,
      0.7570033,
      -0.573337257
    ]
  },
  {
    "timeStamp": 11041,
    "rotation": [
      [
        -0.8797386,
        0.473316848,
        0.0450694822
      ],
      [
        0.46855998,
        0.879159749,
        -0.08677388
      ],
      [
        -0.08069482,
        -0.0552205779,
        -0.9952081
      ]
    ],
    "translation": [
      2.11358142,
      0.7574775,
      -0.571304262
    ]
  },
  {
    "timeStamp": 11086,
    "rotation": [
      [
        -0.8840708,
        0.464338154,
        0.0529984273
      ],
      [
        0.458653033,
        0.8837958,
        -0.09242456
      ],
      [
        -0.08975604,
        -0.0574019626,
        -0.994308233
      ]
    ],
    "translation": [
      2.11355114,
      0.755940437,
      -0.569277
    ]
  },
  {
    "timeStamp": 11142,
    "rotation": [
      [
        -0.8852073,
        0.461679131,
        0.0570999
      ],
      [
        0.455571026,
        0.8851759,
        -0.09443854
      ],
      [
        -0.09414376,
        -0.05758462,
        -0.9938918
      ]
    ],
    "translation": [
      2.11325932,
      0.754087448,
      -0.566920459
    ]
  },
  {
    "timeStamp": 11186,
    "rotation": [
      [
        -0.8868217,
        0.4581081,
        0.0606980361
      ],
      [
        0.4520394,
        0.8872508,
        -0.0919045061
      ],
      [
        -0.09595658,
        -0.0540650077,
        -0.993916154
      ]
    ],
    "translation": [
      2.11351323,
      0.752423048,
      -0.565848768
    ]
  },
  {
    "timeStamp": 11241,
    "rotation": [
      [
        -0.8865815,
        0.458664,
        0.0600052439
      ],
      [
        0.4530964,
        0.8872041,
        -0.08702079
      ],
      [
        -0.0931502,
        -0.0499628671,
        -0.994397759
      ]
    ],
    "translation": [
      2.11420226,
      0.752102554,
      -0.565313935
    ]
  },
  {
    "timeStamp": 11286,
    "rotation": [
      [
        -0.886815548,
        0.4582551,
        0.05966953
      ],
      [
        0.4550502,
        0.8884366,
        -0.06008141
      ],
      [
        -0.0805452,
        -0.0261285,
        -0.996408463
      ]
    ],
    "translation": [
      2.11419225,
      0.751204848,
      -0.564444363
    ]
  }
]