[
  {
    "timeStamp": 59486,
    "rotation": [
      [
        0.692974,
        -0.0514021926,
        0.719127834
      ],
      [
        0.306904048,
        0.9235997,
        -0.229724735
      ],
      [
        -0.652377963,
        0.3798965,
        0.655806065
      ]
    ],
    "translation": [
      1.12609041,
      0.7113243,
      -0.358920634
    ]
  },
  {
    "timeStamp": 59541,
    "rotation": [
      [
        0.689775169,
        -0.08653067,
        0.718834162
      ],
      [
        0.314301223,
        0.93019253,
        -0.189622328
      ],
      [
        -0.652246,
        0.3567272,
        0.668820441
      ]
    ],
    "translation": [
      1.13090551,
      0.715285063,
      -0.358804524
    ]
  },
  {
    "timeStamp": 59585,
    "rotation": [
      [
        0.708528042,
        -0.03560421,
        0.7047839
      ],
      [
        0.254881322,
        0.944218457,
        -0.208535448
      ],
      [
        -0.658045232,
        0.327389479,
        0.678080142
      ]
    ],
    "translation": [
      1.13117516,
      0.7333563,
      -0.36141336
    ]
  },
  {
    "timeStamp": 59641,
    "rotation": [
      [
        0.7387738,
        0.03177028,
        0.6732042
      ],
      [
        0.168417737,
        0.9584936,
        -0.230055347
      ],
      [
        -0.652570844,
        0.2833384,
        0.7027593
      ]
    ],
    "translation": [
      1.13841617,
      0.7645123,
      -0.370755851
    ]
  },
  {
    "timeStamp": 59685,
    "rotation": [
      [
        0.7549593,
        0.07649726,
        0.651294649
      ],
      [
        0.109302446,
        0.964600861,
        -0.239996165
      ],
      [
        -0.646598458,
        0.252375424,
        0.719873
      ]
    ],
    "translation": [
      1.15244925,
      0.788948834,
      -0.384856343
    ]
  },
  {
    "timeStamp": 59741,
    "rotation": [
      [
        0.770000458,
        0.132096469,
        0.624219358
      ],
      [
        0.06690054,
        0.956225753,
        -0.284879833
      ],
      [
        -0.634526253,
        0.2611182,
        0.727457
      ]
    ],
    "translation": [
      1.18044734,
      0.8130126,
      -0.41347003
    ]
  },
  {
    "timeStamp": 59786,
    "rotation": [
      [
        0.7827894,
        0.147780716,
        0.6044846
      ],
      [
        0.0520675667,
        0.952431858,
        -0.300270677
      ],
      [
        -0.6201046,
        0.266522735,
        0.737859
      ]
    ],
    "translation": [
      1.21018994,
      0.8256607,
      -0.4422064
    ]
  },
  {
    "timeStamp": 59841,
    "rotation": [
      [
        0.7958109,
        0.138966456,
        0.5893839
      ],
      [
        0.06709974,
        0.9470801,
        -0.3139059
      ],
      [
        -0.6018161,
        0.289357245,
        0.74437207
      ]
    ],
    "translation": [
      1.25545013,
      0.8305739,
      -0.483637482
    ]
  },
  {
    "timeStamp": 59886,
    "rotation": [
      [
        0.796659768,
        0.121883743,
        0.592011452
      ],
      [
        0.0977353752,
        0.9405913,
        -0.325170457
      ],
      [
        -0.5964738,
        0.316910684,
        0.7374189
      ]
    ],
    "translation": [
      1.29681718,
      0.828833759,
      -0.5174652
    ]
  },
  {
    "timeStamp": 59941,
    "rotation": [
      [
        0.7901846,
        0.09040139,
        0.6061648
      ],
      [
        0.152093247,
        0.929195642,
        -0.3368429
      ],
      [
        -0.5936968,
        0.358361661,
        0.720486641
      ]
    ],
    "translation": [
      1.3519001,
      0.8229628,
      -0.5600757
    ]
  },
  {
    "timeStamp": 59985,
    "rotation": [
      [
        0.7671624,
        0.07906456,
        0.6365616
      ],
      [
        0.190049,
        0.919802547,
        -0.343285263
      ],
      [
        -0.612652659,
        0.384333432,
        0.6906117
      ]
    ],
    "translation": [
      1.397643,
      0.8195183,
      -0.5895369
    ]
  },
  {
    "timeStamp": 60041,
    "rotation": [
      [
        0.715787947,
        0.08459747,
        0.6931745
      ],
      [
        0.2314174,
        0.9078076,
        -0.349758983
      ],
      [
        -0.6588578,
        0.410765916,
        0.630220354
      ]
    ],
    "translation": [
      1.45424139,
      0.817902267,
      -0.6181054
    ]
  },
  {
    "timeStamp": 60085,
    "rotation": [
      [
        0.645399749,
        0.11519637,
        0.7551086
      ],
      [
        0.247703046,
        0.9035765,
        -0.349560618
      ],
      [
        -0.7225665,
        0.412649035,
        0.554633558
      ]
    ],
    "translation": [
      1.49971223,
      0.8204581,
      -0.6309866
    ]
  },
  {
    "timeStamp": 60141,
    "rotation": [
      [
        0.5407773,
        0.168305427,
        0.824156046
      ],
      [
        0.247315958,
        0.9046596,
        -0.347024083
      ],
      [
        -0.8039868,
        0.3914897,
        0.447594821
      ]
    ],
    "translation": [
      1.55490148,
      0.8294404,
      -0.63848877
    ]
  },
  {
    "timeStamp": 60185,
    "rotation": [
      [
        0.439786047,
        0.207230657,
        0.8738671
      ],
      [
        0.2279107,
        0.9154111,
        -0.3317818
      ],
      [
        -0.868703,
        0.34507665,
        0.355354965
      ]
    ],
    "translation": [
      1.599309,
      0.84027493,
      -0.6392407
    ]
  },
  {
    "timeStamp": 60241,
    "rotation": [
      [
        0.2997712,
        0.252588779,
        0.9199653
      ],
      [
        0.185243443,
        0.930548131,
        -0.3158561
      ],
      [
        -0.9358537,
        0.2651021,
        0.2321611
      ]
    ],
    "translation": [
      1.65509939,
      0.859070063,
      -0.6363001
    ]
  },
  {
    "timeStamp": 60285,
    "rotation": [
      [
        0.19520703,
        0.269121647,
        0.943116
      ],
      [
        0.140661761,
        0.9439918,
        -0.298485875
      ],
      [
        -0.9706227,
        0.1909269,
        0.1464187
      ]
    ],
    "translation": [
      1.69947159,
      0.876544058,
      -0.6341954
    ]
  },
  {
    "timeStamp": 60341,
    "rotation": [
      [
        0.07407694,
        0.2621437,
        0.9621815
      ],
      [
        0.06635343,
        0.9613987,
        -0.267038882
      ],
      [
        -0.9950426,
        0.08362547,
        0.053823337
      ]
    ],
    "translation": [
      1.75748467,
      0.9014369,
      -0.63190347
    ]
  },
  {
    "timeStamp": 60384,
    "rotation": [
      [
        -0.0399521738,
        0.24806872,
        0.9679182
      ],
      [
        0.0153120141,
        0.9687299,
        -0.247644722
      ],
      [
        -0.9990843,
        0.00492683239,
        -0.0425012968
      ]
    ],
    "translation": [
      1.80989444,
      0.919898033,
      -0.631860137
    ]
  },
  {
    "timeStamp": 60439,
    "rotation": [
      [
        -0.1895262,
        0.2403832,
        0.9519957
      ],
      [
        -0.0352919064,
        0.9672742,
        -0.2512671
      ],
      [
        -0.9812412,
        -0.08121944,
        -0.174840227
      ]
    ],
    "translation": [
      1.87985039,
      0.938854933,
      -0.6367109
    ]
  },
  {
    "timeStamp": 60483,
    "rotation": [
      [
        -0.286058158,
        0.200300559,
        0.9370434
      ],
      [
        -0.06458384,
        0.971654,
        -0.227414817
      ],
      [
        -0.9560333,
        -0.125571728,
        -0.265013367
      ]
    ],
    "translation": [
      1.935618,
      0.9479961,
      -0.6452428
    ]
  },
  {
    "timeStamp": 60539,
    "rotation": [
      [
        -0.387528956,
        0.154436633,
        0.9088292
      ],
      [
        -0.07360081,
        0.977536857,
        -0.197495788
      ],
      [
        -0.9189147,
        -0.143425912,
        -0.367457181
      ]
    ],
    "translation": [
      2.000423,
      0.948958158,
      -0.660710335
    ]
  },
  {
    "timeStamp": 60590,
    "rotation": [
      [
        -0.4528346,
        0.125139371,
        0.8827689
      ],
      [
        -0.0559653454,
        0.9841594,
        -0.168220833
      ],
      [
        -0.8898363,
        -0.125580683,
        -0.438657969
      ]
    ],
    "translation": [
      2.04685855,
      0.9415697,
      -0.674570739
    ]
  },
  {
    "timeStamp": 60636,
    "rotation": [
      [
        -0.5048898,
        0.0894506648,
        0.8585365
      ],
      [
        -0.0258295,
        0.992605031,
        -0.118609086
      ],
      [
        -0.86279726,
        -0.0820600837,
        -0.498845667
      ]
    ],
    "translation": [
      2.09460759,
      0.926889837,
      -0.6914726
    ]
  },
  {
    "timeStamp": 60691,
    "rotation": [
      [
        -0.521105766,
        0.107449643,
        0.846701443
      ],
      [
        0.063204,
        0.994178,
        -0.0872658342
      ],
      [
        -0.8511486,
        0.008040182,
        -0.5248632
      ]
    ],
    "translation": [
      2.12772465,
      0.900541663,
      -0.706626058
    ]
  },
  {
    "timeStamp": 60735,
    "rotation": [
      [
        -0.539382,
        0.09815679,
        0.8363207
      ],
      [
        0.1232173,
        0.991692543,
        -0.0369238257
      ],
      [
        -0.8329974,
        0.08313314,
        -0.5469957
      ]
    ],
    "translation": [
      2.14808559,
      0.880771,
      -0.7187122
    ]
  },
  {
    "timeStamp": 60791,
    "rotation": [
      [
        -0.537238836,
        0.111886457,
        0.835976
      ],
      [
        0.186792269,
        0.9823329,
        -0.0114329681
      ],
      [
        -0.822486,
        0.150011629,
        -0.548646867
      ]
    ],
    "translation": [
      2.16458869,
      0.8593861,
      -0.7314271
    ]
  },
  {
    "timeStamp": 60835,
    "rotation": [
      [
        -0.5359575,
        0.11537905,
        0.8363237
      ],
      [
        0.210734978,
        0.977543235,
        0.000187699
      ],
      [
        -0.817520857,
        0.176343247,
        -0.548236
      ]
    ],
    "translation": [
      2.17318749,
      0.847446561,
      -0.7385196
    ]
  },
  {
    "timeStamp": 60891,
    "rotation": [
      [
        -0.519615,
        0.129936114,
        0.8444625
      ],
      [
        0.271592,
        0.9622237,
        0.0190602355
      ],
      [
        -0.810085237,
        0.239253238,
        -0.535275459
      ]
    ],
    "translation": [
      2.17873025,
      0.831342638,
      -0.7467644
    ]
  },
  {
    "timeStamp": 60935,
    "rotation": [
      [
        -0.504900455,
        0.160560861,
        0.84811306
      ],
      [
        0.305490166,
        0.9521939,
        0.00160009
      ],
      [
        -0.8073112,
        0.259898067,
        -0.529812932
      ]
    ],
    "translation": [
      2.177148,
      0.8222895,
      -0.7509008
    ]
  },
  {
    "timeStamp": 60992,
    "rotation": [
      [
        -0.4831948,
        0.143799767,
        0.863622844
      ],
      [
        0.338587075,
        0.9403611,
        0.03286134
      ],
      [
        -0.8073919,
        0.308289975,
        -0.5030663
      ]
    ],
    "translation": [
      2.17717743,
      0.8122198,
      -0.755924642
    ]
  }
]