[
  {
    "timeStamp": 51723,
    "rotation": [
      [
        0.250669956,
        -0.292439,
        0.9228456
      ],
      [
        0.566006541,
        0.8176407,
        0.105358034
      ],
      [
        -0.785366952,
        0.495926529,
        0.370480359
      ]
    ],
    "translation": [
      1.12388468,
      0.7008686,
      -0.477797747
    ]
  },
  {
    "timeStamp": 51778,
    "rotation": [
      [
        0.233830109,
        -0.2763882,
        0.9321658
      ],
      [
        0.533453763,
        0.8380217,
        0.1146596
      ],
      [
        -0.8128657,
        0.470456421,
        0.343395025
      ]
    ],
    "translation": [
      1.12398589,
      0.703257561,
      -0.4728166
    ]
  },
  {
    "timeStamp": 51822,
    "rotation": [
      [
        0.210941508,
        -0.216215521,
        0.9532862
      ],
      [
        0.5148886,
        0.8535478,
        0.07966015
      ],
      [
        -0.8308991,
        0.474032551,
        0.291375577
      ]
    ],
    "translation": [
      1.12645078,
      0.7159607,
      -0.466813833
    ]
  },
  {
    "timeStamp": 51878,
    "rotation": [
      [
        0.2084959,
        -0.14419049,
        0.9673358
      ],
      [
        0.495648384,
        0.868229568,
        0.0225875881
      ],
      [
        -0.8431264,
        0.474749,
        0.252490073
      ]
    ],
    "translation": [
      1.13635206,
      0.738513231,
      -0.464764982
    ]
  },
  {
    "timeStamp": 51922,
    "rotation": [
      [
        0.206705928,
        -0.0736958161,
        0.975623667
      ],
      [
        0.4859688,
        0.8731924,
        -0.0370040238
      ],
      [
        -0.849180162,
        0.4817716,
        0.216307938
      ]
    ],
    "translation": [
      1.15088725,
      0.760396659,
      -0.46493575
    ]
  },
  {
    "timeStamp": 51978,
    "rotation": [
      [
        0.2010152,
        0.0027204412,
        0.979584336
      ],
      [
        0.480773717,
        0.870999634,
        -0.101075858
      ],
      [
        -0.853492558,
        0.491276175,
        0.173776239
      ]
    ],
    "translation": [
      1.18092477,
      0.7856314,
      -0.471054673
    ]
  },
  {
    "timeStamp": 52023,
    "rotation": [
      [
        0.196759671,
        0.0469805822,
        0.9793255
      ],
      [
        0.476339817,
        0.8684648,
        -0.1373654
      ],
      [
        -0.8569633,
        0.493519723,
        0.148500115
      ]
    ],
    "translation": [
      1.21136129,
      0.8033209,
      -0.4815535
    ]
  },
  {
    "timeStamp": 52078,
    "rotation": [
      [
        0.1915993,
        0.08877916,
        0.9774497
      ],
      [
        0.484169155,
        0.8577389,
        -0.172812775
      ],
      [
        -0.8537388,
        0.5063618,
        0.121358037
      ]
    ],
    "translation": [
      1.25615251,
      0.819785953,
      -0.499916047
    ]
  },
  {
    "timeStamp": 52123,
    "rotation": [
      [
        0.17348282,
        0.112910651,
        0.97834295
      ],
      [
        0.489395648,
        0.852184355,
        -0.185131833
      ],
      [
        -0.854631841,
        0.510913968,
        0.0925813541
      ]
    ],
    "translation": [
      1.29693007,
      0.8294612,
      -0.516998768
    ]
  },
  {
    "timeStamp": 52178,
    "rotation": [
      [
        0.132844329,
        0.130538121,
        0.982503
      ],
      [
        0.5039122,
        0.8447135,
        -0.180365041
      ],
      [
        -0.8534781,
        0.5190558,
        0.0464356467
      ]
    ],
    "translation": [
      1.3513062,
      0.8359303,
      -0.5387381
    ]
  },
  {
    "timeStamp": 52223,
    "rotation": [
      [
        0.09577454,
        0.153446153,
        0.9835047
      ],
      [
        0.53338176,
        0.8263127,
        -0.180862278
      ],
      [
        -0.8404351,
        0.541905463,
        -0.00270566414
      ]
    ],
    "translation": [
      1.39565778,
      0.838791847,
      -0.557268
    ]
  },
  {
    "timeStamp": 52278,
    "rotation": [
      [
        0.0458065048,
        0.192695841,
        0.9801887
      ],
      [
        0.5524853,
        0.8126033,
        -0.185569048
      ],
      [
        -0.832263,
        0.5500402,
        -0.0692391
      ]
    ],
    "translation": [
      1.45067048,
      0.8451494,
      -0.577653646
    ]
  },
  {
    "timeStamp": 52323,
    "rotation": [
      [
        0.00343982945,
        0.223735228,
        0.9746439
      ],
      [
        0.555166066,
        0.810225248,
        -0.187951326
      ],
      [
        -0.8317324,
        0.5417357,
        -0.12142317
      ]
    ],
    "translation": [
      1.4936924,
      0.8523017,
      -0.5917383
    ]
  },
  {
    "timeStamp": 52378,
    "rotation": [
      [
        -0.06686626,
        0.274296224,
        0.959317744
      ],
      [
        0.546735764,
        0.8143451,
        -0.194735914
      ],
      [
        -0.834631,
        0.511472046,
        -0.204419747
      ]
    ],
    "translation": [
      1.54951262,
      0.863770843,
      -0.605321944
    ]
  },
  {
    "timeStamp": 52423,
    "rotation": [
      [
        -0.133488014,
        0.3132847,
        0.9402306
      ],
      [
        0.527493834,
        0.8256308,
        -0.200209811
      ],
      [
        -0.839006066,
        0.469240248,
        -0.275467575
      ]
    ],
    "translation": [
      1.59674954,
      0.8752045,
      -0.6121163
    ]
  },
  {
    "timeStamp": 52478,
    "rotation": [
      [
        -0.236026824,
        0.352552027,
        0.905537665
      ],
      [
        0.485583842,
        0.8499699,
        -0.2043513
      ],
      [
        -0.8417243,
        0.391482055,
        -0.371809274
      ]
    ],
    "translation": [
      1.65863383,
      0.891291142,
      -0.6187644
    ]
  },
  {
    "timeStamp": 52522,
    "rotation": [
      [
        -0.3285547,
        0.3902452,
        0.8600933
      ],
      [
        0.4606598,
        0.8611992,
        -0.214775443
      ],
      [
        -0.8245267,
        0.32564494,
        -0.462721318
      ]
    ],
    "translation": [
      1.71282148,
      0.905344248,
      -0.6234434
    ]
  },
  {
    "timeStamp": 52578,
    "rotation": [
      [
        -0.446055621,
        0.4242678,
        0.7880553
      ],
      [
        0.4174984,
        0.8774707,
        -0.236093879
      ],
      [
        -0.791662455,
        0.223700836,
        -0.5685319
      ]
    ],
    "translation": [
      1.78456473,
      0.923111439,
      -0.632674336
    ]
  },
  {
    "timeStamp": 52622,
    "rotation": [
      [
        -0.5456484,
        0.416586518,
        0.727133751
      ],
      [
        0.371319175,
        0.8980479,
        -0.235864356
      ],
      [
        -0.7512589,
        0.14129971,
        -0.644704938
      ]
    ],
    "translation": [
      1.84616077,
      0.9353837,
      -0.6420399
    ]
  },
  {
    "timeStamp": 52678,
    "rotation": [
      [
        -0.6569283,
        0.419301659,
        0.626602948
      ],
      [
        0.3358687,
        0.906821251,
        -0.254690826
      ],
      [
        -0.675009131,
        0.0431426838,
        -0.7365469
      ]
    ],
    "translation": [
      1.92330515,
      0.948402166,
      -0.6596171
    ]
  },
  {
    "timeStamp": 52722,
    "rotation": [
      [
        -0.726597667,
        0.403722554,
        0.555935144
      ],
      [
        0.3068216,
        0.9146478,
        -0.2632107
      ],
      [
        -0.614749,
        -0.0206753742,
        -0.7884518
      ]
    ],
    "translation": [
      1.98291,
      0.9557034,
      -0.6751157
    ]
  },
  {
    "timeStamp": 52778,
    "rotation": [
      [
        -0.7893222,
        0.378518134,
        0.4834196
      ],
      [
        0.290339559,
        0.9238712,
        -0.24932906
      ],
      [
        -0.540993035,
        -0.05644512,
        -0.839130759
      ]
    ],
    "translation": [
      2.04746914,
      0.954474,
      -0.6953746
    ]
  },
  {
    "timeStamp": 52827,
    "rotation": [
      [
        -0.7985026,
        0.424062222,
        0.4272761
      ],
      [
        0.3412872,
        0.9035784,
        -0.258977145
      ],
      [
        -0.4958999,
        -0.060970068,
        -0.8662367
      ]
    ],
    "translation": [
      2.08754683,
      0.9431125,
      -0.7072685
    ]
  },
  {
    "timeStamp": 52873,
    "rotation": [
      [
        -0.786897,
        0.447404623,
        0.4249966
      ],
      [
        0.401578426,
        0.8942057,
        -0.197815448
      ],
      [
        -0.468537927,
        0.015009081,
        -0.883315861
      ]
    ],
    "translation": [
      2.12158251,
      0.9182294,
      -0.718182445
    ]
  },
  {
    "timeStamp": 52928,
    "rotation": [
      [
        -0.7686835,
        0.425185978,
        0.477852017
      ],
      [
        0.3965289,
        0.902966,
        -0.165581137
      ],
      [
        -0.5018869,
        0.06220265,
        -0.8626936
      ]
    ],
    "translation": [
      2.13611364,
      0.8997863,
      -0.718677759
    ]
  },
  {
    "timeStamp": 52973,
    "rotation": [
      [
        -0.740642369,
        0.446135879,
        0.5024059
      ],
      [
        0.433540225,
        0.8885738,
        -0.149931386
      ],
      [
        -0.5133145,
        0.106767632,
        -0.851533234
      ]
    ],
    "translation": [
      2.13865685,
      0.8823641,
      -0.717475951
    ]
  },
  {
    "timeStamp": 53028,
    "rotation": [
      [
        -0.72088325,
        0.424812168,
        0.5475965
      ],
      [
        0.433628321,
        0.8928245,
        -0.121781833
      ],
      [
        -0.540642,
        0.1496629,
        -0.8278328
      ]
    ],
    "translation": [
      2.13528061,
      0.8660797,
      -0.714977741
    ]
  },
  {
    "timeStamp": 53073,
    "rotation": [
      [
        -0.7327372,
        0.416373074,
        0.538265347
      ],
      [
        0.431979567,
        0.8957661,
        -0.104865342
      ],
      [
        -0.525822937,
        0.1556809,
        -0.836225867
      ]
    ],
    "translation": [
      2.13755965,
      0.856252134,
      -0.7154889
    ]
  },
  {
    "timeStamp": 53128,
    "rotation": [
      [
        -0.7672282,
        0.402618557,
        0.499258667
      ],
      [
        0.42943874,
        0.900653,
        -0.0663826242
      ],
      [
        -0.476385653,
        0.163470387,
        -0.8639064
      ]
    ],
    "translation": [
      2.14611363,
      0.8462546,
      -0.7202691
    ]
  },
  {
    "timeStamp": 53172,
    "rotation": [
      [
        -0.835402131,
        0.318892121,
        0.447673023
      ],
      [
        0.366396278,
        0.930219531,
        0.0211059321
      ],
      [
        -0.409703672,
        0.181657672,
        -0.893948257
      ]
    ],
    "translation": [
      2.164754,
      0.84169203,
      -0.7281825
    ]
  },
  {
    "timeStamp": 53228,
    "rotation": [
      [
        -0.9102661,
        0.225644544,
        0.3471313
      ],
      [
        0.288331866,
        0.947183669,
        0.140384644
      ],
      [
        -0.297120064,
        0.22787641,
        -0.92724967
      ]
    ],
    "translation": [
      2.18925619,
      0.835634,
      -0.7444025
    ]
  },
  {
    "timeStamp": 53274,
    "rotation": [
      [
        -0.9385903,
        0.189883217,
        0.2880843
      ],
      [
        0.2544709,
        0.944814146,
        0.206327066
      ],
      [
        -0.233008057,
        0.266965657,
        -0.935113132
      ]
    ],
    "translation": [
      2.20639539,
      0.831480861,
      -0.756770551
    ]
  },
  {
    "timeStamp": 53330,
    "rotation": [
      [
        -0.9531848,
        0.180828616,
        0.242362708
      ],
      [
        0.244515449,
        0.9324659,
        0.265931517
      ],
      [
        -0.177906916,
        0.3127433,
        -0.933027744
      ]
    ],
    "translation": [
      2.22076774,
      0.8191646,
      -0.7685854
    ]
  },
  {
    "timeStamp": 53376,
    "rotation": [
      [
        -0.959541559,
        0.190370739,
        0.207458124
      ],
      [
        0.248463377,
        0.9191047,
        0.305798054
      ],
      [
        -0.132460728,
        0.3449717,
        -0.929219365
      ]
    ],
    "translation": [
      2.23086715,
      0.808296442,
      -0.777231932
    ]
  },
  {
    "timeStamp": 53433,
    "rotation": [
      [
        -0.96481967,
        0.193961769,
        0.177487329
      ],
      [
        0.244376108,
        0.9105965,
        0.33330816
      ],
      [
        -0.0969703048,
        0.364955932,
        -0.9259611
      ]
    ],
    "translation": [
      2.24084854,
      0.798708,
      -0.7833252
    ]
  },
  {
    "timeStamp": 53477,
    "rotation": [
      [
        -0.965577841,
        0.197976679,
        0.168714672
      ],
      [
        0.245737255,
        0.9069473,
        0.34214
      ],
      [
        -0.08527958,
        0.371822268,
        -0.9243785
      ]
    ],
    "translation": [
      2.246251,
      0.7936363,
      -0.7854364
    ]
  },
  {
    "timeStamp": 53533,
    "rotation": [
      [
        -0.964145064,
        0.205211833,
        0.168262884
      ],
      [
        0.2537078,
        0.8987249,
        0.357667267
      ],
      [
        -0.07782448,
        0.387532741,
        -0.918565035
      ]
    ],
    "translation": [
      2.250698,
      0.788753,
      -0.787378252
    ]
  }
]