[
  {
    "timeStamp": 34542,
    "rotation": [
      [
        0.9966412,
        0.04504849,
        0.06838871
      ],
      [
        0.06469948,
        0.07880659,
        -0.99478817
      ],
      [
        -0.0502031855,
        0.9958716,
        0.0756272748
      ]
    ],
    "translation": [
      1.481821,
      0.6988981,
      -0.748668
    ]
  },
  {
    "timeStamp": 34586,
    "rotation": [
      [
        0.9968139,
        0.0730571,
        0.0320115946
      ],
      [
        0.0259526689,
        0.0824267641,
        -0.996259153
      ],
      [
        -0.07542241,
        0.993915737,
        0.08026812
      ]
    ],
    "translation": [
      1.48110139,
      0.7117636,
      -0.7465301
    ]
  },
  {
    "timeStamp": 34641,
    "rotation": [
      [
        0.9894251,
        0.1403266,
        -0.0366935767
      ],
      [
        -0.0506181419,
        0.0969846249,
        -0.9939979
      ],
      [
        -0.135925636,
        0.9853439,
        0.1030621
      ]
    ],
    "translation": [
      1.48567009,
      0.737639964,
      -0.7395885
    ]
  },
  {
    "timeStamp": 34686,
    "rotation": [
      [
        0.9663922,
        0.227077737,
        -0.120506831
      ],
      [
        -0.144995376,
        0.09438519,
        -0.9849202
      ],
      [
        -0.2122794,
        0.9692921,
        0.124138325
      ]
    ],
    "translation": [
      1.49396229,
      0.7682265,
      -0.7298879
    ]
  },
  {
    "timeStamp": 34741,
    "rotation": [
      [
        0.9099529,
        0.356993943,
        -0.211047575
      ],
      [
        -0.260728776,
        0.0967189744,
        -0.960555
      ],
      [
        -0.32250002,
        0.929086,
        0.1810883
      ]
    ],
    "translation": [
      1.51685011,
      0.810077548,
      -0.7135485
    ]
  },
  {
    "timeStamp": 34785,
    "rotation": [
      [
        0.8408606,
        0.475887775,
        -0.257845581
      ],
      [
        -0.34358418,
        0.101218253,
        -0.9336513
      ],
      [
        -0.4182146,
        0.873662233,
        0.248617962
      ]
    ],
    "translation": [
      1.54449964,
      0.844913244,
      -0.694624841
    ]
  },
  {
    "timeStamp": 34841,
    "rotation": [
      [
        0.7411863,
        0.6142516,
        -0.2708095
      ],
      [
        -0.412481517,
        0.09844874,
        -0.905630648
      ],
      [
        -0.5296242,
        0.7829449,
        0.3263363
      ]
    ],
    "translation": [
      1.59181678,
      0.881559849,
      -0.6722264
    ]
  },
  {
    "timeStamp": 34885,
    "rotation": [
      [
        0.662885368,
        0.7070758,
        -0.246225268
      ],
      [
        -0.4546172,
        0.118812472,
        -0.8827269
      ],
      [
        -0.5949002,
        0.697085,
        0.400207847
      ]
    ],
    "translation": [
      1.635838,
      0.9069293,
      -0.65608716
    ]
  },
  {
    "timeStamp": 34941,
    "rotation": [
      [
        0.5637249,
        0.800542355,
        -0.203337744
      ],
      [
        -0.491918147,
        0.127644941,
        -0.8612336
      ],
      [
        -0.663498938,
        0.5855243,
        0.465757936
      ]
    ],
    "translation": [
      1.69486666,
      0.935228,
      -0.641401
    ]
  },
  {
    "timeStamp": 34985,
    "rotation": [
      [
        0.487270832,
        0.8603095,
        -0.149782181
      ],
      [
        -0.5183293,
        0.14690046,
        -0.8424696
      ],
      [
        -0.7027815,
        0.488147348,
        0.517504
      ]
    ],
    "translation": [
      1.74544382,
      0.956533253,
      -0.6334828
    ]
  },
  {
    "timeStamp": 35040,
    "rotation": [
      [
        0.411483377,
        0.908560634,
        -0.07210342
      ],
      [
        -0.52988106,
        0.17411156,
        -0.8300068
      ],
      [
        -0.7415575,
        0.3797402,
        0.5530731
      ]
    ],
    "translation": [
      1.81062019,
      0.9788007,
      -0.6300407
    ]
  },
  {
    "timeStamp": 35085,
    "rotation": [
      [
        0.367887348,
        0.9298608,
        0.00423479127
      ],
      [
        -0.5217838,
        0.210202321,
        -0.826774836
      ],
      [
        -0.7696756,
        0.301950365,
        0.5625171
      ]
    ],
    "translation": [
      1.86511779,
      0.9933537,
      -0.631820858
    ]
  },
  {
    "timeStamp": 35141,
    "rotation": [
      [
        0.355772048,
        0.9252253,
        0.13184987
      ],
      [
        -0.473544627,
        0.300094247,
        -0.8280694
      ],
      [
        -0.8057181,
        0.23216714,
        0.544900656
      ]
    ],
    "translation": [
      1.93498945,
      1.00577915,
      -0.638990462
    ]
  },
  {
    "timeStamp": 35186,
    "rotation": [
      [
        0.379468,
        0.894794166,
        0.2352603
      ],
      [
        -0.3880916,
        0.384769171,
        -0.837459
      ],
      [
        -0.8398743,
        0.226486355,
        0.493269682
      ]
    ],
    "translation": [
      1.98846591,
      1.00891685,
      -0.6486865
    ]
  },
  {
    "timeStamp": 35242,
    "rotation": [
      [
        0.426681757,
        0.8355586,
        0.346098959
      ],
      [
        -0.24542588,
        0.475296885,
        -0.8449018
      ],
      [
        -0.8704647,
        0.275562555,
        0.4078682
      ]
    ],
    "translation": [
      2.04770446,
      1.01111424,
      -0.6633493
    ]
  },
  {
    "timeStamp": 35286,
    "rotation": [
      [
        0.5121153,
        0.713333666,
        0.478427649
      ],
      [
        -0.0418714359,
        0.577084243,
        -0.8156105
      ],
      [
        -0.857895553,
        0.397654176,
        0.325402
      ]
    ],
    "translation": [
      2.08662057,
      1.00673211,
      -0.677056432
    ]
  },
  {
    "timeStamp": 35342,
    "rotation": [
      [
        0.5653758,
        0.546271741,
        0.6180108
      ],
      [
        0.283474743,
        0.574932158,
        -0.7675253
      ],
      [
        -0.7745917,
        0.60913074,
        0.17019847
      ]
    ],
    "translation": [
      2.128024,
      0.9892601,
      -0.701278746
    ]
  },
  {
    "timeStamp": 35386,
    "rotation": [
      [
        0.56618,
        0.446413428,
        0.692932367
      ],
      [
        0.4320941,
        0.5551519,
        -0.7107047
      ],
      [
        -0.7019508,
        0.701798737,
        0.121423274
      ]
    ],
    "translation": [
      2.1526866,
      0.9836649,
      -0.7135423
    ]
  },
  {
    "timeStamp": 35442,
    "rotation": [
      [
        0.594520569,
        0.316663384,
        0.7391006
      ],
      [
        0.5861516,
        0.458547026,
        -0.6679528
      ],
      [
        -0.5504285,
        0.83033663,
        0.08700287
      ]
    ],
    "translation": [
      2.16345549,
      0.9735581,
      -0.72899276
    ]
  },
  {
    "timeStamp": 35486,
    "rotation": [
      [
        0.57251054,
        0.197445467,
        0.795768142
      ],
      [
        0.699953854,
        0.387723416,
        -0.599779248
      ],
      [
        -0.426961631,
        0.9003809,
        0.08377304
      ]
    ],
    "translation": [
      2.17088938,
      0.9643689,
      -0.7381281
    ]
  },
  {
    "timeStamp": 35540,
    "rotation": [
      [
        0.541476548,
        0.105691783,
        0.834045768
      ],
      [
        0.7866788,
        0.286234945,
        -0.5469973
      ],
      [
        -0.296546161,
        0.95231235,
        0.07184403
      ]
    ],
    "translation": [
      2.17717957,
      0.954814553,
      -0.748292565
    ]
  },
  {
    "timeStamp": 35583,
    "rotation": [
      [
        0.5120663,
        0.0274071246,
        0.8585085
      ],
      [
        0.8356855,
        0.2151286,
        -0.5053211
      ],
      [
        -0.198539138,
        0.976201057,
        0.08725637
      ]
    ],
    "translation": [
      2.17723155,
      0.9439438,
      -0.747059464
    ]
  },
  {
    "timeStamp": 35636,
    "rotation": [
      [
        0.4675117,
        -0.0534972362,
        0.8823666
      ],
      [
        0.8777729,
        0.1462385,
        -0.456211478
      ],
      [
        -0.104629934,
        0.9878018,
        0.115326643
      ]
    ],
    "translation": [
      2.17810869,
      0.9344056,
      -0.745119333
    ]
  },
  {
    "timeStamp": 35701,
    "rotation": [
      [
        0.4578998,
        -0.0855534449,
        0.8848776
      ],
      [
        0.8861803,
        0.123193033,
        -0.446663141
      ],
      [
        -0.07079719,
        0.988688052,
        0.132225856
      ]
    ],
    "translation": [
      2.17207217,
      0.922754347,
      -0.736180246
    ]
  },
  {
    "timeStamp": 35736,
    "rotation": [
      [
        0.44304803,
        -0.115118392,
        0.889076
      ],
      [
        0.89552474,
        0.103024714,
        -0.432921827
      ],
      [
        -0.0417595431,
        0.9879948,
        0.148736268
      ]
    ],
    "translation": [
      2.169322,
      0.9119146,
      -0.7300796
    ]
  },
  {
    "timeStamp": 35791,
    "rotation": [
      [
        0.429050922,
        -0.16087997,
        0.888838
      ],
      [
        0.9032498,
        0.068329215,
        -0.423640043
      ],
      [
        0.00742159737,
        0.9846059,
        0.1746315
      ]
    ],
    "translation": [
      2.167255,
      0.8970215,
      -0.724419534
    ]
  },
  {
    "timeStamp": 35836,
    "rotation": [
      [
        0.4393445,
        -0.168388858,
        0.8823953
      ],
      [
        0.8979475,
        0.05408761,
        -0.436766267
      ],
      [
        0.0258199126,
        0.9842356,
        0.174967438
      ]
    ],
    "translation": [
      2.16163445,
      0.8862195,
      -0.7192588
    ]
  },
  {
    "timeStamp": 35891,
    "rotation": [
      [
        0.425825834,
        -0.180600509,
        0.8865979
      ],
      [
        0.9034351,
        0.03096444,
        -0.427605182
      ],
      [
        0.0497727059,
        0.983068943,
        0.1763463
      ]
    ],
    "translation": [
      2.159085,
      0.874148667,
      -0.7173204
    ]
  },
  {
    "timeStamp": 35936,
    "rotation": [
      [
        0.4218748,
        -0.193207577,
        0.885828733
      ],
      [
        0.9046074,
        0.0240863282,
        -0.425564677
      ],
      [
        0.06088596,
        0.9808622,
        0.184938416
      ]
    ],
    "translation": [
      2.15818381,
      0.8673161,
      -0.714408159
    ]
  },
  {
    "timeStamp": 35992,
    "rotation": [
      [
        0.433604836,
        -0.185342044,
        0.881836236
      ],
      [
        0.8989957,
        0.0220862869,
        -0.437400222
      ],
      [
        0.06159216,
        0.9824258,
        0.176198423
      ]
    ],
    "translation": [
      2.15477562,
      0.864623666,
      -0.711248
    ]
  },
  {
    "timeStamp": 36036,
    "rotation": [
      [
        0.454183072,
        -0.17651397,
        0.873247147
      ],
      [
        0.8893028,
        0.0310044,
        -0.456266671
      ],
      [
        0.0534629375,
        0.9838097,
        0.171056047
      ]
    ],
    "translation": [
      2.151327,
      0.867025435,
      -0.7088623
    ]
  },
  {
    "timeStamp": 36091,
    "rotation": [
      [
        0.472044468,
        -0.170262635,
        0.8649767
      ],
      [
        0.880325735,
        0.03882968,
        -0.4727777
      ],
      [
        0.0469096,
        0.9846334,
        0.168215916
      ]
    ],
    "translation": [
      2.15094066,
      0.876989961,
      -0.707024157
    ]
  },
  {
    "timeStamp": 36136,
    "rotation": [
      [
        0.515191734,
        -0.150999859,
        0.843668461
      ],
      [
        0.8563544,
        0.0503359959,
        -0.513929367
      ],
      [
        0.03513637,
        0.987251341,
        0.155242085
      ]
    ],
    "translation": [
      2.15042281,
      0.8911809,
      -0.706357
    ]
  },
  {
    "timeStamp": 36191,
    "rotation": [
      [
        0.5567379,
        -0.149779275,
        0.817073464
      ],
      [
        0.8305351,
        0.08148078,
        -0.550974
      ],
      [
        0.01594871,
        0.9853563,
        0.169760391
      ]
    ],
    "translation": [
      2.15582824,
      0.9131497,
      -0.6999279
    ]
  },
  {
    "timeStamp": 36236,
    "rotation": [
      [
        0.6161062,
        -0.141709432,
        0.7748107
      ],
      [
        0.7871772,
        0.07623072,
        -0.6119975
      ],
      [
        0.0276614446,
        0.986968756,
        0.15851666
      ]
    ],
    "translation": [
      2.161289,
      0.929703951,
      -0.696054637
    ]
  },
  {
    "timeStamp": 36292,
    "rotation": [
      [
        0.650209248,
        -0.1764321,
        0.7389855
      ],
      [
        0.7582577,
        0.08965663,
        -0.6457608
      ],
      [
        0.04767799,
        0.980221033,
        0.192076579
      ]
    ],
    "translation": [
      2.17508,
      0.9422423,
      -0.68432796
    ]
  },
  {
    "timeStamp": 36338,
    "rotation": [
      [
        0.7249337,
        -0.1485663,
        0.6726063
      ],
      [
        0.688411057,
        0.122675523,
        -0.7148713
      ],
      [
        0.0236934628,
        0.9812639,
        0.1912063
      ]
    ],
    "translation": [
      2.180632,
      0.944225,
      -0.6705374
    ]
  },
  {
    "timeStamp": 36383,
    "rotation": [
      [
        0.801263154,
        -0.12019778,
        0.5861142
      ],
      [
        0.598311365,
        0.162529066,
        -0.7846068
      ],
      [
        -0.000952592236,
        0.9793553,
        0.202144235
      ]
    ],
    "translation": [
      2.180946,
      0.938678741,
      -0.6552154
    ]
  },
  {
    "timeStamp": 36440,
    "rotation": [
      [
        0.846093,
        -0.123594396,
        0.5185085
      ],
      [
        0.5329959,
        0.184331641,
        -0.825794935
      ],
      [
        0.006486102,
        0.9750622,
        0.221837014
      ]
    ],
    "translation": [
      2.18777466,
      0.9253213,
      -0.6410647
    ]
  },
  {
    "timeStamp": 36485,
    "rotation": [
      [
        0.873391449,
        -0.108411349,
        0.474799365
      ],
      [
        0.486584455,
        0.153072968,
        -0.860118747
      ],
      [
        0.0205676872,
        0.982250333,
        0.18644388
      ]
    ],
    "translation": [
      2.192769,
      0.9152491,
      -0.635542631
    ]
  },
  {
    "timeStamp": 36541,
    "rotation": [
      [
        0.91433686,
        -0.10363017,
        0.391470075
      ],
      [
        0.404059052,
        0.169219866,
        -0.8989443
      ],
      [
        0.0269132312,
        0.980115,
        0.196596667
      ]
    ],
    "translation": [
      2.18843079,
      0.9042371,
      -0.6273891
    ]
  },
  {
    "timeStamp": 36585,
    "rotation": [
      [
        0.9285873,
        -0.1154986,
        0.3526836
      ],
      [
        0.36816746,
        0.167182311,
        -0.91460526
      ],
      [
        0.04667316,
        0.9791375,
        0.1977662
      ]
    ],
    "translation": [
      2.186117,
      0.895645738,
      -0.626147568
    ]
  },
  {
    "timeStamp": 36641,
    "rotation": [
      [
        0.9348182,
        -0.139211759,
        0.3267033
      ],
      [
        0.345851868,
        0.148005992,
        -0.926542342
      ],
      [
        0.08063154,
        0.979139566,
        0.186505347
      ]
    ],
    "translation": [
      2.18452072,
      0.871890068,
      -0.639956653
    ]
  },
  {
    "timeStamp": 36685,
    "rotation": [
      [
        0.956238,
        -0.105846092,
        0.272773921
      ],
      [
        0.284304,
        0.115830995,
        -0.9517113
      ],
      [
        0.06913924,
        0.9876132,
        0.140854463
      ]
    ],
    "translation": [
      2.17907715,
      0.8679221,
      -0.64267844
    ]
  },
  {
    "timeStamp": 36741,
    "rotation": [
      [
        0.9646112,
        -0.0985198,
        0.244579434
      ],
      [
        0.2537809,
        0.09516126,
        -0.962569237
      ],
      [
        0.0715576261,
        0.9905747,
        0.116796054
      ]
    ],
    "translation": [
      2.17895555,
      0.860516548,
      -0.645089447
    ]
  },
  {
    "timeStamp": 36786,
    "rotation": [
      [
        0.9592889,
        -0.138697863,
        0.246023685
      ],
      [
        0.261942565,
        0.111230791,
        -0.9586521
      ],
      [
        0.105597585,
        0.9840684,
        0.143033341
      ]
    ],
    "translation": [
      2.18311644,
      0.8506887,
      -0.643082
    ]
  },
  {
    "timeStamp": 36841,
    "rotation": [
      [
        0.973212957,
        -0.107901983,
        0.203011721
      ],
      [
        0.215317473,
        0.11824093,
        -0.969359338
      ],
      [
        0.08059152,
        0.987105,
        0.138306782
      ]
    ],
    "translation": [
      2.180376,
      0.8458632,
      -0.639013231
    ]
  },
  {
    "timeStamp": 36885,
    "rotation": [
      [
        0.9735842,
        -0.134614736,
        0.184425488
      ],
      [
        0.204425707,
        0.154116333,
        -0.966673851
      ],
      [
        0.101705588,
        0.978839636,
        0.177563936
      ]
    ],
    "translation": [
      2.18104744,
      0.842313647,
      -0.634509146
    ]
  },
  {
    "timeStamp": 36941,
    "rotation": [
      [
        0.976806462,
        -0.140133917,
        0.161900088
      ],
      [
        0.183147088,
        0.1550665,
        -0.9707788
      ],
      [
        0.110933766,
        0.9779146,
        0.17713508
      ]
    ],
    "translation": [
      2.181218,
      0.8389559,
      -0.631761432
    ]
  },
  {
    "timeStamp": 36983,
    "rotation": [
      [
        0.980466545,
        -0.150038019,
        0.127176732
      ],
      [
        0.154561192,
        0.187858164,
        -0.969958842
      ],
      [
        0.121639512,
        0.9706688,
        0.2073787
      ]
    ],
    "translation": [
      2.18145871,
      0.833664656,
      -0.6293985
    ]
  },
  {
    "timeStamp": 37039,
    "rotation": [
      [
        0.982034,
        -0.16697067,
        0.08791979
      ],
      [
        0.124605812,
        0.223886,
        -0.966617
      ],
      [
        0.141712666,
        0.960206151,
        0.240669191
      ]
    ],
    "translation": [
      2.18222356,
      0.827006161,
      -0.625131965
    ]
  },
  {
    "timeStamp": 37084,
    "rotation": [
      [
        0.9821358,
        -0.179552674,
        0.0563042052
      ],
      [
        0.101463489,
        0.2533161,
        -0.9620479
      ],
      [
        0.1584755,
        0.950574458,
        0.2670088
      ]
    ],
    "translation": [
      2.1826098,
      0.822871864,
      -0.622288644
    ]
  }
]