[
  {
    "timeStamp": 1,
    "rotation": [
      [
        -0.740783155,
        -0.123190604,
        -0.6603517
      ],
      [
        0.181963414,
        0.9094873,
        -0.373794347
      ],
      [
        0.6466294,
        -0.3970604,
        -0.6513167
      ]
    ],
    "translation": [
      1.700462,
      1.58836091,
      -1.49925017
    ]
  },
  {
    "timeStamp": 15,
    "rotation": [
      [
        -0.7391827,
        -0.123973422,
        -0.6619966
      ],
      [
        0.182674631,
        0.9091636,
        -0.374234617
      ],
      [
        0.6482584,
        -0.397557735,
        -0.6493912
      ]
    ],
    "translation": [
      1.70028591,
      1.58835852,
      -1.49881
    ]
  },
  {
    "timeStamp": 17,
    "rotation": [
      [
        -0.735953331,
        -0.1254735,
        -0.665303767
      ],
      [
        0.184064537,
        0.908582032,
        -0.37496534
      ],
      [
        0.6515313,
        -0.3984158,
        -0.645578742
      ]
    ],
    "translation": [
      1.6998837,
      1.5884136,
      -1.49799871
    ]
  },
  {
    "timeStamp": 65,
    "rotation": [
      [
        -0.619761,
        -0.198867157,
        -0.759176
      ],
      [
        0.196980149,
        0.8969752,
        -0.39577055
      ],
      [
        0.7596678,
        -0.394825757,
        -0.516737342
      ]
    ],
    "translation": [
      1.688825,
      1.589214,
      -1.46929932
    ]
  },
  {
    "timeStamp": 119,
    "rotation": [
      [
        -0.507527947,
        -0.275793135,
        -0.816304862
      ],
      [
        0.191752464,
        0.8874796,
        -0.419059724
      ],
      [
        0.84002763,
        -0.369212955,
        -0.397536635
      ]
    ],
    "translation": [
      1.6823504,
      1.58810449,
      -1.4466269
    ]
  },
  {
    "timeStamp": 163,
    "rotation": [
      [
        -0.399012357,
        -0.344983727,
        -0.8495736
      ],
      [
        0.183752611,
        0.87764734,
        -0.442685157
      ],
      [
        0.8983452,
        -0.3327482,
        -0.286800474
      ]
    ],
    "translation": [
      1.67801452,
      1.58678281,
      -1.424243
    ]
  },
  {
    "timeStamp": 219,
    "rotation": [
      [
        -0.235157624,
        -0.430405736,
        -0.871465266
      ],
      [
        0.177186623,
        0.862601,
        -0.4738401
      ],
      [
        0.955670357,
        -0.2658391,
        -0.126585051
      ]
    ],
    "translation": [
      1.67455661,
      1.5835458,
      -1.39208412
    ]
  },
  {
    "timeStamp": 345,
    "rotation": [
      [
        -0.233938187,
        -0.429644316,
        -0.872169
      ],
      [
        0.176587924,
        0.86336416,
        -0.4726723
      ],
      [
        0.9560804,
        -0.264590621,
        -0.126103833
      ]
    ],
    "translation": [
      1.67597127,
      1.58343446,
      -1.39121509
    ]
  },
  {
    "timeStamp": 347,
    "rotation": [
      [
        -0.2010131,
        -0.443148941,
        -0.8736205
      ],
      [
        0.176130578,
        0.8609398,
        -0.477242827
      ],
      [
        0.963624239,
        -0.249803334,
        -0.095008105
      ]
    ],
    "translation": [
      1.67579722,
      1.58283508,
      -1.38437891
    ]
  },
  {
    "timeStamp": 385,
    "rotation": [
      [
        0.256392837,
        -0.554934,
        -0.7913981
      ],
      [
        0.16337961,
        0.831867456,
        -0.5303806
      ],
      [
        0.9526646,
        0.00668746745,
        0.303949773
      ]
    ],
    "translation": [
      1.67871881,
      1.57728755,
      -1.283906
    ]
  },
  {
    "timeStamp": 441,
    "rotation": [
      [
        0.388248473,
        -0.57507664,
        -0.720104158
      ],
      [
        0.162340328,
        0.8118611,
        -0.5608272
      ],
      [
        0.9071431,
        0.100838371,
        0.408561975
      ]
    ],
    "translation": [
      1.68352914,
      1.57322061,
      -1.24756885
    ]
  },
  {
    "timeStamp": 486,
    "rotation": [
      [
        0.469872534,
        -0.5873222,
        -0.658993542
      ],
      [
        0.162682354,
        0.7913646,
        -0.5893017
      ],
      [
        0.8676141,
        0.169690073,
        0.467387468
      ]
    ],
    "translation": [
      1.68716514,
      1.56887639,
      -1.21941376
    ]
  },
  {
    "timeStamp": 541,
    "rotation": [
      [
        0.552207649,
        -0.5903386,
        -0.5886995
      ],
      [
        0.148812443,
        0.764577031,
        -0.6271179
      ],
      [
        0.820318,
        0.258693457,
        0.510055
      ]
    ],
    "translation": [
      1.69077814,
      1.56295073,
      -1.184583
    ]
  },
  {
    "timeStamp": 585,
    "rotation": [
      [
        0.6080172,
        -0.5897403,
        -0.5315274
      ],
      [
        0.13379395,
        0.7360314,
        -0.663593948
      ],
      [
        0.782568932,
        0.3323614,
        0.526423454
      ]
    ],
    "translation": [
      1.6934073,
      1.55697238,
      -1.15696788
    ]
  },
  {
    "timeStamp": 642,
    "rotation": [
      [
        0.6649672,
        -0.5872877,
        -0.4614237
      ],
      [
        0.123275369,
        0.695638835,
        -0.7077357
      ],
      [
        0.7366287,
        0.413738877,
        0.5349751
      ]
    ],
    "translation": [
      1.697329,
      1.5468446,
      -1.122486
    ]
  },
  {
    "timeStamp": 686,
    "rotation": [
      [
        0.699741,
        -0.5932182,
        -0.39806366
      ],
      [
        0.121140689,
        0.647662,
        -0.7522359
      ],
      [
        0.7040507,
        0.47814858,
        0.5250585
      ]
    ],
    "translation": [
      1.70146227,
      1.53806818,
      -1.0957855
    ]
  },
  {
    "timeStamp": 742,
    "rotation": [
      [
        0.7292984,
        -0.589172363,
        -0.347850263
      ],
      [
        0.119075127,
        0.609945655,
        -0.783445835
      ],
      [
        0.6737544,
        0.5299455,
        0.5149882
      ]
    ],
    "translation": [
      1.705632,
      1.529259,
      -1.0689466
    ]
  },
  {
    "timeStamp": 788,
    "rotation": [
      [
        0.7595802,
        -0.582163155,
        -0.2900413
      ],
      [
        0.11852555,
        0.562360942,
        -0.8183531
      ],
      [
        0.63952297,
        0.5872275,
        0.496159464
      ]
    ],
    "translation": [
      1.71178162,
      1.51894748,
      -1.03659391
    ]
  },
  {
    "timeStamp": 833,
    "rotation": [
      [
        0.7820152,
        -0.5683314,
        -0.255835027
      ],
      [
        0.113253623,
        0.5332236,
        -0.838359237
      ],
      [
        0.612883151,
        0.626635432,
        0.481354564
      ]
    ],
    "translation": [
      1.71645689,
      1.51193035,
      -1.01127231
    ]
  },
  {
    "timeStamp": 889,
    "rotation": [
      [
        0.807937562,
        -0.5468345,
        -0.219565317
      ],
      [
        0.10347788,
        0.49847728,
        -0.8607048
      ],
      [
        0.580111444,
        0.6726756,
        0.4593238
      ]
    ],
    "translation": [
      1.7225256,
      1.50386918,
      -0.9825833
    ]
  },
  {
    "timeStamp": 935,
    "rotation": [
      [
        0.82664454,
        -0.526529133,
        -0.198559359
      ],
      [
        0.09436805,
        0.477567047,
        -0.8735127
      ],
      [
        0.5547553,
        0.703346848,
        0.444465727
      ]
    ],
    "translation": [
      1.72719216,
      1.49788058,
      -0.960720658
    ]
  },
  {
    "timeStamp": 991,
    "rotation": [
      [
        0.8476428,
        -0.501586437,
        -0.172953054
      ],
      [
        0.08710041,
        0.453107119,
        -0.887190759
      ],
      [
        0.523369133,
        0.736956537,
        0.427761376
      ]
    ],
    "translation": [
      1.73314857,
      1.49157941,
      -0.9362339
    ]
  },
  {
    "timeStamp": 1035,
    "rotation": [
      [
        0.8624207,
        -0.481672555,
        -0.155634582
      ],
      [
        0.08198859,
        0.43632254,
        -0.8960472
      ],
      [
        0.4995082,
        0.760009348,
        0.415785223
      ]
    ],
    "translation": [
      1.73841536,
      1.4872278,
      -0.918959
    ]
  },
  {
    "timeStamp": 1090,
    "rotation": [
      [
        0.8792613,
        -0.457260758,
        -0.133462191
      ],
      [
        0.08043255,
        0.418680966,
        -0.90456444
      ],
      [
        0.469499916,
        0.7846138,
        0.4049086
      ]
    ],
    "translation": [
      1.7445873,
      1.482941,
      -0.8999927
    ]
  },
  {
    "timeStamp": 1135,
    "rotation": [
      [
        0.8904251,
        -0.4390361,
        -0.119960107
      ],
      [
        0.07867024,
        0.40807566,
        -0.9095522
      ],
      [
        0.448279083,
        0.8004508,
        0.397899866
      ]
    ],
    "translation": [
      1.74934936,
      1.48033917,
      -0.8866788
    ]
  },
  {
    "timeStamp": 1191,
    "rotation": [
      [
        0.902329743,
        -0.4184157,
        -0.103582211
      ],
      [
        0.07794851,
        0.3947342,
        -0.9154829
      ],
      [
        0.423939854,
        0.817993343,
        0.388795316
      ]
    ],
    "translation": [
      1.75468075,
      1.47859085,
      -0.8721031
    ]
  },
  {
    "timeStamp": 1235,
    "rotation": [
      [
        0.9120187,
        -0.399478167,
        -0.0929464549
      ],
      [
        0.07700131,
        0.3893549,
        -0.917863548
      ],
      [
        0.402855635,
        0.8299517,
        0.38585934
      ]
    ],
    "translation": [
      1.75890136,
      1.47789156,
      -0.862152934
    ]
  },
  {
    "timeStamp": 1290,
    "rotation": [
      [
        0.9257846,
        -0.368691772,
        -0.08360185
      ],
      [
        0.07253157,
        0.390251,
        -0.9178471
      ],
      [
        0.371028364,
        0.843664944,
        0.388030142
      ]
    ],
    "translation": [
      1.76218057,
      1.47737658,
      -0.850153446
    ]
  },
  {
    "timeStamp": 1335,
    "rotation": [
      [
        0.937167764,
        -0.341368318,
        -0.07200207
      ],
      [
        0.0717159957,
        0.3904717,
        -0.917817354
      ],
      [
        0.341428548,
        0.8549851,
        0.390419036
      ]
    ],
    "translation": [
      1.763488,
      1.47671807,
      -0.8415668
    ]
  },
  {
    "timeStamp": 1390,
    "rotation": [
      [
        0.948426247,
        -0.31231463,
        -0.0542885624
      ],
      [
        0.07431787,
        0.3855521,
        -0.9196882
      ],
      [
        0.308163166,
        0.8682218,
        0.388878316
      ]
    ],
    "translation": [
      1.76331949,
      1.47559774,
      -0.831781864
    ]
  },
  {
    "timeStamp": 1435,
    "rotation": [
      [
        0.955234945,
        -0.2930412,
        -0.0406579524
      ],
      [
        0.07760173,
        0.3807995,
        -0.92139554
      ],
      [
        0.28548938,
        0.876994133,
        0.3864935
      ]
    ],
    "translation": [
      1.76102209,
      1.47489893,
      -0.824471831
    ]
  },
  {
    "timeStamp": 1491,
    "rotation": [
      [
        0.961192,
        -0.274886072,
        -0.02340119
      ],
      [
        0.0835504,
        0.370888233,
        -0.9249115
      ],
      [
        0.262924522,
        0.8870624,
        0.379461616
      ]
    ],
    "translation": [
      1.75568652,
      1.47355378,
      -0.8162688
    ]
  },
  {
    "timeStamp": 1534,
    "rotation": [
      [
        0.9651065,
        -0.261579275,
        -0.012073678
      ],
      [
        0.0871190056,
        0.3642267,
        -0.9272266
      ],
      [
        0.2469408,
        0.8938206,
        0.374306083
      ]
    ],
    "translation": [
      1.74999189,
      1.47213173,
      -0.810311437
    ]
  },
  {
    "timeStamp": 1590,
    "rotation": [
      [
        0.970351756,
        -0.241690144,
        0.00182964536
      ],
      [
        0.09195865,
        0.36217913,
        -0.9275612
      ],
      [
        0.223519757,
        0.9002289,
        0.373666674
      ]
    ],
    "translation": [
      1.74130845,
      1.47060883,
      -0.8040974
    ]
  },
  {
    "timeStamp": 1635,
    "rotation": [
      [
        0.974806368,
        -0.222538754,
        0.0151338894
      ],
      [
        0.09771429,
        0.3650643,
        -0.925840139
      ],
      [
        0.200510472,
        0.903993666,
        0.3776122
      ]
    ],
    "translation": [
      1.73386383,
      1.46999419,
      -0.801034331
    ]
  },
  {
    "timeStamp": 1690,
    "rotation": [
      [
        0.9808776,
        -0.191274971,
        0.0359598324
      ],
      [
        0.105151169,
        0.3653411,
        -0.924915731
      ],
      [
        0.163775623,
        0.9110103,
        0.378467649
      ]
    ],
    "translation": [
      1.72434473,
      1.47192371,
      -0.80030334
    ]
  },
  {
    "timeStamp": 1734,
    "rotation": [
      [
        0.985175,
        -0.159567907,
        0.062994726
      ],
      [
        0.118727781,
        0.369131029,
        -0.921762466
      ],
      [
        0.123830408,
        0.9155766,
        0.3826038
      ]
    ],
    "translation": [
      1.71577322,
      1.4764756,
      -0.799365163
    ]
  },
  {
    "timeStamp": 1790,
    "rotation": [
      [
        0.987701237,
        -0.12125428,
        0.09870975
      ],
      [
        0.139004588,
        0.3919542,
        -0.9094227
      ],
      [
        0.0715817,
        0.911959052,
        0.40398857
      ]
    ],
    "translation": [
      1.70353746,
      1.48233891,
      -0.79762435
    ]
  },
  {
    "timeStamp": 1835,
    "rotation": [
      [
        0.9874248,
        -0.101250425,
        0.121411256
      ],
      [
        0.152289838,
        0.4030937,
        -0.902398646
      ],
      [
        0.0424281433,
        0.9095405,
        0.4134441
      ]
    ],
    "translation": [
      1.69330442,
      1.4856571,
      -0.7966393
    ]
  },
  {
    "timeStamp": 1890,
    "rotation": [
      [
        0.986103654,
        -0.07347394,
        0.14900054
      ],
      [
        0.166052,
        0.408218175,
        -0.89765507
      ],
      [
        0.005129513,
        0.9099228,
        0.414745927
      ]
    ],
    "translation": [
      1.68025386,
      1.48795974,
      -0.796003
    ]
  },
  {
    "timeStamp": 1934,
    "rotation": [
      [
        0.984693348,
        -0.0514551252,
        0.166527539
      ],
      [
        0.172805965,
        0.412871033,
        -0.8942458
      ],
      [
        -0.0227408838,
        0.909334838,
        0.4154431
      ]
    ],
    "translation": [
      1.67012429,
      1.48850238,
      -0.795048833
    ]
  },
  {
    "timeStamp": 1990,
    "rotation": [
      [
        0.98194766,
        -0.0350573845,
        0.185875714
      ],
      [
        0.183320716,
        0.4185172,
        -0.889515
      ],
      [
        -0.0466080979,
        0.907532036,
        0.417388737
      ]
    ],
    "translation": [
      1.65960431,
      1.48881161,
      -0.7933942
    ]
  },
  {
    "timeStamp": 2034,
    "rotation": [
      [
        0.9795233,
        -0.0334729031,
        0.198528737
      ],
      [
        0.194052756,
        0.4197026,
        -0.886675358
      ],
      [
        -0.05364345,
        0.907044232,
        0.417604
      ]
    ],
    "translation": [
      1.653423,
      1.48976934,
      -0.7913779
    ]
  },
  {
    "timeStamp": 2090,
    "rotation": [
      [
        0.9773834,
        -0.0336281657,
        0.208784059
      ],
      [
        0.2031387,
        0.423758626,
        -0.8827023
      ],
      [
        -0.0587903671,
        0.905150652,
        0.421005845
      ]
    ],
    "translation": [
      1.64872,
      1.49189377,
      -0.787453651
    ]
  },
  {
    "timeStamp": 2134,
    "rotation": [
      [
        0.977172136,
        -0.02780103,
        0.210622311
      ],
      [
        0.201774031,
        0.43175894,
        -0.8791311
      ],
      [
        -0.06649732,
        0.901560545,
        0.427512348
      ]
    ],
    "translation": [
      1.64696169,
      1.4933697,
      -0.782419443
    ]
  },
  {
    "timeStamp": 2190,
    "rotation": [
      [
        0.9776967,
        -0.0194753259,
        0.209116891
      ],
      [
        0.196168408,
        0.440315455,
        -0.8761508
      ],
      [
        -0.07501409,
        0.8976319,
        0.434315443
      ]
    ],
    "translation": [
      1.64813709,
      1.49420726,
      -0.7741115
    ]
  },
  {
    "timeStamp": 2234,
    "rotation": [
      [
        0.9783115,
        -0.0152310785,
        0.206578419
      ],
      [
        0.1919563,
        0.44144243,
        -0.8765166
      ],
      [
        -0.0778422,
        0.8971603,
        0.434791923
      ]
    ],
    "translation": [
      1.65176117,
      1.49395537,
      -0.7664542
    ]
  },
  {
    "timeStamp": 2290,
    "rotation": [
      [
        0.978928,
        -0.008280506,
        0.204037681
      ],
      [
        0.186822727,
        0.439720333,
        -0.8784892
      ],
      [
        -0.08244519,
        0.898096561,
        0.432001561
      ]
    ],
    "translation": [
      1.65906382,
      1.49242961,
      -0.754204869
    ]
  },
  {
    "timeStamp": 2334,
    "rotation": [
      [
        0.980160236,
        -0.006460544,
        0.198101625
      ],
      [
        0.181082547,
        0.435578257,
        -0.8817487
      ],
      [
        -0.08059217,
        0.900127769,
        0.428106368
      ]
    ],
    "translation": [
      1.66717744,
      1.49038088,
      -0.7432282
    ]
  },
  {
    "timeStamp": 2390,
    "rotation": [
      [
        0.9824811,
        -0.0116772754,
        0.185995832
      ],
      [
        0.173054844,
        0.427531332,
        -0.8872818
      ],
      [
        -0.0691580251,
        0.903925061,
        0.4220623
      ]
    ],
    "translation": [
      1.680044,
      1.48719,
      -0.7278043
    ]
  },
  {
    "timeStamp": 2434,
    "rotation": [
      [
        0.9853149,
        -0.0191212371,
        0.169673264
      ],
      [
        0.1616853,
        0.423910022,
        -0.8911555
      ],
      [
        -0.0548862219,
        0.905502439,
        0.4207765
      ]
    ],
    "translation": [
      1.69249225,
      1.48470938,
      -0.7140058
    ]
  },
  {
    "timeStamp": 2490,
    "rotation": [
      [
        0.9890286,
        -0.0347170234,
        0.143586859
      ],
      [
        0.144864336,
        0.41826874,
        -0.896697044
      ],
      [
        -0.0289272442,
        0.9076596,
        0.41870898
      ]
    ],
    "translation": [
      1.70999122,
      1.48165667,
      -0.695011
    ]
  },
  {
    "timeStamp": 2534,
    "rotation": [
      [
        0.9912014,
        -0.0540092364,
        0.120841563
      ],
      [
        0.132360622,
        0.4085089,
        -0.9031064
      ],
      [
        -0.0005887605,
        0.911155,
        0.41206333
      ]
    ],
    "translation": [
      1.72551167,
      1.47968173,
      -0.67869246
    ]
  },
  {
    "timeStamp": 2590,
    "rotation": [
      [
        0.9930992,
        -0.0721757859,
        0.0924368948
      ],
      [
        0.113768116,
        0.401531935,
        -0.9087513
      ],
      [
        0.0284734815,
        0.9129966,
        0.406972378
      ]
    ],
    "translation": [
      1.74564135,
      1.47673833,
      -0.6562685
    ]
  },
  {
    "timeStamp": 2634,
    "rotation": [
      [
        0.993674934,
        -0.08592432,
        0.07229828
      ],
      [
        0.100658491,
        0.396145523,
        -0.9126536
      ],
      [
        0.0497785136,
        0.914158463,
        0.402288884
      ]
    ],
    "translation": [
      1.761323,
      1.47356153,
      -0.637206554
    ]
  },
  {
    "timeStamp": 2690,
    "rotation": [
      [
        0.9928015,
        -0.108016051,
        0.0517466068
      ],
      [
        0.08984995,
        0.385997057,
        -0.918113947
      ],
      [
        0.0791970044,
        0.9161543,
        0.392923683
      ]
    ],
    "translation": [
      1.780076,
      1.4674536,
      -0.6130024
    ]
  },
  {
    "timeStamp": 2734,
    "rotation": [
      [
        0.991543353,
        -0.124216504,
        0.0375776477
      ],
      [
        0.08158759,
        0.371480256,
        -0.9248491
      ],
      [
        0.100922167,
        0.920093834,
        0.3784733
      ]
    ],
    "translation": [
      1.79360509,
      1.46122789,
      -0.5943036
    ]
  },
  {
    "timeStamp": 2790,
    "rotation": [
      [
        0.9906841,
        -0.1345201,
        0.0211985
      ],
      [
        0.06792755,
        0.3532188,
        -0.933071434
      ],
      [
        0.118029147,
        0.925819,
        0.359065861
      ]
    ],
    "translation": [
      1.8084327,
      1.45268238,
      -0.572201252
    ]
  },
  {
    "timeStamp": 2834,
    "rotation": [
      [
        0.9903596,
        -0.138195828,
        0.009470708
      ],
      [
        0.0569198243,
        0.343668759,
        -0.93736434
      ],
      [
        0.126285061,
        0.928866863,
        0.348221749
      ]
    ],
    "translation": [
      1.81850839,
      1.44593155,
      -0.5546272
    ]
  },
  {
    "timeStamp": 2889,
    "rotation": [
      [
        0.9899451,
        -0.141388938,
        -0.0042272117
      ],
      [
        0.0433563,
        0.33173722,
        -0.942375
      ],
      [
        0.134643719,
        0.93271625,
        0.334531754
      ]
    ],
    "translation": [
      1.82837319,
      1.43732655,
      -0.5347296
    ]
  },
  {
    "timeStamp": 2933,
    "rotation": [
      [
        0.989098847,
        -0.1467657,
        -0.0119693391
      ],
      [
        0.0358894058,
        0.3191046,
        -0.9470397
      ],
      [
        0.1428124,
        0.93628633,
        0.320893347
      ]
    ],
    "translation": [
      1.83500075,
      1.43050969,
      -0.520571947
    ]
  },
  {
    "timeStamp": 2988,
    "rotation": [
      [
        0.988158464,
        -0.151802644,
        -0.0223349445
      ],
      [
        0.0253564715,
        0.3051233,
        -0.9519752
      ],
      [
        0.151327267,
        0.9401361,
        0.305359364
      ]
    ],
    "translation": [
      1.84144306,
      1.42256176,
      -0.50464046
    ]
  },
  {
    "timeStamp": 3033,
    "rotation": [
      [
        0.987586,
        -0.154610857,
        -0.02773796
      ],
      [
        0.0187812727,
        0.2915446,
        -0.956372857
      ],
      [
        0.155952469,
        0.9439795,
        0.290829122
      ]
    ],
    "translation": [
      1.84588778,
      1.41687,
      -0.4937047
    ]
  },
  {
    "timeStamp": 3088,
    "rotation": [
      [
        0.987351537,
        -0.155549169,
        -0.0306825675
      ],
      [
        0.0139968283,
        0.278286338,
        -0.9603962
      ],
      [
        0.157927364,
        0.9478192,
        0.276943654
      ]
    ],
    "translation": [
      1.84991956,
      1.41120923,
      -0.481915861
    ]
  },
  {
    "timeStamp": 3133,
    "rotation": [
      [
        0.9872072,
        -0.15592064,
        -0.0333280452
      ],
      [
        0.0103167938,
        0.271056682,
        -0.9625081
      ],
      [
        0.159108669,
        0.949851036,
        0.269197673
      ]
    ],
    "translation": [
      1.85246062,
      1.40741742,
      -0.47409156
    ]
  },
  {
    "timeStamp": 3189,
    "rotation": [
      [
        0.9867606,
        -0.157582149,
        -0.038358245
      ],
      [
        0.00466028554,
        0.263963521,
        -0.9645214
      ],
      [
        0.162116528,
        0.951572955,
        0.26120317
      ]
    ],
    "translation": [
      1.85410452,
      1.40365779,
      -0.466103345
    ]
  },
  {
    "timeStamp": 3233,
    "rotation": [
      [
        0.9860056,
        -0.161107317,
        -0.04286519
      ],
      [
        0.0005879701,
        0.260479718,
        -0.965479136
      ],
      [
        0.166711271,
        0.9519426,
        0.2569292
      ]
    ],
    "translation": [
      1.85527682,
      1.40143681,
      -0.4615406
    ]
  },
  {
    "timeStamp": 3290,
    "rotation": [
      [
        0.9853566,
        -0.16409564,
        -0.0463124849
      ],
      [
        -0.00220402912,
        0.259337276,
        -0.9657843
      ],
      [
        0.170491546,
        0.9517441,
        0.255178034
      ]
    ],
    "translation": [
      1.856179,
      1.399326,
      -0.457036525
    ]
  },
  {
    "timeStamp": 3334,
    "rotation": [
      [
        0.985117733,
        -0.1650396,
        -0.0480107367
      ],
      [
        -0.00352354161,
        0.259875655,
        -0.965635657
      ],
      [
        0.171844944,
        0.951433957,
        0.255426615
      ]
    ],
    "translation": [
      1.85692215,
      1.39770567,
      -0.454995543
    ]
  },
  {
    "timeStamp": 3389,
    "rotation": [
      [
        0.9851671,
        -0.164894834,
        -0.04749286
      ],
      [
        -0.00356582738,
        0.257036179,
        -0.9663952
      ],
      [
        0.171560973,
        0.9522301,
        0.2526356
      ]
    ],
    "translation": [
      1.85769963,
      1.39653289,
      -0.454605848
    ]
  },
  {
    "timeStamp": 3434,
    "rotation": [
      [
        0.985568762,
        -0.162819371,
        -0.0463047624
      ],
      [
        -0.002240476,
        0.260975271,
        -0.9653429
      ],
      [
        0.169260919,
        0.951515555,
        0.256844282
      ]
    ],
    "translation": [
      1.8581934,
      1.39563191,
      -0.455200583
    ]
  },
  {
    "timeStamp": 3490,
    "rotation": [
      [
        0.9858846,
        -0.161026567,
        -0.0458471179
      ],
      [
        -0.00212837,
        0.261758924,
        -0.9651309
      ],
      [
        0.167412609,
        0.9516053,
        0.2577214
      ]
    ],
    "translation": [
      1.85807109,
      1.39492929,
      -0.4570525
    ]
  },
  {
    "timeStamp": 3534,
    "rotation": [
      [
        0.985967,
        -0.160152,
        -0.04712147
      ],
      [
        -0.004331002,
        0.257631034,
        -0.9662337
      ],
      [
        0.166884214,
        0.9528786,
        0.253322065
      ]
    ],
    "translation": [
      1.85764933,
      1.39514709,
      -0.460593134
    ]
  },
  {
    "timeStamp": 3589,
    "rotation": [
      [
        0.9866181,
        -0.156574771,
        -0.0454861447
      ],
      [
        -0.003979662,
        0.255765617,
        -0.966730654
      ],
      [
        0.1629994,
        0.953974962,
        0.2517199
      ]
    ],
    "translation": [
      1.85623109,
      1.3973875,
      -0.467019826
    ]
  },
  {
    "timeStamp": 3634,
    "rotation": [
      [
        0.987327933,
        -0.1532301,
        -0.0412799045
      ],
      [
        0.0008467734,
        0.26520738,
        -0.964191
      ],
      [
        0.158690825,
        0.951937735,
        0.261976421
      ]
    ],
    "translation": [
      1.85492766,
      1.4006573,
      -0.473461539
    ]
  },
  {
    "timeStamp": 3689,
    "rotation": [
      [
        0.987912,
        -0.151396722,
        -0.03330072
      ],
      [
        0.009751394,
        0.275090456,
        -0.9613689
      ],
      [
        0.1547088,
        0.949423134,
        0.2732415
      ]
    ],
    "translation": [
      1.8532269,
      1.40605271,
      -0.484648138
    ]
  },
  {
    "timeStamp": 3733,
    "rotation": [
      [
        0.9886582,
        -0.148050219,
        -0.0252221711
      ],
      [
        0.0174011458,
        0.27973637,
        -0.959919155
      ],
      [
        0.1491718,
        0.948593,
        0.2791399
      ]
    ],
    "translation": [
      1.85227537,
      1.411521,
      -0.4963185
    ]
  },
  {
    "timeStamp": 3789,
    "rotation": [
      [
        0.9909702,
        -0.133575827,
        -0.0116439573
      ],
      [
        0.0278029814,
        0.2896631,
        -0.956724763
      ],
      [
        0.131168127,
        0.947762,
        0.2907613
      ]
    ],
    "translation": [
      1.85114944,
      1.41983068,
      -0.5134343
    ]
  },
  {
    "timeStamp": 3833,
    "rotation": [
      [
        0.9933048,
        -0.11548543,
        0.002960561
      ],
      [
        0.0379506163,
        0.3019986,
        -0.9525527
      ],
      [
        0.109111868,
        0.946287453,
        0.304359376
      ]
    ],
    "translation": [
      1.85015631,
      1.426895,
      -0.5289631
    ]
  },
  {
    "timeStamp": 3889,
    "rotation": [
      [
        0.995663941,
        -0.08841261,
        0.028921796
      ],
      [
        0.0561199822,
        0.322948784,
        -0.9447511
      ],
      [
        0.07418765,
        0.94227767,
        0.3265102
      ]
    ],
    "translation": [
      1.848977,
      1.43590713,
      -0.551192641
    ]
  },
  {
    "timeStamp": 3934,
    "rotation": [
      [
        0.9965901,
        -0.061106354,
        0.05544584
      ],
      [
        0.07285349,
        0.3361808,
        -0.938975453
      ],
      [
        0.03873755,
        0.9398131,
        0.339486271
      ]
    ],
    "translation": [
      1.84756243,
      1.44223893,
      -0.5714983
    ]
  },
  {
    "timeStamp": 3989,
    "rotation": [
      [
        0.9948178,
        -0.018951105,
        0.0998919457
      ],
      [
        0.100276873,
        0.3451751,
        -0.933165967
      ],
      [
        -0.0167956818,
        0.938347,
        0.345286667
      ]
    ],
    "translation": [
      1.84555769,
      1.44905746,
      -0.6007297
    ]
  },
  {
    "timeStamp": 4033,
    "rotation": [
      [
        0.989744544,
        0.0180957988,
        0.14169769
      ],
      [
        0.126710415,
        0.3467841,
        -0.9293467
      ],
      [
        -0.06595577,
        0.937770367,
        0.340934783
      ]
    ],
    "translation": [
      1.84289384,
      1.4535718,
      -0.6247245
    ]
  },
  {
    "timeStamp": 4089,
    "rotation": [
      [
        0.9781942,
        0.07026256,
        0.195446566
      ],
      [
        0.159503162,
        0.348571032,
        -0.9236108
      ],
      [
        -0.1330223,
        0.934645057,
        0.329763055
      ]
    ],
    "translation": [
      1.83802962,
      1.45736754,
      -0.654487252
    ]
  },
  {
    "timeStamp": 4133,
    "rotation": [
      [
        0.9644827,
        0.110690825,
        0.239834458
      ],
      [
        0.189429209,
        0.3429418,
        -0.9200584
      ],
      [
        -0.184091285,
        0.932812154,
        0.309793353
      ]
    ],
    "translation": [
      1.8329246,
      1.45862377,
      -0.6775423
    ]
  },
  {
    "timeStamp": 4189,
    "rotation": [
      [
        0.9423594,
        0.161180437,
        0.2932228
      ],
      [
        0.228895,
        0.328669727,
        -0.9162878
      ],
      [
        -0.244061127,
        0.9305897,
        0.272831649
      ]
    ],
    "translation": [
      1.82616425,
      1.45900965,
      -0.704568744
    ]
  },
  {
    "timeStamp": 4233,
    "rotation": [
      [
        0.9253017,
        0.193342745,
        0.326244265
      ],
      [
        0.253901929,
        0.3231706,
        -0.911643863
      ],
      [
        -0.2816923,
        0.9263796,
        0.249940217
      ]
    ],
    "translation": [
      1.81995487,
      1.45905435,
      -0.722862363
    ]
  },
  {
    "timeStamp": 4289,
    "rotation": [
      [
        0.908293962,
        0.2218157,
        0.3546828
      ],
      [
        0.274112165,
        0.3248999,
        -0.905153334
      ],
      [
        -0.316013634,
        0.9193682,
        0.234302238
      ]
    ],
    "translation": [
      1.81327534,
      1.45983148,
      -0.741822958
    ]
  },
  {
    "timeStamp": 4333,
    "rotation": [
      [
        0.8980396,
        0.234473333,
        0.372219235
      ],
      [
        0.2881006,
        0.3259527,
        -0.900418162
      ],
      [
        -0.3324499,
        0.9158478,
        0.225166515
      ]
    ],
    "translation": [
      1.80860817,
      1.461878,
      -0.755331159
    ]
  },
  {
    "timeStamp": 4389,
    "rotation": [
      [
        0.891685545,
        0.237843379,
        0.385132968
      ],
      [
        0.297743022,
        0.332678437,
        -0.894803941
      ],
      [
        -0.340948671,
        0.9125544,
        0.22582835
      ]
    ],
    "translation": [
      1.80536509,
      1.46628416,
      -0.768623
    ]
  },
  {
    "timeStamp": 4433,
    "rotation": [
      [
        0.888799369,
        0.2396589,
        0.390639573
      ],
      [
        0.298122555,
        0.345039129,
        -0.889983654
      ],
      [
        -0.34807846,
        0.9074754,
        0.235222846
      ]
    ],
    "translation": [
      1.80473888,
      1.47009671,
      -0.7770761
    ]
  },
  {
    "timeStamp": 4489,
    "rotation": [
      [
        0.8856953,
        0.248963565,
        0.39186874
      ],
      [
        0.292107284,
        0.357221574,
        -0.887167454
      ],
      [
        -0.360856324,
        0.9002277,
        0.243665382
      ]
    ],
    "translation": [
      1.80664325,
      1.47369862,
      -0.785707831
    ]
  },
  {
    "timeStamp": 4533,
    "rotation": [
      [
        0.8843817,
        0.2553248,
        0.390740663
      ],
      [
        0.288113743,
        0.360010624,
        -0.88734597
      ],
      [
        -0.3672322,
        0.8973303,
        0.244824246
      ]
    ],
    "translation": [
      1.81052721,
      1.47539055,
      -0.7916287
    ]
  },
  {
    "timeStamp": 4589,
    "rotation": [
      [
        0.884004653,
        0.260176867,
        0.3883862
      ],
      [
        0.2838173,
        0.361465663,
        -0.8881387
      ],
      [
        -0.3714614,
        0.895349443,
        0.245694622
      ]
    ],
    "translation": [
      1.817997,
      1.47658908,
      -0.7968203
    ]
  },
  {
    "timeStamp": 4633,
    "rotation": [
      [
        0.8841222,
        0.2609622,
        0.387591064
      ],
      [
        0.281262815,
        0.3651603,
        -0.8874397
      ],
      [
        -0.373121023,
        0.8936201,
        0.249447331
      ]
    ],
    "translation": [
      1.826045,
      1.47699738,
      -0.799420357
    ]
  },
  {
    "timeStamp": 4689,
    "rotation": [
      [
        0.8880685,
        0.255282521,
        0.3823157
      ],
      [
        0.27734375,
        0.365727752,
        -0.8884389
      ],
      [
        -0.366626382,
        0.895027459,
        0.253990263
      ]
    ],
    "translation": [
      1.83870757,
      1.4767431,
      -0.801272035
    ]
  },
  {
    "timeStamp": 4742,
    "rotation": [
      [
        0.8924902,
        0.250078917,
        0.375395477
      ],
      [
        0.272897154,
        0.3632848,
        -0.89081496
      ],
      [
        -0.359149516,
        0.897487938,
        0.2559823
      ]
    ],
    "translation": [
      1.84779978,
      1.47657228,
      -0.8021661
    ]
  },
  {
    "timeStamp": 4785,
    "rotation": [
      [
        0.900951147,
        0.2439553,
        0.3588494
      ],
      [
        0.260104358,
        0.358323038,
        -0.8966328
      ],
      [
        -0.3473223,
        0.9011606,
        0.259377748
      ]
    ],
    "translation": [
      1.86649084,
      1.47628748,
      -0.8019177
    ]
  },
  {
    "timeStamp": 4839,
    "rotation": [
      [
        0.9084057,
        0.243298516,
        0.3400071
      ],
      [
        0.24318856,
        0.354026884,
        -0.903063834
      ],
      [
        -0.340085745,
        0.9030342,
        0.262432635
      ]
    ],
    "translation": [
      1.88229918,
      1.47515833,
      -0.801062
    ]
  },
  {
    "timeStamp": 4883,
    "rotation": [
      [
        0.9142785,
        0.243809283,
        0.323499352
      ],
      [
        0.228831,
        0.348121673,
        -0.909091651
      ],
      [
        -0.334262162,
        0.905189633,
        0.262489051
      ]
    ],
    "translation": [
      1.89402783,
      1.473402,
      -0.800251842
    ]
  },
  {
    "timeStamp": 4939,
    "rotation": [
      [
        0.9218468,
        0.241523474,
        0.303092182
      ],
      [
        0.2124755,
        0.339088231,
        -0.91644603
      ],
      [
        -0.324118227,
        0.9092225,
        0.2612696
      ]
    ],
    "translation": [
      1.90777719,
      1.47076631,
      -0.7987877
    ]
  },
  {
    "timeStamp": 4983,
    "rotation": [
      [
        0.927236259,
        0.238975137,
        0.288311958
      ],
      [
        0.201830521,
        0.3295939,
        -0.9222973
      ],
      [
        -0.315431982,
        0.913377643,
        0.257378936
      ]
    ],
    "translation": [
      1.91724575,
      1.46848559,
      -0.7974496
    ]
  },
  {
    "timeStamp": 5039,
    "rotation": [
      [
        0.934666,
        0.230815843,
        0.270413667
      ],
      [
        0.189295337,
        0.32074,
        -0.9280588
      ],
      [
        -0.300943166,
        0.918613,
        0.2560924
      ]
    ],
    "translation": [
      1.92757928,
      1.46594059,
      -0.795603633
    ]
  },
  {
    "timeStamp": 5084,
    "rotation": [
      [
        0.9395518,
        0.224373162,
        0.258648843
      ],
      [
        0.180695832,
        0.316732556,
        -0.9311442
      ],
      [
        -0.2908463,
        0.9215949,
        0.257043332
      ]
    ],
    "translation": [
      1.93458509,
      1.4641248,
      -0.7938603
    ]
  },
  {
    "timeStamp": 5139,
    "rotation": [
      [
        0.9444816,
        0.219203234,
        0.244753718
      ],
      [
        0.170128047,
        0.311013848,
        -0.9350545
      ],
      [
        -0.28108874,
        0.924781263,
        0.256454259
      ]
    ],
    "translation": [
      1.94261968,
      1.46175849,
      -0.7926173
    ]
  },
  {
    "timeStamp": 5184,
    "rotation": [
      [
        0.9469414,
        0.216328055,
        0.237706274
      ],
      [
        0.164955467,
        0.307636857,
        -0.9370962
      ],
      [
        -0.2758474,
        0.9265861,
        0.255629569
      ]
    ],
    "translation": [
      1.94827437,
      1.46025956,
      -0.791660547
    ]
  },
  {
    "timeStamp": 5241,
    "rotation": [
      [
        0.9496937,
        0.210708857,
        0.231697515
      ],
      [
        0.161248282,
        0.305241674,
        -0.9385236
      ],
      [
        -0.26847896,
        0.928670764,
        0.255909622
      ]
    ],
    "translation": [
      1.9548099,
      1.4583174,
      -0.791366339
    ]
  },
  {
    "timeStamp": 5285,
    "rotation": [
      [
        0.9518863,
        0.20716764,
        0.2258186
      ],
      [
        0.15723674,
        0.302322149,
        -0.9401478
      ],
      [
        -0.2630382,
        0.9304208,
        0.255201966
      ]
    ],
    "translation": [
      1.95947289,
      1.4569124,
      -0.7916783
    ]
  },
  {
    "timeStamp": 5341,
    "rotation": [
      [
        0.953971,
        0.203829482,
        0.219983652
      ],
      [
        0.152975127,
