[
  {
    "timeStamp": 99029,
    "rotation": [
      [
        0.999998331,
        0.00182944513,
        -3.40130828E-06
      ],
      [
        0.0,
        0.00185919891,
        0.9999983
      ],
      [
        0.00182944827,
        -0.9999966,
        0.00185919576
      ]
    ],
    "translation": [
      1.15399826,
      0.701624155,
      -0.490002751
    ]
  },
  {
    "timeStamp": 99085,
    "rotation": [
      [
        0.998777,
        -0.000920126156,
        0.04943514
      ],
      [
        -0.0494421534,
        -0.0106767444,
        0.998719931
      ],
      [
        -0.000391145964,
        -0.9999426,
        -0.0107091786
      ]
    ],
    "translation": [
      1.14692724,
      0.706679,
      -0.4887193
    ]
  },
  {
    "timeStamp": 99129,
    "rotation": [
      [
        0.9980386,
        -0.0198886823,
        0.05935864
      ],
      [
        -0.0597946756,
        -0.02209721,
        0.9979661
      ],
      [
        -0.0185365845,
        -0.999558032,
        -0.023243105
      ]
    ],
    "translation": [
      1.14627457,
      0.713204443,
      -0.48488915
    ]
  },
  {
    "timeStamp": 99184,
    "rotation": [
      [
        0.99617964,
        -0.0301250536,
        0.08196648
      ],
      [
        -0.082752496,
        -0.0258416776,
        0.996235
      ],
      [
        -0.0278934725,
        -0.999211967,
        -0.0282358788
      ]
    ],
    "translation": [
      1.14776015,
      0.7245396,
      -0.4842491
    ]
  },
  {
    "timeStamp": 99229,
    "rotation": [
      [
        0.992567062,
        -0.03493844,
        0.116575636
      ],
      [
        -0.117793255,
        -0.0350888073,
        0.992418
      ],
      [
        -0.0305830222,
        -0.9987733,
        -0.0389435068
      ]
    ],
    "translation": [
      1.14826262,
      0.743072867,
      -0.4845839
    ]
  },
  {
    "timeStamp": 99284,
    "rotation": [
      [
        0.978889,
        -0.065064,
        0.193760216
      ],
      [
        -0.196835861,
        -0.0447011329,
        0.9794169
      ],
      [
        -0.0550634861,
        -0.996879339,
        -0.0565643758
      ]
    ],
    "translation": [
      1.15504217,
      0.7811074,
      -0.485693842
    ]
  },
  {
    "timeStamp": 99329,
    "rotation": [
      [
        0.962910652,
        -0.08958282,
        0.254514962
      ],
      [
        -0.26034376,
        -0.0606723726,
        0.9636078
      ],
      [
        -0.0708806738,
        -0.9941296,
        -0.08174441
      ]
    ],
    "translation": [
      1.16519487,
      0.8165613,
      -0.48688522
    ]
  },
  {
    "timeStamp": 99385,
    "rotation": [
      [
        0.9418914,
        -0.124401309,
        0.312033564
      ],
      [
        -0.3228078,
        -0.07822806,
        0.9432261
      ],
      [
        -0.09292878,
        -0.989143431,
        -0.113840051
      ]
    ],
    "translation": [
      1.19212651,
      0.8583628,
      -0.492149919
    ]
  },
  {
    "timeStamp": 99429,
    "rotation": [
      [
        0.9190212,
        -0.16585286,
        0.357621282
      ],
      [
        -0.373592049,
        -0.0768984258,
        0.924400151
      ],
      [
        -0.1258139,
        -0.98314774,
        -0.1326326
      ]
    ],
    "translation": [
      1.21894062,
      0.891494036,
      -0.498166353
    ]
  },
  {
    "timeStamp": 99484,
    "rotation": [
      [
        0.8892415,
        -0.213961035,
        0.404314369
      ],
      [
        -0.431054354,
        -0.09610805,
        0.8971931
      ],
      [
        -0.1531065,
        -0.972102761,
        -0.1776921
      ]
    ],
    "translation": [
      1.26147223,
      0.930380344,
      -0.5071533
    ]
  },
  {
    "timeStamp": 99529,
    "rotation": [
      [
        0.861308634,
        -0.264492631,
        0.433809936
      ],
      [
        -0.473873556,
        -0.110187866,
        0.8736718
      ],
      [
        -0.183279186,
        -0.9580721,
        -0.220241845
      ]
    ],
    "translation": [
      1.30100143,
      0.9592652,
      -0.514274657
    ]
  },
  {
    "timeStamp": 99584,
    "rotation": [
      [
        0.8283779,
        -0.3380796,
        0.4466456
      ],
      [
        -0.512591,
        -0.135912925,
        0.8478079
      ],
      [
        -0.225921661,
        -0.931251764,
        -0.2858838
      ]
    ],
    "translation": [
      1.356913,
      0.9905143,
      -0.5227674
    ]
  },
  {
    "timeStamp": 99629,
    "rotation": [
      [
        0.8021772,
        -0.404751331,
        0.438962579
      ],
      [
        -0.5326484,
        -0.1528839,
        0.8324135
      ],
      [
        -0.26981014,
        -0.901555836,
        -0.3382301
      ]
    ],
    "translation": [
      1.40649831,
      1.01052773,
      -0.5285548
    ]
  },
  {
    "timeStamp": 99684,
    "rotation": [
      [
        0.76192224,
        -0.499324262,
        0.412492156
      ],
      [
        -0.5540139,
        -0.172577783,
        0.8144234
      ],
      [
        -0.335474372,
        -0.849053741,
        -0.408123463
      ]
    ],
    "translation": [
      1.47331154,
      1.0295378,
      -0.5377013
    ]
  },
  {
    "timeStamp": 99729,
    "rotation": [
      [
        0.728905,
        -0.5717683,
        0.37653482
      ],
      [
        -0.5636238,
        -0.188969418,
        0.8041261
      ],
      [
        -0.388620228,
        -0.7983556,
        -0.460002959
      ]
    ],
    "translation": [
      1.53027427,
      1.04092538,
      -0.544235647
    ]
  },
  {
    "timeStamp": 99784,
    "rotation": [
      [
        0.6831404,
        -0.665587246,
        0.3005209
      ],
      [
        -0.565743148,
        -0.222115964,
        0.7941027
      ],
      [
        -0.461794168,
        -0.7125013,
        -0.5282878
      ]
    ],
    "translation": [
      1.60370135,
      1.05195439,
      -0.5553743
    ]
  },
  {
    "timeStamp": 99829,
    "rotation": [
      [
        0.6375326,
        -0.73392415,
        0.234323591
      ],
      [
        -0.5698823,
        -0.244568348,
        0.7844874
      ],
      [
        -0.518446147,
        -0.6336732,
        -0.574170649
      ]
    ],
    "translation": [
      1.66597772,
      1.06012666,
      -0.5642939
    ]
  },
  {
    "timeStamp": 99884,
    "rotation": [
      [
        0.5788744,
        -0.8052725,
        0.128220782
      ],
      [
        -0.5691203,
        -0.286388338,
        0.7707683
      ],
      [
        -0.5839576,
        -0.5191511,
        -0.6240798
      ]
    ],
    "translation": [
      1.741891,
      1.0684886,
      -0.5804716
    ]
  },
  {
    "timeStamp": 99929,
    "rotation": [
      [
        0.529760361,
        -0.84731555,
        0.037554834
      ],
      [
        -0.5621455,
        -0.317620635,
        0.763616145
      ],
      [
        -0.635095656,
        -0.425644875,
        -0.6445774
      ]
    ],
    "translation": [
      1.80454206,
      1.07250249,
      -0.5948433
    ]
  },
  {
    "timeStamp": 99984,
    "rotation": [
      [
        0.448202282,
        -0.8928819,
        -0.0433206037
      ],
      [
        -0.567846358,
        -0.321801543,
        0.7576241
      ],
      [
        -0.6904094,
        -0.3149694,
        -0.6512519
      ]
    ],
    "translation": [
      1.873867,
      1.07436371,
      -0.616230667
    ]
  },
  {
    "timeStamp": 100029,
    "rotation": [
      [
        0.396636844,
        -0.9111103,
        -0.112059541
      ],
      [
        -0.5578598,
        -0.336181372,
        0.758798063
      ],
      [
        -0.729021,
        -0.238453746,
        -0.6416137
      ]
    ],
    "translation": [
      1.929125,
      1.07104611,
      -0.633040845
    ]
  },
  {
    "timeStamp": 100084,
    "rotation": [
      [
        0.317445129,
        -0.934072435,
        -0.163515329
      ],
      [
        -0.5513812,
        -0.322104216,
        0.769563258
      ],
      [
        -0.771496832,
        -0.154134825,
        -0.617280364
      ]
    ],
    "translation": [
      1.98998415,
      1.06152427,
      -0.6516779
    ]
  },
  {
    "timeStamp": 100129,
    "rotation": [
      [
        0.252791971,
        -0.9447567,
        -0.208640814
      ],
      [
        -0.535663247,
        -0.316242933,
        0.7829785
      ],
      [
        -0.805705369,
        -0.08616947,
        -0.5860151
      ]
    ],
    "translation": [
      2.03805184,
      1.05007613,
      -0.6655633
    ]
  },
  {
    "timeStamp": 100184,
    "rotation": [
      [
        0.218551248,
        -0.945398033,
        -0.241780639
      ],
      [
        -0.4925386,
        -0.320765,
        0.8090213
      ],
      [
        -0.8424019,
        -0.0577262938,
        -0.535748661
      ]
    ],
    "translation": [
      2.08470726,
      1.03221571,
      -0.6765741
    ]
  },
  {
    "timeStamp": 100229,
    "rotation": [
      [
        0.18568331,
        -0.9571362,
        -0.222287908
      ],
      [
        -0.455952138,
        -0.284320265,
        0.843368053
      ],
      [
        -0.8704191,
        -0.05524674,
        -0.4892018
      ]
    ],
    "translation": [
      2.11212063,
      1.01208234,
      -0.684774041
    ]
  },
  {
    "timeStamp": 100284,
    "rotation": [
      [
        0.146669284,
        -0.9763072,
        -0.159098357
      ],
      [
        -0.3985384,
        -0.205529153,
        0.893826
      ],
      [
        -0.9053481,
        -0.06769002,
        -0.419240773
      ]
    ],
    "translation": [
      2.13610888,
      0.982319832,
      -0.6916141
    ]
  },
  {
    "timeStamp": 100329,
    "rotation": [
      [
        0.156989932,
        -0.9748314,
        -0.1582966
      ],
      [
        -0.336010844,
        -0.203443974,
        0.919623435
      ],
      [
        -0.9286823,
        -0.09118225,
        -0.35949257
      ]
    ],
    "translation": [
      2.15060925,
      0.957818568,
      -0.698861957
    ]
  },
  {
    "timeStamp": 100384,
    "rotation": [
      [
        0.173398837,
        -0.980160832,
        -0.09600794
      ],
      [
        -0.246468171,
        -0.13757056,
        0.9593372
      ],
      [
        -0.9535126,
        -0.142685056,
        -0.265433043
      ]
    ],
    "translation": [
      2.15609312,
      0.921391845,
      -0.705701768
    ]
  },
  {
    "timeStamp": 100434,
    "rotation": [
      [
        0.172737211,
        -0.9834259,
        -0.05509351
      ],
      [
        -0.1952239,
        -0.0890081152,
        0.9767114
      ],
      [
        -0.9654271,
        -0.15795882,
        -0.207363278
      ]
    ],
    "translation": [
      2.15767956,
      0.8919354,
      -0.710924864
    ]
  },
  {
    "timeStamp": 100479,
    "rotation": [
      [
        0.189714745,
        -0.9817168,
        -0.0155037269
      ],
      [
        -0.15351285,
        -0.04525494,
        0.98710984
      ],
      [
        -0.969763935,
        -0.184889272,
        -0.159291685
      ]
    ],
    "translation": [
      2.1532793,
      0.868851662,
      -0.7150441
    ]
  },
  {
    "timeStamp": 100534,
    "rotation": [
      [
        0.192309111,
        -0.9813072,
        -0.00730542047
      ],
      [
        -0.107702792,
        -0.0285050068,
        0.9937744
      ],
      [
        -0.9754062,
        -0.190325066,
        -0.1111713
      ]
    ],
    "translation": [
      2.15230751,
      0.8454707,
      -0.7167533
    ]
  },
  {
    "timeStamp": 100579,
    "rotation": [
      [
        0.2021742,
        -0.979303539,
        -0.009498736
      ],
      [
        -0.08152167,
        -0.0264936779,
        0.996319354
      ],
      [
        -0.9759507,
        -0.200655714,
        -0.08519079
      ]
    ],
    "translation": [
      2.15192556,
      0.8320763,
      -0.7171164
    ]
  },
  {
    "timeStamp": 100634,
    "rotation": [
      [
        0.196030989,
        -0.9805445,
        0.0102055864
      ],
      [
        -0.0557953231,
        -0.000762767158,
        0.998441935
      ],
      [
        -0.979009,
        -0.196294978,
        -0.05485933
      ]
    ],
    "translation": [
      2.1485734,
      0.817715,
      -0.7167936
    ]
  },
  {
    "timeStamp": 100679,
    "rotation": [
      [
        0.209764123,
        -0.977494061,
        -0.0224592611
      ],
      [
        -0.03975477,
        -0.0314779319,
        0.9987135
      ],
      [
        -0.9769435,
        -0.20860137,
        -0.045462992
      ]
    ],
    "translation": [
      2.15104246,
      0.8113878,
      -0.7148945
    ]
  },
  {
    "timeStamp": 100734,
    "rotation": [
      [
        0.194081083,
        -0.9803562,
        -0.0351305529
      ],
      [
        -0.0421010442,
        -0.04410255,
        0.9981395
      ],
      [
        -0.9800816,
        -0.192240968,
        -0.0498334952
      ]
    ],
    "translation": [
      2.154096,
      0.8058789,
      -0.710437357
    ]
  },
  {
    "timeStamp": 100779,
    "rotation": [
      [
        0.190320119,
        -0.980051756,
        -0.0572433248
      ],
      [
        -0.0448973179,
        -0.06693722,
        0.99674654
      ],
      [
        -0.9806949,
        -0.187130854,
        -0.0567411967
      ]
    ],
    "translation": [
      2.1576612,
      0.802052855,
      -0.7061497
    ]
  },
  {
    "timeStamp": 100836,
    "rotation": [
      [
        0.175479159,
        -0.9832153,
        -0.0499484874
      ],
      [
        -0.04113595,
        -0.05801427,
        0.9974679
      ],
      [
        -0.9836233,
        -0.172980145,
        -0.0506257825
      ]
    ],
    "translation": [
      2.15819573,
      0.7949433,
      -0.7037303
    ]
  },
  {
    "timeStamp": 100881,
    "rotation": [
      [
        0.1641079,
        -0.9844877,
        -0.06206959
      ],
      [
        -0.0419580564,
        -0.069832176,
        0.996675968
      ],
      [
        -0.9855497,
        -0.160958081,
        -0.0527672
      ]
    ],
    "translation": [
      2.16103077,
      0.7919413,
      -0.7007544
    ]
  },
  {
    "timeStamp": 100938,
    "rotation": [
      [
        0.150990248,
        -0.986800849,
        -0.0585324541
      ],
      [
        -0.0530412234,
        -0.06721338,
        0.996327758
      ],
      [
        -0.9871113,
        -0.147331148,
        -0.06248969
      ]
    ],
    "translation": [
      2.16220045,
      0.7896515,
      -0.6967972
    ]
  },
  {
    "timeStamp": 100983,
    "rotation": [
      [
        0.147445619,
        -0.9876076,
        -0.05376863
      ],
      [
        -0.05019582,
        -0.0617646277,
        0.9968277
      ],
      [
        -0.987795651,
        -0.144278914,
        -0.0586807
      ]
    ],
    "translation": [
      2.16211748,
      0.7867748,
      -0.6957252
    ]
  },
  {
    "timeStamp": 101028,
    "rotation": [
      [
        0.141208351,
        -0.9884269,
        -0.0554291345
      ],
      [
        -0.0498584956,
        -0.06301965,
        0.9967661
      ],
      [
        -0.9887236,
        -0.137988076,
        -0.05818038
      ]
    ],
    "translation": [
      2.1632297,
      0.7850958,
      -0.6947121
    ]
  },
  {
    "timeStamp": 101084,
    "rotation": [
      [
        0.1369328,
        -0.9893175,
        -0.050003916
      ],
      [
        -0.0503683947,
        -0.0573679134,
        0.9970817
      ],
      [
        -0.989299,
        -0.134014562,
        -0.0576858781
      ]
    ],
    "translation": [
      2.163731,
      0.7826909,
      -0.693227351
    ]
  },
  {
    "timeStamp": 101128,
    "rotation": [
      [
        0.134072274,
        -0.989606142,
        -0.0520021878
      ],
      [
        -0.0513998233,
        -0.05934982,
        0.9969131
      ],
      [
        -0.9896376,
        -0.1309855,
        -0.0588227473
      ]
    ],
    "translation": [
      2.16496062,
      0.7810163,
      -0.6920949
    ]
  },
  {
    "timeStamp": 101184,
    "rotation": [
      [
        0.136088729,
        -0.98945117,
        -0.0496609919
      ],
      [
        -0.05174783,
        -0.0571584068,
        0.9970231
      ],
      [
        -0.989344239,
        -0.133113757,
        -0.0589805655
      ]
    ],
    "translation": [
      2.16528058,
      0.778032541,
      -0.690172136
    ]
  },
  {
    "timeStamp": 101228,
    "rotation": [
      [
        0.134711057,
        -0.9893552,
        -0.0550378077
      ],
      [
        -0.0472222269,
        -0.06189095,
        0.99696517
      ],
      [
        -0.989759,
        -0.131703213,
        -0.0550569557
      ]
    ],
    "translation": [
      2.16730928,
      0.7749894,
      -0.6894351
    ]
  },
  {
    "timeStamp": 101284,
    "rotation": [
      [
        0.126316264,
        -0.990708,
        -0.0504165776
      ],
      [
        -0.0468082279,
        -0.0567197427,
        0.9972923
      ],
      [
        -0.990885,
        -0.123614341,
        -0.0535379127
      ]
    ],
    "translation": [
      2.16878557,
      0.771715939,
      -0.6888813
    ]
  },
  {
    "timeStamp": 101328,
    "rotation": [
      [
        0.127172813,
        -0.9905738,
        -0.0508981869
      ],
      [
        -0.0428524837,
        -0.0567539632,
        0.9974681
      ],
      [
        -0.990954459,
        -0.1246697,
        -0.0496661067
      ]
    ],
    "translation": [
      2.16944027,
      0.7698328,
      -0.6887207
    ]
  },
  {
    "timeStamp": 101383,
    "rotation": [
      [
        0.123512805,
        -0.991007566,
        -0.05146487
      ],
      [
        -0.0349311531,
        -0.0561717264,
        0.9978099
      ],
      [
        -0.991728,
        -0.121444575,
        -0.0415549651
      ]
    ],
    "translation": [
      2.169971,
      0.767181933,
      -0.6895735
    ]
  }
]