[
  {
    "timeStamp": 104383,
    "rotation": [
      [
        1.0,
        -1.8544614E-06,
        2.21142312E-14
      ],
      [
        0.0,
        1.19248806E-08,
        1.0
      ],
      [
        -1.8544614E-06,
        -1.0,
        1.19248806E-08
      ]
    ],
    "translation": [
      1.30800045,
      0.702113,
      -0.3599996
    ]
  },
  {
    "timeStamp": 104438,
    "rotation": [
      [
        0.999956548,
        0.009324229,
        -1.43967209E-05
      ],
      [
        0.0,
        0.00154401,
        0.9999988
      ],
      [
        0.0093242405,
        -0.999955356,
        0.001543943
      ]
    ],
    "translation": [
      1.30697608,
      0.702138662,
      -0.3602809
    ]
  },
  {
    "timeStamp": 104482,
    "rotation": [
      [
        0.999970257,
        0.007253681,
        0.002626288
      ],
      [
        -0.002534158,
        -0.0126812235,
        0.9999164
      ],
      [
        0.00728638051,
        -0.999893248,
        -0.0126624648
      ]
    ],
    "translation": [
      1.30527258,
      0.704384148,
      -0.35852617
    ]
  },
  {
    "timeStamp": 104540,
    "rotation": [
      [
        0.9998361,
        0.00538477441,
        0.0172842015
      ],
      [
        -0.01716514,
        -0.0214234553,
        0.9996231
      ],
      [
        0.00575303845,
        -0.999756,
        -0.0213275123
      ]
    ],
    "translation": [
      1.30383813,
      0.7135491,
      -0.358314
    ]
  },
  {
    "timeStamp": 104582,
    "rotation": [
      [
        0.9991014,
        -8.21837748E-05,
        0.042383898
      ],
      [
        -0.04236481,
        -0.03200737,
        0.9985894
      ],
      [
        0.001274514,
        -0.999487638,
        -0.03198209
      ]
    ],
    "translation": [
      1.30326939,
      0.726773739,
      -0.3591323
    ]
  },
  {
    "timeStamp": 104638,
    "rotation": [
      [
        0.9963016,
        -0.0159742981,
        0.08442715
      ],
      [
        -0.08521387,
        -0.0575298145,
        0.994700432
      ],
      [
        -0.0110325785,
        -0.998216,
        -0.05867828
      ]
    ],
    "translation": [
      1.30607641,
      0.7537788,
      -0.35989207
    ]
  },
  {
    "timeStamp": 104684,
    "rotation": [
      [
        0.9931831,
        -0.0220952444,
        0.114452265
      ],
      [
        -0.115926884,
        -0.0845888,
        0.9896493
      ],
      [
        -0.01218518,
        -0.996171,
        -0.08657359
      ]
    ],
    "translation": [
      1.31150627,
      0.7799404,
      -0.362928867
    ]
  },
  {
    "timeStamp": 104736,
    "rotation": [
      [
        0.988471031,
        -0.0237208866,
        0.1495406
      ],
      [
        -0.1513047,
        -0.117875151,
        0.9814338
      ],
      [
        -0.00565335155,
        -0.9927451,
        -0.120105244
      ]
    ],
    "translation": [
      1.32286453,
      0.814575,
      -0.373433471
    ]
  },
  {
    "timeStamp": 104781,
    "rotation": [
      [
        0.98604995,
        -0.02112418,
        0.165103823
      ],
      [
        -0.166399121,
        -0.149552792,
        0.9746514
      ],
      [
        0.00410300074,
        -0.9885281,
        -0.150981575
      ]
    ],
    "translation": [
      1.33650327,
      0.841706,
      -0.385834217
    ]
  },
  {
    "timeStamp": 104837,
    "rotation": [
      [
        0.9829496,
        -0.000678286,
        0.183873877
      ],
      [
        -0.180548042,
        -0.192929089,
        0.9644588
      ],
      [
        0.03482041,
        -0.981212437,
        -0.189762041
      ]
    ],
    "translation": [
      1.35647893,
      0.87415427,
      -0.40767616
    ]
  },
  {
    "timeStamp": 104881,
    "rotation": [
      [
        0.983174264,
        0.0254099779,
        0.180894271
      ],
      [
        -0.170901656,
        -0.221743613,
        0.960011661
      ],
      [
        0.0645060241,
        -0.9747739,
        -0.21367
      ]
    ],
    "translation": [
      1.37584174,
      0.893582,
      -0.430091739
    ]
  },
  {
    "timeStamp": 104936,
    "rotation": [
      [
        0.984051764,
        0.03991298,
        0.173346788
      ],
      [
        -0.158465117,
        -0.2460316,
        0.9562203
      ],
      [
        0.08081436,
        -0.9684397,
        -0.235783011
      ]
    ],
    "translation": [
      1.40592432,
      0.9106762,
      -0.4589384
    ]
  },
  {
    "timeStamp": 104981,
    "rotation": [
      [
        0.985495865,
        0.0401082225,
        0.164891362
      ],
      [
        -0.150043532,
        -0.247981369,
        0.9570748
      ],
      [
        0.07927654,
        -0.967934132,
        -0.238366634
      ]
    ],
    "translation": [
      1.433954,
      0.916997135,
      -0.4821707
    ]
  },
  {
    "timeStamp": 105036,
    "rotation": [
      [
        0.9889575,
        0.02853053,
        0.145426989
      ],
      [
        -0.134333342,
        -0.241863444,
        0.9609665
      ],
      [
        0.06259034,
        -0.9698908,
        -0.235360086
      ]
    ],
    "translation": [
      1.47156513,
      0.919685662,
      -0.511224866
    ]
  },
  {
    "timeStamp": 105081,
    "rotation": [
      [
        0.9917182,
        0.0053474023,
        0.1283219
      ],
      [
        -0.123387247,
        -0.237641737,
        0.9634843
      ],
      [
        0.0356467851,
        -0.971338153,
        -0.235013828
      ]
    ],
    "translation": [
      1.50352526,
      0.9206658,
      -0.53251034
    ]
  },
  {
    "timeStamp": 105137,
    "rotation": [
      [
        0.993707955,
        -0.0470492877,
        0.101640791
      ],
      [
        -0.109939866,
        -0.23640044,
        0.965416
      ],
      [
        -0.0213942174,
        -0.9705159,
        -0.240085587
      ]
    ],
    "translation": [
      1.54713273,
      0.9233803,
      -0.554736733
    ]
  },
  {
    "timeStamp": 105182,
    "rotation": [
      [
        0.992072761,
        -0.0957794338,
        0.08135101
      ],
      [
        -0.102309823,
        -0.23971118,
        0.965438366
      ],
      [
        -0.0729683861,
        -0.9661081,
        -0.2476101
      ]
    ],
    "translation": [
      1.583267,
      0.9286096,
      -0.5696314
    ]
  },
  {
    "timeStamp": 105237,
    "rotation": [
      [
        0.981541932,
        -0.176860958,
        0.072771
      ],
      [
        -0.115719222,
        -0.246285811,
        0.9622642
      ],
      [
        -0.1522645,
        -0.952923656,
        -0.262206078
      ]
    ],
    "translation": [
      1.62984049,
      0.9401857,
      -0.5845802
    ]
  },
  {
    "timeStamp": 105282,
    "rotation": [
      [
        0.9701062,
        -0.237798378,
        0.0484340861
      ],
      [
        -0.111770086,
        -0.260655582,
        0.9589401
      ],
      [
        -0.215409771,
        -0.9356872,
        -0.27944234
      ]
    ],
    "translation": [
      1.66915894,
      0.948815465,
      -0.594641566
    ]
  },
  {
    "timeStamp": 105338,
    "rotation": [
      [
        0.951932,
        -0.3060781,
        0.0118982047
      ],
      [
        -0.104781061,
        -0.288886964,
        0.951611936
      ],
      [
        -0.287830353,
        -0.9071166,
        -0.307071954
      ]
    ],
    "translation": [
      1.71971226,
      0.960421145,
      -0.605308
    ]
  },
  {
    "timeStamp": 105382,
    "rotation": [
      [
        0.9336823,
        -0.357586324,
        -0.0192167424
      ],
      [
        -0.09960739,
        -0.31087777,
        0.94521606
      ],
      [
        -0.3439704,
        -0.88061744,
        -0.325879335
      ]
    ],
    "translation": [
      1.7604475,
      0.9691498,
      -0.61346513
    ]
  },
  {
    "timeStamp": 105437,
    "rotation": [
      [
        0.9113372,
        -0.407516241,
        -0.05826675
      ],
      [
        -0.08943929,
        -0.334167629,
        0.938260436
      ],
      [
        -0.401827216,
        -0.8498603,
        -0.340987355
      ]
    ],
    "translation": [
      1.81049335,
      0.977201,
      -0.6238017
    ]
  },
  {
    "timeStamp": 105482,
    "rotation": [
      [
        0.895922363,
        -0.431639,
        -0.1049332
      ],
      [
        -0.06719615,
        -0.3651969,
        0.928501964
      ],
      [
        -0.439098924,
        -0.824814558,
        -0.356192529
      ]
    ],
    "translation": [
      1.85035336,
      0.983422,
      -0.6313335
    ]
  },
  {
    "timeStamp": 105537,
    "rotation": [
      [
        0.869693041,
        -0.471467167,
        -0.14612563
      ],
      [
        -0.0606857948,
        -0.395931929,
        0.9162724
      ],
      [
        -0.489848167,
        -0.788008,
        -0.372950584
      ]
    ],
    "translation": [
      1.90151143,
      0.9925965,
      -0.6384774
    ]
  },
  {
    "timeStamp": 105582,
    "rotation": [
      [
        0.8468583,
        -0.509988964,
        -0.150805146
      ],
      [
        -0.08181656,
        -0.405124784,
        0.9105932
      ],
      [
        -0.525487363,
        -0.7588051,
        -0.384808868
      ]
    ],
    "translation": [
      1.94024253,
      1.000441,
      -0.6435403
    ]
  },
  {
    "timeStamp": 105637,
    "rotation": [
      [
        0.833364367,
        -0.5196473,
        -0.188336015
      ],
      [
        -0.0599878766,
        -0.423762351,
        0.903784752
      ],
      [
        -0.54945904,
        -0.7418841,
        -0.384321
      ]
    ],
    "translation": [
      1.98845363,
      1.00387454,
      -0.6505867
    ]
  },
  {
    "timeStamp": 105681,
    "rotation": [
      [
        0.846339,
        -0.496604443,
        -0.192599
      ],
      [
        -0.04385157,
        -0.425325334,
        0.9039775
      ],
      [
        -0.5308365,
        -0.7566256,
        -0.3817463
      ]
    ],
    "translation": [
      2.01913428,
      1.00313091,
      -0.658992767
    ]
  },
  {
    "timeStamp": 105737,
    "rotation": [
      [
        0.8808398,
        -0.440861464,
        -0.172517911
      ],
      [
        -0.026570091,
        -0.4098749,
        0.9117547
      ],
      [
        -0.47266826,
        -0.798526049,
        -0.372747838
      ]
    ],
    "translation": [
      2.04816723,
      1.00011313,
      -0.6729967
    ]
  },
  {
    "timeStamp": 105793,
    "rotation": [
      [
        0.8971653,
        -0.381242335,
        -0.223044366
      ],
      [
        0.046386376,
        -0.420857251,
        0.9059401
      ],
      [
        -0.439252555,
        -0.82312423,
        -0.359894067
      ]
    ],
    "translation": [
      2.07751775,
      0.9912464,
      -0.6859211
    ]
  },
  {
    "timeStamp": 105832,
    "rotation": [
      [
        0.9355833,
        -0.2906619,
        -0.200498223
      ],
      [
        0.0972526446,
        -0.333741933,
        0.937634349
      ],
      [
        -0.3394493,
        -0.896734,
        -0.28397575
      ]
    ],
    "translation": [
      2.096762,
      0.9696648,
      -0.705785453
    ]
  },
  {
    "timeStamp": 105887,
    "rotation": [
      [
        0.9436962,
        -0.163860008,
        -0.2873801
      ],
      [
        0.232657462,
        -0.288824737,
        0.928682268
      ],
      [
        -0.23517637,
        -0.943255067,
        -0.234439582
      ]
    ],
    "translation": [
      2.12072563,
      0.944279,
      -0.72636193
    ]
  },
  {
    "timeStamp": 105932,
    "rotation": [
      [
        0.9556184,
        -0.116372988,
        -0.270648956
      ],
      [
        0.235597536,
        -0.249703273,
        0.9392242
      ],
      [
        -0.176882267,
        -0.9613041,
        -0.211203843
      ]
    ],
    "translation": [
      2.13083553,
      0.932042837,
      -0.737553954
    ]
  },
  {
    "timeStamp": 105987,
    "rotation": [
      [
        0.9563207,
        -0.0401929,
        -0.289543331
      ],
      [
        0.276098758,
        -0.20117,
        0.9398405
      ],
      [
        -0.09602232,
        -0.978731453,
        -0.181285828
      ]
    ],
    "translation": [
      2.13954616,
      0.9157246,
      -0.748819947
    ]
  },
  {
    "timeStamp": 106032,
    "rotation": [
      [
        0.9434445,
        0.0206862446,
        -0.330884367
      ],
      [
        0.329368919,
        -0.172265,
        0.928353846
      ],
      [
        -0.037795648,
        -0.98483336,
        -0.169335872
      ]
    ],
    "translation": [
      2.14964914,
      0.900125742,
      -0.7565565
    ]
  },
  {
    "timeStamp": 106087,
    "rotation": [
      [
        0.9522881,
        0.0215107109,
        -0.304441482
      ],
      [
        0.3039718,
        -0.156264588,
        0.9397779
      ],
      [
        -0.0273581315,
        -0.987480938,
        -0.155347571
      ]
    ],
    "translation": [
      2.15316248,
      0.8889561,
      -0.7592131
    ]
  },
  {
    "timeStamp": 106132,
    "rotation": [
      [
        0.952528954,
        0.029758703,
        -0.302990139
      ],
      [
        0.3040734,
        -0.142348215,
        0.9419535
      ],
      [
        -0.01509879,
        -0.9893692,
        -0.144639626
      ]
    ],
    "translation": [
      2.15525174,
      0.879142046,
      -0.7616407
    ]
  },
  {
    "timeStamp": 106187,
    "rotation": [
      [
        0.9632707,
        0.008156606,
        -0.268408149
      ],
      [
        0.2668196,
        -0.14177537,
        0.953261256
      ],
      [
        -0.030278299,
        -0.9898652,
        -0.138744414
      ]
    ],
    "translation": [
      2.15325356,
      0.871807635,
      -0.7619405
    ]
  },
  {
    "timeStamp": 106232,
    "rotation": [
      [
        0.970317066,
        -0.0271652658,
        -0.2403057
      ],
      [
        0.23352766,
        -0.152975082,
        0.9602414
      ],
      [
        -0.0628459752,
        -0.9878566,
        -0.142090484
      ]
    ],
    "translation": [
      2.15218639,
      0.8665941,
      -0.75852555
    ]
  },
  {
    "timeStamp": 106288,
    "rotation": [
      [
        0.974043846,
        -0.0522356257,
        -0.220249876
      ],
      [
        0.209840655,
        -0.156508312,
        0.965128
      ],
      [
        -0.08488499,
        -0.9862944,
        -0.1414848
      ]
    ],
    "translation": [
      2.148642,
      0.858602345,
      -0.756624937
    ]
  },
  {
    "timeStamp": 106334,
    "rotation": [
      [
        0.973497748,
        -0.0676739,
        -0.218454733
      ],
      [
        0.205604285,
        -0.159304008,
        0.965582252
      ],
      [
        -0.100145444,
        -0.9849074,
        -0.141168043
      ]
    ],
    "translation": [
      2.14664435,
      0.8507871,
      -0.756261
    ]
  },
  {
    "timeStamp": 106380,
    "rotation": [
      [
        0.970251739,
        -0.09492167,
        -0.222713828
      ],
      [
        0.2049584,
        -0.167570382,
        0.9643196
      ],
      [
        -0.12885505,
        -0.9812798,
        -0.143130481
      ]
    ],
    "translation": [
      2.14692116,
      0.843799531,
      -0.754154444
    ]
  },
  {
    "timeStamp": 106437,
    "rotation": [
      [
        0.9690668,
        -0.123437338,
        -0.213711828
      ],
      [
        0.19056493,
        -0.1760064,
        0.965767443
      ],
      [
        -0.1568264,
        -0.9766191,
        -0.147039145
      ]
    ],
    "translation": [
      2.14438176,
      0.837613046,
      -0.7528569
    ]
  },
  {
    "timeStamp": 106481,
    "rotation": [
      [
        0.963835537,
        -0.1589288,
        -0.213922068
      ],
      [
        0.183341488,
        -0.187126413,
        0.9650749
      ],
      [
        -0.193408683,
        -0.9693943,
        -0.151220843
      ]
    ],
    "translation": [
      2.144904,
      0.8337502,
      -0.750005364
    ]
  },
  {
    "timeStamp": 106537,
    "rotation": [
      [
        0.9612646,
        -0.175252974,
        -0.2127362
      ],
      [
        0.177640453,
        -0.196225941,
        0.9643336
      ],
      [
        -0.210746676,
        -0.9647703,
        -0.157493055
      ]
    ],
    "translation": [
      2.14194536,
      0.8277988,
      -0.748657763
    ]
  },
  {
    "timeStamp": 106582,
    "rotation": [
      [
        0.9594308,
        -0.192116767,
        -0.206358165
      ],
      [
        0.168206915,
        -0.197360545,
        0.965792537
      ],
      [
        -0.226271912,
        -0.961322,
        -0.15703842
      ]
    ],
    "translation": [
      2.13950825,
      0.8224927,
      -0.748116434
    ]
  },
  {
    "timeStamp": 106637,
    "rotation": [
      [
        0.9562051,
        -0.208172992,
        -0.205756575
      ],
      [
        0.164009959,
        -0.201168582,
        0.9657287
      ],
      [
        -0.2424304,
        -0.957180858,
        -0.15821597
      ]
    ],
    "translation": [
      2.13746357,
      0.815899134,
      -0.7471945
    ]
  },
  {
    "timeStamp": 106681,
    "rotation": [
      [
        0.9583477,
        -0.210707173,
        -0.192800984
      ],
      [
        0.152376592,
        -0.193741411,
        0.969146848
      ],
      [
        -0.241559744,
        -0.958157957,
        -0.153564781
      ]
    ],
    "translation": [
      2.133794,
      0.81052196,
      -0.7490604
    ]
  },
  {
    "timeStamp": 106737,
    "rotation": [
      [
        0.958445,
        -0.227912426,
        -0.1715783
      ],
      [
        0.132558137,
        -0.176769957,
        0.975284934
      ],
      [
        -0.252609462,
        -0.957501054,
        -0.139212638
      ]
    ],
    "translation": [
      2.13193274,
      0.8055505,
      -0.751376152
    ]
  },
  {
    "timeStamp": 106781,
    "rotation": [
      [
        0.95678407,
        -0.2455101,
        -0.155849248
      ],
      [
        0.116277918,
        -0.168231681,
        0.978865445
      ],
      [
        -0.2665401,
        -0.954684734,
        -0.132413983
      ]
    ],
    "translation": [
      2.13116026,
      0.8043371,
      -0.7525808
    ]
  },
  {
    "timeStamp": 106837,
    "rotation": [
      [
        0.955927253,
        -0.257457048,
        -0.1411344
      ],
      [
        0.106207892,
        -0.144919887,
        0.9837266
      ],
      [
        -0.273720562,
        -0.9553607,
        -0.111188896
      ]
    ],
    "translation": [
      2.13036871,
      0.8010471,
      -0.755244553
    ]
  },
  {
    "timeStamp": 106881,
    "rotation": [
      [
        0.9587092,
        -0.2263613,
        -0.1721549
      ],
      [
        0.138728634,
        -0.156192765,
        0.9779357
      ],
      [
        -0.248256147,
        -0.9614387,
        -0.118340641
      ]
    ],
    "translation": [
      2.13387561,
      0.795071542,
      -0.7586904
    ]
  },
  {
    "timeStamp": 106936,
    "rotation": [
      [
        0.959848762,
        -0.2256228,
        -0.166687325
      ],
      [
        0.137196809,
        -0.140714571,
        0.9804981
      ],
      [
        -0.244678035,
        -0.963998854,
        -0.104109988
      ]
    ],
    "translation": [
      2.13581443,
      0.7909119,
      -0.7619231
    ]
  },
  {
    "timeStamp": 106980,
    "rotation": [
      [
        0.958672941,
        -0.228986979,
        -0.168852508
      ],
      [
        0.1421504,
        -0.128591225,
        0.9814569
      ],
      [
        -0.246453777,
        -0.9648986,
        -0.09072634
      ]
    ],
    "translation": [
      2.138109,
      0.786806941,
      -0.763644636
    ]
  },
  {
    "timeStamp": 107035,
    "rotation": [
      [
        0.95464164,
        -0.2399924,
        -0.17624706
      ],
      [
        0.147879839,
        -0.131615192,
        0.980208635
      ],
      [
        -0.258439422,
        -0.9618114,
        -0.0901553
      ]
    ],
    "translation": [
      2.14013147,
      0.7846106,
      -0.7638779
    ]
  },
  {
    "timeStamp": 107079,
    "rotation": [
      [
        0.9528216,
        -0.256068558,
        -0.162972
      ],
      [
        0.136261329,
        -0.118920363,
        0.9835094
      ],
      [
        -0.271226525,
        -0.959315836,
        -0.0784176439
      ]
    ],
    "translation": [
      2.14004564,
      0.7823064,
      -0.7641482
    ]
  },
  {
    "timeStamp": 107135,
    "rotation": [
      [
        0.9427662,
        -0.291261375,
        -0.162353352
      ],
      [
        0.131190732,
        -0.1236392,
        0.983616948
      ],
      [
        -0.3065629,
        -0.9486201,
        -0.0783520639
      ]
    ],
    "translation": [
      2.14354658,
      0.7804429,
      -0.7620707
    ]
  },
  {
    "timeStamp": 107179,
    "rotation": [
      [
        0.946497858,
        -0.286850125,
        -0.14784722
      ],
      [
        0.118658327,
        -0.116699964,
        0.9860534
      ],
      [
        -0.3001033,
        -0.9508407,
        -0.07641911
      ]
    ],
    "translation": [
      2.14034367,
      0.7783604,
      -0.762761235
    ]
  },
  {
    "timeStamp": 107235,
    "rotation": [
      [
        0.9447431,
        -0.2841456,
        -0.1634678
      ],
      [
        0.137242168,
        -0.11001607,
        0.984409
      ],
      [
        -0.297699571,
        -0.9524483,
        -0.06494017
      ]
    ],
    "translation": [
      2.14228439,
      0.7711545,
      -0.76493
    ]
  },
  {
    "timeStamp": 107279,
    "rotation": [
      [
        0.942481935,
        -0.297380745,
        -0.152618632
      ],
      [
        0.12707977,
        -0.103517845,
        0.986475945
      ],
      [
        -0.3091577,
        -0.949130535,
        -0.0597726256
      ]
    ],
    "translation": [
      2.14303112,
      0.76831,
      -0.7644047
    ]
  },
  {
    "timeStamp": 107335,
    "rotation": [
      [
        0.947126865,
        -0.284528166,
        -0.148305252
      ],
      [
        0.1257999,
        -0.09591103,
        0.987408459
      ],
      [
        -0.295169652,
        -0.953857839,
        -0.0550463
      ]
    ],
    "translation": [
      2.14070487,
      0.765445948,
      -0.7656168
    ]
  },
  {
    "timeStamp": 107380,
    "rotation": [
      [
        0.951647937,
        -0.271474749,
        -0.143762648
      ],
      [
        0.124527782,
        -0.08689202,
        0.9884041
      ],
      [
        -0.280818552,
        -0.958515167,
        -0.0488844626
      ]
    ],
    "translation": [
      2.13760138,
      0.7625133,
      -0.7671239
    ]
  },
  {
    "timeStamp": 107436,
    "rotation": [
      [
        0.9537063,
        -0.260800272,
        -0.149758
      ],
      [
        0.1324093,
        -0.08297088,
        0.9877164
      ],
      [
        -0.270022243,
        -0.9618207,
        -0.044597473
      ]
    ],
    "translation": [
      2.13621855,
      0.7588336,
      -0.768237948
    ]
  },
  {
    "timeStamp": 107481,
    "rotation": [
      [
        0.954387963,
        -0.261245728,
        -0.1445485
      ],
      [
        0.128700435,
        -0.07688088,
        0.9886989
      ],
      [
        -0.269406378,
        -0.962205768,
        -0.03975175
      ]
    ],
    "translation": [
      2.135792,
      0.756630957,
      -0.768078148
    ]
  },
  {
    "timeStamp": 107536,
    "rotation": [
      [
        0.958288968,
        -0.248304024,
        -0.1415179
      ],
      [
        0.127732068,
        -0.07086371,
        0.9892739
      ],
      [
        -0.255669177,
        -0.9660866,
        -0.0361915268
      ]
    ],
    "translation": [
      2.13465357,
      0.7539429,
      -0.768219054
    ]
  },
  {
    "timeStamp": 107581,
    "rotation": [
      [
        0.9579466,
        -0.249149874,
        -0.142346874
      ],
      [
        0.129112452,
        -0.06876505,
        0.9892428
      ],
      [
        -0.256258219,
        -0.9660205,
        -0.0337049
      ]
    ],
    "translation": [
      2.13539481,
      0.75202924,
      -0.76686573
    ]
  },
  {
    "timeStamp": 107636,
    "rotation": [
      [
        0.958832145,
        -0.243852153,
        -0.145523086
      ],
      [
        0.131586716,
        -0.0725884959,
        0.9886434
      ],
      [
        -0.251646161,
        -0.967092037,
        -0.0375124775
      ]
    ],
    "translation": [
      2.13548875,
      0.7506154,
      -0.7653931
    ]
  },
  {
    "timeStamp": 107681,
    "rotation": [
      [
        0.9603685,
        -0.240619838,
        -0.140693188
      ],
      [
        0.127405137,
        -0.06999769,
        0.989377737
      ],
      [
        -0.247912079,
        -0.9680922,
        -0.03656737
      ]
    ],
    "translation": [
      2.13468957,
      0.7492487,
      -0.7648621
    ]
  },
  {
    "timeStamp": 107736,
    "rotation": [
      [
        0.961864948,
        -0.233709171,
        -0.142112255
      ],
      [
        0.12798737,
        -0.07461207,
        0.9889653
      ],
      [
        -0.241733536,
        -0.969439566,
        -0.04185491
      ]
    ],
    "translation": [
      2.13377118,
      0.7478231,
      -0.7634526
    ]
  },
  {
    "timeStamp": 107780,
    "rotation": [
      [
        0.9634408,
        -0.228163138,
        -0.1404402
      ],
      [
        0.129398033,
        -0.0627322,
        0.9896064
      ],
      [
        -0.23460184,
        -0.9715999,
        -0.0309148915
      ]
    ],
    "translation": [
      2.13278222,
      0.7448544,
      -0.7645314
    ]
  },
  {
    "timeStamp": 107836,
    "rotation": [
      [
        0.9653286,
        -0.221555412,
        -0.138036191
      ],
      [
        0.128040224,
        -0.0589342639,
        0.9900164
      ],
      [
        -0.227478549,
        -0.973365247,
        -0.0285229236
      ]
    ],
    "translation": [
      2.132053,
      0.742786944,
      -0.764996946
    ]
  },
  {
    "timeStamp": 107880,
    "rotation": [
      [
        0.9662142,
        -0.218477622,
        -0.136739373
      ],
      [
        0.12602669,
        -0.06230633,
        0.990068257
      ],
      [
        -0.224827513,
        -0.973850846,
        -0.03266725
      ]
    ],
    "translation": [
      2.1318202,
      0.7418983,
      -0.7645573
    ]
  },
  {
    "timeStamp": 107936,
    "rotation": [
      [
        0.9668241,
        -0.2144092,
        -0.1388514
      ],
      [
        0.129304454,
        -0.0579982959,
        0.9899073
      ],
      [
        -0.220298409,
        -0.9750204,
        -0.0283500869
      ]
    ],
    "translation": [
      2.132066,
      0.7400866,
      -0.764763653
    ]
  },
  {
    "timeStamp": 107981,
    "rotation": [
      [
        0.9677079,
        -0.2105703,
        -0.138570413
      ],
      [
        0.12926802,
        -0.0573860742,
        0.9899478
      ],
      [
        -0.2164056,
        -0.975892961,
        -0.0283129476
      ]
    ],
    "translation": [
      2.131709,
      0.740420341,
      -0.7651216
    ]
  }
]