[
  {
    "timeStamp": 8,
    "rotation": [
      [
        1.0,
        0.0,
        0.0
      ],
      [
        0.0,
        1.0,
        0.0
      ],
      [
        0.0,
        0.0,
        1.0
      ]
    ],
    "translation": [
      1.641,
      0.09720421,
      -1.411
    ]
  },
  {
    "timeStamp": 1697,
    "rotation": [
      [
        1.0,
        0.0,
        0.0
      ],
      [
        0.0,
        1.0,
        0.0
      ],
      [
        0.0,
        0.0,
        1.0
      ]
    ],
    "translation": [
      1.641,
      0.09720421,
      -1.411
    ]
  },
  {
    "timeStamp": 1699,
    "rotation": [
      [
        1.0,
        0.0,
        0.0
      ],
      [
        0.0,
        1.0,
        0.0
      ],
      [
        0.0,
        0.0,
        1.0
      ]
    ],
    "translation": [
      1.641,
      0.09720421,
      -1.411
    ]
  },
  {
    "timeStamp": 1803,
    "rotation": [
      [
        -0.2849011,
        0.406814873,
        0.8679476
      ],
      [
        0.34719786,
        0.887784541,
        -0.302146018
      ],
      [
        -0.893467963,
        0.2152678,
        -0.394176066
      ]
    ],
    "translation": [
      1.25839531,
      1.8884387,
      -1.62390828
    ]
  },
  {
    "timeStamp": 1805,
    "rotation": [
      [
        -0.2849011,
        0.406814873,
        0.8679476
      ],
      [
        0.34719786,
        0.887784541,
        -0.302146018
      ],
      [
        -0.893467963,
        0.2152678,
        -0.394176066
      ]
    ],
    "translation": [
      1.25839531,
      1.8884387,
      -1.62390828
    ]
  },
  {
    "timeStamp": 1839,
    "rotation": [
      [
        -0.5696015,
        0.298722327,
        0.7657149
      ],
      [
        0.08256365,
        0.947699249,
        -0.308300853
      ],
      [
        -0.8177637,
        -0.1123884,
        -0.5644745
      ]
    ],
    "translation": [
      1.15503371,
      1.83973169,
      -1.58761692
    ]
  },
  {
    "timeStamp": 1891,
    "rotation": [
      [
        -0.5550205,
        0.2879699,
        0.780400932
      ],
      [
        0.0775019154,
        0.9519869,
        -0.296166241
      ],
      [
        -0.8282184,
        -0.103895776,
        -0.5506905
      ]
    ],
    "translation": [
      1.15264261,
      1.83069015,
      -1.5909456
    ]
  },
  {
    "timeStamp": 2019,
    "rotation": [
      [
        -0.5520992,
        0.288976252,
        0.7820992
      ],
      [
        0.08337229,
        0.9524505,
        -0.293064862
      ],
      [
        -0.8295996,
        -0.09659549,
        -0.5499398
      ]
    ],
    "translation": [
      1.15393972,
      1.83104515,
      -1.59166563
    ]
  },
  {
    "timeStamp": 2020,
    "rotation": [
      [
        -0.5481639,
        0.287196338,
        0.7855155
      ],
      [
        0.0849422738,
        0.953455746,
        -0.289321721
      ],
      [
        -0.8320464,
        -0.09187225,
        -0.5470451
      ]
    ],
    "translation": [
      1.154414,
      1.82965946,
      -1.59253824
    ]
  },
  {
    "timeStamp": 2068,
    "rotation": [
      [
        -0.527653754,
        0.301200151,
        0.794266939
      ],
      [
        0.0550062433,
        0.945179,
        -0.3218865
      ],
      [
        -0.847676754,
        -0.126154974,
        -0.515295148
      ]
    ],
    "translation": [
      1.15588319,
      1.80682135,
      -1.59619772
    ]
  },
  {
    "timeStamp": 2112,
    "rotation": [
      [
        -0.5255842,
        0.290687531,
        0.7995386
      ],
      [
        0.0439724848,
        0.9478398,
        -0.315699518
      ],
      [
        -0.8496044,
        -0.130768985,
        -0.5109519
      ]
    ],
    "translation": [
      1.1518811,
      1.800626,
      -1.5941577
    ]
  },
  {
    "timeStamp": 2168,
    "rotation": [
      [
        -0.5277203,
        0.2943636,
        0.7967819
      ],
      [
        0.0545765571,
        0.947844565,
        -0.314025462
      ],
      [
        -0.847663045,
        -0.122231983,
        -0.5162622
      ]
    ],
    "translation": [
      1.149043,
      1.79794443,
      -1.59322381
    ]
  },
  {
    "timeStamp": 2212,
    "rotation": [
      [
        -0.5375532,
        0.2983102,
        0.788699865
      ],
      [
        0.04789158,
        0.9446231,
        -0.324643672
      ],
      [
        -0.8418687,
        -0.136741146,
        -0.5220717
      ]
    ],
    "translation": [
      1.14893746,
      1.79483962,
      -1.59030449
    ]
  },
  {
    "timeStamp": 2268,
    "rotation": [
      [
        -0.5354501,
        0.308432937,
        0.786233
      ],
      [
        0.0505298376,
        0.9409621,
        -0.334719479
      ],
      [
        -0.843053937,
        -0.139497355,
        -0.5194233
      ]
    ],
    "translation": [
      1.14832544,
      1.79216528,
      -1.58930838
    ]
  },
  {
    "timeStamp": 2312,
    "rotation": [
      [
        -0.5421725,
        0.292847633,
        0.7875845
      ],
      [
        0.0513728037,
        0.9471014,
        -0.3167959
      ],
      [
        -0.838695347,
        -0.131297588,
        -0.5285368
      ]
    ],
    "translation": [
      1.14417756,
      1.78666592,
      -1.58802176
    ]
  },
  {
    "timeStamp": 2368,
    "rotation": [
      [
        -0.5590341,
        0.289657056,
        0.776903868
      ],
      [
        0.04869518,
        0.946846664,
        -0.317978263
      ],
      [
        -0.827713549,
        -0.1399292,
        -0.5434244
      ]
    ],
    "translation": [
      1.137627,
      1.78004849,
      -1.58639121
    ]
  },
  {
    "timeStamp": 2412,
    "rotation": [
      [
        -0.5811878,
        0.289612472,
        0.7604902
      ],
      [
        0.04120301,
        0.9438019,
        -0.327933371
      ],
      [
        -0.8127257,
        -0.159256369,
        -0.560459
      ]
    ],
    "translation": [
      1.13208389,
      1.77454472,
      -1.58584166
    ]
  },
  {
    "timeStamp": 2468,
    "rotation": [
      [
        -0.591219842,
        0.291121334,
        0.7521353
      ],
      [
        0.03855726,
        0.941715956,
        -0.334192246
      ],
      [
        -0.805588245,
        -0.168580815,
        -0.567986
      ]
    ],
    "translation": [
      1.1263181,
      1.76889479,
      -1.58827138
    ]
  },
  {
    "timeStamp": 2512,
    "rotation": [
      [
        -0.609026253,
        0.280695826,
        0.7418199
      ],
      [
        0.03281842,
        0.9434005,
        -0.330027938
      ],
      [
        -0.7924708,
        -0.17665033,
        -0.583767653
      ]
    ],
    "translation": [
      1.11877441,
      1.76155233,
      -1.59203935
    ]
  },
  {
    "timeStamp": 2568,
    "rotation": [
      [
        -0.6238731,
        0.2745616,
        0.7317091
      ],
      [
        0.0106485607,
        0.93915683,
        -0.343323618
      ],
      [
        -0.781453133,
        -0.206398726,
        -0.588838339
      ]
    ],
    "translation": [
      1.11262918,
      1.75533283,
      -1.59590852
    ]
  },
  {
    "timeStamp": 2617,
    "rotation": [
      [
        -0.6440807,
        0.275513977,
        0.713619053
      ],
      [
        -0.0137626762,
        0.928562462,
        -0.370920867
      ],
      [
        -0.7648338,
        -0.248724267,
        -0.5942773
      ]
    ],
    "translation": [
      1.10466337,
      1.7476933,
      -1.59963846
    ]
  },
  {
    "timeStamp": 2661,
    "rotation": [
      [
        -0.653765559,
        0.2695819,
        0.7070475
      ],
      [
        -0.0311358087,
        0.9240114,
        -0.381095022
      ],
      [
        -0.7560563,
        -0.2711613,
        -0.595693231
      ]
    ],
    "translation": [
      1.09866154,
      1.74151874,
      -1.60201156
    ]
  },
  {
    "timeStamp": 2716,
    "rotation": [
      [
        -0.6733989,
        0.277394652,
        0.685263455
      ],
      [
        -0.02820077,
        0.9166212,
        -0.3987608
      ],
      [
        -0.7387412,
        -0.287850052,
        -0.609429061
      ]
    ],
    "translation": [
      1.09433627,
      1.73774672,
      -1.602403
    ]
  },
  {
    "timeStamp": 2760,
    "rotation": [
      [
        -0.673341155,
        0.2834793,
        0.6828259
      ],
      [
        -0.02160501,
        0.9156326,
        -0.4014353
      ],
      [
        -0.739016235,
        -0.285055339,
        -0.6104085
      ]
    ],
    "translation": [
      1.09338617,
      1.7366972,
      -1.6015029
    ]
  },
  {
    "timeStamp": 2816,
    "rotation": [
      [
        -0.6760852,
        0.293486267,
        0.675851
      ],
      [
        -0.00381145463,
        0.9158443,
        -0.401515424
      ],
      [
        -0.7368136,
        -0.2740346,
        -0.6180701
      ]
    ],
    "translation": [
      1.0908252,
      1.7359035,
      -1.60048664
    ]
  },
  {
    "timeStamp": 2860,
    "rotation": [
      [
        -0.6794701,
        0.282199174,
        0.6772621
      ],
      [
        -0.00124444067,
        0.9226291,
        -0.385686338
      ],
      [
        -0.7337021,
        -0.26290518,
        -0.626547754
      ]
    ],
    "translation": [
      1.09017324,
      1.73521972,
      -1.59936
    ]
  },
  {
    "timeStamp": 2922,
    "rotation": [
      [
        -0.6840735,
        0.2792183,
        0.673855
      ],
      [
        0.007453739,
        0.9264595,
        -0.37632063
      ],
      [
        -0.729375,
        -0.252408236,
        -0.6358476
      ]
    ],
    "translation": [
      1.08824313,
      1.73534226,
      -1.59797633
    ]
  },
  {
    "timeStamp": 2959,
    "rotation": [
      [
        -0.69119,
        0.275747269,
        0.6679968
      ],
      [
        0.0236991048,
        0.9324933,
        -0.360408753
      ],
      [
        -0.7222843,
        -0.23328,
        -0.651065052
      ]
    ],
    "translation": [
      1.08609736,
      1.73611856,
      -1.59664142
    ]
  },
  {
    "timeStamp": 3012,
    "rotation": [
      [
        -0.6956342,
        0.271106482,
        0.66527766
      ],
      [
        0.0351880677,
        0.9378064,
        -0.34537065
      ],
      [
        -0.7175339,
        -0.216841787,
        -0.661909938
      ]
    ],
    "translation": [
      1.08452725,
      1.73799062,
      -1.59484935
    ]
  },
  {
    "timeStamp": 3067,
    "rotation": [
      [
        -0.7045956,
        0.259949923,
        0.660280943
      ],
      [
        0.044921048,
        0.944958866,
        -0.32409057
      ],
      [
        -0.708185732,
        -0.198692292,
        -0.6774912
      ]
    ],
    "translation": [
      1.08416855,
      1.74051237,
      -1.594207
    ]
  },
  {
    "timeStamp": 3112,
    "rotation": [
      [
        -0.70735234,
        0.255129755,
        0.6592128
      ],
      [
        0.0566010252,
        0.95004046,
        -0.306952029
      ],
      [
        -0.7045914,
        -0.1798111,
        -0.6864539
      ]
    ],
    "translation": [
      1.08394587,
      1.74252737,
      -1.59399545
    ]
  },
  {
    "timeStamp": 3167,
    "rotation": [
      [
        -0.718943655,
        0.2491789,
        0.648868263
      ],
      [
        0.0647354051,
        0.953478336,
        -0.2944289
      ],
      [
        -0.6920473,
        -0.169673041,
        -0.7016279
      ]
    ],
    "translation": [
      1.082399,
      1.74366081,
      -1.592938
    ]
  },
  {
    "timeStamp": 3211,
    "rotation": [
      [
        -0.740784466,
        0.241972446,
        0.626647949
      ],
      [
        0.0660030246,
        0.95457387,
        -0.290572345
      ],
      [
        -0.668492258,
        -0.173890814,
        -0.7231044
      ]
    ],
    "translation": [
      1.08138955,
      1.7435118,
      -1.59143507
    ]
  },
  {
    "timeStamp": 3267,
    "rotation": [
      [
        -0.756002,
        0.24168916,
        0.6083151
      ],
      [
        0.06830721,
        0.9533921,
        -0.293900579
      ],
      [
        -0.6509954,
        -0.180637121,
        -0.737275541
      ]
    ],
    "translation": [
      1.08190513,
      1.74326062,
      -1.58920574
    ]
  },
  {
    "timeStamp": 3312,
    "rotation": [
      [
        -0.756620646,
        0.246935576,
        0.6054321
      ],
      [
        0.0674925745,
        0.9504931,
        -0.30332762
      ],
      [
        -0.6503614,
        -0.188641757,
        -0.735829
      ]
    ],
    "translation": [
      1.08420527,
      1.74305153,
      -1.58780646
    ]
  },
  {
    "timeStamp": 3369,
    "rotation": [
      [
        -0.7541234,
        0.259922564,
        0.603107154
      ],
      [
        0.0630522,
        0.9427581,
        -0.327462465
      ],
      [
        -0.653699,
        -0.208919868,
        -0.7273446
      ]
    ],
    "translation": [
      1.08753407,
      1.74064994,
      -1.58933437
    ]
  },
  {
    "timeStamp": 3414,
    "rotation": [
      [
        -0.757843554,
        0.288640618,
        0.585115135
      ],
      [
        0.06385656,
        0.92532444,
        -0.373760551
      ],
      [
        -0.649303854,
        -0.245888591,
        -0.7196828
      ]
    ],
    "translation": [
      1.09141326,
      1.73426306,
      -1.594943
    ]
  },
  {
    "timeStamp": 3459,
    "rotation": [
      [
        -0.758743048,
        0.3264987,
        0.5636555
      ],
      [
        0.07282296,
        0.9024043,
        -0.424691916
      ],
      [
        -0.6473065,
        -0.281184971,
        -0.7084696
      ]
    ],
    "translation": [
      1.094361,
      1.72522116,
      -1.60385883
    ]
  },
  {
    "timeStamp": 3516,
    "rotation": [
      [
        -0.7691202,
        0.362751782,
        0.52617985
      ],
      [
        0.07123631,
        0.866836965,
        -0.49347648
      ],
      [
        -0.6351216,
        -0.342059642,
        -0.69254297
      ]
    ],
    "translation": [
      1.10045469,
      1.71351409,
      -1.61372
    ]
  },
  {
    "timeStamp": 3561,
    "rotation": [
      [
        -0.7857066,
        0.385479629,
        0.483808517
      ],
      [
        0.07902306,
        0.8382409,
        -0.539543748
      ],
      [
        -0.613531232,
        -0.385691017,
        -0.6890732
      ]
    ],
    "translation": [
      1.10445368,
      1.70386136,
      -1.62333953
    ]
  },
  {
    "timeStamp": 3616,
    "rotation": [
      [
        -0.8070152,
        0.409533441,
        0.425451338
      ],
      [
        0.09621649,
        0.802016258,
        -0.589501739
      ],
      [
        -0.5826396,
        -0.43480143,
        -0.6866432
      ]
    ],
    "translation": [
      1.10855651,
      1.693064,
      -1.63674343
    ]
  },
  {
    "timeStamp": 3661,
    "rotation": [
      [
        -0.8232182,
        0.416787624,
        0.3854865
      ],
      [
        0.104426205,
        0.7785806,
        -0.618795156
      ],
      [
        -0.5580385,
        -0.469148576,
        -0.6844653
      ]
    ],
    "translation": [
      1.1118952,
      1.686383,
      -1.647869
    ]
  },
  {
    "timeStamp": 3716,
    "rotation": [
      [
        -0.832745254,
        0.411568761,
        0.3703329
      ],
      [
        0.108287461,
        0.7770418,
        -0.6200644
      ],
      [
        -0.5429633,
        -0.476253271,
        -0.6916456
      ]
    ],
    "translation": [
      1.11850321,
      1.68249846,
      -1.66478372
    ]
  },
  {
    "timeStamp": 3761,
    "rotation": [
      [
        -0.8372976,
        0.4016175,
        0.370993316
      ],
      [
        0.111745834,
        0.7899271,
        -0.6029328
      ],
      [
        -0.535206,
        -0.463377267,
        -0.7062832
      ]
    ],
    "translation": [
      1.12624907,
      1.68499184,
      -1.68167567
    ]
  },
  {
    "timeStamp": 3816,
    "rotation": [
      [
        -0.8349331,
        0.3900514,
        0.3882611
      ],
      [
        0.1250798,
        0.821503937,
        -0.556315
      ],
      [
        -0.535949469,
        -0.415922165,
        -0.7346883
      ]
    ],
    "translation": [
      1.13785064,
      1.69372368,
      -1.70935082
    ]
  },
  {
    "timeStamp": 3861,
    "rotation": [
      [
        -0.8229906,
        0.390709281,
        0.4123502
      ],
      [
        0.1408342,
        0.843573868,
        -0.518217
      ],
      [
        -0.55032,
        -0.36841473,
        -0.7492786
      ]
    ],
    "translation": [
      1.14818239,
      1.70206094,
      -1.73485434
    ]
  },
  {
    "timeStamp": 3916,
    "rotation": [
      [
        -0.817925036,
        0.386586517,
        0.426086158
      ],
      [
        0.162746251,
        0.8658216,
        -0.473145425
      ],
      [
        -0.551826239,
        -0.317653567,
        -0.7710927
      ]
    ],
    "translation": [
      1.16081822,
      1.7127825,
      -1.76206124
    ]
  },
  {
    "timeStamp": 3961,
    "rotation": [
      [
        -0.815104961,
        0.3831098,
        0.434546679
      ],
      [
        0.173107609,
        0.8769091,
        -0.4484019
      ],
      [
        -0.5528451,
        -0.290271252,
        -0.7810921
      ]
    ],
    "translation": [
      1.17169452,
      1.71849155,
      -1.779015
    ]
  },
  {
    "timeStamp": 4016,
    "rotation": [
      [
        -0.82499665,
        0.363299966,
        0.432889849
      ],
      [
        0.155508652,
        0.882356167,
        -0.4441449
      ],
      [
        -0.543320835,
        -0.299099952,
        -0.7844372
      ]
    ],
    "translation": [
      1.18110693,
      1.71819,
      -1.80330265
    ]
  },
  {
    "timeStamp": 4061,
    "rotation": [
      [
        -0.8309415,
        0.359698743,
        0.4244444
      ],
      [
        0.146815881,
        0.8776193,
        -0.4563216
      ],
      [
        -0.5366389,
        -0.316861361,
        -0.7820598
      ]
    ],
    "translation": [
      1.18510616,
      1.7153697,
      -1.82690537
    ]
  },
  {
    "timeStamp": 4116,
    "rotation": [
      [
        -0.827611,
        0.368290842,
        0.423582137
      ],
      [
        0.14587833,
        0.8698392,
        -0.471274137
      ],
      [
        -0.542014241,
        -0.328240216,
        -0.773614168
      ]
    ],
    "translation": [
      1.197141,
      1.70994282,
      -1.856146
    ]
  },
  {
    "timeStamp": 4160,
    "rotation": [
      [
        -0.8212705,
        0.381012559,
        0.424669474
      ],
      [
        0.148160711,
        0.86122036,
        -0.486156285
      ],
      [
        -0.550965667,
        -0.3363465,
        -0.763745964
      ]
    ],
    "translation": [
      1.20920455,
      1.70511675,
      -1.88108718
    ]
  },
  {
    "timeStamp": 4216,
    "rotation": [
      [
        -0.811238468,
        0.4032166,
        0.423448384
      ],
      [
        0.1446966,
        0.8401091,
        -0.522761464
      ],
      [
        -0.566529,
        -0.362812668,
        -0.7398729
      ]
    ],
    "translation": [
      1.21937549,
      1.697221,
      -1.91654074
    ]
  },
  {
    "timeStamp": 4264,
    "rotation": [
      [
        -0.8044291,
        0.4187497,
        0.421358049
      ],
      [
        0.132644251,
        0.8180061,
        -0.5597066
      ],
      [
        -0.5790504,
        -0.394353569,
        -0.7135726
      ]
    ],
    "translation": [
      1.22891045,
      1.68801153,
      -1.9441601
    ]
  },
  {
    "timeStamp": 4316,
    "rotation": [
      [
        -0.8018599,
        0.4348544,
        0.409783155
      ],
      [
        0.109889932,
        0.7814441,
        -0.6142225
      ],
      [
        -0.58732,
        -0.447489381,
        -0.6743948
      ]
    ],
    "translation": [
      1.2393055,
      1.67615438,
      -1.98035514
    ]
  },
  {
    "timeStamp": 4360,
    "rotation": [
      [
        -0.8045102,
        0.4458894,
        0.3923595
      ],
      [
        0.09539553,
        0.7490364,
        -0.655625045
      ],
      [
        -0.586227834,
        -0.490027666,
        -0.6451432
      ]
    ],
    "translation": [
      1.24616575,
      1.66846251,
      -2.00627041
    ]
  },
  {
    "timeStamp": 4416,
    "rotation": [
      [
        -0.8145477,
        0.451059759,
        0.364769965
      ],
      [
        0.09750074,
        0.7263166,
        -0.6804101
      ],
      [
        -0.571844041,
        -0.518661141,
        -0.6355981
      ]
    ],
    "translation": [
      1.25271225,
      1.66610694,
      -2.03388977
    ]
  },
  {
    "timeStamp": 4460,
    "rotation": [
      [
        -0.8140347,
        0.457678378,
        0.357600272
      ],
      [
        0.101828665,
        0.718609154,
        -0.6879184
      ],
      [
        -0.571820259,
        -0.5235755,
        -0.6315776
      ]
    ],
    "translation": [
      1.25649643,
      1.66686988,
      -2.05517721
    ]
  },
  {
    "timeStamp": 4516,
    "rotation": [
      [
        -0.8142809,
        0.458750129,
        0.3556612
      ],
      [
        0.09178583,
        0.706760347,
        -0.7014736
      ],
      [
        -0.573168337,
        -0.5385519,
        -0.617608249
      ]
    ],
    "translation": [
      1.26177227,
      1.66718447,
      -2.08097744
    ]
  },
  {
    "timeStamp": 4560,
    "rotation": [
      [
        -0.8102109,
        0.4591762,
        0.364301473
      ],
      [
        0.07995215,
        0.702296555,
        -0.707380533
      ],
      [
        -0.58066,
        -0.544000745,
        -0.60572046
      ]
    ],
    "translation": [
      1.269121,
      1.66596293,
      -2.10135317
    ]
  },
  {
    "timeStamp": 4616,
    "rotation": [
      [
        -0.801985145,
        0.46740666,
        0.371955484
      ],
      [
        0.07229939,
        0.694057763,
        -0.716279745
      ],
      [
        -0.5929525,
        -0.547553539,
        -0.5904172
      ]
    ],
    "translation": [
      1.28010654,
      1.66078556,
      -2.12705231
    ]
  },
  {
    "timeStamp": 4660,
    "rotation": [
      [
        -0.803248,
        0.4700089,
        0.365901917
      ],
      [
        0.06387076,
        0.678718448,
        -0.7316159
      ],
      [
        -0.592210352,
        -0.56429857,
        -0.575199068
      ]
    ],
    "translation": [
      1.28837323,
      1.652901,
      -2.1453042
    ]
  },
  {
    "timeStamp": 4716,
    "rotation": [
      [
        -0.8013683,
        0.482816219,
        0.353125066
      ],
      [
        0.0679586455,
        0.6600054,
        -0.7481808
      ],
      [
        -0.5942983,
        -0.5755705,
        -0.561718941
      ]
    ],
    "translation": [
      1.29703116,
      1.64261544,
      -2.16735077
    ]
  },
  {
    "timeStamp": 4760,
    "rotation": [
      [
        -0.799155831,
        0.485154122,
        0.354929984
      ],
      [
        0.06437822,
        0.6561234,
        -0.7519026
      ],
      [
        -0.5976665,
        -0.5780376,
        -0.555578232
      ]
    ],
    "translation": [
      1.30431068,
      1.63322294,
      -2.18292522
    ]
  },
  {
    "timeStamp": 4816,
    "rotation": [
      [
        -0.797427356,
        0.4832388,
        0.361372381
      ],
      [
        0.0598527975,
        0.6592692,
        -0.749521
      ],
      [
        -0.6004393,
        -0.5760594,
        -0.5546425
      ]
    ],
    "translation": [
      1.31153691,
      1.62056971,
      -2.19884157
    ]
  },
  {
    "timeStamp": 4860,
    "rotation": [
      [
        -0.7948828,
        0.486197025,
        0.3630067
      ],
      [
        0.0619040057,
        0.6601283,
        -0.7485977
      ],
      [
        -0.603597,
        -0.572575867,
        -0.554822147
      ]
    ],
    "translation": [
      1.31593359,
      1.61030853,
      -2.20829344
    ]
  },
  {
    "timeStamp": 4916,
    "rotation": [
      [
        -0.7858342,
        0.4901917,
        0.3770632
      ],
      [
        0.05650278,
        0.664061546,
        -0.745539844
      ],
      [
        -0.6158506,
        -0.5645656,
        -0.5495395
      ]
    ],
    "translation": [
      1.320633,
      1.59843779,
      -2.216763
    ]
  },
  {
    "timeStamp": 4960,
    "rotation": [
      [
        -0.7717534,
        0.498323,
        0.395058125
      ],
      [
        0.05035757,
        0.6671761,
        -0.7431959
      ],
      [
        -0.633924961,
        -0.553669751,
        -0.539989769
      ]
    ],
    "translation": [
      1.32476211,
      1.58995485,
      -2.221352
    ]
  },
  {
    "timeStamp": 5016,
    "rotation": [
      [
        -0.7582493,
        0.507244647,
        0.409586221
      ],
      [
        0.03885782,
        0.662277758,
        -0.7482501
      ],
      [
        -0.6508057,
        -0.5514445,
        -0.521882057
      ]
    ],
    "translation": [
      1.32850409,
      1.58104229,
      -2.22453642
    ]
  },
  {
    "timeStamp": 5060,
    "rotation": [
      [
        -0.7424918,
        0.5210186,
        0.421005458
      ],
      [
        0.0334512368,
        0.656558037,
        -0.7535334
      ],
      [
        -0.669019461,
        -0.5454092,
        -0.5049176
      ]
    ],
    "translation": [
      1.33137393,
      1.57685339,
      -2.225686
    ]
  },
  {
    "timeStamp": 5116,
    "rotation": [
      [
        -0.720278561,
        0.537369251,
        0.438671947
      ],
      [
        0.0223291162,
        0.650012136,
        -0.7595957
      ],
      [
        -0.6933255,
        -0.5373253,
        -0.480188757
      ]
    ],
    "translation": [
      1.33374572,
      1.57492125,
      -2.22590113
    ]
  },
  {
    "timeStamp": 5160,
    "rotation": [
      [
        -0.7056356,
        0.542986,
        0.455241323
      ],
      [
        0.009228349,
        0.6494624,
        -0.7603377
      ],
      [
        -0.708514869,
        -0.532320261,
        -0.463294655
      ]
    ],
    "translation": [
      1.33534575,
      1.57509971,
      -2.22422934
    ]
  },
  {
    "timeStamp": 5216,
    "rotation": [
      [
        -0.6728283,
        0.5580802,
        0.4856424
      ],
      [
        -0.0047677164,
        0.6531675,
        -0.757198453
      ],
      [
        -0.7397833,
        -0.511779964,
        -0.436808825
      ]
    ],
    "translation": [
      1.33654416,
      1.577707,
      -2.21879387
    ]
  },
  {
    "timeStamp": 5260,
    "rotation": [
      [
        -0.639996231,
        0.5731874,
        0.5117236
      ],
      [
        -0.0169975311,
        0.655254841,
        -0.755216658
      ],
      [
        -0.76819,
        -0.492033839,
        -0.409617841
      ]
    ],
    "translation": [
      1.33795142,
      1.58142352,
      -2.21180964
    ]
  },
  {
    "timeStamp": 5316,
    "rotation": [
      [
        -0.5909114,
        0.6006538,
        0.5385524
      ],
      [
        -0.0285619944,
        0.6515741,
        -0.7580471
      ],
      [
        -0.806230664,
        -0.463320762,
        -0.367866665
      ]
    ],
    "translation": [
      1.34011257,
      1.58849072,
      -2.19898415
    ]
  },
  {
    "timeStamp": 5360,
    "rotation": [
      [
        -0.5439534,
        0.6259121,
        0.5588817
      ],
      [
        -0.03625385,
        0.647884667,
        -0.7608752
      ],
      [
        -0.8383319,
        -0.4341423,
        -0.329727352
      ]
    ],
    "translation": [
      1.34260917,
      1.59701669,
      -2.18534851
    ]
  },
  {
    "timeStamp": 5416,
    "rotation": [
      [
        -0.4723823,
        0.6582133,
        0.5861828
      ],
      [
        -0.0378616825,
        0.6492958,
        -0.759593
      ],
      [
        -0.8805802,
        -0.381012172,
        -0.2817948
      ]
    ],
    "translation": [
      1.344616,
      1.61205161,
      -2.16433144
    ]
  },
  {
    "timeStamp": 5460,
    "rotation": [
      [
        -0.409360468,
        0.67461586,
        0.6142617
      ],
      [
        -0.0329681821,
        0.6618803,
        -0.7488842
      ],
      [
        -0.911776841,
        -0.326814681,
        -0.248706773
      ]
    ],
    "translation": [
      1.34555936,
      1.62752628,
      -2.14450073
    ]
  },
  {
    "timeStamp": 5516,
    "rotation": [
      [
        -0.327177823,
        0.6805427,
        0.655603766
      ],
      [
        -0.03054436,
        0.685809135,
        -0.7271402
      ],
      [
        -0.944469035,
        -0.257929146,
        -0.2035948
      ]
    ],
    "translation": [
      1.336929,
      1.6485306,
      -2.11737251
    ]
  },
  {
    "timeStamp": 5560,
    "rotation": [
      [
        -0.267451346,
        0.671473265,
        0.691081345
      ],
      [
        -0.02027073,
        0.7131287,
        -0.70074
      ],
      [
        -0.9633581,
        -0.201422572,
        -0.177115977
      ]
    ],
    "translation": [
      1.33130622,
      1.66510439,
      -2.09238
    ]
  },
  {
    "timeStamp": 5616,
    "rotation": [
      [
        -0.194512531,
        0.647886157,
        0.7364839
      ],
      [
        -0.0111588454,
        0.7493144,
        -0.6621204
      ],
      [
        -0.9808366,
        -0.137009025,
        -0.138521373
      ]
    ],
    "translation": [
      1.32296872,
      1.68253851,
      -2.057815
    ]
  },
  {
    "timeStamp": 5660,
    "rotation": [
      [
        -0.134959877,
        0.6252605,
        0.768658042
      ],
      [
        0.0013039707,
        0.775866747,
        -0.630895436
      ],
      [
        -0.9908502,
        -0.0841432661,
        -0.105526209
      ]
    ],
    "translation": [
      1.31414759,
      1.693336,
      -2.02887869
    ]
  },
  {
    "timeStamp": 5716,
    "rotation": [
      [
        -0.05944633,
        0.597821236,
        0.799422264
      ],
      [
        0.015277952,
        0.801289558,
        -0.5980816
      ],
      [
        -0.9981146,
        -0.0233402215,
        -0.05676721
      ]
    ],
    "translation": [
      1.30017412,
      1.7028414,
      -1.991763
    ]
  },
  {
    "timeStamp": 5760,
    "rotation": [
      [
        -0.008375839,
        0.5794271,
        0.814981
      ],
      [
        0.01911348,
        0.814953446,
        -0.5792111
      ],
      [
        -0.999782264,
        0.0107257441,
        -0.0179007873
      ]
    ],
    "translation": [
      1.28761625,
      1.707857,
      -1.96197212
    ]
  },
  {
    "timeStamp": 5816,
    "rotation": [
      [
        0.0538479649,
        0.5558722,
        0.829521835
      ],
      [
        0.0241989475,
        0.8297567,
        -0.557600439
      ],
      [
        -0.998255849,
        0.0500992,
        0.0312291868
      ]
    ],
    "translation": [
      1.270335,
      1.71199441,
      -1.92509234
    ]
  },
  {
    "timeStamp": 5860,
    "rotation": [
      [
        0.09341972,
        0.5351348,
        0.839585364
      ],
      [
        0.0316111669,
        0.841253757,
        -0.5397155
      ],
      [
        -0.9951249,
        0.07696035,
        0.06167346
      ]
    ],
    "translation": [
      1.25649524,
      1.71554172,
      -1.8949858
    ]
  },
  {
    "timeStamp": 5916,
    "rotation": [
      [
        0.139775366,
        0.5065584,
        0.8508005
      ],
      [
        0.0358693749,
        0.8560812,
        -0.5155953
      ],
      [
        -0.989533365,
        0.102585204,
        0.101489112
      ]
    ],
    "translation": [
      1.23844147,
      1.71953893,
      -1.85737741
    ]
  },
  {
    "timeStamp": 5960,
    "rotation": [
      [
        0.17331478,
        0.483709425,
        0.8578969
      ],
      [
        0.0420453846,
        0.8666513,
        -0.4971395
      ],
      [
        -0.9839686,
        0.122232229,
        0.129865721
      ]
    ],
    "translation": [
      1.223717,
      1.722455,
      -1.82693231
    ]
  },
  {
    "timeStamp": 6016,
    "rotation": [
      [
        0.218017653,
        0.461548835,
        0.8599075
      ],
      [
        0.0534471758,
        0.874133766,
        -0.482735455
      ],
      [
        -0.9744802,
        0.151204482,
        0.165908113
      ]
    ],
    "translation": [
      1.20571744,
      1.72613645,
      -1.78834164
    ]
  },
  {
    "timeStamp": 6060,
    "rotation": [
      [
        0.263420224,
        0.450080633,
        0.853251
      ],
      [
        0.05953308,
        0.8752197,
        -0.480048239
      ],
      [
        -0.962842464,
        0.177251086,
        0.203755885
      ]
    ],
    "translation": [
      1.192542,
      1.72826052,
      -1.756982
    ]
  },
  {
    "timeStamp": 6116,
    "rotation": [
      [
        0.32404387,
        0.441930324,
        0.8364766
      ],
      [
        0.05302241,
        0.874311745,
        -0.482459933
      ],
      [
        -0.944555044,
        0.2006902,
        0.259883165
      ]
    ],
    "translation": [
      1.17625523,
      1.72661448,
      -1.71773815
    ]
  },
  {
    "timeStamp": 6160,
    "rotation": [
      [
        0.377704084,
        0.4398348,
        0.8147914
      ],
      [
        0.04857395,
        0.8693504,
        -0.491803348
      ],
      [
        -0.9246514,
        0.225333765,
        0.30699265
      ]
    ],
    "translation": [
      1.16441286,
      1.72387838,
      -1.68672013
    ]
  },
  {
    "timeStamp": 6216,
    "rotation": [
      [
        0.445119172,
        0.439174563,
        0.780381143
      ],
      [
        0.043269366,
        0.8599088,
        -0.508610547
      ],
      [
        -0.8944254,
        0.2601589,
        0.363759071
      ]
    ],
    "translation": [
      1.14995873,
      1.71869123,
      -1.65091622
    ]
  },
  {
    "timeStamp": 6260,
    "rotation": [
      [
        0.491783917,
        0.4392318,
        0.751813769
      ],
      [
        0.042507872,
        0.850301266,
        -0.5245768
      ],
      [
        -0.8696791,
        0.289936423,
        0.399493665
      ]
    ],
    "translation": [
      1.13838291,
      1.715372,
      -1.62638271
    ]
  },
  {
    "timeStamp": 6315,
    "rotation": [
      [
        0.5459727,
        0.422964424,
        0.7231977
      ],
      [
        0.05214618,
        0.8443778,
        -0.5332044
      ],
      [
        -0.836178541,
        0.328827024,
        0.438951254
      ]
    ],
    "translation": [
      1.12582111,
      1.71512866,
      -1.596572
    ]
  },
  {
    "timeStamp": 6361,
    "rotation": [
      [
        0.5816009,
        0.41071713,
        0.702176452
      ],
      [
        0.05579984,
        0.8410065,
        -0.5381397
      ],
      [
        -0.8115582,
        0.352163881,
        0.466212243
      ]
    ],
    "translation": [
      1.11716807,
      1.71539485,
      -1.574753
    ]
  },
  {
    "timeStamp": 6416,
    "rotation": [
      [
        0.625664353,
        0.395688444,
        0.6722907
      ],
      [
        0.06502317,
        0.832357347,
        -0.55041194
      ],
      [
        -0.7773777,
        0.3880876,
        0.4950474
      ]
    ],
    "translation": [
      1.10694861,
      1.714052,
      -1.548209
    ]
  },
  {
    "timeStamp": 6460,
    "rotation": [
      [
        0.6680056,
        0.3812326,
        0.6390855
      ],
      [
        0.07271471,
        0.821255863,
        -0.5659076
      ],
      [
        -0.7405951,
        0.424500346,
        0.520882249
      ]
    ],
    "translation": [
      1.09942472,
      1.71183336,
      -1.52788937
    ]
  },
  {
    "timeStamp": 6515,
    "rotation": [
      [
        0.720966458,
        0.359210163,
        0.592600465
      ],
      [
        0.08585195,
        0.802271843,
        -0.590753138
      ],
      [
        -0.687631249,
        0.476789117,
        0.547572255
      ]
    ],
    "translation": [
      1.09118652,
      1.70671344,
      -1.50450182
    ]
  },
  {
    "timeStamp": 6560,
    "rotation": [
      [
        0.755604446,
        0.350044876,
        0.553652
      ],
      [
        0.08847975,
        0.782943845,
        -0.615768
      ],
      [
        -0.649024844,
        0.514264047,
        0.560624
      ]
    ],
    "translation": [
      1.08528888,
      1.69978213,
      -1.48820531
    ]
  },
  {
    "timeStamp": 6615,
    "rotation": [
      [
        0.79218,
        0.34557882,
        0.503017
      ],
      [
        0.08963919,
        0.7494032,
        -0.6560181
      ],
      [
        -0.603668451,
        0.564774454,
        0.562684834
      ]
    ],
    "translation": [
      1.07994974,
      1.68996739,
      -1.47036219
    ]
  },
  {
    "timeStamp": 6660,
    "rotation": [
      [
        0.8205832,
        0.3378285,
        0.460993618
      ],
      [
        0.08422746,
        0.7263102,
        -0.68218714
      ],
      [
        -0.5652866,
        0.59861964,
        0.5675435
      ]
    ],
    "translation": [
      1.07651794,
      1.682849,
      -1.45794523
    ]
  },
  {
    "timeStamp": 6715,
    "rotation": [
      [
        0.8495469,
        0.325201839,
        0.415347755
      ],
      [
        0.07305857,
        0.707247138,
        -0.703181267
      ],
      [
        -0.522429347,
        0.6277302,
        0.577080846
      ]
    ],
    "translation": [
      1.07412231,
      1.67707825,
      -1.4432236
    ]
  },
  {
    "timeStamp": 6760,
    "rotation": [
      [
        0.8692167,
        0.309182078,
        0.38583526
      ],
      [
        0.06714279,
        0.699320257,
        -0.7116481
      ],
      [
        -0.489851266,
        0.6444825,
        0.5871015
      ]
    ],
    "translation": [
      1.073435,
      1.674346,
      -1.43350244
    ]
  },
  {
    "timeStamp": 6815,
    "rotation": [
      [
        0.888813555,
        0.284093082,
        0.359585345
      ],
      [
        0.06414737,
        0.6998072,
        -0.7114457
      ],
      [
        -0.453757226,
        0.655409038,
        0.6037743
      ]
    ],
    "translation": [
      1.07500708,
      1.67218328,
      -1.42194748
    ]
  },
  {
    "timeStamp": 6860,
    "rotation": [
      [
        0.898114145,
        0.27417925,
        0.343826532
      ],
      [
        0.05948988,
        0.6989109,
        -0.7127303
      ],
      [
        -0.435719967,
        0.660567343,
        0.6113909
      ]
    ],
    "translation": [
      1.07765043,
      1.66965079,
      -1.41353941
    ]
  },
  {
    "timeStamp": 6916,
    "rotation": [
      [
        0.9051134,
        0.270066947,
        0.328380376
      ],
      [
        0.0513195,
        0.6973077,
        -0.7149323
      ],
      [
        -0.422061741,
        0.6639471,
        0.617282867
      ]
    ],
    "translation": [
      1.08411777,
      1.6672678,
      -1.40301931
    ]
  },
  {
    "timeStamp": 6960,
    "rotation": [
      [
        0.910362542,
        0.263481259,
        0.319088727
      ],
      [
        0.0487960763,
        0.6973661,
        -0.715052
      ],
      [
        -0.4109245,
        0.666526854,
        0.621999145
      ]
    ],
    "translation": [
      1.09087074,
      1.66634774,
      -1.39371014
    ]
  },
  {
    "timeStamp": 7015,
    "rotation": [
      [
        0.9150259,
        0.261074781,
        0.3075185
      ],
      [
        0.041723948,
        0.6969847,
        -0.7158711
      ],
      [
        -0.4012316,
        0.6678715,
        0.626866
      ]
    ],
    "translation": [
      1.10064685,
      1.66555381,
      -1.38090086
    ]
  },
  {
    "timeStamp": 7060,
    "rotation": [
