[
  {
    "timeStamp": 77924,
    "rotation": [
      [
        0.9349894,
        0.211841047,
        -0.2844613
      ],
      [
        0.2728389,
        0.082848236,
        0.958485842
      ],
      [
        0.22661376,
        -0.973786235,
        0.0196637437
      ]
    ],
    "translation": [
      1.14584684,
      0.6935438,
      -0.773282051
    ]
  },
  {
    "timeStamp": 77969,
    "rotation": [
      [
        0.936445,
        0.18474865,
        -0.2982258
      ],
      [
        0.283782065,
        0.100855447,
        0.953570068
      ],
      [
        0.206248492,
        -0.9775971,
        0.04201723
      ]
    ],
    "translation": [
      1.14569676,
      0.693963,
      -0.77282685
    ]
  },
  {
    "timeStamp": 78024,
    "rotation": [
      [
        0.939714968,
        0.238691643,
        -0.244871676
      ],
      [
        0.200816184,
        0.194403753,
        0.960145831
      ],
      [
        0.276782781,
        -0.9514376,
        0.134750962
      ]
    ],
    "translation": [
      1.1430881,
      0.6979156,
      -0.7765315
    ]
  },
  {
    "timeStamp": 78068,
    "rotation": [
      [
        0.949818134,
        0.270240217,
        -0.15753
      ],
      [
        0.101617754,
        0.209718347,
        0.972467
      ],
      [
        0.2958366,
        -0.9396746,
        0.1717331
      ]
    ],
    "translation": [
      1.14466631,
      0.709629536,
      -0.771462858
    ]
  },
  {
    "timeStamp": 78124,
    "rotation": [
      [
        0.9558416,
        0.268223047,
        -0.120096475
      ],
      [
        0.0749868453,
        0.1725306,
        0.982145667
      ],
      [
        0.284154475,
        -0.9477814,
        0.144798741
      ]
    ],
    "translation": [
      1.16442442,
      0.7246325,
      -0.748139
    ]
  },
  {
    "timeStamp": 78168,
    "rotation": [
      [
        0.9676933,
        0.2376322,
        -0.08426503
      ],
      [
        0.0522123575,
        0.1380961,
        0.9890416
      ],
      [
        0.2466648,
        -0.9614886,
        0.121227324
      ]
    ],
    "translation": [
      1.19093823,
      0.740312338,
      -0.7210337
    ]
  },
  {
    "timeStamp": 78224,
    "rotation": [
      [
        0.982362032,
        0.176636428,
        -0.0613541678
      ],
      [
        0.0485412255,
        0.0759711,
        0.995927751
      ],
      [
        0.1805783,
        -0.9813399,
        0.06605697
      ]
    ],
    "translation": [
      1.23890293,
      0.763062656,
      -0.67845726
    ]
  },
  {
    "timeStamp": 78269,
    "rotation": [
      [
        0.991213,
        0.112148561,
        -0.07013797
      ],
      [
        0.07022021,
        0.00322140986,
        0.9975263
      ],
      [
        0.112097085,
        -0.9936862,
        -0.00468199234
      ]
    ],
    "translation": [
      1.2900517,
      0.7847712,
      -0.6404371
    ]
  },
  {
    "timeStamp": 78324,
    "rotation": [
      [
        0.995837152,
        0.00462245056,
        -0.091033116
      ],
      [
        0.09110278,
        -0.08275385,
        0.9923971
      ],
      [
        -0.00294604478,
        -0.9965593,
        -0.0828304738
      ]
    ],
    "translation": [
      1.36880171,
      0.81567353,
      -0.5945801
    ]
  },
  {
    "timeStamp": 78368,
    "rotation": [
      [
        0.9812036,
        -0.104442127,
        -0.162269369
      ],
      [
        0.142592177,
        -0.174187839,
        0.974333644
      ],
      [
        -0.130026847,
        -0.979158044,
        -0.1560211
      ]
    ],
    "translation": [
      1.44544768,
      0.8460726,
      -0.5625306
    ]
  },
  {
    "timeStamp": 78424,
    "rotation": [
      [
        0.937776268,
        -0.25514555,
        -0.23553437
      ],
      [
        0.1674816,
        -0.2618411,
        0.9504679
      ],
      [
        -0.3041802,
        -0.930773854,
        -0.202816173
      ]
    ],
    "translation": [
      1.5469979,
      0.886697054,
      -0.539223254
    ]
  },
  {
    "timeStamp": 78469,
    "rotation": [
      [
        0.8756379,
        -0.367540717,
        -0.313324243
      ],
      [
        0.188728228,
        -0.3367716,
        0.9224785
      ],
      [
        -0.444567084,
        -0.866890252,
        -0.225524679
      ]
    ],
    "translation": [
      1.62963617,
      0.9210228,
      -0.53496
    ]
  },
  {
    "timeStamp": 78524,
    "rotation": [
      [
        0.7828886,
        -0.4874037,
        -0.3866822
      ],
      [
        0.188078046,
        -0.407031,
        0.8938414
      ],
      [
        -0.5930532,
        -0.7725047,
        -0.22699
      ]
    ],
    "translation": [
      1.724482,
      0.960123539,
      -0.547594
    ]
  },
  {
    "timeStamp": 78568,
    "rotation": [
      [
        0.7083127,
        -0.564097345,
        -0.424367
      ],
      [
        0.181659013,
        -0.4352613,
        0.8817866
      ],
      [
        -0.682124,
        -0.7016707,
        -0.205827728
      ]
    ],
    "translation": [
      1.78923011,
      0.9831189,
      -0.5678286
    ]
  },
  {
    "timeStamp": 78624,
    "rotation": [
      [
        0.64532584,
        -0.597182631,
        -0.476369023
      ],
      [
        0.207527921,
        -0.463092029,
        0.861671567
      ],
      [
        -0.735178053,
        -0.654918849,
        -0.174913183
      ]
    ],
    "translation": [
      1.85177922,
      1.00281167,
      -0.596402168
    ]
  },
  {
    "timeStamp": 78668,
    "rotation": [
      [
        0.612123251,
        -0.6071131,
        -0.5066741
      ],
      [
        0.231491253,
        -0.4750922,
        0.84894
      ],
      [
        -0.7561196,
        -0.636946559,
        -0.150273621
      ]
    ],
    "translation": [
      1.89124978,
      1.0132457,
      -0.6193497
    ]
  },
  {
    "timeStamp": 78724,
    "rotation": [
      [
        0.589914858,
        -0.613526464,
        -0.5249626
      ],
      [
        0.279135585,
        -0.455104321,
        0.845555067
      ],
      [
        -0.757683158,
        -0.6453413,
        -0.09721576
      ]
    ],
    "translation": [
      1.93111026,
      1.01598024,
      -0.6470576
    ]
  },
  {
    "timeStamp": 78768,
    "rotation": [
      [
        0.5911378,
        -0.6345082,
        -0.49795115
      ],
      [
        0.275749475,
        -0.4211833,
        0.864041
      ],
      [
        -0.7579698,
        -0.6480771,
        -0.07401207
      ]
    ],
    "translation": [
      1.95817423,
      1.01476014,
      -0.665629148
    ]
  },
  {
    "timeStamp": 78824,
    "rotation": [
      [
        0.6020678,
        -0.6490721,
        -0.464994282
      ],
      [
        0.291020483,
        -0.363922477,
        0.884798
      ],
      [
        -0.7435196,
        -0.6680313,
        -0.0302127339
      ]
    ],
    "translation": [
      1.98686171,
      1.00752175,
      -0.6844824
    ]
  },
  {
    "timeStamp": 78869,
    "rotation": [
      [
        0.6362128,
        -0.62475884,
        -0.452669442
      ],
      [
        0.324027449,
        -0.316097468,
        0.8916774
      ],
      [
        -0.700171,
        -0.713973939,
        0.001333744
      ]
    ],
    "translation": [
      2.00421476,
      0.9997323,
      -0.693298161
    ]
  },
  {
    "timeStamp": 78924,
    "rotation": [
      [
        0.677190065,
        -0.5460846,
        -0.4931584
      ],
      [
        0.4137486,
        -0.271626949,
        0.868925154
      ],
      [
        -0.608461738,
        -0.792471051,
        0.0419986546
      ]
    ],
    "translation": [
      2.02082682,
      0.9872328,
      -0.698186755
    ]
  },
  {
    "timeStamp": 78968,
    "rotation": [
      [
        0.6938549,
        -0.473469645,
        -0.5425789
      ],
      [
        0.488198936,
        -0.244596779,
        0.837755442
      ],
      [
        -0.5293648,
        -0.8461672,
        0.0614326932
      ]
    ],
    "translation": [
      2.033897,
      0.9773641,
      -0.6972495
    ]
  },
  {
    "timeStamp": 79024,
    "rotation": [
      [
        0.7209362,
        -0.433093637,
        -0.541
      ],
      [
        0.518647134,
        -0.180570364,
        0.835703
      ],
      [
        -0.459626228,
        -0.8830766,
        0.09444305
      ]
    ],
    "translation": [
      2.05062056,
      0.962735534,
      -0.691368461
    ]
  },
  {
    "timeStamp": 79078,
    "rotation": [
      [
        0.727684438,
        -0.3994748,
        -0.5575798
      ],
      [
        0.538216531,
        -0.171379983,
        0.825198054
      ],
      [
        -0.42520386,
        -0.9005825,
        0.0902934149
      ]
    ],
    "translation": [
      2.064247,
      0.954669535,
      -0.6807574
    ]
  },
  {
    "timeStamp": 79123,
    "rotation": [
      [
        0.73652,
        -0.359822154,
        -0.5727707
      ],
      [
        0.5633714,
        -0.142335817,
        0.8138508
      ],
      [
        -0.374367356,
        -0.9221,
        0.09788036
      ]
    ],
    "translation": [
      2.07980227,
      0.94179666,
      -0.666501462
    ]
  },
  {
    "timeStamp": 79166,
    "rotation": [
      [
        0.7483743,
        -0.3403628,
        -0.569288254
      ],
      [
        0.569683135,
        -0.109741092,
        0.814504743
      ],
      [
        -0.339701444,
        -0.933868349,
        0.111771539
      ]
    ],
    "translation": [
      2.09106946,
      0.9288933,
      -0.655068636
    ]
  },
  {
    "timeStamp": 79219,
    "rotation": [
      [
        0.753225565,
        -0.3546602,
        -0.5539561
      ],
      [
        0.569749057,
        -0.069057025,
        0.818912148
      ],
      [
        -0.3286901,
        -0.932441533,
        0.1500518
      ]
    ],
    "translation": [
      2.11039567,
      0.9119806,
      -0.6420484
    ]
  },
  {
    "timeStamp": 79274,
    "rotation": [
      [
        0.738812447,
        -0.357497573,
        -0.571272
      ],
      [
        0.5959285,
        -0.0492580757,
        0.801525354
      ],
      [
        -0.314683139,
        -0.9326142,
        0.1766505
      ]
    ],
    "translation": [
      2.1296103,
      0.8944587,
      -0.63109535
    ]
  },
  {
    "timeStamp": 79319,
    "rotation": [
      [
        0.7440685,
        -0.362734765,
        -0.5610575
      ],
      [
        0.6003422,
        -0.005501487,
        0.7997243
      ],
      [
        -0.293174446,
        -0.931876242,
        0.2136715
      ]
    ],
    "translation": [
      2.141155,
      0.879059,
      -0.6255343
    ]
  },
  {
    "timeStamp": 79374,
    "rotation": [
      [
        0.7449026,
        -0.361933947,
        -0.56046766
      ],
      [
        0.6047696,
        0.0115621127,
        0.796316564
      ],
      [
        -0.2817338,
        -0.932132065,
        0.227499276
      ]
    ],
    "translation": [
      2.152801,
      0.864759,
      -0.618534565
    ]
  },
  {
    "timeStamp": 79419,
    "rotation": [
      [
        0.7367323,
        -0.370857626,
        -0.5654115
      ],
      [
        0.620435059,
        0.0382748879,
        0.7833233
      ],
      [
        -0.26886037,
        -0.9279007,
        0.258291423
      ]
    ],
    "translation": [
      2.162388,
      0.853946447,
      -0.617135942
    ]
  },
  {
    "timeStamp": 79474,
    "rotation": [
      [
        0.751813531,
        -0.37752074,
        -0.5406057
      ],
      [
        0.6047816,
        0.06815144,
        0.793469965
      ],
      [
        -0.2627083,
        -0.9234898,
        0.279554784
      ]
    ],
    "translation": [
      2.16724372,
      0.8410857,
      -0.61626035
    ]
  },
  {
    "timeStamp": 79518,
    "rotation": [
      [
        0.744818866,
        -0.3835358,
        -0.546026766
      ],
      [
        0.6153044,
        0.07818101,
        0.784403145
      ],
      [
        -0.25815776,
        -0.9202109,
        0.294221938
      ]
    ],
    "translation": [
      2.172747,
      0.833073854,
      -0.6170163
    ]
  },
  {
    "timeStamp": 79575,
    "rotation": [
      [
        0.7477369,
        -0.377044857,
        -0.5465589
      ],
      [
        0.6130356,
        0.0757679939,
        0.78641367
      ],
      [
        -0.255101562,
        -0.923090637,
        0.287796468
      ]
    ],
    "translation": [
      2.17628551,
      0.826185465,
      -0.6157534
    ]
  },
  {
    "timeStamp": 79621,
    "rotation": [
      [
        0.7454335,
        -0.3818826,
        -0.546346545
      ],
      [
        0.615984857,
        0.08141708,
        0.783539355
      ],
      [
        -0.254738122,
        -0.9206177,
        0.295924932
      ]
    ],
    "translation": [
      2.17910171,
      0.8215125,
      -0.616007268
    ]
  },
  {
    "timeStamp": 79667,
    "rotation": [
      [
        0.745463848,
        -0.376277447,
        -0.5501808
      ],
      [
        0.6174102,
        0.07876347,
        0.78268826
      ],
      [
        -0.251173764,
        -0.9231531,
        0.291032851
      ]
    ],
    "translation": [
      2.1807425,
      0.819470167,
      -0.6148271
    ]
  },
  {
    "timeStamp": 79723,
    "rotation": [
      [
        0.7512018,
        -0.373414934,
        -0.544295
      ],
      [
        0.6116953,
        0.08395488,
        0.786626
      ],
      [
        -0.248041674,
        -0.92385757,
        0.291483223
      ]
    ],
    "translation": [
      2.18115,
      0.8166816,
      -0.6132214
    ]
  },
  {
    "timeStamp": 79768,
    "rotation": [
      [
        0.7559268,
        -0.364286631,
        -0.543939352
      ],
      [
        0.611106932,
        0.09467461,
        0.785865843
      ],
      [
        -0.234783173,
        -0.926462054,
        0.294185132
      ]
    ],
    "translation": [
      2.18023324,
      0.813495159,
      -0.612353265
    ]
  },
  {
    "timeStamp": 79823,
    "rotation": [
      [
        0.7554568,
        -0.354232579,
        -0.5511844
      ],
      [
        0.616962433,
        0.101424411,
        0.780429661
      ],
      [
        -0.22055006,
        -0.929640949,
        0.29516995
      ]
    ],
    "translation": [
      2.18025684,
      0.810479462,
      -0.610608459
    ]
  },
  {
    "timeStamp": 79868,
    "rotation": [
      [
        0.7587351,
        -0.357808,
        -0.5443293
      ],
      [
        0.611992359,
        0.105319642,
        0.783819556
      ],
      [
        -0.223128334,
        -0.927836835,
        0.2988855
      ]
    ],
    "translation": [
      2.17982388,
      0.8095196,
      -0.6089695
    ]
  }
]