[
  {
    "timeStamp": 0,
    "rotation": [
      [
        0.9992651,
        -0.0377507173,
        0.00665207068
      ],
      [
        0.03509844,
        0.970843732,
        0.237129718
      ],
      [
        -0.0154099381,
        -0.236721963,
        0.9714552
      ]
    ],
    "translation": [
      1.22955871,
      1.66430879,
      -0.984535754
    ]
  },
  {
    "timeStamp": 14,
    "rotation": [
      [
        0.999239743,
        -0.0385373,
        0.005892359
      ],
      [
        0.0360282138,
        0.9705811,
        0.238063484
      ],
      [
        -0.0148933372,
        -0.237670213,
        0.9712317
      ]
    ],
    "translation": [
      1.22970891,
      1.66454172,
      -0.9844868
    ]
  },
  {
    "timeStamp": 29,
    "rotation": [
      [
        0.998253,
        -0.0558141731,
        0.0193871483
      ],
      [
        0.0485191569,
        0.9616046,
        0.270115644
      ],
      [
        -0.0337190554,
        -0.2687031,
        0.962632656
      ]
    ],
    "translation": [
      1.23315,
      1.66699147,
      -0.9875906
    ]
  },
  {
    "timeStamp": 66,
    "rotation": [
      [
        0.9971365,
        -0.06668071,
        0.03567334
      ],
      [
        0.0534311719,
        0.9550323,
        0.291648
      ],
      [
        -0.05351648,
        -0.288906783,
        0.955860257
      ]
    ],
    "translation": [
      1.23706031,
      1.6686492,
      -0.9897105
    ]
  },
  {
    "timeStamp": 122,
    "rotation": [
      [
        0.995790064,
        -0.07571582,
        0.05166411
      ],
      [
        0.0562423356,
        0.949761152,
        0.3078807
      ],
      [
        -0.07238001,
        -0.30367884,
        0.950021148
      ]
    ],
    "translation": [
      1.24136925,
      1.66991591,
      -0.991639256
    ]
  },
  {
    "timeStamp": 166,
    "rotation": [
      [
        0.994285941,
        -0.08456878,
        0.06514274
      ],
      [
        0.05936858,
        0.945232332,
        0.3209537
      ],
      [
        -0.0887176841,
        -0.3152523,
        0.944851935
      ]
    ],
    "translation": [
      1.24508309,
      1.67124033,
      -0.993717134
    ]
  },
  {
    "timeStamp": 222,
    "rotation": [
      [
        0.9913037,
        -0.10501118,
        0.07930754
      ],
      [
        0.0700627938,
        0.9313167,
        0.3574081
      ],
      [
        -0.111392282,
        -0.348743469,
        0.930575
      ]
    ],
    "translation": [
      1.24998856,
      1.67404366,
      -0.9969965
    ]
  },
  {
    "timeStamp": 344,
    "rotation": [
      [
        0.9913444,
        -0.104196809,
        0.07987088
      ],
      [
        0.0693967044,
        0.93231523,
        0.354925841
      ],
      [
        -0.111446977,
        -0.346310973,
        0.9314764
      ]
    ],
    "translation": [
      1.24992442,
      1.67410767,
      -0.997123659
    ]
  },
  {
    "timeStamp": 346,
    "rotation": [
      [
        0.990765631,
        -0.107146524,
        0.08308504
      ],
      [
        0.0704277,
        0.9303232,
        0.359915
      ],
      [
        -0.115859576,
        -0.3507399,
        0.929278255
      ]
    ],
    "translation": [
      1.2509129,
      1.67451954,
      -0.997765839
    ]
  },
  {
    "timeStamp": 392,
    "rotation": [
      [
        0.9782135,
        -0.141164765,
        0.152219519
      ],
      [
        0.0681161657,
        0.910886168,
        0.406996965
      ],
      [
        -0.1961083,
        -0.387761325,
        0.90065676
      ]
    ],
    "translation": [
      1.26681948,
      1.67908049,
      -1.00679779
    ]
  },
  {
    "timeStamp": 444,
    "rotation": [
      [
        0.963147938,
        -0.1838608,
        0.196319252
      ],
      [
        0.0837830156,
        0.8986538,
        0.430583119
      ],
      [
        -0.255590379,
        -0.398267031,
        0.8809409
      ]
    ],
    "translation": [
      1.27358246,
      1.68134212,
      -1.01146722
    ]
  },
  {
    "timeStamp": 488,
    "rotation": [
      [
        0.9436208,
        -0.221741408,
        0.2457855
      ],
      [
        0.09021634,
        0.886650562,
        0.453554541
      ],
      [
        -0.3184977,
        -0.4058096,
        0.8566666
      ]
    ],
    "translation": [
      1.27993321,
      1.68347347,
      -1.01591074
    ]
  },
  {
    "timeStamp": 543,
    "rotation": [
      [
        0.8960579,
        -0.286049724,
        0.339493334
      ],
      [
        0.09133249,
        0.8671584,
        0.489586174
      ],
      [
        -0.4344405,
        -0.4076908,
        0.8031498
      ]
    ],
    "translation": [
      1.28987479,
      1.68636394,
      -1.02273321
    ]
  },
  {
    "timeStamp": 588,
    "rotation": [
      [
        0.832538068,
        -0.356627822,
        0.423906773
      ],
      [
        0.09630657,
        0.8467431,
        0.5232124
      ],
      [
        -0.545532167,
        -0.394769222,
        0.7392915
      ]
    ],
    "translation": [
      1.2980001,
      1.688749,
      -1.02912319
    ]
  },
  {
    "timeStamp": 643,
    "rotation": [
      [
        0.739665151,
        -0.4268383,
        0.520292759
      ],
      [
        0.08682692,
        0.827189445,
        0.5551745
      ],
      [
        -0.6673504,
        -0.365467846,
        0.648904264
      ]
    ],
    "translation": [
      1.30731344,
      1.691314,
      -1.03868914
    ]
  },
  {
    "timeStamp": 688,
    "rotation": [
      [
        0.656452954,
        -0.4717009,
        0.588700056
      ],
      [
        0.06366293,
        0.8122466,
        0.5798297
      ],
      [
        -0.7516758,
        -0.343152553,
        0.5632316
      ]
    ],
    "translation": [
      1.31380248,
      1.69257808,
      -1.04691148
    ]
  },
  {
    "timeStamp": 743,
    "rotation": [
      [
        0.5348433,
        -0.535481036,
        0.653607368
      ],
      [
        0.0518416353,
        0.792883456,
        0.6071641
      ],
      [
        -0.843359351,
        -0.2908536,
        0.451828659
      ]
    ],
    "translation": [
      1.32010841,
      1.69323063,
      -1.05768132
    ]
  },
  {
    "timeStamp": 787,
    "rotation": [
      [
        0.429851651,
        -0.5833916,
        0.689116657
      ],
      [
        0.0472835153,
        0.776723862,
        0.6280639
      ],
      [
        -0.901660562,
        -0.237390444,
        0.361460865
      ]
    ],
    "translation": [
      1.32338929,
      1.69377851,
      -1.06632054
    ]
  },
  {
    "timeStamp": 843,
    "rotation": [
      [
        0.309050679,
        -0.6258534,
        0.7160972
      ],
      [
        0.03283206,
        0.759529948,
        0.6496432
      ],
      [
        -0.9504787,
        -0.17726171,
        0.2552813
      ]
    ],
    "translation": [
      1.32546425,
      1.6945436,
      -1.07675159
    ]
  },
  {
    "timeStamp": 889,
    "rotation": [
      [
        0.221502289,
        -0.6478389,
        0.7288631
      ],
      [
        0.0260289889,
        0.751090944,
        0.659685433
      ],
      [
        -0.974812448,
        -0.127150252,
        0.183230937
      ]
    ],
    "translation": [
      1.32594061,
      1.69442821,
      -1.0836916
    ]
  },
  {
    "timeStamp": 947,
    "rotation": [
      [
        0.143616036,
        -0.664802253,
        0.7330842
      ],
      [
        0.0266886875,
        0.7430957,
        0.6686528
      ],
      [
        -0.989273548,
        -0.076464206,
        0.124463156
      ]
    ],
    "translation": [
      1.32559943,
      1.694593,
      -1.08960485
    ]
  },
  {
    "timeStamp": 992,
    "rotation": [
      [
        0.04846834,
        -0.685020447,
        0.7269098
      ],
      [
        0.02537108,
        0.72837466,
        0.6847092
      ],
      [
        -0.998502433,
        -0.0147442315,
        0.05268282
      ]
    ],
    "translation": [
      1.32420468,
      1.69514465,
      -1.09639978
    ]
  },
  {
    "timeStamp": 1037,
    "rotation": [
      [
        -0.0181879066,
        -0.696436346,
        0.717388034
      ],
      [
        0.0239022132,
        0.716998756,
        0.6966645
      ],
      [
        -0.9995488,
        0.02981803,
        0.00360566447
      ]
    ],
    "translation": [
      1.32249236,
      1.69537234,
      -1.100697
    ]
  },
  {
    "timeStamp": 1092,
    "rotation": [
      [
        -0.0869523659,
        -0.70369035,
        0.7051661
      ],
      [
        0.022040097,
        0.706315,
        0.7075545
      ],
      [
        -0.99596864,
        0.07706547,
        -0.0459063575
      ]
    ],
    "translation": [
      1.31992507,
      1.69558382,
      -1.10503292
    ]
  },
  {
    "timeStamp": 1137,
    "rotation": [
      [
        -0.135344148,
        -0.707341552,
        0.693793833
      ],
      [
        0.0180929266,
        0.698355734,
        0.7155221
      ],
      [
        -0.9906334,
        0.1093945,
        -0.0817204937
      ]
    ],
    "translation": [
      1.31711292,
      1.69540572,
      -1.108531
    ]
  },
  {
    "timeStamp": 1192,
    "rotation": [
      [
        -0.1977655,
        -0.7149775,
        0.670593739
      ],
      [
        0.007956653,
        0.6829119,
        0.7304574
      ],
      [
        -0.98021704,
        0.149794966,
        -0.12936759
      ]
    ],
    "translation": [
      1.31227517,
      1.69491529,
      -1.11344016
    ]
  },
  {
    "timeStamp": 1237,
    "rotation": [
      [
        -0.248593584,
        -0.71971035,
        0.648242354
      ],
      [
        0.00257873558,
        0.668757439,
        0.743476152
      ],
      [
        -0.968604445,
        0.186495036,
        -0.164392874
      ]
    ],
    "translation": [
      1.30784321,
      1.69476557,
      -1.11695814
    ]
  },
  {
    "timeStamp": 1292,
    "rotation": [
      [
        -0.302971661,
        -0.717930853,
        0.6267244
      ],
      [
        0.0006885229,
        0.657468438,
        0.7534818
      ],
      [
        -0.952999353,
        0.228715152,
        -0.1987
      ]
    ],
    "translation": [
      1.30299973,
      1.695041,
      -1.12005138
    ]
  },
  {
    "timeStamp": 1337,
    "rotation": [
      [
        -0.34161365,
        -0.712315559,
        0.6131122
      ],
      [
        -0.000951826863,
        0.6526196,
        0.757685065
      ],
      [
        -0.93984,
        0.258251965,
        -0.223621771
      ]
    ],
    "translation": [
      1.29947138,
      1.6951859,
      -1.12184429
    ]
  },
  {
    "timeStamp": 1392,
    "rotation": [
      [
        -0.389120936,
        -0.705192447,
        0.592696
      ],
      [
        -0.00174680247,
        0.6439686,
        0.765049934
      ],
      [
        -0.921185,
        0.296661615,
        -0.2518135
      ]
    ],
    "translation": [
      1.295048,
      1.695369,
      -1.12344575
    ]
  },
  {
    "timeStamp": 1436,
    "rotation": [
      [
        -0.424904883,
        -0.6999537,
        0.574038863
      ],
      [
        -0.00449083326,
        0.635752439,
        0.77188
      ],
      [
        -0.9052268,
        0.32539764,
        -0.2732777
      ]
    ],
    "translation": [
      1.29132414,
      1.69555247,
      -1.124404
    ]
  },
  {
    "timeStamp": 1492,
    "rotation": [
      [
        -0.469028831,
        -0.690651655,
        0.5504655
      ],
      [
        -0.00698263152,
        0.6261551,
        0.7796673
      ],
      [
        -0.8831552,
        0.361842752,
        -0.298507333
      ]
    ],
    "translation": [
      1.28683114,
      1.69577885,
      -1.124736
    ]
  },
  {
    "timeStamp": 1536,
    "rotation": [
      [
        -0.502949357,
        -0.682081,
        0.5308555
      ],
      [
        -0.00829067,
        0.6179704,
        0.786157668
      ],
      [
        -0.8642761,
        0.390996367,
        -0.316462755
      ]
    ],
    "translation": [
      1.2832377,
      1.69614,
      -1.12485647
    ]
  },
  {
    "timeStamp": 1592,
    "rotation": [
      [
        -0.5453194,
        -0.66967386,
        0.5041465
      ],
      [
        -0.0118172821,
        0.6075251,
        0.7942126
      ],
      [
        -0.8381451,
        0.427141845,
        -0.339208931
      ]
    ],
    "translation": [
      1.27906179,
      1.696501,
      -1.12507176
    ]
  },
  {
    "timeStamp": 1636,
    "rotation": [
      [
        -0.5790974,
        -0.658239961,
        0.481005579
      ],
      [
        -0.0173016377,
        0.599793732,
        0.7999676
      ],
      [
        -0.815074742,
        0.454936981,
        -0.358727634
      ]
    ],
    "translation": [
      1.27577448,
      1.69672608,
      -1.12545848
    ]
  },
  {
    "timeStamp": 1692,
    "rotation": [
      [
        -0.6177668,
        -0.640844941,
        0.455721319
      ],
      [
        -0.0210309867,
        0.592789,
        0.805083156
      ],
      [
        -0.786080062,
        0.487769365,
        -0.379682958
      ]
    ],
    "translation": [
      1.27238178,
      1.69704247,
      -1.125573
    ]
  },
  {
    "timeStamp": 1737,
    "rotation": [
      [
        -0.644268,
        -0.625732958,
        0.439746559
      ],
      [
        -0.021855507,
        0.5898111,
        0.8072455
      ],
      [
        -0.7644875,
        0.5104715,
        -0.393672079
      ]
    ],
    "translation": [
      1.270303,
      1.6973033,
      -1.12593651
    ]
  },
  {
    "timeStamp": 1792,
    "rotation": [
      [
        -0.672100365,
        -0.6081128,
        0.4224687
      ],
      [
        -0.0231885426,
        0.5875549,
        0.808852
      ],
      [
        -0.7400968,
        0.5338333,
        -0.408997118
      ]
    ],
    "translation": [
      1.26899,
      1.69741035,
      -1.12618089
    ]
  },
  {
    "timeStamp": 1836,
    "rotation": [
      [
        -0.6908583,
        -0.5948699,
        0.410906971
      ],
      [
        -0.0233163666,
        0.58638,
        0.8097004
      ],
      [
        -0.7226141,
        0.5498074,
        -0.418975741
      ]
    ],
    "translation": [
      1.26798177,
      1.69768465,
      -1.12682366
    ]
  },
  {
    "timeStamp": 1892,
    "rotation": [
      [
        -0.710556269,
        -0.579905,
        0.398522258
      ],
      [
        -0.0240937453,
        0.586092,
        0.8098862
      ],
      [
        -0.703227758,
        0.565867841,
        -0.4304234
      ]
    ],
    "translation": [
      1.26712012,
      1.69794607,
      -1.12764585
    ]
  },
  {
    "timeStamp": 1936,
    "rotation": [
      [
        -0.722977757,
        -0.5696484,
        0.390901268
      ],
      [
        -0.0246572718,
        0.5867243,
        0.8094113
      ],
      [
        -0.6904311,
        0.5755478,
        -0.4382346
      ]
    ],
    "translation": [
      1.26624131,
      1.69849372,
      -1.12841058
    ]
  },
  {
    "timeStamp": 1992,
    "rotation": [
      [
        -0.735076249,
        -0.56013,
        0.381991148
      ],
      [
        -0.0260625947,
        0.58635056,
        0.809638
      ],
      [
        -0.677483261,
        0.58519,
        -0.445610821
      ]
    ],
    "translation": [
      1.26500988,
      1.69916034,
      -1.1296165
    ]
  },
  {
    "timeStamp": 2036,
    "rotation": [
      [
        -0.741883755,
        -0.5551454,
        0.376061171
      ],
      [
        -0.027177725,
        0.5852776,
        0.810377359
      ],
      [
        -0.6699775,
        0.5909853,
        -0.449295551
      ]
    ],
    "translation": [
      1.2634449,
      1.699506,
      -1.13039982
    ]
  },
  {
    "timeStamp": 2091,
    "rotation": [
      [
        -0.7486512,
        -0.55102855,
        0.3686311
      ],
      [
        -0.0303751249,
        0.583960533,
        0.811213553
      ],
      [
        -0.6622678,
        0.5961188,
        -0.453920335
      ]
    ],
    "translation": [
      1.261509,
      1.69966006,
      -1.13142109
    ]
  },
  {
    "timeStamp": 2136,
    "rotation": [
      [
        -0.7542208,
        -0.5478456,
        0.3619616
      ],
      [
        -0.03304213,
        0.58221674,
        0.8123619
      ],
      [
        -0.655789,
        0.600740254,
        -0.457221955
      ]
    ],
    "translation": [
      1.25935459,
      1.69980609,
      -1.13263142
    ]
  },
  {
    "timeStamp": 2192,
    "rotation": [
      [
        -0.758707762,
        -0.5474981,
        0.352999121
      ],
      [
        -0.0386884771,
        0.578796566,
        0.814553738
      ],
      [
        -0.65028125,
        0.6043512,
        -0.4603193
      ]
    ],
    "translation": [
      1.2561276,
      1.700135,
      -1.133864
    ]
  },
  {
    "timeStamp": 2236,
    "rotation": [
      [
        -0.760137558,
        -0.5505148,
        0.345143944
      ],
      [
        -0.043791838,
        0.573382854,
        0.818116367
      ],
      [
        -0.6482848,
        0.606766462,
        -0.459957868
      ]
    ],
    "translation": [
      1.25310183,
      1.7007457,
      -1.13434386
    ]
  },
  {
    "timeStamp": 2291,
    "rotation": [
      [
        -0.758710742,
        -0.5598076,
        0.333126783
      ],
      [
        -0.0482354127,
        0.5582537,
        0.828267
      ],
      [
        -0.649639368,
        0.61234653,
        -0.4505556
      ]
    ],
    "translation": [
      1.24816608,
      1.701729,
      -1.13287961
    ]
  },
  {
    "timeStamp": 2336,
    "rotation": [
      [
        -0.753221869,
        -0.575154364,
        0.319146156
      ],
      [
        -0.05090084,
        0.534708738,
        0.843502045
      ],
      [
        -0.6557941,
        0.6190994,
        -0.432030171
      ]
    ],
    "translation": [
      1.24334621,
      1.7022841,
      -1.12989485
    ]
  },
  {
    "timeStamp": 2391,
    "rotation": [
      [
        -0.7411706,
        -0.598450065,
        0.304177046
      ],
      [
        -0.0504987761,
        0.5015231,
        0.863669157
      ],
      [
        -0.6694147,
        0.624765635,
        -0.40193516
      ]
    ],
    "translation": [
      1.237154,
      1.70223022,
      -1.12505794
    ]
  },
  {
    "timeStamp": 2436,
    "rotation": [
      [
        -0.730798662,
        -0.614212155,
        0.297786325
      ],
      [
        -0.0472021028,
        0.480686158,
        0.8756214
      ],
      [
        -0.680959046,
        0.6258468,
        -0.380276918
      ]
    ],
    "translation": [
      1.23302436,
      1.7021668,
      -1.12132072
    ]
  },
  {
    "timeStamp": 2491,
    "rotation": [
      [
        -0.718368,
        -0.6306993,
        0.2935402
      ],
      [
        -0.0429903828,
        0.461398631,
        0.8861508
      ],
      [
        -0.6943337,
        0.623962939,
        -0.358568
      ]
    ],
    "translation": [
      1.22921824,
      1.70194292,
      -1.11739683
    ]
  },
  {
    "timeStamp": 2536,
    "rotation": [
      [
        -0.7095327,
        -0.6406583,
        0.293462783
      ],
      [
        -0.0386124626,
        0.451173931,
        0.8916003
      ],
      [
        -0.703613937,
        0.62128824,
        -0.344860017
      ]
    ],
    "translation": [
      1.2269311,
      1.70168233,
      -1.11483347
    ]
  },
  {
    "timeStamp": 2591,
    "rotation": [
      [
        -0.700847566,
        -0.6497004,
        0.294452161
      ],
      [
        -0.0330865271,
        0.4419614,
        0.8964237
      ],
      [
        -0.7125433,
        0.618514,
        -0.3312439
      ]
    ],
    "translation": [
      1.22471023,
      1.70136166,
      -1.1122086
    ]
  },
  {
    "timeStamp": 2636,
    "rotation": [
      [
        -0.69470185,
        -0.6559839,
        0.2950837
      ],
      [
        -0.02994621,
        0.436259329,
        0.8993225
      ],
      [
        -0.7186742,
        0.615924358,
        -0.3227144
      ]
    ],
    "translation": [
      1.22303486,
      1.701416,
      -1.11049938
    ]
  },
  {
    "timeStamp": 2691,
    "rotation": [
      [
        -0.6865357,
        -0.665039957,
        0.2939227
      ],
      [
        -0.0280563012,
        0.4281711,
        0.9032621
      ],
      [
        -0.7265546,
        0.6118753,
        -0.3126133
      ]
    ],
    "translation": [
      1.22061419,
      1.70115948,
      -1.10882556
    ]
  },
  {
    "timeStamp": 2736,
    "rotation": [
      [
        -0.6807185,
        -0.6728255,
        0.289703518
      ],
      [
        -0.028608242,
        0.419590622,
        0.9072625
      ],
      [
        -0.7319862,
        0.609302461,
        -0.30487147
      ]
    ],
    "translation": [
      1.21807122,
      1.70078921,
      -1.10779238
    ]
  },
  {
    "timeStamp": 2791,
    "rotation": [
      [
        -0.673060834,
        -0.683059335,
        0.283582449
      ],
      [
        -0.03094661,
        0.409108073,
        0.911961
      ],
      [
        -0.738939345,
        0.605029345,
        -0.296493
      ]
    ],
    "translation": [
      1.21515155,
      1.70048165,
      -1.10702014
    ]
  },
  {
    "timeStamp": 2836,
    "rotation": [
      [
        -0.667572439,
        -0.6894918,
        0.2809767
      ],
      [
        -0.0324969329,
        0.404003769,
        0.9141799
      ],
      [
        -0.7438352,
        0.601150453,
        -0.292108178
      ]
    ],
    "translation": [
      1.21366072,
      1.70058882,
      -1.10699034
    ]
  },
  {
    "timeStamp": 2891,
    "rotation": [
      [
        -0.6619236,
        -0.694723964,
        0.281452984
      ],
      [
        -0.0337925665,
        0.402761161,
        0.914681137
      ],
      [
        -0.7488092,
        0.595937967,
        -0.2900736
      ]
    ],
    "translation": [
      1.21304178,
      1.70057511,
      -1.10752916
    ]
  },
  {
    "timeStamp": 2936,
    "rotation": [
      [
        -0.6580992,
        -0.6975681,
        0.28338
      ],
      [
        -0.0328284279,
        0.402594924,
        0.9147894
      ],
      [
        -0.752215266,
        0.592719257,
        -0.28784743
      ]
    ],
    "translation": [
      1.213047,
      1.70070446,
      -1.10797429
    ]
  },
  {
    "timeStamp": 2991,
    "rotation": [
      [
        -0.6533808,
        -0.7004264,
        0.28722173
      ],
      [
        -0.0312246811,
        0.404017985,
        0.914217949
      ],
      [
        -0.756385148,
        0.588364065,
        -0.2858482
      ]
    ],
    "translation": [
      1.213515,
      1.7009201,
      -1.10864115
    ]
  },
  {
    "timeStamp": 3036,
    "rotation": [
      [
        -0.649449766,
        -0.7039658,
        0.287484318
      ],
      [
        -0.0313709974,
        0.402550548,
        0.91486007
      ],
      [
        -0.7597571,
        0.58513695,
        -0.28352046
      ]
    ],
    "translation": [
      1.21316552,
      1.70117378,
      -1.10866547
    ]
  },
  {
    "timeStamp": 3091,
    "rotation": [
      [
        -0.64416194,
        -0.709507644,
        0.285752058
      ],
      [
        -0.0308151655,
        0.397355348,
        0.9171473
      ],
      [
        -0.76426816,
        0.5819859,
        -0.2778248
      ]
    ],
    "translation": [
      1.21242332,
      1.70106113,
      -1.10808325
    ]
  },
  {
    "timeStamp": 3136,
    "rotation": [
      [
        -0.641141832,
        -0.712661,
        0.2846952
      ],
      [
        -0.02997822,
        0.39395082,
        0.9186425
      ],
      [
        -0.766836643,
        0.5804455,
        -0.273942679
      ]
    ],
    "translation": [
      1.212039,
      1.70099878,
      -1.10753155
    ]
  },
  {
    "timeStamp": 3191,
    "rotation": [
      [
        -0.6374158,
        -0.7158108,
        0.285159618
      ],
      [
        -0.0286832079,
        0.391874254,
        0.9195716
      ],
      [
        -0.7699859,
        0.577970147,
        -0.2703186
      ]
    ],
    "translation": [
      1.21152616,
      1.700769,
      -1.10688925
    ]
  },
  {
    "timeStamp": 3236,
    "rotation": [
      [
        -0.634573042,
        -0.718932152,
        0.283643544
      ],
      [
        -0.029441366,
        0.389223844,
        0.9206726
      ],
      [
        -0.772302,
        0.57588315,
        -0.2681573
      ]
    ],
    "translation": [
      1.21107793,
      1.7006619,
      -1.106621
    ]
  },
  {
    "timeStamp": 3291,
    "rotation": [
      [
        -0.6309586,
        -0.7220507,
        0.283785135
      ],
      [
        -0.0293222051,
        0.387722224,
        0.921309769
      ],
      [
        -0.7752622,
        0.572987139,
        -0.2658088
      ]
    ],
    "translation": [
      1.21096134,
      1.7004478,
      -1.1065135
    ]
  },
  {
    "timeStamp": 3336,
    "rotation": [
      [
        -0.6292717,
        -0.720281959,
        0.291909039
      ],
      [
        -0.02424872,
        0.393611044,
        0.9189572
      ],
      [
        -0.776806951,
        0.5711953,
        -0.2651542
      ]
    ],
    "translation": [
      1.21251082,
      1.70065188,
      -1.10716116
    ]
  },
  {
    "timeStamp": 3391,
    "rotation": [
      [
        -0.633636236,
        -0.7011096,
        0.327032745
      ],
      [
        -0.004522819,
        0.4260743,
        0.904676855
      ],
      [
        -0.7736179,
        0.571756959,
        -0.2731471
      ]
    ],
    "translation": [
      1.220654,
      1.70151472,
      -1.110359
    ]
  },
  {
    "timeStamp": 3435,
    "rotation": [
      [
        -0.6299749,
        -0.675670862,
        0.382884473
      ],
      [
        0.0143782673,
        0.482784957,
        0.8756209
      ],
      [
        -0.7764824,
        0.557124436,
        -0.294427425
      ]
    ],
    "translation": [
      1.23207641,
      1.70212173,
      -1.11609
    ]
  },
  {
    "timeStamp": 3491,
    "rotation": [
      [
        -0.6158564,
        -0.641738951,
        0.457047135
      ],
      [
        0.0277563576,
        0.5620804,
        0.826616764
      ],
      [
        -0.7873693,
        0.5217632,
        -0.3283485
      ]
    ],
    "translation": [
      1.24878645,
      1.7014153,
      -1.12497735
    ]
  },
  {
    "timeStamp": 3536,
    "rotation": [
      [
        -0.604418039,
        -0.6069553,
        0.5160272
      ],
      [
        0.03964667,
        0.624013364,
        0.78040725
      ],
      [
        -0.795680165,
        0.492151,
        -0.353101164
      ]
    ],
    "translation": [
      1.262564,
      1.70000768,
      -1.13243937
    ]
  },
  {
    "timeStamp": 3591,
    "rotation": [
      [
        -0.588157654,
        -0.5555293,
        0.5877565
      ],
      [
        0.0521224476,
        0.6992017,
        0.7130219
      ],
      [
        -0.8070649,
        0.450004578,
        -0.3822853
      ]
    ],
    "translation": [
      1.27964783,
      1.69732332,
      -1.14160585
    ]
  },
  {
    "timeStamp": 3636,
    "rotation": [
      [
        -0.566611767,
        -0.5096222,
        0.6474846
      ],
      [
        0.05683636,
        0.7597526,
        0.647723436
      ],
      [
        -0.8220223,
        0.4038084,
        -0.4015197
      ]
    ],
    "translation": [
      1.292336,
      1.69381273,
      -1.14827108
    ]
  },
  {
    "timeStamp": 3691,
    "rotation": [
      [
        -0.5267305,
        -0.449836373,
        0.7212505
      ],
      [
        0.06316874,
        0.825437,
        0.56094867
      ],
      [
        -0.847682,
        0.341029257,
        -0.406367272
      ]
    ],
    "translation": [
      1.30758691,
      1.68813062,
      -1.15423632
    ]
  },
  {
    "timeStamp": 3736,
    "rotation": [
      [
        -0.48443538,
        -0.4019557,
        0.777016044
      ],
      [
        0.07428199,
        0.866086662,
        0.494344115
      ],
      [
        -0.8716676,
        0.2971961,
        -0.389704973
      ]
    ],
    "translation": [
      1.31880355,
      1.6833,
      -1.15670371
    ]
  },
  {
    "timeStamp": 3792,
    "rotation": [
      [
        -0.4231223,
        -0.3361096,
        0.8414261
      ],
      [
        0.09123573,
        0.908127367,
        0.4086327
      ],
      [
        -0.901467443,
        0.249669731,
        -0.353583753
      ]
    ],
    "translation": [
      1.33214736,
      1.67652225,
      -1.15732288
    ]
  },
  {
    "timeStamp": 3836,
    "rotation": [
      [
        -0.360717863,
        -0.2657234,
        0.894021034
      ],
      [
        0.102729611,
        0.9414039,
        0.3212558
      ],
      [
        -0.9270001,
        0.207725152,
        -0.312283546
      ]
    ],
    "translation": [
      1.34195137,
      1.67006373,
      -1.15547264
    ]
  },
  {
    "timeStamp": 3892,
    "rotation": [
      [
        -0.2550601,
        -0.163077369,
        0.953074
      ],
      [
        0.108846113,
        0.9745675,
        0.195884272
      ],
      [
        -0.96077925,
        0.153700665,
        -0.230822966
      ]
    ],
    "translation": [
      1.35306907,
      1.66054475,
      -1.14951372
    ]
  },
  {
    "timeStamp": 3937,
    "rotation": [
      [
        -0.159630269,
        -0.08152758,
        0.9838046
      ],
      [
        0.10687378,
        0.9892991,
        0.09932405
      ],
      [
        -0.9813747,
        0.12099804,
        -0.149208918
      ]
    ],
    "translation": [
      1.36057162,
      1.65246093,
      -1.1421833
    ]
  },
  {
    "timeStamp": 3992,
    "rotation": [
      [
        -0.0239916556,
        0.029327862,
        0.9992819
      ],
      [
        0.101929508,
        0.9944322,
        -0.0267383158
      ],
      [
        -0.994502246,
        0.101214811,
        -0.02684745
      ]
    ],
    "translation": [
      1.36798644,
      1.64104486,
      -1.12925029
    ]
  },
  {
    "timeStamp": 4036,
    "rotation": [
      [
        0.101218887,
        0.122238457,
        0.9873259
      ],
      [
        0.09683484,
        0.9865,
        -0.132063538
      ],
      [
        -0.990140259,
        0.108974867,
        0.08801549
      ]
    ],
    "translation": [
      1.37078857,
      1.63090849,
      -1.11614275
    ]
  },
  {
    "timeStamp": 4092,
    "rotation": [
      [
        0.265370518,
        0.22045818,
        0.93860364
      ],
      [
        0.0866625,
        0.9641125,
        -0.250951678
      ],
      [
        -0.9602438,
        0.14793691,
        0.236741573
      ]
    ],
    "translation": [
      1.37079859,
      1.61791134,
      -1.09799576
    ]
  },
  {
    "timeStamp": 4136,
    "rotation": [
      [
        0.397940546,
        0.275907934,
        0.874938965
      ],
      [
        0.07159388,
        0.941456,
        -0.3294462
      ],
      [
        -0.9146134,
        0.193740278,
        0.354890227
      ]
    ],
    "translation": [
      1.3687408,
      1.60878181,
      -1.08239889
    ]
  },
  {
    "timeStamp": 4192,
    "rotation": [
      [
        0.5506787,
        0.3151903,
        0.7729218
      ],
      [
        0.0473044477,
        0.9126961,
        -0.405891657
      ],
      [
        -0.8333759,
        0.26007852,
        0.4876924
      ]
    ],
    "translation": [
      1.36284709,
      1.59845853,
      -1.06364572
    ]
  },
  {
    "timeStamp": 4237,
    "rotation": [
      [
        0.6559655,
        0.325130075,
        0.6811752
      ],
      [
        0.0274044573,
        0.891614735,
        -0.451964736
      ],
      [
        -0.754293144,
        0.315140516,
        0.5759585
      ]
    ],
    "translation": [
      1.35648966,
      1.59133983,
      -1.04997849
    ]
  },
  {
    "timeStamp": 4292,
    "rotation": [
      [
        0.7568874,
        0.3242862,
        0.5674151
      ],
      [
        -0.00308790524,
        0.8699756,
        -0.493085027
      ],
      [
        -0.653538,
        0.3714577,
        0.659474969
      ]
    ],
    "translation": [
      1.34817028,
      1.58353531,
      -1.03564811
    ]
  },
  {
    "timeStamp": 4336,
    "rotation": [
      [
        0.8161518,
        0.317929775,
        0.482510954
      ],
      [
        -0.0257377252,
        0.8542015,
        -0.5193047
      ],
      [
        -0.577264,
        0.411412716,
        0.7053409
      ]
    ],
    "translation": [
      1.34156513,
      1.57717466,
      -1.02621377
    ]
  },
  {
    "timeStamp": 4392,
    "rotation": [
      [
        0.8647702,
        0.3145164,
        0.391474038
      ],
      [
        -0.04663065,
        0.8264941,
        -0.5610108
      ],
      [
        -0.4999981,
        0.466890723,
        0.729393542
      ]
    ],
    "translation": [
      1.333431,
      1.569736,
      -1.01883256
    ]
  },
  {
    "timeStamp": 4436,
    "rotation": [
      [
        0.8864447,
        0.310233653,
        0.343468815
      ],
      [
        -0.05761547,
        0.8102916,
        -0.583187759
      ],
      [
        -0.459234357,
        0.497174561,
        0.736152947
      ]
    ],
    "translation": [
      1.3303299,
      1.56647086,
      -1.01325393
    ]
  },
  {
    "timeStamp": 4492,
    "rotation": [
      [
        0.9046265,
        0.297255129,
        0.305434674
      ],
      [
        -0.0546467267,
        0.791618,
        -0.608567655
      ],
      [
        -0.422687441,
        0.5338354,
        0.7323627
      ]
    ],
    "translation": [
      1.32698035,
      1.56142867,
      -1.00971961
    ]
  },
  {
    "timeStamp": 4536,
    "rotation": [
      [
        0.9143373,
        0.288629264,
        0.2840432
      ],
      [
        -0.0491416119,
        0.775321364,
        -0.6296522
      ],
      [
        -0.4019608,
        0.561756134,
        0.7230889
      ]
    ],
    "translation": [
      1.32511568,
      1.55784845,
      -1.00843859
    ]
  },
  {
    "timeStamp": 4591,
    "rotation": [
      [
        0.923130751,
        0.2803546,
        0.263117671
      ],
      [
        -0.04455588,
        0.7577289,
        -0.651046634
      ],
      [
        -0.381895781,
        0.589277744,
        0.711974263
      ]
    ],
    "translation": [
      1.32246184,
      1.55325162,
      -1.007416
    ]
  },
  {
    "timeStamp": 4636,
    "rotation": [
      [
        0.932661355,
        0.267741323,
        0.241779476
      ],
      [
        -0.0420740061,
        0.746363759,
        -0.664207
      ],
      [
        -0.3582911,
        0.6093075,
        0.707369566
      ]
    ],
    "translation": [
      1.3201685,
      1.54977226,
      -1.00738049
    ]
  },
  {
    "timeStamp": 4691,
    "rotation": [
      [
        0.9456157,
        0.249447584,
        0.208774567
      ],
      [
        -0.04275235,
        0.7315579,
        -0.680437565
      ],
      [
        -0.322464168,
        0.6345069,
        0.702437162
      ]
    ],
    "translation": [
      1.31639,
      1.54554176,
      -1.00932789
    ]
  },
  {
    "timeStamp": 4736,
    "rotation": [
      [
        0.9538198,
        0.23704,
        0.184498861
      ],
      [
        -0.0480664335,
        0.7267497,
        -0.6852185
      ],
      [
        -0.2965087,
        0.6447068,
        0.704582
      ]
    ],
    "translation": [
      1.31317377,
      1.54330218,
      -1.01208258
    ]
  },
  {
    "timeStamp": 4791,
    "rotation": [
      [
        0.959130943,
        0.232175291,
        0.161747858
      ],
      [
        -0.05722648,
        0.7189708,
        -0.692680359
      ],
      [
        -0.277115256,
        0.6551149,
        0.702873766
      ]
    ],
    "translation": [
      1.30892777,
      1.541352,
      -1.01906312
    ]
  },
  {
    "timeStamp": 4836,
    "rotation": [
      [
        0.961355269,
        0.23201327,
        0.148208588
      ],
      [
        -0.06538706,
        0.7153455,
        -0.695704937
      ],
      [
        -0.2674331,
        0.6591287,
        0.702871859
      ]
    ],
    "translation": [
      1.30556083,
      1.54021859,
      -1.0266732
    ]
  },
  {
    "timeStamp": 4891,
    "rotation": [
      [
        0.967129469,
        0.21640186,
        0.133532286
      ],
      [
        -0.06469528,
        0.71725,
        -0.6938062
      ],
      [
        -0.245916978,
        0.6623615,
        0.7076737
      ]
    ],
    "translation": [
      1.301661,
      1.53873432,
      -1.03769779
    ]
  },
  {
    "timeStamp": 4936,
    "rotation": [
      [
        0.972601652,
        0.200626567,
        0.117451914
      ],
      [
        -0.06460407,
        0.7185671,
        -0.692450464
      ],
      [
        -0.22332105,
        0.665890634,
        0.711840868
      ]
    ],
    "translation": [
      1.298873,
      1.53709435,
      -1.04801738
    ]
  },
  {
    "timeStamp": 4991,
    "rotation": [
      [
        0.9756266,
        0.194929749,
        0.100772567
      ],
      [
        -0.07129653,
        0.7159016,
        -0.6945514
      ],
      [
        -0.207531974,
        0.6704381,
        0.7123505
      ]
    ],
    "translation": [
      1.29612088,
      1.53414857,
      -1.06165719
    ]
  },
  {
    "timeStamp": 5036,
    "rotation": [
      [
        0.975992,
        0.198256209,
        0.0901884362
      ],
      [
        -0.0793058053,
        0.709125638,
        -0.7006079
      ],
      [
        -0.2028548,
        0.676635265,
        0.7078239
      ]
    ],
    "translation": [
      1.2942915,
      1.53215444,
      -1.0718894
    ]
  },
  {
    "timeStamp": 5091,
    "rotation": [
      [
        0.9741989,
        0.208335176,
        0.0867928863
      ],
      [
        -0.086626336,
        0.7002771,
        -0.708595753
      ],
      [
        -0.208404481,
        0.682794631,
        0.7002564
      ]
    ],
    "translation": [
      1.29071164,
      1.53134143,
      -1.08305383
    ]
  },
  {
    "timeStamp": 5136,
    "rotation": [
      [
        0.971177638,
        0.219329923,
        0.09331879
      ],
      [
        -0.0883000046,
        0.6947096,
        -0.7138499
      ],
      [
        -0.2213981,
        0.68503505,
        0.6940533
      ]
    ],
    "translation": [
      1.28590846,
      1.53130245,
      -1.0903666
    ]
  },
  {
    "timeStamp": 5191,
    "rotation": [
      [
        0.972368,
        0.208991155,
        0.104034446
      ],
      [
        -0.07252459,
        0.694006264,
        -0.7163068
      ],
      [
        -0.221902356,
        0.6889688,
        0.689986467
      ]
    ],
    "translation": [
      1.27865529,
      1.53169489,
      -1.09691954
    ]
  },
  {
    "timeStamp": 5236,
    "rotation": [
      [
        0.975270748,
        0.190574586,
        0.111929774
      ],
      [
        -0.0541188866,
        0.696942568,
        -0.715082
      ],
      [
        -0.214285076,
        0.691341043,
        0.690021336
      ]
    ],
    "translation": [
      1.27217889,
      1.53230286,
      -1.09937072
    ]
  },
  {
    "timeStamp": 5291,
    "rotation": [
      [
        0.9769105,
        0.17592366,
        0.121230312
      ],
      [
        -0.0361910425,
        0.695490062,
        -0.7176237
      ],
      [
        -0.210561469,
        0.696666658,
        0.685798347
      ]
    ],
    "translation": [
      1.26352286,
      1.532352,
      -1.10035229
    ]
  },
  {
    "timeStamp": 5336,
    "rotation": [
      [
        0.977962554,
        0.166456938,
        0.126021191
      ],
      [
        -0.0249224454,
