[
  {
    "timeStamp": 6630,
    "rotation": [
      [
        0.0595939346,
        0.997440159,
        0.0395165123
      ],
      [
        -0.9982207,
        0.0594688542,
        0.004334261
      ],
      [
        0.0019731645,
        -0.0397044979,
        0.999209464
      ]
    ],
    "translation": [
      1.76357388,
      0.7488275,
      -0.431540132
    ]
  },
  {
    "timeStamp": 6674,
    "rotation": [
      [
        0.00294980058,
        0.999349236,
        0.035949152
      ],
      [
        -0.9999924,
        0.003039835,
        -0.00245009176
      ],
      [
        -0.00255777687,
        -0.03594165,
        0.9993506
      ]
    ],
    "translation": [
      1.75838077,
      0.750563443,
      -0.433942974
    ]
  },
  {
    "timeStamp": 6730,
    "rotation": [
      [
        0.00659356546,
        0.999492347,
        0.03116965
      ],
      [
        -0.9999777,
        0.00655790139,
        0.00124627713
      ],
      [
        0.00104123692,
        -0.0311771724,
        0.9995133
      ]
    ],
    "translation": [
      1.74943662,
      0.750486255,
      -0.439816743
    ]
  },
  {
    "timeStamp": 6776,
    "rotation": [
      [
        0.002664257,
        0.9989161,
        0.0464712828
      ],
      [
        -0.999681532,
        0.00149442151,
        0.0251898989
      ],
      [
        0.0250931475,
        -0.0465235971,
        0.998602
      ]
    ],
    "translation": [
      1.74760473,
      0.750477,
      -0.444574952
    ]
  },
  {
    "timeStamp": 6830,
    "rotation": [
      [
        0.0297947265,
        0.9820571,
        0.186215073
      ],
      [
        -0.986035347,
        -0.00166112976,
        0.166527763
      ],
      [
        0.1638491,
        -0.1885763,
        0.968293548
      ]
    ],
    "translation": [
      1.73435211,
      0.750652134,
      -0.428812683
    ]
  },
  {
    "timeStamp": 6874,
    "rotation": [
      [
        -0.00574823935,
        0.9695735,
        0.2447329
      ],
      [
        -0.9520931,
        -0.08013712,
        0.2951216
      ],
      [
        0.305754274,
        -0.231312066,
        0.9235849
      ]
    ],
    "translation": [
      1.73075187,
      0.7552768,
      -0.4192217
    ]
  },
  {
    "timeStamp": 6930,
    "rotation": [
      [
        -0.00783153251,
        0.96525,
        0.261210829
      ],
      [
        -0.9202954,
        -0.1091351,
        0.375693977
      ],
      [
        0.391145885,
        -0.237448841,
        0.8891698
      ]
    ],
    "translation": [
      1.7327503,
      0.776865,
      -0.416844577
    ]
  },
  {
    "timeStamp": 6974,
    "rotation": [
      [
        0.01881736,
        0.959598243,
        0.280743867
      ],
      [
        -0.8859608,
        -0.114133134,
        0.4494965
      ],
      [
        0.463378221,
        -0.2571864,
        0.848018765
      ]
    ],
    "translation": [
      1.738486,
      0.795264959,
      -0.4197647
    ]
  },
  {
    "timeStamp": 7030,
    "rotation": [
      [
        0.06004183,
        0.9574583,
        0.2822562
      ],
      [
        -0.8184454,
        -0.114655025,
        0.5630288
      ],
      [
        0.5714387,
        -0.264816523,
        0.776743233
      ]
    ],
    "translation": [
      1.7520144,
      0.8208637,
      -0.424278
    ]
  },
  {
    "timeStamp": 7074,
    "rotation": [
      [
        0.116319135,
        0.954402745,
        0.2749276
      ],
      [
        -0.7462287,
        -0.0986933857,
        0.658333
      ],
      [
        0.6554484,
        -0.2817356,
        0.700722754
      ]
    ],
    "translation": [
      1.76728535,
      0.841937,
      -0.4345647
    ]
  },
  {
    "timeStamp": 7132,
    "rotation": [
      [
        0.202762365,
        0.935918152,
        0.2880012
      ],
      [
        -0.6579494,
        -0.08761715,
        0.747947752
      ],
      [
        0.7252517,
        -0.341145873,
        0.5980213
      ]
    ],
    "translation": [
      1.7941469,
      0.8688045,
      -0.448794454
    ]
  },
  {
    "timeStamp": 7173,
    "rotation": [
      [
        0.304327637,
        0.8965085,
        0.321958154
      ],
      [
        -0.5822318,
        -0.09243934,
        0.807750642
      ],
      [
        0.7539169,
        -0.4332751,
        0.493843973
      ]
    ],
    "translation": [
      1.82295871,
      0.889760256,
      -0.465968817
    ]
  },
  {
    "timeStamp": 7229,
    "rotation": [
      [
        0.4455089,
        0.820021868,
        0.359285355
      ],
      [
        -0.4867519,
        -0.1149583,
        0.865942955
      ],
      [
        0.751395,
        -0.5606681,
        0.347932279
      ]
    ],
    "translation": [
      1.87015188,
      0.9176156,
      -0.488685369
    ]
  },
  {
    "timeStamp": 7273,
    "rotation": [
      [
        0.5935513,
        0.719333649,
        0.36090982
      ],
      [
        -0.4054755,
        -0.120083675,
        0.906184
      ],
      [
        0.695188046,
        -0.6842068,
        0.220396355
      ]
    ],
    "translation": [
      1.91128743,
      0.9339644,
      -0.515016139
    ]
  },
  {
    "timeStamp": 7328,
    "rotation": [
      [
        0.75809,
        0.574624538,
        0.3083929
      ],
      [
        -0.306786,
        -0.1030661,
        0.946181655
      ],
      [
        0.575484037,
        -0.8119015,
        0.09815338
      ]
    ],
    "translation": [
      1.9687506,
      0.9457979,
      -0.554641843
    ]
  },
  {
    "timeStamp": 7373,
    "rotation": [
      [
        0.870904,
        0.427042663,
        0.243229732
      ],
      [
        -0.229231134,
        -0.0848029,
        0.969670832
      ],
      [
        0.434717417,
        -0.900246143,
        0.0240362864
      ]
    ],
    "translation": [
      2.01520944,
      0.9488021,
      -0.5888276
    ]
  },
  {
    "timeStamp": 7420,
    "rotation": [
      [
        0.9344455,
        0.290030241,
        0.206625462
      ],
      [
        -0.193017632,
        -0.07509829,
        0.978317142
      ],
      [
        0.2992588,
        -0.954066455,
        -0.0141943051
      ]
    ],
    "translation": [
      2.054922,
      0.9448156,
      -0.6225392
    ]
  },
  {
    "timeStamp": 7480,
    "rotation": [
      [
        0.952919364,
        0.137023389,
        0.270498216
      ],
      [
        -0.2631206,
        -0.0697094649,
        0.962241232
      ],
      [
        0.150705829,
        -0.9881119,
        -0.03037382
      ]
    ],
    "translation": [
      2.09225941,
      0.9253499,
      -0.6588644
    ]
  },
  {
    "timeStamp": 7524,
    "rotation": [
      [
        0.9587985,
        0.09264603,
        0.2685556
      ],
      [
        -0.2671736,
        -0.0272445884,
        0.9632632
      ],
      [
        0.0965592,
        -0.99532634,
        -0.0013695003
      ]
    ],
    "translation": [
      2.10734987,
      0.9113848,
      -0.6696444
    ]
  },
  {
    "timeStamp": 7580,
    "rotation": [
      [
        0.96901983,
        0.10498821,
        0.223557517
      ],
      [
        -0.231176749,
        0.06694714,
        0.9706057
      ],
      [
        0.08693561,
        -0.9922175,
        0.08914394
      ]
    ],
    "translation": [
      2.11570072,
      0.888399065,
      -0.672200859
    ]
  },
  {
    "timeStamp": 7624,
    "rotation": [
      [
        0.9703755,
        0.1291896,
        0.204160377
      ],
      [
        -0.222573444,
        0.1493042,
        0.963415444
      ],
      [
        0.09398124,
        -0.9803154,
        0.1736353
      ]
    ],
    "translation": [
      2.116912,
      0.873603046,
      -0.6689462
    ]
  },
  {
    "timeStamp": 7679,
    "rotation": [
      [
        0.9736231,
        0.141551316,
        0.178944767
      ],
      [
        -0.2086629,
        0.235165879,
        0.9492928
      ],
      [
        0.09229192,
        -0.961592555,
        0.258499444
      ]
    ],
    "translation": [
      2.12226677,
      0.8578456,
      -0.6657587
    ]
  },
  {
    "timeStamp": 7724,
    "rotation": [
      [
        0.9778856,
        0.145197958,
        0.150523424
      ],
      [
        -0.187809661,
        0.292998731,
        0.937485635
      ],
      [
        0.09201784,
        -0.9450234,
        0.313788831
      ]
    ],
    "translation": [
      2.12683463,
      0.847506642,
      -0.661336541
    ]
  },
  {
    "timeStamp": 7779,
    "rotation": [
      [
        0.9821623,
        0.143484354,
        0.121529721
      ],
      [
        -0.165271923,
        0.3504856,
        0.9218704
      ],
      [
        0.08967958,
        -0.925511837,
        0.367947668
      ]
    ],
    "translation": [
      2.132896,
      0.835142255,
      -0.6572953
    ]
  },
  {
    "timeStamp": 7824,
    "rotation": [
      [
        0.983521461,
        0.160355821,
        0.0834954754
      ],
      [
        -0.141114146,
        0.3922043,
        0.908989847
      ],
      [
        0.113014519,
        -0.9057934,
        0.4083698
      ]
    ],
    "translation": [
      2.13543773,
      0.8251528,
      -0.6521049
    ]
  },
  {
    "timeStamp": 7870,
    "rotation": [
      [
        0.9853745,
        0.160988674,
        0.0558545738
      ],
      [
        -0.120237306,
        0.424609154,
        0.8973572
      ],
      [
        0.120747983,
        -0.8909487,
        0.437755883
      ]
    ],
    "translation": [
      2.13851643,
      0.814265847,
      -0.649081051
    ]
  },
  {
    "timeStamp": 7927,
    "rotation": [
      [
        0.9854911,
        0.163900971,
        0.0440879948
      ],
      [
        -0.107449338,
        0.401393354,
        0.909581244
      ],
      [
        0.131384626,
        -0.901121438,
        0.413180649
      ]
    ],
    "translation": [
      2.14182687,
      0.8045101,
      -0.645843267
    ]
  },
  {
    "timeStamp": 7972,
    "rotation": [
      [
        0.9838842,
        0.176735014,
        0.0271401443
      ],
      [
        -0.08926601,
        0.353978455,
        0.9309838
      ],
      [
        0.1549304,
        -0.91840297,
        0.3640502
      ]
    ],
    "translation": [
      2.145964,
      0.7962364,
      -0.6413308
    ]
  },
  {
    "timeStamp": 8029,
    "rotation": [
      [
        0.9831623,
        0.182692721,
        -0.00391355576
      ],
      [
        -0.05362719,
        0.308936357,
        0.949569643
      ],
      [
        0.1746885,
        -0.9333712,
        0.313531846
      ]
    ],
    "translation": [
      2.15168715,
      0.78821826,
      -0.6362273
    ]
  },
  {
    "timeStamp": 8073,
    "rotation": [
      [
        0.9814025,
        0.190449312,
        -0.0240477826
      ],
      [
        -0.0302592311,
        0.277189255,
        0.9603387
      ],
      [
        0.189561635,
        -0.9417511,
        0.277797073
      ]
    ],
    "translation": [
      2.15551853,
      0.7828649,
      -0.6335254
    ]
  },
  {
    "timeStamp": 8129,
    "rotation": [
      [
        0.977983534,
        0.207524836,
        -0.0219460428
      ],
      [
        -0.0256125964,
        0.223737136,
        0.974312961
      ],
      [
        0.207104281,
        -0.952299953,
        0.224126473
      ]
    ],
    "translation": [
      2.15736771,
      0.7754248,
      -0.628248632
    ]
  },
  {
    "timeStamp": 8173,
    "rotation": [
      [
        0.980072737,
        0.196778163,
        -0.027126031
      ],
      [
        -0.008171205,
        0.176382363,
        0.9842878
      ],
      [
        0.1984709,
        -0.964451969,
        0.174475461
      ]
    ],
    "translation": [
      2.157038,
      0.7686246,
      -0.622162461
    ]
  },
  {
    "timeStamp": 8229,
    "rotation": [
      [
        0.981385,
        0.190704241,
        -0.0227034222
      ],
      [
        0.00104065624,
        0.112933427,
        0.993602037
      ],
      [
        0.192048088,
        -0.9751297,
        0.1106327
      ]
    ],
    "translation": [
      2.156177,
      0.7608225,
      -0.613986969
    ]
  },
  {
    "timeStamp": 8273,
    "rotation": [
      [
        0.9779557,
        0.208704039,
        0.006733855
      ],
      [
        -0.0221384447,
        0.07156298,
        0.997190356
      ],
      [
        0.20763576,
        -0.975357056,
        0.0746058
      ]
    ],
    "translation": [
      2.155072,
      0.7576767,
      -0.609737754
    ]
  },
  {
    "timeStamp": 8329,
    "rotation": [
      [
        0.970465243,
        0.235714555,
        0.05134042
      ],
      [
        -0.0536100641,
        0.0032258546,
        0.998556733
      ],
      [
        0.235208735,
        -0.971816957,
        0.0157672521
      ]
    ],
    "translation": [
      2.15252686,
      0.7524978,
      -0.6027744
    ]
  },
  {
    "timeStamp": 8373,
    "rotation": [
      [
        0.968901455,
        0.239095539,
        0.0637441054
      ],
      [
        -0.06106493,
        -0.0186042488,
        0.9979604
      ],
      [
        0.239793792,
        -0.9708178,
        -0.00342533225
      ]
    ],
    "translation": [
      2.15150213,
      0.7507458,
      -0.6005627
    ]
  },
  {
    "timeStamp": 8429,
    "rotation": [
      [
        0.9661696,
        0.2504379,
        0.0616200864
      ],
      [
        -0.05318419,
        -0.0403203666,
        0.997770369
      ],
      [
        0.252364039,
        -0.9672926,
        -0.0256369784
      ]
    ],
    "translation": [
      2.152905,
      0.7480841,
      -0.5984576
    ]
  },
  {
    "timeStamp": 8473,
    "rotation": [
      [
        0.961704,
        0.2649699,
        0.0701167062
      ],
      [
        -0.0583962,
        -0.05186498,
        0.996945262
      ],
      [
        0.2677971,
        -0.9628608,
        -0.0344055258
      ]
    ],
    "translation": [
      2.15353179,
      0.7469342,
      -0.5978533
    ]
  },
  {
    "timeStamp": 8529,
    "rotation": [
      [
        0.959491253,
        0.272455126,
        0.07172648
      ],
      [
        -0.05878184,
        -0.05539071,
        0.99673295
      ],
      [
        0.275537968,
        -0.9605728,
        -0.037131492
      ]
    ],
    "translation": [
      2.15417075,
      0.746681035,
      -0.5977285
    ]
  },
  {
    "timeStamp": 8573,
    "rotation": [
      [
        0.9585775,
        0.2698654,
        0.0911141858
      ],
      [
        -0.0759095848,
        -0.06627443,
        0.994909763
      ],
      [
        0.274530232,
        -0.960614562,
        -0.0430438071
      ]
    ],
    "translation": [
      2.151714,
      0.7461336,
      -0.597083
    ]
  },
  {
    "timeStamp": 8629,
    "rotation": [
      [
        0.9587661,
        0.255518943,
        0.124409005
      ],
      [
        -0.109770559,
        -0.07083046,
        0.99143
      ],
      [
        0.262141138,
        -0.964206,
        -0.0398613848
      ]
    ],
    "translation": [
      2.1464324,
      0.745846868,
      -0.597166359
    ]
  }
]