[
  {
    "timeStamp": 3404,
    "rotation": [
      [
        0.00473761931,
        0.999988735,
        0.000278426829
      ],
      [
        0.02832259,
        -0.000412501424,
        0.999598742
      ],
      [
        0.9995876,
        -0.004727832,
        -0.0283242259
      ]
    ],
    "translation": [
      1.76982939,
      0.704470754,
      -0.6194889
    ]
  },
  {
    "timeStamp": 3459,
    "rotation": [
      [
        0.00368203432,
        0.999520659,
        -0.0307393912
      ],
      [
        0.0430489555,
        0.0305526666,
        0.998605669
      ],
      [
        0.9990662,
        -0.00500021828,
        -0.0429158248
      ]
    ],
    "translation": [
      1.76977062,
      0.7088014,
      -0.6195331
    ]
  },
  {
    "timeStamp": 3506,
    "rotation": [
      [
        0.0465565473,
        0.9943595,
        -0.09529834
      ],
      [
        0.038668,
        0.0935363,
        0.9948647
      ],
      [
        0.998167,
        -0.05000245,
        -0.0340951644
      ]
    ],
    "translation": [
      1.78253567,
      0.7148931,
      -0.625186443
    ]
  },
  {
    "timeStamp": 3559,
    "rotation": [
      [
        0.03719195,
        0.961675763,
        -0.271654963
      ],
      [
        0.214050829,
        0.2578671,
        0.942171335
      ],
      [
        0.9761142,
        -0.09318914,
        -0.196256921
      ]
    ],
    "translation": [
      1.82629681,
      0.737087846,
      -0.5931793
    ]
  },
  {
    "timeStamp": 3604,
    "rotation": [
      [
        0.0841321349,
        0.976795435,
        -0.1969582
      ],
      [
        0.265806168,
        0.16849722,
        0.9491869
      ],
      [
        0.960348368,
        -0.132209808,
        -0.245462224
      ]
    ],
    "translation": [
      1.822089,
      0.7580425,
      -0.5791159
    ]
  },
  {
    "timeStamp": 3650,
    "rotation": [
      [
        0.14153111,
        0.979332,
        -0.144491643
      ],
      [
        0.329707056,
        0.0909939,
        0.9396879
      ],
      [
        0.9334142,
        -0.180634975,
        -0.3100142
      ]
    ],
    "translation": [
      1.824234,
      0.7876582,
      -0.56535995
    ]
  },
  {
    "timeStamp": 3707,
    "rotation": [
      [
        0.237334713,
        0.96572423,
        -0.105114065
      ],
      [
        0.396654338,
        0.00243461714,
        0.9179648
      ],
      [
        0.8867568,
        -0.259558856,
        -0.3824809
      ]
    ],
    "translation": [
      1.84739649,
      0.83158493,
      -0.5557656
    ]
  },
  {
    "timeStamp": 3753,
    "rotation": [
      [
        0.324659318,
        0.9418518,
        -0.0866690055
      ],
      [
        0.4252672,
        -0.0635121,
        0.9028367
      ],
      [
        0.844833851,
        -0.32997182,
        -0.421158463
      ]
    ],
    "translation": [
      1.8737781,
      0.86663264,
      -0.5533682
    ]
  },
  {
    "timeStamp": 3809,
    "rotation": [
      [
        0.459914178,
        0.88307,
        -0.09309355
      ],
      [
        0.435602039,
        -0.133015916,
        0.890257061
      ],
      [
        0.773776352,
        -0.449993581,
        -0.445842981
      ]
    ],
    "translation": [
      1.92400861,
      0.908035338,
      -0.5534927
    ]
  },
  {
    "timeStamp": 3853,
    "rotation": [
      [
        0.588365,
        0.801716566,
        -0.105247989
      ],
      [
        0.416054666,
        -0.188552752,
        0.8895765
      ],
      [
        0.6933434,
        -0.5671846,
        -0.444495767
      ]
    ],
    "translation": [
      1.97033024,
      0.9345977,
      -0.5561858
    ]
  },
  {
    "timeStamp": 3909,
    "rotation": [
      [
        0.738749564,
        0.665975749,
        -0.103563838
      ],
      [
        0.332752168,
        -0.2267713,
        0.9153419
      ],
      [
        0.586110234,
        -0.7106695,
        -0.389132053
      ]
    ],
    "translation": [
      2.027586,
      0.9492446,
      -0.571708
    ]
  },
  {
    "timeStamp": 3953,
    "rotation": [
      [
        0.8456493,
        0.5317961,
        -0.04549991
      ],
      [
        0.2208129,
        -0.27096957,
        0.936919
      ],
      [
        0.485920727,
        -0.802351832,
        -0.346572638
      ]
    ],
    "translation": [
      2.05762529,
      0.9511688,
      -0.5874428
    ]
  },
  {
    "timeStamp": 4001,
    "rotation": [
      [
        0.883549154,
        0.466999,
        -0.0353938
      ],
      [
        0.17283842,
        -0.254899353,
        0.9513954
      ],
      [
        0.435278833,
        -0.846722,
        -0.305931479
      ]
    ],
    "translation": [
      2.08936143,
      0.9438639,
      -0.6013751
    ]
  },
  {
    "timeStamp": 4059,
    "rotation": [
      [
        0.934403062,
        0.354825,
        -0.03146656
      ],
      [
        0.111009367,
        -0.206116751,
        0.9722103
      ],
      [
        0.3384787,
        -0.9119293,
        -0.231985033
      ]
    ],
    "translation": [
      2.133037,
      0.9147961,
      -0.623901248
    ]
  },
  {
    "timeStamp": 4103,
    "rotation": [
      [
        0.957561731,
        0.288027644,
        0.0107485317
      ],
      [
        0.03825467,
        -0.16396445,
        0.9857242
      ],
      [
        0.2856782,
        -0.9434806,
        -0.1680245
      ]
    ],
    "translation": [
      2.14671779,
      0.8859631,
      -0.634151161
    ]
  },
  {
    "timeStamp": 4159,
    "rotation": [
      [
        0.9694042,
        0.24545832,
        0.00238075084
      ],
      [
        0.0228825677,
        -0.1000196,
        0.9947223
      ],
      [
        0.244401,
        -0.9642335,
        -0.102576137
      ]
    ],
    "translation": [
      2.16867018,
      0.848004162,
      -0.6425715
    ]
  },
  {
    "timeStamp": 4203,
    "rotation": [
      [
        0.978181243,
        0.202757746,
        0.04528584
      ],
      [
        -0.0306752231,
        -0.07463215,
        0.9967392
      ],
      [
        0.205476373,
        -0.976380765,
        -0.06678413
      ]
    ],
    "translation": [
      2.17141461,
      0.8210285,
      -0.64294374
    ]
  },
  {
    "timeStamp": 4259,
    "rotation": [
      [
        0.9852006,
        0.158866733,
        0.06435162
      ],
      [
        -0.06113957,
        -0.02502909,
        0.9978154
      ],
      [
        0.160130337,
        -0.9869827,
        -0.01494563
      ]
    ],
    "translation": [
      2.17743158,
      0.7899201,
      -0.642132461
    ]
  },
  {
    "timeStamp": 4303,
    "rotation": [
      [
        0.9914317,
        0.120184727,
        0.0511729531
      ],
      [
        -0.05016065,
        -0.0114351064,
        0.9986757
      ],
      [
        0.120610729,
        -0.9926856,
        -0.005308584
      ]
    ],
    "translation": [
      2.189595,
      0.7713649,
      -0.635576
    ]
  },
  {
    "timeStamp": 4359,
    "rotation": [
      [
        0.996330857,
        0.0771753863,
        0.0369978547
      ],
      [
        -0.038087137,
        0.0126900673,
        0.999193847
      ],
      [
        0.07664367,
        -0.9969368,
        0.0155828949
      ]
    ],
    "translation": [
      2.20388269,
      0.7499083,
      -0.6299091
    ]
  },
  {
    "timeStamp": 4403,
    "rotation": [
      [
        0.9985635,
        0.0378906652,
        0.0378847271
      ],
      [
        -0.0391926765,
        0.0343934074,
        0.9986396
      ],
      [
        0.03653613,
        -0.99868983,
        0.0358290374
      ]
    ],
    "translation": [
      2.21157765,
      0.735316634,
      -0.62760967
    ]
  },
  {
    "timeStamp": 4460,
    "rotation": [
      [
        0.998780549,
        0.03137728,
        0.0381172448
      ],
      [
        -0.0390846767,
        0.0308188722,
        0.9987605
      ],
      [
        0.0301636532,
        -0.9990324,
        0.03200766
      ]
    ],
    "translation": [
      2.21722579,
      0.7284379,
      -0.6229238
    ]
  },
  {
    "timeStamp": 4505,
    "rotation": [
      [
        0.998186946,
        0.0262221415,
        0.0541772023
      ],
      [
        -0.0552403219,
        0.0416759551,
        0.99760294
      ],
      [
        0.0239014011,
        -0.998787,
        0.0430489145
      ]
    ],
    "translation": [
      2.2171123,
      0.727072835,
      -0.622523844
    ]
  },
  {
    "timeStamp": 4551,
    "rotation": [
      [
        0.997715056,
        0.025919782,
        0.06239222
      ],
      [
        -0.0636864156,
        0.052533716,
        0.9965863
      ],
      [
        0.02255363,
        -0.998282731,
        0.05406442
      ]
    ],
    "translation": [
      2.217515,
      0.7273618,
      -0.6219001
    ]
  },
  {
    "timeStamp": 4608,
    "rotation": [
      [
        0.9969366,
        0.03093189,
        0.07183763
      ],
      [
        -0.07334688,
        0.050789725,
        0.9960124
      ],
      [
        0.0271599516,
        -0.9982303,
        0.0529028922
      ]
    ],
    "translation": [
      2.21904445,
      0.7279953,
      -0.620222
    ]
  },
  {
    "timeStamp": 4653,
    "rotation": [
      [
        0.9967472,
        0.0325099453,
        0.07374315
      ],
      [
        -0.07528992,
        0.04924326,
        0.995945036
      ],
      [
        0.0287467614,
        -0.9982576,
        0.0515307561
      ]
    ],
    "translation": [
      2.22104478,
      0.727356732,
      -0.6175195
    ]
  },
  {
    "timeStamp": 4708,
    "rotation": [
      [
        0.9965525,
        0.0321278,
        0.07649073
      ],
      [
        -0.07800437,
        0.04884792,
        0.9957556
      ],
      [
        0.0282550436,
        -0.998289347,
        0.05118563
      ]
    ],
    "translation": [
      2.220985,
      0.727241755,
      -0.617641747
    ]
  },
  {
    "timeStamp": 4753,
    "rotation": [
      [
        0.9962114,
        0.0320711136,
        0.08083441
      ],
      [
        -0.08237639,
        0.05009015,
        0.9953417
      ],
      [
        0.0278727226,
        -0.9982296,
        0.0525422841
      ]
    ],
    "translation": [
      2.220957,
      0.7278603,
      -0.6176932
    ]
  }
]