[
  {
    "timeStamp": 16169,
    "rotation": [
      [
        0.03747523,
        0.999258339,
        -0.008852235
      ],
      [
        0.07411104,
        0.00605489127,
        0.9972316
      ],
      [
        0.996545553,
        -0.0380275324,
        -0.07382917
      ]
    ],
    "translation": [
      1.30825531,
      0.7004213,
      -0.7475402
    ]
  },
  {
    "timeStamp": 16214,
    "rotation": [
      [
        0.073847346,
        0.9970935,
        0.0187374353
      ],
      [
        0.06532056,
        -0.0235844925,
        0.9975856
      ],
      [
        0.995128036,
        -0.07244511,
        -0.0668723658
      ]
    ],
    "translation": [
      1.304746,
      0.705816,
      -0.7491842
    ]
  },
  {
    "timeStamp": 16272,
    "rotation": [
      [
        0.0636783242,
        0.995672345,
        0.06768816
      ],
      [
        0.100787155,
        -0.07389523,
        0.992159963
      ],
      [
        0.992868066,
        -0.0563569628,
        -0.1050565
      ]
    ],
    "translation": [
      1.30104816,
      0.7203892,
      -0.7449666
    ]
  },
  {
    "timeStamp": 16314,
    "rotation": [
      [
        0.0974943861,
        0.9821072,
        0.161122069
      ],
      [
        0.0907623544,
        -0.169992581,
        0.9812567
      ],
      [
        0.9910888,
        -0.08104322,
        -0.105711684
      ]
    ],
    "translation": [
      1.29495037,
      0.7434504,
      -0.746035039
    ]
  },
  {
    "timeStamp": 16370,
    "rotation": [
      [
        0.150161475,
        0.9412438,
        0.302508682
      ],
      [
        0.0593945757,
        -0.314013749,
        0.947558761
      ],
      [
        0.9868758,
        -0.124319442,
        -0.103057548
      ]
    ],
    "translation": [
      1.28487432,
      0.788139164,
      -0.745813549
    ]
  },
  {
    "timeStamp": 16414,
    "rotation": [
      [
        0.204839066,
        0.890834153,
        0.405531079
      ],
      [
        0.0573293,
        -0.424524575,
        0.90359956
      ],
      [
        0.9771153,
        -0.161843672,
        -0.138030112
      ]
    ],
    "translation": [
      1.29453814,
      0.8320953,
      -0.737562537
    ]
  },
  {
    "timeStamp": 16470,
    "rotation": [
      [
        0.3057377,
        0.7992756,
        0.517380953
      ],
      [
        0.05447293,
        -0.557195365,
        0.828592837
      ],
      [
        0.9505563,
        -0.225148827,
        -0.2138945
      ]
    ],
    "translation": [
      1.31929886,
      0.896898568,
      -0.7178514
    ]
  },
  {
    "timeStamp": 16514,
    "rotation": [
      [
        0.390158862,
        0.7264999,
        0.5656624
      ],
      [
        0.058013007,
        -0.632527,
        0.772362649
      ],
      [
        0.918918133,
        -0.268528342,
        -0.288932443
      ]
    ],
    "translation": [
      1.36118746,
      0.940902233,
      -0.7047431
    ]
  },
  {
    "timeStamp": 16570,
    "rotation": [
      [
        0.522936463,
        0.6436229,
        0.5588264
      ],
      [
        0.08698006,
        -0.6924853,
        0.716169357
      ],
      [
        0.8479221,
        -0.3259043,
        -0.4181082
      ]
    ],
    "translation": [
      1.43582129,
      0.985628247,
      -0.6811903
    ]
  },
  {
    "timeStamp": 16614,
    "rotation": [
      [
        0.6347928,
        0.5857593,
        0.5039089
      ],
      [
        0.107183926,
        -0.7126045,
        0.69332993
      ],
      [
        0.7652122,
        -0.386109918,
        -0.5151402
      ]
    ],
    "translation": [
      1.51015627,
      1.00667286,
      -0.67049706
    ]
  },
  {
    "timeStamp": 16670,
    "rotation": [
      [
        0.762925,
        0.5238684,
        0.378823638
      ],
      [
        0.137745708,
        -0.7042404,
        0.696470857
      ],
      [
        0.631642,
        -0.47917372,
        -0.6094432
      ]
    ],
    "translation": [
      1.619691,
      1.016111,
      -0.66347903
    ]
  },
  {
    "timeStamp": 16714,
    "rotation": [
      [
        0.8484059,
        0.464518338,
        0.25383094
      ],
      [
        0.157028884,
        -0.678788,
        0.717348456
      ],
      [
        0.5055189,
        -0.5687439,
        -0.648830533
      ]
    ],
    "translation": [
      1.70824349,
      1.01228452,
      -0.6704519
    ]
  },
  {
    "timeStamp": 16770,
    "rotation": [
      [
        0.9185997,
        0.392273247,
        0.0479200073
      ],
      [
        0.222140715,
        -0.612833858,
        0.758345664
      ],
      [
        0.326845735,
        -0.685971141,
        -0.650088847
      ]
    ],
    "translation": [
      1.83418989,
      0.994992137,
      -0.6901618
    ]
  },
  {
    "timeStamp": 16814,
    "rotation": [
      [
        0.954492569,
        0.293450534,
        -0.0532043464
      ],
      [
        0.22052896,
        -0.5743756,
        0.7883271
      ],
      [
        0.200775728,
        -0.7641854,
        -0.612951636
      ]
    ],
    "translation": [
      1.91530073,
      0.979257345,
      -0.713347554
    ]
  },
  {
    "timeStamp": 16869,
    "rotation": [
      [
        0.971758366,
        0.1885283,
        -0.14192538
      ],
      [
        0.221099049,
        -0.51722306,
        0.8267984
      ],
      [
        0.08246782,
        -0.83482784,
        -0.544299245
      ]
    ],
    "translation": [
      2.004241,
      0.9564605,
      -0.74688
    ]
  },
  {
    "timeStamp": 16914,
    "rotation": [
      [
        0.9726688,
        0.139189392,
        -0.1858541
      ],
      [
        0.229068846,
        -0.444265366,
        0.866115332
      ],
      [
        0.0379855335,
        -0.885016739,
        -0.46400702
      ]
    ],
    "translation": [
      2.05841231,
      0.9347631,
      -0.7701832
    ]
  },
  {
    "timeStamp": 16969,
    "rotation": [
      [
        0.9763217,
        0.09505183,
        -0.19432205
      ],
      [
        0.215749785,
        -0.3624678,
        0.9066803
      ],
      [
        0.015746139,
        -0.9271366,
        -0.374392569
      ]
    ],
    "translation": [
      2.10801244,
      0.9021435,
      -0.792411268
    ]
  },
  {
    "timeStamp": 17014,
    "rotation": [
      [
        0.9789983,
        0.06956124,
        -0.1916342
      ],
      [
        0.20380573,
        -0.310581952,
        0.9284407
      ],
      [
        0.00506538246,
        -0.947998,
        -0.318236172
      ]
    ],
    "translation": [
      2.139278,
      0.8780555,
      -0.7985956
    ]
  },
  {
    "timeStamp": 17065,
    "rotation": [
      [
        0.989447951,
        0.0789167359,
        -0.121510774
      ],
      [
        0.13879703,
        -0.275646567,
        0.951185763
      ],
      [
        0.04157045,
        -0.958014131,
        -0.283691347
      ]
    ],
    "translation": [
      2.147473,
      0.853622556,
      -0.797484756
    ]
  },
  {
    "timeStamp": 17120,
    "rotation": [
      [
        0.9965533,
        0.06854938,
        -0.04671707
      ],
      [
        0.0595099479,
        -0.198412344,
        0.978310347
      ],
      [
        0.05779333,
        -0.977718532,
        -0.201807842
      ]
    ],
    "translation": [
      2.15740347,
      0.817136347,
      -0.7991618
    ]
  },
  {
    "timeStamp": 17164,
    "rotation": [
      [
        0.9820255,
        0.1592233,
        -0.101360396
      ],
      [
        0.140277892,
        -0.256376326,
        0.9563437
      ],
      [
        0.1262858,
        -0.953372538,
        -0.274103582
      ]
    ],
    "translation": [
      2.17549324,
      0.806708336,
      -0.782358646
    ]
  },
  {
    "timeStamp": 17221,
    "rotation": [
      [
        0.9876924,
        0.155189246,
        -0.0194915552
      ],
      [
        0.0374125056,
        -0.113409795,
        0.9928436
      ],
      [
        0.15186812,
        -0.9813534,
        -0.117820017
      ]
    ],
    "translation": [
      2.17217445,
      0.775171459,
      -0.790524
    ]
  },
  {
    "timeStamp": 17264,
    "rotation": [
      [
        0.9891063,
        0.1471496,
        -0.003979907
      ],
      [
        0.00550654,
        -0.009968799,
        0.99993515
      ],
      [
        0.147100374,
        -0.989064038,
        -0.0106704868
      ]
    ],
    "translation": [
      2.1718924,
      0.760474563,
      -0.808433056
    ]
  },
  {
    "timeStamp": 17320,
    "rotation": [
      [
        0.983356059,
        0.176749036,
        -0.0420781448
      ],
      [
        0.03375371,
        0.0498442166,
        0.998186469
      ],
      [
        0.17852585,
        -0.982993,
        0.04304868
      ]
    ],
    "translation": [
      2.17798257,
      0.746951342,
      -0.813304842
    ]
  },
  {
    "timeStamp": 17364,
    "rotation": [
      [
        0.9799714,
        0.195228785,
        -0.0392664634
      ],
      [
        0.02389536,
        0.08047527,
        0.996470153
      ],
      [
        0.197699621,
        -0.97745055,
        0.074198395
      ]
    ],
    "translation": [
      2.17793918,
      0.7401241,
      -0.814071655
    ]
  },
  {
    "timeStamp": 17420,
    "rotation": [
      [
        0.9732566,
        0.228080973,
        -0.0273984764
      ],
      [
        0.009484153,
        0.0792723,
        0.9968079
      ],
      [
        0.229524851,
        -0.970409632,
        0.07498913
      ]
    ],
    "translation": [
      2.17627025,
      0.7334849,
      -0.813074768
    ]
  },
  {
    "timeStamp": 17464,
    "rotation": [
      [
        0.9823464,
        0.185526788,
        -0.0239852816
      ],
      [
        0.006844421,
        0.09248436,
        0.9956906
      ],
      [
        0.186945558,
        -0.978277266,
        0.08958186
      ]
    ],
    "translation": [
      2.17747045,
      0.732971132,
      -0.8142051
    ]
  },
  {
    "timeStamp": 17520,
    "rotation": [
      [
        0.9947639,
        0.09726711,
        -0.03136639
      ],
      [
        0.0277025532,
        0.0387924723,
        0.9988632
      ],
      [
        0.0983733162,
        -0.994502,
        0.0358948074
      ]
    ],
    "translation": [
      2.18262887,
      0.7234018,
      -0.8148216
    ]
  },
  {
    "timeStamp": 17566,
    "rotation": [
      [
        0.9944549,
        0.104974806,
        0.00629558647
      ],
      [
        -0.00760648772,
        0.0120920958,
        0.999897957
      ],
      [
        0.10488797,
        -0.994401336,
        0.0128235342
      ]
    ],
    "translation": [
      2.18327618,
      0.7221799,
      -0.813722968
    ]
  },
  {
    "timeStamp": 17612,
    "rotation": [
      [
        0.994026959,
        0.107035816,
        0.0213014614
      ],
      [
        -0.0219696,
        0.005066789,
        0.9997458
      ],
      [
        0.10690067,
        -0.994242251,
        0.007388059
      ]
    ],
    "translation": [
      2.18352985,
      0.721820056,
      -0.8138566
    ]
  },
  {
    "timeStamp": 17667,
    "rotation": [
      [
        0.9935129,
        0.10941612,
        0.030986255
      ],
      [
        -0.03107727,
        -0.000873783,
        0.9995166
      ],
      [
        0.1093903,
        -0.993995667,
        0.00253223954
      ]
    ],
    "translation": [
      2.18337727,
      0.7220003,
      -0.8139394
    ]
  },
  {
    "timeStamp": 17711,
    "rotation": [
      [
        0.9934293,
        0.110427223,
        0.0300667249
      ],
      [
        -0.03011798,
        -0.00120423862,
        0.999545634
      ],
      [
        0.110413253,
        -0.9938835,
        0.00212951866
      ]
    ],
    "translation": [
      2.18337655,
      0.7219564,
      -0.8139179
    ]
  },
  {
    "timeStamp": 17767,
    "rotation": [
      [
        0.9938216,
        0.106718816,
        0.0304892026
      ],
      [
        -0.0304814614,
        -0.00170404592,
        0.9995339
      ],
      [
        0.106721021,
        -0.9942877,
        0.00155942794
      ]
    ],
    "translation": [
      2.18341565,
      0.721912265,
      -0.813855052
    ]
  }
]