[
  {
    "timeStamp": 30063,
    "rotation": [
      [
        0.9995813,
        -0.0148340585,
        -0.0248444416
      ],
      [
        0.0289335269,
        0.5010289,
        0.8649467
      ],
      [
        -0.000382884638,
        -0.8653034,
        0.50124836
      ]
    ],
    "translation": [
      1.29994607,
      0.721114933,
      -0.6273135
    ]
  },
  {
    "timeStamp": 30109,
    "rotation": [
      [
        0.998967052,
        -0.0447688363,
        -0.007784636
      ],
      [
        0.02844502,
        0.48249355,
        0.8754375
      ],
      [
        -0.03543628,
        -0.8747546,
        0.483268648
      ]
    ],
    "translation": [
      1.3031646,
      0.7200828,
      -0.6238267
    ]
  },
  {
    "timeStamp": 30163,
    "rotation": [
      [
        0.9980068,
        -0.0528234579,
        0.03452525
      ],
      [
        -0.005057623,
        0.478389978,
        0.878132939
      ],
      [
        -0.06290255,
        -0.8765573,
        0.477169335
      ]
    ],
    "translation": [
      1.30967331,
      0.7248784,
      -0.62465024
    ]
  },
  {
    "timeStamp": 30218,
    "rotation": [
      [
        0.9902981,
        -0.059816502,
        0.125426009
      ],
      [
        -0.0834313,
        0.4658746,
        0.880908668
      ],
      [
        -0.111125655,
        -0.8828266,
        0.456364185
      ]
    ],
    "translation": [
      1.316568,
      0.74024,
      -0.623173356
    ]
  },
  {
    "timeStamp": 30263,
    "rotation": [
      [
        0.977230966,
        -0.05665907,
        0.204473376
      ],
      [
        -0.158848688,
        0.443517834,
        0.882076561
      ],
      [
        -0.1406652,
        -0.894472837,
        0.424419135
      ]
    ],
    "translation": [
      1.32684863,
      0.7600116,
      -0.6236024
    ]
  },
  {
    "timeStamp": 30319,
    "rotation": [
      [
        0.9358268,
        -0.08363631,
        0.3423934
      ],
      [
        -0.277795643,
        0.422866464,
        0.8625622
      ],
      [
        -0.216928214,
        -0.9023242,
        0.372495949
      ]
    ],
    "translation": [
      1.34776533,
      0.79365623,
      -0.624914348
    ]
  },
  {
    "timeStamp": 30363,
    "rotation": [
      [
        0.887923241,
        -0.108029306,
        0.447126359
      ],
      [
        -0.372297674,
        0.402115226,
        0.8364794
      ],
      [
        -0.2701606,
        -0.909193635,
        0.3168284
      ]
    ],
    "translation": [
      1.373009,
      0.82540375,
      -0.630497336
    ]
  },
  {
    "timeStamp": 30419,
    "rotation": [
      [
        0.810923,
        -0.167202,
        0.5607561
      ],
      [
        -0.475569665,
        0.370032042,
        0.798066258
      ],
      [
        -0.340935975,
        -0.9138488,
        0.2205513
      ]
    ],
    "translation": [
      1.41857719,
      0.8673034,
      -0.6425013
    ]
  },
  {
    "timeStamp": 30463,
    "rotation": [
      [
        0.749947965,
        -0.218755275,
        0.624278963
      ],
      [
        -0.539841831,
        0.3430118,
        0.7687091
      ],
      [
        -0.3822942,
        -0.9135037,
        0.139147744
      ]
    ],
    "translation": [
      1.46395779,
      0.8992717,
      -0.658136845
    ]
  },
  {
    "timeStamp": 30519,
    "rotation": [
      [
        0.671183169,
        -0.322196782,
        0.6676095
      ],
      [
        -0.5952965,
        0.302405566,
        0.7444279
      ],
      [
        -0.441741079,
        -0.8970731,
        0.0111669023
      ]
    ],
    "translation": [
      1.53273976,
      0.9352214,
      -0.6807829
    ]
  },
  {
    "timeStamp": 30563,
    "rotation": [
      [
        0.602399,
        -0.406225771,
        0.6870925
      ],
      [
        -0.626317859,
        0.293066353,
        0.7223836
      ],
      [
        -0.4948145,
        -0.865501463,
        -0.07788358
      ]
    ],
    "translation": [
      1.59334815,
      0.9590952,
      -0.702286065
    ]
  },
  {
    "timeStamp": 30619,
    "rotation": [
      [
        0.5463659,
        -0.5366326,
        0.6430472
      ],
      [
        -0.6267899,
        0.2472778,
        0.73891
      ],
      [
        -0.5555345,
        -0.8067708,
        -0.20125176
      ]
    ],
    "translation": [
      1.67858934,
      0.9795097,
      -0.729614
    ]
  },
  {
    "timeStamp": 30663,
    "rotation": [
      [
        0.4722475,
        -0.64818716,
        0.5973572
      ],
      [
        -0.6199986,
        0.237455532,
        0.74780786
      ],
      [
        -0.6265652,
        -0.72351104,
        -0.289737374
      ]
    ],
    "translation": [
      1.75421071,
      0.9904474,
      -0.7495898
    ]
  },
  {
    "timeStamp": 30719,
    "rotation": [
      [
        0.385455728,
        -0.7481949,
        0.5400262
      ],
      [
        -0.5817849,
        0.2571989,
        0.771605551
      ],
      [
        -0.7162054,
        -0.6115988,
        -0.336149722
      ]
    ],
    "translation": [
      1.84526479,
      0.9944659,
      -0.7735695
    ]
  },
  {
    "timeStamp": 30763,
    "rotation": [
      [
        0.368715852,
        -0.8013254,
        0.471090436
      ],
      [
        -0.527383566,
        0.2369949,
        0.8159044
      ],
      [
        -0.765450954,
        -0.549282253,
        -0.3352221
      ]
    ],
    "translation": [
      1.90933418,
      0.9891615,
      -0.789539933
    ]
  },
  {
    "timeStamp": 30818,
    "rotation": [
      [
        0.4308472,
        -0.812897265,
        0.391878515
      ],
      [
        -0.430283248,
        0.196658581,
        0.8810118
      ],
      [
        -0.793238342,
        -0.5482002,
        -0.2650463
      ]
    ],
    "translation": [
      1.96950185,
      0.9795989,
      -0.8020205
    ]
  },
  {
    "timeStamp": 30863,
    "rotation": [
      [
        0.5353401,
        -0.7867763,
        0.307236135
      ],
      [
        -0.3288411,
        0.140903771,
        0.9338146
      ],
      [
        -0.7779939,
        -0.6009402,
        -0.183292955
      ]
    ],
    "translation": [
      2.00369453,
      0.9707449,
      -0.804398
    ]
  },
  {
    "timeStamp": 30916,
    "rotation": [
      [
        0.6618766,
        -0.724675059,
        0.191743016
      ],
      [
        -0.1991316,
        0.0766234845,
        0.9769726
      ],
      [
        -0.7226797,
        -0.684817433,
        -0.0935904
      ]
    ],
    "translation": [
      2.036265,
      0.962258041,
      -0.796198
    ]
  },
  {
    "timeStamp": 30969,
    "rotation": [
      [
        0.818656147,
        -0.573158145,
        0.0359428264
      ],
      [
        -0.0223096311,
        0.03079937,
        0.9992766
      ],
      [
        -0.5738505,
        -0.8188658,
        0.0124271475
      ]
    ],
    "translation": [
      2.05600834,
      0.9559066,
      -0.783400357
    ]
  },
  {
    "timeStamp": 31013,
    "rotation": [
      [
        0.8355681,
        -0.5491428,
        -0.01637716
      ],
      [
        0.0428846367,
        0.03547576,
        0.99845
      ],
      [
        -0.5477106,
        -0.834975243,
        0.0531922
      ]
    ],
    "translation": [
      2.06694436,
      0.9556265,
      -0.7587504
    ]
  },
  {
    "timeStamp": 31069,
    "rotation": [
      [
        0.7977114,
        -0.5786474,
        0.169775575
      ],
      [
        -0.0580776967,
        0.206505716,
        0.9767202
      ],
      [
        -0.600236237,
        -0.789001,
        0.13112545
      ]
    ],
    "translation": [
      2.06462145,
      0.9580821,
      -0.722797334
    ]
  },
  {
    "timeStamp": 31113,
    "rotation": [
      [
        0.7859532,
        -0.581087768,
        0.211221635
      ],
      [
        -0.08066445,
        0.242334634,
        0.9668336
      ],
      [
        -0.613001466,
        -0.776924,
        0.143590555
      ]
    ],
    "translation": [
      2.06102681,
      0.953473032,
      -0.6942064
    ]
  },
  {
    "timeStamp": 31169,
    "rotation": [
      [
        0.696409345,
        -0.628918767,
        0.345651925
      ],
      [
        -0.0556176379,
        0.432899952,
        0.8997246
      ],
      [
        -0.715486348,
        -0.645800948,
        0.2664966
      ]
    ],
    "translation": [
      2.05866528,
      0.93959564,
      -0.6713092
    ]
  },
  {
    "timeStamp": 31213,
    "rotation": [
      [
        0.7132243,
        -0.635070443,
        0.296642333
      ],
      [
        0.012600827,
        0.434757471,
        0.9004594
      ],
      [
        -0.700822651,
        -0.6384916,
        0.318082
      ]
    ],
    "translation": [
      2.05929542,
      0.924026251,
      -0.663986564
    ]
  },
  {
    "timeStamp": 31269,
    "rotation": [
      [
        0.7059366,
        -0.65892303,
        0.2597574
      ],
      [
        0.09018349,
        0.447384059,
        0.8897834
      ],
      [
        -0.702510059,
        -0.604704857,
        0.37524876
      ]
    ],
    "translation": [
      2.0629003,
      0.9092841,
      -0.665088
    ]
  },
  {
    "timeStamp": 31313,
    "rotation": [
      [
        0.6873561,
        -0.6643589,
        0.293545365
      ],
      [
        0.09951133,
        0.4864819,
        0.8680051
      ],
      [
        -0.719471455,
        -0.5674175,
        0.400497526
      ]
    ],
    "translation": [
      2.06218052,
      0.9037745,
      -0.6662767
    ]
  },
  {
    "timeStamp": 31369,
    "rotation": [
      [
        0.692548931,
        -0.6161126,
        0.375208348
      ],
      [
        0.1352186,
        0.6217869,
        0.7714253
      ],
      [
        -0.7085845,
        -0.483514637,
        0.5139277
      ]
    ],
    "translation": [
      2.059486,
      0.9038517,
      -0.671082139
    ]
  },
  {
    "timeStamp": 31415,
    "rotation": [
      [
        0.687919736,
        -0.567217052,
        0.452803731
      ],
      [
        0.2115818,
        0.7535096,
        0.62246
      ],
      [
        -0.6942619,
        -0.3323975,
        0.638366938
      ]
    ],
    "translation": [
      2.05799484,
      0.905921459,
      -0.676193535
    ]
  },
  {
    "timeStamp": 31461,
    "rotation": [
      [
        0.688996553,
        -0.547555268,
        0.4748336
      ],
      [
        0.232718021,
        0.7876035,
        0.570546269
      ],
      [
        -0.6863862,
        -0.282602072,
        0.6700821
      ]
    ],
    "translation": [
      2.05815768,
      0.9062131,
      -0.6783431
    ]
  }
]