[
  {
    "timeStamp": 36542,
    "rotation": [
      [
        -0.8905727,
        0.4543776,
        -0.0205247328
      ],
      [
        0.45465225,
        0.887996852,
        -0.06894155
      ],
      [
        -0.0130995968,
        -0.07072908,
        -0.9974095
      ]
    ],
    "translation": [
      1.77018487,
      0.7297153,
      -0.356861264
    ]
  },
  {
    "timeStamp": 36587,
    "rotation": [
      [
        -0.887856,
        0.459649235,
        -0.0208397526
      ],
      [
        0.4601115,
        0.8866285,
        -0.0467694774
      ],
      [
        -0.003020435,
        -0.05111317,
        -0.9986883
      ]
    ],
    "translation": [
      1.77041447,
      0.7303535,
      -0.3562133
    ]
  },
  {
    "timeStamp": 36642,
    "rotation": [
      [
        -0.8887183,
        0.457973,
        -0.020989567
      ],
      [
        0.458422065,
        0.887186766,
        -0.05242903
      ],
      [
        -0.00538941473,
        -0.05621672,
        -0.998404
      ]
    ],
    "translation": [
      1.77363,
      0.7307516,
      -0.35465014
    ]
  },
  {
    "timeStamp": 36686,
    "rotation": [
      [
        -0.882472634,
        0.469333917,
        -0.03110711
      ],
      [
        0.46975708,
        0.8760475,
        -0.10894537
      ],
      [
        -0.0238804519,
        -0.110754095,
        -0.9935609
      ]
    ],
    "translation": [
      1.77395606,
      0.742708743,
      -0.348993421
    ]
  },
  {
    "timeStamp": 36742,
    "rotation": [
      [
        -0.8567611,
        0.513081431,
        -0.0520358756
      ],
      [
        0.515348554,
        0.847990632,
        -0.123805396
      ],
      [
        -0.0193963181,
        -0.132888258,
        -0.9909412
      ]
    ],
    "translation": [
      1.77291548,
      0.764185846,
      -0.354129016
    ]
  },
  {
    "timeStamp": 36787,
    "rotation": [
      [
        -0.8070494,
        0.577820659,
        -0.121633269
      ],
      [
        0.590269148,
        0.7950103,
        -0.1397888
      ],
      [
        0.0159268565,
        -0.18461284,
        -0.9826823
      ]
    ],
    "translation": [
      1.76970518,
      0.7920947,
      -0.35827744
    ]
  },
  {
    "timeStamp": 36842,
    "rotation": [
      [
        -0.6878066,
        0.6710126,
        -0.2768831
      ],
      [
        0.7194747,
        0.6807976,
        -0.137371138
      ],
      [
        0.09632359,
        -0.293695182,
        -0.951033652
      ]
    ],
    "translation": [
      1.77313268,
      0.8380955,
      -0.365010768
    ]
  },
  {
    "timeStamp": 36887,
    "rotation": [
      [
        -0.5270581,
        0.733727753,
        -0.428781241
      ],
      [
        0.830835,
        0.5509597,
        -0.07846403
      ],
      [
        0.178669974,
        -0.397601575,
        -0.8999945
      ]
    ],
    "translation": [
      1.78083992,
      0.8827745,
      -0.371571541
    ]
  },
  {
    "timeStamp": 36942,
    "rotation": [
      [
        -0.242266819,
        0.753464341,
        -0.6112269
      ],
      [
        0.9275873,
        0.364556938,
        0.08173238
      ],
      [
        0.284409434,
        -0.5471652,
        -0.787223935
      ]
    ],
    "translation": [
      1.811686,
      0.935320139,
      -0.387007862
    ]
  },
  {
    "timeStamp": 36987,
    "rotation": [
      [
        0.0227132961,
        0.701078534,
        -0.712722242
      ],
      [
        0.94644177,
        0.214589447,
        0.241245285
      ],
      [
        0.322074562,
        -0.6800296,
        -0.658656
      ]
    ],
    "translation": [
      1.84739327,
      0.9752688,
      -0.3998121
    ]
  },
  {
    "timeStamp": 37042,
    "rotation": [
      [
        0.3336846,
        0.553708,
        -0.7629299
      ],
      [
        0.8962999,
        0.0643897057,
        0.438748777
      ],
      [
        0.292063564,
        -0.830217659,
        -0.474802583
      ]
    ],
    "translation": [
      1.909709,
      1.00765884,
      -0.4269697
    ]
  },
  {
    "timeStamp": 37087,
    "rotation": [
      [
        0.5467977,
        0.381931,
        -0.745077848
      ],
      [
        0.8085432,
        -0.009789848,
        0.588355362
      ],
      [
        0.217416957,
        -0.924138963,
        -0.3141608
      ]
    ],
    "translation": [
      1.96791673,
      1.02406657,
      -0.450152457
    ]
  },
  {
    "timeStamp": 37142,
    "rotation": [
      [
        0.7418187,
        0.115975566,
        -0.6604958
      ],
      [
        0.668457866,
        -0.0492102,
        0.742120266
      ],
      [
        0.0535646863,
        -0.9920323,
        -0.114029817
      ]
    ],
    "translation": [
      2.04539251,
      1.02297425,
      -0.491436929
    ]
  },
  {
    "timeStamp": 37187,
    "rotation": [
      [
        0.8351062,
        -0.108565681,
        -0.539269149
      ],
      [
        0.540783,
        -0.0175296627,
        0.8409795
      ],
      [
        -0.100754716,
        -0.993934751,
        0.04407134
      ]
    ],
    "translation": [
      2.11083126,
      1.00937533,
      -0.526484
    ]
  },
  {
    "timeStamp": 37240,
    "rotation": [
      [
        0.8623862,
        -0.283623517,
        -0.419341922
      ],
      [
        0.445887566,
        0.0332781,
        0.894470155
      ],
      [
        -0.239737853,
        -0.9583581,
        0.155162767
      ]
    ],
    "translation": [
      2.16305256,
      0.9866721,
      -0.562522352
    ]
  },
  {
    "timeStamp": 37293,
    "rotation": [
      [
        0.857595,
        -0.448104322,
        -0.2524546
      ],
      [
        0.3440771,
        0.135018334,
        0.929182947
      ],
      [
        -0.3822849,
        -0.883726537,
        0.2699735
      ]
    ],
    "translation": [
      2.21437979,
      0.9416171,
      -0.606957138
    ]
  },
  {
    "timeStamp": 37337,
    "rotation": [
      [
        0.8648898,
        -0.4845376,
        -0.131106764
      ],
      [
        0.2648243,
        0.218576819,
        0.939197659
      ],
      [
        -0.426419675,
        -0.8470227,
        0.3173622
      ]
    ],
    "translation": [
      2.23328781,
      0.905313,
      -0.623858452
    ]
  },
  {
    "timeStamp": 37392,
    "rotation": [
      [
        0.8970333,
        -0.4287444,
        -0.1072822
      ],
      [
        0.230567843,
        0.246887058,
        0.9412148
      ],
      [
        -0.377054,
        -0.8690368,
        0.320320576
      ]
    ],
    "translation": [
      2.23355126,
      0.8748791,
      -0.617705643
    ]
  },
  {
    "timeStamp": 37437,
    "rotation": [
      [
        0.9043934,
        -0.41128,
        -0.11367207
      ],
      [
        0.239522338,
        0.268856049,
        0.9329231
      ],
      [
        -0.3531312,
        -0.8709564,
        0.3416624
      ]
    ],
    "translation": [
      2.230791,
      0.855839252,
      -0.611912847
    ]
  },
  {
    "timeStamp": 37492,
    "rotation": [
      [
        0.925654948,
        -0.372415453,
        -0.06685548
      ],
      [
        0.187875986,
        0.299022138,
        0.935568452
      ],
      [
        -0.328428864,
        -0.878574133,
        0.34675923
      ]
    ],
    "translation": [
      2.224655,
      0.8354611,
      -0.5980659
    ]
  },
  {
    "timeStamp": 37537,
    "rotation": [
      [
        0.925944269,
        -0.373151571,
        -0.0581820533
      ],
      [
        0.178040355,
        0.29544118,
        0.9386246
      ],
      [
        -0.333059877,
        -0.879472852,
        0.3399981
      ]
    ],
    "translation": [
      2.22413754,
      0.825490236,
      -0.5869618
    ]
  },
  {
    "timeStamp": 37592,
    "rotation": [
      [
        0.9224135,
        -0.384273022,
        -0.03856949
      ],
      [
        0.169045627,
        0.3119389,
        0.9349426
      ],
      [
        -0.3472419,
        -0.868923664,
        0.352696359
      ]
    ],
    "translation": [
      2.22724652,
      0.812479854,
      -0.575303257
    ]
  },
  {
    "timeStamp": 37637,
    "rotation": [
      [
        0.916755438,
        -0.3993553,
        -0.0086468
      ],
      [
        0.14638561,
        0.315742821,
        0.9374848
      ],
      [
        -0.371659338,
        -0.8607101,
        0.347918838
      ]
    ],
    "translation": [
      2.23169875,
      0.805578649,
      -0.5672253
    ]
  },
  {
    "timeStamp": 37692,
    "rotation": [
      [
        0.909497142,
        -0.415694565,
        -0.00359974219
      ],
      [
        0.14893797,
        0.317752153,
        0.9364033
      ],
      [
        -0.388113946,
        -0.8521922,
        0.350907356
      ]
    ],
    "translation": [
      2.23556972,
      0.798576,
      -0.557955861
    ]
  },
  {
    "timeStamp": 37738,
    "rotation": [
      [
        0.905606568,
        -0.424116135,
        -0.00148395821
      ],
      [
        0.157566056,
        0.333195,
        0.929598868
      ],
      [
        -0.393763423,
        -0.8420847,
        0.3685699
      ]
    ],
    "translation": [
      2.23746514,
      0.7909717,
      -0.5527037
    ]
  },
  {
    "timeStamp": 37795,
    "rotation": [
      [
        0.9017924,
        -0.432139665,
        0.005084899
      ],
      [
        0.1548368,
        0.334054828,
        0.9297489
      ],
      [
        -0.40348,
        -0.83765316,
        0.3681592
      ]
    ],
    "translation": [
      2.23982239,
      0.785605133,
      -0.5455929
    ]
  },
  {
    "timeStamp": 37841,
    "rotation": [
      [
        0.8987551,
        -0.438282222,
        -0.0121688731
      ],
      [
        0.1674247,
        0.3174107,
        0.933391333
      ],
      [
        -0.4052263,
        -0.840927541,
        0.358653724
      ]
    ],
    "translation": [
      2.24046326,
      0.7854705,
      -0.539428234
    ]
  },
  {
    "timeStamp": 37897,
    "rotation": [
      [
        0.8950325,
        -0.445570946,
        -0.01957708
      ],
      [
        0.170153469,
        0.3005594,
        0.9384625
      ],
      [
        -0.412267536,
        -0.843285561,
        0.344825864
      ]
    ],
    "translation": [
      2.23992181,
      0.785938859,
      -0.5339002
    ]
  },
  {
    "timeStamp": 37942,
    "rotation": [
      [
        0.8936718,
        -0.4483165,
        -0.0190540813
      ],
      [
        0.160112351,
        0.27892375,
        0.946871459
      ],
      [
        -0.419183463,
        -0.8492431,
        0.3210473
      ]
    ],
    "translation": [
      2.239754,
      0.784975946,
      -0.5332508
    ]
  },
  {
    "timeStamp": 37997,
    "rotation": [
      [
        0.8940945,
        -0.447473,
        -0.01904929
      ],
      [
        0.149956,
        0.259007126,
        0.9541638
      ],
      [
        -0.422028631,
        -0.8559692,
        0.2986781
      ]
    ],
    "translation": [
      2.23985457,
      0.7840274,
      -0.53263855
    ]
  },
  {
    "timeStamp": 38042,
    "rotation": [
      [
        0.8949846,
        -0.445694864,
        -0.0189378243
      ],
      [
        0.132120714,
        0.224281311,
        0.9655268
      ],
      [
        -0.426082939,
        -0.8666337,
        0.259613842
      ]
    ],
    "translation": [
      2.239963,
      0.78246,
      -0.5315288
    ]
  },
  {
    "timeStamp": 38097,
    "rotation": [
      [
        0.896075964,
        -0.443453431,
        -0.019922724
      ],
      [
        0.126794189,
        0.212682754,
        0.9688598
      ],
      [
        -0.425407,
        -0.870698035,
        0.246807218
      ]
    ],
    "translation": [
      2.24010658,
      0.782026,
      -0.531155
    ]
  }
]