[
  {
    "timeStamp": 71532,
    "rotation": [
      [
        0.999530137,
        -0.011802014,
        0.0282881912
      ],
      [
        0.015321197,
        0.991705954,
        -0.1276105
      ],
      [
        -0.0265475083,
        0.127983958,
        0.991420865
      ]
    ],
    "translation": [
      1.7617842,
      0.852819562,
      -0.5992495
    ]
  },
  {
    "timeStamp": 71577,
    "rotation": [
      [
        0.997029543,
        0.0163443852,
        0.0752658844
      ],
      [
        -0.012413092,
        0.9985487,
        -0.05240681
      ],
      [
        -0.07601321,
        0.0513168573,
        0.9957854
      ]
    ],
    "translation": [
      1.7714256,
      0.8731022,
      -0.6056037
    ]
  },
  {
    "timeStamp": 71632,
    "rotation": [
      [
        0.99213177,
        0.0556219071,
        0.112163991
      ],
      [
        -0.0644883141,
        0.9949407,
        0.07703372
      ],
      [
        -0.107311763,
        -0.08366087,
        0.990699232
      ]
    ],
    "translation": [
      1.78708053,
      0.917975962,
      -0.624038756
    ]
  },
  {
    "timeStamp": 71678,
    "rotation": [
      [
        0.9865489,
        0.0693053156,
        0.148047432
      ],
      [
        -0.09528726,
        0.9797064,
        0.176339969
      ],
      [
        -0.132821709,
        -0.188075036,
        0.9731322
      ]
    ],
    "translation": [
      1.80588353,
      0.961237,
      -0.6455982
    ]
  },
  {
    "timeStamp": 71735,
    "rotation": [
      [
        0.9713083,
        0.07971662,
        0.224065557
      ],
      [
        -0.142208934,
        0.949838459,
        0.278538138
      ],
      [
        -0.190621972,
        -0.302410543,
        0.9339224
      ]
    ],
    "translation": [
      1.84112763,
      1.01756036,
      -0.6795749
    ]
  },
  {
    "timeStamp": 71780,
    "rotation": [
      [
        0.961178243,
        0.0466510467,
        0.271955967
      ],
      [
        -0.149475574,
        0.916491568,
        0.371079832
      ],
      [
        -0.2319341,
        -0.397324622,
        0.887885
      ]
    ],
    "translation": [
      1.87169373,
      1.06005359,
      -0.711364448
    ]
  },
  {
    "timeStamp": 71837,
    "rotation": [
      [
        0.9399524,
        -0.0276794955,
        0.340181321
      ],
      [
        -0.139968038,
        0.8777769,
        0.4581666
      ],
      [
        -0.3112851,
        -0.4782693,
        0.8211943
      ]
    ],
    "translation": [
      1.91425526,
      1.09996653,
      -0.7477394
    ]
  },
  {
    "timeStamp": 71881,
    "rotation": [
      [
        0.9084393,
        -0.11322403,
        0.4023909
      ],
      [
        -0.123705558,
        0.84668386,
        0.517516553
      ],
      [
        -0.399293184,
        -0.5199104,
        0.755154431
      ]
    ],
    "translation": [
      1.94829547,
      1.11848056,
      -0.7744126
    ]
  },
  {
    "timeStamp": 71937,
    "rotation": [
      [
        0.8497838,
        -0.2194083,
        0.479298949
      ],
      [
        -0.09362209,
        0.831982553,
        0.5468454
      ],
      [
        -0.5187508,
        -0.5095733,
        0.686463833
      ]
    ],
    "translation": [
      1.994716,
      1.12395549,
      -0.797819
    ]
  },
  {
    "timeStamp": 71981,
    "rotation": [
      [
        0.7866185,
        -0.2705177,
        0.5550239
      ],
      [
        -0.07472812,
        0.85059303,
        0.5204875
      ],
      [
        -0.6129005,
        -0.450900942,
        0.6488769
      ]
    ],
    "translation": [
      2.03139138,
      1.11295307,
      -0.806870937
    ]
  },
  {
    "timeStamp": 72037,
    "rotation": [
      [
        0.7351479,
        -0.283253938,
        0.6158935
      ],
      [
        0.0610255264,
        0.9324854,
        0.356015116
      ],
      [
        -0.6751544,
        -0.224138528,
        0.702800453
      ]
    ],
    "translation": [
      2.071066,
      1.06757879,
      -0.792912
    ]
  },
  {
    "timeStamp": 72091,
    "rotation": [
      [
        0.74742496,
        -0.189645708,
        0.6367029
      ],
      [
        0.155104145,
        0.981717467,
        0.110333718
      ],
      [
        -0.6459867,
        0.0162890889,
        0.7631749
      ]
    ],
    "translation": [
      2.09412932,
      1.01812565,
      -0.772619963
    ]
  },
  {
    "timeStamp": 72126,
    "rotation": [
      [
        0.767325938,
        -0.165897638,
        0.61942625
      ],
      [
        0.1607153,
        0.984878838,
        0.0646857545
      ],
      [
        -0.620791,
        0.04991622,
        0.7823854
      ]
    ],
    "translation": [
      2.10020137,
      0.9920932,
      -0.770194352
    ]
  },
  {
    "timeStamp": 72177,
    "rotation": [
      [
        0.8156925,
        -0.187627718,
        0.547212541
      ],
      [
        0.197695926,
        0.9794004,
        0.0411240123
      ],
      [
        -0.5436562,
        0.0746371448,
        0.8359828
      ]
    ],
    "translation": [
      2.09339952,
      0.964415252,
      -0.7648153
    ]
  },
  {
    "timeStamp": 72232,
    "rotation": [
      [
        0.812578142,
        -0.113340549,
        0.571725965
      ],
      [
        0.184122011,
        0.9805972,
        -0.06729116
      ],
      [
        -0.5530061,
        0.159946665,
        0.8176804
      ]
    ],
    "translation": [
      2.10509515,
      0.933747649,
      -0.7515426
    ]
  },
  {
    "timeStamp": 72277,
    "rotation": [
      [
        0.8117238,
        -0.173066378,
        0.5578104
      ],
      [
        0.247394979,
        0.9670571,
        -0.0599689931
      ],
      [
        -0.5290559,
        0.186677754,
        0.8277991
      ]
    ],
    "translation": [
      2.10408688,
      0.914878845,
      -0.744856954
    ]
  },
  {
    "timeStamp": 72332,
    "rotation": [
      [
        0.8231081,
        -0.185765713,
        0.5366417
      ],
      [
        0.262738645,
        0.9623342,
        -0.06986707
      ],
      [
        -0.503449738,
        0.198504657,
        0.8409128
      ]
    ],
    "translation": [
      2.10205173,
      0.902782857,
      -0.736285746
    ]
  }
]