[
  {
    "timeStamp": 75767,
    "rotation": [
      [
        0.993179858,
        -0.0486322232,
        -0.105965264
      ],
      [
        0.115356438,
        0.277907252,
        0.9536564
      ],
      [
        -0.0169299226,
        -0.9593761,
        0.281621933
      ]
    ],
    "translation": [
      1.45876229,
      0.709968746,
      -0.7573572
    ]
  },
  {
    "timeStamp": 75814,
    "rotation": [
      [
        0.992896736,
        -0.08664468,
        -0.0815400556
      ],
      [
        0.10303174,
        0.283405125,
        0.953449547
      ],
      [
        -0.059502475,
        -0.9550782,
        0.290319175
      ]
    ],
    "translation": [
      1.45716035,
      0.713476539,
      -0.751036942
    ]
  },
  {
    "timeStamp": 75858,
    "rotation": [
      [
        0.9922195,
        -0.1198862,
        -0.0335813835
      ],
      [
        0.06472083,
        0.2662626,
        0.961725235
      ],
      [
        -0.106356114,
        -0.956415951,
        0.271950066
      ]
    ],
    "translation": [
      1.45962608,
      0.7268509,
      -0.745415568
    ]
  },
  {
    "timeStamp": 75913,
    "rotation": [
      [
        0.985281467,
        -0.167788953,
        0.0326683074
      ],
      [
        0.0104662189,
        0.249966174,
        0.968198
      ],
      [
        -0.1706189,
        -0.953605652,
        0.248043165
      ]
    ],
    "translation": [
      1.4750638,
      0.7506224,
      -0.73974663
    ]
  },
  {
    "timeStamp": 75958,
    "rotation": [
      [
        0.969501734,
        -0.225393355,
        0.09625135
      ],
      [
        -0.0447857231,
        0.223185778,
        0.973746538
      ],
      [
        -0.240957931,
        -0.9483596,
        0.206284583
      ]
    ],
    "translation": [
      1.49650419,
      0.7764996,
      -0.7325571
    ]
  },
  {
    "timeStamp": 76013,
    "rotation": [
      [
        0.934586763,
        -0.316989779,
        0.1614468
      ],
      [
        -0.10701181,
        0.1822983,
        0.977402568
      ],
      [
        -0.3392581,
        -0.930744231,
        0.13645193
      ]
    ],
    "translation": [
      1.54083681,
      0.8135317,
      -0.7221109
    ]
  },
  {
    "timeStamp": 76057,
    "rotation": [
      [
        0.8876934,
        -0.417232722,
        0.194723755
      ],
      [
        -0.144979715,
        0.148113877,
        0.978285849
      ],
      [
        -0.437014133,
        -0.8966488,
        0.070989415
      ]
    ],
    "translation": [
      1.58821988,
      0.8421509,
      -0.7116671
    ]
  },
  {
    "timeStamp": 76113,
    "rotation": [
      [
        0.8002062,
        -0.5636405,
        0.2048888
      ],
      [
        -0.181729451,
        0.09768547,
        0.9784845
      ],
      [
        -0.571528137,
        -0.8202237,
        -0.024261551
      ]
    ],
    "translation": [
      1.66257882,
      0.8753672,
      -0.699195862
    ]
  },
  {
    "timeStamp": 76158,
    "rotation": [
      [
        0.717323065,
        -0.676825166,
        0.165394291
      ],
      [
        -0.194795609,
        0.0330989361,
        0.9802852
      ],
      [
        -0.6689561,
        -0.7353993,
        -0.108099945
      ]
    ],
    "translation": [
      1.73315668,
      0.89788,
      -0.6917739
    ]
  },
  {
    "timeStamp": 76213,
    "rotation": [
      [
        0.561823368,
        -0.8176424,
        0.1257592
      ],
      [
        -0.241597652,
        -0.0167795662,
        0.9702314
      ],
      [
        -0.7911922,
        -0.575481832,
        -0.206967637
      ]
    ],
    "translation": [
      1.8289696,
      0.921998858,
      -0.6933092
    ]
  },
  {
    "timeStamp": 76257,
    "rotation": [
      [
        0.4073263,
        -0.911336,
        0.05959878
      ],
      [
        -0.287219167,
        -0.06588078,
        0.9555966
      ],
      [
        -0.8669432,
        -0.406357557,
        -0.288588136
      ]
    ],
    "translation": [
      1.9095093,
      0.939312637,
      -0.701247156
    ]
  },
  {
    "timeStamp": 76313,
    "rotation": [
      [
        0.247349992,
        -0.9658721,
        -0.0768705457
      ],
      [
        -0.3109899,
        -0.154278353,
        0.9378078
      ],
      [
        -0.917661846,
        -0.208060786,
        -0.3385372
      ]
    ],
    "translation": [
      1.99663711,
      0.9528397,
      -0.72160995
    ]
  },
  {
    "timeStamp": 76358,
    "rotation": [
      [
        0.12840645,
        -0.982300758,
        -0.136371031
      ],
      [
        -0.304246038,
        -0.169897541,
        0.937320232
      ],
      [
        -0.943899453,
        -0.07886764,
        -0.320677042
      ]
    ],
    "translation": [
      2.05112576,
      0.9520157,
      -0.7397631
    ]
  },
  {
    "timeStamp": 76413,
    "rotation": [
      [
        0.0179056339,
        -0.9943027,
        -0.105078854
      ],
      [
        -0.21888952,
        -0.106444545,
        0.969926238
      ],
      [
        -0.975585341,
        0.005633528,
        -0.219548389
      ]
    ],
    "translation": [
      2.09374285,
      0.928232253,
      -0.7563276
    ]
  },
  {
    "timeStamp": 76463,
    "rotation": [
      [
        -0.013799211,
        -0.999500334,
        0.0284363031
      ],
      [
        -0.0262569916,
        0.0287914164,
        0.9992405
      ],
      [
        -0.99956,
        0.0130420728,
        -0.0266411714
      ]
    ],
    "translation": [
      2.107776,
      0.875679553,
      -0.766463041
    ]
  },
  {
    "timeStamp": 76508,
    "rotation": [
      [
        0.05242245,
        -0.987063766,
        0.151515722
      ],
      [
        0.0945141539,
        0.155947328,
        0.9832332
      ],
      [
        -0.9941423,
        -0.03722313,
        0.101466641
      ]
    ],
    "translation": [
      2.09710431,
      0.8433187,
      -0.7733051
    ]
  },
  {
    "timeStamp": 76563,
    "rotation": [
      [
        0.167359,
        -0.9843966,
        0.0543541647
      ],
      [
        0.137933508,
        0.0779685453,
        0.987367868
      ],
      [
        -0.976199448,
        -0.157747641,
        0.148830011
      ]
    ],
    "translation": [
      2.09259081,
      0.8169831,
      -0.772773266
    ]
  },
  {
    "timeStamp": 76607,
    "rotation": [
      [
        0.188732624,
        -0.9793451,
        0.07254767
      ],
      [
        0.171570629,
        0.10562256,
        0.979493439
      ],
      [
        -0.9669248,
        -0.172415316,
        0.18796128
      ]
    ],
    "translation": [
      2.09079313,
      0.7980363,
      -0.7695026
    ]
  },
  {
    "timeStamp": 76663,
    "rotation": [
      [
        0.155093282,
        -0.985034764,
        0.07518345
      ],
      [
        0.175391763,
        0.102350704,
        0.979163945
      ],
      [
        -0.972205639,
        -0.138675183,
        0.1886409
      ]
    ],
    "translation": [
      2.10083675,
      0.782992363,
      -0.7613814
    ]
  },
  {
    "timeStamp": 76707,
    "rotation": [
      [
        0.15186955,
        -0.9882977,
        0.0142580243
      ],
      [
        0.1914257,
        0.0435620733,
        0.9805399
      ],
      [
        -0.969686449,
        -0.1461848,
        0.195801333
      ]
    ],
    "translation": [
      2.10947967,
      0.774813831,
      -0.7577267
    ]
  }
]