[
  {
    "id": "008 pudding box(Clone)-94654",
    "pickRotation": [
      [
        0.14250505,
        -0.5273079,
        0.837638736
      ],
      [
        0.03687267,
        -0.842860162,
        -0.5368679
      ],
      [
        0.989107,
        0.107392371,
        -0.100668579
      ]
    ],
    "pickTranslation": [
      0.0219460186,
      0.0488817729,
      0.0153998956
    ],
    "placeRotation": [
      [
        0.8699389,
        -0.492464483,
        -0.02617244
      ],
      [
        0.2591336,
        0.411316574,
        0.8738812
      ],
      [
        -0.419590324,
        -0.767005444,
        0.4854344
      ]
    ],
    "placeTranslation": [
      -0.6922177,
      0.106584676,
      0.5779056
    ]
  },
  {
    "id": "008 pudding box(Clone)-94754",
    "pickRotation": [
      [
        0.0524929836,
        -0.511456251,
        0.8577044
      ],
      [
        -0.0120680509,
        -0.859150767,
        -0.511580169
      ],
      [
        0.9985483,
        0.0165035482,
        -0.05127167
      ]
    ],
    "pickTranslation": [
      0.0147193233,
      0.0547383539,
      0.0163985752
    ],
    "placeRotation": [
      [
        0.8960759,
        -0.4434535,
        -0.01992265
      ],
      [
        0.126793742,
        0.212681949,
        0.96886003
      ],
      [
        -0.425407171,
        -0.8706982,
        0.2468063
      ]
    ],
    "placeTranslation": [
      -0.7977145,
      0.360794485,
      0.509707451
    ]
  },
  {
    "id": "010 potted meat can(Clone)-94706",
    "pickRotation": [
      [
        0.06258669,
        0.0935768262,
        -0.9936429
      ],
      [
        0.9979468,
        0.007702825,
        0.0635831952
      ],
      [
        0.0136037711,
        -0.9955823,
        -0.0929026
      ]
    ],
    "pickTranslation": [
      0.03234669,
      -0.03450379,
      0.07664483
    ],
    "placeRotation": [
      [
        -0.996271551,
        0.0249344576,
        -0.0825908259
      ],
      [
        -0.0116341766,
        0.9097487,
        0.414996326
      ],
      [
        0.08548461,
        0.4144099,
        -0.9060666
      ]
    ],
    "placeTranslation": [
      -0.9198895,
      0.738589942,
      0.892277241
    ]
  },
  {
    "id": "010 potted meat can(Clone)-94682",
    "pickRotation": [
      [
        -0.0171364229,
        -0.0351210423,
        -0.999236166
      ],
      [
        0.989665,
        -0.142899767,
        -0.0119496584
      ],
      [
        -0.142370939,
        -0.9891138,
        0.03720686
      ]
    ],
    "pickTranslation": [
      0.0214128643,
      -0.0273214169,
      0.075838
    ],
    "placeRotation": [
      [
        -0.9880759,
        0.128871277,
        0.08425103
      ],
      [
        0.142595261,
        0.972331762,
        0.185034052
      ],
      [
        -0.0580743775,
        0.194841489,
        -0.979114
      ]
    ],
    "placeTranslation": [
      -0.9925782,
      1.18111062,
      0.801897764
    ]
  },
  {
    "id": "006 mustard bottle(Clone)-94570",
    "pickRotation": [
      [
        -0.394969463,
        -0.08709965,
        -0.914556
      ],
      [
        0.9169909,
        -0.09796926,
        -0.3866907
      ],
      [
        -0.0559177548,
        -0.9913706,
        0.118564449
      ]
    ],
    "pickTranslation": [
      -0.00325083919,
      -0.0282552242,
      0.183052376
    ],
    "placeRotation": [
      [
        0.931198061,
        0.3621117,
        -0.04177623
      ],
      [
        0.051369518,
        -0.0169011354,
        0.9985367
      ],
      [
        0.360875756,
        -0.931981444,
        -0.0343398079
      ]
    ],
    "placeTranslation": [
      -0.04732503,
      0.0148827806,
      0.535191238
    ]
  },
  {
    "id": "003 cracker box(Clone)-94782",
    "pickRotation": [
      [
        -0.9971911,
        0.07239893,
        0.0191922635
      ],
      [
        -0.01739843,
        0.0253269151,
        -0.9995278
      ],
      [
        -0.072850816,
        -0.9970541,
        -0.0239961464
      ]
    ],
    "pickTranslation": [
      0.0102922823,
      -0.0074454397,
      0.210348159
    ],
    "placeRotation": [
      [
        0.9997424,
        0.007593646,
        -0.0213890616
      ],
      [
        0.0213455036,
        0.00577151962,
        0.9997555
      ],
      [
        0.007715236,
        -0.9999545,
        0.00560794258
      ]
    ],
    "placeTranslation": [
      -0.3518316,
      0.0615317933,
      -0.7386313
    ]
  },
  {
    "id": "006 mustard bottle(Clone)-94742",
    "pickRotation": [
      [
        -0.547692239,
        -0.09126038,
        -0.8316879
      ],
      [
        0.836528957,
        -0.0786134452,
        -0.542254
      ],
      [
        -0.01589554,
        -0.992719233,
        0.119397916
      ]
    ],
    "pickTranslation": [
      0.01590976,
      -0.0264417976,
      0.170702636
    ],
    "placeRotation": [
      [
        0.496967763,
        -0.867638767,
        -0.0150343981
      ],
      [
        0.0008827559,
        -0.0168198626,
        0.999858141
      ],
      [
        -0.8677686,
        -0.4969105,
        -0.00759301567
      ]
    ],
    "placeTranslation": [
      -0.0386671163,
      0.09057449,
      -0.290722221
    ]
  },
  {
    "id": "015 peach(Clone)-94582",
    "pickRotation": [
      [
        -0.7138265,
        -0.329378128,
        0.6180305
      ],
      [
        -0.699325562,
        0.288179785,
        -0.6541377
      ],
      [
        0.037354745,
        -0.899145365,
        -0.436052948
      ]
    ],
    "pickTranslation": [
      0.0236384533,
      -0.003802538,
      0.0542717539
    ],
    "placeRotation": [
      [
        -0.160015538,
        0.9155558,
        -0.368988723
      ],
      [
        0.8017053,
        0.338624358,
        0.492546618
      ],
      [
        0.575902462,
        -0.217005119,
        -0.788191
      ]
    ],
    "placeTranslation": [
      0.108493179,
      0.09100367,
      0.6224315
    ]
  },
  {
    "id": "015 peach(Clone)-94770",
    "pickRotation": [
      [
        0.2613643,
        0.0468093865,
        0.9641046
      ],
      [
        -0.96456784,
        -0.0246099122,
        0.262684762
      ],
      [
        0.03602264,
        -0.998600662,
        0.0387186781
      ]
    ],
    "pickTranslation": [
      0.00266417139,
      0.002919074,
      0.0524946339
    ],
    "placeRotation": [
      [
        -0.0286137,
        0.987216,
        -0.1567984
      ],
      [
        0.0227556527,
        0.157465309,
        0.9872623
      ],
      [
        0.9993315,
        0.0246811789,
        -0.02697041
      ]
    ],
    "placeTranslation": [
      0.5131739,
      0.08035717,
      0.2889927
    ]
  },
  {
    "id": "018 plum(Clone)-94642",
    "pickRotation": [
      [
        -0.975662231,
        0.0925216,
        -0.198803991
      ],
      [
        -0.185319066,
        -0.8325593,
        0.5220171
      ],
      [
        -0.117218241,
        0.546154559,
        0.8294427
      ]
    ],
    "pickTranslation": [
      0.00262215384,
      0.0398051962,
      0.00358103774
    ],
    "placeRotation": [
      [
        0.781651139,
        0.182722434,
        0.5963505
      ],
      [
        0.0588011034,
        0.9302787,
        -0.362110436
      ],
      [
        -0.6209378,
        0.3181101,
        0.716409147
      ]
    ],
    "placeTranslation": [
      0.453591347,
      0.5388313,
      0.465974569
    ]
  },
  {
    "id": "057 racquetball(Clone)-94630",
    "pickRotation": [
      [
        -0.956314862,
        -0.1786731,
        -0.231382474
      ],
      [
        0.152552933,
        -0.9801808,
        0.126385167
      ],
      [
        -0.249378279,
        0.08556593,
        0.964618564
      ]
    ],
    "pickTranslation": [
      0.0173213426,
      -0.107580408,
      0.00741513725
    ],
    "placeRotation": [
      [
        0.808405042,
        -0.201599941,
        0.553026855
      ],
      [
        0.2755069,
        0.9598463,
        -0.052829653
      ],
      [
        -0.5201704,
        0.19507049,
        0.831486762
      ]
    ],
    "placeTranslation": [
      0.373730838,
      1.09339607,
      -0.68690896
    ]
  },
  {
    "id": "014 lemon(Clone)-94606",
    "pickRotation": [
      [
        -0.181224823,
        -0.630692959,
        -0.7545753
      ],
      [
        0.481599182,
        -0.725895941,
        0.491057336
      ],
      [
        -0.8574496,
        -0.274411082,
        0.435291559
      ]
    ],
    "pickTranslation": [
      0.02738709,
      0.041726198,
      0.0328496844
    ],
    "placeRotation": [
      [
        -0.388102531,
        -0.4027514,
        0.8289558
      ],
      [
        0.460436434,
        0.6944304,
        0.5529599
      ],
      [
        -0.798357546,
        0.596286654,
        -0.08406879
      ]
    ],
    "placeTranslation": [
      0.465058327,
      0.4751731,
      0.399635673
    ]
  },
  {
    "id": "058 golf ball(Clone)-94594",
    "pickRotation": [
      [
        -0.5653152,
        -0.245674819,
        -0.787440538
      ],
      [
        0.821352959,
        -0.0795285255,
        -0.564849138
      ],
      [
        0.0761452243,
        -0.9660844,
        0.246744424
      ]
    ],
    "pickTranslation": [
      0.00166505179,
      -0.0351223648,
      0.0371903442
    ],
    "placeRotation": [
      [
        0.143240809,
        -0.9895471,
        -0.0166940819
      ],
      [
        0.221805334,
        0.0156591088,
        0.9749652
      ],
      [
        -0.9645125,
        -0.143357649,
        0.22172983
      ]
    ],
    "placeTranslation": [
      0.511319935,
      0.2874221,
      -0.5996164
    ]
  },
  {
    "id": "058 golf ball(Clone)-94730",
    "pickRotation": [
      [
        -0.726136148,
        -0.119165048,
        -0.6771455
      ],
      [
        0.6144164,
        -0.554477155,
        -0.561291
      ],
      [
        -0.308575451,
        -0.823622942,
        0.475842863
      ]
    ],
    "pickTranslation": [
      0.00603229553,
      -0.009508141,
      0.0390031
    ],
    "placeRotation": [
      [
        0.407120436,
        -0.8251458,
        0.391647
      ],
      [
        0.175571159,
        0.491493225,
        0.8530001
      ],
      [
        -0.896341264,
        -0.278511852,
        0.3449687
      ]
    ],
    "placeTranslation": [
      0.7051472,
      0.352609754,
      -0.419530839
    ]
  },
  {
    "id": "012 strawberry(Clone)-94694",
    "pickRotation": [
      [
        -0.756720543,
        -0.140603408,
        -0.6384393
      ],
      [
        0.09634092,
        -0.989919066,
        0.10382013
      ],
      [
        -0.6466007,
        0.0170549955,
        0.7626379
      ]
    ],
    "pickTranslation": [
      0.0139339045,
      0.0160569809,
      0.00726454845
    ],
    "placeRotation": [
      [
        0.414223433,
        -0.302491039,
        0.8584394
      ],
      [
        0.24790509,
        0.9449956,
        0.2133693
      ],
      [
        -0.8757637,
        0.124428928,
        0.466428369
      ]
    ],
    "placeTranslation": [
      0.327423036,
      0.659902334,
      0.35569343
    ]
  },
  {
    "id": "012 strawberry(Clone)-94670",
    "pickRotation": [
      [
        -0.385312468,
        -0.513236642,
        -0.7668914
      ],
      [
        0.3503472,
        -0.8501983,
        0.392962754
      ],
      [
        -0.853692651,
        -0.117264807,
        0.507403
      ]
    ],
    "pickTranslation": [
      0.0162067953,
      0.0350899622,
      0.0183799583
    ],
    "placeRotation": [
      [
        -0.07370806,
        -0.2854218,
        0.9555635
      ],
      [
        0.4107752,
        0.864425,
        0.289884657
      ],
      [
        -0.9087524,
        0.413888633,
        0.0535291173
      ]
    ],
    "placeTranslation": [
      0.18850866,
      0.8129861,
      0.2980212
    ]
  },
  {
    "id": "102 toothbrush(Clone)-94718",
    "pickRotation": [
      [
        -0.4505837,
        -0.0129336491,
        -0.892640531
      ],
      [
        -0.07922677,
        -0.9953704,
        0.05441391
      ],
      [
        -0.8892117,
        0.09523904,
        0.447473
      ]
    ],
    "pickTranslation": [
      0.003766146,
      0.0164185129,
      0.02316676
    ],
    "placeRotation": [
      [
        0.0417634547,
        0.590202451,
        0.8061743
      ],
      [
        -0.8794616,
        0.404618144,
        -0.250662029
      ],
      [
        -0.474134058,
        -0.698530734,
        0.535958648
      ]
    ],
    "placeTranslation": [
      -0.5059627,
      1.274972,
      -0.434149921
    ]
  },
  {
    "id": "101 bread(Clone)-94618",
    "pickRotation": [
      [
        -0.8707759,
        -0.352880955,
        -0.342380553
      ],
      [
        0.390143067,
        -0.919685066,
        -0.0443594679
      ],
      [
        -0.2992287,
        -0.172204554,
        0.9385136
      ]
    ],
    "pickTranslation": [
      0.014436679,
      0.0571735837,
      -0.008920125
    ],
    "placeRotation": [
      [
        0.300546557,
        -0.152794421,
        0.941448748
      ],
      [
        -0.05001751,
        0.9832012,
        0.175538227
      ],
      [
        -0.9524548,
        -0.09984633,
        0.287855327
      ]
    ],
    "placeTranslation": [
      0.5477164,
      0.485875338,
      0.07145041
    ]
  }
]