[
  {
    "timeStamp": 23350,
    "rotation": [
      [
        0.9952144,
        -0.09514978,
        -0.0222455114
      ],
      [
        0.0198419,
        -0.02613341,
        0.999461532
      ],
      [
        -0.0956798941,
        -0.99511987,
        -0.0241203941
      ]
    ],
    "translation": [
      1.31189859,
      0.7022729,
      -0.7449087
    ]
  },
  {
    "timeStamp": 23405,
    "rotation": [
      [
        0.995069444,
        -0.0975900739,
        -0.01769221
      ],
      [
        0.0177382529,
        -0.000395851646,
        0.9998426
      ],
      [
        -0.09758172,
        -0.9952266,
        0.00133717759
      ]
    ],
    "translation": [
      1.31186056,
      0.704947054,
      -0.7448352
    ]
  },
  {
    "timeStamp": 23449,
    "rotation": [
      [
        0.9923165,
        -0.09827371,
        -0.07516823
      ],
      [
        0.07321497,
        -0.0233382713,
        0.9970431
      ],
      [
        -0.09973742,
        -0.994885743,
        -0.015963845
      ]
    ],
    "translation": [
      1.32176781,
      0.705661058,
      -0.7434934
    ]
  },
  {
    "timeStamp": 23505,
    "rotation": [
      [
        0.9889592,
        -0.119030796,
        -0.0882686451
      ],
      [
        0.08596461,
        -0.0243642312,
        0.99600023
      ],
      [
        -0.1207053,
        -0.99259156,
        -0.0138627933
      ]
    ],
    "translation": [
      1.33846772,
      0.7198599,
      -0.7433755
    ]
  },
  {
    "timeStamp": 23549,
    "rotation": [
      [
        0.991422951,
        -0.1172378,
        -0.0577556677
      ],
      [
        0.0577661,
        -0.00331181544,
        0.998324633
      ],
      [
        -0.117232665,
        -0.9930983,
        0.00348896044
      ]
    ],
    "translation": [
      1.3418808,
      0.7378508,
      -0.750050664
    ]
  },
  {
    "timeStamp": 23605,
    "rotation": [
      [
        0.995000541,
        -0.098736465,
        -0.0149986427
      ],
      [
        0.0168577451,
        0.0180216245,
        0.9996955
      ],
      [
        -0.09843611,
        -0.9949504,
        0.0195960011
      ]
    ],
    "translation": [
      1.35201061,
      0.762678146,
      -0.763655543
    ]
  },
  {
    "timeStamp": 23649,
    "rotation": [
      [
        0.995391548,
        -0.09341818,
        0.0216490012
      ],
      [
        -0.0174958371,
        0.0450500622,
        0.9988315
      ],
      [
        -0.09428431,
        -0.9946072,
        0.0432080254
      ]
    ],
    "translation": [
      1.36528718,
      0.7825736,
      -0.775105655
    ]
  },
  {
    "timeStamp": 23705,
    "rotation": [
      [
        0.9928897,
        -0.09157853,
        0.07604832
      ],
      [
        -0.0676839,
        0.0912169442,
        0.993528247
      ],
      [
        -0.0979227349,
        -0.9916112,
        0.08436997
      ]
    ],
    "translation": [
      1.38673544,
      0.807652652,
      -0.7941459
    ]
  },
  {
    "timeStamp": 23749,
    "rotation": [
      [
        0.984704137,
        -0.104269341,
        0.139591
      ],
      [
        -0.126875028,
        0.119993865,
        0.984634042
      ],
      [
        -0.119417213,
        -0.9872838,
        0.104929283
      ]
    ],
    "translation": [
      1.40418386,
      0.832451344,
      -0.8051353
    ]
  },
  {
    "timeStamp": 23805,
    "rotation": [
      [
        0.964728534,
        -0.141128376,
        0.222219974
      ],
      [
        -0.20255807,
        0.141191483,
        0.9690383
      ],
      [
        -0.168134347,
        -0.979871333,
        0.107624754
      ]
    ],
    "translation": [
      1.43037486,
      0.8645679,
      -0.8074241
    ]
  },
  {
    "timeStamp": 23849,
    "rotation": [
      [
        0.9315557,
        -0.222221255,
        0.287787616
      ],
      [
        -0.261686474,
        0.1397537,
        0.9549812
      ],
      [
        -0.252436519,
        -0.9649283,
        0.07203606
      ]
    ],
    "translation": [
      1.4564966,
      0.8912507,
      -0.794272363
    ]
  },
  {
    "timeStamp": 23904,
    "rotation": [
      [
        0.8699461,
        -0.353602856,
        0.343742281
      ],
      [
        -0.320964336,
        0.123208895,
        0.939042866
      ],
      [
        -0.374400318,
        -0.9272457,
        -0.006308805
      ]
    ],
    "translation": [
      1.50251079,
      0.922452331,
      -0.76334554
    ]
  },
  {
    "timeStamp": 23948,
    "rotation": [
      [
        0.7990848,
        -0.4745593,
        0.369129926
      ],
      [
        -0.359613717,
        0.114756986,
        0.9260177
      ],
      [
        -0.48181057,
        -0.8727108,
        -0.07895748
      ]
    ],
    "translation": [
      1.54990363,
      0.945933938,
      -0.7332311
    ]
  },
  {
    "timeStamp": 24004,
    "rotation": [
      [
        0.70260185,
        -0.63446784,
        0.32218194
      ],
      [
        -0.388074726,
        0.037857268,
        0.920850039
      ],
      [
        -0.5964467,
        -0.772021651,
        -0.219622344
      ]
    ],
    "translation": [
      1.631256,
      0.9712451,
      -0.6894589
    ]
  },
  {
    "timeStamp": 24048,
    "rotation": [
      [
        0.620238245,
        -0.7427486,
        0.25224784
      ],
      [
        -0.4089468,
        -0.0317645743,
        0.912005246
      ],
      [
        -0.6693781,
        -0.668816447,
        -0.3234463
      ]
    ],
    "translation": [
      1.70652592,
      0.9920759,
      -0.6604078
    ]
  },
  {
    "timeStamp": 24104,
    "rotation": [
      [
        0.5137073,
        -0.8473837,
        0.134334758
      ],
      [
        -0.42808485,
        -0.117463462,
        0.8960724
      ],
      [
        -0.743537664,
        -0.517825544,
        -0.423093915
      ]
    ],
    "translation": [
      1.808489,
      1.01831162,
      -0.637375951
    ]
  },
  {
    "timeStamp": 24149,
    "rotation": [
      [
        0.436530054,
        -0.8995675,
        0.0148270587
      ],
      [
        -0.420439363,
        -0.189399779,
        0.8873322
      ],
      [
        -0.795407,
        -0.393581033,
        -0.46089226
      ]
    ],
    "translation": [
      1.89118731,
      1.03303981,
      -0.6320083
    ]
  },
  {
    "timeStamp": 24204,
    "rotation": [
      [
        0.3578547,
        -0.9274081,
        -0.1088772
      ],
      [
        -0.393850923,
        -0.255627,
        0.88291353
      ],
      [
        -0.8466531,
        -0.273073375,
        -0.456737876
      ]
    ],
    "translation": [
      1.98341525,
      1.04075193,
      -0.6410486
    ]
  },
  {
    "timeStamp": 24248,
    "rotation": [
      [
        0.2965877,
        -0.941808045,
        -0.158219039
      ],
      [
        -0.358374149,
        -0.2633251,
        0.8956717
      ],
      [
        -0.8852139,
        -0.2089436,
        -0.415618658
      ]
    ],
    "translation": [
      2.0392828,
      1.03535724,
      -0.654084742
    ]
  },
  {
    "timeStamp": 24304,
    "rotation": [
      [
        0.264518261,
        -0.949072,
        -0.171150073
      ],
      [
        -0.2589994,
        -0.240864232,
        0.9353629
      ],
      [
        -0.928950667,
        -0.2030928,
        -0.3095221
      ]
    ],
    "translation": [
      2.08740759,
      1.00080943,
      -0.6768735
    ]
  },
  {
    "timeStamp": 24349,
    "rotation": [
      [
        0.2226308,
        -0.964667141,
        -0.1409002
      ],
      [
        -0.22360909,
        -0.191202074,
        0.9557409
      ],
      [
        -0.9489123,
        -0.1812708,
        -0.2582758
      ]
    ],
    "translation": [
      2.11120772,
      0.971504331,
      -0.68813175
    ]
  },
  {
    "timeStamp": 24405,
    "rotation": [
      [
        0.219376847,
        -0.966863751,
        -0.130569071
      ],
      [
        -0.168877229,
        -0.1694402,
        0.9709637
      ],
      [
        -0.960913241,
        -0.190956831,
        -0.200452536
      ]
    ],
    "translation": [
      2.13249063,
      0.9349507,
      -0.69735533
    ]
  },
  {
    "timeStamp": 24458,
    "rotation": [
      [
        0.225450456,
        -0.969336152,
        -0.09777305
      ],
      [
        -0.155278683,
        -0.134825259,
        0.978626966
      ],
      [
        -0.961800754,
        -0.205449849,
        -0.180913642
      ]
    ],
    "translation": [
      2.13542652,
      0.9093455,
      -0.6976752
    ]
  },
  {
    "timeStamp": 24501,
    "rotation": [
      [
        0.24633266,
        -0.9650348,
        -0.0896003
      ],
      [
        -0.128701389,
        -0.124201588,
        0.983875
      ],
      [
        -0.960602045,
        -0.230828881,
        -0.154796213
      ]
    ],
    "translation": [
      2.13993239,
      0.8775591,
      -0.692915142
    ]
  },
  {
    "timeStamp": 24555,
    "rotation": [
      [
        0.2716235,
        -0.961516738,
        -0.041307468
      ],
      [
        -0.103632256,
        -0.07189322,
        0.992014
      ],
      [
        -0.9568078,
        -0.265173525,
        -0.119172037
      ]
    ],
    "translation": [
      2.130356,
      0.8466945,
      -0.689562
    ]
  },
  {
    "timeStamp": 24599,
    "rotation": [
      [
        0.295219839,
        -0.954948,
        -0.0303238556
      ],
      [
        -0.08790278,
        -0.0587514,
        0.994394958
      ],
      [
        -0.951377034,
        -0.290899575,
        -0.101287164
      ]
    ],
    "translation": [
      2.12449622,
      0.8266942,
      -0.684488237
    ]
  },
  {
    "timeStamp": 24655,
    "rotation": [
      [
        0.3137129,
        -0.9495177,
        -0.0006115108
      ],
      [
        -0.07630661,
        -0.02585301,
        0.996749163
      ],
      [
        -0.9464468,
        -0.3126464,
        -0.0805649
      ]
    ],
    "translation": [
      2.11442256,
      0.804645658,
      -0.6794458
    ]
  },
  {
    "timeStamp": 24699,
    "rotation": [
      [
        0.328427464,
        -0.944389,
        0.0162729118
      ],
      [
        -0.06913701,
        -0.00685405964,
        0.9975836
      ],
      [
        -0.9419955,
        -0.328758925,
        -0.06754328
      ]
    ],
    "translation": [
      2.105247,
      0.7898414,
      -0.675331354
    ]
  },
  {
    "timeStamp": 24755,
    "rotation": [
      [
        0.347415328,
        -0.936956763,
        0.03761022
      ],
      [
        -0.06273471,
        0.01679461,
        0.9978889
      ],
      [
        -0.9356104,
        -0.349041373,
        -0.0529450066
      ]
    ],
    "translation": [
      2.09678173,
      0.7728858,
      -0.670804262
    ]
  },
  {
    "timeStamp": 24799,
    "rotation": [
      [
        0.352209568,
        -0.934677064,
        0.0482408069
      ],
      [
        -0.044535853,
        0.0347476453,
        0.9984033
      ],
      [
        -0.934860945,
        -0.353795618,
        -0.0293881875
      ]
    ],
    "translation": [
      2.09031177,
      0.7599741,
      -0.66947633
    ]
  },
  {
    "timeStamp": 24855,
    "rotation": [
      [
        0.362997055,
        -0.929852545,
        0.0600625351
      ],
      [
        -0.05132071,
        0.0444100425,
        0.9976943
      ],
      [
        -0.930375934,
        -0.365242541,
        -0.0315999761
      ]
    ],
    "translation": [
      2.08561063,
      0.7544901,
      -0.664964139
    ]
  },
  {
    "timeStamp": 24900,
    "rotation": [
      [
        0.370781928,
        -0.92631495,
        0.06679404
      ],
      [
        -0.051226072,
        0.0514125265,
        0.997362852
      ],
      [
        -0.9273062,
        -0.3732257,
        -0.02838864
      ]
    ],
    "translation": [
      2.0788486,
      0.752998054,
      -0.6621763
    ]
  },
  {
    "timeStamp": 24946,
    "rotation": [
      [
        0.381030083,
        -0.922434449,
        0.0626964644
      ],
      [
        -0.0449758843,
        0.04923898,
        0.9977739
      ],
      [
        -0.923468053,
        -0.3830017,
        -0.0227257721
      ]
    ],
    "translation": [
      2.07638049,
      0.750058055,
      -0.660710156
    ]
  },
  {
    "timeStamp": 25003,
    "rotation": [
      [
        0.381374836,
        -0.9225728,
        0.0584190078
      ],
      [
        -0.0419262238,
        0.04586792,
        0.9980673
      ],
      [
        -0.923469245,
        -0.383087,
        -0.021187121
      ]
    ],
    "translation": [
      2.07524228,
      0.746194661,
      -0.656756938
    ]
  },
  {
    "timeStamp": 25048,
    "rotation": [
      [
        0.3940662,
        -0.9172282,
        0.05834511
      ],
      [
        -0.03286255,
        0.0493796,
        0.9982393
      ],
      [
        -0.918494344,
        -0.395289779,
        -0.0106836269
      ]
    ],
    "translation": [
      2.07186675,
      0.74293375,
      -0.6581675
    ]
  },
  {
    "timeStamp": 25104,
    "rotation": [
      [
        0.3997691,
        -0.9154582,
        0.04605381
      ],
      [
        -0.02988121,
        0.03720079,
        0.998860955
      ],
      [
        -0.9161287,
        -0.4006899,
        -0.0124832727
      ]
    ],
    "translation": [
      2.07180524,
      0.7410691,
      -0.655511558
    ]
  },
  {
    "timeStamp": 25149,
    "rotation": [
      [
        0.404802054,
        -0.913369358,
        0.0434945859
      ],
      [
        -0.0228785966,
        0.03743437,
        0.999037147
      ],
      [
        -0.9141181,
        -0.4054074,
        -0.005743099
      ]
    ],
    "translation": [
      2.07016134,
      0.737665534,
      -0.654711366
    ]
  },
  {
    "timeStamp": 25204,
    "rotation": [
      [
        0.4114014,
        -0.9107903,
        0.034782514
      ],
      [
        -0.02005433,
        0.0291070268,
        0.9993751
      ],
      [
        -0.9112336,
        -0.41184184,
        -0.006290619
      ]
    ],
    "translation": [
      2.06919885,
      0.732968569,
      -0.6533503
    ]
  },
  {
    "timeStamp": 25249,
    "rotation": [
      [
        0.421189219,
        -0.906817853,
        0.01676412
      ],
      [
        -0.0153013887,
        0.011376366,
        0.9998182
      ],
      [
        -0.9068437,
        -0.421369165,
        -0.00908397
      ]
    ],
    "translation": [
      2.06918669,
      0.7301011,
      -0.6522969
    ]
  },
  {
    "timeStamp": 25304,
    "rotation": [
      [
        0.423440516,
        -0.905848,
        0.0117254043
      ],
      [
        -0.0132680079,
        0.00674052769,
        0.999889255
      ],
      [
        -0.905826747,
        -0.4235492,
        -0.009164586
      ]
    ],
    "translation": [
      2.06919742,
      0.7277213,
      -0.652108252
    ]
  },
  {
    "timeStamp": 25349,
    "rotation": [
      [
        0.4234097,
        -0.9059167,
        0.00625499
      ],
      [
        -0.0108872531,
        0.00181566353,
        0.9999391
      ],
      [
        -0.9058729,
        -0.42345202,
        -0.009094176
      ]
    ],
    "translation": [
      2.06920648,
      0.726457238,
      -0.652059138
    ]
  }
]