[
  {
    "timeStamp": 49571,
    "rotation": [
      [
        0.999952257,
        -0.000117489915,
        -0.009772697
      ],
      [
        0.009772347,
        0.0267230365,
        0.9995951
      ],
      [
        0.00014371553,
        -0.999642849,
        0.026722908
      ]
    ],
    "translation": [
      1.61590719,
      0.70531857,
      -0.7498391
    ]
  },
  {
    "timeStamp": 49627,
    "rotation": [
      [
        0.999980748,
        0.000201971969,
        -0.006202016
      ],
      [
        0.006191974,
        0.03299905,
        0.9994362
      ],
      [
        0.000406519655,
        -0.999455333,
        0.03299716
      ]
    ],
    "translation": [
      1.615876,
      0.7058265,
      -0.749829233
    ]
  },
  {
    "timeStamp": 49671,
    "rotation": [
      [
        0.9982552,
        -0.04696871,
        0.0357830152
      ],
      [
        -0.0337245464,
        0.0439105742,
        0.9984661
      ],
      [
        -0.048467923,
        -0.997930765,
        0.0422499627
      ]
    ],
    "translation": [
      1.61089456,
      0.7157117,
      -0.7422872
    ]
  },
  {
    "timeStamp": 49726,
    "rotation": [
      [
        0.994837165,
        -0.06817591,
        0.07517317
      ],
      [
        -0.07272349,
        0.03773203,
        0.9966381
      ],
      [
        -0.07078317,
        -0.9969595,
        0.0325792357
      ]
    ],
    "translation": [
      1.6060853,
      0.735152662,
      -0.7374054
    ]
  },
  {
    "timeStamp": 49771,
    "rotation": [
      [
        0.9842021,
        -0.111350417,
        0.1376492
      ],
      [
        -0.134834155,
        0.0324644148,
        0.990336239
      ],
      [
        -0.114743039,
        -0.9932507,
        0.0169377066
      ]
    ],
    "translation": [
      1.6018877,
      0.7637341,
      -0.729475737
    ]
  },
  {
    "timeStamp": 49826,
    "rotation": [
      [
        0.938323855,
        -0.2151793,
        0.270640224
      ],
      [
        -0.267301351,
        0.0450421646,
        0.9625597
      ],
      [
        -0.219313145,
        -0.9755353,
        -0.0152535755
      ]
    ],
    "translation": [
      1.60137284,
      0.8246517,
      -0.7057902
    ]
  },
  {
    "timeStamp": 49871,
    "rotation": [
      [
        0.8643686,
        -0.332013726,
        0.377668858
      ],
      [
        -0.380286485,
        0.0598031022,
        0.9229332
      ],
      [
        -0.329012275,
        -0.9413769,
        -0.0745684057
      ]
    ],
    "translation": [
      1.61986554,
      0.8793895,
      -0.68192184
    ]
  },
  {
    "timeStamp": 49926,
    "rotation": [
      [
        0.741616964,
        -0.485090584,
        0.46334815
      ],
      [
        -0.498586953,
        0.06351091,
        0.86450994
      ],
      [
        -0.4487933,
        -0.872154534,
        -0.194759071
      ]
    ],
    "translation": [
      1.666432,
      0.9510574,
      -0.6475189
    ]
  },
  {
    "timeStamp": 49971,
    "rotation": [
      [
        0.610270262,
        -0.6169896,
        0.496884257
      ],
      [
        -0.581452,
        0.0771351,
        0.809915841
      ],
      [
        -0.5380369,
        -0.783181965,
        -0.311676621
      ]
    ],
    "translation": [
      1.7211318,
      1.00209081,
      -0.627063632
    ]
  },
  {
    "timeStamp": 50026,
    "rotation": [
      [
        0.46046558,
        -0.765977561,
        0.448608756
      ],
      [
        -0.643400848,
        0.06017987,
        0.7631603
      ],
      [
        -0.6115609,
        -0.640044332,
        -0.465119869
      ]
    ],
    "translation": [
      1.809762,
      1.05263543,
      -0.605976164
    ]
  },
  {
    "timeStamp": 50071,
    "rotation": [
      [
        0.35959813,
        -0.859478951,
        0.363297522
      ],
      [
        -0.6580248,
        0.0424696431,
        0.7517977
      ],
      [
        -0.6615834,
        -0.5094038,
        -0.5502864
      ]
    ],
    "translation": [
      1.87888038,
      1.073855,
      -0.6028236
    ]
  },
  {
    "timeStamp": 50126,
    "rotation": [
      [
        0.285367221,
        -0.9397423,
        0.188281357
      ],
      [
        -0.6054802,
        -0.0244848467,
        0.7954837
      ],
      [
        -0.7429397,
        -0.3410056,
        -0.5759825
      ]
    ],
    "translation": [
      1.97068274,
      1.06751025,
      -0.6047994
    ]
  },
  {
    "timeStamp": 50171,
    "rotation": [
      [
        0.2596445,
        -0.9632176,
        0.06925684
      ],
      [
        -0.526802242,
        -0.08116842,
        0.8461035
      ],
      [
        -0.8093603,
        -0.25617075,
        -0.52850014
      ]
    ],
    "translation": [
      2.02711725,
      1.04867756,
      -0.615465939
    ]
  },
  {
    "timeStamp": 50216,
    "rotation": [
      [
        0.228583217,
        -0.9735039,
        -0.00631248159
      ],
      [
        -0.457474619,
        -0.113136277,
        0.8819961
      ],
      [
        -0.859340847,
        -0.1987217,
        -0.4712144
      ]
    ],
    "translation": [
      2.07546234,
      1.02767384,
      -0.6312593
    ]
  },
  {
    "timeStamp": 50281,
    "rotation": [
      [
        0.191310778,
        -0.981529355,
        -0.000494407956
      ],
      [
        -0.338671148,
        -0.06648346,
        0.938553035
      ],
      [
        -0.9212502,
        -0.179387867,
        -0.3451347
      ]
    ],
    "translation": [
      2.11083579,
      0.98640424,
      -0.6530947
    ]
  },
  {
    "timeStamp": 50323,
    "rotation": [
      [
        0.247909576,
        -0.966428936,
        -0.0674973652
      ],
      [
        -0.212554067,
        -0.122234657,
        0.9694738
      ],
      [
        -0.945178032,
        -0.225994989,
        -0.235721558
      ]
    ],
    "translation": [
      2.12732315,
      0.9447238,
      -0.6719492
    ]
  },
  {
    "timeStamp": 50377,
    "rotation": [
      [
        0.206471726,
        -0.9784426,
        -0.004413008
      ],
      [
        -0.202540144,
        -0.0471518151,
        0.978138149
      ],
      [
        -0.957260132,
        -0.201064065,
        -0.20790942
      ]
    ],
    "translation": [
      2.13652349,
      0.919376731,
      -0.682311952
    ]
  },
  {
    "timeStamp": 50421,
    "rotation": [
      [
        0.222967938,
        -0.974569738,
        -0.0223407038
      ],
      [
        -0.133840382,
        -0.05330533,
        0.989568233
      ],
      [
        -0.9655942,
        -0.217651889,
        -0.142322168
      ]
    ],
    "translation": [
      2.14047027,
      0.892387867,
      -0.6933642
    ]
  },
  {
    "timeStamp": 50476,
    "rotation": [
      [
        0.218517184,
        -0.975829363,
        0.00268835528
      ],
      [
        -0.113631539,
        -0.0227090921,
        0.9932634
      ],
      [
        -0.9691946,
        -0.2173506,
        -0.115847327
      ]
    ],
    "translation": [
      2.13818336,
      0.869878232,
      -0.701519
    ]
  },
  {
    "timeStamp": 50521,
    "rotation": [
      [
        0.23048459,
        -0.9730597,
        0.00562783657
      ],
      [
        -0.09824054,
        -0.0175150465,
        0.9950085
      ],
      [
        -0.9681041,
        -0.229887024,
        -0.09963086
      ]
    ],
    "translation": [
      2.13440871,
      0.856823444,
      -0.7073276
    ]
  },
  {
    "timeStamp": 50566,
    "rotation": [
      [
        0.216185182,
        -0.976226568,
        0.0156726986
      ],
      [
        -0.09263471,
        -0.004528769,
        0.995689869
      ],
      [
        -0.9719479,
        -0.216705233,
        -0.09141152
      ]
    ],
    "translation": [
      2.13385034,
      0.8467496,
      -0.7107909
    ]
  },
  {
    "timeStamp": 50621,
    "rotation": [
      [
        0.2159356,
        -0.976407051,
        0.00103541638
      ],
      [
        -0.07121015,
        -0.01469073,
        0.997353137
      ],
      [
        -0.973807454,
        -0.215437785,
        -0.0727023557
      ]
    ],
    "translation": [
      2.13520885,
      0.8320101,
      -0.716891766
    ]
  },
  {
    "timeStamp": 50676,
    "rotation": [
      [
        0.193721309,
        -0.9810095,
        0.009616251
      ],
      [
        -0.07508261,
        -0.005052058,
        0.997164547
      ],
      [
        -0.9781793,
        -0.193894029,
        -0.07463544
      ]
    ],
    "translation": [
      2.13866544,
      0.822829068,
      -0.7186307
    ]
  },
  {
    "timeStamp": 50721,
    "rotation": [
      [
        0.189607561,
        -0.981855869,
        0.002829816
      ],
      [
        -0.06789754,
        -0.0102364821,
        0.9976398
      ],
      [
        -0.9795095,
        -0.189352185,
        -0.06860651
      ]
    ],
    "translation": [
      2.140364,
      0.814857364,
      -0.720921338
    ]
  },
  {
    "timeStamp": 50767,
    "rotation": [
      [
        0.188962489,
        -0.9817331,
        -0.0222100113
      ],
      [
        -0.0624898374,
        -0.0345934331,
        0.9974459
      ],
      [
        -0.979993939,
        -0.187091947,
        -0.0678852051
      ]
    ],
    "translation": [
      2.14463878,
      0.807566166,
      -0.7230026
    ]
  },
  {
    "timeStamp": 50823,
    "rotation": [
      [
        0.173973322,
        -0.98454,
        -0.0203527212
      ],
      [
        -0.06388799,
        -0.0319088735,
        0.997446835
      ],
      [
        -0.982675731,
        -0.172228858,
        -0.06845158
      ]
    ],
    "translation": [
      2.1473608,
      0.800965667,
      -0.725326836
    ]
  },
  {
    "timeStamp": 50869,
    "rotation": [
      [
        0.164740175,
        -0.986042559,
        -0.0240987353
      ],
      [
        -0.06541046,
        -0.03530051,
        0.997233868
      ],
      [
        -0.9841657,
        -0.162708178,
        -0.0703129
      ]
    ],
    "translation": [
      2.148674,
      0.797818065,
      -0.7263247
    ]
  },
  {
    "timeStamp": 50926,
    "rotation": [
      [
        0.159253865,
        -0.9869392,
        -0.0242752954
      ],
      [
        -0.07348554,
        -0.0363714546,
        0.9966328
      ],
      [
        -0.9844989,
        -0.15693374,
        -0.07831805
      ]
    ],
    "translation": [
      2.14943624,
      0.7980993,
      -0.7259941
    ]
  },
  {
    "timeStamp": 50970,
    "rotation": [
      [
        0.152308181,
        -0.98813796,
        -0.0196348857
      ],
      [
        -0.08346712,
        -0.0326559544,
        0.9959753
      ],
      [
        -0.984802246,
        -0.150056332,
        -0.0874507949
      ]
    ],
    "translation": [
      2.14970088,
      0.800196,
      -0.725265741
    ]
  },
  {
    "timeStamp": 51026,
    "rotation": [
      [
        0.143331081,
        -0.9895216,
        -0.0174096655
      ],
      [
        -0.08907628,
        -0.0304185078,
        0.9955602
      ],
      [
        -0.985658,
        -0.141143948,
        -0.092502825
      ]
    ],
    "translation": [
      2.15171623,
      0.800702453,
      -0.725412846
    ]
  },
  {
    "timeStamp": 51071,
    "rotation": [
      [
        0.142382115,
        -0.989727139,
        -0.0129459165
      ],
      [
        -0.08114616,
        -0.0247068312,
        0.996395946
      ],
      [
        -0.986479938,
        -0.140818447,
        -0.083830364
      ]
    ],
    "translation": [
      2.15209746,
      0.7976672,
      -0.7276811
    ]
  },
  {
    "timeStamp": 51126,
    "rotation": [
      [
        0.132369936,
        -0.9911441,
        -0.0105551053
      ],
      [
        -0.08671992,
        -0.02218834,
        0.9959856
      ],
      [
        -0.9873995,
        -0.130923226,
        -0.08888901
      ]
    ],
    "translation": [
      2.15430474,
      0.7974469,
      -0.729709148
    ]
  },
  {
    "timeStamp": 51170,
    "rotation": [
      [
        0.124454491,
        -0.992181361,
        -0.009339894
      ],
      [
        -0.08269736,
        -0.0197525714,
        0.996378958
      ],
      [
        -0.9887731,
        -0.123231456,
        -0.08450908
      ]
    ],
    "translation": [
      2.15629959,
      0.7953814,
      -0.7327407
    ]
  },
  {
    "timeStamp": 51225,
    "rotation": [
      [
        0.107712582,
        -0.994170666,
        -0.00476571359
      ],
      [
        -0.07449108,
        -0.0128506161,
        0.997138858
      ],
      [
        -0.9913874,
        -0.1070494,
        -0.07544102
      ]
    ],
    "translation": [
      2.15980482,
      0.790213346,
      -0.737458467
    ]
  },
  {
    "timeStamp": 51269,
    "rotation": [
      [
        0.08618378,
        -0.9962132,
        -0.0114739956
      ],
      [
        -0.06919666,
        -0.01747454,
        0.99745
      ],
      [
        -0.993873358,
        -0.08517005,
        -0.0704406351
      ]
    ],
    "translation": [
      2.16648865,
      0.784959435,
      -0.74004817
    ]
  },
  {
    "timeStamp": 51325,
    "rotation": [
      [
        0.0762852952,
        -0.9969486,
        -0.01655203
      ],
      [
        -0.0522453375,
        -0.0205742456,
        0.9984223
      ],
      [
        -0.9957163,
        -0.07530018,
        -0.05365543
      ]
    ],
    "translation": [
      2.17209721,
      0.7741789,
      -0.7434617
    ]
  },
  {
    "timeStamp": 51369,
    "rotation": [
      [
        0.06924267,
        -0.9974797,
        -0.0154853128
      ],
      [
        -0.0438944772,
        -0.0185538512,
        0.9988639
      ],
      [
        -0.9966337,
        -0.068484284,
        -0.04506857
      ]
    ],
    "translation": [
      2.175419,
      0.766522944,
      -0.744836569
    ]
  },
  {
    "timeStamp": 51425,
    "rotation": [
      [
        0.0605011731,
        -0.998081744,
        -0.0131305931
      ],
      [
        -0.03507316,
        -0.0152722457,
        0.999268055
      ],
      [
        -0.9975517,
        -0.0599963628,
        -0.0359298736
      ]
    ],
    "translation": [
      2.18062949,
      0.7581334,
      -0.745570362
    ]
  },
  {
    "timeStamp": 51469,
    "rotation": [
      [
        0.065082334,
        -0.997823834,
        -0.0105781388
      ],
      [
        -0.0233276747,
        -0.0121190762,
        0.9996544
      ],
      [
        -0.9976072,
        -0.06481308,
        -0.0240656473
      ]
    ],
    "translation": [
      2.18159413,
      0.7511733,
      -0.7464654
    ]
  },
  {
    "timeStamp": 51525,
    "rotation": [
      [
        0.0599045344,
        -0.9981896,
        -0.00537953852
      ],
      [
        -0.0235966872,
        -0.00680378173,
        0.9996984
      ],
      [
        -0.997925162,
        -0.0597595237,
        -0.0239615459
      ]
    ],
    "translation": [
      2.18382454,
      0.7460923,
      -0.745459
    ]
  },
  {
    "timeStamp": 51570,
    "rotation": [
      [
        0.06131546,
        -0.9981075,
        -0.00468388526
      ],
      [
        -0.02260671,
        -0.00608024932,
        0.999725938
      ],
      [
        -0.9978624,
        -0.0611927621,
        -0.02293674
      ]
    ],
    "translation": [
      2.18540883,
      0.7423907,
      -0.7454062
    ]
  },
  {
    "timeStamp": 51626,
    "rotation": [
      [
        0.0602129623,
        -0.9981776,
        -0.003976998
      ],
      [
        -0.0183969922,
        -0.005093293,
        0.9998178
      ],
      [
        -0.99801594,
        -0.0601288266,
        -0.01867015
      ]
    ],
    "translation": [
      2.186337,
      0.737965047,
      -0.7457571
    ]
  },
  {
    "timeStamp": 51670,
    "rotation": [
      [
        0.0553398058,
        -0.9984422,
        -0.007129933
      ],
      [
        -0.0217683576,
        -0.008345653,
        0.9997282
      ],
      [
        -0.9982303,
        -0.0551695526,
        -0.022196291
      ]
    ],
    "translation": [
      2.1892674,
      0.736458,
      -0.746053934
    ]
  },
  {
    "timeStamp": 51726,
    "rotation": [
      [
        0.0468915254,
        -0.998848736,
        -0.0101166647
      ],
      [
        -0.01807697,
        -0.0109746931,
        0.999776363
      ],
      [
        -0.9987364,
        -0.04669816,
        -0.0185707789
      ]
    ],
    "translation": [
      2.19253683,
      0.7349324,
      -0.74802
    ]
  },
  {
    "timeStamp": 51770,
    "rotation": [
      [
        0.0390344858,
        -0.9991299,
        -0.01468953
      ],
      [
        -0.0230423175,
        -0.0155968592,
        0.9996128
      ],
      [
        -0.9989721,
        -0.03868088,
        -0.0236310828
      ]
    ],
    "translation": [
      2.19585133,
      0.7345661,
      -0.747185946
    ]
  },
  {
    "timeStamp": 51826,
    "rotation": [
      [
        0.0339127742,
        -0.9993268,
        -0.01399406
      ],
      [
        -0.025303971,
        -0.0148561634,
        0.9995694
      ],
      [
        -0.99910444,
        -0.0335440747,
        -0.025790751
      ]
    ],
    "translation": [
      2.19808817,
      0.734032631,
      -0.748165846
    ]
  },
  {
    "timeStamp": 51870,
    "rotation": [
      [
        0.03363024,
        -0.9992936,
        -0.0167711321
      ],
      [
        -0.0193862654,
        -0.0174297076,
        0.999660134
      ],
      [
        -0.999246359,
        -0.0332936831,
        -0.0199587364
      ]
    ],
    "translation": [
      2.19917274,
      0.731539,
      -0.7498207
    ]
  },
  {
    "timeStamp": 51925,
    "rotation": [
      [
        0.0247054882,
        -0.9994762,
        -0.0209014621
      ],
      [
        -0.0241309851,
        -0.0214979723,
        0.9994776
      ],
      [
        -0.9994034,
        -0.0241882037,
        -0.0246494655
      ]
    ],
    "translation": [
      2.20261264,
      0.7314055,
      -0.75029695
    ]
  },
  {
    "timeStamp": 51970,
    "rotation": [
      [
        0.024325056,
        -0.99936235,
        -0.0261378512
      ],
      [
        -0.0233574323,
        -0.026706595,
        0.9993704
      ],
      [
        -0.9994312,
        -0.02369923,
        -0.023992179
      ]
    ],
    "translation": [
      2.20472145,
      0.729747951,
      -0.750378966
    ]
  },
  {
    "timeStamp": 52025,
    "rotation": [
      [
        0.0140826032,
        -0.9994335,
        -0.03056605
      ],
      [
        -0.029128151,
        -0.0309661571,
        0.9990959
      ],
      [
        -0.999476433,
        -0.0131795406,
        -0.029547736
      ]
    ],
    "translation": [
      2.208917,
      0.7293157,
      -0.7502284
    ]
  },
  {
    "timeStamp": 52070,
    "rotation": [
      [
        0.008816456,
        -0.9993944,
        -0.03366158
      ],
      [
        -0.0306935143,
        -0.0339174941,
        0.9989532
      ],
      [
        -0.999489963,
        -0.00777405,
        -0.0309739579
      ]
    ],
    "translation": [
      2.211615,
      0.7286238,
      -0.750599
    ]
  },
  {
    "timeStamp": 52125,
    "rotation": [
      [
        0.00102827791,
        -0.9993577,
        -0.03582285
      ],
      [
        -0.03505517,
        -0.0358368754,
        0.99874264
      ],
      [
        -0.9993849,
        0.000228787423,
        -0.0350695029
      ]
    ],
    "translation": [
      2.21509814,
      0.7282223,
      -0.7503843
    ]
  },
  {
    "timeStamp": 52170,
    "rotation": [
      [
        -0.001848188,
        -0.9993713,
        -0.0354069136
      ],
      [
        -0.0356456637,
        -0.0353186354,
        0.9987402
      ],
      [
        -0.999362767,
        0.00310796313,
        -0.0355579741
      ]
    ],
    "translation": [
      2.21640635,
      0.7271527,
      -0.7511149
    ]
  },
  {
    "timeStamp": 52225,
    "rotation": [
      [
        -0.00754253846,
        -0.9996032,
        -0.0271403734
      ],
      [
        -0.03714546,
        -0.0268423371,
        0.9989493
      ],
      [
        -0.9992814,
        0.008542765,
        -0.03692826
      ]
    ],
    "translation": [
      2.2178247,
      0.726964831,
      -0.7507852
    ]
  },
  {
    "timeStamp": 52270,
    "rotation": [
      [
        -0.0124724247,
        -0.9997912,
        -0.0161849055
      ],
      [
        -0.0396029875,
        -0.0156795457,
        0.99909246
      ],
      [
        -0.99913764,
        0.0131020807,
        -0.03939916
      ]
    ],
    "translation": [
      2.21818113,
      0.7273035,
      -0.7506312
    ]
  },
  {
    "timeStamp": 52325,
    "rotation": [
      [
        -0.0171802,
        -0.99985224,
        -0.000500389142
      ],
      [
        -0.0360871144,
        0.000119938384,
        0.99934864
      ],
      [
        -0.99920094,
        0.0171870682,
        -0.0360838473
      ]
    ],
    "translation": [
      2.21850586,
      0.727374732,
      -0.7504256
    ]
  },
  {
    "timeStamp": 52369,
    "rotation": [
      [
        -0.0229288228,
        -0.999659,
        0.0124947317
      ],
      [
        -0.0323185623,
        0.0132326484,
        0.99939
      ],
      [
        -0.9992146,
        0.0225110166,
        -0.03261095
      ]
    ],
    "translation": [
      2.21892333,
      0.7275119,
      -0.7501989
    ]
  },
  {
    "timeStamp": 52426,
    "rotation": [
      [
        -0.0417005345,
        -0.9989609,
        0.0183874536
      ],
      [
        -0.0313146263,
        0.0197011717,
        0.9993154
      ],
      [
        -0.9986393,
        0.04109618,
        -0.03210364
      ]
    ],
    "translation": [
      2.220256,
      0.72690624,
      -0.7495836
    ]
  },
  {
    "timeStamp": 52470,
    "rotation": [
      [
        -0.0418208,
        -0.9988329,
        0.0241618566
      ],
      [
        -0.0181171987,
        0.0249371547,
        0.999524832
      ],
      [
        -0.998960853,
        0.04136318,
        -0.0191389471
      ]
    ],
    "translation": [
      2.2205596,
      0.726075947,
      -0.749808848
    ]
  },
  {
    "timeStamp": 52525,
    "rotation": [
      [
        -0.04115307,
        -0.998842,
        0.0249231551
      ],
      [
        -0.0191280376,
        0.0257273149,
        0.99948597
      ],
      [
        -0.998969734,
        0.0406551734,
        -0.0201646443
      ]
    ],
    "translation": [
      2.220821,
      0.726331,
      -0.7498642
    ]
  },
  {
    "timeStamp": 52570,
    "rotation": [
      [
        -0.0382794365,
        -0.9989456,
        0.0253449678
      ],
      [
        -0.0205302034,
        0.0261444133,
        0.999447346
      ],
      [
        -0.99905616,
        0.03773795,
        -0.02150935
      ]
    ],
    "translation": [
      2.2210443,
      0.72641027,
      -0.7499698
    ]
  },
  {
    "timeStamp": 52625,
    "rotation": [
      [
        -0.0306357052,
        -0.999283,
        0.0222475976
      ],
      [
        -0.025491856,
        0.0230319388,
        0.9994097
      ],
      [
        -0.9992055,
        0.03005049,
        -0.0261791777
      ]
    ],
    "translation": [
      2.2216382,
      0.726666,
      -0.7503937
    ]
  }
]