[
  {
    "timeStamp": 36532,
    "rotation": [
      [
        0.9958969,
        0.08834982,
        0.0195894837
      ],
      [
        -0.019915808,
        0.00281347684,
        0.9997977
      ],
      [
        0.08827683,
        -0.9960856,
        0.004561491
      ]
    ],
    "translation": [
      1.2969135,
      0.7031216,
      -0.6184924
    ]
  },
  {
    "timeStamp": 36576,
    "rotation": [
      [
        0.996454954,
        0.079271704,
        0.0281705242
      ],
      [
        -0.026602082,
        -0.0207728371,
        0.999430239
      ],
      [
        0.07981172,
        -0.9966366,
        -0.0185904037
      ]
    ],
    "translation": [
      1.2965796,
      0.7105997,
      -0.614536464
    ]
  },
  {
    "timeStamp": 36632,
    "rotation": [
      [
        0.9927277,
        0.07073499,
        0.0974073038
      ],
      [
        -0.09474438,
        -0.0400810428,
        0.9946944
      ],
      [
        0.0742639,
        -0.996689558,
        -0.03308782
      ]
    ],
    "translation": [
      1.29443359,
      0.738549769,
      -0.6138086
    ]
  },
  {
    "timeStamp": 36676,
    "rotation": [
      [
        0.9871827,
        0.0589366257,
        0.1483133
      ],
      [
        -0.142554581,
        -0.0921850353,
        0.9854847
      ],
      [
        0.0717534,
        -0.993996143,
        -0.0826017857
      ]
    ],
    "translation": [
      1.29957461,
      0.7697355,
      -0.6109263
    ]
  },
  {
    "timeStamp": 36732,
    "rotation": [
      [
        0.972613931,
        0.03142112,
        0.2302932
      ],
      [
        -0.225097671,
        -0.119517282,
        0.966978133
      ],
      [
        0.0579075366,
        -0.9923348,
        -0.109171346
      ]
    ],
    "translation": [
      1.3140974,
      0.8108396,
      -0.610698
    ]
  },
  {
    "timeStamp": 36776,
    "rotation": [
      [
        0.9609552,
        -0.00700110942,
        0.2766155
      ],
      [
        -0.274472326,
        -0.150828421,
        0.9496924
      ],
      [
        0.0350725874,
        -0.988535166,
        -0.146860972
      ]
    ],
    "translation": [
      1.33547771,
      0.8441986,
      -0.6081198
    ]
  },
  {
    "timeStamp": 36832,
    "rotation": [
      [
        0.945325732,
        -0.0476071537,
        0.3226341
      ],
      [
        -0.325434029,
        -0.202187523,
        0.923695266
      ],
      [
        0.0212580655,
        -0.978189,
        -0.206626058
      ]
    ],
    "translation": [
      1.37198567,
      0.8858552,
      -0.60481894
    ]
  },
  {
    "timeStamp": 36877,
    "rotation": [
      [
        0.9350198,
        -0.0975431,
        0.340915322
      ],
      [
        -0.354595184,
        -0.258255631,
        0.8986469
      ],
      [
        0.000386509637,
        -0.96113956,
        -0.276062459
      ]
    ],
    "translation": [
      1.41191781,
      0.9183808,
      -0.598386467
    ]
  },
  {
    "timeStamp": 36932,
    "rotation": [
      [
        0.913942,
        -0.188012362,
        0.359668434
      ],
      [
        -0.401667356,
        -0.292208552,
        0.8679156
      ],
      [
        -0.05808064,
        -0.937691569,
        -0.3425801
      ]
    ],
    "translation": [
      1.47359633,
      0.9560254,
      -0.5889308
    ]
  },
  {
    "timeStamp": 36977,
    "rotation": [
      [
        0.893952668,
        -0.273387283,
        0.355116934
      ],
      [
        -0.43318,
        -0.3239334,
        0.841083944
      ],
      [
        -0.114907414,
        -0.9057188,
        -0.408007026
      ]
    ],
    "translation": [
      1.53120625,
      0.9850309,
      -0.578272164
    ]
  },
  {
    "timeStamp": 37032,
    "rotation": [
      [
        0.856989563,
        -0.398547828,
        0.326693356
      ],
      [
        -0.475140065,
        -0.365632862,
        0.8003465
      ],
      [
        -0.199526533,
        -0.8411137,
        -0.5027096
      ]
    ],
    "translation": [
      1.61365151,
      1.02021039,
      -0.5710134
    ]
  },
  {
    "timeStamp": 37077,
    "rotation": [
      [
        0.806283534,
        -0.5147613,
        0.291423559
      ],
      [
        -0.5246323,
        -0.3947121,
        0.75429666
      ],
      [
        -0.273254365,
        -0.761067152,
        -0.5883102
      ]
    ],
    "translation": [
      1.68823838,
      1.05327773,
      -0.5651074
    ]
  },
  {
    "timeStamp": 37132,
    "rotation": [
      [
        0.7369256,
        -0.654312253,
        0.169753388
      ],
      [
        -0.5624439,
        -0.454211146,
        0.690904558
      ],
      [
        -0.3749634,
        -0.604622,
        -0.7027337
      ]
    ],
    "translation": [
      1.79062128,
      1.09141743,
      -0.5709876
    ]
  },
  {
    "timeStamp": 37177,
    "rotation": [
      [
        0.676487446,
        -0.735897839,
        0.0286194868
      ],
      [
        -0.575896144,
        -0.5043814,
        0.643384039
      ],
      [
        -0.4590298,
        -0.4517231,
        -0.76500845
      ]
    ],
    "translation": [
      1.87840915,
      1.119896,
      -0.579942167
    ]
  },
  {
    "timeStamp": 37232,
    "rotation": [
      [
        0.543502867,
        -0.828444839,
        -0.135217577
      ],
      [
        -0.6099643,
        -0.5004505,
        0.61440444
      ],
      [
        -0.576669931,
        -0.251452655,
        -0.77731806
      ]
    ],
    "translation": [
      1.98020744,
      1.13951337,
      -0.60730195
    ]
  },
  {
    "timeStamp": 37276,
    "rotation": [
      [
        0.414737552,
        -0.881880641,
        -0.2242304
      ],
      [
        -0.626186848,
        -0.4553993,
        0.6328519
      ],
      [
        -0.6602142,
        -0.122057326,
        -0.7410932
      ]
    ],
    "translation": [
      2.05535173,
      1.13912606,
      -0.633149266
    ]
  },
  {
    "timeStamp": 37332,
    "rotation": [
      [
        0.292785555,
        -0.893667161,
        -0.340052426
      ],
      [
        -0.5569612,
        -0.448470384,
        0.69904834
      ],
      [
        -0.77722,
        -0.0152752567,
        -0.6290436
      ]
    ],
    "translation": [
      2.13197684,
      1.11860752,
      -0.66597724
    ]
  },
  {
    "timeStamp": 37377,
    "rotation": [
      [
        0.233277425,
        -0.8931886,
        -0.384442121
      ],
      [
        -0.4943505,
        -0.449380547,
        0.7440932
      ],
      [
        -0.837376356,
        0.016469039,
        -0.546378553
      ]
    ],
    "translation": [
      2.176247,
      1.09119165,
      -0.68960166
    ]
  },
  {
    "timeStamp": 37432,
    "rotation": [
      [
        0.140973449,
        -0.9169729,
        -0.373212069
      ],
      [
        -0.377069861,
        -0.3982947,
        0.8361696
      ],
      [
        -0.9153933,
        0.0228493474,
        -0.4019118
      ]
    ],
    "translation": [
      2.21886945,
      1.0409801,
      -0.7147465
    ]
  },
  {
    "timeStamp": 37476,
    "rotation": [
      [
        0.0982705653,
        -0.960051954,
        -0.261998534
      ],
      [
        -0.326318741,
        -0.279803276,
        0.9028988
      ],
      [
        -0.940137744,
        -0.00323335058,
        -0.340779364
      ]
    ],
    "translation": [
      2.23045921,
      0.9914837,
      -0.7258197
    ]
  },
  {
    "timeStamp": 37528,
    "rotation": [
      [
        0.06919545,
        -0.9788377,
        -0.192584112
      ],
      [
        -0.28166014,
        -0.2043617,
        0.9374987
      ],
      [
        -0.957015932,
        -0.0106273517,
        -0.2898405
      ]
    ],
    "translation": [
      2.23911142,
      0.9564072,
      -0.7324455
    ]
  },
  {
    "timeStamp": 37582,
    "rotation": [
      [
        0.08573948,
        -0.978935361,
        -0.185295254
      ],
      [
        -0.220797449,
        -0.200025156,
        0.9545881
      ],
      [
        -0.9715437,
        -0.04093319,
        -0.233296469
      ]
    ],
    "translation": [
      2.24286175,
      0.918285966,
      -0.7366208
    ]
  },
  {
    "timeStamp": 37627,
    "rotation": [
      [
        0.0324670747,
        -0.9830901,
        -0.180221349
      ],
      [
        -0.195433348,
        -0.183080092,
        0.9634768
      ],
      [
        -0.980179369,
        0.00393998157,
        -0.198072672
      ]
    ],
    "translation": [
      2.25311923,
      0.8958598,
      -0.7412708
    ]
  },
  {
    "timeStamp": 37682,
    "rotation": [
      [
        0.0227052066,
        -0.9957755,
        -0.08896956
      ],
      [
        -0.188479513,
        -0.0916602463,
        0.9777903
      ],
      [
        -0.9818146,
        -0.005431988,
        -0.189764455
      ]
    ],
    "translation": [
      2.24967051,
      0.866212964,
      -0.735605061
    ]
  },
  {
    "timeStamp": 37726,
    "rotation": [
      [
        -0.0151445083,
        -0.9969735,
        -0.07625255
      ],
      [
        -0.169920936,
        -0.07258585,
        0.9827808
      ],
      [
        -0.9853413,
        0.0278406516,
        -0.1683074
      ]
    ],
    "translation": [
      2.251919,
      0.850355148,
      -0.734504461
    ]
  },
  {
    "timeStamp": 37782,
    "rotation": [
      [
        -0.00918417051,
        -0.9980976,
        -0.0609652847
      ],
      [
        -0.154355317,
        -0.05882207,
        0.986262858
      ],
      [
        -0.9879727,
        0.0184683129,
        -0.153521448
      ]
    ],
    "translation": [
      2.25002074,
      0.834388,
      -0.729168
    ]
  },
  {
    "timeStamp": 37826,
    "rotation": [
      [
        -0.0242735576,
        -0.9984738,
        -0.04960734
      ],
      [
        -0.144021168,
        -0.0456117,
        0.9885229
      ],
      [
        -0.9892769,
        0.0311394688,
        -0.1426942
      ]
    ],
    "translation": [
      2.25013566,
      0.82437,
      -0.725521564
    ]
  },
  {
    "timeStamp": 37882,
    "rotation": [
      [
        -0.0409196727,
        -0.997551143,
        -0.05672132
      ],
      [
        -0.127907485,
        -0.0510719121,
        0.990470231
      ],
      [
        -0.9909416,
        0.0477848239,
        -0.125504419
      ]
    ],
    "translation": [
      2.25314975,
      0.8115441,
      -0.7226145
    ]
  },
  {
    "timeStamp": 37926,
    "rotation": [
      [
        -0.0584033579,
        -0.998191535,
        -0.01423972
      ],
      [
        -0.130592987,
        -0.006502158,
        0.9914147
      ],
      [
        -0.9897143,
        0.05976156,
        -0.129977062
      ]
    ],
    "translation": [
      2.251502,
      0.801383138,
      -0.717356563
    ]
  },
  {
    "timeStamp": 37983,
    "rotation": [
      [
        -0.07853463,
        -0.9969098,
        0.00179338618
      ],
      [
        -0.126776516,
        0.0117715141,
        0.991861463
      ],
      [
        -0.9888175,
        0.0776681155,
        -0.127309233
      ]
    ],
    "translation": [
      2.25105572,
      0.7922075,
      -0.711262941
    ]
  },
  {
    "timeStamp": 38029,
    "rotation": [
      [
        -0.06763216,
        -0.9975564,
        -0.017523231
      ],
      [
        -0.118081942,
        -0.009436773,
        0.992959
      ],
      [
        -0.990698,
        0.06922513,
        -0.117155172
      ]
    ],
    "translation": [
      2.2553196,
      0.78635323,
      -0.70755595
    ]
  },
  {
    "timeStamp": 38086,
    "rotation": [
      [
        -0.07173535,
        -0.9974093,
        0.00535796629
      ],
      [
        -0.106843017,
        0.0130250053,
        0.9941906
      ],
      [
        -0.991684735,
        0.07074615,
        -0.107500575
      ]
    ],
    "translation": [
      2.25452662,
      0.7764753,
      -0.702128947
    ]
  },
  {
    "timeStamp": 38131,
    "rotation": [
      [
        -0.06700606,
        -0.9977359,
        0.005770388
      ],
      [
        -0.0949340239,
        0.0121325236,
        0.9954096
      ],
      [
        -0.993225932,
        0.0661506653,
        -0.09553204
      ]
    ],
    "translation": [
      2.25548,
      0.7716348,
      -0.6980397
    ]
  },
  {
    "timeStamp": 38176,
    "rotation": [
      [
        -0.0471352264,
        -0.9988464,
        -0.00917252
      ],
      [
        -0.08813808,
        -0.004988054,
        0.9960958
      ],
      [
        -0.994992435,
        0.04775965,
        -0.08780129
      ]
    ],
    "translation": [
      2.25695014,
      0.769509,
      -0.69258374
    ]
  },
  {
    "timeStamp": 38232,
    "rotation": [
      [
        -0.03687637,
        -0.9991067,
        -0.0206359755
      ],
      [
        -0.07368381,
        -0.01787535,
        0.997121453
      ],
      [
        -0.9965996,
        0.03829075,
        -0.07295882
      ]
    ],
    "translation": [
      2.258962,
      0.76597327,
      -0.688031554
    ]
  },
  {
    "timeStamp": 38276,
    "rotation": [
      [
        -0.0286113825,
        -0.9991595,
        -0.0293552782
      ],
      [
        -0.0595597,
        -0.027611075,
        0.9978428
      ],
      [
        -0.997814655,
        0.03029807,
        -0.0587196462
      ]
    ],
    "translation": [
      2.26051617,
      0.7619961,
      -0.6865978
    ]
  },
  {
    "timeStamp": 38332,
    "rotation": [
      [
        -0.0138955461,
        -0.998640358,
        -0.0502425879
      ],
      [
        -0.04519965,
        -0.04956874,
        0.9977474
      ],
      [
        -0.99888134,
        0.0161352,
        -0.04444941
      ]
    ],
    "translation": [
      2.26322865,
      0.7586528,
      -0.6847618
    ]
  },
  {
    "timeStamp": 38376,
    "rotation": [
      [
        -0.0104117049,
        -0.9983601,
        -0.0562920235
      ],
      [
        -0.0372071639,
        -0.0558692925,
        0.99774456
      ],
      [
        -0.999253333,
        0.0124827074,
        -0.036564447
      ]
    ],
    "translation": [
      2.264423,
      0.755390942,
      -0.6842906
    ]
  },
  {
    "timeStamp": 38432,
    "rotation": [
      [
        -0.00180307624,
        -0.998433053,
        -0.05593029
      ],
      [
        -0.0302328411,
        -0.0558503866,
        0.9979813
      ],
      [
        -0.9995413,
        0.00349037419,
        -0.0300847646
      ]
    ],
    "translation": [
      2.264522,
      0.750882864,
      -0.6831105
    ]
  },
  {
    "timeStamp": 38476,
    "rotation": [
      [
        -0.00153881474,
        -0.9986267,
        -0.0523676649
      ],
      [
        -0.0306406654,
        -0.0522960536,
        0.998161435
      ],
      [
        -0.9995293,
        0.00314057525,
        -0.03051811
      ]
    ],
    "translation": [
      2.264071,
      0.7468206,
      -0.68287
    ]
  },
  {
    "timeStamp": 38532,
    "rotation": [
      [
        0.003659485,
        -0.998310745,
        -0.057985276
      ],
      [
        -0.0337302834,
        -0.0580758974,
        0.9977422
      ],
      [
        -0.9994243,
        -0.00169535913,
        -0.0338858329
      ]
    ],
    "translation": [
      2.264579,
      0.744436,
      -0.681144953
    ]
  },
  {
    "timeStamp": 38576,
    "rotation": [
      [
        0.008596963,
        -0.9978345,
        -0.06521067
      ],
      [
        -0.0343932956,
        -0.0654695556,
        0.997261643
      ],
      [
        -0.9993714,
        -0.00633059,
        -0.0348816551
      ]
    ],
    "translation": [
      2.26486135,
      0.74316895,
      -0.6803794
    ]
  },
  {
    "timeStamp": 38631,
    "rotation": [
      [
        0.006107529,
        -0.998023868,
        -0.06253913
      ],
      [
        -0.0487527959,
        -0.06276311,
        0.99683696
      ],
      [
        -0.998792231,
        -0.003039238,
        -0.0490397774
      ]
    ],
    "translation": [
      2.26555514,
      0.7434412,
      -0.6781225
    ]
  },
  {
    "timeStamp": 38676,
    "rotation": [
      [
        0.0117194569,
        -0.9972593,
        -0.07305093
      ],
      [
        -0.0517293178,
        -0.073562786,
        0.9959481
      ],
      [
        -0.9985924,
        -0.007893085,
        -0.05244966
      ]
    ],
    "translation": [
      2.26688957,
      0.744381666,
      -0.6757371
    ]
  },
  {
    "timeStamp": 38732,
    "rotation": [
      [
        0.01739693,
        -0.9976373,
        -0.06646252
      ],
      [
        -0.0500196964,
        -0.06725774,
        0.996481
      ],
      [
        -0.9985967,
        -0.0140112564,
        -0.05107159
      ]
    ],
    "translation": [
      2.26661658,
      0.743325531,
      -0.6733541
    ]
  },
  {
    "timeStamp": 38777,
    "rotation": [
      [
        0.0183117352,
        -0.997343361,
        -0.07050494
      ],
      [
        -0.0537099354,
        -0.07139619,
        0.996000946
      ],
      [
        -0.998388648,
        -0.0144517161,
        -0.0548746325
      ]
    ],
    "translation": [
      2.26807714,
      0.7426853,
      -0.6704944
    ]
  },
  {
    "timeStamp": 38832,
    "rotation": [
      [
        0.0204784833,
        -0.9974409,
        -0.0685005262
      ],
      [
        -0.05414935,
        -0.06952085,
        0.9961098
      ],
      [
        -0.998322845,
        -0.01668956,
        -0.055434458
      ]
    ],
    "translation": [
      2.26897478,
      0.74182564,
      -0.6688088
    ]
  },
  {
    "timeStamp": 38884,
    "rotation": [
      [
        0.0233290344,
        -0.9973072,
        -0.06952787
      ],
      [
        -0.0534599721,
        -0.07069178,
        0.9960646
      ],
      [
        -0.998297453,
        -0.0195202641,
        -0.0549651869
      ]
    ],
    "translation": [
      2.26949024,
      0.740998447,
      -0.6676349
    ]
  },
  {
    "timeStamp": 38929,
    "rotation": [
      [
        0.0196117014,
        -0.9975877,
        -0.06658979
      ],
      [
        -0.05085008,
        -0.06751164,
        0.9964218
      ],
      [
        -0.9985137,
        -0.0161554236,
        -0.05205143
      ]
    ],
    "translation": [
      2.269804,
      0.7394062,
      -0.668198347
    ]
  },
  {
    "timeStamp": 38984,
    "rotation": [
      [
        0.017499961,
        -0.9978875,
        -0.06256449
      ],
      [
        -0.0499784127,
        -0.0633688942,
        0.996737957
      ],
      [
        -0.998596966,
        -0.0143160084,
        -0.0509817861
      ]
    ],
    "translation": [
      2.2696228,
      0.7366411,
      -0.6691187
    ]
  },
  {
    "timeStamp": 39029,
    "rotation": [
      [
        0.0208020657,
        -0.9974686,
        -0.0679980442
      ],
      [
        -0.0485901,
        -0.06894104,
        0.9964367
      ],
      [
        -0.9986022,
        -0.0174239073,
        -0.0499012172
      ]
    ],
    "translation": [
      2.27046919,
      0.735639632,
      -0.669285
    ]
  },
  {
    "timeStamp": 39084,
    "rotation": [
      [
        0.016338503,
        -0.9981151,
        -0.05915452
      ],
      [
        -0.0503543951,
        -0.0599087328,
        0.996933
      ],
      [
        -0.998597741,
        -0.0133097,
        -0.0512383021
      ]
    ],
    "translation": [
      2.27032971,
      0.7332011,
      -0.669946
    ]
  },
  {
    "timeStamp": 39128,
    "rotation": [
      [
        0.0207164418,
        -0.9981991,
        -0.0562962331
      ],
      [
        -0.05559675,
        -0.0573713779,
        0.996803641
      ],
      [
        -0.9982383,
        -0.0175203234,
        -0.0566851571
      ]
    ],
    "translation": [
      2.26949787,
      0.732269645,
      -0.669094741
    ]
  },
  {
    "timeStamp": 39184,
    "rotation": [
      [
        0.0274556689,
        -0.9984009,
        -0.0494144447
      ],
      [
        -0.06705047,
        -0.05116111,
        0.996437
      ],
      [
        -0.9973718,
        -0.0240445565,
        -0.06834791
      ]
    ],
    "translation": [
      2.2684164,
      0.731133,
      -0.6671043
    ]
  }
]