[
  {
    "timeStamp": 89530,
    "rotation": [
      [
        0.999962151,
        -0.00189979677,
        0.008495128
      ],
      [
        -0.006198724,
        0.529760659,
        0.848124564
      ],
      [
        -0.006111648,
        -0.8481451,
        0.5297288
      ]
    ],
    "translation": [
      1.76989758,
      0.721348643,
      -0.3598707
    ]
  },
  {
    "timeStamp": 89586,
    "rotation": [
      [
        0.9999014,
        0.00447631162,
        0.0133057581
      ],
      [
        -0.0137372138,
        0.5073038,
        0.8616578
      ],
      [
        -0.00289301248,
        -0.8617556,
        0.5073153
      ]
    ],
    "translation": [
      1.76898229,
      0.727308452,
      -0.364939451
    ]
  },
  {
    "timeStamp": 89630,
    "rotation": [
      [
        0.998309135,
        0.0269087572,
        0.0515249744
      ],
      [
        -0.05810004,
        0.48956728,
        0.8700277
      ],
      [
        -0.00181358028,
        -0.871550262,
        0.4903029
      ]
    ],
    "translation": [
      1.76545393,
      0.7379757,
      -0.376869142
    ]
  },
  {
    "timeStamp": 89686,
    "rotation": [
      [
        0.989919364,
        0.0591248758,
        0.128700957
      ],
      [
        -0.141584441,
        0.436706424,
        0.888392568
      ],
      [
        -0.00367843313,
        -0.897659063,
        0.4406753
      ]
    ],
    "translation": [
      1.75818646,
      0.7657607,
      -0.4023957
    ]
  },
  {
    "timeStamp": 89730,
    "rotation": [
      [
        0.981969833,
        0.101979271,
        0.159171149
      ],
      [
        -0.186395884,
        0.3820608,
        0.9051443
      ],
      [
        0.03149291,
        -0.9184932,
        0.3941807
      ]
    ],
    "translation": [
      1.75285661,
      0.79153955,
      -0.433714777
    ]
  },
  {
    "timeStamp": 89786,
    "rotation": [
      [
        0.9709669,
        0.146041662,
        0.189460531
      ],
      [
        -0.226837918,
        0.3106581,
        0.923058033
      ],
      [
        0.07594749,
        -0.939235568,
        0.334766477
      ]
    ],
    "translation": [
      1.74917042,
      0.82745564,
      -0.483160228
    ]
  },
  {
    "timeStamp": 89830,
    "rotation": [
      [
        0.959679246,
        0.173486382,
        0.221174583
      ],
      [
        -0.2623425,
        0.2701843,
        0.926378369
      ],
      [
        0.100956142,
        -0.9470496,
        0.3048031
      ]
    ],
    "translation": [
      1.75195909,
      0.855696559,
      -0.5284426
    ]
  },
  {
    "timeStamp": 89886,
    "rotation": [
      [
        0.9584975,
        0.17532362,
        0.224820226
      ],
      [
        -0.260804951,
        0.220660523,
        0.939834952
      ],
      [
        0.115166329,
        -0.9594637,
        0.257227838
      ]
    ],
    "translation": [
      1.7662003,
      0.890096,
      -0.581439435
    ]
  },
  {
    "timeStamp": 89930,
    "rotation": [
      [
        0.9615171,
        0.129652828,
        0.242229283
      ],
      [
        -0.2639774,
        0.1915537,
        0.945316434
      ],
      [
        0.07616305,
        -0.9728809,
        0.218407586
      ]
    ],
    "translation": [
      1.79037774,
      0.91411984,
      -0.617611051
    ]
  },
  {
    "timeStamp": 89985,
    "rotation": [
      [
        0.969202,
        0.0388758332,
        0.243179351
      ],
      [
        -0.246165067,
        0.181367651,
        0.9521074
      ],
      [
        -0.007090884,
        -0.982646644,
        0.185351774
      ]
    ],
    "translation": [
      1.83375025,
      0.9350057,
      -0.649931669
    ]
  },
  {
    "timeStamp": 90030,
    "rotation": [
      [
        0.976879656,
        -0.0375529341,
        0.210465789
      ],
      [
        -0.2015777,
        0.16616796,
        0.9652744
      ],
      [
        -0.07122155,
        -0.98538214,
        0.154756278
      ]
    ],
    "translation": [
      1.8752445,
      0.946731448,
      -0.6687311
    ]
  },
  {
    "timeStamp": 90086,
    "rotation": [
      [
        0.9777457,
        -0.1544991,
        0.141927019
      ],
      [
        -0.115886658,
        0.166187927,
        0.979260862
      ],
      [
        -0.174881488,
        -0.9739156,
        0.144585148
      ]
    ],
    "translation": [
      1.93713391,
      0.9532719,
      -0.686821461
    ]
  },
  {
    "timeStamp": 90130,
    "rotation": [
      [
        0.957633138,
        -0.242186487,
        0.155834466
      ],
      [
        -0.111957595,
        0.185473442,
        0.9762505
      ],
      [
        -0.265337825,
        -0.9523367,
        0.150500908
      ]
    ],
    "translation": [
      1.98455036,
      0.954127967,
      -0.700075865
    ]
  },
  {
    "timeStamp": 90185,
    "rotation": [
      [
        0.927297652,
        -0.347829133,
        0.138325319
      ],
      [
        -0.06703357,
        0.2092542,
        0.975560963
      ],
      [
        -0.368273646,
        -0.9139078,
        0.17072472
      ]
    ],
    "translation": [
      2.0414257,
      0.9468446,
      -0.714589655
    ]
  },
  {
    "timeStamp": 90228,
    "rotation": [
      [
        0.9170191,
        -0.383211583,
        0.110565387
      ],
      [
        -0.027787758,
        0.215156019,
        0.976184249
      ],
      [
        -0.397873938,
        -0.898252,
        0.186653614
      ]
    ],
    "translation": [
      2.070065,
      0.9403657,
      -0.7227794
    ]
  },
  {
    "timeStamp": 90280,
    "rotation": [
      [
        0.900799,
        -0.412984163,
        0.134183943
      ],
      [
        0.00534573756,
        0.31953457,
        0.947559536
      ],
      [
        -0.4342035,
        -0.852843344,
        0.2900441
      ]
    ],
    "translation": [
      2.11052275,
      0.9130688,
      -0.7377047
    ]
  },
  {
    "timeStamp": 90336,
    "rotation": [
      [
        0.895592153,
        -0.413958281,
        0.1629515
      ],
      [
        0.000102907463,
        0.366477937,
        0.9304267
      ],
      [
        -0.444876,
        -0.8332661,
        0.328257382
      ]
    ],
    "translation": [
      2.12945247,
      0.8885689,
      -0.7446088
    ]
  },
  {
    "timeStamp": 90380,
    "rotation": [
      [
        0.9154128,
        -0.376680464,
        0.141884685
      ],
      [
        0.02200109,
        0.398791075,
        0.916777849
      ],
      [
        -0.401914656,
        -0.836108565,
        0.373345852
      ]
    ],
    "translation": [
      2.13659239,
      0.8715898,
      -0.747118533
    ]
  },
  {
    "timeStamp": 90436,
    "rotation": [
      [
        0.9181342,
        -0.373907179,
        0.131236628
      ],
      [
        0.0502766445,
        0.4384182,
        0.8973638
      ],
      [
        -0.393067271,
        -0.8173022,
        0.421325535
      ]
    ],
    "translation": [
      2.14464784,
      0.852917433,
      -0.748753846
    ]
  },
  {
    "timeStamp": 90480,
    "rotation": [
      [
        0.924979031,
        -0.3624797,
        0.114115119
      ],
      [
        0.06304217,
        0.442493051,
        0.8945533
      ],
      [
        -0.374752551,
        -0.820249,
        0.4321483
      ]
    ],
    "translation": [
      2.14924288,
      0.843147159,
      -0.746800065
    ]
  },
  {
    "timeStamp": 90536,
    "rotation": [
      [
        0.936798632,
        -0.3480621,
        0.0355114378
      ],
      [
        0.12692295,
        0.432674885,
        0.892571032
      ],
      [
        -0.326035053,
        -0.8316521,
        0.4495063
      ]
    ],
    "translation": [
      2.15498185,
      0.83201313,
      -0.7446306
    ]
  }
]