[
  {
    "timeStamp": 91606,
    "rotation": [
      [
        0.9877001,
        0.0439881347,
        0.1500451
      ],
      [
        -0.009809587,
        0.975154459,
        -0.221308783
      ],
      [
        -0.1560521,
        0.217114821,
        0.9635917
      ]
    ],
    "translation": [
      1.76444674,
      0.701999843,
      -0.629109561
    ]
  },
  {
    "timeStamp": 91651,
    "rotation": [
      [
        0.9758617,
        0.09723863,
        0.195546672
      ],
      [
        -0.06215885,
        0.9820407,
        -0.178135723
      ],
      [
        -0.209356457,
        0.161680877,
        0.9643802
      ]
    ],
    "translation": [
      1.76460624,
      0.7173986,
      -0.6267129
    ]
  },
  {
    "timeStamp": 91696,
    "rotation": [
      [
        0.9590505,
        0.163784921,
        0.2310772
      ],
      [
        -0.132168427,
        0.980367,
        -0.14632836
      ],
      [
        -0.250506848,
        0.109795175,
        0.961868644
      ]
    ],
    "translation": [
      1.766219,
      0.739220262,
      -0.6255294
    ]
  },
  {
    "timeStamp": 91751,
    "rotation": [
      [
        0.9283718,
        0.232043192,
        0.290313452
      ],
      [
        -0.204992592,
        0.9712804,
        -0.1207993
      ],
      [
        -0.3100064,
        0.0526345558,
        0.949276447
      ]
    ],
    "translation": [
      1.77601016,
      0.767772,
      -0.6289995
    ]
  },
  {
    "timeStamp": 91796,
    "rotation": [
      [
        0.895124733,
        0.293776423,
        0.3353314
      ],
      [
        -0.280466229,
        0.9557612,
        -0.08865206
      ],
      [
        -0.34654066,
        -0.0146944961,
        0.937919855
      ]
    ],
    "translation": [
      1.78697252,
      0.7983424,
      -0.6325898
    ]
  },
  {
    "timeStamp": 91852,
    "rotation": [
      [
        0.8316257,
        0.3994785,
        0.3857663
      ],
      [
        -0.416722953,
        0.9080637,
        -0.0419797748
      ],
      [
        -0.3670704,
        -0.125846222,
        0.921640933
      ]
    ],
    "translation": [
      1.80804622,
      0.84740746,
      -0.6412309
    ]
  },
  {
    "timeStamp": 91896,
    "rotation": [
      [
        0.7739243,
        0.4739992,
        0.419959635
      ],
      [
        -0.5259022,
        0.85049504,
        0.009226017
      ],
      [
        -0.352800459,
        -0.227997959,
        0.9074959
      ]
    ],
    "translation": [
      1.83167362,
      0.8895173,
      -0.6511403
    ]
  },
  {
    "timeStamp": 91951,
    "rotation": [
      [
        0.705411255,
        0.5270261,
        0.47396034
      ],
      [
        -0.632557869,
        0.7697804,
        0.08549047
      ],
      [
        -0.319789678,
        -0.3601133,
        0.8763863
      ]
    ],
    "translation": [
      1.87039065,
      0.9351309,
      -0.6665538
    ]
  },
  {
    "timeStamp": 91996,
    "rotation": [
      [
        0.6567127,
        0.536875963,
        0.529615462
      ],
      [
        -0.6905013,
        0.71042186,
        0.136046931
      ],
      [
        -0.30321008,
        -0.4550439,
        0.8372566
      ]
    ],
    "translation": [
      1.90780616,
      0.9653351,
      -0.6779148
    ]
  },
  {
    "timeStamp": 92051,
    "rotation": [
      [
        0.62159425,
        0.5138822,
        0.591223836
      ],
      [
        -0.7193982,
        0.673154533,
        0.1712577
      ],
      [
        -0.3099787,
        -0.531778157,
        0.788114965
      ]
    ],
    "translation": [
      1.95697844,
      0.987901866,
      -0.693047047
    ]
  },
  {
    "timeStamp": 92096,
    "rotation": [
      [
        0.6285665,
        0.476492316,
        0.614702642
      ],
      [
        -0.7079615,
        0.6777668,
        0.19855167
      ],
      [
        -0.322016656,
        -0.5599887,
        0.7633597
      ]
    ],
    "translation": [
      1.99474275,
      0.9929857,
      -0.704232156
    ]
  },
  {
    "timeStamp": 92151,
    "rotation": [
      [
        0.656760335,
        0.445783317,
        0.608229458
      ],
      [
        -0.6708252,
        0.713804066,
        0.201189563
      ],
      [
        -0.344469726,
        -0.540149,
        0.7678409
      ]
    ],
    "translation": [
      2.03448534,
      0.981983542,
      -0.717315853
    ]
  },
  {
    "timeStamp": 92196,
    "rotation": [
      [
        0.684234,
        0.426842,
        0.5912949
      ],
      [
        -0.6358664,
        0.7461938,
        0.1971513
      ],
      [
        -0.357068151,
        -0.5108822,
        0.78198576
      ]
    ],
    "translation": [
      2.0613203,
      0.9624455,
      -0.7258775
    ]
  },
  {
    "timeStamp": 92249,
    "rotation": [
      [
        0.714346647,
        0.426038682,
        0.5551576
      ],
      [
        -0.610738039,
        0.766838253,
        0.197378024
      ],
      [
        -0.341625422,
        -0.4800522,
        0.8079864
      ]
    ],
    "translation": [
      2.080354,
      0.941520154,
      -0.7328559
    ]
  },
  {
    "timeStamp": 92302,
    "rotation": [
      [
        0.731021,
        0.470656782,
        0.494055182
      ],
      [
        -0.6283596,
        0.7466091,
        0.218492627
      ],
      [
        -0.266031057,
        -0.470167,
        0.841528654
      ]
    ],
    "translation": [
      2.09844327,
      0.917959154,
      -0.738062561
    ]
  },
  {
    "timeStamp": 92346,
    "rotation": [
      [
        0.7509836,
        0.486669242,
        0.4462922
      ],
      [
        -0.6255771,
        0.7407139,
        0.244941384
      ],
      [
        -0.21136938,
        -0.46313712,
        0.860713065
      ]
    ],
    "translation": [
      2.10601974,
      0.901804,
      -0.739893734
    ]
  },
  {
    "timeStamp": 92401,
    "rotation": [
      [
        0.809767663,
        0.457639515,
        0.367208928
      ],
      [
        -0.560236156,
        0.789048553,
        0.252067238
      ],
      [
        -0.174389735,
        -0.40983963,
        0.895332158
      ]
    ],
    "translation": [
      2.11058617,
      0.8775709,
      -0.73985976
    ]
  },
  {
    "timeStamp": 92446,
    "rotation": [
      [
        0.7974003,
        0.477515,
        0.368961
      ],
      [
        -0.573323846,
        0.7902617,
        0.216301367
      ],
      [
        -0.188288584,
        -0.3840129,
        0.9039256
      ]
    ],
    "translation": [
      2.11420441,
      0.8665261,
      -0.737687945
    ]
  },
  {
    "timeStamp": 92501,
    "rotation": [
      [
        0.7901176,
        0.497896761,
        0.357509434
      ],
      [
        -0.5817562,
        0.7928462,
        0.18153429
      ],
      [
        -0.19306466,
        -0.351416737,
        0.9160962
      ]
    ],
    "translation": [
      2.11833215,
      0.856543362,
      -0.7387472
    ]
  },
  {
    "timeStamp": 92546,
    "rotation": [
      [
        0.798217058,
        0.499004126,
        0.337408423
      ],
      [
        -0.5740512,
        0.7998833,
        0.175076753
      ],
      [
        -0.182523355,
        -0.333438963,
        0.924934447
      ]
    ],
    "translation": [
      2.11948967,
      0.849583864,
      -0.7415797
    ]
  },
  {
    "timeStamp": 92601,
    "rotation": [
      [
        0.798710644,
        0.4966702,
        0.33967638
      ],
      [
        -0.5709739,
        0.8037227,
        0.167388126
      ],
      [
        -0.189868912,
        -0.327641,
        0.9255275
      ]
    ],
    "translation": [
      2.12320018,
      0.8414254,
      -0.7442666
    ]
  },
  {
    "timeStamp": 92646,
    "rotation": [
      [
        0.8125884,
        0.4790914,
        0.331920981
      ],
      [
        -0.551267564,
        0.8166521,
        0.170831591
      ],
      [
        -0.189220026,
        -0.32179302,
        0.9277096
      ]
    ],
    "translation": [
      2.1273694,
      0.833434045,
      -0.747955
    ]
  }
]