[
  {
    "timeStamp": 70406,
    "rotation": [
      [
        0.995550752,
        0.023079209,
        0.09135732
      ],
      [
        -0.09038244,
        -0.0402436927,
        0.9950937
      ],
      [
        0.0266425256,
        -0.998923361,
        -0.0379786827
      ]
    ],
    "translation": [
      1.45581579,
      0.699120343,
      -0.489181548
    ]
  },
  {
    "timeStamp": 70450,
    "rotation": [
      [
        0.994873643,
        0.0226845834,
        0.0985486358
      ],
      [
        -0.09715415,
        -0.0560217462,
        0.993691444
      ],
      [
        0.0280623212,
        -0.9981718,
        -0.05353066
      ]
    ],
    "translation": [
      1.45586467,
      0.70341754,
      -0.4892023
    ]
  },
  {
    "timeStamp": 70506,
    "rotation": [
      [
        0.9913614,
        0.0411147326,
        0.124548547
      ],
      [
        -0.1235233,
        -0.0266097821,
        0.991984844
      ],
      [
        0.044099398,
        -0.9988001,
        -0.02130128
      ]
    ],
    "translation": [
      1.45732808,
      0.7064642,
      -0.495711356
    ]
  },
  {
    "timeStamp": 70550,
    "rotation": [
      [
        0.986742,
        0.05026996,
        0.1543152
      ],
      [
        -0.152250171,
        -0.0426230952,
        0.987422466
      ],
      [
        0.05621509,
        -0.997825742,
        -0.03440439
      ]
    ],
    "translation": [
      1.46143043,
      0.720059633,
      -0.5001471
    ]
  },
  {
    "timeStamp": 70606,
    "rotation": [
      [
        0.9723564,
        0.1004986,
        0.21076785
      ],
      [
        -0.206028625,
        -0.0555276275,
        0.976969242
      ],
      [
        0.109887481,
        -0.9933865,
        -0.0332870558
      ]
    ],
    "translation": [
      1.4656589,
      0.7413381,
      -0.5144141
    ]
  },
  {
    "timeStamp": 70650,
    "rotation": [
      [
        0.9493525,
        0.157280222,
        0.272016168
      ],
      [
        -0.2684292,
        -0.0440311544,
        0.9622926
      ],
      [
        0.16332677,
        -0.9865719,
        0.000417516625
      ]
    ],
    "translation": [
      1.47202754,
      0.7577723,
      -0.5377336
    ]
  },
  {
    "timeStamp": 70705,
    "rotation": [
      [
        0.924498558,
        0.2329309,
        0.3017376
      ],
      [
        -0.2940657,
        -0.06785413,
        0.953373551
      ],
      [
        0.242544308,
        -0.970123231,
        0.00576594751
      ]
    ],
    "translation": [
      1.49281943,
      0.7808761,
      -0.571700454
    ]
  },
  {
    "timeStamp": 70750,
    "rotation": [
      [
        0.89084667,
        0.299963653,
        0.3411951
      ],
      [
        -0.34410134,
        -0.04484558,
        0.937860966
      ],
      [
        0.2966253,
        -0.952895939,
        0.06326736
      ]
    ],
    "translation": [
      1.51392055,
      0.7937276,
      -0.6069056
    ]
  },
  {
    "timeStamp": 70806,
    "rotation": [
      [
        0.851627767,
        0.3572735,
        0.383517563
      ],
      [
        -0.408482462,
        -0.00609899824,
        0.9127458
      ],
      [
        0.328438938,
        -0.933979869,
        0.140745878
      ]
    ],
    "translation": [
      1.54843032,
      0.8065355,
      -0.6538544
    ]
  },
  {
    "timeStamp": 70850,
    "rotation": [
      [
        0.8216965,
        0.3939839,
        0.4118149
      ],
      [
        -0.4469638,
        -0.0028412547,
        0.8945475
      ],
      [
        0.3536074,
        -0.9191129,
        0.173761889
      ]
    ],
    "translation": [
      1.57997417,
      0.818113446,
      -0.687477469
    ]
  },
  {
    "timeStamp": 70905,
    "rotation": [
      [
        0.8044515,
        0.4202533,
        0.419815451
      ],
      [
        -0.465335637,
        0.006560598,
        0.88511
      ],
      [
        0.369216174,
        -0.907383144,
        0.200836524
      ]
    ],
    "translation": [
      1.62524629,
      0.8286385,
      -0.7249507
    ]
  },
  {
    "timeStamp": 70950,
    "rotation": [
      [
        0.8007143,
        0.417465359,
        0.4296269
      ],
      [
        -0.473594725,
        0.00197420176,
        0.8807407
      ],
      [
        0.366830558,
        -0.9086907,
        0.199290171
      ]
    ],
    "translation": [
      1.66402686,
      0.8368539,
      -0.748249948
    ]
  },
  {
    "timeStamp": 71006,
    "rotation": [
      [
        0.818508267,
        0.38852936,
        0.4231893
      ],
      [
        -0.454065055,
        -0.0137630925,
        0.8908622
      ],
      [
        0.351950526,
        -0.921333551,
        0.1651524
      ]
    ],
    "translation": [
      1.71495414,
      0.8490286,
      -0.766814768
    ]
  },
  {
    "timeStamp": 71050,
    "rotation": [
      [
        0.8331339,
        0.3213081,
        0.450165659
      ],
      [
        -0.462531,
        -0.0414891541,
        0.8856318
      ],
      [
        0.303237677,
        -0.9460654,
        0.114048943
      ]
    ],
    "translation": [
      1.758364,
      0.864866555,
      -0.7704292
    ]
  },
  {
    "timeStamp": 71106,
    "rotation": [
      [
        0.85652715,
        0.22611697,
        0.4639314
      ],
      [
        -0.453152627,
        -0.100732543,
        0.885723233
      ],
      [
        0.247010052,
        -0.968877733,
        0.0161853358
      ]
    ],
    "translation": [
      1.81434333,
      0.8893792,
      -0.7667874
    ]
  },
  {
    "timeStamp": 71150,
    "rotation": [
      [
        0.8809364,
        0.09283261,
        0.46404013
      ],
      [
        -0.4474574,
        -0.155814841,
        0.880626857
      ],
      [
        0.154055223,
        -0.9834144,
        -0.09572432
      ]
    ],
    "translation": [
      1.868524,
      0.912049,
      -0.7558829
    ]
  },
  {
    "timeStamp": 71205,
    "rotation": [
      [
        0.887476861,
        -0.1209517,
        0.444696933
      ],
      [
        -0.460715562,
        -0.209362164,
        0.8625014
      ],
      [
        -0.0112182908,
        -0.970328867,
        -0.241528422
      ]
    ],
    "translation": [
      1.94491291,
      0.9404969,
      -0.7412636
    ]
  },
  {
    "timeStamp": 71250,
    "rotation": [
      [
        0.903746367,
        -0.218878329,
        0.367878884
      ],
      [
        -0.4189878,
        -0.276224881,
        0.8649561
      ],
      [
        -0.08770283,
        -0.9358377,
        -0.3413446
      ]
    ],
    "translation": [
      2.0025146,
      0.962412953,
      -0.735073566
    ]
  },
  {
    "timeStamp": 71301,
    "rotation": [
      [
        0.9026828,
        -0.3102947,
        0.2981293
      ],
      [
        -0.396612227,
        -0.331199169,
        0.8561576
      ],
      [
        -0.166920975,
        -0.891080439,
        -0.422034442
      ]
    ],
    "translation": [
      2.057797,
      0.9837425,
      -0.7318707
    ]
  },
  {
    "timeStamp": 71356,
    "rotation": [
      [
        0.8887886,
        -0.405104041,
        0.214349151
      ],
      [
        -0.3736269,
        -0.3695629,
        0.8507798
      ],
      [
        -0.265438825,
        -0.836249948,
        -0.479821056
      ]
    ],
    "translation": [
      2.12705183,
      1.0041281,
      -0.7352777
    ]
  },
  {
    "timeStamp": 71400,
    "rotation": [
      [
        0.901269853,
        -0.408943027,
        0.143102527
      ],
      [
        -0.312554866,
        -0.384958863,
        0.8683986
      ],
      [
        -0.300036967,
        -0.8273889,
        -0.474768937
      ]
    ],
    "translation": [
      2.16124988,
      1.0070821,
      -0.738394737
    ]
  },
  {
    "timeStamp": 71452,
    "rotation": [
      [
        0.9213483,
        -0.380379647,
        0.08017849
      ],
      [
        -0.23961015,
        -0.393275559,
        0.8876493
      ],
      [
        -0.306111485,
        -0.8370457,
        -0.4534866
      ]
    ],
    "translation": [
      2.1855514,
      1.003252,
      -0.7413419
    ]
  },
  {
    "timeStamp": 71501,
    "rotation": [
      [
        0.9301424,
        -0.365675539,
        0.03341482
      ],
      [
        -0.176848277,
        -0.366360962,
        0.9135121
      ],
      [
        -0.321807146,
        -0.8556057,
        -0.405436963
      ]
    ],
    "translation": [
      2.20776057,
      0.989685,
      -0.7437816
    ]
  },
  {
    "timeStamp": 71556,
    "rotation": [
      [
        0.9379848,
        -0.346671849,
        0.00175039365
      ],
      [
        -0.126786277,
        -0.3383357,
        0.9324453
      ],
      [
        -0.322660327,
        -0.874841452,
        -0.361307
      ]
    ],
    "translation": [
      2.21953225,
      0.9730327,
      -0.745247
    ]
  },
  {
    "timeStamp": 71607,
    "rotation": [
      [
        0.9487914,
        -0.315469176,
        -0.0165581424
      ],
      [
        -0.09322813,
        -0.329699248,
        0.9394716
      ],
      [
        -0.30183354,
        -0.889818847,
        -0.3422264
      ]
    ],
    "translation": [
      2.22313952,
      0.9601904,
      -0.7447659
    ]
  },
  {
    "timeStamp": 71655,
    "rotation": [
      [
        0.9570276,
        -0.2884128,
        -0.03026766
      ],
      [
        -0.06607215,
        -0.318483323,
        0.945623
      ],
      [
        -0.282369524,
        -0.9029875,
        -0.3238534
      ]
    ],
    "translation": [
      2.2238996,
      0.9453379,
      -0.7429798
    ]
  },
  {
    "timeStamp": 71700,
    "rotation": [
      [
        0.965456247,
        -0.259964883,
        -0.01767659
      ],
      [
        -0.0636679754,
        -0.301144719,
        0.9514506
      ],
      [
        -0.25266695,
        -0.9174585,
        -0.3072935
      ]
    ],
    "translation": [
      2.22079563,
      0.9328037,
      -0.7416918
    ]
  },
  {
    "timeStamp": 71756,
    "rotation": [
      [
        0.9698125,
        -0.243783742,
        -0.005773835
      ],
      [
        -0.06029747,
        -0.262681276,
        0.9629968
      ],
      [
        -0.236279637,
        -0.933578134,
        -0.2694511
      ]
    ],
    "translation": [
      2.21903777,
      0.9156787,
      -0.7417553
    ]
  },
  {
    "timeStamp": 71800,
    "rotation": [
      [
        0.971710145,
        -0.235205069,
        0.0214009546
      ],
      [
        -0.0798274055,
        -0.241804332,
        0.96703583
      ],
      [
        -0.2222769,
        -0.9413869,
        -0.253739536
      ]
    ],
    "translation": [
      2.2161262,
      0.90448457,
      -0.74180454
    ]
  },
  {
    "timeStamp": 71855,
    "rotation": [
      [
        0.973596752,
        -0.2259265,
        0.0326574519
      ],
      [
        -0.0840109438,
        -0.221601665,
        0.971511662
      ],
      [
        -0.212253287,
        -0.9486042,
        -0.234730974
      ]
    ],
    "translation": [
      2.21513,
      0.8912832,
      -0.742916942
    ]
  },
  {
    "timeStamp": 71900,
    "rotation": [
      [
        0.9716714,
        -0.22563526,
        0.0703088343
      ],
      [
        -0.115848258,
        -0.1954309,
        0.9738511
      ],
      [
        -0.205994621,
        -0.9544084,
        -0.216034085
      ]
    ],
    "translation": [
      2.21275,
      0.880664766,
      -0.7445202
    ]
  },
  {
    "timeStamp": 71955,
    "rotation": [
      [
        0.9722259,
        -0.22022149,
        0.079241775
      ],
      [
        -0.119520724,
        -0.176070124,
        0.9770947
      ],
      [
        -0.201225132,
        -0.959427834,
        -0.197500974
      ]
    ],
    "translation": [
      2.212175,
      0.869896531,
      -0.746382535
    ]
  },
  {
    "timeStamp": 72000,
    "rotation": [
      [
        0.9708116,
        -0.221038565,
        0.09309536
      ],
      [
        -0.130971178,
        -0.163397178,
        0.977828145
      ],
      [
        -0.2009262,
        -0.9614797,
        -0.187577546
      ]
    ],
    "translation": [
      2.2124207,
      0.8634527,
      -0.747261643
    ]
  },
  {
    "timeStamp": 72057,
    "rotation": [
      [
        0.968215048,
        -0.223157421,
        0.112961754
      ],
      [
        -0.148620784,
        -0.150041834,
        0.9774453
      ],
      [
        -0.2011752,
        -0.96316576,
        -0.178438589
      ]
    ],
    "translation": [
      2.21290445,
      0.856713831,
      -0.74822706
    ]
  },
  {
    "timeStamp": 72103,
    "rotation": [
      [
        0.967378855,
        -0.223452866,
        0.119360268
      ],
      [
        -0.153082117,
        -0.140199959,
        0.978217661
      ],
      [
        -0.201851219,
        -0.964579046,
        -0.169833109
      ]
    ],
    "translation": [
      2.2136004,
      0.851868451,
      -0.7489603
    ]
  },
  {
    "timeStamp": 72148,
    "rotation": [
      [
        0.966765463,
        -0.223743528,
        0.123706855
      ],
      [
        -0.1557888,
        -0.131887,
        0.9789462
      ],
      [
        -0.202717543,
        -0.9656835,
        -0.162360519
      ]
    ],
    "translation": [
      2.214353,
      0.847686,
      -0.7496469
    ]
  },
  {
    "timeStamp": 72204,
    "rotation": [
      [
        0.9642938,
        -0.229304612,
        0.1325022
      ],
      [
        -0.164960489,
        -0.128649622,
        0.977873862
      ],
      [
        -0.207184628,
        -0.9648153,
        -0.161882252
      ]
    ],
    "translation": [
      2.21559119,
      0.8449959,
      -0.7499264
    ]
  },
  {
    "timeStamp": 72249,
    "rotation": [
      [
        0.9648705,
        -0.227050975,
        0.132184565
      ],
      [
        -0.16347073,
        -0.12495853,
        0.9786024
      ],
      [
        -0.205675036,
        -0.9658329,
        -0.157684982
      ]
    ],
    "translation": [
      2.2165,
      0.8423923,
      -0.7505883
    ]
  },
  {
    "timeStamp": 72305,
    "rotation": [
      [
        0.9632399,
        -0.229265645,
        0.140022054
      ],
      [
        -0.169546992,
        -0.114515036,
        0.9788463
      ],
      [
        -0.208381191,
        -0.9666042,
        -0.149176747
      ]
    ],
    "translation": [
      2.21724749,
      0.8379344,
      -0.75165236
    ]
  },
  {
    "timeStamp": 72349,
    "rotation": [
      [
        0.963355243,
        -0.229621932,
        0.13863793
      ],
      [
        -0.166544467,
        -0.106895074,
        0.980222642
      ],
      [
        -0.210260928,
        -0.967391968,
        -0.1412202
      ]
    ],
    "translation": [
      2.21866179,
      0.8339594,
      -0.7524388
    ]
  },
  {
    "timeStamp": 72405,
    "rotation": [
      [
        0.96152705,
        -0.235165477,
        0.141995966
      ],
      [
        -0.168217763,
        -0.09538057,
        0.9811245
      ],
      [
        -0.217182964,
        -0.967264,
        -0.13127
      ]
    ],
    "translation": [
      2.220445,
      0.829526246,
      -0.7531931
    ]
  },
  {
    "timeStamp": 72449,
    "rotation": [
      [
        0.969679952,
        -0.230897665,
        0.0800446644
      ],
      [
        -0.09852798,
        -0.0696444,
        0.992694259
      ],
      [
        -0.223636121,
        -0.970482349,
        -0.0902826563
      ]
    ],
    "translation": [
      2.2244432,
      0.823825657,
      -0.7559327
    ]
  },
  {
    "timeStamp": 72505,
    "rotation": [
      [
        0.9713086,
        -0.2378215,
        -0.0007024217
      ],
      [
        -0.0108041158,
        -0.0470762,
        0.9988329
      ],
      [
        -0.237577,
        -0.9701674,
        -0.04829497
      ]
    ],
    "translation": [
      2.23065734,
      0.817046344,
      -0.759092
    ]
  },
  {
    "timeStamp": 72549,
    "rotation": [
      [
        0.963446736,
        -0.2554733,
        -0.08064612
      ],
      [
        0.07426062,
        -0.0345593281,
        0.996639848
      ],
      [
        -0.257401943,
        -0.966198266,
        -0.0143244667
      ]
    ],
    "translation": [
      2.24169135,
      0.8138813,
      -0.762379646
    ]
  },
  {
    "timeStamp": 72605,
    "rotation": [
      [
        0.943509459,
        -0.25975737,
        -0.205708534
      ],
      [
        0.21525082,
        0.008516973,
        0.9765217
      ],
      [
        -0.2519067,
        -0.9656364,
        0.06394883
      ]
    ],
    "translation": [
      2.24611759,
      0.8077128,
      -0.766108632
    ]
  },
  {
    "timeStamp": 72649,
    "rotation": [
      [
        0.9561918,
        -0.220873669,
        -0.192125127
      ],
      [
        0.1918968,
        -0.0227003228,
        0.981152534
      ],
      [
        -0.221072063,
        -0.97503823,
        0.0206790883
      ]
    ],
    "translation": [
      2.248243,
      0.806973934,
      -0.7666237
    ]
  },
  {
    "timeStamp": 72705,
    "rotation": [
      [
        0.948760331,
        -0.23599413,
        -0.210144311
      ],
      [
        0.203314975,
        -0.0531963,
        0.9776672
      ],
      [
        -0.24190262,
        -0.9702974,
        -0.002489397
      ]
    ],
    "translation": [
      2.24737549,
      0.8027827,
      -0.763741434
    ]
  },
  {
    "timeStamp": 72749,
    "rotation": [
      [
        0.942822635,
        -0.205125451,
        -0.2626958
      ],
      [
        0.261435121,
        -0.0337246023,
        0.964631736
      ],
      [
        -0.206729814,
        -0.9781545,
        0.0218306761
      ]
    ],
    "translation": [
      2.25016737,
      0.801784635,
      -0.7660309
    ]
  },
  {
    "timeStamp": 72805,
    "rotation": [
      [
        0.9418904,
        -0.2082732,
        -0.2635617
      ],
      [
        0.2642461,
        -0.0250480473,
        0.96413
      ],
      [
        -0.207404137,
        -0.9777499,
        0.03144287
      ]
    ],
    "translation": [
      2.25010419,
      0.8025191,
      -0.766276062
    ]
  },
  {
    "timeStamp": 72849,
    "rotation": [
      [
        0.968105,
        -0.214443788,
        -0.129562616
      ],
      [
        0.130384743,
        -0.0103684142,
        0.991409242
      ],
      [
        -0.213944912,
        -0.976681232,
        0.0179224852
      ]
    ],
    "translation": [
      2.24362254,
      0.806234,
      -0.7656924
    ]
  },
  {
    "timeStamp": 72904,
    "rotation": [
      [
        0.9713065,
        -0.231741652,
        -0.0534755327
      ],
      [
        0.0512401946,
        -0.0156587753,
        0.9985636
      ],
      [
        -0.232246131,
        -0.972651362,
        -0.00333498255
      ]
    ],
    "translation": [
      2.23336315,
      0.8104056,
      -0.761920154
    ]
  },
  {
    "timeStamp": 72949,
    "rotation": [
      [
        0.963835,
        -0.222759157,
        0.146288767
      ],
      [
        -0.161552086,
        -0.05181166,
        0.985503137
      ],
      [
        -0.211950377,
        -0.9734957,
        -0.0859251
      ]
    ],
    "translation": [
      2.21829152,
      0.8187269,
      -0.7552872
    ]
  },
  {
    "timeStamp": 73004,
    "rotation": [
      [
        0.9565372,
        -0.225311667,
        0.185125247
      ],
      [
        -0.2052643,
        -0.06930141,
        0.976249933
      ],
      [
        -0.207131073,
        -0.9718189,
        -0.112537816
      ]
    ],
    "translation": [
      2.2118814,
      0.826735,
      -0.75092113
    ]
  },
  {
    "timeStamp": 73049,
    "rotation": [
      [
        0.957229555,
        -0.224110648,
        0.182992026
      ],
      [
        -0.203359947,
        -0.07125498,
        0.9765078
      ],
      [
        -0.2058067,
        -0.971955359,
        -0.113782495
      ]
    ],
    "translation": [
      2.211176,
      0.829875767,
      -0.749688864
    ]
  },
  {
    "timeStamp": 73104,
    "rotation": [
      [
        0.957970142,
        -0.223689258,
        0.1796006
      ],
      [
        -0.199322209,
        -0.06876432,
        0.9775184
      ],
      [
        -0.206310257,
        -0.972231746,
        -0.1104604
      ]
    ],
    "translation": [
      2.21080327,
      0.8318812,
      -0.749256134
    ]
  },
  {
    "timeStamp": 73149,
    "rotation": [
      [
        0.959927261,
        -0.223676577,
        0.168844208
      ],
      [
        -0.188892245,
        -0.07133622,
        0.9794033
      ],
      [
        -0.207024872,
        -0.9720493,
        -0.110728353
      ]
    ],
    "translation": [
      2.2120738,
      0.8326717,
      -0.7491703
    ]
  },
  {
    "timeStamp": 73205,
    "rotation": [
      [
        0.955203056,
        -0.23041448,
        0.185731858
      ],
      [
        -0.20590134,
        -0.06660576,
        0.9763034
      ],
      [
        -0.212583631,
        -0.9708104,
        -0.11106468
      ]
    ],
    "translation": [
      2.2114315,
      0.8347478,
      -0.7491408
    ]
  },
  {
    "timeStamp": 73249,
    "rotation": [
      [
        0.9528625,
        -0.234430045,
        0.1926021
      ],
      [
        -0.213921,
        -0.0689457655,
        0.9744148
      ],
      [
        -0.215153009,
        -0.969685,
        -0.115845345
      ]
    ],
    "translation": [
      2.21110344,
      0.8366917,
      -0.7488849
    ]
  },
  {
    "timeStamp": 73305,
    "rotation": [
      [
        0.9450947,
        -0.246054113,
        0.215066016
      ],
      [
        -0.236826181,
        -0.06219748,
        0.9695591
      ],
      [
        -0.225187421,
        -0.967258453,
        -0.117054559
      ]
    ],
    "translation": [
      2.20923829,
      0.8370744,
      -0.74868983
    ]
  },
  {
    "timeStamp": 73349,
    "rotation": [
      [
        0.945207357,
        -0.249242648,
        0.210858181
      ],
      [
        -0.233033717,
        -0.0627480745,
        0.9704422
      ],
      [
        -0.228644639,
        -0.9664061,
        -0.117391877
      ]
    ],
    "translation": [
      2.20852566,
      0.8352243,
      -0.74912864
    ]
  },
  {
    "timeStamp": 73404,
    "rotation": [
      [
        0.941360235,
        -0.25825423,
        0.217130512
      ],
      [
        -0.238734961,
        -0.0550729334,
        0.9695218
      ],
      [
        -0.2384251,
        -0.964506,
        -0.113497779
      ]
    ],
    "translation": [
      2.20691657,
      0.8313117,
      -0.749903738
    ]
  },
  {
    "timeStamp": 73449,
    "rotation": [
      [
        0.9370235,
        -0.270560384,
        0.220871121
      ],
      [
        -0.242493048,
        -0.0488416068,
        0.9689229
      ],
      [
        -0.25136444,
        -0.9614633,
        -0.111374743
      ]
    ],
    "translation": [
      2.20600724,
      0.828704834,
      -0.7509394
    ]
  },
  {
    "timeStamp": 73504,
    "rotation": [
      [
        0.939969838,
        -0.262031585,
        0.218623161
      ],
      [
        -0.2383078,
        -0.0454535373,
        0.970125437
      ],
      [
        -0.2442663,
        -0.963988245,
        -0.105169132
      ]
    ],
    "translation": [
      2.20351148,
      0.8257921,
      -0.752405941
    ]
  },
  {
    "timeStamp": 73549,
    "rotation": [
      [
        0.9387183,
        -0.265664428,
        0.219614148
      ],
      [
        -0.238034531,
        -0.0388317,
        0.970480144
      ],
      [
        -0.249294072,
        -0.9632832,
        -0.0996893346
      ]
    ],
    "translation": [
      2.20333743,
      0.8223314,
      -0.7537547
    ]
  },
  {
    "timeStamp": 73604,
    "rotation": [
      [
        0.938330948,
        -0.2669661,
        0.219691068
      ],
      [
        -0.2359218,
        -0.02990719,
        0.971311748
      ],
      [
        -0.252736956,
        -0.963241756,
        -0.09104596
      ]
    ],
    "translation": [
      2.20364475,
      0.8175058,
      -0.755770445
    ]
  },
  {
    "timeStamp": 73649,
    "rotation": [
      [
        0.939106345,
        -0.267430931,
        0.215777636
      ],
      [
        -0.231204137,
        -0.02720777,
        0.972524762
      ],
      [
        -0.254212379,
        -0.9631928,
        -0.08738213
      ]
    ],
    "translation": [
      2.20435119,
      0.814419866,
      -0.7568593
    ]
  },
  {
    "timeStamp": 73704,
    "rotation": [
      [
        0.938876033,
        -0.270769,
        0.2125937
      ],
      [
        -0.2264778,
        -0.0207250509,
        0.973795831
      ],
      [
        -0.259267718,
        -0.962421238,
        -0.0807814151
      ]
    ],
    "translation": [
      2.20630765,
      0.8113092,
      -0.7579811
    ]
  },
  {
    "timeStamp": 73749,
    "rotation": [
      [
        0.9387923,
        -0.270489335,
        0.21331799
      ],
      [
        -0.225909069,
        -0.0159195513,
        0.9740183
      ],
      [
        -0.260065645,
        -0.96259135,
        -0.0760511458
      ]
    ],
    "translation": [
      2.20718765,
      0.80957973,
      -0.758720636
    ]
  },
  {
    "timeStamp": 73804,
    "rotation": [
      [
        0.937528133,
        -0.272982478,
        0.215688735
      ],
      [
        -0.228375688,
        -0.0151857147,
        0.973454654
      ],
      [
        -0.262460679,
        -0.961899161,
        -0.0765796
      ]
    ],
    "translation": [
      2.20857978,
      0.8089899,
      -0.758883357
    ]
  },
  {
    "timeStamp": 73849,
    "rotation": [
      [
        0.9374782,
        -0.2749238,
        0.213427618
      ],
      [
        -0.22608377,
        -0.0148082124,
        0.973995268
      ],
      [
        -0.264614,
        -0.961351931,
        -0.07603819
      ]
    ],
    "translation": [
      2.209837,
      0.8084208,
      -0.758821845
    ]
  },
  {
    "timeStamp": 73904,
    "rotation": [
      [
        0.9349491,
        -0.279962867,
        0.217924058
      ],
      [
        -0.2307967,
        -0.013440568,
        0.972909153
      ],
      [
        -0.2694494,
        -0.9599167,
        -0.07718076
      ]
    ],
    "translation": [
      2.21089888,
      0.8081204,
      -0.758659542
    ]
  },
  {
    "timeStamp": 73949,
    "rotation": [
      [
        0.935863435,
        -0.280080855,
        0.213808969
      ],
      [
        -0.226585954,
        -0.0136601673,
        0.9738954
      ],
      [
        -0.2698488,
        -0.95987916,
        -0.07624644
      ]
    ],
    "translation": [
      2.211659,
      0.807336,
      -0.75865835
    ]
  },
  {
    "timeStamp": 74004,
    "rotation": [
      [
        0.9362263,
        -0.2810356,
        0.210948735
      ],
      [
        -0.223420963,
        -0.0127161322,
        0.9746391
      ],
      [
        -0.27122584,
        -0.9596131,
        -0.07469442
      ]
    ],
    "translation": [
      2.21260285,
      0.8062271,
      -0.758485258
    ]
  },
  {
    "timeStamp": 74049,
    "rotation": [
      [
        0.939231,
        -0.278692931,
        0.200438082
      ],
      [
        -0.212730885,
        -0.0142597426,
        0.9770068
      ],
      [
        -0.2694267,
        -0.9602744,
        -0.07267979
      ]
    ],
    "translation": [
      2.21380544,
      0.8051676,
      -0.758223951
    ]
  },
  {
    "timeStamp": 74104,
    "rotation": [
      [
        0.943096757,
        -0.271888673,
        0.191429
      ],
      [
        -0.202442572,
        -0.0127757639,
        0.9792108
      ],
      [
        -0.263790667,
        -0.9622439,
        -0.0670906156
      ]
    ],
    "translation": [
      2.21446443,
      0.8036609,
      -0.7586358
    ]
  },
  {
    "timeStamp": 74148,
    "rotation": [
      [
        0.9437674,
        -0.274301857,
        0.184557661
      ],
      [
        -0.194655344,
        -0.009810525,
        0.9808226
      ],
      [
        -0.267230839,
        -0.9615936,
        -0.06265317
      ]
    ],
    "translation": [
      2.21598649,
      0.80228734,
      -0.758878648
    ]
  },
  {
    "timeStamp": 74204,
    "rotation": [
      [
        0.94556123,
        -0.27229327,
        0.178242549
      ],
      [
        -0.186826691,
        -0.00571004348,
        0.9823763
      ],
      [
        -0.2664767,
        -0.9621974,
        -0.0562708452
      ]
    ],
    "translation": [
      2.21712685,
      0.8005229,
      -0.7597606
    ]
  },
  {
    "timeStamp": 74248,
    "rotation": [
      [
        0.9484477,
        -0.273764133,
        0.1596874
      ],
      [
        -0.165448517,
        0.00207126187,
        0.986216247
      ],
      [
        -0.2703214,
        -0.961794555,
        -0.0433293879
      ]
    ],
    "translation": [
      2.21877718,
      0.798868239,
      -0.760818064
    ]
  },
  {
    "timeStamp": 74304,
    "rotation": [
      [
        0.9519827,
        -0.278753579,
        0.126591861
      ],
      [
        -0.131182522,
        0.00220300187,
        0.9913558
      ],
      [
        -0.276622862,
        -0.960360169,
        -0.0344703756
      ]
    ],
    "translation": [
      2.22145581,
      0.7974939,
      -0.7615679
    ]
  },
  {
    "timeStamp": 74348,
    "rotation": [
      [
        0.952544332,
        -0.279438019,
        0.120721623
      ],
      [
        -0.124210052,
        0.00525873341,
        0.992242038
      ],
      [
        -0.277905,
        -0.9601493,
        -0.0296998341
      ]
    ],
    "translation": [
      2.221983,
      0.7973336,
      -0.7618638
    ]
  }
]