[
  {
    "timeStamp": 23195,
    "rotation": [
      [
        -0.999877751,
        0.000136225222,
        -0.015632689
      ],
      [
        -0.0156276077,
        0.0182289258,
        0.9997117
      ],
      [
        0.000421161152,
        0.9998338,
        -0.018224569
      ]
    ],
    "translation": [
      1.770365,
      0.7017258,
      -0.6192648
    ]
  },
  {
    "timeStamp": 23242,
    "rotation": [
      [
        -0.999962449,
        0.0006950822,
        -0.00863261
      ],
      [
        -0.00862283,
        0.0130203534,
        0.999878049
      ],
      [
        0.000807399163,
        0.999914944,
        -0.0130138714
      ]
    ],
    "translation": [
      1.770371,
      0.7021158,
      -0.619275331
    ]
  },
  {
    "timeStamp": 23295,
    "rotation": [
      [
        -0.9999986,
        0.000576044666,
        0.0015385052
      ],
      [
        0.001546132,
        0.0134824933,
        0.9999079
      ],
      [
        0.0005552485,
        0.9999089,
        -0.0134833669
      ]
    ],
    "translation": [
      1.77040887,
      0.7021131,
      -0.6192278
    ]
  },
  {
    "timeStamp": 23340,
    "rotation": [
      [
        -0.999976158,
        -0.000598677143,
        0.00688540749
      ],
      [
        0.006877752,
        0.0119658429,
        0.999904752
      ],
      [
        -0.0006810109,
        0.999928236,
        -0.0119614387
      ]
    ],
    "translation": [
      1.77042246,
      0.702101946,
      -0.619221449
    ]
  },
  {
    "timeStamp": 23395,
    "rotation": [
      [
        -0.9971306,
        0.07269663,
        0.0211159866
      ],
      [
        0.0255712382,
        0.0609106831,
        0.9978156
      ],
      [
        0.0712516457,
        0.9954924,
        -0.0625948459
      ]
    ],
    "translation": [
      1.77475035,
      0.708720446,
      -0.60547775
    ]
  },
  {
    "timeStamp": 23439,
    "rotation": [
      [
        -0.9943356,
        0.101432487,
        0.0317516029
      ],
      [
        0.0412042961,
        0.09250003,
        0.994859755
      ],
      [
        0.09797408,
        0.990532756,
        -0.09615553
      ]
    ],
    "translation": [
      1.77794182,
      0.7198919,
      -0.596132636
    ]
  },
  {
    "timeStamp": 23495,
    "rotation": [
      [
        -0.9848651,
        0.161165684,
        0.06376723
      ],
      [
        0.084075436,
        0.122504547,
        0.988900363
      ],
      [
        0.151565015,
        0.9792948,
        -0.134200528
      ]
    ],
    "translation": [
      1.78258634,
      0.742214561,
      -0.5867159
    ]
  },
  {
    "timeStamp": 23540,
    "rotation": [
      [
        -0.967474461,
        0.2338344,
        0.09651223
      ],
      [
        0.130658731,
        0.135216251,
        0.98216337
      ],
      [
        0.216613576,
        0.962828159,
        -0.161370769
      ]
    ],
    "translation": [
      1.78941619,
      0.7657701,
      -0.58077383
    ]
  },
  {
    "timeStamp": 23596,
    "rotation": [
      [
        -0.929372549,
        0.334894449,
        0.155281484
      ],
      [
        0.201065421,
        0.106467843,
        0.9737748
      ],
      [
        0.3095793,
        0.9362213,
        -0.16628398
      ]
    ],
    "translation": [
      1.7983793,
      0.7987148,
      -0.58409214
    ]
  },
  {
    "timeStamp": 23640,
    "rotation": [
      [
        -0.8855445,
        0.438705683,
        0.152801767
      ],
      [
        0.233374387,
        0.135706082,
        0.962870836
      ],
      [
        0.401680768,
        0.888325,
        -0.222556442
      ]
    ],
    "translation": [
      1.82192838,
      0.821690738,
      -0.5753382
    ]
  },
  {
    "timeStamp": 23696,
    "rotation": [
      [
        -0.81739,
        0.5440293,
        0.189488083
      ],
      [
        0.2748866,
        0.0792629048,
        0.9582039
      ],
      [
        0.5062716,
        0.8353141,
        -0.214335054
      ]
    ],
    "translation": [
      1.8515588,
      0.8482634,
      -0.5865
    ]
  },
  {
    "timeStamp": 23740,
    "rotation": [
      [
        -0.7672177,
        0.6140347,
        0.185306087
      ],
      [
        0.306648135,
        0.09741042,
        0.946825266
      ],
      [
        0.5633328,
        0.783244848,
        -0.263027579
      ]
    ],
    "translation": [
      1.8814429,
      0.871001363,
      -0.5883079
    ]
  },
  {
    "timeStamp": 23796,
    "rotation": [
      [
        -0.7151125,
        0.6681523,
        0.205393851
      ],
      [
        0.3229954,
        0.0552641936,
        0.9447856
      ],
      [
        0.6199097,
        0.7419693,
        -0.255330235
      ]
    ],
    "translation": [
      1.91441476,
      0.890836,
      -0.6091416
    ]
  },
  {
    "timeStamp": 23840,
    "rotation": [
      [
        -0.6777052,
        0.708503842,
        0.196819574
      ],
      [
        0.357343972,
        0.08339255,
        0.9302424
      ],
      [
        0.642667055,
        0.700762451,
        -0.309695125
      ]
    ],
    "translation": [
      1.947255,
      0.9124858,
      -0.6115465
    ]
  },
  {
    "timeStamp": 23896,
    "rotation": [
      [
        -0.6135783,
        0.7660722,
        0.191455022
      ],
      [
        0.362233937,
        0.0576284155,
        0.930304
      ],
      [
        0.701646745,
        0.640165865,
        -0.3128569
      ]
    ],
    "translation": [
      1.98611748,
      0.925895035,
      -0.6294732
    ]
  },
  {
    "timeStamp": 23940,
    "rotation": [
      [
        -0.5764936,
        0.796360433,
        0.182935014
      ],
      [
        0.368948519,
        0.0539380163,
        0.927883446
      ],
      [
        0.7290625,
        0.6024125,
        -0.3249109
      ]
    ],
    "translation": [
      2.01796269,
      0.9367443,
      -0.6402772
    ]
  },
  {
    "timeStamp": 23996,
    "rotation": [
      [
        -0.5191666,
        0.8405713,
        0.154615417
      ],
      [
        0.373937726,
        0.060726624,
        0.925463557
      ],
      [
        0.7685288,
        0.5382863,
        -0.345848531
      ]
    ],
    "translation": [
      2.05765963,
      0.94241,
      -0.6545691
    ]
  },
  {
    "timeStamp": 24046,
    "rotation": [
      [
        -0.480748624,
        0.8655292,
        0.140499189
      ],
      [
        0.354051024,
        0.0450167768,
        0.934142053
      ],
      [
        0.8022024,
        0.4988314,
        -0.328083247
      ]
    ],
    "translation": [
      2.08953428,
      0.9435256,
      -0.672498345
    ]
  },
  {
    "timeStamp": 24090,
    "rotation": [
      [
        -0.453916162,
        0.8860434,
        0.09427233
      ],
      [
        0.323278934,
        0.06516959,
        0.944057047
      ],
      [
        0.8303318,
        0.458999,
        -0.3160207
      ]
    ],
    "translation": [
      2.118122,
      0.9383821,
      -0.6896423
    ]
  },
  {
    "timeStamp": 24146,
    "rotation": [
      [
        -0.4461228,
        0.8910695,
        0.0834843442
      ],
      [
        0.3080477,
        0.06530339,
        0.949127
      ],
      [
        0.8402863,
        0.449144363,
        -0.303625256
      ]
    ],
    "translation": [
      2.13752532,
      0.933084548,
      -0.703466535
    ]
  },
  {
    "timeStamp": 24190,
    "rotation": [
      [
        -0.444642425,
        0.8950211,
        0.03507786
      ],
      [
        0.314201146,
        0.119180694,
        0.941845834
      ],
      [
        0.838791251,
        0.429806143,
        -0.334209442
      ]
    ],
    "translation": [
      2.16123,
      0.928917468,
      -0.7057718
    ]
  },
  {
    "timeStamp": 24246,
    "rotation": [
      [
        -0.367405832,
        0.9260469,
        0.08631405
      ],
      [
        0.339293331,
        0.0470451377,
        0.9395035
      ],
      [
        0.865963638,
        0.37446484,
        -0.331486225
      ]
    ],
    "translation": [
      2.16471124,
      0.924848437,
      -0.709476769
    ]
  },
  {
    "timeStamp": 24290,
    "rotation": [
      [
        -0.399493873,
        0.910385251,
        0.107718304
      ],
      [
        0.350726843,
        0.0432178564,
        0.935480058
      ],
      [
        0.8469919,
        0.411498219,
        -0.336561829
      ]
    ],
    "translation": [
      2.15441966,
      0.926763535,
      -0.707491457
    ]
  },
  {
    "timeStamp": 24346,
    "rotation": [
      [
        -0.385937452,
        0.910710752,
        0.147167325
      ],
      [
        0.310380131,
        -0.0220423061,
        0.95035696
      ],
      [
        0.8687442,
        0.412456125,
        -0.27415958
      ]
    ],
    "translation": [
      2.142894,
      0.9250066,
      -0.713475049
    ]
  },
  {
    "timeStamp": 24390,
    "rotation": [
      [
        -0.411428154,
        0.89784193,
        0.156865418
      ],
      [
        0.318726778,
        -0.0195130985,
        0.9476458
      ],
      [
        0.853897035,
        0.439885318,
        -0.278138041
      ]
    ],
    "translation": [
      2.13243556,
      0.928861856,
      -0.721723139
    ]
  },
  {
    "timeStamp": 24446,
    "rotation": [
      [
        -0.400091738,
        0.895491064,
        0.194993377
      ],
      [
        0.31915918,
        -0.06330576,
        0.945584357
      ],
      [
        0.859106541,
        0.4405544,
        -0.260476083
      ]
    ],
    "translation": [
      2.12452173,
      0.9321501,
      -0.723337
    ]
  },
  {
    "timeStamp": 24490,
    "rotation": [
      [
        -0.398978144,
        0.9027557,
        0.160775036
      ],
      [
        0.317553639,
        -0.0284548216,
        0.9478133
      ],
      [
        0.860218644,
        0.429211468,
        -0.2753205
      ]
    ],
    "translation": [
      2.13070083,
      0.9321494,
      -0.7190091
    ]
  },
  {
    "timeStamp": 24547,
    "rotation": [
      [
        -0.370663047,
        0.908545,
        0.192755759
      ],
      [
        0.318031251,
        -0.07083274,
        0.9454305
      ],
      [
        0.8726196,
        0.4117385,
        -0.262690634
      ]
    ],
    "translation": [
      2.131108,
      0.9367058,
      -0.716249764
    ]
  },
  {
    "timeStamp": 24593,
    "rotation": [
      [
        -0.37319842,
        0.911917746,
        0.170672163
      ],
      [
        0.336793154,
        -0.0382468253,
        0.940801561
      ],
      [
        0.8644613,
        0.40858686,
        -0.292854
      ]
    ],
    "translation": [
      2.137571,
      0.945808053,
      -0.708583951
    ]
  },
  {
    "timeStamp": 24639,
    "rotation": [
      [
        -0.3611999,
        0.9137792,
        0.185855508
      ],
      [
        0.351178348,
        -0.0513370819,
        0.934900165
      ],
      [
        0.863833547,
        0.402954251,
        -0.302356541
      ]
    ],
    "translation": [
      2.13932371,
      0.9588646,
      -0.702979743
    ]
  },
  {
    "timeStamp": 24695,
    "rotation": [
      [
        -0.3585066,
        0.916241944,
        0.178812087
      ],
      [
        0.3703178,
        -0.0362476222,
        0.9281976
      ],
      [
        0.856935143,
        0.398982257,
        -0.3263057
      ]
    ],
    "translation": [
      2.14287925,
      0.973812938,
      -0.697437048
    ]
  },
  {
    "timeStamp": 24740,
    "rotation": [
      [
        -0.342684239,
        0.921018958,
        0.185179979
      ],
      [
        0.384033263,
        -0.0425576232,
        0.922337949
      ],
      [
        0.857371569,
        0.387185961,
        -0.339118063
      ]
    ],
    "translation": [
      2.14679384,
      0.98539865,
      -0.692553639
    ]
  },
  {
    "timeStamp": 24795,
    "rotation": [
      [
        -0.328423738,
        0.9287361,
        0.172008961
      ],
      [
        0.400590539,
        -0.0279601477,
        0.9158305
      ],
      [
        0.8553742,
        0.36968562,
        -0.362860143
      ]
    ],
    "translation": [
      2.15416121,
      0.9992238,
      -0.686329961
    ]
  },
  {
    "timeStamp": 24840,
    "rotation": [
      [
        -0.302572638,
        0.940436244,
        0.155014411
      ],
      [
        0.4122715,
        -0.017501941,
        0.9108929
      ],
      [
        0.8593497,
        0.3395193,
        -0.382419467
      ]
    ],
    "translation": [
      2.1672287,
      1.00758612,
      -0.6770355
    ]
  },
  {
    "timeStamp": 24895,
    "rotation": [
      [
        -0.288999438,
        0.9497476,
        0.120244883
      ],
      [
        0.418519378,
        0.0123766046,
        0.908123553
      ],
      [
        0.860999942,
        0.312772,
        -0.4010646
      ]
    ],
    "translation": [
      2.18129945,
      1.01024449,
      -0.667624354
    ]
  },
  {
    "timeStamp": 24940,
    "rotation": [
      [
        -0.262952566,
        0.9602728,
        0.0934462
      ],
      [
        0.412149817,
        0.024228137,
        0.9107939
      ],
      [
        0.8723466,
        0.278009444,
        -0.402147084
      ]
    ],
    "translation": [
      2.19455671,
      1.00623751,
      -0.6591461
    ]
  },
  {
    "timeStamp": 24995,
    "rotation": [
      [
        -0.249736458,
        0.965765536,
        0.0702036545
      ],
      [
        0.4054183,
        0.0384453163,
        0.913322449
      ],
      [
        0.8793563,
        0.256551772,
        -0.401140273
      ]
    ],
    "translation": [
      2.203812,
      0.9973402,
      -0.6507869
    ]
  },
  {
    "timeStamp": 25040,
    "rotation": [
      [
        -0.2429357,
        0.9694313,
        0.03442666
      ],
      [
        0.397142053,
        0.0670176744,
        0.9153069
      ],
      [
        0.885019958,
        0.236033008,
        -0.401282936
      ]
    ],
    "translation": [
      2.213018,
      0.9867926,
      -0.640749931
    ]
  },
  {
    "timeStamp": 25095,
    "rotation": [
      [
        -0.238045439,
        0.9711579,
        0.0136619676
      ],
      [
        0.3778271,
        0.07963442,
        0.9224452
      ],
      [
        0.894751966,
        0.224745721,
        -0.385886371
      ]
    ],
    "translation": [
      2.22148085,
      0.9678958,
      -0.629361868
    ]
  },
  {
    "timeStamp": 25140,
    "rotation": [
      [
        -0.212050632,
        0.976709962,
        -0.0327439941
      ],
      [
        0.351653,
        0.107522219,
        0.929935038
      ],
      [
        0.9117975,
        0.1856788,
        -0.366263121
      ]
    ],
    "translation": [
      2.23326921,
      0.94689846,
      -0.6185233
    ]
  },
  {
    "timeStamp": 25195,
    "rotation": [
      [
        -0.187625945,
        0.9807552,
        -0.0539976
      ],
      [
        0.316722929,
        0.112445958,
        0.9418293
      ],
      [
        0.929775834,
        0.159609333,
        -0.331725448
      ]
    ],
    "translation": [
      2.24577427,
      0.91928947,
      -0.6075051
    ]
  },
  {
    "timeStamp": 25240,
    "rotation": [
      [
        -0.148177534,
        0.985953748,
        -0.07706267
      ],
      [
        0.281714767,
        0.116775893,
        0.9523656
      ],
      [
        0.9479875,
        0.1194095,
        -0.2950613
      ]
    ],
    "translation": [
      2.253972,
      0.894925833,
      -0.602151155
    ]
  },
  {
    "timeStamp": 25295,
    "rotation": [
      [
        -0.146284476,
        0.983020961,
        -0.110772684
      ],
      [
        0.2316865,
        0.142908081,
        0.9622363
      ],
      [
        0.961728752,
        0.115095705,
        -0.248657927
      ]
    ],
    "translation": [
      2.26321268,
      0.886207163,
      -0.5979792
    ]
  },
  {
    "timeStamp": 25339,
    "rotation": [
      [
        -0.09678889,
        0.9929347,
        -0.06864857
      ],
      [
        0.222841486,
        0.0888401642,
        0.9707982
      ],
      [
        0.970037937,
        0.07866474,
        -0.229865789
      ]
    ],
    "translation": [
      2.25417018,
      0.8521858,
      -0.593870342
    ]
  },
  {
    "timeStamp": 25395,
    "rotation": [
      [
        -0.0843812749,
        0.9942076,
        -0.0665660948
      ],
      [
        0.20862931,
        0.08295159,
        0.974470556
      ],
      [
        0.97434783,
        0.06833943,
        -0.214420408
      ]
    ],
    "translation": [
      2.25364041,
      0.8374938,
      -0.587899566
    ]
  },
  {
    "timeStamp": 25440,
    "rotation": [
      [
        -0.1039195,
        0.9918998,
        -0.0730448
      ],
      [
        0.1840704,
        0.09135441,
        0.9786585
      ],
      [
        0.9774041,
        0.0882563144,
        -0.1920729
      ]
    ],
    "translation": [
      2.253837,
      0.8240836,
      -0.587271452
    ]
  },
  {
    "timeStamp": 25495,
    "rotation": [
      [
        -0.09294861,
        0.9919659,
        -0.08581493
      ],
      [
        0.1718911,
        0.100880742,
        0.979937
      ],
      [
        0.9807212,
        0.07633297,
        -0.179886833
      ]
    ],
    "translation": [
      2.25384283,
      0.8183404,
      -0.5864005
    ]
  },
  {
    "timeStamp": 25539,
    "rotation": [
      [
        -0.09646943,
        0.9913567,
        -0.08891351
      ],
      [
        0.166896537,
        0.104176581,
        0.9804554
      ],
      [
        0.9812437,
        0.07974462,
        -0.17550385
      ]
    ],
    "translation": [
      2.25381184,
      0.8188742,
      -0.5875648
    ]
  },
  {
    "timeStamp": 25595,
    "rotation": [
      [
        -0.09358388,
        0.9909766,
        -0.09595519
      ],
      [
        0.173943937,
        0.111169837,
        0.978460431
      ],
      [
        0.9802987,
        0.0748773143,
        -0.18277809
      ]
    ],
    "translation": [
      2.25387859,
      0.826645851,
      -0.5859062
    ]
  },
  {
    "timeStamp": 25639,
    "rotation": [
      [
        -0.0987675563,
        0.990299344,
        -0.09773525
      ],
      [
        0.177575365,
        0.114178695,
        0.9774611
      ],
      [
        0.9791384,
        0.07918607,
        -0.187129915
      ]
    ],
    "translation": [
      2.25390673,
      0.8282883,
      -0.5843408
    ]
  },
  {
    "timeStamp": 25694,
    "rotation": [
      [
        -0.0878755748,
        0.991162956,
        -0.0993669
      ],
      [
        0.173400313,
        0.113450371,
        0.978295147
      ],
      [
        0.9809231,
        0.06873802,
        -0.1818375
      ]
    ],
    "translation": [
      2.253944,
      0.825097442,
      -0.5832312
    ]
  },
  {
    "timeStamp": 25738,
    "rotation": [
      [
        -0.100258559,
        0.9909066,
        -0.08973473
      ],
      [
        0.154290736,
        0.104582094,
        0.9824749
      ],
      [
        0.9829255,
        0.08465629,
        -0.163372964
      ]
    ],
    "translation": [
      2.25389862,
      0.818841457,
      -0.5848915
    ]
  },
  {
    "timeStamp": 25794,
    "rotation": [
      [
        -0.10080117,
        0.9892168,
        -0.106250726
      ],
      [
        0.149398535,
        0.120633826,
        0.9813906
      ],
      [
        0.983625531,
        0.08305159,
        -0.159947574
      ]
    ],
    "translation": [
      2.25415683,
      0.8151706,
      -0.5860717
    ]
  },
  {
    "timeStamp": 25838,
    "rotation": [
      [
        -0.0981954858,
        0.989526153,
        -0.105809718
      ],
      [
        0.142553225,
        0.1192134,
        0.9825817
      ],
      [
        0.98490417,
        0.08140157,
        -0.152766362
      ]
    ],
    "translation": [
      2.254061,
      0.8120636,
      -0.587609649
    ]
  },
  {
    "timeStamp": 25894,
    "rotation": [
      [
        -0.0500401333,
        0.991163135,
        -0.122847721
      ],
      [
        0.117001586,
        0.127972484,
        0.984852135
      ],
      [
        0.9918702,
        0.0349087827,
        -0.12237142
      ]
    ],
    "translation": [
      2.2534368,
      0.8077456,
      -0.5961105
    ]
  },
  {
    "timeStamp": 25938,
    "rotation": [
      [
        -0.0434295833,
        0.989113152,
        -0.140602455
      ],
      [
        0.109115288,
        0.144589424,
        0.983457
      ],
      [
        0.9930799,
        0.0273692422,
        -0.114206821
      ]
    ],
    "translation": [
      2.253474,
      0.807477534,
      -0.6003719
    ]
  },
  {
    "timeStamp": 25994,
    "rotation": [
      [
        -0.003838899,
        0.990893245,
        -0.13459523
      ],
      [
        0.104395159,
        0.134257883,
        0.985432148
      ],
      [
        0.9945285,
        -0.0102680931,
        -0.103959858
      ]
    ],
    "translation": [
      2.24916553,
      0.81301856,
      -0.613154769
    ]
  },
  {
    "timeStamp": 26045,
    "rotation": [
      [
        -0.012180808,
        0.990001857,
        -0.140527278
      ],
      [
        0.124372318,
        0.140946373,
        0.9821739
      ],
      [
        0.992160857,
        -0.005514049,
        -0.124845676
      ]
    ],
    "translation": [
      2.246984,
      0.8226713,
      -0.619189739
    ]
  },
  {
    "timeStamp": 26089,
    "rotation": [
      [
        -0.002951822,
        0.9922725,
        -0.124042861
      ],
      [
        0.126465917,
        0.123417862,
        0.984263361
      ],
      [
        0.991966546,
        -0.0127818445,
        -0.125852942
      ]
    ],
    "translation": [
      2.2394495,
      0.828411341,
      -0.6330637
    ]
  },
  {
    "timeStamp": 26145,
    "rotation": [
      [
        -0.0178956855,
        0.9914607,
        -0.12917231
      ],
      [
        0.141796067,
        0.130403891,
        0.981268942
      ],
      [
        0.9897341,
        -0.00075562956,
        -0.142918885
      ]
    ],
    "translation": [
      2.23753047,
      0.8337145,
      -0.6435802
    ]
  },
  {
    "timeStamp": 26189,
    "rotation": [
      [
        -0.0298908167,
        0.9887485,
        -0.146570623
      ],
      [
        0.1418439,
        0.14934805,
        0.9785578
      ],
      [
        0.98943764,
        0.008459718,
        -0.144712076
      ]
    ],
    "translation": [
      2.239851,
      0.8335031,
      -0.65091455
    ]
  },
  {
    "timeStamp": 26246,
    "rotation": [
      [
        -0.0319777839,
        0.987529635,
        -0.154151425
      ],
      [
        0.138501272,
        0.157120541,
        0.977819264
      ],
      [
        0.9898459,
        0.009918315,
        -0.141798481
      ]
    ],
    "translation": [
      2.24308252,
      0.832379341,
      -0.6578221
    ]
  },
  {
    "timeStamp": 26289,
    "rotation": [
      [
        -0.038666103,
        0.983839035,
        -0.174830616
      ],
      [
        0.134631023,
        0.178495362,
        0.974686563
      ],
      [
        0.990141153,
        0.0141497077,
        -0.139356971
      ]
    ],
    "translation": [
      2.249522,
      0.8319191,
      -0.6615341
    ]
  },
  {
    "timeStamp": 26345,
    "rotation": [
      [
        -0.0374260768,
        0.983891964,
        -0.1748024
      ],
      [
        0.126439691,
        0.178181514,
        0.97584033
      ],
      [
        0.991268039,
        0.0144199142,
        -0.131071627
      ]
    ],
    "translation": [
      2.24989724,
      0.8285323,
      -0.6640271
    ]
  },
  {
    "timeStamp": 26389,
    "rotation": [
      [
        -0.05482384,
        0.979934931,
        -0.191629618
      ],
      [
        0.121525005,
        0.197039992,
        0.972834468
      ],
      [
        0.9910732,
        0.0300467238,
        -0.129889086
      ]
    ],
    "translation": [
      2.2539978,
      0.824642539,
      -0.6626109
    ]
  },
  {
    "timeStamp": 26445,
    "rotation": [
      [
        -0.0574875958,
        0.9801151,
        -0.189919725
      ],
      [
        0.111065656,
        0.19533214,
        0.974427938
      ],
      [
        0.992148936,
        0.0349239744,
        -0.120086305
      ]
    ],
    "translation": [
      2.25446439,
      0.816558957,
      -0.6610199
    ]
  },
  {
    "timeStamp": 26500,
    "rotation": [
      [
        -0.0577157252,
        0.9797662,
        -0.191643
      ],
      [
        0.105409414,
        0.196870565,
        0.9747465
      ],
      [
        0.9927526,
        0.0360572077,
        -0.1146391
      ]
    ],
    "translation": [
      2.25450659,
      0.8098441,
      -0.6606738
    ]
  },
  {
    "timeStamp": 26545,
    "rotation": [
      [
        -0.062415503,
        0.9795364,
        -0.191344842
      ],
      [
        0.09205545,
        0.196551517,
        0.976162553
      ],
      [
        0.9937958,
        0.0433133543,
        -0.102439515
      ]
    ],
    "translation": [
      2.254601,
      0.8008841,
      -0.660437465
    ]
  },
  {
    "timeStamp": 26589,
    "rotation": [
      [
        -0.0509481281,
        0.980326056,
        -0.190696135
      ],
      [
        0.08880912,
        0.19463484,
        0.976847053
      ],
      [
        0.9947448,
        0.0328329541,
        -0.09697818
      ]
    ],
    "translation": [
      2.2543292,
      0.7969534,
      -0.659845352
    ]
  },
  {
    "timeStamp": 26645,
    "rotation": [
      [
        -0.0480295755,
        0.97944355,
        -0.195917323
      ],
      [
        0.08139061,
        0.199329078,
        0.9765467
      ],
      [
        0.9955244,
        0.0309572853,
        -0.08929119
      ]
    ],
    "translation": [
      2.25435948,
      0.7936403,
      -0.659398258
    ]
  },
  {
    "timeStamp": 26689,
    "rotation": [
      [
        -0.0505089946,
        0.9793119,
        -0.195951924
      ],
      [
        0.07701177,
        0.199437246,
        0.9768797
      ],
      [
        0.99575,
        0.0342506059,
        -0.08549191
      ]
    ],
    "translation": [
      2.254397,
      0.7903762,
      -0.6583715
    ]
  },
  {
    "timeStamp": 26745,
    "rotation": [
      [
        -0.05222574,
        0.979932845,
        -0.192364335
      ],
      [
        0.07289669,
        0.195854217,
        0.9779198
      ],
      [
        0.995971143,
        0.0370498523,
        -0.0816625
      ]
    ],
    "translation": [
      2.25378966,
      0.7833295,
      -0.6566289
    ]
  },
  {
    "timeStamp": 26789,
    "rotation": [
      [
        -0.04456181,
        0.980568,
        -0.191051453
      ],
      [
        0.07505379,
        0.193987027,
        0.9781288
      ],
      [
        0.9961833,
        0.0292480439,
        -0.0822397545
      ]
    ],
    "translation": [
      2.254305,
      0.780701458,
      -0.655747
    ]
  },
  {
    "timeStamp": 26845,
    "rotation": [
      [
        -0.05100948,
        0.982070744,
        -0.1814802
      ],
      [
        0.0607318357,
        0.184430748,
        0.980967343
      ],
      [
        0.996849835,
        0.039017003,
        -0.06905068
      ]
    ],
    "translation": [
      2.25344372,
      0.772496343,
      -0.6572139
    ]
  },
  {
    "timeStamp": 26889,
    "rotation": [
      [
        -0.0508653857,
        0.982304454,
        -0.180251569
      ],
      [
        0.06082238,
        0.1831971,
        0.9811929
      ],
      [
        0.996851742,
        0.03894543,
        -0.06906448
      ]
    ],
    "translation": [
      2.25424576,
      0.767454863,
      -0.657192647
    ]
  },
  {
    "timeStamp": 26946,
    "rotation": [
      [
        -0.04506379,
        0.986449957,
        -0.157752126
      ],
      [
        0.0294827949,
        0.159157023,
        0.986812949
      ],
      [
        0.998549,
        0.0398185551,
        -0.0362555236
      ]
    ],
    "translation": [
      2.25376844,
      0.7537836,
      -0.6638391
    ]
  },
  {
    "timeStamp": 26991,
    "rotation": [
      [
        -0.0515760779,
        0.9867002,
        -0.1541516
      ],
      [
        0.0172798336,
        0.155215651,
        0.9877295
      ],
      [
        0.99851954,
        0.0482795,
        -0.025055429
      ]
    ],
    "translation": [
      2.253908,
      0.7442764,
      -0.6658522
    ]
  },
  {
    "timeStamp": 27037,
    "rotation": [
      [
        -0.0346758775,
        0.9914321,
        -0.125936568
      ],
      [
        -0.008332642,
        0.125721157,
        0.9920306
      ],
      [
        0.9993639,
        0.0354489163,
        0.00390175683
      ]
    ],
    "translation": [
      2.24821,
      0.7336563,
      -0.6724975
    ]
  },
  {
    "timeStamp": 27094,
    "rotation": [
      [
        -0.0347139239,
        0.990540564,
        -0.132756546
      ],
      [
        -0.0215377826,
        0.132064268,
        0.991007149
      ],
      [
        0.9991652,
        0.0372610241,
        0.01674958
      ]
    ],
    "translation": [
      2.252937,
      0.725245357,
      -0.673677
    ]
  },
  {
    "timeStamp": 27139,
    "rotation": [
      [
        -0.0387070253,
        0.9915519,
        -0.123800449
      ],
      [
        -0.0299362186,
        0.122687,
        0.9919938
      ],
      [
        0.998802066,
        0.04210326,
        0.0249344651
      ]
    ],
    "translation": [
      2.25314474,
      0.7252597,
      -0.6735598
    ]
  },
  {
    "timeStamp": 27194,
    "rotation": [
      [
        -0.0382987671,
        0.993390262,
        -0.108208157
      ],
      [
        -0.0321802236,
        0.107005328,
        0.9937375
      ],
      [
        0.998748,
        0.0415410921,
        0.0278693456
      ]
    ],
    "translation": [
      2.25306869,
      0.7252122,
      -0.673539758
    ]
  },
  {
    "timeStamp": 27239,
    "rotation": [
      [
        -0.0400386266,
        0.9941542,
        -0.100271426
      ],
      [
        -0.0313514546,
        0.09905255,
        0.9945882
      ],
      [
        0.998706162,
        0.0429656,
        0.0272022523
      ]
    ],
    "translation": [
      2.25306678,
      0.725062668,
      -0.6735066
    ]
  }
]