[
  {
    "timeStamp": 40854,
    "rotation": [
      [
        0.9995717,
        0.02101048,
        -0.0203712936
      ],
      [
        0.0195435565,
        0.0388764963,
        0.9990529
      ],
      [
        0.02178255,
        -0.9990231,
        0.0384492241
      ]
    ],
    "translation": [
      1.14554715,
      0.7020754,
      -0.623050451
    ]
  },
  {
    "timeStamp": 40898,
    "rotation": [
      [
        0.9999985,
        0.00144389982,
        0.0009625945
      ],
      [
        -0.00100528274,
        0.02986108,
        0.999553561
      ],
      [
        0.00141451159,
        -0.9995531,
        0.0298624858
      ]
    ],
    "translation": [
      1.1441561,
      0.702528358,
      -0.622290432
    ]
  },
  {
    "timeStamp": 40955,
    "rotation": [
      [
        0.9993418,
        -0.008933463,
        0.0351604559
      ],
      [
        -0.03486026,
        0.03178937,
        0.998886466
      ],
      [
        -0.0100412574,
        -0.9994547,
        0.03145702
      ]
    ],
    "translation": [
      1.14244378,
      0.7092854,
      -0.6220525
    ]
  },
  {
    "timeStamp": 40998,
    "rotation": [
      [
        0.99802506,
        -0.0202563424,
        0.0594616234
      ],
      [
        -0.05913129,
        0.0165343024,
        0.9981133
      ],
      [
        -0.02120128,
        -0.9996581,
        0.0153038641
      ]
    ],
    "translation": [
      1.14262176,
      0.720479131,
      -0.61835897
    ]
  },
  {
    "timeStamp": 41054,
    "rotation": [
      [
        0.993387461,
        -0.0518427,
        0.102438331
      ],
      [
        -0.102436155,
        0.00270602875,
        0.9947359
      ],
      [
        -0.051847,
        -0.998651564,
        -0.00262243231
      ]
    ],
    "translation": [
      1.14569664,
      0.7412519,
      -0.6091434
    ]
  },
  {
    "timeStamp": 41098,
    "rotation": [
      [
        0.9831089,
        -0.105567932,
        0.149506912
      ],
      [
        -0.150671288,
        -0.00309633557,
        0.9885791
      ],
      [
        -0.103899322,
        -0.994407237,
        -0.0189500917
      ]
    ],
    "translation": [
      1.15155637,
      0.7645436,
      -0.597456157
    ]
  },
  {
    "timeStamp": 41154,
    "rotation": [
      [
        0.962173,
        -0.181511849,
        0.20316647
      ],
      [
        -0.208287373,
        -0.009404954,
        0.978022456
      ],
      [
        -0.175611883,
        -0.9833438,
        -0.0468558148
      ]
    ],
    "translation": [
      1.16849935,
      0.7965415,
      -0.58267045
    ]
  },
  {
    "timeStamp": 41198,
    "rotation": [
      [
        0.9431572,
        -0.230854541,
        0.239083111
      ],
      [
        -0.252406,
        -0.0295623317,
        0.9671697
      ],
      [
        -0.216207653,
        -0.972539067,
        -0.086151
      ]
    ],
    "translation": [
      1.18641579,
      0.8232,
      -0.57430625
    ]
  },
  {
    "timeStamp": 41254,
    "rotation": [
      [
        0.902902663,
        -0.326712847,
        0.279330432
      ],
      [
        -0.30024457,
        -0.0143211763,
        0.9537547
      ],
      [
        -0.3076036,
        -0.945015132,
        -0.111024387
      ]
    ],
    "translation": [
      1.221434,
      0.853931963,
      -0.5659547
    ]
  },
  {
    "timeStamp": 41299,
    "rotation": [
      [
        0.8729233,
        -0.383653969,
        0.301354617
      ],
      [
        -0.3295648,
        -0.008280648,
        0.9440966
      ],
      [
        -0.359711021,
        -0.92343986,
        -0.133667216
      ]
    ],
    "translation": [
      1.25435507,
      0.8758416,
      -0.5667661
    ]
  },
  {
    "timeStamp": 41354,
    "rotation": [
      [
        0.8281876,
        -0.46225214,
        0.316904038
      ],
      [
        -0.350470632,
        0.0140939225,
        0.936467648
      ],
      [
        -0.4373506,
        -0.8866365,
        -0.15033339
      ]
    ],
    "translation": [
      1.30141091,
      0.8983402,
      -0.5706441
    ]
  },
  {
    "timeStamp": 41398,
    "rotation": [
      [
        0.794867754,
        -0.5189764,
        0.314402342
      ],
      [
        -0.357168585,
        0.0186978169,
        0.9338528
      ],
      [
        -0.49052617,
        -0.854584038,
        -0.170499757
      ]
    ],
    "translation": [
      1.344555,
      0.9131704,
      -0.576614857
    ]
  },
  {
    "timeStamp": 41454,
    "rotation": [
      [
        0.7337716,
        -0.58797735,
        0.34038496
      ],
      [
        -0.372148484,
        0.07131287,
        0.925429642
      ],
      [
        -0.5684055,
        -0.8057277,
        -0.16648753
      ]
    ],
    "translation": [
      1.39826477,
      0.9302758,
      -0.5852486
    ]
  },
  {
    "timeStamp": 41499,
    "rotation": [
      [
        0.7128169,
        -0.631640732,
        0.304831117
      ],
      [
        -0.373826832,
        0.0255727861,
        0.9271459
      ],
      [
        -0.593418539,
        -0.7748393,
        -0.217895567
      ]
    ],
    "translation": [
      1.44643354,
      0.9433889,
      -0.591077149
    ]
  },
  {
    "timeStamp": 41554,
    "rotation": [
      [
        0.652251363,
        -0.687329233,
        0.31960392
      ],
      [
        -0.3912852,
        0.0558159,
        0.9185752
      ],
      [
        -0.6492026,
        -0.7241982,
        -0.232535779
      ]
    ],
    "translation": [
      1.50414777,
      0.958604753,
      -0.5991068
    ]
  },
  {
    "timeStamp": 41599,
    "rotation": [
      [
        0.6303988,
        -0.7257056,
        0.275587976
      ],
      [
        -0.3944319,
        0.006323977,
        0.9189034
      ],
      [
        -0.668596148,
        -0.6879763,
        -0.282254815
      ]
    ],
    "translation": [
      1.554461,
      0.969704,
      -0.6047173
    ]
  },
  {
    "timeStamp": 41654,
    "rotation": [
      [
        0.5658178,
        -0.7771296,
        0.2755358
      ],
      [
        -0.4066907,
        0.027655527,
        0.9131472
      ],
      [
        -0.7172538,
        -0.628732741,
        -0.300403357
      ]
    ],
    "translation": [
      1.61419523,
      0.9795725,
      -0.612578332
    ]
  },
  {
    "timeStamp": 41699,
    "rotation": [
      [
        0.5525554,
        -0.7997664,
        0.234640613
      ],
      [
        -0.4089281,
        -0.0148274489,
        0.912446141
      ],
      [
        -0.726264656,
        -0.6001282,
        -0.335239947
      ]
    ],
    "translation": [
      1.66096425,
      0.9860172,
      -0.62102896
    ]
  },
  {
    "timeStamp": 41754,
    "rotation": [
      [
        0.491801918,
        -0.835710764,
        0.2443735
      ],
      [
        -0.420607835,
        0.017719049,
        0.9070695
      ],
      [
        -0.7623778,
        -0.5488839,
        -0.342792243
      ]
    ],
    "translation": [
      1.71946633,
      0.992912352,
      -0.6334289
    ]
  },
  {
    "timeStamp": 41798,
    "rotation": [
      [
        0.496817261,
        -0.842567861,
        0.20797132
      ],
      [
        -0.427368045,
        -0.0289567877,
        0.903613865
      ],
      [
        -0.7553338,
        -0.5378113,
        -0.3744728
      ]
    ],
    "translation": [
      1.76040745,
      0.9987441,
      -0.6442646
    ]
  },
  {
    "timeStamp": 41854,
    "rotation": [
      [
        0.4469399,
        -0.8691052,
        0.211898237
      ],
      [
        -0.429411858,
        -0.0006376165,
        0.903108537
      ],
      [
        -0.78476125,
        -0.49462685,
        -0.373489052
      ]
    ],
    "translation": [
      1.81588042,
      0.9982856,
      -0.6586485
    ]
  },
  {
    "timeStamp": 41899,
    "rotation": [
      [
        0.437562764,
        -0.879190445,
        0.188581288
      ],
      [
        -0.427631438,
        -0.01897714,
        0.903753936
      ],
      [
        -0.7909931,
        -0.4760924,
        -0.384273171
      ]
    ],
    "translation": [
      1.8564806,
      0.995621264,
      -0.6701423
    ]
  },
  {
    "timeStamp": 41954,
    "rotation": [
      [
        0.427361131,
        -0.8834036,
        0.192251325
      ],
      [
        -0.4171857,
        -0.00403958652,
        0.9088123
      ],
      [
        -0.802071452,
        -0.468595564,
        -0.3702697
      ]
    ],
    "translation": [
      1.89931667,
      0.987545848,
      -0.684379935
    ]
  },
  {
    "timeStamp": 41998,
    "rotation": [
      [
        0.416493446,
        -0.8940479,
        0.164959565
      ],
      [
        -0.410635054,
        -0.0231140032,
        0.9115068
      ],
      [
        -0.8111178,
        -0.447374761,
        -0.376754224
      ]
    ],
    "translation": [
      1.93691444,
      0.9838516,
      -0.692925334
    ]
  },
  {
    "timeStamp": 42054,
    "rotation": [
      [
        0.416353047,
        -0.8959799,
        0.15449962
      ],
      [
        -0.397232056,
        -0.0264072567,
        0.9173382
      ],
      [
        -0.8178367,
        -0.443308741,
        -0.366906673
      ]
    ],
    "translation": [
      1.97636425,
      0.97993356,
      -0.7046915
    ]
  },
  {
    "timeStamp": 42098,
    "rotation": [
      [
        0.4138205,
        -0.900342047,
        0.134672627
      ],
      [
        -0.3912116,
        -0.04229842,
        0.919328153
      ],
      [
        -0.8220134,
        -0.433122367,
        -0.369728237
      ]
    ],
    "translation": [
      2.008129,
      0.980754733,
      -0.712622166
    ]
  },
  {
    "timeStamp": 42154,
    "rotation": [
      [
        0.425836384,
        -0.8953749,
        0.130257875
      ],
      [
        -0.370173931,
        -0.04104091,
        0.928055465
      ],
      [
        -0.825611651,
        -0.443417847,
        -0.34892115
      ]
    ],
    "translation": [
      2.0389843,
      0.977232,
      -0.7233846
    ]
  },
  {
    "timeStamp": 42207,
    "rotation": [
      [
        0.438555956,
        -0.8918524,
        0.110760756
      ],
      [
        -0.358582,
        -0.0606397167,
        0.9315266
      ],
      [
        -0.8240677,
        -0.44824332,
        -0.346396118
      ]
    ],
    "translation": [
      2.06437182,
      0.9740808,
      -0.730112851
    ]
  },
  {
    "timeStamp": 42250,
    "rotation": [
      [
        0.450803638,
        -0.88685143,
        0.101344496
      ],
      [
        -0.3253966,
        -0.0575502627,
        0.9438247
      ],
      [
        -0.8311999,
        -0.458456755,
        -0.3145223
      ]
    ],
    "translation": [
      2.09079361,
      0.962659657,
      -0.7370039
    ]
  },
  {
    "timeStamp": 42304,
    "rotation": [
      [
        0.461606055,
        -0.88427496,
        0.070553124
      ],
      [
        -0.299113125,
        -0.08027827,
        0.950834751
      ],
      [
        -0.83513546,
        -0.460014433,
        -0.3015552
      ]
    ],
    "translation": [
      2.12058854,
      0.9527395,
      -0.7392466
    ]
  },
  {
    "timeStamp": 42349,
    "rotation": [
      [
        0.462530464,
        -0.8833028,
        0.0764310658
      ],
      [
        -0.26932767,
        -0.05784918,
        0.961309552
      ],
      [
        -0.844705939,
        -0.465219975,
        -0.2646549
      ]
    ],
    "translation": [
      2.13955522,
      0.940876245,
      -0.742940247
    ]
  },
  {
    "timeStamp": 42404,
    "rotation": [
      [
        0.475661159,
        -0.879213,
        0.0270371363
      ],
      [
        -0.232413143,
        -0.09597386,
        0.9678704
      ],
      [
        -0.84836936,
        -0.466662139,
        -0.249991685
      ]
    ],
    "translation": [
      2.16423678,
      0.926852942,
      -0.743133366
    ]
  },
  {
    "timeStamp": 42449,
    "rotation": [
      [
        0.467733,
        -0.881539345,
        0.0641418844
      ],
      [
        -0.21065174,
        -0.0407021269,
        0.9767135
      ],
      [
        -0.858400643,
        -0.4703527,
        -0.204735532
      ]
    ],
    "translation": [
      2.1730454,
      0.9118857,
      -0.7463676
    ]
  },
  {
    "timeStamp": 42504,
    "rotation": [
      [
        0.472246319,
        -0.8809926,
        0.0289058946
      ],
      [
        -0.180985928,
        -0.0648169,
        0.9813475
      ],
      [
        -0.8626863,
        -0.4686693,
        -0.1900568
      ]
    ],
    "translation": [
      2.18772364,
      0.8976813,
      -0.7448938
    ]
  },
  {
    "timeStamp": 42548,
    "rotation": [
      [
        0.465260625,
        -0.8831416,
        0.05994568
      ],
      [
        -0.168454438,
        -0.021854613,
        0.985467136
      ],
      [
        -0.8689969,
        -0.468597174,
        -0.158937216
      ]
    ],
    "translation": [
      2.19053578,
      0.8869688,
      -0.746263742
    ]
  },
  {
    "timeStamp": 42605,
    "rotation": [
      [
        0.446100056,
        -0.8903939,
        0.0905176
      ],
      [
        -0.160537586,
        0.0198896267,
        0.98682934
      ],
      [
        -0.8804672,
        -0.454756081,
        -0.134068921
      ]
    ],
    "translation": [
      2.191958,
      0.8773013,
      -0.746992767
    ]
  },
  {
    "timeStamp": 42650,
    "rotation": [
      [
        0.4424271,
        -0.8905021,
        0.106133468
      ],
      [
        -0.1543478,
        0.0409699,
        0.987166762
      ],
      [
        -0.8834224,
        -0.4531308,
        -0.119320855
      ]
    ],
    "translation": [
      2.192895,
      0.873207569,
      -0.746742368
    ]
  },
  {
    "timeStamp": 42707,
    "rotation": [
      [
        0.422537148,
        -0.8981748,
        0.121426463
      ],
      [
        -0.168353468,
        0.053863544,
        0.984253943
      ],
      [
        -0.890572548,
        -0.436326444,
        -0.1284515
      ]
    ],
    "translation": [
      2.194856,
      0.8765323,
      -0.7424997
    ]
  },
  {
    "timeStamp": 42752,
    "rotation": [
      [
        0.429602355,
        -0.895656347,
        0.115071967
      ],
      [
        -0.176836535,
        0.0415206626,
        0.983364046
      ],
      [
        -0.8855341,
        -0.442804456,
        -0.14054738
      ]
    ],
    "translation": [
      2.19482827,
      0.881889641,
      -0.7388588
    ]
  },
  {
    "timeStamp": 42798,
    "rotation": [
      [
        0.4239867,
        -0.8967742,
        0.126614928
      ],
      [
        -0.201463014,
        0.0429117121,
        0.9785557
      ],
      [
        -0.8829768,
        -0.440402836,
        -0.162472844
      ]
    ],
    "translation": [
      2.19274831,
      0.891268134,
      -0.732824564
    ]
  },
  {
    "timeStamp": 42854,
    "rotation": [
      [
        0.432164341,
        -0.892781734,
        0.127179816
      ],
      [
        -0.222964376,
        0.0308684949,
        0.974337757
      ],
      [
        -0.873796761,
        -0.449430585,
        -0.185718268
      ]
    ],
    "translation": [
      2.18847775,
      0.902826667,
      -0.7260155
    ]
  },
  {
    "timeStamp": 42898,
    "rotation": [
      [
        0.422141969,
        -0.8938437,
        0.151127383
      ],
      [
        -0.2546176,
        0.0430909246,
        0.966081262
      ],
      [
        -0.8700379,
        -0.446303159,
        -0.209397852
      ]
    ],
    "translation": [
      2.1839788,
      0.914956033,
      -0.7179071
    ]
  },
  {
    "timeStamp": 42954,
    "rotation": [
      [
        0.407429069,
        -0.899674952,
        0.156800792
      ],
      [
        -0.295068562,
        0.03280249,
        0.954912841
      ],
      [
        -0.8642546,
        -0.435326248,
        -0.2521011
      ]
    ],
    "translation": [
      2.18087482,
      0.9350887,
      -0.700787246
    ]
  },
  {
    "timeStamp": 42998,
    "rotation": [
      [
        0.384304374,
        -0.907941,
        0.167192146
      ],
      [
        -0.3238122,
        0.0370293036,
        0.9453965
      ],
      [
        -0.86455524,
        -0.417458862,
        -0.279771864
      ]
    ],
    "translation": [
      2.18124485,
      0.9491718,
      -0.6822843
    ]
  },
  {
    "timeStamp": 43053,
    "rotation": [
      [
        0.3481425,
        -0.9270619,
        0.13911517
      ],
      [
        -0.3493354,
        0.009411998,
        0.936950445
      ],
      [
        -0.869920433,
        -0.374790162,
        -0.320578843
      ]
    ],
    "translation": [
      2.188499,
      0.96376586,
      -0.654815
    ]
  },
  {
    "timeStamp": 43098,
    "rotation": [
      [
        0.318656862,
        -0.939760447,
        0.123725966
      ],
      [
        -0.366901845,
        -0.00193533732,
        0.9302577
      ],
      [
        -0.8739799,
        -0.341828257,
        -0.345416546
      ]
    ],
    "translation": [
      2.19542956,
      0.9724724,
      -0.630475461
    ]
  },
  {
    "timeStamp": 43149,
    "rotation": [
      [
        0.2724935,
        -0.9547359,
        0.119275339
      ],
      [
        -0.358654052,
        0.0142407566,
        0.933361948
      ],
      [
        -0.8928127,
        -0.297113627,
        -0.3385394
      ]
    ],
    "translation": [
      2.20271277,
      0.9738814,
      -0.609228253
    ]
  },
  {
    "timeStamp": 43204,
    "rotation": [
      [
        0.241867989,
        -0.966061234,
        0.09069495
      ],
      [
        -0.3413316,
        0.00278504519,
        0.939938843
      ],
      [
        -0.9082911,
        -0.258298159,
        -0.3290736
      ]
    ],
    "translation": [
      2.21011615,
      0.9690533,
      -0.5805263
    ]
  },
  {
    "timeStamp": 43250,
    "rotation": [
      [
        0.2314406,
        -0.9708572,
        0.06222233
      ],
      [
        -0.308312058,
        -0.01253519,
        0.9512027
      ],
      [
        -0.922702,
        -0.239330828,
        -0.302228123
      ]
    ],
    "translation": [
      2.215592,
      0.9595454,
      -0.5662221
    ]
  },
  {
    "timeStamp": 43300,
    "rotation": [
      [
        0.199516848,
        -0.976412058,
        0.08253831
      ],
      [
        -0.2744856,
        0.0251701325,
        0.961261749
      ],
      [
        -0.940665066,
        -0.21444349,
        -0.262989163
      ]
    ],
    "translation": [
      2.21561265,
      0.946701646,
      -0.5560298
    ]
  },
  {
    "timeStamp": 43348,
    "rotation": [
      [
        0.186834276,
        -0.9808175,
        0.05558882
      ],
      [
        -0.239872485,
        0.009325876,
        0.97075963
      ],
      [
        -0.952656448,
        -0.194705382,
        -0.233528718
      ]
    ],
    "translation": [
      2.22161627,
      0.9341089,
      -0.5467388
    ]
  },
  {
    "timeStamp": 43404,
    "rotation": [
      [
        0.178413346,
        -0.9824227,
        0.05490298
      ],
      [
        -0.209099,
        0.0166684575,
        0.9777524
      ],
      [
        -0.9614813,
        -0.185924247,
        -0.202449709
      ]
    ],
    "translation": [
      2.220943,
      0.921701,
      -0.5415662
    ]
  },
  {
    "timeStamp": 43448,
    "rotation": [
      [
        0.185659528,
        -0.9815949,
        0.0447432175
      ],
      [
        -0.186842948,
        0.009437779,
        0.982344449
      ],
      [
        -0.9646866,
        -0.190741569,
        -0.181651875
      ]
    ],
    "translation": [
      2.22086143,
      0.9117608,
      -0.5386569
    ]
  },
  {
    "timeStamp": 43504,
    "rotation": [
      [
        0.177135319,
        -0.9834363,
        0.0384214669
      ],
      [
        -0.151918456,
        0.0112492582,
        0.988329
      ],
      [
        -0.9723908,
        -0.18090491,
        -0.147409469
      ]
    ],
    "translation": [
      2.22224784,
      0.896439135,
      -0.537922263
    ]
  },
  {
    "timeStamp": 43548,
    "rotation": [
      [
        0.1594388,
        -0.986129165,
        0.0461366437
      ],
      [
        -0.126331165,
        0.0259694457,
        0.991648138
      ],
      [
        -0.9790913,
        -0.163935691,
        -0.120438308
      ]
    ],
    "translation": [
      2.2247293,
      0.884287238,
      -0.5397777
    ]
  },
  {
    "timeStamp": 43603,
    "rotation": [
      [
        0.163468212,
        -0.9861619,
        0.0276183356
      ],
      [
        -0.100030281,
        0.0112824012,
        0.994920433
      ],
      [
        -0.9814642,
        -0.16540052,
        -0.09680174
      ]
    ],
    "translation": [
      2.22709775,
      0.873078465,
      -0.542706847
    ]
  },
  {
    "timeStamp": 43648,
    "rotation": [
      [
        0.164358363,
        -0.9858699,
        0.0323555656
      ],
      [
        -0.08625315,
        0.01831186,
        0.996104956
      ],
      [
        -0.9826224,
        -0.166508943,
        -0.08202468
      ]
    ],
    "translation": [
      2.22690034,
      0.8675835,
      -0.5457133
    ]
  },
  {
    "timeStamp": 43704,
    "rotation": [
      [
        0.181834161,
        -0.9831215,
        0.0202079061
      ],
      [
        -0.07216194,
        0.007153946,
        0.997367263
      ],
      [
        -0.9806778,
        -0.182813689,
        -0.0696431249
      ]
    ],
    "translation": [
      2.22577357,
      0.862694,
      -0.54885143
    ]
  },
  {
    "timeStamp": 43749,
    "rotation": [
      [
        0.194064692,
        -0.980949938,
        0.008728568
      ],
      [
        -0.05898144,
        -0.002785948,
        0.9982552
      ],
      [
        -0.979214,
        -0.194240913,
        -0.0583984926
      ]
    ],
    "translation": [
      2.22502136,
      0.859159,
      -0.5513947
    ]
  },
  {
    "timeStamp": 43807,
    "rotation": [
      [
        0.205107614,
        -0.9787385,
        0.00139531784
      ],
      [
        -0.0461038873,
        -0.008237615,
        0.9989027
      ],
      [
        -0.977652967,
        -0.204946876,
        -0.0468132459
      ]
    ],
    "translation": [
      2.22377539,
      0.8553338,
      -0.5533019
    ]
  },
  {
    "timeStamp": 43852,
    "rotation": [
      [
        0.210188538,
        -0.9776605,
        0.0008433714
      ],
      [
        -0.0359300636,
        -0.0068625873,
        0.999330759
      ],
      [
        -0.9770004,
        -0.21007818,
        -0.03656984
      ]
    ],
    "translation": [
      2.221706,
      0.8516906,
      -0.5546218
    ]
  },
  {
    "timeStamp": 43897,
    "rotation": [
      [
        0.225692853,
        -0.974156141,
        -0.009087051
      ],
      [
        -0.0302670952,
        -0.0163348988,
        0.999408364
      ],
      [
        -0.97372824,
        -0.225284278,
        -0.0331715457
      ]
    ],
    "translation": [
      2.21905041,
      0.848290443,
      -0.554919243
    ]
  },
  {
    "timeStamp": 43953,
    "rotation": [
      [
        0.2236293,
        -0.974646449,
        -0.007362122
      ],
      [
        -0.0234776828,
        -0.0129377926,
        0.999640644
      ],
      [
        -0.97439146,
        -0.22337608,
        -0.0257757083
      ]
    ],
    "translation": [
      2.21671367,
      0.842074454,
      -0.5564924
    ]
  },
  {
    "timeStamp": 43998,
    "rotation": [
      [
        0.230606273,
        -0.973004758,
        -0.009083773
      ],
      [
        -0.02282777,
        -0.0147426268,
        0.9996307
      ],
      [
        -0.972779334,
        -0.230313748,
        -0.0256112721
      ]
    ],
    "translation": [
      2.21483088,
      0.840095162,
      -0.55598706
    ]
  },
  {
    "timeStamp": 44053,
    "rotation": [
      [
        0.2306843,
        -0.9729747,
        -0.0102397585
      ],
      [
        -0.0198141448,
        -0.0152186621,
        0.99968785
      ],
      [
        -0.972826838,
        -0.2304094,
        -0.02278937
      ]
    ],
    "translation": [
      2.214275,
      0.837622344,
      -0.5548452
    ]
  },
  {
    "timeStamp": 44097,
    "rotation": [
      [
        0.231467769,
        -0.9727509,
        -0.0133522367
      ],
      [
        -0.0121153221,
        -0.0166062266,
        0.9997887
      ],
      [
        -0.9727671,
        -0.2312571,
        -0.0156289972
      ]
    ],
    "translation": [
      2.21472049,
      0.8348708,
      -0.554285645
    ]
  },
  {
    "timeStamp": 44153,
    "rotation": [
      [
        0.235977024,
        -0.9714844,
        -0.0230829213
      ],
      [
        -0.004511357,
        -0.0248487089,
        0.999681056
      ],
      [
        -0.9717482,
        -0.235797629,
        -0.010246437
      ]
    ],
    "translation": [
      2.215536,
      0.831587,
      -0.5539351
    ]
  },
  {
    "timeStamp": 44198,
    "rotation": [
      [
        0.235913947,
        -0.9715024,
        -0.0229681581
      ],
      [
        -0.00182451564,
        -0.0240780544,
        0.9997084
      ],
      [
        -0.9717722,
        -0.235803261,
        -0.00745287072
      ]
    ],
    "translation": [
      2.21558166,
      0.829432964,
      -0.55356276
    ]
  },
  {
    "timeStamp": 44253,
    "rotation": [
      [
        0.235825151,
        -0.971490145,
        -0.0243570954
      ],
      [
        0.00265877717,
        -0.0244189184,
        0.9996983
      ],
      [
        -0.9717918,
        -0.235818759,
        -0.00317561929
      ]
    ],
    "translation": [
      2.215737,
      0.826318741,
      -0.553463161
    ]
  },
  {
    "timeStamp": 44298,
    "rotation": [
      [
        0.236146808,
        -0.971542537,
        -0.0184309762
      ],
      [
        0.004285166,
        -0.0179260448,
        0.9998301
      ],
      [
        -0.97170794,
        -0.23618567,
        -6.995717E-05
      ]
    ],
    "translation": [
      2.21482086,
      0.8225813,
      -0.553585351
    ]
  },
  {
    "timeStamp": 44353,
    "rotation": [
      [
        0.233443856,
        -0.9720003,
        -0.0268223118
      ],
      [
        0.01148505,
        -0.0248262882,
        0.9996258
      ],
      [
        -0.972302437,
        -0.233664557,
        0.00536792772
      ]
    ],
    "translation": [
      2.21631813,
      0.8184621,
      -0.554021
    ]
  },
  {
    "timeStamp": 44398,
    "rotation": [
      [
        0.233976737,
        -0.972095251,
        -0.0169030018
      ],
      [
        0.0116262157,
        -0.0145868389,
        0.999826
      ],
      [
        -0.9721727,
        -0.234132543,
        0.007888808
      ]
    ],
    "translation": [
      2.21419477,
      0.815290451,
      -0.5545772
    ]
  },
  {
    "timeStamp": 44453,
    "rotation": [
      [
        0.234388873,
        -0.9720492,
        -0.0135038067
      ],
      [
        0.0111810556,
        -0.0111942915,
        0.99987483
      ],
      [
        -0.9720787,
        -0.234510511,
        0.008244718
      ]
    ],
    "translation": [
      2.21296859,
      0.813012362,
      -0.554371357
    ]
  },
  {
    "timeStamp": 44498,
    "rotation": [
      [
        0.233428717,
        -0.9723461,
        -0.007353673
      ],
      [
        0.0111785,
        -0.0048786574,
        0.9999256
      ],
      [
        -0.972309649,
        -0.233493567,
        0.009730551
      ]
    ],
    "translation": [
      2.21152544,
      0.8106354,
      -0.5547043
    ]
  },
  {
    "timeStamp": 44553,
    "rotation": [
      [
        0.232506543,
        -0.972587466,
        -0.0037822288
      ],
      [
        0.00493671,
        -0.002708601,
        0.999984145
      ],
      [
        -0.9725823,
        -0.232521534,
        0.00417161454
      ]
    ],
    "translation": [
      2.210663,
      0.8099525,
      -0.5544803
    ]
  }
]