[
  {
    "timeStamp": 72951,
    "rotation": [
      [
        0.9974905,
        0.008322283,
        0.07030933
      ],
      [
        0.06727148,
        0.19819428,
        -0.9778515
      ],
      [
        -0.0220728647,
        0.980127454,
        0.197137073
      ]
    ],
    "translation": [
      1.3164624,
      0.695736,
      -0.6278826
    ]
  },
  {
    "timeStamp": 72997,
    "rotation": [
      [
        0.997642457,
        0.009264845,
        0.06799751
      ],
      [
        0.06486728,
        0.1961009,
        -0.9784358
      ],
      [
        -0.0223994385,
        0.98054,
        0.1950376
      ]
    ],
    "translation": [
      1.31694663,
      0.6961891,
      -0.627941966
    ]
  },
  {
    "timeStamp": 73050,
    "rotation": [
      [
        0.9975529,
        0.0121552618,
        0.06885117
      ],
      [
        0.0650570542,
        0.1993258,
        -0.977771342
      ],
      [
        -0.025608886,
        0.979857862,
        0.198047236
      ]
    ],
    "translation": [
      1.32134223,
      0.6961199,
      -0.6292585
    ]
  },
  {
    "timeStamp": 73106,
    "rotation": [
      [
        0.9959384,
        0.0403447859,
        0.08049218
      ],
      [
        0.0709298,
        0.199089766,
        -0.977411
      ],
      [
        -0.0554586127,
        0.9791504,
        0.19541949
      ]
    ],
    "translation": [
      1.32835913,
      0.6996665,
      -0.629217148
    ]
  },
  {
    "timeStamp": 73150,
    "rotation": [
      [
        0.9950789,
        0.07958344,
        0.0590296425
      ],
      [
        0.0438966565,
        0.180021957,
        -0.982682645
      ],
      [
        -0.0888319,
        0.980438,
        0.17564261
      ]
    ],
    "translation": [
      1.33383763,
      0.709718,
      -0.627203166
    ]
  },
  {
    "timeStamp": 73207,
    "rotation": [
      [
        0.990980148,
        0.132897317,
        0.0172256324
      ],
      [
        -0.00756418472,
        0.183808088,
        -0.982933044
      ],
      [
        -0.133795366,
        0.9739368,
        0.1831554
      ]
    ],
    "translation": [
      1.34332669,
      0.7319339,
      -0.6229015
    ]
  },
  {
    "timeStamp": 73251,
    "rotation": [
      [
        0.98279655,
        0.1836535,
        -0.01955182
      ],
      [
        -0.0526272,
        0.176997662,
        -0.9828032
      ],
      [
        -0.177034616,
        0.9669246,
        0.18361786
      ]
    ],
    "translation": [
      1.35835528,
      0.753862262,
      -0.6209182
    ]
  },
  {
    "timeStamp": 73306,
    "rotation": [
      [
        0.9658569,
        0.251253635,
        -0.06318222
      ],
      [
        -0.108779058,
        0.171955913,
        -0.9790803
      ],
      [
        -0.235132918,
        0.9525244,
        0.193415955
      ]
    ],
    "translation": [
      1.38408208,
      0.7840338,
      -0.620055854
    ]
  },
  {
    "timeStamp": 73351,
    "rotation": [
      [
        0.9463394,
        0.310339272,
        -0.09017334
      ],
      [
        -0.144695982,
        0.157386035,
        -0.97687906
      ],
      [
        -0.2889719,
        0.937506855,
        0.193845451
      ]
    ],
    "translation": [
      1.41379833,
      0.8082019,
      -0.621017337
    ]
  },
  {
    "timeStamp": 73406,
    "rotation": [
      [
        0.9151019,
        0.387176871,
        -0.112616934
      ],
      [
        -0.1816382,
        0.146468356,
        -0.9723963
      ],
      [
        -0.35999456,
        0.9102973,
        0.204359576
      ]
    ],
    "translation": [
      1.46004689,
      0.836933732,
      -0.62317276
    ]
  },
  {
    "timeStamp": 73450,
    "rotation": [
      [
        0.8920688,
        0.436151981,
        -0.118256778
      ],
      [
        -0.190479621,
        0.125606418,
        -0.9736224
      ],
      [
        -0.409793526,
        0.8910637,
        0.195127636
      ]
    ],
    "translation": [
      1.50065279,
      0.8544218,
      -0.6287087
    ]
  },
  {
    "timeStamp": 73507,
    "rotation": [
      [
        0.8592793,
        0.498552769,
        -0.11438635
      ],
      [
        -0.202755541,
        0.126675338,
        -0.9710013
      ],
      [
        -0.469605476,
        0.8575538,
        0.209933832
      ]
    ],
    "translation": [
      1.559302,
      0.875165462,
      -0.6372992
    ]
  },
  {
    "timeStamp": 73550,
    "rotation": [
      [
        0.8416325,
        0.5324029,
        -0.09056463
      ],
      [
        -0.1909193,
        0.136453509,
        -0.9720752
      ],
      [
        -0.5051778,
        0.8354206,
        0.216489688
      ]
    ],
    "translation": [
      1.60634565,
      0.8861915,
      -0.646748662
    ]
  },
  {
    "timeStamp": 73606,
    "rotation": [
      [
        0.796784461,
        0.599451244,
        -0.07611006
      ],
      [
        -0.1901618,
        0.12919572,
        -0.973214746
      ],
      [
        -0.573561668,
        0.7899156,
        0.216933861
      ]
    ],
    "translation": [
      1.67098212,
      0.90178746,
      -0.6578352
    ]
  },
  {
    "timeStamp": 73650,
    "rotation": [
      [
        0.765236735,
        0.642091,
        -0.0461721569
      ],
      [
        -0.172448665,
        0.13536261,
        -0.9756733
      ],
      [
        -0.6202211,
        0.754583359,
        0.214312181
      ]
    ],
    "translation": [
      1.72339749,
      0.9113212,
      -0.668217838
    ]
  },
  {
    "timeStamp": 73706,
    "rotation": [
      [
        0.7141516,
        0.699894,
        -0.01165391
      ],
      [
        -0.172091529,
        0.159410879,
        -0.972097039
      ],
      [
        -0.678507149,
        0.696230233,
        0.234289363
      ]
    ],
    "translation": [
      1.78724754,
      0.9252581,
      -0.6793723
    ]
  },
  {
    "timeStamp": 73751,
    "rotation": [
      [
        0.677471757,
        0.735153258,
        0.0241167229
      ],
      [
        -0.154353589,
        0.174147144,
        -0.972547054
      ],
      [
        -0.719171,
        0.655150652,
        0.231453329
      ]
    ],
    "translation": [
      1.83813345,
      0.934248745,
      -0.6905495
    ]
  },
  {
    "timeStamp": 73806,
    "rotation": [
      [
        0.6054433,
        0.7942655,
        0.0508006066
      ],
      [
        -0.155017465,
        0.180289835,
        -0.971321344
      ],
      [
        -0.780645847,
        0.580205,
        0.2322803
      ]
    ],
    "translation": [
      1.89939129,
      0.94606173,
      -0.7010085
    ]
  },
  {
    "timeStamp": 73851,
    "rotation": [
      [
        0.583599865,
        0.8067484,
        0.09256487
      ],
      [
        -0.134978667,
        0.208779037,
        -0.968603134
      ],
      [
        -0.800744653,
        0.552782357,
        0.230737239
      ]
    ],
    "translation": [
      1.94422007,
      0.9513853,
      -0.711613834
    ]
  },
  {
    "timeStamp": 73906,
    "rotation": [
      [
        0.5358958,
        0.835881531,
        0.118817531
      ],
      [
        -0.138010949,
        0.225567162,
        -0.9644026
      ],
      [
        -0.8329277,
        0.5004212,
        0.236241311
      ]
    ],
    "translation": [
      1.99590135,
      0.958842456,
      -0.7187952
    ]
  },
  {
    "timeStamp": 73950,
    "rotation": [
      [
        0.512589037,
        0.8444027,
        0.155681312
      ],
      [
        -0.127597,
        0.254210144,
        -0.958695054
      ],
      [
        -0.8491004,
        0.4715521,
        0.238048583
      ]
    ],
    "translation": [
      2.034152,
      0.960619152,
      -0.723788261
    ]
  },
  {
    "timeStamp": 74001,
    "rotation": [
      [
        0.470929831,
        0.864080131,
        0.177737653
      ],
      [
        -0.124454834,
        0.26453793,
        -0.956311
      ],
      [
        -0.87334764,
        0.428235054,
        0.232117742
      ]
    ],
    "translation": [
      2.07566786,
      0.9638075,
      -0.726651549
    ]
  },
  {
    "timeStamp": 74056,
    "rotation": [
      [
        0.4709206,
        0.856439531,
        0.211530462
      ],
      [
        -0.119194366,
        0.2993557,
        -0.946667254
      ],
      [
        -0.8740861,
        0.420591861,
        0.243055522
      ]
    ],
    "translation": [
      2.10705185,
      0.964619756,
      -0.727713346
    ]
  },
  {
    "timeStamp": 74101,
    "rotation": [
      [
        0.461474985,
        0.8515496,
        0.248805225
      ],
      [
        -0.102682196,
        0.329837769,
        -0.9384367
      ],
      [
        -0.8811908,
        0.407517165,
        0.239650846
      ]
    ],
    "translation": [
      2.131965,
      0.9615376,
      -0.7273161
    ]
  },
  {
    "timeStamp": 74156,
    "rotation": [
      [
        0.428904325,
        0.869833946,
        0.24378264
      ],
      [
        -0.08274988,
        0.306561857,
        -0.948246956
      ],
      [
        -0.899551868,
        0.3865342,
        0.203464374
      ]
    ],
    "translation": [
      2.15740538,
      0.95240134,
      -0.72787565
    ]
  },
  {
    "timeStamp": 74201,
    "rotation": [
      [
        0.4246705,
        0.8651435,
        0.266798973
      ],
      [
        -0.0532319024,
        0.318042934,
        -0.9465807
      ],
      [
        -0.9037817,
        0.387782663,
        0.181116685
      ]
    ],
    "translation": [
      2.17270517,
      0.9422712,
      -0.728756845
    ]
  },
  {
    "timeStamp": 74256,
    "rotation": [
      [
        0.405258268,
        0.8813739,
        0.242787555
      ],
      [
        -0.0319851339,
        0.279080153,
        -0.959735
      ],
      [
        -0.9136425,
        0.381174922,
        0.1412904
      ]
    ],
    "translation": [
      2.18420959,
      0.9286552,
      -0.7303773
    ]
  },
  {
    "timeStamp": 74301,
    "rotation": [
      [
        0.404110938,
        0.8751877,
        0.2659715
      ],
      [
        0.00841283,
        0.287203,
        -0.9578328
      ],
      [
        -0.9146713,
        0.3893083,
        0.108699068
      ]
    ],
    "translation": [
      2.19184232,
      0.9152807,
      -0.7333394
    ]
  },
  {
    "timeStamp": 74358,
    "rotation": [
      [
        0.4149851,
        0.8732546,
        0.25537
      ],
      [
        0.0353326946,
        0.264999747,
        -0.963600934
      ],
      [
        -0.9091419,
        0.408902943,
        0.0791165
      ]
    ],
    "translation": [
      2.19351387,
      0.901655436,
      -0.7381457
    ]
  },
  {
    "timeStamp": 74403,
    "rotation": [
      [
        0.409999937,
        0.87537086,
        0.2561755
      ],
      [
        0.06310956,
        0.252967656,
        -0.965414166
      ],
      [
        -0.909899533,
        0.4119869,
        0.0484724566
      ]
    ],
    "translation": [
      2.19579744,
      0.891093135,
      -0.7421635
    ]
  },
  {
    "timeStamp": 74448,
    "rotation": [
      [
        0.413347781,
        0.877925158,
        0.241642416
      ],
      [
        0.0788705945,
        0.229857579,
        -0.970023155
      ],
      [
        -0.9071511,
        0.420015424,
        0.0257686451
      ]
    ],
    "translation": [
      2.19566035,
      0.88197124,
      -0.746479869
    ]
  },
  {
    "timeStamp": 74505,
    "rotation": [
      [
        0.4029977,
        0.8821664,
        0.243670389
      ],
      [
        0.09996865,
        0.222223744,
        -0.969857156
      ],
      [
        -0.9097247,
        0.4152096,
        0.00136667234
      ]
    ],
    "translation": [
      2.197015,
      0.8729331,
      -0.750223637
    ]
  },
  {
    "timeStamp": 74550,
    "rotation": [
      [
        0.396095037,
        0.889661431,
        0.227180734
      ],
      [
        0.107646815,
        0.200718269,
        -0.973716736
      ],
      [
        -0.911877632,
        0.41013968,
        -0.0162657127
      ]
    ],
    "translation": [
      2.196255,
      0.8674645,
      -0.752538264
    ]
  },
  {
    "timeStamp": 74605,
    "rotation": [
      [
        0.3894005,
        0.8928239,
        0.226346731
      ],
      [
        0.120729454,
        0.1941478,
        -0.9735148
      ],
      [
        -0.913121939,
        0.406413883,
        -0.0321888849
      ]
    ],
    "translation": [
      2.19567657,
      0.86107254,
      -0.753696561
    ]
  },
  {
    "timeStamp": 74650,
    "rotation": [
      [
        0.390152,
        0.894003034,
        0.220318049
      ],
      [
        0.128185362,
        0.184212327,
        -0.974491835
      ],
      [
        -0.911784,
        0.4084415,
        -0.0427273
      ]
    ],
    "translation": [
      2.194674,
      0.856964,
      -0.753859043
    ]
  },
  {
    "timeStamp": 74705,
    "rotation": [
      [
        0.3827756,
        0.8972017,
        0.220254228
      ],
      [
        0.135611236,
        0.181261092,
        -0.974040031
      ],
      [
        -0.9138339,
        0.402707726,
        -0.0522883125
      ]
    ],
    "translation": [
      2.1953485,
      0.852955639,
      -0.753943443
    ]
  },
  {
    "timeStamp": 74750,
    "rotation": [
      [
        0.380251884,
        0.8996409,
        0.214603662
      ],
      [
        0.140947774,
        0.172956049,
        -0.974792242
      ],
      [
        -0.914079964,
        0.40091452,
        -0.0610355251
      ]
    ],
    "translation": [
      2.19505382,
      0.849927,
      -0.753875434
    ]
  },
  {
    "timeStamp": 74805,
    "rotation": [
      [
        0.374508262,
        0.9009639,
        0.219106585
      ],
      [
        0.156463951,
        0.171508834,
        -0.972678661
      ],
      [
        -0.913927,
        0.398558438,
        -0.0767369
      ]
    ],
    "translation": [
      2.19663334,
      0.845033169,
      -0.7547035
    ]
  },
  {
    "timeStamp": 74850,
    "rotation": [
      [
        0.3710848,
        0.9020662,
        0.220392138
      ],
      [
        0.1597573,
        0.171781823,
        -0.972094953
      ],
      [
        -0.9147533,
        0.395938933,
        -0.0803660452
      ]
    ],
    "translation": [
      2.19763,
      0.8424554,
      -0.7548945
    ]
  },
  {
    "timeStamp": 74905,
    "rotation": [
      [
        0.3707943,
        0.9013956,
        0.223601267
      ],
      [
        0.165678278,
        0.172699943,
        -0.9709405
      ],
      [
        -0.913817465,
        0.397065073,
        -0.08530553
      ]
    ],
    "translation": [
      2.198755,
      0.8402466,
      -0.755096436
    ]
  },
  {
    "timeStamp": 74950,
    "rotation": [
      [
        0.3634246,
        0.9034313,
        0.227452025
      ],
      [
        0.170347407,
        0.175588489,
        -0.969613552
      ],
      [
        -0.9159172,
        0.3911273,
        -0.09008402
      ]
    ],
    "translation": [
      2.200234,
      0.8392598,
      -0.75500685
    ]
  },
  {
    "timeStamp": 75005,
    "rotation": [
      [
        0.360625029,
        0.906368,
        0.220105827
      ],
      [
        0.173756152,
        0.166570053,
        -0.9705994
      ],
      [
        -0.9163833,
        0.3882672,
        -0.09741769
      ]
    ],
    "translation": [
      2.20088053,
      0.837752044,
      -0.7552169
    ]
  },
  {
    "timeStamp": 75050,
    "rotation": [
      [
        0.350614339,
        0.911991537,
        0.2129344
      ],
      [
        0.177161485,
        0.158673882,
        -0.971306562
      ],
      [
        -0.9196105,
        0.378277749,
        -0.10593643
      ]
    ],
    "translation": [
      2.20209455,
      0.836647451,
      -0.755051434
    ]
  }
]