[
  {
    "timeStamp": 31179,
    "rotation": [
      [
        0.9983942,
        -0.05086436,
        0.0249367934
      ],
      [
        -0.0233794861,
        0.0309854914,
        0.999246359
      ],
      [
        -0.0515987128,
        -0.9982248,
        0.0297465529
      ]
    ],
    "translation": [
      1.77194166,
      0.6951202,
      -0.614970863
    ]
  },
  {
    "timeStamp": 31225,
    "rotation": [
      [
        0.9984702,
        -0.05289395,
        0.0161084868
      ],
      [
        -0.01337396,
        0.0516513176,
        0.9985756
      ],
      [
        -0.0536506325,
        -0.997263432,
        0.0508649
      ]
    ],
    "translation": [
      1.772138,
      0.6982362,
      -0.6150423
    ]
  },
  {
    "timeStamp": 31280,
    "rotation": [
      [
        0.99201566,
        -0.12560457,
        0.01133254
      ],
      [
        -0.008067548,
        0.0264724772,
        0.999617
      ],
      [
        -0.125856474,
        -0.9917271,
        0.0252477918
      ]
    ],
    "translation": [
      1.78024876,
      0.7190629,
      -0.6109754
    ]
  },
  {
    "timeStamp": 31326,
    "rotation": [
      [
        0.985509932,
        -0.158309281,
        0.06089651
      ],
      [
        -0.0630226359,
        -0.008440129,
        0.9979764
      ],
      [
        -0.15747495,
        -0.9873535,
        -0.0182948988
      ]
    ],
    "translation": [
      1.78332448,
      0.751387835,
      -0.6052568
    ]
  },
  {
    "timeStamp": 31380,
    "rotation": [
      [
        0.965821147,
        -0.225844935,
        0.127214715
      ],
      [
        -0.146012768,
        -0.06851191,
        0.9869075
      ],
      [
        -0.214172319,
        -0.9717511,
        -0.09914649
      ]
    ],
    "translation": [
      1.79842365,
      0.803578854,
      -0.593098044
    ]
  },
  {
    "timeStamp": 31424,
    "rotation": [
      [
        0.9371576,
        -0.3021301,
        0.174508154
      ],
      [
        -0.218089968,
        -0.116844267,
        0.9689088
      ],
      [
        -0.272346258,
        -0.946078658,
        -0.17539303
      ]
    ],
    "translation": [
      1.82493508,
      0.8482995,
      -0.5850543
    ]
  },
  {
    "timeStamp": 31480,
    "rotation": [
      [
        0.8945762,
        -0.403684616,
        0.191760734
      ],
      [
        -0.290154,
        -0.198261544,
        0.936217368
      ],
      [
        -0.339917749,
        -0.8931579,
        -0.294490755
      ]
    ],
    "translation": [
      1.87384689,
      0.90836525,
      -0.572829366
    ]
  },
  {
    "timeStamp": 31524,
    "rotation": [
      [
        0.8603687,
        -0.4846049,
        0.157872513
      ],
      [
        -0.3220682,
        -0.276867181,
        0.9053268
      ],
      [
        -0.395016074,
        -0.829760551,
        -0.3942837
      ]
    ],
    "translation": [
      1.92335045,
      0.952986956,
      -0.57028836
    ]
  },
  {
    "timeStamp": 31580,
    "rotation": [
      [
        0.808850944,
        -0.5822298,
        0.0822711438
      ],
      [
        -0.346242964,
        -0.358509123,
        0.8669412
      ],
      [
        -0.475264072,
        -0.729712,
        -0.491573453
      ]
    ],
    "translation": [
      1.99786663,
      0.9993101,
      -0.5716274
    ]
  },
  {
    "timeStamp": 31625,
    "rotation": [
      [
        0.7706068,
        -0.6373098,
        -0.00117990212
      ],
      [
        -0.3415948,
        -0.414602876,
        0.8434557
      ],
      [
        -0.538031757,
        -0.6495697,
        -0.53719753
      ]
    ],
    "translation": [
      2.05429983,
      1.02205968,
      -0.5803591
    ]
  },
  {
    "timeStamp": 31680,
    "rotation": [
      [
        0.719552159,
        -0.686985135,
        -0.101469584
      ],
      [
        -0.3202467,
        -0.4579193,
        0.829308152
      ],
      [
        -0.6161873,
        -0.564235151,
        -0.549501538
      ]
    ],
    "translation": [
      2.124987,
      1.03538835,
      -0.594803751
    ]
  },
  {
    "timeStamp": 31724,
    "rotation": [
      [
        0.6844126,
        -0.713009834,
        -0.152303308
      ],
      [
        -0.283726543,
        -0.452890217,
        0.8452158
      ],
      [
        -0.6716239,
        -0.5352639,
        -0.5122636
      ]
    ],
    "translation": [
      2.16887617,
      1.02535439,
      -0.6046996
    ]
  },
  {
    "timeStamp": 31780,
    "rotation": [
      [
        0.6608519,
        -0.7373865,
        -0.13977091
      ],
      [
        -0.215789139,
        -0.365053833,
        0.9056328
      ],
      [
        -0.71882534,
        -0.5683281,
        -0.400366515
      ]
    ],
    "translation": [
      2.20388055,
      0.9776619,
      -0.616408
    ]
  },
  {
    "timeStamp": 31826,
    "rotation": [
      [
        0.7031742,
        -0.702628732,
        -0.108898908
      ],
      [
        -0.1190437,
        -0.267338723,
        0.956221
      ],
      [
        -0.700981259,
        -0.659426153,
        -0.2716292
      ]
    ],
    "translation": [
      2.20618463,
      0.9269626,
      -0.6173764
    ]
  },
  {
    "timeStamp": 31875,
    "rotation": [
      [
        0.7849051,
        -0.6091853,
        -0.113213815
      ],
      [
        -0.0250873361,
        -0.2138109,
        0.9765529
      ],
      [
        -0.619107962,
        -0.7636611,
        -0.183104113
      ]
    ],
    "translation": [
      2.19371128,
      0.8755781,
      -0.618829668
    ]
  },
  {
    "timeStamp": 31930,
    "rotation": [
      [
        0.8284566,
        -0.559291,
        -0.0292102583
      ],
      [
        -0.04607512,
        -0.120043077,
        0.9916989
      ],
      [
        -0.5581548,
        -0.820233643,
        -0.125219882
      ]
    ],
    "translation": [
      2.17303061,
      0.8298871,
      -0.621933758
    ]
  },
  {
    "timeStamp": 31975,
    "rotation": [
      [
        0.8629128,
        -0.502019346,
        -0.05794913
      ],
      [
        -0.00448361551,
        -0.1222716,
        0.992486537
      ],
      [
        -0.505332947,
        -0.8561695,
        -0.107760578
      ]
    ],
    "translation": [
      2.16702914,
      0.8085286,
      -0.619900346
    ]
  },
  {
    "timeStamp": 32030,
    "rotation": [
      [
        0.8891046,
        -0.456867427,
        -0.0276609585
      ],
      [
        -0.0223589987,
        -0.103715688,
        0.9943556
      ],
      [
        -0.457157582,
        -0.8834677,
        -0.102429196
      ]
    ],
    "translation": [
      2.15608215,
      0.7879725,
      -0.615385652
    ]
  },
  {
    "timeStamp": 32075,
    "rotation": [
      [
        0.894093931,
        -0.447251946,
        -0.023701733
      ],
      [
        -0.0234112982,
        -0.09951761,
        0.994760334
      ],
      [
        -0.447267234,
        -0.8888543,
        -0.09944884
      ]
    ],
    "translation": [
      2.15586972,
      0.777768433,
      -0.6109302
    ]
  },
  {
    "timeStamp": 32130,
    "rotation": [
      [
        0.9061776,
        -0.422589421,
        -0.0161340535
      ],
      [
        -0.0254251435,
        -0.09252315,
        0.9953859
      ],
      [
        -0.4221323,
        -0.9015862,
        -0.0945868045
      ]
    ],
    "translation": [
      2.15232873,
      0.767083168,
      -0.604423165
    ]
  },
  {
    "timeStamp": 32174,
    "rotation": [
      [
        0.9089922,
        -0.416743875,
        -0.00759855937
      ],
      [
        -0.0289111715,
        -0.081225656,
        0.9962763
      ],
      [
        -0.415809244,
        -0.9053877,
        -0.08588204
      ]
    ],
    "translation": [
      2.15148783,
      0.759370744,
      -0.6000406
    ]
  },
  {
    "timeStamp": 32231,
    "rotation": [
      [
        0.9248274,
        -0.380258858,
        -0.009875917
      ],
      [
        -0.01730581,
        -0.067997,
        0.9975354
      ],
      [
        -0.37999323,
        -0.922377169,
        -0.06946618
      ]
    ],
    "translation": [
      2.14660239,
      0.7488662,
      -0.5967697
    ]
  },
  {
    "timeStamp": 32276,
    "rotation": [
      [
        0.9355811,
        -0.353040338,
        -0.007105356
      ],
      [
        -0.0197860338,
        -0.07250362,
        0.9971719
      ],
      [
        -0.352557063,
        -0.9327946,
        -0.0748182759
      ]
    ],
    "translation": [
      2.14190388,
      0.7446214,
      -0.5923443
    ]
  },
  {
    "timeStamp": 32322,
    "rotation": [
      [
        0.9506788,
        -0.310031623,
        -0.009488641
      ],
      [
        -0.0135994107,
        -0.07222377,
        0.997295737
      ],
      [
        -0.309878528,
        -0.9479789,
        -0.07287786
      ]
    ],
    "translation": [
      2.13595986,
      0.7409242,
      -0.5887565
    ]
  },
  {
    "timeStamp": 32378,
    "rotation": [
      [
        0.9690583,
        -0.246557668,
        -0.0116366409
      ],
      [
        -0.007758427,
        -0.077546224,
        0.996958554
      ],
      [
        -0.246710151,
        -0.966020644,
        -0.07705971
      ]
    ],
    "translation": [
      2.12892985,
      0.7392652,
      -0.585042238
    ]
  },
  {
    "timeStamp": 32424,
    "rotation": [
      [
        0.9782259,
        -0.207525477,
        -0.00270828884
      ],
      [
        -0.0133932754,
        -0.0761440545,
        0.9970069
      ],
      [
        -0.207110554,
        -0.9752617,
        -0.07726552
      ]
    ],
    "translation": [
      2.12433982,
      0.739931,
      -0.5826165
    ]
  },
  {
    "timeStamp": 32479,
    "rotation": [
      [
        0.9883691,
        -0.151927546,
        -0.00667238655
      ],
      [
        -0.005771314,
        -0.08131749,
        0.996671557
      ],
      [
        -0.151964441,
        -0.9850409,
        -0.0812485144
      ]
    ],
    "translation": [
      2.12011123,
      0.7397311,
      -0.5802782
    ]
  },
  {
    "timeStamp": 32524,
    "rotation": [
      [
        0.9930356,
        -0.117743351,
        -0.00409336947
      ],
      [
        -0.00572382659,
        -0.08291907,
        0.996539831
      ],
      [
        -0.117675357,
        -0.9895761,
        -0.08301553
      ]
    ],
    "translation": [
      2.11717153,
      0.7410619,
      -0.5781168
    ]
  },
  {
    "timeStamp": 32580,
    "rotation": [
      [
        0.9976633,
        -0.0682113841,
        -0.00387232
      ],
      [
        -0.00223782659,
        -0.08927317,
        0.996004641
      ],
      [
        -0.06828455,
        -0.9936686,
        -0.0892172158
      ]
    ],
    "translation": [
      2.11038136,
      0.7428298,
      -0.5756256
    ]
  },
  {
    "timeStamp": 32624,
    "rotation": [
      [
        0.999121,
        -0.0394640677,
        -0.0141343428
      ],
      [
        0.0108584045,
        -0.08202444,
        0.9965712
      ],
      [
        -0.04048811,
        -0.9958487,
        -0.08152383
      ]
    ],
    "translation": [
      2.108086,
      0.740054965,
      -0.5746807
    ]
  },
  {
    "timeStamp": 32680,
    "rotation": [
      [
        0.9996926,
        -0.0128116915,
        -0.0212257821
      ],
      [
        0.0201052334,
        -0.08202641,
        0.996427357
      ],
      [
        -0.0145069873,
        -0.9965478,
        -0.08174361
      ]
    ],
    "translation": [
      2.10519934,
      0.738019,
      -0.5728441
    ]
  },
  {
    "timeStamp": 32724,
    "rotation": [
      [
        0.9997062,
        0.006858652,
        -0.0232482627
      ],
      [
        0.0236749258,
        -0.0706057,
        0.9972233
      ],
      [
        0.005198152,
        -0.99748075,
        -0.07074734
      ]
    ],
    "translation": [
      2.10160828,
      0.734858632,
      -0.5731617
    ]
  },
  {
    "timeStamp": 32779,
    "rotation": [
      [
        0.999068558,
        0.0245121568,
        -0.035512004
      ],
      [
        0.03680834,
        -0.0546337925,
        0.997827768
      ],
      [
        0.0225187372,
        -0.9982055,
        -0.0554851554
      ]
    ],
    "translation": [
      2.09912586,
      0.729737,
      -0.5740756
    ]
  },
  {
    "timeStamp": 32824,
    "rotation": [
      [
        0.998064,
        0.0395984128,
        -0.0479611866
      ],
      [
        0.0498196445,
        -0.047361657,
        0.997634649
      ],
      [
        0.0372332335,
        -0.9980926,
        -0.0492427424
      ]
    ],
    "translation": [
      2.09739828,
      0.7270604,
      -0.5752089
    ]
  }
]