[
  {
    "timeStamp": 23650,
    "rotation": [
      [
        0.9998741,
        0.00249237474,
        0.0156724229
      ],
      [
        -0.0157712214,
        0.0463998,
        0.99879843
      ],
      [
        0.0017621757,
        -0.998919845,
        0.0464332663
      ]
    ],
    "translation": [
      1.30811632,
      0.706907034,
      -0.619827569
    ]
  },
  {
    "timeStamp": 23695,
    "rotation": [
      [
        0.999976039,
        0.001783027,
        -0.006689723
      ],
      [
        0.00664307736,
        0.0249949563,
        0.9996655
      ],
      [
        0.0019496429,
        -0.999686,
        0.0249825139
      ]
    ],
    "translation": [
      1.31280255,
      0.7054169,
      -0.6146586
    ]
  },
  {
    "timeStamp": 23750,
    "rotation": [
      [
        0.9994486,
        -0.009932471,
        0.03168241
      ],
      [
        -0.031355124,
        0.03153598,
        0.9990107
      ],
      [
        -0.0109217782,
        -0.999453247,
        0.0312071573
      ]
    ],
    "translation": [
      1.312206,
      0.7169192,
      -0.616703868
    ]
  },
  {
    "timeStamp": 23795,
    "rotation": [
      [
        0.9970284,
        0.006797094,
        0.07673455
      ],
      [
        -0.0768944547,
        0.0276678968,
        0.9966553
      ],
      [
        0.00465128431,
        -0.9995941,
        0.02810834
      ]
    ],
    "translation": [
      1.31393754,
      0.732720137,
      -0.623910666
    ]
  },
  {
    "timeStamp": 23851,
    "rotation": [
      [
        0.989729166,
        0.0228507444,
        0.1411168
      ],
      [
        -0.141470984,
        0.01469781,
        0.9898333
      ],
      [
        0.02054432,
        -0.9996308,
        0.0177795682
      ]
    ],
    "translation": [
      1.31859815,
      0.7598825,
      -0.635838
    ]
  },
  {
    "timeStamp": 23895,
    "rotation": [
      [
        0.979816258,
        0.0489115454,
        0.193824
      ],
      [
        -0.194804832,
        0.0161081459,
        0.980709732
      ],
      [
        0.04484588,
        -0.99867326,
        0.02531123
      ]
    ],
    "translation": [
      1.33036375,
      0.7825855,
      -0.653910756
    ]
  },
  {
    "timeStamp": 23950,
    "rotation": [
      [
        0.963624954,
        0.07720789,
        0.255862951
      ],
      [
        -0.256757915,
        0.00172778557,
        0.9664742
      ],
      [
        0.07417736,
        -0.9970135,
        0.0214886758
      ]
    ],
    "translation": [
      1.34970045,
      0.811135352,
      -0.678011537
    ]
  },
  {
    "timeStamp": 23995,
    "rotation": [
      [
        0.9533233,
        0.09237192,
        0.287475377
      ],
      [
        -0.2876109,
        -0.01213081,
        0.9576705
      ],
      [
        0.09194917,
        -0.9956507,
        0.015002585
      ]
    ],
    "translation": [
      1.37473118,
      0.8287761,
      -0.695406
    ]
  },
  {
    "timeStamp": 24050,
    "rotation": [
      [
        0.9376279,
        0.07245992,
        0.34000507
      ],
      [
        -0.339308858,
        -0.02208978,
        0.9404156
      ],
      [
        0.0756530762,
        -0.9971267,
        0.00387430028
      ]
    ],
    "translation": [
      1.40759122,
      0.8525456,
      -0.70861
    ]
  },
  {
    "timeStamp": 24095,
    "rotation": [
      [
        0.921075165,
        0.0370796174,
        0.3876155
      ],
      [
        -0.3864573,
        -0.0347896,
        0.921650946
      ],
      [
        0.04765945,
        -0.9987066,
        -0.0177141447
      ]
    ],
    "translation": [
      1.43947673,
      0.873739541,
      -0.7116093
    ]
  },
  {
    "timeStamp": 24150,
    "rotation": [
      [
        0.8947103,
        -0.0398941077,
        0.44486174
      ],
      [
        -0.446391881,
        -0.046212282,
        0.8936435
      ],
      [
        -0.0150930313,
        -0.998134732,
        -0.05915501
      ]
    ],
    "translation": [
      1.481566,
      0.9038282,
      -0.701326
    ]
  },
  {
    "timeStamp": 24195,
    "rotation": [
      [
        0.87139523,
        -0.124433823,
        0.4745383
      ],
      [
        -0.485039562,
        -0.07354177,
        0.871394455
      ],
      [
        -0.07353257,
        -0.9894988,
        -0.124439262
      ]
    ],
    "translation": [
      1.52386427,
      0.9294228,
      -0.68587184
    ]
  },
  {
    "timeStamp": 24248,
    "rotation": [
      [
        0.8242687,
        -0.23753047,
        0.5139654
      ],
      [
        -0.546245039,
        -0.09474655,
        0.832249641
      ],
      [
        -0.1489882,
        -0.966748357,
        -0.207846463
      ]
    ],
    "translation": [
      1.58239484,
      0.9679476,
      -0.6643411
    ]
  },
  {
    "timeStamp": 24293,
    "rotation": [
      [
        0.7943665,
        -0.324986,
        0.513191938
      ],
      [
        -0.575270236,
        -0.131200433,
        0.8073726
      ],
      [
        -0.1950538,
        -0.9365738,
        -0.291176021
      ]
    ],
    "translation": [
      1.63694859,
      0.997058034,
      -0.647314966
    ]
  },
  {
    "timeStamp": 24348,
    "rotation": [
      [
        0.748274148,
        -0.428715527,
        0.5062498
      ],
      [
        -0.614129841,
        -0.15909034,
        0.773003757
      ],
      [
        -0.250859261,
        -0.8893218,
        -0.382330179
      ]
    ],
    "translation": [
      1.710429,
      1.0329597,
      -0.632515252
    ]
  },
  {
    "timeStamp": 24393,
    "rotation": [
      [
        0.7293917,
        -0.495821,
        0.471327215
      ],
      [
        -0.626221955,
        -0.20658201,
        0.7517779
      ],
      [
        -0.275379539,
        -0.843495965,
        -0.461173177
      ]
    ],
    "translation": [
      1.77445567,
      1.05602181,
      -0.625538051
    ]
  },
  {
    "timeStamp": 24448,
    "rotation": [
      [
        0.7334231,
        -0.538400352,
        0.414988637
      ],
      [
        -0.6145045,
        -0.264100045,
        0.7433945
      ],
      [
        -0.290645331,
        -0.8002351,
        -0.5245465
      ]
    ],
    "translation": [
      1.85454369,
      1.07226908,
      -0.62591666
    ]
  },
  {
    "timeStamp": 24492,
    "rotation": [
      [
        0.7573969,
        -0.567138851,
        0.3235793
      ],
      [
        -0.5554608,
        -0.299126327,
        0.7758781
      ],
      [
        -0.3432395,
        -0.7673832,
        -0.541580737
      ]
    ],
    "translation": [
      1.92182279,
      1.06530166,
      -0.6267346
    ]
  },
  {
    "timeStamp": 24548,
    "rotation": [
      [
        0.80412817,
        -0.5757107,
        0.148104966
      ],
      [
        -0.405100822,
        -0.348369122,
        0.845300138
      ],
      [
        -0.43505317,
        -0.7397271,
        -0.5133543
      ]
    ],
    "translation": [
      2.01532578,
      1.03288949,
      -0.6330191
    ]
  },
  {
    "timeStamp": 24593,
    "rotation": [
      [
        0.812559843,
        -0.565374553,
        0.141767532
      ],
      [
        -0.3722568,
        -0.31620425,
        0.872605145
      ],
      [
        -0.448521256,
        -0.7618178,
        -0.467399418
      ]
    ],
    "translation": [
      2.06424212,
      1.01270127,
      -0.644515634
    ]
  },
  {
    "timeStamp": 24648,
    "rotation": [
      [
        0.849865437,
        -0.524260938,
        0.05365821
      ],
      [
        -0.233592689,
        -0.2834755,
        0.930094659
      ],
      [
        -0.47240153,
        -0.8029895,
        -0.363379538
      ]
    ],
    "translation": [
      2.11000347,
      0.970800638,
      -0.6657242
    ]
  },
  {
    "timeStamp": 24692,
    "rotation": [
      [
        0.9262179,
        -0.374326974,
        -0.0447172374
      ],
      [
        -0.0513749458,
        -0.242841676,
        0.9687046
      ],
      [
        -0.373471439,
        -0.894934237,
        -0.244155347
      ]
    ],
    "translation": [
      2.146683,
      0.920280933,
      -0.68794924
    ]
  },
  {
    "timeStamp": 24745,
    "rotation": [
      [
        0.9653437,
        -0.259409338,
        -0.0286073778
      ],
      [
        -0.004510876,
        -0.1261827,
        0.991996765
      ],
      [
        -0.260943,
        -0.9574888,
        -0.122979842
      ]
    ],
    "translation": [
      2.15278935,
      0.8802377,
      -0.7144632
    ]
  },
  {
    "timeStamp": 24800,
    "rotation": [
      [
        0.985034764,
        -0.1708724,
        -0.02256542
      ],
      [
        0.008764676,
        -0.08109396,
        0.9966679
      ],
      [
        -0.172132969,
        -0.981950343,
        -0.07838273
      ]
    ],
    "translation": [
      2.15410662,
      0.8510223,
      -0.715075552
    ]
  },
  {
    "timeStamp": 24845,
    "rotation": [
      [
        0.991020739,
        -0.112028413,
        -0.07299051
      ],
      [
        0.06342983,
        -0.0866576359,
        0.994216859
      ],
      [
        -0.117705695,
        -0.9899193,
        -0.07877357
      ]
    ],
    "translation": [
      2.16186714,
      0.8269787,
      -0.7033772
    ]
  },
  {
    "timeStamp": 24900,
    "rotation": [
      [
        0.9973219,
        0.00335832755,
        -0.07305911
      ],
      [
        0.07310754,
        -0.07377005,
        0.994592
      ],
      [
        -0.00204940815,
        -0.9972696,
        -0.07381801
      ]
    ],
    "translation": [
      2.155708,
      0.806766331,
      -0.696176946
    ]
  },
  {
    "timeStamp": 24944,
    "rotation": [
      [
        0.9956478,
        0.07243327,
        -0.05864141
      ],
      [
        0.06407083,
        -0.07505968,
        0.995118558
      ],
      [
        0.06767808,
        -0.9945448,
        -0.0793738738
      ]
    ],
    "translation": [
      2.14617753,
      0.795525551,
      -0.6886993
    ]
  },
  {
    "timeStamp": 25000,
    "rotation": [
      [
        0.9840564,
        0.156245023,
        -0.08497321
      ],
      [
        0.09963506,
        -0.0885238051,
        0.9910784
      ],
      [
        0.1473289,
        -0.98374337,
        -0.1026799
      ]
    ],
    "translation": [
      2.144493,
      0.7791619,
      -0.6775807
    ]
  },
  {
    "timeStamp": 25044,
    "rotation": [
      [
        0.9790571,
        0.185350165,
        -0.0842178
      ],
      [
        0.101063259,
        -0.08338207,
        0.9913797
      ],
      [
        0.176730141,
        -0.9791286,
        -0.100367896
      ]
    ],
    "translation": [
      2.14018369,
      0.769098341,
      -0.6711237
    ]
  },
  {
    "timeStamp": 25100,
    "rotation": [
      [
        0.9705255,
        0.228939772,
        -0.07527891
      ],
      [
        0.09590189,
        -0.08031641,
        0.9921452
      ],
      [
        0.221095338,
        -0.9701216,
        -0.09990487
      ]
    ],
    "translation": [
      2.1333375,
      0.7615602,
      -0.66561383
    ]
  },
  {
    "timeStamp": 25146,
    "rotation": [
      [
        0.9689076,
        0.238897353,
        -0.0643900856
      ],
      [
        0.08302129,
        -0.06875366,
        0.9941732
      ],
      [
        0.2330783,
        -0.9686077,
        -0.08644951
      ]
    ],
    "translation": [
      2.12775517,
      0.7568523,
      -0.662228048
    ]
  },
  {
    "timeStamp": 25191,
    "rotation": [
      [
        0.965515554,
        0.254993677,
        -0.05251683
      ],
      [
        0.0708489344,
        -0.06324191,
        0.995480239
      ],
      [
        0.250519931,
        -0.9648724,
        -0.07912707
      ]
    ],
    "translation": [
      2.12326431,
      0.7541991,
      -0.6585253
    ]
  },
  {
    "timeStamp": 25248,
    "rotation": [
      [
        0.9634359,
        0.2636605,
        -0.047690466
      ],
      [
        0.06398035,
        -0.0535414219,
        0.996513844
      ],
      [
        0.260187924,
        -0.963128448,
        -0.06845282
      ]
    ],
    "translation": [
      2.12008667,
      0.751076341,
      -0.6556404
    ]
  },
  {
    "timeStamp": 25294,
    "rotation": [
      [
        0.9619356,
        0.269945174,
        -0.0425396934
      ],
      [
        0.0566308238,
        -0.0446247,
        0.9973974
      ],
      [
        0.2673443,
        -0.9618411,
        -0.0582133047
      ]
    ],
    "translation": [
      2.11864877,
      0.7490374,
      -0.6534141
    ]
  },
  {
    "timeStamp": 25349,
    "rotation": [
      [
        0.9602471,
        0.27674073,
        -0.0366068929
      ],
      [
        0.0505348481,
        -0.04336296,
        0.9977805
      ],
      [
        0.274539143,
        -0.9599657,
        -0.05562421
      ]
    ],
    "translation": [
      2.11652136,
      0.747055948,
      -0.649504364
    ]
  },
  {
    "timeStamp": 25394,
    "rotation": [
      [
        0.9591525,
        0.2812372,
        -0.0305285621
      ],
      [
        0.04598299,
        -0.0485157035,
        0.9977634
      ],
      [
        0.2791271,
        -0.9584111,
        -0.05946609
      ]
    ],
    "translation": [
      2.115334,
      0.745674253,
      -0.6451893
    ]
  },
  {
    "timeStamp": 25450,
    "rotation": [
      [
        0.957080841,
        0.288691133,
        -0.0255654976
      ],
      [
        0.0406461246,
        -0.04636364,
        0.99809736
      ],
      [
        0.286956549,
        -0.956299,
        -0.05610793
      ]
    ],
    "translation": [
      2.11358881,
      0.7435911,
      -0.6413598
    ]
  },
  {
    "timeStamp": 25494,
    "rotation": [
      [
        0.9554787,
        0.2938982,
        -0.0261593871
      ],
      [
        0.04043239,
        -0.0425931476,
        0.998274
      ],
      [
        0.2922767,
        -0.9548873,
        -0.05257985
      ]
    ],
    "translation": [
      2.11339951,
      0.7409973,
      -0.6380336
    ]
  },
  {
    "timeStamp": 25549,
    "rotation": [
      [
        0.951696038,
        0.304901421,
        -0.0361908525
      ],
      [
        0.0503373742,
        -0.03866168,
        0.9979837
      ],
      [
        0.30288744,
        -0.9515989,
        -0.052142106
      ]
    ],
    "translation": [
      2.114885,
      0.7373303,
      -0.6344616
    ]
  },
  {
    "timeStamp": 25594,
    "rotation": [
      [
        0.9502964,
        0.308854073,
        -0.03931862
      ],
      [
        0.05292263,
        -0.03579,
        0.997957051
      ],
      [
        0.3068159,
        -0.9504358,
        -0.0503564738
      ]
    ],
    "translation": [
      2.11601567,
      0.7352798,
      -0.6314232
    ]
  },
  {
    "timeStamp": 25649,
    "rotation": [
      [
        0.949377835,
        0.311243445,
        -0.0425344333
      ],
      [
        0.0555156954,
        -0.0329635441,
        0.997913539
      ],
      [
        0.309191972,
        -0.949758351,
        -0.0485737547
      ]
    ],
    "translation": [
      2.11565757,
      0.733894348,
      -0.62810874
    ]
  },
  {
    "timeStamp": 25694,
    "rotation": [
      [
        0.948311567,
        0.314286917,
        -0.0439186431
      ],
      [
        0.056253396,
        -0.03028068,
        0.9979572
      ],
      [
        0.312315017,
        -0.948844969,
        -0.0463952273
      ]
    ],
    "translation": [
      2.115793,
      0.733224034,
      -0.625895858
    ]
  },
  {
    "timeStamp": 25750,
    "rotation": [
      [
        0.9488763,
        0.31361106,
        -0.0358029231
      ],
      [
        0.048500143,
        -0.0327766128,
        0.998285234
      ],
      [
        0.311899781,
        -0.9489857,
        -0.0463111326
      ]
    ],
    "translation": [
      2.1131916,
      0.7332996,
      -0.622782767
    ]
  },
  {
    "timeStamp": 25794,
    "rotation": [
      [
        0.9469294,
        0.320541,
        -0.02404491
      ],
      [
        0.0360583,
        -0.0315947123,
        0.9988501
      ],
      [
        0.3194127,
        -0.946707547,
        -0.041476123
      ]
    ],
    "translation": [
      2.11184716,
      0.733785331,
      -0.6213406
    ]
  },
  {
    "timeStamp": 25849,
    "rotation": [
      [
        0.9409122,
        0.338425428,
        -0.0123468172
      ],
      [
        0.0245092958,
        -0.03168849,
        0.999197245
      ],
      [
        0.3377625,
        -0.9404595,
        -0.0381106548
      ]
    ],
    "translation": [
      2.11102438,
      0.7333349,
      -0.620915651
    ]
  },
  {
    "timeStamp": 25894,
    "rotation": [
      [
        0.9400174,
        0.341106057,
        -0.00372962165
      ],
      [
        0.0149888927,
        -0.0303786416,
        0.999426067
      ],
      [
        0.340797,
        -0.93953377,
        -0.0336692519
      ]
    ],
    "translation": [
      2.11009765,
      0.7330698,
      -0.6212723
    ]
  },
  {
    "timeStamp": 25950,
    "rotation": [
      [
        0.9299144,
        0.3677748,
        -0.0009523748
      ],
      [
        0.01658954,
        -0.03935926,
        0.9990874
      ],
      [
        0.367401719,
        -0.929081559,
        -0.04270196
      ]
    ],
    "translation": [
      2.11036062,
      0.7328887,
      -0.6189962
    ]
  }
]