[
  {
    "timeStamp": 27617,
    "rotation": [
      [
        0.923363745,
        0.0467754975,
        0.381066144
      ],
      [
        -0.383916616,
        0.119532086,
        0.9155982
      ],
      [
        -0.002722081,
        -0.9917278,
        0.128329486
      ]
    ],
    "translation": [
      1.76863861,
      0.7380968,
      -0.625854552
    ]
  },
  {
    "timeStamp": 27673,
    "rotation": [
      [
        0.9519937,
        -0.0280881561,
        0.304826319
      ],
      [
        -0.305764258,
        -0.039414566,
        0.9512911
      ],
      [
        -0.0147054177,
        -0.9988281,
        -0.04611077
      ]
    ],
    "translation": [
      1.77376831,
      0.73050344,
      -0.6178821
    ]
  },
  {
    "timeStamp": 27716,
    "rotation": [
      [
        0.9425711,
        -0.0494340546,
        0.330327034
      ],
      [
        -0.333668619,
        -0.0949559659,
        0.937895834
      ],
      [
        -0.0149974655,
        -0.994253337,
        -0.105997339
      ]
    ],
    "translation": [
      1.77509665,
      0.7453482,
      -0.615444064
    ]
  },
  {
    "timeStamp": 27772,
    "rotation": [
      [
        0.923122644,
        -0.0457453877,
        0.381774783
      ],
      [
        -0.384033829,
        -0.158865944,
        0.9095491
      ],
      [
        0.0190433487,
        -0.986239851,
        -0.164220527
      ]
    ],
    "translation": [
      1.77221751,
      0.773267746,
      -0.6180858
    ]
  },
  {
    "timeStamp": 27816,
    "rotation": [
      [
        0.9316486,
        0.0178623963,
        0.362921149
      ],
      [
        -0.353100151,
        -0.1911694,
        0.915846348
      ],
      [
        0.08573864,
        -0.9813945,
        -0.171795487
      ]
    ],
    "translation": [
      1.77134275,
      0.7923809,
      -0.626679659
    ]
  },
  {
    "timeStamp": 27872,
    "rotation": [
      [
        0.9308975,
        0.033193782,
        0.363769323
      ],
      [
        -0.3497939,
        -0.205892429,
        0.913921535
      ],
      [
        0.105233841,
        -0.9780115,
        -0.180053771
      ]
    ],
    "translation": [
      1.77689731,
      0.81613785,
      -0.6398149
    ]
  },
  {
    "timeStamp": 27916,
    "rotation": [
      [
        0.9292981,
        0.05403725,
        0.365356147
      ],
      [
        -0.3426456,
        -0.243049383,
        0.9074806
      ],
      [
        0.137837321,
        -0.968507648,
        -0.2073497
      ]
    ],
    "translation": [
      1.7854315,
      0.8394917,
      -0.6500728
    ]
  },
  {
    "timeStamp": 27972,
    "rotation": [
      [
        0.9321543,
        0.06574329,
        0.3560424
      ],
      [
        -0.325359344,
        -0.27930975,
        0.9033977
      ],
      [
        0.158838436,
        -0.957947731,
        -0.238969609
      ]
    ],
    "translation": [
      1.80620432,
      0.8732693,
      -0.662352145
    ]
  },
  {
    "timeStamp": 28016,
    "rotation": [
      [
        0.923860431,
        0.0323959664,
        0.381355971
      ],
      [
        -0.353303552,
        -0.3109554,
        0.882317
      ],
      [
        0.147168234,
        -0.949872255,
        -0.2758338
      ]
    ],
    "translation": [
      1.83088183,
      0.9040049,
      -0.670781136
    ]
  },
  {
    "timeStamp": 28072,
    "rotation": [
      [
        0.932186961,
        0.041675292,
        0.359570175
      ],
      [
        -0.3242531,
        -0.345395684,
        0.8806598
      ],
      [
        0.16089575,
        -0.937531352,
        -0.308460027
      ]
    ],
    "translation": [
      1.86924064,
      0.939218462,
      -0.6779731
    ]
  },
  {
    "timeStamp": 28116,
    "rotation": [
      [
        0.930862,
        -0.0110892374,
        0.3652027
      ],
      [
        -0.342916757,
        -0.3715167,
        0.8627766
      ],
      [
        0.126111373,
        -0.928360045,
        -0.349633485
      ]
    ],
    "translation": [
      1.908268,
      0.968238056,
      -0.6784929
    ]
  },
  {
    "timeStamp": 28172,
    "rotation": [
      [
        0.929627955,
        -0.0753081143,
        0.360722274
      ],
      [
        -0.358834118,
        -0.407727718,
        0.8396405
      ],
      [
        0.08384472,
        -0.9099927,
        -0.406058222
      ]
    ],
    "translation": [
      1.96477771,
      1.00287926,
      -0.6720927
    ]
  },
  {
    "timeStamp": 28226,
    "rotation": [
      [
        0.9462049,
        -0.09882141,
        0.308107972
      ],
      [
        -0.318885177,
        -0.446214855,
        0.836184561
      ],
      [
        0.0548493862,
        -0.889453,
        -0.453723371
      ]
    ],
    "translation": [
      2.01106477,
      1.02344477,
      -0.663573146
    ]
  },
  {
    "timeStamp": 28269,
    "rotation": [
      [
        0.957898,
        -0.1413776,
        0.249887452
      ],
      [
        -0.287105054,
        -0.467349,
        0.836155236
      ],
      [
        -0.00142895989,
        -0.8726954,
        -0.488262922
      ]
    ],
    "translation": [
      2.063449,
      1.03561163,
      -0.6518559
    ]
  },
  {
    "timeStamp": 28322,
    "rotation": [
      [
        0.954389453,
        -0.138961211,
        0.264254749
      ],
      [
        -0.298562,
        -0.440511227,
        0.846646667
      ],
      [
        -0.00124383764,
        -0.886927068,
        -0.461907744
      ]
    ],
    "translation": [
      2.094239,
      1.03015852,
      -0.6405297
    ]
  },
  {
    "timeStamp": 28366,
    "rotation": [
      [
        0.9548476,
        -0.0527125262,
        0.292382419
      ],
      [
        -0.286394238,
        -0.425072372,
        0.858657
      ],
      [
        0.0790217,
        -0.9036232,
        -0.4209759
      ]
    ],
    "translation": [
      2.09852,
      1.01697111,
      -0.634049058
    ]
  },
  {
    "timeStamp": 28422,
    "rotation": [
      [
        0.953149259,
        0.09541563,
        0.287058264
      ],
      [
        -0.2371415,
        -0.3534597,
        0.9048923
      ],
      [
        0.187804416,
        -0.9305709,
        -0.314272851
      ]
    ],
    "translation": [
      2.094723,
      0.9887104,
      -0.63383317
    ]
  },
  {
    "timeStamp": 28466,
    "rotation": [
      [
        0.941985548,
        0.176902622,
        0.285252
      ],
      [
        -0.221304432,
        -0.311629862,
        0.92407316
      ],
      [
        0.25236398,
        -0.933591068,
        -0.2544015
      ]
    ],
    "translation": [
      2.09302,
      0.96768564,
      -0.6345063
    ]
  },
  {
    "timeStamp": 28522,
    "rotation": [
      [
        0.9288423,
        0.241795838,
        0.2806898
      ],
      [
        -0.212671056,
        -0.2723767,
        0.9383933
      ],
      [
        0.303352952,
        -0.931314,
        -0.201572
      ]
    ],
    "translation": [
      2.09525013,
      0.9442827,
      -0.6353728
    ]
  },
  {
    "timeStamp": 28566,
    "rotation": [
      [
        0.934558,
        0.210503191,
        0.286862
      ],
      [
        -0.230060816,
        -0.2575267,
        0.9384839
      ],
      [
        0.271428466,
        -0.9430633,
        -0.192245081
      ]
    ],
    "translation": [
      2.102264,
      0.930276155,
      -0.631353259
    ]
  },
  {
    "timeStamp": 28622,
    "rotation": [
      [
        0.9358955,
        0.158739269,
        0.314486027
      ],
      [
        -0.265705,
        -0.2680679,
        0.9260348
      ],
      [
        0.2313017,
        -0.9502323,
        -0.208705723
      ]
    ],
    "translation": [
      2.10937738,
      0.920297265,
      -0.623485267
    ]
  },
  {
    "timeStamp": 28667,
    "rotation": [
      [
        0.938633561,
        0.125719,
        0.321188062
      ],
      [
        -0.279050648,
        -0.270528734,
        0.92138207
      ],
      [
        0.202725843,
        -0.9544679,
        -0.2188454
      ]
    ],
    "translation": [
      2.11390924,
      0.913178146,
      -0.617529869
    ]
  },
  {
    "timeStamp": 28712,
    "rotation": [
      [
        0.9287246,
        0.105479315,
        0.355449975
      ],
      [
        -0.318033546,
        -0.2661725,
        0.9099488
      ],
      [
        0.190591782,
        -0.958136857,
        -0.213655
      ]
    ],
    "translation": [
      2.1121974,
      0.9058957,
      -0.612300456
    ]
  },
  {
    "timeStamp": 28769,
    "rotation": [
      [
        0.9276883,
        0.117824964,
        0.3542764
      ],
      [
        -0.3175682,
        -0.249958575,
        0.9146973
      ],
      [
        0.19632861,
        -0.9610609,
        -0.194466174
      ]
    ],
    "translation": [
      2.107318,
      0.893166,
      -0.6066032
    ]
  },
  {
    "timeStamp": 28815,
    "rotation": [
      [
        0.924299657,
        0.122270092,
        0.361552447
      ],
      [
        -0.326913834,
        -0.235253185,
        0.915305
      ],
      [
        0.196970791,
        -0.9642126,
        -0.177472651
      ]
    ],
    "translation": [
      2.10050845,
      0.8842992,
      -0.601921141
    ]
  },
  {
    "timeStamp": 28871,
    "rotation": [
      [
        0.9292756,
        0.137027949,
        0.343031
      ],
      [
        -0.311974734,
        -0.206090048,
        0.927468956
      ],
      [
        0.197784439,
        -0.968891263,
        -0.148765191
      ]
    ],
    "translation": [
      2.096028,
      0.8656649,
      -0.5986798
    ]
  },
  {
    "timeStamp": 28916,
    "rotation": [
      [
        0.930053234,
        0.100043863,
        0.3535423
      ],
      [
        -0.330385238,
        -0.193312928,
        0.9238375
      ],
      [
        0.160768569,
        -0.9760232,
        -0.146738291
      ]
    ],
    "translation": [
      2.09843373,
      0.8543778,
      -0.593997359
    ]
  },
  {
    "timeStamp": 28971,
    "rotation": [
      [
        0.941277564,
        0.06706754,
        0.330905616
      ],
      [
        -0.314856082,
        -0.179517016,
        0.9320082
      ],
      [
        0.121910676,
        -0.981466055,
        -0.147858724
      ]
    ],
    "translation": [
      2.10586286,
      0.840869844,
      -0.5891948
    ]
  },
  {
    "timeStamp": 29016,
    "rotation": [
      [
        0.94272083,
        0.049627997,
        0.329870433
      ],
      [
        -0.3187709,
        -0.157371476,
        0.934676051
      ],
      [
        0.0982983038,
        -0.9862917,
        -0.13253741
      ]
    ],
    "translation": [
      2.10814238,
      0.8290279,
      -0.5869422
    ]
  },
  {
    "timeStamp": 29071,
    "rotation": [
      [
        0.9475248,
        0.0567093156,
        0.3146121
      ],
      [
        -0.305756122,
        -0.12654455,
        0.9436629
      ],
      [
        0.09332693,
        -0.9903386,
        -0.102564879
      ]
    ],
    "translation": [
      2.10730624,
      0.8124957,
      -0.5838429
    ]
  },
  {
    "timeStamp": 29116,
    "rotation": [
      [
        0.9466562,
        0.0493354872,
        0.318446159
      ],
      [
        -0.3122187,
        -0.104168214,
        0.944282
      ],
      [
        0.07975857,
        -0.993335247,
        -0.08320803
      ]
    ],
    "translation": [
      2.10554743,
      0.801351368,
      -0.580125749
    ]
  },
  {
    "timeStamp": 29164,
    "rotation": [
      [
        0.945901155,
        0.0357042365,
        0.322484523
      ],
      [
        -0.318407178,
        -0.08886137,
        0.943779945
      ],
      [
        0.0623533428,
        -0.9954039,
        -0.0726855844
      ]
    ],
    "translation": [
      2.10350919,
      0.792788,
      -0.5757501
    ]
  },
  {
    "timeStamp": 29220,
    "rotation": [
      [
        0.95600754,
        0.035453707,
        0.291191757
      ],
      [
        -0.288329452,
        -0.06915753,
        0.95503056
      ],
      [
        0.0539974757,
        -0.9969756,
        -0.055892773
      ]
    ],
    "translation": [
      2.103033,
      0.784167349,
      -0.5715075
    ]
  }
]