[
  {
    "timeStamp": 90021,
    "rotation": [
      [
        0.863914847,
        -0.246276483,
        -0.4393165
      ],
      [
        0.2614167,
        0.9648535,
        -0.0268120151
      ],
      [
        0.4304793,
        -0.09168138,
        0.8979321
      ]
    ],
    "translation": [
      1.635641,
      0.7039377,
      -0.610377848
    ]
  },
  {
    "timeStamp": 90065,
    "rotation": [
      [
        0.8499735,
        -0.2773231,
        -0.44792524
      ],
      [
        0.297350675,
        0.9543964,
        -0.0266473126
      ],
      [
        0.434888154,
        -0.110541359,
        0.893673837
      ]
    ],
    "translation": [
      1.63621366,
      0.7067299,
      -0.610709548
    ]
  },
  {
    "timeStamp": 90121,
    "rotation": [
      [
        0.8646321,
        -0.251029879,
        -0.435195684
      ],
      [
        0.279125541,
        0.9602544,
        0.000662628736
      ],
      [
        0.417732239,
        -0.122047156,
        0.9003356
      ]
    ],
    "translation": [
      1.63573039,
      0.7174334,
      -0.612038851
    ]
  },
  {
    "timeStamp": 90165,
    "rotation": [
      [
        0.858789742,
        -0.235377416,
        -0.455057919
      ],
      [
        0.2790326,
        0.9598087,
        0.03013471
      ],
      [
        0.4296755,
        -0.152855366,
        0.8899518
      ]
    ],
    "translation": [
      1.6338321,
      0.7323557,
      -0.6158748
    ]
  },
  {
    "timeStamp": 90221,
    "rotation": [
      [
        0.850084245,
        -0.2032554,
        -0.4858436
      ],
      [
        0.278932154,
        0.95627135,
        0.0879882351
      ],
      [
        0.446714222,
        -0.21031481,
        0.86960566
      ]
    ],
    "translation": [
      1.63134575,
      0.757875144,
      -0.628705144
    ]
  },
  {
    "timeStamp": 90265,
    "rotation": [
      [
        0.8359863,
        -0.178078368,
        -0.519051969
      ],
      [
        0.282831222,
        0.950392246,
        0.129464343
      ],
      [
        0.4702482,
        -0.255034536,
        0.844881058
      ]
    ],
    "translation": [
      1.62936521,
      0.778757036,
      -0.6459285
    ]
  },
  {
    "timeStamp": 90321,
    "rotation": [
      [
        0.828132451,
        -0.127302989,
        -0.5458852
      ],
      [
        0.265428215,
        0.946822941,
        0.181863
      ],
      [
        0.493704945,
        -0.29549998,
        0.817884564
      ]
    ],
    "translation": [
      1.63050961,
      0.8043273,
      -0.67371887
    ]
  },
  {
    "timeStamp": 90365,
    "rotation": [
      [
        0.842668056,
        -0.06747874,
        -0.53418833
      ],
      [
        0.2165633,
        0.9508052,
        0.221517056
      ],
      [
        0.492961377,
        -0.302350938,
        0.815826535
      ]
    ],
    "translation": [
      1.63965511,
      0.8232266,
      -0.698832035
    ]
  },
  {
    "timeStamp": 90421,
    "rotation": [
      [
        0.8705402,
        -0.020431025,
        -0.4916729
      ],
      [
        0.1703111,
        0.9499004,
        0.2620751
      ],
      [
        0.461685836,
        -0.311884254,
        0.8304061
      ]
    ],
    "translation": [
      1.66628146,
      0.8483527,
      -0.7268345
    ]
  },
  {
    "timeStamp": 90465,
    "rotation": [
      [
        0.8916199,
        -0.0259388182,
        -0.45204106
      ],
      [
        0.173341945,
        0.9418541,
        0.287860036
      ],
      [
        0.41829,
        -0.3350194,
        0.844272137
      ]
    ],
    "translation": [
      1.70115292,
      0.8727084,
      -0.745693743
    ]
  },
  {
    "timeStamp": 90521,
    "rotation": [
      [
        0.918114543,
        -0.04096619,
        -0.3941921
      ],
      [
        0.1810311,
        0.928162,
        0.3251816
      ],
      [
        0.352552652,
        -0.369914979,
        0.859575152
      ]
    ],
    "translation": [
      1.755857,
      0.908114433,
      -0.764665246
    ]
  },
  {
    "timeStamp": 90565,
    "rotation": [
      [
        0.9376879,
        -0.07308752,
        -0.339705259
      ],
      [
        0.197396129,
        0.9166045,
        0.3476649
      ],
      [
        0.285965443,
        -0.393057644,
        0.873916149
      ]
    ],
    "translation": [
      1.80978835,
      0.9367107,
      -0.77553767
    ]
  },
  {
    "timeStamp": 90620,
    "rotation": [
      [
        0.9582933,
        -0.119935974,
        -0.259401768
      ],
      [
        0.215012163,
        0.900513053,
        0.377949655
      ],
      [
        0.188264936,
        -0.41796115,
        0.888743341
      ]
    ],
    "translation": [
      1.88422549,
      0.97233063,
      -0.7836915
    ]
  },
  {
    "timeStamp": 90665,
    "rotation": [
      [
        0.9567771,
        -0.18767862,
        -0.222158447
      ],
      [
        0.2633211,
        0.883317351,
        0.387830436
      ],
      [
        0.123448931,
        -0.429566264,
        0.894557536
      ]
    ],
    "translation": [
      1.94619715,
      0.999293864,
      -0.785869956
    ]
  },
  {
    "timeStamp": 90721,
    "rotation": [
      [
        0.943520069,
        -0.2892505,
        -0.161567256
      ],
      [
        0.3305285,
        0.855359137,
        0.398888022
      ],
      [
        0.0228194632,
        -0.42976144,
        0.9026541
      ]
    ],
    "translation": [
      2.02503061,
      1.02647877,
      -0.7838129
    ]
  },
  {
    "timeStamp": 90765,
    "rotation": [
      [
        0.9417271,
        -0.315384746,
        -0.11697229
      ],
      [
        0.3352367,
        0.851339638,
        0.403530955
      ],
      [
        -0.0276843663,
        -0.419229448,
        0.907458067
      ]
    ],
    "translation": [
      2.08237481,
      1.04003561,
      -0.7776286
    ]
  },
  {
    "timeStamp": 90820,
    "rotation": [
      [
        0.960699141,
        -0.2629937,
        -0.08883389
      ],
      [
        0.276982516,
        0.8869918,
        0.369494528
      ],
      [
        -0.0183797926,
        -0.379578531,
        0.924976945
      ]
    ],
    "translation": [
      2.13664961,
      1.040936,
      -0.760589659
    ]
  },
  {
    "timeStamp": 90865,
    "rotation": [
      [
        0.95300585,
        -0.286836267,
        -0.09749256
      ],
      [
        0.302384883,
        0.880942166,
        0.364011526
      ],
      [
        -0.018526407,
        -0.3763854,
        0.926277936
      ]
    ],
    "translation": [
      2.17157531,
      1.0380708,
      -0.7410273
    ]
  },
  {
    "timeStamp": 90920,
    "rotation": [
      [
        0.9566744,
        -0.265679,
        -0.119116731
      ],
      [
        0.2888549,
        0.9174167,
        0.273695767
      ],
      [
        0.0365644656,
        -0.2962452,
        0.9544118
      ]
    ],
    "translation": [
      2.20570374,
      1.01527619,
      -0.715039253
    ]
  },
  {
    "timeStamp": 90965,
    "rotation": [
      [
        0.986447,
        -0.1492227,
        -0.06822738
      ],
      [
        0.160809532,
        0.9618515,
        0.22131896
      ],
      [
        0.0325987935,
        -0.229291037,
        0.9728119
      ]
    ],
    "translation": [
      2.22007656,
      0.985265851,
      -0.6977577
    ]
  },
  {
    "timeStamp": 91020,
    "rotation": [
      [
        0.9776481,
        -0.184906021,
        -0.100070164
      ],
      [
        0.196889818,
        0.9721294,
        0.127274379
      ],
      [
        0.07374735,
        -0.144132346,
        0.9868066
      ]
    ],
    "translation": [
      2.231342,
      0.9530606,
      -0.682149
    ]
  },
  {
    "timeStamp": 91069,
    "rotation": [
      [
        0.98657614,
        -0.151022166,
        -0.06212659
      ],
      [
        0.156267092,
        0.9835456,
        0.09065687
      ],
      [
        0.0474131368,
        -0.09914824,
        0.9939425
      ]
    ],
    "translation": [
      2.23460579,
      0.9293364,
      -0.674820244
    ]
  },
  {
    "timeStamp": 91115,
    "rotation": [
      [
        0.9868721,
        -0.160274431,
        -0.0198882557
      ],
      [
        0.161118746,
        0.985523641,
        0.0527626164
      ],
      [
        0.0111438474,
        -0.0552743226,
        0.998409033
      ]
    ],
    "translation": [
      2.24297023,
      0.9081952,
      -0.669548631
    ]
  },
  {
    "timeStamp": 91171,
    "rotation": [
      [
        0.9789377,
        -0.203373954,
        -0.0178907663
      ],
      [
        0.203988373,
        0.9779407,
        0.0449528
      ],
      [
        0.008353882,
        -0.0476554967,
        0.9988289
      ]
    ],
    "translation": [
      2.24808979,
      0.8980331,
      -0.665033758
    ]
  },
  {
    "timeStamp": 91215,
    "rotation": [
      [
        0.9746391,
        -0.222174749,
        -0.0267764814
      ],
      [
        0.223208189,
        0.9737205,
        0.0452381335
      ],
      [
        0.0160220377,
        -0.050067585,
        0.9986173
      ]
    ],
    "translation": [
      2.25029182,
      0.8945726,
      -0.661457658
    ]
  },
  {
    "timeStamp": 91271,
    "rotation": [
      [
        0.970570743,
        -0.240779638,
        -0.004196421
      ],
      [
        0.240701124,
        0.969421,
        0.0478102677
      ],
      [
        -0.00744364038,
        -0.04741333,
        0.9988476
      ]
    ],
    "translation": [
      2.25572419,
      0.8918014,
      -0.6595678
    ]
  },
  {
    "timeStamp": 91315,
    "rotation": [
      [
        0.973531,
        -0.22750096,
        -0.02192507
      ],
      [
        0.228159845,
        0.97300446,
        0.034719944
      ],
      [
        0.0134343691,
        -0.03880336,
        0.999156535
      ]
    ],
    "translation": [
      2.255627,
      0.886534333,
      -0.6575486
    ]
  },
  {
    "timeStamp": 91370,
    "rotation": [
      [
        0.9670961,
        -0.253874421,
        -0.0165190287
      ],
      [
        0.2540712,
        0.9671215,
        0.0111299288
      ],
      [
        0.0131503027,
        -0.01496072,
        0.9998016
      ]
    ],
    "translation": [
      2.25907373,
      0.8795614,
      -0.656539857
    ]
  },
  {
    "timeStamp": 91415,
    "rotation": [
      [
        0.9699778,
        -0.242047951,
        -0.0235785916
      ],
      [
        0.242055714,
        0.970259,
        -0.00256779674
      ],
      [
        0.0234988686,
        -0.00321662659,
        0.9997187
      ]
    ],
    "translation": [
      2.25758362,
      0.8719758,
      -0.6546384
    ]
  },
  {
    "timeStamp": 91470,
    "rotation": [
      [
        0.9568642,
        -0.287932,
        -0.0388086475
      ],
      [
        0.287240952,
        0.957594931,
        -0.0224609971
      ],
      [
        0.04363021,
        0.0103446906,
        0.9989942
      ]
    ],
    "translation": [
      2.25783539,
      0.8663697,
      -0.650099933
    ]
  },
  {
    "timeStamp": 91516,
    "rotation": [
      [
        0.9540126,
        -0.2982287,
        -0.03032649
      ],
      [
        0.2971941,
        0.9541982,
        -0.0343726724
      ],
      [
        0.0391884,
        0.0237791073,
        0.9989489
      ]
    ],
    "translation": [
      2.25869632,
      0.861278057,
      -0.647324
    ]
  },
  {
    "timeStamp": 91562,
    "rotation": [
      [
        0.944892943,
        -0.326164067,
        -0.0281843
      ],
      [
        0.323824644,
        0.9438152,
        -0.06595785
      ],
      [
        0.0481138527,
        0.0531963371,
        0.9974243
      ]
    ],
    "translation": [
      2.26254,
      0.854425848,
      -0.6460224
    ]
  },
  {
    "timeStamp": 91618,
    "rotation": [
      [
        0.9513697,
        -0.30802846,
        0.00375670078
      ],
      [
        0.3072768,
        0.9480427,
        -0.08243809
      ],
      [
        0.0218317658,
        0.07958345,
        0.9965891
      ]
    ],
    "translation": [
      2.26571155,
      0.84624517,
      -0.645446241
    ]
  },
  {
    "timeStamp": 91664,
    "rotation": [
      [
        0.946728349,
        -0.3216845,
        0.0149836428
      ],
      [
        0.321561873,
        0.9418019,
        -0.0980161
      ],
      [
        0.0174186379,
        0.09761279,
        0.995072
      ]
    ],
    "translation": [
      2.268964,
      0.8434151,
      -0.645817041
    ]
  }
]