[
  {
    "timeStamp": 99294,
    "rotation": [
      [
        0.75031805,
        -0.172040582,
        0.638298333
      ],
      [
        0.325380683,
        0.936598241,
        -0.130042776
      ],
      [
        -0.5754565,
        0.3052634,
        0.7587253
      ]
    ],
    "translation": [
      1.28714454,
      0.7082658,
      -0.48811847
    ]
  },
  {
    "timeStamp": 99350,
    "rotation": [
      [
        0.7623358,
        -0.153525636,
        0.628708243
      ],
      [
        0.327584416,
        0.9293529,
        -0.1702695
      ],
      [
        -0.558151066,
        0.335757554,
        0.758771539
      ]
    ],
    "translation": [
      1.28747475,
      0.7096236,
      -0.48801285
    ]
  },
  {
    "timeStamp": 99394,
    "rotation": [
      [
        0.7827949,
        -0.127240166,
        0.6091323
      ],
      [
        0.294956267,
        0.9377928,
        -0.183154538
      ],
      [
        -0.547935247,
        0.32303983,
        0.771629632
      ]
    ],
    "translation": [
      1.28811324,
      0.714705646,
      -0.487883061
    ]
  },
  {
    "timeStamp": 99450,
    "rotation": [
      [
        0.787362158,
        -0.07029078,
        0.6124704
      ],
      [
        0.246944755,
        0.946253,
        -0.2088625
      ],
      [
        -0.564870834,
        0.315696776,
        0.76240176
      ]
    ],
    "translation": [
      1.2948314,
      0.7283345,
      -0.488962024
    ]
  },
  {
    "timeStamp": 99494,
    "rotation": [
      [
        0.793388963,
        -0.0216697,
        0.6083292
      ],
      [
        0.190925717,
        0.957794368,
        -0.21488899
      ],
      [
        -0.5779976,
        0.286636233,
        0.7640408
      ]
    ],
    "translation": [
      1.30400872,
      0.7464433,
      -0.494296134
    ]
  },
  {
    "timeStamp": 99550,
    "rotation": [
      [
        0.804466,
        0.0589713342,
        0.591064155
      ],
      [
        0.103259742,
        0.9660253,
        -0.236923113
      ],
      [
        -0.58495456,
        0.2516297,
        0.771045148
      ]
    ],
    "translation": [
      1.32018542,
      0.777588665,
      -0.512745857
    ]
  },
  {
    "timeStamp": 99594,
    "rotation": [
      [
        0.8167998,
        0.09780984,
        0.5685695
      ],
      [
        0.0379807949,
        0.9742692,
        -0.222164273
      ],
      [
        -0.5756696,
        0.203058466,
        0.792068064
      ]
    ],
    "translation": [
      1.3418287,
      0.8069603,
      -0.537818
    ]
  },
  {
    "timeStamp": 99650,
    "rotation": [
      [
        0.8152886,
        0.159147367,
        0.556755364
      ],
      [
        -0.0410920568,
        0.9749671,
        -0.2185189
      ],
      [
        -0.5775949,
        0.155277744,
        0.8014193
      ]
    ],
    "translation": [
      1.38029444,
      0.8452913,
      -0.578128636
    ]
  },
  {
    "timeStamp": 99694,
    "rotation": [
      [
        0.802706838,
        0.188123733,
        0.5659251
      ],
      [
        -0.0755379945,
        0.9733729,
        -0.216423824
      ],
      [
        -0.591570556,
        0.130976036,
        0.795543551
      ]
    ],
    "translation": [
      1.4206692,
      0.8723941,
      -0.6151218
    ]
  },
  {
    "timeStamp": 99750,
    "rotation": [
      [
        0.751042843,
        0.214458227,
        0.624453545
      ],
      [
        -0.102389552,
        0.9721675,
        -0.210728869
      ],
      [
        -0.652266,
        0.09432889,
        0.7520978
      ]
    ],
    "translation": [
      1.48397577,
      0.904804647,
      -0.6602808
    ]
  },
  {
    "timeStamp": 99794,
    "rotation": [
      [
        0.6883238,
        0.2747391,
        0.671363354
      ],
      [
        -0.144688919,
        0.9589045,
        -0.244064122
      ],
      [
        -0.7108273,
        0.07085631,
        0.6997885
      ]
    ],
    "translation": [
      1.53893459,
      0.9333461,
      -0.694874465
    ]
  },
  {
    "timeStamp": 99850,
    "rotation": [
      [
        0.621098161,
        0.2494054,
        0.742989957
      ],
      [
        -0.133223727,
        0.9678152,
        -0.213506714
      ],
      [
        -0.7723267,
        0.03362474,
        0.634335
      ]
    ],
    "translation": [
      1.61266387,
      0.9600064,
      -0.7361723
    ]
  },
  {
    "timeStamp": 99894,
    "rotation": [
      [
        0.5587337,
        0.238985926,
        0.794167757
      ],
      [
        -0.125350237,
        0.970916,
        -0.203984424
      ],
      [
        -0.81981945,
        0.0144238714,
        0.5724404
      ]
    ],
    "translation": [
      1.67261922,
      0.978977,
      -0.765881062
    ]
  },
  {
    "timeStamp": 99950,
    "rotation": [
      [
        0.490457028,
        0.211590365,
        0.8453883
      ],
      [
        -0.09465016,
        0.977271736,
        -0.189687341
      ],
      [
        -0.86631006,
        0.0130173545,
        0.499336869
      ]
    ],
    "translation": [
      1.74716067,
      0.996316433,
      -0.796429932
    ]
  },
  {
    "timeStamp": 99994,
    "rotation": [
      [
        0.404689521,
        0.262003124,
        0.8761169
      ],
      [
        -0.104471534,
        0.9650499,
        -0.240341887
      ],
      [
        -0.9084669,
        0.00573457032,
        0.4179175
      ]
    ],
    "translation": [
      1.8090477,
      1.01121068,
      -0.81165123
    ]
  },
  {
    "timeStamp": 100050,
    "rotation": [
      [
        0.307328284,
        0.245885223,
        0.9192876
      ],
      [
        -0.1152252,
        0.968548,
        -0.220539987
      ],
      [
        -0.9446017,
        -0.03814693,
        0.325994372
      ]
    ],
    "translation": [
      1.8908056,
      1.03237259,
      -0.8179715
    ]
  },
  {
    "timeStamp": 100094,
    "rotation": [
      [
        0.217424214,
        0.222414359,
        0.9503991
      ],
      [
        -0.149542168,
        0.969787657,
        -0.192740723
      ],
      [
        -0.964553654,
        -0.100218251,
        0.244115651
      ]
    ],
    "translation": [
      1.95768332,
      1.0515306,
      -0.815210938
    ]
  },
  {
    "timeStamp": 100149,
    "rotation": [
      [
        0.117998146,
        0.202966273,
        0.97205
      ],
      [
        -0.205608368,
        0.9626693,
        -0.176048547
      ],
      [
        -0.971494555,
        -0.1790882,
        0.155324757
      ]
    ],
    "translation": [
      2.032982,
      1.07275522,
      -0.8064399
    ]
  },
  {
    "timeStamp": 100194,
    "rotation": [
      [
        0.0793454051,
        0.1764567,
        0.981105149
      ],
      [
        -0.224779,
        0.962027431,
        -0.154846817
      ],
      [
        -0.9711739,
        -0.208245456,
        0.115996212
      ]
    ],
    "translation": [
      2.08156061,
      1.081418,
      -0.795783758
    ]
  },
  {
    "timeStamp": 100250,
    "rotation": [
      [
        0.0579207,
        0.193434,
        0.9794021
      ],
      [
        -0.2514484,
        0.9522475,
        -0.173200533
      ],
      [
        -0.9661361,
        -0.2362372,
        0.103793509
      ]
    ],
    "translation": [
      2.1236515,
      1.08491123,
      -0.777932465
    ]
  },
  {
    "timeStamp": 100295,
    "rotation": [
      [
        0.0997012556,
        0.188877821,
        0.9769262
      ],
      [
        -0.22395651,
        0.9608852,
        -0.162920356
      ],
      [
        -0.969486058,
        -0.202545628,
        0.138101876
      ]
    ],
    "translation": [
      2.14217257,
      1.07708323,
      -0.7625959
    ]
  },
  {
    "timeStamp": 100349,
    "rotation": [
      [
        0.129648328,
        0.1861433,
        0.9739312
      ],
      [
        -0.181660727,
        0.970055342,
        -0.1612201
      ],
      [
        -0.9747773,
        -0.156023145,
        0.159580991
      ]
    ],
    "translation": [
      2.15648723,
      1.05929768,
      -0.745393038
    ]
  },
  {
    "timeStamp": 100394,
    "rotation": [
      [
        0.188215971,
        0.203513473,
        0.960810542
      ],
      [
        -0.109792277,
        0.976522863,
        -0.185334042
      ],
      [
        -0.9759715,
        -0.07060676,
        0.206141412
      ]
    ],
    "translation": [
      2.1580832,
      1.03577173,
      -0.735863447
    ]
  },
  {
    "timeStamp": 100449,
    "rotation": [
      [
        0.223398134,
        0.194124177,
        0.955201
      ],
      [
        -0.0370077826,
        0.9809501,
        -0.190701917
      ],
      [
        -0.9740245,
        0.00725257862,
        0.22632654
      ]
    ],
    "translation": [
      2.1587503,
      1.0037992,
      -0.7268047
    ]
  },
  {
    "timeStamp": 100494,
    "rotation": [
      [
        0.256545782,
        0.1906443,
        0.9475436
      ],
      [
        0.0208503623,
        0.979034364,
        -0.202625364
      ],
      [
        -0.966307163,
        0.07173931,
        0.247192115
      ]
    ],
    "translation": [
      2.157518,
      0.978688836,
      -0.723243654
    ]
  },
  {
    "timeStamp": 100545,
    "rotation": [
      [
        0.26587978,
        0.1806361,
        0.9469311
      ],
      [
        0.0624732375,
        0.9769938,
        -0.2039121
      ],
      [
        -0.9619798,
        0.113373958,
        0.248477966
      ]
    ],
    "translation": [
      2.15737987,
      0.9587374,
      -0.72048986
    ]
  },
  {
    "timeStamp": 100600,
    "rotation": [
      [
        0.276000232,
        0.164507285,
        0.9469748
      ],
      [
        0.1073804,
        0.9737987,
        -0.2004636
      ],
      [
        -0.955140531,
        0.157014534,
        0.2511038
      ]
    ],
    "translation": [
      2.15801263,
      0.9343308,
      -0.717529953
    ]
  },
  {
    "timeStamp": 100644,
    "rotation": [
      [
        0.285327584,
        0.14576529,
        0.947280645
      ],
      [
        0.143365413,
        0.9707558,
        -0.19256027
      ],
      [
        -0.9476468,
        0.190750033,
        0.256085724
      ]
    ],
    "translation": [
      2.15739226,
      0.9189975,
      -0.7160822
    ]
  },
  {
    "timeStamp": 100699,
    "rotation": [
      [
        0.30632022,
        0.101021953,
        0.946552932
      ],
      [
        0.197438091,
        0.9659878,
        -0.1669904
      ],
      [
        -0.9312283,
        0.238038152,
        0.275956035
      ]
    ],
    "translation": [
      2.15697622,
      0.900520444,
      -0.7151972
    ]
  },
  {
    "timeStamp": 100744,
    "rotation": [
      [
        0.326925784,
        0.0606128871,
        0.943104267
      ],
      [
        0.244849429,
        0.9584331,
        -0.146474779
      ],
      [
        -0.9127805,
        0.2788049,
        0.298495442
      ]
    ],
    "translation": [
      2.15756941,
      0.8844223,
      -0.7146716
    ]
  },
  {
    "timeStamp": 100800,
    "rotation": [
      [
        0.390908718,
        0.03427299,
        0.919791162
      ],
      [
        0.277729332,
        0.948337436,
        -0.153370857
      ],
      [
        -0.877528846,
        0.315406978,
        0.36119473
      ]
    ],
    "translation": [
      2.153952,
      0.8661993,
      -0.714104056
    ]
  },
  {
    "timeStamp": 100844,
    "rotation": [
      [
        0.4198256,
        -0.0718513951,
        0.904756248
      ],
      [
        0.360383451,
        0.92810446,
        -0.09351978
      ],
      [
        -0.832988739,
        0.365321159,
        0.415536076
      ]
    ],
    "translation": [
      2.15594172,
      0.850165963,
      -0.716531754
    ]
  },
  {
    "timeStamp": 100900,
    "rotation": [
      [
        0.462514848,
        -0.105119318,
        0.8803578
      ],
      [
        0.3993842,
        0.911200643,
        -0.101022944
      ],
      [
        -0.791563153,
        0.398325652,
        0.4634268
      ]
    ],
    "translation": [
      2.15775418,
      0.8363549,
      -0.718328834
    ]
  },
  {
    "timeStamp": 100944,
    "rotation": [
      [
        0.466111153,
        -0.181284308,
        0.865954041
      ],
      [
        0.4579769,
        0.8868792,
        -0.0608471781
      ],
      [
        -0.756966054,
        0.4249485,
        0.4964083
      ]
    ],
    "translation": [
      2.16351533,
      0.826064944,
      -0.7213691
    ]
  },
  {
    "timeStamp": 101000,
    "rotation": [
      [
        0.486335218,
        -0.1793923,
        0.855158746
      ],
      [
        0.468909234,
        0.879413843,
        -0.0821917653
      ],
      [
        -0.737293839,
        0.44096458,
        0.511808634
      ]
    ],
    "translation": [
      2.165109,
      0.819295347,
      -0.7211832
    ]
  },
  {
    "timeStamp": 101046,
    "rotation": [
      [
        0.490372241,
        -0.198198617,
        0.84867686
      ],
      [
        0.479724973,
        0.8743779,
        -0.07298811
      ],
      [
        -0.727598131,
        0.4429228,
        0.523851454
      ]
    ],
    "translation": [
      2.16830134,
      0.81457746,
      -0.719930232
    ]
  },
  {
    "timeStamp": 101092,
    "rotation": [
      [
        0.484677076,
        -0.20499672,
        0.850332
      ],
      [
        0.489942729,
        0.8689579,
        -0.06977333
      ],
      [
        -0.724599361,
        0.4504315,
        0.521600664
      ]
    ],
    "translation": [
      2.17362976,
      0.8101075,
      -0.7173827
    ]
  },
  {
    "timeStamp": 101148,
    "rotation": [
      [
        0.478983253,
        -0.222999156,
        0.8490268
      ],
      [
        0.5061997,
        0.860354364,
        -0.05960104
      ],
      [
        -0.7171729,
        0.458325,
        0.524977446
      ]
    ],
    "translation": [
      2.18106,
      0.8051139,
      -0.713887453
    ]
  },
  {
    "timeStamp": 101193,
    "rotation": [
      [
        0.47261253,
        -0.233399063,
        0.8498013
      ],
      [
        0.512839437,
        0.857037365,
        -0.0498264879
      ],
      [
        -0.716682,
        0.4593602,
        0.524742842
      ]
    ],
    "translation": [
      2.18509865,
      0.803129256,
      -0.7102017
    ]
  },
  {
    "timeStamp": 101249,
    "rotation": [
      [
        0.448355228,
        -0.2605761,
        0.855030835
      ],
      [
        0.53750813,
        0.8428885,
        -0.0249792039
      ],
      [
        -0.7141866,
        0.4707856,
        0.5179753
      ]
    ],
    "translation": [
      2.19330931,
      0.801028132,
      -0.707291663
    ]
  }
]