[
  {
    "timeStamp": 65033,
    "rotation": [
      [
        0.9999288,
        -0.00574256433,
        -0.0104564177
      ],
      [
        0.0102592679,
        -0.03334982,
        0.9993911
      ],
      [
        -0.00608778931,
        -0.9994272,
        -0.03328853
      ]
    ],
    "translation": [
      1.15285754,
      0.7021823,
      -0.7505923
    ]
  },
  {
    "timeStamp": 65088,
    "rotation": [
      [
        0.999915,
        0.0111802546,
        -0.00670517748
      ],
      [
        0.006936377,
        -0.02077035,
        0.9997602
      ],
      [
        0.0110383043,
        -0.999721766,
        -0.0208461341
      ]
    ],
    "translation": [
      1.15218425,
      0.7019253,
      -0.751886547
    ]
  },
  {
    "timeStamp": 65133,
    "rotation": [
      [
        0.9994659,
        0.0113023622,
        0.0306630377
      ],
      [
        -0.0306242742,
        -0.00358685455,
        0.999524534
      ],
      [
        0.0114069721,
        -0.9999297,
        -0.00323881232
      ]
    ],
    "translation": [
      1.14467061,
      0.704126537,
      -0.7561275
    ]
  },
  {
    "timeStamp": 65187,
    "rotation": [
      [
        0.984027565,
        -0.0348471142,
        0.174572214
      ],
      [
        -0.174755678,
        -0.00226661772,
        0.984609246
      ],
      [
        -0.0339151025,
        -0.9993901,
        -0.008320145
      ]
    ],
    "translation": [
      1.13312793,
      0.742512,
      -0.7534497
    ]
  },
  {
    "timeStamp": 65232,
    "rotation": [
      [
        0.9635857,
        -0.05482364,
        0.261719376
      ],
      [
        -0.2617293,
        0.007126225,
        0.965115
      ],
      [
        -0.05477619,
        -0.998470664,
        -0.00748222554
      ]
    ],
    "translation": [
      1.12996149,
      0.782037556,
      -0.7573374
    ]
  },
  {
    "timeStamp": 65287,
    "rotation": [
      [
        0.9381344,
        -0.05523779,
        0.341837078
      ],
      [
        -0.3431017,
        -0.0150184119,
        0.939178169
      ],
      [
        -0.0467442758,
        -0.9983602,
        -0.03304147
      ]
    ],
    "translation": [
      1.13858891,
      0.8322189,
      -0.769868135
    ]
  },
  {
    "timeStamp": 65332,
    "rotation": [
      [
        0.926362038,
        -0.0551933162,
        0.37256828
      ],
      [
        -0.374879539,
        -0.0397417247,
        0.9262213
      ],
      [
        -0.03631472,
        -0.9976845,
        -0.05750607
      ]
    ],
    "translation": [
      1.15385091,
      0.8680743,
      -0.7856662
    ]
  },
  {
    "timeStamp": 65388,
    "rotation": [
      [
        0.9256963,
        -0.0314335451,
        0.376959234
      ],
      [
        -0.378235966,
        -0.0897941738,
        0.921343863
      ],
      [
        0.004887651,
        -0.9954642,
        -0.0950114354
      ]
    ],
    "translation": [
      1.18285155,
      0.9009541,
      -0.814114749
    ]
  },
  {
    "timeStamp": 65432,
    "rotation": [
      [
        0.9306172,
        -0.0289727058,
        0.364845484
      ],
      [
        -0.365748584,
        -0.110123664,
        0.924175739
      ],
      [
        0.0134022366,
        -0.9934955,
        -0.113079704
      ]
    ],
    "translation": [
      1.21624684,
      0.914670169,
      -0.8366001
    ]
  },
  {
    "timeStamp": 65488,
    "rotation": [
      [
        0.9415691,
        -0.0426565632,
        0.3341078
      ],
      [
        -0.336700916,
        -0.09284826,
        0.937022746
      ],
      [
        -0.008948825,
        -0.9947661,
        -0.101785563
      ]
    ],
    "translation": [
      1.26653886,
      0.919752061,
      -0.8651593
    ]
  },
  {
    "timeStamp": 65532,
    "rotation": [
      [
        0.96032387,
        -0.05572344,
        0.273263633
      ],
      [
        -0.2771323,
        -0.08092097,
        0.957418144
      ],
      [
        -0.03123788,
        -0.995161653,
        -0.0931531042
      ]
    ],
    "translation": [
      1.31590927,
      0.9115753,
      -0.886930466
    ]
  },
  {
    "timeStamp": 65587,
    "rotation": [
      [
        0.9503925,
        -0.13844502,
        0.2785447
      ],
      [
        -0.2765493,
        0.03384015,
        0.96040374
      ],
      [
        -0.1423891,
        -0.98979187,
        -0.0061254506
      ]
    ],
    "translation": [
      1.38253856,
      0.9083826,
      -0.9118165
    ]
  },
  {
    "timeStamp": 65633,
    "rotation": [
      [
        0.932803869,
        -0.191759333,
        0.3051318
      ],
      [
        -0.290574223,
        0.100636773,
        0.951545537
      ],
      [
        -0.213175192,
        -0.9762687,
        0.03815405
      ]
    ],
    "translation": [
      1.43827009,
      0.91413033,
      -0.9277468
    ]
  },
  {
    "timeStamp": 65688,
    "rotation": [
      [
        0.906452954,
        -0.3276248,
        0.2664677
      ],
      [
        -0.239428163,
        0.121075578,
        0.9633353
      ],
      [
        -0.347875267,
        -0.937018,
        0.0313067064
      ]
    ],
    "translation": [
      1.52621675,
      0.9165784,
      -0.933285356
    ]
  },
  {
    "timeStamp": 65732,
    "rotation": [
      [
        0.8478924,
        -0.4613047,
        0.261297852
      ],
      [
        -0.215353,
        0.150690779,
        0.9648396
      ],
      [
        -0.484460175,
        -0.8743514,
        0.0284262113
      ]
    ],
    "translation": [
      1.60048115,
      0.9234928,
      -0.9297086
    ]
  },
  {
    "timeStamp": 65788,
    "rotation": [
      [
        0.7354587,
        -0.6310717,
        0.246675909
      ],
      [
        -0.213943049,
        0.1291499,
        0.968270957
      ],
      [
        -0.642906547,
        -0.7648979,
        -0.04002899
      ]
    ],
    "translation": [
      1.69884157,
      0.943233669,
      -0.9236113
    ]
  },
  {
    "timeStamp": 65832,
    "rotation": [
      [
        0.561317861,
        -0.7725859,
        0.296703875
      ],
      [
        -0.274564534,
        0.164362743,
        0.94741714
      ],
      [
        -0.7807282,
        -0.613266468,
        -0.119864956
      ]
    ],
    "translation": [
      1.77821124,
      0.9677537,
      -0.9108662
    ]
  },
  {
    "timeStamp": 65887,
    "rotation": [
      [
        0.2556598,
        -0.888853,
        0.380234569
      ],
      [
        -0.392530382,
        0.263988823,
        0.881039
      ],
      [
        -0.8834919,
        -0.374499917,
        -0.2814105
      ]
    ],
    "translation": [
      1.87829149,
      1.00363278,
      -0.9086984
    ]
  },
  {
    "timeStamp": 65932,
    "rotation": [
      [
        -0.0355405733,
        -0.917286932,
        0.3966377
      ],
      [
        -0.484144837,
        0.363008857,
        0.796133339
      ],
      [
        -0.87426573,
        -0.163735092,
        -0.4570013
      ]
    ],
    "translation": [
      1.96009874,
      1.03633559,
      -0.9076818
    ]
  },
  {
    "timeStamp": 65987,
    "rotation": [
      [
        -0.3314438,
        -0.8747774,
        0.3534255
      ],
      [
        -0.554820061,
        0.48369965,
        0.676911652
      ],
      [
        -0.7630988,
        0.0282706078,
        -0.6456633
      ]
    ],
    "translation": [
      2.04699636,
      1.06311429,
      -0.926177263
    ]
  },
  {
    "timeStamp": 66032,
    "rotation": [
      [
        -0.4537903,
        -0.84100467,
        0.2945938
      ],
      [
        -0.549292266,
        0.5243109,
        0.650673568
      ],
      [
        -0.7016783,
        0.133451238,
        -0.6998846
      ]
    ],
    "translation": [
      2.10336971,
      1.0669564,
      -0.942058444
    ]
  },
  {
    "timeStamp": 66087,
    "rotation": [
      [
        -0.5256153,
        -0.797584,
        0.2959531
      ],
      [
        -0.5338338,
        0.580091953,
        0.615235567
      ],
      [
        -0.662382066,
        0.165387437,
        -0.7306825
      ]
    ],
    "translation": [
      2.14080524,
      1.05976725,
      -0.953963935
    ]
  },
  {
    "timeStamp": 66132,
    "rotation": [
      [
        -0.547575951,
        -0.7922541,
        0.269247055
      ],
      [
        -0.5100582,
        0.5711142,
        0.6431712
      ],
      [
        -0.663325846,
        0.214853421,
        -0.7168241
      ]
    ],
    "translation": [
      2.16541624,
      1.0471139,
      -0.959066451
    ]
  },
  {
    "timeStamp": 66187,
    "rotation": [
      [
        -0.5320938,
        -0.795890033,
        0.288851649
      ],
      [
        -0.470226526,
        0.5614877,
        0.6808955
      ],
      [
        -0.704104543,
        0.2264746,
        -0.673012733
      ]
    ],
    "translation": [
      2.179205,
      1.02950931,
      -0.9536233
    ]
  },
  {
    "timeStamp": 66232,
    "rotation": [
      [
        -0.469631284,
        -0.82935,
        0.302696317
      ],
      [
        -0.433091372,
        0.5151854,
        0.7396052
      ],
      [
        -0.7693363,
        0.216246575,
        -0.6011315
      ]
    ],
    "translation": [
      2.17890239,
      1.011205,
      -0.9406953
    ]
  },
  {
    "timeStamp": 66287,
    "rotation": [
      [
        -0.313717455,
        -0.9020894,
        0.296337634
      ],
      [
        -0.433096975,
        0.413683534,
        0.8008077
      ],
      [
        -0.844990134,
        0.12288446,
        -0.520472
      ]
    ],
    "translation": [
      2.17216873,
      1.0011965,
      -0.9103041
    ]
  },
  {
    "timeStamp": 66332,
    "rotation": [
      [
        -0.152072147,
        -0.955469668,
        0.252886862
      ],
      [
        -0.406432182,
        0.293681443,
        0.865196
      ],
      [
        -0.9009367,
        0.0287908558,
        -0.432994366
      ]
    ],
    "translation": [
      2.160299,
      0.9893594,
      -0.883019447
    ]
  },
  {
    "timeStamp": 66387,
    "rotation": [
      [
        0.0257924329,
        -0.980821431,
        0.193194255
      ],
      [
        -0.382792026,
        0.168838486,
        0.9082752
      ],
      [
        -0.923474431,
        -0.0973798558,
        -0.371095866
      ]
    ],
    "translation": [
      2.14808965,
      0.9818756,
      -0.844898
    ]
  },
  {
    "timeStamp": 66432,
    "rotation": [
      [
        0.119163111,
        -0.988238037,
        0.09584165
      ],
      [
        -0.3076825,
        0.05502244,
        0.9498968
      ],
      [
        -0.9439976,
        -0.142681465,
        -0.297506928
      ]
    ],
    "translation": [
      2.14691424,
      0.9631532,
      -0.823735535
    ]
  },
  {
    "timeStamp": 66483,
    "rotation": [
      [
        0.161167026,
        -0.9863854,
        0.032696
      ],
      [
        -0.258249223,
        -0.0101746377,
        0.966024756
      ],
      [
        -0.95254004,
        -0.164135054,
        -0.256373078
      ]
    ],
    "translation": [
      2.14994979,
      0.9451844,
      -0.803708136
    ]
  },
  {
    "timeStamp": 66538,
    "rotation": [
      [
        0.127672732,
        -0.991815746,
        0.00114557939
      ],
      [
        -0.1932941,
        -0.02374911,
        0.9808534
      ],
      [
        -0.9727986,
        -0.125449672,
        -0.194744229
      ]
    ],
    "translation": [
      2.1571424,
      0.917622864,
      -0.77868557
    ]
  },
  {
    "timeStamp": 66582,
    "rotation": [
      [
        0.162031472,
        -0.9848046,
        -0.0624953061
      ],
      [
        -0.140752211,
        -0.08574994,
        0.98632437
      ],
      [
        -0.9766957,
        -0.151019245,
        -0.152507618
      ]
    ],
    "translation": [
      2.158349,
      0.897996068,
      -0.7660432
    ]
  },
  {
    "timeStamp": 66638,
    "rotation": [
      [
        0.155118749,
        -0.985348,
        -0.07090502
      ],
      [
        -0.0935601443,
        -0.08610404,
        0.991883337
      ],
      [
        -0.9834554,
        -0.1472258,
        -0.105545647
      ]
    ],
    "translation": [
      2.15541553,
      0.879520655,
      -0.7533736
    ]
  },
  {
    "timeStamp": 66682,
    "rotation": [
      [
        0.156945914,
        -0.985723436,
        -0.0609695427
      ],
      [
        -0.0824622,
        -0.0745985359,
        0.9937983
      ],
      [
        -0.9841585,
        -0.150944918,
        -0.0929928645
      ]
    ],
    "translation": [
      2.14871883,
      0.8672441,
      -0.745264769
    ]
  },
  {
    "timeStamp": 66737,
    "rotation": [
      [
        0.157030612,
        -0.9789646,
        -0.130268008
      ],
      [
        -0.01931614,
        -0.134923711,
        0.9906677
      ],
      [
        -0.9874048,
        -0.153048873,
        -0.04009697
      ]
    ],
    "translation": [
      2.15068555,
      0.8492592,
      -0.7430163
    ]
  },
  {
    "timeStamp": 66782,
    "rotation": [
      [
        0.1287914,
        -0.9869225,
        -0.09693699
      ],
      [
        0.00626133056,
        -0.09693986,
        0.99527055
      ],
      [
        -0.991651952,
        -0.128789246,
        -0.006305574
      ]
    ],
    "translation": [
      2.149213,
      0.8347928,
      -0.744184434
    ]
  },
  {
    "timeStamp": 66838,
    "rotation": [
      [
        0.101209618,
        -0.9822768,
        -0.1577623
      ],
      [
        0.06827812,
        -0.151344478,
        0.986120164
      ],
      [
        -0.9925194,
        -0.110576548,
        0.0517505
      ]
    ],
    "translation": [
      2.157372,
      0.821830034,
      -0.749357641
    ]
  },
  {
    "timeStamp": 66882,
    "rotation": [
      [
        0.08570886,
        -0.981866241,
        -0.1690937
      ],
      [
        0.06762437,
        -0.163593814,
        0.9842073
      ],
      [
        -0.9940226,
        -0.09579015,
        0.0523766465
      ]
    ],
    "translation": [
      2.159574,
      0.8154368,
      -0.752095342
    ]
  },
  {
    "timeStamp": 66939,
    "rotation": [
      [
        0.0479736626,
        -0.9869001,
        -0.154035047
      ],
      [
        0.0456110835,
        -0.1518873,
        0.987344861
      ],
      [
        -0.997806668,
        -0.0543922558,
        0.03772699
      ]
    ],
    "translation": [
      2.160087,
      0.811871767,
      -0.755989134
    ]
  },
  {
    "timeStamp": 66984,
    "rotation": [
      [
        0.0911772549,
        -0.9765748,
        -0.19490616
      ],
      [
        0.0869916454,
        -0.187162414,
        0.978469551
      ],
      [
        -0.99202776,
        -0.106169388,
        0.06788889
      ]
    ],
    "translation": [
      2.15577722,
      0.807326853,
      -0.763046563
    ]
  },
  {
    "timeStamp": 67043,
    "rotation": [
      [
        0.06478914,
        -0.965726852,
        -0.251344383
      ],
      [
        0.07545152,
        -0.246411785,
        0.9662237
      ],
      [
        -0.995042443,
        -0.08156513,
        0.0569007546
      ]
    ],
    "translation": [
      2.151091,
      0.8080631,
      -0.758329153
    ]
  },
  {
    "timeStamp": 67087,
    "rotation": [
      [
        0.084312804,
        -0.969565749,
        -0.229855582
      ],
      [
        0.05980303,
        -0.225337416,
        0.97244364
      ],
      [
        -0.994643152,
        -0.09573551,
        0.0389841422
      ]
    ],
    "translation": [
      2.14335418,
      0.8095756,
      -0.760456264
    ]
  },
  {
    "timeStamp": 67133,
    "rotation": [
      [
        0.08786265,
        -0.9693997,
        -0.2292256
      ],
      [
        0.08535367,
        -0.221942768,
        0.9713167
      ],
      [
        -0.9924691,
        -0.104907714,
        0.06324134
      ]
    ],
    "translation": [
      2.14303923,
      0.8119054,
      -0.7629214
    ]
  },
  {
    "timeStamp": 67187,
    "rotation": [
      [
        0.07176011,
        -0.98997736,
        -0.121636115
      ],
      [
        0.129919782,
        -0.111634165,
        0.985220134
      ],
      [
        -0.9889243,
        -0.08650242,
        0.120606758
      ]
    ],
    "translation": [
      2.1358552,
      0.8115602,
      -0.770980835
    ]
  },
  {
    "timeStamp": 67233,
    "rotation": [
      [
        0.02136747,
        -0.997722745,
        -0.06397556
      ],
      [
        0.146996319,
        -0.06015951,
        0.9873059
      ],
      [
        -0.988906264,
        -0.0305004064,
        0.1453761
      ]
    ],
    "translation": [
      2.132282,
      0.8082731,
      -0.7762386
    ]
  },
  {
    "timeStamp": 67287,
    "rotation": [
      [
        -0.00667409832,
        -0.9994218,
        -0.03334077
      ],
      [
        0.15287213,
        -0.0339693353,
        0.987661958
      ],
      [
        -0.988223433,
        0.00149486784,
        0.153010458
      ]
    ],
    "translation": [
      2.13002133,
      0.8072378,
      -0.779315531
    ]
  },
  {
    "timeStamp": 67332,
    "rotation": [
      [
        -0.007029191,
        -0.9973676,
        -0.07216909
      ],
      [
        0.1323082,
        -0.0724639744,
        0.988556266
      ],
      [
        -0.9911837,
        -0.00259982026,
        0.132469282
      ]
    ],
    "translation": [
      2.13317919,
      0.81142503,
      -0.778508663
    ]
  },
  {
    "timeStamp": 67387,
    "rotation": [
      [
        0.0270653851,
        -0.998130858,
        -0.054793112
      ],
      [
        0.154269844,
        -0.0499859042,
        0.986763537
      ],
      [
        -0.987658,
        -0.0351600423,
        0.152628615
      ]
    ],
    "translation": [
      2.13091421,
      0.810190737,
      -0.7786857
    ]
  },
  {
    "timeStamp": 67433,
    "rotation": [
      [
        0.04106996,
        -0.999092758,
        -0.0112619624
      ],
      [
        0.158859849,
        -0.004598632,
        0.987290442
      ],
      [
        -0.986446559,
        -0.0423370525,
        0.158526868
      ]
    ],
    "translation": [
      2.128002,
      0.8077341,
      -0.778565347
    ]
  },
  {
    "timeStamp": 67487,
    "rotation": [
      [
        0.05992267,
        -0.998118162,
        0.0130188046
      ],
      [
        0.167789012,
        0.022928277,
        0.985556245
      ],
      [
        -0.9840001,
        -0.0568727478,
        0.168847173
      ]
    ],
    "translation": [
      2.12651253,
      0.806163847,
      -0.7781116
    ]
  },
  {
    "timeStamp": 67543,
    "rotation": [
      [
        0.07328187,
        -0.9971997,
        0.0149146989
      ],
      [
        0.171556175,
        0.0273364279,
        0.984795
      ],
      [
        -0.982445,
        -0.0696089,
        0.173079044
      ]
    ],
    "translation": [
      2.12588477,
      0.80546,
      -0.7777793
    ]
  }
]