[
  {
    "timeStamp": 117930,
    "rotation": [
      [
        0.999958456,
        -0.00392622547,
        0.008231269
      ],
      [
        0.00219365163,
        0.9796333,
        0.2007832
      ],
      [
        -0.00885194447,
        -0.200756788,
        0.979601145
      ]
    ],
    "translation": [
      1.15375972,
      0.690170467,
      -0.491044641
    ]
  },
  {
    "timeStamp": 117974,
    "rotation": [
      [
        0.999965549,
        -0.000314106961,
        0.0082922345
      ],
      [
        -0.00147068,
        0.9767559,
        0.214349359
      ],
      [
        -0.008166818,
        -0.214354172,
        0.9767218
      ]
    ],
    "translation": [
      1.15373528,
      0.6898359,
      -0.4908853
    ]
  },
  {
    "timeStamp": 118030,
    "rotation": [
      [
        0.9999946,
        -0.001827404,
        0.0027351724
      ],
      [
        0.00120399834,
        0.977129,
        0.2126439
      ],
      [
        -0.00306120259,
        -0.212639451,
        0.977125943
      ]
    ],
    "translation": [
      1.1547246,
      0.6900025,
      -0.4919169
    ]
  },
  {
    "timeStamp": 118074,
    "rotation": [
      [
        0.997313261,
        0.0717300847,
        -0.014867547
      ],
      [
        -0.06870614,
        0.986322939,
        0.149821833
      ],
      [
        0.0254109353,
        -0.1483978,
        0.9886012
      ]
    ],
    "translation": [
      1.15756345,
      0.695978045,
      -0.5018194
    ]
  },
  {
    "timeStamp": 118130,
    "rotation": [
      [
        0.98941046,
        0.145041987,
        -0.005446715
      ],
      [
        -0.1428553,
        0.9797597,
        0.14022553
      ],
      [
        0.0256750621,
        -0.13796252,
        0.9901046
      ]
    ],
    "translation": [
      1.15723538,
      0.710971355,
      -0.5121179
    ]
  },
  {
    "timeStamp": 118174,
    "rotation": [
      [
        0.9818581,
        0.189239129,
        -0.0119711515
      ],
      [
        -0.186396211,
        0.9748405,
        0.122239053
      ],
      [
        0.0348023772,
        -0.117790028,
        0.9924285
      ]
    ],
    "translation": [
      1.16087222,
      0.7231695,
      -0.5235218
    ]
  },
  {
    "timeStamp": 118230,
    "rotation": [
      [
        0.973025262,
        0.230453253,
        -0.0106402235
      ],
      [
        -0.228505746,
        0.9690944,
        0.09295834
      ],
      [
        0.0317339338,
        -0.08801946,
        0.995613158
      ]
    ],
    "translation": [
      1.16967428,
      0.737452269,
      -0.539164543
    ]
  },
  {
    "timeStamp": 118274,
    "rotation": [
      [
        0.961083949,
        0.276255876,
        0.0005942512
      ],
      [
        -0.2762132,
        0.9608929,
        0.0197767876
      ],
      [
        0.00489244238,
        -0.019171292,
        0.999804258
      ]
    ],
    "translation": [
      1.18035543,
      0.7542024,
      -0.555045843
    ]
  },
  {
    "timeStamp": 118330,
    "rotation": [
      [
        0.9508163,
        0.309699327,
        -0.00589069352
      ],
      [
        -0.309472531,
        0.94896394,
        -0.060779728
      ],
      [
        -0.013233385,
        0.059613362,
        0.998133838
      ]
    ],
    "translation": [
      1.20359647,
      0.7797889,
      -0.578729749
    ]
  },
  {
    "timeStamp": 118374,
    "rotation": [
      [
        0.9395226,
        0.3424079,
        -0.007351975
      ],
      [
        -0.341503233,
        0.9349827,
        -0.0958271
      ],
      [
        -0.02593799,
        0.0925424546,
        0.9953708
      ]
    ],
    "translation": [
      1.22972715,
      0.804003358,
      -0.59814024
    ]
  },
  {
    "timeStamp": 118430,
    "rotation": [
      [
        0.929774344,
        0.368129969,
        0.000231299535
      ],
      [
        -0.366064966,
        0.9246249,
        -0.105191253
      ],
      [
        -0.03893792,
        0.09771946,
        0.994452
      ]
    ],
    "translation": [
      1.2738477,
      0.8352992,
      -0.6274919
    ]
  },
  {
    "timeStamp": 118474,
    "rotation": [
      [
        0.9302063,
        0.3668756,
        0.0108870137
      ],
      [
        -0.363281459,
        0.9245155,
        -0.115315959
      ],
      [
        -0.0523718223,
        0.103312582,
        0.9932692
      ]
    ],
    "translation": [
      1.31713212,
      0.8569863,
      -0.656987965
    ]
  },
  {
    "timeStamp": 118530,
    "rotation": [
      [
        0.9201021,
        0.390303582,
        0.0327882357
      ],
      [
        -0.380710363,
        0.91086936,
        -0.159300357
      ],
      [
        -0.0920413,
        0.134089783,
        0.9866855
      ]
    ],
    "translation": [
      1.37833476,
      0.885987341,
      -0.698272347
    ]
  },
  {
    "timeStamp": 118574,
    "rotation": [
      [
        0.9266919,
        0.367605925,
        0.07815366
      ],
      [
        -0.348956883,
        0.918849647,
        -0.184240311
      ],
      [
        -0.139539286,
        0.143461749,
        0.9797691
      ]
    ],
    "translation": [
      1.43046951,
      0.8992538,
      -0.7276475
    ]
  },
  {
    "timeStamp": 118630,
    "rotation": [
      [
        0.9428116,
        0.2939668,
        0.157129556
      ],
      [
        -0.2711112,
        0.950536251,
        -0.151590332
      ],
      [
        -0.193919852,
        0.100321554,
        0.9758743
      ]
    ],
    "translation": [
      1.49760985,
      0.906415,
      -0.756043
    ]
  },
  {
    "timeStamp": 118674,
    "rotation": [
      [
        0.933641136,
        0.248344973,
        0.258145154
      ],
      [
        -0.221963584,
        0.9667178,
        -0.1272353
      ],
      [
        -0.281151772,
        0.06149328,
        0.9576911
      ]
    ],
    "translation": [
      1.55047739,
      0.9152488,
      -0.768767059
    ]
  },
  {
    "timeStamp": 118730,
    "rotation": [
      [
        0.8709339,
        0.209560052,
        0.4444757
      ],
      [
        -0.187914282,
        0.977792,
        -0.0927952453
      ],
      [
        -0.454050958,
        -0.002704804,
        0.8909716
      ]
    ],
    "translation": [
      1.61772025,
      0.9296561,
      -0.773417056
    ]
  },
  {
    "timeStamp": 118774,
    "rotation": [
      [
        0.7707574,
        0.1661207,
        0.615090966
      ],
      [
        -0.17411077,
        0.9835814,
        -0.04746626
      ],
      [
        -0.6128772,
        -0.0705089942,
        0.787026048
      ]
    ],
    "translation": [
      1.6726799,
      0.9409087,
      -0.7700284
    ]
  },
  {
    "timeStamp": 118830,
    "rotation": [
      [
        0.5422634,
        0.138653472,
        0.828689158
      ],
      [
        -0.19005768,
        0.9809673,
        -0.03976545
      ],
      [
        -0.818430543,
        -0.135935381,
        0.558294833
      ]
    ],
    "translation": [
      1.7468698,
      0.9580028,
      -0.76069957
    ]
  },
  {
    "timeStamp": 118874,
    "rotation": [
      [
        0.3796277,
        0.1363181,
        0.9150411
      ],
      [
        -0.216006219,
        0.9748073,
        -0.0556061752
      ],
      [
        -0.899568856,
        -0.17654492,
        0.3995094
      ]
    ],
    "translation": [
      1.80776274,
      0.974048853,
      -0.7585337
    ]
  },
  {
    "timeStamp": 118930,
    "rotation": [
      [
        0.22493124,
        0.04703917,
        0.9732385
      ],
      [
        -0.278292477,
        0.9603295,
        0.0179026742
      ],
      [
        -0.9337875,
        -0.274871826,
        0.229098752
      ]
    ],
    "translation": [
      1.88409352,
      0.992534339,
      -0.755902469
    ]
  },
  {
    "timeStamp": 118974,
    "rotation": [
      [
        0.102631114,
        0.04600338,
        0.993655145
      ],
      [
        -0.319605,
        0.9474887,
        -0.0108551383
      ],
      [
        -0.941976368,
        -0.316463083,
        0.111944735
      ]
    ],
    "translation": [
      1.93977749,
      1.01145244,
      -0.753905237
    ]
  },
  {
    "timeStamp": 119030,
    "rotation": [
      [
        0.00163022219,
        0.00579485763,
        0.9999819
      ],
      [
        -0.358918071,
        0.933356643,
        -0.00482364
      ],
      [
        -0.93336767,
        -0.3589037,
        0.00360145769
      ]
    ],
    "translation": [
      2.00094652,
      1.02810836,
      -0.7470658
    ]
  },
  {
    "timeStamp": 119074,
    "rotation": [
      [
        -0.0331411958,
        -0.009006705,
        0.9994101
      ],
      [
        -0.3762223,
        0.9265202,
        -0.00412599742
      ],
      [
        -0.9259365,
        -0.376137137,
        -0.0340945125
      ]
    ],
    "translation": [
      2.03815436,
      1.03290343,
      -0.7406081
    ]
  },
  {
    "timeStamp": 119130,
    "rotation": [
      [
        -0.04077144,
        -0.0313689038,
        0.998676
      ],
      [
        -0.334490448,
        0.9422643,
        0.0159412473
      ],
      [
        -0.9415168,
        -0.333397627,
        -0.0489100665
      ]
    ],
    "translation": [
      2.07007933,
      1.0216341,
      -0.732888758
    ]
  },
  {
    "timeStamp": 119174,
    "rotation": [
      [
        -0.0185340289,
        -0.01847463,
        0.9996575
      ],
      [
        -0.224887684,
        0.974286437,
        0.0138362441
      ],
      [
        -0.9742084,
        -0.224554226,
        -0.02221217
      ]
    ],
    "translation": [
      2.08307028,
      0.997020662,
      -0.730196834
    ]
  },
  {
    "timeStamp": 119225,
    "rotation": [
      [
        0.0187214073,
        0.009956425,
        0.9997752
      ],
      [
        -0.107677422,
        0.994154632,
        -0.007884126
      ],
      [
        -0.994009554,
        -0.107505605,
        0.0196840577
      ]
    ],
    "translation": [
      2.08801126,
      0.970786,
      -0.7312647
    ]
  },
  {
    "timeStamp": 119273,
    "rotation": [
      [
        0.05581091,
        0.0173875,
        0.998289943
      ],
      [
        0.00629880838,
        0.9998223,
        -0.0177663341
      ],
      [
        -0.9984215,
        0.007279592,
        0.0556914732
      ]
    ],
    "translation": [
      2.09191275,
      0.943593,
      -0.731531441
    ]
  },
  {
    "timeStamp": 119325,
    "rotation": [
      [
        0.0726341456,
        0.0513910465,
        0.9960337
      ],
      [
        0.08091201,
        0.9950762,
        -0.0572420172
      ],
      [
        -0.9940712,
        0.08474882,
        0.06811835
      ]
    ],
    "translation": [
      2.09279037,
      0.9241022,
      -0.729949653
    ]
  },
  {
    "timeStamp": 119380,
    "rotation": [
      [
        0.0889826342,
        -0.008097146,
        0.99600023
      ],
      [
        0.137387216,
        0.9905084,
        -0.00422167033
      ],
      [
        -0.9865124,
        0.137213349,
        0.08925049
      ]
    ],
    "translation": [
      2.09612727,
      0.907960832,
      -0.728948653
    ]
  },
  {
    "timeStamp": 119425,
    "rotation": [
      [
        0.106738232,
        0.02475838,
        0.993978858
      ],
      [
        0.142573252,
        0.9889779,
        -0.0399440154
      ],
      [
        -0.9840121,
        0.145978361,
        0.102031872
      ]
    ],
    "translation": [
      2.09375739,
      0.9089047,
      -0.728411853
    ]
  },
  {
    "timeStamp": 119480,
    "rotation": [
      [
        0.082209684,
        -0.0129331844,
        0.9965311
      ],
      [
        0.112809367,
        0.9936102,
        0.00358897075
      ],
      [
        -0.990209937,
        0.112123,
        0.08314336
      ]
    ],
    "translation": [
      2.10094261,
      0.9116552,
      -0.7228302
    ]
  },
  {
    "timeStamp": 119524,
    "rotation": [
      [
        0.0298785158,
        0.0541237332,
        0.9980871
      ],
      [
        0.105687141,
        0.9927645,
        -0.0569989271
      ],
      [
        -0.9939504,
        0.107188016,
        0.0239421465
      ]
    ],
    "translation": [
      2.10219979,
      0.911544442,
      -0.716765165
    ]
  },
  {
    "timeStamp": 119580,
    "rotation": [
      [
        -0.07105094,
        0.08258662,
        0.9940479
      ],
      [
        0.08147858,
        0.993716657,
        -0.07673531
      ],
      [
        -0.9941393,
        0.0755415,
        -0.07733355
      ]
    ],
    "translation": [
      2.10188627,
      0.9022057,
      -0.707337
    ]
  },
  {
    "timeStamp": 119625,
    "rotation": [
      [
        -0.125708118,
        0.117774568,
        0.9850516
      ],
      [
        0.0821434,
        0.9907543,
        -0.107973605
      ],
      [
        -0.9886607,
        0.06734233,
        -0.134220257
      ]
    ],
    "translation": [
      2.09300756,
      0.888358831,
      -0.705884755
    ]
  },
  {
    "timeStamp": 119683,
    "rotation": [
      [
        -0.145497039,
        0.06499438,
        0.9872216
      ],
      [
        0.04909389,
        0.9970849,
        -0.0584082641
      ],
      [
        -0.988139868,
        0.0399683155,
        -0.148263738
      ]
    ],
    "translation": [
      2.08252025,
      0.880391836,
      -0.703315437
    ]
  },
  {
    "timeStamp": 119727,
    "rotation": [
      [
        -0.1271647,
        0.0576126873,
        0.990206957
      ],
      [
        0.0713463649,
        0.996257,
        -0.0488022231
      ],
      [
        -0.9893123,
        0.06444175,
        -0.130799174
      ]
    ],
    "translation": [
      2.07298183,
      0.8708076,
      -0.705774665
    ]
  },
  {
    "timeStamp": 119773,
    "rotation": [
      [
        -0.126209572,
        0.0187814143,
        0.991825759
      ],
      [
        0.0677972659,
        0.997646332,
        -0.01026445
      ],
      [
        -0.989684165,
        0.0659476,
        -0.127185836
      ]
    ],
    "translation": [
      2.07061219,
      0.8606059,
      -0.7075248
    ]
  },
  {
    "timeStamp": 119829,
    "rotation": [
      [
        -0.171821281,
        0.00774736144,
        0.985097647
      ],
      [
        0.131664515,
        0.9911782,
        0.015169817
      ],
      [
        -0.9762898,
        0.1323089,
        -0.171325579
      ]
    ],
    "translation": [
      2.07475066,
      0.854102433,
      -0.7107894
    ]
  },
  {
    "timeStamp": 119874,
    "rotation": [
      [
        -0.208050072,
        0.0385305174,
        0.977359
      ],
      [
        0.215601817,
        0.976453364,
        0.00740027
      ],
      [
        -0.9540603,
        0.21226,
        -0.211458445
      ]
    ],
    "translation": [
      2.075688,
      0.8504562,
      -0.714947939
    ]
  },
  {
    "timeStamp": 119930,
    "rotation": [
      [
        -0.237359717,
        0.0460904427,
        0.9703278
      ],
      [
        0.2445599,
        0.969536364,
        0.0137709239
      ],
      [
        -0.9401334,
        0.240571946,
        -0.241400763
      ]
    ],
    "translation": [
      2.07631969,
      0.8486856,
      -0.716614068
    ]
  },
  {
    "timeStamp": 119974,
    "rotation": [
      [
        -0.236700743,
        0.0574281737,
        0.9698839
      ],
      [
        0.280590147,
        0.95975703,
        0.0116496468
      ],
      [
        -0.9301838,
        0.274897337,
        -0.243288964
      ]
    ],
    "translation": [
      2.07602954,
      0.8469476,
      -0.7154272
    ]
  },
  {
    "timeStamp": 120030,
    "rotation": [
      [
        -0.220628768,
        0.00524821645,
        0.975343764
      ],
      [
        0.16156514,
        0.9863675,
        0.0312394965
      ],
      [
        -0.961883366,
        0.164473876,
        -0.218468979
      ]
    ],
    "translation": [
      2.0714395,
      0.837627947,
      -0.7094544
    ]
  },
  {
    "timeStamp": 120074,
    "rotation": [
      [
        -0.184273884,
        -0.0262969062,
        0.9825231
      ],
      [
        0.06715828,
        0.996968865,
        0.0392791927
      ],
      [
        -0.9805778,
        0.07322269,
        -0.181949273
      ]
    ],
    "translation": [
      2.06843734,
      0.832948148,
      -0.701709867
    ]
  },
  {
    "timeStamp": 120130,
    "rotation": [
      [
        -0.175722465,
        -0.04388166,
        0.983461261
      ],
      [
        0.0590219349,
        0.996739268,
        0.0550200157
      ],
      [
        -0.9826688,
        0.0677140355,
        -0.1725595
      ]
    ],
    "translation": [
      2.06463575,
      0.8306107,
      -0.6976897
    ]
  },
  {
    "timeStamp": 120174,
    "rotation": [
      [
        -0.175476968,
        -0.06322983,
        0.9824509
      ],
      [
        0.0616635121,
        0.99527,
        0.07506866
      ],
      [
        -0.982550442,
        0.0737542,
        -0.17074798
      ]
    ],
    "translation": [
      2.06620932,
      0.8280379,
      -0.6961997
    ]
  },
  {
    "timeStamp": 120230,
    "rotation": [
      [
        -0.179534927,
        -0.0406773761,
        0.9829103
      ],
      [
        0.107552513,
        0.9923439,
        0.06071295
      ],
      [
        -0.9778546,
        0.116614558,
        -0.173785433
      ]
    ],
    "translation": [
      2.0644958,
      0.8207622,
      -0.696478963
    ]
  }
]