[
  {
    "timeStamp": 19522,
    "rotation": [
      [
        0.99747473,
        -0.0637877956,
        -0.0312299579
      ],
      [
        0.0271402542,
        -0.0640041,
        0.9975805
      ],
      [
        -0.06563229,
        -0.9959089,
        -0.06211125
      ]
    ],
    "translation": [
      1.45873415,
      0.6996976,
      -0.7478833
    ]
  },
  {
    "timeStamp": 19577,
    "rotation": [
      [
        0.9881257,
        -0.15357396,
        -0.00476612337
      ],
      [
        -0.00262364745,
        -0.0478800833,
        0.99884963
      ],
      [
        -0.1536255,
        -0.986976445,
        -0.04771446
      ]
    ],
    "translation": [
      1.458186,
      0.7062071,
      -0.732528448
    ]
  },
  {
    "timeStamp": 19625,
    "rotation": [
      [
        0.988355935,
        -0.150791615,
        -0.0203578677
      ],
      [
        0.0239625257,
        0.0221263487,
        0.999467969
      ],
      [
        -0.15026094,
        -0.9883179,
        0.0254820567
      ]
    ],
    "translation": [
      1.46565652,
      0.7050086,
      -0.7448648
    ]
  },
  {
    "timeStamp": 19678,
    "rotation": [
      [
        0.9623938,
        -0.242663875,
        0.122116394
      ],
      [
        -0.127154753,
        -0.00514877867,
        0.9918695
      ],
      [
        -0.240062147,
        -0.9700968,
        -0.03581102
      ]
    ],
    "translation": [
      1.44523013,
      0.7534895,
      -0.726156354
    ]
  },
  {
    "timeStamp": 19721,
    "rotation": [
      [
        0.902837634,
        -0.348726779,
        0.251542866
      ],
      [
        -0.24672091,
        0.05897473,
        0.9672904
      ],
      [
        -0.352154732,
        -0.9353671,
        -0.03279358
      ]
    ],
    "translation": [
      1.4442327,
      0.8213338,
      -0.720701456
    ]
  },
  {
    "timeStamp": 19777,
    "rotation": [
      [
        0.769248962,
        -0.50047195,
        0.397220075
      ],
      [
        -0.358554453,
        0.17644684,
        0.916681647
      ],
      [
        -0.528861642,
        -0.847581446,
        -0.0437148847
      ]
    ],
    "translation": [
      1.46803641,
      0.9063516,
      -0.70771575
    ]
  },
  {
    "timeStamp": 19822,
    "rotation": [
      [
        0.6431771,
        -0.6132016,
        0.458592474
      ],
      [
        -0.413411,
        0.226030514,
        0.882043958
      ],
      [
        -0.64452666,
        -0.7568976,
        -0.108126633
      ]
    ],
    "translation": [
      1.509023,
      0.9628595,
      -0.6896475
    ]
  },
  {
    "timeStamp": 19877,
    "rotation": [
      [
        0.4596814,
        -0.751040936,
        0.473952
      ],
      [
        -0.451414675,
        0.2619928,
        0.8529857
      ],
      [
        -0.7647992,
        -0.606050551,
        -0.21859768
      ]
    ],
    "translation": [
      1.5851233,
      1.01678634,
      -0.66192466
    ]
  },
  {
    "timeStamp": 19922,
    "rotation": [
      [
        0.3136253,
        -0.8436785,
        0.435712934
      ],
      [
        -0.4687561,
        0.261489451,
        0.8437363
      ],
      [
        -0.8257765,
        -0.468860179,
        -0.313469738
      ]
    ],
    "translation": [
      1.6582365,
      1.048157,
      -0.645822942
    ]
  },
  {
    "timeStamp": 19977,
    "rotation": [
      [
        0.154567853,
        -0.944899142,
        0.288572967
      ],
      [
        -0.4672409,
        0.187444061,
        0.8640316
      ],
      [
        -0.870514035,
        -0.268384635,
        -0.4125227
      ]
    ],
    "translation": [
      1.77254891,
      1.06832755,
      -0.6323957
    ]
  },
  {
    "timeStamp": 20022,
    "rotation": [
      [
        0.06202307,
        -0.985004246,
        0.1609963
      ],
      [
        -0.46104756,
        0.114789583,
        0.8799196
      ],
      [
        -0.8852052,
        -0.12880227,
        -0.447014183
      ]
    ],
    "translation": [
      1.860246,
      1.07707143,
      -0.6372737
    ]
  },
  {
    "timeStamp": 20077,
    "rotation": [
      [
        0.0175668355,
        -0.9996168,
        -0.0213938281
      ],
      [
        -0.450474173,
        -0.027015198,
        0.892380655
      ],
      [
        -0.8926166,
        -0.006038938,
        -0.4507761
      ]
    ],
    "translation": [
      1.96272421,
      1.07974792,
      -0.655325949
    ]
  },
  {
    "timeStamp": 20121,
    "rotation": [
      [
        -0.06728711,
        -0.9921075,
        -0.105806932
      ],
      [
        -0.4268687,
        -0.0672257245,
        0.9018114
      ],
      [
        -0.901806831,
        0.105845943,
        -0.418976218
      ]
    ],
    "translation": [
      2.03370786,
      1.07676554,
      -0.676367164
    ]
  },
  {
    "timeStamp": 20177,
    "rotation": [
      [
        -0.105606772,
        -0.97770983,
        -0.181468
      ],
      [
        -0.412605971,
        -0.122954845,
        0.9025732
      ],
      [
        -0.9047671,
        0.170192614,
        -0.390424073
      ]
    ],
    "translation": [
      2.098577,
      1.06848967,
      -0.699230433
    ]
  },
  {
    "timeStamp": 20222,
    "rotation": [
      [
        -0.108404875,
        -0.977559745,
        -0.1806246
      ],
      [
        -0.368193716,
        -0.1292912,
        0.9207156
      ],
      [
        -0.9234077,
        0.1663149,
        -0.345915556
      ]
    ],
    "translation": [
      2.12587428,
      1.0494206,
      -0.7151464
    ]
  },
  {
    "timeStamp": 20277,
    "rotation": [
      [
        -0.134345889,
        -0.9834587,
        -0.121491455
      ],
      [
        -0.327517748,
        -0.07164454,
        0.9421248
      ],
      [
        -0.935245037,
        0.166361213,
        -0.312475055
      ]
    ],
    "translation": [
      2.134644,
      1.02053583,
      -0.7259725
    ]
  },
  {
    "timeStamp": 20324,
    "rotation": [
      [
        -0.107790433,
        -0.987679064,
        -0.113451637
      ],
      [
        -0.3016333,
        -0.07624732,
        0.9503703
      ],
      [
        -0.9473113,
        0.1366616,
        -0.289698184
      ]
    ],
    "translation": [
      2.13396454,
      0.9981884,
      -0.7270861
    ]
  },
  {
    "timeStamp": 20372,
    "rotation": [
      [
        -0.06077338,
        -0.9930938,
        -0.100356
      ],
      [
        -0.28846702,
        -0.07877701,
        0.95424366
      ],
      [
        -0.9555592,
        0.08694201,
        -0.28168726
      ]
    ],
    "translation": [
      2.12758613,
      0.973735,
      -0.7197718
    ]
  },
  {
    "timeStamp": 20427,
    "rotation": [
      [
        -0.109700494,
        -0.98902303,
        -0.09899121
      ],
      [
        -0.268033355,
        -0.06646806,
        0.961114
      ],
      [
        -0.9571436,
        0.131967634,
        -0.2577996
      ]
    ],
    "translation": [
      2.13924241,
      0.9487711,
      -0.709074
    ]
  },
  {
    "timeStamp": 20472,
    "rotation": [
      [
        -0.130701855,
        -0.9882174,
        -0.07964529
      ],
      [
        -0.238437265,
        -0.04664429,
        0.9700371
      ],
      [
        -0.9623226,
        0.145776063,
        -0.229531363
      ]
    ],
    "translation": [
      2.14170551,
      0.926953435,
      -0.704041362
    ]
  },
  {
    "timeStamp": 20527,
    "rotation": [
      [
        -0.0144152148,
        -0.9966718,
        -0.08023381
      ],
      [
        -0.214029521,
        -0.07530668,
        0.973920047
      ],
      [
        -0.9767208,
        0.0312116742,
        -0.212231636
      ]
    ],
    "translation": [
      2.13451576,
      0.901623547,
      -0.693906665
    ]
  },
  {
    "timeStamp": 20572,
    "rotation": [
      [
        0.01973044,
        -0.9987908,
        -0.04502979
      ],
      [
        -0.141139477,
        -0.04736999,
        0.9888558
      ],
      [
        -0.9897931,
        -0.0131550832,
        -0.141903445
      ]
    ],
    "translation": [
      2.130436,
      0.8726589,
      -0.699250042
    ]
  },
  {
    "timeStamp": 20627,
    "rotation": [
      [
        0.08558518,
        -0.995713055,
        -0.0350813232
      ],
      [
        -0.104911059,
        -0.04402108,
        0.993506849
      ],
      [
        -0.990792036,
        -0.08134905,
        -0.108228862
      ]
    ],
    "translation": [
      2.12685847,
      0.843550265,
      -0.700312257
    ]
  },
  {
    "timeStamp": 20672,
    "rotation": [
      [
        0.121962652,
        -0.990676343,
        -0.0607079342
      ],
      [
        -0.07414766,
        -0.07008784,
        0.9947813
      ],
      [
        -0.9897612,
        -0.116824836,
        -0.08200443
      ]
    ],
    "translation": [
      2.13837767,
      0.8244172,
      -0.700049341
    ]
  },
  {
    "timeStamp": 20729,
    "rotation": [
      [
        0.175919726,
        -0.9798656,
        -0.0944226459
      ],
      [
        -0.0494330376,
        -0.104590811,
        0.993286
      ],
      [
        -0.9831626,
        -0.170070991,
        -0.06683732
      ]
    ],
    "translation": [
      2.14332056,
      0.80517596,
      -0.696839452
    ]
  },
  {
    "timeStamp": 20774,
    "rotation": [
      [
        0.191287279,
        -0.976811469,
        -0.09616933
      ],
      [
        -0.0276194811,
        -0.103296541,
        0.994267046
      ],
      [
        -0.9811454,
        -0.187534481,
        -0.04673834
      ]
    ],
    "translation": [
      2.1471355,
      0.791211963,
      -0.695057333
    ]
  },
  {
    "timeStamp": 20831,
    "rotation": [
      [
        0.216280177,
        -0.971263,
        -0.09935376
      ],
      [
        -0.0120128058,
        -0.104401931,
        0.9944626
      ],
      [
        -0.9762575,
        -0.213889018,
        -0.03424766
      ]
    ],
    "translation": [
      2.14593148,
      0.7764768,
      -0.691730738
    ]
  },
  {
    "timeStamp": 20876,
    "rotation": [
      [
        0.210235074,
        -0.971895933,
        -0.105922066
      ],
      [
        0.0005986474,
        -0.108215451,
        0.9941273
      ],
      [
        -0.977650642,
        -0.209063828,
        -0.02216886
      ]
    ],
    "translation": [
      2.149049,
      0.766073346,
      -0.6884872
    ]
  },
  {
    "timeStamp": 20921,
    "rotation": [
      [
        0.210180774,
        -0.9714752,
        -0.109818205
      ],
      [
        0.0216970984,
        -0.107664667,
        0.9939505
      ],
      [
        -0.977421761,
        -0.211292028,
        -0.00155085081
      ]
    ],
    "translation": [
      2.1527915,
      0.75624764,
      -0.6876052
    ]
  },
  {
    "timeStamp": 20977,
    "rotation": [
      [
        0.209592879,
        -0.9726169,
        -0.100435145
      ],
      [
        0.04589406,
        -0.0928178653,
        0.994624853
      ],
      [
        -0.976711154,
        -0.213075668,
        0.0251833722
      ]
    ],
    "translation": [
      2.15577865,
      0.7456876,
      -0.6899046
    ]
  }
]