[
  {
    "timeStamp": 5984,
    "rotation": [
      [
        -0.9983737,
        0.0216306858,
        -0.05274501
      ],
      [
        -0.0524211377,
        0.0152764171,
        0.9985082
      ],
      [
        0.0224041734,
        0.9996493,
        -0.0141176684
      ]
    ],
    "translation": [
      1.30833852,
      0.7020408,
      -0.488246053
    ]
  },
  {
    "timeStamp": 6039,
    "rotation": [
      [
        -0.994326532,
        0.0447789319,
        -0.0964861438
      ],
      [
        -0.09583173,
        0.0165430084,
        0.99526006
      ],
      [
        0.04616286,
        0.998859942,
        -0.01215791
      ]
    ],
    "translation": [
      1.30819368,
      0.707199156,
      -0.489694536
    ]
  },
  {
    "timeStamp": 6083,
    "rotation": [
      [
        -0.9969779,
        0.0752118,
        -0.019448068
      ],
      [
        -0.02148025,
        -0.0263054967,
        0.999423146
      ],
      [
        0.07465683,
        0.996820569,
        0.0278415661
      ]
    ],
    "translation": [
      1.29062569,
      0.728824735,
      -0.499361724
    ]
  },
  {
    "timeStamp": 6139,
    "rotation": [
      [
        -0.9866986,
        0.134949192,
        0.09063381
      ],
      [
        0.0879883,
        -0.0254530385,
        0.995796263
      ],
      [
        0.1366888,
        0.990525544,
        0.0132405292
      ]
    ],
    "translation": [
      1.2828666,
      0.7815298,
      -0.490899563
    ]
  },
  {
    "timeStamp": 6183,
    "rotation": [
      [
        -0.955214,
        0.205982208,
        0.2124559
      ],
      [
        0.202548236,
        -0.06830007,
        0.9768876
      ],
      [
        0.2157322,
        0.9761693,
        0.02351985
      ]
    ],
    "translation": [
      1.28507221,
      0.8371363,
      -0.489758939
    ]
  },
  {
    "timeStamp": 6239,
    "rotation": [
      [
        -0.8885024,
        0.3173141,
        0.331474274
      ],
      [
        0.3186292,
        -0.09319623,
        0.9432868
      ],
      [
        0.330210328,
        0.943729937,
        -0.0183004588
      ]
    ],
    "translation": [
      1.316381,
      0.9111253,
      -0.477858126
    ]
  },
  {
    "timeStamp": 6284,
    "rotation": [
      [
        -0.814878,
        0.411801159,
        0.4079137
      ],
      [
        0.398063451,
        -0.113964841,
        0.9102513
      ],
      [
        0.4213304,
        0.9041194,
        -0.0710555539
      ]
    ],
    "translation": [
      1.36049044,
      0.9695312,
      -0.46596247
    ]
  },
  {
    "timeStamp": 6339,
    "rotation": [
      [
        -0.7260752,
        0.543977,
        0.420599431
      ],
      [
        0.438264251,
        -0.105228275,
        0.8926654
      ],
      [
        0.5298484,
        0.832475841,
        -0.162002027
      ]
    ],
    "translation": [
      1.44088674,
      1.02672255,
      -0.4524625
    ]
  },
  {
    "timeStamp": 6383,
    "rotation": [
      [
        -0.6660151,
        0.625365257,
        0.406622946
      ],
      [
        0.468047321,
        -0.07410372,
        0.8805909
      ],
      [
        0.580823243,
        0.7768056,
        -0.243346319
      ]
    ],
    "translation": [
      1.51434624,
      1.06642008,
      -0.4463487
    ]
  },
  {
    "timeStamp": 6439,
    "rotation": [
      [
        -0.588176668,
        0.7397902,
        0.326739341
      ],
      [
        0.469936669,
        -0.016164979,
        0.8825521
      ],
      [
        0.6581851,
        0.672643363,
        -0.3381467
      ]
    ],
    "translation": [
      1.616624,
      1.10101569,
      -0.444268465
    ]
  },
  {
    "timeStamp": 6483,
    "rotation": [
      [
        -0.5337,
        0.8156194,
        0.223448858
      ],
      [
        0.451995581,
        0.0517955124,
        0.890515149
      ],
      [
        0.7147478,
        0.5762658,
        -0.3962996
      ]
    ],
    "translation": [
      1.70575893,
      1.11680913,
      -0.448229253
    ]
  },
  {
    "timeStamp": 6539,
    "rotation": [
      [
        -0.461844772,
        0.882804453,
        0.08576525
      ],
      [
        0.409224123,
        0.126297742,
        0.903650641
      ],
      [
        0.7869149,
        0.45244354,
        -0.419594854
      ]
    ],
    "translation": [
      1.81093347,
      1.12270439,
      -0.4651697
    ]
  },
  {
    "timeStamp": 6583,
    "rotation": [
      [
        -0.404027939,
        0.9146962,
        -0.009603334
      ],
      [
        0.369351655,
        0.172731832,
        0.9130953
      ],
      [
        0.836863637,
        0.365369022,
        -0.407633066
      ]
    ],
    "translation": [
      1.88679814,
      1.11922717,
      -0.485607147
    ]
  },
  {
    "timeStamp": 6639,
    "rotation": [
      [
        -0.3326879,
        0.936327636,
        -0.112290554
      ],
      [
        0.3297248,
        0.227051765,
        0.916367352
      ],
      [
        0.883515835,
        0.2678394,
        -0.384267837
      ]
    ],
    "translation": [
      1.96730876,
      1.10867,
      -0.5117049
    ]
  },
  {
    "timeStamp": 6683,
    "rotation": [
      [
        -0.270047337,
        0.9450298,
        -0.18437241
      ],
      [
        0.297957242,
        0.26410836,
        0.9173158
      ],
      [
        0.915585041,
        0.192783579,
        -0.352900237
      ]
    ],
    "translation": [
      2.026294,
      1.09472239,
      -0.532378852
    ]
  },
  {
    "timeStamp": 6738,
    "rotation": [
      [
        -0.221474066,
        0.9563133,
        -0.190824717
      ],
      [
        0.2580988,
        0.246190533,
        0.934224367
      ],
      [
        0.940390468,
        0.157654822,
        -0.30134815
      ]
    ],
    "translation": [
      2.06510949,
      1.06645107,
      -0.558072865
    ]
  },
  {
    "timeStamp": 6783,
    "rotation": [
      [
        -0.173961312,
        0.9686317,
        -0.177454665
      ],
      [
        0.228739485,
        0.215019971,
        0.9494444
      ],
      [
        0.9578182,
        0.124575719,
        -0.258969456
      ]
    ],
    "translation": [
      2.08906412,
      1.039623,
      -0.5744903
    ]
  },
  {
    "timeStamp": 6838,
    "rotation": [
      [
        -0.129417852,
        0.977049351,
        -0.1691911
      ],
      [
        0.199765131,
        0.192817777,
        0.9606848
      ],
      [
        0.9712595,
        0.0905313,
        -0.220134467
      ]
    ],
    "translation": [
      2.11543655,
      1.00889754,
      -0.5875151
    ]
  },
  {
    "timeStamp": 6882,
    "rotation": [
      [
        -0.107035257,
        0.9844983,
        -0.138947785
      ],
      [
        0.18483682,
        0.157017544,
        0.970144749
      ],
      [
        0.9769231,
        0.07815702,
        -0.198777959
      ]
    ],
    "translation": [
      2.12728214,
      0.987086654,
      -0.592346
    ]
  },
  {
    "timeStamp": 6945,
    "rotation": [
      [
        -0.09763003,
        0.986747861,
        -0.129603609
      ],
      [
        0.163196549,
        0.144335985,
        0.9759785
      ],
      [
        0.981751144,
        0.0741339549,
        -0.175125375
      ]
    ],
    "translation": [
      2.13779879,
      0.9654362,
      -0.5961579
    ]
  },
  {
    "timeStamp": 6989,
    "rotation": [
      [
        -0.0885342,
        0.9913529,
        -0.09685565
      ],
      [
        0.158533558,
        0.1100222,
        0.98120445
      ],
      [
        0.9833762,
        0.0715152547,
        -0.166903436
      ]
    ],
    "translation": [
      2.14177942,
      0.950183153,
      -0.5950787
    ]
  },
  {
    "timeStamp": 7033,
    "rotation": [
      [
        -0.08461422,
        0.993299544,
        -0.0787172839
      ],
      [
        0.1544731,
        0.0911221355,
        0.983786
      ],
      [
        0.9843671,
        0.0710826,
        -0.1611483
      ]
    ],
    "translation": [
      2.142586,
      0.9400393,
      -0.59388113
    ]
  },
  {
    "timeStamp": 7089,
    "rotation": [
      [
        -0.08857003,
        0.991718,
        -0.09300961
      ],
      [
        0.135801658,
        0.104527332,
        0.985206544
      ],
      [
        0.98676914,
        0.07462891,
        -0.143934935
      ]
    ],
    "translation": [
      2.15113115,
      0.925557,
      -0.5940459
    ]
  },
  {
    "timeStamp": 7133,
    "rotation": [
      [
        -0.0742917061,
        0.9943709,
        -0.0755468458
      ],
      [
        0.117969707,
        0.08398745,
        0.9894591
      ],
      [
        0.990234256,
        0.0645963848,
        -0.123545215
      ]
    ],
    "translation": [
      2.15379333,
      0.9102552,
      -0.5945852
    ]
  },
  {
    "timeStamp": 7189,
    "rotation": [
      [
        -0.06632309,
        0.9937292,
        -0.09001973
      ],
      [
        0.08089852,
        0.0952767059,
        0.9921581
      ],
      [
        0.9945133,
        0.0585205,
        -0.0867102742
      ]
    ],
    "translation": [
      2.16140318,
      0.8862017,
      -0.5987646
    ]
  },
  {
    "timeStamp": 7233,
    "rotation": [
      [
        -0.07451033,
        0.9904921,
        -0.115643948
      ],
      [
        0.0676371455,
        0.120718881,
        0.9903798
      ],
      [
        0.99492383,
        0.0659716949,
        -0.07598886
      ]
    ],
    "translation": [
      2.17333221,
      0.868487656,
      -0.594882846
    ]
  },
  {
    "timeStamp": 7289,
    "rotation": [
      [
        -0.03494559,
        0.998470545,
        -0.0428406857
      ],
      [
        0.0286666062,
        0.04385069,
        0.9986267
      ],
      [
        0.998977959,
        0.0336694829,
        -0.0301551521
      ]
    ],
    "translation": [
      2.16144824,
      0.8400062,
      -0.597098053
    ]
  },
  {
    "timeStamp": 7333,
    "rotation": [
      [
        -0.06297711,
        0.992913,
        -0.100785173
      ],
      [
        0.0182704516,
        0.102115728,
        0.9946047
      ],
      [
        0.997847736,
        0.060795933,
        -0.02457192
      ]
    ],
    "translation": [
      2.17615843,
      0.823287547,
      -0.5926185
    ]
  },
  {
    "timeStamp": 7391,
    "rotation": [
      [
        -0.06544288,
        0.996614635,
        -0.0497654751
      ],
      [
        -0.01113736,
        0.04913976,
        0.9987298
      ],
      [
        0.9977942,
        0.06591401,
        0.007883808
      ]
    ],
    "translation": [
      2.16468358,
      0.800706863,
      -0.591412544
    ]
  },
  {
    "timeStamp": 7436,
    "rotation": [
      [
        -0.08140591,
        0.994171739,
        -0.07068026
      ],
      [
        -0.0270989928,
        0.06868162,
        0.9972705
      ],
      [
        0.996312559,
        0.08309907,
        0.0213499609
      ]
    ],
    "translation": [
      2.1680882,
      0.785945535,
      -0.5899763
    ]
  },
  {
    "timeStamp": 7482,
    "rotation": [
      [
        -0.0863655,
        0.992979348,
        -0.08082718
      ],
      [
        -0.038212385,
        0.07776893,
        0.9962388
      ],
      [
        0.9955304,
        0.08912927,
        0.0312275589
      ]
    ],
    "translation": [
      2.174201,
      0.7735734,
      -0.587767363
    ]
  },
  {
    "timeStamp": 7539,
    "rotation": [
      [
        -0.129541948,
        0.987394154,
        -0.09094905
      ],
      [
        -0.0405029,
        0.08637625,
        0.995438933
      ],
      [
        0.9907464,
        0.1326348,
        0.0288029741
      ]
    ],
    "translation": [
      2.17634726,
      0.7620424,
      -0.582394063
    ]
  },
  {
    "timeStamp": 7583,
    "rotation": [
      [
        -0.112935059,
        0.9900722,
        -0.08368151
      ],
      [
        -0.0407836623,
        0.079530254,
        0.9959978
      ],
      [
        0.99276495,
        0.11589592,
        0.03139702
      ]
    ],
    "translation": [
      2.1773963,
      0.752171755,
      -0.579331338
    ]
  },
  {
    "timeStamp": 7638,
    "rotation": [
      [
        -0.1406949,
        0.9874621,
        -0.07157859
      ],
      [
        -0.0228909571,
        0.06903393,
        0.997351646
      ],
      [
        0.989788353,
        0.1419608,
        0.012891232
      ]
    ],
    "translation": [
      2.17227364,
      0.7432504,
      -0.574790657
    ]
  }
]