[
  {
    "timeStamp": 25508,
    "rotation": [
      [
        0.9991564,
        0.0133815184,
        0.0388246439
      ],
      [
        -0.00167202763,
        0.9578923,
        -0.2871227
      ],
      [
        -0.0410319678,
        0.286815584,
        0.95710665
      ]
    ],
    "translation": [
      1.61473072,
      0.704532564,
      -0.494009256
    ]
  },
  {
    "timeStamp": 25553,
    "rotation": [
      [
        0.999027252,
        0.0232929382,
        0.037441995
      ],
      [
        -0.0135483146,
        0.9701685,
        -0.242052779
      ],
      [
        -0.0419631638,
        0.241310045,
        0.969540358
      ]
    ],
    "translation": [
      1.61480951,
      0.7030969,
      -0.494071424
    ]
  },
  {
    "timeStamp": 25608,
    "rotation": [
      [
        0.998437345,
        0.00204404281,
        0.0558460578
      ],
      [
        0.00932321,
        0.9792327,
        -0.2025252
      ],
      [
        -0.0551002547,
        0.202729389,
        0.9776834
      ]
    ],
    "translation": [
      1.61467493,
      0.703577638,
      -0.495002866
    ]
  },
  {
    "timeStamp": 25652,
    "rotation": [
      [
        0.9867265,
        0.1012836,
        0.126934662
      ],
      [
        -0.06913321,
        0.969289,
        -0.236007363
      ],
      [
        -0.146940038,
        0.224099323,
        0.9634252
      ]
    ],
    "translation": [
      1.61462283,
      0.709609032,
      -0.497491479
    ]
  },
  {
    "timeStamp": 25708,
    "rotation": [
      [
        0.8890945,
        0.335667461,
        0.3111888
      ],
      [
        -0.258554578,
        0.9293084,
        -0.2636957
      ],
      [
        -0.3777044,
        0.153991088,
        0.9130313
      ]
    ],
    "translation": [
      1.61443686,
      0.7557027,
      -0.4903662
    ]
  },
  {
    "timeStamp": 25752,
    "rotation": [
      [
        0.806706,
        0.4236937,
        0.411957622
      ],
      [
        -0.350384235,
        0.9042871,
        -0.243917465
      ],
      [
        -0.475874245,
        0.05242624,
        0.8779495
      ]
    ],
    "translation": [
      1.629043,
      0.801294565,
      -0.491589367
    ]
  },
  {
    "timeStamp": 25808,
    "rotation": [
      [
        0.684401,
        0.485415757,
        0.5440282
      ],
      [
        -0.45030123,
        0.8682579,
        -0.208223462
      ],
      [
        -0.57343173,
        -0.102468245,
        0.8128199
      ]
    ],
    "translation": [
      1.6614778,
      0.8658311,
      -0.5015951
    ]
  },
  {
    "timeStamp": 25852,
    "rotation": [
      [
        0.541685045,
        0.5097708,
        0.668364465
      ],
      [
        -0.5108248,
        0.8310904,
        -0.219879225
      ],
      [
        -0.667559266,
        -0.222311854,
        0.7105928
      ]
    ],
    "translation": [
      1.69865763,
      0.918659449,
      -0.5139988
    ]
  },
  {
    "timeStamp": 25908,
    "rotation": [
      [
        0.3764389,
        0.4870246,
        0.788099468
      ],
      [
        -0.5671935,
        0.793766558,
        -0.219604477
      ],
      [
        -0.732519865,
        -0.364337265,
        0.5750418
      ]
    ],
    "translation": [
      1.75231326,
      0.9782355,
      -0.5368403
    ]
  },
  {
    "timeStamp": 25952,
    "rotation": [
      [
        0.225035563,
        0.463979,
        0.856786132
      ],
      [
        -0.6096159,
        0.7530137,
        -0.247666582
      ],
      [
        -0.7600838,
        -0.4665767,
        0.452303857
      ]
    ],
    "translation": [
      1.79883063,
      1.02202439,
      -0.5590548
    ]
  },
  {
    "timeStamp": 26008,
    "rotation": [
      [
        0.1187597,
        0.3770754,
        0.9185371
      ],
      [
        -0.647966,
        0.7303828,
        -0.216057837
      ],
      [
        -0.7523538,
        -0.569521844,
        0.3310721
      ]
    ],
    "translation": [
      1.85414219,
      1.06241965,
      -0.589711547
    ]
  },
  {
    "timeStamp": 26052,
    "rotation": [
      [
        0.02002252,
        0.324921876,
        0.9455289
      ],
      [
        -0.663102567,
        0.7121016,
        -0.230664968
      ],
      [
        -0.7482607,
        -0.6223641,
        0.229714587
      ]
    ],
    "translation": [
      1.89845848,
      1.08665431,
      -0.6134602
    ]
  },
  {
    "timeStamp": 26108,
    "rotation": [
      [
        -0.03582261,
        0.2146087,
        0.9760429
      ],
      [
        -0.6579379,
        0.7300775,
        -0.1846743
      ],
      [
        -0.7522197,
        -0.648791134,
        0.115045913
      ]
    ],
    "translation": [
      1.95012617,
      1.10315883,
      -0.6403397
    ]
  },
  {
    "timeStamp": 26152,
    "rotation": [
      [
        -0.0338029526,
        0.146652371,
        0.9886104
      ],
      [
        -0.636001348,
        0.759881854,
        -0.134468749
      ],
      [
        -0.7709472,
        -0.633303,
        0.06758486
      ]
    ],
    "translation": [
      1.98356116,
      1.10678387,
      -0.659060836
    ]
  },
  {
    "timeStamp": 26208,
    "rotation": [
      [
        -0.0629171953,
        0.066875115,
        0.99577564
      ],
      [
        -0.621581852,
        0.777984262,
        -0.0915226042
      ],
      [
        -0.780818343,
        -0.624714434,
        -0.00738023128
      ]
    ],
    "translation": [
      2.02441835,
      1.10623729,
      -0.6784867
    ]
  },
  {
    "timeStamp": 26252,
    "rotation": [
      [
        -0.0833591744,
        -0.00769360038,
        0.9964898
      ],
      [
        -0.6293372,
        0.7757305,
        -0.0466566421
      ],
      [
        -0.772648633,
        -0.6310174,
        -0.06950612
      ]
    ],
    "translation": [
      2.05632877,
      1.10273492,
      -0.690405
    ]
  },
  {
    "timeStamp": 26307,
    "rotation": [
      [
        -0.07805809,
        -0.06745606,
        0.9946641
      ],
      [
        -0.6475579,
        0.76201576,
        0.000860039261
      ],
      [
        -0.7580077,
        -0.644035459,
        -0.1031632
      ]
    ],
    "translation": [
      2.08474016,
      1.0940702,
      -0.697078645
    ]
  },
  {
    "timeStamp": 26352,
    "rotation": [
      [
        -0.0128814848,
        -0.146766588,
        0.9890873
      ],
      [
        -0.6286293,
        0.770428956,
        0.106133759
      ],
      [
        -0.7775984,
        -0.6204021,
        -0.102186047
      ]
    ],
    "translation": [
      2.09963584,
      1.0775795,
      -0.6948556
    ]
  },
  {
    "timeStamp": 26408,
    "rotation": [
      [
        0.0124624334,
        -0.138918608,
        0.9902254
      ],
      [
        -0.590655744,
        0.7980423,
        0.119390942
      ],
      [
        -0.806827366,
        -0.5863702,
        -0.07210753
      ]
    ],
    "translation": [
      2.10840464,
      1.05512929,
      -0.688109756
    ]
  },
  {
    "timeStamp": 26452,
    "rotation": [
      [
        0.0767595544,
        -0.133488387,
        0.9880733
      ],
      [
        -0.5221098,
        0.8388792,
        0.153892979
      ],
      [
        -0.849417031,
        -0.5276955,
        -0.005303595
      ]
    ],
    "translation": [
      2.10767174,
      1.03340685,
      -0.682056367
    ]
  },
  {
    "timeStamp": 26511,
    "rotation": [
      [
        0.04778347,
        -0.04231627,
        0.9979609
      ],
      [
        -0.445338,
        0.8934029,
        0.0592059977
      ],
      [
        -0.8940866,
        -0.447259039,
        0.0238448475
      ]
    ],
    "translation": [
      2.10599,
      1.0106467,
      -0.679733634
    ]
  },
  {
    "timeStamp": 26558,
    "rotation": [
      [
        0.155138984,
        -0.119925737,
        0.9805864
      ],
      [
        -0.354158938,
        0.9198741,
        0.168532252
      ],
      [
        -0.9222274,
        -0.373429358,
        0.100235559
      ]
    ],
    "translation": [
      2.107395,
      0.997828364,
      -0.681868851
    ]
  },
  {
    "timeStamp": 26602,
    "rotation": [
      [
        0.393247575,
        -0.333027542,
        0.857
      ],
      [
        -0.214291,
        0.873228967,
        0.4376648
      ],
      [
        -0.8941117,
        -0.355758,
        0.272030383
      ]
    ],
    "translation": [
      2.10911274,
      0.999327064,
      -0.6870791
    ]
  },
  {
    "timeStamp": 26658,
    "rotation": [
      [
        0.566487849,
        -0.5301947,
        0.6308606
      ],
      [
        -0.0331359655,
        0.750267863,
        0.660303056
      ],
      [
        -0.823403656,
        -0.3949578,
        0.407449126
      ]
    ],
    "translation": [
      2.12172675,
      1.01160312,
      -0.690103233
    ]
  },
  {
    "timeStamp": 26706,
    "rotation": [
      [
        0.653574646,
        -0.6782699,
        0.3358425
      ],
      [
        0.208713055,
        0.588040352,
        0.7814393
      ],
      [
        -0.7275157,
        -0.4406342,
        0.525892
      ]
    ],
    "translation": [
      2.14634776,
      1.02777183,
      -0.6887692
    ]
  },
  {
    "timeStamp": 26758,
    "rotation": [
      [
        0.6599442,
        -0.7508402,
        0.026696058
      ],
      [
        0.486085534,
        0.4537948,
        0.7468542
      ],
      [
        -0.572882652,
        -0.479905516,
        0.6644518
      ]
    ],
    "translation": [
      2.17039561,
      1.0427146,
      -0.693026364
    ]
  },
  {
    "timeStamp": 26802,
    "rotation": [
      [
        0.575998068,
        -0.7700738,
        -0.2742493
      ],
      [
        0.725782,
        0.3274007,
        0.605020046
      ],
      [
        -0.376120657,
        -0.5475356,
        0.747487843
      ]
    ],
    "translation": [
      2.18345976,
      1.05510247,
      -0.696226
    ]
  },
  {
    "timeStamp": 26853,
    "rotation": [
      [
        0.461186439,
        -0.760945,
        -0.456365824
      ],
      [
        0.866581738,
        0.2757692,
        0.415917575
      ],
      [
        -0.190638766,
        -0.587293863,
        0.7866021
      ]
    ],
    "translation": [
      2.19320416,
      1.0634892,
      -0.7004601
    ]
  },
  {
    "timeStamp": 26902,
    "rotation": [
      [
        0.305140048,
        -0.7902123,
        -0.5314641
      ],
      [
        0.9516842,
        0.2328479,
        0.200197369
      ],
      [
        -0.0344481133,
        -0.5668742,
        0.823083758
      ]
    ],
    "translation": [
      2.21333337,
      1.06772256,
      -0.712384641
    ]
  },
  {
    "timeStamp": 26958,
    "rotation": [
      [
        0.13021937,
        -0.8439255,
        -0.520415843
      ],
      [
        0.984619141,
        0.171736419,
        -0.0321209729
      ],
      [
        0.116482064,
        -0.50822866,
        0.8533086
      ]
    ],
    "translation": [
      2.23862433,
      1.07097363,
      -0.7298458
    ]
  },
  {
    "timeStamp": 27002,
    "rotation": [
      [
        0.03678143,
        -0.868155539,
        -0.494927317
      ],
      [
        0.978675842,
        0.131449178,
        -0.157843843
      ],
      [
        0.202090785,
        -0.4785677,
        0.8544777
      ]
    ],
    "translation": [
      2.25543857,
      1.07268262,
      -0.73910147
    ]
  },
  {
    "timeStamp": 27057,
    "rotation": [
      [
        -0.0267365072,
        -0.891099036,
        -0.4530207
      ],
      [
        0.96499,
        0.09527971,
        -0.244368777
      ],
      [
        0.260920465,
        -0.443694,
        0.8573542
      ]
    ],
    "translation": [
      2.27135944,
      1.07289684,
      -0.7434726
    ]
  },
  {
    "timeStamp": 27102,
    "rotation": [
      [
        0.0128218317,
        -0.909076,
        -0.4164331
      ],
      [
        0.968897,
        0.114226222,
        -0.219524533
      ],
      [
        0.247132063,
        -0.400666058,
        0.882265568
      ]
    ],
    "translation": [
      2.27403283,
      1.06983924,
      -0.7407429
    ]
  },
  {
    "timeStamp": 27157,
    "rotation": [
      [
        0.08291996,
        -0.897005856,
        -0.434171379
      ],
      [
        0.982963264,
        0.145331159,
        -0.112526149
      ],
      [
        0.164035246,
        -0.417443871,
        0.8937746
      ]
    ],
    "translation": [
      2.26644349,
      1.06223679,
      -0.723265767
    ]
  },
  {
    "timeStamp": 27202,
    "rotation": [
      [
        0.150652349,
        -0.90174216,
        -0.405172616
      ],
      [
        0.982472956,
        0.182079211,
        -0.0399252921
      ],
      [
        0.109775826,
        -0.392056316,
        0.913368
      ]
    ],
    "translation": [
      2.254993,
      1.05802131,
      -0.7142814
    ]
  },
  {
    "timeStamp": 27258,
    "rotation": [
      [
        0.213422418,
        -0.9048227,
        -0.3684382
      ],
      [
        0.974861443,
        0.221944556,
        0.0196418688
      ],
      [
        0.06400045,
        -0.363368243,
        0.9294447
      ]
    ],
    "translation": [
      2.23568273,
      1.05176044,
      -0.7042694
    ]
  },
  {
    "timeStamp": 27304,
    "rotation": [
      [
        0.2473936,
        -0.900215864,
        -0.3583403
      ],
      [
        0.9685942,
        0.239293948,
        0.06755526
      ],
      [
        0.024934344,
        -0.363799065,
        0.931143641
      ]
    ],
    "translation": [
      2.216275,
      1.04400682,
      -0.69014
    ]
  },
  {
    "timeStamp": 27361,
    "rotation": [
      [
        0.286143273,
        -0.8978199,
        -0.334725916
      ],
      [
        0.9581682,
        0.2702871,
        0.09411957
      ],
      [
        0.00596966967,
        -0.347655416,
        0.937603354
      ]
    ],
    "translation": [
      2.19577,
      1.02822721,
      -0.6757402
    ]
  },
  {
    "timeStamp": 27406,
    "rotation": [
      [
        0.2633874,
        -0.912273,
        -0.31366387
      ],
      [
        0.964386761,
        0.257151753,
        0.06189661
      ],
      [
        0.0241926,
        -0.318796068,
        0.947514534
      ]
    ],
    "translation": [
      2.19004416,
      1.017138,
      -0.6697031
    ]
  },
  {
    "timeStamp": 27451,
    "rotation": [
      [
        0.218716756,
        -0.934505761,
        -0.280823529
      ],
      [
        0.9750891,
        0.220206648,
        0.02664996
      ],
      [
        0.03693467,
        -0.279656768,
        0.9593893
      ]
    ],
    "translation": [
      2.19192624,
      1.00907528,
      -0.664964557
    ]
  },
  {
    "timeStamp": 27507,
    "rotation": [
      [
        0.1959074,
        -0.9495184,
        -0.245020732
      ],
      [
        0.979813337,
        0.199684784,
        0.009584106
      ],
      [
        0.03982663,
        -0.2419522,
        0.969470441
      ]
    ],
    "translation": [
      2.19323659,
      0.998792648,
      -0.657197356
    ]
  },
  {
    "timeStamp": 27551,
    "rotation": [
      [
        0.161528453,
        -0.956768,
        -0.241875067
      ],
      [
        0.9859659,
        0.1669358,
        -0.00189054757
      ],
      [
        0.0421864241,
        -0.2381752,
        0.970305562
      ]
    ],
    "translation": [
      2.19529867,
      0.9896119,
      -0.6506927
    ]
  },
  {
    "timeStamp": 27607,
    "rotation": [
      [
        0.153304577,
        -0.9668125,
        -0.204380527
      ],
      [
        0.9860642,
        0.1631928,
        -0.0323351324
      ],
      [
        0.0646154359,
        -0.1965752,
        0.9783573
      ]
    ],
    "translation": [
      2.19647312,
      0.9751757,
      -0.6504662
    ]
  },
  {
    "timeStamp": 27651,
    "rotation": [
      [
        0.135813951,
        -0.973296,
        -0.185066208
      ],
      [
        0.986875653,
        0.1493741,
        -0.06134953
      ],
      [
        0.08735535,
        -0.17430523,
        0.9808092
      ]
    ],
    "translation": [
      2.19940352,
      0.963660836,
      -0.6525417
    ]
  },
  {
    "timeStamp": 27707,
    "rotation": [
      [
        0.112110138,
        -0.980283,
        -0.16271612
      ],
      [
        0.986902237,
        0.128955618,
        -0.0969250053
      ],
      [
        0.115997091,
        -0.149718612,
        0.981900752
      ]
    ],
    "translation": [
      2.20422316,
      0.9479301,
      -0.6564502
    ]
  },
  {
    "timeStamp": 27751,
    "rotation": [
      [
        0.109126695,
        -0.9853502,
        -0.131058514
      ],
      [
        0.983556151,
        0.12612173,
        -0.129269272
      ],
      [
        0.143904835,
        -0.114796683,
        0.9829105
      ]
    ],
    "translation": [
      2.20556331,
      0.936076462,
      -0.662748933
    ]
  },
  {
    "timeStamp": 27807,
    "rotation": [
      [
        0.123143189,
        -0.9822138,
        -0.141745478
      ],
      [
        0.9831342,
        0.140205085,
        -0.117429413
      ],
      [
        0.135214224,
        -0.1248942,
        0.982913256
      ]
    ],
    "translation": [
      2.2005918,
      0.9188998,
      -0.6604092
    ]
  },
  {
    "timeStamp": 27851,
    "rotation": [
      [
        0.146644622,
        -0.980184853,
        -0.13316521
      ],
      [
        0.9793648,
        0.162792549,
        -0.119762562
      ],
      [
        0.139067754,
        -0.112854794,
        0.9838312
      ]
    ],
    "translation": [
      2.19448519,
      0.9060242,
      -0.6608735
    ]
  },
  {
    "timeStamp": 27907,
    "rotation": [
      [
        0.164840236,
        -0.9787003,
        -0.1223663
      ],
      [
        0.9759117,
        0.179816768,
        -0.123540647
      ],
      [
        0.142912775,
        -0.09905423,
        0.984766066
      ]
    ],
    "translation": [
      2.18912,
      0.8920947,
      -0.66325736
    ]
  },
  {
    "timeStamp": 27952,
    "rotation": [
      [
        0.1679829,
        -0.9779124,
        -0.124374725
      ],
      [
        0.975150049,
        0.1833288,
        -0.12439
      ],
      [
        0.144443989,
        -0.100388631,
        0.9844075
      ]
    ],
    "translation": [
      2.1877203,
      0.8839312,
      -0.66328764
    ]
  },
  {
    "timeStamp": 28007,
    "rotation": [
      [
        0.169354677,
        -0.9775896,
        -0.125050053
      ],
      [
        0.9755822,
        0.184290856,
        -0.119483553
      ],
      [
        0.139851466,
        -0.1017615,
        0.9849295
      ]
    ],
    "translation": [
      2.18743014,
      0.876706362,
      -0.6608913
    ]
  },
  {
    "timeStamp": 28051,
    "rotation": [
      [
        0.1732126,
        -0.976453066,
        -0.128595546
      ],
      [
        0.9751597,
        0.188337341,
        -0.116587393
      ],
      [
        0.138061464,
        -0.10520678,
        0.984820068
      ]
    ],
    "translation": [
      2.187695,
      0.870743036,
      -0.6593698
    ]
  },
  {
    "timeStamp": 28107,
    "rotation": [
      [
        0.163314015,
        -0.978163,
        -0.12855196
      ],
      [
        0.975306451,
        0.179709211,
        -0.128381521
      ],
      [
        0.148680031,
        -0.104411058,
        0.9833578
      ]
    ],
    "translation": [
      2.188666,
      0.867535353,
      -0.657519937
    ]
  }
]