[
  {
    "timeStamp": 0,
    "rotation": [
      [
        0.9555082,
        -0.137448266,
        -0.260983
      ],
      [
        -0.06802505,
        0.758259356,
        -0.648394465
      ],
      [
        0.287013471,
        0.6372996,
        0.715173066
      ]
    ],
    "translation": [
      1.57568371,
      1.55655634,
      -0.8969076
    ]
  },
  {
    "timeStamp": 23,
    "rotation": [
      [
        0.9362449,
        -0.179797724,
        -0.301857978
      ],
      [
        -0.06130241,
        0.7623698,
        -0.644231558
      ],
      [
        0.345958769,
        0.621663153,
        0.7027428
      ]
    ],
    "translation": [
      1.566426,
      1.55822849,
      -0.8990748
    ]
  },
  {
    "timeStamp": 74,
    "rotation": [
      [
        0.925681233,
        -0.199244052,
        -0.321583837
      ],
      [
        -0.0595503449,
        0.7627233,
        -0.6439774
      ],
      [
        0.373588145,
        0.61526823,
        0.6941736
      ]
    ],
    "translation": [
      1.562135,
      1.55839753,
      -0.8999729
    ]
  },
  {
    "timeStamp": 130,
    "rotation": [
      [
        0.9113098,
        -0.22520487,
        -0.344669819
      ],
      [
        -0.05618358,
        0.7612908,
        -0.645971954
      ],
      [
        0.407869965,
        0.60804534,
        0.6811189
      ]
    ],
    "translation": [
      1.55607188,
      1.5575521,
      -0.901268065
    ]
  },
  {
    "timeStamp": 174,
    "rotation": [
      [
        0.8926616,
        -0.2573664,
        -0.370024055
      ],
      [
        -0.05212725,
        0.756490946,
        -0.6519234
      ],
      [
        0.447703034,
        0.60123533,
        0.661874652
      ]
    ],
    "translation": [
      1.54934227,
      1.55527449,
      -0.90320617
    ]
  },
  {
    "timeStamp": 230,
    "rotation": [
      [
        0.8745687,
        -0.2888383,
        -0.389489442
      ],
      [
        -0.04817148,
        0.747508049,
        -0.6625038
      ],
      [
        0.4825029,
        0.59816736,
        0.6398334
      ]
    ],
    "translation": [
      1.543513,
      1.55170274,
      -0.905780733
    ]
  },
  {
    "timeStamp": 274,
    "rotation": [
      [
        0.8612157,
        -0.311261624,
        -0.401775748
      ],
      [
        -0.04451042,
        0.7412953,
        -0.6697016
      ],
      [
        0.5062868,
        0.594640732,
        0.6245607
      ]
    ],
    "translation": [
      1.53869021,
      1.54916167,
      -0.9079921
    ]
  },
  {
    "timeStamp": 406,
    "rotation": [
      [
        0.857556641,
        -0.3167628,
        -0.4052875
      ],
      [
        -0.0433445,
        0.7405991,
        -0.6705477
      ],
      [
        0.5125601,
        0.59259963,
        0.62137574
      ]
    ],
    "translation": [
      1.53750861,
      1.54876614,
      -0.9083587
    ]
  },
  {
    "timeStamp": 408,
    "rotation": [
      [
        0.857556641,
        -0.3167628,
        -0.4052875
      ],
      [
        -0.0433445,
        0.7405991,
        -0.6705477
      ],
      [
        0.5125601,
        0.59259963,
        0.62137574
      ]
    ],
    "translation": [
      1.53750861,
      1.54876614,
      -0.9083587
    ]
  },
  {
    "timeStamp": 447,
    "rotation": [
      [
        0.799565136,
        -0.400459439,
        -0.44757995
      ],
      [
        -0.0281074885,
        0.719479,
        -0.693945169
      ],
      [
        0.5999213,
        0.5674347,
        0.5640145
      ]
    ],
    "translation": [
      1.5207926,
      1.54293013,
      -0.9153434
    ]
  },
  {
    "timeStamp": 492,
    "rotation": [
      [
        0.788189769,
        -0.417846084,
        -0.451842368
      ],
      [
        -0.0250703376,
        0.711778045,
        -0.701956868
      ],
      [
        0.614921451,
        0.564603031,
        0.5505406
      ]
    ],
    "translation": [
      1.51680231,
      1.54035366,
      -0.916340232
    ]
  },
  {
    "timeStamp": 547,
    "rotation": [
      [
        0.779639542,
        -0.437342077,
        -0.448212057
      ],
      [
        -0.02323702,
        0.6950359,
        -0.718599439
      ],
      [
        0.6257972,
        0.5706637,
        0.5317149
      ]
    ],
    "translation": [
      1.51303673,
      1.5357883,
      -0.917441666
    ]
  },
  {
    "timeStamp": 592,
    "rotation": [
      [
        0.7814425,
        -0.446525663,
        -0.435846835
      ],
      [
        -0.01912402,
        0.6810308,
        -0.732005
      ],
      [
        0.6236841,
        0.5803549,
        0.52364707
      ]
    ],
    "translation": [
      1.51086831,
      1.532155,
      -0.91759
    ]
  },
  {
    "timeStamp": 648,
    "rotation": [
      [
        0.787616968,
        -0.446553975,
        -0.424557477
      ],
      [
        -0.019137701,
        0.6709705,
        -0.741237044
      ],
      [
        0.615867853,
        0.591935933,
        0.5199217
      ]
    ],
    "translation": [
      1.50684273,
      1.52915847,
      -0.9170063
    ]
  },
  {
    "timeStamp": 692,
    "rotation": [
      [
        0.7853505,
        -0.4573925,
        -0.417153031
      ],
      [
        -0.00733624632,
        0.6669346,
        -0.7450801
      ],
      [
        0.6190079,
        0.5882094,
        0.520421863
      ]
    ],
    "translation": [
      1.50359309,
      1.52885377,
      -0.915651143
    ]
  },
  {
    "timeStamp": 747,
    "rotation": [
      [
        0.780180633,
        -0.466804653,
        -0.416427225
      ],
      [
        0.0005380361,
        0.666193664,
        -0.7457786
      ],
      [
        0.6255541,
        0.581617951,
        0.5200025
      ]
    ],
    "translation": [
      1.49804842,
      1.5307405,
      -0.912807941
    ]
  },
  {
    "timeStamp": 792,
    "rotation": [
      [
        0.7786826,
        -0.469511479,
        -0.4161879
      ],
      [
        0.00514751533,
        0.668092668,
        -0.7440603
      ],
      [
        0.627396941,
        0.577244461,
        0.522649
      ]
    ],
    "translation": [
      1.49208665,
      1.53207123,
      -0.909485042
    ]
  },
  {
    "timeStamp": 847,
    "rotation": [
      [
        0.775033951,
        -0.474502,
        -0.41733703
      ],
      [
        0.008795409,
        0.6684636,
        -0.7436929
      ],
      [
        0.631858349,
        0.5727166,
        0.5222554
      ]
    ],
    "translation": [
      1.482707,
      1.53155422,
      -0.90361917
    ]
  },
  {
    "timeStamp": 893,
    "rotation": [
      [
        0.771732032,
        -0.479049563,
        -0.4182596
      ],
      [
        0.0118263653,
        0.6683919,
        -0.7437153
      ],
      [
        0.6358378,
        0.56900245,
        0.521484852
      ]
    ],
    "translation": [
      1.47368038,
      1.5288651,
      -0.898246169
    ]
  },
  {
    "timeStamp": 950,
    "rotation": [
      [
        0.7724394,
        -0.4821176,
        -0.4134005
      ],
      [
        0.0156961214,
        0.665227354,
        -0.7464759
      ],
      [
        0.6348945,
        0.5701186,
        0.5214152
      ]
    ],
    "translation": [
      1.46291351,
      1.52517641,
      -0.892681062
    ]
  },
  {
    "timeStamp": 996,
    "rotation": [
      [
        0.7715851,
        -0.487316,
        -0.408875942
      ],
      [
        0.02374585,
        0.664375842,
        -0.7470213
      ],
      [
        0.635682762,
        0.5666814,
        0.524194241
      ]
    ],
    "translation": [
      1.44775748,
      1.52013719,
      -0.88496083
    ]
  },
  {
    "timeStamp": 1041,
    "rotation": [
      [
        0.7668492,
        -0.497950822,
        -0.40495345
      ],
      [
        0.0353466757,
        0.6627457,
        -0.748009861
      ],
      [
        0.6408533,
        0.559297,
        0.5258269
      ]
    ],
    "translation": [
      1.43426991,
      1.51532292,
      -0.8785436
    ]
  },
  {
    "timeStamp": 1097,
    "rotation": [
      [
        0.762209237,
        -0.508018553,
        -0.401191026
      ],
      [
        0.05084177,
        0.664828539,
        -0.7452638
      ],
      [
        0.645331,
        0.5476497,
        0.532567
      ]
    ],
    "translation": [
      1.41619015,
      1.50861,
      -0.8694161
    ]
  },
  {
    "timeStamp": 1141,
    "rotation": [
      [
        0.7573324,
        -0.5161409,
        -0.400057852
      ],
      [
        0.0631243,
        0.667610347,
        -0.74183
      ],
      [
        0.649971545,
        0.5365585,
        0.538184
      ]
    ],
    "translation": [
      1.40104651,
      1.502605,
      -0.8616278
    ]
  },
  {
    "timeStamp": 1197,
    "rotation": [
      [
        0.749471068,
        -0.5258515,
        -0.4022105
      ],
      [
        0.07810665,
        0.673524737,
        -0.73502636
      ],
      [
        0.6574134,
        0.5194657,
        0.5458598
      ]
    ],
    "translation": [
      1.38232636,
      1.494802,
      -0.8519592
    ]
  },
  {
    "timeStamp": 1241,
    "rotation": [
      [
        0.7430459,
        -0.5346608,
        -0.402517647
      ],
      [
        0.08700767,
        0.673526764,
        -0.7340241
      ],
      [
        0.6635604,
        0.510391533,
        0.5469809
      ]
    ],
    "translation": [
      1.36831641,
      1.48837268,
      -0.844474852
    ]
  },
  {
    "timeStamp": 1297,
    "rotation": [
      [
        0.7399475,
        -0.5407193,
        -0.4001255
      ],
      [
        0.09299993,
        0.6713593,
        -0.7352739
      ],
      [
        0.666204751,
        0.506852448,
        0.54705745
      ]
    ],
    "translation": [
      1.35254383,
      1.47951126,
      -0.835516751
    ]
  },
  {
    "timeStamp": 1341,
    "rotation": [
      [
        0.736890554,
        -0.540936649,
        -0.405437827
      ],
      [
        0.09299473,
        0.675162137,
        -0.7317842
      ],
      [
        0.6695851,
        0.5015413,
        0.54782486
      ]
    ],
    "translation": [
      1.34056473,
      1.47313464,
      -0.8278948
    ]
  },
  {
    "timeStamp": 1397,
    "rotation": [
      [
        0.7316748,
        -0.5471973,
        -0.4064815
      ],
      [
        0.0943947658,
        0.6719071,
        -0.7345955
      ],
      [
        0.675086439,
        0.499115258,
        0.543270051
      ]
    ],
    "translation": [
      1.32904458,
      1.4658618,
      -0.819711268
    ]
  },
  {
    "timeStamp": 1441,
    "rotation": [
      [
        0.728823364,
        -0.5471227,
        -0.41167134
      ],
      [
        0.09338427,
        0.675052345,
        -0.731835842
      ],
      [
        0.6783038,
        0.494935453,
        0.5430866
      ]
    ],
    "translation": [
      1.32135582,
      1.46131384,
      -0.812859058
    ]
  },
  {
    "timeStamp": 1497,
    "rotation": [
      [
        0.7254915,
        -0.5473075,
        -0.417272747
      ],
      [
        0.09613843,
        0.680945,
        -0.7259968
      ],
      [
        0.681483269,
        0.4865886,
        0.5466371
      ]
    ],
    "translation": [
      1.31602359,
      1.45854878,
      -0.8044944
    ]
  },
  {
    "timeStamp": 1541,
    "rotation": [
      [
        0.7250423,
        -0.538593769,
        -0.4292209
      ],
      [
        0.09987833,
        0.698870838,
        -0.708240032
      ],
      [
        0.6814236,
        0.4706341,
        0.5605047
      ]
    ],
    "translation": [
      1.31414509,
      1.45945251,
      -0.7973671
    ]
  },
  {
    "timeStamp": 1596,
    "rotation": [
      [
        0.7333711,
        -0.521023631,
        -0.436693519
      ],
      [
        0.107883282,
        0.723412633,
        -0.681935
      ],
      [
        0.671213865,
        0.452999473,
        0.586739659
      ]
    ],
    "translation": [
      1.3169241,
      1.46494746,
      -0.789389849
    ]
  },
  {
    "timeStamp": 1643,
    "rotation": [
      [
        0.7442529,
        -0.50426,
        -0.437960416
      ],
      [
        0.115755953,
        0.7431927,
        -0.658988
      ],
      [
        0.657790244,
        0.439757228,
        0.6114945
      ]
    ],
    "translation": [
      1.32213426,
      1.47238851,
      -0.784610748
    ]
  },
  {
    "timeStamp": 1697,
    "rotation": [
      [
        0.7545629,
        -0.4855833,
        -0.4414109
      ],
      [
        0.114698254,
        0.759885132,
        -0.6398585
      ],
      [
        0.646126151,
        0.432184428,
        0.6290767
      ]
    ],
    "translation": [
      1.33077931,
      1.48280716,
      -0.780686855
    ]
  },
  {
    "timeStamp": 1741,
    "rotation": [
      [
        0.765382349,
        -0.475644678,
        -0.433534324
      ],
      [
        0.110042937,
        0.7604349,
        -0.6400229
      ],
      [
        0.6340981,
        0.442154825,
        0.6343648
      ]
    ],
    "translation": [
      1.34130454,
      1.49074137,
      -0.780227661
    ]
  },
  {
    "timeStamp": 1796,
    "rotation": [
      [
        0.7920113,
        -0.445441425,
        -0.4174925
      ],
      [
        0.09781553,
        0.7675987,
        -0.633422732
      ],
      [
        0.602619469,
        0.460840732,
        0.6515179
      ]
    ],
    "translation": [
      1.35736227,
      1.50257885,
      -0.780214548
    ]
  },
  {
    "timeStamp": 1841,
    "rotation": [
      [
        0.820299745,
        -0.4090896,
        -0.399692327
      ],
      [
        0.0835497752,
        0.7770594,
        -0.6238575
      ],
      [
        0.5657983,
        0.478355944,
        0.671601
      ]
    ],
    "translation": [
      1.37243652,
      1.51277614,
      -0.7808309
    ]
  },
  {
    "timeStamp": 1897,
    "rotation": [
      [
        0.86092,
        -0.356110066,
        -0.3633213
      ],
      [
        0.06968949,
        0.7899773,
        -0.609162748
      ],
      [
        0.5039446,
        0.4991207,
        0.7049244
      ]
    ],
    "translation": [
      1.39495111,
      1.52634978,
      -0.780983
    ]
  },
  {
    "timeStamp": 1941,
    "rotation": [
      [
        0.9016096,
        -0.305746526,
        -0.305972517
      ],
      [
        0.06583782,
        0.7961282,
        -0.6015358
      ],
      [
        0.4275108,
        0.5222059,
        0.737926543
      ]
    ],
    "translation": [
      1.41772938,
      1.53587675,
      -0.7813552
    ]
  },
  {
    "timeStamp": 1997,
    "rotation": [
      [
        0.953511834,
        -0.236481428,
        -0.186793342
      ],
      [
        0.0765603259,
        0.789600551,
        -0.6088263
      ],
      [
        0.291468263,
        0.5662221,
        0.770998538
      ]
    ],
    "translation": [
      1.45266485,
      1.5443747,
      -0.783270955
    ]
  },
  {
    "timeStamp": 2041,
    "rotation": [
      [
        0.9829283,
        -0.169230759,
        -0.0722004846
      ],
      [
        0.089323774,
        0.781988144,
        -0.6168597
      ],
      [
        0.160851553,
        0.5998796,
        0.7837545
      ]
    ],
    "translation": [
      1.48405612,
      1.54973757,
      -0.7861607
    ]
  },
  {
    "timeStamp": 2097,
    "rotation": [
      [
        0.9941867,
        -0.0730462,
        0.07910173
      ],
      [
        0.106427118,
        0.7780029,
        -0.619180739
      ],
      [
        -0.016312575,
        0.623999834,
        0.781254232
      ]
    ],
    "translation": [
      1.52515411,
      1.55412292,
      -0.791004956
    ]
  },
  {
    "timeStamp": 2141,
    "rotation": [
      [
        0.980693042,
        -0.00986802951,
        0.195304155
      ],
      [
        0.131641865,
        0.7718539,
        -0.6220225
      ],
      [
        -0.144608125,
        0.635723352,
        0.758250833
      ]
    ],
    "translation": [
      1.55983257,
      1.5562588,
      -0.796221
    ]
  },
  {
    "timeStamp": 2196,
    "rotation": [
      [
        0.94456166,
        0.07045403,
        0.320686042
      ],
      [
        0.156630874,
        0.7617155,
        -0.6286941
      ],
      [
        -0.288565576,
        0.6440697,
        0.7084519
      ]
    ],
    "translation": [
      1.60146022,
      1.55597353,
      -0.8044207
    ]
  },
  {
    "timeStamp": 2241,
    "rotation": [
      [
        0.910153568,
        0.127966776,
        0.394011378
      ],
      [
        0.169512346,
        0.7527911,
        -0.6360591
      ],
      [
        -0.378002673,
        0.6457013,
        0.663463533
      ]
    ],
    "translation": [
      1.6322602,
      1.55432653,
      -0.810617447
    ]
  },
  {
    "timeStamp": 2296,
    "rotation": [
      [
        0.8733844,
        0.185510278,
        0.450317264
      ],
      [
        0.177585214,
        0.739658058,
        -0.649129748
      ],
      [
        -0.453501046,
        0.6469095,
        0.6130619
      ]
    ],
    "translation": [
      1.66667056,
      1.55182743,
      -0.8160132
    ]
  },
  {
    "timeStamp": 2341,
    "rotation": [
      [
        0.851112545,
        0.225474492,
        0.474097759
      ],
      [
        0.171837926,
        0.7336749,
        -0.6574138
      ],
      [
        -0.49606365,
        0.6410011,
        0.585694849
      ]
    ],
    "translation": [
      1.69165993,
      1.54963362,
      -0.8181336
    ]
  },
  {
    "timeStamp": 2396,
    "rotation": [
      [
        0.830376267,
        0.2651895,
        0.490050852
      ],
      [
        0.165495083,
        0.722417355,
        -0.671360254
      ],
      [
        -0.5320589,
        0.6385826,
        0.555990636
      ]
    ],
    "translation": [
      1.71948493,
      1.54686189,
      -0.8203254
    ]
  },
  {
    "timeStamp": 2441,
    "rotation": [
      [
        0.817585051,
        0.290917963,
        0.4969118
      ],
      [
        0.15886417,
        0.715521336,
        -0.6802877
      ],
      [
        -0.5534589,
        0.6351346,
        0.538783133
      ]
    ],
    "translation": [
      1.74017668,
      1.54449558,
      -0.8212891
    ]
  },
  {
    "timeStamp": 2496,
    "rotation": [
      [
        0.8057804,
        0.317264348,
        0.500061154
      ],
      [
        0.153035477,
        0.7041614,
        -0.693351865
      ],
      [
        -0.572099566,
        0.6352165,
        0.5188468
      ]
    ],
    "translation": [
      1.76300454,
      1.54096007,
      -0.822481334
    ]
  },
  {
    "timeStamp": 2541,
    "rotation": [
      [
        0.8016994,
        0.330545336,
        0.498013824
      ],
      [
        0.147408947,
        0.698109567,
        -0.7006523
      ],
      [
        -0.579265535,
        0.635124266,
        0.5109487
      ]
    ],
    "translation": [
      1.779964,
      1.53789115,
      -0.8219782
    ]
  },
  {
    "timeStamp": 2606,
    "rotation": [
      [
        0.8056151,
        0.335102618,
        0.4885596
      ],
      [
        0.14324525,
        0.6900104,
        -0.7094832
      ],
      [
        -0.57486093,
        0.641554236,
        0.507881
      ]
    ],
    "translation": [
      1.79556537,
      1.53408122,
      -0.8205041
    ]
  },
  {
    "timeStamp": 2647,
    "rotation": [
      [
        0.8175437,
        0.337997615,
        0.466240138
      ],
      [
        0.134463221,
        0.6752091,
        -0.725267053
      ],
      [
        -0.559948146,
        0.6556297,
        0.5065647
      ]
    ],
    "translation": [
      1.81752443,
      1.52791858,
      -0.817255139
    ]
  },
  {
    "timeStamp": 2691,
    "rotation": [
      [
        0.83011353,
        0.33741802,
        0.443915039
      ],
      [
        0.127274215,
        0.6604492,
        -0.740005434
      ],
      [
        -0.5428745,
        0.670787454,
        0.505303264
      ]
    ],
    "translation": [
      1.83029139,
      1.5226922,
      -0.814143538
    ]
  },
  {
    "timeStamp": 2746,
    "rotation": [
      [
        0.84704,
        0.333738238,
        0.413693041
      ],
      [
        0.114932492,
        0.6448944,
        -0.755580366
      ],
      [
        -0.5189544,
        0.6875536,
        0.507894039
      ]
    ],
    "translation": [
      1.8449614,
      1.51527548,
      -0.8088289
    ]
  },
  {
    "timeStamp": 2791,
    "rotation": [
      [
        0.8613925,
        0.330468178,
        0.385737836
      ],
      [
        0.103715181,
        0.6289845,
        -0.7704685
      ],
      [
        -0.497238427,
        0.703682661,
        0.507528
      ]
    ],
    "translation": [
      1.855191,
      1.508339,
      -0.8045017
    ]
  },
  {
    "timeStamp": 2846,
    "rotation": [
      [
        0.8792698,
        0.327123642,
        0.346229345
      ],
      [
        0.08926767,
        0.600830853,
        -0.7943762
      ],
      [
        -0.467884541,
        0.7293781,
        0.499090821
      ]
    ],
    "translation": [
      1.86596251,
      1.498493,
      -0.800420761
    ]
  },
  {
    "timeStamp": 2891,
    "rotation": [
      [
        0.8920873,
        0.322921723,
        0.3160726
      ],
      [
        0.07725539,
        0.580190063,
        -0.810808957
      ],
      [
        -0.44520998,
        0.7477307,
        0.492632717
      ]
    ],
    "translation": [
      1.87324667,
      1.49099684,
      -0.7977915
    ]
  },
  {
    "timeStamp": 2946,
    "rotation": [
      [
        0.9074196,
        0.3122553,
        0.2812227
      ],
      [
        0.06424222,
        0.5582721,
        -0.8271669
      ],
      [
        -0.415286064,
        0.76865387,
        0.486527175
      ]
    ],
    "translation": [
      1.8804003,
      1.48264337,
      -0.7950632
    ]
  },
  {
    "timeStamp": 2991,
    "rotation": [
      [
        0.920150161,
        0.303065151,
        0.2479419
      ],
      [
        0.047201585,
        0.5427386,
        -0.8385743
      ],
      [
        -0.38871026,
        0.7833175,
        0.485095859
      ]
    ],
    "translation": [
      1.88376212,
      1.47650719,
      -0.793246448
    ]
  },
  {
    "timeStamp": 3046,
    "rotation": [
      [
        0.937688,
        0.286041349,
        0.197285384
      ],
      [
        0.0202055331,
        0.521917343,
        -0.852756739
      ],
      [
        -0.34689033,
        0.803606033,
        0.483616054
      ]
    ],
    "translation": [
      1.884264,
      1.46977544,
      -0.7915407
    ]
  },
  {
    "timeStamp": 3091,
    "rotation": [
      [
        0.9505169,
        0.2670838,
        0.15869464
      ],
      [
        0.00061756355,
        0.5091838,
        -0.8606576
      ],
      [
        -0.310672432,
        0.818167567,
        0.483822852
      ]
    ],
    "translation": [
      1.88213289,
      1.46539021,
      -0.790743947
    ]
  },
  {
    "timeStamp": 3149,
    "rotation": [
      [
        0.9642979,
        0.241236046,
        0.109246932
      ],
      [
        -0.0244461112,
        0.491859943,
        -0.8703311
      ],
      [
        -0.263689429,
        0.8365878,
        0.480196744
      ]
    ],
    "translation": [
      1.87629914,
      1.46132326,
      -0.790794969
    ]
  },
  {
    "timeStamp": 3198,
    "rotation": [
      [
        0.974239767,
        0.21641095,
        0.0634289
      ],
      [
        -0.04851337,
        0.475798041,
        -0.8782156
      ],
      [
        -0.220234826,
        0.852515459,
        0.47404018
      ]
    ],
    "translation": [
      1.86855054,
      1.45925915,
      -0.791775942
    ]
  },
  {
    "timeStamp": 3240,
    "rotation": [
      [
        0.9805941,
        0.195543334,
        0.0140753342
      ],
      [
        -0.07996201,
        0.4644715,
        -0.8819707
      ],
      [
        -0.179001078,
        0.8637298,
        0.471094
      ]
    ],
    "translation": [
      1.85864425,
      1.45840514,
      -0.792404056
    ]
  },
  {
    "timeStamp": 3296,
    "rotation": [
      [
        0.9855508,
        0.16558966,
        -0.03563346
      ],
      [
        -0.10911575,
        0.4597827,
        -0.881302238
      ],
      [
        -0.1295509,
        0.8724563,
        0.471207649
      ]
    ],
    "translation": [
      1.8435452,
      1.45975637,
      -0.792203665
    ]
  },
  {
    "timeStamp": 3341,
    "rotation": [
      [
        0.9867019,
        0.142169416,
        -0.07878583
      ],
      [
        -0.1363366,
        0.4599978,
        -0.8773907
      ],
      [
        -0.08849682,
        0.8764644,
        0.4732636
      ]
    ],
    "translation": [
      1.82838035,
      1.46187484,
      -0.791127741
    ]
  },
  {
    "timeStamp": 3396,
    "rotation": [
      [
        0.9861243,
        0.09961342,
        -0.132800847
      ],
      [
        -0.164150551,
        0.4657438,
        -0.869561553
      ],
      [
        -0.0247688256,
        0.8792951,
        0.475632876
      ]
    ],
    "translation": [
      1.80780125,
      1.46486044,
      -0.78914994
    ]
  },
  {
    "timeStamp": 3440,
    "rotation": [
      [
        0.9831564,
        0.0627493262,
        -0.171656817
      ],
      [
        -0.180840448,
        0.469979584,
        -0.86395365
      ],
      [
        0.0264626928,
        0.880444,
        0.473411053
      ]
    ],
    "translation": [
      1.79122341,
      1.46734166,
      -0.7883361
    ]
  },
  {
    "timeStamp": 3496,
    "rotation": [
      [
        0.9781365,
        0.03230844,
        -0.205438748
      ],
      [
        -0.195638433,
        0.477982551,
        -0.856305
      ],
      [
        0.0705302656,
        0.8777749,
        0.473852962
      ]
    ],
    "translation": [
      1.77092588,
      1.4705143,
      -0.788002968
    ]
  },
  {
    "timeStamp": 3541,
    "rotation": [
      [
        0.9750125,
        0.0100564463,
        -0.2219224
      ],
      [
        -0.198843166,
        0.484946,
        -0.851638854
      ],
      [
        0.09905593,
        0.874486268,
        0.4748281
      ]
    ],
    "translation": [
      1.75587773,
      1.47291636,
      -0.7879016
    ]
  },
  {
    "timeStamp": 3591,
    "rotation": [
      [
        0.9726471,
        -0.0135826115,
        -0.2318902
      ],
      [
        -0.194693789,
        0.4968248,
        -0.8457301
      ],
      [
        0.12669602,
        0.8677445,
        0.480590761
      ]
    ],
    "translation": [
      1.73885894,
      1.47531128,
      -0.7868744
    ]
  },
  {
    "timeStamp": 3646,
    "rotation": [
      [
        0.9738992,
        -0.0258676745,
        -0.225502342
      ],
      [
        -0.182169169,
        0.503588855,
        -0.8445192
      ],
      [
        0.135406211,
        0.8635561,
        0.485732436
      ]
    ],
    "translation": [
      1.724747,
      1.47618508,
      -0.785149038
    ]
  },
  {
    "timeStamp": 3691,
    "rotation": [
      [
        0.9759892,
        -0.0297963154,
        -0.215771139
      ],
      [
        -0.171433389,
        0.50601697,
        -0.845315
      ],
      [
        0.134371132,
        0.8620087,
        0.488759
      ]
    ],
    "translation": [
      1.71531379,
      1.47616172,
      -0.7827974
    ]
  },
  {
    "timeStamp": 3747,
    "rotation": [
      [
        0.9789708,
        -0.0389732458,
        -0.200243086
      ],
      [
        -0.152902916,
        0.509605348,
        -0.8467131
      ],
      [
        0.1350441,
        0.8595252,
        0.4929296
      ]
    ],
    "translation": [
      1.70493889,
      1.474459,
      -0.778950334
    ]
  },
  {
    "timeStamp": 3791,
    "rotation": [
      [
        0.9809688,
        -0.04672319,
        -0.1884601
      ],
      [
        -0.139074266,
        0.5082425,
        -0.849910557
      ],
      [
        0.135493949,
        0.859945655,
        0.492072
      ]
    ],
    "translation": [
      1.69786513,
      1.47161627,
      -0.776385
    ]
  },
  {
    "timeStamp": 3846,
    "rotation": [
      [
        0.9840006,
        -0.05402001,
        -0.169778287
      ],
      [
        -0.12004599,
        0.503112733,
        -0.8558426
      ],
      [
        0.131650239,
        0.8625308,
        0.488578349
      ]
    ],
    "translation": [
      1.69029117,
      1.46761441,
      -0.7731028
    ]
  },
  {
    "timeStamp": 3890,
    "rotation": [
      [
        0.98700887,
        -0.0592086054,
        -0.149357855
      ],
      [
        -0.100100957,
        0.5005195,
        -0.859918654
      ],
      [
        0.125671074,
        0.863698244,
        0.4880904
      ]
    ],
    "translation": [
      1.685821,
      1.46483588,
      -0.7703711
    ]
  },
  {
    "timeStamp": 3949,
    "rotation": [
      [
        0.9919701,
        -0.06273815,
        -0.109814614
      ],
      [
        -0.06346221,
        0.5041438,
        -0.861284852
      ],
      [
        0.109397776,
        0.8613379,
        0.496114075
      ]
    ],
    "translation": [
      1.68383288,
      1.46272945,
      -0.766602
    ]
  },
  {
    "timeStamp": 3994,
    "rotation": [
      [
        0.996108949,
        -0.0535476059,
        -0.06999768
      ],
      [
        -0.0333779566,
        0.505862236,
        -0.861968338
      ],
      [
        0.0815655142,
        0.8609507,
        0.502106547
      ]
    ],
    "translation": [
      1.68516684,
      1.46208763,
      -0.76449126
    ]
  },
  {
    "timeStamp": 4049,
    "rotation": [
      [
        0.999605536,
        -0.0280369632,
        -0.00164550147
      ],
      [
        0.0129604163,
        0.512471437,
        -0.858606458
      ],
      [
        0.02491599,
        0.858246446,
        0.512632668
      ]
    ],
    "translation": [
      1.69035161,
      1.46302462,
      -0.7624962
    ]
  },
  {
    "timeStamp": 4095,
    "rotation": [
      [
        0.99738735,
        0.00165815989,
        0.0722199455
      ],
      [
        0.0603699051,
        0.5299136,
        -0.8459001
      ],
      [
        -0.03967297,
        0.848049939,
        0.528429031
      ]
    ],
    "translation": [
      1.69759679,
      1.46571016,
      -0.760389864
    ]
  },
  {
    "timeStamp": 4140,
    "rotation": [
      [
        0.9884981,
        0.0310099237,
        0.14801994
      ],
      [
        0.107411504,
        0.5450482,
        -0.8314958
      ],
      [
        -0.106462613,
        0.8378311,
        0.535448253
      ]
    ],
    "translation": [
      1.70702815,
      1.46973169,
      -0.7603233
    ]
  },
  {
    "timeStamp": 4195,
    "rotation": [
      [
        0.9708089,
        0.05381519,
        0.233739
      ],
      [
        0.16448313,
        0.5598979,
        -0.8120712
      ],
      [
        -0.174571738,
        0.8268121,
        0.534702241
      ]
    ],
    "translation": [
      1.72054887,
      1.47612023,
      -0.7627046
    ]
  },
  {
    "timeStamp": 4240,
    "rotation": [
      [
        0.952959955,
        0.07378179,
        0.29397893
      ],
      [
        0.201463789,
        0.5704578,
        -0.796235
      ],
      [
        -0.22645022,
        0.8180062,
        0.5287591
      ]
    ],
    "translation": [
      1.73236728,
      1.481576,
      -0.765433431
    ]
  },
  {
    "timeStamp": 4296,
    "rotation": [
      [
        0.9278181,
        0.102471821,
        0.3586823
      ],
      [
        0.235215023,
        0.5855838,
        -0.7757355
      ],
      [
        -0.289529562,
        0.8041089,
        0.519212365
      ]
    ],
    "translation": [
      1.74734,
      1.48881125,
      -0.769373357
    ]
  },
  {
    "timeStamp": 4340,
    "rotation": [
      [
        0.908602536,
        0.124660559,
        0.398623973
      ],
      [
        0.252201676,
        0.597013,
        -0.76155746
      ],
      [
        -0.3329199,
        0.792486668,
        0.511007965
      ]
    ],
    "translation": [
      1.75931144,
      1.49400485,
      -0.7727673
    ]
  },
  {
    "timeStamp": 4395,
    "rotation": [
      [
        0.8874836,
        0.149736986,
        0.435834378
      ],
      [
        0.264191568,
        0.6095852,
        -0.747401237
      ],
      [
        -0.377591848,
        0.778450131,
        0.501437664
      ]
    ],
    "translation": [
      1.77458966,
      1.49955726,
      -0.77668345
    ]
  },
  {
    "timeStamp": 4440,
    "rotation": [
      [
        0.872430742,
        0.171507269,
        0.4576569
      ],
      [
        0.265860975,
        0.6192005,
        -0.7388563
      ],
      [
        -0.4101006,
        0.7662741,
        0.4946125
      ]
    ],
    "translation": [
      1.78685021,
      1.502874,
      -0.7798162
    ]
  },
  {
    "timeStamp": 4496,
    "rotation": [
      [
        0.8589811,
        0.2002659,
        0.4712167
      ],
      [
        0.256049782,
        0.628962338,
        -0.7340606
      ],
      [
        -0.443384826,
        0.751199067,
        0.488988668
      ]
    ],
    "translation": [
      1.8014586,
      1.50565958,
      -0.7831759
    ]
  },
  {
    "timeStamp": 4540,
    "rotation": [
      [
        0.8529425,
        0.216830239,
        0.47484076
      ],
      [
        0.247605,
        0.6327494,
        -0.7337029
      ],
      [
        -0.459544182,
        0.743379354,
        0.486010641
      ]
    ],
    "translation": [
      1.81325221,
      1.506799,
      -0.7853896
    ]
  },
  {
    "timeStamp": 4599,
    "rotation": [
      [
        0.8529882,
        0.23642692,
        0.46531
      ],
      [
        0.2272575,
        0.634328246,
        -0.7389057
      ],
      [
        -0.4698565,
        0.736023068,
        0.487344742
      ]
    ],
    "translation": [
      1.827456,
      1.50619888,
      -0.7863112
    ]
  },
  {
    "timeStamp": 4646,
    "rotation": [
      [
        0.8582354,
        0.2520656,
        0.44709608
      ],
      [
        0.205045551,
        0.6301796,
        -0.74888587
      ],
      [
        -0.470519185,
        0.734395444,
        0.489157468
      ]
    ],
    "translation": [
      1.84124112,
      1.50404084,
      -0.7871491
    ]
  },
  {
    "timeStamp": 4690,
    "rotation": [
      [
        0.864139557,
        0.266906053,
        0.426642627
      ],
      [
        0.1819885,
        0.624661744,
        -0.7593931
      ],
      [
        -0.469193965,
        0.7338657,
        0.4912211
      ]
    ],
    "translation": [
      1.8513248,
      1.50150037,
      -0.7867811
    ]
  },
  {
    "timeStamp": 4746,
    "rotation": [
      [
        0.8728932,
        0.280903637,
        0.398936838
      ],
      [
        0.153172955,
        0.618537545,
        -0.7706811
      ],
      [
        -0.463244528,
        0.7338286,
        0.496890366
      ]
    ],
    "translation": [
      1.86317062,
      1.49763036,
      -0.7853444
    ]
  },
  {
    "timeStamp": 4790,
    "rotation": [
      [
        0.8807405,
        0.2880065,
        0.3759632
      ],
      [
        0.133778542,
        0.6102222,
        -0.78085345
      ],
      [
        -0.454312,
        0.738025069,
        0.498918384
      ]
    ],
    "translation": [
      1.871692,
      1.49400425,
      -0.783925831
    ]
  },
  {
    "timeStamp": 4846,
    "rotation": [
      [
        0.8906056,
        0.291858137,
        0.34877
      ],
      [
        0.113756217,
        0.5995575,
        -0.792206
      ],
      [
        -0.440319419,
        0.74521786,
        0.5007686
      ]
    ],
    "translation": [
      1.88047814,
      1.48927617,
      -0.7816617
    ]
  },
  {
    "timeStamp": 4890,
    "rotation": [
      [
        0.8977749,
        0.29320243,
        0.328683257
      ],
      [
        0.100607015,
        0.589999557,
        -0.8011109
      ],
      [
        -0.428810656,
        0.752285063,
        0.5001885
      ]
    ],
    "translation": [
      1.88615131,
      1.4857924,
      -0.7800822
    ]
  },
  {
    "timeStamp": 4946,
    "rotation": [
      [
        0.905024648,
        0.2928236,
        0.308520347
      ],
      [
        0.0877260938,
        0.5812297,
        -0.808997035
      ],
      [
        -0.416214615,
        0.7592275,
        0.5003389
      ]
    ],
    "translation": [
      1.89075732,
      1.48215842,
      -0.778013349
    ]
  },
  {
    "timeStamp": 4990,
    "rotation": [
      [
        0.9111454,
        0.288795739,
        0.29395768
      ],
      [
        0.07883249,
        0.5780131,
        -0.812210739
      ],
      [
        -0.4044744,
        0.7632155,
        0.5038875
      ]
    ],
    "translation": [
      1.89211488,
      1.4794445,
      -0.776025951
    ]
  },
  {
    "timeStamp": 5045,
    "rotation": [
      [
        0.9197743,
        0.281000763,
        0.273959577
      ],
      [
        0.0691696852,
        0.5710752,
        -0.817978442
      ],
      [
        -0.38630408,
        0.771305263,
        0.5058235
      ]
    ],
    "translation": [
      1.890417,
      1.47656012,
      -0.7743781
    ]
  },
  {
    "timeStamp": 5092,
    "rotation": [
      [
        0.9260133,
        0.273710251,
        0.2599654
      ],
      [
        0.06378987,
        0.5653018,
        -0.822414
      ],
      [
        -0.372062027,
        0.7781494,
        0.506017
      ]
    ],
    "translation": [
      1.88610387,
      1.47539234,
      -0.773263633
    ]
  },
  {
    "timeStamp": 5148,
    "rotation": [
      [
        0.9351515,
        0.257320046,
        0.243470743
      ],
      [
        0.0591572151,
        0.564202666,
        -0.8235143
      ],
      [
        -0.349273562,
        0.784513652,
        0.51239264
      ]
    ],
    "translation": [
      1.87596285,
      1.47587454,
      -0.770729244
    ]
  },
  {
    "timeStamp": 5194,
    "rotation": [
      [
        0.9458749,
        0.236957759,
        0.221746743
      ],
      [
        0.05133366,
        0.565437853,
        -0.8231919
      ],
      [
        -0.320445716,
        0.790019631,
        0.5226696
      ]
    ],
    "translation": [
      1.86346936,
      1.47692275,
      -0.768036366
    ]
  },
  {
    "timeStamp": 5241,
    "rotation": [
      [
        0.960719645,
        0.205331653,
        0.186699316
      ],
      [
        0.0389945172,
        0.5661891,
        -0.8233525
      ],
      [
        -0.274767429,
        0.7982912,
        0.5359422
      ]
    ],
    "translation": [
      1.84660816,
      1.47806382,
      -0.7644223
    ]
  },
  {
    "timeStamp": 5295,
    "rotation": [
      [
        0.9810637,
        0.158403262,
        0.111455746
      ],
      [
        0.00261414773,
        0.5645661,
        -0.8253837
      ],
      [
        -0.19366762,
        0.810045362,
        0.553461254
      ]
    ],
    "translation": [
      1.81954575,
      1.4793756,
      -0.7601965
    ]
  },
  {
    "timeStamp": 5351,
    "rotation": [
      [
        0.993081,
        0.114676312,
        0.0252878778
      ],
      [
        -0.04454315,
        0.567099035,
        -0.82244426
      ],
      [
        -0.108655609,
        0.815627337,
        0.5682833
      ]
    ],
    "translation": [
      1.79304862,
      1.48107576,
      -0.7571502
    ]
  },
  {
    "timeStamp": 5390,
    "rotation": [
      [
        0.995593369,
        0.07092048,
        -0.0613527633
      ],
      [
        -0.09105905,
        0.5747969,
        -0.8132138
      ],
      [
        -0.0224081334,
        0.815217,
        0.578721941
      ]
    ],
    "translation": [
      1.76518035,
