[
  {
    "timeStamp": 35757,
    "rotation": [
      [
        0.02420717,
        0.999705136,
        -0.00187775935
      ],
      [
        0.03372842,
        0.00106053287,
        0.9994305
      ],
      [
        0.9991378,
        -0.0242567156,
        -0.033692807
      ]
    ],
    "translation": [
      1.76973546,
      0.698889136,
      -0.357703537
    ]
  },
  {
    "timeStamp": 35801,
    "rotation": [
      [
        0.0238649882,
        0.9997128,
        0.00216236874
      ],
      [
        0.0321736522,
        -0.0029299052,
        0.999478
      ],
      [
        0.9991973,
        -0.0237829555,
        -0.0322343335
      ]
    ],
    "translation": [
      1.76976085,
      0.7015965,
      -0.357743025
    ]
  },
  {
    "timeStamp": 35856,
    "rotation": [
      [
        0.02344189,
        0.999704838,
        0.0063731214
      ],
      [
        0.0364077128,
        -0.007224327,
        0.9993109
      ],
      [
        0.999062,
        -0.0231937077,
        -0.0365663171
      ]
    ],
    "translation": [
      1.769779,
      0.7016392,
      -0.357823282
    ]
  },
  {
    "timeStamp": 35912,
    "rotation": [
      [
        0.0237151366,
        0.999708951,
        0.004436134
      ],
      [
        0.03886106,
        -0.00535587361,
        0.999230266
      ],
      [
        0.9989632,
        -0.02352449,
        -0.0389767624
      ]
    ],
    "translation": [
      1.76976478,
      0.7016941,
      -0.357828021
    ]
  },
  {
    "timeStamp": 35957,
    "rotation": [
      [
        0.0245739371,
        0.9996964,
        0.00181604852
      ],
      [
        0.0436547361,
        -0.00288795517,
        0.9990425
      ],
      [
        0.9987444,
        -0.02447113,
        -0.04371245
      ]
    ],
    "translation": [
      1.7697432,
      0.7017884,
      -0.357861221
    ]
  },
  {
    "timeStamp": 36012,
    "rotation": [
      [
        0.023299925,
        0.9997271,
        0.0016826354
      ],
      [
        0.0412778445,
        -0.00264368742,
        0.9991442
      ],
      [
        0.998876,
        -0.0232105274,
        -0.0413281769
      ]
    ],
    "translation": [
      1.76979315,
      0.701559663,
      -0.357840419
    ]
  },
  {
    "timeStamp": 36056,
    "rotation": [
      [
        0.02546242,
        0.999643445,
        0.008036793
      ],
      [
        0.0449432731,
        -0.00917597,
        0.9989474
      ],
      [
        0.998665,
        -0.025074413,
        -0.04516089
      ]
    ],
    "translation": [
      1.76984811,
      0.7014917,
      -0.35784024
    ]
  },
  {
    "timeStamp": 36112,
    "rotation": [
      [
        0.0265472066,
        0.9996379,
        0.00439275
      ],
      [
        0.05774103,
        -0.00592035055,
        0.998314
      ],
      [
        0.997978568,
        -0.0262488052,
        -0.0578772947
      ]
    ],
    "translation": [
      1.76988435,
      0.701761365,
      -0.357658952
    ]
  },
  {
    "timeStamp": 36157,
    "rotation": [
      [
        0.0259304326,
        0.9996565,
        -0.00381552521
      ],
      [
        0.07251914,
        0.00192568067,
        0.9973652
      ],
      [
        0.9970299,
        -0.0261388086,
        -0.0724443
      ]
    ],
    "translation": [
      1.769701,
      0.7023377,
      -0.357587755
    ]
  },
  {
    "timeStamp": 36212,
    "rotation": [
      [
        0.11723692,
        0.988346934,
        0.0970870554
      ],
      [
        0.04885909,
        -0.103383064,
        0.993440866
      ],
      [
        0.991901338,
        -0.111724369,
        -0.0604100451
      ]
    ],
    "translation": [
      1.75301743,
      0.713655949,
      -0.365146339
    ]
  },
  {
    "timeStamp": 36256,
    "rotation": [
      [
        0.14160344,
        0.982627869,
        0.119962648
      ],
      [
        0.0531003252,
        -0.128549039,
        0.9902805
      ],
      [
        0.9884983,
        -0.133857071,
        -0.0703808442
      ]
    ],
    "translation": [
      1.75444722,
      0.7269436,
      -0.3645391
    ]
  },
  {
    "timeStamp": 36312,
    "rotation": [
      [
        0.167294919,
        0.9755014,
        0.142860979
      ],
      [
        0.0634445548,
        -0.155254826,
        0.985835
      ],
      [
        0.983863354,
        -0.155861422,
        -0.0878636
      ]
    ],
    "translation": [
      1.759065,
      0.7480639,
      -0.3625791
    ]
  },
  {
    "timeStamp": 36356,
    "rotation": [
      [
        0.16537264,
        0.974065065,
        0.154431745
      ],
      [
        0.06673843,
        -0.167281583,
        0.9836477
      ],
      [
        0.983970463,
        -0.15236187,
        -0.0926713645
      ]
    ],
    "translation": [
      1.76247883,
      0.761325657,
      -0.367787123
    ]
  },
  {
    "timeStamp": 36412,
    "rotation": [
      [
        0.1588293,
        0.9779197,
        0.135817155
      ],
      [
        0.100053512,
        -0.152797908,
        0.983179569
      ],
      [
        0.9822233,
        -0.142568737,
        -0.122113086
      ]
    ],
    "translation": [
      1.77582,
      0.771840453,
      -0.366525829
    ]
  },
  {
    "timeStamp": 36457,
    "rotation": [
      [
        0.206591055,
        0.966680348,
        0.1511597
      ],
      [
        0.08790021,
        -0.172204748,
        0.981131554
      ],
      [
        0.974471,
        -0.189406052,
        -0.120547362
      ]
    ],
    "translation": [
      1.778576,
      0.7813604,
      -0.3671382
    ]
  },
  {
    "timeStamp": 36512,
    "rotation": [
      [
        0.241682857,
        0.954297066,
        0.175802365
      ],
      [
        0.0665568262,
        -0.197049245,
        0.9781318
      ],
      [
        0.96807003,
        -0.22469683,
        -0.111138411
      ]
    ],
    "translation": [
      1.77761614,
      0.795524836,
      -0.375534564
    ]
  },
  {
    "timeStamp": 36556,
    "rotation": [
      [
        0.252814323,
        0.9518137,
        0.173596323
      ],
      [
        0.08205244,
        -0.199871168,
        0.9763805
      ],
      [
        0.9640292,
        -0.232599,
        -0.128628924
      ]
    ],
    "translation": [
      1.78169465,
      0.804800868,
      -0.378813
    ]
  },
  {
    "timeStamp": 36602,
    "rotation": [
      [
        0.273954153,
        0.944601357,
        0.180768922
      ],
      [
        0.08580131,
        -0.2112153,
        0.97366637
      ],
      [
        0.957907736,
        -0.251229733,
        -0.138911337
      ]
    ],
    "translation": [
      1.787142,
      0.816122651,
      -0.3825605
    ]
  },
  {
    "timeStamp": 36656,
    "rotation": [
      [
        0.3002697,
        0.9350849,
        0.188293219
      ],
      [
        0.09815408,
        -0.226645112,
        0.969019
      ],
      [
        0.9487907,
        -0.272485316,
        -0.159837052
      ]
    ],
    "translation": [
      1.79694378,
      0.8321538,
      -0.387298554
    ]
  },
  {
    "timeStamp": 36711,
    "rotation": [
      [
        0.322520733,
        0.9263276,
        0.194673
      ],
      [
        0.112059779,
        -0.241582587,
        0.9638882
      ],
      [
        0.9399058,
        -0.289058924,
        -0.181719467
      ]
    ],
    "translation": [
      1.81260109,
      0.850045264,
      -0.394349575
    ]
  },
  {
    "timeStamp": 36756,
    "rotation": [
      [
        0.34602645,
        0.917303264,
        0.197029144
      ],
      [
        0.119492248,
        -0.251379132,
        0.9604843
      ],
      [
        0.9305844,
        -0.308809519,
        -0.196594447
      ]
    ],
    "translation": [
      1.82751286,
      0.8638676,
      -0.401860178
    ]
  },
  {
    "timeStamp": 36811,
    "rotation": [
      [
        0.386520267,
        0.900103569,
        0.201036528
      ],
      [
        0.1295702,
        -0.268811733,
        0.954438
      ],
      [
        0.913134,
        -0.3428613,
        -0.2205278
      ]
    ],
    "translation": [
      1.84756768,
      0.880660057,
      -0.410523325
    ]
  },
  {
    "timeStamp": 36856,
    "rotation": [
      [
        0.427959949,
        0.879957736,
        0.206215248
      ],
      [
        0.1360872,
        -0.288303226,
        0.947819352
      ],
      [
        0.893493533,
        -0.377565473,
        -0.2431332
      ]
    ],
    "translation": [
      1.86536956,
      0.8945437,
      -0.418091834
    ]
  },
  {
    "timeStamp": 36911,
    "rotation": [
      [
        0.478809327,
        0.8534833,
        0.205688521
      ],
      [
        0.141464487,
        -0.3062354,
        0.941386044
      ],
      [
        0.8664464,
        -0.4216468,
        -0.267365962
      ]
    ],
    "translation": [
      1.888174,
      0.9077018,
      -0.4318373
    ]
  },
  {
    "timeStamp": 36955,
    "rotation": [
      [
        0.5085346,
        0.838937163,
        0.193847761
      ],
      [
        0.149650082,
        -0.30782035,
        0.9396018
      ],
      [
        0.847937167,
        -0.4488107,
        -0.282084316
      ]
    ],
    "translation": [
      1.912636,
      0.9153132,
      -0.4463386
    ]
  },
  {
    "timeStamp": 37012,
    "rotation": [
      [
        0.5474373,
        0.821044743,
        0.161857992
      ],
      [
        0.166264132,
        -0.296269059,
        0.9405216
      ],
      [
        0.8201638,
        -0.4879654,
        -0.298699
      ]
    ],
    "translation": [
      1.94896829,
      0.920091748,
      -0.465806782
    ]
  },
  {
    "timeStamp": 37056,
    "rotation": [
      [
        0.57850945,
        0.803374469,
        0.141125128
      ],
      [
        0.173521876,
        -0.290268481,
        0.941081464
      ],
      [
        0.797005,
        -0.5199362,
        -0.3073261
      ]
    ],
    "translation": [
      1.97521055,
      0.922941148,
      -0.483774424
    ]
  },
  {
    "timeStamp": 37112,
    "rotation": [
      [
        0.6199662,
        0.774057746,
        0.128361061
      ],
      [
        0.171312615,
        -0.293185025,
        0.940582037
      ],
      [
        0.7656984,
        -0.5611392,
        -0.314370662
      ]
    ],
    "translation": [
      2.00361824,
      0.9266225,
      -0.506374061
    ]
  },
  {
    "timeStamp": 37156,
    "rotation": [
      [
        0.6512367,
        0.7507707,
        0.110608026
      ],
      [
        0.176100865,
        -0.2912831,
        0.9402886
      ],
      [
        0.738159359,
        -0.5928723,
        -0.3219056
      ]
    ],
    "translation": [
      2.02718854,
      0.9281442,
      -0.523668468
    ]
  },
  {
    "timeStamp": 37223,
    "rotation": [
      [
        0.6882137,
        0.720417261,
        0.0857950449
      ],
      [
        0.1806687,
        -0.284708768,
        0.9414349
      ],
      [
        0.7026526,
        -0.632407963,
        -0.326097369
      ]
    ],
    "translation": [
      2.05669665,
      0.9278834,
      -0.5457269
    ]
  },
  {
    "timeStamp": 37262,
    "rotation": [
      [
        0.7261973,
        0.6842594,
        0.06653184
      ],
      [
        0.1750784,
        -0.277653456,
        0.9445931
      ],
      [
        0.6648195,
        -0.674312651,
        -0.321430236
      ]
    ],
    "translation": [
      2.07903576,
      0.921615064,
      -0.5693561
    ]
  },
  {
    "timeStamp": 37306,
    "rotation": [
      [
        0.755499065,
        0.6536053,
        0.0449588448
      ],
      [
        0.175005481,
        -0.267465472,
        0.9475417
      ],
      [
        0.6313432,
        -0.7079988,
        -0.31645444
      ]
    ],
    "translation": [
      2.10103,
      0.9173967,
      -0.5857781
    ]
  },
  {
    "timeStamp": 37362,
    "rotation": [
      [
        0.788766563,
        0.613961041,
        0.0299866721
      ],
      [
        0.168469042,
        -0.262835324,
        0.9500188
      ],
      [
        0.591156065,
        -0.744291246,
        -0.310749143
      ]
    ],
    "translation": [
      2.12409544,
      0.911067545,
      -0.6054704
    ]
  },
  {
    "timeStamp": 37407,
    "rotation": [
      [
        0.8155957,
        0.5784248,
        0.0151123386
      ],
      [
        0.1642969,
        -0.256548166,
        0.952465
      ],
      [
        0.5548064,
        -0.774343431,
        -0.304272979
      ]
    ],
    "translation": [
      2.1401782,
      0.9059514,
      -0.619084835
    ]
  },
  {
    "timeStamp": 37462,
    "rotation": [
      [
        0.8403558,
        0.542006433,
        0.00558323
      ],
      [
        0.158545032,
        -0.255640626,
        0.953683
      ],
      [
        0.5183296,
        -0.800547838,
        -0.3007615
      ]
    ],
    "translation": [
      2.156094,
      0.9005428,
      -0.6333571
    ]
  },
  {
    "timeStamp": 37506,
    "rotation": [
      [
        0.8565645,
        0.5160221,
        0.00429351535
      ],
      [
        0.151174515,
        -0.258878022,
        0.954006553
      ],
      [
        0.493399948,
        -0.816519141,
        -0.2997551
      ]
    ],
    "translation": [
      2.16414857,
      0.8969374,
      -0.641875
    ]
  },
  {
    "timeStamp": 37562,
    "rotation": [
      [
        0.8766798,
        0.480883121,
        -0.01356126
      ],
      [
        0.153731048,
        -0.253327072,
        0.955087543
      ],
      [
        0.455850065,
        -0.839390755,
        -0.296013385
      ]
    ],
    "translation": [
      2.17695928,
      0.890674949,
      -0.6495925
    ]
  },
  {
    "timeStamp": 37606,
    "rotation": [
      [
        0.887123048,
        0.460523635,
        -0.0305070877
      ],
      [
        0.159307435,
        -0.243501753,
        0.9567278
      ],
      [
        0.433167249,
        -0.853595257,
        -0.289380878
      ]
    ],
    "translation": [
      2.18696237,
      0.884640753,
      -0.6548612
    ]
  },
  {
    "timeStamp": 37662,
    "rotation": [
      [
        0.911461532,
        0.406989157,
        -0.0599812642
      ],
      [
        0.164307892,
        -0.2264799,
        0.9600572
      ],
      [
        0.37714833,
        -0.8849106,
        -0.273299247
      ]
    ],
    "translation": [
      2.20352,
      0.874713659,
      -0.6599958
    ]
  },
  {
    "timeStamp": 37707,
    "rotation": [
      [
        0.921408355,
        0.381325841,
        -0.07481468
      ],
      [
        0.166458368,
        -0.21334143,
        0.9626926
      ],
      [
        0.3511385,
        -0.899486542,
        -0.260049433
      ]
    ],
    "translation": [
      2.21146131,
      0.8660145,
      -0.6633717
    ]
  },
  {
    "timeStamp": 37753,
    "rotation": [
      [
        0.92303896,
        0.3746252,
        -0.08749286
      ],
      [
        0.174615443,
        -0.205330953,
        0.96298945
      ],
      [
        0.342795134,
        -0.90415436,
        -0.254943818
      ]
    ],
    "translation": [
      2.21555758,
      0.858214,
      -0.6641627
    ]
  },
  {
    "timeStamp": 37810,
    "rotation": [
      [
        0.927207947,
        0.358327776,
        -0.109025463
      ],
      [
        0.188304141,
        -0.1943456,
        0.962689638
      ],
      [
        0.3237698,
        -0.913143456,
        -0.247673392
      ]
    ],
    "translation": [
      2.21965742,
      0.849158943,
      -0.661865
    ]
  },
  {
    "timeStamp": 37856,
    "rotation": [
      [
        0.9272176,
        0.35347715,
        -0.1237796
      ],
      [
        0.196547791,
        -0.177924827,
        0.9642156
      ],
      [
        0.3188047,
        -0.918366253,
        -0.234450191
      ]
    ],
    "translation": [
      2.22113729,
      0.8410913,
      -0.662452
    ]
  },
  {
    "timeStamp": 37911,
    "rotation": [
      [
        0.930752635,
        0.34403953,
        -0.123840153
      ],
      [
        0.190836042,
        -0.168160841,
        0.967110932
      ],
      [
        0.311899334,
        -0.9237742,
        -0.222171262
      ]
    ],
    "translation": [
      2.21727657,
      0.8313192,
      -0.6620536
    ]
  },
  {
    "timeStamp": 37956,
    "rotation": [
      [
        0.934945166,
        0.3211014,
        -0.150902271
      ],
      [
        0.209444389,
        -0.156208247,
        0.965262651
      ],
      [
        0.286375016,
        -0.934073269,
        -0.213299036
      ]
    ],
    "translation": [
      2.22335815,
      0.8233056,
      -0.6600725
    ]
  },
  {
    "timeStamp": 38011,
    "rotation": [
      [
        0.9475247,
        0.2764596,
        -0.160520762
      ],
      [
        0.208867446,
        -0.155238688,
        0.965544045
      ],
      [
        0.24201487,
        -0.948404431,
        -0.204835922
      ]
    ],
    "translation": [
      2.2291007,
      0.814351857,
      -0.6586383
    ]
  },
  {
    "timeStamp": 38056,
    "rotation": [
      [
        0.9535158,
        0.24491179,
        -0.175572723
      ],
      [
        0.216643229,
        -0.152153924,
        0.964320958
      ],
      [
        0.2094595,
        -0.9575319,
        -0.198139638
      ]
    ],
    "translation": [
      2.23451185,
      0.808638,
      -0.6579908
    ]
  },
  {
    "timeStamp": 38111,
    "rotation": [
      [
        0.9534192,
        0.22126846,
        -0.205017492
      ],
      [
        0.240679622,
        -0.148299918,
        0.95920825
      ],
      [
        0.181838453,
        -0.963871062,
        -0.194646791
      ]
    ],
    "translation": [
      2.24371433,
      0.804378867,
      -0.6578514
    ]
  },
  {
    "timeStamp": 38156,
    "rotation": [
      [
        0.9586044,
        0.206387281,
        -0.19616802
      ],
      [
        0.22912696,
        -0.1500886,
        0.9617558
      ],
      [
        0.169051588,
        -0.966890752,
        -0.191164479
      ]
    ],
    "translation": [
      2.24223566,
      0.8012728,
      -0.658587
    ]
  },
  {
    "timeStamp": 38211,
    "rotation": [
      [
        0.9601076,
        0.209034309,
        -0.18573612
      ],
      [
        0.216968372,
        -0.137865782,
        0.9663942
      ],
      [
        0.176402867,
        -0.9681413,
        -0.177719817
      ]
    ],
    "translation": [
      2.2362,
      0.7951341,
      -0.661758065
    ]
  },
  {
    "timeStamp": 38256,
    "rotation": [
      [
        0.9580007,
        0.206628621,
        -0.198844627
      ],
      [
        0.228041634,
        -0.128502592,
        0.9651342
      ],
      [
        0.173872277,
        -0.9699441,
        -0.170225516
      ]
    ],
    "translation": [
      2.23941612,
      0.790639043,
      -0.66353637
    ]
  },
  {
    "timeStamp": 38311,
    "rotation": [
      [
        0.9606754,
        0.192042947,
        -0.200555071
      ],
      [
        0.226833954,
        -0.126184553,
        0.9657245
      ],
      [
        0.160153642,
        -0.973240435,
        -0.164784253
      ]
    ],
    "translation": [
      2.24108577,
      0.786541641,
      -0.663393855
    ]
  },
  {
    "timeStamp": 38355,
    "rotation": [
      [
        0.958736539,
        0.179539844,
        -0.2204308
      ],
      [
        0.243766055,
        -0.120158561,
        0.9623617
      ],
      [
        0.1462956,
        -0.9763848,
        -0.158966124
      ]
    ],
    "translation": [
      2.247871,
      0.7837591,
      -0.663241
    ]
  },
  {
    "timeStamp": 38411,
    "rotation": [
      [
        0.960407734,
        0.1592989,
        -0.228562534
      ],
      [
        0.248413831,
        -0.118245177,
        0.961409748
      ],
      [
        0.126125112,
        -0.98012346,
        -0.153135642
      ]
    ],
    "translation": [
      2.25295424,
      0.780642867,
      -0.6628547
    ]
  },
  {
    "timeStamp": 38455,
    "rotation": [
      [
        0.962938845,
        0.1534041,
        -0.221846625
      ],
      [
        0.239916623,
        -0.111331373,
        0.9643886
      ],
      [
        0.1232427,
        -0.9818719,
        -0.1440095
      ]
    ],
    "translation": [
      2.25203657,
      0.7766222,
      -0.6639761
    ]
  },
  {
    "timeStamp": 38511,
    "rotation": [
      [
        0.9603573,
        0.151706457,
        -0.2338782
      ],
      [
        0.2495625,
        -0.0940027,
        0.9637853
      ],
      [
        0.124227278,
        -0.9839454,
        -0.128136426
      ]
    ],
    "translation": [
      2.25531363,
      0.770789266,
      -0.6671326
    ]
  },
  {
    "timeStamp": 38556,
    "rotation": [
      [
        0.9627568,
        0.141996264,
        -0.230079263
      ],
      [
        0.244073063,
        -0.09037627,
        0.965536356
      ],
      [
        0.116308838,
        -0.985732853,
        -0.121667825
      ]
    ],
    "translation": [
      2.25590754,
      0.7664453,
      -0.667852759
    ]
  },
  {
    "timeStamp": 38611,
    "rotation": [
      [
        0.963929057,
        0.136951253,
        -0.22822158
      ],
      [
        0.240413651,
        -0.0800956562,
        0.9673603
      ],
      [
        0.114201657,
        -0.9873343,
        -0.110131487
      ]
    ],
    "translation": [
      2.25536513,
      0.760428667,
      -0.669607162
    ]
  },
  {
    "timeStamp": 38655,
    "rotation": [
      [
        0.9615683,
        0.13547875,
        -0.238813788
      ],
      [
        0.250567019,
        -0.0773645043,
        0.9650031
      ],
      [
        0.112261713,
        -0.9877552,
        -0.108337753
      ]
    ],
    "translation": [
      2.258366,
      0.7571318,
      -0.6688308
    ]
  },
  {
    "timeStamp": 38711,
    "rotation": [
      [
        0.9633706,
        0.120483078,
        -0.239584625
      ],
      [
        0.249390051,
        -0.07403127,
        0.965569258
      ],
      [
        0.098598,
        -0.9899511,
        -0.101366833
      ]
    ],
    "translation": [
      2.26038265,
      0.752043843,
      -0.668502152
    ]
  },
  {
    "timeStamp": 38759,
    "rotation": [
      [
        0.962615132,
        0.1213185,
        -0.242186025
      ],
      [
        0.2511015,
        -0.06434306,
        0.9658199
      ],
      [
        0.101588845,
        -0.990526,
        -0.09240085
      ]
    ],
    "translation": [
      2.260896,
      0.747092664,
      -0.6700419
    ]
  },
  {
    "timeStamp": 38810,
    "rotation": [
      [
        0.9630726,
        0.116885081,
        -0.242547065
      ],
      [
        0.250953138,
        -0.06334371,
        0.9659245
      ],
      [
        0.09753834,
        -0.9911233,
        -0.09033728
      ]
    ],
    "translation": [
      2.26061034,
      0.7438089,
      -0.6687155
    ]
  },
  {
    "timeStamp": 38855,
    "rotation": [
      [
        0.9655135,
        0.114504233,
        -0.233821243
      ],
      [
        0.241908476,
        -0.06254045,
        0.968281448
      ],
      [
        0.09624904,
        -0.9914522,
        -0.08808319
      ]
    ],
    "translation": [
      2.25736237,
      0.7417995,
      -0.6679355
    ]
  },
  {
    "timeStamp": 38910,
    "rotation": [
      [
        0.9626114,
        0.119929634,
        -0.242891088
      ],
      [
        0.2509424,
        -0.05712288,
        0.9663151
      ],
      [
        0.102015167,
        -0.9911376,
        -0.08508257
      ]
    ],
    "translation": [
      2.2571373,
      0.7396091,
      -0.6680677
    ]
  },
  {
    "timeStamp": 38955,
    "rotation": [
      [
        0.9592502,
        0.117034,
        -0.257180959
      ],
      [
        0.264657259,
        -0.0533311,
        0.9628667
      ],
      [
        0.0989724,
        -0.9916949,
        -0.08213177
      ]
    ],
    "translation": [
      2.261163,
      0.7382196,
      -0.668826
    ]
  },
  {
    "timeStamp": 39010,
    "rotation": [
      [
        0.9579867,
        0.115703672,
        -0.262438953
      ],
      [
        0.269771248,
        -0.0527942851,
        0.9614761
      ],
      [
        0.09739104,
        -0.991879761,
        -0.08178975
      ]
    ],
    "translation": [
      2.2633884,
      0.7361265,
      -0.6698636
    ]
  },
  {
    "timeStamp": 39055,
    "rotation": [
      [
        0.955219746,
        0.125876948,
        -0.2677878
      ],
      [
        0.2749341,
        -0.0429937579,
        0.9605013
      ],
      [
        0.109391764,
        -0.9911138,
        -0.07567635
      ]
    ],
    "translation": [
      2.26401544,
      0.7337675,
      -0.6721958
    ]
  },
  {
    "timeStamp": 39110,
    "rotation": [
      [
        0.962883651,
        0.106525972,
        -0.248006329
      ],
      [
        0.253852725,
        -0.0451515354,
        0.966188431
      ],
      [
        0.09172629,
        -0.993284166,
        -0.0705175847
      ]
    ],
    "translation": [
      2.2616446,
      0.730713069,
      -0.6749312
    ]
  },
  {
    "timeStamp": 39155,
    "rotation": [
      [
        0.969772756,
        0.08745802,
        -0.2277983
      ],
      [
        0.233183533,
        -0.0571654849,
        0.970751047
      ],
      [
        0.07187778,
        -0.9945267,
        -0.0758312941
      ]
    ],
    "translation": [
      2.25797,
      0.7298187,
      -0.673751652
    ]
  },
  {
    "timeStamp": 39211,
    "rotation": [
      [
        0.965874255,
        0.0982070342,
        -0.239671364
      ],
      [
        0.2452705,
        -0.0494042672,
        0.968195
      ],
      [
        0.083242774,
        -0.993939,
        -0.0718056
      ]
    ],
    "translation": [
      2.2599473,
      0.7286117,
      -0.6752125
    ]
  },
  {
    "timeStamp": 39255,
    "rotation": [
      [
        0.962934852,
        0.1088154,
        -0.246811077
      ],
      [
        0.252719343,
        -0.0441222265,
        0.966533065
      ],
      [
        0.0942838341,
        -0.993082345,
        -0.06998658
      ]
    ],
    "translation": [
      2.26074457,
      0.727494955,
      -0.6757699
    ]
  },
  {
    "timeStamp": 39311,
    "rotation": [
      [
        0.9598687,
        0.118509717,
        -0.254180282
      ],
      [
        0.260648,
        -0.0424516723,
        0.9645001
      ],
      [
        0.103512265,
        -0.992045045,
        -0.0716373548
      ]
    ],
    "translation": [
      2.26205945,
      0.7272784,
      -0.675109446
    ]
  },
  {
    "timeStamp": 39356,
    "rotation": [
      [
        0.962317348,
        0.10765899,
        -0.249709368
      ],
      [
        0.255781323,
        -0.046640113,
        0.965608954
      ],
      [
        0.09231002,
        -0.993093252,
        -0.0724197552
      ]
    ],
    "translation": [
      2.26215887,
      0.727087736,
      -0.6742667
    ]
  },
  {
    "timeStamp": 39410,
    "rotation": [
      [
        0.9621542,
        0.107078008,
        -0.250586331
      ],
      [
        0.25640896,
        -0.04437416,
        0.9655493
      ],
      [
        0.09226955,
        -0.993259847,
        -0.07015055
      ]
    ],
    "translation": [
      2.26275754,
      0.7265513,
      -0.6738359
    ]
  },
  {
    "timeStamp": 39455,
    "rotation": [
      [
        0.9612682,
        0.115089282,
        -0.25043565
      ],
      [
        0.256468952,
        -0.0407650843,
        0.965692461
      ],
      [
        0.100931831,
        -0.992518365,
        -0.068703
      ]
    ],
    "translation": [
      2.26275969,
      0.726409,
      -0.6737147
    ]
  },
  {
    "timeStamp": 39510,
    "rotation": [
      [
        0.9602155,
        0.121048756,
        -0.2516614
      ],
      [
        0.2573068,
        -0.033260975,
        0.9657572
      ],
      [
        0.108533211,
        -0.992089152,
        -0.06308437
      ]
    ],
    "translation": [
      2.26275063,
      0.7261851,
      -0.6736118
    ]
  },
  {
    "timeStamp": 39555,
    "rotation": [
      [
        0.9622824,
        0.112675555,
        -0.247622445
      ],
      [
        0.2524783,
        -0.0308601726,
        0.967110336
      ],
      [
        0.10132803,
        -0.9931525,
        -0.05814433
      ]
    ],
    "translation": [
      2.26277256,
      0.7260935,
      -0.673694968
    ]
  },
  {
    "timeStamp": 39611,
    "rotation": [
      [
        0.9632768,
        0.107146189,
        -0.246206179
      ],
      [
        0.251177728,
        -0.0354722142,
        0.9672908
      ],
      [
        0.09490806,
        -0.993610263,
        -0.0610823035
      ]
    ],
    "translation": [
      2.26280022,
      0.7262685,
      -0.672469139
    ]
  },
  {
    "timeStamp": 39655,
    "rotation": [
      [
        0.9627639,
        0.107768215,
        -0.247934759
      ],
      [
        0.2527649,
        -0.0335280746,
        0.9669466
      ],
      [
        0.09589333,
        -0.9936105,
        -0.0595196448
      ]
    ],
    "translation": [
      2.26279521,
      0.726204753,
      -0.6724499
    ]
  },
  {
    "timeStamp": 39711,
    "rotation": [
      [
        0.9637773,
        0.0939540043,
        -0.249611482
      ],
      [
        0.254763246,
        -0.0473582149,
        0.9658431
      ],
      [
        0.078923665,
        -0.9944495,
        -0.0695788
      ]
    ],
    "translation": [
      2.26464367,
      0.7268672,
      -0.670214534
    ]
  },
  {
    "timeStamp": 39755,
    "rotation": [
      [
        0.964368045,
        0.09202556,
        -0.248043552
      ],
      [
        0.253055423,
        -0.0473318323,
        0.9662933
      ],
      [
        0.07718333,
        -0.994631052,
        -0.068932876
      ]
    ],
    "translation": [
      2.26618648,
      0.72796154,
      -0.670346141
    ]
  },
  {
    "timeStamp": 39810,
    "rotation": [
      [
        0.964800239,
        0.09225041,
        -0.246272728
      ],
      [
        0.251348227,
        -0.0479942821,
        0.966706038
      ],
      [
        0.0773593262,
        -0.9945785,
        -0.06949187
      ]
    ],
    "translation": [
      2.26719618,
      0.7295917,
      -0.671135664
    ]
  },
  {
    "timeStamp": 39855,
    "rotation": [
      [
        0.966750145,
        0.08179726,
        -0.2422878
      ],
      [
        0.24714534,
        -0.0555265881,
        0.9673862
      ],
      [
        0.06567613,
        -0.995101,
        -0.07389615
      ]
    ],
    "translation": [
      2.26853371,
      0.7317256,
      -0.6703592
    ]
  },
  {
    "timeStamp": 39910,
    "rotation": [
      [
        0.9699322,
        0.06533157,
        -0.234442517
      ],
      [
        0.2385536,
        -0.0644125,
        0.9689908
      ],
      [
        0.048204653,
        -0.995782554,
        -0.0780608356
      ]
    ],
    "translation": [
      2.26897049,
      0.7323576,
      -0.6698299
    ]
  },
  {
    "timeStamp": 39955,
    "rotation": [
      [
        0.9712244,
        0.0622307323,
        -0.229892284
      ],
      [
        0.2339709,
        -0.06892635,
        0.9697973
      ],
      [
        0.0445055738,
        -0.9956789,
        -0.08150313
      ]
    ],
    "translation": [
      2.2691257,
      0.7329687,
      -0.670100033
    ]
  },
  {
    "timeStamp": 40010,
    "rotation": [
      [
        0.970310152,
        0.0679431558,
        -0.232125118
      ],
      [
        0.236816287,
        -0.07182783,
        0.9688957
      ],
      [
        0.04915679,
        -0.9951003,
        -0.0857853144
      ]
    ],
    "translation": [
      2.269103,
      0.7317755,
      -0.670946
    ]
  },
  {
    "timeStamp": 40055,
    "rotation": [
      [
        0.971708834,
        0.07363437,
        -0.224410072
      ],
      [
        0.229113087,
        -0.06316143,
        0.971348464
      ],
      [
        0.05735058,
        -0.9952832,
        -0.0782451257
      ]
    ],
    "translation": [
      2.26883626,
      0.729826,
      -0.6739417
    ]
  },
  {
    "timeStamp": 40110,
    "rotation": [
      [
        0.972289741,
        0.06054739,
        -0.225802317
      ],
      [
        0.229718626,
        -0.0682052,
        0.970864236
      ],
      [
        0.04338239,
        -0.9958323,
        -0.0802240744
      ]
    ],
    "translation": [
      2.26918,
      0.729025364,
      -0.6741502
    ]
  },
  {
    "timeStamp": 40155,
    "rotation": [
      [
        0.9730439,
        0.0726571754,
        -0.218875661
      ],
      [
        0.2230784,
        -0.05580906,
        0.973201632
      ],
      [
        0.0584948435,
        -0.9957943,
        -0.0705129057
      ]
    ],
    "translation": [
      2.26793218,
      0.7290108,
      -0.677290261
    ]
  },
  {
    "timeStamp": 40210,
    "rotation": [
      [
        0.974189,
        0.07599191,
        -0.212558225
      ],
      [
        0.216887668,
        -0.0540799536,
        0.9746974
      ],
      [
        0.06257397,
        -0.995640755,
        -0.0691658
      ]
    ],
    "translation": [
      2.2642765,
      0.7279688,
      -0.6773796
    ]
  },
  {
    "timeStamp": 40255,
    "rotation": [
      [
        0.974183559,
        0.07387712,
        -0.213327438
      ],
      [
        0.2175319,
        -0.05442917,
        0.9745344
      ],
      [
        0.0603845455,
        -0.995780945,
        -0.06909463
      ]
    ],
    "translation": [
      2.26547813,
      0.7278546,
      -0.677515745
    ]
  },
  {
    "timeStamp": 40310,
    "rotation": [
      [
        0.9763967,
        0.07091604,
        -0.20401074
      ],
      [
        0.208300114,
        -0.05946325,
        0.9762557
      ],
      [
        0.05710106,
        -0.9957083,
        -0.07283154
      ]
    ],
    "translation": [
      2.26287651,
      0.7276046,
      -0.6761039
    ]
  },
  {
    "timeStamp": 40355,
    "rotation": [
      [
        0.9753088,
        0.07399713,
        -0.208079562
      ],
      [
        0.212432519,
        -0.056764055,
        0.9755256
      ],
      [
        0.0603746548,
        -0.9956416,
        -0.0710818842
      ]
    ],
    "translation": [
      2.26358,
      0.727337062,
      -0.676261
    ]
  },
  {
    "timeStamp": 40410,
    "rotation": [
      [
        0.977781355,
        0.06943707,
        -0.19779323
      ],
      [
        0.202070117,
        -0.06113796,
        0.9774609
      ],
      [
        0.05577936,
        -0.995711148,
        -0.07381071
      ]
    ],
    "translation": [
      2.26128626,
      0.7269556,
      -0.674765468
    ]
  },
  {
    "timeStamp": 40455,
    "rotation": [
      [
        0.976657748,
        0.06965402,
        -0.2031942
      ],
      [
        0.207457125,
        -0.06063192,
        0.9763633
      ],
      [
        0.05568757,
        -0.9957269,
        -0.0736668557
      ]
    ],
    "translation": [
      2.262752,
      0.7267261,
      -0.6741601
    ]
  },
  {
    "timeStamp": 40510,
    "rotation": [
      [
        0.976385355,
        0.06555633,
        -0.205849245
      ],
      [
        0.209617823,
        -0.05695148,
        0.9761234
      ],
      [
        0.052267652,
        -0.9962223,
        -0.06934837
      ]
    ],
    "translation": [
      2.26381969,
      0.72615397,
      -0.674664438
    ]
  },
  {
    "timeStamp": 40554,
    "rotation": [
      [
        0.9764509,
        0.06645562,
        -0.205249175
      ],
      [
        0.208996832,
        -0.055387903,
        0.9763465
      ],
      [
        0.0535153821,
        -0.9962509,
        -0.0679725856
      ]
    ],
    "translation": [
      2.26381755,
      0.72606945,
      -0.674648166
    ]
  },
  {
    "timeStamp": 40610,
    "rotation": [
      [
        0.976561546,
        0.06663453,
        -0.2046641
      ],
      [
        0.2083729,
        -0.0544418655,
        0.976533055
      ],
      [
        0.05392852,
        -0.996291041,
        -0.06705066
      ]
    ],
    "translation": [
      2.26382,
      0.725967348,
      -0.674645364
    ]
  },
  {
    "timeStamp": 40655,
    "rotation": [
      [
        0.9771967,
        0.06832016,
        -0.201044664
      ],
      [
        0.204868719,
        -0.05447319,
        0.977272451
      ],
      [
        0.05581586,
        -0.99617517,
        -0.06722769
      ]
    ],
    "translation": [
      2.26383,
      0.725896239,
      -0.6746233
    ]
  },
  {
    "timeStamp": 40710,
    "rotation": [
      [
        0.9777069,
        0.06831074,
        -0.198551759
      ],
      [
        0.202351555,
        -0.054056827,
        0.97781986
      ],
      [
        0.0560625121,
        -0.996198535,
        -0.0666745156
      ]
    ],
    "translation": [
      2.26384139,
      0.7258231,
      -0.6746201
    ]
  }
]