[
  {
    "timeStamp": 54760,
    "rotation": [
      [
        0.9999805,
        -0.006048472,
        0.00154737534
      ],
      [
        -0.00145772449,
        0.0147984838,
        0.999889433
      ],
      [
        -0.00607070234,
        -0.9998722,
        0.0147893783
      ]
    ],
    "translation": [
      1.61286366,
      0.703939736,
      -0.496936738
    ]
  },
  {
    "timeStamp": 54805,
    "rotation": [
      [
        0.9999719,
        -0.006146822,
        -0.004285375
      ],
      [
        0.00428823661,
        0.00045242763,
        0.9999907
      ],
      [
        -0.006144826,
        -0.999981,
        0.00047877396
      ]
    ],
    "translation": [
      1.612852,
      0.704278,
      -0.496946454
    ]
  },
  {
    "timeStamp": 54859,
    "rotation": [
      [
        0.9999477,
        -0.00620307168,
        -0.008130159
      ],
      [
        0.008141221,
        0.00176007731,
        0.9999653
      ],
      [
        -0.006188547,
        -0.9999792,
        0.001810486
      ]
    ],
    "translation": [
      1.61284375,
      0.7042084,
      -0.496947378
    ]
  },
  {
    "timeStamp": 54904,
    "rotation": [
      [
        0.999937654,
        -0.00614551827,
        -0.009323138
      ],
      [
        0.009334338,
        0.0017963578,
        0.9999548
      ],
      [
        -0.00612849277,
        -0.9999795,
        0.00185361016
      ]
    ],
    "translation": [
      1.61284971,
      0.70413357,
      -0.496950865
    ]
  },
  {
    "timeStamp": 54959,
    "rotation": [
      [
        0.9999783,
        -0.006590516,
        1.2253101E-05
      ],
      [
        0.0,
        0.00185919891,
        0.9999983
      ],
      [
        -0.006590527,
        -0.9999766,
        0.00185915863
      ]
    ],
    "translation": [
      1.6128099,
      0.704418063,
      -0.4968988
    ]
  },
  {
    "timeStamp": 55004,
    "rotation": [
      [
        0.998327136,
        -0.0543584861,
        0.0196983777
      ],
      [
        -0.0207171086,
        -0.0182415154,
        0.999618948
      ],
      [
        -0.05397844,
        -0.998354852,
        -0.0193371531
      ]
    ],
    "translation": [
      1.61347449,
      0.707358,
      -0.4914639
    ]
  },
  {
    "timeStamp": 55059,
    "rotation": [
      [
        0.9961838,
        -0.08133993,
        0.03164854
      ],
      [
        -0.03523911,
        -0.04309284,
        0.9984494
      ],
      [
        -0.07984996,
        -0.9957544,
        -0.0457947366
      ]
    ],
    "translation": [
      1.61945069,
      0.716012955,
      -0.4857366
    ]
  },
  {
    "timeStamp": 55104,
    "rotation": [
      [
        0.993438959,
        -0.104314044,
        0.04687951
      ],
      [
        -0.0530821346,
        -0.0575005449,
        0.9969333
      ],
      [
        -0.101298541,
        -0.9928808,
        -0.06266049
      ]
    ],
    "translation": [
      1.62508464,
      0.727037132,
      -0.483369172
    ]
  },
  {
    "timeStamp": 55159,
    "rotation": [
      [
        0.986917853,
        -0.143695861,
        0.07310713
      ],
      [
        -0.08373456,
        -0.0693505555,
        0.99407196
      ],
      [
        -0.13777402,
        -0.987188935,
        -0.080475606
      ]
    ],
    "translation": [
      1.63856733,
      0.748760045,
      -0.4814728
    ]
  },
  {
    "timeStamp": 55203,
    "rotation": [
      [
        0.9818876,
        -0.16750817,
        0.0885313749
      ],
      [
        -0.1043752,
        -0.088260144,
        0.990613937
      ],
      [
        -0.158122137,
        -0.981911957,
        -0.104145236
      ]
    ],
    "translation": [
      1.64886451,
      0.76531744,
      -0.482417583
    ]
  },
  {
    "timeStamp": 55259,
    "rotation": [
      [
        0.9703985,
        -0.212486938,
        0.114787385
      ],
      [
        -0.1413767,
        -0.114450648,
        0.9833177
      ],
      [
        -0.195804656,
        -0.970438242,
        -0.141103432
      ]
    ],
    "translation": [
      1.66407931,
      0.7913355,
      -0.483509362
    ]
  },
  {
    "timeStamp": 55303,
    "rotation": [
      [
        0.949296832,
        -0.2759855,
        0.150557637
      ],
      [
        -0.1888244,
        -0.117635876,
        0.9749396
      ],
      [
        -0.2513582,
        -0.953936,
        -0.163784161
      ]
    ],
    "translation": [
      1.67535639,
      0.8161268,
      -0.48340264
    ]
  },
  {
    "timeStamp": 55359,
    "rotation": [
      [
        0.9143846,
        -0.356543124,
        0.1917754
      ],
      [
        -0.248710215,
        -0.120942205,
        0.9609975
      ],
      [
        -0.319443315,
        -0.9264178,
        -0.1992636
      ]
    ],
    "translation": [
      1.69183838,
      0.848310947,
      -0.485296577
    ]
  },
  {
    "timeStamp": 55404,
    "rotation": [
      [
        0.874754667,
        -0.4303097,
        0.2227956
      ],
      [
        -0.299144566,
        -0.117851093,
        0.946902156
      ],
      [
        -0.381204516,
        -0.894955158,
        -0.231815621
      ]
    ],
    "translation": [
      1.7089982,
      0.8757973,
      -0.4873283
    ]
  },
  {
    "timeStamp": 55459,
    "rotation": [
      [
        0.803389251,
        -0.528849363,
        0.273649454
      ],
      [
        -0.367897838,
        -0.0794920251,
        0.9264622
      ],
      [
        -0.468205959,
        -0.8449848,
        -0.258425564
      ]
    ],
    "translation": [
      1.73445308,
      0.912460446,
      -0.491828352
    ]
  },
  {
    "timeStamp": 55504,
    "rotation": [
      [
        0.734039068,
        -0.6065265,
        0.305470318
      ],
      [
        -0.419446051,
        -0.0511611663,
        0.90633744
      ],
      [
        -0.5340895,
        -0.7934154,
        -0.291959465
      ]
    ],
    "translation": [
      1.75375772,
      0.9371344,
      -0.4965063
    ]
  },
  {
    "timeStamp": 55559,
    "rotation": [
      [
        0.6381778,
        -0.7029547,
        0.3139805
      ],
      [
        -0.45613125,
        -0.0166820884,
        0.889756143
      ],
      [
        -0.6202204,
        -0.711038947,
        -0.331285715
      ]
    ],
    "translation": [
      1.79355478,
      0.9664155,
      -0.499014854
    ]
  },
  {
    "timeStamp": 55603,
    "rotation": [
      [
        0.5596487,
        -0.765093148,
        0.318474263
      ],
      [
        -0.478116632,
        0.0158048067,
        0.878154159
      ],
      [
        -0.6769031,
        -0.643725634,
        -0.356958628
      ]
    ],
    "translation": [
      1.82652843,
      0.9869787,
      -0.50325954
    ]
  },
  {
    "timeStamp": 55659,
    "rotation": [
      [
        0.44220683,
        -0.848529756,
        0.290603459
      ],
      [
        -0.47890687,
        0.0505713,
        0.876407862
      ],
      [
        -0.758354366,
        -0.526725531,
        -0.3840038
      ]
    ],
    "translation": [
      1.87046206,
      1.00052869,
      -0.506242
    ]
  },
  {
    "timeStamp": 55703,
    "rotation": [
      [
        0.3569421,
        -0.8951828,
        0.266908526
      ],
      [
        -0.468459368,
        0.07566108,
        0.8802393
      ],
      [
        -0.808169663,
        -0.439230233,
        -0.392350137
      ]
    ],
    "translation": [
      1.91073942,
      1.01076436,
      -0.5103851
    ]
  },
  {
    "timeStamp": 55759,
    "rotation": [
      [
        0.272876531,
        -0.930597544,
        0.24398081
      ],
      [
        -0.473093778,
        0.09102067,
        0.8762976
      ],
      [
        -0.8376877,
        -0.354546875,
        -0.4154225
      ]
    ],
    "translation": [
      1.95444179,
      1.02257729,
      -0.517913163
    ]
  },
  {
    "timeStamp": 55803,
    "rotation": [
      [
        0.21784544,
        -0.959525645,
        0.178476721
      ],
      [
        -0.4509575,
        0.06321818,
        0.890303731
      ],
      [
        -0.865552247,
        -0.27443403,
        -0.418933481
      ]
    ],
    "translation": [
      1.99074316,
      1.0229038,
      -0.52259177
    ]
  },
  {
    "timeStamp": 55858,
    "rotation": [
      [
        0.1733343,
        -0.980084062,
        0.09690456
      ],
      [
        -0.424501359,
        0.0144357439,
        0.90531224
      ],
      [
        -0.888681,
        -0.198057771,
        -0.413544774
      ]
    ],
    "translation": [
      2.03056073,
      1.015039,
      -0.5286549
    ]
  },
  {
    "timeStamp": 55908,
    "rotation": [
      [
        0.101454966,
        -0.9919247,
        0.0761076137
      ],
      [
        -0.393061072,
        0.0303106345,
        0.919012666
      ],
      [
        -0.9138982,
        -0.123153336,
        -0.3868118
      ]
    ],
    "translation": [
      2.058097,
      1.00305545,
      -0.5332098
    ]
  },
  {
    "timeStamp": 55953,
    "rotation": [
      [
        0.0398286358,
        -0.9991532,
        0.0103228167
      ],
      [
        -0.3515901,
        -0.004343389,
        0.936144
      ],
      [
        -0.93530643,
        -0.0409147367,
        -0.351465344
      ]
    ],
    "translation": [
      2.09217858,
      0.9856137,
      -0.538707137
    ]
  },
  {
    "timeStamp": 56009,
    "rotation": [
      [
        -0.0234377254,
        -0.9991343,
        0.0343696252
      ],
      [
        -0.333269417,
        0.0402211659,
        0.9419733
      ],
      [
        -0.9425402,
        0.0106233675,
        -0.3339236
      ]
    ],
    "translation": [
      2.11059117,
      0.9714452,
      -0.540627241
    ]
  },
  {
    "timeStamp": 56054,
    "rotation": [
      [
        -0.07323177,
        -0.9954075,
        0.0616523921
      ],
      [
        -0.309929848,
        0.08147186,
        0.9472623
      ],
      [
        -0.9479349,
        0.05026178,
        -0.3144728
      ]
    ],
    "translation": [
      2.121717,
      0.956878841,
      -0.5392826
    ]
  },
  {
    "timeStamp": 56109,
    "rotation": [
      [
        -0.08849665,
        -0.99561,
        0.030479202
      ],
      [
        -0.281231433,
        0.0543286875,
        0.958100855
      ],
      [
        -0.95555073,
        0.0762169957,
        -0.284804732
      ]
    ],
    "translation": [
      2.142018,
      0.9402727,
      -0.534534454
    ]
  },
  {
    "timeStamp": 56153,
    "rotation": [
      [
        -0.128418922,
        -0.98995775,
        0.05909388
      ],
      [
        -0.2514507,
        0.09014286,
        0.9636632
      ],
      [
        -0.9593128,
        0.108893394,
        -0.260501623
      ]
    ],
    "translation": [
      2.15384221,
      0.9268468,
      -0.5308783
    ]
  },
  {
    "timeStamp": 56209,
    "rotation": [
      [
        -0.126702681,
        -0.9911482,
        0.0396454
      ],
      [
        -0.201371819,
        0.06483636,
        0.9773667
      ],
      [
        -0.971285641,
        0.115851507,
        -0.207804248
      ]
    ],
    "translation": [
      2.164744,
      0.9055587,
      -0.5313397
    ]
  },
  {
    "timeStamp": 56253,
    "rotation": [
      [
        -0.154904068,
        -0.9870521,
        0.04162811
      ],
      [
        -0.198466182,
        0.0723689049,
        0.9774323
      ],
      [
        -0.9677892,
        0.14314647,
        -0.207106709
      ]
    ],
    "translation": [
      2.17254114,
      0.89863497,
      -0.529010832
    ]
  },
  {
    "timeStamp": 56309,
    "rotation": [
      [
        -0.145389616,
        -0.9878803,
        0.0543537363
      ],
      [
        -0.169366971,
        0.07897759,
        0.9823835
      ],
      [
        -0.97477,
        0.133622617,
        -0.178796828
      ]
    ],
    "translation": [
      2.17027426,
      0.8864279,
      -0.529077768
    ]
  },
  {
    "timeStamp": 56353,
    "rotation": [
      [
        -0.144736275,
        -0.9875367,
        0.0618282221
      ],
      [
        -0.152660415,
        0.0840249956,
        0.984700263
      ],
      [
        -0.977622747,
        0.133083135,
        -0.162919223
      ]
    ],
    "translation": [
      2.16858363,
      0.875607967,
      -0.529034555
    ]
  },
  {
    "timeStamp": 56414,
    "rotation": [
      [
        -0.140527859,
        -0.9876428,
        0.06938023
      ],
      [
        -0.137127414,
        0.08881575,
        0.9865636
      ],
      [
        -0.980534554,
        0.129125714,
        -0.147913992
      ]
    ],
    "translation": [
      2.1665442,
      0.862980843,
      -0.5282942
    ]
  },
  {
    "timeStamp": 56456,
    "rotation": [
      [
        -0.133026689,
        -0.9893394,
        0.05925726
      ],
      [
        -0.119958945,
        0.0754211247,
        0.9899098
      ],
      [
        -0.983826041,
        0.124575973,
        -0.128713131
      ]
    ],
    "translation": [
      2.16638923,
      0.853549,
      -0.52756834
    ]
  },
  {
    "timeStamp": 56502,
    "rotation": [
      [
        -0.122269846,
        -0.991007447,
        0.05435367
      ],
      [
        -0.100468025,
        0.0668417662,
        0.9926925
      ],
      [
        -0.987398744,
        0.115915544,
        -0.107737295
      ]
    ],
    "translation": [
      2.165864,
      0.8450214,
      -0.5267688
    ]
  },
  {
    "timeStamp": 56558,
    "rotation": [
      [
        -0.134400934,
        -0.9899129,
        0.04481912
      ],
      [
        -0.07940906,
        0.0558433756,
        0.9952767
      ],
      [
        -0.987740159,
        0.130207062,
        -0.08611346
      ]
    ],
    "translation": [
      2.17095041,
      0.8349987,
      -0.5246946
    ]
  },
  {
    "timeStamp": 56602,
    "rotation": [
      [
        -0.14320159,
        -0.989360631,
        0.02566823
      ],
      [
        -0.07171211,
        0.0362400971,
        0.9967668
      ],
      [
        -0.9870921,
        0.140897885,
        -0.07613878
      ]
    ],
    "translation": [
      2.17718744,
      0.8287938,
      -0.5218823
    ]
  },
  {
    "timeStamp": 56658,
    "rotation": [
      [
        -0.1324664,
        -0.99117434,
        0.00511804875
      ],
      [
        -0.0500035957,
        0.0118395761,
        0.998678863
      ],
      [
        -0.989925444,
        0.132035479,
        -0.0511306226
      ]
    ],
    "translation": [
      2.18130016,
      0.8198017,
      -0.5211542
    ]
  },
  {
    "timeStamp": 56703,
    "rotation": [
      [
        -0.143297374,
        -0.9896467,
        0.008083135
      ],
      [
        -0.03130871,
        0.0126964264,
        0.9994291
      ],
      [
        -0.9891843,
        0.142962486,
        -0.0328039266
      ]
    ],
    "translation": [
      2.18382144,
      0.812712,
      -0.521836042
    ]
  },
  {
    "timeStamp": 56758,
    "rotation": [
      [
        -0.1507855,
        -0.9885476,
        -0.006104648
      ],
      [
        -0.0107798157,
        -0.00453067757,
        0.999931633
      ],
      [
        -0.988507748,
        0.150841013,
        -0.009973201
      ]
    ],
    "translation": [
      2.18896747,
      0.8047689,
      -0.524319053
    ]
  },
  {
    "timeStamp": 56802,
    "rotation": [
      [
        -0.1569541,
        -0.987603247,
        -0.00229386752
      ],
      [
        -0.009634814,
        -0.000791347,
        0.99995327
      ],
      [
        -0.9875589,
        0.156968862,
        -0.009391168
      ]
    ],
    "translation": [
      2.19049215,
      0.8013548,
      -0.52405256
    ]
  },
  {
    "timeStamp": 56858,
    "rotation": [
      [
        -0.152697235,
        -0.988265,
        0.00396878459
      ],
      [
        -6.480996E-05,
        0.00402589235,
        0.9999919
      ],
      [
        -0.988272965,
        0.15269573,
        -0.000678792
      ]
    ],
    "translation": [
      2.19037175,
      0.7972821,
      -0.5244999
    ]
  },
  {
    "timeStamp": 56903,
    "rotation": [
      [
        -0.1566043,
        -0.987646639,
        -0.005413412
      ],
      [
        -0.0009935978,
        -0.00532349432,
        0.999985337
      ],
      [
        -0.987660944,
        0.156607389,
        -0.000147641345
      ]
    ],
    "translation": [
      2.19407988,
      0.795489132,
      -0.523631454
    ]
  },
  {
    "timeStamp": 56958,
    "rotation": [
      [
        -0.173334777,
        -0.984776556,
        -0.0130507564
      ],
      [
        -0.00528755551,
        -0.0123206293,
        0.9999101
      ],
      [
        -0.9848488,
        0.173388213,
        -0.00307146716
      ]
    ],
    "translation": [
      2.20140982,
      0.7949381,
      -0.521685958
    ]
  },
  {
    "timeStamp": 57003,
    "rotation": [
      [
        -0.182636157,
        -0.9831184,
        -0.0110570621
      ],
      [
        -0.00225009583,
        -0.0108282343,
        0.999938846
      ],
      [
        -0.98317796,
        0.182649866,
        -0.000234483625
      ]
    ],
    "translation": [
      2.20416665,
      0.793600857,
      -0.521364033
    ]
  },
  {
    "timeStamp": 57058,
    "rotation": [
      [
        -0.17071268,
        -0.9852937,
        -0.007321681
      ],
      [
        0.0005587609,
        -0.00752756326,
        0.9999715
      ],
      [
        -0.9853207,
        0.170703724,
        0.00183559407
      ]
    ],
    "translation": [
      2.20270157,
      0.7913735,
      -0.521346331
    ]
  },
  {
    "timeStamp": 57103,
    "rotation": [
      [
        -0.180580348,
        -0.9833776,
        -0.0189580452
      ],
      [
        0.005775436,
        -0.0203347541,
        0.999776542
      ],
      [
        -0.983543336,
        0.1804305,
        0.00935149
      ]
    ],
    "translation": [
      2.205993,
      0.7890649,
      -0.522712648
    ]
  },
  {
    "timeStamp": 57159,
    "rotation": [
      [
        -0.180575,
        -0.983442068,
        -0.0153113035
      ],
      [
        0.0105586816,
        -0.0175045785,
        0.999791
      ],
      [
        -0.983504534,
        0.180375591,
        0.01354474
      ]
    ],
    "translation": [
      2.20637226,
      0.7863469,
      -0.5238918
    ]
  },
  {
    "timeStamp": 57203,
    "rotation": [
      [
        -0.180600286,
        -0.983498633,
        -0.0106752478
      ],
      [
        0.005860674,
        -0.0119295986,
        0.999911666
      ],
      [
        -0.9835391,
        0.180521771,
        0.007918454
      ]
    ],
    "translation": [
      2.20546985,
      0.7858129,
      -0.5233261
    ]
  },
  {
    "timeStamp": 57258,
    "rotation": [
      [
        -0.188971192,
        -0.98191607,
        -0.0114366943
      ],
      [
        0.00790067,
        -0.0131664462,
        0.9998821
      ],
      [
        -0.9819509,
        0.188858554,
        0.0102458736
      ]
    ],
    "translation": [
      2.20844817,
      0.785413444,
      -0.5238272
    ]
  },
  {
    "timeStamp": 57304,
    "rotation": [
      [
        -0.194888026,
        -0.9808177,
        -0.003917159
      ],
      [
        0.0118405875,
        -0.006346128,
        0.999909759
      ],
      [
        -0.980754,
        0.194824055,
        0.0128502408
      ]
    ],
    "translation": [
      2.20884657,
      0.785088539,
      -0.5233997
    ]
  },
  {
    "timeStamp": 57359,
    "rotation": [
      [
        -0.182611763,
        -0.983152,
        -0.008067353
      ],
      [
        0.0105624478,
        -0.0101665994,
        0.999892533
      ],
      [
        -0.983128369,
        0.182506934,
        0.012241032
      ]
    ],
    "translation": [
      2.20712543,
      0.7845828,
      -0.5229993
    ]
  },
  {
    "timeStamp": 57403,
    "rotation": [
      [
        -0.184861675,
        -0.9827532,
        -0.004716457
      ],
      [
        0.0133280922,
        -0.00730576646,
        0.9998845
      ],
      [
        -0.9826742,
        0.184777468,
        0.0144487824
      ]
    ],
    "translation": [
      2.20926642,
      0.784727454,
      -0.5229509
    ]
  },
  {
    "timeStamp": 57458,
    "rotation": [
      [
        -0.1905569,
        -0.9816596,
        -0.005710517
      ],
      [
        0.0113899782,
        -0.008027633,
        0.9999029
      ],
      [
        -0.9816101,
        0.190473363,
        0.0127108013
      ]
    ],
    "translation": [
      2.21089554,
      0.784876466,
      -0.5224089
    ]
  },
  {
    "timeStamp": 57503,
    "rotation": [
      [
        -0.180897042,
        -0.9833886,
        -0.0149381878
      ],
      [
        0.0155650824,
        -0.0180494487,
        0.9997159
      ],
      [
        -0.9833789,
        0.18061313,
        0.0185716152
      ]
    ],
    "translation": [
      2.209872,
      0.7844676,
      -0.522403
    ]
  },
  {
    "timeStamp": 57558,
    "rotation": [
      [
        -0.178996176,
        -0.983768046,
        -0.0126819145
      ],
      [
        0.01390681,
        -0.0154187223,
        0.9997844
      ],
      [
        -0.9837515,
        0.178781226,
        0.016440969
      ]
    ],
    "translation": [
      2.20926976,
      0.7845582,
      -0.5222694
    ]
  },
  {
    "timeStamp": 57603,
    "rotation": [
      [
        -0.186710536,
        -0.98241,
        -0.00311579625
      ],
      [
        0.014178046,
        -0.00586579926,
        0.9998823
      ],
      [
        -0.9823127,
        0.186644375,
        0.015023862
      ]
    ],
    "translation": [
      2.210055,
      0.784891248,
      -0.5223764
    ]
  }
]