[
  {
    "timeStamp": 155280,
    "rotation": [
      [
        -0.828969,
        0.557153761,
        -0.0488872938
      ],
      [
        -0.05925248,
        -0.0005691045,
        0.998242855
      ],
      [
        0.556147,
        0.8304091,
        0.0334845148
      ]
    ],
    "translation": [
      1.47231627,
      0.7021528,
      -0.351333678
    ]
  },
  {
    "timeStamp": 155324,
    "rotation": [
      [
        -0.8435566,
        0.531244636,
        -0.07868518
      ],
      [
        -0.07598651,
        0.026974475,
        0.9967439
      ],
      [
        0.5316374,
        0.8467889,
        0.0176129322
      ]
    ],
    "translation": [
      1.47237456,
      0.7024681,
      -0.350933224
    ]
  },
  {
    "timeStamp": 155380,
    "rotation": [
      [
        -0.8214835,
        0.5697914,
        -0.0224208366
      ],
      [
        -0.0247514546,
        0.00365205226,
        0.999686956
      ],
      [
        0.5696949,
        0.8217813,
        0.0111030648
      ]
    ],
    "translation": [
      1.472208,
      0.701404035,
      -0.3515905
    ]
  },
  {
    "timeStamp": 155426,
    "rotation": [
      [
        -0.817319,
        0.5760866,
        -0.0106700351
      ],
      [
        0.008749098,
        0.0309247356,
        0.9994834
      ],
      [
        0.576118946,
        0.8168034,
        -0.0303156134
      ]
    ],
    "translation": [
      1.47217309,
      0.7012672,
      -0.3518272
    ]
  },
  {
    "timeStamp": 155479,
    "rotation": [
      [
        -0.8331477,
        0.552981734,
        -0.00872356
      ],
      [
        0.0257318653,
        0.0545156151,
        0.9981813
      ],
      [
        0.5524516,
        0.831407964,
        -0.05964881
      ]
    ],
    "translation": [
      1.47384119,
      0.7114666,
      -0.354292154
    ]
  },
  {
    "timeStamp": 155524,
    "rotation": [
      [
        -0.8433923,
        0.537250459,
        -0.007167747
      ],
      [
        0.04888637,
        0.09001468,
        0.9947399
      ],
      [
        0.5350697,
        0.8386056,
        -0.102181919
      ]
    ],
    "translation": [
      1.47815669,
      0.723353446,
      -0.357741833
    ]
  },
  {
    "timeStamp": 155580,
    "rotation": [
      [
        -0.8426253,
        0.5371474,
        0.03814851
      ],
      [
        0.11328306,
        0.107558906,
        0.987723649
      ],
      [
        0.52645,
        0.8366025,
        -0.151481554
      ]
    ],
    "translation": [
      1.48522079,
      0.743504941,
      -0.3680489
    ]
  },
  {
    "timeStamp": 155624,
    "rotation": [
      [
        -0.836999655,
        0.541231155,
        0.08062511
      ],
      [
        0.166978538,
        0.11230915,
        0.979543149
      ],
      [
        0.5211043,
        0.83334,
        -0.1843767
      ]
    ],
    "translation": [
      1.49505234,
      0.762195,
      -0.383638948
    ]
  },
  {
    "timeStamp": 155679,
    "rotation": [
      [
        -0.83233577,
        0.5381733,
        0.132614866
      ],
      [
        0.227601,
        0.113698386,
        0.9670938
      ],
      [
        0.505386,
        0.8351301,
        -0.21712403
      ]
    ],
    "translation": [
      1.51379848,
      0.785318434,
      -0.4153
    ]
  },
  {
    "timeStamp": 155724,
    "rotation": [
      [
        -0.8448432,
        0.5212707,
        0.120486245
      ],
      [
        0.226491779,
        0.144440159,
        0.9632437
      ],
      [
        0.484707654,
        0.841079056,
        -0.2400928
      ]
    ],
    "translation": [
      1.53692758,
      0.798681557,
      -0.443701923
    ]
  },
  {
    "timeStamp": 155779,
    "rotation": [
      [
        -0.8506772,
        0.51736176,
        0.0931938738
      ],
      [
        0.209180638,
        0.170497581,
        0.9628988
      ],
      [
        0.482277721,
        0.8386104,
        -0.253260463
      ]
    ],
    "translation": [
      1.57589614,
      0.815619469,
      -0.477969527
    ]
  },
  {
    "timeStamp": 155824,
    "rotation": [
      [
        -0.831242561,
        0.5435847,
        0.116411082
      ],
      [
        0.23624821,
        0.155870035,
        0.959109664
      ],
      [
        0.503212333,
        0.824754655,
        -0.257986724
      ]
    ],
    "translation": [
      1.611037,
      0.8342089,
      -0.5027477
    ]
  },
  {
    "timeStamp": 155879,
    "rotation": [
      [
        -0.8176638,
        0.567281663,
        0.09806869
      ],
      [
        0.239809752,
        0.180759534,
        0.9538434
      ],
      [
        0.523371041,
        0.8034411,
        -0.283840179
      ]
    ],
    "translation": [
      1.66265166,
      0.85846585,
      -0.5283855
    ]
  },
  {
    "timeStamp": 155924,
    "rotation": [
      [
        -0.8035027,
        0.591218948,
        0.06959622
      ],
      [
        0.227434456,
        0.196831882,
        0.9536932
      ],
      [
        0.550142765,
        0.7821236,
        -0.292618483
      ]
    ],
    "translation": [
      1.70758688,
      0.8730818,
      -0.54550457
    ]
  },
  {
    "timeStamp": 155979,
    "rotation": [
      [
        -0.7874866,
        0.616198242,
        0.0128241461
      ],
      [
        0.2065126,
        0.24419947,
        0.94748044
      ],
      [
        0.580704153,
        0.7487765,
        -0.319556534
      ]
    ],
    "translation": [
      1.76667285,
      0.8920293,
      -0.559320569
    ]
  },
  {
    "timeStamp": 156024,
    "rotation": [
      [
        -0.7545835,
        0.6554683,
        -0.0310657453
      ],
      [
        0.193765849,
        0.267796427,
        0.943790138
      ],
      [
        0.626943767,
        0.706149,
        -0.3290821
      ]
    ],
    "translation": [
      1.81654942,
      0.9060147,
      -0.5678033
    ]
  },
  {
    "timeStamp": 156079,
    "rotation": [
      [
        -0.6883814,
        0.722777665,
        -0.061020568
      ],
      [
        0.197876468,
        0.2680609,
        0.942861736
      ],
      [
        0.697836637,
        0.6369739,
        -0.327548832
      ]
    ],
    "translation": [
      1.877883,
      0.921753,
      -0.5772908
    ]
  },
  {
    "timeStamp": 156124,
    "rotation": [
      [
        -0.650500953,
        0.752135158,
        -0.105551884
      ],
      [
        0.185957342,
        0.292467743,
        0.9380205
      ],
      [
        0.736388743,
        0.590555131,
        -0.3301156
      ]
    ],
    "translation": [
      1.92367625,
      0.932605445,
      -0.5851718
    ]
  },
  {
    "timeStamp": 156179,
    "rotation": [
      [
        -0.6055407,
        0.77992624,
        -0.158226252
      ],
      [
        0.166437835,
        0.3185415,
        0.9331826
      ],
      [
        0.7782152,
        0.5387452,
        -0.32269907
      ]
    ],
    "translation": [
      1.97628033,
      0.9416792,
      -0.5962467
    ]
  },
  {
    "timeStamp": 156224,
    "rotation": [
      [
        -0.56041497,
        0.8125859,
        -0.160122529
      ],
      [
        0.149898618,
        0.2896584,
        0.945319235
      ],
      [
        0.8145339,
        0.5057689,
        -0.284134418
      ]
    ],
    "translation": [
      2.011566,
      0.9421548,
      -0.6076765
    ]
  },
  {
    "timeStamp": 156279,
    "rotation": [
      [
        -0.5564607,
        0.8132728,
        -0.170114383
      ],
      [
        0.104668781,
        0.2717252,
        0.956666
      ],
      [
        0.824254751,
        0.5145413,
        -0.236328661
      ]
    ],
    "translation": [
      2.04385853,
      0.9412056,
      -0.6215943
    ]
  },
  {
    "timeStamp": 156324,
    "rotation": [
      [
        -0.5252502,
        0.825338066,
        -0.2071937
      ],
      [
        0.130899623,
        0.318954259,
        0.9386871
      ],
      [
        0.8408195,
        0.465923965,
        -0.275567234
      ]
    ],
    "translation": [
      2.070267,
      0.9506962,
      -0.6271732
    ]
  },
  {
    "timeStamp": 156374,
    "rotation": [
      [
        -0.5043725,
        0.8460884,
        -0.1724609
      ],
      [
        0.138000816,
        0.2761429,
        0.9511576
      ],
      [
        0.8523873,
        0.455937952,
        -0.256039768
      ]
    ],
    "translation": [
      2.08754349,
      0.9479367,
      -0.6350467
    ]
  },
  {
    "timeStamp": 156424,
    "rotation": [
      [
        -0.489843518,
        0.8552418,
        -0.169159174
      ],
      [
        0.0981689543,
        0.24690789,
        0.964053631
      ],
      [
        0.866265655,
        0.455629259,
        -0.204904422
      ]
    ],
    "translation": [
      2.10872936,
      0.9407575,
      -0.6442166
    ]
  },
  {
    "timeStamp": 156474,
    "rotation": [
      [
        -0.491737753,
        0.8583411,
        -0.146439254
      ],
      [
        0.06463461,
        0.203694761,
        0.976898551
      ],
      [
        0.868341148,
        0.470912844,
        -0.155642942
      ]
    ],
    "translation": [
      2.122168,
      0.9297508,
      -0.652640045
    ]
  },
  {
    "timeStamp": 156529,
    "rotation": [
      [
        -0.4534575,
        0.8798035,
        -0.1425555
      ],
      [
        0.06310337,
        0.191235617,
        0.9795136
      ],
      [
        0.8890412,
        0.435172051,
        -0.142235786
      ]
    ],
    "translation": [
      2.13752055,
      0.9252132,
      -0.6571475
    ]
  },
  {
    "timeStamp": 156574,
    "rotation": [
      [
        -0.454218417,
        0.882834256,
        -0.119537957
      ],
      [
        0.05715899,
        0.162780479,
        0.98500526
      ],
      [
        0.889054835,
        0.440574855,
        -0.1243998
      ]
    ],
    "translation": [
      2.142497,
      0.920350432,
      -0.659547865
    ]
  },
  {
    "timeStamp": 156629,
    "rotation": [
      [
        -0.457007825,
        0.8850259,
        -0.08872981
      ],
      [
        0.04337228,
        0.121811584,
        0.991605163
      ],
      [
        0.8884046,
        0.4493229,
        -0.0940544456
      ]
    ],
    "translation": [
      2.14294124,
      0.9151274,
      -0.662011445
    ]
  },
  {
    "timeStamp": 156674,
    "rotation": [
      [
        -0.4503148,
        0.8912056,
        -0.0544893481
      ],
      [
        0.0603869259,
        0.09128657,
        0.993992031
      ],
      [
        0.89082545,
        0.444318861,
        -0.09492487
      ]
    ],
    "translation": [
      2.13881469,
      0.9136735,
      -0.662454367
    ]
  },
  {
    "timeStamp": 156729,
    "rotation": [
      [
        -0.465558618,
        0.8841359,
        -0.0394833758
      ],
      [
        0.06643079,
        0.07939804,
        0.994627
      ],
      [
        0.8825204,
        0.460434258,
        -0.09569829
      ]
    ],
    "translation": [
      2.13226056,
      0.9124927,
      -0.6626774
    ]
  },
  {
    "timeStamp": 156774,
    "rotation": [
      [
        -0.4599964,
        0.8877561,
        -0.0170979537
      ],
      [
        0.06508718,
        0.0529171936,
        0.9964755
      ],
      [
        0.885531962,
        0.457262278,
        -0.0821232647
      ]
    ],
    "translation": [
      2.12694,
      0.908949733,
      -0.664465845
    ]
  },
  {
    "timeStamp": 156830,
    "rotation": [
      [
        -0.452591628,
        0.8917141,
        0.00258665
      ],
      [
        0.0543753654,
        0.0247027632,
        0.99821496
      ],
      [
        0.890058458,
        0.451924384,
        -0.0596675463
      ]
    ],
    "translation": [
      2.121462,
      0.9019289,
      -0.6676261
    ]
  },
  {
    "timeStamp": 156875,
    "rotation": [
      [
        -0.462167233,
        0.886693,
        0.0133015607
      ],
      [
        0.04071377,
        0.00623248052,
        0.9991514
      ],
      [
        0.885857642,
        0.462316573,
        -0.03898106
      ]
    ],
    "translation": [
      2.116036,
      0.896334,
      -0.6695411
    ]
  },
  {
    "timeStamp": 156932,
    "rotation": [
      [
        -0.4760822,
        0.8793831,
        -0.005564807
      ],
      [
        0.007895962,
        0.0106022591,
        0.9999126
      ],
      [
        0.879365265,
        0.475996673,
        -0.0119911237
      ]
    ],
    "translation": [
      2.11240482,
      0.8915893,
      -0.67162925
    ]
  },
  {
    "timeStamp": 156978,
    "rotation": [
      [
        -0.4612432,
        0.8871539,
        -0.0145807667
      ],
      [
        -0.0145993978,
        0.008842625,
        0.9998543
      ],
      [
        0.8871536,
        0.4613889,
        0.008873313
      ]
    ],
    "translation": [
      2.11295867,
      0.8895898,
      -0.6732831
    ]
  }
]