[
  {
    "timeStamp": 158678,
    "rotation": [
      [
        0.0151999453,
        0.99857235,
        0.0512080826
      ],
      [
        -0.0449212678,
        -0.0504803024,
        0.9977143
      ],
      [
        0.9988749,
        -0.01746555,
        0.04408984
      ]
    ],
    "translation": [
      1.307887,
      0.7022667,
      -0.360106736
    ]
  },
  {
    "timeStamp": 158722,
    "rotation": [
      [
        0.0149911605,
        0.99905324,
        0.04084063
      ],
      [
        -0.010826231,
        -0.0406806432,
        0.99911356
      ],
      [
        0.999829,
        -0.015420015,
        0.0102061313
      ]
    ],
    "translation": [
      1.30794215,
      0.7013559,
      -0.360188335
    ]
  },
  {
    "timeStamp": 158779,
    "rotation": [
      [
        0.0227097236,
        0.9989848,
        0.03890688
      ],
      [
        -0.002129725,
        -0.0388684869,
        0.999242067
      ],
      [
        0.9997399,
        -0.0227753725,
        0.00124487025
      ]
    ],
    "translation": [
      1.30807173,
      0.701012969,
      -0.362383157
    ]
  },
  {
    "timeStamp": 158822,
    "rotation": [
      [
        -0.008987748,
        0.9984618,
        0.0547107533
      ],
      [
        -0.0407151729,
        -0.0550329946,
        0.9976541
      ],
      [
        0.999130368,
        0.006739116,
        0.04114717
      ]
    ],
    "translation": [
      1.31039119,
      0.7026745,
      -0.372054815
    ]
  },
  {
    "timeStamp": 158878,
    "rotation": [
      [
        -0.009817071,
        0.9967867,
        0.0794982538
      ],
      [
        -0.0158352237,
        -0.07964709,
        0.996697366
      ],
      [
        0.9998265,
        0.008525786,
        0.0165662412
      ]
    ],
    "translation": [
      1.31439292,
      0.713159263,
      -0.374086767
    ]
  },
  {
    "timeStamp": 158922,
    "rotation": [
      [
        -0.01804117,
        0.995210469,
        0.09607551
      ],
      [
        -0.005024106,
        -0.09618018,
        0.995351255
      ],
      [
        0.9998246,
        0.0174746066,
        0.0067352457
      ]
    ],
    "translation": [
      1.31838775,
      0.7211045,
      -0.378572673
    ]
  },
  {
    "timeStamp": 158978,
    "rotation": [
      [
        -0.0385230146,
        0.9924213,
        0.1166872
      ],
      [
        -0.0171340611,
        -0.117412739,
        0.992935359
      ],
      [
        0.9991108,
        0.0362515338,
        0.0215273015
      ]
    ],
    "translation": [
      1.3246969,
      0.7281373,
      -0.388596177
    ]
  },
  {
    "timeStamp": 159022,
    "rotation": [
      [
        -0.0491551049,
        0.99069047,
        0.126949683
      ],
      [
        -0.000654258241,
        -0.127135247,
        0.9918852
      ],
      [
        0.9987909,
        0.04867316,
        0.00689751375
      ]
    ],
    "translation": [
      1.33033681,
      0.736784458,
      -0.393226922
    ]
  },
  {
    "timeStamp": 159078,
    "rotation": [
      [
        -0.03724741,
        0.9884314,
        0.147024065
      ],
      [
        0.0238289051,
        -0.146205828,
        0.9889672
      ],
      [
        0.999021947,
        0.04033988,
        -0.01810745
      ]
    ],
    "translation": [
      1.34128916,
      0.754384458,
      -0.3973621
    ]
  },
  {
    "timeStamp": 159122,
    "rotation": [
      [
        -0.0189058948,
        0.984684646,
        0.173316866
      ],
      [
        0.04616514,
        -0.172303244,
        0.9839616
      ],
      [
        0.9987549,
        0.0266038682,
        -0.0422005542
      ]
    ],
    "translation": [
      1.35231447,
      0.7737819,
      -0.401914656
    ]
  },
  {
    "timeStamp": 159178,
    "rotation": [
      [
        0.0106767276,
        0.975175,
        0.221178114
      ],
      [
        0.07305297,
        -0.221360341,
        0.972452
      ],
      [
        0.997270942,
        0.005775115,
        -0.07360284
      ]
    ],
    "translation": [
      1.37217736,
      0.801705658,
      -0.411736548
    ]
  },
  {
    "timeStamp": 159222,
    "rotation": [
      [
        0.0411181375,
        0.966116965,
        0.254808336
      ],
      [
        0.0936907455,
        -0.2576285,
        0.961691
      ],
      [
        0.99475193,
        -0.0156697687,
        -0.101109423
      ]
    ],
    "translation": [
      1.39478314,
      0.8236855,
      -0.4203071
    ]
  },
  {
    "timeStamp": 159278,
    "rotation": [
      [
        0.0871945545,
        0.959875166,
        0.266527325
      ],
      [
        0.117835157,
        -0.275605917,
        0.9540211
      ],
      [
        0.9891977,
        -0.05177915,
        -0.137138382
      ]
    ],
    "translation": [
      1.43631,
      0.847843945,
      -0.4330358
    ]
  },
  {
    "timeStamp": 159322,
    "rotation": [
      [
        0.1232135,
        0.9541738,
        0.272709966
      ],
      [
        0.136469826,
        -0.2884848,
        0.9477091
      ],
      [
        0.9829519,
        -0.07955387,
        -0.165761158
      ]
    ],
    "translation": [
      1.47454333,
      0.867326,
      -0.443643153
    ]
  },
  {
    "timeStamp": 159378,
    "rotation": [
      [
        0.17155984,
        0.9503451,
        0.259637028
      ],
      [
        0.164375886,
        -0.2874629,
        0.9435813
      ],
      [
        0.9713639,
        -0.119202569,
        -0.205530912
      ]
    ],
    "translation": [
      1.53028,
      0.888288558,
      -0.458391428
    ]
  },
  {
    "timeStamp": 159422,
    "rotation": [
      [
        0.225614324,
        0.9449575,
        0.2369672
      ],
      [
        0.175532669,
        -0.278687745,
        0.9442041
      ],
      [
        0.958272636,
        -0.171430469,
        -0.228746861
      ]
    ],
    "translation": [
      1.581853,
      0.9013294,
      -0.4694636
    ]
  },
  {
    "timeStamp": 159478,
    "rotation": [
      [
        0.279086143,
        0.9427563,
        0.182541355
      ],
      [
        0.198347211,
        -0.242590532,
        0.9496358
      ],
      [
        0.93955797,
        -0.2288236,
        -0.254696757
      ]
    ],
    "translation": [
      1.65006018,
      0.915492654,
      -0.484475583
    ]
  },
  {
    "timeStamp": 159522,
    "rotation": [
      [
        0.327721417,
        0.9355899,
        0.131415769
      ],
      [
        0.2187156,
        -0.210449,
        0.9528246
      ],
      [
        0.9191094,
        -0.283518374,
        -0.273596764
      ]
    ],
    "translation": [
      1.70927286,
      0.928328633,
      -0.495565116
    ]
  },
  {
    "timeStamp": 159578,
    "rotation": [
      [
        0.401939929,
        0.9117177,
        0.084941715
      ],
      [
        0.245957032,
        -0.196855292,
        0.949080169
      ],
      [
        0.8820144,
        -0.360581219,
        -0.3033674
      ]
    ],
    "translation": [
      1.78050756,
      0.9484509,
      -0.510517061
    ]
  },
  {
    "timeStamp": 159622,
    "rotation": [
      [
        0.4526917,
        0.891378641,
        0.0226780884
      ],
      [
        0.276860178,
        -0.16469036,
        0.9466919
      ],
      [
        0.847595751,
        -0.4222809,
        -0.321341217
      ]
    ],
    "translation": [
      1.83908474,
      0.961767137,
      -0.5239985
    ]
  },
  {
    "timeStamp": 159678,
    "rotation": [
      [
        0.5283208,
        0.8483037,
        -0.0354695655
      ],
      [
        0.2951584,
        -0.144332588,
        0.9444838
      ],
      [
        0.7960897,
        -0.509459555,
        -0.326637834
      ]
    ],
    "translation": [
      1.90522838,
      0.9754585,
      -0.5455085
    ]
  },
  {
    "timeStamp": 159722,
    "rotation": [
      [
        0.5853975,
        0.80787,
        -0.06823395
      ],
      [
        0.30207482,
        -0.1392366,
        0.943060935
      ],
      [
        0.75236994,
        -0.5726773,
        -0.325545937
      ]
    ],
    "translation": [
      1.952571,
      0.9828901,
      -0.5650378
    ]
  },
  {
    "timeStamp": 159778,
    "rotation": [
      [
        0.6469854,
        0.754479051,
        -0.110323168
      ],
      [
        0.305403322,
        -0.1238356,
        0.9441364
      ],
      [
        0.6986692,
        -0.644535542,
        -0.310540229
      ]
    ],
    "translation": [
      2.00354528,
      0.9869459,
      -0.591815531
    ]
  },
  {
    "timeStamp": 159822,
    "rotation": [
      [
        0.6881277,
        0.7121533,
        -0.138988808
      ],
      [
        0.305331767,
        -0.110438012,
        0.9458203
      ],
      [
        0.6582194,
        -0.693282843,
        -0.293438464
      ]
    ],
    "translation": [
      2.03804612,
      0.9867963,
      -0.614645839
    ]
  },
  {
    "timeStamp": 159878,
    "rotation": [
      [
        0.730938435,
        0.666821837,
        -0.145181209
      ],
      [
        0.297528833,
        -0.119922154,
        0.9471511
      ],
      [
        0.6141706,
        -0.7355048,
        -0.286054432
      ]
    ],
    "translation": [
      2.06973457,
      0.9863565,
      -0.63965
    ]
  },
  {
    "timeStamp": 159932,
    "rotation": [
      [
        0.7587863,
        0.6332783,
        -0.152322054
      ],
      [
        0.288441151,
        -0.11702697,
        0.9503191
      ],
      [
        0.5839907,
        -0.7650251,
        -0.271462
      ]
    ],
    "translation": [
      2.09295821,
      0.981735349,
      -0.65792495
    ]
  },
  {
    "timeStamp": 159975,
    "rotation": [
      [
        0.79102236,
        0.590496242,
        -0.159992918
      ],
      [
        0.2764532,
        -0.111711875,
        0.9545125
      ],
      [
        0.5457629,
        -0.7992713,
        -0.251611173
      ]
    ],
    "translation": [
      2.11996865,
      0.974382937,
      -0.6775699
    ]
  },
  {
    "timeStamp": 160028,
    "rotation": [
      [
        0.816538334,
        0.552099943,
        -0.16867353
      ],
      [
        0.2585339,
        -0.08847804,
        0.9619417
      ],
      [
        0.516164064,
        -0.8290701,
        -0.214982271
      ]
    ],
    "translation": [
      2.14384365,
      0.961007,
      -0.6968686
    ]
  },
  {
    "timeStamp": 160073,
    "rotation": [
      [
        0.8362506,
        0.52368,
        -0.162617028
      ],
      [
        0.2240861,
        -0.0557012632,
        0.972976267
      ],
      [
        0.5004702,
        -0.8500922,
        -0.163929611
      ]
    ],
    "translation": [
      2.15699363,
      0.944889247,
      -0.713651657
    ]
  },
  {
    "timeStamp": 160128,
    "rotation": [
      [
        0.85598737,
        0.497845143,
        -0.139412537
      ],
      [
        0.187579617,
        -0.04778604,
        0.9810863
      ],
      [
        0.4817671,
        -0.8659485,
        -0.134289846
      ]
    ],
    "translation": [
      2.16714859,
      0.928233147,
      -0.727351665
    ]
  },
  {
    "timeStamp": 160173,
    "rotation": [
      [
        0.860397,
        0.492142916,
        -0.132334813
      ],
      [
        0.159767821,
        -0.013902016,
        0.987056732
      ],
      [
        0.48393324,
        -0.8704034,
        -0.09058985
      ]
    ],
    "translation": [
      2.171183,
      0.9120476,
      -0.7390532
    ]
  },
  {
    "timeStamp": 160228,
    "rotation": [
      [
        0.868573546,
        0.482540041,
        -0.1128501
      ],
      [
        0.124612913,
        0.00773326028,
        0.9921753
      ],
      [
        0.479637,
        -0.8758398,
        -0.0534138121
      ]
    ],
    "translation": [
      2.17300653,
      0.895013154,
      -0.7479584
    ]
  },
  {
    "timeStamp": 160272,
    "rotation": [
      [
        0.864180863,
        0.493865281,
        -0.0963772237
      ],
      [
        0.108149432,
        0.00475874031,
        0.9941233
      ],
      [
        0.4914216,
        -0.869525433,
        -0.0492988378
      ]
    ],
    "translation": [
      2.17018962,
      0.8842582,
      -0.7492993
    ]
  },
  {
    "timeStamp": 160328,
    "rotation": [
      [
        0.8515246,
        0.5137039,
        -0.104948238
      ],
      [
        0.09044362,
        0.05324788,
        0.994477034
      ],
      [
        0.516455,
        -0.8563136,
        -0.00111935788
      ]
    ],
    "translation": [
      2.168064,
      0.8704076,
      -0.7532174
    ]
  },
  {
    "timeStamp": 160373,
    "rotation": [
      [
        0.8356219,
        0.532906,
        -0.133218974
      ],
      [
        0.114767931,
        0.0677935258,
        0.99107635
      ],
      [
        0.5371819,
        -0.843454361,
        -0.004510764
      ]
    ],
    "translation": [
      2.16704273,
      0.8715903,
      -0.749109745
    ]
  }
]