[
  {
    "timeStamp": 151781,
    "rotation": [
      [
        0.8963801,
        -0.3927677,
        -0.205514282
      ],
      [
        0.241789579,
        0.0446320735,
        0.9693017
      ],
      [
        -0.371537864,
        -0.918554,
        0.13497445
      ]
    ],
    "translation": [
      1.76546109,
      0.6915499,
      -0.496022373
    ]
  },
  {
    "timeStamp": 151825,
    "rotation": [
      [
        0.88888365,
        -0.395110071,
        -0.231891945
      ],
      [
        0.248541325,
        -0.009315757,
        0.9685765
      ],
      [
        -0.384854555,
        -0.918586552,
        0.08992056
      ]
    ],
    "translation": [
      1.76564372,
      0.6946652,
      -0.495757461
    ]
  },
  {
    "timeStamp": 151880,
    "rotation": [
      [
        0.881901443,
        -0.390855849,
        -0.263593554
      ],
      [
        0.271925479,
        -0.0350040831,
        0.9616815
      ],
      [
        -0.385105669,
        -0.919786036,
        0.07541351
      ]
    ],
    "translation": [
      1.76577592,
      0.694641531,
      -0.49573493
    ]
  },
  {
    "timeStamp": 151925,
    "rotation": [
      [
        0.877631366,
        -0.390173018,
        -0.278439045
      ],
      [
        0.279428959,
        -0.0555260926,
        0.9585595
      ],
      [
        -0.3894647,
        -0.9190658,
        0.0602942
      ]
    ],
    "translation": [
      1.76578164,
      0.6947443,
      -0.49578467
    ]
  },
  {
    "timeStamp": 151980,
    "rotation": [
      [
        0.9093845,
        -0.361517072,
        -0.205730885
      ],
      [
        0.206925645,
        -0.035870716,
        0.977698863
      ],
      [
        -0.360834539,
        -0.9316752,
        0.04218688
      ]
    ],
    "translation": [
      1.75443184,
      0.6989825,
      -0.5052824
    ]
  },
  {
    "timeStamp": 152024,
    "rotation": [
      [
        0.9299966,
        -0.3247383,
        -0.1721956
      ],
      [
        0.159316629,
        -0.0660572648,
        0.985015035
      ],
      [
        -0.331246883,
        -0.9434943,
        -0.009696822
      ]
    ],
    "translation": [
      1.75212049,
      0.7140663,
      -0.5041846
    ]
  },
  {
    "timeStamp": 152080,
    "rotation": [
      [
        0.9316317,
        -0.334460527,
        -0.142121568
      ],
      [
        0.118667044,
        -0.0896575451,
        0.988877952
      ],
      [
        -0.343482971,
        -0.938135266,
        -0.0438383669
      ]
    ],
    "translation": [
      1.75803852,
      0.737413764,
      -0.506849349
    ]
  },
  {
    "timeStamp": 152126,
    "rotation": [
      [
        0.9402238,
        -0.308948338,
        -0.14328362
      ],
      [
        0.107370071,
        -0.1303572,
        0.9856362
      ],
      [
        -0.3231887,
        -0.942102969,
        -0.08939314
      ]
    ],
    "translation": [
      1.76333952,
      0.7599001,
      -0.511100054
    ]
  },
  {
    "timeStamp": 152181,
    "rotation": [
      [
        0.942988,
        -0.299572051,
        -0.145018011
      ],
      [
        0.09323307,
        -0.1805105,
        0.9791443
      ],
      [
        -0.319501549,
        -0.9368418,
        -0.1422892
      ]
    ],
    "translation": [
      1.77807653,
      0.790553749,
      -0.5169382
    ]
  },
  {
    "timeStamp": 152225,
    "rotation": [
      [
        0.9356618,
        -0.331042141,
        -0.122262307
      ],
      [
        0.05523004,
        -0.204817057,
        0.9772408
      ],
      [
        -0.3485493,
        -0.921119452,
        -0.173356012
      ]
    ],
    "translation": [
      1.79537046,
      0.8169084,
      -0.521598935
    ]
  },
  {
    "timeStamp": 152281,
    "rotation": [
      [
        0.927507043,
        -0.354521245,
        -0.118513294
      ],
      [
        0.0295287315,
        -0.246566,
        0.968676031
      ],
      [
        -0.37263757,
        -0.9019534,
        -0.21822314
      ]
    ],
    "translation": [
      1.82165778,
      0.8492402,
      -0.5290449
    ]
  },
  {
    "timeStamp": 152325,
    "rotation": [
      [
        0.9200964,
        -0.370297641,
        -0.127680644
      ],
      [
        0.0220345613,
        -0.2765231,
        0.960754633
      ],
      [
        -0.391071826,
        -0.8868002,
        -0.24626857
      ]
    ],
    "translation": [
      1.84629357,
      0.8720185,
      -0.5366266
    ]
  },
  {
    "timeStamp": 152381,
    "rotation": [
      [
        0.9059799,
        -0.397635847,
        -0.145210639
      ],
      [
        0.0178580657,
        -0.3068217,
        0.9515995
      ],
      [
        -0.4229438,
        -0.864723146,
        -0.2708733
      ]
    ],
    "translation": [
      1.8827064,
      0.896450162,
      -0.546565831
    ]
  },
  {
    "timeStamp": 152425,
    "rotation": [
      [
        0.8911866,
        -0.422277629,
        -0.16573514
      ],
      [
        0.02105648,
        -0.32644707,
        0.9449809
      ],
      [
        -0.453148067,
        -0.8456441,
        -0.282033563
      ]
    ],
    "translation": [
      1.91493165,
      0.9122144,
      -0.554696143
    ]
  },
  {
    "timeStamp": 152481,
    "rotation": [
      [
        0.866073,
        -0.459045231,
        -0.197977349
      ],
      [
        0.024999503,
        -0.355755538,
        0.934244633
      ],
      [
        -0.499292076,
        -0.8140734,
        -0.296634376
      ]
    ],
    "translation": [
      1.95784676,
      0.9298407,
      -0.562448859
    ]
  },
  {
    "timeStamp": 152525,
    "rotation": [
      [
        0.8484883,
        -0.476293147,
        -0.230678409
      ],
      [
        0.0411447063,
        -0.3751986,
        0.9260309
      ],
      [
        -0.5276123,
        -0.7952175,
        -0.298754662
      ]
    ],
    "translation": [
      1.99094665,
      0.939641953,
      -0.5684062
    ]
  },
  {
    "timeStamp": 152581,
    "rotation": [
      [
        0.8187951,
        -0.497143477,
        -0.2870942
      ],
      [
        0.0609143041,
        -0.422030717,
        0.9045328
      ],
      [
        -0.5708451,
        -0.7581151,
        -0.315273523
      ]
    ],
    "translation": [
      2.032249,
      0.9507583,
      -0.5737257
    ]
  },
  {
    "timeStamp": 152625,
    "rotation": [
      [
        0.7999387,
        -0.51456815,
        -0.308735847
      ],
      [
        0.06726133,
        -0.434362024,
        0.8982235
      ],
      [
        -0.596300364,
        -0.7392897,
        -0.312852442
      ]
    ],
    "translation": [
      2.05536437,
      0.953161061,
      -0.576947749
    ]
  },
  {
    "timeStamp": 152676,
    "rotation": [
      [
        0.756780446,
        -0.5685895,
        -0.3224737
      ],
      [
        0.07742743,
        -0.411881953,
        0.907941759
      ],
      [
        -0.6490673,
        -0.7120809,
        -0.267679781
      ]
    ],
    "translation": [
      2.09340119,
      0.9442905,
      -0.5852062
    ]
  },
  {
    "timeStamp": 152731,
    "rotation": [
      [
        0.727655232,
        -0.6187327,
        -0.29612118
      ],
      [
        0.0634289458,
        -0.369156569,
        0.9272002
      ],
      [
        -0.683004141,
        -0.693464756,
        -0.229373142
      ]
    ],
    "translation": [
      2.11317134,
      0.931436658,
      -0.590525746
    ]
  },
  {
    "timeStamp": 152776,
    "rotation": [
      [
        0.724791467,
        -0.627972543,
        -0.283421725
      ],
      [
        0.06358491,
        -0.3486465,
        0.935094953
      ],
      [
        -0.686027944,
        -0.695770144,
        -0.212766424
      ]
    ],
    "translation": [
      2.11830759,
      0.9234408,
      -0.5928931
    ]
  },
  {
    "timeStamp": 152831,
    "rotation": [
      [
        0.728622258,
        -0.6226964,
        -0.285234541
      ],
      [
        0.0661623,
        -0.350513965,
        0.9342176
      ],
      [
        -0.6817127,
        -0.6995635,
        -0.21419324
      ]
    ],
    "translation": [
      2.12050176,
      0.9186954,
      -0.591385841
    ]
  },
  {
    "timeStamp": 152875,
    "rotation": [
      [
        0.7306012,
        -0.6237986,
        -0.277663916
      ],
      [
        0.06746829,
        -0.338709533,
        0.938468933
      ],
      [
        -0.679463,
        -0.70438,
        -0.205374941
      ]
    ],
    "translation": [
      2.12005544,
      0.9119476,
      -0.5905602
    ]
  },
  {
    "timeStamp": 152931,
    "rotation": [
      [
        0.731508434,
        -0.628042936,
        -0.265438259
      ],
      [
        0.06923685,
        -0.318867773,
        0.945266962
      ],
      [
        -0.67830795,
        -0.7098489,
        -0.189770758
      ]
    ],
    "translation": [
      2.11842084,
      0.900109053,
      -0.589946866
    ]
  },
  {
    "timeStamp": 152975,
    "rotation": [
      [
        0.732603431,
        -0.623544157,
        -0.272919238
      ],
      [
        0.09114904,
        -0.307479829,
        0.94717896
      ],
      [
        -0.6745251,
        -0.7187829,
        -0.168425336
      ]
    ],
    "translation": [
      2.11815715,
      0.8896618,
      -0.591176152
    ]
  },
  {
    "timeStamp": 153031,
    "rotation": [
      [
        0.734296,
        -0.6234485,
        -0.268554419
      ],
      [
        0.09578467,
        -0.2964976,
        0.950218141
      ],
      [
        -0.6720378,
        -0.7234648,
        -0.1580002
      ]
    ],
    "translation": [
      2.11618614,
      0.8814695,
      -0.5918424
    ]
  },
  {
    "timeStamp": 153076,
    "rotation": [
      [
        0.7281171,
        -0.6260464,
        -0.279126
      ],
      [
        0.113489054,
        -0.291488916,
        0.949818134
      ],
      [
        -0.67599237,
        -0.7232566,
        -0.141188651
      ]
    ],
    "translation": [
      2.11791778,
      0.8745415,
      -0.5929108
    ]
  },
  {
    "timeStamp": 153132,
    "rotation": [
      [
        0.724982738,
        -0.630543947,
        -0.2771541
      ],
      [
        0.133565977,
        -0.2660485,
        0.954661369
      ],
      [
        -0.6756924,
        -0.729131341,
        -0.108661354
      ]
    ],
    "translation": [
      2.11918044,
      0.863398433,
      -0.595953643
    ]
  },
  {
    "timeStamp": 153178,
    "rotation": [
      [
        0.722323835,
        -0.637690961,
        -0.26757893
      ],
      [
        0.130735472,
        -0.254030317,
        0.9583198
      ],
      [
        -0.6790851,
        -0.7271993,
        -0.100123324
      ]
    ],
    "translation": [
      2.119344,
      0.8597027,
      -0.5962439
    ]
  },
  {
    "timeStamp": 153224,
    "rotation": [
      [
        0.7141072,
        -0.6605854,
        -0.231684938
      ],
      [
        0.104209691,
        -0.226960182,
        0.9683127
      ],
      [
        -0.6922364,
        -0.7156229,
        -0.0932345
      ]
    ],
    "translation": [
      2.11836076,
      0.859542,
      -0.5959473
    ]
  }
]