[
  {
    "timeStamp": 162820,
    "rotation": [
      [
        0.9976573,
        -0.0243701786,
        0.06392174
      ],
      [
        0.0663758144,
        0.118683487,
        -0.9907111
      ],
      [
        0.0165573452,
        0.992633045,
        0.120023042
      ]
    ],
    "translation": [
      1.15174878,
      0.697881341,
      -0.7491883
    ]
  },
  {
    "timeStamp": 162865,
    "rotation": [
      [
        0.9977181,
        -0.0237460881,
        0.06320404
      ],
      [
        0.06548064,
        0.112107694,
        -0.99153626
      ],
      [
        0.0164594483,
        0.9934123,
        0.113406777
      ]
    ],
    "translation": [
      1.151737,
      0.698065639,
      -0.749203
    ]
  },
  {
    "timeStamp": 162920,
    "rotation": [
      [
        0.9977153,
        -0.0240449663,
        0.06313576
      ],
      [
        0.06609118,
        0.153602734,
        -0.985919952
      ],
      [
        0.0140085854,
        0.9878401,
        0.154840961
      ]
    ],
    "translation": [
      1.151759,
      0.697031,
      -0.7490246
    ]
  },
  {
    "timeStamp": 162965,
    "rotation": [
      [
        0.9976887,
        -0.0242903829,
        0.06346019
      ],
      [
        0.06679043,
        0.178753346,
        -0.9816243
      ],
      [
        0.0125003075,
        0.983594,
        0.179962561
      ]
    ],
    "translation": [
      1.1517961,
      0.696404,
      -0.7489036
    ]
  },
  {
    "timeStamp": 163020,
    "rotation": [
      [
        0.997848332,
        -0.02290587,
        0.0614323169
      ],
      [
        0.06415197,
        0.147710934,
        -0.986947834
      ],
      [
        0.0135326814,
        0.98876524,
        0.148862571
      ]
    ],
    "translation": [
      1.15192747,
      0.697195232,
      -0.7491066
    ]
  },
  {
    "timeStamp": 163064,
    "rotation": [
      [
        0.9977329,
        -0.0230800156,
        0.06321734
      ],
      [
        0.0657629147,
        0.134828344,
        -0.988684237
      ],
      [
        0.0142953461,
        0.9906001,
        0.136040479
      ]
    ],
    "translation": [
      1.15368986,
      0.6975046,
      -0.7494833
    ]
  },
  {
    "timeStamp": 163120,
    "rotation": [
      [
        0.997663736,
        -0.0242124144,
        0.0638814941
      ],
      [
        0.06635222,
        0.12082953,
        -0.990453243
      ],
      [
        0.0162625015,
        0.992377937,
        0.122153789
      ]
    ],
    "translation": [
      1.164539,
      0.6978478,
      -0.7534627
    ]
  },
  {
    "timeStamp": 163165,
    "rotation": [
      [
        0.998136461,
        -0.0539235435,
        0.0285635274
      ],
      [
        0.0340858661,
        0.104438774,
        -0.993947
      ],
      [
        0.0506140068,
        0.9930684,
        0.106082179
      ]
    ],
    "translation": [
      1.16794538,
      0.7076324,
      -0.7607782
    ]
  },
  {
    "timeStamp": 163220,
    "rotation": [
      [
        0.9994701,
        -0.0206507351,
        -0.0251597986
      ],
      [
        -0.0230876561,
        0.0950879455,
        -0.9952011
      ],
      [
        0.0229440257,
        0.995254636,
        0.09456079
      ]
    ],
    "translation": [
      1.1662991,
      0.7305112,
      -0.7586305
    ]
  },
  {
    "timeStamp": 163265,
    "rotation": [
      [
        0.9987394,
        0.00121464126,
        -0.05017979
      ],
      [
        -0.0500534847,
        0.09898108,
        -0.993829668
      ],
      [
        0.00375969755,
        0.9950886,
        0.09891711
      ]
    ],
    "translation": [
      1.17104852,
      0.745596945,
      -0.7560708
    ]
  },
  {
    "timeStamp": 163320,
    "rotation": [
      [
        0.9975877,
        0.0114465645,
        -0.06846828
      ],
      [
        -0.06934602,
        0.119259804,
        -0.9904384
      ],
      [
        -0.00317160273,
        0.992797136,
        0.119765878
      ]
    ],
    "translation": [
      1.1840533,
      0.757652044,
      -0.753824234
    ]
  },
  {
    "timeStamp": 163364,
    "rotation": [
      [
        0.997060537,
        0.0219278429,
        -0.07341285
      ],
      [
        -0.07578167,
        0.141079113,
        -0.9870936
      ],
      [
        -0.0112878168,
        0.989755452,
        0.142326146
      ]
    ],
    "translation": [
      1.19774318,
      0.76399225,
      -0.7494979
    ]
  },
  {
    "timeStamp": 163420,
    "rotation": [
      [
        0.995393336,
        0.04983743,
        -0.08190448
      ],
      [
        -0.0885487,
        0.150342345,
        -0.9846605
      ],
      [
        -0.03675924,
        0.987377048,
        0.154062822
      ]
    ],
    "translation": [
      1.21764159,
      0.774852037,
      -0.7409479
    ]
  },
  {
    "timeStamp": 163464,
    "rotation": [
      [
        0.9916499,
        0.09054629,
        -0.09182496
      ],
      [
        -0.104571424,
        0.147905454,
        -0.983457565
      ],
      [
        -0.07546701,
        0.9848479,
        0.156138986
      ]
    ],
    "translation": [
      1.2351011,
      0.7870258,
      -0.7295596
    ]
  },
  {
    "timeStamp": 163520,
    "rotation": [
      [
        0.983940065,
        0.150943086,
        -0.0952791944
      ],
      [
        -0.11966975,
        0.161766157,
        -0.979546249
      ],
      [
        -0.132442772,
        0.9752168,
        0.17723152
      ]
    ],
    "translation": [
      1.2611562,
      0.8042571,
      -0.709254742
    ]
  },
  {
    "timeStamp": 163564,
    "rotation": [
      [
        0.974411547,
        0.202730447,
        -0.0970697552
      ],
      [
        -0.133167073,
        0.172778666,
        -0.975917041
      ],
      [
        -0.181076527,
        0.9638713,
        0.195354536
      ]
    ],
    "translation": [
      1.28477919,
      0.82028985,
      -0.690536737
    ]
  },
  {
    "timeStamp": 163620,
    "rotation": [
      [
        0.9569718,
        0.272289157,
        -0.100316808
      ],
      [
        -0.154808953,
        0.186659634,
        -0.9701507
      ],
      [
        -0.24543643,
        0.9439368,
        0.22078082
      ]
    ],
    "translation": [
      1.31865418,
      0.8428206,
      -0.6658477
    ]
  },
  {
    "timeStamp": 163665,
    "rotation": [
      [
        0.93861866,
        0.33095327,
        -0.0972877443
      ],
      [
        -0.1710643,
        0.201658949,
        -0.9644017
      ],
      [
        -0.299552977,
        0.921847939,
        0.245895162
      ]
    ],
    "translation": [
      1.34928262,
      0.860923767,
      -0.6447743
    ]
  },
  {
    "timeStamp": 163720,
    "rotation": [
      [
        0.9126631,
        0.4016885,
        -0.07544801
      ],
      [
        -0.181983337,
        0.234097943,
        -0.9550289
      ],
      [
        -0.365961879,
        0.8853499,
        0.286753148
      ]
    ],
    "translation": [
      1.39371336,
      0.8809892,
      -0.619542
    ]
  },
  {
    "timeStamp": 163765,
    "rotation": [
      [
        0.8855982,
        0.461278,
        -0.05420719
      ],
      [
        -0.188013732,
        0.249325022,
        -0.9499936
      ],
      [
        -0.424695939,
        0.8515043,
        0.3075284
      ]
    ],
    "translation": [
      1.43261719,
      0.8960546,
      -0.6014675
    ]
  },
  {
    "timeStamp": 163820,
    "rotation": [
      [
        0.8393856,
        0.542360544,
        -0.035732165
      ],
      [
        -0.205791309,
        0.256270915,
        -0.944444358
      ],
      [
        -0.5030722,
        0.8001064,
        0.326723218
      ]
    ],
    "translation": [
      1.48479223,
      0.9172658,
      -0.5832368
    ]
  },
  {
    "timeStamp": 163864,
    "rotation": [
      [
        0.8018846,
        0.597352266,
        -0.0123004
      ],
      [
        -0.2186119,
        0.2741802,
        -0.936500967
      ],
      [
        -0.556048453,
        0.7536547,
        0.3504492
      ]
    ],
    "translation": [
      1.52756357,
      0.9333256,
      -0.572412
    ]
  },
  {
    "timeStamp": 163920,
    "rotation": [
      [
        0.7386534,
        0.6740662,
        0.00508946553
      ],
      [
        -0.235884577,
        0.265544474,
        -0.9347966
      ],
      [
        -0.631466269,
        0.6892901,
        0.355147183
      ]
    ],
    "translation": [
      1.58447456,
      0.9530173,
      -0.5640118
    ]
  },
  {
    "timeStamp": 163964,
    "rotation": [
      [
        0.6792554,
        0.7335367,
        0.0231510811
      ],
      [
        -0.244366378,
        0.255803376,
        -0.935334
      ],
      [
        -0.692024,
        0.629673362,
        0.353007525
      ]
    ],
    "translation": [
      1.63105571,
      0.9647105,
      -0.5610476
    ]
  },
  {
    "timeStamp": 164020,
    "rotation": [
      [
        0.61210835,
        0.788246036,
        0.06317966
      ],
      [
        -0.248187,
        0.267357022,
        -0.931087255
      ],
      [
        -0.750817358,
        0.5542459,
        0.359283864
      ]
    ],
    "translation": [
      1.68943989,
      0.9773742,
      -0.5616027
    ]
  },
  {
    "timeStamp": 164065,
    "rotation": [
      [
        0.5459524,
        0.832787633,
        0.09165549
      ],
      [
        -0.2556033,
        0.269743621,
        -0.9283886
      ],
      [
        -0.797874033,
        0.483428538,
        0.360130429
      ]
    ],
    "translation": [
      1.736923,
      0.987768,
      -0.5644935
    ]
  },
  {
    "timeStamp": 164120,
    "rotation": [
      [
        0.4609315,
        0.8787093,
        0.124145292
      ],
      [
        -0.267073631,
        0.27075997,
        -0.92485714
      ],
      [
        -0.846294165,
        0.393139839,
        0.359481871
      ]
    ],
    "translation": [
      1.796043,
      1.00019026,
      -0.571247041
    ]
  },
  {
    "timeStamp": 164165,
    "rotation": [
      [
        0.382125527,
        0.909865737,
        0.1616305
      ],
      [
        -0.2746248,
        0.27881074,
        -0.92024225
      ],
      [
        -0.882361233,
        0.3072603,
        0.3564124
      ]
    ],
    "translation": [
      1.845963,
      1.006873,
      -0.577377439
    ]
  },
  {
    "timeStamp": 164220,
    "rotation": [
      [
        0.266837329,
        0.9385602,
        0.2188665
      ],
      [
        -0.307055175,
        0.298060834,
        -0.9038124
      ],
      [
        -0.9135179,
        0.17396681,
        0.367723525
      ]
    ],
    "translation": [
      1.91257155,
      1.013633,
      -0.585695744
    ]
  },
  {
    "timeStamp": 164264,
    "rotation": [
      [
        0.1829133,
        0.945872962,
        0.2680803
      ],
      [
        -0.291849047,
        0.3126302,
        -0.903928339
      ],
      [
        -0.9388114,
        0.08710152,
        0.333236367
      ]
    ],
    "translation": [
      1.96445012,
      1.00982511,
      -0.596895754
    ]
  },
  {
    "timeStamp": 164320,
    "rotation": [
      [
        0.0578566156,
        0.9477267,
        0.313793868
      ],
      [
        -0.236872181,
        0.318376482,
        -0.917893231
      ],
      [
        -0.969816566,
        -0.0212228466,
        0.242910281
      ]
    ],
    "translation": [
      2.02558231,
      0.997721,
      -0.615668
    ]
  },
  {
    "timeStamp": 164365,
    "rotation": [
      [
        -0.0167382136,
        0.9455913,
        0.324926049
      ],
      [
        -0.226480812,
        0.312939346,
        -0.922374845
      ],
      [
        -0.973871768,
        -0.08902845,
        0.20892024
      ]
    ],
    "translation": [
      2.06118131,
      0.994171143,
      -0.6301894
    ]
  },
  {
    "timeStamp": 164420,
    "rotation": [
      [
        -0.119544424,
        0.9384937,
        0.3239423
      ],
      [
        -0.202602759,
        0.29635632,
        -0.9333408
      ],
      [
        -0.9719368,
        -0.1772073,
        0.154713675
      ]
    ],
    "translation": [
      2.09807944,
      0.9858517,
      -0.646715462
    ]
  },
  {
    "timeStamp": 164470,
    "rotation": [
      [
        -0.1868213,
        0.932513654,
        0.3090566
      ],
      [
        -0.1766711,
        0.2775748,
        -0.9443196
      ],
      [
        -0.9663773,
        -0.2310204,
        0.112891339
      ]
    ],
    "translation": [
      2.12066817,
      0.974303842,
      -0.6606282
    ]
  },
  {
    "timeStamp": 164515,
    "rotation": [
      [
        -0.218430728,
        0.9230976,
        0.31651035
      ],
      [
        -0.168098778,
        0.283901662,
        -0.9440035
      ],
      [
        -0.9612652,
        -0.259404361,
        0.09315873
      ]
    ],
    "translation": [
      2.1331017,
      0.9654828,
      -0.6690937
    ]
  },
  {
    "timeStamp": 164570,
    "rotation": [
      [
        -0.294952452,
        0.913266063,
        0.280977279
      ],
      [
        -0.112658761,
        0.2587698,
        -0.9593468
      ],
      [
        -0.948847234,
        -0.314616233,
        0.0265626367
      ]
    ],
    "translation": [
      2.14728045,
      0.946071148,
      -0.68051666
    ]
  },
  {
    "timeStamp": 164615,
    "rotation": [
      [
        -0.322521061,
        0.9060277,
        0.2740327
      ],
      [
        -0.09677881,
        0.256422728,
        -0.9617075
      ],
      [
        -0.9416018,
        -0.336691469,
        0.00498255342
      ]
    ],
    "translation": [
      2.15313458,
      0.934586048,
      -0.6854843
    ]
  },
  {
    "timeStamp": 164670,
    "rotation": [
      [
        -0.33734113,
        0.890246868,
        0.306041718
      ],
      [
        -0.0712094158,
        0.3000352,
        -0.9512666
      ],
      [
        -0.938685358,
        -0.342694372,
        -0.0378202535
      ]
    ],
    "translation": [
      2.16093016,
      0.91885525,
      -0.6908399
    ]
  },
  {
    "timeStamp": 164715,
    "rotation": [
      [
        -0.355973929,
        0.894758344,
        0.269611031
      ],
      [
        -0.0367027521,
        0.274900466,
        -0.9607719
      ],
      [
        -0.9337749,
        -0.3519052,
        -0.0650173053
      ]
    ],
    "translation": [
      2.160745,
      0.9057939,
      -0.6930237
    ]
  },
  {
    "timeStamp": 164770,
    "rotation": [
      [
        -0.3642108,
        0.8921315,
        0.267304838
      ],
      [
        -0.03556687,
        0.273484945,
        -0.9612185
      ],
      [
        -0.9306371,
        -0.359593362,
        -0.06787585
      ]
    ],
    "translation": [
      2.16100144,
      0.9000473,
      -0.690730333
    ]
  },
  {
    "timeStamp": 164814,
    "rotation": [
      [
        -0.3617604,
        0.8903518,
        0.276411
      ],
      [
        -0.0210461561,
        0.288616955,
        -0.9572133
      ],
      [
        -0.9320335,
        -0.35209927,
        -0.08567171
      ]
    ],
    "translation": [
      2.16314149,
      0.8941665,
      -0.6902749
    ]
  },
  {
    "timeStamp": 164870,
    "rotation": [
      [
        -0.3839005,
        0.8928302,
        0.23553066
      ],
      [
        0.00205728412,
        0.2559024,
        -0.966700435
      ],
      [
        -0.9233722,
        -0.3706322,
        -0.10007786
      ]
    ],
    "translation": [
      2.165011,
      0.8870451,
      -0.689747632
    ]
  },
  {
    "timeStamp": 164915,
    "rotation": [
      [
        -0.398623,
        0.8876283,
        0.230685234
      ],
      [
        0.02579181,
        0.2622841,
        -0.964646
      ],
      [
        -0.9167521,
        -0.3785803,
        -0.127446026
      ]
    ],
    "translation": [
      2.169126,
      0.881135643,
      -0.691311955
    ]
  },
  {
    "timeStamp": 164963,
    "rotation": [
      [
        -0.415329427,
        0.885553658,
        0.2080773
      ],
      [
        0.04724047,
        0.249427214,
        -0.967240632
      ],
      [
        -0.9084436,
        -0.391893834,
        -0.145428434
      ]
    ],
    "translation": [
      2.17116833,
      0.87670964,
      -0.6930664
    ]
  }
]