[
  {
    "timeStamp": 38618,
    "rotation": [
      [
        0.9972736,
        0.0328272954,
        -0.0660886
      ],
      [
        0.06638663,
        -0.008072174,
        0.9977613
      ],
      [
        0.0322203226,
        -0.999428451,
        -0.01022946
      ]
    ],
    "translation": [
      1.61649489,
      0.7004449,
      -0.3611471
    ]
  },
  {
    "timeStamp": 38662,
    "rotation": [
      [
        0.9969589,
        0.0295886658,
        -0.07209305
      ],
      [
        0.0735805,
        -0.0527094528,
        0.9958954
      ],
      [
        0.02566723,
        -0.9981714,
        -0.0547263063
      ]
    ],
    "translation": [
      1.627808,
      0.713102758,
      -0.356656849
    ]
  },
  {
    "timeStamp": 38718,
    "rotation": [
      [
        0.9986611,
        0.0515889265,
        0.00382263982
      ],
      [
        0.00257069687,
        -0.123296142,
        0.9923666
      ],
      [
        0.0516664423,
        -0.99102813,
        -0.123263672
      ]
    ],
    "translation": [
      1.61986268,
      0.745007634,
      -0.3587275
    ]
  },
  {
    "timeStamp": 38762,
    "rotation": [
      [
        0.9971744,
        0.0507127,
        0.05542083
      ],
      [
        -0.0452852622,
        -0.182825878,
        0.9821018
      ],
      [
        0.0599374,
        -0.9818365,
        -0.180012748
      ]
    ],
    "translation": [
      1.62205017,
      0.7765482,
      -0.366265416
    ]
  },
  {
    "timeStamp": 38818,
    "rotation": [
      [
        0.9895889,
        0.08528867,
        0.115929522
      ],
      [
        -0.0931056,
        -0.234874,
        0.9675565
      ],
      [
        0.109750442,
        -0.968276858,
        -0.224487841
      ]
    ],
    "translation": [
      1.62795413,
      0.815338969,
      -0.39008525
    ]
  },
  {
    "timeStamp": 38862,
    "rotation": [
      [
        0.978965163,
        0.134101778,
        0.153765813
      ],
      [
        -0.110762075,
        -0.283612341,
        0.9525208
      ],
      [
        0.1713446,
        -0.949516058,
        -0.2627932
      ]
    ],
    "translation": [
      1.6390506,
      0.84621197,
      -0.4157918
    ]
  },
  {
    "timeStamp": 38918,
    "rotation": [
      [
        0.966104865,
        0.171484247,
        0.192962632
      ],
      [
        -0.125025645,
        -0.343152285,
        0.9309217
      ],
      [
        0.225853935,
        -0.9234932,
        -0.310081154
      ]
    ],
    "translation": [
      1.664257,
      0.8830685,
      -0.451587647
    ]
  },
  {
    "timeStamp": 38962,
    "rotation": [
      [
        0.9680266,
        0.165862739,
        0.188186258
      ],
      [
        -0.113885812,
        -0.37783587,
        0.9188417
      ],
      [
        0.22350511,
        -0.91089493,
        -0.346865773
      ]
    ],
    "translation": [
      1.70087111,
      0.9075865,
      -0.478238
    ]
  },
  {
    "timeStamp": 39018,
    "rotation": [
      [
        0.9752379,
        0.146225721,
        0.165918514
      ],
      [
        -0.09586815,
        -0.3965613,
        0.9129887
      ],
      [
        0.1992993,
        -0.906287551,
        -0.372723252
      ]
    ],
    "translation": [
      1.75816083,
      0.9304974,
      -0.5097754
    ]
  },
  {
    "timeStamp": 39062,
    "rotation": [
      [
        0.98758,
        0.0902529359,
        0.12860845
      ],
      [
        -0.0793937445,
        -0.4196924,
        0.904187441
      ],
      [
        0.135581553,
        -0.903168142,
        -0.4073143
      ]
    ],
    "translation": [
      1.81358671,
      0.9470735,
      -0.530148447
    ]
  },
  {
    "timeStamp": 39118,
    "rotation": [
      [
        0.999045551,
        0.0206962023,
        0.038466543
      ],
      [
        -0.02615975,
        -0.4217541,
        0.9063328
      ],
      [
        0.0349810719,
        -0.906474054,
        -0.420810133
      ]
    ],
    "translation": [
      1.891906,
      0.9587772,
      -0.556603849
    ]
  },
  {
    "timeStamp": 39162,
    "rotation": [
      [
        0.998566,
        -0.032939367,
        -0.0422007851
      ],
      [
        0.0252452977,
        -0.405399382,
        0.913791
      ],
      [
        -0.0472078733,
        -0.913545966,
        -0.403986484
      ]
    ],
    "translation": [
      1.95290685,
      0.961432457,
      -0.5791829
    ]
  },
  {
    "timeStamp": 39218,
    "rotation": [
      [
        0.99105227,
        -0.09855984,
        -0.090007484
      ],
      [
        0.0460558236,
        -0.380412817,
        0.9236693
      ],
      [
        -0.1252767,
        -0.919549942,
        -0.372469723
      ]
    ],
    "translation": [
      2.01581764,
      0.959970951,
      -0.6069412
    ]
  },
  {
    "timeStamp": 39269,
    "rotation": [
      [
        0.9829494,
        -0.116214253,
        -0.142494917
      ],
      [
        0.09336071,
        -0.352199048,
        0.931257
      ],
      [
        -0.1584119,
        -0.9286819,
        -0.335344
      ]
    ],
    "translation": [
      2.05625963,
      0.9521604,
      -0.6274175
    ]
  },
  {
    "timeStamp": 39312,
    "rotation": [
      [
        0.977741241,
        -0.127437174,
        -0.166678444
      ],
      [
        0.120675296,
        -0.308301926,
        0.9436034
      ],
      [
        -0.171637446,
        -0.9427139,
        -0.286061019
      ]
    ],
    "translation": [
      2.09243345,
      0.9407168,
      -0.651293933
    ]
  },
  {
    "timeStamp": 39368,
    "rotation": [
      [
        0.9778685,
        -0.115678087,
        -0.174332276
      ],
      [
        0.1403481,
        -0.255271435,
        0.9566289
      ],
      [
        -0.155163065,
        -0.9599245,
        -0.23338668
      ]
    ],
    "translation": [
      2.11273384,
      0.9268068,
      -0.673330247
    ]
  },
  {
    "timeStamp": 39412,
    "rotation": [
      [
        0.9784655,
        -0.102310471,
        -0.179270372
      ],
      [
        0.1533305,
        -0.221168518,
        0.9631066
      ],
      [
        -0.138184831,
        -0.9698542,
        -0.200718433
      ]
    ],
    "translation": [
      2.12584567,
      0.91708523,
      -0.6911857
    ]
  },
  {
    "timeStamp": 39468,
    "rotation": [
      [
        0.983701,
        -0.123218738,
        -0.130956218
      ],
      [
        0.106410407,
        -0.188154131,
        0.976357937
      ],
      [
        -0.144945562,
        -0.974379361,
        -0.171975642
      ]
    ],
    "translation": [
      2.134893,
      0.90931046,
      -0.712053657
    ]
  },
  {
    "timeStamp": 39512,
    "rotation": [
      [
        0.9865871,
        -0.123585969,
        -0.10664124
      ],
      [
        0.08482454,
        -0.170017734,
        0.98178345
      ],
      [
        -0.13946557,
        -0.9776607,
        -0.157254189
      ]
    ],
    "translation": [
      2.14119959,
      0.9044502,
      -0.728802443
    ]
  },
  {
    "timeStamp": 39568,
    "rotation": [
      [
        0.984790564,
        -0.156255767,
        -0.07597194
      ],
      [
        0.0530393571,
        -0.146022543,
        0.9878584
      ],
      [
        -0.165452182,
        -0.976863146,
        -0.135513917
      ]
    ],
    "translation": [
      2.15286922,
      0.897321343,
      -0.748168468
    ]
  },
  {
    "timeStamp": 39612,
    "rotation": [
      [
        0.983383656,
        -0.1700874,
        -0.06345838
      ],
      [
        0.0427251421,
        -0.122899882,
        0.991498947
      ],
      [
        -0.1764405,
        -0.977735162,
        -0.113590717
      ]
    ],
    "translation": [
      2.16051745,
      0.8892561,
      -0.763205349
    ]
  },
  {
    "timeStamp": 39668,
    "rotation": [
      [
        0.98179847,
        -0.170054644,
        -0.0845758
      ],
      [
        0.06812062,
        -0.100381985,
        0.992614269
      ],
      [
        -0.177288517,
        -0.980308533,
        -0.08697066
      ]
    ],
    "translation": [
      2.17222881,
      0.879048467,
      -0.778472245
    ]
  },
  {
    "timeStamp": 39713,
    "rotation": [
      [
        0.982646942,
        -0.172600016,
        -0.06792803
      ],
      [
        0.05495209,
        -0.0788812339,
        0.9953683
      ],
      [
        -0.1771588,
        -0.9818284,
        -0.0680276752
      ]
    ],
    "translation": [
      2.17606235,
      0.8722736,
      -0.787322164
    ]
  },
  {
    "timeStamp": 39764,
    "rotation": [
      [
        0.9834082,
        -0.169041336,
        -0.06582715
      ],
      [
        0.0547467358,
        -0.06939778,
        0.9960857
      ],
      [
        -0.172947928,
        -0.9831627,
        -0.0589918867
      ]
    ],
    "translation": [
      2.17827773,
      0.8675934,
      -0.792253852
    ]
  },
  {
    "timeStamp": 39815,
    "rotation": [
      [
        0.9835548,
        -0.172024831,
        -0.05502182
      ],
      [
        0.04426674,
        -0.06574607,
        0.996854
      ],
      [
        -0.1751011,
        -0.982896149,
        -0.0570498779
      ]
    ],
    "translation": [
      2.18067813,
      0.860798,
      -0.7952643
    ]
  },
  {
    "timeStamp": 39871,
    "rotation": [
      [
        0.985283,
        -0.162801653,
        -0.05208737
      ],
      [
        0.0452321321,
        -0.04553712,
        0.9979381
      ],
      [
        -0.164837867,
        -0.985607445,
        -0.03750309
      ]
    ],
    "translation": [
      2.18259287,
      0.8524357,
      -0.800054848
    ]
  },
  {
    "timeStamp": 39915,
    "rotation": [
      [
        0.985264063,
        -0.166905358,
        -0.0373811871
      ],
      [
        0.0307282787,
        -0.0422673374,
        0.9986337
      ],
      [
        -0.168257326,
        -0.985066533,
        -0.0365157723
      ]
    ],
    "translation": [
      2.18208551,
      0.8489393,
      -0.801323354
    ]
  },
  {
    "timeStamp": 39971,
    "rotation": [
      [
        0.9872413,
        -0.155386537,
        -0.03477982
      ],
      [
        0.0303195119,
        -0.03098371,
        0.9990599
      ],
      [
        -0.156318083,
        -0.987367749,
        -0.0258771554
      ]
    ],
    "translation": [
      2.181351,
      0.844667852,
      -0.8042384
    ]
  },
  {
    "timeStamp": 40015,
    "rotation": [
      [
        0.987389565,
        -0.154552519,
        -0.0342847928
      ],
      [
        0.0303818639,
        -0.0275454279,
        0.99915874
      ],
      [
        -0.1553669,
        -0.9876005,
        -0.0225024726
      ]
    ],
    "translation": [
      2.181972,
      0.8420501,
      -0.805954039
    ]
  },
  {
    "timeStamp": 40071,
    "rotation": [
      [
        0.9876274,
        -0.1531166,
        -0.03387409
      ],
      [
        0.0304048657,
        -0.0249431152,
        0.9992264
      ],
      [
        -0.153843075,
        -0.9878933,
        -0.019979015
      ]
    ],
    "translation": [
      2.1821084,
      0.8393946,
      -0.808357
    ]
  },
  {
    "timeStamp": 40115,
    "rotation": [
      [
        0.988411844,
        -0.148169234,
        -0.03298428
      ],
      [
        0.0310365949,
        -0.0154385427,
        0.999399
      ],
      [
        -0.148589417,
        -0.988841534,
        -0.01066097
      ]
    ],
    "translation": [
      2.181709,
      0.836145639,
      -0.811286
    ]
  },
  {
    "timeStamp": 40171,
    "rotation": [
      [
        0.988202035,
        -0.150086552,
        -0.030508481
      ],
      [
        0.0289731566,
        -0.0124061126,
        0.9995032
      ],
      [
        -0.150390476,
        -0.988595,
        -0.007911265
      ]
    ],
    "translation": [
      2.18107271,
      0.83246243,
      -0.812488139
    ]
  },
  {
    "timeStamp": 40216,
    "rotation": [
      [
        0.988530755,
        -0.146962166,
        -0.03477255
      ],
      [
        0.03439365,
        -0.00511928136,
        0.999395251
      ],
      [
        -0.1470513,
        -0.9891289,
        -6.00185058E-06
      ]
    ],
    "translation": [
      2.18030047,
      0.8294021,
      -0.8138128
    ]
  },
  {
    "timeStamp": 40262,
    "rotation": [
      [
        0.987027943,
        -0.153315112,
        -0.047648225
      ],
      [
        0.04672987,
        -0.0095900055,
        0.998861551
      ],
      [
        -0.153597519,
        -0.9881308,
        -0.00230120867
      ]
    ],
    "translation": [
      2.18169618,
      0.828355968,
      -0.814040959
    ]
  }
]