[
  {
    "timeStamp": 12186,
    "rotation": [
      [
        0.008545698,
        0.9999519,
        -0.00480996352
      ],
      [
        0.09158847,
        0.00400721328,
        0.9957889
      ],
      [
        0.995760262,
        -0.008950249,
        -0.0915498137
      ]
    ],
    "translation": [
      1.77031589,
      0.6996888,
      -0.483132184
    ]
  },
  {
    "timeStamp": 12230,
    "rotation": [
      [
        0.01727259,
        0.999736369,
        0.0151283331
      ],
      [
        0.169316471,
        -0.0178367011,
        0.9854003
      ],
      [
        0.9854104,
        -0.0144589394,
        -0.169579923
      ]
    ],
    "translation": [
      1.76601124,
      0.706658244,
      -0.464779019
    ]
  },
  {
    "timeStamp": 12285,
    "rotation": [
      [
        0.0402513929,
        0.9981995,
        0.0444687642
      ],
      [
        0.174348161,
        -0.0508385748,
        0.983370841
      ],
      [
        0.983861,
        -0.03182901,
        -0.176080585
      ]
    ],
    "translation": [
      1.75955808,
      0.72254324,
      -0.464534521
    ]
  },
  {
    "timeStamp": 12341,
    "rotation": [
      [
        0.07409206,
        0.995697737,
        0.05564506
      ],
      [
        0.190550372,
        -0.06890549,
        0.979256153
      ],
      [
        0.9788774,
        -0.0619519278,
        -0.194835931
      ]
    ],
    "translation": [
      1.75883245,
      0.7471252,
      -0.463901
    ]
  },
  {
    "timeStamp": 12386,
    "rotation": [
      [
        0.118214555,
        0.9908368,
        0.06532845
      ],
      [
        0.189798579,
        -0.08712324,
        0.9779499
      ],
      [
        0.974680364,
        -0.103208669,
        -0.19835864
      ]
    ],
    "translation": [
      1.76254642,
      0.7706244,
      -0.470006078
    ]
  },
  {
    "timeStamp": 12441,
    "rotation": [
      [
        0.230867967,
        0.9670159,
        0.107610948
      ],
      [
        0.1557362,
        -0.145898923,
        0.976964533
      ],
      [
        0.960440636,
        -0.208790883,
        -0.184282765
      ]
    ],
    "translation": [
      1.76308572,
      0.80371356,
      -0.486057222
    ]
  },
  {
    "timeStamp": 12486,
    "rotation": [
      [
        0.325405747,
        0.936191261,
        0.132879674
      ],
      [
        0.13916488,
        -0.186414033,
        0.9725651
      ],
      [
        0.9352776,
        -0.2979861,
        -0.190945148
      ]
    ],
    "translation": [
      1.77124822,
      0.8295649,
      -0.497820675
    ]
  },
  {
    "timeStamp": 12530,
    "rotation": [
      [
        0.40194115,
        0.90107125,
        0.162830666
      ],
      [
        0.132022247,
        -0.2329985,
        0.963473856
      ],
      [
        0.9060979,
        -0.365762532,
        -0.21261315
      ]
    ],
    "translation": [
      1.78129089,
      0.8543453,
      -0.510183334
    ]
  },
  {
    "timeStamp": 12585,
    "rotation": [
      [
        0.5043186,
        0.8392701,
        0.203195542
      ],
      [
        0.1025888,
        -0.2918772,
        0.9509381
      ],
      [
        0.857402,
        -0.458730161,
        -0.233298823
      ]
    ],
    "translation": [
      1.80164516,
      0.884454846,
      -0.53051126
    ]
  },
  {
    "timeStamp": 12641,
    "rotation": [
      [
        0.58187,
        0.7866282,
        0.206502661
      ],
      [
        0.09593076,
        -0.318525434,
        0.943047643
      ],
      [
        0.8076042,
        -0.5289212,
        -0.260802239
      ]
    ],
    "translation": [
      1.83369088,
      0.908899069,
      -0.5499692
    ]
  },
  {
    "timeStamp": 12685,
    "rotation": [
      [
        0.6498366,
        0.7309741,
        0.208300978
      ],
      [
        0.0881913,
        -0.344716251,
        0.934555
      ],
      [
        0.7549402,
        -0.5889377,
        -0.2884748
      ]
    ],
    "translation": [
      1.86377168,
      0.926317453,
      -0.564347267
    ]
  },
  {
    "timeStamp": 12741,
    "rotation": [
      [
        0.7220391,
        0.6612196,
        0.203588262
      ],
      [
        0.07315362,
        -0.3655811,
        0.9279003
      ],
      [
        0.6879739,
        -0.6550871,
        -0.312334448
      ]
    ],
    "translation": [
      1.903238,
      0.9457055,
      -0.5826833
    ]
  },
  {
    "timeStamp": 12785,
    "rotation": [
      [
        0.7719288,
        0.6092206,
        0.181593537
      ],
      [
        0.07772129,
        -0.3739552,
        0.924184442
      ],
      [
        0.6309401,
        -0.6992909,
        -0.336016178
      ]
    ],
    "translation": [
      1.93950522,
      0.9588702,
      -0.596532762
    ]
  },
  {
    "timeStamp": 12841,
    "rotation": [
      [
        0.8363413,
        0.520180464,
        0.173047587
      ],
      [
        0.0568106771,
        -0.3961988,
        0.9164055
      ],
      [
        0.545257449,
        -0.756596863,
        -0.360909253
      ]
    ],
    "translation": [
      1.981764,
      0.975345433,
      -0.6106615
    ]
  },
  {
    "timeStamp": 12886,
    "rotation": [
      [
        0.8735157,
        0.4713935,
        0.121484287
      ],
      [
        0.079209134,
        -0.383870274,
        0.919983447
      ],
      [
        0.4803084,
        -0.793997347,
        -0.372655421
      ]
    ],
    "translation": [
      2.02216125,
      0.980954468,
      -0.6229186
    ]
  },
  {
    "timeStamp": 12941,
    "rotation": [
      [
        0.905451655,
        0.422459543,
        0.0410513356
      ],
      [
        0.106406249,
        -0.319553971,
        0.941574752
      ],
      [
        0.410895348,
        -0.8481823,
        -0.334292978
      ]
    ],
    "translation": [
      2.07679248,
      0.970632255,
      -0.6468912
    ]
  },
  {
    "timeStamp": 12981,
    "rotation": [
      [
        0.919487357,
        0.393015444,
        0.0090520205
      ],
      [
        0.10817726,
        -0.27509132,
        0.9553127
      ],
      [
        0.3779428,
        -0.877418756,
        -0.2954583
      ]
    ],
    "translation": [
      2.10303044,
      0.9584547,
      -0.663160443
    ]
  },
  {
    "timeStamp": 13035,
    "rotation": [
      [
        0.938916564,
        0.3425463,
        -0.0331307761
      ],
      [
        0.09813177,
        -0.174212366,
        0.9798062
      ],
      [
        0.3298572,
        -0.923207462,
        -0.197185546
      ]
    ],
    "translation": [
      2.14411187,
      0.9259011,
      -0.6961058
    ]
  },
  {
    "timeStamp": 13091,
    "rotation": [
      [
        0.950345635,
        0.308004618,
        -0.0444563925
      ],
      [
        0.08445208,
        -0.117762975,
        0.989444137
      ],
      [
        0.299518049,
        -0.9440683,
        -0.137927145
      ]
    ],
    "translation": [
      2.16816163,
      0.8960878,
      -0.717828751
    ]
  },
  {
    "timeStamp": 13135,
    "rotation": [
      [
        0.9633933,
        0.267154,
        -0.0224099178
      ],
      [
        0.051277142,
        -0.101573147,
        0.9935057
      ],
      [
        0.2631428,
        -0.9582858,
        -0.111553773
      ]
    ],
    "translation": [
      2.178367,
      0.8759431,
      -0.724986434
    ]
  },
  {
    "timeStamp": 13180,
    "rotation": [
      [
        0.9686402,
        0.2459177,
        -0.03550665
      ],
      [
        0.0533047579,
        -0.0660982,
        0.9963883
      ],
      [
        0.2426826,
        -0.9670344,
        -0.0771339461
      ]
    ],
    "translation": [
      2.19260931,
      0.855335951,
      -0.735603333
    ]
  },
  {
    "timeStamp": 13235,
    "rotation": [
      [
        0.9678057,
        0.242215455,
        -0.06843799
      ],
      [
        0.08329965,
        -0.051645726,
        0.9951854
      ],
      [
        0.237514764,
        -0.9688469,
        -0.0701594949
      ]
    ],
    "translation": [
      2.21114755,
      0.835332751,
      -0.735533535
    ]
  },
  {
    "timeStamp": 13291,
    "rotation": [
      [
        0.9579593,
        0.27142185,
        -0.0929733962
      ],
      [
        0.104282565,
        -0.027512027,
        0.9941671
      ],
      [
        0.267280757,
        -0.9620671,
        -0.05465997
      ]
    ],
    "translation": [
      2.2233212,
      0.818894,
      -0.73701185
    ]
  },
  {
    "timeStamp": 13335,
    "rotation": [
      [
        0.901418,
        0.3805624,
        -0.206440747
      ],
      [
        0.219577774,
        0.009098214,
        0.975552559
      ],
      [
        0.373136848,
        -0.924710453,
        -0.07536175
      ]
    ],
    "translation": [
      2.245715,
      0.8114686,
      -0.7319211
    ]
  },
  {
    "timeStamp": 13391,
    "rotation": [
      [
        0.8050879,
        0.5601904,
        -0.194987983
      ],
      [
        0.233954579,
        0.00218163,
        0.9722451
      ],
      [
        0.5450677,
        -0.8283611,
        -0.12930268
      ]
    ],
    "translation": [
      2.23977566,
      0.8048316,
      -0.7193074
    ]
  },
  {
    "timeStamp": 13437,
    "rotation": [
      [
        0.708489656,
        0.6601839,
        -0.249398634
      ],
      [
        0.2943524,
        0.0447488539,
        0.954648733
      ],
      [
        0.641404033,
        -0.7497698,
        -0.162622616
      ]
    ],
    "translation": [
      2.25128627,
      0.798853755,
      -0.7135576
    ]
  },
  {
    "timeStamp": 13482,
    "rotation": [
      [
        0.6051324,
        0.774757862,
        -0.183207735
      ],
      [
        0.285417736,
        0.003704437,
        0.9583961
      ],
      [
        0.7432036,
        -0.6322472,
        -0.21888797
      ]
    ],
    "translation": [
      2.23864079,
      0.792203069,
      -0.703950047
    ]
  },
  {
    "timeStamp": 13539,
    "rotation": [
      [
        0.4343889,
        0.882013,
        -0.18264541
      ],
      [
        0.3236554,
        0.0363876559,
        0.9454751
      ],
      [
        0.8405674,
        -0.469818026,
        -0.269661874
      ]
    ],
    "translation": [
      2.24032378,
      0.782758355,
      -0.6969339
    ]
  },
  {
    "timeStamp": 13585,
    "rotation": [
      [
        0.304523647,
        0.9305778,
        -0.203200087
      ],
      [
        0.329370737,
        0.09729351,
        0.9391746
      ],
      [
        0.893745065,
        -0.352929026,
        -0.276876926
      ]
    ],
    "translation": [
      2.25220823,
      0.77396214,
      -0.696194
    ]
  },
  {
    "timeStamp": 13640,
    "rotation": [
      [
        0.209822848,
        0.963751554,
        -0.164794624
      ],
      [
        0.338117272,
        0.0866258,
        0.9371087
      ],
      [
        0.91741544,
        -0.252346724,
        -0.307685
      ]
    ],
    "translation": [
      2.24886847,
      0.7686973,
      -0.6897371
    ]
  },
  {
    "timeStamp": 13685,
    "rotation": [
      [
        0.145045668,
        0.974184334,
        -0.172993
      ],
      [
        0.330347478,
        0.117127225,
        0.9365638
      ],
      [
        0.932648,
        -0.19299233,
        -0.304830521
      ]
    ],
    "translation": [
      2.25549626,
      0.7628333,
      -0.6908035
    ]
  },
  {
    "timeStamp": 13740,
    "rotation": [
      [
        0.090379335,
        0.9815642,
        -0.168413922
      ],
      [
        0.33399722,
        0.129438534,
        0.933644235
      ],
      [
        0.938231051,
        -0.140631914,
        -0.3161412
      ]
    ],
    "translation": [
      2.26038337,
      0.7594578,
      -0.6846623
    ]
  },
  {
    "timeStamp": 13785,
    "rotation": [
      [
        0.07216162,
        0.984711647,
        -0.158542439
      ],
      [
        0.326210618,
        0.126913279,
        0.936738849
      ],
      [
        0.9425388,
        -0.119314812,
        -0.3120651
      ]
    ],
    "translation": [
      2.26200414,
      0.7589696,
      -0.681250632
    ]
  },
  {
    "timeStamp": 13840,
    "rotation": [
      [
        0.0612440519,
        0.986864,
        -0.149494871
      ],
      [
        0.312028557,
        0.123339348,
        0.9420327
      ],
      [
        0.948096752,
        -0.104340561,
        -0.300375938
      ]
    ],
    "translation": [
      2.264234,
      0.7572796,
      -0.6784535
    ]
  },
  {
    "timeStamp": 13885,
    "rotation": [
      [
        0.07443858,
        0.988372862,
        -0.132582173
      ],
      [
        0.298182249,
        0.104808025,
        0.9487374
      ],
      [
        0.9516019,
        -0.110156313,
        -0.286913484
      ]
    ],
    "translation": [
      2.262963,
      0.757820249,
      -0.6753499
    ]
  },
  {
    "timeStamp": 13940,
    "rotation": [
      [
        0.09018254,
        0.9897308,
        -0.110905811
      ],
      [
        0.2711749,
        0.082749486,
        0.9589665
      ],
      [
        0.958296061,
        -0.1165569,
        -0.2609276
      ]
    ],
    "translation": [
      2.259291,
      0.756677151,
      -0.676119566
    ]
  },
  {
    "timeStamp": 13985,
    "rotation": [
      [
        0.08663911,
        0.9899678,
        -0.111612409
      ],
      [
        0.239700586,
        0.08802788,
        0.966847837
      ],
      [
        0.966973245,
        -0.110520393,
        -0.229669213
      ]
    ],
    "translation": [
      2.26162577,
      0.7560789,
      -0.6783129
    ]
  },
  {
    "timeStamp": 14041,
    "rotation": [
      [
        0.147172734,
        0.9859875,
        -0.07854224
      ],
      [
        0.208232686,
        0.0467415638,
        0.9769618
      ],
      [
        0.966943264,
        -0.1601372,
        -0.198435724
      ]
    ],
    "translation": [
      2.254716,
      0.756213546,
      -0.678760052
    ]
  },
  {
    "timeStamp": 14085,
    "rotation": [
      [
        0.174715549,
        0.9822764,
        -0.06787892
      ],
      [
        0.18809171,
        0.0343732,
        0.9815498
      ],
      [
        0.9664864,
        -0.184259474,
        -0.178752512
      ]
    ],
    "translation": [
      2.25353837,
      0.7569007,
      -0.6789257
    ]
  },
  {
    "timeStamp": 14140,
    "rotation": [
      [
        0.26980412,
        0.9628468,
        -0.01148087
      ],
      [
        0.1143543,
        -0.0202005785,
        0.993234634
      ],
      [
        0.9561009,
        -0.269291669,
        -0.11555586
      ]
    ],
    "translation": [
      2.23883867,
      0.7610366,
      -0.6892796
    ]
  },
  {
    "timeStamp": 14185,
    "rotation": [
      [
        0.330227733,
        0.9437106,
        0.0189724248
      ],
      [
        0.04066443,
        -0.0343050919,
        0.9985838
      ],
      [
        0.943025,
        -0.328988552,
        -0.0497039445
      ]
    ],
    "translation": [
      2.22954416,
      0.766781449,
      -0.701716661
    ]
  },
  {
    "timeStamp": 14240,
    "rotation": [
      [
        0.426494539,
        0.9044902,
        0.000126421291
      ],
      [
        -0.0295209717,
        0.0137803368,
        0.999469161
      ],
      [
        0.904008269,
        -0.4262719,
        0.0325786658
      ]
    ],
    "translation": [
      2.22988749,
      0.7707594,
      -0.7221422
    ]
  },
  {
    "timeStamp": 14285,
    "rotation": [
      [
        0.524497449,
        0.8511758,
        -0.0200586785
      ],
      [
        -0.0374187268,
        0.0465812944,
        0.9982134
      ],
      [
        0.8505894,
        -0.5228098,
        0.0562816821
      ]
    ],
    "translation": [
      2.23177981,
      0.7717183,
      -0.727275848
    ]
  },
  {
    "timeStamp": 14340,
    "rotation": [
      [
        0.637566447,
        0.76910156,
        -0.0446298458
      ],
      [
        -0.0520136,
        0.100772209,
        0.993549
      ],
      [
        0.7686375,
        -0.6311322,
        0.104252726
      ]
    ],
    "translation": [
      2.23725772,
      0.773790538,
      -0.742168546
    ]
  },
  {
    "timeStamp": 14385,
    "rotation": [
      [
        0.698447,
        0.7155149,
        -0.0144973518
      ],
      [
        -0.05518421,
        0.07404269,
        0.995727062
      ],
      [
        0.713530958,
        -0.6946626,
        0.0912000239
      ]
    ],
    "translation": [
      2.23070264,
      0.7769519,
      -0.742893338
    ]
  },
  {
    "timeStamp": 14440,
    "rotation": [
      [
        0.822045743,
        0.563957334,
        0.07869543
      ],
      [
        -0.08945666,
        -0.008581402,
        0.995953739
      ],
      [
        0.56235075,
        -0.825759351,
        0.0433954336
      ]
    ],
    "translation": [
      2.20898,
      0.782177567,
      -0.7293099
    ]
  },
  {
    "timeStamp": 14485,
    "rotation": [
      [
        0.8711704,
        0.4860361,
        0.06950531
      ],
      [
        -0.06640143,
        -0.0236309543,
        0.9975131
      ],
      [
        0.486469865,
        -0.8736192,
        0.0116869025
      ]
    ],
    "translation": [
      2.212447,
      0.781859,
      -0.722040057
    ]
  },
  {
    "timeStamp": 14540,
    "rotation": [
      [
        0.9179022,
        0.3965263,
        -0.0149138579
      ],
      [
        0.0197357964,
        -0.008082857,
        0.999772549
      ],
      [
        0.396315575,
        -0.917987764,
        -0.0152450353
      ]
    ],
    "translation": [
      2.237755,
      0.772891045,
      -0.719578266
    ]
  },
  {
    "timeStamp": 14584,
    "rotation": [
      [
        0.937188864,
        0.34882167,
        -0.000688427
      ],
      [
        -0.00153939135,
        0.006109465,
        0.999980152
      ],
      [
        0.348818958,
        -0.937169254,
        0.00626269542
      ]
    ],
    "translation": [
      2.2373445,
      0.767128646,
      -0.7277559
    ]
  },
  {
    "timeStamp": 14640,
    "rotation": [
      [
        0.953397453,
        0.301165879,
        -0.0182334315
      ],
      [
        0.0102449739,
        0.0280833617,
        0.9995531
      ],
      [
        0.301543325,
        -0.95315814,
        0.02368917
      ]
    ],
    "translation": [
      2.24532819,
      0.760584,
      -0.7370218
    ]
  },
  {
    "timeStamp": 14684,
    "rotation": [
      [
        0.956702948,
        0.289262861,
        -0.0323493369
      ],
      [
        0.0197040569,
        0.046522025,
        0.9987229
      ],
      [
        0.2903984,
        -0.9561186,
        0.0388081074
      ]
    ],
    "translation": [
      2.24952459,
      0.754604161,
      -0.7445166
    ]
  },
  {
    "timeStamp": 14740,
    "rotation": [
      [
        0.9716939,
        0.2322762,
        -0.0431142338
      ],
      [
        0.0377218,
        0.0276096147,
        0.9989068
      ],
      [
        0.233212635,
        -0.972258,
        0.0180662163
      ]
    ],
    "translation": [
      2.25623369,
      0.7497466,
      -0.7394908
    ]
  },
  {
    "timeStamp": 14784,
    "rotation": [
      [
        0.9779556,
        0.20087038,
        -0.0570439063
      ],
      [
        0.0532697849,
        0.02414876,
        0.9982881
      ],
      [
        0.201904073,
        -0.979320168,
        0.0129160928
      ]
    ],
    "translation": [
      2.26311517,
      0.7446915,
      -0.7381021
    ]
  },
  {
    "timeStamp": 14840,
    "rotation": [
      [
        0.988430858,
        0.141810358,
        -0.0537992567
      ],
      [
        0.055745203,
        -0.00978244,
        0.9983971
      ],
      [
        0.141056776,
        -0.9898455,
        -0.0175745115
      ]
    ],
    "translation": [
      2.265513,
      0.7431689,
      -0.727293134
    ]
  },
  {
    "timeStamp": 14884,
    "rotation": [
      [
        0.9906829,
        0.127130762,
        -0.0488381237
      ],
      [
        0.0503911637,
        -0.009026741,
        0.998688757
      ],
      [
        0.126523212,
        -0.9918449,
        -0.0153489038
      ]
    ],
    "translation": [
      2.2658174,
      0.741212,
      -0.7260209
    ]
  },
  {
    "timeStamp": 14940,
    "rotation": [
      [
        0.993898451,
        0.101255007,
        -0.0437406823
      ],
      [
        0.04509328,
        -0.0111071691,
        0.998921037
      ],
      [
        0.100659922,
        -0.9947985,
        -0.0156053193
      ]
    ],
    "translation": [
      2.26526356,
      0.739625,
      -0.722163439
    ]
  },
  {
    "timeStamp": 14985,
    "rotation": [
      [
        0.99419,
        0.09363763,
        -0.05308679
      ],
      [
        0.05358908,
        -0.00285603665,
        0.998559
      ],
      [
        0.09335108,
        -0.99560225,
        -0.007857397
      ]
    ],
    "translation": [
      2.267039,
      0.7372974,
      -0.7211202
    ]
  },
  {
    "timeStamp": 15040,
    "rotation": [
      [
        0.995217443,
        0.08390063,
        -0.0500301
      ],
      [
        0.04993002,
        0.00329199363,
        0.9987473
      ],
      [
        0.08396023,
        -0.9964687,
        -0.000912910851
      ]
    ],
    "translation": [
      2.26594329,
      0.7349893,
      -0.720063031
    ]
  },
  {
    "timeStamp": 15085,
    "rotation": [
      [
        0.9957322,
        0.06925771,
        -0.06099822
      ],
      [
        0.0609516948,
        0.00278674345,
        0.9981368
      ],
      [
        0.06929865,
        -0.997594953,
        -0.00144652429
      ]
    ],
    "translation": [
      2.26801658,
      0.7340081,
      -0.7176698
    ]
  },
  {
    "timeStamp": 15140,
    "rotation": [
      [
        0.9961555,
        0.06478106,
        -0.058971867
      ],
      [
        0.05905242,
        0.000672272756,
        0.998254657
      ],
      [
        0.0647076443,
        -0.9978993,
        -0.00315579027
      ]
    ],
    "translation": [
      2.26822853,
      0.733183563,
      -0.7152821
    ]
  },
  {
    "timeStamp": 15184,
    "rotation": [
      [
        0.9963112,
        0.05561014,
        -0.06535721
      ],
      [
        0.0657861158,
        -0.00591543131,
        0.9978162
      ],
      [
        0.05510208,
        -0.998435,
        -0.009551985
      ]
    ],
    "translation": [
      2.26848912,
      0.732564449,
      -0.7122333
    ]
  },
  {
    "timeStamp": 15240,
    "rotation": [
      [
        0.996738255,
        0.04964152,
        -0.06362801
      ],
      [
        0.06421109,
        -0.0102392314,
        0.9978838
      ],
      [
        0.04888496,
        -0.9987146,
        -0.0133933695
      ]
    ],
    "translation": [
      2.26867056,
      0.7313838,
      -0.7094703
    ]
  },
  {
    "timeStamp": 15284,
    "rotation": [
      [
        0.9964217,
        0.05966946,
        -0.0598610565
      ],
      [
        0.06109023,
        -0.0189911872,
        0.997951567
      ],
      [
        0.0584104024,
        -0.9980375,
        -0.0225684512
      ]
    ],
    "translation": [
      2.267975,
      0.72988683,
      -0.706326246
    ]
  },
  {
    "timeStamp": 15340,
    "rotation": [
      [
        0.9967618,
        0.0585828051,
        -0.055081442
      ],
      [
        0.0561338551,
        -0.0164719839,
        0.9982874
      ],
      [
        0.05757518,
        -0.9981466,
        -0.0197071228
      ]
    ],
    "translation": [
      2.26657534,
      0.7280955,
      -0.7065325
    ]
  },
  {
    "timeStamp": 15384,
    "rotation": [
      [
        0.9970344,
        0.0559641346,
        -0.0528239049
      ],
      [
        0.053782355,
        -0.0157597028,
        0.9984283
      ],
      [
        0.05504367,
        -0.998308361,
        -0.018722849
      ]
    ],
    "translation": [
      2.264715,
      0.7265572,
      -0.7057196
    ]
  },
  {
    "timeStamp": 15440,
    "rotation": [
      [
        0.9973392,
        0.050679557,
        -0.0524034053
      ],
      [
        0.05335599,
        -0.01762876,
        0.99841994
      ],
      [
        0.049675677,
        -0.998559356,
        -0.02028591
      ]
    ],
    "translation": [
      2.2641325,
      0.7246121,
      -0.704104
    ]
  },
  {
    "timeStamp": 15484,
    "rotation": [
      [
        0.9970771,
        0.049303744,
        -0.05836406
      ],
      [
        0.0590820536,
        -0.0132317934,
        0.9981654
      ],
      [
        0.04844103,
        -0.9986962,
        -0.0161060859
      ]
    ],
    "translation": [
      2.2665565,
      0.7229087,
      -0.7049027
    ]
  },
  {
    "timeStamp": 15539,
    "rotation": [
      [
        0.997242153,
        0.0468908548,
        -0.0575259477
      ],
      [
        0.0581930541,
        -0.0129869105,
        0.998220861
      ],
      [
        0.04606034,
        -0.9988156,
        -0.0156798176
      ]
    ],
    "translation": [
      2.26707053,
      0.722766638,
      -0.7043264
    ]
  },
  {
    "timeStamp": 15584,
    "rotation": [
      [
        0.9973366,
        0.0467132628,
        -0.0560134947
      ],
      [
        0.0564339161,
        -0.0077291443,
        0.9983764
      ],
      [
        0.046204485,
        -0.9988784,
        -0.0103447707
      ]
    ],
    "translation": [
      2.26706481,
      0.7224479,
      -0.704334855
    ]
  },
  {
    "timeStamp": 15639,
    "rotation": [
      [
        0.9971081,
        0.0472168028,
        -0.0595474765
      ],
      [
        0.0599192753,
        -0.00649709255,
        0.998182058
      ],
      [
        0.0467440747,
        -0.9988635,
        -0.009307501
      ]
    ],
    "translation": [
      2.26706076,
      0.722157836,
      -0.70439446
    ]
  }
]