[
  {
    "timeStamp": 17550,
    "rotation": [
      [
        0.0909491,
        0.995806336,
        -0.009897334
      ],
      [
        -0.004667398,
        0.0103646554,
        0.9999354
      ],
      [
        0.9958446,
        -0.09089703,
        0.00559048075
      ]
    ],
    "translation": [
      1.15344191,
      0.7019539,
      -0.35855934
    ]
  },
  {
    "timeStamp": 17594,
    "rotation": [
      [
        0.100781709,
        0.9944071,
        0.03158263
      ],
      [
        0.0189021863,
        -0.0336523056,
        0.9992548
      ],
      [
        0.994729,
        -0.100109622,
        -0.022188006
      ]
    ],
    "translation": [
      1.14600754,
      0.706557155,
      -0.354036331
    ]
  },
  {
    "timeStamp": 17650,
    "rotation": [
      [
        0.09549352,
        0.990315735,
        0.100775979
      ],
      [
        0.04219764,
        -0.105174929,
        0.993558049
      ],
      [
        0.994535267,
        -0.0906258449,
        -0.051832512
      ]
    ],
    "translation": [
      1.13540483,
      0.729320049,
      -0.353767723
    ]
  },
  {
    "timeStamp": 17694,
    "rotation": [
      [
        0.09346513,
        0.9805205,
        0.172753692
      ],
      [
        0.0464715958,
        -0.177620515,
        0.9830012
      ],
      [
        0.9945374,
        -0.08384818,
        -0.0621676743
      ]
    ],
    "translation": [
      1.13087893,
      0.757738352,
      -0.3611852
    ]
  },
  {
    "timeStamp": 17750,
    "rotation": [
      [
        0.115419924,
        0.9602071,
        0.2543238
      ],
      [
        0.06178833,
        -0.2624794,
        0.9629573
      ],
      [
        0.991393149,
        -0.0954302251,
        -0.08962495
      ]
    ],
    "translation": [
      1.1366514,
      0.799146056,
      -0.3697604
    ]
  },
  {
    "timeStamp": 17794,
    "rotation": [
      [
        0.1451487,
        0.9366891,
        0.318661958
      ],
      [
        0.04307068,
        -0.327749342,
        0.943782449
      ],
      [
        0.9884719,
        -0.1232638,
        -0.08791622
      ]
    ],
    "translation": [
      1.15168965,
      0.8330563,
      -0.384371847
    ]
  },
  {
    "timeStamp": 17850,
    "rotation": [
      [
        0.183712155,
        0.8991423,
        0.397231579
      ],
      [
        -0.002037864,
        -0.403760225,
        0.9148626
      ],
      [
        0.9829779,
        -0.16888088,
        -0.0723433346
      ]
    ],
    "translation": [
      1.18422055,
      0.8727424,
      -0.411601454
    ]
  },
  {
    "timeStamp": 17894,
    "rotation": [
      [
        0.210903883,
        0.875893831,
        0.433969527
      ],
      [
        -0.0112277521,
        -0.441755563,
        0.897065163
      ],
      [
        0.9774423,
        -0.194067031,
        -0.08333364
      ]
    ],
    "translation": [
      1.22143149,
      0.898903668,
      -0.432482481
    ]
  },
  {
    "timeStamp": 17950,
    "rotation": [
      [
        0.262317657,
        0.846378,
        0.463501632
      ],
      [
        -0.03788703,
        -0.470918119,
        0.881363
      ],
      [
        0.9642376,
        -0.248757765,
        -0.09146338
      ]
    ],
    "translation": [
      1.27854037,
      0.922557831,
      -0.4574934
    ]
  },
  {
    "timeStamp": 17994,
    "rotation": [
      [
        0.311187744,
        0.824183762,
        0.473163128
      ],
      [
        -0.0338068642,
        -0.4879684,
        0.8722064
      ],
      [
        0.949746966,
        -0.2874161,
        -0.123986714
      ]
    ],
    "translation": [
      1.33134842,
      0.9379949,
      -0.471052766
    ]
  },
  {
    "timeStamp": 18042,
    "rotation": [
      [
        0.399785966,
        0.7809804,
        0.4798343
      ],
      [
        -0.0550851151,
        -0.502071857,
        0.863069832
      ],
      [
        0.914951861,
        -0.371474922,
        -0.157700866
      ]
    ],
    "translation": [
      1.38952971,
      0.9525488,
      -0.477987558
    ]
  },
  {
    "timeStamp": 18091,
    "rotation": [
      [
        0.5037494,
        0.7190397,
        0.478767663
      ],
      [
        -0.07246512,
        -0.517098248,
        0.852853
      ],
      [
        0.860805035,
        -0.4643181,
        -0.2083826
      ]
    ],
    "translation": [
      1.4678961,
      0.9698938,
      -0.4830315
    ]
  },
  {
    "timeStamp": 18147,
    "rotation": [
      [
        0.6361249,
        0.6360591,
        0.436776727
      ],
      [
        -0.06960946,
        -0.5164596,
        0.8534776
      ],
      [
        0.7684397,
        -0.5733221,
        -0.284257084
      ]
    ],
    "translation": [
      1.5588963,
      0.9825713,
      -0.480586022
    ]
  },
  {
    "timeStamp": 18191,
    "rotation": [
      [
        0.7247092,
        0.5691321,
        0.388439476
      ],
      [
        -0.05417703,
        -0.5149193,
        0.855524957
      ],
      [
        0.686921656,
        -0.6410513,
        -0.34233284
      ]
    ],
    "translation": [
      1.63435888,
      0.9920503,
      -0.482266217
    ]
  },
  {
    "timeStamp": 18247,
    "rotation": [
      [
        0.8238525,
        0.472138584,
        0.313611478
      ],
      [
        -0.0504366234,
        -0.490036875,
        0.870241344
      ],
      [
        0.5645557,
        -0.732768,
        -0.379905045
      ]
    ],
    "translation": [
      1.72931385,
      0.997957,
      -0.4915708
    ]
  },
  {
    "timeStamp": 18291,
    "rotation": [
      [
        0.8889261,
        0.381379724,
        0.253692657
      ],
      [
        -0.0427501425,
        -0.4823583,
        0.8749302
      ],
      [
        0.4560514,
        -0.78859365,
        -0.4124768
      ]
    ],
    "translation": [
      1.80581141,
      1.00419271,
      -0.5006449
    ]
  },
  {
    "timeStamp": 18346,
    "rotation": [
      [
        0.9423122,
        0.2947559,
        0.1586403
      ],
      [
        0.00361570716,
        -0.4828627,
        0.8756886
      ],
      [
        0.334715873,
        -0.824598432,
        -0.456073135
      ]
    ],
    "translation": [
      1.89118576,
      1.01488185,
      -0.517086864
    ]
  },
  {
    "timeStamp": 18391,
    "rotation": [
      [
        0.9635427,
        0.251133323,
        0.09229038
      ],
      [
        0.0354971662,
        -0.461880773,
        0.886231363
      ],
      [
        0.2651894,
        -0.850645661,
        -0.4539564
      ]
    ],
    "translation": [
      1.95238519,
      1.01528025,
      -0.5352078
    ]
  },
  {
    "timeStamp": 18448,
    "rotation": [
      [
        0.9787532,
        0.203506067,
        0.0250478834
      ],
      [
        0.0653395653,
        -0.425349563,
        0.902667463
      ],
      [
        0.194352418,
        -0.8818521,
        -0.429609269
      ]
    ],
    "translation": [
      2.01413679,
      1.00784409,
      -0.5597673
    ]
  },
  {
    "timeStamp": 18492,
    "rotation": [
      [
        0.98528713,
        0.170906037,
        0.000620919862
      ],
      [
        0.06399964,
        -0.37232694,
        0.925892353
      ],
      [
        0.158471778,
        -0.9122301,
        -0.377786875
      ]
    ],
    "translation": [
      2.05239439,
      0.9889474,
      -0.582489431
    ]
  },
  {
    "timeStamp": 18549,
    "rotation": [
      [
        0.9817333,
        0.17465888,
        -0.0754583552
      ],
      [
        0.123789981,
        -0.285182655,
        0.950445652
      ],
      [
        0.144484371,
        -0.942425132,
        -0.301594317
      ]
    ],
    "translation": [
      2.097047,
      0.9560014,
      -0.612213
    ]
  },
  {
    "timeStamp": 18595,
    "rotation": [
      [
        0.98566103,
        0.1479482,
        -0.0811392739
      ],
      [
        0.115756914,
        -0.243006766,
        0.963093
      ],
      [
        0.1227705,
        -0.9586757,
        -0.256648332
      ]
    ],
    "translation": [
      2.1229372,
      0.92900753,
      -0.6321097
    ]
  },
  {
    "timeStamp": 18644,
    "rotation": [
      [
        0.990448,
        0.12762779,
        -0.0521911755
      ],
      [
        0.0749683,
        -0.18076086,
        0.980665743
      ],
      [
        0.1157261,
        -0.9752111,
        -0.188602284
      ]
    ],
    "translation": [
      2.13797045,
      0.891859353,
      -0.6577387
    ]
  },
  {
    "timeStamp": 18700,
    "rotation": [
      [
        0.9874019,
        0.1360731,
        -0.08075688
      ],
      [
        0.09782738,
        -0.12383043,
        0.987469435
      ],
      [
        0.124367893,
        -0.9829294,
        -0.135582075
      ]
    ],
    "translation": [
      2.15989375,
      0.857142031,
      -0.6774579
    ]
  },
  {
    "timeStamp": 18744,
    "rotation": [
      [
        0.992465436,
        0.116847053,
        -0.0368664935
      ],
      [
        0.04878767,
        -0.10086453,
        0.993703246
      ],
      [
        0.112392783,
        -0.988014758,
        -0.105805248
      ]
    ],
    "translation": [
      2.16266227,
      0.833461463,
      -0.6891537
    ]
  },
  {
    "timeStamp": 18800,
    "rotation": [
      [
        0.9900159,
        0.132014975,
        -0.0494015552
      ],
      [
        0.05957356,
        -0.07424577,
        0.995458961
      ],
      [
        0.127747625,
        -0.9884632,
        -0.0813691
      ]
    ],
    "translation": [
      2.17251182,
      0.8091956,
      -0.6982773
    ]
  },
  {
    "timeStamp": 18844,
    "rotation": [
      [
        0.992377758,
        0.118984088,
        -0.03208039
      ],
      [
        0.0406768,
        -0.07053791,
        0.996679366
      ],
      [
        0.116326086,
        -0.9903874,
        -0.07484014
      ]
    ],
    "translation": [
      2.174855,
      0.7949159,
      -0.700265944
    ]
  },
  {
    "timeStamp": 18900,
    "rotation": [
      [
        0.9903297,
        0.130203381,
        -0.0478969626
      ],
      [
        0.05527105,
        -0.053622555,
        0.997030437
      ],
      [
        0.127248362,
        -0.9900362,
        -0.060300488
      ]
    ],
    "translation": [
      2.18187881,
      0.7793045,
      -0.7032123
    ]
  },
  {
    "timeStamp": 18944,
    "rotation": [
      [
        0.9915237,
        0.125096753,
        -0.0350952856
      ],
      [
        0.0416168161,
        -0.0499049425,
        0.997886539
      ],
      [
        0.123080939,
        -0.990888655,
        -0.05468806
      ]
    ],
    "translation": [
      2.18346024,
      0.7703091,
      -0.703968167
    ]
  },
  {
    "timeStamp": 19000,
    "rotation": [
      [
        0.990880549,
        0.126093134,
        -0.0475005955
      ],
      [
        0.0526180454,
        -0.03756732,
        0.9979078
      ],
      [
        0.124044836,
        -0.991306841,
        -0.0438595
      ]
    ],
    "translation": [
      2.1881783,
      0.7623904,
      -0.70477885
    ]
  },
  {
    "timeStamp": 19045,
    "rotation": [
      [
        0.9911462,
        0.119730085,
        -0.0573920049
      ],
      [
        0.06167341,
        -0.03236226,
        0.9975716
      ],
      [
        0.117581993,
        -0.9922789,
        -0.0394599
      ]
    ],
    "translation": [
      2.19451237,
      0.7575986,
      -0.705825
    ]
  },
  {
    "timeStamp": 19091,
    "rotation": [
      [
        0.9925998,
        0.104637362,
        -0.0616174974
      ],
      [
        0.06497331,
        -0.0289677642,
        0.997466445
      ],
      [
        0.102587327,
        -0.9940885,
        -0.0355520323
      ]
    ],
    "translation": [
      2.2004,
      0.7540548,
      -0.7062167
    ]
  },
  {
    "timeStamp": 19148,
    "rotation": [
      [
        0.993793547,
        0.09557327,
        -0.05692294
      ],
      [
        0.05935747,
        -0.0228238683,
        0.9979758
      ],
      [
        0.0940806046,
        -0.9951607,
        -0.0283552
      ]
    ],
    "translation": [
      2.20340776,
      0.748549044,
      -0.707726061
    ]
  },
  {
    "timeStamp": 19193,
    "rotation": [
      [
        0.9936997,
        0.0921660438,
        -0.06376754
      ],
      [
        0.0663944855,
        -0.0257197861,
        0.9974619
      ],
      [
        0.09029204,
        -0.995411456,
        -0.03167706
      ]
    ],
    "translation": [
      2.20617557,
      0.7463609,
      -0.7058197
    ]
  },
  {
    "timeStamp": 19249,
    "rotation": [
      [
        0.993978262,
        0.08514565,
        -0.06897393
      ],
      [
        0.07141363,
        -0.0259442758,
        0.9971093
      ],
      [
        0.08311003,
        -0.9960307,
        -0.0318686068
      ]
    ],
    "translation": [
      2.2095108,
      0.7414695,
      -0.704900265
    ]
  },
  {
    "timeStamp": 19294,
    "rotation": [
      [
        0.993774056,
        0.08399612,
        -0.07319661
      ],
      [
        0.0754928738,
        -0.0244909246,
        0.996845543
      ],
      [
        0.08193851,
        -0.996165037,
        -0.0306795556
      ]
    ],
    "translation": [
      2.21132946,
      0.738314033,
      -0.703122
    ]
  },
  {
    "timeStamp": 19349,
    "rotation": [
      [
        0.9928597,
        0.0818203539,
        -0.08680451
      ],
      [
        0.08868175,
        -0.0195888225,
        0.9958674
      ],
      [
        0.07978182,
        -0.9964546,
        -0.026704926
      ]
    ],
    "translation": [
      2.21531582,
      0.7342266,
      -0.702298939
    ]
  },
  {
    "timeStamp": 19393,
    "rotation": [
      [
        0.993580937,
        0.0753926039,
        -0.08433755
      ],
      [
        0.0852557,
        -0.009038091,
        0.9963181
      ],
      [
        0.07435276,
        -0.99711293,
        -0.0154077234
      ]
    ],
    "translation": [
      2.21593523,
      0.730011344,
      -0.703992844
    ]
  },
  {
    "timeStamp": 19449,
    "rotation": [
      [
        0.9923765,
        0.06945303,
        -0.101809129
      ],
      [
        0.10223534,
        -0.00260067452,
        0.9947568
      ],
      [
        0.068824105,
        -0.9975818,
        -0.009681403
      ]
    ],
    "translation": [
      2.219844,
      0.7259619,
      -0.70471555
    ]
  },
  {
    "timeStamp": 19493,
    "rotation": [
      [
        0.9923622,
        0.06590759,
        -0.10427516
      ],
      [
        0.104538746,
        -0.000553932739,
        0.994520664
      ],
      [
        0.0654887,
        -0.9978255,
        -0.00743959937
      ]
    ],
    "translation": [
      2.221205,
      0.7230192,
      -0.705190837
    ]
  }
]