[
  {
    "timeStamp": 60186,
    "rotation": [
      [
        0.9395316,
        0.0447290465,
        -0.33952868
      ],
      [
        -0.2885403,
        0.6374009,
        -0.714468
      ],
      [
        0.184458435,
        0.769233,
        0.611764431
      ]
    ],
    "translation": [
      1.48999107,
      0.77486527,
      -0.800131142
    ]
  },
  {
    "timeStamp": 60230,
    "rotation": [
      [
        0.9361819,
        0.09092977,
        -0.339551628
      ],
      [
        -0.314946979,
        0.645979941,
        -0.6953548
      ],
      [
        0.156115085,
        0.7579194,
        0.633392751
      ]
    ],
    "translation": [
      1.48984718,
      0.778214335,
      -0.7955108
    ]
  },
  {
    "timeStamp": 60286,
    "rotation": [
      [
        0.9256267,
        0.121757209,
        -0.358316153
      ],
      [
        -0.349888861,
        0.6361163,
        -0.6877019
      ],
      [
        0.144198075,
        0.761926,
        0.6314077
      ]
    ],
    "translation": [
      1.491658,
      0.7922355,
      -0.7927907
    ]
  },
  {
    "timeStamp": 60330,
    "rotation": [
      [
        0.9105296,
        0.1699813,
        -0.376884937
      ],
      [
        -0.397435248,
        0.6110624,
        -0.684578657
      ],
      [
        0.113934658,
        0.7731165,
        0.623946965
      ]
    ],
    "translation": [
      1.49325335,
      0.811767936,
      -0.78861
    ]
  },
  {
    "timeStamp": 60389,
    "rotation": [
      [
        0.8808559,
        0.266505331,
        -0.391238749
      ],
      [
        -0.47023648,
        0.5877598,
        -0.658343434
      ],
      [
        0.0545023642,
        0.763880432,
        0.6430522
      ]
    ],
    "translation": [
      1.50327158,
      0.84544,
      -0.7763904
    ]
  },
  {
    "timeStamp": 60438,
    "rotation": [
      [
        0.8372064,
        0.3946685,
        -0.3785791
      ],
      [
        -0.5459731,
        0.5631704,
        -0.6202842
      ],
      [
        -0.0316020921,
        0.725999951,
        0.6869682
      ]
    ],
    "translation": [
      1.52297556,
      0.8835335,
      -0.757718
    ]
  },
  {
    "timeStamp": 60483,
    "rotation": [
      [
        0.7943009,
        0.4940638,
        -0.353535056
      ],
      [
        -0.598968148,
        0.539538,
        -0.5917228
      ],
      [
        -0.101603195,
        0.6817622,
        0.724484
      ]
    ],
    "translation": [
      1.54763615,
      0.9142184,
      -0.741262853
    ]
  },
  {
    "timeStamp": 60538,
    "rotation": [
      [
        0.7440343,
        0.5969038,
        -0.300197929
      ],
      [
        -0.6479872,
        0.535132,
        -0.541983664
      ],
      [
        -0.162866592,
        0.597778857,
        0.7849426
      ]
    ],
    "translation": [
      1.58884037,
      0.950083733,
      -0.721937358
    ]
  },
  {
    "timeStamp": 60583,
    "rotation": [
      [
        0.70532614,
        0.6707175,
        -0.229462653
      ],
      [
        -0.674179,
        0.534641564,
        -0.509549856
      ],
      [
        -0.219083726,
        0.51409775,
        0.8292803
      ]
    ],
    "translation": [
      1.63107514,
      0.974017143,
      -0.705493033
    ]
  },
  {
    "timeStamp": 60638,
    "rotation": [
      [
        0.668049,
        0.7330378,
        -0.127929747
      ],
      [
        -0.692981243,
        0.5502453,
        -0.465840161
      ],
      [
        -0.271085739,
        0.399856955,
        0.875572264
      ]
    ],
    "translation": [
      1.69173968,
      0.998998344,
      -0.689698756
    ]
  },
  {
    "timeStamp": 60683,
    "rotation": [
      [
        0.6441496,
        0.763869047,
        -0.0396910422
      ],
      [
        -0.6979736,
        0.5657702,
        -0.4390181
      ],
      [
        -0.312896341,
        0.310496628,
        0.8976011
      ]
    ],
    "translation": [
      1.74549234,
      1.01533413,
      -0.680526853
    ]
  },
  {
    "timeStamp": 60738,
    "rotation": [
      [
        0.6464286,
        0.758888,
        0.07886153
      ],
      [
        -0.6774102,
        0.6184191,
        -0.398338169
      ],
      [
        -0.35106352,
        0.20407559,
        0.9138422
      ]
    ],
    "translation": [
      1.81453788,
      1.02897751,
      -0.675682843
    ]
  },
  {
    "timeStamp": 60783,
    "rotation": [
      [
        0.655656,
        0.7364378,
        0.1666571
      ],
      [
        -0.6471555,
        0.661805,
        -0.378422916
      ],
      [
        -0.388979435,
        0.140262187,
        0.9105062
      ]
    ],
    "translation": [
      1.86909175,
      1.0333842,
      -0.677423239
    ]
  },
  {
    "timeStamp": 60840,
    "rotation": [
      [
        0.653579235,
        0.7049685,
        0.275415182
      ],
      [
        -0.6065997,
        0.7055319,
        -0.36641717
      ],
      [
        -0.452626765,
        0.0724158958,
        0.888754666
      ]
    ],
    "translation": [
      1.93231177,
      1.03023958,
      -0.6844074
    ]
  },
  {
    "timeStamp": 60885,
    "rotation": [
      [
        0.658821344,
        0.671130538,
        0.339909315
      ],
      [
        -0.5693449,
        0.740135849,
        -0.35783422
      ],
      [
        -0.4917325,
        0.0422231853,
        0.869722
      ]
    ],
    "translation": [
      1.97410643,
      1.02123523,
      -0.6948616
    ]
  },
  {
    "timeStamp": 60931,
    "rotation": [
      [
        0.643986344,
        0.6580602,
        0.3901774
      ],
      [
        -0.5475928,
        0.752650261,
        -0.365594923
      ],
      [
        -0.5342506,
        0.02177977,
        0.8450455
      ]
    ],
    "translation": [
      2.0090456,
      1.00843453,
      -0.707036257
    ]
  },
  {
    "timeStamp": 60986,
    "rotation": [
      [
        0.635771334,
        0.6387614,
        0.43333438
      ],
      [
        -0.520702362,
        0.769344151,
        -0.3701062
      ],
      [
        -0.5697928,
        0.009664668,
        0.821731567
      ]
    ],
    "translation": [
      2.039986,
      0.989815,
      -0.7227293
    ]
  },
  {
    "timeStamp": 61041,
    "rotation": [
      [
        0.619430065,
        0.6312412,
        0.466734231
      ],
      [
        -0.5062594,
        0.7755817,
        -0.377060115
      ],
      [
        -0.600006461,
        -0.00272622053,
        0.799990535
      ]
    ],
    "translation": [
      2.06497049,
      0.97031045,
      -0.7359097
    ]
  },
  {
    "timeStamp": 61085,
    "rotation": [
      [
        0.5841555,
        0.637192547,
        0.502740562
      ],
      [
        -0.5120241,
        0.7699129,
        -0.380874544
      ],
      [
        -0.6297569,
        -0.03492534,
        0.776006758
      ]
    ],
    "translation": [
      2.08271742,
      0.9573087,
      -0.7434321
    ]
  },
  {
    "timeStamp": 61136,
    "rotation": [
      [
        0.5568895,
        0.63677454,
        0.5332844
      ],
      [
        -0.505082,
        0.7693279,
        -0.391186237
      ],
      [
        -0.659368038,
        -0.0515049063,
        0.750054
      ]
    ],
    "translation": [
      2.10066342,
      0.941108,
      -0.751159251
    ]
  },
  {
    "timeStamp": 61180,
    "rotation": [
      [
        0.525639236,
        0.644012332,
        0.555834055
      ],
      [
        -0.499950081,
        0.762496531,
        -0.4106689
      ],
      [
        -0.6882974,
        -0.062025588,
        0.7227721
      ]
    ],
    "translation": [
      2.112415,
      0.9279693,
      -0.7555249
    ]
  },
  {
    "timeStamp": 61236,
    "rotation": [
      [
        0.542141438,
        0.643407464,
        0.540471554
      ],
      [
        -0.468102217,
        0.765403569,
        -0.441630661
      ],
      [
        -0.697827339,
        -0.0135696586,
        0.716137469
      ]
    ],
    "translation": [
      2.116154,
      0.910137236,
      -0.761229634
    ]
  },
  {
    "timeStamp": 61280,
    "rotation": [
      [
        0.5599098,
        0.6412229,
        0.524723
      ],
      [
        -0.457620651,
        0.767269254,
        -0.449311972
      ],
      [
        -0.6907129,
        0.01145011,
        0.723038435
      ]
    ],
    "translation": [
      2.11478734,
      0.9015503,
      -0.7651924
    ]
  },
  {
    "timeStamp": 61336,
    "rotation": [
      [
        0.5708617,
        0.653709531,
        0.496770442
      ],
      [
        -0.4460163,
        0.754892647,
        -0.4808395
      ],
      [
        -0.6893377,
        0.0529251471,
        0.7225044
      ]
    ],
    "translation": [
      2.11312556,
      0.891576231,
      -0.7695298
    ]
  },
  {
    "timeStamp": 61391,
    "rotation": [
      [
        0.617203057,
        0.6365773,
        0.462417245
      ],
      [
        -0.4296387,
        0.765036166,
        -0.479718953
      ],
      [
        -0.6591441,
        0.09741164,
        0.745680869
      ]
    ],
    "translation": [
      2.1091454,
      0.8844339,
      -0.7737304
    ]
  },
  {
    "timeStamp": 61436,
    "rotation": [
      [
        0.6428089,
        0.6271102,
        0.4399199
      ],
      [
        -0.413975865,
        0.7675926,
        -0.4893113
      ],
      [
        -0.644531369,
        0.13241744,
        0.7530238
      ]
    ],
    "translation": [
      2.10771418,
      0.87901,
      -0.7762829
    ]
  },
  {
    "timeStamp": 61480,
    "rotation": [
      [
        0.655190647,
        0.6396099,
        0.4020255
      ],
      [
        -0.4228776,
        0.751481354,
        -0.5064093
      ],
      [
        -0.626019061,
        0.161787033,
        0.7628402
      ]
    ],
    "translation": [
      2.106112,
      0.8765288,
      -0.7775804
    ]
  },
  {
    "timeStamp": 61537,
    "rotation": [
      [
        0.7037565,
        0.609806,
        0.3645042
      ],
      [
        -0.401426,
        0.764635265,
        -0.5041726
      ],
      [
        -0.586160243,
        0.208493322,
        0.782909036
      ]
    ],
    "translation": [
      2.10627079,
      0.873838961,
      -0.7776763
    ]
  },
  {
    "timeStamp": 61582,
    "rotation": [
      [
        0.7248463,
        0.6077643,
        0.324377
      ],
      [
        -0.39996627,
        0.7546328,
        -0.5201503
      ],
      [
        -0.560914338,
        0.247289151,
        0.790078
      ]
    ],
    "translation": [
      2.10636377,
      0.8717366,
      -0.7776483
    ]
  },
  {
    "timeStamp": 61639,
    "rotation": [
      [
        0.7600708,
        0.5852782,
        0.282386035
      ],
      [
        -0.383593529,
        0.7548492,
        -0.5320326
      ],
      [
        -0.524545968,
        0.296060979,
        0.798247755
      ]
    ],
    "translation": [
      2.10819125,
      0.8669932,
      -0.77805084
    ]
  },
  {
    "timeStamp": 61685,
    "rotation": [
      [
        0.7852211,
        0.570366859,
        0.2410591
      ],
      [
        -0.375791162,
        0.748354435,
        -0.5465772
      ],
      [
        -0.492147148,
        0.3385961,
        0.801962554
      ]
    ],
    "translation": [
      2.10773778,
      0.8636906,
      -0.778673947
    ]
  },
  {
    "timeStamp": 61740,
    "rotation": [
      [
        0.813918352,
        0.545536458,
        0.199817345
      ],
      [
        -0.358597338,
        0.7423265,
        -0.566002965
      ],
      [
        -0.457104951,
        0.389026254,
        0.7998211
      ]
    ],
    "translation": [
      2.10699558,
      0.857911348,
      -0.7815022
    ]
  },
  {
    "timeStamp": 61785,
    "rotation": [
      [
        0.8332977,
        0.5250538,
        0.173012361
      ],
      [
        -0.345719248,
        0.7391532,
        -0.578040361
      ],
      [
        -0.431384951,
        0.42186603,
        0.797455966
      ]
    ],
    "translation": [
      2.106219,
      0.854813933,
      -0.7831235
    ]
  },
  {
    "timeStamp": 61831,
    "rotation": [
      [
        0.837250948,
        0.5265799,
        0.147392169
      ],
      [
        -0.348468721,
        0.7215263,
        -0.598305345
      ],
      [
        -0.4214029,
        0.449570149,
        0.7875952
      ]
    ],
    "translation": [
      2.10622048,
      0.853765845,
      -0.7849517
    ]
  },
  {
    "timeStamp": 61886,
    "rotation": [
      [
        0.84772265,
        0.514898837,
        0.127457887
      ],
      [
        -0.345243841,
        0.7180112,
        -0.604373
      ],
      [
        -0.40270713,
        0.4683366,
        0.786439955
      ]
    ],
    "translation": [
      2.10626745,
      0.8538638,
      -0.787709236
    ]
  },
  {
    "timeStamp": 61942,
    "rotation": [
      [
        0.851614356,
        0.5085216,
        0.127116933
      ],
      [
        -0.335111469,
        0.7146781,
        -0.6139507
      ],
      [
        -0.4030549,
        0.480250925,
        0.779041648
      ]
    ],
    "translation": [
      2.108104,
      0.8549009,
      -0.7892263
    ]
  },
  {
    "timeStamp": 61985,
    "rotation": [
      [
        0.857844949,
        0.499126554,
        0.122371338
      ],
      [
        -0.3247444,
        0.711041,
        -0.623668
      ],
      [
        -0.3983003,
        0.495271057,
        0.7720515
      ]
    ],
    "translation": [
      2.10824943,
      0.855991662,
      -0.790578
    ]
  },
  {
    "timeStamp": 62041,
    "rotation": [
      [
        0.854854047,
        0.5037272,
        0.124432251
      ],
      [
        -0.326377273,
        0.7084565,
        -0.6257533
      ],
      [
        -0.4033638,
        0.4943159,
        0.770032048
      ]
    ],
    "translation": [
      2.10964417,
      0.859223843,
      -0.792362
    ]
  },
  {
    "timeStamp": 62085,
    "rotation": [
      [
        0.853473544,
        0.5054183,
        0.127024829
      ],
      [
        -0.329072446,
        0.7116772,
        -0.6206665
      ],
      [
        -0.404096872,
        0.487922043,
        0.773716867
      ]
    ],
    "translation": [
      2.11022949,
      0.863529742,
      -0.791784942
    ]
  },
  {
    "timeStamp": 62141,
    "rotation": [
      [
        0.850410759,
        0.5099438,
        0.129456475
      ],
      [
        -0.33428207,
        0.7137237,
        -0.6155112
      ],
      [
        -0.406272233,
        0.480162352,
        0.7774234
      ]
    ],
    "translation": [
      2.11074972,
      0.869464755,
      -0.792174935
    ]
  },
  {
    "timeStamp": 62185,
    "rotation": [
      [
        0.8529153,
        0.507337868,
        0.123059914
      ],
      [
        -0.3304203,
        0.7071228,
        -0.6251398
      ],
      [
        -0.40417555,
        0.49252978,
        0.7707506
      ]
    ],
    "translation": [
      2.10990238,
      0.8715552,
      -0.7937573
    ]
  },
  {
    "timeStamp": 62240,
    "rotation": [
      [
        0.8643928,
        0.489704,
        0.1140836
      ],
      [
        -0.314129323,
        0.7030987,
        -0.637945831
      ],
      [
        -0.392616659,
        0.5155988,
        0.7615839
      ]
    ],
    "translation": [
      2.10829663,
      0.8702954,
      -0.797256768
    ]
  },
  {
    "timeStamp": 62285,
    "rotation": [
      [
        0.870324969,
        0.4809262,
        0.106039926
      ],
      [
        -0.305578977,
        0.6962192,
        -0.6495386
      ],
      [
        -0.386207134,
        0.532906055,
        0.752897859
      ]
    ],
    "translation": [
      2.107211,
      0.8683525,
      -0.7998451
    ]
  },
  {
    "timeStamp": 62340,
    "rotation": [
      [
        0.8786544,
        0.465547323,
        0.105981432
      ],
      [
        -0.291533917,
        0.698906243,
        -0.6530988
      ],
      [
        -0.378119469,
        0.542951,
        0.749819934
      ]
    ],
    "translation": [
      2.10715127,
      0.8662798,
      -0.801744163
    ]
  },
  {
    "timeStamp": 62385,
    "rotation": [
      [
        0.8792579,
        0.464574456,
        0.105242863
      ],
      [
        -0.288393736,
        0.6950177,
        -0.658619344
      ],
      [
        -0.37912336,
        0.5487449,
        0.7450802
      ]
    ],
    "translation": [
      2.107308,
      0.866239846,
      -0.80214113
    ]
  },
  {
    "timeStamp": 62440,
    "rotation": [
      [
        0.8778499,
        0.467748165,
        0.102914125
      ],
      [
        -0.290952384,
        0.6915184,
        -0.6611724
      ],
      [
        -0.380429178,
        0.550466955,
        0.74314183
      ]
    ],
    "translation": [
      2.10699844,
      0.86741,
      -0.802715659
    ]
  },
  {
    "timeStamp": 62485,
    "rotation": [
      [
        0.8769647,
        0.470172375,
        0.09935234
      ],
      [
        -0.2900966,
        0.6827839,
        -0.670559466
      ],
      [
        -0.383114725,
        0.559235156,
        0.7351728
      ]
    ],
    "translation": [
      2.10692763,
      0.8674152,
      -0.8035395
    ]
  },
  {
    "timeStamp": 62540,
    "rotation": [
      [
        0.879080355,
        0.466680437,
        0.09709303
      ],
      [
        -0.281905949,
        0.673241,
        -0.6835756
      ],
      [
        -0.384378344,
        0.573546767,
        0.723392963
      ]
    ],
    "translation": [
      2.106604,
      0.866477668,
      -0.8056369
    ]
  },
  {
    "timeStamp": 62585,
    "rotation": [
      [
        0.877460957,
        0.4695882,
        0.0977199
      ],
      [
        -0.277914435,
        0.6637983,
        -0.69435966
      ],
      [
        -0.3909294,
        0.5821157,
        0.7129624
      ]
    ],
    "translation": [
      2.106615,
      0.865590751,
      -0.8062718
    ]
  }
]