[
  {
    "timeStamp": 97857,
    "rotation": [
      [
        0.999983549,
        0.00205082027,
        -0.0053536687
      ],
      [
        -0.00175238936,
        0.99847573,
        0.0551647544
      ],
      [
        0.005458641,
        -0.0551544651,
        0.9984629
      ]
    ],
    "translation": [
      1.15377629,
      0.8471253,
      -0.7690821
    ]
  },
  {
    "timeStamp": 97901,
    "rotation": [
      [
        0.998278439,
        0.05371715,
        0.02355122
      ],
      [
        -0.0549658723,
        0.996914268,
        0.05604173
      ],
      [
        -0.0204681456,
        -0.0572397634,
        0.9981506
      ]
    ],
    "translation": [
      1.16156888,
      0.850425959,
      -0.7685535
    ]
  },
  {
    "timeStamp": 97957,
    "rotation": [
      [
        0.995601833,
        0.07630823,
        0.05435203
      ],
      [
        -0.08283999,
        0.9880065,
        0.130310178
      ],
      [
        -0.04375642,
        -0.134239569,
        0.989982367
      ]
    ],
    "translation": [
      1.17415023,
      0.861299038,
      -0.7716972
    ]
  },
  {
    "timeStamp": 98001,
    "rotation": [
      [
        0.9898399,
        0.111235313,
        0.08856404
      ],
      [
        -0.119227886,
        0.9887111,
        0.0907470956
      ],
      [
        -0.07746997,
        -0.1003844,
        0.9919281
      ]
    ],
    "translation": [
      1.19278145,
      0.8811128,
      -0.769165933
    ]
  },
  {
    "timeStamp": 98057,
    "rotation": [
      [
        0.9796756,
        0.1554774,
        0.126738
      ],
      [
        -0.162614644,
        0.985521436,
        0.0479988754
      ],
      [
        -0.117440283,
        -0.06763278,
        0.9907742
      ]
    ],
    "translation": [
      1.22489929,
      0.906698942,
      -0.7673625
    ]
  },
  {
    "timeStamp": 98102,
    "rotation": [
      [
        0.969655633,
        0.187737212,
        0.1565973
      ],
      [
        -0.193134323,
        0.9809714,
        0.0198530667
      ],
      [
        -0.149890319,
        -0.049494952,
        0.987463
      ]
    ],
    "translation": [
      1.25671387,
      0.926537752,
      -0.766323745
    ]
  },
  {
    "timeStamp": 98157,
    "rotation": [
      [
        0.9580494,
        0.204106,
        0.201201543
      ],
      [
        -0.2079145,
        0.978144467,
        -0.00225042924
      ],
      [
        -0.1972635,
        -0.0396766961,
        0.9795473
      ]
    ],
    "translation": [
      1.30199659,
      0.946950436,
      -0.76281327
    ]
  },
  {
    "timeStamp": 98202,
    "rotation": [
      [
        0.942990363,
        0.212447166,
        0.256193876
      ],
      [
        -0.21440348,
        0.9765277,
        -0.02060987
      ],
      [
        -0.254558951,
        -0.035493955,
        0.96640563
      ]
    ],
    "translation": [
      1.34033358,
      0.9611418,
      -0.756120741
    ]
  },
  {
    "timeStamp": 98257,
    "rotation": [
      [
        0.911595941,
        0.21368213,
        0.351187766
      ],
      [
        -0.219609663,
        0.975307643,
        -0.0233793277
      ],
      [
        -0.347511858,
        -0.05581173,
        0.9360131
      ]
    ],
    "translation": [
      1.39210343,
      0.9781245,
      -0.742679358
    ]
  },
  {
    "timeStamp": 98302,
    "rotation": [
      [
        0.8688459,
        0.206987932,
        0.449736357
      ],
      [
        -0.2248602,
        0.9742904,
        -0.01400264
      ],
      [
        -0.4410722,
        -0.0889616758,
        0.893051565
      ]
    ],
    "translation": [
      1.4358319,
      0.991094947,
      -0.7275151
    ]
  },
  {
    "timeStamp": 98357,
    "rotation": [
      [
        0.785748541,
        0.171929151,
        0.5941714
      ],
      [
        -0.22820878,
        0.9734042,
        0.0201257635
      ],
      [
        -0.574908733,
        -0.151408911,
        0.8040866
      ]
    ],
    "translation": [
      1.493831,
      1.00545084,
      -0.7024105
    ]
  },
  {
    "timeStamp": 98401,
    "rotation": [
      [
        0.6908104,
        0.143766627,
        0.708598733
      ],
      [
        -0.245414734,
        0.968474567,
        0.04276146
      ],
      [
        -0.6801122,
        -0.203440621,
        0.704314768
      ]
    ],
    "translation": [
      1.5461421,
      1.01998484,
      -0.6802508
    ]
  },
  {
    "timeStamp": 98457,
    "rotation": [
      [
        0.561737835,
        0.0963810757,
        0.821682
      ],
      [
        -0.2875312,
        0.9540219,
        0.08466474
      ],
      [
        -0.775742531,
        -0.2838186,
        0.5636227
      ]
    ],
    "translation": [
      1.6167084,
      1.04071057,
      -0.657671
    ]
  },
  {
    "timeStamp": 98501,
    "rotation": [
      [
        0.443906039,
        0.0543255322,
        0.894425035
      ],
      [
        -0.3247614,
        0.940051436,
        0.104083337
      ],
      [
        -0.835151136,
        -0.336677939,
        0.434937358
      ]
    ],
    "translation": [
      1.6773541,
      1.0586921,
      -0.6416122
    ]
  },
  {
    "timeStamp": 98557,
    "rotation": [
      [
        0.299987823,
        -0.0288100578,
        0.953507841
      ],
      [
        -0.376396924,
        0.9148721,
        0.146062791
      ],
      [
        -0.876545846,
        -0.4027145,
        0.2636065
      ]
    ],
    "translation": [
      1.75510609,
      1.07895386,
      -0.627197146
    ]
  },
  {
    "timeStamp": 98601,
    "rotation": [
      [
        0.204405338,
        -0.114788212,
        0.9721328
      ],
      [
        -0.413327426,
        0.8901079,
        0.192011043
      ],
      [
        -0.887343764,
        -0.441057235,
        0.1344977
      ]
    ],
    "translation": [
      1.81601644,
      1.09015548,
      -0.619915247
    ]
  },
  {
    "timeStamp": 98657,
    "rotation": [
      [
        0.0681749061,
        -0.215895519,
        0.9740335
      ],
      [
        -0.436969668,
        0.8712175,
        0.2236908
      ],
      [
        -0.896888852,
        -0.4408732,
        -0.0349446237
      ]
    ],
    "translation": [
      1.89455557,
      1.09592247,
      -0.611777246
    ]
  },
  {
    "timeStamp": 98701,
    "rotation": [
      [
        -0.048884552,
        -0.2395452,
        0.9696538
      ],
      [
        -0.4289594,
        0.881758034,
        0.196205512
      ],
      [
        -0.90200007,
        -0.406350672,
        -0.14585951
      ]
    ],
    "translation": [
      1.95600474,
      1.09291267,
      -0.6065765
    ]
  },
  {
    "timeStamp": 98757,
    "rotation": [
      [
        -0.0901584849,
        -0.263455868,
        0.96044904
      ],
      [
        -0.3706451,
        0.9039797,
        0.213173166
      ],
      [
        -0.92438823,
        -0.3367664,
        -0.179150075
      ]
    ],
    "translation": [
      2.00676751,
      1.07116759,
      -0.6006715
    ]
  },
  {
    "timeStamp": 98802,
    "rotation": [
      [
        -0.08284496,
        -0.2620614,
        0.9614887
      ],
      [
        -0.321318,
        0.9203036,
        0.223150253
      ],
      [
        -0.9433406,
        -0.290456772,
        -0.160447553
      ]
    ],
    "translation": [
      2.032986,
      1.04911637,
      -0.597146451
    ]
  },
  {
    "timeStamp": 98852,
    "rotation": [
      [
        -0.07260785,
        -0.2545728,
        0.964324
      ],
      [
        -0.273682684,
        0.9348467,
        0.2261844
      ],
      [
        -0.9590755,
        -0.247496024,
        -0.137549385
      ]
    ],
    "translation": [
      2.04969287,
      1.02750969,
      -0.5947658
    ]
  },
  {
    "timeStamp": 98907,
    "rotation": [
      [
        -0.0357818566,
        -0.241417691,
        0.969761431
      ],
      [
        -0.219937086,
        0.94849354,
        0.228008017
      ],
      [
        -0.9748576,
        -0.205127954,
        -0.087035574
      ]
    ],
    "translation": [
      2.06387448,
      0.9983101,
      -0.5912258
    ]
  },
  {
    "timeStamp": 98952,
    "rotation": [
      [
        -0.05831346,
        -0.215975061,
        0.974656
      ],
      [
        -0.194608241,
        0.960046232,
        0.201094285
      ],
      [
        -0.9791461,
        -0.177949592,
        -0.09801414
      ]
    ],
    "translation": [
      2.07371879,
      0.9818898,
      -0.5859355
    ]
  },
  {
    "timeStamp": 99007,
    "rotation": [
      [
        -0.025107136,
        -0.241788834,
        0.970003963
      ],
      [
        -0.173106641,
        0.9567034,
        0.23399283
      ],
      [
        -0.984583,
        -0.16203925,
        -0.06587533
      ]
    ],
    "translation": [
      2.07577372,
      0.963825345,
      -0.581827
    ]
  },
  {
    "timeStamp": 99052,
    "rotation": [
      [
        -0.04393048,
        -0.189894438,
        0.9808212
      ],
      [
        -0.15296793,
        0.9714708,
        0.181232765
      ],
      [
        -0.987254262,
        -0.142072544,
        -0.07172494
      ]
    ],
    "translation": [
      2.08046484,
      0.956063747,
      -0.576909959
    ]
  },
  {
    "timeStamp": 99107,
    "rotation": [
      [
        0.0124207949,
        -0.171642363,
        0.9850811
      ],
      [
        -0.121206969,
        0.977634132,
        0.1718731
      ],
      [
        -0.992549539,
        -0.121533491,
        -0.008661258
      ]
    ],
    "translation": [
      2.07362843,
      0.9441102,
      -0.5737986
    ]
  },
  {
    "timeStamp": 99152,
    "rotation": [
      [
        0.0267497879,
        -0.152830824,
        0.987890244
      ],
      [
        -0.103897743,
        0.982466638,
        0.154805064
      ],
      [
        -0.9942282,
        -0.106780574,
        0.0104019959
      ]
    ],
    "translation": [
      2.069657,
      0.9359315,
      -0.5717002
    ]
  },
  {
    "timeStamp": 99207,
    "rotation": [
      [
        0.04299015,
        -0.1229461,
        0.9914818
      ],
      [
        -0.07824888,
        0.9889364,
        0.1260233
      ],
      [
        -0.9960065,
        -0.08300009,
        0.0328941345
      ]
    ],
    "translation": [
      2.0661993,
      0.9286358,
      -0.5691538
    ]
  },
  {
    "timeStamp": 99252,
    "rotation": [
      [
        0.0507855229,
        -0.136615708,
        0.98932153
      ],
      [
        -0.06237002,
        0.9882324,
        0.139666989
      ],
      [
        -0.9967602,
        -0.06879706,
        0.04166717
      ]
    ],
    "translation": [
      2.06291771,
      0.920890749,
      -0.568113565
    ]
  },
  {
    "timeStamp": 99309,
    "rotation": [
      [
        0.03921261,
        -0.1409217,
        0.989243865
      ],
      [
        -0.04038187,
        0.988973,
        0.142483816
      ],
      [
        -0.9984145,
        -0.04553468,
        0.0330895334
      ]
    ],
    "translation": [
      2.06336069,
      0.9138103,
      -0.5653237
    ]
  }
]