[
  {
    "timeStamp": 15121,
    "rotation": [
      [
        0.999999344,
        -0.00114489789,
        2.05380388E-06
      ],
      [
        0.0,
        0.00179387233,
        0.9999984
      ],
      [
        -0.00114489975,
        -0.999997735,
        0.00179387117
      ]
    ],
    "translation": [
      1.77001643,
      0.7016144,
      -0.489979357
    ]
  },
  {
    "timeStamp": 15165,
    "rotation": [
      [
        0.999944,
        0.0104803294,
        0.00149083592
      ],
      [
        -0.00134415028,
        -0.0139894206,
        0.999901235
      ],
      [
        0.0105001507,
        -0.999847233,
        -0.01397455
      ]
    ],
    "translation": [
      1.76924157,
      0.7037468,
      -0.488829345
    ]
  },
  {
    "timeStamp": 15221,
    "rotation": [
      [
        0.9999629,
        0.008059987,
        0.003031354
      ],
      [
        -0.00281116134,
        -0.0271916147,
        0.9996263
      ],
      [
        0.008139404,
        -0.9995977,
        -0.027167948
      ]
    ],
    "translation": [
      1.76964283,
      0.706068754,
      -0.488537729
    ]
  },
  {
    "timeStamp": 15266,
    "rotation": [
      [
        0.9999089,
        0.0133524844,
        -0.00193700253
      ],
      [
        0.00222841231,
        -0.02184418,
        0.9997589
      ],
      [
        0.0133069521,
        -0.9996722,
        -0.0218719486
      ]
    ],
    "translation": [
      1.76992738,
      0.706495,
      -0.4893115
    ]
  },
  {
    "timeStamp": 15321,
    "rotation": [
      [
        0.999974668,
        0.007111171,
        -0.000338035548
      ],
      [
        0.0004623196,
        -0.01748292,
        0.999847054
      ],
      [
        0.0071041733,
        -0.9998219,
        -0.0174857639
      ]
    ],
    "translation": [
      1.769609,
      0.7056928,
      -0.490627438
    ]
  },
  {
    "timeStamp": 15366,
    "rotation": [
      [
        0.9999902,
        0.004317975,
        0.0009626865
      ],
      [
        -0.000844077149,
        -0.0273869317,
        0.99962455
      ],
      [
        0.004342719,
        -0.9996156,
        -0.02738302
      ]
    ],
    "translation": [
      1.76889133,
      0.706888735,
      -0.49053818
    ]
  },
  {
    "timeStamp": 15424,
    "rotation": [
      [
        0.999963343,
        -0.0067579574,
        0.00524966745
      ],
      [
        -0.005487236,
        -0.0356291272,
        0.99935
      ],
      [
        -0.006566522,
        -0.9993422,
        -0.0356649049
      ]
    ],
    "translation": [
      1.769052,
      0.7081883,
      -0.491672963
    ]
  },
  {
    "timeStamp": 15469,
    "rotation": [
      [
        0.9999463,
        -0.0103191128,
        -0.000952760864
      ],
      [
        0.0004071645,
        -0.0527459942,
        0.9986079
      ],
      [
        -0.0103550022,
        -0.998554647,
        -0.05273896
      ]
    ],
    "translation": [
      1.769721,
      0.712749243,
      -0.4912144
    ]
  },
  {
    "timeStamp": 15526,
    "rotation": [
      [
        0.99965626,
        -0.02160149,
        -0.01485638
      ],
      [
        0.0131658763,
        -0.07639839,
        0.996990442
      ],
      [
        -0.0226714853,
        -0.996843338,
        -0.07608772
      ]
    ],
    "translation": [
      1.77361667,
      0.722557247,
      -0.4905534
    ]
  },
  {
    "timeStamp": 15570,
    "rotation": [
      [
        0.9980973,
        -0.052665785,
        -0.0320636258
      ],
      [
        0.0272324253,
        -0.0900185853,
        0.9955677
      ],
      [
        -0.0553186871,
        -0.9945466,
        -0.08841309
      ]
    ],
    "translation": [
      1.78058815,
      0.7328036,
      -0.4930775
    ]
  },
  {
    "timeStamp": 15626,
    "rotation": [
      [
        0.9923624,
        -0.111551464,
        -0.0526611
      ],
      [
        0.0383478068,
        -0.12677747,
        0.991189659
      ],
      [
        -0.117244892,
        -0.985638738,
        -0.121531442
      ]
    ],
    "translation": [
      1.794638,
      0.752467752,
      -0.496626616
    ]
  },
  {
    "timeStamp": 15670,
    "rotation": [
      [
        0.9814496,
        -0.174401253,
        -0.07962939
      ],
      [
        0.05135663,
        -0.161008328,
        0.985615969
      ],
      [
        -0.184713632,
        -0.9714219,
        -0.149064913
      ]
    ],
    "translation": [
      1.80986845,
      0.772823453,
      -0.501392245
    ]
  },
  {
    "timeStamp": 15726,
    "rotation": [
      [
        0.956395864,
        -0.265023321,
        -0.122758254
      ],
      [
        0.07151047,
        -0.195032388,
        0.978186369
      ],
      [
        -0.283184081,
        -0.9443119,
        -0.167576224
      ]
    ],
    "translation": [
      1.83473837,
      0.8022342,
      -0.510084
    ]
  },
  {
    "timeStamp": 15771,
    "rotation": [
      [
        0.9276321,
        -0.3388617,
        -0.1570712
      ],
      [
        0.0812181,
        -0.227468058,
        0.970392644
      ],
      [
        -0.3645576,
        -0.9129244,
        -0.183484986
      ]
    ],
    "translation": [
      1.85672987,
      0.829010248,
      -0.51799804
    ]
  },
  {
    "timeStamp": 15826,
    "rotation": [
      [
        0.866874039,
        -0.4501022,
        -0.214330211
      ],
      [
        0.100695737,
        -0.2629767,
        0.959533036
      ],
      [
        -0.488251776,
        -0.8533764,
        -0.1826443
      ]
    ],
    "translation": [
      1.892546,
      0.864158,
      -0.533100843
    ]
  },
  {
    "timeStamp": 15870,
    "rotation": [
      [
        0.8036662,
        -0.543078,
        -0.243283615
      ],
      [
        0.08969414,
        -0.293606251,
        0.951709151
      ],
      [
        -0.5882819,
        -0.7866776,
        -0.1872505
      ]
    ],
    "translation": [
      1.92207241,
      0.8910104,
      -0.5469106
    ]
  },
  {
    "timeStamp": 15926,
    "rotation": [
      [
        0.699504435,
        -0.6556395,
        -0.284306884
      ],
      [
        0.08319718,
        -0.320419282,
        0.943615258
      ],
      [
        -0.709768832,
        -0.683716536,
        -0.169587329
      ]
    ],
    "translation": [
      1.96449888,
      0.9223511,
      -0.568999648
    ]
  },
  {
    "timeStamp": 15970,
    "rotation": [
      [
        0.6119249,
        -0.729728937,
        -0.3050304
      ],
      [
        0.0732919052,
        -0.331689358,
        0.940537333
      ],
      [
        -0.78751266,
        -0.5978945,
        -0.149485767
      ]
    ],
    "translation": [
      1.99810457,
      0.9416225,
      -0.5878026
    ]
  },
  {
    "timeStamp": 16026,
    "rotation": [
      [
        0.475471,
        -0.8216024,
        -0.3144788
      ],
      [
        0.04450549,
        -0.33454904,
        0.941326857
      ],
      [
        -0.878604949,
        -0.461569637,
        -0.122502543
      ]
    ],
    "translation": [
      2.04214644,
      0.957615256,
      -0.6165552
    ]
  },
  {
    "timeStamp": 16070,
    "rotation": [
      [
        0.344339937,
        -0.885475039,
        -0.312031955
      ],
      [
        0.0387000665,
        -0.318687648,
        0.9470694
      ],
      [
        -0.9380471,
        -0.338189483,
        -0.07546894
      ]
    ],
    "translation": [
      2.07606983,
      0.9630785,
      -0.6435758
    ]
  },
  {
    "timeStamp": 16123,
    "rotation": [
      [
        0.1866484,
        -0.9404997,
        -0.283941418
      ],
      [
        -0.00920012,
        -0.290681064,
        0.9567758
      ],
      [
        -0.9823837,
        -0.175968379,
        -0.06290787
      ]
    ],
    "translation": [
      2.11321187,
      0.9579443,
      -0.6715126
    ]
  },
  {
    "timeStamp": 16176,
    "rotation": [
      [
        0.0256828051,
        -0.9681941,
        -0.2488785
      ],
      [
        -0.0501431637,
        -0.2498949,
        0.9669737
      ],
      [
        -0.9984118,
        -0.012355038,
        -0.05496632
      ]
    ],
    "translation": [
      2.14183879,
      0.9420219,
      -0.6942179
    ]
  },
  {
    "timeStamp": 16221,
    "rotation": [
      [
        -0.0741718858,
        -0.9738974,
        -0.214528427
      ],
      [
        -0.05873178,
        -0.210481584,
        0.975832
      ],
      [
        -0.9955145,
        0.08497894,
        -0.0415869132
      ]
    ],
    "translation": [
      2.160204,
      0.925170541,
      -0.705356956
    ]
  },
  {
    "timeStamp": 16276,
    "rotation": [
      [
        -0.191189334,
        -0.9654726,
        -0.1769444
      ],
      [
        -0.0897886455,
        -0.162311271,
        0.9826459
      ],
      [
        -0.9774378,
        0.20375903,
        -0.0556562878
      ]
    ],
    "translation": [
      2.17468286,
      0.9025613,
      -0.71334
    ]
  },
  {
    "timeStamp": 16320,
    "rotation": [
      [
        -0.286794126,
        -0.946854,
        -0.145659268
      ],
      [
        -0.107379332,
        -0.119315855,
        0.987032652
      ],
      [
        -0.951955259,
        0.298715949,
        -0.06745347
      ]
    ],
    "translation": [
      2.1822536,
      0.884759665,
      -0.718800068
    ]
  },
  {
    "timeStamp": 16376,
    "rotation": [
      [
        -0.391669959,
        -0.914375246,
        -0.10253118
      ],
      [
        -0.117643587,
        -0.0607529767,
        0.9911958
      ],
      [
        -0.9125539,
        0.400283724,
        -0.08377527
      ]
    ],
    "translation": [
      2.18611431,
      0.862667859,
      -0.722912252
    ]
  },
  {
    "timeStamp": 16421,
    "rotation": [
      [
        -0.473127425,
        -0.8787607,
        -0.0626909956
      ],
      [
        -0.107307047,
        -0.013147681,
        0.994139
      ],
      [
        -0.874434531,
        0.477081567,
        -0.08807669
      ]
    ],
    "translation": [
      2.18662071,
      0.8469783,
      -0.72719115
    ]
  },
  {
    "timeStamp": 16476,
    "rotation": [
      [
        -0.554693639,
        -0.8317507,
        -0.022489341
      ],
      [
        -0.09072432,
        0.03359222,
        0.995309353
      ],
      [
        -0.8270938,
        0.5541321,
        -0.09409341
      ]
    ],
    "translation": [
      2.18648028,
      0.8322331,
      -0.73182
    ]
  },
  {
    "timeStamp": 16521,
    "rotation": [
      [
        -0.598311067,
        -0.80126375,
        -0.000523533032
      ],
      [
        -0.0816042051,
        0.0602846,
        0.994839966
      ],
      [
        -0.7970977,
        0.595266461,
        -0.101455435
      ]
    ],
    "translation": [
      2.18831229,
      0.81789726,
      -0.7355772
    ]
  },
  {
    "timeStamp": 16566,
    "rotation": [
      [
        -0.63869065,
        -0.769106567,
        0.0234394949
      ],
      [
        -0.0613959543,
        0.081302844,
        0.994796634
      ],
      [
        -0.767010331,
        0.6339282,
        -0.09914739
      ]
    ],
    "translation": [
      2.18745327,
      0.8051913,
      -0.7411937
    ]
  },
  {
    "timeStamp": 16624,
    "rotation": [
      [
        -0.689221263,
        -0.72364974,
        0.03612581
      ],
      [
        -0.04363479,
        0.0912245959,
        0.9948739
      ],
      [
        -0.7232358,
        0.6841119,
        -0.0944502354
      ]
    ],
    "translation": [
      2.18483019,
      0.790927649,
      -0.7510405
    ]
  },
  {
    "timeStamp": 16669,
    "rotation": [
      [
        -0.7153512,
        -0.6966127,
        0.05480296
      ],
      [
        -0.0233732238,
        0.102238737,
        0.994485259
      ],
      [
        -0.698374033,
        0.7101253,
        -0.0894186944
      ]
    ],
    "translation": [
      2.182391,
      0.7802468,
      -0.7570868
    ]
  },
  {
    "timeStamp": 16725,
    "rotation": [
      [
        -0.748678744,
        -0.660529554,
        0.0563992038
      ],
      [
        -0.0279410258,
        0.116440266,
        0.9928046
      ],
      [
        -0.6623439,
        0.741715848,
        -0.105632231
      ]
    ],
    "translation": [
      2.181029,
      0.766533256,
      -0.7611959
    ]
  },
  {
    "timeStamp": 16770,
    "rotation": [
      [
        -0.7641616,
        -0.642863,
        0.0527659543
      ],
      [
        -0.0291813985,
        0.116176136,
        0.9927999
      ],
      [
        -0.6443644,
        0.7571197,
        -0.107536979
      ]
    ],
    "translation": [
      2.18096352,
      0.7581012,
      -0.764443457
    ]
  },
  {
    "timeStamp": 16826,
    "rotation": [
      [
        -0.770670831,
        -0.6358487,
        0.0419861637
      ],
      [
        -0.0281660147,
        0.0998138,
        0.9946074
      ],
      [
        -0.6366106,
        0.765332341,
        -0.09483291
      ]
    ],
    "translation": [
      2.182639,
      0.749282956,
      -0.768533766
    ]
  },
  {
    "timeStamp": 16870,
    "rotation": [
      [
        -0.7719309,
        -0.6340609,
        0.0457114354
      ],
      [
        -0.0190388914,
        0.09493311,
        0.9953016
      ],
      [
        -0.635421336,
        0.767433763,
        -0.08535361
      ]
    ],
    "translation": [
      2.18223238,
      0.7431562,
      -0.7710183
    ]
  },
  {
    "timeStamp": 16925,
    "rotation": [
      [
        -0.7817584,
        -0.623270452,
        0.01969253
      ],
      [
        -0.0273820069,
        0.06585984,
        0.9974531
      ],
      [
        -0.62298,
        0.7792281,
        -0.068552874
      ]
    ],
    "translation": [
      2.18231773,
      0.7383927,
      -0.7773033
    ]
  },
  {
    "timeStamp": 16970,
    "rotation": [
      [
        -0.7853334,
        -0.61902976,
        0.007319059
      ],
      [
        -0.0266727246,
        0.04564531,
        0.998601556
      ],
      [
        -0.6184982,
        0.78404,
        -0.0523579977
      ]
    ],
    "translation": [
      2.18200374,
      0.735336,
      -0.782445133
    ]
  },
  {
    "timeStamp": 17015,
    "rotation": [
      [
        -0.7883318,
        -0.6151626,
        -0.0103890672
      ],
      [
        -0.0340028442,
        0.0267021619,
        0.999065
      ],
      [
        -0.61431,
        0.787947953,
        -0.0419674441
      ]
    ],
    "translation": [
      2.182503,
      0.732501268,
      -0.786807835
    ]
  },
  {
    "timeStamp": 17070,
    "rotation": [
      [
        -0.786178052,
        -0.61755234,
        -0.0235195942
      ],
      [
        -0.03448908,
        0.005844622,
        0.999388
      ],
      [
        -0.6170369,
        0.7865081,
        -0.0258937255
      ]
    ],
    "translation": [
      2.18337965,
      0.729320049,
      -0.791919231
    ]
  },
  {
    "timeStamp": 17125,
    "rotation": [
      [
        -0.773578167,
        -0.6324353,
        -0.0400305428
      ],
      [
        -0.0417847,
        -0.0121259941,
        0.999053061
      ],
      [
        -0.632321835,
        0.774518251,
        -0.0170457158
      ]
    ],
    "translation": [
      2.187871,
      0.72604984,
      -0.7940364
    ]
  },
  {
    "timeStamp": 17169,
    "rotation": [
      [
        -0.7685025,
        -0.638219953,
        -0.0455989465
      ],
      [
        -0.04010907,
        -0.02307384,
        0.998928845
      ],
      [
        -0.6385884,
        0.769508243,
        -0.007866103
      ]
    ],
    "translation": [
      2.18934965,
      0.724635243,
      -0.7957692
    ]
  },
  {
    "timeStamp": 17225,
    "rotation": [
      [
        -0.7620119,
        -0.64590764,
        -0.0462723151
      ],
      [
        -0.04163434,
        -0.0224407725,
        0.998880863
      ],
      [
        -0.6462232,
        0.763085663,
        -0.009791803
      ]
    ],
    "translation": [
      2.19080138,
      0.723547935,
      -0.7961278
    ]
  },
  {
    "timeStamp": 17269,
    "rotation": [
      [
        -0.762201667,
        -0.646683,
        -0.0291517284
      ],
      [
        -0.0269560125,
        -0.0132872583,
        0.9995483
      ],
      [
        -0.6467782,
        0.762643158,
        -0.007304424
      ]
    ],
    "translation": [
      2.190782,
      0.722853363,
      -0.7961236
    ]
  },
  {
    "timeStamp": 17325,
    "rotation": [
      [
        -0.76285255,
        -0.6455573,
        -0.0362179279
      ],
      [
        -0.0343675241,
        -0.0154515356,
        0.9992898
      ],
      [
        -0.645658433,
        0.7635555,
        -0.0103989625
      ]
    ],
    "translation": [
      2.19077754,
      0.7229905,
      -0.796143949
    ]
  },
  {
    "timeStamp": 17369,
    "rotation": [
      [
        -0.7630101,
        -0.645293355,
        -0.0375774726
      ],
      [
        -0.0351792537,
        -0.0165923145,
        0.999243259
      ],
      [
        -0.645428538,
        0.7637546,
        -0.0100408355
      ]
    ],
    "translation": [
      2.1907804,
      0.7224364,
      -0.796165466
    ]
  },
  {
    "timeStamp": 17425,
    "rotation": [
      [
        -0.7631467,
        -0.645671248,
        -0.0267527718
      ],
      [
        -0.0251231138,
        -0.011724025,
        0.9996156
      ],
      [
        -0.6457367,
        0.7635254,
        -0.00727412151
      ]
    ],
    "translation": [
      2.190785,
      0.7222706,
      -0.7961606
    ]
  },
  {
    "timeStamp": 17470,
    "rotation": [
      [
        -0.763773441,
        -0.645228446,
        -0.01817614
      ],
      [
        -0.0155114988,
        -0.009803982,
        0.9998316
      ],
      [
        -0.645298,
        0.7639268,
        -0.00252043875
      ]
    ],
    "translation": [
      2.1907835,
      0.7221885,
      -0.7961475
    ]
  },
  {
    "timeStamp": 17525,
    "rotation": [
      [
        -0.7629143,
        -0.6460469,
        -0.0241907444
      ],
      [
        -0.02326822,
        -0.009954912,
        0.9996797
      ],
      [
        -0.6460808,
        0.7632328,
        -0.007437616
      ]
    ],
    "translation": [
      2.19078827,
      0.7225014,
      -0.7961348
    ]
  },
  {
    "timeStamp": 17569,
    "rotation": [
      [
        -0.7632746,
        -0.6458607,
        -0.0166082457
      ],
      [
        -0.0142084276,
        -0.00891984347,
        0.9998593
      ],
      [
        -0.645917952,
        0.7634031,
        -0.00236837449
      ]
    ],
    "translation": [
      2.19075513,
      0.7219515,
      -0.7961493
    ]
  },
  {
    "timeStamp": 17626,
    "rotation": [
      [
        -0.7638093,
        -0.645096362,
        -0.0211182684
      ],
      [
        -0.0182872675,
        -0.0110765705,
        0.9997714
      ],
      [
        -0.645182848,
        0.7640209,
        -0.00333666243
      ]
    ],
    "translation": [
      2.19075084,
      0.722146332,
      -0.796173036
    ]
  },
  {
    "timeStamp": 17669,
    "rotation": [
      [
        -0.7641878,
        -0.644511342,
        -0.0249409825
      ],
      [
        -0.02155408,
        -0.0131288171,
        0.9996815
      ],
      [
        -0.644633532,
        0.764482,
        -0.003858968
      ]
    ],
    "translation": [
      2.190742,
      0.72217375,
      -0.796183169
    ]
  },
  {
    "timeStamp": 17725,
    "rotation": [
      [
        -0.7655757,
        -0.6422423,
        -0.0376645438
      ],
      [
        -0.03396239,
        -0.01811754,
        0.9992589
      ],
      [
        -0.6424487,
        0.7662875,
        -0.007941737
      ]
    ],
    "translation": [
      2.19074345,
      0.722294569,
      -0.7962271
    ]
  },
  {
    "timeStamp": 17769,
    "rotation": [
      [
        -0.7666405,
        -0.6404371,
        -0.0458546244
      ],
      [
        -0.0438764542,
        -0.0189943984,
        0.998856366
      ],
      [
        -0.6405757,
        0.7677757,
        -0.0135382358
      ]
    ],
    "translation": [
      2.19074726,
      0.7224274,
      -0.796270251
    ]
  },
  {
    "timeStamp": 17826,
    "rotation": [
      [
        -0.7665457,
        -0.6402871,
        -0.0493984446
      ],
      [
        -0.04716911,
        -0.0205778163,
        0.9986749
      ],
      [
        -0.6404552,
        0.767860055,
        -0.0144279348
      ]
    ],
    "translation": [
      2.19072819,
      0.7224987,
      -0.7962345
    ]
  }
]