[
  {
    "timeStamp": 78619,
    "rotation": [
      [
        -0.791740537,
        0.5027681,
        0.346945524
      ],
      [
        0.5606069,
        0.8236269,
        0.0857826546
      ],
      [
        -0.242624879,
        0.262417674,
        -0.93395406
      ]
    ],
    "translation": [
      1.14605474,
      0.703252435,
      -0.55551
    ]
  },
  {
    "timeStamp": 78665,
    "rotation": [
      [
        -0.7563039,
        0.556953132,
        0.343231
      ],
      [
        0.6030509,
        0.7969036,
        0.0356954224
      ],
      [
        -0.253641337,
        0.23398234,
        -0.938572466
      ]
    ],
    "translation": [
      1.14161682,
      0.7051574,
      -0.5525711
    ]
  },
  {
    "timeStamp": 78719,
    "rotation": [
      [
        -0.7545706,
        0.5572613,
        0.34653008
      ],
      [
        0.605083168,
        0.795218,
        0.0387665071
      ],
      [
        -0.253963858,
        0.238931566,
        -0.9372375
      ]
    ],
    "translation": [
      1.14273369,
      0.7041789,
      -0.553415358
    ]
  },
  {
    "timeStamp": 78774,
    "rotation": [
      [
        -0.7475165,
        0.5541827,
        0.3661975
      ],
      [
        0.605454,
        0.795217633,
        0.0324714966
      ],
      [
        -0.273211569,
        0.245988712,
        -0.929970443
      ]
    ],
    "translation": [
      1.14176464,
      0.70623225,
      -0.555975437
    ]
  },
  {
    "timeStamp": 78819,
    "rotation": [
      [
        -0.739134967,
        0.5635817,
        0.368856579
      ],
      [
        0.6141078,
        0.78881526,
        0.0253395773
      ],
      [
        -0.276678771,
        0.245247051,
        -0.929140866
      ]
    ],
    "translation": [
      1.14273882,
      0.710114241,
      -0.558630466
    ]
  },
  {
    "timeStamp": 78874,
    "rotation": [
      [
        -0.7295039,
        0.5873605,
        0.3504735
      ],
      [
        0.6276549,
        0.7784897,
        0.00177651946
      ],
      [
        -0.271796525,
        0.221272364,
        -0.936571
      ]
    ],
    "translation": [
      1.14898026,
      0.7218574,
      -0.559589148
    ]
  },
  {
    "timeStamp": 78919,
    "rotation": [
      [
        -0.730546832,
        0.61008656,
        0.306750238
      ],
      [
        0.636432767,
        0.7711232,
        -0.0179557428
      ],
      [
        -0.247496784,
        0.1821084,
        -0.951620638
      ]
    ],
    "translation": [
      1.16250539,
      0.7366653,
      -0.5576865
    ]
  },
  {
    "timeStamp": 78975,
    "rotation": [
      [
        -0.729055047,
        0.6404122,
        0.241559654
      ],
      [
        0.647783756,
        0.75956434,
        -0.0586365946
      ],
      [
        -0.221031681,
        0.113729112,
        -0.9686128
      ]
    ],
    "translation": [
      1.18660486,
      0.7634589,
      -0.551093459
    ]
  },
  {
    "timeStamp": 79019,
    "rotation": [
      [
        -0.743761,
        0.649979234,
        0.156034008
      ],
      [
        0.646098256,
        0.7588888,
        -0.08151582
      ],
      [
        -0.171396047,
        0.0401850156,
        -0.9843823
      ]
    ],
    "translation": [
      1.21925533,
      0.7862956,
      -0.54370755
    ]
  },
  {
    "timeStamp": 79075,
    "rotation": [
      [
        -0.7468298,
        0.664870143,
        0.01389133
      ],
      [
        0.658741534,
        0.7424854,
        -0.121552713
      ],
      [
        -0.0911308751,
        -0.08162839,
        -0.9924878
      ]
    ],
    "translation": [
      1.2744025,
      0.819551349,
      -0.5315689
    ]
  },
  {
    "timeStamp": 79119,
    "rotation": [
      [
        -0.7600519,
        0.6447179,
        -0.0816085
      ],
      [
        0.648844242,
        0.7458272,
        -0.150807872
      ],
      [
        -0.0363626964,
        -0.167573,
        -0.985188842
      ]
    ],
    "translation": [
      1.32600355,
      0.847849131,
      -0.52237606
    ]
  },
  {
    "timeStamp": 79175,
    "rotation": [
      [
        -0.7678905,
        0.6018997,
        -0.2192282
      ],
      [
        0.6382504,
        0.748063743,
        -0.181761071
      ],
      [
        0.0545947365,
        -0.2794951,
        -0.9585937
      ]
    ],
    "translation": [
      1.403528,
      0.8818028,
      -0.5161261
    ]
  },
  {
    "timeStamp": 79219,
    "rotation": [
      [
        -0.7610111,
        0.545323551,
        -0.351403266
      ],
      [
        0.630664647,
        0.7488457,
        -0.203696415
      ],
      [
        0.15206635,
        -0.376632839,
        -0.913796246
      ]
    ],
    "translation": [
      1.476851,
      0.9082758,
      -0.5180637
    ]
  },
  {
    "timeStamp": 79274,
    "rotation": [
      [
        -0.7538536,
        0.452287048,
        -0.4765933
      ],
      [
        0.600775242,
        0.76818496,
        -0.22127144
      ],
      [
        0.26603356,
        -0.4531317,
        -0.850821853
      ]
    ],
    "translation": [
      1.5701828,
      0.9379745,
      -0.5274178
    ]
  },
  {
    "timeStamp": 79319,
    "rotation": [
      [
        -0.7171166,
        0.372339964,
        -0.589157641
      ],
      [
        0.5906648,
        0.7733906,
        -0.230178311
      ],
      [
        0.369944364,
        -0.5130594,
        -0.774539351
      ]
    ],
    "translation": [
      1.648184,
      0.9580013,
      -0.543815434
    ]
  },
  {
    "timeStamp": 79374,
    "rotation": [
      [
        -0.64548,
        0.261627555,
        -0.717569947
      ],
      [
        0.5753623,
        0.7844375,
        -0.2315515
      ],
      [
        0.5023085,
        -0.5623246,
        -0.656869352
      ]
    ],
    "translation": [
      1.74463069,
      0.976368248,
      -0.5747259
    ]
  },
  {
    "timeStamp": 79419,
    "rotation": [
      [
        -0.5939621,
        0.186686352,
        -0.782532632
      ],
      [
        0.5448362,
        0.8090217,
        -0.220538735
      ],
      [
        0.5919143,
        -0.5573438,
        -0.5822417
      ]
    ],
    "translation": [
      1.81421185,
      0.9848784,
      -0.601874053
    ]
  },
  {
    "timeStamp": 79475,
    "rotation": [
      [
        -0.48985526,
        0.115970522,
        -0.864055932
      ],
      [
        0.5393342,
        0.819003,
        -0.195838571
      ],
      [
        0.6849529,
        -0.561947465,
        -0.463739783
      ]
    ],
    "translation": [
      1.89214516,
      0.988517761,
      -0.639206648
    ]
  },
  {
    "timeStamp": 79519,
    "rotation": [
      [
        -0.410059631,
        0.07276796,
        -0.9091512
      ],
      [
        0.527485132,
        0.832112551,
        -0.171312809
      ],
      [
        0.7440501,
        -0.549812257,
        -0.3795998
      ]
    ],
    "translation": [
      1.94650555,
      0.9870945,
      -0.668673337
    ]
  },
  {
    "timeStamp": 79575,
    "rotation": [
      [
        -0.3316559,
        0.0433748141,
        -0.9424028
      ],
      [
        0.5235473,
        0.839461148,
        -0.145612985
      ],
      [
        0.7847946,
        -0.5416858,
        -0.301121026
      ]
    ],
    "translation": [
      2.00334477,
      0.982792556,
      -0.696930349
    ]
  },
  {
    "timeStamp": 79619,
    "rotation": [
      [
        -0.2454932,
        0.0217838157,
        -0.9691535
      ],
      [
        0.5683934,
        0.8130978,
        -0.1257018
      ],
      [
        0.7852783,
        -0.5817194,
        -0.211991757
      ]
    ],
    "translation": [
      2.04197359,
      0.9795335,
      -0.715189
    ]
  },
  {
    "timeStamp": 79675,
    "rotation": [
      [
        -0.165039212,
        0.0142529933,
        -0.986184
      ],
      [
        0.5812335,
        0.809224665,
        -0.08557475
      ],
      [
        0.7968247,
        -0.5873264,
        -0.141838118
      ]
    ],
    "translation": [
      2.08351088,
      0.9710582,
      -0.7325396
    ]
  },
  {
    "timeStamp": 79719,
    "rotation": [
      [
        -0.0958386,
        0.0270034764,
        -0.9950305
      ],
      [
        0.606520653,
        0.794212639,
        -0.0368647873
      ],
      [
        0.7892703,
        -0.6070396,
        -0.0924944
      ]
    ],
    "translation": [
      2.11045051,
      0.9579339,
      -0.737847269
    ]
  },
  {
    "timeStamp": 79771,
    "rotation": [
      [
        0.0395903364,
        0.0213982854,
        -0.99898684
      ],
      [
        0.6503513,
        0.758470535,
        0.04202017
      ],
      [
        0.758601248,
        -0.6513559,
        0.0161117017
      ]
    ],
    "translation": [
      2.13470149,
      0.9341956,
      -0.7450224
    ]
  },
  {
    "timeStamp": 79825,
    "rotation": [
      [
        0.1991073,
        -0.01500063,
        -0.979862869
      ],
      [
        0.703516662,
        0.6982624,
        0.132264361
      ],
      [
        0.68221736,
        -0.715684652,
        0.149582341
      ]
    ],
    "translation": [
      2.149298,
      0.9098438,
      -0.7486908
    ]
  },
  {
    "timeStamp": 79869,
    "rotation": [
      [
        0.291813463,
        -0.0116034672,
        -0.956404865
      ],
      [
        0.703807056,
        0.679717,
        0.2064955
      ],
      [
        0.647688568,
        -0.733382642,
        0.206517175
      ]
    ],
    "translation": [
      2.1552186,
      0.892151356,
      -0.747187138
    ]
  },
  {
    "timeStamp": 79925,
    "rotation": [
      [
        0.39210242,
        -0.0467969328,
        -0.918730438
      ],
      [
        0.7012227,
        0.661633134,
        0.2655716
      ],
      [
        0.5954346,
        -0.748365939,
        0.292243
      ]
    ],
    "translation": [
      2.16303754,
      0.877083659,
      -0.747684658
    ]
  },
  {
    "timeStamp": 79969,
    "rotation": [
      [
        0.463647157,
        -0.0588245057,
        -0.884065032
      ],
      [
        0.68582207,
        0.655556858,
        0.316058934
      ],
      [
        0.5609629,
        -0.7528512,
        0.344290227
      ]
    ],
    "translation": [
      2.16721821,
      0.8656224,
      -0.748796761
    ]
  },
  {
    "timeStamp": 80025,
    "rotation": [
      [
        0.54323,
        -0.0813240558,
        -0.835636
      ],
      [
        0.660903037,
        0.6552446,
        0.365871221
      ],
      [
        0.517791867,
        -0.75102663,
        0.409695774
      ]
    ],
    "translation": [
      2.173875,
      0.859954357,
      -0.7497342
    ]
  },
  {
    "timeStamp": 80069,
    "rotation": [
      [
        0.601244,
        -0.09326658,
        -0.793603837
      ],
      [
        0.6450603,
        0.6428022,
        0.413161665
      ],
      [
        0.4715961,
        -0.7603333,
        0.446643531
      ]
    ],
    "translation": [
      2.17683053,
      0.8517474,
      -0.747746
    ]
  },
  {
    "timeStamp": 80124,
    "rotation": [
      [
        0.6744032,
        -0.109713472,
        -0.7301667
      ],
      [
        0.6094677,
        0.640953064,
        0.46661368
      ],
      [
        0.416808754,
        -0.759698749,
        0.499127567
      ]
    ],
    "translation": [
      2.175678,
      0.839574456,
      -0.744942367
    ]
  },
  {
    "timeStamp": 80170,
    "rotation": [
      [
        0.7100592,
        -0.1131666,
        -0.6949887
      ],
      [
        0.5998921,
        0.6140426,
        0.5129145
      ],
      [
        0.368707836,
        -0.781117857,
        0.5038943
      ]
    ],
    "translation": [
      2.17527819,
      0.828387856,
      -0.737321556
    ]
  },
  {
    "timeStamp": 80215,
    "rotation": [
      [
        0.7543607,
        -0.123511128,
        -0.64473635
      ],
      [
        0.5706904,
        0.6087663,
        0.551104367
      ],
      [
        0.324426234,
        -0.7836763,
        0.529716
      ]
    ],
    "translation": [
      2.17103243,
      0.818413734,
      -0.734463334
    ]
  },
  {
    "timeStamp": 80272,
    "rotation": [
      [
        0.7796193,
        -0.112589613,
        -0.6160498
      ],
      [
        0.546475649,
        0.6027654,
        0.5814105
      ],
      [
        0.305872738,
        -0.7899351,
        0.531455
      ]
    ],
    "translation": [
      2.17024922,
      0.8069868,
      -0.732670844
    ]
  },
  {
    "timeStamp": 80317,
    "rotation": [
      [
        0.798186243,
        -0.133979648,
        -0.587322831
      ],
      [
        0.53822875,
        0.5965051,
        0.59539187
      ],
      [
        0.2705707,
        -0.7913477,
        0.5482338
      ]
    ],
    "translation": [
      2.1704123,
      0.7984214,
      -0.733237445
    ]
  },
  {
    "timeStamp": 80374,
    "rotation": [
      [
        0.810966,
        -0.163990438,
        -0.5616415
      ],
      [
        0.5385685,
        0.584343,
        0.607031465
      ],
      [
        0.228643954,
        -0.79476434,
        0.562202454
      ]
    ],
    "translation": [
      2.17255235,
      0.7898822,
      -0.7351412
    ]
  },
  {
    "timeStamp": 80418,
    "rotation": [
      [
        0.8108689,
        -0.1721001,
        -0.559350669
      ],
      [
        0.5422563,
        0.5804304,
        0.607502
      ],
      [
        0.220113,
        -0.7959159,
        0.5639753
      ]
    ],
    "translation": [
      2.1768198,
      0.7831923,
      -0.73681426
    ]
  },
  {
    "timeStamp": 80474,
    "rotation": [
      [
        0.8118219,
        -0.167700484,
        -0.5593048
      ],
      [
        0.5398109,
        0.580712,
        0.609407663
      ],
      [
        0.222597033,
        -0.7966493,
        0.5619613
      ]
    ],
    "translation": [
      2.18061543,
      0.775531948,
      -0.737102866
    ]
  },
  {
    "timeStamp": 80518,
    "rotation": [
      [
        0.8097345,
        -0.179274485,
        -0.5587402
      ],
      [
        0.549547851,
        0.565526247,
        0.6149611
      ],
      [
        0.205735445,
        -0.8050097,
        0.556446
      ]
    ],
    "translation": [
      2.18254757,
      0.7681355,
      -0.7344608
    ]
  },
  {
    "timeStamp": 80574,
    "rotation": [
      [
        0.8099003,
        -0.177454591,
        -0.5590808
      ],
      [
        0.5509135,
        0.55736506,
        0.621158957
      ],
      [
        0.201384589,
        -0.811082,
        0.5491723
      ]
    ],
    "translation": [
      2.18259668,
      0.7606649,
      -0.731564641
    ]
  },
  {
    "timeStamp": 80618,
    "rotation": [
      [
        0.8163171,
        -0.131782845,
        -0.562369764
      ],
      [
        0.522111237,
        0.5847616,
        0.620849133
      ],
      [
        0.247035,
        -0.800429344,
        0.5461562
      ]
    ],
    "translation": [
      2.18016577,
      0.7561966,
      -0.7330115
    ]
  },
  {
    "timeStamp": 80674,
    "rotation": [
      [
        0.8240933,
        0.046652,
        -0.5645298
      ],
      [
        0.3962775,
        0.6646504,
        0.633406639
      ],
      [
        0.404764622,
        -0.7456966,
        0.5292468
      ]
    ],
    "translation": [
      2.171331,
      0.750258446,
      -0.737063944
    ]
  }
]