[
  {
    "timeStamp": 74121,
    "rotation": [
      [
        0.9922083,
        -0.08435912,
        -0.0916856751
      ],
      [
        0.00635231333,
        0.769193769,
        -0.6389841
      ],
      [
        0.124428175,
        0.6334229,
        0.7637363
      ]
    ],
    "translation": [
      1.61857069,
      0.776698947,
      -0.5620083
    ]
  },
  {
    "timeStamp": 74166,
    "rotation": [
      [
        0.9915009,
        -0.102510959,
        -0.0801093057
      ],
      [
        0.0240837,
        0.749731,
        -0.661304355
      ],
      [
        0.127851367,
        0.653754532,
        0.7458278
      ]
    ],
    "translation": [
      1.62245011,
      0.780647933,
      -0.5622104
    ]
  },
  {
    "timeStamp": 74221,
    "rotation": [
      [
        0.995889366,
        -0.06784902,
        -0.0600072
      ],
      [
        0.0120188408,
        0.7556205,
        -0.654899359
      ],
      [
        0.0897769555,
        0.6514861,
        0.753329933
      ]
    ],
    "translation": [
      1.62607241,
      0.783980131,
      -0.563575268
    ]
  },
  {
    "timeStamp": 74266,
    "rotation": [
      [
        0.997002244,
        -0.0522006452,
        -0.05711055
      ],
      [
        0.0020545607,
        0.755724669,
        -0.654886246
      ],
      [
        0.07734534,
        0.6528057,
        0.753566444
      ]
    ],
    "translation": [
      1.6274302,
      0.7883805,
      -0.5649592
    ]
  },
  {
    "timeStamp": 74321,
    "rotation": [
      [
        0.9972023,
        -0.0516072921,
        -0.0540763475
      ],
      [
        0.00325294863,
        0.752704442,
        -0.6583505
      ],
      [
        0.0746791959,
        0.656332731,
        0.750766456
      ]
    ],
    "translation": [
      1.6283617,
      0.79381603,
      -0.567144156
    ]
  },
  {
    "timeStamp": 74366,
    "rotation": [
      [
        0.9976562,
        -0.03477164,
        -0.0589316078
      ],
      [
        -0.0124837449,
        0.7543062,
        -0.6564041
      ],
      [
        0.06727672,
        0.6556013,
        0.7521042
      ]
    ],
    "translation": [
      1.6285969,
      0.7971292,
      -0.5695177
    ]
  },
  {
    "timeStamp": 74421,
    "rotation": [
      [
        0.9977705,
        -0.0401486233,
        -0.0533114
      ],
      [
        -0.0051585515,
        0.7500257,
        -0.6613886
      ],
      [
        0.06653876,
        0.660189033,
        0.7481464
      ]
    ],
    "translation": [
      1.6291554,
      0.798899531,
      -0.572309732
    ]
  },
  {
    "timeStamp": 74466,
    "rotation": [
      [
        0.9986497,
        0.00375156174,
        -0.0518133231
      ],
      [
        -0.0365339667,
        0.759788752,
        -0.649142742
      ],
      [
        0.0369318835,
        0.6501592,
        0.7588999
      ]
    ],
    "translation": [
      1.63137937,
      0.7990185,
      -0.5728903
    ]
  },
  {
    "timeStamp": 74521,
    "rotation": [
      [
        0.9989454,
        0.0102191437,
        -0.0447612628
      ],
      [
        -0.03606774,
        0.7779186,
        -0.627329051
      ],
      [
        0.0284098536,
        0.6282819,
        0.777466834
      ]
    ],
    "translation": [
      1.63851583,
      0.808105469,
      -0.5699792
    ]
  },
  {
    "timeStamp": 74566,
    "rotation": [
      [
        0.998862267,
        0.04738469,
        0.00537649263
      ],
      [
        -0.0348059759,
        0.8014489,
        -0.5970496
      ],
      [
        -0.0325999968,
        0.5961832,
        0.8021863
      ]
    ],
    "translation": [
      1.65261209,
      0.82241,
      -0.56857115
    ]
  },
  {
    "timeStamp": 74621,
    "rotation": [
      [
        0.991602659,
        0.0879917,
        0.09477152
      ],
      [
        -0.0189313628,
        0.823707,
        -0.5666996
      ],
      [
        -0.127928823,
        0.5601467,
        0.8184558
      ]
    ],
    "translation": [
      1.67843616,
      0.8458358,
      -0.5711981
    ]
  },
  {
    "timeStamp": 74665,
    "rotation": [
      [
        0.9808541,
        0.111840956,
        0.159426272
      ],
      [
        -0.00508500542,
        0.8330757,
        -0.5531356
      ],
      [
        -0.194677368,
        0.541734636,
        0.8176945
      ]
    ],
    "translation": [
      1.70159268,
      0.8657666,
      -0.5741451
    ]
  },
  {
    "timeStamp": 74721,
    "rotation": [
      [
        0.954158545,
        0.144596919,
        0.2620557
      ],
      [
        0.0145571819,
        0.852100849,
        -0.5231751
      ],
      [
        -0.2989474,
        0.5030068,
        0.810934365
      ]
    ],
    "translation": [
      1.73635745,
      0.891989768,
      -0.583456337
    ]
  },
  {
    "timeStamp": 74766,
    "rotation": [
      [
        0.9211671,
        0.176180318,
        0.347003937
      ],
      [
        0.0241249949,
        0.8640906,
        -0.5027577
      ],
      [
        -0.388418883,
        0.47149533,
        0.791721463
      ]
    ],
    "translation": [
      1.76667976,
      0.911553264,
      -0.5921986
    ]
  },
  {
    "timeStamp": 74821,
    "rotation": [
      [
        0.878986239,
        0.1939193,
        0.435635746
      ],
      [
        0.0458109379,
        0.8750085,
        -0.4819352
      ],
      [
        -0.4746415,
        0.4435713,
        0.7602368
      ]
    ],
    "translation": [
      1.80717456,
      0.9356869,
      -0.605731666
    ]
  },
  {
    "timeStamp": 74866,
    "rotation": [
      [
        0.8291268,
        0.21726343,
        0.5151169
      ],
      [
        0.05407738,
        0.8859087,
        -0.460696548
      ],
      [
        -0.5564391,
        0.409832,
        0.7227816
      ]
    ],
    "translation": [
      1.84256423,
      0.9541864,
      -0.618655741
    ]
  },
  {
    "timeStamp": 74921,
    "rotation": [
      [
        0.760626435,
        0.235955656,
        0.604791164
      ],
      [
        0.06643598,
        0.8984261,
        -0.43407
      ],
      [
        -0.645781457,
        0.370345,
        0.667690754
      ]
    ],
    "translation": [
      1.88729548,
      0.9752061,
      -0.6388565
    ]
  },
  {
    "timeStamp": 74965,
    "rotation": [
      [
        0.6974001,
        0.2609823,
        0.667473853
      ],
      [
        0.0720317662,
        0.901098,
        -0.427590668
      ],
      [
        -0.713053,
        0.346281081,
        0.6096268
      ]
    ],
    "translation": [
      1.92188621,
      0.9878003,
      -0.6562135
    ]
  },
  {
    "timeStamp": 75021,
    "rotation": [
      [
        0.6040857,
        0.296247631,
        0.739809334
      ],
      [
        0.04901954,
        0.9127654,
        -0.4055323
      ],
      [
        -0.795410335,
        0.281241357,
        0.5368666
      ]
    ],
    "translation": [
      1.96250618,
      0.9986351,
      -0.6805344
    ]
  },
  {
    "timeStamp": 75066,
    "rotation": [
      [
        0.540272,
        0.322234243,
        0.7773489
      ],
      [
        0.0331694335,
        0.914903343,
        -0.402308017
      ],
      [
        -0.840836465,
        0.243139967,
        0.4836083
      ]
    ],
    "translation": [
      1.99205041,
      1.00403154,
      -0.696572244
    ]
  },
  {
    "timeStamp": 75121,
    "rotation": [
      [
        0.469250739,
        0.349708617,
        0.810868442
      ],
      [
        -0.00639389548,
        0.919564664,
        -0.3928866
      ],
      [
        -0.8830418,
        0.179177716,
        0.4337424
      ]
    ],
    "translation": [
      2.0261333,
      1.0070343,
      -0.7126179
    ]
  },
  {
    "timeStamp": 75176,
    "rotation": [
      [
        0.394967675,
        0.381600767,
        0.8356921
      ],
      [
        -0.0493420139,
        0.9171498,
        -0.39547646
      ],
      [
        -0.917369,
        0.114965685,
        0.381073475
      ]
    ],
    "translation": [
      2.05653977,
      1.00680649,
      -0.726544142
    ]
  },
  {
    "timeStamp": 75221,
    "rotation": [
      [
        0.3514925,
        0.4125367,
        0.8403966
      ],
      [
        -0.06302227,
        0.9060671,
        -0.418414444
      ],
      [
        -0.934066951,
        0.09410584,
        0.3444748
      ]
    ],
    "translation": [
      2.07762766,
      1.0019933,
      -0.737545848
    ]
  },
  {
    "timeStamp": 75272,
    "rotation": [
      [
        0.296688825,
        0.4817859,
        0.8245351
      ],
      [
        -0.0801596045,
        0.8729278,
        -0.481218845
      ],
      [
        -0.951604,
        0.07667786,
        0.2976077
      ]
    ],
    "translation": [
      2.097313,
      0.986941755,
      -0.747759
    ]
  },
  {
    "timeStamp": 75316,
    "rotation": [
      [
        0.306849539,
        0.5401172,
        0.783656
      ],
      [
        -0.0471388,
        0.830991447,
        -0.554284334
      ],
      [
        -0.95059,
        0.133141279,
        0.2804498
      ]
    ],
    "translation": [
      2.10460258,
      0.971901536,
      -0.751103938
    ]
  },
  {
    "timeStamp": 75371,
    "rotation": [
      [
        0.28767848,
        0.5872823,
        0.756531954
      ],
      [
        -0.06392474,
        0.799937248,
        -0.5966691
      ],
      [
        -0.9555913,
        0.123287752,
        0.2676666
      ]
    ],
    "translation": [
      2.10902143,
      0.9554047,
      -0.7564797
    ]
  },
  {
    "timeStamp": 75416,
    "rotation": [
      [
        0.3018833,
        0.6166018,
        0.7270961
      ],
      [
        -0.02755195,
        0.768003166,
        -0.6398531
      ],
      [
        -0.952946663,
        0.173128054,
        0.248835921
      ]
    ],
    "translation": [
      2.10950971,
      0.9457606,
      -0.762164831
    ]
  },
  {
    "timeStamp": 75471,
    "rotation": [
      [
        0.32447046,
        0.6432935,
        0.6934641
      ],
      [
        -0.01731942,
        0.737047,
        -0.675619543
      ],
      [
        -0.9457373,
        0.207208186,
        0.250291437
      ]
    ],
    "translation": [
      2.109476,
      0.935758233,
      -0.766268969
    ]
  },
  {
    "timeStamp": 75515,
    "rotation": [
      [
        0.327255577,
        0.6590448,
        0.6771734
      ],
      [
        -0.033988744,
        0.724380255,
        -0.6885623
      ],
      [
        -0.9443244,
        0.202319577,
        0.2594576
      ]
    ],
    "translation": [
      2.10948133,
      0.9280474,
      -0.768637657
    ]
  },
  {
    "timeStamp": 75571,
    "rotation": [
      [
        0.344486833,
        0.6775493,
        0.649812043
      ],
      [
        -0.0336503051,
        0.7006466,
        -0.712714553
      ],
      [
        -0.938187838,
        0.2236544,
        0.264163256
      ]
    ],
    "translation": [
      2.110479,
      0.919893563,
      -0.770739
    ]
  },
  {
    "timeStamp": 75616,
    "rotation": [
      [
        0.349079221,
        0.6958341,
        0.627661169
      ],
      [
        -0.06996452,
        0.6872792,
        -0.7230161
      ],
      [
        -0.934477746,
        0.208475858,
        0.288598567
      ]
    ],
    "translation": [
      2.110217,
      0.9124786,
      -0.7696521
    ]
  },
  {
    "timeStamp": 75671,
    "rotation": [
      [
        0.3566043,
        0.714563847,
        0.601857
      ],
      [
        -0.0840517953,
        0.666136146,
        -0.7410789
      ],
      [
        -0.9304669,
        0.213684782,
        0.2976074
      ]
    ],
    "translation": [
      2.10928154,
      0.902063668,
      -0.7685321
    ]
  },
  {
    "timeStamp": 75717,
    "rotation": [
      [
        0.357738435,
        0.7232599,
        0.590693057
      ],
      [
        -0.109021805,
        0.6605765,
        -0.7428007
      ],
      [
        -0.927435935,
        0.201329947,
        0.315164715
      ]
    ],
    "translation": [
      2.10851383,
      0.895389,
      -0.767822564
    ]
  },
  {
    "timeStamp": 75774,
    "rotation": [
      [
        0.3696147,
        0.7349872,
        0.5684882
      ],
      [
        -0.117912181,
        0.6439684,
        -0.755911
      ],
      [
        -0.9216733,
        0.212364122,
        0.3246841
      ]
    ],
    "translation": [
      2.10791254,
      0.8886147,
      -0.7679736
    ]
  },
  {
    "timeStamp": 75819,
    "rotation": [
      [
        0.368783623,
        0.738241136,
        0.564799666
      ],
      [
        -0.13273865,
        0.6432273,
        -0.7540816
      ],
      [
        -0.919988632,
        0.2031222,
        0.33520484
      ]
    ],
    "translation": [
      2.10793424,
      0.884737253,
      -0.7687267
    ]
  },
  {
    "timeStamp": 75876,
    "rotation": [
      [
        0.371751547,
        0.7490218,
        0.548422337
      ],
      [
        -0.137558654,
        0.628684759,
        -0.7653973
      ],
      [
        -0.9180841,
        0.209097385,
        0.336749
      ]
    ],
    "translation": [
      2.107546,
      0.8799621,
      -0.7693737
    ]
  },
  {
    "timeStamp": 75920,
    "rotation": [
      [
        0.36757946,
        0.7592542,
        0.537045956
      ],
      [
        -0.146697685,
        0.6175813,
        -0.7727051
      ],
      [
        -0.9183491,
        0.2052471,
        0.338391036
      ]
    ],
    "translation": [
      2.10717344,
      0.874745667,
      -0.7701252
    ]
  },
  {
    "timeStamp": 75976,
    "rotation": [
      [
        0.3569433,
        0.7714357,
        0.5267622
      ],
      [
        -0.156057969,
        0.6052304,
        -0.780603647
      ],
      [
        -0.920998037,
        0.196425825,
        0.336421639
      ]
    ],
    "translation": [
      2.10723329,
      0.8687329,
      -0.771098256
    ]
  },
  {
    "timeStamp": 76020,
    "rotation": [
      [
        0.354836047,
        0.7788264,
        0.5172241
      ],
      [
        -0.167878583,
        0.5973084,
        -0.784244537
      ],
      [
        -0.91973263,
        0.191447392,
        0.342694819
      ]
    ],
    "translation": [
      2.10796332,
      0.864057839,
      -0.7712603
    ]
  },
  {
    "timeStamp": 76076,
    "rotation": [
      [
        0.3485415,
        0.7838822,
        0.513855636
      ],
      [
        -0.1802069,
        0.5940489,
        -0.7839843
      ],
      [
        -0.9198067,
        0.180650741,
        0.348311663
      ]
    ],
    "translation": [
      2.10871625,
      0.8588563,
      -0.772097766
    ]
  },
  {
    "timeStamp": 76120,
    "rotation": [
      [
        0.351362169,
        0.7858577,
        0.5088933
      ],
      [
        -0.183898956,
        0.5908916,
        -0.7855115
      ],
      [
        -0.918001,
        0.182414085,
        0.35213536
      ]
    ],
    "translation": [
      2.10976648,
      0.856090546,
      -0.772506654
    ]
  },
  {
    "timeStamp": 76176,
    "rotation": [
      [
        0.3564635,
        0.7835269,
        0.508939564
      ],
      [
        -0.187580734,
        0.5936487,
        -0.782556534
      ],
      [
        -0.915285349,
        0.183485568,
        0.3585886
      ]
    ],
    "translation": [
      2.10978627,
      0.8534254,
      -0.7723214
    ]
  },
  {
    "timeStamp": 76220,
    "rotation": [
      [
        0.351728916,
        0.7877177,
        0.5057545
      ],
      [
        -0.200371772,
        0.5911083,
        -0.781307936
      ],
      [
        -0.914405763,
        0.173469692,
        0.3657463
      ]
    ],
    "translation": [
      2.10841966,
      0.851153,
      -0.7718082
    ]
  },
  {
    "timeStamp": 76276,
    "rotation": [
      [
        0.357495755,
        0.786658049,
        0.503354549
      ],
      [
        -0.208222181,
        0.5925441,
        -0.7781613
      ],
      [
        -0.910406649,
        0.173379764,
        0.37563166
      ]
    ],
    "translation": [
      2.10703731,
      0.8492308,
      -0.7698834
    ]
  },
  {
    "timeStamp": 76320,
    "rotation": [
      [
        0.362270623,
        0.7858626,
        0.5011785
      ],
      [
        -0.220157236,
        0.594634354,
        -0.773266256
      ],
      [
        -0.905699,
        0.169793561,
        0.3884319
      ]
    ],
    "translation": [
      2.10581255,
      0.8477107,
      -0.7677784
    ]
  },
  {
    "timeStamp": 76376,
    "rotation": [
      [
        0.354738146,
        0.789505363,
        0.5008413
      ],
      [
        -0.21648182,
        0.590479434,
        -0.77747643
      ],
      [
        -0.909558356,
        0.167377487,
        0.38037914
      ]
    ],
    "translation": [
      2.10397339,
      0.846541166,
      -0.7676668
    ]
  }
]