[
  {
    "timeStamp": 89036,
    "rotation": [
      [
        1.0,
        4.24407065E-10,
        -8.293282E-09
      ],
      [
        6.83059342E-09,
        0.5259057,
        0.8505429
      ],
      [
        4.72245976E-09,
        -0.8505429,
        0.5259057
      ]
    ],
    "translation": [
      1.462,
      0.7211401,
      -0.36
    ]
  },
  {
    "timeStamp": 89083,
    "rotation": [
      [
        0.999932051,
        -0.006541117,
        -0.009653115
      ],
      [
        0.0116468668,
        0.5201431,
        0.853999734
      ],
      [
        -0.0005651117,
        -0.8540541,
        0.520183861
      ]
    ],
    "translation": [
      1.46151578,
      0.720816135,
      -0.3601265
    ]
  },
  {
    "timeStamp": 89136,
    "rotation": [
      [
        0.999934256,
        -0.00751440926,
        -0.008664839
      ],
      [
        0.0113118915,
        0.521386564,
        0.8532456
      ],
      [
        -0.00189390569,
        -0.8532875,
        0.5214372
      ]
    ],
    "translation": [
      1.46147561,
      0.720872,
      -0.360090226
    ]
  },
  {
    "timeStamp": 89180,
    "rotation": [
      [
        0.9999802,
        -0.00374754681,
        -0.0050515933
      ],
      [
        0.0062548453,
        0.5078144,
        0.8614438
      ],
      [
        -0.0006630297,
        -0.861458361,
        0.507827759
      ]
    ],
    "translation": [
      1.46162152,
      0.7203216,
      -0.360409737
    ]
  },
  {
    "timeStamp": 89225,
    "rotation": [
      [
        0.999833047,
        0.0008840443,
        0.0182506982
      ],
      [
        -0.016319463,
        0.4924653,
        0.8701791
      ],
      [
        -0.008218556,
        -0.8703317,
        0.492397457
      ]
    ],
    "translation": [
      1.461768,
      0.7198209,
      -0.360702425
    ]
  },
  {
    "timeStamp": 89280,
    "rotation": [
      [
        0.999491334,
        -0.0183274969,
        0.0260999519
      ],
      [
        -0.0130444448,
        0.5118644,
        0.8589672
      ],
      [
        -0.0291023571,
        -0.858870745,
        0.511365
      ]
    ],
    "translation": [
      1.46675169,
      0.725089431,
      -0.365048826
    ]
  },
  {
    "timeStamp": 89336,
    "rotation": [
      [
        0.9973188,
        -0.0470658652,
        0.0560359024
      ],
      [
        -0.0252029914,
        0.4979785,
        0.866823
      ],
      [
        -0.06870246,
        -0.8659111,
        0.495457143
      ]
    ],
    "translation": [
      1.47414041,
      0.733577967,
      -0.36852634
    ]
  },
  {
    "timeStamp": 89381,
    "rotation": [
      [
        0.992901146,
        -0.085835,
        0.0823385045
      ],
      [
        -0.0308508314,
        0.482713372,
        0.875234842
      ],
      [
        -0.114871681,
        -0.8715619,
        0.4766386
      ]
    ],
    "translation": [
      1.48465574,
      0.744833052,
      -0.372393876
    ]
  },
  {
    "timeStamp": 89425,
    "rotation": [
      [
        0.9820061,
        -0.14124842,
        0.125351787
      ],
      [
        -0.04558381,
        0.46685192,
        0.8831599
      ],
      [
        -0.183265671,
        -0.8729824,
        0.452012748
      ]
    ],
    "translation": [
      1.49965239,
      0.759034,
      -0.3782109
    ]
  },
  {
    "timeStamp": 89481,
    "rotation": [
      [
        0.954793,
        -0.236783952,
        0.179732248
      ],
      [
        -0.0543133281,
        0.455478519,
        0.8885884
      ],
      [
        -0.29226765,
        -0.858179867,
        0.4220272
      ]
    ],
    "translation": [
      1.528762,
      0.7811745,
      -0.390383273
    ]
  },
  {
    "timeStamp": 89526,
    "rotation": [
      [
        0.911536,
        -0.335200667,
        0.238207176
      ],
      [
        -0.0681467056,
        0.448126525,
        0.891369
      ],
      [
        -0.405534416,
        -0.8287479,
        0.385640621
      ]
    ],
    "translation": [
      1.56086659,
      0.802340448,
      -0.403036445
    ]
  },
  {
    "timeStamp": 89581,
    "rotation": [
      [
        0.841756344,
        -0.46523115,
        0.273872524
      ],
      [
        -0.045487836,
        0.444379866,
        0.8946828
      ],
      [
        -0.53793776,
        -0.765562832,
        0.352897227
      ]
    ],
    "translation": [
      1.61211848,
      0.8317074,
      -0.424615264
    ]
  },
  {
    "timeStamp": 89625,
    "rotation": [
      [
        0.7558242,
        -0.5782164,
        0.3072386
      ],
      [
        -0.0171874724,
        0.451546162,
        0.8920822
      ],
      [
        -0.6545489,
        -0.679538,
        0.331351459
      ]
    ],
    "translation": [
      1.662433,
      0.855944633,
      -0.449186385
    ]
  },
  {
    "timeStamp": 89681,
    "rotation": [
      [
        0.6149265,
        -0.714153051,
        0.3344409
      ],
      [
        0.0204603933,
        0.4384089,
        0.8985427
      ],
      [
        -0.7883189,
        -0.545694947,
        0.284201115
      ]
    ],
    "translation": [
      1.73113549,
      0.8880198,
      -0.484280884
    ]
  },
  {
    "timeStamp": 89725,
    "rotation": [
      [
        0.482590646,
        -0.799846,
        0.356864929
      ],
      [
        0.053019464,
        0.433383167,
        0.8996488
      ],
      [
        -0.874239743,
        -0.4152413,
        0.251554072
      ]
    ],
    "translation": [
      1.78713357,
      0.9117132,
      -0.5168066
    ]
  },
  {
    "timeStamp": 89781,
    "rotation": [
      [
        0.2972845,
        -0.871129632,
        0.3908389
      ],
      [
        0.07560317,
        0.429537863,
        0.8998785
      ],
      [
        -0.951791,
        -0.237971276,
        0.193555117
      ]
    ],
    "translation": [
      1.85313749,
      0.9366213,
      -0.558039844
    ]
  },
  {
    "timeStamp": 89825,
    "rotation": [
      [
        0.163401365,
        -0.8919332,
        0.4216102
      ],
      [
        0.102802716,
        0.440421253,
        0.891886055
      ],
      [
        -0.9811889,
        -0.102392733,
        0.1636586
      ]
    ],
    "translation": [
      1.90052235,
      0.9499124,
      -0.589430153
    ]
  },
  {
    "timeStamp": 89880,
    "rotation": [
      [
        0.028082734,
        -0.892839551,
        0.449498534
      ],
      [
        0.09682083,
        0.4499911,
        0.887769
      ],
      [
        -0.994905531,
        0.0185898319,
        0.09908244
      ]
    ],
    "translation": [
      1.95440817,
      0.9612009,
      -0.6190842
    ]
  },
  {
    "timeStamp": 89925,
    "rotation": [
      [
        -0.09811865,
        -0.8753013,
        0.473519176
      ],
      [
        0.0593338162,
        0.46982336,
        0.8807642
      ],
      [
        -0.9934044,
        0.114515088,
        0.005836535
      ]
    ],
    "translation": [
      1.99194682,
      0.965308249,
      -0.637747347
    ]
  },
  {
    "timeStamp": 89980,
    "rotation": [
      [
        -0.165932879,
        -0.8383886,
        0.519202
      ],
      [
        0.08550441,
        0.5122862,
        0.854547739
      ],
      [
        -0.9824231,
        0.186191633,
        -0.0133191878
      ]
    ],
    "translation": [
      2.03336167,
      0.9622746,
      -0.6549969
    ]
  },
  {
    "timeStamp": 90028,
    "rotation": [
      [
        -0.249837354,
        -0.807617664,
        0.5341677
      ],
      [
        0.04402411,
        0.5416174,
        0.8394716
      ],
      [
        -0.9672865,
        0.233247608,
        -0.0997616
      ]
    ],
    "translation": [
      2.060828,
      0.956759751,
      -0.6676409
    ]
  },
  {
    "timeStamp": 90076,
    "rotation": [
      [
        -0.410103619,
        -0.743865252,
        0.52771163
      ],
      [
        -0.00371260662,
        0.5799632,
        0.8146342
      ],
      [
        -0.912031353,
        0.332125247,
        -0.24060671
      ]
    ],
    "translation": [
      2.08673644,
      0.9461652,
      -0.689031
    ]
  },
  {
    "timeStamp": 90131,
    "rotation": [
      [
        -0.4534744,
        -0.664740443,
        0.593701243
      ],
      [
        0.0577985123,
        0.642794549,
        0.76385504
      ],
      [
        -0.8893932,
        0.380703747,
        -0.253069878
      ]
    ],
    "translation": [
      2.10132146,
      0.9294559,
      -0.7062524
    ]
  },
  {
    "timeStamp": 90175,
    "rotation": [
      [
        -0.51603514,
        -0.599027157,
        0.612269759
      ],
      [
        0.06340023,
        0.6861227,
        0.7247179
      ],
      [
        -0.8542179,
        0.412797958,
        -0.316084951
      ]
    ],
    "translation": [
      2.10740852,
      0.915727,
      -0.7125483
    ]
  },
  {
    "timeStamp": 90231,
    "rotation": [
      [
        -0.539661765,
        -0.509952962,
        0.669860542
      ],
      [
        0.113264,
        0.7444581,
        0.657991946
      ],
      [
        -0.834228039,
        0.430964172,
        -0.343996227
      ]
    ],
    "translation": [
      2.108842,
      0.89812994,
      -0.7157587
    ]
  },
  {
    "timeStamp": 90275,
    "rotation": [
      [
        -0.5514191,
        -0.456654876,
        0.698142767
      ],
      [
        0.142863035,
        0.772818,
        0.618338466
      ],
      [
        -0.8219046,
        0.440702438,
        -0.3609075
      ]
    ],
    "translation": [
      2.10815358,
      0.885959446,
      -0.717107236
    ]
  },
  {
    "timeStamp": 90331,
    "rotation": [
      [
        -0.5962199,
        -0.372852564,
        0.7109872
      ],
      [
        0.151217163,
        0.8176027,
        0.5555711
      ],
      [
        -0.788451135,
        0.438756,
        -0.431089282
      ]
    ],
    "translation": [
      2.105021,
      0.8737808,
      -0.721140444
    ]
  },
  {
    "timeStamp": 90375,
    "rotation": [
      [
        -0.6045164,
        -0.32435,
        0.7275693
      ],
      [
        0.175048769,
        0.8369376,
        0.5185493
      ],
      [
        -0.777121544,
        0.440831661,
        -0.449165434
      ]
    ],
    "translation": [
      2.10364652,
      0.867264748,
      -0.7272678
    ]
  },
  {
    "timeStamp": 90431,
    "rotation": [
      [
        -0.6303237,
        -0.284856915,
        0.7221831
      ],
      [
        0.173200786,
        0.855203748,
        0.488495618
      ],
      [
        -0.756765068,
        0.432993054,
        -0.4897178
      ]
    ],
    "translation": [
      2.105553,
      0.8600062,
      -0.734624863
    ]
  },
  {
    "timeStamp": 90477,
    "rotation": [
      [
        -0.6313648,
        -0.247419044,
        0.734957337
      ],
      [
        0.195488453,
        0.866351366,
        0.459586322
      ],
      [
        -0.75044173,
        0.4338423,
        -0.4986162
      ]
    ],
    "translation": [
      2.105793,
      0.8550669,
      -0.7410466
    ]
  },
  {
    "timeStamp": 90534,
    "rotation": [
      [
        -0.6361053,
        -0.2224938,
        0.7388278
      ],
      [
        0.191800788,
        0.8818759,
        0.430705756
      ],
      [
        -0.7473838,
        0.415681958,
        -0.518291354
      ]
    ],
    "translation": [
      2.10745978,
      0.8459855,
      -0.745552
    ]
  },
  {
    "timeStamp": 90579,
    "rotation": [
      [
        -0.642695367,
        -0.227272779,
        0.731635034
      ],
      [
        0.156745762,
        0.8957759,
        0.415952265
      ],
      [
        -0.749915659,
        0.3820113,
        -0.540087
      ]
    ],
    "translation": [
      2.11138058,
      0.8380752,
      -0.744287252
    ]
  },
  {
    "timeStamp": 90636,
    "rotation": [
      [
        -0.623062849,
        -0.2289554,
        0.7479118
      ],
      [
        0.14531745,
        0.905667365,
        0.398308128
      ],
      [
        -0.768554151,
        0.356855631,
        -0.531016469
      ]
    ],
    "translation": [
      2.114146,
      0.8291347,
      -0.7432638
    ]
  },
  {
    "timeStamp": 90680,
    "rotation": [
      [
        -0.6201883,
        -0.219325483,
        0.7531686
      ],
      [
        0.156562358,
        0.9061958,
        0.3928071
      ],
      [
        -0.768670857,
        0.3615322,
        -0.5276739
      ]
    ],
    "translation": [
      2.11339784,
      0.8234564,
      -0.7454358
    ]
  },
  {
    "timeStamp": 90736,
    "rotation": [
      [
        -0.6154387,
        -0.236464441,
        0.751877546
      ],
      [
        0.131863937,
        0.9096006,
        0.394003451
      ],
      [
        -0.777076066,
        0.3416305,
        -0.52862227
      ]
    ],
    "translation": [
      2.11554813,
      0.817602932,
      -0.7476821
    ]
  },
  {
    "timeStamp": 90780,
    "rotation": [
      [
        -0.5967031,
        -0.235658556,
        0.7670792
      ],
      [
        0.147925422,
        0.9072229,
        0.393782556
      ],
      [
        -0.78871,
        0.34844178,
        -0.50648284
      ]
    ],
    "translation": [
      2.115091,
      0.8144409,
      -0.751321852
    ]
  },
  {
    "timeStamp": 90836,
    "rotation": [
      [
        -0.6032393,
        -0.2211356,
        0.766290665
      ],
      [
        0.150455624,
        0.9119906,
        0.381623238
      ],
      [
        -0.7832404,
        0.345502883,
        -0.5168774
      ]
    ],
    "translation": [
      2.1111412,
      0.8113281,
      -0.7538427
    ]
  }
]