[
  {
    "timeStamp": 99710,
    "rotation": [
      [
        0.990133,
        0.129524574,
        -0.0534793
      ],
      [
        -0.115811728,
        0.9712278,
        0.20809646
      ],
      [
        0.07889419,
        -0.19984965,
        0.9766452
      ]
    ],
    "translation": [
      1.28499246,
      0.7059726,
      -0.74315846
    ]
  },
  {
    "timeStamp": 99765,
    "rotation": [
      [
        0.997795939,
        0.0573929325,
        0.0333079435
      ],
      [
        -0.0577770174,
        0.998272359,
        0.0106850658
      ],
      [
        -0.0326371528,
        -0.0125859492,
        0.999388039
      ]
    ],
    "translation": [
      1.29416215,
      0.700285,
      -0.753809452
    ]
  },
  {
    "timeStamp": 99811,
    "rotation": [
      [
        0.999174833,
        0.0295992084,
        0.0278131366
      ],
      [
        -0.0313815847,
        0.997326136,
        0.06599853
      ],
      [
        -0.0257852636,
        -0.06681689,
        0.997432
      ]
    ],
    "translation": [
      1.29808867,
      0.703741968,
      -0.7529987
    ]
  },
  {
    "timeStamp": 99865,
    "rotation": [
      [
        0.9973034,
        -0.0437678248,
        0.05890957
      ],
      [
        0.0328838937,
        0.984115064,
        0.174459845
      ],
      [
        -0.06560952,
        -0.17205222,
        0.9829005
      ]
    ],
    "translation": [
      1.312315,
      0.7183425,
      -0.7390918
    ]
  },
  {
    "timeStamp": 99909,
    "rotation": [
      [
        0.9915779,
        -0.054341238,
        0.117559373
      ],
      [
        0.0287544355,
        0.9774332,
        0.209278628
      ],
      [
        -0.126278892,
        -0.204135716,
        0.970763743
      ]
    ],
    "translation": [
      1.327708,
      0.740085959,
      -0.724856853
    ]
  },
  {
    "timeStamp": 99965,
    "rotation": [
      [
        0.9689988,
        -0.07777171,
        0.234505549
      ],
      [
        0.0152861839,
        0.9662177,
        0.257273674
      ],
      [
        -0.246592015,
        -0.245713189,
        0.937452555
      ]
    ],
    "translation": [
      1.36295545,
      0.7747962,
      -0.700871
    ]
  },
  {
    "timeStamp": 100010,
    "rotation": [
      [
        0.936266,
        -0.139046326,
        0.322601944
      ],
      [
        0.04508541,
        0.9582978,
        0.282192528
      ],
      [
        -0.348386556,
        -0.249662638,
        0.903490663
      ]
    ],
    "translation": [
      1.4078126,
      0.805623233,
      -0.679949045
    ]
  },
  {
    "timeStamp": 100065,
    "rotation": [
      [
        0.847504139,
        -0.211999163,
        0.48661378
      ],
      [
        0.0524171442,
        0.9457214,
        0.320723355
      ],
      [
        -0.5281941,
        -0.246307477,
        0.8126153
      ]
    ],
    "translation": [
      1.48156571,
      0.8470065,
      -0.6587001
    ]
  },
  {
    "timeStamp": 100110,
    "rotation": [
      [
        0.7612502,
        -0.281138241,
        0.5843453
      ],
      [
        0.07168353,
        0.932091236,
        0.3550596
      ],
      [
        -0.644484,
        -0.228401259,
        0.729707658
      ]
    ],
    "translation": [
      1.548768,
      0.8812763,
      -0.646668136
    ]
  },
  {
    "timeStamp": 100165,
    "rotation": [
      [
        0.618891358,
        -0.348974973,
        0.7036973
      ],
      [
        0.09293844,
        0.9221266,
        0.375559628
      ],
      [
        -0.779958963,
        -0.167030066,
        0.6031293
      ]
    ],
    "translation": [
      1.63858974,
      0.916687,
      -0.6438871
    ]
  },
  {
    "timeStamp": 100209,
    "rotation": [
      [
        0.5164085,
        -0.415626526,
        0.748716831
      ],
      [
        0.134986863,
        0.9028974,
        0.408111274
      ],
      [
        -0.845636368,
        -0.1096852,
        0.522368
      ]
    ],
    "translation": [
      1.71046579,
      0.9427123,
      -0.6470244
    ]
  },
  {
    "timeStamp": 100265,
    "rotation": [
      [
        0.3823377,
        -0.4601691,
        0.80128783
      ],
      [
        0.1839348,
        0.887721241,
        0.422041446
      ],
      [
        -0.9055307,
        -0.0139776375,
        0.4240504
      ]
    ],
    "translation": [
      1.79825,
      0.9672276,
      -0.660950541
    ]
  },
  {
    "timeStamp": 100309,
    "rotation": [
      [
        0.260855764,
        -0.477610379,
        0.838953257
      ],
      [
        0.193374634,
        0.8772793,
        0.43930316
      ],
      [
        -0.945812047,
        0.04763751,
        0.321201116
      ]
    ],
    "translation": [
      1.86646318,
      0.983127058,
      -0.678329468
    ]
  },
  {
    "timeStamp": 100365,
    "rotation": [
      [
        0.15957135,
        -0.486038268,
        0.859246
      ],
      [
        0.227457091,
        0.865081847,
        0.447098076
      ],
      [
        -0.960624933,
        0.124097563,
        0.248595133
      ]
    ],
    "translation": [
      1.94478476,
      0.997367,
      -0.6988663
    ]
  },
  {
    "timeStamp": 100410,
    "rotation": [
      [
        0.0864406,
        -0.467306584,
        0.8798594
      ],
      [
        0.267704457,
        0.861578345,
        0.431296974
      ],
      [
        -0.9596157,
        0.19826071,
        0.199575409
      ]
    ],
    "translation": [
      2.00047827,
      1.00140429,
      -0.7168898
    ]
  },
  {
    "timeStamp": 100465,
    "rotation": [
      [
        0.030804066,
        -0.43140167,
        0.9016339
      ],
      [
        0.26803,
        0.87258935,
        0.408347636
      ],
      [
        -0.962918043,
        0.229086161,
        0.142507881
      ]
    ],
    "translation": [
      2.06163836,
      0.9972406,
      -0.734271049
    ]
  },
  {
    "timeStamp": 100509,
    "rotation": [
      [
        0.0197345745,
        -0.3800565,
        0.9247528
      ],
      [
        0.3140156,
        0.8804851,
        0.3551621
      ],
      [
        -0.9492127,
        0.2833778,
        0.136719674
      ]
    ],
    "translation": [
      2.100771,
      0.984659851,
      -0.7492845
    ]
  },
  {
    "timeStamp": 100564,
    "rotation": [
      [
        -0.00120364246,
        -0.316233367,
        0.9486807
      ],
      [
        0.333732,
        0.894164443,
        0.298484355
      ],
      [
        -0.9426672,
        0.316964358,
        0.104460947
      ]
    ],
    "translation": [
      2.13869548,
      0.9661958,
      -0.770745
    ]
  },
  {
    "timeStamp": 100611,
    "rotation": [
      [
        -0.0255790241,
        -0.261225879,
        0.96493876
      ],
      [
        0.306407183,
        0.916746438,
        0.256301761
      ],
      [
        -0.9515568,
        0.3022201,
        0.0565920137
      ]
    ],
    "translation": [
      2.158112,
      0.9482541,
      -0.785934865
    ]
  },
  {
    "timeStamp": 100660,
    "rotation": [
      [
        -0.004411963,
        -0.182973012,
        0.983108044
      ],
      [
        0.340163767,
        0.92421484,
        0.173538551
      ],
      [
        -0.9403559,
        0.335183382,
        0.0581631847
      ]
    ],
    "translation": [
      2.17252278,
      0.92345655,
      -0.802583933
    ]
  },
  {
    "timeStamp": 100715,
    "rotation": [
      [
        -0.0213486031,
        -0.140882,
        0.989796162
      ],
      [
        0.288853139,
        0.9469317,
        0.1410111
      ],
      [
        -0.9571353,
        0.288916141,
        0.02047854
      ]
    ],
    "translation": [
      2.179849,
      0.904106438,
      -0.8092598
    ]
  },
  {
    "timeStamp": 100759,
    "rotation": [
      [
        0.0192372743,
        -0.10529235,
        0.994255245
      ],
      [
        0.31739372,
        0.9436442,
        0.09379154
      ],
      [
        -0.9480987,
        0.313766062,
        0.0515722744
      ]
    ],
    "translation": [
      2.18329453,
      0.890452445,
      -0.812508166
    ]
  },
  {
    "timeStamp": 100815,
    "rotation": [
      [
        0.0573493764,
        -0.07891964,
        0.995229959
      ],
      [
        0.302501053,
        0.951382041,
        0.0580111966
      ],
      [
        -0.951422155,
        0.297731221,
        0.07843444
      ]
    ],
    "translation": [
      2.18819022,
      0.875215,
      -0.808580041
    ]
  },
  {
    "timeStamp": 100863,
    "rotation": [
      [
        0.0604745038,
        -0.05759942,
        0.996506453
      ],
      [
        0.25930956,
        0.9649639,
        0.040039625
      ],
      [
        -0.9638991,
        0.25598228,
        0.07329179
      ]
    ],
    "translation": [
      2.19241524,
      0.8638489,
      -0.802760959
    ]
  },
  {
    "timeStamp": 100915,
    "rotation": [
      [
        0.09181051,
        -0.0249830689,
        0.9954631
      ],
      [
        0.258856416,
        0.96591574,
        0.0003674666
      ],
      [
        -0.9615426,
        0.2576483,
        0.09514824
      ]
    ],
    "translation": [
      2.19473,
      0.850645542,
      -0.798303068
    ]
  },
  {
    "timeStamp": 100959,
    "rotation": [
      [
        0.09700653,
        0.00304753263,
        0.995279133
      ],
      [
        0.246487126,
        0.9687702,
        -0.0269906372
      ],
      [
        -0.964279,
        0.247941747,
        0.09322585
      ]
    ],
    "translation": [
      2.19498777,
      0.840609252,
      -0.7959349
    ]
  },
  {
    "timeStamp": 101015,
    "rotation": [
      [
        0.07219643,
        0.02991794,
        0.9969416
      ],
      [
        0.215285718,
        0.975519955,
        -0.0448656231
      ],
      [
        -0.9738787,
        0.217866421,
        0.06398815
      ]
    ],
    "translation": [
      2.19624114,
      0.830514252,
      -0.795291245
    ]
  },
  {
    "timeStamp": 101060,
    "rotation": [
      [
        0.07137056,
        0.0468577035,
        0.9963486
      ],
      [
        0.2508962,
        0.9659356,
        -0.06339962
      ],
      [
        -0.965379357,
        0.254504949,
        0.05718294
      ]
    ],
    "translation": [
      2.19817257,
      0.824121833,
      -0.799255431
    ]
  },
  {
    "timeStamp": 101106,
    "rotation": [
      [
        0.0491978861,
        0.048904743,
        0.997591
      ],
      [
        0.366165817,
        0.9283757,
        -0.0635696948
      ],
      [
        -0.929248154,
        0.368411243,
        0.0277668759
      ]
    ],
    "translation": [
      2.20122123,
      0.820696533,
      -0.8073735
    ]
  },
  {
    "timeStamp": 101164,
    "rotation": [
      [
        0.07246248,
        0.046673,
        0.996278465
      ],
      [
        0.500370264,
        0.8623991,
        -0.07679462
      ],
      [
        -0.862773836,
        0.504072845,
        0.03913779
      ]
    ],
    "translation": [
      2.205621,
      0.82108736,
      -0.818792343
    ]
  },
  {
    "timeStamp": 101208,
    "rotation": [
      [
        0.0344525538,
        0.0551028252,
        0.9978861
      ],
      [
        0.5090298,
        0.8582935,
        -0.06496911
      ],
      [
        -0.860059142,
        0.510192156,
        0.00152142125
      ]
    ],
    "translation": [
      2.2069087,
      0.819594264,
      -0.819007158
    ]
  },
  {
    "timeStamp": 101264,
    "rotation": [
      [
        0.008194423,
        0.05164692,
        0.998631835
      ],
      [
        0.5162094,
        0.8550904,
        -0.0484591275
      ],
      [
        -0.8564232,
        0.5159002,
        -0.0196536537
      ]
    ],
    "translation": [
      2.2083292,
      0.819222867,
      -0.819072366
    ]
  },
  {
    "timeStamp": 101309,
    "rotation": [
      [
        0.00361733744,
        0.04292617,
        0.999071658
      ],
      [
        0.522087932,
        0.8520223,
        -0.03849836
      ],
      [
        -0.852883935,
        0.5217426,
        -0.0193291847
      ]
    ],
    "translation": [
      2.20860362,
      0.8183241,
      -0.8190995
    ]
  }
]