[
  {
    "timeStamp": 6456,
    "rotation": [
      [
        0.998386562,
        -0.0521658435,
        0.0224269554
      ],
      [
        -0.0221583322,
        0.005722126,
        0.9997381
      ],
      [
        -0.05228051,
        -0.99862206,
        0.004556986
      ]
    ],
    "translation": [
      1.76937377,
      0.7014753,
      -0.3579296
    ]
  },
  {
    "timeStamp": 6512,
    "rotation": [
      [
        0.9974581,
        -0.05852374,
        0.0406485051
      ],
      [
        -0.0404462963,
        0.00463605,
        0.999170959
      ],
      [
        -0.05866367,
        -0.9982752,
        0.00225719763
      ]
    ],
    "translation": [
      1.76713657,
      0.7030742,
      -0.3569475
    ]
  },
  {
    "timeStamp": 6557,
    "rotation": [
      [
        0.9918456,
        -0.104052395,
        0.0735895038
      ],
      [
        -0.07750709,
        -0.0341165364,
        0.9964079
      ],
      [
        -0.101168029,
        -0.993986547,
        -0.0419031344
      ]
    ],
    "translation": [
      1.77072167,
      0.7178854,
      -0.356935769
    ]
  },
  {
    "timeStamp": 6602,
    "rotation": [
      [
        0.989806831,
        -0.114513345,
        0.0846703351
      ],
      [
        -0.09542493,
        -0.09194192,
        0.9911815
      ],
      [
        -0.105718747,
        -0.9891579,
        -0.101932175
      ]
    ],
    "translation": [
      1.77640533,
      0.742995,
      -0.355908841
    ]
  },
  {
    "timeStamp": 6658,
    "rotation": [
      [
        0.987945437,
        -0.131249264,
        0.0820816457
      ],
      [
        -0.106202684,
        -0.188885882,
        0.976239264
      ],
      [
        -0.11262662,
        -0.97318846,
        -0.200547978
      ]
    ],
    "translation": [
      1.7934649,
      0.784395635,
      -0.359235
    ]
  },
  {
    "timeStamp": 6703,
    "rotation": [
      [
        0.9835479,
        -0.162682459,
        0.07853619
      ],
      [
        -0.118032657,
        -0.249613032,
        0.9611252
      ],
      [
        -0.136754557,
        -0.9545825,
        -0.264708221
      ]
    ],
    "translation": [
      1.81775773,
      0.8200551,
      -0.36370188
    ]
  },
  {
    "timeStamp": 6758,
    "rotation": [
      [
        0.9783233,
        -0.192416981,
        0.07654579
      ],
      [
        -0.1331235,
        -0.301233,
        0.944212258
      ],
      [
        -0.158624336,
        -0.933934867,
        -0.32031846
      ]
    ],
    "translation": [
      1.85164726,
      0.860171258,
      -0.377801538
    ]
  },
  {
    "timeStamp": 6802,
    "rotation": [
      [
        0.973668,
        -0.219819427,
        0.0604156256
      ],
      [
        -0.1347068,
        -0.340964,
        0.930375
      ],
      [
        -0.183914945,
        -0.9140147,
        -0.361596882
      ]
    ],
    "translation": [
      1.88788044,
      0.8927451,
      -0.391086161
    ]
  },
  {
    "timeStamp": 6858,
    "rotation": [
      [
        0.96079427,
        -0.276927322,
        0.0136214206
      ],
      [
        -0.123826042,
        -0.38461858,
        0.9147326
      ],
      [
        -0.2480754,
        -0.8805565,
        -0.403830171
      ]
    ],
    "translation": [
      1.94395363,
      0.9282709,
      -0.414180726
    ]
  },
  {
    "timeStamp": 6902,
    "rotation": [
      [
        0.944231451,
        -0.3276287,
        -0.0329604559
      ],
      [
        -0.108428508,
        -0.403877079,
        0.9083648
      ],
      [
        -0.310918331,
        -0.8541327,
        -0.416877747
      ]
    ],
    "translation": [
      1.99623454,
      0.9495388,
      -0.4352841
    ]
  },
  {
    "timeStamp": 6958,
    "rotation": [
      [
        0.9127599,
        -0.397069573,
        -0.09594335
      ],
      [
        -0.0778156146,
        -0.399579018,
        0.91339004
      ],
      [
        -0.401016325,
        -0.8262399,
        -0.395617932
      ]
    ],
    "translation": [
      2.06200528,
      0.9608365,
      -0.464106351
    ]
  },
  {
    "timeStamp": 7002,
    "rotation": [
      [
        0.8831079,
        -0.449238777,
        -0.135295779
      ],
      [
        -0.054183986,
        -0.3840997,
        0.921700358
      ],
      [
        -0.4660306,
        -0.80663,
        -0.363543034
      ]
    ],
    "translation": [
      2.1132915,
      0.9617904,
      -0.488760173
    ]
  },
  {
    "timeStamp": 7058,
    "rotation": [
      [
        0.852107942,
        -0.4992875,
        -0.156920522
      ],
      [
        -0.0165698361,
        -0.32541576,
        0.945425868
      ],
      [
        -0.5231037,
        -0.803004742,
        -0.285562456
      ]
    ],
    "translation": [
      2.1661973,
      0.9501431,
      -0.5159201
    ]
  },
  {
    "timeStamp": 7105,
    "rotation": [
      [
        0.8363713,
        -0.5275264,
        -0.148993254
      ],
      [
        0.0127113508,
        -0.253066957,
        0.967365265
      ],
      [
        -0.548015952,
        -0.8109704,
        -0.204952359
      ]
    ],
    "translation": [
      2.19818115,
      0.9294846,
      -0.535433769
    ]
  },
  {
    "timeStamp": 7152,
    "rotation": [
      [
        0.835465848,
        -0.5342842,
        -0.1285974
      ],
      [
        0.03697403,
        -0.178827241,
        0.9831855
      ],
      [
        -0.548297167,
        -0.8261727,
        -0.129649416
      ]
    ],
    "translation": [
      2.2236886,
      0.904036343,
      -0.553217649
    ]
  },
  {
    "timeStamp": 7208,
    "rotation": [
      [
        0.849599242,
        -0.516302645,
        -0.107762665
      ],
      [
        0.0525952727,
        -0.120363653,
        0.99133563
      ],
      [
        -0.524799943,
        -0.8479058,
        -0.07510579
      ]
    ],
    "translation": [
      2.23599672,
      0.8854088,
      -0.5587144
    ]
  },
  {
    "timeStamp": 7252,
    "rotation": [
      [
        0.8536547,
        -0.511097133,
        -0.100266851
      ],
      [
        0.0501890555,
        -0.110893145,
        0.992564261
      ],
      [
        -0.51841563,
        -0.8523394,
        -0.06901297
      ]
    ],
    "translation": [
      2.24060559,
      0.874911964,
      -0.5552382
    ]
  },
  {
    "timeStamp": 7308,
    "rotation": [
      [
        0.8719084,
        -0.480962783,
        -0.09192713
      ],
      [
        0.0544039942,
        -0.0914211348,
        0.9943251
      ],
      [
        -0.4866374,
        -0.871961653,
        -0.05354456
      ]
    ],
    "translation": [
      2.24057651,
      0.862554848,
      -0.547887444
    ]
  },
  {
    "timeStamp": 7352,
    "rotation": [
      [
        0.8781586,
        -0.468960851,
        -0.09440969
      ],
      [
        0.0608144365,
        -0.08631263,
        0.9944102
      ],
      [
        -0.474488258,
        -0.878991365,
        -0.0472765826
      ]
    ],
    "translation": [
      2.240741,
      0.8558028,
      -0.5416476
    ]
  },
  {
    "timeStamp": 7408,
    "rotation": [
      [
        0.8848553,
        -0.454491884,
        -0.102314875
      ],
      [
        0.0755732358,
        -0.07667646,
        0.994187832
      ],
      [
        -0.459695429,
        -0.8874446,
        -0.03350015
      ]
    ],
    "translation": [
      2.24175572,
      0.847805142,
      -0.5363126
    ]
  },
  {
    "timeStamp": 7453,
    "rotation": [
      [
        0.8857268,
        -0.4549232,
        -0.09237378
      ],
      [
        0.07219599,
        -0.0615731962,
        0.995488048
      ],
      [
        -0.458558381,
        -0.8883995,
        -0.0216933955
      ]
    ],
    "translation": [
      2.24323964,
      0.8405447,
      -0.534108
    ]
  },
  {
    "timeStamp": 7509,
    "rotation": [
      [
        0.8834327,
        -0.459507257,
        -0.0916499943
      ],
      [
        0.0778588057,
        -0.048919145,
        0.9957635
      ],
      [
        -0.462044,
        -0.88682574,
        -0.007440089
      ]
    ],
    "translation": [
      2.24746966,
      0.8317917,
      -0.5327161
    ]
  }
]