[
  {
    "timeStamp": 4381,
    "rotation": [
      [
        0.9968716,
        -0.0247789659,
        -0.075053975
      ],
      [
        0.07563488,
        0.02340242,
        0.9968609
      ],
      [
        -0.02294474,
        -0.999419,
        0.02520336
      ]
    ],
    "translation": [
      1.771263,
      0.699790955,
      -0.619549155
    ]
  },
  {
    "timeStamp": 4426,
    "rotation": [
      [
        0.998249233,
        -0.0439768136,
        -0.0395533964
      ],
      [
        0.040760193,
        0.026891971,
        0.998807
      ],
      [
        -0.04286069,
        -0.9986705,
        0.0286373943
      ]
    ],
    "translation": [
      1.77153015,
      0.7025998,
      -0.619717538
    ]
  },
  {
    "timeStamp": 4481,
    "rotation": [
      [
        0.9997394,
        0.015822256,
        -0.016455194
      ],
      [
        0.0152579881,
        0.07301957,
        0.9972138
      ],
      [
        0.0169797242,
        -0.997204959,
        0.07275913
      ]
    ],
    "translation": [
      1.76601636,
      0.709473,
      -0.629803836
    ]
  },
  {
    "timeStamp": 4525,
    "rotation": [
      [
        0.998514235,
        0.0542996451,
        0.00456228945
      ],
      [
        -0.00596590573,
        0.0257155,
        0.9996515
      ],
      [
        0.0541633964,
        -0.9981935,
        0.02600124
      ]
    ],
    "translation": [
      1.76504207,
      0.730932355,
      -0.62873596
    ]
  },
  {
    "timeStamp": 4581,
    "rotation": [
      [
        0.9964968,
        0.0549434647,
        0.06305077
      ],
      [
        -0.0587048121,
        -0.07741302,
        0.9952693
      ],
      [
        0.0595644936,
        -0.995484054,
        -0.07391638
      ]
    ],
    "translation": [
      1.774927,
      0.7785949,
      -0.6223623
    ]
  },
  {
    "timeStamp": 4625,
    "rotation": [
      [
        0.9953161,
        0.0253002942,
        0.09330447
      ],
      [
        -0.08804212,
        -0.16141957,
        0.9829508
      ],
      [
        0.03993012,
        -0.9865615,
        -0.158436015
      ]
    ],
    "translation": [
      1.79826939,
      0.8214566,
      -0.6148339
    ]
  },
  {
    "timeStamp": 4681,
    "rotation": [
      [
        0.9968973,
        -0.0426483527,
        0.0661572143
      ],
      [
        -0.0755793452,
        -0.2838673,
        0.9558803
      ],
      [
        -0.0219868515,
        -0.9579146,
        -0.2862099
      ]
    ],
    "translation": [
      1.85030985,
      0.875371456,
      -0.6016706
    ]
  },
  {
    "timeStamp": 4725,
    "rotation": [
      [
        0.9918678,
        -0.125776708,
        0.01945298
      ],
      [
        -0.0643072352,
        -0.363376349,
        0.929420352
      ],
      [
        -0.109830678,
        -0.9231131,
        -0.36850968
      ]
    ],
    "translation": [
      1.90613353,
      0.910899639,
      -0.592997968
    ]
  },
  {
    "timeStamp": 4781,
    "rotation": [
      [
        0.9687889,
        -0.235159934,
        -0.07840788
      ],
      [
        -0.0279820524,
        -0.41802752,
        0.90800333
      ],
      [
        -0.246302649,
        -0.8774696,
        -0.411560684
      ]
    ],
    "translation": [
      1.98506689,
      0.9359381,
      -0.58648634
    ]
  },
  {
    "timeStamp": 4825,
    "rotation": [
      [
        0.9388431,
        -0.310655236,
        -0.1485494
      ],
      [
        -0.00226174458,
        -0.436950684,
        0.8994826
      ],
      [
        -0.344337732,
        -0.844137,
        -0.410930783
      ]
    ],
    "translation": [
      2.04378033,
      0.9423481,
      -0.5844873
    ]
  },
  {
    "timeStamp": 4881,
    "rotation": [
      [
        0.90815,
        -0.3780867,
        -0.179761246
      ],
      [
        0.0104118278,
        -0.4088576,
        0.912538767
      ],
      [
        -0.418515533,
        -0.8305937,
        -0.367367446
      ]
    ],
    "translation": [
      2.10195756,
      0.931904733,
      -0.5821977
    ]
  },
  {
    "timeStamp": 4929,
    "rotation": [
      [
        0.90010494,
        -0.390669048,
        -0.192843735
      ],
      [
        0.05968176,
        -0.327895015,
        0.9428271
      ],
      [
        -0.431565851,
        -0.8601526,
        -0.271824121
      ]
    ],
    "translation": [
      2.13539,
      0.904855132,
      -0.580473661
    ]
  },
  {
    "timeStamp": 4975,
    "rotation": [
      [
        0.8880581,
        -0.417588681,
        -0.19228223
      ],
      [
        0.08326149,
        -0.2652407,
        0.960580468
      ],
      [
        -0.452128619,
        -0.869061,
        -0.200780109
      ]
    ],
    "translation": [
      2.16831064,
      0.87260294,
      -0.5752706
    ]
  },
  {
    "timeStamp": 5031,
    "rotation": [
      [
        0.895352662,
        -0.4178208,
        -0.154172927
      ],
      [
        0.09090708,
        -0.1674287,
        0.981684
      ],
      [
        -0.435980976,
        -0.892968833,
        -0.111924872
      ]
    ],
    "translation": [
      2.188451,
      0.834060669,
      -0.571986258
    ]
  },
  {
    "timeStamp": 5076,
    "rotation": [
      [
        0.886151433,
        -0.4315738,
        -0.168758884
      ],
      [
        0.128213167,
        -0.121616706,
        0.9842615
      ],
      [
        -0.4453054,
        -0.8938419,
        -0.0524373725
      ]
    ],
    "translation": [
      2.20496964,
      0.811542749,
      -0.5691647
    ]
  },
  {
    "timeStamp": 5131,
    "rotation": [
      [
        0.88429296,
        -0.4472591,
        -0.134109259
      ],
      [
        0.108336858,
        -0.08284822,
        0.990656
      ],
      [
        -0.4541906,
        -0.8905591,
        -0.0248074532
      ]
    ],
    "translation": [
      2.21625042,
      0.7928059,
      -0.563877642
    ]
  },
  {
    "timeStamp": 5175,
    "rotation": [
      [
        0.892301142,
        -0.433460146,
        -0.126138583
      ],
      [
        0.106879428,
        -0.06862985,
        0.991900563
      ],
      [
        -0.438606232,
        -0.898555636,
        -0.0149105228
      ]
    ],
    "translation": [
      2.22109652,
      0.7834426,
      -0.559078634
    ]
  },
  {
    "timeStamp": 5231,
    "rotation": [
      [
        0.8904346,
        -0.4388467,
        -0.12058109
      ],
      [
        0.106923833,
        -0.0558101945,
        0.9926996
      ],
      [
        -0.44237262,
        -0.8968271,
        -0.002772156
      ]
    ],
    "translation": [
      2.226015,
      0.774615347,
      -0.5545527
    ]
  },
  {
    "timeStamp": 5276,
    "rotation": [
      [
        0.890034854,
        -0.442087382,
        -0.1113408
      ],
      [
        0.09833482,
        -0.0523122028,
        0.9937775
      ],
      [
        -0.445160955,
        -0.8954452,
        -0.00308710034
      ]
    ],
    "translation": [
      2.22947478,
      0.7692082,
      -0.5507948
    ]
  },
  {
    "timeStamp": 5332,
    "rotation": [
      [
        0.8886428,
        -0.445936084,
        -0.107027978
      ],
      [
        0.09715454,
        -0.045022,
        0.9942505
      ],
      [
        -0.448190778,
        -0.893931746,
        0.003316239
      ]
    ],
    "translation": [
      2.2336216,
      0.7604691,
      -0.546651244
    ]
  },
  {
    "timeStamp": 5377,
    "rotation": [
      [
        0.879227161,
        -0.466449529,
        -0.09687325
      ],
      [
        0.0894184262,
        -0.0381504931,
        0.9952632
      ],
      [
        -0.46793583,
        -0.8837247,
        0.008166235
      ]
    ],
    "translation": [
      2.23915839,
      0.7528841,
      -0.544415653
    ]
  },
  {
    "timeStamp": 5423,
    "rotation": [
      [
        0.8745976,
        -0.4766082,
        -0.0890145451
      ],
      [
        0.07235208,
        -0.0532422662,
        0.995957
      ],
      [
        -0.479420632,
        -0.877502,
        -0.0120819639
      ]
    ],
    "translation": [
      2.24228787,
      0.74826026,
      -0.5400526
    ]
  }
]