[
  {
    "timeStamp": 19962,
    "rotation": [
      [
        0.99966,
        0.00311794272,
        0.0258863177
      ],
      [
        -0.0258843917,
        -0.0006564479,
        0.9996647
      ],
      [
        0.00313389045,
        -0.9999949,
        -0.000575518643
      ]
    ],
    "translation": [
      1.61605728,
      0.701283634,
      -0.7499543
    ]
  },
  {
    "timeStamp": 20018,
    "rotation": [
      [
        0.999177456,
        -0.006188119,
        0.0400769822
      ],
      [
        -0.03990496,
        0.0257895924,
        0.9988706
      ],
      [
        -0.007214696,
        -0.9996483,
        0.0255214423
      ]
    ],
    "translation": [
      1.615961,
      0.7014696,
      -0.750072658
    ]
  },
  {
    "timeStamp": 20062,
    "rotation": [
      [
        0.9967414,
        -0.03295822,
        0.07362332
      ],
      [
        -0.07396203,
        -0.009176764,
        0.997218847
      ],
      [
        -0.0321909375,
        -0.9994146,
        -0.0115845166
      ]
    ],
    "translation": [
      1.6157707,
      0.702639,
      -0.747887433
    ]
  },
  {
    "timeStamp": 20117,
    "rotation": [
      [
        0.9899134,
        -0.04123756,
        0.1355392
      ],
      [
        -0.137191787,
        -0.04029045,
        0.989724755
      ],
      [
        -0.0353528969,
        -0.9983367,
        -0.04554151
      ]
    ],
    "translation": [
      1.61244512,
      0.728581965,
      -0.7398574
    ]
  },
  {
    "timeStamp": 20162,
    "rotation": [
      [
        0.980738044,
        -0.0672973543,
        0.183368251
      ],
      [
        -0.189183429,
        -0.0936659947,
        0.9774642
      ],
      [
        -0.04860536,
        -0.9933266,
        -0.104593351
      ]
    ],
    "translation": [
      1.61781669,
      0.7603203,
      -0.728985965
    ]
  },
  {
    "timeStamp": 20217,
    "rotation": [
      [
        0.9658073,
        -0.128583655,
        0.225127518
      ],
      [
        -0.244700179,
        -0.1651943,
        0.955422759
      ],
      [
        -0.0856619552,
        -0.977843046,
        -0.191010311
      ]
    ],
    "translation": [
      1.640673,
      0.8059589,
      -0.712505758
    ]
  },
  {
    "timeStamp": 20262,
    "rotation": [
      [
        0.9509969,
        -0.199056655,
        0.236603886
      ],
      [
        -0.2789819,
        -0.222457469,
        0.934174359
      ],
      [
        -0.1333193,
        -0.9544051,
        -0.267089546
      ]
    ],
    "translation": [
      1.672883,
      0.8442967,
      -0.694806933
    ]
  },
  {
    "timeStamp": 20317,
    "rotation": [
      [
        0.9287074,
        -0.308062524,
        0.206398
      ],
      [
        -0.300529748,
        -0.2992508,
        0.90561074
      ],
      [
        -0.217219949,
        -0.9030761,
        -0.3704984
      ]
    ],
    "translation": [
      1.732133,
      0.892091155,
      -0.6732349
    ]
  },
  {
    "timeStamp": 20362,
    "rotation": [
      [
        0.9112081,
        -0.3852507,
        0.1458827
      ],
      [
        -0.29505685,
        -0.3632314,
        0.883744538
      ],
      [
        -0.287474,
        -0.8483189,
        -0.4446502
      ]
    ],
    "translation": [
      1.79152751,
      0.9279881,
      -0.658173859
    ]
  },
  {
    "timeStamp": 20417,
    "rotation": [
      [
        0.877639949,
        -0.475879163,
        0.0573338419
      ],
      [
        -0.2832658,
        -0.4184461,
        0.862938762
      ],
      [
        -0.386663437,
        -0.773590267,
        -0.5020453
      ]
    ],
    "translation": [
      1.87087262,
      0.963443,
      -0.6495775
    ]
  },
  {
    "timeStamp": 20462,
    "rotation": [
      [
        0.845963836,
        -0.532692,
        -0.0241738372
      ],
      [
        -0.258307964,
        -0.449033558,
        0.855363
      ],
      [
        -0.466499925,
        -0.717361867,
        -0.517464757
      ]
    ],
    "translation": [
      1.93805563,
      0.982989132,
      -0.649020255
    ]
  },
  {
    "timeStamp": 20518,
    "rotation": [
      [
        0.8035333,
        -0.5838074,
        -0.11620272
      ],
      [
        -0.214852586,
        -0.466500819,
        0.8580299
      ],
      [
        -0.555132866,
        -0.66448915,
        -0.500281453
      ]
    ],
    "translation": [
      2.01390743,
      0.9936395,
      -0.654579163
    ]
  },
  {
    "timeStamp": 20563,
    "rotation": [
      [
        0.764621854,
        -0.6226217,
        -0.16642
      ],
      [
        -0.176449448,
        -0.450600415,
        0.8751142
      ],
      [
        -0.619854033,
        -0.639766753,
        -0.454400182
      ]
    ],
    "translation": [
      2.06948614,
      0.988154948,
      -0.6617271
    ]
  },
  {
    "timeStamp": 20625,
    "rotation": [
      [
        0.728174031,
        -0.662021637,
        -0.177454188
      ],
      [
        -0.117111541,
        -0.3752804,
        0.9194833
      ],
      [
        -0.6753129,
        -0.6487619,
        -0.350799829
      ]
    ],
    "translation": [
      2.12444,
      0.95627594,
      -0.671795368
    ]
  },
  {
    "timeStamp": 20668,
    "rotation": [
      [
        0.719529152,
        -0.6669768,
        -0.193441585
      ],
      [
        -0.0331962071,
        -0.311263561,
        0.9497436
      ],
      [
        -0.6936683,
        -0.6769467,
        -0.2461043
      ]
    ],
    "translation": [
      2.16698217,
      0.9196799,
      -0.676497
    ]
  },
  {
    "timeStamp": 20713,
    "rotation": [
      [
        0.7237715,
        -0.6684046,
        -0.171435475
      ],
      [
        3.65069718E-06,
        -0.248439208,
        0.9686475
      ],
      [
        -0.6900397,
        -0.7010801,
        -0.179810777
      ]
    ],
    "translation": [
      2.18673325,
      0.8889653,
      -0.675539255
    ]
  },
  {
    "timeStamp": 20768,
    "rotation": [
      [
        0.7501648,
        -0.6340838,
        -0.187591538
      ],
      [
        0.04805227,
        -0.230668008,
        0.971845269
      ],
      [
        -0.6595027,
        -0.7380583,
        -0.14256984
      ]
    ],
    "translation": [
      2.202609,
      0.8611647,
      -0.6661991
    ]
  },
  {
    "timeStamp": 20813,
    "rotation": [
      [
        0.772560537,
        -0.6142419,
        -0.160801426
      ],
      [
        0.0492926165,
        -0.194468528,
        0.979669452
      ],
      [
        -0.6330248,
        -0.7647803,
        -0.119961128
      ]
    ],
    "translation": [
      2.20897937,
      0.841701031,
      -0.658067167
    ]
  },
  {
    "timeStamp": 20868,
    "rotation": [
      [
        0.7865326,
        -0.583258033,
        -0.20291996
      ],
      [
        0.09980253,
        -0.204215974,
        0.9738251
      ],
      [
        -0.6094308,
        -0.786197066,
        -0.102411889
      ]
    ],
    "translation": [
      2.220324,
      0.825749755,
      -0.6494401
    ]
  },
  {
    "timeStamp": 20913,
    "rotation": [
      [
        0.784539342,
        -0.5953498,
        -0.173368439
      ],
      [
        0.07430647,
        -0.187311128,
        0.9794861
      ],
      [
        -0.6156107,
        -0.781327844,
        -0.102714613
      ]
    ],
    "translation": [
      2.226108,
      0.817717,
      -0.6431458
    ]
  },
  {
    "timeStamp": 20968,
    "rotation": [
      [
        0.782899857,
        -0.594306231,
        -0.184032455
      ],
      [
        0.0829518661,
        -0.1934469,
        0.9775977
      ],
      [
        -0.616592944,
        -0.7806269,
        -0.102150738
      ]
    ],
    "translation": [
      2.23483276,
      0.8113509,
      -0.636252046
    ]
  },
  {
    "timeStamp": 21013,
    "rotation": [
      [
        0.7805221,
        -0.5968341,
        -0.185941637
      ],
      [
        0.0918199942,
        -0.184763953,
        0.9784842
      ],
      [
        -0.618348062,
        -0.7808018,
        -0.08941104
      ]
    ],
    "translation": [
      2.24146581,
      0.8029967,
      -0.6331676
    ]
  },
  {
    "timeStamp": 21070,
    "rotation": [
      [
        0.7862926,
        -0.5965039,
        -0.161018834
      ],
      [
        0.0823391,
        -0.157119885,
        0.984141052
      ],
      [
        -0.612343252,
        -0.787081,
        -0.07442661
      ]
    ],
    "translation": [
      2.243996,
      0.7903901,
      -0.6298566
    ]
  },
  {
    "timeStamp": 21115,
    "rotation": [
      [
        0.793631554,
        -0.5864943,
        -0.161781654
      ],
      [
        0.093138136,
        -0.145658717,
        0.984941
      ],
      [
        -0.6012272,
        -0.79674834,
        -0.0609743744
      ]
    ],
    "translation": [
      2.24543428,
      0.782250762,
      -0.627281547
    ]
  },
  {
    "timeStamp": 21172,
    "rotation": [
      [
        0.7987311,
        -0.5829775,
        -0.148881972
      ],
      [
        0.09015617,
        -0.128687829,
        0.9875785
      ],
      [
        -0.5948953,
        -0.802232265,
        -0.05022795
      ]
    ],
    "translation": [
      2.24566317,
      0.7744138,
      -0.6247914
    ]
  },
  {
    "timeStamp": 21217,
    "rotation": [
      [
        0.804095745,
        -0.5774606,
        -0.141313031
      ],
      [
        0.08309036,
        -0.126204163,
        0.988518357
      ],
      [
        -0.5886647,
        -0.80660516,
        -0.05349882
      ]
    ],
    "translation": [
      2.24507332,
      0.771808863,
      -0.6220053
    ]
  },
  {
    "timeStamp": 21263,
    "rotation": [
      [
        0.8019777,
        -0.573854864,
        -0.165898651
      ],
      [
        0.100189894,
        -0.144569829,
        0.9844092
      ],
      [
        -0.588892,
        -0.8060956,
        -0.0584473126
      ]
    ],
    "translation": [
      2.24910641,
      0.7717955,
      -0.6190193
    ]
  }
]