[
  {
    "timeStamp": 1,
    "rotation": [
      [
        -0.9516448,
        -0.1449724,
        -0.270841628
      ],
      [
        -0.0357278846,
        0.92789185,
        -0.3711337
      ],
      [
        0.3051159,
        -0.343510836,
        -0.888203
      ]
    ],
    "translation": [
      1.43500423,
      1.5786953,
      -2.309586
    ]
  },
  {
    "timeStamp": 13,
    "rotation": [
      [
        -0.953091145,
        -0.143208057,
        -0.2666622
      ],
      [
        -0.034983363,
        0.9272074,
        -0.372910917
      ],
      [
        0.300655,
        -0.346089333,
        -0.8887231
      ]
    ],
    "translation": [
      1.4354701,
      1.5789299,
      -2.309029
    ]
  },
  {
    "timeStamp": 67,
    "rotation": [
      [
        -0.962342262,
        -0.133114308,
        -0.237018868
      ],
      [
        -0.03551842,
        0.9260005,
        -0.375847846
      ],
      [
        0.2695103,
        -0.353275746,
        -0.8958574
      ]
    ],
    "translation": [
      1.44112992,
      1.58282077,
      -2.30309629
    ]
  },
  {
    "timeStamp": 111,
    "rotation": [
      [
        -0.968823135,
        -0.1292982,
        -0.211337984
      ],
      [
        -0.0419577956,
        0.9263228,
        -0.374386966
      ],
      [
        0.244174764,
        -0.353847474,
        -0.902868032
      ]
    ],
    "translation": [
      1.44714618,
      1.58578467,
      -2.29850578
    ]
  },
  {
    "timeStamp": 166,
    "rotation": [
      [
        -0.983147442,
        -0.106659696,
        -0.14847514
      ],
      [
        -0.0431525633,
        0.924608,
        -0.3784679
      ],
      [
        0.177648559,
        -0.365682662,
        -0.9136286
      ]
    ],
    "translation": [
      1.45918179,
      1.58934808,
      -2.292396
    ]
  },
  {
    "timeStamp": 211,
    "rotation": [
      [
        -0.9954247,
        -0.07327226,
        -0.0613258369
      ],
      [
        -0.04295703,
        0.9164863,
        -0.397753
      ],
      [
        0.085348554,
        -0.393298775,
        -0.9154407
      ]
    ],
    "translation": [
      1.47312665,
      1.59092391,
      -2.28535652
    ]
  },
  {
    "timeStamp": 266,
    "rotation": [
      [
        -0.995880365,
        -0.0101554729,
        0.0901064351
      ],
      [
        -0.048636958,
        0.8984937,
        -0.436283648
      ],
      [
        -0.0765294,
        -0.438868821,
        -0.8952862
      ]
    ],
    "translation": [
      1.49675131,
      1.59127712,
      -2.27187252
    ]
  },
  {
    "timeStamp": 390,
    "rotation": [
      [
        -0.994857669,
        -0.00660409732,
        0.101067409
      ],
      [
        -0.05053555,
        0.8971509,
        -0.438824
      ],
      [
        -0.08777468,
        -0.441674918,
        -0.892871141
      ]
    ],
    "translation": [
      1.49880338,
      1.59095788,
      -2.269857
    ]
  },
  {
    "timeStamp": 391,
    "rotation": [
      [
        -0.990658462,
        0.008038849,
        0.136129469
      ],
      [
        -0.0541024245,
        0.893164039,
        -0.446464956
      ],
      [
        -0.125175,
        -0.449659228,
        -0.8843856
      ]
    ],
    "translation": [
      1.5040772,
      1.59105754,
      -2.26623631
    ]
  },
  {
    "timeStamp": 435,
    "rotation": [
      [
        -0.7369028,
        0.2958593,
        0.607817054
      ],
      [
        -0.132116839,
        0.818767965,
        -0.5587165
      ],
      [
        -0.6629627,
        -0.4920226,
        -0.564264357
      ]
    ],
    "translation": [
      1.58134818,
      1.58889735,
      -2.18574333
    ]
  },
  {
    "timeStamp": 488,
    "rotation": [
      [
        -0.5765415,
        0.410347164,
        0.706551552
      ],
      [
        -0.14197357,
        0.801273763,
        -0.581208944
      ],
      [
        -0.8046387,
        -0.435402721,
        -0.403709143
      ]
    ],
    "translation": [
      1.60539484,
      1.58786571,
      -2.14514685
    ]
  },
  {
    "timeStamp": 533,
    "rotation": [
      [
        -0.44414413,
        0.4918798,
        0.7488593
      ],
      [
        -0.140181065,
        0.787377954,
        -0.600320935
      ],
      [
        -0.884921,
        -0.371604919,
        -0.28075707
      ]
    ],
    "translation": [
      1.62233889,
      1.58607388,
      -2.109569
    ]
  },
  {
    "timeStamp": 589,
    "rotation": [
      [
        -0.275465,
        0.573874,
        0.771224737
      ],
      [
        -0.132175729,
        0.772033632,
        -0.6216862
      ],
      [
        -0.952181,
        -0.27319,
        -0.136816025
      ]
    ],
    "translation": [
      1.63954377,
      1.5833019,
      -2.0616622
    ]
  },
  {
    "timeStamp": 633,
    "rotation": [
      [
        -0.153155431,
        0.6186181,
        0.7706199
      ],
      [
        -0.129961386,
        0.7604381,
        -0.6362735
      ],
      [
        -0.979619,
        -0.197599575,
        -0.0360687673
      ]
    ],
    "translation": [
      1.6509763,
      1.58093476,
      -2.02125454
    ]
  },
  {
    "timeStamp": 689,
    "rotation": [
      [
        -0.0114855766,
        0.6515721,
        0.758499742
      ],
      [
        -0.126853645,
        0.7514715,
        -0.6474556
      ],
      [
        -0.9918549,
        -0.103654861,
        0.07402322
      ]
    ],
    "translation": [
      1.66250837,
      1.578284,
      -1.9686054
    ]
  },
  {
    "timeStamp": 733,
    "rotation": [
      [
        0.09675404,
        0.6725359,
        0.733712554
      ],
      [
        -0.120507918,
        0.7396636,
        -0.6620994
      ],
      [
        -0.9879861,
        -0.0243573859,
        0.15261133
      ]
    ],
    "translation": [
      1.67014778,
      1.57495975,
      -1.92346537
    ]
  },
  {
    "timeStamp": 789,
    "rotation": [
      [
        0.220340326,
        0.691025,
        0.688429
      ],
      [
        -0.1188451,
        0.7195354,
        -0.6842109
      ],
      [
        -0.968156,
        0.06894283,
        0.240667611
      ]
    ],
    "translation": [
      1.674391,
      1.569258,
      -1.86376965
    ]
  },
  {
    "timeStamp": 833,
    "rotation": [
      [
        0.307260126,
        0.6905319,
        0.6547953
      ],
      [
        -0.112422094,
        0.709602058,
        -0.6955762
      ],
      [
        -0.944961667,
        0.140109375,
        0.295663446
      ]
    ],
    "translation": [
      1.67608881,
      1.56567979,
      -1.81495082
    ]
  },
  {
    "timeStamp": 889,
    "rotation": [
      [
        0.4055005,
        0.6824108,
        0.608181655
      ],
      [
        -0.104443833,
        0.6955692,
        -0.710826933
      ],
      [
        -0.9081084,
        0.224719852,
        0.353327274
      ]
    ],
    "translation": [
      1.67660356,
      1.56006789,
      -1.75201666
    ]
  },
  {
    "timeStamp": 935,
    "rotation": [
      [
        0.468166858,
        0.67558974,
        0.5695597
      ],
      [
        -0.1037358,
        0.6821242,
        -0.7238407
      ],
      [
        -0.87752986,
        0.279794484,
        0.389430821
      ]
    ],
    "translation": [
      1.67440844,
      1.55534291,
      -1.70190036
    ]
  },
  {
    "timeStamp": 992,
    "rotation": [
      [
        0.528753459,
        0.6683631,
        0.5231736
      ],
      [
        -0.0995441154,
        0.6609636,
        -0.743786335
      ],
      [
        -0.842918,
        0.341200769,
        0.4160184
      ]
    ],
    "translation": [
      1.67299724,
      1.55031037,
      -1.65161371
    ]
  },
  {
    "timeStamp": 1038,
    "rotation": [
      [
        0.594689369,
        0.653079569,
        0.468862057
      ],
      [
        -0.09797786,
        0.637720466,
        -0.7640111
      ],
      [
        -0.797962964,
        0.408411145,
        0.443232924
      ]
    ],
    "translation": [
      1.66950417,
      1.54365706,
      -1.59184611
    ]
  },
  {
    "timeStamp": 1083,
    "rotation": [
      [
        0.6422497,
        0.630941,
        0.435234159
      ],
      [
        -0.0944562256,
        0.628644,
        -0.7719357
      ],
      [
        -0.760653257,
        0.4546649,
        0.463342726
      ]
    ],
    "translation": [
      1.6652751,
      1.538719,
      -1.54765916
    ]
  },
  {
    "timeStamp": 1138,
    "rotation": [
      [
        0.7008085,
        0.5991332,
        0.3871779
      ],
      [
        -0.08745179,
        0.6108249,
        -0.786921263
      ],
      [
        -0.7079686,
        0.517621756,
        0.4804666
      ]
    ],
    "translation": [
      1.65551746,
      1.5356431,
      -1.50087476
    ]
  },
  {
    "timeStamp": 1183,
    "rotation": [
      [
        0.7467706,
        0.568347156,
        0.345420361
      ],
      [
        -0.08298381,
        0.5949307,
        -0.7994818
      ],
      [
        -0.6598844,
        0.5683652,
        0.491440356
      ]
    ],
    "translation": [
      1.64652848,
      1.53499269,
      -1.46823788
    ]
  },
  {
    "timeStamp": 1238,
    "rotation": [
      [
        0.7959345,
        0.526768565,
        0.298334
      ],
      [
        -0.08555391,
        0.5857325,
        -0.8059764
      ],
      [
        -0.599306941,
        0.615980744,
        0.511271834
      ]
    ],
    "translation": [
      1.63227761,
      1.53691125,
      -1.43400013
    ]
  },
  {
    "timeStamp": 1283,
    "rotation": [
      [
        0.8294162,
        0.49074316,
        0.26690802
      ],
      [
        -0.08375351,
        0.581628442,
        -0.809131444
      ],
      [
        -0.552317,
        0.6487523,
        0.523513556
      ]
    ],
    "translation": [
      1.62166309,
      1.5371089,
      -1.40888512
    ]
  },
  {
    "timeStamp": 1338,
    "rotation": [
      [
        0.8726335,
        0.4346465,
        0.222695082
      ],
      [
        -0.07705588,
        0.572816551,
        -0.8160537
      ],
      [
        -0.4822583,
        0.6949558,
        0.533351
      ]
    ],
    "translation": [
      1.60684323,
      1.53683054,
      -1.38432479
    ]
  },
  {
    "timeStamp": 1383,
    "rotation": [
      [
        0.902759433,
        0.389004737,
        0.183577418
      ],
      [
        -0.07496947,
        0.562539458,
        -0.823364437
      ],
      [
        -0.4235622,
        0.7295373,
        0.5370013
      ]
    ],
    "translation": [
      1.59525728,
      1.53551173,
      -1.368608
    ]
  },
  {
    "timeStamp": 1438,
    "rotation": [
      [
        0.9325659,
        0.3345485,
        0.135639414
      ],
      [
        -0.0793719739,
        0.55655545,
        -0.827010334
      ],
      [
        -0.352165937,
        0.7604757,
        0.5455784
      ]
    ],
    "translation": [
      1.58278394,
      1.5356431,
      -1.3530339
    ]
  },
  {
    "timeStamp": 1482,
    "rotation": [
      [
        0.950883567,
        0.291499525,
        0.10415642
      ],
      [
        -0.07881156,
        0.5533697,
        -0.829198837
      ],
      [
        -0.299348056,
        0.7802628,
        0.5491637
      ]
    ],
    "translation": [
      1.576673,
      1.53537393,
      -1.34223711
    ]
  },
  {
    "timeStamp": 1538,
    "rotation": [
      [
        0.969730437,
        0.236925751,
        0.05906896
      ],
      [
        -0.08353547,
        0.5492124,
        -0.8314972
      ],
      [
        -0.2294445,
        0.801393747,
        0.552379668
      ]
    ],
    "translation": [
      1.57052362,
      1.53582239,
      -1.33290553
    ]
  },
  {
    "timeStamp": 1582,
    "rotation": [
      [
        0.979749143,
        0.198565111,
        0.02575735
      ],
      [
        -0.0884655342,
        0.54468143,
        -0.83396405
      ],
      [
        -0.1796257,
        0.8147969,
        0.5512174
      ]
    ],
    "translation": [
      1.57048035,
      1.53540349,
      -1.325309
    ]
  },
  {
    "timeStamp": 1638,
    "rotation": [
      [
        0.9885457,
        0.150117189,
        -0.0155619262
      ],
      [
        -0.09569413,
        0.543726265,
        -0.83378917
      ],
      [
        -0.116704658,
        0.82572794,
        0.5518637
      ]
    ],
    "translation": [
      1.57269859,
      1.53530931,
      -1.31774175
    ]
  },
  {
    "timeStamp": 1683,
    "rotation": [
      [
        0.9926681,
        0.110404417,
        -0.04920335
      ],
      [
        -0.101939291,
        0.545942664,
        -0.831597865
      ],
      [
        -0.06494987,
        0.830516458,
        0.5531944
      ]
    ],
    "translation": [
      1.57874823,
      1.534898,
      -1.3111707
    ]
  },
  {
    "timeStamp": 1738,
    "rotation": [
      [
        0.993429959,
        0.06153489,
        -0.09649012
      ],
      [
        -0.114421189,
        0.550006747,
        -0.827284932
      ],
      [
        0.002163336,
        0.832890153,
        0.5534341
      ]
    ],
    "translation": [
      1.58759654,
      1.53520083,
      -1.30554748
    ]
  },
  {
    "timeStamp": 1783,
    "rotation": [
      [
        0.990163565,
        0.02363938,
        -0.137903318
      ],
      [
        -0.127562314,
        0.5574425,
        -0.8203571
      ],
      [
        0.0574804321,
        0.8298789,
        0.554974735
      ]
    ],
    "translation": [
      1.59739232,
      1.53512788,
      -1.30276263
    ]
  },
  {
    "timeStamp": 1838,
    "rotation": [
      [
        0.9820725,
        -0.0145424046,
        -0.187941924
      ],
      [
        -0.14710626,
        0.564305663,
        -0.8123539
      ],
      [
        0.117870271,
        0.825437844,
        0.552049756
      ]
    ],
    "translation": [
      1.61226892,
      1.5349791,
      -1.3031
    ]
  },
  {
    "timeStamp": 1883,
    "rotation": [
      [
        0.9745416,
        -0.04064313,
        -0.220492125
      ],
      [
        -0.16041255,
        0.560676754,
        -0.8123481
      ],
      [
        0.156641141,
        0.827036738,
        0.539883137
      ]
    ],
    "translation": [
      1.62605333,
      1.53738832,
      -1.30545127
    ]
  },
  {
    "timeStamp": 1938,
    "rotation": [
      [
        0.9679951,
        -0.06434565,
        -0.24258031
      ],
      [
        -0.164124712,
        0.5689359,
        -0.8058381
      ],
      [
        0.189864814,
        0.819860756,
        0.5401664
      ]
    ],
    "translation": [
      1.64443684,
      1.54171062,
      -1.306874
    ]
  },
  {
    "timeStamp": 1982,
    "rotation": [
      [
        0.962637961,
        -0.08924482,
        -0.255663
      ],
      [
        -0.156830356,
        0.5859319,
        -0.795039654
      ],
      [
        0.220754281,
        0.805431068,
        0.550043941
      ]
    ],
    "translation": [
      1.65865278,
      1.54390264,
      -1.30602634
    ]
  },
  {
    "timeStamp": 2038,
    "rotation": [
      [
        0.9520236,
        -0.12002185,
        -0.2815062
      ],
      [
        -0.161589161,
        0.5840336,
        -0.7954833
      ],
      [
        0.259884477,
        0.8028072,
        0.536619544
      ]
    ],
    "translation": [
      1.6724329,
      1.54360533,
      -1.30749834
    ]
  },
  {
    "timeStamp": 2083,
    "rotation": [
      [
        0.944056034,
        -0.135956749,
        -0.3004564
      ],
      [
        -0.172142655,
        0.573945642,
        -0.800595641
      ],
      [
        0.281292,
        0.8075285,
        0.518432856
      ]
    ],
    "translation": [
      1.68176627,
      1.5417347,
      -1.30877733
    ]
  },
  {
    "timeStamp": 2138,
    "rotation": [
      [
        0.9356026,
        -0.164687589,
        -0.312291235
      ],
      [
        -0.172721058,
        0.557954,
        -0.8116987
      ],
      [
        0.307920843,
        0.813366652,
        0.4935782
      ]
    ],
    "translation": [
      1.69168234,
      1.53997421,
      -1.31035721
    ]
  },
  {
    "timeStamp": 2183,
    "rotation": [
      [
        0.9285356,
        -0.182661921,
        -0.323197067
      ],
      [
        -0.1748542,
        0.5527877,
        -0.814771
      ],
      [
        0.327487022,
        0.813056231,
        0.481343836
      ]
    ],
    "translation": [
      1.69824433,
      1.54008234,
      -1.31066012
    ]
  },
  {
    "timeStamp": 2238,
    "rotation": [
      [
        0.9203082,
        -0.20399265,
        -0.333796054
      ],
      [
        -0.169416562,
        0.5612706,
        -0.810107
      ],
      [
        0.3526058,
        0.8020987,
        0.4819822
      ]
    ],
    "translation": [
      1.70462263,
      1.541528,
      -1.30906034
    ]
  },
  {
    "timeStamp": 2282,
    "rotation": [
      [
        0.9122709,
        -0.220271841,
        -0.3453146
      ],
      [
        -0.166867062,
        0.570064962,
        -0.8044758
      ],
      [
        0.374055117,
        0.7915215,
        0.483297557
      ]
    ],
    "translation": [
      1.70865345,
      1.5424695,
      -1.306266
    ]
  },
  {
    "timeStamp": 2338,
    "rotation": [
      [
        0.906341136,
        -0.236292586,
        -0.3503021
      ],
      [
        -0.159647226,
        0.5760838,
        -0.8016485
      ],
      [
        0.391226918,
        0.7824918,
        0.484404951
      ]
    ],
    "translation": [
      1.712286,
      1.54261911,
      -1.30150723
    ]
  },
  {
    "timeStamp": 2383,
    "rotation": [
      [
        0.9038035,
        -0.247577846,
        -0.349062264
      ],
      [
        -0.151267767,
        0.578189552,
        -0.8017574
      ],
      [
        0.4003215,
        0.777433038,
        0.4851192
      ]
    ],
    "translation": [
      1.7141434,
      1.54180276,
      -1.29633677
    ]
  },
  {
    "timeStamp": 2437,
    "rotation": [
      [
        0.9058604,
        -0.25605163,
        -0.3374233
      ],
      [
        -0.138006046,
        0.5747269,
        -0.806624651
      ],
      [
        0.4004638,
        0.777255833,
        0.48528564
      ]
    ],
    "translation": [
      1.77545285,
      1.51926053,
      -1.25275338
    ]
  },
  {
    "timeStamp": 2483,
    "rotation": [
      [
        0.9062929,
        -0.265884966,
        -0.3285398
      ],
      [
        -0.127187327,
        0.5697297,
        -0.8119307
      ],
      [
        0.403059036,
        0.777633131,
        0.482524753
      ]
    ],
    "translation": [
      1.7722131,
      1.51878119,
      -1.24764872
    ]
  },
  {
    "timeStamp": 2538,
    "rotation": [
      [
        0.904790461,
        -0.280300558,
        -0.3206024
      ],
      [
        -0.115928,
        0.562290251,
        -0.8187737
      ],
      [
        0.409774363,
        0.7779854,
        0.476260126
      ]
    ],
    "translation": [
      1.76683927,
      1.51787734,
      -1.23998952
    ]
  },
  {
    "timeStamp": 2582,
    "rotation": [
      [
        0.8995434,
        -0.294350684,
        -0.322768122
      ],
      [
        -0.112057589,
        0.558671,
        -0.821784556
      ],
      [
        0.422214031,
        0.7753995,
        0.4695646
      ]
    ],
    "translation": [
      1.76105189,
      1.51716328,
      -1.23250461
    ]
  },
  {
    "timeStamp": 2638,
    "rotation": [
      [
        0.8946182,
        -0.3093044,
        -0.322473377
      ],
      [
        -0.106037989,
        0.5541136,
        -0.825659752
      ],
      [
        0.43406707,
        0.7728447,
        0.462922126
      ]
    ],
    "translation": [
      1.75425243,
      1.51600862,
      -1.22155464
    ]
  },
  {
    "timeStamp": 2682,
    "rotation": [
      [
        0.8938938,
        -0.314576983,
        -0.319366932
      ],
      [
        -0.102152087,
        0.55074203,
        -0.82840097
      ],
      [
        0.436484665,
        0.7731265,
        0.46017018
      ]
    ],
    "translation": [
      1.7473594,
      1.51479745,
      -1.21064734
    ]
  },
  {
    "timeStamp": 2737,
    "rotation": [
      [
        0.893174767,
        -0.321954936,
        -0.313980728
      ],
      [
        -0.0963251442,
        0.5450171,
        -0.8328732
      ],
      [
        0.439272523,
        0.774145544,
        0.4557832
      ]
    ],
    "translation": [
      1.73847651,
      1.51193762,
      -1.19435728
    ]
  },
  {
    "timeStamp": 2783,
    "rotation": [
      [
        0.894117355,
        -0.327783078,
        -0.305143028
      ],
      [
        -0.09176822,
        0.532814145,
        -0.8412417
      ],
      [
        0.438329339,
        0.7801713,
        0.446318358
      ]
    ],
    "translation": [
      1.73011541,
      1.508796,
      -1.17987454
    ]
  },
  {
    "timeStamp": 2837,
    "rotation": [
      [
        0.896884859,
        -0.328670979,
        -0.295927256
      ],
      [
        -0.0900867656,
        0.519323,
        -0.849816442
      ],
      [
        0.432991832,
        0.7888466,
        0.436164021
      ]
    ],
    "translation": [
      1.718373,
      1.50438154,
      -1.15940142
    ]
  },
  {
    "timeStamp": 2882,
    "rotation": [
      [
        0.8990998,
        -0.328374624,
        -0.289464533
      ],
      [
        -0.08835775,
        0.511515,
        -0.85471946
      ],
      [
        0.428733617,
        0.7940545,
        0.430888563
      ]
    ],
    "translation": [
      1.70645833,
      1.50102425,
      -1.14092636
    ]
  },
  {
    "timeStamp": 2937,
    "rotation": [
      [
        0.9022343,
        -0.332706958,
        -0.2743707
      ],
      [
        -0.07668918,
        0.502302647,
        -0.8612844
      ],
      [
        0.424372435,
        0.7981216,
        0.4276797
      ]
    ],
    "translation": [
      1.69023943,
      1.49701238,
      -1.1159873
    ]
  },
  {
    "timeStamp": 2982,
    "rotation": [
      [
        0.9058275,
        -0.334819973,
        -0.259561568
      ],
      [
        -0.06734652,
        0.491087049,
        -0.8685033
      ],
      [
        0.418259561,
        0.8041947,
        0.4222912
      ]
    ],
    "translation": [
      1.67411971,
      1.49422765,
      -1.09409285
    ]
  },
  {
    "timeStamp": 3037,
    "rotation": [
      [
        0.91082114,
        -0.3379814,
        -0.237009466
      ],
      [
        -0.0513676,
        0.47688967,
        -0.8774609
      ],
      [
        0.4095928,
        0.8113845,
        0.4169999
      ]
    ],
    "translation": [
      1.65161586,
      1.4905169,
      -1.06585836
    ]
  },
  {
    "timeStamp": 3092,
    "rotation": [
      [
        0.9117832,
        -0.343736768,
        -0.2247141
      ],
      [
        -0.04237037,
        0.4655274,
        -0.88401866
      ],
      [
        0.408480316,
        0.8155546,
        0.409895778
      ]
    ],
    "translation": [
      1.63022423,
      1.48807478,
      -1.042514
    ]
  },
  {
    "timeStamp": 3136,
    "rotation": [
      [
        0.9118647,
        -0.354483336,
        -0.206988916
      ],
      [
        -0.0276092086,
        0.450142324,
        -0.8925299
      ],
      [
        0.409561455,
        0.8195813,
        0.400681853
      ]
    ],
    "translation": [
      1.60316145,
      1.48553336,
      -1.01384437
    ]
  },
  {
    "timeStamp": 3192,
    "rotation": [
      [
        0.9128611,
        -0.358522743,
        -0.1953101
      ],
      [
        -0.02190154,
        0.434692383,
        -0.900312662
      ],
      [
        0.4076824,
        0.826138,
        0.388961554
      ]
    ],
    "translation": [
      1.58101606,
      1.48423457,
      -0.992720962
    ]
  },
  {
    "timeStamp": 3236,
    "rotation": [
      [
        0.9177961,
        -0.3552184,
        -0.177398518
      ],
      [
        -0.0163140781,
        0.412674516,
        -0.910732448
      ],
      [
        0.396716774,
        0.8387608,
        0.372956
      ]
    ],
    "translation": [
      1.55495632,
      1.481734,
      -0.9681542
    ]
  },
  {
    "timeStamp": 3292,
    "rotation": [
      [
        0.9206686,
        -0.353798926,
        -0.164910838
      ],
      [
        -0.008789876,
        0.403576583,
        -0.914903641
      ],
      [
        0.390246063,
        0.8437726,
        0.368450463
      ]
    ],
    "translation": [
      1.53576529,
      1.47854018,
      -0.949714541
    ]
  },
  {
    "timeStamp": 3336,
    "rotation": [
      [
        0.9219671,
        -0.358916372,
        -0.145450011
      ],
      [
        0.00397540536,
        0.3843311,
        -0.9231868
      ],
      [
        0.3872478,
        0.8505696,
        0.355767459
      ]
    ],
    "translation": [
      1.51548457,
      1.472795,
      -0.9290383
    ]
  },
  {
    "timeStamp": 3392,
    "rotation": [
      [
        0.921262145,
        -0.366817772,
        -0.129308879
      ],
      [
        0.0116730081,
        0.358389467,
        -0.933499157
      ],
      [
        0.388767064,
        0.858488,
        0.3344525
      ]
    ],
    "translation": [
      1.50265336,
      1.46805263,
      -0.916150153
    ]
  },
  {
    "timeStamp": 3437,
    "rotation": [
      [
        0.921932,
        -0.371293426,
        -0.110375278
      ],
      [
        0.01983983,
        0.329837263,
        -0.9438293
      ],
      [
        0.3868435,
        0.8679566,
        0.3114539
      ]
    ],
    "translation": [
      1.49007773,
      1.462471,
      -0.9007996
    ]
  },
  {
    "timeStamp": 3482,
    "rotation": [
      [
        0.924742639,
        -0.368273079,
        -0.0960521847
      ],
      [
        0.0253121238,
        0.311327338,
        -0.9499656
      ],
      [
        0.3797504,
        0.876042366,
        0.297219425
      ]
    ],
    "translation": [
      1.48321819,
      1.45937085,
      -0.8894089
    ]
  },
  {
    "timeStamp": 3537,
    "rotation": [
      [
        0.930846453,
        -0.3571528,
        -0.0772446245
      ],
      [
        0.0342502259,
        0.295738,
        -0.9546549
      ],
      [
        0.363801837,
        0.885991454,
        0.287519246
      ]
    ],
    "translation": [
      1.478729,
      1.45623207,
      -0.8752802
    ]
  },
  {
    "timeStamp": 3582,
    "rotation": [
      [
        0.937526762,
        -0.3421868,
        -0.06286248
      ],
      [
        0.0392945,
        0.283673018,
        -0.958115637
      ],
      [
        0.3456869,
        0.8957889,
        0.2793971
      ]
    ],
    "translation": [
      1.47798562,
      1.454807,
      -0.865806162
    ]
  },
  {
    "timeStamp": 3637,
    "rotation": [
      [
        0.946351349,
        -0.3199739,
        -0.0451203
      ],
      [
        0.04629889,
        0.272453725,
        -0.9610543
      ],
      [
        0.319805473,
        0.907406032,
        0.2726514
      ]
    ],
    "translation": [
      1.48058271,
      1.45334888,
      -0.8548646
    ]
  },
  {
    "timeStamp": 3682,
    "rotation": [
      [
        0.956050754,
        -0.291875422,
        -0.02785203
      ],
      [
        0.0540609024,
        0.268845141,
        -0.9616651
      ],
      [
        0.288174272,
        0.9178949,
        0.272808641
      ]
    ],
    "translation": [
      1.48532224,
      1.45230281,
      -0.8469416
    ]
  },
  {
    "timeStamp": 3737,
    "rotation": [
      [
        0.9715453,
        -0.236850411,
        -0.00129848276
      ],
      [
        0.0633887649,
        0.265291065,
        -0.9620824
      ],
      [
        0.228214085,
        0.934624255,
        0.272755921
      ]
    ],
    "translation": [
      1.49567318,
      1.45131826,
      -0.8388871
    ]
  },
  {
    "timeStamp": 3782,
    "rotation": [
      [
        0.9815603,
        -0.188897356,
        0.0292784069
      ],
      [
        0.0789658651,
        0.2612138,
        -0.9620456
      ],
      [
        0.17407994,
        0.9466178,
        0.271313518
      ]
    ],
    "translation": [
      1.50732946,
      1.45080376,
      -0.8337937
    ]
  },
  {
    "timeStamp": 3837,
    "rotation": [
      [
        0.988378,
        -0.129510671,
        0.07959779
      ],
      [
        0.110526353,
        0.2527387,
        -0.961200833
      ],
      [
        0.104368322,
        0.958827436,
        0.264115751
      ]
    ],
    "translation": [
      1.526845,
      1.450463,
      -0.82992357
    ]
  },
  {
    "timeStamp": 3893,
    "rotation": [
      [
        0.98973614,
        -0.07994967,
        0.11845044
      ],
      [
        0.134792686,
        0.246943519,
        -0.9596092
      ],
      [
        0.047469873,
        0.965726137,
        0.255185544
      ]
    ],
    "translation": [
      1.54434991,
      1.451143,
      -0.8289137
    ]
  },
  {
    "timeStamp": 3937,
    "rotation": [
      [
        0.98812,
        -0.0304231364,
        0.150642917
      ],
      [
        0.15344359,
        0.25013873,
        -0.9559737
      ],
      [
        -0.00859791,
        0.9677319,
        0.251835316
      ]
    ],
    "translation": [
      1.56635785,
      1.45241892,
      -0.8270838
    ]
  },
  {
    "timeStamp": 3982,
    "rotation": [
      [
        0.9864495,
        -0.0003023684,
        0.1640653
      ],
      [
        0.158575535,
        0.2582821,
        -0.952966
      ],
      [
        -0.04208699,
        0.9660695,
        0.254830182
      ]
    ],
    "translation": [
      1.58450508,
      1.4537971,
      -0.8253229
    ]
  },
  {
    "timeStamp": 4037,
    "rotation": [
      [
        0.985401034,
        0.03049207,
        0.167496383
      ],
      [
        0.153270513,
        0.2694032,
        -0.9507524
      ],
      [
        -0.0741144642,
        0.9625447,
        0.260796636
      ]
    ],
    "translation": [
      1.60768676,
      1.454586,
      -0.8224326
    ]
  },
  {
    "timeStamp": 4092,
    "rotation": [
      [
        0.9855406,
        0.05141211,
        0.161451489
      ],
      [
        0.141792059,
        0.271410972,
        -0.9519617
      ],
      [
        -0.09276208,
        0.9610895,
        0.2601967
      ]
    ],
    "translation": [
      1.62693417,
      1.454597,
      -0.819258332
    ]
  },
  {
    "timeStamp": 4137,
    "rotation": [
      [
        0.985942,
        0.07123561,
        0.151141852
      ],
      [
        0.126419812,
        0.2734343,
        -0.953546941
      ],
      [
        -0.109253846,
        0.9592493,
        0.260584772
      ]
    ],
    "translation": [
      1.65186512,
      1.45382082,
      -0.814088941
    ]
  },
  {
    "timeStamp": 4192,
    "rotation": [
      [
        0.9869832,
        0.0858838856,
        0.135971278
      ],
      [
        0.107760116,
        0.274436623,
        -0.955548167
      ],
      [
        -0.119381689,
        0.9577623,
        0.261609465
      ]
    ],
    "translation": [
      1.6723057,
      1.452374,
      -0.808808863
    ]
  },
  {
    "timeStamp": 4237,
    "rotation": [
      [
        0.987539351,
        0.105073877,
        0.117155865
      ],
      [
        0.08428147,
        0.275566667,
        -0.9575801
      ],
      [
        -0.132900909,
        0.9555221,
        0.263277143
      ]
    ],
    "translation": [
      1.698302,
      1.45061278,
      -0.8013133
    ]
  },
  {
    "timeStamp": 4292,
    "rotation": [
      [
        0.9883441,
        0.113493063,
        0.101466388
      ],
      [
        0.06626019,
        0.279367775,
        -0.9578952
      ],
      [
        -0.1370609,
        0.953453243,
        0.268591374
      ]
    ],
    "translation": [
      1.71970916,
      1.449096,
      -0.7936342
    ]
  },
  {
    "timeStamp": 4337,
    "rotation": [
      [
        0.9890939,
        0.123304531,
        0.0805565
      ],
      [
        0.0428535379,
        0.282352865,
        -0.958353
      ],
      [
        -0.140914619,
        0.9513532,
        0.273989469
      ]
    ],
    "translation": [
      1.74613619,
      1.44598234,
      -0.784444
    ]
  },
  {
    "timeStamp": 4393,
    "rotation": [
      [
        0.988222361,
        0.137284189,
        0.06759897
      ],
      [
        0.0267461147,
        0.279994518,
        -0.95962894
      ],
      [
        -0.150669232,
        0.950134754,
        0.273025
      ]
    ],
    "translation": [
      1.76768327,
      1.44311619,
      -0.7772111
    ]
  },
  {
    "timeStamp": 4437,
    "rotation": [
      [
        0.9854033,
        0.158697575,
        0.06160691
      ],
      [
        0.0163462572,
        0.272012532,
        -0.962154865
      ],
      [
        -0.1694495,
        0.9491176,
        0.265447944
      ]
    ],
    "translation": [
      1.79493833,
      1.43950117,
      -0.769587159
    ]
  },
  {
    "timeStamp": 4492,
    "rotation": [
      [
        0.9809563,
        0.184006974,
        0.06217843
      ],
      [
        0.0117238909,
        0.2634508,
        -0.9646016
      ],
      [
        -0.193874389,
        0.946961,
        0.256276459
      ]
    ],
    "translation": [
      1.8170774,
      1.43642092,
      -0.7646571
    ]
  },
  {
    "timeStamp": 4537,
    "rotation": [
      [
        0.9725973,
        0.221081287,
        0.0719553456
      ],
      [
        0.0133800264,
        0.2557531,
        -0.966649532
      ],
      [
        -0.232110918,
        0.941123545,
        0.245786712
      ]
    ],
    "translation": [
      1.84438515,
      1.43333745,
      -0.7590469
    ]
  },
  {
    "timeStamp": 4592,
    "rotation": [
      [
        0.960548043,
        0.262658119,
        0.09142353
      ],
      [
        0.023229545,
        0.251806617,
        -0.9674987
      ],
      [
        -0.277142465,
        0.9314527,
        0.235770926
      ]
    ],
    "translation": [
      1.86641288,
      1.43199754,
      -0.7550474
    ]
  },
  {
    "timeStamp": 4636,
    "rotation": [
      [
        0.943522453,
        0.3081255,
        0.121754
      ],
      [
        0.0423687957,
        0.2522593,
        -0.966731668
      ],
      [
        -0.328588277,
        0.917291641,
        0.224957436
      ]
    ],
    "translation": [
      1.89260864,
      1.43083429,
      -0.750867963
    ]
  },
  {
    "timeStamp": 4692,
    "rotation": [
      [
        0.930881739,
        0.3355156,
        0.144528553
      ],
      [
        0.059522897,
        0.2510371,
        -0.966145635
      ],
      [
        -0.360438973,
        0.9079701,
        0.213714987
      ]
    ],
    "translation": [
      1.91248417,
      1.43001044,
      -0.748468637
    ]
  },
  {
    "timeStamp": 4736,
    "rotation": [
      [
        0.9164259,
        0.36521706,
        0.16364637
      ],
      [
        0.07340114,
        0.248583928,
        -0.9658252
      ],
      [
        -0.3934157,
        0.897119045,
        0.201001391
      ]
    ],
    "translation": [
      1.93423367,
      1.42912126,
      -0.746301949
    ]
  },
  {
    "timeStamp": 4792,
    "rotation": [
      [
        0.906378448,
        0.3860781,
        0.17152819
      ],
      [
        0.07737322,
        0.247446716,
        -0.9658072
      ],
      [
        -0.415321052,
        0.8886585,
        0.194408253
      ]
    ],
    "translation": [
      1.94972515,
      1.42841911,
      -0.7442246
    ]
  },
  {
    "timeStamp": 4836,
    "rotation": [
      [
        0.8954964,
        0.4083331,
        0.177060038
      ],
      [
        0.07879709,
        0.2460848,
        -0.96604
      ],
      [
        -0.4380379,
        0.8790372,
        0.188192591
      ]
    ],
    "translation": [
      1.96634459,
      1.42755151,
      -0.742500067
    ]
  },
  {
    "timeStamp": 4892,
    "rotation": [
      [
        0.888286,
        0.42208308,
        0.181090862
      ],
      [
        0.0783939958,
        0.249163523,
        -0.965283334
      ],
      [
        -0.452551,
        0.8716441,
        0.188239679
      ]
    ],
    "translation": [
      1.97866046,
      1.42675233,
      -0.7400259
    ]
  },
  {
    "timeStamp": 4937,
    "rotation": [
      [
        0.882985651,
        0.431949556,
        0.183728069
      ],
      [
        0.07740834,
        0.2520567,
        -0.96461153
      ],
      [
        -0.4629734,
        0.8659602,
        0.18912591
      ]
    ],
    "translation": [
      1.99266422,
      1.4251647,
      -0.736985564
    ]
  },
  {
    "timeStamp": 4987,
    "rotation": [
      [
        0.878183961,
        0.44147554,
        0.184098437
      ],
      [
        0.07572456,
        0.251711726,
        -0.9648352
      ],
      [
        -0.472290874,
        0.8612436,
        0.187618658
      ]
    ],
    "translation": [
      2.005406,
      1.422858,
      -0.7334319
    ]
  },
  {
    "timeStamp": 5042,
    "rotation": [
      [
        0.874945,
        0.448431283,
        0.182703525
      ],
      [
        0.07386387,
        0.249297485,
        -0.965606
      ],
      [
        -0.478555471,
        0.8583473,
        0.184998721
      ]
    ],
    "translation": [
      2.01401687,
      1.42056441,
      -0.7304404
    ]
  },
  {
    "timeStamp": 5087,
    "rotation": [
      [
        0.8754026,
        0.449079931,
        0.1788784
      ],
      [
        0.0696200654,
        0.249059916,
        -0.9659825
      ],
      [
        -0.4783548,
        0.8580771,
        0.18676272
      ]
    ],
    "translation": [
      2.02416945,
      1.41737819,
      -0.7255613
    ]
  },
  {
    "timeStamp": 5142,
    "rotation": [
      [
        0.878659666,
        0.445905924,
        0.170660734
      ],
      [
        0.0624824278,
        0.246977925,
        -0.9670046
      ],
      [
        -0.473342478,
        0.860331237,
        0.189148277
      ]
    ],
    "translation": [
      2.0299902,
      1.41455269,
      -0.7216733
    ]
  },
  {
    "timeStamp": 5186,
    "rotation": [
      [
        0.88278985,
        0.440889418,
        0.162168637
      ],
      [
        0.0562470853,
        0.243524611,
        -0.9682624
      ],
      [
        -0.4663887,
        0.8638937,
        0.190182313
      ]
    ],
    "translation": [
      2.03686166,
      1.41134393,
      -0.716541648
    ]
  },
  {
    "timeStamp": 5242,
    "rotation": [
      [
        0.885657549,
        0.437268168,
        0.156228349
      ],
      [
        0.051323235,
        0.242207319,
        -0.9688661
      ],
      [
        -0.461493969,
        0.866101742,
        0.192070723
      ]
    ],
    "translation": [
      2.04103637,
      1.40881526,
      -0.7131145
    ]
  },
  {
    "timeStamp": 5287,
    "rotation": [
      [
        0.8882015,
        0.434359968,
        0.149765089
      ],
      [
        0.046023123,
        0.240212575,
        -0.9696287
      ],
      [
        -0.457143337,
        0.8681183,
        0.193366557
      ]
    ],
    "translation": [
      2.04590917,
      1.40584123,
      -0.7088522
    ]
  },
  {
    "timeStamp": 5332,
    "rotation": [
      [
        0.8899391,
        0.431983173,
        0.1462837
      ],
      [
        0.043684788,
        0.238529339,
        -0.970152259
      ],
      [
        -0.4539824,
        0.869766831,
        0.1934055
      ]
    ],
    "translation": [
      2.04890037,
      1.40345037,
      -0.7064966
    ]
  },
  {
    "timeStamp": 5389,
    "rotation": [
      [
        0.8916698,
        0.430048376,
        0.141362444
      ],
      [
        0.0405962765,
        0.235051483,
        -0.9711348
      ],
