[
  {
    "timeStamp": 27390,
    "rotation": [
      [
        0.104768664,
        0.994495034,
        -0.00179140375
      ],
      [
        0.00423704,
        0.00135493593,
        0.9999901
      ],
      [
        0.9944876,
        -0.104775213,
        -0.00407176046
      ]
    ],
    "translation": [
      1.30817139,
      0.7012938,
      -0.758159637
    ]
  },
  {
    "timeStamp": 27436,
    "rotation": [
      [
        0.101992391,
        0.994724452,
        0.0109955156
      ],
      [
        0.00115078071,
        -0.0111711277,
        0.999936938
      ],
      [
        0.994784534,
        -0.1019733,
        -0.00228407956
      ]
    ],
    "translation": [
      1.30682886,
      0.702491939,
      -0.761438847
    ]
  },
  {
    "timeStamp": 27488,
    "rotation": [
      [
        0.0817579,
        0.9962972,
        0.0265990663
      ],
      [
        -0.01995182,
        -0.0250469521,
        0.999487162
      ],
      [
        0.996452451,
        -0.08224667,
        0.0178301577
      ]
    ],
    "translation": [
      1.30815041,
      0.7144838,
      -0.774485946
    ]
  },
  {
    "timeStamp": 27544,
    "rotation": [
      [
        0.07009847,
        0.992509246,
        0.100058362
      ],
      [
        -0.08998207,
        -0.09360492,
        0.9915348
      ],
      [
        0.9934734,
        -0.07850855,
        0.0827464759
      ]
    ],
    "translation": [
      1.30327749,
      0.742033,
      -0.7960597
    ]
  },
  {
    "timeStamp": 27588,
    "rotation": [
      [
        0.03246223,
        0.990280747,
        0.135241047
      ],
      [
        -0.173127085,
        -0.12769556,
        0.976586342
      ],
      [
        0.984364331,
        -0.0551160425,
        0.167299151
      ]
    ],
    "translation": [
      1.30966365,
      0.767701566,
      -0.8276193
    ]
  },
  {
    "timeStamp": 27644,
    "rotation": [
      [
        -0.01044082,
        0.98320514,
        0.182204857
      ],
      [
        -0.212388679,
        -0.180237666,
        0.9604194
      ],
      [
        0.977129459,
        -0.0286706723,
        0.210703477
      ]
    ],
    "translation": [
      1.32470143,
      0.7977653,
      -0.8588708
    ]
  },
  {
    "timeStamp": 27688,
    "rotation": [
      [
        -0.0198918544,
        0.9774703,
        0.210133791
      ],
      [
        -0.2707457,
        -0.207588732,
        0.940001965
      ],
      [
        0.9624454,
        -0.0381944366,
        0.2687752
      ]
    ],
    "translation": [
      1.34219778,
      0.819274664,
      -0.8876636
    ]
  },
  {
    "timeStamp": 27744,
    "rotation": [
      [
        -0.0170769636,
        0.969587,
        0.244150519
      ],
      [
        -0.3230458,
        -0.236440182,
        0.9163719
      ],
      [
        0.9462293,
        -0.06322297,
        0.317258656
      ]
    ],
    "translation": [
      1.36982179,
      0.8379929,
      -0.917496562
    ]
  },
  {
    "timeStamp": 27788,
    "rotation": [
      [
        0.0122310249,
        0.958612,
        0.284452826
      ],
      [
        -0.378305584,
        -0.2588927,
        0.888740361
      ],
      [
        0.925599933,
        -0.118480317,
        0.359481752
      ]
    ],
    "translation": [
      1.39074373,
      0.8529663,
      -0.935357451
    ]
  },
  {
    "timeStamp": 27844,
    "rotation": [
      [
        0.0681215748,
        0.9404047,
        0.3331643
      ],
      [
        -0.393529236,
        -0.2815362,
        0.8751412
      ],
      [
        0.9167847,
        -0.190725878,
        0.3508981
      ]
    ],
    "translation": [
      1.421458,
      0.866011858,
      -0.938881159
    ]
  },
  {
    "timeStamp": 27889,
    "rotation": [
      [
        0.164111331,
        0.9001239,
        0.403539926
      ],
      [
        -0.422910273,
        -0.305381745,
        0.8531641
      ],
      [
        0.891187131,
        -0.310675055,
        0.330555022
      ]
    ],
    "translation": [
      1.44453287,
      0.8797108,
      -0.923389
    ]
  },
  {
    "timeStamp": 27937,
    "rotation": [
      [
        0.275833547,
        0.8150106,
        0.5095817
      ],
      [
        -0.455340743,
        -0.3560958,
        0.8160028
      ],
      [
        0.8465108,
        -0.4571143,
        0.272884369
      ]
    ],
    "translation": [
      1.46735382,
      0.904207051,
      -0.8927075
    ]
  },
  {
    "timeStamp": 27986,
    "rotation": [
      [
        0.414635122,
        0.6651305,
        0.621030748
      ],
      [
        -0.472079456,
        -0.426219344,
        0.771672249
      ],
      [
        0.7779581,
        -0.6131383,
        0.137268931
      ]
    ],
    "translation": [
      1.505287,
      0.9398352,
      -0.8333019
    ]
  },
  {
    "timeStamp": 28040,
    "rotation": [
      [
        0.5270319,
        0.470451057,
        0.7077522
      ],
      [
        -0.4976258,
        -0.5042656,
        0.7057512
      ],
      [
        0.6889165,
        -0.7241491,
        -0.0316554643
      ]
    ],
    "translation": [
      1.56154418,
      0.9853265,
      -0.775204539
    ]
  },
  {
    "timeStamp": 28085,
    "rotation": [
      [
        0.6100005,
        0.313130856,
        0.7279069
      ],
      [
        -0.4914552,
        -0.5710868,
        0.6575193
      ],
      [
        0.621587634,
        -0.7588207,
        -0.19447346
      ]
    ],
    "translation": [
      1.62357664,
      1.025272,
      -0.722364962
    ]
  },
  {
    "timeStamp": 28140,
    "rotation": [
      [
        0.696515441,
        0.2006612,
        0.6889131
      ],
      [
        -0.4385891,
        -0.640811443,
        0.630079567
      ],
      [
        0.567895949,
        -0.741009951,
        -0.35832727
      ]
    ],
    "translation": [
      1.70663226,
      1.06354022,
      -0.6886121
    ]
  },
  {
    "timeStamp": 28196,
    "rotation": [
      [
        0.7907648,
        0.118886553,
        0.600464
      ],
      [
        -0.361065716,
        -0.7015356,
        0.614393532
      ],
      [
        0.49429,
        -0.702647746,
        -0.5118238
      ]
    ],
    "translation": [
      1.80591631,
      1.09723973,
      -0.6563811
    ]
  },
  {
    "timeStamp": 28240,
    "rotation": [
      [
        0.855502367,
        0.10434933,
        0.5071754
      ],
      [
        -0.292273551,
        -0.711214244,
        0.63933593
      ],
      [
        0.427424669,
        -0.6951874,
        -0.577946961
      ]
    ],
    "translation": [
      1.87923956,
      1.10715282,
      -0.6518736
    ]
  },
  {
    "timeStamp": 28296,
    "rotation": [
      [
        0.95329535,
        0.12156684,
        0.276495039
      ],
      [
        -0.125328317,
        -0.6736918,
        0.7283077
      ],
      [
        0.274810523,
        -0.728945,
        -0.6269915
      ]
    ],
    "translation": [
      1.99522507,
      1.09061444,
      -0.649453461
    ]
  },
  {
    "timeStamp": 28340,
    "rotation": [
      [
        0.986014247,
        0.08838974,
        0.141291082
      ],
      [
        -0.0584852733,
        -0.6103485,
        0.789971
      ],
      [
        0.156062126,
        -0.7871861,
        -0.596642852
      ]
    ],
    "translation": [
      2.07050276,
      1.07495,
      -0.6622461
    ]
  },
  {
    "timeStamp": 28396,
    "rotation": [
      [
        0.993944645,
        0.08996237,
        0.06309366
      ],
      [
        -0.009913603,
        -0.4984355,
        0.8668701
      ],
      [
        0.109433815,
        -0.8622464,
        -0.494525433
      ]
    ],
    "translation": [
      2.13057637,
      1.03833115,
      -0.693734
    ]
  },
  {
    "timeStamp": 28441,
    "rotation": [
      [
        0.995774031,
        0.0897329748,
        0.0195475556
      ],
      [
        0.0180718079,
        -0.400146484,
        0.916273
      ],
      [
        0.09004179,
        -0.912047565,
        -0.4000771
      ]
    ],
    "translation": [
      2.15863061,
      1.00952613,
      -0.715343237
    ]
  },
  {
    "timeStamp": 28487,
    "rotation": [
      [
        0.9934696,
        0.09418577,
        0.06439852
      ],
      [
        -0.0263607632,
        -0.3596746,
        0.932705343
      ],
      [
        0.11101009,
        -0.928312,
        -0.354842961
      ]
    ],
    "translation": [
      2.1628418,
      0.984732151,
      -0.7264427
    ]
  },
  {
    "timeStamp": 28544,
    "rotation": [
      [
        0.989686251,
        0.1107015,
        0.0909194648
      ],
      [
        -0.05484805,
        -0.293491781,
        0.95438683
      ],
      [
        0.132336184,
        -0.949530244,
        -0.284393
      ]
    ],
    "translation": [
      2.156798,
      0.9506583,
      -0.736311555
    ]
  },
  {
    "timeStamp": 28592,
    "rotation": [
      [
        0.9814292,
        0.139607638,
        0.131553873
      ],
      [
        -0.0910595357,
        -0.264540642,
        0.960065842
      ],
      [
        0.168833867,
        -0.9542159,
        -0.246915281
      ]
    ],
    "translation": [
      2.14840746,
      0.928055,
      -0.73789376
    ]
  },
  {
    "timeStamp": 28640,
    "rotation": [
      [
        0.9731005,
        0.1365602,
        0.185544223
      ],
      [
        -0.148865625,
        -0.241939127,
        0.958803654
      ],
      [
        0.175824851,
        -0.9606335,
        -0.215101987
      ]
    ],
    "translation": [
      2.1260705,
      0.90582937,
      -0.7354409
    ]
  },
  {
    "timeStamp": 28696,
    "rotation": [
      [
        0.9706905,
        0.159742013,
        0.1795619
      ],
      [
        -0.145339429,
        -0.204864442,
        0.967939556
      ],
      [
        0.191406474,
        -0.9656671,
        -0.175643161
      ]
    ],
    "translation": [
      2.11857867,
      0.8827511,
      -0.734585166
    ]
  },
  {
    "timeStamp": 28740,
    "rotation": [
      [
        0.9630065,
        0.162752077,
        0.214779556
      ],
      [
        -0.180232227,
        -0.203532442,
        0.9623362
      ],
      [
        0.2003368,
        -0.9654462,
        -0.16666989
      ]
    ],
    "translation": [
      2.10397339,
      0.870480657,
      -0.728352368
    ]
  },
  {
    "timeStamp": 28795,
    "rotation": [
      [
        0.9700576,
        0.176059425,
        0.167306066
      ],
      [
        -0.135945261,
        -0.177236438,
        0.9747339
      ],
      [
        0.201263815,
        -0.9682925,
        -0.147995114
      ]
    ],
    "translation": [
      2.10794163,
      0.851432,
      -0.723337
    ]
  },
  {
    "timeStamp": 28840,
    "rotation": [
      [
        0.9616619,
        0.169686466,
        0.215436459
      ],
      [
        -0.184345365,
        -0.18162623,
        0.9659341
      ],
      [
        0.203034863,
        -0.9686167,
        -0.143382117
      ]
    ],
    "translation": [
      2.09384036,
      0.8433406,
      -0.7170269
    ]
  },
  {
    "timeStamp": 28895,
    "rotation": [
      [
        0.9700977,
        0.203094482,
        0.132902443
      ],
      [
        -0.103835687,
        -0.147657663,
        0.9835728
      ],
      [
        0.219382241,
        -0.9679617,
        -0.1221539
      ]
    ],
    "translation": [
      2.10510325,
      0.82420063,
      -0.7128515
    ]
  },
  {
    "timeStamp": 28940,
    "rotation": [
      [
        0.967599869,
        0.213360712,
        0.135010228
      ],
      [
        -0.106234081,
        -0.141058967,
        0.9842849
      ],
      [
        0.2290521,
        -0.966736555,
        -0.113822453
      ]
    ],
    "translation": [
      2.102461,
      0.8140155,
      -0.7073375
    ]
  },
  {
    "timeStamp": 28985,
    "rotation": [
      [
        0.963467538,
        0.255308419,
        0.08091897
      ],
      [
        -0.05116414,
        -0.121114396,
        0.99131906
      ],
      [
        0.262892574,
        -0.9592439,
        -0.10362716
      ]
    ],
    "translation": [
      2.11146045,
      0.802406132,
      -0.7039817
    ]
  },
  {
    "timeStamp": 29042,
    "rotation": [
      [
        0.9393101,
        0.341495275,
        0.032826487
      ],
      [
        -0.001572117,
        -0.0913990438,
        0.995813131
      ],
      [
        0.343065768,
        -0.9354289,
        -0.08531517
      ]
    ],
    "translation": [
      2.11942,
      0.789997,
      -0.7018755
    ]
  },
  {
    "timeStamp": 29088,
    "rotation": [
      [
        0.9243238,
        0.376387119,
        0.0629137158
      ],
      [
        -0.0297727119,
        -0.09323388,
        0.995198965
      ],
      [
        0.3804458,
        -0.921759248,
        -0.0749722347
      ]
    ],
    "translation": [
      2.11614442,
      0.7843104,
      -0.699141443
    ]
  },
  {
    "timeStamp": 29144,
    "rotation": [
      [
        0.919837952,
        0.39184612,
        0.0188328382
      ],
      [
        0.00211100955,
        -0.052949775,
        0.99859494
      ],
      [
        0.392292738,
        -0.9185058,
        -0.049532406
      ]
    ],
    "translation": [
      2.12716579,
      0.7725028,
      -0.696563065
    ]
  },
  {
    "timeStamp": 29189,
    "rotation": [
      [
        0.908996761,
        0.4146361,
        0.0424465835
      ],
      [
        -0.02322295,
        -0.0512971543,
        0.9984134
      ],
      [
        0.416155636,
        -0.908540249,
        -0.0369998738
      ]
    ],
    "translation": [
      2.12581229,
      0.7685038,
      -0.6948671
    ]
  },
  {
    "timeStamp": 29245,
    "rotation": [
      [
        0.882586658,
        0.470124483,
        0.00488285953
      ],
      [
        0.0109256748,
        -0.0308920145,
        0.999463
      ],
      [
        0.4700229,
        -0.8820594,
        -0.0324013047
      ]
    ],
    "translation": [
      2.13169527,
      0.7650947,
      -0.6935425
    ]
  },
  {
    "timeStamp": 29289,
    "rotation": [
      [
        0.855689347,
        0.516828656,
        -0.02615173
      ],
      [
        0.0375903659,
        -0.01167546,
        0.999225
      ],
      [
        0.5161228,
        -0.856009245,
        -0.0294183437
      ]
    ],
    "translation": [
      2.13818765,
      0.7646846,
      -0.6924211
    ]
  },
  {
    "timeStamp": 29345,
    "rotation": [
      [
        0.7838871,
        0.620858133,
        -0.00750207668
      ],
      [
        0.0336693563,
        -0.0304395314,
        0.9989694
      ],
      [
        0.6199899,
        -0.783331752,
        -0.04476505
      ]
    ],
    "translation": [
      2.13281155,
      0.7683599,
      -0.6886168
    ]
  },
  {
    "timeStamp": 29389,
    "rotation": [
      [
        0.727354348,
        0.686079562,
        -0.0158314947
      ],
      [
        0.026673086,
        -0.005210965,
        0.99963063
      ],
      [
        0.68574363,
        -0.727507949,
        -0.0220900774
      ]
    ],
    "translation": [
      2.13533449,
      0.766547263,
      -0.691340864
    ]
  },
  {
    "timeStamp": 29445,
    "rotation": [
      [
        0.6874554,
        0.7259068,
        -0.0215492565
      ],
      [
        0.00215968327,
        0.0276292972,
        0.9996159
      ],
      [
        0.72622335,
        -0.6872379,
        0.0174261816
      ]
    ],
    "translation": [
      2.144587,
      0.762403,
      -0.695747137
    ]
  },
  {
    "timeStamp": 29489,
    "rotation": [
      [
        0.6241564,
        0.7812344,
        -0.0100770136
      ],
      [
        0.008275402,
        0.0062866197,
        0.999946
      ],
      [
        0.781255543,
        -0.624206066,
        -0.00254119467
      ]
    ],
    "translation": [
      2.14206362,
      0.764277041,
      -0.692036033
    ]
  },
  {
    "timeStamp": 29545,
    "rotation": [
      [
        0.55536747,
        0.8315083,
        0.0126857115
      ],
      [
        -0.006402312,
        -0.0109789064,
        0.999919236
      ],
      [
        0.8315804,
        -0.5554038,
        -0.0007737518
      ]
    ],
    "translation": [
      2.137004,
      0.7643249,
      -0.691812932
    ]
  },
  {
    "timeStamp": 29589,
    "rotation": [
      [
        0.514522552,
        0.857431769,
        0.008784651
      ],
      [
        -0.00247787847,
        -0.00875797,
        0.9999586
      ],
      [
        0.8574732,
        -0.514523,
        -0.00238156156
      ]
    ],
    "translation": [
      2.137778,
      0.7628417,
      -0.6899843
    ]
  },
  {
    "timeStamp": 29645,
    "rotation": [
      [
        0.456550926,
        0.8886504,
        0.04314681
      ],
      [
        0.00119770656,
        -0.0491099,
        0.998792648
      ],
      [
        0.8896965,
        -0.455948025,
        -0.0234855115
      ]
    ],
    "translation": [
      2.129786,
      0.7630942,
      -0.683016837
    ]
  },
  {
    "timeStamp": 29689,
    "rotation": [
      [
        0.410187453,
        0.911144257,
        0.0395275
      ],
      [
        0.0234698132,
        -0.0538731553,
        0.998271942
      ],
      [
        0.9116992,
        -0.408550918,
        -0.043482475
      ]
    ],
    "translation": [
      2.13019729,
      0.7627028,
      -0.678619742
    ]
  },
  {
    "timeStamp": 29744,
    "rotation": [
      [
        0.362290859,
        0.9314589,
        0.033611767
      ],
      [
        0.0444133,
        -0.05327273,
        0.997591853
      ],
      [
        0.9310064,
        -0.3599256,
        -0.06066938
      ]
    ],
    "translation": [
      2.13079071,
      0.7585007,
      -0.672381461
    ]
  },
  {
    "timeStamp": 29789,
    "rotation": [
      [
        0.326578,
        0.944309056,
        0.0403382555
      ],
      [
        0.0402164273,
        -0.05652268,
        0.997591
      ],
      [
        0.9443143,
        -0.324169,
        -0.0564358
      ]
    ],
    "translation": [
      2.1311903,
      0.758003831,
      -0.670205235
    ]
  },
  {
    "timeStamp": 29844,
    "rotation": [
      [
        0.3081628,
        0.9512306,
        0.0140001075
      ],
      [
        0.05625057,
        -0.03290966,
        0.997874141
      ],
      [
        0.9496692,
        -0.306720167,
        -0.0636488
      ]
    ],
    "translation": [
      2.13174033,
      0.752482,
      -0.667945862
    ]
  },
  {
    "timeStamp": 29889,
    "rotation": [
      [
        0.282583177,
        0.9585546,
        0.0363294072
      ],
      [
        0.03970176,
        -0.0495278947,
        0.997983336
      ],
      [
        0.9584209,
        -0.280570954,
        -0.05205205
      ]
    ],
    "translation": [
      2.13151169,
      0.751057,
      -0.6672506
    ]
  },
  {
    "timeStamp": 29944,
    "rotation": [
      [
        0.3258992,
        0.94477123,
        0.0345970169
      ],
      [
        0.0123678744,
        -0.040852394,
        0.999088645
      ],
      [
        0.9453236,
        -0.3251743,
        -0.0249985773
      ]
    ],
    "translation": [
      2.130493,
      0.7479872,
      -0.6725676
    ]
  },
  {
    "timeStamp": 29989,
    "rotation": [
      [
        0.315184683,
        0.9489731,
        0.0104225352
      ],
      [
        0.01900286,
        -0.0172908,
        0.9996699
      ],
      [
        0.9488401,
        -0.3148826,
        -0.0234829988
      ]
    ],
    "translation": [
      2.131395,
      0.7431859,
      -0.673066735
    ]
  },
  {
    "timeStamp": 30044,
    "rotation": [
      [
        0.3420653,
        0.9396626,
        0.00504833972
      ],
      [
        0.0197004545,
        -0.0125425924,
        0.999727249
      ],
      [
        0.939469635,
        -0.341872573,
        -0.0228021648
      ]
    ],
    "translation": [
      2.13131738,
      0.74317795,
      -0.6750218
    ]
  },
  {
    "timeStamp": 30089,
    "rotation": [
      [
        0.398630142,
        0.9170744,
        0.008281504
      ],
      [
        0.01867917,
        -0.0171468332,
        0.9996785
      ],
      [
        0.9169215,
        -0.3983473,
        -0.0239654314
      ]
    ],
    "translation": [
      2.13023758,
      0.7423642,
      -0.6788305
    ]
  },
  {
    "timeStamp": 30145,
    "rotation": [
      [
        0.42046687,
        0.907282352,
        0.006802043
      ],
      [
        0.0219731554,
        -0.01767732,
        0.999602258
      ],
      [
        0.9070417,
        -0.420150161,
        -0.0273685828
      ]
    ],
    "translation": [
      2.12998438,
      0.741839349,
      -0.6798404
    ]
  },
  {
    "timeStamp": 30189,
    "rotation": [
      [
        0.409679383,
        0.912228465,
        -0.00142551039
      ],
      [
        0.0233488865,
        -0.008923744,
        0.999687552
      ],
      [
        0.91193074,
        -0.409584671,
        -0.0249553919
      ]
    ],
    "translation": [
      2.13087225,
      0.7369486,
      -0.6809894
    ]
  },
  {
    "timeStamp": 30245,
    "rotation": [
      [
        0.4082194,
        0.9128832,
        -0.00108086551
      ],
      [
        0.02136166,
        -0.008368718,
        0.9997368
      ],
      [
        0.9126339,
        -0.408135027,
        -0.0229169745
      ]
    ],
    "translation": [
      2.13088179,
      0.738748431,
      -0.683029354
    ]
  },
  {
    "timeStamp": 30289,
    "rotation": [
      [
        0.35062,
        0.9365167,
        0.00145399361
      ],
      [
        0.0169868916,
        -0.00791196,
        0.9998244
      ],
      [
        0.936363757,
        -0.350533754,
        -0.0186825991
      ]
    ],
    "translation": [
      2.13165712,
      0.741264939,
      -0.683163762
    ]
  },
  {
    "timeStamp": 30345,
    "rotation": [
      [
        0.307468861,
        0.9515248,
        0.007962813
      ],
      [
        -0.012521334,
        -0.00432168832,
        0.999912262
      ],
      [
        0.951475739,
        -0.3075416,
        0.0105855744
      ]
    ],
    "translation": [
      2.13220358,
      0.7426081,
      -0.685726047
    ]
  },
  {
    "timeStamp": 30389,
    "rotation": [
      [
        0.418394119,
        0.9078109,
        0.0287343729
      ],
      [
        -0.09014327,
        0.0100235352,
        0.995878339
      ],
      [
        0.903781235,
        -0.419259846,
        0.08602684
      ]
    ],
    "translation": [
      2.130526,
      0.7445326,
      -0.695222139
    ]
  },
  {
    "timeStamp": 30445,
    "rotation": [
      [
        0.53370595,
        0.8449596,
        -0.03465793
      ],
      [
        -0.0437461473,
        0.06851311,
        0.996690631
      ],
      [
        0.844537854,
        -0.5304236,
        0.0735295862
      ]
    ],
    "translation": [
      2.14287615,
      0.744972944,
      -0.6943842
    ]
  },
  {
    "timeStamp": 30489,
    "rotation": [
      [
        0.6230001,
        0.779656351,
        0.06329936
      ],
      [
        -0.08487379,
        -0.01306878,
        0.996306
      ],
      [
        0.777603567,
        -0.626071155,
        0.05803054
      ]
    ],
    "translation": [
      2.12306643,
      0.75436914,
      -0.6939573
    ]
  },
  {
    "timeStamp": 30544,
    "rotation": [
      [
        0.6988535,
        0.713008,
        0.0567746349
      ],
      [
        -0.09412907,
        0.0129938135,
        0.9954752
      ],
      [
        0.709044039,
        -0.7010355,
        0.0761955455
      ]
    ],
    "translation": [
      2.12126517,
      0.7631092,
      -0.697050154
    ]
  },
  {
    "timeStamp": 30589,
    "rotation": [
      [
        0.8161905,
        0.5746806,
        0.0597938634
      ],
      [
        -0.0567678325,
        -0.0232266672,
        0.9981172
      ],
      [
        0.5749874,
        -0.8180481,
        0.013665989
      ]
    ],
    "translation": [
      2.116231,
      0.7582322,
      -0.688532352
    ]
  },
  {
    "timeStamp": 30644,
    "rotation": [
      [
        0.893086,
        0.440277934,
        0.09248145
      ],
      [
        -0.0807304755,
        -0.0453911,
        0.9957019
      ],
      [
        0.442583382,
        -0.896713436,
        -0.00499430858
      ]
    ],
    "translation": [
      2.10824,
      0.7567154,
      -0.685550332
    ]
  },
  {
    "timeStamp": 30689,
    "rotation": [
      [
        0.9322343,
        0.351883858,
        0.084363
      ],
      [
        -0.06891896,
        -0.056211967,
        0.996037364
      ],
      [
        0.355231643,
        -0.934354365,
        -0.0281512514
      ]
    ],
    "translation": [
      2.10205865,
      0.7542052,
      -0.6811641
    ]
  },
  {
    "timeStamp": 30744,
    "rotation": [
      [
        0.967375934,
        0.2497706,
        0.0424081869
      ],
      [
        -0.0238210689,
        -0.07697609,
        0.9967483
      ],
      [
        0.252222836,
        -0.965240538,
        -0.06851501
      ]
    ],
    "translation": [
      2.1055975,
      0.7482384,
      -0.6705347
    ]
  },
  {
    "timeStamp": 30789,
    "rotation": [
      [
        0.980455339,
        0.192360476,
        0.0412883
      ],
      [
        -0.028699303,
        -0.06777858,
        0.9972875
      ],
      [
        0.194637179,
        -0.978980839,
        -0.0609332658
      ]
    ],
    "translation": [
      2.1011188,
      0.7403333,
      -0.671415
    ]
  },
  {
    "timeStamp": 30844,
    "rotation": [
      [
        0.9884914,
        0.151101559,
        -0.007282532
      ],
      [
        0.01908385,
        -0.07679954,
        0.9968639
      ],
      [
        0.150068387,
        -0.9855304,
        -0.078799285
      ]
    ],
    "translation": [
      2.102058,
      0.7337213,
      -0.6663363
    ]
  },
  {
    "timeStamp": 30889,
    "rotation": [
      [
        0.9908512,
        0.134949967,
        0.001526972
      ],
      [
        0.008302833,
        -0.07224752,
        0.9973522
      ],
      [
        0.134702966,
        -0.9882149,
        -0.07270701
      ]
    ],
    "translation": [
      2.101183,
      0.7282407,
      -0.6646382
    ]
  },
  {
    "timeStamp": 30944,
    "rotation": [
      [
        0.994487047,
        0.1037057,
        0.015513639
      ],
      [
        -0.0104102232,
        -0.04957195,
        0.9987163
      ],
      [
        0.104341611,
        -0.9933719,
        -0.0482190624
      ]
    ],
    "translation": [
      2.09745955,
      0.722784042,
      -0.6672488
    ]
  },
  {
    "timeStamp": 30988,
    "rotation": [
      [
        0.995450735,
        0.09397949,
        0.0156755187
      ],
      [
        -0.0129372105,
        -0.0296761282,
        0.999475837
      ],
      [
        0.09439542,
        -0.9951318,
        -0.02832529
      ]
    ],
    "translation": [
      2.097681,
      0.721996665,
      -0.6673092
    ]
  },
  {
    "timeStamp": 31044,
    "rotation": [
      [
        0.995242655,
        0.0966693,
        0.0121241137
      ],
      [
        -0.01023425,
        -0.0200217236,
        0.999747157
      ],
      [
        0.09688761,
        -0.9951151,
        -0.0189371351
      ]
    ],
    "translation": [
      2.09766722,
      0.7213923,
      -0.6674536
    ]
  },
  {
    "timeStamp": 31089,
    "rotation": [
      [
        0.99531287,
        0.09654096,
        0.005673836
      ],
      [
        -0.00417029252,
        -0.0157688055,
        0.999866962
      ],
      [
        0.09661759,
        -0.995204151,
        -0.0152922906
      ]
    ],
    "translation": [
      2.09761572,
      0.721448541,
      -0.6674551
    ]
  },
  {
    "timeStamp": 31144,
    "rotation": [
      [
        0.9952301,
        0.0974169746,
        -0.00518943835
      ],
      [
        0.00648639444,
        -0.0130014755,
        0.99989444
      ],
      [
        0.09733923,
        -0.9951587,
        -0.0135713452
      ]
    ],
    "translation": [
      2.09765887,
      0.72159487,
      -0.6675893
    ]
  },
  {
    "timeStamp": 31188,
    "rotation": [
      [
        0.9952064,
        0.09715472,
        -0.0111856023
      ],
      [
        0.0122898426,
        -0.010774795,
        0.9998664
      ],
      [
        0.09702122,
        -0.995210946,
        -0.0119171618
      ]
    ],
    "translation": [
      2.09760857,
      0.7216792,
      -0.667602658
    ]
  },
  {
    "timeStamp": 31244,
    "rotation": [
      [
        0.9950948,
        0.09749564,
        -0.016762862
      ],
      [
        0.0180887729,
        -0.0127316816,
        0.9997553
      ],
      [
        0.09725837,
        -0.9951545,
        -0.0144328075
      ]
    ],
    "translation": [
      2.097616,
      0.7217438,
      -0.6675981
    ]
  },
  {
    "timeStamp": 31288,
    "rotation": [
      [
        0.9950728,
        0.09734989,
        -0.0187944975
      ],
      [
        0.0198324,
        -0.009704857,
        0.9997562
      ],
      [
        0.09714376,
        -0.9952029,
        -0.0115877213
      ]
    ],
    "translation": [
      2.09759545,
      0.721787333,
      -0.667583048
    ]
  },
  {
    "timeStamp": 31344,
    "rotation": [
      [
        0.994876146,
        0.0978686,
        -0.0253596082
      ],
      [
        0.0265069529,
        -0.0104407556,
        0.9995941
      ],
      [
        0.0975640938,
        -0.995144546,
        -0.0129814576
      ]
    ],
    "translation": [
      2.09764218,
      0.721870542,
      -0.667571843
    ]
  },
  {
    "timeStamp": 31388,
    "rotation": [
      [
        0.994869947,
        0.0977309346,
        -0.026122909
      ],
      [
        0.0272160452,
        -0.009868593,
        0.99958086
      ],
      [
        0.0974321738,
        -0.9951639,
        -0.012477817
      ]
    ],
    "translation": [
      2.09764051,
      0.722112238,
      -0.6674881
    ]
  },
  {
    "timeStamp": 31444,
    "rotation": [
      [
        0.9948697,
        0.09708926,
        -0.02842353
      ],
      [
        0.0292049423,
        -0.00663650874,
        0.9995514
      ],
      [
        0.09685708,
        -0.9952535,
        -0.00943794753
      ]
    ],
    "translation": [
      2.09764361,
      0.722164154,
      -0.667481959
    ]
  },
  {
    "timeStamp": 31488,
    "rotation": [
      [
        0.997579753,
        0.0603721,
        -0.03449504
      ],
      [
        0.035507,
        -0.0157699846,
        0.999245
      ],
      [
        0.0597825274,
        -0.998051345,
        -0.01787545
      ]
    ],
    "translation": [
      2.097442,
      0.722592533,
      -0.6660651
    ]
  },
  {
    "timeStamp": 31544,
    "rotation": [
      [
        0.9972091,
        -0.0648006946,
        -0.0370820574
      ],
      [
        0.0337875746,
        -0.05121728,
        0.998115838
      ],
      [
        -0.06657783,
        -0.996583045,
        -0.0488848723
      ]
    ],
    "translation": [
      2.09802818,
      0.725955367,
      -0.6573325
    ]
  },
  {
    "timeStamp": 31588,
    "rotation": [
      [
        0.9973705,
        -0.0637848,
        -0.03440158
      ],
      [
        0.0311601013,
        -0.0511356629,
        0.9982055
      ],
      [
        -0.06542949,
        -0.996652663,
        -0.0490136631
      ]
    ],
    "translation": [
      2.09734344,
      0.729288459,
      -0.65577203
    ]
  },
  {
    "timeStamp": 31644,
    "rotation": [
      [
        0.997108936,
        -0.06906107,
        -0.03169218
      ],
      [
        0.02834278,
        -0.04895093,
        0.99839896
      ],
      [
        -0.07050187,
        -0.9964107,
        -0.0468520224
      ]
    ],
    "translation": [
      2.0966897,
      0.7322154,
      -0.6565016
    ]
  },
  {
    "timeStamp": 31688,
    "rotation": [
      [
        0.997195244,
        -0.0714179948,
        -0.022387797
      ],
      [
        0.0188864656,
        -0.0493300036,
        0.99860394
      ],
      [
        -0.07242269,
        -0.996225953,
        -0.0478428081
      ]
    ],
    "translation": [
      2.09551668,
      0.7359684,
      -0.6557019
    ]
  },
  {
    "timeStamp": 31744,
    "rotation": [
      [
        0.997138739,
        -0.07409236,
        -0.0149909705
      ],
      [
        0.0114189088,
        -0.04840156,
        0.998762667
      ],
      [
        -0.0747262761,
        -0.996076167,
        -0.0474170148
      ]
    ],
    "translation": [
      2.0932672,
      0.73698163,
      -0.655064
    ]
  },
  {
    "timeStamp": 31788,
    "rotation": [
      [
        0.996961057,
        -0.07698228,
        -0.011927627
      ],
      [
        0.00843256,
        -0.04556736,
        0.9989257
      ],
      [
        -0.07744308,
        -0.995990634,
        -0.0447797254
      ]
    ],
    "translation": [
      2.09333158,
      0.7359191,
      -0.65522635
    ]
  },
  {
    "timeStamp": 31844,
    "rotation": [
      [
        0.9973376,
        -0.0717482939,
        -0.0130324224
      ],
      [
        0.009779,
        -0.04551091,
        0.998916
      ],
      [
        -0.0722636357,
        -0.9963839,
        -0.0446881168
      ]
    ],
    "translation": [
      2.09282827,
      0.73403275,
      -0.6543162
    ]
  },
  {
    "timeStamp": 31888,
    "rotation": [
      [
        0.9976152,
        -0.06529672,
        -0.0223664548
      ],
      [
        0.0192374513,
        -0.0481614359,
        0.9986543
      ],
      [
        -0.0662860349,
        -0.996703,
        -0.04679044
      ]
    ],
    "translation": [
      2.09403324,
      0.733451843,
      -0.651989758
    ]
  },
  {
    "timeStamp": 31944,
    "rotation": [
      [
        0.9981298,
        -0.0569803864,
        -0.0221400838
      ],
      [
        0.0199370049,
        -0.0389461257,
        0.9990424
      ],
      [
        -0.0577880964,
        -0.997615337,
        -0.03773727
      ]
    ],
    "translation": [
      2.092818,
      0.730177939,
      -0.651829958
    ]
  },
  {
    "timeStamp": 31988,
    "rotation": [
      [
        0.998554349,
        -0.0488802,
        -0.0223593581
      ],
      [
        0.02083068,
        -0.03156283,
        0.9992847
      ],
      [
        -0.0495509543,
        -0.9983058,
        -0.0304989945
      ]
    ],
    "translation": [
      2.09148526,
      0.727417,
      -0.652509153
    ]
  },
  {
    "timeStamp": 32044,
    "rotation": [
      [
        0.99871707,
        -0.0409800857,
        -0.029746335
      ],
      [
        0.02852941,
        -0.0299670827,
        0.99914366
      ],
      [
        -0.0418364,
        -0.998710454,
        -0.0287595
      ]
    ],
    "translation": [
      2.09121251,
      0.725193739,
      -0.6515233
    ]
  },
  {
    "timeStamp": 32090,
    "rotation": [
      [
        0.998862743,
        -0.0365166031,
        -0.030654775
      ],
      [
        0.0297211576,
        -0.0258412082,
        0.9992241
      ],
      [
        -0.0372804441,
        -0.9989989,
        -0.0247265045
      ]
    ],
    "translation": [
      2.09051347,
      0.7237948,
      -0.651110232
    ]
  },
  {
    "timeStamp": 32143,
    "rotation": [
      [
        0.9988675,
        -0.0307342969,
        -0.03631991
      ],
      [
        0.0357639976,
        -0.0184483472,
        0.99919
      ],
      [
        -0.0313794427,
        -0.999357343,
        -0.0173282735
      ]
    ],
    "translation": [
      2.09001756,
      0.7225916,
      -0.6506322
    ]
  },
  {
    "timeStamp": 32187,
    "rotation": [
      [
        0.9988599,
        -0.0273309257,
        -0.0391394943
      ],
      [
        0.0389091931,
        -0.008908224,
        0.999203
      ],
      [
        -0.0276578125,
        -0.9995867,
        -0.007834644
      ]
    ],
    "translation": [
      2.08999467,
      0.722392142,
      -0.6506058
    ]
  }
]