[
  {
    "timeStamp": 20071,
    "rotation": [
      [
        0.999984145,
        -0.00560977263,
        -0.0004603098
      ],
      [
        0.000434224028,
        -0.004650386,
        0.9999891
      ],
      [
        -0.005611852,
        -0.9999734,
        -0.0046478766
      ]
    ],
    "translation": [
      1.77033222,
      0.701461434,
      -0.749933362
    ]
  },
  {
    "timeStamp": 20116,
    "rotation": [
      [
        0.9998452,
        -0.0149580827,
        0.00926512852
      ],
      [
        -0.009314074,
        -0.003205856,
        0.9999515
      ],
      [
        -0.0149276527,
        -0.999883,
        -0.00334468065
      ]
    ],
    "translation": [
      1.77132559,
      0.7069673,
      -0.7480164
    ]
  },
  {
    "timeStamp": 20173,
    "rotation": [
      [
        0.994644463,
        -0.07205497,
        0.0740974844
      ],
      [
        -0.07365267,
        0.00881436,
        0.997245
      ],
      [
        -0.07250958,
        -0.9973617,
        0.003460114
      ]
    ],
    "translation": [
      1.77386963,
      0.7327551,
      -0.739960968
    ]
  },
  {
    "timeStamp": 20216,
    "rotation": [
      [
        0.980978131,
        -0.137845919,
        0.136675924
      ],
      [
        -0.137348592,
        0.0046656765,
        0.9905118
      ],
      [
        -0.1371757,
        -0.990442634,
        -0.0143560171
      ]
    ],
    "translation": [
      1.78075337,
      0.7661686,
      -0.725205064
    ]
  },
  {
    "timeStamp": 20271,
    "rotation": [
      [
        0.9571651,
        -0.2098894,
        0.199452654
      ],
      [
        -0.206725657,
        -0.0130722877,
        0.9783116
      ],
      [
        -0.202729926,
        -0.977637768,
        -0.05590186
      ]
    ],
    "translation": [
      1.80222762,
      0.816622138,
      -0.701267242
    ]
  },
  {
    "timeStamp": 20316,
    "rotation": [
      [
        0.9242113,
        -0.284068525,
        0.2552224
      ],
      [
        -0.2721185,
        -0.0209885351,
        0.9620348
      ],
      [
        -0.26792708,
        -0.958574235,
        -0.09669816
      ]
    ],
    "translation": [
      1.82703769,
      0.860455453,
      -0.6764095
    ]
  },
  {
    "timeStamp": 20371,
    "rotation": [
      [
        0.862903,
        -0.396536827,
        0.313300222
      ],
      [
        -0.361369163,
        -0.0507685542,
        0.9310397
      ],
      [
        -0.35328573,
        -0.916613936,
        -0.187104523
      ]
    ],
    "translation": [
      1.87683785,
      0.9183637,
      -0.64075
    ]
  },
  {
    "timeStamp": 20416,
    "rotation": [
      [
        0.828255236,
        -0.4781031,
        0.2922508
      ],
      [
        -0.3815674,
        -0.09926298,
        0.918995738
      ],
      [
        -0.410365015,
        -0.872676432,
        -0.264643639
      ]
    ],
    "translation": [
      1.93046737,
      0.955748439,
      -0.6089213
    ]
  },
  {
    "timeStamp": 20471,
    "rotation": [
      [
        0.7996857,
        -0.5578703,
        0.221998721
      ],
      [
        -0.364925534,
        -0.157983154,
        0.9175351
      ],
      [
        -0.4767936,
        -0.8147527,
        -0.329918
      ]
    ],
    "translation": [
      2.002101,
      0.9855193,
      -0.579561532
    ]
  },
  {
    "timeStamp": 20516,
    "rotation": [
      [
        0.798060656,
        -0.584930241,
        0.144761264
      ],
      [
        -0.3142588,
        -0.199040487,
        0.9282372
      ],
      [
        -0.514140666,
        -0.786282063,
        -0.342665881
      ]
    ],
    "translation": [
      2.05578065,
      0.996320367,
      -0.5608368
    ]
  },
  {
    "timeStamp": 20571,
    "rotation": [
      [
        0.829091549,
        -0.551521659,
        0.0918208957
      ],
      [
        -0.2581125,
        -0.2318715,
        0.9378772
      ],
      [
        -0.495968938,
        -0.801286161,
        -0.334597319
      ]
    ],
    "translation": [
      2.09857154,
      0.998437047,
      -0.5425601
    ]
  },
  {
    "timeStamp": 20616,
    "rotation": [
      [
        0.852999449,
        -0.516986966,
        0.07152937
      ],
      [
        -0.212767974,
        -0.219314486,
        0.9521717
      ],
      [
        -0.4765729,
        -0.827421069,
        -0.2970734
      ]
    ],
    "translation": [
      2.12034822,
      0.9864354,
      -0.533659
    ]
  },
  {
    "timeStamp": 20671,
    "rotation": [
      [
        0.900072157,
        -0.434946567,
        0.0262966175
      ],
      [
        -0.1271516,
        -0.204444692,
        0.9705848
      ],
      [
        -0.416776329,
        -0.87694,
        -0.239319131
      ]
    ],
    "translation": [
      2.13526034,
      0.961998343,
      -0.52407825
    ]
  },
  {
    "timeStamp": 20721,
    "rotation": [
      [
        0.934381545,
        -0.35579887,
        -0.0183914565
      ],
      [
        -0.042189192,
        -0.161758408,
        0.9859281
      ],
      [
        -0.353767067,
        -0.9204571,
        -0.166154936
      ]
    ],
    "translation": [
      2.14515042,
      0.928782165,
      -0.5223588
    ]
  },
  {
    "timeStamp": 20766,
    "rotation": [
      [
        0.9457627,
        -0.324424922,
        0.01677722
      ],
      [
        -0.0517653152,
        -0.09951879,
        0.9936883
      ],
      [
        -0.320707619,
        -0.9406617,
        -0.110915117
      ]
    ],
    "translation": [
      2.1427474,
      0.904549956,
      -0.5248699
    ]
  },
  {
    "timeStamp": 20821,
    "rotation": [
      [
        0.966063559,
        -0.25828886,
        0.00286276336
      ],
      [
        -0.0161338616,
        -0.0492759235,
        0.9986549
      ],
      [
        -0.25780037,
        -0.9648103,
        -0.05177087
      ]
    ],
    "translation": [
      2.13731933,
      0.8756513,
      -0.530147851
    ]
  },
  {
    "timeStamp": 20867,
    "rotation": [
      [
        0.974419653,
        -0.222624078,
        -0.03073765
      ],
      [
        0.0243528374,
        -0.031369105,
        0.999211133
      ],
      [
        -0.223412693,
        -0.9743995,
        -0.0251451451
      ]
    ],
    "translation": [
      2.13922262,
      0.855393648,
      -0.532273352
    ]
  },
  {
    "timeStamp": 20921,
    "rotation": [
      [
        0.9760575,
        -0.217410535,
        -0.006657736
      ],
      [
        0.00319475215,
        -0.0162759274,
        0.999862432
      ],
      [
        -0.217488989,
        -0.9759445,
        -0.0151916686
      ]
    ],
    "translation": [
      2.13449383,
      0.840096354,
      -0.5281032
    ]
  },
  {
    "timeStamp": 20966,
    "rotation": [
      [
        0.9803954,
        -0.192856669,
        -0.04038857
      ],
      [
        0.0365723,
        -0.0233088,
        0.999059141
      ],
      [
        -0.193616629,
        -0.980950058,
        -0.0157986283
      ]
    ],
    "translation": [
      2.13514161,
      0.827489,
      -0.522823453
    ]
  },
  {
    "timeStamp": 21021,
    "rotation": [
      [
        0.9810579,
        -0.19371441,
        0.0003890533
      ],
      [
        -0.0012883062,
        -0.00451620435,
        0.999989
      ],
      [
        -0.193710521,
        -0.9810476,
        -0.00468022143
      ]
    ],
    "translation": [
      2.12646627,
      0.816520631,
      -0.5157923
    ]
  },
  {
    "timeStamp": 21066,
    "rotation": [
      [
        0.983034253,
        -0.182978332,
        -0.012749779
      ],
      [
        0.0112403166,
        -0.009284204,
        0.9998937
      ],
      [
        -0.183077261,
        -0.9830731,
        -0.00706995651
      ]
    ],
    "translation": [
      2.12453079,
      0.8073048,
      -0.509451032
    ]
  },
  {
    "timeStamp": 21122,
    "rotation": [
      [
        0.983607054,
        -0.177835554,
        -0.0298624337
      ],
      [
        0.029086059,
        -0.00697173225,
        0.9995526
      ],
      [
        -0.177964181,
        -0.984035552,
        -0.00168490957
      ]
    ],
    "translation": [
      2.125696,
      0.793692946,
      -0.50175
    ]
  },
  {
    "timeStamp": 21168,
    "rotation": [
      [
        0.9822564,
        -0.186698675,
        -0.0177761745
      ],
      [
        0.0165331848,
        -0.00821279548,
        0.9998296
      ],
      [
        -0.186812848,
        -0.982382953,
        -0.00498034758
      ]
    ],
    "translation": [
      2.12447071,
      0.7874306,
      -0.494701445
    ]
  },
  {
    "timeStamp": 21225,
    "rotation": [
      [
        0.9829265,
        -0.179778978,
        -0.0391798243
      ],
      [
        0.0367043056,
        -0.01707693,
        0.999180257
      ],
      [
        -0.180300668,
        -0.9835588,
        -0.0101867039
      ]
    ],
    "translation": [
      2.12765861,
      0.7785577,
      -0.486561477
    ]
  },
  {
    "timeStamp": 21271,
    "rotation": [
      [
        0.9810873,
        -0.189445317,
        -0.0397265255
      ],
      [
        0.0364029221,
        -0.0209928043,
        0.999116659
      ],
      [
        -0.190111965,
        -0.981666863,
        -0.0136994114
      ]
    ],
    "translation": [
      2.13025,
      0.773783,
      -0.480308533
    ]
  },
  {
    "timeStamp": 21316,
    "rotation": [
      [
        0.9787897,
        -0.201227039,
        -0.03845219
      ],
      [
        0.03400527,
        -0.02551061,
        0.999096036
      ],
      [
        -0.202026054,
        -0.9792124,
        -0.01812674
      ]
    ],
    "translation": [
      2.13230944,
      0.770989358,
      -0.4735996
    ]
  },
  {
    "timeStamp": 21371,
    "rotation": [
      [
        0.977544665,
        -0.206741825,
        -0.0407949165
      ],
      [
        0.0356372632,
        -0.0286118966,
        0.998955131
      ],
      [
        -0.207693025,
        -0.9779771,
        -0.0206016935
      ]
    ],
    "translation": [
      2.1349678,
      0.7684817,
      -0.467617661
    ]
  },
  {
    "timeStamp": 21415,
    "rotation": [
      [
        0.976290464,
        -0.211841539,
        -0.0444981866
      ],
      [
        0.0381773338,
        -0.0338369869,
        0.998697937
      ],
      [
        -0.213071391,
        -0.976718068,
        -0.0249471813
      ]
    ],
    "translation": [
      2.137146,
      0.7669282,
      -0.462635219
    ]
  },
  {
    "timeStamp": 21471,
    "rotation": [
      [
        0.9739443,
        -0.21953024,
        -0.0569123626
      ],
      [
        0.0482239127,
        -0.0447395965,
        0.9978341
      ],
      [
        -0.221600965,
        -0.974579334,
        -0.0329872668
      ]
    ],
    "translation": [
      2.14149356,
      0.764285564,
      -0.4570519
    ]
  },
  {
    "timeStamp": 21515,
    "rotation": [
      [
        0.971119642,
        -0.230828255,
        -0.0603739321
      ],
      [
        0.05177157,
        -0.04315015,
        0.9977263
      ],
      [
        -0.232908547,
        -0.972037256,
        -0.0299536157
      ]
    ],
    "translation": [
      2.14528155,
      0.761832535,
      -0.4549564
    ]
  }
]