[
  {
    "timeStamp": 38374,
    "rotation": [
      [
        0.9985661,
        0.0154380333,
        -0.0512590855
      ],
      [
        0.0510889068,
        0.0112230117,
        0.99863106
      ],
      [
        0.0159921739,
        -0.999817848,
        0.0104182065
      ]
    ],
    "translation": [
      1.61470318,
      0.701272964,
      -0.361489743
    ]
  },
  {
    "timeStamp": 38418,
    "rotation": [
      [
        0.9998383,
        0.00228975131,
        -0.0178332143
      ],
      [
        0.01781937,
        0.00593126658,
        0.99982363
      ],
      [
        0.002395121,
        -0.999979734,
        0.00588950561
      ]
    ],
    "translation": [
      1.61428261,
      0.7046602,
      -0.361473233
    ]
  },
  {
    "timeStamp": 38474,
    "rotation": [
      [
        0.9932239,
        0.0482537448,
        -0.105725475
      ],
      [
        0.104883492,
        0.0196668487,
        0.994290054
      ],
      [
        0.0500574969,
        -0.998641431,
        0.0144725628
      ]
    ],
    "translation": [
      1.62437749,
      0.7076489,
      -0.3691384
    ]
  },
  {
    "timeStamp": 38520,
    "rotation": [
      [
        0.987457,
        0.0874980241,
        -0.131426334
      ],
      [
        0.132043749,
        -0.00128086249,
        0.991243064
      ],
      [
        0.08656347,
        -0.9961639,
        -0.0128183635
      ]
    ],
    "translation": [
      1.63911283,
      0.722331941,
      -0.378384382
    ]
  },
  {
    "timeStamp": 38574,
    "rotation": [
      [
        0.9794747,
        0.177021816,
        -0.0963972658
      ],
      [
        0.104367219,
        -0.0362551659,
        0.993877769
      ],
      [
        0.172443137,
        -0.9835389,
        -0.0539862961
      ]
    ],
    "translation": [
      1.62923169,
      0.739878953,
      -0.392123222
    ]
  },
  {
    "timeStamp": 38618,
    "rotation": [
      [
        0.9690424,
        0.238521114,
        -0.06375252
      ],
      [
        0.0837597251,
        -0.0746977,
        0.9936823
      ],
      [
        0.232252046,
        -0.9682602,
        -0.0923637152
      ]
    ],
    "translation": [
      1.62230945,
      0.755881131,
      -0.410462767
    ]
  },
  {
    "timeStamp": 38674,
    "rotation": [
      [
        0.9410367,
        0.33814618,
        0.0103500662
      ],
      [
        0.0283021778,
        -0.109175906,
        0.993619442
      ],
      [
        0.3371186,
        -0.9347394,
        -0.112308808
      ]
    ],
    "translation": [
      1.60583,
      0.7751707,
      -0.44803226
    ]
  },
  {
    "timeStamp": 38718,
    "rotation": [
      [
        0.9165709,
        0.396484464,
        0.0519403853
      ],
      [
        0.004288452,
        -0.139631554,
        0.990194261
      ],
      [
        0.399849147,
        -0.9073605,
        -0.129682526
      ]
    ],
    "translation": [
      1.60395813,
      0.791296065,
      -0.481178731
    ]
  },
  {
    "timeStamp": 38774,
    "rotation": [
      [
        0.882080555,
        0.455057383,
        0.121888116
      ],
      [
        -0.0541696139,
        -0.159042478,
        0.985784531
      ],
      [
        0.467973918,
        -0.876144,
        -0.115637988
      ]
    ],
    "translation": [
      1.60413563,
      0.808808446,
      -0.530697
    ]
  },
  {
    "timeStamp": 38817,
    "rotation": [
      [
        0.86533165,
        0.471826524,
        0.169058666
      ],
      [
        -0.09308968,
        -0.18013683,
        0.979226768
      ],
      [
        0.492478848,
        -0.863093555,
        -0.111955918
      ]
    ],
    "translation": [
      1.61260784,
      0.82382524,
      -0.5673461
    ]
  },
  {
    "timeStamp": 38872,
    "rotation": [
      [
        0.8333266,
        0.487955034,
        0.2597436
      ],
      [
        -0.166582078,
        -0.226366311,
        0.959692
      ],
      [
        0.5270837,
        -0.8430055,
        -0.1073525
      ]
    ],
    "translation": [
      1.62312043,
      0.849081933,
      -0.60573256
    ]
  },
  {
    "timeStamp": 38917,
    "rotation": [
      [
        0.837634146,
        0.460062444,
        0.2944683
      ],
      [
        -0.183415458,
        -0.270896971,
        0.9449728
      ],
      [
        0.514517069,
        -0.84555155,
        -0.14253
      ]
    ],
    "translation": [
      1.65057969,
      0.87257576,
      -0.624450564
    ]
  },
  {
    "timeStamp": 38972,
    "rotation": [
      [
        0.840459168,
        0.401467919,
        0.363939434
      ],
      [
        -0.238481447,
        -0.3290416,
        0.913705766
      ],
      [
        0.486574769,
        -0.8547252,
        -0.180803359
      ]
    ],
    "translation": [
      1.68999362,
      0.9086207,
      -0.638094544
    ]
  },
  {
    "timeStamp": 39017,
    "rotation": [
      [
        0.8651646,
        0.3529617,
        0.356241971
      ],
      [
        -0.2319398,
        -0.3481955,
        0.9082752
      ],
      [
        0.4446282,
        -0.8684342,
        -0.219380528
      ]
    ],
    "translation": [
      1.73882067,
      0.932852864,
      -0.6450414
    ]
  },
  {
    "timeStamp": 39072,
    "rotation": [
      [
        0.865098238,
        0.2863553,
        0.411831975
      ],
      [
        -0.299868435,
        -0.362919331,
        0.8822519
      ],
      [
        0.4020993,
        -0.88673,
        -0.22809197
      ]
    ],
    "translation": [
      1.79284024,
      0.9676449,
      -0.6628756
    ]
  },
  {
    "timeStamp": 39117,
    "rotation": [
      [
        0.899416864,
        0.29265216,
        0.324659854
      ],
      [
        -0.22420302,
        -0.328719527,
        0.917429268
      ],
      [
        0.375209719,
        -0.897941053,
        -0.230042383
      ]
    ],
    "translation": [
      1.86001325,
      0.9825921,
      -0.682921946
    ]
  },
  {
    "timeStamp": 39172,
    "rotation": [
      [
        0.9259851,
        0.289802164,
        0.242004752
      ],
      [
        -0.148660451,
        -0.30934158,
        0.939259231
      ],
      [
        0.347061455,
        -0.9057166,
        -0.243363559
      ]
    ],
    "translation": [
      1.94122708,
      1.00115764,
      -0.7097863
    ]
  },
  {
    "timeStamp": 39217,
    "rotation": [
      [
        0.946022332,
        0.255344421,
        0.199602142
      ],
      [
        -0.119528033,
        -0.2975754,
        0.9471863
      ],
      [
        0.301255465,
        -0.9199174,
        -0.250992179
      ]
    ],
    "translation": [
      1.99760044,
      1.01258,
      -0.730685651
    ]
  },
  {
    "timeStamp": 39273,
    "rotation": [
      [
        0.966997862,
        0.2228878,
        0.1234347
      ],
      [
        -0.0641596839,
        -0.255830973,
        0.9645901
      ],
      [
        0.246573791,
        -0.940676033,
        -0.2330876
      ]
    ],
    "translation": [
      2.06405878,
      1.01200724,
      -0.757547557
    ]
  },
  {
    "timeStamp": 39322,
    "rotation": [
      [
        0.974338531,
        0.18917042,
        0.121979579
      ],
      [
        -0.07711619,
        -0.228576273,
        0.9704669
      ],
      [
        0.211465254,
        -0.9549699,
        -0.208122551
      ]
    ],
    "translation": [
      2.100084,
      1.00062823,
      -0.777816355
    ]
  },
  {
    "timeStamp": 39368,
    "rotation": [
      [
        0.98398,
        0.153961763,
        0.08988377
      ],
      [
        -0.06151183,
        -0.180018157,
        0.98173815
      ],
      [
        0.167330831,
        -0.9715396,
        -0.1676638
      ]
    ],
    "translation": [
      2.138798,
      0.9749243,
      -0.798919141
    ]
  },
  {
    "timeStamp": 39424,
    "rotation": [
      [
        0.9801433,
        0.171384066,
        0.0997320861
      ],
      [
        -0.07264817,
        -0.1576166,
        0.9848245
      ],
      [
        0.184502646,
        -0.9725145,
        -0.142036125
      ]
    ],
    "translation": [
      2.16370773,
      0.943017066,
      -0.8097927
    ]
  },
  {
    "timeStamp": 39468,
    "rotation": [
      [
        0.9744406,
        0.207035556,
        0.08718831
      ],
      [
        -0.06260089,
        -0.122484572,
        0.990494132
      ],
      [
        0.215746745,
        -0.9706358,
        -0.10639333
      ]
    ],
    "translation": [
      2.173805,
      0.91172117,
      -0.813764
    ]
  },
  {
    "timeStamp": 39524,
    "rotation": [
      [
        0.9669066,
        0.239071324,
        0.08908682
      ],
      [
        -0.06923835,
        -0.09019088,
        0.9935148
      ],
      [
        0.245555744,
        -0.966804266,
        -0.07065325
      ]
    ],
    "translation": [
      2.189107,
      0.872797132,
      -0.8124039
    ]
  },
  {
    "timeStamp": 39568,
    "rotation": [
      [
        0.9602362,
        0.272458583,
        0.06093181
      ],
      [
        -0.047983557,
        -0.0539430641,
        0.997390449
      ],
      [
        0.275034457,
        -0.96065414,
        -0.0387245528
      ]
    ],
    "translation": [
      2.203271,
      0.8439277,
      -0.8122513
    ]
  },
  {
    "timeStamp": 39624,
    "rotation": [
      [
        0.9571287,
        0.286102265,
        0.04527858
      ],
      [
        -0.0470540859,
        -0.0006697034,
        0.9988921
      ],
      [
        0.285815626,
        -0.958198845,
        0.0128212878
      ]
    ],
    "translation": [
      2.218152,
      0.8103182,
      -0.813018739
    ]
  },
  {
    "timeStamp": 39668,
    "rotation": [
      [
        0.9490371,
        0.3074554,
        0.0692808256
      ],
      [
        -0.07204451,
        -0.00236680987,
        0.9973986
      ],
      [
        0.306819558,
        -0.951559544,
        0.0199042838
      ]
    ],
    "translation": [
      2.21512914,
      0.792308569,
      -0.808767855
    ]
  },
  {
    "timeStamp": 39724,
    "rotation": [
      [
        0.9444061,
        0.322865218,
        0.062091168
      ],
      [
        -0.06688251,
        0.00375559577,
        0.9977538
      ],
      [
        0.3219068,
        -0.946437538,
        0.0251408424
      ]
    ],
    "translation": [
      2.22338,
      0.775566041,
      -0.7999947
    ]
  },
  {
    "timeStamp": 39770,
    "rotation": [
      [
        0.9384592,
        0.3415898,
        0.0510955378
      ],
      [
        -0.0576721,
        0.009117792,
        0.998293936
      ],
      [
        0.340541154,
        -0.939805,
        0.0282568764
      ]
    ],
    "translation": [
      2.22554231,
      0.764980853,
      -0.792172
    ]
  },
  {
    "timeStamp": 39816,
    "rotation": [
      [
        0.930767536,
        0.363528281,
        0.0389741026
      ],
      [
        -0.0445008837,
        0.00683686649,
        0.998985946
      ],
      [
        0.3628932,
        -0.9315581,
        0.0225408636
      ]
    ],
    "translation": [
      2.22926784,
      0.7576569,
      -0.7836037
    ]
  },
  {
    "timeStamp": 39872,
    "rotation": [
      [
        0.9251302,
        0.3776207,
        0.0392017923
      ],
      [
        -0.04282802,
        0.00120676926,
        0.999081731
      ],
      [
        0.377226621,
        -0.9259596,
        0.0172891654
      ]
    ],
    "translation": [
      2.22997737,
      0.7504073,
      -0.7738017
    ]
  },
  {
    "timeStamp": 39918,
    "rotation": [
      [
        0.920858443,
        0.3894333,
        0.0190116763
      ],
      [
        -0.0234724972,
        0.00669905962,
        0.999702036
      ],
      [
        0.3891899,
        -0.921030343,
        0.0153098581
      ]
    ],
    "translation": [
      2.23403788,
      0.746360064,
      -0.7663556
    ]
  },
  {
    "timeStamp": 39973,
    "rotation": [
      [
        0.916033149,
        0.400047272,
        0.0290784221
      ],
      [
        -0.0290350951,
        -0.00617052149,
        0.999559343
      ],
      [
        0.400050431,
        -0.916473746,
        0.00596300839
      ]
    ],
    "translation": [
      2.23338461,
      0.74321723,
      -0.7569651
    ]
  },
  {
    "timeStamp": 40018,
    "rotation": [
      [
        0.912871242,
        0.407832444,
        0.0184069034
      ],
      [
        -0.0195535328,
        -0.00135719893,
        0.9998079
      ],
      [
        0.407779068,
        -0.9130558,
        0.00673561729
      ]
    ],
    "translation": [
      2.23535562,
      0.739906132,
      -0.7511058
    ]
  },
  {
    "timeStamp": 40073,
    "rotation": [
      [
        0.9086449,
        0.417125255,
        0.0192610566
      ],
      [
        -0.019579852,
        -0.00351480255,
        0.9998021
      ],
      [
        0.4171104,
        -0.9088422,
        0.004973543
      ]
    ],
    "translation": [
      2.2339406,
      0.736262143,
      -0.744631648
    ]
  },
  {
    "timeStamp": 40118,
    "rotation": [
      [
        0.9064056,
        0.422139883,
        0.0150579279
      ],
      [
        -0.01588892,
        -0.0015497274,
        0.999872565
      ],
      [
        0.422109425,
        -0.906529367,
        0.00530266529
      ]
    ],
    "translation": [
      2.23359823,
      0.734409,
      -0.739451945
    ]
  },
  {
    "timeStamp": 40173,
    "rotation": [
      [
        0.9034901,
        0.4283343,
        0.01534272
      ],
      [
        -0.0159142539,
        -0.00224676635,
        0.999870837
      ],
      [
        0.428313434,
        -0.903617561,
        0.0047866893
      ]
    ],
    "translation": [
      2.22927022,
      0.731968,
      -0.7353641
    ]
  },
  {
    "timeStamp": 40218,
    "rotation": [
      [
        0.9044916,
        0.4262176,
        0.0152822612
      ],
      [
        -0.01669212,
        -0.000427593943,
        0.9998606
      ],
      [
        0.4261647,
        -0.9046206,
        0.00672772
      ]
    ],
    "translation": [
      2.22854638,
      0.7295031,
      -0.7324979
    ]
  },
  {
    "timeStamp": 40273,
    "rotation": [
      [
        0.9066979,
        0.421740264,
        -0.00583225256
      ],
      [
        0.00426244363,
        0.004664926,
        0.999980032
      ],
      [
        0.421759039,
        -0.906704664,
        0.00243203435
      ]
    ],
    "translation": [
      2.2315042,
      0.7255164,
      -0.7292982
    ]
  },
  {
    "timeStamp": 40318,
    "rotation": [
      [
        0.907234132,
        0.420559853,
        -0.00745604839
      ],
      [
        0.00239682687,
        0.0125569655,
        0.9999183
      ],
      [
        0.4206191,
        -0.907177866,
        0.0103841
      ]
    ],
    "translation": [
      2.23147821,
      0.7253281,
      -0.7292801
    ]
  }
]