[
  {
    "timeStamp": 43317,
    "rotation": [
      [
        0.9999613,
        0.00780020049,
        0.00406838348
      ],
      [
        -0.0040809256,
        0.00159266707,
        0.9999904
      ],
      [
        0.00779364537,
        -0.9999683,
        0.00162443751
      ]
    ],
    "translation": [
      1.15287662,
      0.7062942,
      -0.754965663
    ]
  },
  {
    "timeStamp": 43372,
    "rotation": [
      [
        0.999608159,
        -0.02788308,
        0.00245203241
      ],
      [
        -0.00384018384,
        -0.0498406962,
        0.9987498
      ],
      [
        -0.02772601,
        -0.9983679,
        -0.0499282442
      ]
    ],
    "translation": [
      1.15410364,
      0.7090522,
      -0.7524616
    ]
  },
  {
    "timeStamp": 43416,
    "rotation": [
      [
        0.9990021,
        -0.0272553,
        0.0353821144
      ],
      [
        -0.0369417742,
        -0.0590224266,
        0.9975729
      ],
      [
        -0.0251008254,
        -0.9978845,
        -0.05997039
      ]
    ],
    "translation": [
      1.1539526,
      0.722839832,
      -0.7541721
    ]
  },
  {
    "timeStamp": 43472,
    "rotation": [
      [
        0.9945971,
        -0.03213512,
        0.09871154
      ],
      [
        -0.100364991,
        -0.05471362,
        0.993445158
      ],
      [
        -0.02652361,
        -0.9979849,
        -0.05764325
      ]
    ],
    "translation": [
      1.15681076,
      0.750400841,
      -0.759092569
    ]
  },
  {
    "timeStamp": 43517,
    "rotation": [
      [
        0.9887366,
        -0.011397562,
        0.149231255
      ],
      [
        -0.149623528,
        -0.0515563078,
        0.987397969
      ],
      [
        -0.00356011675,
        -0.998605,
        -0.0526809543
      ]
    ],
    "translation": [
      1.16543627,
      0.776131868,
      -0.769855857
    ]
  },
  {
    "timeStamp": 43571,
    "rotation": [
      [
        0.978818953,
        0.03081083,
        0.202396
      ],
      [
        -0.201383725,
        -0.03305076,
        0.9789547
      ],
      [
        0.0368517451,
        -0.9989787,
        -0.0261459127
      ]
    ],
    "translation": [
      1.18491864,
      0.807657242,
      -0.7903694
    ]
  },
  {
    "timeStamp": 43616,
    "rotation": [
      [
        0.969543934,
        0.07824675,
        0.23208192
      ],
      [
        -0.231053546,
        -0.0220755655,
        0.9726906
      ],
      [
        0.08123321,
        -0.996689558,
        -0.00332404161
      ]
    ],
    "translation": [
      1.20803559,
      0.8303226,
      -0.8108758
    ]
  },
  {
    "timeStamp": 43671,
    "rotation": [
      [
        0.9577219,
        0.161229908,
        0.238272339
      ],
      [
        -0.241979867,
        0.00347148324,
        0.970275044
      ],
      [
        0.155610189,
        -0.9869108,
        0.0423391052
      ]
    ],
    "translation": [
      1.24594653,
      0.84972614,
      -0.841262341
    ]
  },
  {
    "timeStamp": 43716,
    "rotation": [
      [
        0.950975955,
        0.206225038,
        0.230469
      ],
      [
        -0.241350725,
        0.0289108865,
        0.9700072
      ],
      [
        0.19337669,
        -0.9780774,
        0.07726612
      ]
    ],
    "translation": [
      1.28198028,
      0.8594657,
      -0.8617702
    ]
  },
  {
    "timeStamp": 43771,
    "rotation": [
      [
        0.951723456,
        0.220113084,
        0.213945284
      ],
      [
        -0.232170716,
        0.06025419,
        0.970806956
      ],
      [
        0.2007962,
        -0.973611653,
        0.108449139
      ]
    ],
    "translation": [
      1.33175707,
      0.866300762,
      -0.8775417
    ]
  },
  {
    "timeStamp": 43816,
    "rotation": [
      [
        0.9596699,
        0.20538041,
        0.191970155
      ],
      [
        -0.210172832,
        0.07062254,
        0.9751102
      ],
      [
        0.186711118,
        -0.9761308,
        0.110939704
      ]
    ],
    "translation": [
      1.37298739,
      0.8673108,
      -0.882692158
    ]
  },
  {
    "timeStamp": 43871,
    "rotation": [
      [
        0.9782716,
        0.115754038,
        0.172004923
      ],
      [
        -0.1841245,
        0.103694826,
        0.9774178
      ],
      [
        0.09530406,
        -0.987850368,
        0.122754857
      ]
    ],
    "translation": [
      1.42627168,
      0.8679001,
      -0.8764805
    ]
  },
  {
    "timeStamp": 43916,
    "rotation": [
      [
        0.984884,
        0.009027783,
        0.172979638
      ],
      [
        -0.172813252,
        0.119194061,
        0.9777159
      ],
      [
        -0.0117915189,
        -0.9928299,
        0.118952453
      ]
    ],
    "translation": [
      1.46826065,
      0.8712095,
      -0.8625623
    ]
  },
  {
    "timeStamp": 43972,
    "rotation": [
      [
        0.972691,
        -0.13966234,
        0.18538259
      ],
      [
        -0.1714043,
        0.106320865,
        0.979447
      ],
      [
        -0.1565019,
        -0.984474659,
        0.07947862
      ]
    ],
    "translation": [
      1.52343559,
      0.880228043,
      -0.839623749
    ]
  },
  {
    "timeStamp": 44016,
    "rotation": [
      [
        0.9356744,
        -0.2859357,
        0.206770852
      ],
      [
        -0.184213027,
        0.103969604,
        0.977371931
      ],
      [
        -0.3009634,
        -0.9525918,
        0.0446086153
      ]
    ],
    "translation": [
      1.56957209,
      0.8912877,
      -0.8164875
    ]
  },
  {
    "timeStamp": 44071,
    "rotation": [
      [
        0.8571478,
        -0.465871572,
        0.219684482
      ],
      [
        -0.211286932,
        0.07095149,
        0.974845469
      ],
      [
        -0.469739735,
        -0.8820032,
        -0.03761666
      ]
    ],
    "translation": [
      1.63291538,
      0.909141541,
      -0.786619544
    ]
  },
  {
    "timeStamp": 44116,
    "rotation": [
      [
        0.7721407,
        -0.591879,
        0.2312529
      ],
      [
        -0.24596414,
        0.0571727566,
        0.9675913
      ],
      [
        -0.585918367,
        -0.803996563,
        -0.101435609
      ]
    ],
    "translation": [
      1.68668914,
      0.9260678,
      -0.767428
    ]
  },
  {
    "timeStamp": 44171,
    "rotation": [
      [
        0.6497197,
        -0.7266742,
        0.223179191
      ],
      [
        -0.2988617,
        0.0257682353,
        0.9539485
      ],
      [
        -0.698960662,
        -0.6864988,
        -0.200432956
      ]
    ],
    "translation": [
      1.75540984,
      0.948525548,
      -0.7491975
    ]
  },
  {
    "timeStamp": 44216,
    "rotation": [
      [
        0.557351768,
        -0.8068985,
        0.195637256
      ],
      [
        -0.332858026,
        -0.001286103,
        0.942976058
      ],
      [
        -0.7606343,
        -0.5906888,
        -0.269299418
      ]
    ],
    "translation": [
      1.80950546,
      0.9651758,
      -0.740255654
    ]
  },
  {
    "timeStamp": 44271,
    "rotation": [
      [
        0.446873933,
        -0.881909549,
        0.1501308
      ],
      [
        -0.373502463,
        -0.03143497,
        0.9270964
      ],
      [
        -0.812895834,
        -0.470369458,
        -0.3434429
      ]
    ],
    "translation": [
      1.87567353,
      0.982957363,
      -0.737109065
    ]
  },
  {
    "timeStamp": 44316,
    "rotation": [
      [
        0.361302167,
        -0.9255798,
        0.112972885
      ],
      [
        -0.3973025,
        -0.0432025157,
        0.9166702
      ],
      [
        -0.8435707,
        -0.376079321,
        -0.383344322
      ]
    ],
    "translation": [
      1.92514324,
      0.992938161,
      -0.7387523
    ]
  },
  {
    "timeStamp": 44371,
    "rotation": [
      [
        0.291378558,
        -0.9540355,
        0.07010562
      ],
      [
        -0.393278,
        -0.0526627339,
        0.917910159
      ],
      [
        -0.872027,
        -0.295030326,
        -0.390546
      ]
    ],
    "translation": [
      1.97791958,
      0.9955234,
      -0.7459965
    ]
  },
  {
    "timeStamp": 44416,
    "rotation": [
      [
        0.240600348,
        -0.969795763,
        0.0400967449
      ],
      [
        -0.38637343,
        -0.057797052,
        0.9205298
      ],
      [
        -0.8904084,
        -0.2369721,
        -0.38860932
      ]
    ],
    "translation": [
      2.015704,
      0.9920027,
      -0.7531103
    ]
  },
  {
    "timeStamp": 44468,
    "rotation": [
      [
        0.208286226,
        -0.9778182,
        0.0221011434
      ],
      [
        -0.361792415,
        -0.0560325459,
        0.9305733
      ],
      [
        -0.9086931,
        -0.201821625,
        -0.365437984
      ]
    ],
    "translation": [
      2.05160737,
      0.9808798,
      -0.76221627
    ]
  },
  {
    "timeStamp": 44521,
    "rotation": [
      [
        0.1904394,
        -0.9816121,
        0.0130604682
      ],
      [
        -0.326876223,
        -0.0508601926,
        0.943697631
      ],
      [
        -0.925680757,
        -0.183986366,
        -0.330551445
      ]
    ],
    "translation": [
      2.078716,
      0.9654677,
      -0.770189464
    ]
  },
  {
    "timeStamp": 44566,
    "rotation": [
      [
        0.1816478,
        -0.9830668,
        0.0241619591
      ],
      [
        -0.319062352,
        -0.0356782563,
        0.9470619
      ],
      [
        -0.930163,
        -0.179740891,
        -0.320140481
      ]
    ],
    "translation": [
      2.094536,
      0.9564316,
      -0.7744527
    ]
  },
  {
    "timeStamp": 44622,
    "rotation": [
      [
        0.191840276,
        -0.9811468,
        0.02341535
      ],
      [
        -0.321547568,
        -0.0402936824,
        0.946035743
      ],
      [
        -0.927256465,
        -0.1890169,
        -0.323215336
      ]
    ],
    "translation": [
      2.11012363,
      0.948012,
      -0.7773101
    ]
  },
  {
    "timeStamp": 44666,
    "rotation": [
      [
        0.193942711,
        -0.980991244,
        0.006518374
      ],
      [
        -0.3535378,
        -0.0636935458,
        0.933249235
      ],
      [
        -0.915094137,
        -0.183301374,
        -0.359170377
      ]
    ],
    "translation": [
      2.12269163,
      0.9478684,
      -0.776264131
    ]
  },
  {
    "timeStamp": 44722,
    "rotation": [
      [
        0.185431823,
        -0.9826329,
        0.006909507
      ],
      [
        -0.3948905,
        -0.06807706,
        0.9162025
      ],
      [
        -0.899820268,
        -0.1726216,
        -0.400656
      ]
    ],
    "translation": [
      2.137927,
      0.95048666,
      -0.7745779
    ]
  },
  {
    "timeStamp": 44766,
    "rotation": [
      [
        0.179739073,
        -0.9835817,
        0.01614943
      ],
      [
        -0.4109626,
        -0.06016325,
        0.9096648
      ],
      [
        -0.893758059,
        -0.170139119,
        -0.415029019
      ]
    ],
    "translation": [
      2.14719915,
      0.952874541,
      -0.7715056
    ]
  },
  {
    "timeStamp": 44822,
    "rotation": [
      [
        0.209349439,
        -0.9778135,
        0.007323361
      ],
      [
        -0.406302124,
        -0.08017203,
        0.910214841
      ],
      [
        -0.8894332,
        -0.193528458,
        -0.414071679
      ]
    ],
    "translation": [
      2.154904,
      0.952546656,
      -0.766668141
    ]
  },
  {
    "timeStamp": 44867,
    "rotation": [
      [
        0.2206108,
        -0.975201845,
        0.01767314
      ],
      [
        -0.404707819,
        -0.07503706,
        0.9113622
      ],
      [
        -0.8874359,
        -0.208208784,
        -0.411225766
      ]
    ],
    "translation": [
      2.15843177,
      0.9535978,
      -0.762188733
    ]
  },
  {
    "timeStamp": 44924,
    "rotation": [
      [
        0.235345066,
        -0.9707109,
        0.0483020656
      ],
      [
        -0.417652935,
        -0.056132894,
        0.9068711
      ],
      [
        -0.8775983,
        -0.233601123,
        -0.418630838
      ]
    ],
    "translation": [
      2.15863872,
      0.958738267,
      -0.755118966
    ]
  },
  {
    "timeStamp": 44970,
    "rotation": [
      [
        0.265911728,
        -0.960138,
        0.08617376
      ],
      [
        -0.420408934,
        -0.0350591429,
        0.906657159
      ],
      [
        -0.8674948,
        -0.277318984,
        -0.412973225
      ]
    ],
    "translation": [
      2.15171337,
      0.9641615,
      -0.746269643
    ]
  },
  {
    "timeStamp": 45026,
    "rotation": [
      [
        0.3085778,
        -0.9386351,
        0.154090732
      ],
      [
        -0.437342316,
        0.003854152,
        0.899286866
      ],
      [
        -0.8446961,
        -0.344890356,
        -0.409315526
      ]
    ],
    "translation": [
      2.13547444,
      0.9741087,
      -0.7293252
    ]
  },
  {
    "timeStamp": 45071,
    "rotation": [
      [
        0.357567877,
        -0.9191913,
        0.165022969
      ],
      [
        -0.4451549,
        -0.0124205891,
        0.895367444
      ],
      [
        -0.8209643,
        -0.3936154,
        -0.41362372
      ]
    ],
    "translation": [
      2.12422,
      0.981874,
      -0.7116688
    ]
  },
  {
    "timeStamp": 45116,
    "rotation": [
      [
        0.3960438,
        -0.902107,
        0.171325058
      ],
      [
        -0.431696922,
        -0.0182507373,
        0.9018341
      ],
      [
        -0.81042403,
        -0.4311263,
        -0.3966649
      ]
    ],
    "translation": [
      2.11514235,
      0.984449744,
      -0.6918713
    ]
  },
  {
    "timeStamp": 45171,
    "rotation": [
      [
        0.3714552,
        -0.890521049,
        0.262665927
      ],
      [
        -0.4639716,
        0.06700724,
        0.883312166
      ],
      [
        -0.8042086,
        -0.449980438,
        -0.388286263
      ]
    ],
    "translation": [
      2.10854673,
      0.988872647,
      -0.662767947
    ]
  },
  {
    "timeStamp": 45216,
    "rotation": [
      [
        0.4203134,
        -0.884321749,
        0.203253016
      ],
      [
        -0.413477868,
        0.0127288327,
        0.9104252
      ],
      [
        -0.8076959,
        -0.466704547,
        -0.360297352
      ]
    ],
    "translation": [
      2.10950327,
      0.981072,
      -0.639603734
    ]
  },
  {
    "timeStamp": 45271,
    "rotation": [
      [
        0.440400779,
        -0.8806515,
        0.174642816
      ],
      [
        -0.381218284,
        -0.007311863,
        0.9244561
      ],
      [
        -0.812846661,
        -0.473708242,
        -0.3389406
      ]
    ],
    "translation": [
      2.112034,
      0.969303966,
      -0.613010168
    ]
  },
  {
    "timeStamp": 45316,
    "rotation": [
      [
        0.4346632,
        -0.880707,
        0.188210264
      ],
      [
        -0.332939982,
        0.03703705,
        0.9422204
      ],
      [
        -0.83679086,
        -0.472211242,
        -0.277123928
      ]
    ],
    "translation": [
      2.11633229,
      0.9531186,
      -0.5937195
    ]
  },
  {
    "timeStamp": 45371,
    "rotation": [
      [
        0.455710262,
        -0.880821049,
        0.128383666
      ],
      [
        -0.2890727,
        -0.0100333048,
        0.9572546
      ],
      [
        -0.8418819,
        -0.473342925,
        -0.2591936
      ]
    ],
    "translation": [
      2.12359715,
      0.940741539,
      -0.5758264
    ]
  },
  {
    "timeStamp": 45415,
    "rotation": [
      [
        0.455134958,
        -0.8808539,
        0.130186662
      ],
      [
        -0.302548468,
        -0.0154752163,
        0.953008354
      ],
      [
        -0.837446451,
        -0.4731352,
        -0.2735443
      ]
    ],
    "translation": [
      2.12509441,
      0.9433658,
      -0.5699773
    ]
  },
  {
    "timeStamp": 45471,
    "rotation": [
      [
        0.453592241,
        -0.875109255,
        0.168635413
      ],
      [
        -0.385164529,
        -0.0218560826,
        0.922589064
      ],
      [
        -0.8036805,
        -0.483431637,
        -0.3469748
      ]
    ],
    "translation": [
      2.122162,
      0.963588953,
      -0.574004054
    ]
  },
  {
    "timeStamp": 45515,
    "rotation": [
      [
        0.47486338,
        -0.846553743,
        0.2405234
      ],
      [
        -0.489292,
        -0.0267916434,
        0.8717084
      ],
      [
        -0.731504,
        -0.5316286,
        -0.426934332
      ]
    ],
    "translation": [
      2.11190915,
      0.9872231,
      -0.589593768
    ]
  },
  {
    "timeStamp": 45571,
    "rotation": [
      [
        0.524562,
        -0.7913375,
        0.314037532
      ],
      [
        -0.5809551,
        -0.0630693957,
        0.8114884
      ],
      [
        -0.622355044,
        -0.6081177,
        -0.492815375
      ]
    ],
    "translation": [
      2.097958,
      1.00610709,
      -0.622676
    ]
  },
  {
    "timeStamp": 45615,
    "rotation": [
      [
        0.572814,
        -0.746342242,
        0.3389062
      ],
      [
        -0.6008191,
        -0.101044856,
        0.792973161
      ],
      [
        -0.557584643,
        -0.6578474,
        -0.5062966
      ]
    ],
    "translation": [
      2.08937788,
      1.00861108,
      -0.653119743
    ]
  },
  {
    "timeStamp": 45671,
    "rotation": [
      [
        0.6181313,
        -0.687122643,
        0.381806552
      ],
      [
        -0.613102853,
        -0.1174487,
        0.781223834
      ],
      [
        -0.49195388,
        -0.7169856,
        -0.493875563
      ]
    ],
    "translation": [
      2.08242321,
      1.00215149,
      -0.692904532
    ]
  },
  {
    "timeStamp": 45715,
    "rotation": [
      [
        0.6614186,
        -0.6621821,
        0.352193475
      ],
      [
        -0.563322,
        -0.128576875,
        0.8161717
      ],
      [
        -0.495170325,
        -0.7382296,
        -0.458064884
      ]
    ],
    "translation": [
      2.0819242,
      0.983424664,
      -0.7189998
    ]
  },
  {
    "timeStamp": 45771,
    "rotation": [
      [
        0.668072164,
        -0.6750729,
        0.312979341
      ],
      [
        -0.531471431,
        -0.138522565,
        0.835673153
      ],
      [
        -0.5207856,
        -0.7246296,
        -0.451325029
      ]
    ],
    "translation": [
      2.08641577,
      0.962297738,
      -0.742833853
    ]
  },
  {
    "timeStamp": 45815,
    "rotation": [
      [
        0.653646648,
        -0.7113567,
        0.258297741
      ],
      [
        -0.50703156,
        -0.15824686,
        0.847276151
      ],
      [
        -0.5618408,
        -0.684784353,
        -0.464117855
      ]
    ],
    "translation": [
      2.09437466,
      0.946034133,
      -0.7559695
    ]
  },
  {
    "timeStamp": 45871,
    "rotation": [
      [
        0.621440351,
        -0.756717443,
        0.20295459
      ],
      [
        -0.473255515,
        -0.156125009,
        0.8669799
      ],
      [
        -0.624372542,
        -0.6348257,
        -0.4551431
      ]
    ],
    "translation": [
      2.102604,
      0.9222084,
      -0.766856253
    ]
  },
  {
    "timeStamp": 45915,
    "rotation": [
      [
        0.57567054,
        -0.7982721,
        0.17710191
      ],
      [
        -0.462695539,
        -0.1394394,
        0.87548244
      ],
      [
        -0.6741782,
        -0.585933745,
        -0.449628085
      ]
    ],
    "translation": [
      2.10681438,
      0.9041579,
      -0.771113038
    ]
  },
  {
    "timeStamp": 45971,
    "rotation": [
      [
        0.5741579,
        -0.8116671,
        0.107421115
      ],
      [
        -0.4054894,
        -0.167916462,
        0.8985446
      ],
      [
        -0.7112813,
        -0.5594646,
        -0.425532937
      ]
    ],
    "translation": [
      2.108638,
      0.8765466,
      -0.775271654
    ]
  },
  {
    "timeStamp": 46018,
    "rotation": [
      [
        0.529274046,
        -0.8430953,
        0.09518054
      ],
      [
        -0.386605531,
        -0.1397881,
        0.9115895
      ],
      [
        -0.7552517,
        -0.519278,
        -0.3999315
      ]
    ],
    "translation": [
      2.11284113,
      0.8587326,
      -0.7746445
    ]
  },
  {
    "timeStamp": 46068,
    "rotation": [
      [
        0.447743237,
        -0.889148,
        0.09456166
      ],
      [
        -0.3685805,
        -0.08717636,
        0.925499141
      ],
      [
        -0.814662158,
        -0.449239582,
        -0.366755217
      ]
    ],
    "translation": [
      2.12191558,
      0.8404591,
      -0.771272242
    ]
  },
  {
    "timeStamp": 46124,
    "rotation": [
      [
        0.4256765,
        -0.9023805,
        0.06714902
      ],
      [
        -0.325505644,
        -0.0834635049,
        0.941849232
      ],
      [
        -0.844301939,
        -0.422780454,
        -0.329258382
      ]
    ],
    "translation": [
      2.13112426,
      0.823922634,
      -0.768421948
    ]
  },
  {
    "timeStamp": 46168,
    "rotation": [
      [
        0.4306856,
        -0.902207255,
        0.0230653472
      ],
      [
        -0.2887668,
        -0.113544643,
        0.9506426
      ],
      [
        -0.8550577,
        -0.416088581,
        -0.309429556
      ]
    ],
    "translation": [
      2.13973522,
      0.812450945,
      -0.765783846
    ]
  },
  {
    "timeStamp": 46223,
    "rotation": [
      [
        0.4068646,
        -0.913488,
        -0.0009921644
      ],
      [
        -0.244762734,
        -0.110062823,
        0.963315845
      ],
      [
        -0.8800866,
        -0.391696274,
        -0.268368453
      ]
    ],
    "translation": [
      2.154808,
      0.797599733,
      -0.762476563
    ]
  },
  {
    "timeStamp": 46268,
    "rotation": [
      [
        0.408438623,
        -0.912770033,
        -0.00536005339
      ],
      [
        -0.205798864,
        -0.09780696,
        0.9736943
      ],
      [
        -0.8892833,
        -0.396591276,
        -0.227795169
      ]
    ],
    "translation": [
      2.165094,
      0.783724248,
      -0.761685133
    ]
  },
  {
    "timeStamp": 46323,
    "rotation": [
      [
        0.441582322,
        -0.895672,
        -0.0526952967
      ],
      [
        -0.145256072,
        -0.129323721,
        0.9809057
      ],
      [
        -0.88538456,
        -0.4254963,
        -0.187208861
      ]
    ],
    "translation": [
      2.17725372,
      0.767407656,
      -0.762548745
    ]
  },
  {
    "timeStamp": 46368,
    "rotation": [
      [
        0.4761835,
        -0.875574231,
        -0.08135711
      ],
      [
        -0.106187232,
        -0.149098858,
        0.983104169
      ],
      [
        -0.8729109,
        -0.459498882,
        -0.163973227
      ]
    ],
    "translation": [
      2.18483281,
      0.754896164,
      -0.7645494
    ]
  },
  {
    "timeStamp": 46425,
    "rotation": [
      [
        0.5022274,
        -0.8568357,
        -0.116619758
      ],
      [
        -0.0745836049,
        -0.177280679,
        0.981330156
      ],
      [
        -0.861513138,
        -0.484153032,
        -0.152941108
      ]
    ],
    "translation": [
      2.19542766,
      0.7449069,
      -0.765239239
    ]
  },
  {
    "timeStamp": 46469,
    "rotation": [
      [
        0.5292065,
        -0.837480664,
        -0.136259213
      ],
      [
        -0.0458552726,
        -0.188583791,
        0.98098594
      ],
      [
        -0.847253,
        -0.512895942,
        -0.138202667
      ]
    ],
    "translation": [
      2.20160317,
      0.7376577,
      -0.7666826
    ]
  },
  {
    "timeStamp": 46526,
    "rotation": [
      [
        0.539765,
        -0.8305518,
        -0.137249336
      ],
      [
        -0.0320865735,
        -0.183219522,
        0.982548237
      ],
      [
        -0.841204,
        -0.5259413,
        -0.125545055
      ]
    ],
    "translation": [
      2.20780444,
      0.7329298,
      -0.766029239
    ]
  },
  {
    "timeStamp": 46570,
    "rotation": [
      [
        0.5428554,
        -0.82785064,
        -0.141320154
      ],
      [
        -0.021894861,
        -0.18216671,
        0.9830239
      ],
      [
        -0.8395408,
        -0.530545652,
        -0.117015854
      ]
    ],
    "translation": [
      2.2123394,
      0.7304658,
      -0.765311956
    ]
  },
  {
    "timeStamp": 46626,
    "rotation": [
      [
        0.542291641,
        -0.8274589,
        -0.14571026
      ],
      [
        -0.0191153586,
        -0.185531259,
        0.9824524
      ],
      [
        -0.839972854,
        -0.529990435,
        -0.116429232
      ]
    ],
    "translation": [
      2.21674776,
      0.7297781,
      -0.7623104
    ]
  },
  {
    "timeStamp": 46670,
    "rotation": [
      [
        0.541906655,
        -0.8257426,
        -0.156480953
      ],
      [
        -0.00389812328,
        -0.18865715,
        0.9820353
      ],
      [
        -0.8404296,
        -0.5315615,
        -0.105453409
      ]
    ],
    "translation": [
      2.21795249,
      0.728191853,
      -0.761960268
    ]
  }
]