[
  {
    "timeStamp": 11520,
    "rotation": [
      [
        -0.888371468,
        0.4588255,
        -0.0165901445
      ],
      [
        0.458552122,
        0.884877861,
        -0.08198222
      ],
      [
        -0.0229352787,
        -0.08043811,
        -0.996495664
      ]
    ],
    "translation": [
      1.4617337,
      0.7295266,
      -0.361751646
    ]
  },
  {
    "timeStamp": 11575,
    "rotation": [
      [
        -0.891307,
        0.453009635,
        -0.01881944
      ],
      [
        0.453096837,
        0.8884242,
        -0.07352348
      ],
      [
        -0.0165871959,
        -0.07405902,
        -0.9971159
      ]
    ],
    "translation": [
      1.46311057,
      0.7312776,
      -0.3600392
    ]
  },
  {
    "timeStamp": 11620,
    "rotation": [
      [
        -0.8745564,
        0.480937243,
        -0.0620514825
      ],
      [
        0.4849216,
        0.8677417,
        -0.108973853
      ],
      [
        0.00143507461,
        -0.1253939,
        -0.992106
      ]
    ],
    "translation": [
      1.46322811,
      0.742782533,
      -0.3508881
    ]
  },
  {
    "timeStamp": 11675,
    "rotation": [
      [
        -0.839743555,
        0.529499531,
        -0.120253623
      ],
      [
        0.5413398,
        0.8336297,
        -0.109602422
      ],
      [
        0.04221256,
        -0.157136,
        -0.986674368
      ]
    ],
    "translation": [
      1.46185613,
      0.7707178,
      -0.3429615
    ]
  },
  {
    "timeStamp": 11719,
    "rotation": [
      [
        -0.7982238,
        0.5779113,
        -0.169874266
      ],
      [
        0.597340345,
        0.7957764,
        -0.09962124
      ],
      [
        0.0776096955,
        -0.1809928,
        -0.98041743
      ]
    ],
    "translation": [
      1.46498191,
      0.797886133,
      -0.339131832
    ]
  },
  {
    "timeStamp": 11775,
    "rotation": [
      [
        -0.7380999,
        0.632099867,
        -0.23592025
      ],
      [
        0.6647225,
        0.741175652,
        -0.09382227
      ],
      [
        0.115553312,
        -0.226071715,
        -0.967232645
      ]
    ],
    "translation": [
      1.47311664,
      0.838374138,
      -0.335974872
    ]
  },
  {
    "timeStamp": 11819,
    "rotation": [
      [
        -0.673459,
        0.6841688,
        -0.279939
      ],
      [
        0.7214338,
        0.690881848,
        -0.04706843
      ],
      [
        0.161202013,
        -0.233656108,
        -0.9588632
      ]
    ],
    "translation": [
      1.48578918,
      0.869907558,
      -0.3422916
    ]
  },
  {
    "timeStamp": 11875,
    "rotation": [
      [
        -0.5710037,
        0.7581904,
        -0.314804941
      ],
      [
        0.7769821,
        0.6229183,
        0.09094844
      ],
      [
        0.265054,
        -0.19266592,
        -0.944789
      ]
    ],
    "translation": [
      1.50632608,
      0.9097009,
      -0.362976074
    ]
  },
  {
    "timeStamp": 11920,
    "rotation": [
      [
        -0.465534866,
        0.820003748,
        -0.332973182
      ],
      [
        0.7925591,
        0.553695738,
        0.255482167
      ],
      [
        0.3938622,
        -0.144965068,
        -0.907666
      ]
    ],
    "translation": [
      1.53038061,
      0.9357912,
      -0.381864369
    ]
  },
  {
    "timeStamp": 11975,
    "rotation": [
      [
        -0.322552353,
        0.889305532,
        -0.324184567
      ],
      [
        0.7580966,
        0.447790474,
        0.474102557
      ],
      [
        0.5667888,
        -0.0928403139,
        -0.8186154
      ]
    ],
    "translation": [
      1.56214249,
      0.9653091,
      -0.412101626
    ]
  },
  {
    "timeStamp": 12019,
    "rotation": [
      [
        -0.192709059,
        0.9372365,
        -0.290604532
      ],
      [
        0.702337742,
        0.338565677,
        0.626174867
      ],
      [
        0.6852627,
        -0.08343298,
        -0.7235012
      ]
    ],
    "translation": [
      1.59223807,
      0.985273361,
      -0.433625281
    ]
  },
  {
    "timeStamp": 12075,
    "rotation": [
      [
        -0.07278291,
        0.9522193,
        -0.2966161
      ],
      [
        0.6314766,
        0.2741964,
        0.7252956
      ],
      [
        0.7719715,
        -0.134517,
        -0.621261
      ]
    ],
    "translation": [
      1.63487208,
      1.00262058,
      -0.455356151
    ]
  },
  {
    "timeStamp": 12119,
    "rotation": [
      [
        0.00862081,
        0.957385242,
        -0.2886852
      ],
      [
        0.589014947,
        0.2284352,
        0.7751637
      ],
      [
        0.808076143,
        -0.176722422,
        -0.5619449
      ]
    ],
    "translation": [
      1.66973722,
      1.01277566,
      -0.476845056
    ]
  },
  {
    "timeStamp": 12175,
    "rotation": [
      [
        0.0988847762,
        0.9522129,
        -0.288984984
      ],
      [
        0.5441734,
        0.191393062,
        0.816850066
      ],
      [
        0.833124936,
        -0.238031968,
        -0.499243081
      ]
    ],
    "translation": [
      1.716588,
      1.02394474,
      -0.5011281
    ]
  },
  {
    "timeStamp": 12219,
    "rotation": [
      [
        0.184452534,
        0.934268653,
        -0.305154532
      ],
      [
        0.49116075,
        0.181310654,
        0.851990342
      ],
      [
        0.8513157,
        -0.307031721,
        -0.4254329
      ]
    ],
    "translation": [
      1.75855958,
      1.02698278,
      -0.518348634
    ]
  },
  {
    "timeStamp": 12275,
    "rotation": [
      [
        0.306843758,
        0.89230895,
        -0.331106722
      ],
      [
        0.406594217,
        0.191649526,
        0.893281341
      ],
      [
        0.8605394,
        -0.408723921,
        -0.304001182
      ]
    ],
    "translation": [
      1.81677115,
      1.02212381,
      -0.5324616
    ]
  },
  {
    "timeStamp": 12320,
    "rotation": [
      [
        0.44604376,
        0.8461139,
        -0.2917812
      ],
      [
        0.303402662,
        0.163760155,
        0.93868494
      ],
      [
        0.8420165,
        -0.507221758,
        -0.183669
      ]
    ],
    "translation": [
      1.86558068,
      1.017303,
      -0.5428639
    ]
  },
  {
    "timeStamp": 12375,
    "rotation": [
      [
        0.628479958,
        0.744743943,
        -0.224431321
      ],
      [
        0.19203642,
        0.13103947,
        0.9726
      ],
      [
        0.7537473,
        -0.6543585,
        -0.0606622733
      ]
    ],
    "translation": [
      1.93226445,
      1.010317,
      -0.55126965
    ]
  },
  {
    "timeStamp": 12419,
    "rotation": [
      [
        0.775761545,
        0.607978463,
        -0.168985739
      ],
      [
        0.121309072,
        0.119113982,
        0.985442042
      ],
      [
        0.6192561,
        -0.7849675,
        0.0186507441
      ]
    ],
    "translation": [
      1.986465,
      0.999940038,
      -0.562033
    ]
  },
  {
    "timeStamp": 12475,
    "rotation": [
      [
        0.9146324,
        0.388243556,
        -0.112758584
      ],
      [
        0.06736359,
        0.128657013,
        0.989398539
      ],
      [
        0.398634851,
        -0.9125318,
        0.09152039
      ]
    ],
    "translation": [
      2.05492163,
      0.9831033,
      -0.574245632
    ]
  },
  {
    "timeStamp": 12521,
    "rotation": [
      [
        0.973833,
        0.2067021,
        -0.09446421
      ],
      [
        0.0616373345,
        0.159857959,
        0.9852138
      ],
      [
        0.218746617,
        -0.9652563,
        0.142934382
      ]
    ],
    "translation": [
      2.10065341,
      0.9627861,
      -0.586071134
    ]
  },
  {
    "timeStamp": 12572,
    "rotation": [
      [
        0.996358752,
        0.0593633056,
        -0.0611975864
      ],
      [
        0.0546186827,
        0.106737688,
        0.992785931
      ],
      [
        0.06546713,
        -0.9925135,
        0.103106685
      ]
    ],
    "translation": [
      2.1324935,
      0.949915767,
      -0.5971018
    ]
  },
  {
    "timeStamp": 12625,
    "rotation": [
      [
        0.9968793,
        0.003120816,
        -0.0788793862
      ],
      [
        0.0777372,
        0.135033786,
        0.9877868
      ],
      [
        0.0137340762,
        -0.9908361,
        0.134369791
      ]
    ],
    "translation": [
      2.15087843,
      0.9312838,
      -0.599520564
    ]
  },
  {
    "timeStamp": 12669,
    "rotation": [
      [
        0.996185362,
        -0.0431923419,
        -0.07582312
      ],
      [
        0.080024004,
        0.1056855,
        0.9911744
      ],
      [
        -0.03479772,
        -0.9934611,
        0.10873878
      ]
    ],
    "translation": [
      2.15721083,
      0.9199108,
      -0.5995952
    ]
  },
  {
    "timeStamp": 12725,
    "rotation": [
      [
        0.996415,
        -0.06064965,
        -0.0589814819
      ],
      [
        0.06682954,
        0.13678506,
        0.9883439
      ],
      [
        -0.05187492,
        -0.9887424,
        0.140347868
      ]
    ],
    "translation": [
      2.15858221,
      0.89925915,
      -0.597084939
    ]
  },
  {
    "timeStamp": 12769,
    "rotation": [
      [
        0.995436668,
        -0.07248503,
        -0.06206286
      ],
      [
        0.07214193,
        0.14592956,
        0.9866611
      ],
      [
        -0.0624613464,
        -0.9866359,
        0.150492847
      ]
    ],
    "translation": [
      2.15602136,
      0.8874299,
      -0.593306541
    ]
  },
  {
    "timeStamp": 12825,
    "rotation": [
      [
        0.9934993,
        -0.09958361,
        -0.0551573075
      ],
      [
        0.06884232,
        0.13968575,
        0.9877999
      ],
      [
        -0.0906639844,
        -0.9851756,
        0.14563325
      ]
    ],
    "translation": [
      2.15532041,
      0.8749443,
      -0.5874035
    ]
  },
  {
    "timeStamp": 12870,
    "rotation": [
      [
        0.9921587,
        -0.118942693,
        -0.038388323
      ],
      [
        0.05559668,
        0.144924358,
        0.9878795
      ],
      [
        -0.111937642,
        -0.9822675,
        0.150400788
      ]
    ],
    "translation": [
      2.15316987,
      0.8643564,
      -0.5839594
    ]
  },
  {
    "timeStamp": 12925,
    "rotation": [
      [
        0.987692535,
        -0.154547632,
        -0.0240528155
      ],
      [
        0.04681996,
        0.145412952,
        0.9882626
      ],
      [
        -0.149236038,
        -0.9772258,
        0.150859192
      ]
    ],
    "translation": [
      2.15422726,
      0.8527321,
      -0.5801301
    ]
  },
  {
    "timeStamp": 12970,
    "rotation": [
      [
        0.9819519,
        -0.189035684,
        -0.006000634
      ],
      [
        0.0349648632,
        0.150262758,
        0.988027632
      ],
      [
        -0.185870811,
        -0.9704054,
        0.15416041
      ]
    ],
    "translation": [
      2.155721,
      0.841625154,
      -0.577595949
    ]
  },
  {
    "timeStamp": 13015,
    "rotation": [
      [
        0.97534,
        -0.219895273,
        0.0189208053
      ],
      [
        0.0178140961,
        0.163881451,
        0.9863192
      ],
      [
        -0.21998769,
        -0.9616595,
        0.163757354
      ]
    ],
    "translation": [
      2.158372,
      0.8298288,
      -0.5720668
    ]
  },
  {
    "timeStamp": 13072,
    "rotation": [
      [
        0.9676594,
        -0.248543069,
        0.0431453958
      ],
      [
        0.00141994876,
        0.1763992,
        0.98431766
      ],
      [
        -0.252256155,
        -0.952423,
        0.17104727
      ]
    ],
    "translation": [
      2.15667248,
      0.813635,
      -0.5663812
    ]
  },
  {
    "timeStamp": 13118,
    "rotation": [
      [
        0.9575414,
        -0.2816213,
        0.0616758838
      ],
      [
        -0.010214231,
        0.18065837,
        0.983492851
      ],
      [
        -0.288114816,
        -0.9423651,
        0.170111313
      ]
    ],
    "translation": [
      2.15711236,
      0.8022692,
      -0.5624074
    ]
  },
  {
    "timeStamp": 13175,
    "rotation": [
      [
        0.937947035,
        -0.335525542,
        0.08762346
      ],
      [
        -0.0269869883,
        0.1812879,
        0.9830597
      ],
      [
        -0.345726728,
        -0.9244226,
        0.160983637
      ]
    ],
    "translation": [
      2.15971875,
      0.7900293,
      -0.559917748
    ]
  },
  {
    "timeStamp": 13219,
    "rotation": [
      [
        0.923599064,
        -0.37122938,
        0.09567377
      ],
      [
        -0.025309965,
        0.189974159,
        0.9814628
      ],
      [
        -0.3825234,
        -0.9088996,
        0.166064143
      ]
    ],
    "translation": [
      2.16250181,
      0.7823632,
      -0.558293343
    ]
  },
  {
    "timeStamp": 13274,
    "rotation": [
      [
        0.8944338,
        -0.437372565,
        0.09323878
      ],
      [
        -0.015487303,
        0.178074315,
        0.9838952
      ],
      [
        -0.446932167,
        -0.8814731,
        0.152501971
      ]
    ],
    "translation": [
      2.16691065,
      0.7756925,
      -0.5588417
    ]
  },
  {
    "timeStamp": 13319,
    "rotation": [
      [
        0.8761332,
        -0.475360334,
        0.0801453
      ],
      [
        -0.005148112,
        0.157017022,
        0.9875825
      ],
      [
        -0.4820417,
        -0.8656664,
        0.135120615
      ]
    ],
    "translation": [
      2.16953969,
      0.7736198,
      -0.557749867
    ]
  },
  {
    "timeStamp": 13374,
    "rotation": [
      [
        0.873992,
        -0.4776206,
        0.08953491
      ],
      [
        -0.01274978,
        0.16164881,
        0.986766
      ],
      [
        -0.485772967,
        -0.8635671,
        0.1351902
      ]
    ],
    "translation": [
      2.16605,
      0.7679306,
      -0.5515478
    ]
  },
  {
    "timeStamp": 13419,
    "rotation": [
      [
        0.8653612,
        -0.491311669,
        0.09880662
      ],
      [
        -0.02107474,
        0.161309287,
        0.986678839
      ],
      [
        -0.5007053,
        -0.855915964,
        0.129236534
      ]
    ],
    "translation": [
      2.16611075,
      0.763628542,
      -0.548087
    ]
  },
  {
    "timeStamp": 13475,
    "rotation": [
      [
        0.863177955,
        -0.496237844,
        0.09312302
      ],
      [
        -0.01624296,
        0.15705052,
        0.987457
      ],
      [
        -0.504638553,
        -0.853863657,
        0.127502173
      ]
    ],
    "translation": [
      2.165772,
      0.7602543,
      -0.5452323
    ]
  },
  {
    "timeStamp": 13519,
    "rotation": [
      [
        0.864389539,
        -0.495651037,
        0.08462103
      ],
      [
        -0.0113734649,
        0.148975953,
        0.988775432
      ],
      [
        -0.5026941,
        -0.8556496,
        0.123135991
      ]
    ],
    "translation": [
      2.165946,
      0.7588865,
      -0.5429342
    ]
  },
  {
    "timeStamp": 13575,
    "rotation": [
      [
        0.867425144,
        -0.491275,
        0.07888333
      ],
      [
        -0.00533493143,
        0.149345815,
        0.988770664
      ],
      [
        -0.4975392,
        -0.858105361,
        0.126925379
      ]
    ],
    "translation": [
      2.16600966,
      0.7552694,
      -0.5415382
    ]
  },
  {
    "timeStamp": 13619,
    "rotation": [
      [
        0.8695383,
        -0.487994969,
        0.07592156
      ],
      [
        -0.00086233177,
        0.152228728,
        0.9883449
      ],
      [
        -0.493864775,
        -0.8594692,
        0.13194789
      ]
    ],
    "translation": [
      2.1664865,
      0.7531442,
      -0.5403541
    ]
  },
  {
    "timeStamp": 13674,
    "rotation": [
      [
        0.8733233,
        -0.482934684,
        0.063878
      ],
      [
        0.014050724,
        0.15604578,
        0.987649858
      ],
      [
        -0.4869383,
        -0.8616401,
        0.143064
      ]
    ],
    "translation": [
      2.168117,
      0.7496751,
      -0.5403993
    ]
  },
  {
    "timeStamp": 13719,
    "rotation": [
      [
        0.8701787,
        -0.4877328,
        0.07004102
      ],
      [
        0.0147661483,
        0.167895645,
        0.98569417
      ],
      [
        -0.492514968,
        -0.856695831,
        0.15330115
      ]
    ],
    "translation": [
      2.16979766,
      0.746378839,
      -0.541030169
    ]
  },
  {
    "timeStamp": 13774,
    "rotation": [
      [
        0.870742,
        -0.486440152,
        0.07200218
      ],
      [
        0.0174646713,
        0.176922873,
        0.984069765
      ],
      [
        -0.491429865,
        -0.8556134,
        0.1625497
      ]
    ],
    "translation": [
      2.1724298,
      0.7418097,
      -0.5412099
    ]
  },
  {
    "timeStamp": 13818,
    "rotation": [
      [
        0.8705328,
        -0.487986,
        0.06357919
      ],
      [
        0.0285404082,
        0.17904377,
        0.983427048
      ],
      [
        -0.4912821,
        -0.854290962,
        0.169790789
      ]
    ],
    "translation": [
      2.1752634,
      0.7405961,
      -0.5399711
    ]
  },
  {
    "timeStamp": 13875,
    "rotation": [
      [
        0.87828505,
        -0.474560529,
        0.0583759844
      ],
      [
        0.0399360843,
        0.194473088,
        0.980094552
      ],
      [
        -0.476466745,
        -0.8584711,
        0.189754888
      ]
    ],
    "translation": [
      2.175242,
      0.7370198,
      -0.536824644
    ]
  },
  {
    "timeStamp": 13919,
    "rotation": [
      [
        0.8869278,
        -0.45574683,
        0.07519268
      ],
      [
        0.0236267038,
        0.207335427,
        0.977984548
      ],
      [
        -0.461303473,
        -0.865625143,
        0.194659352
      ]
    ],
    "translation": [
      2.17434716,
      0.733997464,
      -0.53328836
    ]
  }
]