[
  {
    "timeStamp": 10618,
    "rotation": [
      [
        1.19248806E-08,
        1.0,
        -1.19248806E-08
      ],
      [
        0.0,
        1.19248806E-08,
        1.0
      ],
      [
        1.0,
        -1.19248806E-08,
        1.42202776E-16
      ]
    ],
    "translation": [
      1.462,
      0.7012046,
      -0.62
    ]
  },
  {
    "timeStamp": 10672,
    "rotation": [
      [
        -0.000101047095,
        0.999986768,
        0.005140672
      ],
      [
        -0.0118508581,
        -0.0051415083,
        0.999916553
      ],
      [
        0.9999298,
        4.01143334E-05,
        0.0118512213
      ]
    ],
    "translation": [
      1.46204793,
      0.7014133,
      -0.6200056
    ]
  },
  {
    "timeStamp": 10718,
    "rotation": [
      [
        0.00501828454,
        0.9999865,
        0.00129452255
      ],
      [
        -0.0120651368,
        -0.00123389764,
        0.999926448
      ],
      [
        0.9999146,
        -0.005033535,
        0.0120587824
      ]
    ],
    "translation": [
      1.46585751,
      0.7066827,
      -0.6217668
    ]
  },
  {
    "timeStamp": 10773,
    "rotation": [
      [
        -0.00364605361,
        0.999645948,
        0.0263582319
      ],
      [
        0.00744644972,
        -0.0263305344,
        0.999625564
      ],
      [
        0.999965668,
        0.00384095986,
        -0.00734781055
      ]
    ],
    "translation": [
      1.46920323,
      0.7274193,
      -0.6250381
    ]
  },
  {
    "timeStamp": 10828,
    "rotation": [
      [
        0.0163896065,
        0.9973567,
        0.07078781
      ],
      [
        0.0267209448,
        -0.07120894,
        0.997103453
      ],
      [
        0.99950856,
        -0.0144506209,
        -0.0278174
      ]
    ],
    "translation": [
      1.47557878,
      0.761938334,
      -0.625591934
    ]
  },
  {
    "timeStamp": 10873,
    "rotation": [
      [
        0.0477995276,
        0.994416833,
        0.09407624
      ],
      [
        0.0488631763,
        -0.09639905,
        0.994142652
      ],
      [
        0.997661054,
        -0.0429226831,
        -0.0531981923
      ]
    ],
    "translation": [
      1.48695242,
      0.7939467,
      -0.625032961
    ]
  },
  {
    "timeStamp": 10917,
    "rotation": [
      [
        0.0887539461,
        0.9908606,
        0.101577327
      ],
      [
        0.09022032,
        -0.109557807,
        0.989877462
      ],
      [
        0.991959155,
        -0.07869119,
        -0.09911945
      ]
    ],
    "translation": [
      1.50525963,
      0.8299079,
      -0.6203393
    ]
  },
  {
    "timeStamp": 10972,
    "rotation": [
      [
        0.175682262,
        0.9757367,
        0.130666226
      ],
      [
        0.101093307,
        -0.149910167,
        0.9835177
      ],
      [
        0.9792425,
        -0.159577131,
        -0.124977008
      ]
    ],
    "translation": [
      1.5362345,
      0.8792324,
      -0.614804566
    ]
  },
  {
    "timeStamp": 11028,
    "rotation": [
      [
        0.261602819,
        0.952310264,
        0.157064229
      ],
      [
        0.09592698,
        -0.187579155,
        0.977554142
      ],
      [
        0.960396767,
        -0.240664244,
        -0.140423477
      ]
    ],
    "translation": [
      1.58032906,
      0.9296039,
      -0.604647636
    ]
  },
  {
    "timeStamp": 11072,
    "rotation": [
      [
        0.329111964,
        0.9330633,
        0.145183325
      ],
      [
        0.110107437,
        -0.190618977,
        0.9754695
      ],
      [
        0.9378495,
        -0.305052936,
        -0.1654722
      ]
    ],
    "translation": [
      1.6245929,
      0.9654469,
      -0.597293854
    ]
  },
  {
    "timeStamp": 11128,
    "rotation": [
      [
        0.416543573,
        0.90477407,
        0.0887433961
      ],
      [
        0.1514618,
        -0.165316954,
        0.9745407
      ],
      [
        0.8964099,
        -0.39249742,
        -0.205900416
      ]
    ],
    "translation": [
      1.69420409,
      1.00433731,
      -0.5829382
    ]
  },
  {
    "timeStamp": 11172,
    "rotation": [
      [
        0.481929779,
        0.8757662,
        0.02787921
      ],
      [
        0.183717132,
        -0.13210696,
        0.9740615
      ],
      [
        0.8567332,
        -0.464307338,
        -0.224559531
      ]
    ],
    "translation": [
      1.75606942,
      1.03197074,
      -0.5758542
    ]
  },
  {
    "timeStamp": 11217,
    "rotation": [
      [
        0.5488052,
        0.834745347,
        -0.04486694
      ],
      [
        0.228531882,
        -0.09818876,
        0.9685722
      ],
      [
        0.8041057,
        -0.541811,
        -0.24465242
      ]
    ],
    "translation": [
      1.826322,
      1.05590189,
      -0.5680915
    ]
  },
  {
    "timeStamp": 11272,
    "rotation": [
      [
        0.596217,
        0.7878796,
        -0.154178962
      ],
      [
        0.2540931,
        -0.00301642669,
        0.967175066
      ],
      [
        0.761552453,
        -0.615821958,
        -0.201993227
      ]
    ],
    "translation": [
      1.910484,
      1.07217181,
      -0.571227849
    ]
  },
  {
    "timeStamp": 11317,
    "rotation": [
      [
        0.592148662,
        0.731702745,
        -0.3375961
      ],
      [
        0.367592573,
        0.12754342,
        0.921199441
      ],
      [
        0.717102349,
        -0.6695848,
        -0.19344385
      ]
    ],
    "translation": [
      1.98575044,
      1.07316208,
      -0.5737894
    ]
  },
  {
    "timeStamp": 11372,
    "rotation": [
      [
        0.5132986,
        0.6376936,
        -0.574344337
      ],
      [
        0.472823352,
        0.348373324,
        0.809366465
      ],
      [
        0.716214061,
        -0.6870101,
        -0.122696914
      ]
    ],
    "translation": [
      2.06660151,
      1.06598043,
      -0.5885367
    ]
  },
  {
    "timeStamp": 11428,
    "rotation": [
      [
        0.435455739,
        0.531277,
        -0.7267208
      ],
      [
        0.450562924,
        0.5702598,
        0.6868747
      ],
      [
        0.7793404,
        -0.626536965,
        0.008949187
      ]
    ],
    "translation": [
      2.13822937,
      1.03820419,
      -0.6145518
    ]
  },
  {
    "timeStamp": 11472,
    "rotation": [
      [
        0.322461069,
        0.409590125,
        -0.8533785
      ],
      [
        0.4526795,
        0.7250358,
        0.5190417
      ],
      [
        0.8313243,
        -0.553677738,
        0.0483827554
      ]
    ],
    "translation": [
      2.18480921,
      1.02089643,
      -0.6284728
    ]
  },
  {
    "timeStamp": 11528,
    "rotation": [
      [
        0.227721065,
        0.318305254,
        -0.920230865
      ],
      [
        0.3797434,
        0.8411992,
        0.384940028
      ],
      [
        0.896625936,
        -0.437110573,
        0.07068445
      ]
    ],
    "translation": [
      2.22490835,
      0.9945228,
      -0.6466774
    ]
  },
  {
    "timeStamp": 11581,
    "rotation": [
      [
        0.17175211,
        0.286264628,
        -0.9426313
      ],
      [
        0.304222226,
        0.8946701,
        0.327130258
      ],
      [
        0.9369899,
        -0.3429547,
        0.0665734261
      ]
    ],
    "translation": [
      2.24255252,
      0.9729905,
      -0.655514538
    ]
  },
  {
    "timeStamp": 11623,
    "rotation": [
      [
        0.09829708,
        0.207986265,
        -0.973180056
      ],
      [
        0.2848191,
        0.9311284,
        0.227767512
      ],
      [
        0.953528047,
        -0.29956913,
        0.0322887376
      ]
    ],
    "translation": [
      2.26174378,
      0.9511627,
      -0.65188235
    ]
  },
  {
    "timeStamp": 11678,
    "rotation": [
      [
        0.0603017248,
        0.159614459,
        -0.985335946
      ],
      [
        0.2292025,
        0.9585423,
        0.169301152
      ],
      [
        0.971509159,
        -0.2360506,
        0.02121772
      ]
    ],
    "translation": [
      2.27491736,
      0.9261331,
      -0.651729
    ]
  },
  {
    "timeStamp": 11722,
    "rotation": [
      [
        0.010490505,
        0.135104388,
        -0.9907758
      ],
      [
        0.224423617,
        0.965235,
        0.133997828
      ],
      [
        0.9744352,
        -0.2237592,
        -0.0201948155
      ]
    ],
    "translation": [
      2.281471,
      0.906922042,
      -0.6430402
    ]
  },
  {
    "timeStamp": 11778,
    "rotation": [
      [
        -0.0170317125,
        0.126709968,
        -0.991793633
      ],
      [
        0.197453022,
        0.9728291,
        0.1208963
      ],
      [
        0.9801644,
        -0.193773568,
        -0.0415882133
      ]
    ],
    "translation": [
      2.284388,
      0.882939,
      -0.6376707
    ]
  },
  {
    "timeStamp": 11822,
    "rotation": [
      [
        -0.0420374237,
        0.1203366,
        -0.991842747
      ],
      [
        0.185204983,
        0.976454,
        0.110619962
      ],
      [
        0.9818004,
        -0.179044038,
        -0.06333455
      ]
    ],
    "translation": [
      2.28480363,
      0.8676934,
      -0.6320403
    ]
  },
  {
    "timeStamp": 11878,
    "rotation": [
      [
        -0.0199731737,
        0.145900056,
        -0.989097655
      ],
      [
        0.162646249,
        0.976590931,
        0.140770823
      ],
      [
        0.986482263,
        -0.1580614,
        -0.0432357155
      ]
    ],
    "translation": [
      2.27941322,
      0.8499869,
      -0.6291581
    ]
  },
  {
    "timeStamp": 11922,
    "rotation": [
      [
        -0.0042879656,
        0.1602731,
        -0.9870634
      ],
      [
        0.139993131,
        0.977448344,
        0.1581037
      ],
      [
        0.9901432,
        -0.137504146,
        -0.0266283974
      ]
    ],
    "translation": [
      2.27464056,
      0.8398848,
      -0.6268821
    ]
  },
  {
    "timeStamp": 11967,
    "rotation": [
      [
        0.0005455624,
        0.16786778,
        -0.9858093
      ],
      [
        0.123388037,
        0.9782651,
        0.166651413
      ],
      [
        0.9923583,
        -0.121728,
        -0.020179173
      ]
    ],
    "translation": [
      2.26998568,
      0.8308657,
      -0.6242447
    ]
  },
  {
    "timeStamp": 12024,
    "rotation": [
      [
        0.00235179579,
        0.168692738,
        -0.985665858
      ],
      [
        0.09567108,
        0.9811094,
        0.168141186
      ],
      [
        0.9954102,
        -0.09469516,
        -0.013831648
      ]
    ],
    "translation": [
      2.26566577,
      0.82165885,
      -0.6208758
    ]
  },
  {
    "timeStamp": 12069,
    "rotation": [
      [
        0.010228321,
        0.176739708,
        -0.9842045
      ],
      [
        0.08634398,
        0.9804236,
        0.176958084
      ],
      [
        0.9962129,
        -0.0867901146,
        -0.005232322
      ]
    ],
    "translation": [
      2.262258,
      0.8146204,
      -0.617290437
    ]
  },
  {
    "timeStamp": 12126,
    "rotation": [
      [
        0.0172893181,
        0.17068468,
        -0.985173941
      ],
      [
        0.0622297451,
        0.9832273,
        0.171439514
      ],
      [
        0.9979121,
        -0.0642712042,
        0.00637766533
      ]
    ],
    "translation": [
      2.260935,
      0.80773443,
      -0.61494267
    ]
  },
  {
    "timeStamp": 12172,
    "rotation": [
      [
        0.0149116646,
        0.1657771,
        -0.986050546
      ],
      [
        0.0476150848,
        0.984923661,
        0.166307718
      ],
      [
        0.998754442,
        -0.0494308025,
        0.00679335976
      ]
    ],
    "translation": [
      2.25823641,
      0.7989336,
      -0.6163744
    ]
  },
  {
    "timeStamp": 12227,
    "rotation": [
      [
        0.0103595424,
        0.15041551,
        -0.988568544
      ],
      [
        0.0351558737,
        0.98795563,
        0.15069066
      ],
      [
        0.999328136,
        -0.03631508,
        0.00494678039
      ]
    ],
    "translation": [
      2.25687361,
      0.7955458,
      -0.613552153
    ]
  },
  {
    "timeStamp": 12272,
    "rotation": [
      [
        0.005172177,
        0.13228032,
        -0.991198838
      ],
      [
        0.0227814764,
        0.99093926,
        0.132364556
      ],
      [
        0.9997271,
        -0.0232655853,
        0.00211177254
      ]
    ],
    "translation": [
      2.25564957,
      0.795003951,
      -0.6113294
    ]
  },
  {
    "timeStamp": 12328,
    "rotation": [
      [
        -0.0100719659,
        0.107382454,
        -0.994166732
      ],
      [
        0.0137658622,
        0.9941379,
        0.107239872
      ],
      [
        0.9998545,
        -0.0126054464,
        -0.0114911348
      ]
    ],
    "translation": [
      2.25451159,
      0.796164036,
      -0.6084647
    ]
  },
  {
    "timeStamp": 12372,
    "rotation": [
      [
        -0.0218516774,
        0.08033989,
        -0.99652797
      ],
      [
        0.00211828947,
        0.996767461,
        0.08031275
      ],
      [
        0.999758959,
        -0.0003559663,
        -0.0219512247
      ]
    ],
    "translation": [
      2.25363183,
      0.7977028,
      -0.6064599
    ]
  },
  {
    "timeStamp": 12427,
    "rotation": [
      [
        -0.0246763751,
        0.05795538,
        -0.998014152
      ],
      [
        -0.0003316218,
        0.9983176,
        0.0579812042
      ],
      [
        0.9996954,
        0.00176172925,
        -0.0246156417
      ]
    ],
    "translation": [
      2.25231385,
      0.7996531,
      -0.603286266
    ]
  },
  {
    "timeStamp": 12472,
    "rotation": [
      [
        -0.0249333363,
        0.04195803,
        -0.9988082
      ],
      [
        -0.00657571573,
        0.9990903,
        0.04213403
      ],
      [
        0.999667466,
        0.007618421,
        -0.02463475
      ]
    ],
    "translation": [
      2.25133777,
      0.8005624,
      -0.6018784
    ]
  },
  {
    "timeStamp": 12527,
    "rotation": [
      [
        -0.025081085,
        0.025105115,
        -0.999370158
      ],
      [
        -0.0109943077,
        0.9996172,
        0.0253872462
      ],
      [
        0.9996249,
        0.011624122,
        -0.0247954726
      ]
    ],
    "translation": [
      2.25050855,
      0.801294744,
      -0.599464238
    ]
  },
  {
    "timeStamp": 12571,
    "rotation": [
      [
        -0.0219537318,
        0.0164433718,
        -0.9996238
      ],
      [
        -0.00833226,
        0.999826968,
        0.0166297089
      ],
      [
        0.9997242,
        0.008694209,
        -0.0218129233
      ]
    ],
    "translation": [
      2.24937153,
      0.8013992,
      -0.5975009
    ]
  },
  {
    "timeStamp": 12627,
    "rotation": [
      [
        -0.03203757,
        0.0159736276,
        -0.999359
      ],
      [
        -0.005405473,
        0.9998549,
        0.0161548425
      ],
      [
        0.999472,
        0.00591957,
        -0.0319465771
      ]
    ],
    "translation": [
      2.24712,
      0.8008228,
      -0.5946769
    ]
  },
  {
    "timeStamp": 12672,
    "rotation": [
      [
        -0.0382699557,
        0.01806647,
        -0.9991041
      ],
      [
        -0.00671728048,
        0.999809265,
        0.0183365233
      ],
      [
        0.9992448,
        0.00741300033,
        -0.0381413
      ]
    ],
    "translation": [
      2.24662447,
      0.800451756,
      -0.593546569
    ]
  },
  {
    "timeStamp": 12728,
    "rotation": [
      [
        -0.0400712825,
        0.027930174,
        -0.998806357
      ],
      [
        -0.007380158,
        0.9995737,
        0.0282477159
      ],
      [
        0.9991696,
        0.008503271,
        -0.03984807
      ]
    ],
    "translation": [
      2.24677682,
      0.7986611,
      -0.5931999
    ]
  },
  {
    "timeStamp": 12772,
    "rotation": [
      [
        -0.0406758748,
        0.01846766,
        -0.9990017
      ],
      [
        -0.006074104,
        0.9998061,
        0.0187298469
      ],
      [
        0.9991539,
        0.006829893,
        -0.0405558161
      ]
    ],
    "translation": [
      2.24619746,
      0.7974564,
      -0.592638731
    ]
  },
  {
    "timeStamp": 12827,
    "rotation": [
      [
        -0.0401844867,
        -0.0144609809,
        -0.9990876
      ],
      [
        -0.03258496,
        0.9993824,
        -0.0131546417
      ],
      [
        0.9986608,
        0.03202662,
        -0.04063088
      ]
    ],
    "translation": [
      2.2472446,
      0.7977643,
      -0.592189
    ]
  },
  {
    "timeStamp": 12872,
    "rotation": [
      [
        -0.0357323028,
        -0.0164533537,
        -0.999226
      ],
      [
        -0.03516622,
        0.999265969,
        -0.0151964687
      ],
      [
        0.9987425,
        0.0345959924,
        -0.036284674
      ]
    ],
    "translation": [
      2.24686861,
      0.7971981,
      -0.5920419
    ]
  },
  {
    "timeStamp": 12927,
    "rotation": [
      [
        -0.02974785,
        -0.0225171018,
        -0.999303758
      ],
      [
        -0.03901348,
        0.999010563,
        -0.02134912
      ],
      [
        0.998795748,
        0.0383512266,
        -0.0305968877
      ]
    ],
    "translation": [
      2.24849057,
      0.796673357,
      -0.592426836
    ]
  },
  {
    "timeStamp": 12971,
    "rotation": [
      [
        -0.02855097,
        -0.0233480483,
        -0.9993196
      ],
      [
        -0.0302790944,
        0.999288559,
        -0.0224822387
      ],
      [
        0.9991336,
        0.0296166036,
        -0.0292376168
      ]
    ],
    "translation": [
      2.24887323,
      0.796083331,
      -0.5911818
    ]
  },
  {
    "timeStamp": 13027,
    "rotation": [
      [
        -0.022170566,
        -0.0237083863,
        -0.999473035
      ],
      [
        -0.0278446712,
        0.9993456,
        -0.0230877064
      ],
      [
        0.999366343,
        0.0273181312,
        -0.022816211
      ]
    ],
    "translation": [
      2.24937248,
      0.795538545,
      -0.5906543
    ]
  },
  {
    "timeStamp": 13072,
    "rotation": [
      [
        -0.0185960438,
        -0.022598397,
        -0.9995717
      ],
      [
        -0.02689412,
        0.9993941,
        -0.022094043
      ],
      [
        0.999465346,
        0.0264717378,
        -0.01919254
      ]
    ],
    "translation": [
      2.24983954,
      0.7946412,
      -0.590874553
    ]
  }
]