[
  {
    "timeStamp": 32984,
    "rotation": [
      [
        0.785710454,
        -0.5458809,
        -0.29098624
      ],
      [
        0.5718718,
        0.8203262,
        0.005241672
      ],
      [
        0.2358423,
        -0.170525268,
        0.9567129
      ]
    ],
    "translation": [
      1.3044219,
      0.707157254,
      -0.6252224
    ]
  },
  {
    "timeStamp": 33029,
    "rotation": [
      [
        0.801629245,
        -0.536203265,
        -0.264341921
      ],
      [
        0.5617437,
        0.826896369,
        0.0261995047
      ],
      [
        0.204535127,
        -0.169494689,
        0.9640731
      ]
    ],
    "translation": [
      1.307411,
      0.7125458,
      -0.6222226
    ]
  },
  {
    "timeStamp": 33084,
    "rotation": [
      [
        0.828009248,
        -0.497190118,
        -0.259234935
      ],
      [
        0.52131635,
        0.852856755,
        0.0294049941
      ],
      [
        0.206470385,
        -0.159491017,
        0.965366542
      ]
    ],
    "translation": [
      1.31030667,
      0.7257181,
      -0.6245975
    ]
  },
  {
    "timeStamp": 33129,
    "rotation": [
      [
        0.8497868,
        -0.459777474,
        -0.257812083
      ],
      [
        0.4895994,
        0.869681835,
        0.06281702
      ],
      [
        0.195332646,
        -0.179605722,
        0.9641509
      ]
    ],
    "translation": [
      1.319125,
      0.7442495,
      -0.626659155
    ]
  },
  {
    "timeStamp": 33184,
    "rotation": [
      [
        0.8760867,
        -0.408397883,
        -0.2562873
      ],
      [
        0.441049844,
        0.893565,
        0.0837648138
      ],
      [
        0.194800019,
        -0.186420724,
        0.962964237
      ]
    ],
    "translation": [
      1.33751476,
      0.76960963,
      -0.635508239
    ]
  },
  {
    "timeStamp": 33229,
    "rotation": [
      [
        0.889536,
        -0.36848405,
        -0.270083517
      ],
      [
        0.4074606,
        0.907259762,
        0.104190521
      ],
      [
        0.206643358,
        -0.202729613,
        0.957182944
      ]
    ],
    "translation": [
      1.35792446,
      0.790917635,
      -0.6475302
    ]
  },
  {
    "timeStamp": 33284,
    "rotation": [
      [
        0.8995004,
        -0.329654664,
        -0.286752284
      ],
      [
        0.374984831,
        0.9193063,
        0.119425029
      ],
      [
        0.224244177,
        -0.214950621,
        0.95053184
      ]
    ],
    "translation": [
      1.39145076,
      0.81479454,
      -0.665699542
    ]
  },
  {
    "timeStamp": 33329,
    "rotation": [
      [
        0.9003381,
        -0.316449821,
        -0.2987487
      ],
      [
        0.364587575,
        0.9233078,
        0.120741993
      ],
      [
        0.2376282,
        -0.217628688,
        0.9466629
      ]
    ],
    "translation": [
      1.42369485,
      0.830306649,
      -0.6821651
    ]
  },
  {
    "timeStamp": 33384,
    "rotation": [
      [
        0.9003233,
        -0.294810355,
        -0.3201638
      ],
      [
        0.343303084,
        0.933215141,
        0.106077813
      ],
      [
        0.267508835,
        -0.205417529,
        0.9414046
      ]
    ],
    "translation": [
      1.46664691,
      0.846047759,
      -0.705086768
    ]
  },
  {
    "timeStamp": 33429,
    "rotation": [
      [
        0.8973385,
        -0.290373,
        -0.332365841
      ],
      [
        0.337690443,
        0.9366075,
        0.0934426
      ],
      [
        0.284163147,
        -0.1960864,
        0.9385102
      ]
    ],
    "translation": [
      1.50307345,
      0.854864,
      -0.7230088
    ]
  },
  {
    "timeStamp": 33484,
    "rotation": [
      [
        0.9002655,
        -0.288315833,
        -0.326183945
      ],
      [
        0.32857427,
        0.94152385,
        0.07464451
      ],
      [
        0.285588741,
        -0.174375534,
        0.9423546
      ]
    ],
    "translation": [
      1.54919481,
      0.864216745,
      -0.7435706
    ]
  },
  {
    "timeStamp": 33529,
    "rotation": [
      [
        0.9008959,
        -0.302367955,
        -0.311384469
      ],
      [
        0.3383103,
        0.938621044,
        0.06735545
      ],
      [
        0.2719059,
        -0.166024819,
        0.947894
      ]
    ],
    "translation": [
      1.58671093,
      0.8696767,
      -0.7564517
    ]
  },
  {
    "timeStamp": 33585,
    "rotation": [
      [
        0.9180878,
        -0.321368426,
        -0.2320285
      ],
      [
        0.345406562,
        0.9357946,
        0.07058927
      ],
      [
        0.194445848,
        -0.144951314,
        0.970144331
      ]
    ],
    "translation": [
      1.63628745,
      0.877793,
      -0.764139652
    ]
  },
  {
    "timeStamp": 33629,
    "rotation": [
      [
        0.9333861,
        -0.330163181,
        -0.140650854
      ],
      [
        0.342927635,
        0.936087251,
        0.0783667341
      ],
      [
        0.105787657,
        -0.121379487,
        0.986952841
      ]
    ],
    "translation": [
      1.67776334,
      0.8863734,
      -0.765445232
    ]
  },
  {
    "timeStamp": 33684,
    "rotation": [
      [
        0.9366814,
        -0.349372178,
        -0.02381292
      ],
      [
        0.349967927,
        0.9315582,
        0.09859902
      ],
      [
        -0.0122646345,
        -0.10068962,
        0.9948423
      ]
    ],
    "translation": [
      1.73050559,
      0.8968107,
      -0.7652266
    ]
  },
  {
    "timeStamp": 33729,
    "rotation": [
      [
        0.928949356,
        -0.3630916,
        0.072232835
      ],
      [
        0.352865756,
        0.927434862,
        0.123896718
      ],
      [
        -0.111977108,
        -0.08960529,
        0.9896626
      ]
    ],
    "translation": [
      1.77400374,
      0.9051836,
      -0.762905359
    ]
  },
  {
    "timeStamp": 33784,
    "rotation": [
      [
        0.90413934,
        -0.379875779,
        0.195515648
      ],
      [
        0.355267674,
        0.9226801,
        0.1498209
      ],
      [
        -0.237311736,
        -0.06599858,
        0.969189
      ]
    ],
    "translation": [
      1.83149374,
      0.9136604,
      -0.7580158
    ]
  },
  {
    "timeStamp": 33829,
    "rotation": [
      [
        0.873345256,
        -0.398966849,
        0.279452235
      ],
      [
        0.3596081,
        0.9150682,
        0.182570964
      ],
      [
        -0.3285576,
        -0.0589541942,
        0.9426422
      ]
    ],
    "translation": [
      1.87837672,
      0.920094669,
      -0.7521431
    ]
  },
  {
    "timeStamp": 33884,
    "rotation": [
      [
        0.8184118,
        -0.429884046,
        0.381315917
      ],
      [
        0.368983626,
        0.9018473,
        0.22477214
      ],
      [
        -0.440514684,
        -0.04325685,
        0.8967027
      ]
    ],
    "translation": [
      1.9381206,
      0.9254106,
      -0.7435459
    ]
  },
  {
    "timeStamp": 33928,
    "rotation": [
      [
        0.774604142,
        -0.449870884,
        0.444527477
      ],
      [
        0.375868052,
        0.8927322,
        0.248500451
      ],
      [
        -0.50863713,
        -0.0254058,
        0.860606134
      ]
    ],
    "translation": [
      1.98323917,
      0.925787747,
      -0.736349642
    ]
  },
  {
    "timeStamp": 33983,
    "rotation": [
      [
        0.731283844,
        -0.4849389,
        0.4796438
      ],
      [
        0.400950938,
        0.874518156,
        0.2728669
      ],
      [
        -0.551780939,
        -0.00722953631,
        0.833957732
      ]
    ],
    "translation": [
      2.02465081,
      0.923288643,
      -0.7291676
    ]
  },
  {
    "timeStamp": 34034,
    "rotation": [
      [
        0.6850069,
        -0.5005187,
        0.5293833
      ],
      [
        0.404052556,
        0.8656507,
        0.295618623
      ],
      [
        -0.606223643,
        0.011397874,
        0.795212567
      ]
    ],
    "translation": [
      2.07711315,
      0.9188208,
      -0.715996
    ]
  },
  {
    "timeStamp": 34079,
    "rotation": [
      [
        0.6561823,
        -0.5405056,
        0.5265724
      ],
      [
        0.441755235,
        0.8408922,
        0.312654018
      ],
      [
        -0.6117819,
        0.0274580866,
        0.7905498
      ]
    ],
    "translation": [
      2.10641885,
      0.9115182,
      -0.706424236
    ]
  },
  {
    "timeStamp": 34134,
    "rotation": [
      [
        0.6540436,
        -0.550473452,
        0.518850565
      ],
      [
        0.469266266,
        0.833219349,
        0.292462945
      ],
      [
        -0.5933094,
        0.05219554,
        0.8032804
      ]
    ],
    "translation": [
      2.13079,
      0.895303369,
      -0.69361347
    ]
  },
  {
    "timeStamp": 34179,
    "rotation": [
      [
        0.6520466,
        -0.5826457,
        0.4851383
      ],
      [
        0.5063094,
        0.810908556,
        0.293390751
      ],
      [
        -0.564345658,
        0.05432564,
        0.8237491
      ]
    ],
    "translation": [
      2.14279461,
      0.881278336,
      -0.682445
    ]
  },
  {
    "timeStamp": 34234,
    "rotation": [
      [
        0.675073564,
        -0.5868104,
        0.447134376
      ],
      [
        0.52243036,
        0.808175564,
        0.271880031
      ],
      [
        -0.5209051,
        0.050057523,
        0.8521456
      ]
    ],
    "translation": [
      2.14897251,
      0.8638506,
      -0.669662952
    ]
  },
  {
    "timeStamp": 34279,
    "rotation": [
      [
        0.683143139,
        -0.5805485,
        0.443033725
      ],
      [
        0.528007746,
        0.811749458,
        0.249540925
      ],
      [
        -0.504503,
        0.06345307,
        0.861075163
      ]
    ],
    "translation": [
      2.15202832,
      0.85101676,
      -0.6610241
    ]
  },
  {
    "timeStamp": 34334,
    "rotation": [
      [
        0.6851321,
        -0.5959653,
        0.4188309
      ],
      [
        0.548668742,
        0.800424039,
        0.241420671
      ],
      [
        -0.4791207,
        0.0643943846,
        0.875383735
      ]
    ],
    "translation": [
      2.15458941,
      0.8400254,
      -0.6534554
    ]
  },
  {
    "timeStamp": 34379,
    "rotation": [
      [
        0.70177424,
        -0.554425836,
        0.447353125
      ],
      [
        0.522979259,
        0.8273384,
        0.204948589
      ],
      [
        -0.4837412,
        0.09012876,
        0.870558
      ]
    ],
    "translation": [
      2.15365577,
      0.8341362,
      -0.6501525
    ]
  },
  {
    "timeStamp": 34435,
    "rotation": [
      [
        0.685423,
        -0.5805992,
        0.4394312
      ],
      [
        0.5505227,
        0.8082005,
        0.209133148
      ],
      [
        -0.476571053,
        0.09857218,
        0.8735923
      ]
    ],
    "translation": [
      2.156467,
      0.8283455,
      -0.647891343
    ]
  },
  {
    "timeStamp": 34480,
    "rotation": [
      [
        0.698923469,
        -0.5584245,
        0.446842432
      ],
      [
        0.54359746,
        0.820794344,
        0.175495043
      ],
      [
        -0.464766473,
        0.120244816,
        0.8772305
      ]
    ],
    "translation": [
      2.1547122,
      0.8226907,
      -0.648242235
    ]
  },
  {
    "timeStamp": 34538,
    "rotation": [
      [
        0.6973291,
        -0.567118168,
        0.438302517
      ],
      [
        0.5586331,
        0.8131645,
        0.1633786
      ],
      [
        -0.449067026,
        0.130921647,
        0.88385427
      ]
    ],
    "translation": [
      2.1522243,
      0.8168034,
      -0.649212539
    ]
  }
]