[
  {
    "timeStamp": 30408,
    "rotation": [
      [
        0.594037831,
        -0.431523055,
        0.678901255
      ],
      [
        0.377040058,
        0.894861042,
        0.238881752
      ],
      [
        -0.7106053,
        0.114068188,
        0.69428277
      ]
    ],
    "translation": [
      1.61056376,
      0.7006607,
      -0.669046
    ]
  },
  {
    "timeStamp": 30452,
    "rotation": [
      [
        0.5848975,
        -0.4182703,
        0.6949423
      ],
      [
        0.364752024,
        0.900899053,
        0.235237867
      ],
      [
        -0.724465847,
        0.115891576,
        0.679498553
      ]
    ],
    "translation": [
      1.61050951,
      0.701273561,
      -0.6688472
    ]
  },
  {
    "timeStamp": 30508,
    "rotation": [
      [
        0.593499541,
        -0.4135608,
        0.6904533
      ],
      [
        0.407325566,
        0.8942463,
        0.18549794
      ],
      [
        -0.6941499,
        0.171146333,
        0.6991887
      ]
    ],
    "translation": [
      1.6120249,
      0.702442765,
      -0.6759637
    ]
  },
  {
    "timeStamp": 30553,
    "rotation": [
      [
        0.6070004,
        -0.3686223,
        0.704037
      ],
      [
        0.359247565,
        0.9175058,
        0.170658216
      ],
      [
        -0.7088665,
        0.149333984,
        0.6893531
      ]
    ],
    "translation": [
      1.61201787,
      0.7216877,
      -0.675365865
    ]
  },
  {
    "timeStamp": 30607,
    "rotation": [
      [
        0.613874733,
        -0.3019987,
        0.7293522
      ],
      [
        0.288229734,
        0.945887744,
        0.149063691
      ],
      [
        -0.7349023,
        0.118714571,
        0.6677016
      ]
    ],
    "translation": [
      1.61668062,
      0.7519111,
      -0.6739209
    ]
  },
  {
    "timeStamp": 30651,
    "rotation": [
      [
        0.6051948,
        -0.243623465,
        0.7578832
      ],
      [
        0.229083374,
        0.9650487,
        0.127286673
      ],
      [
        -0.7624041,
        0.09658519,
        0.6398526
      ]
    ],
    "translation": [
      1.62743878,
      0.779170752,
      -0.67304647
    ]
  },
  {
    "timeStamp": 30708,
    "rotation": [
      [
        0.583079755,
        -0.169517919,
        0.794532359
      ],
      [
        0.147841826,
        0.983798862,
        0.101403
      ],
      [
        -0.798849642,
        0.0583390743,
        0.59869504
      ]
    ],
    "translation": [
      1.64749038,
      0.8160881,
      -0.672021
    ]
  },
  {
    "timeStamp": 30751,
    "rotation": [
      [
        0.550962031,
        -0.134936988,
        0.823549
      ],
      [
        0.08477375,
        0.9907861,
        0.105624042
      ],
      [
        -0.830213368,
        0.0116204908,
        0.5573246
      ]
    ],
    "translation": [
      1.67302358,
      0.844370663,
      -0.671747744
    ]
  },
  {
    "timeStamp": 30807,
    "rotation": [
      [
        0.487018377,
        -0.105546586,
        0.866990745
      ],
      [
        0.0150028849,
        0.9935357,
        0.112524405
      ],
      [
        -0.8732629,
        -0.04179409,
        0.485453635
      ]
    ],
    "translation": [
      1.71477783,
      0.8766747,
      -0.669723749
    ]
  },
  {
    "timeStamp": 30852,
    "rotation": [
      [
        0.413248628,
        -0.10328339,
        0.904742062
      ],
      [
        -0.0265523288,
        0.9917578,
        0.125344932
      ],
      [
        -0.910231054,
        -0.07582163,
        0.407100171
      ]
    ],
    "translation": [
      1.75695753,
      0.897125959,
      -0.6667985
    ]
  },
  {
    "timeStamp": 30907,
    "rotation": [
      [
        0.3068517,
        -0.124911271,
        0.9435249
      ],
      [
        -0.06158117,
        0.9866673,
        0.150650129
      ],
      [
        -0.94976306,
        -0.104330614,
        0.295068353
      ]
    ],
    "translation": [
      1.81878221,
      0.916142941,
      -0.6647409
    ]
  },
  {
    "timeStamp": 30952,
    "rotation": [
      [
        0.212676689,
        -0.138928354,
        0.9671957
      ],
      [
        -0.08370205,
        0.983611941,
        0.159691647
      ],
      [
        -0.973530948,
        -0.114918955,
        0.197562754
      ]
    ],
    "translation": [
      1.8713088,
      0.927916348,
      -0.6645239
    ]
  },
  {
    "timeStamp": 31008,
    "rotation": [
      [
        0.100891642,
        -0.1724393,
        0.979839563
      ],
      [
        -0.101686746,
        0.9779199,
        0.1825719
      ],
      [
        -0.989687145,
        -0.118056677,
        0.08112915
      ]
    ],
    "translation": [
      1.93847966,
      0.9373089,
      -0.6673735
    ]
  },
  {
    "timeStamp": 31052,
    "rotation": [
      [
        0.0222093761,
        -0.204388618,
        0.9786378
      ],
      [
        -0.112778217,
        0.972119,
        0.205586553
      ],
      [
        -0.9933719,
        -0.114934973,
        -0.00146042788
      ]
    ],
    "translation": [
      1.98831165,
      0.940651655,
      -0.671429455
    ]
  },
  {
    "timeStamp": 31098,
    "rotation": [
      [
        -0.04962624,
        -0.228791654,
        0.9722097
      ],
      [
        -0.111258507,
        0.968617,
        0.222267017
      ],
      [
        -0.9925517,
        -0.09713632,
        -0.0735238343
      ]
    ],
    "translation": [
      2.03554964,
      0.9376441,
      -0.67642653
    ]
  },
  {
    "timeStamp": 31153,
    "rotation": [
      [
        -0.118759066,
        -0.228153363,
        0.9663552
      ],
      [
        -0.0461266227,
        0.9734597,
        0.224162027
      ],
      [
        -0.9918511,
        -0.0179534275,
        -0.1261311
      ]
    ],
    "translation": [
      2.08118081,
      0.918089747,
      -0.682843
    ]
  },
  {
    "timeStamp": 31202,
    "rotation": [
      [
        -0.131202534,
        -0.237096682,
        0.9625856
      ],
      [
        0.05696368,
        0.967571855,
        0.246089131
      ],
      [
        -0.989717662,
        0.08711993,
        -0.113441981
      ]
    ],
    "translation": [
      2.110252,
      0.8875504,
      -0.6892723
    ]
  },
  {
    "timeStamp": 31258,
    "rotation": [
      [
        -0.107404582,
        -0.20692797,
        0.9724428
      ],
      [
        0.09834076,
        0.9710931,
        0.217502326
      ],
      [
        -0.9893399,
        0.118991517,
        -0.08395039
      ]
    ],
    "translation": [
      2.12114525,
      0.8658907,
      -0.690931439
    ]
  },
  {
    "timeStamp": 31302,
    "rotation": [
      [
        -0.08367821,
        -0.202131927,
        0.9757769
      ],
      [
        0.139766455,
        0.9671509,
        0.212330788
      ],
      [
        -0.9866424,
        0.15414834,
        -0.0526781976
      ]
    ],
    "translation": [
      2.12634921,
      0.84716773,
      -0.6903467
    ]
  },
  {
    "timeStamp": 31347,
    "rotation": [
      [
        -0.0609721951,
        -0.212324545,
        0.9752952
      ],
      [
        0.171281174,
        0.960393667,
        0.219788343
      ],
      [
        -0.9833337,
        0.180450678,
        -0.02219011
      ]
    ],
    "translation": [
      2.131408,
      0.830173135,
      -0.6900486
    ]
  },
  {
    "timeStamp": 31402,
    "rotation": [
      [
        -0.0418660678,
        -0.203360364,
        0.9782084
      ],
      [
        0.20618315,
        0.9562342,
        0.207616508
      ],
      [
        -0.9776174,
        0.210382178,
        0.00189571327
      ]
    ],
    "translation": [
      2.134285,
      0.8141422,
      -0.6882025
    ]
  },
  {
    "timeStamp": 31458,
    "rotation": [
      [
        -0.0192595348,
        -0.210850552,
        0.977328539
      ],
      [
        0.233035937,
        0.9496404,
        0.209469333
      ],
      [
        -0.9722774,
        0.231786951,
        0.0308461227
      ]
    ],
    "translation": [
      2.13661265,
      0.8029766,
      -0.6871804
    ]
  },
  {
    "timeStamp": 31502,
    "rotation": [
      [
        -0.0138518186,
        -0.202654064,
        0.9791524
      ],
      [
        0.237841949,
        0.9504725,
        0.200082913
      ],
      [
        -0.971205056,
        0.23565504,
        0.0350338668
      ]
    ],
    "translation": [
      2.13781643,
      0.796763062,
      -0.684650838
    ]
  },
  {
    "timeStamp": 31558,
    "rotation": [
      [
        0.001445152,
        -0.214822024,
        0.976652145
      ],
      [
        0.256667167,
        0.9440147,
        0.2072634
      ],
      [
        -0.966498733,
        0.250375,
        0.0565020069
      ]
    ],
    "translation": [
      2.13851023,
      0.7911717,
      -0.6841191
    ]
  }
]