[
  {
    "timeStamp": 43668,
    "rotation": [
      [
        -0.0556683,
        -0.911953,
        0.406500727
      ],
      [
        -0.0264262371,
        -0.405643672,
        -0.9136492
      ],
      [
        0.9980995,
        -0.06160358,
        -0.00151799235
      ]
    ],
    "translation": [
      1.691131,
      0.7054833,
      -0.6702711
    ]
  },
  {
    "timeStamp": 43723,
    "rotation": [
      [
        -0.07067833,
        -0.90821,
        0.4125035
      ],
      [
        0.02057607,
        -0.41477713,
        -0.9096904
      ],
      [
        0.9972869,
        -0.0558077022,
        0.048003152
      ]
    ],
    "translation": [
      1.69133043,
      0.7038257,
      -0.6722966
    ]
  },
  {
    "timeStamp": 43770,
    "rotation": [
      [
        -0.08144796,
        -0.904662,
        0.418273628
      ],
      [
        0.07365497,
        -0.423983783,
        -0.9026698
      ],
      [
        0.9939523,
        -0.04271269,
        0.101165473
      ]
    ],
    "translation": [
      1.69145429,
      0.702026963,
      -0.673688769
    ]
  },
  {
    "timeStamp": 43823,
    "rotation": [
      [
        -0.09293366,
        -0.9333101,
        0.346836448
      ],
      [
        -0.00861932,
        -0.347576827,
        -0.9376119
      ],
      [
        0.995635,
        -0.0901251957,
        0.0242570862
      ]
    ],
    "translation": [
      1.68694758,
      0.7215696,
      -0.68352586
    ]
  },
  {
    "timeStamp": 43868,
    "rotation": [
      [
        -0.0787008554,
        -0.947685,
        0.309352964
      ],
      [
        0.06934001,
        -0.314767778,
        -0.946632564
      ],
      [
        0.9944838,
        -0.0530502535,
        0.0904849842
      ]
    ],
    "translation": [
      1.69005942,
      0.753616035,
      -0.6774865
    ]
  },
  {
    "timeStamp": 43923,
    "rotation": [
      [
        -0.04934049,
        -0.96028024,
        0.274640471
      ],
      [
        0.177194789,
        -0.279029518,
        -0.943792641
      ],
      [
        0.9829382,
        0.00209766044,
        0.183924124
      ]
    ],
    "translation": [
      1.70617437,
      0.7981701,
      -0.671579242
    ]
  },
  {
    "timeStamp": 43968,
    "rotation": [
      [
        -0.0237916075,
        -0.9650055,
        0.261148125
      ],
      [
        0.2773014,
        -0.257341981,
        -0.9256776
      ],
      [
        0.9604884,
        0.0503934,
        0.273719937
      ]
    ],
    "translation": [
      1.72781348,
      0.8382956,
      -0.666811049
    ]
  },
  {
    "timeStamp": 44024,
    "rotation": [
      [
        0.0269878823,
        -0.9586517,
        0.283299446
      ],
      [
        0.3953981,
        -0.250053376,
        -0.8838177
      ],
      [
        0.9181133,
        0.135868415,
        0.372300684
      ]
    ],
    "translation": [
      1.76855028,
      0.8846578,
      -0.662814
    ]
  },
  {
    "timeStamp": 44068,
    "rotation": [
      [
        0.06704845,
        -0.9369506,
        0.3429695
      ],
      [
        0.475159228,
        -0.2722754,
        -0.8367137
      ],
      [
        0.877341568,
        0.219065517,
        0.4269451
      ]
    ],
    "translation": [
      1.81094027,
      0.912478745,
      -0.6583695
    ]
  },
  {
    "timeStamp": 44124,
    "rotation": [
      [
        0.135390386,
        -0.899561942,
        0.415280372
      ],
      [
        0.537401855,
        -0.2854554,
        -0.7935455
      ],
      [
        0.8323873,
        0.330610871,
        0.444778323
      ]
    ],
    "translation": [
      1.871715,
      0.9373643,
      -0.6539766
    ]
  },
  {
    "timeStamp": 44168,
    "rotation": [
      [
        0.1860672,
        -0.8570969,
        0.4803789
      ],
      [
        0.5618762,
        -0.308262438,
        -0.767638862
      ],
      [
        0.806023657,
        0.412745863,
        0.424224824
      ]
    ],
    "translation": [
      1.923907,
      0.943206131,
      -0.6529275
    ]
  },
  {
    "timeStamp": 44233,
    "rotation": [
      [
        0.23941423,
        -0.801071,
        0.5486038
      ],
      [
        0.5543614,
        -0.351095378,
        -0.754596233
      ],
      [
        0.7970974,
        0.484785825,
        0.360025585
      ]
    ],
    "translation": [
      1.98627615,
      0.933719039,
      -0.657048762
    ]
  },
  {
    "timeStamp": 44267,
    "rotation": [
      [
        0.260950565,
        -0.753698051,
        0.6031949
      ],
      [
        0.503546655,
        -0.426830381,
        -0.751170158
      ],
      [
        0.823617339,
        0.499755025,
        0.2681405
      ]
    ],
    "translation": [
      2.02902865,
      0.9075723,
      -0.6658787
    ]
  },
  {
    "timeStamp": 44319,
    "rotation": [
      [
        0.263603866,
        -0.716637552,
        0.6457117
      ],
      [
        0.378469348,
        -0.5388791,
        -0.752575755
      ],
      [
        0.8872846,
        0.442763984,
        0.129174739
      ]
    ],
    "translation": [
      2.06964827,
      0.8606838,
      -0.6883693
    ]
  },
  {
    "timeStamp": 44374,
    "rotation": [
      [
        0.21986559,
        -0.6891017,
        0.6905056
      ],
      [
        0.239105433,
        -0.6481682,
        -0.7229845
      ],
      [
        0.9457736,
        0.324063063,
        0.0222580731
      ]
    ],
    "translation": [
      2.0940187,
      0.8145949,
      -0.721261859
    ]
  },
  {
    "timeStamp": 44419,
    "rotation": [
      [
        0.175441548,
        -0.6585193,
        0.731828153
      ],
      [
        0.126128927,
        -0.722197235,
        -0.6800901
      ],
      [
        0.976376832,
        0.211620778,
        -0.04364507
      ]
    ],
    "translation": [
      2.10917974,
      0.7800667,
      -0.750792146
    ]
  },
  {
    "timeStamp": 44474,
    "rotation": [
      [
        0.163548961,
        -0.629564345,
        0.7595396
      ],
      [
        0.0619272441,
        -0.7618363,
        -0.64480263
      ],
      [
        0.984589636,
        0.152492985,
        -0.085610345
      ]
    ],
    "translation": [
      2.12222886,
      0.757759869,
      -0.7712095
    ]
  },
  {
    "timeStamp": 44519,
    "rotation": [
      [
        0.143679366,
        -0.5887761,
        0.7954238
      ],
      [
        0.0102872448,
        -0.802831352,
        -0.596117437
      ],
      [
        0.989570856,
        0.0938325,
        -0.109293424
      ]
    ],
    "translation": [
      2.13395476,
      0.740136862,
      -0.786437333
    ]
  },
  {
    "timeStamp": 44574,
    "rotation": [
      [
        0.158607021,
        -0.5981278,
        0.785548747
      ],
      [
        -0.0656811744,
        -0.8002493,
        -0.596059561
      ],
      [
        0.9851547,
        0.0429434553,
        -0.16621089
      ]
    ],
    "translation": [
      2.13643169,
      0.7248688,
      -0.8011538
    ]
  },
  {
    "timeStamp": 44618,
    "rotation": [
      [
        0.164607868,
        -0.571676254,
        0.8037976
      ],
      [
        -0.105082311,
        -0.8204399,
        -0.561993
      ],
      [
        0.9807457,
        0.008043566,
        -0.195123926
      ]
    ],
    "translation": [
      2.14460516,
      0.7116514,
      -0.809847355
    ]
  },
  {
    "timeStamp": 44675,
    "rotation": [
      [
        0.183864444,
        -0.5275943,
        0.829360068
      ],
      [
        -0.154214129,
        -0.8487789,
        -0.5057592
      ],
      [
        0.970779,
        -0.0349079072,
        -0.237422764
      ]
    ],
    "translation": [
      2.1567266,
      0.696671367,
      -0.8201964
    ]
  }
]