[
  {
    "timeStamp": 60761,
    "rotation": [
      [
        0.999874949,
        0.0130784,
        0.008884448
      ],
      [
        -0.0115872007,
        0.9884623,
        -0.1510228
      ],
      [
        -0.0107570784,
        0.150900975,
        0.988490343
      ]
    ],
    "translation": [
      1.15339446,
      0.6979547,
      -0.624471843
    ]
  },
  {
    "timeStamp": 60816,
    "rotation": [
      [
        0.999931455,
        0.006667259,
        0.009623159
      ],
      [
        -0.006062703,
        0.9980862,
        -0.0615402423
      ],
      [
        -0.0100150462,
        0.06147768,
        0.9980582
      ]
    ],
    "translation": [
      1.15353906,
      0.6979666,
      -0.624190032
    ]
  },
  {
    "timeStamp": 60862,
    "rotation": [
      [
        0.999706268,
        0.006130156,
        0.02344696
      ],
      [
        -0.00272878562,
        0.9898005,
        -0.142434135
      ],
      [
        -0.0240809582,
        0.142328322,
        0.9895265
      ]
    ],
    "translation": [
      1.16468918,
      0.7008725,
      -0.6312188
    ]
  },
  {
    "timeStamp": 60916,
    "rotation": [
      [
        0.9981181,
        0.0608308241,
        0.0077339164
      ],
      [
        -0.05743716,
        0.971612632,
        -0.229499221
      ],
      [
        -0.0214749966,
        0.228623122,
        0.9732781
      ]
    ],
    "translation": [
      1.17582929,
      0.722261548,
      -0.651595056
    ]
  },
  {
    "timeStamp": 60961,
    "rotation": [
      [
        0.997368336,
        0.06336508,
        -0.0352313034
      ],
      [
        -0.0698508546,
        0.97001,
        -0.2328121
      ],
      [
        0.0194225591,
        0.234660357,
        0.971883357
      ]
    ],
    "translation": [
      1.19368839,
      0.7346171,
      -0.671393752
    ]
  },
  {
    "timeStamp": 61016,
    "rotation": [
      [
        0.995577633,
        0.08069675,
        -0.0480962321
      ],
      [
        -0.0909602,
        0.9560313,
        -0.278801829
      ],
      [
        0.0234831031,
        0.2819437,
        0.9591435
      ]
    ],
    "translation": [
      1.22465682,
      0.750423,
      -0.698259354
    ]
  },
  {
    "timeStamp": 61060,
    "rotation": [
      [
        0.9955288,
        0.0820658058,
        -0.04677096
      ],
      [
        -0.09269733,
        0.9439578,
        -0.3167821
      ],
      [
        0.018152833,
        0.319701254,
        0.9473445
      ]
    ],
    "translation": [
      1.25541818,
      0.760495961,
      -0.7214596
    ]
  },
  {
    "timeStamp": 61117,
    "rotation": [
      [
        0.996028,
        0.07670932,
        -0.0452101044
      ],
      [
        -0.08806483,
        0.9236518,
        -0.372976929
      ],
      [
        0.0131475907,
        0.375476867,
        0.9267385
      ]
    ],
    "translation": [
      1.30031693,
      0.7700755,
      -0.7547332
    ]
  },
  {
    "timeStamp": 61161,
    "rotation": [
      [
        0.9969313,
        0.0708835945,
        -0.0332194529
      ],
      [
        -0.07827656,
        0.907494664,
        -0.412706
      ],
      [
        0.0008923946,
        0.41403982,
        0.910258353
      ]
    ],
    "translation": [
      1.33899784,
      0.776317954,
      -0.781092
    ]
  },
  {
    "timeStamp": 61217,
    "rotation": [
      [
        0.9971046,
        0.07560235,
        0.008168607
      ],
      [
        -0.06362958,
        0.8883343,
        -0.454767525
      ],
      [
        -0.04163795,
        0.452931017,
        0.890572667
      ]
    ],
    "translation": [
      1.388869,
      0.7843751,
      -0.809516966
    ]
  },
  {
    "timeStamp": 61261,
    "rotation": [
      [
        0.994987369,
        0.08875792,
        0.0460671373
      ],
      [
        -0.05589677,
        0.8756161,
        -0.479762465
      ],
      [
        -0.08291984,
        0.4747826,
        0.8761882
      ]
    ],
    "translation": [
      1.42829263,
      0.791819453,
      -0.828544855
    ]
  },
  {
    "timeStamp": 61317,
    "rotation": [
      [
        0.9871748,
        0.113652773,
        0.112111613
      ],
      [
        -0.04535338,
        0.8729842,
        -0.4856353
      ],
      [
        -0.153065473,
        0.474322319,
        0.8669425
      ]
    ],
    "translation": [
      1.47626269,
      0.8014239,
      -0.8455314
    ]
  },
  {
    "timeStamp": 61360,
    "rotation": [
      [
        0.971850038,
        0.146518677,
        0.184498489
      ],
      [
        -0.04006195,
        0.8744674,
        -0.483427227
      ],
      [
        -0.232169017,
        0.4624274,
        0.855721
      ]
    ],
    "translation": [
      1.5132153,
      0.8096552,
      -0.852452755
    ]
  },
  {
    "timeStamp": 61416,
    "rotation": [
      [
        0.9426257,
        0.189311117,
        0.27498737
      ],
      [
        -0.04248295,
        0.8850038,
        -0.463641465
      ],
      [
        -0.331137359,
        0.4253581,
        0.8422699
      ]
    ],
    "translation": [
      1.55689752,
      0.8221798,
      -0.8552755
    ]
  },
  {
    "timeStamp": 61461,
    "rotation": [
      [
        0.9036503,
        0.241383746,
        0.3537655
      ],
      [
        -0.06512913,
        0.8938785,
        -0.44355315
      ],
      [
        -0.423289865,
        0.3777765,
        0.8234747
      ]
    ],
    "translation": [
      1.59000325,
      0.8348888,
      -0.8515709
    ]
  },
  {
    "timeStamp": 61516,
    "rotation": [
      [
        0.833833754,
        0.3014285,
        0.4624522
      ],
      [
        -0.09986984,
        0.9063026,
        -0.410659939
      ],
      [
        -0.5429062,
        0.296237081,
        0.785809338
      ]
    ],
    "translation": [
      1.63129461,
      0.8518823,
      -0.841816
    ]
  },
  {
    "timeStamp": 61561,
    "rotation": [
      [
        0.7639805,
        0.3409463,
        0.5478042
      ],
      [
        -0.137323663,
        0.915459037,
        -0.378255159
      ],
      [
        -0.630457,
        0.213753089,
        0.74621284
      ]
    ],
    "translation": [
      1.664767,
      0.865859449,
      -0.832657
    ]
  },
  {
    "timeStamp": 61616,
    "rotation": [
      [
        0.6642212,
        0.3869039,
        0.639621437
      ],
      [
        -0.188377053,
        0.914658546,
        -0.357650518
      ],
      [
        -0.7234116,
        0.117069066,
        0.6804194
      ]
    ],
    "translation": [
      1.70662773,
      0.881613851,
      -0.821936131
    ]
  },
  {
    "timeStamp": 61660,
    "rotation": [
      [
        0.580431044,
        0.4077985,
        0.704840541
      ],
      [
        -0.228834867,
        0.912372947,
        -0.339426339
      ],
      [
        -0.781495,
        0.03572149,
        0.6228881
      ]
    ],
    "translation": [
      1.74074864,
      0.8928302,
      -0.81448853
    ]
  },
  {
    "timeStamp": 61716,
    "rotation": [
      [
        0.491847336,
        0.4130688,
        0.766459644
      ],
      [
        -0.2789063,
        0.9086586,
        -0.310726345
      ],
      [
        -0.8248015,
        -0.06094048,
        0.5621288
      ]
    ],
    "translation": [
      1.78155375,
      0.904961,
      -0.807443559
    ]
  },
  {
    "timeStamp": 61761,
    "rotation": [
      [
        0.421900958,
        0.416811049,
        0.805151
      ],
      [
        -0.316372246,
        0.8999189,
        -0.3000908
      ],
      [
        -0.849651754,
        -0.128118828,
        0.5115441
      ]
    ],
    "translation": [
      1.81313646,
      0.913948357,
      -0.802754462
    ]
  },
  {
    "timeStamp": 61816,
    "rotation": [
      [
        0.340132177,
        0.4251046,
        0.8388064
      ],
      [
        -0.35143584,
        0.8848201,
        -0.305918574
      ],
      [
        -0.8722402,
        -0.19073391,
        0.450352758
      ]
    ],
    "translation": [
      1.8511765,
      0.922574639,
      -0.79850626
    ]
  },
  {
    "timeStamp": 61860,
    "rotation": [
      [
        0.298657954,
        0.416675359,
        0.858594835
      ],
      [
        -0.379190415,
        0.8774027,
        -0.2939033
      ],
      [
        -0.875795662,
        -0.237794355,
        0.420042574
      ]
    ],
    "translation": [
      1.87966859,
      0.928647757,
      -0.7955976
    ]
  },
  {
    "timeStamp": 61916,
    "rotation": [
      [
        0.2558254,
        0.413777828,
        0.873694062
      ],
      [
        -0.414611042,
        0.863390744,
        -0.2874964
      ],
      [
        -0.873298943,
        -0.288694322,
        0.39243412
      ]
    ],
    "translation": [
      1.91194618,
      0.9356638,
      -0.7929814
    ]
  },
  {
    "timeStamp": 61961,
    "rotation": [
      [
        0.238040164,
        0.410117477,
        0.8804206
      ],
      [
        -0.437504768,
        0.854579568,
        -0.279791623
      ],
      [
        -0.8671369,
        -0.318586558,
        0.3828526
      ]
    ],
    "translation": [
      1.93636382,
      0.9406731,
      -0.790740252
    ]
  },
  {
    "timeStamp": 62016,
    "rotation": [
      [
        0.204374045,
        0.394503057,
        0.8958787
      ],
      [
        -0.469328672,
        0.8426381,
        -0.2639919
      ],
      [
        -0.859047055,
        -0.366508424,
        0.357364953
      ]
    ],
    "translation": [
      1.9689889,
      0.9472421,
      -0.7869856
    ]
  },
  {
    "timeStamp": 62060,
    "rotation": [
      [
        0.1934746,
        0.379318774,
        0.904812038
      ],
      [
        -0.4913631,
        0.8357035,
        -0.245279372
      ],
      [
        -0.849193633,
        -0.3971359,
        0.348070651
      ]
    ],
    "translation": [
      1.99504077,
      0.9518456,
      -0.783798337
    ]
  },
  {
    "timeStamp": 62114,
    "rotation": [
      [
        0.196493089,
        0.344432056,
        0.918018
      ],
      [
        -0.5074133,
        0.8368699,
        -0.205378979
      ],
      [
        -0.8390007,
        -0.425459,
        0.339208543
      ]
    ],
    "translation": [
      2.02131152,
      0.953752041,
      -0.7804669
    ]
  },
  {
    "timeStamp": 62159,
    "rotation": [
      [
        0.157303527,
        0.318514556,
        0.9347749
      ],
      [
        -0.526130855,
        0.828069,
        -0.193618581
      ],
      [
        -0.8357284,
        -0.461357,
        0.2978385
      ]
    ],
    "translation": [
      2.05684853,
      0.9536556,
      -0.7760588
    ]
  },
  {
    "timeStamp": 62211,
    "rotation": [
      [
        0.124785118,
        0.284576118,
        0.95049727
      ],
      [
        -0.5276635,
        0.8303107,
        -0.179318815
      ],
      [
        -0.840238,
        -0.479166448,
        0.253770858
      ]
    ],
    "translation": [
      2.09210134,
      0.9494993,
      -0.772503257
    ]
  },
  {
    "timeStamp": 62266,
    "rotation": [
      [
        0.109905884,
        0.2500656,
        0.9619708
      ],
      [
        -0.545627654,
        0.8241462,
        -0.151899531
      ],
      [
        -0.830789447,
        -0.508183241,
        0.227021217
      ]
    ],
    "translation": [
      2.12331581,
      0.945502341,
      -0.7694885
    ]
  },
  {
    "timeStamp": 62311,
    "rotation": [
      [
        0.09104876,
        0.237256527,
        0.967170835
      ],
      [
        -0.5669445,
        0.8107997,
        -0.145525426
      ],
      [
        -0.8187087,
        -0.5350823,
        0.2083336
      ]
    ],
    "translation": [
      2.14662838,
      0.9407635,
      -0.7673548
    ]
  },
  {
    "timeStamp": 62366,
    "rotation": [
      [
        0.111756459,
        0.206298009,
        0.9720862
      ],
      [
        -0.6073857,
        0.788402557,
        -0.09748787
      ],
      [
        -0.786506832,
        -0.5795364,
        0.213411555
      ]
    ],
    "translation": [
      2.168483,
      0.9337481,
      -0.766427338
    ]
  },
  {
    "timeStamp": 62410,
    "rotation": [
      [
        0.108123124,
        0.17916356,
        0.977859855
      ],
      [
        -0.672847867,
        0.737287343,
        -0.0606882572
      ],
      [
        -0.7318368,
        -0.6513891,
        0.200267643
      ]
    ],
    "translation": [
      2.18276453,
      0.934786439,
      -0.766328931
    ]
  },
  {
    "timeStamp": 62466,
    "rotation": [
      [
        0.118632443,
        0.143602371,
        0.982499242
      ],
      [
        -0.721840143,
        0.6919188,
        -0.013972044
      ],
      [
        -0.6818161,
        -0.7075498,
        0.185741976
      ]
    ],
    "translation": [
      2.196015,
      0.933023453,
      -0.766509831
    ]
  },
  {
    "timeStamp": 62510,
    "rotation": [
      [
        0.12839891,
        0.115233757,
        0.9850051
      ],
      [
        -0.745136738,
        0.666636944,
        0.0191427134
      ],
      [
        -0.65443486,
        -0.736421347,
        0.17146036
      ]
    ],
    "translation": [
      2.204115,
      0.929205656,
      -0.765369236
    ]
  },
  {
    "timeStamp": 62566,
    "rotation": [
      [
        0.103068873,
        0.0957043245,
        0.9900593
      ],
      [
        -0.7672459,
        0.6411032,
        0.0179007668
      ],
      [
        -0.633017063,
        -0.76146394,
        0.139506534
      ]
    ],
    "translation": [
      2.214444,
      0.9221846,
      -0.761202455
    ]
  },
  {
    "timeStamp": 62611,
    "rotation": [
      [
        0.10229858,
        0.0623030551,
        0.9928008
      ],
      [
        -0.772794545,
        0.633402,
        0.03988001
      ],
      [
        -0.6263574,
        -0.7713107,
        0.11294359
      ]
    ],
    "translation": [
      2.22144032,
      0.9152504,
      -0.7573961
    ]
  },
  {
    "timeStamp": 62669,
    "rotation": [
      [
        0.103481255,
        0.00731039559,
        0.9946045
      ],
      [
        -0.774476647,
        0.6280251,
        0.07596256
      ],
      [
        -0.6240813,
        -0.7781587,
        0.0706505552
      ]
    ],
    "translation": [
      2.228523,
      0.90706867,
      -0.753988
    ]
  },
  {
    "timeStamp": 62714,
    "rotation": [
      [
        0.08939595,
        -0.0275089312,
        0.995616138
      ],
      [
        -0.779173255,
        0.6207257,
        0.08711232
      ],
      [
        -0.6204009,
        -0.783545,
        0.0340561345
      ]
    ],
    "translation": [
      2.23329782,
      0.902243853,
      -0.752024
    ]
  },
  {
    "timeStamp": 62759,
    "rotation": [
      [
        0.08565761,
        -0.0531012677,
        0.9949085
      ],
      [
        -0.7820031,
        0.6151739,
        0.100160994
      ],
      [
        -0.6173605,
        -0.7866011,
        0.0111689707
      ]
    ],
    "translation": [
      2.23619366,
      0.8974145,
      -0.7506256
    ]
  },
  {
    "timeStamp": 62815,
    "rotation": [
      [
        0.0575814471,
        -0.08253537,
        0.9949233
      ],
      [
        -0.786728859,
        0.6097699,
        0.09611653
      ],
      [
        -0.6146072,
        -0.7882694,
        -0.0298215318
      ]
    ],
    "translation": [
      2.240424,
      0.8918208,
      -0.749153852
    ]
  },
  {
    "timeStamp": 62860,
    "rotation": [
      [
        0.0425783955,
        -0.109651633,
        0.993057668
      ],
      [
        -0.79131335,
        0.603091,
        0.100520611
      ],
      [
        -0.6099264,
        -0.7900998,
        -0.0610901527
      ]
    ],
    "translation": [
      2.24280787,
      0.8874892,
      -0.747398734
    ]
  },
  {
    "timeStamp": 62916,
    "rotation": [
      [
        0.0153134074,
        -0.1278187,
        0.9916793
      ],
      [
        -0.7939963,
        0.6012599,
        0.0897579
      ],
      [
        -0.607729733,
        -0.7887642,
        -0.09228024
      ]
    ],
    "translation": [
      2.246576,
      0.8828373,
      -0.7452991
    ]
  },
  {
    "timeStamp": 62960,
    "rotation": [
      [
        -0.000601027859,
        -0.140105188,
        0.990136445
      ],
      [
        -0.7966974,
        0.5984842,
        0.08420243
      ],
      [
        -0.6043782,
        -0.7887885,
        -0.111981131
      ]
    ],
    "translation": [
      2.24799562,
      0.87972635,
      -0.743884444
    ]
  },
  {
    "timeStamp": 63015,
    "rotation": [
      [
        -0.0147744818,
        -0.150765643,
        0.9884591
      ],
      [
        -0.7952103,
        0.6010607,
        0.07979134
      ],
      [
        -0.6061537,
        -0.784854,
        -0.128770754
      ]
    ],
    "translation": [
      2.24850583,
      0.873894751,
      -0.7432575
    ]
  },
  {
    "timeStamp": 63060,
    "rotation": [
      [
        -0.0281963572,
        -0.154428408,
        0.9876016
      ],
      [
        -0.7920996,
        0.606111467,
        0.07216119
      ],
      [
        -0.6097403,
        -0.780244052,
        -0.13941282
      ]
    ],
    "translation": [
      2.24848056,
      0.867826343,
      -0.74370116
    ]
  },
  {
    "timeStamp": 63115,
    "rotation": [
      [
        -0.0341675133,
        -0.1625705,
        0.9861052
      ],
      [
        -0.7861051,
        0.613655567,
        0.0739302859
      ],
      [
        -0.617147744,
        -0.772656262,
        -0.1487646
      ]
    ],
    "translation": [
      2.24758053,
      0.8594844,
      -0.745325
    ]
  },
  {
    "timeStamp": 63160,
    "rotation": [
      [
        -0.02977163,
        -0.172003269,
        0.9846463
      ],
      [
        -0.7811903,
        0.618557036,
        0.08443288
      ],
      [
        -0.623582661,
        -0.7666825,
        -0.152782738
      ]
    ],
    "translation": [
      2.24719,
      0.8544085,
      -0.745381534
    ]
  },
  {
    "timeStamp": 63215,
    "rotation": [
      [
        -0.03135465,
        -0.181488872,
        0.98289305
      ],
      [
        -0.7783828,
        0.6213206,
        0.0898946747
      ],
      [
        -0.627006531,
        -0.762248337,
        -0.1607491
      ]
    ],
    "translation": [
      2.24647856,
      0.8500196,
      -0.748408556
    ]
  },
  {
    "timeStamp": 63260,
    "rotation": [
      [
        -0.0327373,
        -0.183121085,
        0.982545137
      ],
      [
        -0.776913047,
        0.623106658,
        0.09024515
      ],
      [
        -0.628756166,
        -0.7603978,
        -0.162668
      ]
    ],
    "translation": [
      2.24647,
      0.848455131,
      -0.749521732
    ]
  }
]