[
  {
    "timeStamp": 45993,
    "rotation": [
      [
        -0.0512348264,
        0.998664,
        0.00672651874
      ],
      [
        0.004144521,
        -0.00652268855,
        0.999970138
      ],
      [
        0.998678,
        0.0512611754,
        -0.003804795
      ]
    ],
    "translation": [
      1.1545701,
      0.7010407,
      -0.7526976
    ]
  },
  {
    "timeStamp": 46034,
    "rotation": [
      [
        -0.0653779656,
        0.996227,
        0.0570736341
      ],
      [
        0.05647156,
        -0.05341048,
        0.9969746
      ],
      [
        0.996261358,
        0.0684031844,
        -0.05276663
      ]
    ],
    "translation": [
      1.15238619,
      0.706536233,
      -0.750228
    ]
  },
  {
    "timeStamp": 46088,
    "rotation": [
      [
        -0.0246650428,
        0.991255164,
        0.129633382
      ],
      [
        0.08158358,
        -0.127244428,
        0.9885105
      ],
      [
        0.996361256,
        0.0349576026,
        -0.07773166
      ]
    ],
    "translation": [
      1.14659643,
      0.731414437,
      -0.7462836
    ]
  },
  {
    "timeStamp": 46135,
    "rotation": [
      [
        0.04349258,
        0.969976544,
        0.239277929
      ],
      [
        0.10711313,
        -0.242651343,
        0.9641821
      ],
      [
        0.993295133,
        -0.016304953,
        -0.114450753
      ]
    ],
    "translation": [
      1.14262617,
      0.766845644,
      -0.7387806
    ]
  },
  {
    "timeStamp": 46188,
    "rotation": [
      [
        0.07856282,
        0.9426501,
        0.324405283
      ],
      [
        0.07641948,
        -0.3301481,
        0.940830648
      ],
      [
        0.9939758,
        -0.0491234325,
        -0.0979741961
      ]
    ],
    "translation": [
      1.15337038,
      0.805347145,
      -0.741170347
    ]
  },
  {
    "timeStamp": 46244,
    "rotation": [
      [
        0.0671408549,
        0.9426648,
        0.326917619
      ],
      [
        -0.006404873,
        -0.32724303,
        0.9449185
      ],
      [
        0.9977229,
        -0.0655365,
        -0.0159337278
      ]
    ],
    "translation": [
      1.18174064,
      0.825758338,
      -0.756354034
    ]
  },
  {
    "timeStamp": 46288,
    "rotation": [
      [
        0.031631507,
        0.963294566,
        0.266576678
      ],
      [
        -0.089023456,
        -0.2629348,
        0.9606977
      ],
      [
        0.995527148,
        -0.0541199036,
        0.07743878
      ]
    ],
    "translation": [
      1.21474171,
      0.8283606,
      -0.7734504
    ]
  },
  {
    "timeStamp": 46344,
    "rotation": [
      [
        0.03336618,
        0.964320064,
        0.262627929
      ],
      [
        -0.05475863,
        -0.2606157,
        0.963888466
      ],
      [
        0.997942,
        -0.0465424173,
        0.0441091
      ]
    ],
    "translation": [
      1.25930774,
      0.8344006,
      -0.777623236
    ]
  },
  {
    "timeStamp": 46388,
    "rotation": [
      [
        0.100853041,
        0.9593976,
        0.263410121
      ],
      [
        -0.0683275238,
        -0.257455736,
        0.9638713
      ],
      [
        0.9925523,
        -0.115207516,
        0.03958807
      ]
    ],
    "translation": [
      1.29851115,
      0.8414691,
      -0.7729945
    ]
  },
  {
    "timeStamp": 46444,
    "rotation": [
      [
        0.236534551,
        0.932128,
        0.274205863
      ],
      [
        -0.07161438,
        -0.2647213,
        0.9616621
      ],
      [
        0.9689803,
        -0.2471034,
        0.004138033
      ]
    ],
    "translation": [
      1.35292172,
      0.8495993,
      -0.76017946
    ]
  },
  {
    "timeStamp": 46489,
    "rotation": [
      [
        0.340278327,
        0.897554457,
        0.280368716
      ],
      [
        -0.06090042,
        -0.276499778,
        0.959082365
      ],
      [
        0.938350558,
        -0.3434295,
        -0.0394254327
      ]
    ],
    "translation": [
      1.40157008,
      0.8576851,
      -0.750060439
    ]
  },
  {
    "timeStamp": 46535,
    "rotation": [
      [
        0.4472611,
        0.8457447,
        0.2909867
      ],
      [
        -0.06327246,
        -0.294607431,
        0.9535214
      ],
      [
        0.892162561,
        -0.444884479,
        -0.0782540962
      ]
    ],
    "translation": [
      1.44922137,
      0.8685881,
      -0.7397683
    ]
  },
  {
    "timeStamp": 46592,
    "rotation": [
      [
        0.5941944,
        0.751003861,
        0.2879691
      ],
      [
        -0.0436141975,
        -0.32741636,
        0.943873048
      ],
      [
        0.8031381,
        -0.5734036,
        -0.161794543
      ]
    ],
    "translation": [
      1.51812422,
      0.8850484,
      -0.726023555
    ]
  },
  {
    "timeStamp": 46637,
    "rotation": [
      [
        0.701051831,
        0.654968262,
        0.2820335
      ],
      [
        -0.0287328921,
        -0.369232565,
        0.928892732
      ],
      [
        0.7125312,
        -0.6593056,
        -0.240032032
      ]
    ],
    "translation": [
      1.57699382,
      0.9013613,
      -0.7148394
    ]
  },
  {
    "timeStamp": 46693,
    "rotation": [
      [
        0.8423117,
        0.493989617,
        0.215604708
      ],
      [
        0.027753111,
        -0.439235121,
        0.8979434
      ],
      [
        0.538275838,
        -0.7503645,
        -0.3836826
      ]
    ],
    "translation": [
      1.6637212,
      0.925472736,
      -0.6990428
    ]
  },
  {
    "timeStamp": 46738,
    "rotation": [
      [
        0.92243284,
        0.359870285,
        0.140039638
      ],
      [
        0.0561905243,
        -0.483876735,
        0.873330355
      ],
      [
        0.382047564,
        -0.7977197,
        -0.466565073
      ]
    ],
    "translation": [
      1.73834741,
      0.943196654,
      -0.6929303
    ]
  },
  {
    "timeStamp": 46793,
    "rotation": [
      [
        0.978265643,
        0.2067989,
        0.0151864514
      ],
      [
        0.09936492,
        -0.5318081,
        0.841015339
      ],
      [
        0.181997329,
        -0.821227431,
        -0.540798068
      ]
    ],
    "translation": [
      1.83414721,
      0.961875558,
      -0.6953778
    ]
  },
  {
    "timeStamp": 46838,
    "rotation": [
      [
        0.9901554,
        0.103304796,
        -0.09444785
      ],
      [
        0.136370018,
        -0.5598647,
        0.817284942
      ],
      [
        0.0315514244,
        -0.822119,
        -0.568440735
      ]
    ],
    "translation": [
      1.90923274,
      0.972572148,
      -0.704016864
    ]
  },
  {
    "timeStamp": 46893,
    "rotation": [
      [
        0.971978247,
        0.00177123153,
        -0.235064358
      ],
      [
        0.190126032,
        -0.5939871,
        0.781685
      ],
      [
        -0.13824065,
        -0.8044726,
        -0.5776793
      ]
    ],
    "translation": [
      1.99414957,
      0.981421947,
      -0.720571458
    ]
  },
  {
    "timeStamp": 46937,
    "rotation": [
      [
        0.9535785,
        -0.0599755831,
        -0.295111835
      ],
      [
        0.206543431,
        -0.5828995,
        0.785854936
      ],
      [
        -0.219152659,
        -0.810327768,
        -0.543452859
      ]
    ],
    "translation": [
      2.05105543,
      0.9764773,
      -0.73634994
    ]
  },
  {
    "timeStamp": 46993,
    "rotation": [
      [
        0.942733347,
        -0.13039273,
        -0.307004
      ],
      [
        0.211269915,
        -0.478807569,
        0.8521199
      ],
      [
        -0.258106083,
        -0.8681826,
        -0.4238398
      ]
    ],
    "translation": [
      2.102446,
      0.9455989,
      -0.75408
    ]
  },
  {
    "timeStamp": 47037,
    "rotation": [
      [
        0.933047831,
        -0.159587383,
        -0.3224183
      ],
      [
        0.23527424,
        -0.4073075,
        0.8824662
      ],
      [
        -0.272153884,
        -0.8992399,
        -0.342490584
      ]
    ],
    "translation": [
      2.131463,
      0.9209325,
      -0.764769554
    ]
  },
  {
    "timeStamp": 47086,
    "rotation": [
      [
        0.940388739,
        -0.158630222,
        -0.300841153
      ],
      [
        0.235786691,
        -0.333388031,
        0.912829161
      ],
      [
        -0.245099112,
        -0.9293486,
        -0.276111484
      ]
    ],
    "translation": [
      2.14754629,
      0.8964689,
      -0.771688938
    ]
  },
  {
    "timeStamp": 47143,
    "rotation": [
      [
        0.9359047,
        -0.147902682,
        -0.319698542
      ],
      [
        0.2790881,
        -0.242408574,
        0.9291652
      ],
      [
        -0.214923665,
        -0.9588341,
        -0.185593441
      ]
    ],
    "translation": [
      2.167029,
      0.863736868,
      -0.777663767
    ]
  },
  {
    "timeStamp": 47188,
    "rotation": [
      [
        0.9450856,
        -0.1491913,
        -0.290783763
      ],
      [
        0.2559552,
        -0.215376481,
        0.942390561
      ],
      [
        -0.203224435,
        -0.9650673,
        -0.165362924
      ]
    ],
    "translation": [
      2.171864,
      0.8472098,
      -0.777091563
    ]
  },
  {
    "timeStamp": 47243,
    "rotation": [
      [
        0.9291891,
        -0.139075056,
        -0.342440873
      ],
      [
        0.320650131,
        -0.1574732,
        0.93401587
      ],
      [
        -0.183823586,
        -0.9776811,
        -0.101727948
      ]
    ],
    "translation": [
      2.18442082,
      0.8281919,
      -0.779485
    ]
  }
]