[
  {
    "timeStamp": 32444,
    "rotation": [
      [
        0.932133138,
        -0.331119537,
        0.146587044
      ],
      [
        -0.146745116,
        0.0246710312,
        0.9888666
      ],
      [
        -0.331049532,
        -0.9432663,
        -0.0255934913
      ]
    ],
    "translation": [
      1.76671255,
      0.706080139,
      -0.3654176
    ]
  },
  {
    "timeStamp": 32489,
    "rotation": [
      [
        0.9412971,
        -0.309121817,
        0.13565895
      ],
      [
        -0.144897908,
        -0.00701367948,
        0.9894217
      ],
      [
        -0.304900378,
        -0.9509966,
        -0.0513930619
      ]
    ],
    "translation": [
      1.7692672,
      0.711353,
      -0.370531261
    ]
  },
  {
    "timeStamp": 32544,
    "rotation": [
      [
        0.9464809,
        -0.27403602,
        0.170523241
      ],
      [
        -0.191158712,
        -0.0502447,
        0.9802723
      ],
      [
        -0.260062,
        -0.960406,
        -0.09994002
      ]
    ],
    "translation": [
      1.76479387,
      0.7362191,
      -0.381981164
    ]
  },
  {
    "timeStamp": 32591,
    "rotation": [
      [
        0.9437474,
        -0.246161133,
        0.22078371
      ],
      [
        -0.254227638,
        -0.113196418,
        0.9604972
      ],
      [
        -0.211445153,
        -0.962596059,
        -0.1694098
      ]
    ],
    "translation": [
      1.76191616,
      0.771295547,
      -0.401191
    ]
  },
  {
    "timeStamp": 32644,
    "rotation": [
      [
        0.937244356,
        -0.211729765,
        0.2770262
      ],
      [
        -0.318677247,
        -0.197776154,
        0.9270002
      ],
      [
        -0.141484365,
        -0.957107663,
        -0.252838045
      ]
    ],
    "translation": [
      1.76020133,
      0.823906064,
      -0.436325073
    ]
  },
  {
    "timeStamp": 32688,
    "rotation": [
      [
        0.9253636,
        -0.195243746,
        0.324934155
      ],
      [
        -0.368271321,
        -0.25977847,
        0.892687738
      ],
      [
        -0.0898807943,
        -0.9457246,
        -0.3122922
      ]
    ],
    "translation": [
      1.76668465,
      0.866666257,
      -0.474898279
    ]
  },
  {
    "timeStamp": 32744,
    "rotation": [
      [
        0.928332865,
        -0.16058141,
        0.335278541
      ],
      [
        -0.370663732,
        -0.3309338,
        0.8678083
      ],
      [
        -0.02839887,
        -0.9298906,
        -0.366738439
      ]
    ],
    "translation": [
      1.78455508,
      0.9130321,
      -0.5251847
    ]
  },
  {
    "timeStamp": 32788,
    "rotation": [
      [
        0.935843349,
        -0.145358577,
        0.321042359
      ],
      [
        -0.352396,
        -0.395777524,
        0.8480432
      ],
      [
        0.00379096437,
        -0.906769633,
        -0.421609521
      ]
    ],
    "translation": [
      1.80927515,
      0.9443516,
      -0.562608242
    ]
  },
  {
    "timeStamp": 32844,
    "rotation": [
      [
        0.9441463,
        -0.2021446,
        0.260241151
      ],
      [
        -0.324852347,
        -0.438412368,
        0.8380129
      ],
      [
        -0.05530684,
        -0.875746667,
        -0.479592532
      ]
    ],
    "translation": [
      1.86599386,
      0.9723058,
      -0.602729559
    ]
  },
  {
    "timeStamp": 32889,
    "rotation": [
      [
        0.9471346,
        -0.243360311,
        0.2090732
      ],
      [
        -0.300987124,
        -0.448323548,
        0.84167254
      ],
      [
        -0.111097224,
        -0.8601056,
        -0.497871131
      ]
    ],
    "translation": [
      1.91504526,
      0.9834178,
      -0.6317581
    ]
  },
  {
    "timeStamp": 32944,
    "rotation": [
      [
        0.9496192,
        -0.283588618,
        0.1334202
      ],
      [
        -0.2583496,
        -0.467322528,
        0.845497
      ],
      [
        -0.177423075,
        -0.837369263,
        -0.5170434
      ]
    ],
    "translation": [
      1.97785163,
      0.993084133,
      -0.6631663
    ]
  },
  {
    "timeStamp": 32989,
    "rotation": [
      [
        0.9527323,
        -0.2858212,
        0.102992132
      ],
      [
        -0.233682618,
        -0.472785264,
        0.849627256
      ],
      [
        -0.194148317,
        -0.833534837,
        -0.517229259
      ]
    ],
    "translation": [
      2.01915288,
      0.9967669,
      -0.6850531
    ]
  },
  {
    "timeStamp": 33044,
    "rotation": [
      [
        0.973827362,
        -0.218679965,
        0.06196302
      ],
      [
        -0.16272071,
        -0.480437458,
        0.8618015
      ],
      [
        -0.158689365,
        -0.8493285,
        -0.5034469
      ]
    ],
    "translation": [
      2.056446,
      0.9928335,
      -0.706771
    ]
  },
  {
    "timeStamp": 33096,
    "rotation": [
      [
        0.98753804,
        -0.142173156,
        0.0674933
      ],
      [
        -0.122870281,
        -0.428512424,
        0.895142436
      ],
      [
        -0.09834351,
        -0.892280161,
        -0.440641165
      ]
    ],
    "translation": [
      2.074086,
      0.9743225,
      -0.7193602
    ]
  },
  {
    "timeStamp": 33139,
    "rotation": [
      [
        0.995848954,
        -0.0429402627,
        0.08025514
      ],
      [
        -0.09047677,
        -0.370756149,
        0.924312651
      ],
      [
        -0.009935149,
        -0.927737057,
        -0.373102218
      ]
    ],
    "translation": [
      2.088969,
      0.9507444,
      -0.730776
    ]
  },
  {
    "timeStamp": 33194,
    "rotation": [
      [
        0.9924837,
        0.08117828,
        0.09157665
      ],
      [
        -0.06407599,
        -0.292827278,
        0.954016
      ],
      [
        0.10426151,
        -0.952713132,
        -0.2854247
      ]
    ],
    "translation": [
      2.08991051,
      0.9222449,
      -0.738059163
    ]
  },
  {
    "timeStamp": 33239,
    "rotation": [
      [
        0.979706,
        0.149393559,
        0.133632541
      ],
      [
        -0.08861168,
        -0.275195777,
        0.9572958
      ],
      [
        0.179788947,
        -0.949709833,
        -0.256372958
      ]
    ],
    "translation": [
      2.08914924,
      0.9090843,
      -0.73908
    ]
  },
  {
    "timeStamp": 33294,
    "rotation": [
      [
        0.9687592,
        0.209711254,
        0.132388875
      ],
      [
        -0.07624963,
        -0.256101638,
        0.9636379
      ],
      [
        0.235990688,
        -0.943627656,
        -0.232110426
      ]
    ],
    "translation": [
      2.091609,
      0.889987767,
      -0.7373174
    ]
  },
  {
    "timeStamp": 33339,
    "rotation": [
      [
        0.9522135,
        0.2779762,
        0.126564711
      ],
      [
        -0.06880457,
        -0.208505675,
        0.9755979
      ],
      [
        0.297582477,
        -0.9376858,
        -0.1794159
      ]
    ],
    "translation": [
      2.09083319,
      0.8692234,
      -0.73771
    ]
  },
  {
    "timeStamp": 33394,
    "rotation": [
      [
        0.944540262,
        0.286686063,
        0.160171047
      ],
      [
        -0.112436719,
        -0.17594032,
        0.97795856
      ],
      [
        0.308547676,
        -0.9417304,
        -0.133948669
      ]
    ],
    "translation": [
      2.09378028,
      0.8475985,
      -0.733590961
    ]
  },
  {
    "timeStamp": 33438,
    "rotation": [
      [
        0.9313646,
        0.3198305,
        0.173977822
      ],
      [
        -0.128350765,
        -0.158748478,
        0.9789407
      ],
      [
        0.340713859,
        -0.934080958,
        -0.106802218
      ]
    ],
    "translation": [
      2.09219265,
      0.833465159,
      -0.7323052
    ]
  },
  {
    "timeStamp": 33494,
    "rotation": [
      [
        0.9218293,
        0.311849922,
        0.230174869
      ],
      [
        -0.199423984,
        -0.127612,
        0.971568465
      ],
      [
        0.3323566,
        -0.941522658,
        -0.0554461256
      ]
    ],
    "translation": [
      2.08869553,
      0.8176203,
      -0.729325533
    ]
  },
  {
    "timeStamp": 33539,
    "rotation": [
      [
        0.911593139,
        0.283585459,
        0.2976194
      ],
      [
        -0.273651749,
        -0.121658936,
        0.9541037
      ],
      [
        0.306777984,
        -0.9511984,
        -0.0332998
      ]
    ],
    "translation": [
      2.08686185,
      0.8112627,
      -0.72498405
    ]
  },
  {
    "timeStamp": 33595,
    "rotation": [
      [
        0.8851892,
        0.271798521,
        0.3775786
      ],
      [
        -0.363313645,
        -0.103078038,
        0.9259471
      ],
      [
        0.290591121,
        -0.956817865,
        0.007504554
      ]
    ],
    "translation": [
      2.08033943,
      0.8034152,
      -0.7232337
    ]
  },
  {
    "timeStamp": 33641,
    "rotation": [
      [
        0.861052752,
        0.239860654,
        0.448391557
      ],
      [
        -0.440447,
        -0.08892156,
        0.8933641
      ],
      [
        0.2541546,
        -0.966726363,
        0.029079752
      ]
    ],
    "translation": [
      2.07784057,
      0.797680557,
      -0.7202206
    ]
  },
  {
    "timeStamp": 33687,
    "rotation": [
      [
        0.8228512,
        0.195373982,
        0.5336149
      ],
      [
        -0.5308129,
        -0.07096396,
        0.8445127
      ],
      [
        0.202863246,
        -0.978158,
        0.0453142561
      ]
    ],
    "translation": [
      2.07628345,
      0.7944497,
      -0.7162925
    ]
  }
]