[
  {
    "timeStamp": 55733,
    "rotation": [
      [
        0.998293161,
        -0.0516128726,
        -0.0273293611
      ],
      [
        0.05482703,
        0.989448369,
        0.134111241
      ],
      [
        0.0201191269,
        -0.135380715,
        0.9905894
      ]
    ],
    "translation": [
      1.300806,
      0.8463587,
      -0.770956755
    ]
  },
  {
    "timeStamp": 55780,
    "rotation": [
      [
        0.9992803,
        -0.0378939323,
        0.00172627333
      ],
      [
        0.03741341,
        0.992073536,
        0.119959511
      ],
      [
        -0.00625832751,
        -0.119808584,
        0.9927773
      ]
    ],
    "translation": [
      1.3003639,
      0.847228765,
      -0.768949032
    ]
  },
  {
    "timeStamp": 55833,
    "rotation": [
      [
        0.999460459,
        -0.0150338057,
        0.029202966
      ],
      [
        0.011935222,
        0.9945554,
        0.103522763
      ],
      [
        -0.0306003112,
        -0.10311836,
        0.994198263
      ]
    ],
    "translation": [
      1.30650568,
      0.8576825,
      -0.7679101
    ]
  },
  {
    "timeStamp": 55877,
    "rotation": [
      [
        0.9958899,
        0.0300258771,
        0.0854501948
      ],
      [
        -0.03858279,
        0.994206965,
        0.100318976
      ],
      [
        -0.08194302,
        -0.103203565,
        0.9912791
      ]
    ],
    "translation": [
      1.31765258,
      0.8757634,
      -0.76362133
    ]
  },
  {
    "timeStamp": 55933,
    "rotation": [
      [
        0.9837745,
        0.08589309,
        0.1575124
      ],
      [
        -0.102744795,
        0.9894481,
        0.102156751
      ],
      [
        -0.147075772,
        -0.116682783,
        0.9822188
      ]
    ],
    "translation": [
      1.34020579,
      0.9026126,
      -0.758260131
    ]
  },
  {
    "timeStamp": 55978,
    "rotation": [
      [
        0.9662186,
        0.113576241,
        0.231348529
      ],
      [
        -0.141562209,
        0.984003842,
        0.108151026
      ],
      [
        -0.215364456,
        -0.137247741,
        0.966840863
      ]
    ],
    "translation": [
      1.36494756,
      0.9232774,
      -0.752246141
    ]
  },
  {
    "timeStamp": 56033,
    "rotation": [
      [
        0.93676585,
        0.136209458,
        0.3223612
      ],
      [
        -0.177160338,
        0.9789683,
        0.101169124
      ],
      [
        -0.3018012,
        -0.1518814,
        0.941195
      ]
    ],
    "translation": [
      1.40395844,
      0.946700931,
      -0.742483
    ]
  },
  {
    "timeStamp": 56077,
    "rotation": [
      [
        0.903687537,
        0.142128959,
        0.403916031
      ],
      [
        -0.210921571,
        0.9686796,
        0.131041512
      ],
      [
        -0.372640431,
        -0.203615189,
        0.9053618
      ]
    ],
    "translation": [
      1.44072962,
      0.96539706,
      -0.7357522
    ]
  },
  {
    "timeStamp": 56133,
    "rotation": [
      [
        0.8483371,
        0.118593641,
        0.5160035
      ],
      [
        -0.231599525,
        0.9595243,
        0.160233423
      ],
      [
        -0.4761152,
        -0.255438119,
        0.841466367
      ]
    ],
    "translation": [
      1.49529874,
      0.9863956,
      -0.7235485
    ]
  },
  {
    "timeStamp": 56178,
    "rotation": [
      [
        0.780287147,
        0.08592718,
        0.619490445
      ],
      [
        -0.257685721,
        0.946704566,
        0.19325754
      ],
      [
        -0.5698684,
        -0.310430229,
        0.760843635
      ]
    ],
    "translation": [
      1.54516733,
      1.00327384,
      -0.7137587
    ]
  },
  {
    "timeStamp": 56233,
    "rotation": [
      [
        0.6791433,
        0.0186109412,
        0.733769655
      ],
      [
        -0.27901572,
        0.9311825,
        0.234626055
      ],
      [
        -0.678906858,
        -0.364078,
        0.6375991
      ]
    ],
    "translation": [
      1.6099484,
      1.0223887,
      -0.703953266
    ]
  },
  {
    "timeStamp": 56278,
    "rotation": [
      [
        0.5830062,
        -0.05107534,
        0.810860753
      ],
      [
        -0.313153148,
        0.90678376,
        0.2822735
      ],
      [
        -0.749692559,
        -0.4184908,
        0.5126661
      ]
    ],
    "translation": [
      1.66497111,
      1.03869748,
      -0.7010676
    ]
  },
  {
    "timeStamp": 56333,
    "rotation": [
      [
        0.45459336,
        -0.146988437,
        0.878486931
      ],
      [
        -0.3466398,
        0.8793371,
        0.326507449
      ],
      [
        -0.820479,
        -0.452946663,
        0.348788738
      ]
    ],
    "translation": [
      1.73819137,
      1.057643,
      -0.702420831
    ]
  },
  {
    "timeStamp": 56378,
    "rotation": [
      [
        0.354676217,
        -0.232338592,
        0.905661941
      ],
      [
        -0.367022485,
        0.85628885,
        0.3634061
      ],
      [
        -0.8599415,
        -0.4612898,
        0.2184318
      ]
    ],
    "translation": [
      1.7965225,
      1.07080436,
      -0.708002031
    ]
  },
  {
    "timeStamp": 56433,
    "rotation": [
      [
        0.217307061,
        -0.310737282,
        0.9253216
      ],
      [
        -0.395537764,
        0.8386239,
        0.374512881
      ],
      [
        -0.8923719,
        -0.4473839,
        0.05933056
      ]
    ],
    "translation": [
      1.86862159,
      1.08444488,
      -0.7202719
    ]
  },
  {
    "timeStamp": 56478,
    "rotation": [
      [
        0.129428491,
        -0.369942158,
        0.9199952
      ],
      [
        -0.39335373,
        0.8325204,
        0.390105933
      ],
      [
        -0.910231352,
        -0.412374347,
        -0.0377662666
      ]
    ],
    "translation": [
      1.92201769,
      1.0878346,
      -0.7320728
    ]
  },
  {
    "timeStamp": 56533,
    "rotation": [
      [
        0.0604407825,
        -0.428759128,
        0.9013947
      ],
      [
        -0.331031859,
        0.8433293,
        0.423336148
      ],
      [
        -0.9416819,
        -0.323977172,
        -0.09096145
      ]
    ],
    "translation": [
      1.97641993,
      1.07579315,
      -0.7432497
    ]
  },
  {
    "timeStamp": 56582,
    "rotation": [
      [
        0.00341552449,
        -0.422308832,
        0.906445563
      ],
      [
        -0.284363538,
        0.868618846,
        0.405757
      ],
      [
        -0.958710432,
        -0.259145945,
        -0.117122449
      ]
    ],
    "translation": [
      2.01339436,
      1.06214833,
      -0.749891937
    ]
  },
  {
    "timeStamp": 56628,
    "rotation": [
      [
        -0.00329532754,
        -0.420122057,
        0.907461643
      ],
      [
        -0.206244841,
        0.8882417,
        0.410475
      ],
      [
        -0.9784949,
        -0.185806632,
        -0.08957506
      ]
    ],
    "translation": [
      2.04247952,
      1.04052448,
      -0.757976949
    ]
  },
  {
    "timeStamp": 56683,
    "rotation": [
      [
        0.00279871584,
        -0.421682268,
        0.906739354
      ],
      [
        -0.18581745,
        0.8907319,
        0.4148115
      ],
      [
        -0.9825803,
        -0.169648945,
        -0.0758630261
      ]
    ],
    "translation": [
      2.05878234,
      1.02405131,
      -0.76220876
    ]
  },
  {
    "timeStamp": 56728,
    "rotation": [
      [
        0.0103008281,
        -0.384658426,
        0.9230015
      ],
      [
        -0.1628419,
        0.9100832,
        0.381092072
      ],
      [
        -0.9865984,
        -0.154228881,
        -0.0532639
      ]
    ],
    "translation": [
      2.067239,
      1.01229,
      -0.762260735
    ]
  },
  {
    "timeStamp": 56784,
    "rotation": [
      [
        0.0282733813,
        -0.402167022,
        0.9151297
      ],
      [
        -0.140011385,
        0.9048774,
        0.401987225
      ],
      [
        -0.9897462,
        -0.1394941,
        -0.0307240188
      ]
    ],
    "translation": [
      2.070543,
      0.998093545,
      -0.759064138
    ]
  },
  {
    "timeStamp": 56828,
    "rotation": [
      [
        0.03226022,
        -0.388498724,
        0.9208844
      ],
      [
        -0.161704049,
        0.907196641,
        0.388389
      ],
      [
        -0.986311853,
        -0.161440253,
        -0.03355545
      ]
    ],
    "translation": [
      2.07239652,
      0.9946046,
      -0.7566339
    ]
  }
]