[
  {
    "timeStamp": 0,
    "rotation": [
      [
        -0.988931358,
        -0.06691877,
        -0.132426485
      ],
      [
        -0.00682336,
        0.9120843,
        -0.409946054
      ],
      [
        0.1482172,
        -0.404504925,
        -0.9024453
      ]
    ],
    "translation": [
      1.69861317,
      1.55348623,
      -1.68318
    ]
  },
  {
    "timeStamp": 12,
    "rotation": [
      [
        -0.989442,
        -0.06656617,
        -0.128737971
      ],
      [
        -0.007654486,
        0.911043048,
        -0.412240237
      ],
      [
        0.144727081,
        -0.406902373,
        -0.9019337
      ]
    ],
    "translation": [
      1.69904089,
      1.55312657,
      -1.68297589
    ]
  },
  {
    "timeStamp": 65,
    "rotation": [
      [
        -0.994056761,
        -0.05845619,
        -0.091836974
      ],
      [
        -0.0133225275,
        0.902583539,
        -0.43030864
      ],
      [
        0.108044744,
        -0.4265277,
        -0.897998035
      ]
    ],
    "translation": [
      1.70423293,
      1.55158007,
      -1.68114388
    ]
  },
  {
    "timeStamp": 109,
    "rotation": [
      [
        -0.997145534,
        -0.0444936864,
        -0.0610015951
      ],
      [
        -0.0132390652,
        0.898438632,
        -0.438899547
      ],
      [
        0.07433445,
        -0.4368391,
        -0.896463037
      ]
    ],
    "translation": [
      1.70994759,
      1.55224025,
      -1.67882025
    ]
  },
  {
    "timeStamp": 165,
    "rotation": [
      [
        -0.9999158,
        -0.0126556968,
        0.00286507024
      ],
      [
        -0.0125780534,
        0.891073465,
        -0.4536848
      ],
      [
        0.0031887095,
        -0.453682631,
        -0.891157568
      ]
    ],
    "translation": [
      1.721878,
      1.5540483,
      -1.6742121
    ]
  },
  {
    "timeStamp": 209,
    "rotation": [
      [
        -0.996371269,
        0.03113781,
        0.07921347
      ],
      [
        -0.0102523295,
        0.8799952,
        -0.474871844
      ],
      [
        -0.08449395,
        -0.4739608,
        -0.876482666
      ]
    ],
    "translation": [
      1.73558474,
      1.55414057,
      -1.66834962
    ]
  },
  {
    "timeStamp": 264,
    "rotation": [
      [
        -0.9769376,
        0.115301974,
        0.1797177
      ],
      [
        0.005972031,
        0.856095254,
        -0.5167836
      ],
      [
        -0.21344164,
        -0.503792048,
        -0.8370402
      ]
    ],
    "translation": [
      1.75526381,
      1.552808,
      -1.65703714
    ]
  },
  {
    "timeStamp": 383,
    "rotation": [
      [
        -0.976113,
        0.120340981,
        0.180890739
      ],
      [
        0.00925188,
        0.854855239,
        -0.518784046
      ],
      [
        -0.217066392,
        -0.5047183,
        -0.8355487
      ]
    ],
    "translation": [
      1.755682,
      1.55244625,
      -1.65554368
    ]
  },
  {
    "timeStamp": 385,
    "rotation": [
      [
        -0.9699714,
        0.138945758,
        0.199623257
      ],
      [
        0.0131300539,
        0.849473238,
        -0.527468264
      ],
      [
        -0.2428641,
        -0.5090081,
        -0.8257892
      ]
    ],
    "translation": [
      1.75972867,
      1.552039,
      -1.65265882
    ]
  },
  {
    "timeStamp": 431,
    "rotation": [
      [
        -0.809051,
        0.396372855,
        0.4339644
      ],
      [
        0.02851173,
        0.7639626,
        -0.6446303
      ],
      [
        -0.5870465,
        -0.5091657,
        -0.629386
      ]
    ],
    "translation": [
      1.820609,
      1.54540694,
      -1.59496129
    ]
  },
  {
    "timeStamp": 476,
    "rotation": [
      [
        -0.7421523,
        0.4670428,
        0.480708957
      ],
      [
        0.0371236466,
        0.744772434,
        -0.6662851
      ],
      [
        -0.669202447,
        -0.47663933,
        -0.5700728
      ]
    ],
    "translation": [
      1.83795547,
      1.5441128,
      -1.5724138
    ]
  },
  {
    "timeStamp": 531,
    "rotation": [
      [
        -0.643224359,
        0.550187945,
        0.5324994
      ],
      [
        0.03295735,
        0.7147115,
        -0.6986425
      ],
      [
        -0.7649681,
        -0.4318341,
        -0.477852583
      ]
    ],
    "translation": [
      1.85859609,
      1.54222643,
      -1.53965461
    ]
  },
  {
    "timeStamp": 576,
    "rotation": [
      [
        -0.5557764,
        0.6075152,
        0.5674838
      ],
      [
        0.0215114933,
        0.692900956,
        -0.7207118
      ],
      [
        -0.831053436,
        -0.3883472,
        -0.398166567
      ]
    ],
    "translation": [
      1.87385809,
      1.54148018,
      -1.51083863
    ]
  },
  {
    "timeStamp": 631,
    "rotation": [
      [
        -0.44032383,
        0.666122556,
        0.6019931
      ],
      [
        0.0149920592,
        0.6758526,
        -0.736884356
      ],
      [
        -0.89771384,
        -0.315442622,
        -0.307580531
      ]
    ],
    "translation": [
      1.891794,
      1.5419867,
      -1.47333872
    ]
  },
  {
    "timeStamp": 676,
    "rotation": [
      [
        -0.345470458,
        0.70951575,
        0.6141966
      ],
      [
        0.0142233027,
        0.658377767,
        -0.7525533
      ],
      [
        -0.938321769,
        -0.251249045,
        -0.237541735
      ]
    ],
    "translation": [
      1.90371871,
      1.54247165,
      -1.44161785
    ]
  },
  {
    "timeStamp": 731,
    "rotation": [
      [
        -0.231370553,
        0.750892758,
        0.6185691
      ],
      [
        0.008153468,
        0.637295961,
        -0.770576
      ],
      [
        -0.972831547,
        -0.173245117,
        -0.1535739
      ]
    ],
    "translation": [
      1.9158448,
      1.54418933,
      -1.40021336
    ]
  },
  {
    "timeStamp": 776,
    "rotation": [
      [
        -0.146763489,
        0.7748039,
        0.614930451
      ],
      [
        0.003646015,
        0.6220816,
        -0.782943964
      ],
      [
        -0.989164948,
        -0.112665541,
        -0.09412381
      ]
    ],
    "translation": [
      1.923232,
      1.54621136,
      -1.36612356
    ]
  },
  {
    "timeStamp": 833,
    "rotation": [
      [
        -0.0438241772,
        0.7933041,
        0.6072462
      ],
      [
        0.00339856721,
        0.6079451,
        -0.7939718
      ],
      [
        -0.9990335,
        -0.03273139,
        -0.0293387882
      ]
    ],
    "translation": [
      1.93058228,
      1.54885375,
      -1.32264137
    ]
  },
  {
    "timeStamp": 878,
    "rotation": [
      [
        0.0400815569,
        0.804051161,
        0.593207538
      ],
      [
        0.00645250129,
        0.5934639,
        -0.8048347
      ],
      [
        -0.999175549,
        0.0360867,
        0.0185988173
      ]
    ],
    "translation": [
      1.93420768,
      1.55021536,
      -1.28699672
    ]
  },
  {
    "timeStamp": 924,
    "rotation": [
      [
        0.128390908,
        0.8096477,
        0.572701037
      ],
      [
        0.0125715388,
        0.576105356,
        -0.8172788
      ],
      [
        -0.991643965,
        0.112130895,
        0.06378817
      ]
    ],
    "translation": [
      1.93665135,
      1.5504173,
      -1.25173259
    ]
  },
  {
    "timeStamp": 980,
    "rotation": [
      [
        0.232986823,
        0.805607736,
        0.544714
      ],
      [
        0.0100289276,
        0.558108568,
        -0.8297073
      ],
      [
        -0.972428143,
        0.198773772,
        0.121952564
      ]
    ],
    "translation": [
      1.93925524,
      1.54906309,
      -1.20800281
    ]
  },
  {
    "timeStamp": 1025,
    "rotation": [
      [
        0.30452466,
        0.7997329,
        0.517389536
      ],
      [
        0.008617098,
        0.540853262,
        -0.8410728
      ],
      [
        -0.9524655,
        0.2605858,
        0.157811791
      ]
    ],
    "translation": [
      1.94010806,
      1.54653633,
      -1.17465878
    ]
  },
  {
    "timeStamp": 1081,
    "rotation": [
      [
        0.387286,
        0.78377074,
        0.485502869
      ],
      [
        0.009645695,
        0.52312547,
        -0.8522011
      ],
      [
        -0.9219092,
        0.3347286,
        0.195039168
      ]
    ],
    "translation": [
      1.93972981,
      1.54233885,
      -1.134854
    ]
  },
  {
    "timeStamp": 1125,
    "rotation": [
      [
        0.449888885,
        0.764295757,
        0.462008685
      ],
      [
        0.0152378986,
        0.5106736,
        -0.859639645
      ],
      [
        -0.8929545,
        0.393782377,
        0.2181001
      ]
    ],
    "translation": [
      1.93692529,
      1.538544,
      -1.105166
    ]
  },
  {
    "timeStamp": 1181,
    "rotation": [
      [
        0.5371705,
        0.730080843,
        0.4224094
      ],
      [
        0.0198454559,
        0.489719152,
        -0.871654332
      ],
      [
        -0.843240142,
        0.476609915,
        0.248573914
      ]
    ],
    "translation": [
      1.93077648,
      1.53583944,
      -1.07276964
    ]
  },
  {
    "timeStamp": 1226,
    "rotation": [
      [
        0.6004192,
        0.6958056,
        0.394146353
      ],
      [
        0.0215917751,
        0.4785914,
        -0.8777722
      ],
      [
        -0.7993939,
        0.535541654,
        0.2723318
      ]
    ],
    "translation": [
      1.92481828,
      1.53541243,
      -1.05089056
    ]
  },
  {
    "timeStamp": 1281,
    "rotation": [
      [
        0.6680074,
        0.6488381,
        0.364383519
      ],
      [
        0.0166994613,
        0.476467133,
        -0.8790337
      ],
      [
        -0.7439673,
        0.593286,
        0.3074483
      ]
    ],
    "translation": [
      1.91780114,
      1.53578794,
      -1.02708828
    ]
  },
  {
    "timeStamp": 1325,
    "rotation": [
      [
        0.722933,
        0.6026229,
        0.33795476
      ],
      [
        0.0102377506,
        0.479741782,
        -0.87735
      ],
      [
        -0.6908423,
        0.6377252,
        0.340651661
      ]
    ],
    "translation": [
      1.91205311,
      1.535618,
      -1.0101639
    ]
  },
  {
    "timeStamp": 1381,
    "rotation": [
      [
        0.796289,
        0.5331966,
        0.285701126
      ],
      [
        -0.00259090145,
        0.475300431,
        -0.879819751
      ],
      [
        -0.6049108,
        0.6998506,
        0.379858
      ]
    ],
    "translation": [
      1.90374136,
      1.53417718,
      -0.9930372
    ]
  },
  {
    "timeStamp": 1425,
    "rotation": [
      [
        0.850555062,
        0.471755624,
        0.232384637
      ],
      [
        -0.01693811,
        0.466237873,
        -0.8844972
      ],
      [
        -0.52561307,
        0.748377442,
        0.404551655
      ]
    ],
    "translation": [
      1.89689088,
      1.5326879,
      -0.9825181
    ]
  },
  {
    "timeStamp": 1481,
    "rotation": [
      [
        0.90455997,
        0.39488855,
        0.16073066
      ],
      [
        -0.0423080847,
        0.458274543,
        -0.887803137
      ],
      [
        -0.424242079,
        0.796270967,
        0.431243777
      ]
    ],
    "translation": [
      1.89000058,
      1.53173649,
      -0.9725088
    ]
  },
  {
    "timeStamp": 1525,
    "rotation": [
      [
        0.936505556,
        0.3340592,
        0.106592044
      ],
      [
        -0.06169878,
        0.4562232,
        -0.887723863
      ],
      [
        -0.3451821,
        0.8247817,
        0.4478666
      ]
    ],
    "translation": [
      1.88660073,
      1.53133118,
      -0.967331648
    ]
  },
  {
    "timeStamp": 1581,
    "rotation": [
      [
        0.966462731,
        0.254102558,
        0.03717245
      ],
      [
        -0.08596194,
        0.456498772,
        -0.885561645
      ],
      [
        -0.241992652,
        0.8526669,
        0.4630322
      ]
    ],
    "translation": [
      1.88397455,
      1.53112924,
      -0.9646815
    ]
  },
  {
    "timeStamp": 1625,
    "rotation": [
      [
        0.9813203,
        0.191566423,
        -0.0176852886
      ],
      [
        -0.105802618,
        0.460627854,
        -0.881264865
      ],
      [
        -0.160674423,
        0.866674244,
        0.472291678
      ]
    ],
    "translation": [
      1.88317013,
      1.53182828,
      -0.9647443
    ]
  },
  {
    "timeStamp": 1681,
    "rotation": [
      [
        0.988521934,
        0.12808992,
        -0.08010837
      ],
      [
        -0.131174043,
        0.464633256,
        -0.875733554
      ],
      [
        -0.07495163,
        0.87619,
        0.476102263
      ]
    ],
    "translation": [
      1.88485265,
      1.53360915,
      -0.9683962
    ]
  },
  {
    "timeStamp": 1725,
    "rotation": [
      [
        0.9894344,
        0.08554559,
        -0.117053077
      ],
      [
        -0.143585935,
        0.466465145,
        -0.872807741
      ],
      [
        -0.0200636759,
        0.8803932,
        0.473819852
      ]
    ],
    "translation": [
      1.88839066,
      1.53628528,
      -0.973715663
    ]
  },
  {
    "timeStamp": 1781,
    "rotation": [
      [
        0.987992346,
        0.0287378728,
        -0.151806638
      ],
      [
        -0.146993324,
        0.477433473,
        -0.8662853
      ],
      [
        0.0475823656,
        0.8781978,
        0.4759249
      ]
    ],
    "translation": [
      1.894344,
      1.5404954,
      -0.97979033
    ]
  },
  {
    "timeStamp": 1825,
    "rotation": [
      [
        0.983533,
        -0.0212139171,
        -0.179478988
      ],
      [
        -0.14650099,
        0.4879491,
        -0.8604901
      ],
      [
        0.10583096,
        0.872614264,
        0.476806223
      ]
    ],
    "translation": [
      1.89910972,
      1.542722,
      -0.984491348
    ]
  },
  {
    "timeStamp": 1880,
    "rotation": [
      [
        0.9722318,
        -0.07811361,
        -0.220598325
      ],
      [
        -0.154775947,
        0.4924024,
        -0.8564953
      ],
      [
        0.1755271,
        0.8668553,
        0.4666392
      ]
    ],
    "translation": [
      1.90406752,
      1.54280484,
      -0.9907992
    ]
  },
  {
    "timeStamp": 1925,
    "rotation": [
      [
        0.9605007,
        -0.11662557,
        -0.2526595
      ],
      [
        -0.165858462,
        0.489126384,
        -0.856298
      ],
      [
        0.2234487,
        0.8643806,
        0.4504629
      ]
    ],
    "translation": [
      1.90786242,
      1.54127729,
      -0.996212363
    ]
  },
  {
    "timeStamp": 1980,
    "rotation": [
      [
        0.9453436,
        -0.157602444,
        -0.285459071
      ],
      [
        -0.178076908,
        0.483829379,
        -0.8568534
      ],
      [
        0.27315563,
        0.860854566,
        0.4293197
      ]
    ],
    "translation": [
      1.91249776,
      1.5389899,
      -1.00252557
    ]
  },
  {
    "timeStamp": 2025,
    "rotation": [
      [
        0.9330419,
        -0.18840535,
        -0.306490362
      ],
      [
        -0.184040725,
        0.482049882,
        -0.8565962
      ],
      [
        0.3091309,
        0.8556468,
        0.415098429
      ]
    ],
    "translation": [
      1.915906,
      1.53779638,
      -1.00646019
    ]
  },
  {
    "timeStamp": 2080,
    "rotation": [
      [
        0.915551245,
        -0.226875991,
        -0.3321044
      ],
      [
        -0.189872861,
        0.4841061,
        -0.8541602
      ],
      [
        0.3545622,
        0.845085,
        0.4001463
      ]
    ],
    "translation": [
      1.91906881,
      1.5369302,
      -1.00976336
    ]
  },
  {
    "timeStamp": 2125,
    "rotation": [
      [
        0.9014557,
        -0.251355469,
        -0.3524175
      ],
      [
        -0.198436633,
        0.483595848,
        -0.852501035
      ],
      [
        0.384708434,
        0.838424444,
        0.3860621
      ]
    ],
    "translation": [
      1.92067337,
      1.53579712,
      -1.01233315
    ]
  },
  {
    "timeStamp": 2181,
    "rotation": [
      [
        0.884773731,
        -0.2811992,
        -0.37162143
      ],
      [
        -0.206306949,
        0.478689879,
        -0.8534011
      ],
      [
        0.4178671,
        0.831734955,
        0.365518868
      ]
    ],
    "translation": [
      1.92144132,
      1.53405833,
      -1.01629865
    ]
  },
  {
    "timeStamp": 2225,
    "rotation": [
      [
        0.87084043,
        -0.305858642,
        -0.384821236
      ],
      [
        -0.20898293,
        0.478218347,
        -0.853014231
      ],
      [
        0.4449304,
        0.823260367,
        0.352532625
      ]
    ],
    "translation": [
      1.92099762,
      1.53323352,
      -1.01854169
    ]
  },
  {
    "timeStamp": 2280,
    "rotation": [
      [
        0.8544608,
        -0.331013948,
        -0.4004081
      ],
      [
        -0.212411553,
        0.480770439,
        -0.850729764
      ],
      [
        0.474107772,
        0.8119665,
        0.340488285
      ]
    ],
    "translation": [
      1.91926408,
      1.53253686,
      -1.02072775
    ]
  },
  {
    "timeStamp": 2325,
    "rotation": [
      [
        0.8436885,
        -0.345463455,
        -0.410907269
      ],
      [
        -0.216914132,
        0.480783135,
        -0.8495857
      ],
      [
        0.491058081,
        0.805917263,
        0.330695271
      ]
    ],
    "translation": [
      1.91692865,
      1.531879,
      -1.02271581
    ]
  },
  {
    "timeStamp": 2380,
    "rotation": [
      [
        0.8362717,
        -0.3645876,
        -0.409543037
      ],
      [
        -0.2106753,
        0.47592923,
        -0.8538778
      ],
      [
        0.5062268,
        0.8003544,
        0.321196526
      ]
    ],
    "translation": [
      1.91423047,
      1.53020751,
      -1.02502537
    ]
  },
  {
    "timeStamp": 2425,
    "rotation": [
      [
        0.833702564,
        -0.380827248,
        -0.399888277
      ],
      [
        -0.198200911,
        0.469540745,
        -0.8603766
      ],
      [
        0.5154187,
        0.7965564,
        0.315977
      ]
    ],
    "translation": [
      1.91225433,
      1.5284785,
      -1.02658212
    ]
  },
  {
    "timeStamp": 2480,
    "rotation": [
      [
        0.831784844,
        -0.401228637,
        -0.383600742
      ],
      [
        -0.179724574,
        0.4591699,
        -0.8699782
      ],
      [
        0.5251981,
        0.792577147,
        0.3098199
      ]
    ],
    "translation": [
      1.90944648,
      1.52618563,
      -1.02802253
    ]
  },
  {
    "timeStamp": 2525,
    "rotation": [
      [
        0.827352166,
        -0.416414917,
        -0.376944333
      ],
      [
        -0.171427622,
        0.4518739,
        -0.8754556
      ],
      [
        0.5348841,
        0.788928747,
        0.3024738
      ]
    ],
    "translation": [
      1.90581167,
      1.525066,
      -1.02922809
    ]
  },
  {
    "timeStamp": 2580,
    "rotation": [
      [
        0.8196327,
        -0.437841237,
        -0.369455367
      ],
      [
        -0.1617287,
        0.441826731,
        -0.8824018
      ],
      [
        0.549587131,
        0.7829969,
        0.291324168
      ]
    ],
    "translation": [
      1.89982378,
      1.52466571,
      -1.03075087
    ]
  },
  {
    "timeStamp": 2625,
    "rotation": [
      [
        0.8101014,
        -0.4543974,
        -0.370484322
      ],
      [
        -0.1573948,
        0.440161765,
        -0.8840161
      ],
      [
        0.564767659,
        0.774455,
        0.2850559
      ]
    ],
    "translation": [
      1.89344454,
      1.52469039,
      -1.03094292
    ]
  },
  {
    "timeStamp": 2680,
    "rotation": [
      [
        0.8028909,
        -0.469660461,
        -0.367131025
      ],
      [
        -0.149584889,
        0.437429875,
        -0.886724
      ],
      [
        0.5770533,
        0.7668599,
        0.280954361
      ]
    ],
    "translation": [
      1.88400865,
      1.52457726,
      -1.03034639
    ]
  },
  {
    "timeStamp": 2725,
    "rotation": [
      [
        0.7968973,
        -0.4820112,
        -0.364170223
      ],
      [
        -0.143806845,
        0.434131533,
        -0.8892971
      ],
      [
        0.586748958,
        0.7610486,
        0.2766417
      ]
    ],
    "translation": [
      1.8754344,
      1.52398813,
      -1.02934551
    ]
  },
  {
    "timeStamp": 2780,
    "rotation": [
      [
        0.7921196,
        -0.494540751,
        -0.357737154
      ],
      [
        -0.135970131,
        0.428401262,
        -0.893299758
      ],
      [
        0.595028162,
        0.756241858,
        0.2721023
      ]
    ],
    "translation": [
      1.86302,
      1.52255845,
      -1.02699542
    ]
  },
  {
    "timeStamp": 2825,
    "rotation": [
      [
        0.79099375,
        -0.500914752,
        -0.3513022
      ],
      [
        -0.130021855,
        0.423446566,
        -0.896541834
      ],
      [
        0.597848833,
        0.754835963,
        0.269813716
      ]
    ],
    "translation": [
      1.85176373,
      1.52126443,
      -1.02403617
    ]
  },
  {
    "timeStamp": 2880,
    "rotation": [
      [
        0.7958777,
        -0.5019609,
        -0.338546932
      ],
      [
        -0.1222286,
        0.41444084,
        -0.9018309
      ],
      [
        0.5929915,
        0.7591272,
        0.268490225
      ]
    ],
    "translation": [
      1.83662915,
      1.51935244,
      -1.01870358
    ]
  },
  {
    "timeStamp": 2925,
    "rotation": [
      [
        0.804857,
        -0.498204261,
        -0.322486758
      ],
      [
        -0.112458572,
        0.405514449,
        -0.9071445
      ],
      [
        0.5827163,
        0.766388,
        0.2703538
      ]
    ],
    "translation": [
      1.823214,
      1.51805115,
      -1.0137521
    ]
  },
  {
    "timeStamp": 2981,
    "rotation": [
      [
        0.8193522,
        -0.49132365,
        -0.295403242
      ],
      [
        -0.09323417,
        0.394217461,
        -0.914275646
      ],
      [
        0.5656584,
        0.7766555,
        0.2771948
      ]
    ],
    "translation": [
      1.804867,
      1.51610482,
      -1.006701
    ]
  },
  {
    "timeStamp": 3035,
    "rotation": [
      [
        0.8327915,
        -0.485252529,
        -0.266436249
      ],
      [
        -0.07167777,
        0.3827209,
        -0.9210793
      ],
      [
        0.5489268,
        0.7861646,
        0.2839449
      ]
    ],
    "translation": [
      1.78935623,
      1.51418936,
      -1.00042832
    ]
  },
  {
    "timeStamp": 3079,
    "rotation": [
      [
        0.853213668,
        -0.472297758,
        -0.221271813
      ],
      [
        -0.0406301133,
        0.362771362,
        -0.930992
      ],
      [
        0.5199765,
        0.8033254,
        0.290332
      ]
    ],
    "translation": [
      1.77013111,
      1.51163793,
      -0.9927435
    ]
  },
  {
    "timeStamp": 3134,
    "rotation": [
      [
        0.8716678,
        -0.4569536,
        -0.177168548
      ],
      [
        -0.009465183,
        0.345733374,
        -0.938285053
      ],
      [
        0.4900058,
        0.8195498,
        0.2970395
      ]
    ],
    "translation": [
      1.75517952,
      1.50920832,
      -0.9861802
    ]
  },
  {
    "timeStamp": 3179,
    "rotation": [
      [
        0.8879557,
        -0.4416591,
        -0.128343418
      ],
      [
        0.028169686,
        0.3307516,
        -0.9432973
      ],
      [
        0.459065646,
        0.8339909,
        0.306134135
      ]
    ],
    "translation": [
      1.73572266,
      1.50582683,
      -0.9773016
    ]
  },
  {
    "timeStamp": 3234,
    "rotation": [
      [
        0.897460461,
        -0.4300023,
        -0.0982987657
      ],
      [
        0.04912448,
        0.3189016,
        -0.9465139
      ],
      [
        0.438350767,
        0.844629943,
        0.307325244
      ]
    ],
    "translation": [
      1.7204473,
      1.50249636,
      -0.970569968
    ]
  },
  {
    "timeStamp": 3279,
    "rotation": [
      [
        0.9081526,
        -0.413765579,
        -0.06369408
      ],
      [
        0.0696485341,
        0.299354464,
        -0.951596558
      ],
      [
        0.412805,
        0.8597587,
        0.3006777
      ]
    ],
    "translation": [
      1.70162928,
      1.498406,
      -0.9633956
    ]
  },
  {
    "timeStamp": 3334,
    "rotation": [
      [
        0.9163471,
        -0.398206025,
        -0.04171313
      ],
      [
        0.0802718252,
        0.284782946,
        -0.95522517
      ],
      [
        0.3922556,
        0.871969461,
        0.292924762
      ]
    ],
    "translation": [
      1.68702507,
      1.494795,
      -0.9581343
    ]
  },
  {
    "timeStamp": 3379,
    "rotation": [
      [
        0.9250739,
        -0.379281938,
        -0.0195793733
      ],
      [
        0.09007174,
        0.269185066,
        -0.9588673
      ],
      [
        0.368951529,
        0.8852596,
        0.2831787
      ]
    ],
    "translation": [
      1.6698246,
      1.49005258,
      -0.9519615
    ]
  },
  {
    "timeStamp": 3424,
    "rotation": [
      [
        0.9303979,
        -0.366500676,
        -0.006070658
      ],
      [
        0.0951856449,
        0.25756526,
        -0.961561143
      ],
      [
        0.3539764,
        0.8940567,
        0.2745238
      ]
    ],
    "translation": [
      1.65756989,
      1.48613346,
      -0.9479703
    ]
  },
  {
    "timeStamp": 3480,
    "rotation": [
      [
        0.9345534,
        -0.355595827,
        0.0127126714
      ],
      [
        0.10461355,
        0.240438953,
        -0.9650104
      ],
      [
        0.34009704,
        0.903183639,
        0.2619032
      ]
    ],
    "translation": [
      1.64494634,
      1.48158944,
      -0.94447577
    ]
  },
  {
    "timeStamp": 3524,
    "rotation": [
      [
        0.936513364,
        -0.34959358,
        0.0269634966
      ],
      [
        0.112316065,
        0.226252362,
        -0.9675717
      ],
      [
        0.3321563,
        0.909172237,
        0.25115335
      ]
    ],
    "translation": [
      1.63657784,
      1.47889411,
      -0.94256413
    ]
  },
  {
    "timeStamp": 3580,
    "rotation": [
      [
        0.939859569,
        -0.3391615,
        0.04041708
      ],
      [
        0.119707264,
        0.21625407,
        -0.9689708
      ],
      [
        0.3198972,
        0.9155347,
        0.243848532
      ]
    ],
    "translation": [
      1.62727451,
      1.47668481,
      -0.9400958
    ]
  },
  {
    "timeStamp": 3624,
    "rotation": [
      [
        0.942435265,
        -0.330709845,
        0.04946522
      ],
      [
        0.125878781,
        0.213825718,
        -0.9687276
      ],
      [
        0.30979082,
        0.919189632,
        0.243146241
      ]
    ],
    "translation": [
      1.62058163,
      1.47567666,
      -0.937567949
    ]
  },
  {
    "timeStamp": 3680,
    "rotation": [
      [
        0.9453374,
        -0.3208227,
        0.05839475
      ],
      [
        0.1337221,
        0.21806623,
        -0.9667293
      ],
      [
        0.29741475,
        0.92169404,
        0.249047264
      ]
    ],
    "translation": [
      1.61303282,
      1.47529578,
      -0.9333091
    ]
  },
  {
    "timeStamp": 3724,
    "rotation": [
      [
        0.9470636,
        -0.313751251,
        0.0680485
      ],
      [
        0.143535018,
        0.2242027,
        -0.963914335
      ],
      [
        0.287172675,
        0.9226556,
        0.257368535
      ]
    ],
    "translation": [
      1.60812736,
      1.47510731,
      -0.9289968
    ]
  },
  {
    "timeStamp": 3779,
    "rotation": [
      [
        0.947152,
        -0.3106238,
        0.08009988
      ],
      [
        0.156777471,
        0.230392322,
        -0.960385442
      ],
      [
        0.279864162,
        0.9221888,
        0.266915351
      ]
    ],
    "translation": [
      1.60337043,
      1.47520292,
      -0.923383355
    ]
  },
  {
    "timeStamp": 3824,
    "rotation": [
      [
        0.947520554,
        -0.3076611,
        0.08688786
      ],
      [
        0.164135873,
        0.234930143,
        -0.9580539
      ],
      [
        0.274343342,
        0.9220372,
        0.273099363
      ]
    ],
    "translation": [
      1.6005497,
      1.47547209,
      -0.91881144
    ]
  },
  {
    "timeStamp": 3881,
    "rotation": [
      [
        0.9492012,
        -0.301723152,
        0.0893320441
      ],
      [
        0.1674371,
        0.243928567,
        -0.95522964
      ],
      [
        0.266424239,
        0.9216627,
        0.282056928
      ]
    ],
    "translation": [
      1.59719729,
      1.47561908,
      -0.912813544
    ]
  },
  {
    "timeStamp": 3924,
    "rotation": [
      [
        0.9508934,
        -0.297017455,
        0.0870765746
      ],
      [
        0.1647389,
        0.247493938,
        -0.9547816
      ],
      [
        0.262035877,
        0.922240436,
        0.284270674
      ]
    ],
    "translation": [
      1.59468532,
      1.47552741,
      -0.9084866
    ]
  },
  {
    "timeStamp": 3981,
    "rotation": [
      [
        0.9527019,
        -0.292654037,
        0.08193013
      ],
      [
        0.159102917,
        0.25060463,
        -0.954925954
      ],
      [
        0.258930862,
        0.9227951,
        0.285313636
      ]
    ],
    "translation": [
      1.59159541,
      1.47534072,
      -0.9034878
    ]
  },
  {
    "timeStamp": 4024,
    "rotation": [
      [
        0.953567743,
        -0.2911771,
        0.0769706145
      ],
      [
        0.154961437,
        0.2551921,
        -0.9543919
      ],
      [
        0.258254766,
        0.9220048,
        0.2884642
      ]
    ],
    "translation": [
      1.5893023,
      1.47500956,
      -0.899519563
    ]
  },
  {
    "timeStamp": 4079,
    "rotation": [
      [
        0.9525889,
        -0.295777649,
        0.07134428
      ],
      [
        0.151805788,
        0.258814424,
        -0.9539235
      ],
      [
        0.263684332,
        0.9195275,
        0.2914445
      ]
    ],
    "translation": [
      1.58797526,
      1.47450626,
      -0.895486
    ]
  },
  {
    "timeStamp": 4124,
    "rotation": [
      [
        0.9500859,
        -0.304589033,
        0.06754519
      ],
      [
        0.150962248,
        0.259349227,
        -0.953912139
      ],
      [
        0.273033381,
        0.9164952,
        0.2923855
      ]
    ],
    "translation": [
      1.58806825,
      1.47407043,
      -0.8925959
    ]
  },
  {
    "timeStamp": 4179,
    "rotation": [
      [
        0.946532845,
        -0.3160644,
        0.0646445751
      ],
      [
        0.150405258,
        0.255068332,
        -0.9551536
      ],
      [
        0.285401255,
        0.9138071,
        0.2889683
      ]
    ],
    "translation": [
      1.58967352,
      1.473978,
      -0.889182
    ]
  },
  {
    "timeStamp": 4224,
    "rotation": [
      [
        0.944508135,
        -0.322488,
        0.0624971576
      ],
      [
        0.14877516,
        0.250337541,
        -0.9566593
      ],
      [
        0.292865753,
        0.9128705,
        0.284424037
      ]
    ],
    "translation": [
      1.591907,
      1.47422433,
      -0.8863472
    ]
  },
  {
    "timeStamp": 4279,
    "rotation": [
      [
        0.9441513,
        -0.324192077,
        0.0589736775
      ],
      [
        0.146144554,
        0.2515797,
        -0.956738949
      ],
      [
        0.2953306,
        0.911925,
        0.284908175
      ]
    ],
    "translation": [
      1.595084,
      1.47487915,
      -0.8816781
    ]
  },
  {
    "timeStamp": 4335,
    "rotation": [
      [
        0.945624053,
        -0.320085347,
        0.0577981
      ],
      [
        0.144827411,
        0.255241543,
        -0.955969036
      ],
      [
        0.2912392,
        0.912358046,
        0.287719667
      ]
    ],
    "translation": [
      1.59774375,
      1.47535324,
      -0.876778841
    ]
  },
  {
    "timeStamp": 4379,
    "rotation": [
      [
        0.9462956,
        -0.317721575,
        0.05981426
      ],
      [
        0.146289811,
        0.2558063,
        -0.9555953
      ],
      [
        0.288312376,
        0.913025856,
        0.288547784
      ]
    ],
    "translation": [
      1.60136533,
      1.475145,
      -0.871030331
    ]
  },
  {
    "timeStamp": 4424,
    "rotation": [
      [
        0.945546865,
        -0.31955868,
        0.06183332
      ],
      [
        0.14771077,
        0.252006739,
        -0.95638597
      ],
      [
        0.290039033,
        0.913441241,
        0.28548643
      ]
    ],
    "translation": [
      1.6043489,
      1.47426343,
      -0.866577268
    ]
  },
  {
    "timeStamp": 4479,
    "rotation": [
      [
        0.944346368,
        -0.323226839,
        0.0611090958
      ],
      [
        0.146308959,
        0.246325225,
        -0.9580802
      ],
      [
        0.294624537,
        0.913700342,
        0.279907316
      ]
    ],
    "translation": [
      1.60750508,
      1.4725548,
      -0.8604518
    ]
  },
  {
    "timeStamp": 4524,
    "rotation": [
      [
        0.943124235,
        -0.327088267,
        0.0594127141
      ],
      [
        0.14394407,
        0.240695938,
        -0.9598675
      ],
      [
        0.299660981,
        0.9138264,
        0.274088621
      ]
    ],
    "translation": [
      1.60947442,
      1.47109187,
      -0.8558861
    ]
  },
  {
    "timeStamp": 4579,
    "rotation": [
      [
        0.941339731,
        -0.3327837,
        0.0559870936
      ],
      [
        0.13991861,
        0.233916938,
        -0.962136
      ],
      [
        0.307086855,
        0.913530469,
        0.266757935
      ]
    ],
    "translation": [
      1.61187148,
      1.46922791,
      -0.851012
    ]
  },
  {
    "timeStamp": 4624,
    "rotation": [
      [
        0.9403099,
        -0.336085916,
        0.0535115823
      ],
      [
        0.137095436,
        0.230169475,
        -0.9634453
      ],
      [
        0.311483651,
        0.913273335,
        0.262506485
      ]
    ],
    "translation": [
      1.61358881,
      1.46764255,
      -0.8478048
    ]
  },
  {
    "timeStamp": 4679,
    "rotation": [
      [
        0.938381851,
        -0.341657281,
        0.052055005
      ],
      [
        0.135024175,
        0.22378765,
        -0.965239644
      ],
      [
        0.3181319,
        0.9127921,
        0.256130278
      ]
    ],
    "translation": [
      1.61591029,
      1.466036,
      -0.8453455
    ]
  },
  {
    "timeStamp": 4735,
    "rotation": [
      [
        0.937506437,
        -0.344315559,
        0.0502842329
      ],
      [
        0.1326708,
        0.2201016,
        -0.966412842
      ],
      [
        0.321683317,
        0.9126895,
        0.2520273
      ]
    ],
    "translation": [
      1.61744833,
      1.465391,
      -0.844653964
    ]
  },
  {
    "timeStamp": 4779,
    "rotation": [
      [
        0.937880754,
        -0.3432819,
        0.0503707044
      ],
      [
        0.131630585,
        0.217723712,
        -0.967093468
      ],
      [
        0.3210188,
        0.9136487,
        0.249385282
      ]
    ],
    "translation": [
      1.61911273,
      1.465124,
      -0.844593763
    ]
  },
  {
    "timeStamp": 4835,
    "rotation": [
      [
        0.938735366,
        -0.341220081,
        0.0484240875
      ],
      [
        0.1286535,
        0.2166033,
        -0.9677455
      ],
      [
        0.319725364,
        0.9146868,
        0.247232318
      ]
    ],
    "translation": [
      1.6199,
      1.4653374,
      -0.8453754
    ]
  },
  {
    "timeStamp": 4879,
    "rotation": [
      [
        0.940255761,
        -0.3374103,
        0.04553346
      ],
      [
        0.124407731,
        0.215994671,
        -0.96843636
      ],
      [
        0.316925436,
        0.9162426,
        0.2450667
      ]
    ],
    "translation": [
      1.6202147,
      1.46561563,
      -0.8467531
    ]
  },
  {
    "timeStamp": 4924,
    "rotation": [
      [
        0.941327453,
        -0.334913522,
        0.0416591242
      ],
      [
        0.118981741,
        0.213810429,
        -0.9696022
      ],
      [
        0.31582576,
        0.9176699,
        0.241114229
      ]
    ],
    "translation": [
      1.61957,
      1.46539509,
      -0.848389745
    ]
  },
  {
    "timeStamp": 4979,
    "rotation": [
      [
        0.940006733,
        -0.339487344,
        0.0336997658
      ],
      [
        0.108704336,
        0.2044221,
        -0.9728283
      ],
      [
        0.323373944,
        0.9181285,
        0.2290619
      ]
    ],
    "translation": [
      1.61740446,
      1.46411812,
      -0.851388335
    ]
  },
  {
    "timeStamp": 5024,
    "rotation": [
      [
        0.9352974,
        -0.353207082,
        0.0215283539
      ],
      [
        0.0941050649,
        0.189621791,
        -0.9773371
      ],
      [
        0.341120154,
        0.916126847,
        0.210591346
      ]
    ],
    "translation": [
      1.61426353,
      1.46232581,
      -0.8551694
    ]
  },
  {
    "timeStamp": 5079,
    "rotation": [
      [
        0.9273822,
        -0.374100536,
        -0.003336228
      ],
      [
        0.06429504,
        0.168157443,
        -0.9836611
      ],
      [
        0.368549168,
        0.9120153,
        0.179999009
      ]
    ],
    "translation": [
      1.6094141,
      1.45970345,
      -0.860805035
    ]
  },
  {
    "timeStamp": 5134,
    "rotation": [
      [
        0.922708035,
        -0.3847368,
        -0.02423812
      ],
      [
        0.03825051,
        0.153937235,
        -0.98734
      ],
      [
        0.383597165,
        0.9100994,
        0.1567555
      ]
    ],
    "translation": [
      1.60559678,
      1.45784271,
      -0.8650094
    ]
  },
  {
    "timeStamp": 5179,
    "rotation": [
      [
        0.919811964,
        -0.389762223,
        -0.0450711064
      ],
      [
        0.0133443512,
        0.1458817,
        -0.989212036
      ],
      [
        0.39213255,
        0.9092876,
        0.139384851
      ]
    ],
    "translation": [
      1.60192585,
      1.45592129,
      -0.8685415
    ]
  },
  {
    "timeStamp": 5235,
    "rotation": [
      [
        0.91862607,
        -0.391432732,
        -0.05391332
      ],
      [
        0.004856014,
        0.14761892,
        -0.9890324
      ],
      [
        0.3950983,
        0.9082891,
        0.1375074
      ]
    ],
    "translation": [
      1.60043669,
      1.45486748,
      -0.8693069
    ]
  },
  {
    "timeStamp": 5279,
    "rotation": [
      [
        0.917569757,
        -0.3934454,
        -0.05715267
      ],
      [
        0.00207266421,
        0.148485154,
        -0.988912463
      ],
      [
        0.397569358,
        0.9072777,
        0.13706097
      ]
    ],
    "translation": [
      1.6000104,
      1.45350587,
      -0.869422555
    ]
  },
  {
    "timeStamp": 5333,
    "rotation": [
      [
        0.9181072,
        -0.392,
        -0.0584384054
      ],
      [
        0.00240148325,
        0.152947664,
        -0.988231361
      ],
      [
        0.396324724,
        0.907162,
        0.14136374
      ]
    ],
    "translation": [
      1.60008287,
      1.45138693,
      -0.867426753
    ]
  },
  {
    "timeStamp": 5377,
    "rotation": [
      [
        0.9195076,
        -0.3887181,
        -0.0583441779
      ],
      [
        0.001734703,
