[
  {
    "id": "003 cracker box(Clone)-98388",
    "pickRotation": [
      [
        -0.985732257,
        0.00539019331,
        0.168234482
      ],
      [
        -0.11111559,
        -0.771594167,
        -0.6263352
      ],
      [
        0.126432672,
        -0.6360923,
        0.761184156
      ]
    ],
    "pickTranslation": [
      0.0127302669,
      0.0615128279,
      0.146775052
    ],
    "placeRotation": [
      [
        0.9998539,
        -0.00234425021,
        -0.0169311631
      ],
      [
        0.00462128734,
        0.990734935,
        0.135730892
      ],
      [
        0.0164561085,
        -0.1357893,
        0.990601063
      ]
    ],
    "placeTranslation": [
      0.312124133,
      0.6582825,
      0.573994935
    ]
  },
  {
    "id": "003 cracker box(Clone)-98848",
    "pickRotation": [
      [
        -0.9765197,
        0.117035359,
        0.180864438
      ],
      [
        -0.210533574,
        -0.696404338,
        -0.6860733
      ],
      [
        0.0456599519,
        -0.708042145,
        0.7046924
      ]
    ],
    "pickTranslation": [
      0.00693913549,
      0.071277,
      0.126397774
    ],
    "placeRotation": [
      [
        0.9925294,
        0.0889821053,
        -0.0834720656
      ],
      [
        -0.0684739351,
        0.9725198,
        0.222523183
      ],
      [
        0.100978814,
        -0.215145141,
        0.9713475
      ]
    ],
    "placeTranslation": [
      0.305160642,
      0.727198362,
      -0.04461558
    ]
  },
  {
    "id": "021 bleach cleanser(Clone)-98376",
    "pickRotation": [
      [
        0.0447857454,
        -0.275224417,
        -0.9603363
      ],
      [
        0.9956515,
        0.09089906,
        0.020381771
      ],
      [
        0.0816841051,
        -0.9570731,
        0.278098583
      ]
    ],
    "pickTranslation": [
      0.03954081,
      0.007878423,
      0.226396024
    ],
    "placeRotation": [
      [
        0.101804487,
        -0.993918,
        -0.0419861078
      ],
      [
        -0.0413843058,
        -0.04640019,
        0.9980653
      ],
      [
        -0.9939432,
        -0.0998699442,
        -0.0458563566
      ]
    ],
    "placeTranslation": [
      -0.861228466,
      0.198656365,
      -0.4707828
    ]
  },
  {
    "id": "007 tuna fish can(Clone)-98460",
    "pickRotation": [
      [
        -0.468748,
        -0.0788809359,
        -0.8798028
      ],
      [
        0.883330643,
        -0.0435358025,
        -0.466724277
      ],
      [
        -0.001487278,
        -0.995932937,
        0.09008527
      ]
    ],
    "pickTranslation": [
      0.0380819067,
      -0.0181111861,
      0.0375681
    ],
    "placeRotation": [
      [
        0.6057525,
        -0.7954657,
        0.0172705818
      ],
      [
        -0.003646725,
        0.0189302452,
        0.999814153
      ],
      [
        -0.7956448,
        -0.605702937,
        0.008566198
      ]
    ],
    "placeTranslation": [
      -0.211633325,
      0.553779066,
      -0.862715662
    ]
  },
  {
    "id": "002 masterchef can(Clone)-98884",
    "pickRotation": [
      [
        -0.93901,
        -0.089047946,
        -0.332160652
      ],
      [
        0.338662177,
        -0.07167708,
        -0.93817395
      ],
      [
        0.0597341619,
        -0.9934449,
        0.09746267
      ]
    ],
    "pickTranslation": [
      0.0150091033,
      -0.0176167246,
      0.12236055
    ],
    "placeRotation": [
      [
        0.992918849,
        -0.115361989,
        -0.028351
      ],
      [
        0.0285400823,
        -1.26950172E-05,
        0.999592662
      ],
      [
        -0.115315363,
        -0.9933235,
        0.00327983568
      ]
    ],
    "placeTranslation": [
      -0.120315455,
      0.246566325,
      -0.6707343
    ]
  },
  {
    "id": "004 sugar box(Clone)-98808",
    "pickRotation": [
      [
        -0.964810431,
        0.139775187,
        0.222719
      ],
      [
        -0.241438657,
        -0.135409489,
        -0.9609223
      ],
      [
        -0.10415484,
        -0.9808808,
        0.164391622
      ]
    ],
    "pickTranslation": [
      0.0107960217,
      -0.0213196129,
      0.164583609
    ],
    "placeRotation": [
      [
        -0.100627758,
        0.9934116,
        -0.05483976
      ],
      [
        0.03964778,
        0.05907968,
        0.9974656
      ],
      [
        0.99413383,
        0.09819845,
        -0.04533162
      ]
    ],
    "placeTranslation": [
      0.395214647,
      0.1235658,
      0.7723822
    ]
  },
  {
    "id": "016 pear(Clone)-98872",
    "pickRotation": [
      [
        -0.969820857,
        0.235304072,
        -0.063871
      ],
      [
        0.0435962975,
        -0.09038515,
        -0.9949522
      ],
      [
        -0.239889309,
        -0.967709959,
        0.0773990154
      ]
    ],
    "pickTranslation": [
      0.0286737736,
      0.05371509,
      0.0356820934
    ],
    "placeRotation": [
      [
        0.813069165,
        0.191237926,
        0.5498605
      ],
      [
        -0.551687837,
        -0.0485004857,
        0.832639337
      ],
      [
        0.185900718,
        -0.9803447,
        0.06606938
      ]
    ],
    "placeTranslation": [
      0.272319555,
      0.4039696,
      -0.941594541
    ]
  },
  {
    "id": "017 orange(Clone)-98836",
    "pickRotation": [
      [
        -0.873666346,
        0.27069065,
        -0.4042693
      ],
      [
        -0.443097949,
        -0.7858571,
        0.431384742
      ],
      [
        -0.20092608,
        0.5560172,
        0.8065194
      ]
    ],
    "pickTranslation": [
      -0.0136154043,
      0.007862614,
      0.0285677556
    ],
    "placeRotation": [
      [
        0.7627904,
        0.479182839,
        0.43420583
      ],
      [
        -0.34912,
        0.870376348,
        -0.3472179
      ],
      [
        -0.5443033,
        0.113264523,
        0.831207
      ]
    ],
    "placeTranslation": [
      0.638059139,
      0.55182445,
      -0.257709444
    ]
  },
  {
    "id": "016 pear(Clone)-98908",
    "pickRotation": [
      [
        -0.6114165,
        -0.251541883,
        -0.750264347
      ],
      [
        0.769921243,
        0.0298420414,
        -0.6374408
      ],
      [
        0.1827325,
        -0.967386246,
        0.175421521
      ]
    ],
    "pickTranslation": [
      0.03721996,
      -0.006864872,
      0.0510456562
    ],
    "placeRotation": [
      [
        0.75990814,
        -0.439295262,
        -0.4791235
      ],
      [
        0.348369718,
        -0.347061843,
        0.8707391
      ],
      [
        -0.5487971,
        -0.82859385,
        -0.110697955
      ]
    ],
    "placeTranslation": [
      0.5499251,
      0.386091828,
      -0.6645499
    ]
  },
  {
    "id": "013 apple(Clone)-98896",
    "pickRotation": [
      [
        -0.899300456,
        0.09996486,
        -0.425753057
      ],
      [
        0.421461821,
        -0.06177139,
        -0.904739857
      ],
      [
        -0.116741553,
        -0.9930717,
        0.01341967
      ]
    ],
    "pickTranslation": [
      -0.00245993421,
      -0.007754475,
      0.06346719
    ],
    "placeRotation": [
      [
        0.810714245,
        -0.534807,
        -0.2381677
      ],
      [
        0.275996774,
        -0.009631356,
        0.9611103
      ],
      [
        -0.5163024,
        -0.8449194,
        0.139796734
      ]
    ],
    "placeTranslation": [
      0.838349,
      0.368332118,
      0.49105674
    ]
  },
  {
    "id": "014 lemon(Clone)-98448",
    "pickRotation": [
      [
        0.113957241,
        -0.5735847,
        -0.8111808
      ],
      [
        0.031562157,
        -0.813997447,
        0.5800103
      ],
      [
        -0.9929841,
        -0.09169899,
        -0.0746573359
      ]
    ],
    "pickTranslation": [
      0.0247509219,
      0.04092936,
      0.0276411884
    ],
    "placeRotation": [
      [
        -0.4638907,
        0.07639948,
        0.882592
      ],
      [
        0.531665742,
        0.8209191,
        0.208382815
      ],
      [
        -0.708616257,
        0.565910757,
        -0.4214357
      ]
    ],
    "placeTranslation": [
      0.7265062,
      0.5020786,
      -0.11985749
    ]
  },
  {
    "id": "015 peach(Clone)-98412",
    "pickRotation": [
      [
        -0.9652473,
        -0.183893085,
        0.185690373
      ],
      [
        -0.1964117,
        0.04175031,
        -0.979632258
      ],
      [
        0.172394961,
        -0.9820591,
        -0.07641813
      ]
    ],
    "pickTranslation": [
      0.0123097878,
      0.004090059,
      0.0438324437
    ],
    "placeRotation": [
      [
        0.928761065,
        -0.178919986,
        -0.324639261
      ],
      [
        0.3106415,
        -0.102163911,
        0.945020854
      ],
      [
        -0.202249527,
        -0.97854495,
        -0.0393058881
      ]
    ],
    "placeTranslation": [
      0.6532207,
      0.5639877,
      0.07990591
    ]
  },
  {
    "id": "017 orange(Clone)-98920",
    "pickRotation": [
      [
        -0.7126105,
        0.197822616,
        0.673091769
      ],
      [
        0.464702368,
        -0.585665643,
        0.664114058
      ],
      [
        0.5255835,
        0.786042,
        0.325422883
      ]
    ],
    "pickTranslation": [
      -0.009933615,
      -0.00111144083,
      0.00030171682
    ],
    "placeRotation": [
      [
        0.8958109,
        -0.141303718,
        -0.421374
      ],
      [
        -0.246881664,
        0.6301602,
        -0.7361709
      ],
      [
        0.3695568,
        0.763499439,
        0.5296191
      ]
    ],
    "placeTranslation": [
      0.535240769,
      0.9487276,
      -0.442209959
    ]
  },
  {
    "id": "015 peach(Clone)-98436",
    "pickRotation": [
      [
        -0.256142527,
        -0.08116737,
        0.963225245
      ],
      [
        -0.9665858,
        0.01105205,
        -0.256104857
      ],
      [
        0.0101417433,
        -0.9966392,
        -0.0812861249
      ]
    ],
    "pickTranslation": [
      0.0182261262,
      -1.58660114E-05,
      0.05662101
    ],
    "placeRotation": [
      [
        0.5931324,
        0.789536834,
        -0.157561079
      ],
      [
        0.159600824,
        0.07651207,
        0.9842121
      ],
      [
        0.789127052,
        -0.608915,
        -0.08062895
      ]
    ],
    "placeTranslation": [
      0.768267453,
      0.7682851,
      -0.411997646
    ]
  },
  {
    "id": "057 racquetball(Clone)-98364",
    "pickRotation": [
      [
        -0.9306184,
        -0.0530978628,
        -0.3621187
      ],
      [
        0.116892718,
        -0.980720162,
        -0.156601623
      ],
      [
        -0.3468219,
        -0.1880654,
        0.918882966
      ]
    ],
    "pickTranslation": [
      -0.004629004,
      -0.0862640142,
      0.02837615
    ],
    "placeRotation": [
      [
        0.493087977,
        -0.5540606,
        0.6707317
      ],
      [
        0.386316985,
        0.8302398,
        0.40182218
      ],
      [
        -0.779502034,
        0.0609813854,
        0.6234243
      ]
    ],
    "placeTranslation": [
      0.851715267,
      1.39837182,
      -0.183065608
    ]
  },
  {
    "id": "058 golf ball(Clone)-98424",
    "pickRotation": [
      [
        -0.950002432,
        0.205324709,
        -0.235238418
      ],
      [
        0.0146054281,
        -0.723338068,
        -0.6903395
      ],
      [
        -0.311900675,
        -0.65926,
        0.684174061
      ]
    ],
    "pickTranslation": [
      -0.008777187,
      -0.0100320894,
      0.0353900641
    ],
    "placeRotation": [
      [
        0.709881544,
        -0.60200876,
        0.365586728
      ],
      [
        0.146859869,
        0.63417083,
        0.759117544
      ],
      [
        -0.6888399,
        -0.4851935,
        0.5385971
      ]
    ],
    "placeTranslation": [
      0.952991366,
      0.8265782,
      0.192778289
    ]
  },
  {
    "id": "057 racquetball(Clone)-98400",
    "pickRotation": [
      [
        -0.428173423,
        -0.06754362,
        -0.9011689
      ],
      [
        0.279820174,
        -0.958103657,
        -0.0611403361
      ],
      [
        -0.8592835,
        -0.2783439,
        0.429134578
      ]
    ],
    "pickTranslation": [
      -0.000846052542,
      -0.09787276,
      0.03489962
    ],
    "placeRotation": [
      [
        0.038044028,
        -0.3890253,
        0.920441151
      ],
      [
        -0.15327704,
        0.9079358,
        0.3900752
      ],
      [
        -0.987450659,
        -0.155922532,
        -0.02508711
      ]
    ],
    "placeTranslation": [
      0.492552847,
      1.6437192,
      -0.9653632
    ]
  },
  {
    "id": "058 golf ball(Clone)-98932",
    "pickRotation": [
      [
        -0.992144346,
        -0.02081747,
        0.123353675
      ],
      [
        -0.0759590939,
        -0.6832232,
        -0.7262481
      ],
      [
        0.0993967354,
        -0.729912758,
        0.6762748
      ]
    ],
    "pickTranslation": [
      0.00672552362,
      -0.0150025208,
      0.04251178
    ],
    "placeRotation": [
      [
        0.8817819,
        -0.4635166,
        0.08725265
      ],
      [
        0.237495765,
        0.5961722,
        0.766925335
      ],
      [
        -0.4075002,
        -0.655538738,
        0.6357771
      ]
    ],
    "placeTranslation": [
      0.9680284,
      0.7682531,
      0.0243188255
    ]
  },
  {
    "id": "057 racquetball(Clone)-98824",
    "pickRotation": [
      [
        0.778379261,
        0.51882875,
        -0.353471935
      ],
      [
        0.581928551,
        -0.385024846,
        0.716320455
      ],
      [
        0.235552177,
        -0.7632644,
        -0.6016166
      ]
    ],
    "pickTranslation": [
      0.0126415659,
      -0.12168593,
      0.03862763
    ],
    "placeRotation": [
      [
        -0.7367381,
        -0.22064203,
        -0.6391667
      ],
      [
        -0.6543222,
        0.471020937,
        0.5916094
      ],
      [
        0.170527026,
        0.854082167,
        -0.491390049
      ]
    ],
    "placeTranslation": [
      0.00630160235,
      1.435769,
      0.0320129246
    ]
  },
  {
    "id": "057 racquetball(Clone)-98796",
    "pickRotation": [
      [
        -0.611531436,
        -0.0205122456,
        -0.790954232
      ],
      [
        0.1982873,
        -0.971736,
        -0.128106549
      ],
      [
        -0.765970945,
        -0.235177353,
        0.598314464
      ]
    ],
    "pickTranslation": [
      -0.0011956041,
      -0.09812344,
      0.0384543426
    ],
    "placeRotation": [
      [
        0.231608838,
        -0.170001879,
        0.9578396
      ],
      [
        -0.08356471,
        0.9774961,
        0.193696827
      ],
      [
        -0.969213247,
        -0.124903485,
        0.212190568
      ]
    ],
    "placeTranslation": [
      0.765257955,
      1.75356817,
      -1.07004964
    ]
  },
  {
    "id": "018 plum(Clone)-98860",
    "pickRotation": [
      [
        0.114056833,
        -0.422616631,
        0.899103
      ],
      [
        0.236617729,
        -0.8674096,
        -0.437735826
      ],
      [
        0.964885,
        0.262670457,
        0.00106459437
      ]
    ],
    "pickTranslation": [
      0.007965816,
      0.03499265,
      0.025585236
    ],
    "placeRotation": [
      [
        0.306919217,
        -0.504621565,
        -0.8069434
      ],
      [
        0.503286541,
        0.805672,
        -0.312402517
      ],
      [
        0.807776749,
        -0.310241431,
        0.501245439
      ]
    ],
    "placeTranslation": [
      0.6841748,
      0.8594806,
      0.07883303
    ]
  }
]