[
  {
    "timeStamp": 27610,
    "rotation": [
      [
        -0.5225263,
        0.8427047,
        -0.129672632
      ],
      [
        -0.0926275,
        0.09508053,
        0.991150737
      ],
      [
        0.8475768,
        0.5299136,
        0.0283755548
      ]
    ],
    "translation": [
      1.30848682,
      0.702565253,
      -0.744126856
    ]
  },
  {
    "timeStamp": 27655,
    "rotation": [
      [
        -0.5614639,
        0.8145167,
        -0.146016344
      ],
      [
        -0.14592804,
        0.07622982,
        0.9863539
      ],
      [
        0.8145325,
        0.57511,
        0.07606053
      ]
    ],
    "translation": [
      1.309094,
      0.7039585,
      -0.743094265
    ]
  },
  {
    "timeStamp": 27710,
    "rotation": [
      [
        -0.5036542,
        0.863749743,
        -0.016395539
      ],
      [
        0.118615329,
        0.08793858,
        0.9890385
      ],
      [
        0.85572356,
        0.4961886,
        -0.1467446
      ]
    ],
    "translation": [
      1.30316007,
      0.729885,
      -0.713141
    ]
  },
  {
    "timeStamp": 27754,
    "rotation": [
      [
        -0.443901718,
        0.8930545,
        0.0735188648
      ],
      [
        0.193375185,
        0.0153598953,
        0.981004655
      ],
      [
        0.8749614,
        0.449686378,
        -0.179512843
      ]
    ],
    "translation": [
      1.31352472,
      0.7744951,
      -0.696841538
    ]
  },
  {
    "timeStamp": 27810,
    "rotation": [
      [
        -0.334484458,
        0.9238731,
        0.185952976
      ],
      [
        0.305113018,
        -0.08052646,
        0.948905468
      ],
      [
        0.8916424,
        0.3741308,
        -0.254950881
      ]
    ],
    "translation": [
      1.35118294,
      0.8461835,
      -0.67770505
    ]
  },
  {
    "timeStamp": 27854,
    "rotation": [
      [
        -0.245994285,
        0.9434694,
        0.222153634
      ],
      [
        0.369222641,
        -0.120704517,
        0.921469
      ],
      [
        0.8961927,
        0.308700234,
        -0.318657666
      ]
    ],
    "translation": [
      1.40310585,
      0.8997514,
      -0.667676449
    ]
  },
  {
    "timeStamp": 27910,
    "rotation": [
      [
        -0.108322836,
        0.9701528,
        0.216955736
      ],
      [
        0.388588339,
        -0.159554824,
        0.9074918
      ],
      [
        0.915022,
        0.182608545,
        -0.35970664
      ]
    ],
    "translation": [
      1.48760366,
      0.9487219,
      -0.6612083
    ]
  },
  {
    "timeStamp": 27955,
    "rotation": [
      [
        -0.0150334621,
        0.986531,
        0.1628821
      ],
      [
        0.404526085,
        -0.142972678,
        0.9032815
      ],
      [
        0.9144029,
        0.0794695,
        -0.396928132
      ]
    ],
    "translation": [
      1.5648582,
      0.976891458,
      -0.657814145
    ]
  },
  {
    "timeStamp": 28010,
    "rotation": [
      [
        0.09590107,
        0.9935892,
        0.0598624237
      ],
      [
        0.411701649,
        -0.09434807,
        0.906421661
      ],
      [
        0.9062587,
        -0.0622813553,
        -0.4181104
      ]
    ],
    "translation": [
      1.66619742,
      1.00052738,
      -0.6606903
    ]
  },
  {
    "timeStamp": 28054,
    "rotation": [
      [
        0.194242328,
        0.980069041,
        -0.04164847
      ],
      [
        0.3991893,
        -0.0401910357,
        0.9159872
      ],
      [
        0.8960568,
        -0.194549114,
        -0.399039865
      ]
    ],
    "translation": [
      1.75450289,
      1.00860679,
      -0.666736543
    ]
  },
  {
    "timeStamp": 28110,
    "rotation": [
      [
        0.324633181,
        0.9290263,
        -0.177548528
      ],
      [
        0.3712466,
        0.04749608,
        0.927318752
      ],
      [
        0.8699364,
        -0.366952717,
        -0.329479069
      ]
    ],
    "translation": [
      1.86173844,
      1.00688672,
      -0.6825775
    ]
  },
  {
    "timeStamp": 28154,
    "rotation": [
      [
        0.420428485,
        0.8681798,
        -0.263635635
      ],
      [
        0.349702239,
        0.113063984,
        0.930013359
      ],
      [
        0.8372265,
        -0.4831981,
        -0.2560691
      ]
    ],
    "translation": [
      1.94304144,
      0.999918044,
      -0.699813545
    ]
  },
  {
    "timeStamp": 28210,
    "rotation": [
      [
        0.5034882,
        0.7859675,
        -0.358823866
      ],
      [
        0.3515552,
        0.193008572,
        0.9160549
      ],
      [
        0.789245546,
        -0.587369263,
        -0.179133445
      ]
    ],
    "translation": [
      2.028383,
      0.9895194,
      -0.7187792
    ]
  },
  {
    "timeStamp": 28254,
    "rotation": [
      [
        0.5741726,
        0.7334494,
        -0.36383754
      ],
      [
        0.3201175,
        0.207903281,
        0.924284041
      ],
      [
        0.7535586,
        -0.647169352,
        -0.115417622
      ]
    ],
    "translation": [
      2.08348918,
      0.97218436,
      -0.7335937
    ]
  },
  {
    "timeStamp": 28310,
    "rotation": [
      [
        0.6443788,
        0.669706464,
        -0.3691464
      ],
      [
        0.285832077,
        0.236805722,
        0.928559661
      ],
      [
        0.7092784,
        -0.7038581,
        -0.0388310179
      ]
    ],
    "translation": [
      2.13654876,
      0.9436687,
      -0.747568
    ]
  },
  {
    "timeStamp": 28360,
    "rotation": [
      [
        0.6875123,
        0.650421858,
        -0.322921425
      ],
      [
        0.232591048,
        0.224024862,
        0.9464218
      ],
      [
        0.687915862,
        -0.725785255,
        0.00273754238
      ]
    ],
    "translation": [
      2.1614995,
      0.9163377,
      -0.753127038
    ]
  },
  {
    "timeStamp": 28404,
    "rotation": [
      [
        0.7115677,
        0.6346746,
        -0.3014292
      ],
      [
        0.189022139,
        0.240273923,
        0.952123463
      ],
      [
        0.6767142,
        -0.7344771,
        0.0510036051
      ]
    ],
    "translation": [
      2.18457031,
      0.882818937,
      -0.7562299
    ]
  },
  {
    "timeStamp": 28460,
    "rotation": [
      [
        0.7491619,
        0.617345154,
        -0.240086213
      ],
      [
        0.126806051,
        0.222086653,
        0.966746
      ],
      [
        0.6501359,
        -0.7546936,
        0.08809576
      ]
    ],
    "translation": [
      2.19750881,
      0.8521409,
      -0.7562234
    ]
  },
  {
    "timeStamp": 28504,
    "rotation": [
      [
        0.7758443,
        0.593145967,
        -0.215043068
      ],
      [
        0.100362159,
        0.220473245,
        0.970216
      ],
      [
        0.6228909,
        -0.7743187,
        0.1115235
      ]
    ],
    "translation": [
      2.20621,
      0.83345,
      -0.755972862
    ]
  },
  {
    "timeStamp": 28560,
    "rotation": [
      [
        0.787589669,
        0.590778768,
        -0.1751656
      ],
      [
        0.0566395,
        0.213657364,
        0.9752653
      ],
      [
        0.6135915,
        -0.778030157,
        0.134812921
      ]
    ],
    "translation": [
      2.209707,
      0.815211535,
      -0.7533002
    ]
  },
  {
    "timeStamp": 28605,
    "rotation": [
      [
        0.788502157,
        0.594885,
        -0.156128749
      ],
      [
        0.0354030021,
        0.209532142,
        0.977160633
      ],
      [
        0.614012241,
        -0.7760207,
        0.14415583
      ]
    ],
    "translation": [
      2.20843124,
      0.8066666,
      -0.751410246
    ]
  }
]