[
  {
    "timeStamp": 29382,
    "rotation": [
      [
        0.998151362,
        -0.06027948,
        -0.007760676
      ],
      [
        0.0605172068,
        0.9975426,
        0.035304185
      ],
      [
        0.00561348768,
        -0.0357085764,
        0.999346435
      ]
    ],
    "translation": [
      1.45042741,
      0.6922271,
      -0.7477344
    ]
  },
  {
    "timeStamp": 29426,
    "rotation": [
      [
        0.99715066,
        -0.07512777,
        0.006815409
      ],
      [
        0.07217463,
        0.9764141,
        0.203485683
      ],
      [
        -0.0219420865,
        -0.202413991,
        0.9790542
      ]
    ],
    "translation": [
      1.45248735,
      0.6850136,
      -0.7464393
    ]
  },
  {
    "timeStamp": 29483,
    "rotation": [
      [
        0.99973774,
        -0.0158670023,
        0.0165145732
      ],
      [
        0.0153198522,
        0.999346256,
        0.0327464826
      ],
      [
        -0.0170233659,
        -0.0324848928,
        0.999327242
      ]
    ],
    "translation": [
      1.45952356,
      0.7009707,
      -0.737461448
    ]
  },
  {
    "timeStamp": 29528,
    "rotation": [
      [
        0.988221169,
        -0.07756953,
        0.131915987
      ],
      [
        0.0269274954,
        0.9367053,
        0.349081755
      ],
      [
        -0.150644511,
        -0.341417819,
        0.9277608
      ]
    ],
    "translation": [
      1.48652112,
      0.746642947,
      -0.694656253
    ]
  },
  {
    "timeStamp": 29575,
    "rotation": [
      [
        0.9543291,
        -0.06259445,
        0.292126656
      ],
      [
        -0.119447261,
        0.816311359,
        0.5651266
      ],
      [
        -0.273840129,
        -0.574210465,
        0.7715529
      ]
    ],
    "translation": [
      1.52419531,
      0.8131239,
      -0.659313
    ]
  },
  {
    "timeStamp": 29631,
    "rotation": [
      [
        0.916332364,
        -0.0984407142,
        0.388129443
      ],
      [
        -0.183359653,
        0.7585516,
        0.625282943
      ],
      [
        -0.355969518,
        -0.6441343,
        0.6770353
      ]
    ],
    "translation": [
      1.59680438,
      0.880736232,
      -0.6476987
    ]
  },
  {
    "timeStamp": 29676,
    "rotation": [
      [
        0.8622097,
        -0.178993955,
        0.473873
      ],
      [
        -0.20576793,
        0.731068432,
        0.6505371
      ],
      [
        -0.462875783,
        -0.6584072,
        0.5935031
      ]
    ],
    "translation": [
      1.67182517,
      0.9228039,
      -0.6446803
    ]
  },
  {
    "timeStamp": 29731,
    "rotation": [
      [
        0.7835969,
        -0.30172202,
        0.5430835
      ],
      [
        -0.199054375,
        0.7061379,
        0.679519355
      ],
      [
        -0.588517845,
        -0.6405724,
        0.493268371
      ]
    ],
    "translation": [
      1.77225935,
      0.964972138,
      -0.649052143
    ]
  },
  {
    "timeStamp": 29776,
    "rotation": [
      [
        0.7429907,
        -0.399122179,
        0.5372768
      ],
      [
        -0.159458563,
        0.6740687,
        0.721251965
      ],
      [
        -0.6500291,
        -0.6215569,
        0.4371833
      ]
    ],
    "translation": [
      1.84679079,
      0.991812944,
      -0.6585983
    ]
  },
  {
    "timeStamp": 29831,
    "rotation": [
      [
        0.7261041,
        -0.499905169,
        0.472088724
      ],
      [
        -0.06805604,
        0.6309666,
        0.7728192
      ],
      [
        -0.6842085,
        -0.593275666,
        0.42412585
      ]
    ],
    "translation": [
      1.93027329,
      1.01542509,
      -0.673976362
    ]
  },
  {
    "timeStamp": 29875,
    "rotation": [
      [
        0.711036563,
        -0.5202232,
        0.4730696
      ],
      [
        -0.0499041639,
        0.633749843,
        0.771926641
      ],
      [
        -0.7013819,
        -0.5724762,
        0.424658
      ]
    ],
    "translation": [
      1.98720515,
      1.02703714,
      -0.6876847
    ]
  },
  {
    "timeStamp": 29931,
    "rotation": [
      [
        0.677967966,
        -0.6210438,
        0.393273562
      ],
      [
        0.0594704635,
        0.579585135,
        0.8127388
      ],
      [
        -0.7326819,
        -0.5276227,
        0.4298739
      ]
    ],
    "translation": [
      2.05816555,
      1.03819776,
      -0.7044368
    ]
  },
  {
    "timeStamp": 29976,
    "rotation": [
      [
        0.627426147,
        -0.650109231,
        0.428595781
      ],
      [
        0.0720123351,
        0.59650147,
        0.7993749
      ],
      [
        -0.775339,
        -0.4706845,
        0.4210765
      ]
    ],
    "translation": [
      2.10840774,
      1.0373373,
      -0.716881752
    ]
  },
  {
    "timeStamp": 30031,
    "rotation": [
      [
        0.5519987,
        -0.692521453,
        0.4644475
      ],
      [
        0.106575154,
        0.6110212,
        0.784407258
      ],
      [
        -0.827006161,
        -0.3834932,
        0.411088526
      ]
    ],
    "translation": [
      2.1596694,
      1.02532113,
      -0.7303794
    ]
  },
  {
    "timeStamp": 30078,
    "rotation": [
      [
        0.48673594,
        -0.6937275,
        0.530876935
      ],
      [
        0.109997138,
        0.65156,
        0.7505799
      ],
      [
        -0.8665961,
        -0.306939274,
        0.3934457
      ]
    ],
    "translation": [
      2.1877954,
      1.00581419,
      -0.740323067
    ]
  },
  {
    "timeStamp": 30126,
    "rotation": [
      [
        0.443537921,
        -0.667755067,
        0.5978104
      ],
      [
        0.102525577,
        0.7004324,
        0.7063165
      ],
      [
        -0.890372157,
        -0.2519873,
        0.379130334
      ]
    ],
    "translation": [
      2.2054913,
      0.9767768,
      -0.7470754
    ]
  },
  {
    "timeStamp": 30182,
    "rotation": [
      [
        0.470279485,
        -0.6234768,
        0.624591
      ],
      [
        0.122992277,
        0.747133851,
        0.6531952
      ],
      [
        -0.8739051,
        -0.230364442,
        0.428044528
      ]
    ],
    "translation": [
      2.20415235,
      0.942650139,
      -0.748873055
    ]
  },
  {
    "timeStamp": 30226,
    "rotation": [
      [
        0.42721194,
        -0.567284346,
        0.704044342
      ],
      [
        0.09463876,
        0.8024586,
        0.589155138
      ],
      [
        -0.899184942,
        -0.185064226,
        0.396506935
      ]
    ],
    "translation": [
      2.205013,
      0.918682337,
      -0.755282164
    ]
  },
  {
    "timeStamp": 30282,
    "rotation": [
      [
        0.4156381,
        -0.527737856,
        0.7407683
      ],
      [
        0.09543917,
        0.8352616,
        0.5415067
      ],
      [
        -0.9045089,
        -0.154372513,
        0.3975334
      ]
    ],
    "translation": [
      2.204406,
      0.8983325,
      -0.7619277
    ]
  },
  {
    "timeStamp": 30326,
    "rotation": [
      [
        0.41212514,
        -0.491170734,
        0.7674009
      ],
      [
        0.07607306,
        0.857863069,
        0.508216262
      ],
      [
        -0.9079459,
        -0.151070163,
        0.390911818
      ]
    ],
    "translation": [
      2.199929,
      0.888688862,
      -0.7642368
    ]
  },
  {
    "timeStamp": 30381,
    "rotation": [
      [
        0.391432881,
        -0.4638975,
        0.7947197
      ],
      [
        0.0527356341,
        0.8735211,
        0.483921319
      ],
      [
        -0.9186943,
        -0.147512674,
        0.366388828
      ]
    ],
    "translation": [
      2.198496,
      0.88156414,
      -0.7669779
    ]
  },
  {
    "timeStamp": 30426,
    "rotation": [
      [
        0.379820675,
        -0.44590494,
        0.8104968
      ],
      [
        0.0471135676,
        0.884343266,
        0.4644538
      ],
      [
        -0.923859656,
        -0.138223752,
        0.3569
      ]
    ],
    "translation": [
      2.19777,
      0.87543577,
      -0.7700889
    ]
  },
  {
    "timeStamp": 30483,
    "rotation": [
      [
        0.350924134,
        -0.41201216,
        0.840891361
      ],
      [
        0.0284775477,
        0.902281,
        0.430206925
      ],
      [
        -0.9359708,
        -0.127023473,
        0.328365266
      ]
    ],
    "translation": [
      2.195995,
      0.8681203,
      -0.7740484
    ]
  },
  {
    "timeStamp": 30528,
    "rotation": [
      [
        0.325593919,
        -0.385393381,
        0.8634006
      ],
      [
        0.014915539,
        0.915138841,
        0.402862877
      ],
      [
        -0.945392,
        -0.118291616,
        0.303711981
      ]
    ],
    "translation": [
      2.19473577,
      0.862844348,
      -0.776711941
    ]
  },
  {
    "timeStamp": 30574,
    "rotation": [
      [
        0.297719,
        -0.3540172,
        0.886586249
      ],
      [
        0.005943476,
        0.929368854,
        0.3691046
      ],
      [
        -0.954635,
        -0.104620039,
        0.278794855
      ]
    ],
    "translation": [
      2.192148,
      0.856896,
      -0.779536
    ]
  },
  {
    "timeStamp": 30630,
    "rotation": [
      [
        0.2626969,
        -0.323846757,
        0.90890795
      ],
      [
        -0.000130544111,
        0.941980243,
        0.335668236
      ],
      [
        -0.96487844,
        -0.08829766,
        0.247413009
      ]
    ],
    "translation": [
      2.19052887,
      0.8507887,
      -0.782771051
    ]
  },
  {
    "timeStamp": 30675,
    "rotation": [
      [
        0.2104536,
        -0.2995325,
        0.9305856
      ],
      [
        -0.0127674034,
        0.950981259,
        0.308984756
      ],
      [
        -0.977520466,
        -0.07690812,
        0.196313187
      ]
    ],
    "translation": [
      2.19184685,
      0.846587837,
      -0.7844783
    ]
  },
  {
    "timeStamp": 30731,
    "rotation": [
      [
        0.165436283,
        -0.283681363,
        0.944539964
      ],
      [
        0.0131848771,
        0.9582877,
        0.285501
      ],
      [
        -0.9861323,
        -0.0347785838,
        0.162275866
      ]
    ],
    "translation": [
      2.1938436,
      0.8372151,
      -0.7905116
    ]
  }
]