[
  {
    "timeStamp": 38109,
    "rotation": [
      [
        0.9996784,
        -0.0109014045,
        -0.0228959844
      ],
      [
        0.0228350088,
        -0.005685404,
        0.9997231
      ],
      [
        -0.0110285608,
        -0.999924362,
        -0.005434642
      ]
    ],
    "translation": [
      1.307648,
      0.7047225,
      -0.3599498
    ]
  },
  {
    "timeStamp": 38153,
    "rotation": [
      [
        0.999924064,
        -0.0003711608,
        0.0123191951
      ],
      [
        -0.01231365,
        0.0123951668,
        0.999847353
      ],
      [
        -0.000523805444,
        -0.9999231,
        0.0123896552
      ]
    ],
    "translation": [
      1.30258763,
      0.714252532,
      -0.364379585
    ]
  },
  {
    "timeStamp": 38208,
    "rotation": [
      [
        0.9992217,
        0.01630298,
        0.0359201133
      ],
      [
        -0.0359434374,
        0.00113998272,
        0.9993532
      ],
      [
        0.0162514877,
        -0.9998665,
        0.00172508077
      ]
    ],
    "translation": [
      1.3000021,
      0.728528,
      -0.369069755
    ]
  },
  {
    "timeStamp": 38253,
    "rotation": [
      [
        0.9940681,
        0.0115862135,
        0.108140253
      ],
      [
        -0.108157873,
        0.000903077656,
        0.9941333
      ],
      [
        0.0114205815,
        -0.9999324,
        0.00215086085
      ]
    ],
    "translation": [
      1.29439712,
      0.754891336,
      -0.375263125
    ]
  },
  {
    "timeStamp": 38308,
    "rotation": [
      [
        0.9763331,
        -0.00308887661,
        0.2162501
      ],
      [
        -0.2162714,
        -0.0113093164,
        0.976267755
      ],
      [
        -0.0005699273,
        -0.9999313,
        -0.0117096957
      ]
    ],
    "translation": [
      1.29435325,
      0.8018381,
      -0.3881081
    ]
  },
  {
    "timeStamp": 38352,
    "rotation": [
      [
        0.938498437,
        -0.0167335384,
        0.34487775
      ],
      [
        -0.344168544,
        0.034867052,
        0.938260257
      ],
      [
        -0.0277252849,
        -0.999251842,
        0.0269635171
      ]
    ],
    "translation": [
      1.29424739,
      0.8515117,
      -0.4084301
    ]
  },
  {
    "timeStamp": 38408,
    "rotation": [
      [
        0.8158065,
        -0.011033684,
        0.578219652
      ],
      [
        -0.5662872,
        0.187691361,
        0.80255264
      ],
      [
        -0.117381953,
        -0.9821661,
        0.1468716
      ]
    ],
    "translation": [
      1.30660677,
      0.924712837,
      -0.437747926
    ]
  },
  {
    "timeStamp": 38452,
    "rotation": [
      [
        0.6747563,
        0.06877938,
        0.73482877
      ],
      [
        -0.7049215,
        0.3549721,
        0.6140688
      ],
      [
        -0.218608439,
        -0.9323434,
        0.288003683
      ]
    ],
    "translation": [
      1.323854,
      0.9918412,
      -0.465631425
    ]
  },
  {
    "timeStamp": 38508,
    "rotation": [
      [
        0.463542521,
        0.2143383,
        0.859760165
      ],
      [
        -0.8116703,
        0.4919132,
        0.3149807
      ],
      [
        -0.3554149,
        -0.843848646,
        0.4019947
      ]
    ],
    "translation": [
      1.36653757,
      1.06955206,
      -0.488902032
    ]
  },
  {
    "timeStamp": 38552,
    "rotation": [
      [
        0.462190866,
        0.224202245,
        0.8579703
      ],
      [
        -0.81761086,
        0.482352316,
        0.314402252
      ],
      [
        -0.343354255,
        -0.8467996,
        0.406249017
      ]
    ],
    "translation": [
      1.40112853,
      1.10575593,
      -0.5048201
    ]
  },
  {
    "timeStamp": 38608,
    "rotation": [
      [
        0.4767935,
        0.224393472,
        0.8498914
      ],
      [
        -0.8228582,
        0.453984261,
        0.341764033
      ],
      [
        -0.309147745,
        -0.862291038,
        0.401100755
      ]
    ],
    "translation": [
      1.4415952,
      1.14016473,
      -0.5213328
    ]
  },
  {
    "timeStamp": 38653,
    "rotation": [
      [
        0.51750654,
        0.206676528,
        0.830344439
      ],
      [
        -0.8098056,
        0.431759447,
        0.3972389
      ],
      [
        -0.2764091,
        -0.877991259,
        0.3908061
      ]
    ],
    "translation": [
      1.47314167,
      1.15930343,
      -0.5320756
    ]
  },
  {
    "timeStamp": 38708,
    "rotation": [
      [
        0.5423384,
        0.207035333,
        0.8142514
      ],
      [
        -0.7993813,
        0.425430417,
        0.424262136
      ],
      [
        -0.2585701,
        -0.8809911,
        0.396227419
      ]
    ],
    "translation": [
      1.51130056,
      1.18677688,
      -0.545649469
    ]
  },
  {
    "timeStamp": 38752,
    "rotation": [
      [
        0.5734446,
        0.190935493,
        0.796683669
      ],
      [
        -0.7829932,
        0.413812071,
        0.464414954
      ],
      [
        -0.241004035,
        -0.8901141,
        0.3867995
      ]
    ],
    "translation": [
      1.540699,
      1.204466,
      -0.556413949
    ]
  },
  {
    "timeStamp": 38808,
    "rotation": [
      [
        0.583160043,
        0.176404908,
        0.7929727
      ],
      [
        -0.7688023,
        0.435178876,
        0.468574882
      ],
      [
        -0.262426049,
        -0.8828933,
        0.389399439
      ]
    ],
    "translation": [
      1.57532382,
      1.22906137,
      -0.566673
    ]
  },
  {
    "timeStamp": 38852,
    "rotation": [
      [
        0.598514259,
        0.196755722,
        0.776574433
      ],
      [
        -0.755181849,
        0.462082118,
        0.464952022
      ],
      [
        -0.2673592,
        -0.864735365,
        0.4251491
      ]
    ],
    "translation": [
      1.60118616,
      1.24722171,
      -0.5827941
    ]
  },
  {
    "timeStamp": 38908,
    "rotation": [
      [
        0.6372027,
        0.1716814,
        0.7513309
      ],
      [
        -0.7142287,
        0.4978271,
        0.4919813
      ],
      [
        -0.289568871,
        -0.8501139,
        0.439836532
      ]
    ],
    "translation": [
      1.63294864,
      1.2634604,
      -0.596761
    ]
  },
  {
    "timeStamp": 38963,
    "rotation": [
      [
        0.6857084,
        0.103300832,
        0.720508754
      ],
      [
        -0.6417392,
        0.5529094,
        0.5314716
      ],
      [
        -0.343474567,
        -0.8268132,
        0.4454268
      ]
    ],
    "translation": [
      1.66954017,
      1.27864945,
      -0.607690156
    ]
  },
  {
    "timeStamp": 39008,
    "rotation": [
      [
        0.715585768,
        0.129185423,
        0.686475158
      ],
      [
        -0.6378625,
        0.5214256,
        0.566786349
      ],
      [
        -0.2847252,
        -0.843461,
        0.4555273
      ]
    ],
    "translation": [
      1.69973338,
      1.30885029,
      -0.629327536
    ]
  },
  {
    "timeStamp": 39053,
    "rotation": [
      [
        0.739953339,
        0.11789649,
        0.66224575
      ],
      [
        -0.632132053,
        0.458442181,
        0.624691844
      ],
      [
        -0.22995238,
        -0.880869567,
        0.41375196
      ]
    ],
    "translation": [
      1.73120677,
      1.344843,
      -0.6456675
    ]
  },
  {
    "timeStamp": 39108,
    "rotation": [
      [
        0.817239344,
        0.048126623,
        0.574285448
      ],
      [
        -0.543553352,
        0.3954905,
        0.740362763
      ],
      [
        -0.191493273,
        -0.9172083,
        0.349369764
      ]
    ],
    "translation": [
      1.77842915,
      1.37275124,
      -0.659757555
    ]
  },
  {
    "timeStamp": 39152,
    "rotation": [
      [
        0.822223,
        0.0413435251,
        0.567662
      ],
      [
        -0.540544331,
        0.3690144,
        0.756068945
      ],
      [
        -0.178216875,
        -0.928503752,
        0.325760126
      ]
    ],
    "translation": [
      1.81004763,
      1.40801775,
      -0.6733884
    ]
  },
  {
    "timeStamp": 39208,
    "rotation": [
      [
        0.8829404,
        0.01238016,
        0.469321847
      ],
      [
        -0.446810216,
        0.329072922,
        0.831908464
      ],
      [
        -0.144141927,
        -0.9442234,
        0.296083361
      ]
    ],
    "translation": [
      1.84821486,
      1.432294,
      -0.6953213
    ]
  },
  {
    "timeStamp": 39263,
    "rotation": [
      [
        0.904518366,
        -0.0470463522,
        0.423831522
      ],
      [
        -0.389517426,
        0.3133637,
        0.8660712
      ],
      [
        -0.1735589,
        -0.9484671,
        0.265117854
      ]
    ],
    "translation": [
      1.8785423,
      1.45574987,
      -0.707149267
    ]
  },
  {
    "timeStamp": 39308,
    "rotation": [
      [
        0.912909,
        -0.1112565,
        0.392707646
      ],
      [
        -0.346839219,
        0.295761526,
        0.89007175
      ],
      [
        -0.215174064,
        -0.948760867,
        0.2314152
      ]
    ],
    "translation": [
      1.89867747,
      1.47342682,
      -0.713004947
    ]
  },
  {
    "timeStamp": 39363,
    "rotation": [
      [
        0.9126674,
        -0.132991284,
        0.386460185
      ],
      [
        -0.3403856,
        0.276047,
        0.8988524
      ],
      [
        -0.226220757,
        -0.9518988,
        0.206670776
      ]
    ],
    "translation": [
      1.91478992,
      1.496268,
      -0.7258304
    ]
  },
  {
    "timeStamp": 39407,
    "rotation": [
      [
        0.91685915,
        -0.159361809,
        0.366023183
      ],
      [
        -0.318460077,
        0.260921717,
        0.9113194
      ],
      [
        -0.240732908,
        -0.9521153,
        0.188478112
      ]
    ],
    "translation": [
      1.92480862,
      1.50822079,
      -0.7356804
    ]
  },
  {
    "timeStamp": 39453,
    "rotation": [
      [
        0.921361268,
        -0.194851637,
        0.336342573
      ],
      [
        -0.286967725,
        0.242673174,
        0.926692665
      ],
      [
        -0.262188882,
        -0.9503382,
        0.167673528
      ]
    ],
    "translation": [
      1.9352386,
      1.5140202,
      -0.741716743
    ]
  },
  {
    "timeStamp": 39508,
    "rotation": [
      [
        0.9242897,
        -0.208949313,
        0.319419473
      ],
      [
        -0.27079913,
        0.230778426,
        0.934563637
      ],
      [
        -0.26899153,
        -0.950306,
        0.156722814
      ]
    ],
    "translation": [
      1.94064331,
      1.52180517,
      -0.752247632
    ]
  },
  {
    "timeStamp": 39563,
    "rotation": [
      [
        0.921272337,
        -0.242387027,
        0.3041477
      ],
      [
        -0.254684627,
        0.2150309,
        0.9428136
      ],
      [
        -0.293926954,
        -0.9460498,
        0.136369765
      ]
    ],
    "translation": [
      1.94623113,
      1.5273031,
      -0.7561165
    ]
  },
  {
    "timeStamp": 39607,
    "rotation": [
      [
        0.9150894,
        -0.263707966,
        0.305072963
      ],
      [
        -0.2566269,
        0.202726439,
        0.945010364
      ],
      [
        -0.311053127,
        -0.9430589,
        0.117838264
      ]
    ],
    "translation": [
      1.947735,
      1.53318059,
      -0.758944631
    ]
  },
  {
    "timeStamp": 39663,
    "rotation": [
      [
        0.909331858,
        -0.284241229,
        0.3038464
      ],
      [
        -0.256335855,
        0.192500561,
        0.947225153
      ],
      [
        -0.327731043,
        -0.9392287,
        0.102185659
      ]
    ],
    "translation": [
      1.94838071,
      1.53815,
      -0.7630927
    ]
  },
  {
    "timeStamp": 39708,
    "rotation": [
      [
        0.905603647,
        -0.294438124,
        0.3052674
      ],
      [
        -0.2579505,
        0.188967913,
        0.9474981
      ],
      [
        -0.336665332,
        -0.9368017,
        0.09517957
      ]
    ],
    "translation": [
      1.94733572,
      1.542115,
      -0.7671931
    ]
  },
  {
    "timeStamp": 39763,
    "rotation": [
      [
        0.9047093,
        -0.308759,
        0.293545485
      ],
      [
        -0.245882466,
        0.184263036,
        0.9516244
      ],
      [
        -0.347912163,
        -0.9331211,
        0.09078605
      ]
    ],
    "translation": [
      1.94675279,
      1.5443691,
      -0.7714925
    ]
  },
  {
    "timeStamp": 39807,
    "rotation": [
      [
        0.899181068,
        -0.3256515,
        0.292274863
      ],
      [
        -0.245236725,
        0.1781434,
        0.952955365
      ],
      [
        -0.362398118,
        -0.9285559,
        0.08032146
      ]
    ],
    "translation": [
      1.94600964,
      1.54719985,
      -0.7728295
    ]
  },
  {
    "timeStamp": 39863,
    "rotation": [
      [
        0.8925736,
        -0.3342834,
        0.302600354
      ],
      [
        -0.256637,
        0.175165489,
        0.9505022
      ],
      [
        -0.3707423,
        -0.9260517,
        0.07055859
      ]
    ],
    "translation": [
      1.94214511,
      1.55176973,
      -0.775544643
    ]
  },
  {
    "timeStamp": 39907,
    "rotation": [
      [
        0.8968346,
        -0.3343024,
        0.289706051
      ],
      [
        -0.244253963,
        0.171796411,
        0.954372048
      ],
      [
        -0.3688193,
        -0.926675737,
        0.07241828
      ]
    ],
    "translation": [
      1.93885565,
      1.551829,
      -0.7794474
    ]
  },
  {
    "timeStamp": 39963,
    "rotation": [
      [
        0.892833,
        -0.3399561,
        0.295430362
      ],
      [
        -0.24982065,
        0.171982288,
        0.9528965
      ],
      [
        -0.374751776,
        -0.924582,
        0.0686234
      ]
    ],
    "translation": [
      1.93460131,
      1.55325878,
      -0.782742143
    ]
  },
  {
    "timeStamp": 40007,
    "rotation": [
      [
        0.8933237,
        -0.345339,
        0.287599862
      ],
      [
        -0.24220027,
        0.1691153,
        0.955373764
      ],
      [
        -0.378565371,
        -0.923114836,
        0.06743351
      ]
    ],
    "translation": [
      1.93322408,
      1.55317378,
      -0.7853259
    ]
  },
  {
    "timeStamp": 40057,
    "rotation": [
      [
        0.8881655,
        -0.353743464,
        0.293304771
      ],
      [
        -0.247243613,
        0.170149669,
        0.9538971
      ],
      [
        -0.387340575,
        -0.9197362,
        0.06366024
      ]
    ],
    "translation": [
      1.93142974,
      1.55346453,
      -0.7866652
    ]
  },
  {
    "timeStamp": 40105,
    "rotation": [
      [
        0.88557893,
        -0.363105923,
        0.289662033
      ],
      [
        -0.242840081,
        0.169664562,
        0.955113947
      ],
      [
        -0.3959529,
        -0.9161703,
        0.06207468
      ]
    ],
    "translation": [
      1.93055713,
      1.55209553,
      -0.7892115
    ]
  },
  {
    "timeStamp": 40161,
    "rotation": [
      [
        0.8826235,
        -0.3678263,
        0.2927108
      ],
      [
        -0.244579017,
        0.172434136,
        0.954173744
      ],
      [
        -0.401443571,
        -0.913767159,
        0.0622318164
      ]
    ],
    "translation": [
      1.92791259,
      1.55123079,
      -0.7915903
    ]
  },
  {
    "timeStamp": 40205,
    "rotation": [
      [
        0.8817462,
        -0.374791056,
        0.286453217
      ],
      [
        -0.238358572,
        0.170036077,
        0.9561762
      ],
      [
        -0.407073647,
        -0.9113832,
        0.0605940036
      ]
    ],
    "translation": [
      1.92727077,
      1.54962885,
      -0.7929576
    ]
  },
  {
    "timeStamp": 40261,
    "rotation": [
      [
        0.8785035,
        -0.3773236,
        0.293016255
      ],
      [
        -0.246012941,
        0.1684629,
        0.9545145
      ],
      [
        -0.4095232,
        -0.9106301,
        0.05516875
      ]
    ],
    "translation": [
      1.92483068,
      1.5493412,
      -0.7950974
    ]
  },
  {
    "timeStamp": 40305,
    "rotation": [
      [
        0.876205,
        -0.381706655,
        0.294218868
      ],
      [
        -0.246198475,
        0.1703027,
        0.954140067
      ],
      [
        -0.4143079,
        -0.9084586,
        0.05524448
      ]
    ],
    "translation": [
      1.92446613,
      1.547869,
      -0.795916736
    ]
  },
  {
    "timeStamp": 40361,
    "rotation": [
      [
        0.871995747,
        -0.387049049,
        0.299693972
      ],
      [
        -0.249896079,
        0.174467936,
        0.952424765
      ],
      [
        -0.420922071,
        -0.90540266,
        0.0554132648
      ]
    ],
    "translation": [
      1.92357326,
      1.54311,
      -0.79896003
    ]
  },
  {
    "timeStamp": 40405,
    "rotation": [
      [
        0.8652029,
        -0.3968406,
        0.3064989
      ],
      [
        -0.256617576,
        0.174703091,
        0.9505926
      ],
      [
        -0.430780023,
        -0.901108444,
        0.04931734
      ]
    ],
    "translation": [
      1.92323744,
      1.54005408,
      -0.798912942
    ]
  },
  {
    "timeStamp": 40461,
    "rotation": [
      [
        0.850117266,
        -0.4608281,
        0.254829675
      ],
      [
        -0.205476448,
        0.15527299,
        0.966265857
      ],
      [
        -0.484850645,
        -0.873800755,
        0.0373109169
      ]
    ],
    "translation": [
      1.92485487,
      1.51299024,
      -0.799674
    ]
  },
  {
    "timeStamp": 40506,
    "rotation": [
      [
        0.8113891,
        -0.584012866,
        0.0240145884
      ],
      [
        0.0110671613,
        0.0564279146,
        0.9983453
      ],
      [
        -0.5844016,
        -0.8097807,
        0.05224836
      ]
    ],
    "translation": [
      1.95281923,
      1.458872,
      -0.8008747
    ]
  },
  {
    "timeStamp": 40563,
    "rotation": [
      [
        0.6379851,
        -0.6953575,
        -0.330836684
      ],
      [
        0.337191164,
        -0.133986026,
        0.931852937
      ],
      [
        -0.6922984,
        -0.7060635,
        0.148987323
      ]
    ],
    "translation": [
      2.01127744,
      1.38889265,
      -0.821091354
    ]
  },
  {
    "timeStamp": 40607,
    "rotation": [
      [
        0.492593676,
        -0.7455958,
        -0.448818743
      ],
      [
        0.4479096,
        -0.224963367,
        0.865314066
      ],
      [
        -0.7461423,
        -0.6272785,
        0.22314398
      ]
    ],
    "translation": [
      2.04377985,
      1.35227013,
      -0.8465035
    ]
  },
  {
    "timeStamp": 40663,
    "rotation": [
      [
        0.389136761,
        -0.819595158,
        -0.420519173
      ],
      [
        0.4065595,
        -0.25683,
        0.8767826
      ],
      [
        -0.8266087,
        -0.5121544,
        0.23327221
      ]
    ],
    "translation": [
      2.068031,
      1.320464,
      -0.8709718
    ]
  },
  {
    "timeStamp": 40707,
    "rotation": [
      [
        0.333065182,
        -0.8801843,
        -0.338146538
      ],
      [
        0.297994435,
        -0.241981864,
        0.9233873
      ],
      [
        -0.8945764,
        -0.40831393,
        0.1816943
      ]
    ],
    "translation": [
      2.08404827,
      1.30024171,
      -0.8848073
    ]
  },
  {
    "timeStamp": 40763,
    "rotation": [
      [
        0.220421016,
        -0.9299361,
        -0.294335425
      ],
      [
        0.124613129,
        -0.272437245,
        0.95407
      ],
      [
        -0.967412055,
        -0.246975139,
        0.0558313541
      ]
    ],
    "translation": [
      2.115454,
      1.28820848,
      -0.892430365
    ]
  },
  {
    "timeStamp": 40807,
    "rotation": [
      [
        0.157805637,
        -0.949619,
        -0.270778835
      ],
      [
        -0.00133467419,
        -0.274419546,
        0.9616091
      ],
      [
        -0.9874693,
        -0.151385933,
        -0.04457238
      ]
    ],
    "translation": [
      2.133904,
      1.27960587,
      -0.90132153
    ]
  },
  {
    "timeStamp": 40863,
    "rotation": [
      [
        0.1665715,
        -0.9680236,
        -0.187574655
      ],
      [
        -0.1576533,
        -0.213931322,
        0.964042962
      ],
      [
        -0.973344445,
        -0.131010324,
        -0.18824698
      ]
    ],
    "translation": [
      2.128461,
      1.27098978,
      -0.898986936
    ]
  },
  {
    "timeStamp": 40907,
    "rotation": [
      [
        0.183886275,
        -0.9754011,
        -0.1215672
      ],
      [
        -0.218158886,
        -0.161090672,
        0.9625261
      ],
      [
        -0.9584323,
        -0.150474355,
        -0.242414787
      ]
    ],
    "translation": [
      2.12024879,
      1.25826454,
      -0.9021431
    ]
  },
  {
    "timeStamp": 40962,
    "rotation": [
      [
        0.198379919,
        -0.978832543,
        -0.0503209271
      ],
      [
        -0.246845752,
        -0.0995827243,
        0.9639245
      ],
      [
        -0.9485318,
        -0.17880176,
        -0.261375874
      ]
    ],
    "translation": [
      2.106485,
      1.23585176,
      -0.90421474
    ]
  },
  {
    "timeStamp": 41007,
    "rotation": [
      [
        0.214506775,
        -0.9759132,
        -0.0397526473
      ],
      [
        -0.240522712,
        -0.09222627,
        0.9662521
      ],
      [
        -0.9466444,
        -0.197706208,
        -0.254512459
      ]
    ],
    "translation": [
      2.10018015,
      1.21650386,
      -0.9037522
    ]
  },
  {
    "timeStamp": 41062,
    "rotation": [
      [
        0.213044137,
        -0.9763842,
        -0.03586027
      ],
      [
        -0.17922169,
        -0.07513307,
        0.9809356
      ],
      [
        -0.960464358,
        -0.202555627,
        -0.190995887
      ]
    ],
    "translation": [
      2.09961438,
      1.18292236,
      -0.9069809
    ]
  },
  {
    "timeStamp": 41107,
    "rotation": [
      [
        0.213965237,
        -0.9756867,
        -0.0474795774
      ],
      [
        -0.158746764,
        -0.082689546,
        0.983850539
      ],
      [
        -0.963856,
        -0.202972576,
        -0.1725798
      ]
    ],
    "translation": [
      2.10118,
      1.161614,
      -0.9042864
    ]
  },
  {
    "timeStamp": 41162,
    "rotation": [
      [
        0.222817764,
        -0.973271668,
        -0.05562766
      ],
      [
        -0.1413453,
        -0.0887130052,
        0.9859774
      ],
      [
        -0.9645588,
        -0.211830556,
        -0.157334223
      ]
    ],
    "translation": [
      2.10519528,
      1.14051163,
      -0.898530245
    ]
  },
  {
    "timeStamp": 41207,
    "rotation": [
      [
        0.216087729,
        -0.973658264,
        -0.07277063
      ],
      [
        -0.121662557,
        -0.100801684,
        0.987439752
      ],
      [
        -0.9687643,
        -0.204520166,
        -0.140239775
      ]
    ],
    "translation": [
      2.113467,
      1.12402749,
      -0.8922253
    ]
  },
  {
    "timeStamp": 41262,
    "rotation": [
      [
        0.241548255,
        -0.966601431,
        -0.08565176
      ],
      [
        -0.13562496,
        -0.121026941,
        0.9833404
      ],
      [
        -0.960864365,
        -0.225907624,
        -0.160329118
      ]
    ],
    "translation": [
      2.122355,
      1.11058354,
      -0.876284361
    ]
  },
  {
    "timeStamp": 41307,
    "rotation": [
      [
        0.2600042,
        -0.9616697,
        -0.08711608
      ],
      [
        -0.142048433,
        -0.127330065,
        0.981636047
      ],
      [
        -0.955102146,
        -0.242854789,
        -0.169710025
      ]
    ],
    "translation": [
      2.13079333,
      1.09776986,
      -0.860874057
    ]
  },
  {
    "timeStamp": 41362,
    "rotation": [
      [
        0.266177654,
        -0.9621746,
        -0.0580471121
      ],
      [
        -0.1377065,
        -0.09755913,
        0.9856567
      ],
      [
        -0.9540369,
        -0.254366279,
        -0.158465758
      ]
    ],
    "translation": [
      2.14451838,
      1.07416153,
      -0.838588238
    ]
  },
  {
    "timeStamp": 41407,
    "rotation": [
      [
        0.299547851,
        -0.9532864,
        -0.0389377773
      ],
      [
        -0.153364539,
        -0.08839202,
        0.9842084
      ],
      [
        -0.9416743,
        -0.288845837,
        -0.172677979
      ]
    ],
    "translation": [
      2.15007663,
      1.056241,
      -0.8151246
    ]
  },
  {
    "timeStamp": 41462,
    "rotation": [
      [
        0.337802023,
        -0.940117836,
        -0.0454784147
      ],
      [
        -0.115290679,
        -0.0892842561,
        0.989311039
      ],
      [
        -0.9341295,
        -0.328948021,
        -0.138547227
      ]
    ],
    "translation": [
      2.162104,
      1.024211,
      -0.7899023
    ]
  },
  {
    "timeStamp": 41507,
    "rotation": [
      [
        0.364487827,
        -0.9284805,
        -0.07122183
      ],
      [
        -0.0851287246,
        -0.10938596,
        0.9903473
      ],
      [
        -0.927308857,
        -0.354906529,
        -0.118910208
      ]
    ],
    "translation": [
      2.17297959,
      0.999186754,
      -0.7701807
    ]
  },
  {
    "timeStamp": 41562,
    "rotation": [
      [
        0.397838145,
        -0.9120853,
        -0.09912194
      ],
      [
        -0.0391031876,
        -0.124799006,
        0.9914112
      ],
      [
        -0.9166219,
        -0.390545219,
        -0.08531525
      ]
    ],
    "translation": [
      2.18381667,
      0.967381656,
      -0.750186
    ]
  },
  {
    "timeStamp": 41602,
    "rotation": [
      [
        0.409730315,
        -0.9078488,
        -0.08905984
      ],
      [
        -0.04102149,
        -0.115869783,
        0.992417
      ],
      [
        -0.911283851,
        -0.402969956,
        -0.08471667
      ]
    ],
    "translation": [
      2.18734,
      0.9538073,
      -0.7374223
    ]
  },
  {
    "timeStamp": 41657,
    "rotation": [
      [
        0.4246137,
        -0.8977266,
        -0.117431514
      ],
      [
        0.006849291,
        -0.126516044,
        0.9919409
      ],
      [
        -0.9053487,
        -0.421996027,
        -0.0475716554
      ]
    ],
    "translation": [
      2.20147276,
      0.92359525,
      -0.7207898
    ]
  },
  {
    "timeStamp": 41712,
    "rotation": [
      [
        0.413996041,
        -0.903242052,
        -0.112965129
      ],
      [
        0.02000002,
        -0.115043819,
        0.993159056
      ],
      [
        -0.910059,
        -0.41342324,
        -0.0295628291
      ]
    ],
    "translation": [
      2.2129457,
      0.901980042,
      -0.7106488
    ]
  },
  {
    "timeStamp": 41757,
    "rotation": [
      [
        0.421046317,
        -0.8911359,
        -0.169105992
      ],
      [
        0.08103232,
        -0.1487363,
        0.985551238
      ],
      [
        -0.9034123,
        -0.4286658,
        0.00958593749
      ]
    ],
    "translation": [
      2.22551179,
      0.883576155,
      -0.708855331
    ]
  },
  {
    "timeStamp": 41812,
    "rotation": [
      [
        0.4230543,
        -0.892337859,
        -0.1573473
      ],
      [
        0.08446084,
        -0.134061381,
        0.987367153
      ],
      [
        -0.9021593,
        -0.4309996,
        0.0186523553
      ]
    ],
    "translation": [
      2.23126554,
      0.8674441,
      -0.704249144
    ]
  },
  {
    "timeStamp": 41857,
    "rotation": [
      [
        0.420094848,
        -0.889204264,
        -0.181207359
      ],
      [
        0.101947658,
        -0.152174219,
        0.983081758
      ],
      [
        -0.901735544,
        -0.431461215,
        0.02672469
      ]
    ],
    "translation": [
      2.23828983,
      0.8574296,
      -0.7018839
    ]
  },
  {
    "timeStamp": 41913,
    "rotation": [
      [
        0.417588085,
        -0.8893105,
        -0.186405748
      ],
      [
        0.102704108,
        -0.157637686,
        0.9821417
      ],
      [
        -0.9028134,
        -0.429275274,
        0.0255082231
      ]
    ],
    "translation": [
      2.241561,
      0.848302066,
      -0.6986285
    ]
  },
  {
    "timeStamp": 41957,
    "rotation": [
      [
        0.4140487,
        -0.895343959,
        -0.164081573
      ],
      [
        0.0819499046,
        -0.142860919,
        0.9863442
      ],
      [
        -0.9065582,
        -0.421841055,
        0.01422197
      ]
    ],
    "translation": [
      2.24126816,
      0.8406394,
      -0.694265842
    ]
  },
  {
    "timeStamp": 42013,
    "rotation": [
      [
        0.4281557,
        -0.8869142,
        -0.173395425
      ],
      [
        0.10924533,
        -0.139668211,
        0.984153569
      ],
      [
        -0.8970776,
        -0.440313578,
        0.0370914973
      ]
    ],
    "translation": [
      2.241395,
      0.8263028,
      -0.69474864
    ]
  },
  {
    "timeStamp": 42058,
    "rotation": [
      [
        0.409282655,
        -0.8974974,
        -0.164274752
      ],
      [
        0.113518007,
        -0.1285573,
        0.9851836
      ],
      [
        -0.905318439,
        -0.4218667,
        0.0492658466
      ]
    ],
    "translation": [
      2.24141741,
      0.8178418,
      -0.692486763
    ]
  },
  {
    "timeStamp": 42103,
    "rotation": [
      [
        0.401067883,
        -0.9043236,
        -0.1460941
      ],
      [
        0.1033642,
        -0.113788344,
        0.9881134
      ],
      [
        -0.910198033,
        -0.411401421,
        0.0478378274
      ]
    ],
    "translation": [
      2.24125814,
      0.810724139,
      -0.688386142
    ]
  },
  {
    "timeStamp": 42161,
    "rotation": [
      [
        0.399935156,
        -0.9016153,
        -0.164747372
      ],
      [
        0.144949451,
        -0.115267754,
        0.9827019
      ],
      [
        -0.9050091,
        -0.416897058,
        0.08458902
      ]
    ],
    "translation": [
      2.24149919,
      0.8024956,
      -0.687769
    ]
  },
  {
    "timeStamp": 42206,
    "rotation": [
      [
        0.356017321,
        -0.9282813,
        -0.1074501
      ],
      [
        0.110715665,
        -0.07227343,
        0.9912208
      ],
      [
        -0.9278975,
        -0.364788145,
        0.07704469
      ]
    ],
    "translation": [
      2.241337,
      0.8010587,
      -0.684091747
    ]
  },
  {
    "timeStamp": 42262,
    "rotation": [
      [
        0.333339274,
        -0.93829,
        -0.09217824
      ],
      [
        0.128375173,
        -0.0516884923,
        0.9903778
      ],
      [
        -0.9340261,
        -0.341965169,
        0.103223331
      ]
    ],
    "translation": [
      2.2414844,
      0.796831369,
      -0.681152463
    ]
  },
  {
    "timeStamp": 42306,
    "rotation": [
      [
        0.340172946,
        -0.9340915,
        -0.108422264
      ],
      [
        0.151965067,
        -0.05917662,
        0.986612737
      ],
      [
        -0.928002656,
        -0.3520954,
        0.12181899
      ]
    ],
    "translation": [
      2.24146748,
      0.7909809,
      -0.6811612
    ]
  },
  {
    "timeStamp": 42362,
    "rotation": [
      [
        0.336693048,
        -0.9383762,
        -0.07802532
      ],
      [
        0.129447684,
        -0.0359491557,
        0.9909344
      ],
      [
        -0.93267417,
        -0.3437409,
        0.1093668
      ]
    ],
    "translation": [
      2.24132633,
      0.7807449,
      -0.676498055
    ]
  },
  {
    "timeStamp": 42406,
    "rotation": [
      [
        0.3332941,
        -0.93927,
        -0.0817738
      ],
      [
        0.134541541,
        -0.0384632125,
        0.9901612
      ],
      [
        -0.933174,
        -0.341016859,
        0.113551274
      ]
    ],
    "translation": [
      2.24139857,
      0.775579333,
      -0.676158667
    ]
  },
  {
    "timeStamp": 42462,
    "rotation": [
      [
        0.345410943,
        -0.93530035,
        -0.07684069
      ],
      [
        0.14365755,
        -0.0282175075,
        0.9892251
      ],
      [
        -0.9273909,
        -0.35272792,
        0.124616325
      ]
    ],
    "translation": [
      2.24133778,
      0.770180166,
      -0.6783274
    ]
  },
  {
    "timeStamp": 42506,
    "rotation": [
      [
        0.336225033,
        -0.9396602,
        -0.06317909
      ],
      [
        0.135775313,
        -0.0180199351,
        0.9905758
      ],
      [
        -0.9319431,
        -0.3416345,
        0.121523894
      ]
    ],
    "translation": [
      2.24135447,
      0.7660657,
      -0.6786244
    ]
  },
  {
    "timeStamp": 42562,
    "rotation": [
      [
        0.373335063,
        -0.926541,
        -0.04628947
      ],
      [
        0.121700354,
        -0.000550841738,
        0.9925667
      ],
      [
        -0.9196792,
        -0.376193434,
        0.112554714
      ]
    ],
    "translation": [
      2.24076653,
      0.7614698,
      -0.6795958
    ]
  }
]