[
  {
    "timeStamp": 24892,
    "rotation": [
      [
        -0.8949958,
        0.446041644,
        -0.00541707035
      ],
      [
        0.4358883,
        0.8719135,
        -0.223087937
      ],
      [
        -0.09478329,
        -0.202024,
        -0.9747833
      ]
    ],
    "translation": [
      1.15391636,
      0.7312371,
      -0.7549182
    ]
  },
  {
    "timeStamp": 24937,
    "rotation": [
      [
        -0.897530437,
        0.439686626,
        -0.03338889
      ],
      [
        0.42571035,
        0.8442819,
        -0.325512916
      ],
      [
        -0.114934035,
        -0.306371748,
        -0.9449479
      ]
    ],
    "translation": [
      1.15375257,
      0.7419872,
      -0.7418321
    ]
  },
  {
    "timeStamp": 24992,
    "rotation": [
      [
        -0.858309448,
        0.5052497,
        -0.08959778
      ],
      [
        0.5030053,
        0.793925345,
        -0.341567338
      ],
      [
        -0.101442836,
        -0.338238627,
        -0.935576856
      ]
    ],
    "translation": [
      1.1439594,
      0.7776704,
      -0.738412559
    ]
  },
  {
    "timeStamp": 25036,
    "rotation": [
      [
        -0.7896934,
        0.586517334,
        -0.179949209
      ],
      [
        0.609738946,
        0.7178934,
        -0.335927755
      ],
      [
        -0.06784309,
        -0.375002,
        -0.924538136
      ]
    ],
    "translation": [
      1.13864422,
      0.8269685,
      -0.7395171
    ]
  },
  {
    "timeStamp": 25092,
    "rotation": [
      [
        -0.6608742,
        0.6587587,
        -0.359558553
      ],
      [
        0.7480761,
        0.61666894,
        -0.245156437
      ],
      [
        0.06022964,
        -0.4309947,
        -0.900342166
      ]
    ],
    "translation": [
      1.14591,
      0.905339956,
      -0.7372207
    ]
  },
  {
    "timeStamp": 25136,
    "rotation": [
      [
        -0.474303961,
        0.7262058,
        -0.4976554
      ],
      [
        0.856053531,
        0.5123666,
        -0.06821185
      ],
      [
        0.205446154,
        -0.458372831,
        -0.8646885
      ]
    ],
    "translation": [
      1.17045009,
      0.977240145,
      -0.737189651
    ]
  },
  {
    "timeStamp": 25192,
    "rotation": [
      [
        -0.185026258,
        0.8005302,
        -0.570014656
      ],
      [
        0.9024494,
        0.3680265,
        0.223923177
      ],
      [
        0.389037758,
        -0.472977728,
        -0.7905326
      ]
    ],
    "translation": [
      1.2257092,
      1.06985724,
      -0.741494
    ]
  },
  {
    "timeStamp": 25236,
    "rotation": [
      [
        0.145022228,
        0.823208034,
        -0.5489053
      ],
      [
        0.8665234,
        0.162120551,
        0.4720743
      ],
      [
        0.477604181,
        -0.5441006,
        -0.6898179
      ]
    ],
    "translation": [
      1.27927208,
      1.14278948,
      -0.753652334
    ]
  },
  {
    "timeStamp": 25292,
    "rotation": [
      [
        0.3287011,
        0.751646936,
        -0.571823835
      ],
      [
        0.850139141,
        0.0282360949,
        0.525800467
      ],
      [
        0.41136238,
        -0.658961058,
        -0.629723251
      ]
    ],
    "translation": [
      1.35998392,
      1.20800436,
      -0.7737442
    ]
  },
  {
    "timeStamp": 25336,
    "rotation": [
      [
        0.4046604,
        0.6494713,
        -0.643767834
      ],
      [
        0.843132138,
        0.007608112,
        0.5376526
      ],
      [
        0.3540878,
        -0.7603481,
        -0.544511437
      ]
    ],
    "translation": [
      1.42812562,
      1.23370755,
      -0.7918577
    ]
  },
  {
    "timeStamp": 25392,
    "rotation": [
      [
        0.396159321,
        0.5365329,
        -0.7451109
      ],
      [
        0.861667037,
        0.06306419,
        0.503540337
      ],
      [
        0.317155778,
        -0.8415197,
        -0.4373292
      ]
    ],
    "translation": [
      1.50568211,
      1.24035585,
      -0.8232771
    ]
  },
  {
    "timeStamp": 25436,
    "rotation": [
      [
        0.421971381,
        0.444733351,
        -0.790033162
      ],
      [
        0.8519188,
        0.103571936,
        0.513329446
      ],
      [
        0.31012,
        -0.889654458,
        -0.335172325
      ]
    ],
    "translation": [
      1.56152153,
      1.23744166,
      -0.852965534
    ]
  },
  {
    "timeStamp": 25492,
    "rotation": [
      [
        0.360875547,
        0.339830816,
        -0.868495166
      ],
      [
        0.8790909,
        0.186989814,
        0.438444972
      ],
      [
        0.311396867,
        -0.9217102,
        -0.231262147
      ]
    ],
    "translation": [
      1.62290418,
      1.22638285,
      -0.893378
    ]
  },
  {
    "timeStamp": 25536,
    "rotation": [
      [
        0.359692067,
        0.253787279,
        -0.897894
      ],
      [
        0.872236848,
        0.2503243,
        0.420167416
      ],
      [
        0.331397831,
        -0.9343071,
        -0.13132295
      ]
    ],
    "translation": [
      1.66768456,
      1.21342659,
      -0.925146937
    ]
  },
  {
    "timeStamp": 25592,
    "rotation": [
      [
        0.3297877,
        0.138701245,
        -0.933810532
      ],
      [
        0.87383306,
        0.329507053,
        0.3575484
      ],
      [
        0.357289553,
        -0.933909535,
        -0.0125343576
      ]
    ],
    "translation": [
      1.72194624,
      1.19720948,
      -0.9591129
    ]
  },
  {
    "timeStamp": 25636,
    "rotation": [
      [
        0.446781248,
        0.123440832,
        -0.8860863
      ],
      [
        0.825708151,
        0.32434997,
        0.4615227
      ],
      [
        0.3443728,
        -0.9378483,
        0.0429873765
      ]
    ],
    "translation": [
      1.76181638,
      1.19367671,
      -0.9759065
    ]
  },
  {
    "timeStamp": 25692,
    "rotation": [
      [
        0.688452,
        0.176104784,
        -0.7035773
      ],
      [
        0.6788792,
        0.184944183,
        0.7105763
      ],
      [
        0.2552584,
        -0.966841638,
        0.007771321
      ]
    ],
    "translation": [
      1.81289518,
      1.21311879,
      -0.9766715
    ]
  },
  {
    "timeStamp": 25736,
    "rotation": [
      [
        0.849264264,
        0.133578166,
        -0.5107907
      ],
      [
        0.520198643,
        -0.04634338,
        0.852787
      ],
      [
        0.09024196,
        -0.9899541,
        -0.108844958
      ]
    ],
    "translation": [
      1.86337137,
      1.25097144,
      -0.9710368
    ]
  },
  {
    "timeStamp": 25792,
    "rotation": [
      [
        0.9545071,
        -0.000385514926,
        -0.298187882
      ],
      [
        0.286433756,
        -0.276815444,
        0.917239845
      ],
      [
        -0.0828966,
        -0.960923,
        -0.2641119
      ]
    ],
    "translation": [
      1.93558526,
      1.29532516,
      -0.9618181
    ]
  },
  {
    "timeStamp": 25836,
    "rotation": [
      [
        0.930098057,
        -0.01003204,
        -0.367174327
      ],
      [
        0.3409516,
        -0.3482735,
        0.8731882
      ],
      [
        -0.136636928,
        -0.9373393,
        -0.320508033
      ]
    ],
    "translation": [
      1.96745765,
      1.329469,
      -0.9500412
    ]
  },
  {
    "timeStamp": 25892,
    "rotation": [
      [
        0.890311241,
        0.045055002,
        -0.453118
      ],
      [
        0.4383113,
        -0.354477763,
        0.825971365
      ],
      [
        -0.12340612,
        -0.9339783,
        -0.335343629
      ]
    ],
    "translation": [
      1.98359954,
      1.349786,
      -0.9308312
    ]
  },
  {
    "timeStamp": 25936,
    "rotation": [
      [
        0.879657865,
        0.05452398,
        -0.4724713
      ],
      [
        0.459947646,
        -0.350337684,
        0.815911531
      ],
      [
        -0.121037766,
        -0.93503505,
        -0.33325547
      ]
    ],
    "translation": [
      1.99678516,
      1.35620022,
      -0.917983234
    ]
  },
  {
    "timeStamp": 25992,
    "rotation": [
      [
        0.876835167,
        0.0749210641,
        -0.47491774
      ],
      [
        0.470947683,
        -0.332693219,
        0.8170211
      ],
      [
        -0.0967898443,
        -0.940054238,
        -0.327001035
      ]
    ],
    "translation": [
      2.01179171,
      1.356117,
      -0.9030102
    ]
  },
  {
    "timeStamp": 26036,
    "rotation": [
      [
        0.874013662,
        0.09208962,
        -0.477095
      ],
      [
        0.4793924,
        -0.323602021,
        0.8157602
      ],
      [
        -0.07926584,
        -0.941701233,
        -0.326979637
      ]
    ],
    "translation": [
      2.02106977,
      1.35506666,
      -0.8944897
    ]
  },
  {
    "timeStamp": 26092,
    "rotation": [
      [
        0.8669468,
        0.116579406,
        -0.484574527
      ],
      [
        0.495802224,
        -0.3008792,
        0.81464833
      ],
      [
        -0.0508271754,
        -0.9465099,
        -0.3186466
      ]
    ],
    "translation": [
      2.02914357,
      1.34927881,
      -0.881760836
    ]
  },
  {
    "timeStamp": 26136,
    "rotation": [
      [
        0.86262,
        0.127242714,
        -0.4895876
      ],
      [
        0.5050338,
        -0.271675318,
        0.819227338
      ],
      [
        -0.028768152,
        -0.953940153,
        -0.298614442
      ]
    ],
    "translation": [
      2.035113,
      1.34033918,
      -0.8701604
    ]
  },
  {
    "timeStamp": 26192,
    "rotation": [
      [
        0.8727631,
        0.137088031,
        -0.4684992
      ],
      [
        0.488079339,
        -0.260699928,
        0.832955062
      ],
      [
        -0.007949527,
        -0.955637157,
        -0.2944391
      ]
    ],
    "translation": [
      2.042769,
      1.33014834,
      -0.8548617
    ]
  },
  {
    "timeStamp": 26236,
    "rotation": [
      [
        0.879129231,
        0.145570323,
        -0.453807145
      ],
      [
        0.476503164,
        -0.251018941,
        0.8425759
      ],
      [
        0.008739838,
        -0.9569737,
        -0.290042818
      ]
    ],
    "translation": [
      2.04655313,
      1.322005,
      -0.8416373
    ]
  },
  {
    "timeStamp": 26291,
    "rotation": [
      [
        0.8813308,
        0.159127817,
        -0.444898218
      ],
      [
        0.47156015,
        -0.236868918,
        0.8494258
      ],
      [
        0.0297847185,
        -0.95842135,
        -0.2837982
      ]
    ],
    "translation": [
      2.04893327,
      1.31096935,
      -0.8229878
    ]
  },
  {
    "timeStamp": 26336,
    "rotation": [
      [
        0.8752599,
        0.170635745,
        -0.452552378
      ],
      [
        0.4806716,
        -0.20315975,
        0.8530422
      ],
      [
        0.0536190756,
        -0.964162648,
        -0.259837329
      ]
    ],
    "translation": [
      2.04969764,
      1.29821777,
      -0.8055959
    ]
  },
  {
    "timeStamp": 26392,
    "rotation": [
      [
        0.8542124,
        0.183702424,
        -0.486389428
      ],
      [
        0.5113994,
        -0.128154084,
        0.849733651
      ],
      [
        0.09376535,
        -0.974592268,
        -0.203416109
      ]
    ],
    "translation": [
      2.05217743,
      1.27634382,
      -0.779992
    ]
  },
  {
    "timeStamp": 26436,
    "rotation": [
      [
        0.789536357,
        0.197505325,
        -0.5810541
      ],
      [
        0.5953339,
        -0.0165698212,
        0.803307533
      ],
      [
        0.149029553,
        -0.9801617,
        -0.1306641
      ]
    ],
    "translation": [
      2.05457664,
      1.25200307,
      -0.7577386
    ]
  },
  {
    "timeStamp": 26491,
    "rotation": [
      [
        0.6253889,
        0.187114015,
        -0.7575468
      ],
      [
        0.728503,
        0.207847282,
        0.652750254
      ],
      [
        0.279592752,
        -0.960097849,
        -0.006327742
      ]
    ],
    "translation": [
      2.06219363,
      1.20678449,
      -0.730953336
    ]
  },
  {
    "timeStamp": 26536,
    "rotation": [
      [
        0.4359166,
        0.105105162,
        -0.8938286
      ],
      [
        0.8191546,
        0.36503163,
        0.44242242
      ],
      [
        0.3727766,
        -0.9250431,
        0.07302597
      ]
    ],
    "translation": [
      2.07610774,
      1.16415679,
      -0.716467261
    ]
  },
  {
    "timeStamp": 26592,
    "rotation": [
      [
        0.1723513,
        -0.00459370948,
        -0.9850248
      ],
      [
        0.8307866,
        0.5379461,
        0.142855257
      ],
      [
        0.529234052,
        -0.8429667,
        0.09653211
      ]
    ],
    "translation": [
      2.09478521,
      1.10140514,
      -0.705362737
    ]
  },
  {
    "timeStamp": 26636,
    "rotation": [
      [
        -0.110362329,
        -0.101080619,
        -0.988738
      ],
      [
        0.731586456,
        0.665119946,
        -0.14965573
      ],
      [
        0.6727566,
        -0.7398637,
        0.0005450277
      ]
    ],
    "translation": [
      2.11069584,
      1.05925107,
      -0.7064422
    ]
  },
  {
    "timeStamp": 26687,
    "rotation": [
      [
        -0.344331443,
        -0.08031001,
        -0.9354069
      ],
      [
        0.5345616,
        0.802290261,
        -0.265658
      ],
      [
        0.771802843,
        -0.591507,
        -0.233323142
      ]
    ],
    "translation": [
      2.12185454,
      1.03546393,
      -0.7097414
    ]
  },
  {
    "timeStamp": 26742,
    "rotation": [
      [
        -0.325821251,
        0.06388903,
        -0.9432702
      ],
      [
        0.5153983,
        0.848427653,
        -0.12056195
      ],
      [
        0.7925939,
        -0.5254415,
        -0.309364021
      ]
    ],
    "translation": [
      2.116278,
      1.0122081,
      -0.6981052
    ]
  },
  {
    "timeStamp": 26786,
    "rotation": [
      [
        -0.408897668,
        0.07425756,
        -0.909554
      ],
      [
        0.428483635,
        0.8956111,
        -0.11950919
      ],
      [
        0.80573225,
        -0.43859604,
        -0.398031473
      ]
    ],
    "translation": [
      2.11965442,
      0.993965745,
      -0.6921141
    ]
  },
  {
    "timeStamp": 26841,
    "rotation": [
      [
        -0.392096758,
        0.158841118,
        -0.9061068
      ],
      [
        0.403222054,
        0.9149937,
        -0.014086009
      ],
      [
        0.8268447,
        -0.370885372,
        -0.4228143
      ]
    ],
    "translation": [
      2.11899114,
      0.9794596,
      -0.675502956
    ]
  },
  {
    "timeStamp": 26886,
    "rotation": [
      [
        -0.374431968,
        0.209979475,
        -0.903166234
      ],
      [
        0.369514436,
        0.9271302,
        0.0623587258
      ],
      [
        0.8504468,
        -0.3103839,
        -0.424737632
      ]
    ],
    "translation": [
      2.118728,
      0.9680326,
      -0.6647788
    ]
  },
  {
    "timeStamp": 26942,
    "rotation": [
      [
        -0.401549548,
        0.1774353,
        -0.898484647
      ],
      [
        0.3638672,
        0.9312078,
        0.021278508
      ],
      [
        0.8404515,
        -0.3183847,
        -0.43848893
      ]
    ],
    "translation": [
      2.129614,
      0.9562025,
      -0.641634762
    ]
  },
  {
    "timeStamp": 26986,
    "rotation": [
      [
        -0.407186747,
        0.19430609,
        -0.89243716
      ],
      [
        0.35858658,
        0.9326623,
        0.0394540541
      ],
      [
        0.8400087,
        -0.303950816,
        -0.4494433
      ]
    ],
    "translation": [
      2.13168073,
      0.9478826,
      -0.6277332
    ]
  },
  {
    "timeStamp": 27041,
    "rotation": [
      [
        -0.4677884,
        0.154874444,
        -0.8701654
      ],
      [
        0.3182172,
        0.9480149,
        -0.00233866274
      ],
      [
        0.8245676,
        -0.2779956,
        -0.492754132
      ]
    ],
    "translation": [
      2.136717,
      0.9340641,
      -0.618596
    ]
  },
  {
    "timeStamp": 27086,
    "rotation": [
      [
        -0.5137197,
        0.132120252,
        -0.8477242
      ],
      [
        0.283898979,
        0.958586752,
        -0.0226438791
      ],
      [
        0.8096255,
        -0.25230065,
        -0.5299537
      ]
    ],
    "translation": [
      2.14060235,
      0.924018145,
      -0.617475748
    ]
  },
  {
    "timeStamp": 27142,
    "rotation": [
      [
        -0.56299895,
        0.108202204,
        -0.819344
      ],
      [
        0.266840965,
        0.9620946,
        -0.0563016534
      ],
      [
        0.7821945,
        -0.250332326,
        -0.570531
      ]
    ],
    "translation": [
      2.14290762,
      0.9166306,
      -0.614958465
    ]
  },
  {
    "timeStamp": 27187,
    "rotation": [
      [
        -0.5697788,
        0.111113362,
        -0.8142518
      ],
      [
        0.26163578,
        0.9637884,
        -0.051562354
      ],
      [
        0.7790371,
        -0.242416516,
        -0.578217447
      ]
    ],
    "translation": [
      2.14566016,
      0.911840558,
      -0.6149318
    ]
  },
  {
    "timeStamp": 27233,
    "rotation": [
      [
        -0.565435946,
        0.1170545,
        -0.816443741
      ],
      [
        0.260203928,
        0.964643955,
        -0.0419045836
      ],
      [
        0.7826724,
        -0.236136243,
        -0.575902343
      ]
    ],
    "translation": [
      2.146634,
      0.908318162,
      -0.615799
    ]
  },
  {
    "timeStamp": 27290,
    "rotation": [
      [
        -0.56862843,
        0.115038894,
        -0.814510763
      ],
      [
        0.254020423,
        0.966335535,
        -0.0408552736
      ],
      [
        0.7823908,
        -0.230133846,
        -0.5787081
      ]
    ],
    "translation": [
      2.14813519,
      0.904374242,
      -0.6171413
    ]
  },
  {
    "timeStamp": 27335,
    "rotation": [
      [
        -0.5829329,
        0.113633409,
        -0.8045351
      ],
      [
        0.243639544,
        0.9690546,
        -0.0396608263
      ],
      [
        0.7751316,
        -0.219136149,
        -0.5925794
      ]
    ],
    "translation": [
      2.14691448,
      0.9006232,
      -0.6197681
    ]
  },
  {
    "timeStamp": 27391,
    "rotation": [
      [
        -0.6085786,
        0.09203813,
        -0.788137734
      ],
      [
        0.221432462,
        0.973490834,
        -0.05730062
      ],
      [
        0.761971,
        -0.2093912,
        -0.61282593
      ]
    ],
    "translation": [
      2.146561,
      0.8947648,
      -0.6200595
    ]
  },
  {
    "timeStamp": 27435,
    "rotation": [
      [
        -0.6181861,
        0.07540246,
        -0.7824068
      ],
      [
        0.211309716,
        0.974687457,
        -0.07302453
      ],
      [
        0.7570959,
        -0.210472912,
        -0.6184715
      ]
    ],
    "translation": [
      2.14661121,
      0.889536,
      -0.6174299
    ]
  },
  {
    "timeStamp": 27491,
    "rotation": [
      [
        -0.6374841,
        0.0363440253,
        -0.7696059
      ],
      [
        0.19667615,
        0.9734698,
        -0.116940506
      ],
      [
        0.744937956,
        -0.225910828,
        -0.627719462
      ]
    ],
    "translation": [
      2.14753747,
      0.8812378,
      -0.609772563
    ]
  },
  {
    "timeStamp": 27535,
    "rotation": [
      [
        -0.6508481,
        0.0163053516,
        -0.759032845
      ],
      [
        0.189865753,
        0.9714966,
        -0.1419348
      ],
      [
        0.735083461,
        -0.236492336,
        -0.635392547
      ]
    ],
    "translation": [
      2.14468813,
      0.8736129,
      -0.603844166
    ]
  },
  {
    "timeStamp": 27591,
    "rotation": [
      [
        -0.6537543,
        0.00744337961,
        -0.7566703
      ],
      [
        0.196177617,
        0.967430234,
        -0.159978539
      ],
      [
        0.7308349,
        -0.253028423,
        -0.6339219
      ]
    ],
    "translation": [
      2.140903,
      0.8659874,
      -0.5952023
    ]
  },
  {
    "timeStamp": 27635,
    "rotation": [
      [
        -0.640028834,
        0.00054538314,
        -0.7683508
      ],
      [
        0.203332677,
        0.9644686,
        -0.168689579
      ],
      [
        0.740958154,
        -0.264197,
        -0.6173986
      ]
    ],
    "translation": [
      2.13835073,
      0.8603011,
      -0.588583946
    ]
  },
  {
    "timeStamp": 27693,
    "rotation": [
      [
        -0.6205712,
        0.00636557955,
        -0.7841243
      ],
      [
        0.228186876,
        0.958157837,
        -0.172813118
      ],
      [
        0.750214756,
        -0.2861697,
        -0.596057653
      ]
    ],
    "translation": [
      2.133634,
      0.854574442,
      -0.5813185
    ]
  },
  {
    "timeStamp": 27734,
    "rotation": [
      [
        -0.5638258,
        0.0206959434,
        -0.8256344
      ],
      [
        0.2584378,
        0.9539027,
        -0.152576
      ],
      [
        0.7844172,
        -0.299401432,
        -0.543183565
      ]
    ],
    "translation": [
      2.13120317,
      0.8492436,
      -0.577852666
    ]
  },
  {
    "timeStamp": 27789,
    "rotation": [
      [
        -0.470614,
        0.0206371881,
        -0.88209784
      ],
      [
        0.296071827,
        0.945457041,
        -0.13583976
      ],
      [
        0.831182241,
        -0.3250924,
        -0.451055378
      ]
    ],
    "translation": [
      2.12740779,
      0.8445996,
      -0.5675425
    ]
  },
  {
    "timeStamp": 27833,
    "rotation": [
      [
        -0.485324055,
        -0.00741371652,
        -0.874302864
      ],
      [
        0.316688865,
        0.9305741,
        -0.183684319
      ],
      [
        0.8149655,
        -0.366028428,
        -0.44928214
      ]
    ],
    "translation": [
      2.129155,
      0.8451906,
      -0.5568857
    ]
  },
  {
    "timeStamp": 27889,
    "rotation": [
      [
        -0.546250463,
        -0.209083587,
        -0.811107
      ],
      [
        0.28093794,
        0.866522,
        -0.4125695
      ],
      [
        0.7891035,
        -0.453237,
        -0.414598525
      ]
    ],
    "translation": [
      2.15367341,
      0.85563606,
      -0.5391884
    ]
  },
  {
    "timeStamp": 27934,
    "rotation": [
      [
        -0.5363509,
        -0.186993912,
        -0.823019445
      ],
      [
        0.2748011,
        0.8833191,
        -0.379778534
      ],
      [
        0.798005044,
        -0.429861218,
        -0.422382832
      ]
    ],
    "translation": [
      2.160714,
      0.859413743,
      -0.537411034
    ]
  },
  {
    "timeStamp": 27989,
    "rotation": [
      [
        -0.5893367,
        -0.07766791,
        -0.8041455
      ],
      [
        0.282769233,
        0.9125762,
        -0.295374632
      ],
      [
        0.756785154,
        -0.4014627,
        -0.5158526
      ]
    ],
    "translation": [
      2.17182136,
      0.865325034,
      -0.5353648
    ]
  },
  {
    "timeStamp": 28034,
    "rotation": [
      [
        -0.6189256,
        -0.0286926031,
        -0.784925342
      ],
      [
        0.301524848,
        0.9140838,
        -0.271170855
      ],
      [
        0.7252681,
        -0.404509068,
        -0.557098269
      ]
    ],
    "translation": [
      2.17150545,
      0.8710848,
      -0.5345242
    ]
  },
  {
    "timeStamp": 28090,
    "rotation": [
      [
        -0.643468142,
        -0.03073187,
        -0.764855742
      ],
      [
        0.315984219,
        0.8994251,
        -0.301974326
      ],
      [
        0.69721067,
        -0.435993224,
        -0.5690406
      ]
    ],
    "translation": [
      2.16833,
      0.874985158,
      -0.535792351
    ]
  },
  {
    "timeStamp": 28134,
    "rotation": [
      [
        -0.6255294,
        -0.05256631,
        -0.7784278
      ],
      [
        0.325848639,
        0.8889428,
        -0.321874857
      ],
      [
        0.708897531,
        -0.4549918,
        -0.5389312
      ]
    ],
    "translation": [
      2.16689253,
      0.876425743,
      -0.53612113
    ]
  },
  {
    "timeStamp": 28191,
    "rotation": [
      [
        -0.57481426,
        -0.1209544,
        -0.8092951
      ],
      [
        0.328819752,
        0.8715078,
        -0.363801777
      ],
      [
        0.749310434,
        -0.475230664,
        -0.461182952
      ]
    ],
    "translation": [
      2.16341329,
      0.8756025,
      -0.538089156
    ]
  },
  {
    "timeStamp": 28235,
    "rotation": [
      [
        -0.453176945,
        -0.232992411,
        -0.860433161
      ],
      [
        0.338869423,
        0.847747147,
        -0.4080346
      ],
      [
        0.8244987,
        -0.476486355,
        -0.3052255
      ]
    ],
    "translation": [
      2.16197777,
      0.8758696,
      -0.540472448
    ]
  },
  {
    "timeStamp": 28291,
    "rotation": [
      [
        -0.320274264,
        -0.299473584,
        -0.89874357
      ],
      [
        0.30229333,
        0.8668107,
        -0.3965577
      ],
      [
        0.8977991,
        -0.3986914,
        -0.187088281
      ]
    ],
    "translation": [
      2.17105937,
      0.868961751,
      -0.548246264
    ]
  },
  {
    "timeStamp": 28335,
    "rotation": [
      [
        -0.353082716,
        -0.212330624,
        -0.9111796
      ],
      [
        0.338786542,
        0.878797054,
        -0.336064577
      ],
      [
        0.8720988,
        -0.427353978,
        -0.238353312
      ]
    ],
    "translation": [
      2.18195724,
      0.8730494,
      -0.540353537
    ]
  },
  {
    "timeStamp": 28390,
    "rotation": [
      [
        -0.380479276,
        -0.126253784,
        -0.9161308
      ],
      [
        0.32973364,
        0.907008231,
        -0.261938632
      ],
      [
        0.864008844,
        -0.401741326,
        -0.303467721
      ]
    ],
    "translation": [
      2.18396926,
      0.8738986,
      -0.539818466
    ]
  },
  {
    "timeStamp": 28435,
    "rotation": [
      [
        -0.2960659,
        -0.244490221,
        -0.9233469
      ],
      [
        0.3371758,
        0.877701759,
        -0.340517461
      ],
      [
        0.8936764,
        -0.412145823,
        -0.177421361
      ]
    ],
    "translation": [
      2.18323255,
      0.880869746,
      -0.541772842
    ]
  },
  {
    "timeStamp": 28490,
    "rotation": [
      [
        -0.258510649,
        -0.4391179,
        -0.8604346
      ],
      [
        0.3547307,
        0.7853319,
        -0.507365644
      ],
      [
        0.8985201,
        -0.436382,
        -0.04724806
      ]
    ],
    "translation": [
      2.187043,
      0.885055065,
      -0.5431341
    ]
  },
  {
    "timeStamp": 28535,
    "rotation": [
      [
        -0.1986507,
        -0.328239232,
        -0.92347
      ],
      [
        0.251302928,
        0.8936873,
        -0.37171188
      ],
      [
        0.9473039,
        -0.305911571,
        -0.09504414
      ]
    ],
    "translation": [
      2.170279,
      0.8637157,
      -0.5573415
    ]
  },
  {
    "timeStamp": 28590,
    "rotation": [
      [
        -0.293351859,
        -0.475755841,
        -0.829217136
      ],
      [
        0.314946,
        0.77086395,
        -0.5536946
      ],
      [
        0.902637064,
        -0.423585951,
        -0.0762969851
      ]
    ],
    "translation": [
      2.18276429,
      0.881951749,
      -0.5479757
    ]
  },
  {
    "timeStamp": 28635,
    "rotation": [
      [
        -0.218931824,
        -0.40056175,
        -0.8897298
      ],
      [
        0.388150662,
        0.8008448,
        -0.456055641
      ],
      [
        0.8952139,
        -0.445194274,
        -0.0198521111
      ]
    ],
    "translation": [
      2.190844,
      0.8864489,
      -0.541872
    ]
  },
  {
    "timeStamp": 28690,
    "rotation": [
      [
        -0.1749866,
        -0.441830218,
        -0.8798669
      ],
      [
        0.4198876,
        0.7748249,
        -0.4725894
      ],
      [
        0.890547037,
        -0.452142,
        0.0499350429
      ]
    ],
    "translation": [
      2.188043,
      0.8851337,
      -0.543877363
    ]
  },
  {
    "timeStamp": 28735,
    "rotation": [
      [
        -0.153607324,
        -0.54490155,
        -0.824310064
      ],
      [
        0.4404648,
        0.7089895,
        -0.5507492
      ],
      [
        0.88453126,
        -0.447678655,
        0.131103963
      ]
    ],
    "translation": [
      2.18289948,
      0.883728743,
      -0.5463263
    ]
  },
  {
    "timeStamp": 28790,
    "rotation": [
      [
        -0.20585072,
        -0.5129592,
        -0.8333657
      ],
      [
        0.346573979,
        0.758192539,
        -0.552295744
      ],
      [
        0.9151568,
        -0.402513325,
        0.0217038356
      ]
    ],
    "translation": [
      2.18601036,
      0.888776243,
      -0.54439646
    ]
  },
  {
    "timeStamp": 28834,
    "rotation": [
      [
        -0.212116033,
        -0.3540635,
        -0.910849
      ],
      [
        0.3765038,
        0.8304983,
        -0.4105089
      ],
      [
        0.9018047,
        -0.430013627,
        -0.0428557433
      ]
    ],
    "translation": [
      2.19352984,
      0.8930012,
      -0.5411626
    ]
  },
  {
    "timeStamp": 28890,
    "rotation": [
      [
        -0.201828808,
        -0.359048843,
        -0.9112349
      ],
      [
        0.446936339,
        0.794101357,
        -0.411887
      ],
      [
        0.8715005,
        -0.490394682,
        0.000199451257
      ]
    ],
    "translation": [
      2.19347382,
      0.8888685,
      -0.5419578
    ]
  },
  {
    "timeStamp": 28934,
    "rotation": [
      [
        -0.165955052,
        -0.545180857,
        -0.8217279
      ],
      [
        0.5127431,
        0.6640812,
        -0.544142067
      ],
      [
        0.8423499,
        -0.511638463,
        0.16933012
      ]
    ],
    "translation": [
      2.18616652,
      0.88631165,
      -0.5462154
    ]
  },
  {
    "timeStamp": 28990,
    "rotation": [
      [
        -0.104807384,
        -0.5346797,
        -0.8385303
      ],
      [
        0.415358931,
        0.74257654,
        -0.5254113
      ],
      [
        0.9035997,
        -0.403358,
        0.144256487
      ]
    ],
    "translation": [
      2.16492248,
      0.8997459,
      -0.5508288
    ]
  },
  {
    "timeStamp": 29034,
    "rotation": [
      [
        -0.169460759,
        -0.220230058,
        -0.960615337
      ],
      [
        0.412645638,
        0.869304538,
        -0.272090435
      ],
      [
        0.8949897,
        -0.44250235,
        -0.0564360358
      ]
    ],
    "translation": [
      2.13546634,
      0.908878446,
      -0.550666451
    ]
  },
  {
    "timeStamp": 29090,
    "rotation": [
      [
        -0.145050377,
        -0.135019466,
        -0.9801684
      ],
      [
        0.483525842,
        0.8546204,
        -0.1892797
      ],
      [
        0.8632283,
        -0.5013918,
        -0.0586776063
      ]
    ],
    "translation": [
      2.12800884,
      0.953721046,
      -0.5483642
    ]
  },
  {
    "timeStamp": 29134,
    "rotation": [
      [
        -0.05171714,
        -0.118365787,
        -0.9916224
      ],
      [
        0.5473874,
        0.8271436,
        -0.127281129
      ],
      [
        0.8352798,
        -0.549384236,
        0.022014441
      ]
    ],
    "translation": [
      2.14332914,
      0.9994005,
      -0.542424262
    ]
  },
  {
    "timeStamp": 29190,
    "rotation": [
      [
        0.008805673,
        -0.116166726,
        -0.9931907
      ],
      [
        0.608464062,
        0.788812757,
        -0.08686736
      ],
      [
        0.7935326,
        -0.6035559,
        0.0776293054
      ]
    ],
    "translation": [
      2.17231131,
      1.05207515,
      -0.5312281
    ]
  },
  {
    "timeStamp": 29241,
    "rotation": [
      [
        0.06451587,
        -0.1147389,
        -0.991298437
      ],
      [
        0.638036132,
        0.7685441,
        -0.04743117
      ],
      [
        0.7672988,
        -0.6294242,
        0.122790866
      ]
    ],
    "translation": [
      2.20419884,
      1.0879364,
      -0.5174955
    ]
  },
  {
    "timeStamp": 29285,
    "rotation": [
      [
        0.09000721,
        -0.0513368,
        -0.994617164
      ],
      [
        0.612970352,
        0.789969146,
        0.0146963708
      ],
      [
        0.7849624,
        -0.6109936,
        0.102570862
      ]
    ],
    "translation": [
      2.21746564,
      1.09404635,
      -0.5099758
    ]
  },
  {
    "timeStamp": 29340,
    "rotation": [
      [
        0.1082727,
        -0.105779253,
        -0.9884775
      ],
      [
        0.6027553,
        0.797691643,
        -0.0193401277
      ],
      [
        0.79054606,
        -0.5937161,
        0.150127232
      ]
    ],
    "translation": [
      2.24604273,
      1.08661664,
      -0.503340662
    ]
  },
  {
    "timeStamp": 29385,
    "rotation": [
      [
        0.13666527,
        -0.0593432561,
        -0.9888382
      ],
      [
        0.5543287,
        0.8318698,
        0.026689522
      ],
      [
        0.8210008,
        -0.5517889,
        0.146583378
      ]
    ],
    "translation": [
      2.24976563,
      1.06392574,
      -0.5026139
    ]
  },
  {
    "timeStamp": 29440,
    "rotation": [
      [
        0.124964781,
        -0.11866685,
        -0.985039
      ],
      [
        0.486701965,
        0.872491062,
        -0.04336393
      ],
      [
        0.8645837,
        -0.4740015,
        0.166786045
      ]
    ],
    "translation": [
      2.2636013,
      1.02134943,
      -0.504686236
    ]
  },
  {
    "timeStamp": 29486,
    "rotation": [
      [
        0.1747114,
        -0.08888179,
        -0.980599761
      ],
      [
        0.43336615,
        0.901206851,
        -0.004473657
      ],
      [
        0.8841208,
        -0.42417717,
        0.195969462
      ]
    ],
    "translation": [
      2.26778626,
      0.9843158,
      -0.506015658
    ]
  },
  {
    "timeStamp": 29540,
    "rotation": [
      [
        0.166611969,
        -0.145657554,
        -0.9752047
      ],
      [
        0.3729578,
        0.9248591,
        -0.07441871
      ],
      [
        0.912766635,
        -0.351311177,
        0.2084167
      ]
    ],
    "translation": [
      2.27942443,
      0.9513203,
      -0.5165467
    ]
  },
  {
    "timeStamp": 29585,
    "rotation": [
      [
        0.191204056,
        -0.182765543,
        -0.9643847
      ],
      [
        0.358367175,
        0.9276846,
        -0.104758531
      ],
      [
        0.913791,
        -0.325573534,
        0.24287422
      ]
    ],
    "translation": [
      2.28792024,
      0.9532526,
      -0.522138357
    ]
  },
  {
    "timeStamp": 29633,
    "rotation": [
      [
        0.201064989,
        -0.175031692,
        -0.963813663
      ],
      [
        0.4163944,
        0.905862868,
        -0.07764195
      ],
      [
        0.886672735,
        -0.3857155,
        0.255019516
      ]
    ],
    "translation": [
      2.28880072,
      0.9738868,
      -0.517339468
    ]
  },
  {
    "timeStamp": 29685,
    "rotation": [
      [
        0.142390519,
        -0.195610255,
        -0.9702894
      ],
      [
        0.447726667,
        0.886987269,
        -0.113112405
      ],
      [
        0.8827603,
        -0.418318331,
        0.2138785
      ]
    ],
    "translation": [
      2.285841,
      0.9998066,
      -0.5161234
    ]
  },
  {
    "timeStamp": 29740,
    "rotation": [
      [
        0.109081805,
        -0.189392015,
        -0.975823641
      ],
      [
        0.5048304,
        0.856213868,
        -0.1097455
      ],
      [
        0.8562986,
        -0.4806542,
        0.1890082
      ]
    ],
    "translation": [
      2.28326678,
      1.03248012,
      -0.5098095
    ]
  },
  {
    "timeStamp": 29785,
    "rotation": [
      [
        0.0935424,
        -0.201557,
        -0.9749998
      ],
      [
        0.5505026,
        0.8264474,
        -0.118031755
      ],
      [
        0.829576254,
        -0.52569896,
        0.188265517
      ]
    ],
    "translation": [
      2.27893639,
      1.05846345,
      -0.506370544
    ]
  },
  {
    "timeStamp": 29840,
    "rotation": [
      [
        0.0582798272,
        -0.204344735,
        -0.97716254
      ],
      [
        0.5936877,
        0.794020653,
        -0.130637348
      ],
      [
        0.8025823,
        -0.572515845,
        0.167592332
      ]
    ],
    "translation": [
      2.266245,
      1.08609354,
      -0.510075331
    ]
  },
  {
    "timeStamp": 29885,
    "rotation": [
      [
        0.0317126624,
        -0.178084165,
        -0.983504057
      ],
      [
        0.6209184,
        0.7745989,
        -0.12023624
      ],
      [
        0.7832334,
        -0.6068628,
        0.13514033
      ]
    ],
    "translation": [
      2.24526978,
      1.103857,
      -0.520035
    ]
  },
  {
    "timeStamp": 29940,
    "rotation": [
      [
        0.02211791,
        -0.139913946,
        -0.989916563
      ],
      [
        0.655956447,
        0.7492634,
        -0.09124407
      ],
      [
        0.7544746,
        -0.647324,
        0.1083496
      ]
    ],
    "translation": [
      2.215911,
      1.11493611,
      -0.5440806
    ]
  },
  {
    "timeStamp": 29985,
    "rotation": [
      [
        0.07347272,
        -0.0224386,
        -0.997044742
      ],
      [
        0.6451841,
        0.763423562,
        0.0303630084
      ],
      [
        0.7604861,
        -0.6455083,
        0.07056784
      ]
    ],
    "translation": [
      2.17892575,
      1.10623944,
      -0.5751466
    ]
  },
  {
    "timeStamp": 30041,
    "rotation": [
      [
        0.144286931,
        0.12882179,
        -0.9811148
      ],
      [
        0.5594752,
        0.807183,
        0.188263118
      ],
      [
        0.8161916,
        -0.5760733,
        0.04439337
      ]
    ],
    "translation": [
      2.124178,
      1.06975186,
      -0.626926839
    ]
  },
  {
    "timeStamp": 30086,
    "rotation": [
      [
        0.168189928,
        0.220519513,
        -0.9607723
      ],
      [
        0.4813704,
        0.8321713,
        0.275269866
      ],
      [
        0.8602295,
        -0.50878495,
        0.0338112675
      ]
    ],
    "translation": [
      2.08016348,
      1.03828561,
      -0.670210361
    ]
  },
  {
    "timeStamp": 30143,
    "rotation": [
      [
        0.196354941,
        0.310708821,
        -0.9300025
      ],
      [
        0.398649,
        0.8412437,
        0.365223229
      ],
      [
        0.89583683,
        -0.442457974,
        0.04131859
      ]
    ],
    "translation": [
      2.0274837,
      1.017138,
      -0.7156387
    ]
  },
  {
    "timeStamp": 30191,
    "rotation": [
      [
        0.22122629,
        0.349509746,
        -0.9104405
      ],
      [
        0.399950147,
        0.818934858,
        0.411564767
      ],
      [
        0.8894373,
        -0.455179751,
        0.0413834453
      ]
    ],
    "translation": [
      1.99481535,
      1.01899254,
      -0.734248459
    ]
  },
  {
    "timeStamp": 30232,
    "rotation": [
      [
        0.266333669,
        0.400981367,
        -0.876516
      ],
      [
        0.383686423,
        0.790105343,
        0.4780359
      ],
      [
        0.884223461,
        -0.463624358,
        0.0565805435
      ]
    ],
    "translation": [
      1.96282661,
