[
  {
    "timeStamp": 92550,
    "rotation": [
      [
        -0.01649727,
        0.9997177,
        0.01709822
      ],
      [
        0.0110423621,
        -0.0169173367,
        0.9997959
      ],
      [
        0.999802947,
        0.0166827068,
        -0.0107601546
      ]
    ],
    "translation": [
      1.76568544,
      0.692119,
      -0.224494427
    ]
  },
  {
    "timeStamp": 92594,
    "rotation": [
      [
        0.0543007478,
        0.9970226,
        0.0547488257
      ],
      [
        -0.006231882,
        -0.0544902645,
        0.998494864
      ],
      [
        0.998505235,
        -0.0545602068,
        0.003254465
      ]
    ],
    "translation": [
      1.76470506,
      0.7013794,
      -0.224787056
    ]
  },
  {
    "timeStamp": 92649,
    "rotation": [
      [
        0.03322982,
        0.9956264,
        0.08731444
      ],
      [
        -0.019252969,
        -0.08670881,
        0.9960476
      ],
      [
        0.9992623,
        -0.0347795561,
        0.016287446
      ]
    ],
    "translation": [
      1.76532447,
      0.713359952,
      -0.232169628
    ]
  },
  {
    "timeStamp": 92694,
    "rotation": [
      [
        0.0074649076,
        0.9950223,
        0.09937262
      ],
      [
        0.0157936476,
        -0.09948031,
        0.9949142
      ],
      [
        0.9998474,
        -0.005857484,
        -0.0164576434
      ]
    ],
    "translation": [
      1.76376832,
      0.733973563,
      -0.236497551
    ]
  },
  {
    "timeStamp": 92749,
    "rotation": [
      [
        -0.0313234441,
        0.992531657,
        0.117897734
      ],
      [
        0.08249824,
        -0.114985779,
        0.9899355
      ],
      [
        0.9960989,
        0.0407345369,
        -0.07828036
      ]
    ],
    "translation": [
      1.7598629,
      0.766364157,
      -0.250370115
    ]
  },
  {
    "timeStamp": 92794,
    "rotation": [
      [
        -0.05501716,
        0.9850864,
        0.163027287
      ],
      [
        0.132531509,
        -0.154625341,
        0.9790436
      ],
      [
        0.989650667,
        0.07547046,
        -0.122047938
      ]
    ],
    "translation": [
      1.75492632,
      0.794965148,
      -0.2724021
    ]
  },
  {
    "timeStamp": 92850,
    "rotation": [
      [
        -0.07631985,
        0.9712068,
        0.225682765
      ],
      [
        0.190508366,
        -0.207969412,
        0.959403634
      ],
      [
        0.9787144,
        0.116215974,
        -0.169150829
      ]
    ],
    "translation": [
      1.74984086,
      0.832549155,
      -0.314507127
    ]
  },
  {
    "timeStamp": 92894,
    "rotation": [
      [
        -0.08814916,
        0.9590234,
        0.269265145
      ],
      [
        0.240867153,
        -0.241773814,
        0.9399619
      ],
      [
        0.9665468,
        0.147714019,
        -0.209685087
      ]
    ],
    "translation": [
      1.75089061,
      0.8636718,
      -0.357337952
    ]
  },
  {
    "timeStamp": 92950,
    "rotation": [
      [
        -0.076091595,
        0.9507035,
        0.300621
      ],
      [
        0.2755682,
        -0.269701481,
        0.922671854
      ],
      [
        0.9582653,
        0.153049126,
        -0.2414616
      ]
    ],
    "translation": [
      1.76017833,
      0.894732237,
      -0.416506022
    ]
  },
  {
    "timeStamp": 92994,
    "rotation": [
      [
        -0.0855455,
        0.943976045,
        0.318733782
      ],
      [
        0.29091692,
        -0.282300085,
        0.9141521
      ],
      [
        0.9529162,
        0.17092663,
        -0.250469118
      ]
    ],
    "translation": [
      1.77157021,
      0.914607167,
      -0.467178881
    ]
  },
  {
    "timeStamp": 93049,
    "rotation": [
      [
        -0.0481309146,
        0.934607565,
        0.352408946
      ],
      [
        0.29273513,
        -0.3241266,
        0.899582148
      ],
      [
        0.954981446,
        0.1464602,
        -0.25799197
      ]
    ],
    "translation": [
      1.7945931,
      0.935007632,
      -0.5264217
    ]
  },
  {
    "timeStamp": 93094,
    "rotation": [
      [
        -0.0240989,
        0.9336129,
        0.357472
      ],
      [
        0.2862234,
        -0.336163521,
        0.8972571
      ],
      [
        0.9578598,
        0.123939738,
        -0.2591207
      ]
    ],
    "translation": [
      1.81855011,
      0.9478115,
      -0.570015848
    ]
  },
  {
    "timeStamp": 93149,
    "rotation": [
      [
        0.0199935269,
        0.935358,
        0.353136867
      ],
      [
        0.298803538,
        -0.342654645,
        0.89067626
      ],
      [
        0.9541052,
        0.0877108052,
        -0.286339164
      ]
    ],
    "translation": [
      1.85711551,
      0.9670912,
      -0.6164618
    ]
  },
  {
    "timeStamp": 93194,
    "rotation": [
      [
        0.07782557,
        0.9039789,
        0.4204348
      ],
      [
        0.290050149,
        -0.424002171,
        0.8579587
      ],
      [
        0.9538418,
        0.0551760457,
        -0.2951974
      ]
    ],
    "translation": [
      1.88758755,
      0.9854033,
      -0.648520231
    ]
  },
  {
    "timeStamp": 93249,
    "rotation": [
      [
        0.183356792,
        0.874173462,
        0.4496677
      ],
      [
        0.3039074,
        -0.4854219,
        0.819759667
      ],
      [
        0.9348906,
        -0.013651181,
        -0.354673177
      ]
    ],
    "translation": [
      1.94155061,
      1.01133919,
      -0.6803613
    ]
  },
  {
    "timeStamp": 93294,
    "rotation": [
      [
        0.2690173,
        0.8490263,
        0.4547351
      ],
      [
        0.310376,
        -0.5233743,
        0.7935654
      ],
      [
        0.9117546,
        -0.07234395,
        -0.4043141
      ]
    ],
    "translation": [
      1.98949826,
      1.03008771,
      -0.702188253
    ]
  },
  {
    "timeStamp": 93349,
    "rotation": [
      [
        0.351443,
        0.8441984,
        0.404742867
      ],
      [
        0.3379487,
        -0.5175661,
        0.7860763
      ],
      [
        0.8730856,
        -0.139478669,
        -0.467190742
      ]
    ],
    "translation": [
      2.0516243,
      1.04731,
      -0.7248446
    ]
  },
  {
    "timeStamp": 93394,
    "rotation": [
      [
        0.4107158,
        0.833366752,
        0.369881719
      ],
      [
        0.350717753,
        -0.5188653,
        0.779599845
      ],
      [
        0.8416113,
        -0.190469876,
        -0.505382657
      ]
    ],
    "translation": [
      2.09632468,
      1.05416155,
      -0.7412509
    ]
  },
  {
    "timeStamp": 93449,
    "rotation": [
      [
        0.4471385,
        0.7991855,
        0.401708573
      ],
      [
        0.328808367,
        -0.564520657,
        0.7571007
      ],
      [
        0.8318367,
        -0.206443727,
        -0.5151978
      ]
    ],
    "translation": [
      2.13191628,
      1.05234611,
      -0.755415261
    ]
  },
  {
    "timeStamp": 93494,
    "rotation": [
      [
        0.447485179,
        0.8022392,
        0.395182669
      ],
      [
        0.3097277,
        -0.553574443,
        0.7730615
      ],
      [
        0.838943243,
        -0.223534554,
        -0.496192038
      ]
    ],
    "translation": [
      2.14956427,
      1.03982151,
      -0.761459053
    ]
  },
  {
    "timeStamp": 93549,
    "rotation": [
      [
        0.3999385,
        0.831109464,
        0.386401653
      ],
      [
        0.2764703,
        -0.5113435,
        0.813690364
      ],
      [
        0.87384975,
        -0.218597516,
        -0.434283048
      ]
    ],
    "translation": [
      2.15983534,
      1.016895,
      -0.7663809
    ]
  },
  {
    "timeStamp": 93594,
    "rotation": [
      [
        0.358786,
        0.854551554,
        0.3755188
      ],
      [
        0.261125267,
        -0.478131354,
        0.8385726
      ],
      [
        0.8961508,
        -0.20281066,
        -0.3946918
      ]
    ],
    "translation": [
      2.16315413,
      1.00068307,
      -0.768597364
    ]
  },
  {
    "timeStamp": 93649,
    "rotation": [
      [
        0.321049571,
        0.867948055,
        0.378937125
      ],
      [
        0.241013974,
        -0.46182254,
        0.853599548
      ],
      [
        0.9158818,
        -0.18271862,
        -0.357455552
      ]
    ],
    "translation": [
      2.16325,
      0.982144833,
      -0.768431246
    ]
  },
  {
    "timeStamp": 93703,
    "rotation": [
      [
        0.271773964,
        0.8784209,
        0.393084764
      ],
      [
        0.229054272,
        -0.455764025,
        0.860124
      ],
      [
        0.9347048,
        -0.143721566,
        -0.325070858
      ]
    ],
    "translation": [
      2.15750146,
      0.9699109,
      -0.767055631
    ]
  },
  {
    "timeStamp": 93745,
    "rotation": [
      [
        0.2320774,
        0.8813163,
        0.411608577
      ],
      [
        0.2182461,
        -0.459552675,
        0.8609181
      ],
      [
        0.947896957,
        -0.109967679,
        -0.298995644
      ]
    ],
    "translation": [
      2.15274954,
      0.9574071,
      -0.76314193
    ]
  },
  {
    "timeStamp": 93800,
    "rotation": [
      [
        0.215114951,
        0.8784897,
        0.4265929
      ],
      [
        0.197110057,
        -0.466885835,
        0.8620703
      ],
      [
        0.95649004,
        -0.101358458,
        -0.273593277
      ]
    ],
    "translation": [
      2.15129685,
      0.9441158,
      -0.757565558
    ]
  },
  {
    "timeStamp": 93844,
    "rotation": [
      [
        0.19262366,
        0.899148047,
        0.392974317
      ],
      [
        0.190789834,
        -0.427149117,
        0.883822858
      ],
      [
        0.9625462,
        -0.09526968,
        -0.253827363
      ]
    ],
    "translation": [
      2.15348125,
      0.933771551,
      -0.7541037
    ]
  },
  {
    "timeStamp": 93900,
    "rotation": [
      [
        0.188044474,
        0.8846938,
        0.426563084
      ],
      [
        0.17316778,
        -0.457371652,
        0.8722523
      ],
      [
        0.966774046,
        -0.09015523,
        -0.239206672
      ]
    ],
    "translation": [
      2.149618,
      0.9261134,
      -0.748398542
    ]
  },
  {
    "timeStamp": 93948,
    "rotation": [
      [
        0.170438513,
        0.8875317,
        0.428063333
      ],
      [
        0.159462675,
        -0.4535369,
        0.876855731
      ],
      [
        0.972379744,
        -0.08118986,
        -0.218828335
      ]
    ],
    "translation": [
      2.14525867,
      0.9186634,
      -0.7448857
    ]
  },
  {
    "timeStamp": 93999,
    "rotation": [
      [
        0.149160475,
        0.8842306,
        0.442591548
      ],
      [
        0.137280047,
        -0.461782366,
        0.8763054
      ],
      [
        0.9792371,
        -0.0699511245,
        -0.1902669
      ]
    ],
    "translation": [
      2.13735,
      0.9087413,
      -0.737784
    ]
  },
  {
    "timeStamp": 94044,
    "rotation": [
      [
        0.124672338,
        0.903798044,
        0.409397036
      ],
      [
        0.1276582,
        -0.4237983,
        0.896715343
      ],
      [
        0.98395133,
        -0.0595327169,
        -0.168213144
      ]
    ],
    "translation": [
      2.130748,
      0.900508046,
      -0.7290667
    ]
  },
  {
    "timeStamp": 94100,
    "rotation": [
      [
        0.06553609,
        0.938801348,
        0.3381672
      ],
      [
        0.105194107,
        -0.343507349,
        0.93324
      ],
      [
        0.9922899,
        -0.0255876984,
        -0.121268496
      ]
    ],
    "translation": [
      2.12427926,
      0.8843885,
      -0.717367947
    ]
  },
  {
    "timeStamp": 94145,
    "rotation": [
      [
        0.0701578557,
        0.9177038,
        0.391021222
      ],
      [
        0.07582439,
        -0.395759076,
        0.9152188
      ],
      [
        0.994649947,
        -0.0345608443,
        -0.09734995
      ]
    ],
    "translation": [
      2.113459,
      0.8735309,
      -0.7091929
    ]
  },
  {
    "timeStamp": 94201,
    "rotation": [
      [
        0.06937618,
        0.9338778,
        0.3507977
      ],
      [
        0.04035011,
        -0.3539841,
        0.9343806
      ],
      [
        0.996774137,
        -0.0506690256,
        -0.06224014
      ]
    ],
    "translation": [
      2.11113954,
      0.8555707,
      -0.7028078
    ]
  },
  {
    "timeStamp": 94247,
    "rotation": [
      [
        0.0735721439,
        0.9360091,
        0.344200641
      ],
      [
        0.0244311355,
        -0.346724,
        0.937648952
      ],
      [
        0.9969906,
        -0.0605756268,
        -0.0483769923
      ]
    ],
    "translation": [
      2.109197,
      0.8447612,
      -0.699449062
    ]
  },
  {
    "timeStamp": 94293,
    "rotation": [
      [
        0.0791927,
        0.947475,
        0.3098703
      ],
      [
        -0.00222176313,
        -0.310678035,
        0.9505126
      ],
      [
        0.996856868,
        -0.07596212,
        -0.02249837
      ]
    ],
    "translation": [
      2.10985351,
      0.8319707,
      -0.6987755
    ]
  },
  {
    "timeStamp": 94348,
    "rotation": [
      [
        0.08729526,
        0.95146203,
        0.2951262
      ],
      [
        -0.02561223,
        -0.2940156,
        0.9554574
      ],
      [
        0.9958532,
        -0.09096574,
        -0.00129710324
      ]
    ],
    "translation": [
      2.1093266,
      0.8199206,
      -0.698261857
    ]
  },
  {
    "timeStamp": 94394,
    "rotation": [
      [
        0.09581024,
        0.9463531,
        0.308603883
      ],
      [
        -0.0378428176,
        -0.306343019,
        0.9511687
      ],
      [
        0.994680047,
        -0.102810144,
        0.00646186527
      ]
    ],
    "translation": [
      2.105864,
      0.8123053,
      -0.6970371
    ]
  },
  {
    "timeStamp": 94449,
    "rotation": [
      [
        0.0974737257,
        0.963969946,
        0.247509092
      ],
      [
        -0.05152747,
        -0.243471757,
        0.9685383
      ],
      [
        0.9939033,
        -0.107160553,
        0.0259388331
      ]
    ],
    "translation": [
      2.110312,
      0.801316738,
      -0.6966289
    ]
  },
  {
    "timeStamp": 94494,
    "rotation": [
      [
        0.129033923,
        0.9469149,
        0.294452846
      ],
      [
        -0.0743378,
        -0.286862969,
        0.955083
      ],
      [
        0.988849938,
        -0.145127088,
        0.0333765149
      ]
    ],
    "translation": [
      2.10812116,
      0.795852244,
      -0.695863247
    ]
  },
  {
    "timeStamp": 94549,
    "rotation": [
      [
        0.121432006,
        0.948662937,
        0.2920495
      ],
      [
        -0.08752298,
        -0.282847434,
        0.95516336
      ],
      [
        0.98873353,
        -0.14154844,
        0.0486830771
      ]
    ],
    "translation": [
      2.10528779,
      0.7921082,
      -0.693839967
    ]
  }
]