[
  {
    "timeStamp": 65685,
    "rotation": [
      [
        0.9983898,
        -0.0182682071,
        -0.0537041053
      ],
      [
        0.0537932143,
        0.004421562,
        0.9985423
      ],
      [
        -0.0180041213,
        -0.999823332,
        0.005397148
      ]
    ],
    "translation": [
      1.76634264,
      0.7003419,
      -0.7489061
    ]
  },
  {
    "timeStamp": 65740,
    "rotation": [
      [
        0.9967287,
        -0.0774672851,
        -0.0230376329
      ],
      [
        0.0189248864,
        -0.0534114465,
        0.998393238
      ],
      [
        -0.078573294,
        -0.995563149,
        -0.05177066
      ]
    ],
    "translation": [
      1.76655972,
      0.7050743,
      -0.7452726
    ]
  },
  {
    "timeStamp": 65784,
    "rotation": [
      [
        0.9915201,
        -0.124054,
        0.03871018
      ],
      [
        -0.05004866,
        -0.08962691,
        0.9947171
      ],
      [
        -0.119929165,
        -0.98821944,
        -0.09507562
      ]
    ],
    "translation": [
      1.76454175,
      0.7231784,
      -0.738007963
    ]
  },
  {
    "timeStamp": 65840,
    "rotation": [
      [
        0.982158661,
        -0.161727235,
        0.09596191
      ],
      [
        -0.123852693,
        -0.17230545,
        0.9772264
      ],
      [
        -0.141509369,
        -0.971676469,
        -0.189261645
      ]
    ],
    "translation": [
      1.76209044,
      0.768954,
      -0.7339696
    ]
  },
  {
    "timeStamp": 65884,
    "rotation": [
      [
        0.9630283,
        -0.212265521,
        0.165890858
      ],
      [
        -0.212175548,
        -0.218164146,
        0.952568054
      ],
      [
        -0.1660059,
        -0.952548,
        -0.2551358
      ]
    ],
    "translation": [
      1.76282346,
      0.813940763,
      -0.7347872
    ]
  },
  {
    "timeStamp": 65940,
    "rotation": [
      [
        0.943113744,
        -0.2489669,
        0.220344976
      ],
      [
        -0.28382197,
        -0.257738262,
        0.9235887
      ],
      [
        -0.173151687,
        -0.933587968,
        -0.313738763
      ]
    ],
    "translation": [
      1.77099824,
      0.871718764,
      -0.7429774
    ]
  },
  {
    "timeStamp": 65984,
    "rotation": [
      [
        0.9452548,
        -0.24374409,
        0.216984391
      ],
      [
        -0.284492731,
        -0.289770722,
        0.9138363
      ],
      [
        -0.159866467,
        -0.925538659,
        -0.343250573
      ]
    ],
    "translation": [
      1.78453493,
      0.9138046,
      -0.7517779
    ]
  },
  {
    "timeStamp": 66040,
    "rotation": [
      [
        0.969274,
        -0.198160142,
        0.145741224
      ],
      [
        -0.206280753,
        -0.332042575,
        0.9204325
      ],
      [
        -0.134000763,
        -0.9222149,
        -0.362716854
      ]
    ],
    "translation": [
      1.81370711,
      0.9544543,
      -0.7633858
    ]
  },
  {
    "timeStamp": 66084,
    "rotation": [
      [
        0.985865,
        -0.150978163,
        0.07263433
      ],
      [
        -0.1243647,
        -0.368954569,
        0.92108953
      ],
      [
        -0.112265624,
        -0.917103052,
        -0.382515758
      ]
    ],
    "translation": [
      1.84825218,
      0.9821596,
      -0.7676704
    ]
  },
  {
    "timeStamp": 66140,
    "rotation": [
      [
        0.9870797,
        -0.153226689,
        -0.0468538851
      ],
      [
        -0.0170180555,
        -0.391017646,
        0.920225859
      ],
      [
        -0.159323841,
        -0.9075389,
        -0.38857317
      ]
    ],
    "translation": [
      1.91502464,
      1.0082829,
      -0.767083943
    ]
  },
  {
    "timeStamp": 66184,
    "rotation": [
      [
        0.9802006,
        -0.166059524,
        -0.107847169
      ],
      [
        0.033402618,
        -0.398182571,
        0.91669786
      ],
      [
        -0.195169255,
        -0.902150154,
        -0.384751946
      ]
    ],
    "translation": [
      1.97131872,
      1.02537429,
      -0.7635201
    ]
  },
  {
    "timeStamp": 66240,
    "rotation": [
      [
        0.958657,
        -0.203222334,
        -0.199191615
      ],
      [
        0.107509695,
        -0.389453351,
        0.9147501
      ],
      [
        -0.263473481,
        -0.8983466,
        -0.351503849
      ]
    ],
    "translation": [
      2.04353237,
      1.03621423,
      -0.7599218
    ]
  },
  {
    "timeStamp": 66284,
    "rotation": [
      [
        0.948272645,
        -0.237633,
        -0.210498378
      ],
      [
        0.10572765,
        -0.388816118,
        0.9152288
      ],
      [
        -0.299333721,
        -0.8901419,
        -0.3435793
      ]
    ],
    "translation": [
      2.09102774,
      1.04276466,
      -0.7555024
    ]
  },
  {
    "timeStamp": 66340,
    "rotation": [
      [
        0.942014158,
        -0.259969652,
        -0.212190956
      ],
      [
        0.09685719,
        -0.394774,
        0.9136587
      ],
      [
        -0.321291,
        -0.881231666,
        -0.346702784
      ]
    ],
    "translation": [
      2.13534832,
      1.04453015,
      -0.7462264
    ]
  },
  {
    "timeStamp": 66384,
    "rotation": [
      [
        0.9414799,
        -0.262144834,
        -0.211885989
      ],
      [
        0.102022283,
        -0.3775069,
        0.9203695
      ],
      [
        -0.321258515,
        -0.8881265,
        -0.328670561
      ]
    ],
    "translation": [
      2.16042447,
      1.032401,
      -0.736618638
    ]
  },
  {
    "timeStamp": 66439,
    "rotation": [
      [
        0.9524129,
        -0.236888126,
        -0.191816866
      ],
      [
        0.09120514,
        -0.378990233,
        0.9208952
      ],
      [
        -0.290845871,
        -0.8945672,
        -0.339349777
      ]
    ],
    "translation": [
      2.17472172,
      1.01447845,
      -0.7194598
    ]
  },
  {
    "timeStamp": 66483,
    "rotation": [
      [
        0.9554431,
        -0.212786913,
        -0.204573408
      ],
      [
        0.113268912,
        -0.375697345,
        0.9197944
      ],
      [
        -0.272577882,
        -0.901982963,
        -0.3348553
      ]
    ],
    "translation": [
      2.18044066,
      0.9992273,
      -0.711051047
    ]
  },
  {
    "timeStamp": 66539,
    "rotation": [
      [
        0.974410236,
        -0.202067122,
        -0.09845628
      ],
      [
        0.03107461,
        -0.312712848,
        0.9493393
      ],
      [
        -0.2226188,
        -0.928105354,
        -0.298431456
      ]
    ],
    "translation": [
      2.169786,
      0.96286726,
      -0.696167
    ]
  },
  {
    "timeStamp": 66590,
    "rotation": [
      [
        0.987539053,
        -0.153337538,
        -0.0354161076
      ],
      [
        -0.0118803428,
        -0.297039419,
        0.9547913
      ],
      [
        -0.156925321,
        -0.942472935,
        -0.295159727
      ]
    ],
    "translation": [
      2.15154171,
      0.937709332,
      -0.682029665
    ]
  },
  {
    "timeStamp": 66634,
    "rotation": [
      [
        0.996253,
        -0.06242693,
        -0.05985799
      ],
      [
        0.0412408374,
        -0.265452683,
        0.963241458
      ],
      [
        -0.0760216638,
        -0.962100744,
        -0.2618835
      ]
    ],
    "translation": [
      2.138375,
      0.911694944,
      -0.675960362
    ]
  },
  {
    "timeStamp": 66690,
    "rotation": [
      [
        0.998201251,
        0.018829627,
        -0.0569186732
      ],
      [
        0.0597734638,
        -0.239278942,
        0.969109237
      ],
      [
        0.00462852232,
        -0.9707683,
        -0.239974037
      ]
    ],
    "translation": [
      2.127912,
      0.8859209,
      -0.6706362
    ]
  },
  {
    "timeStamp": 66734,
    "rotation": [
      [
        0.9994442,
        0.0267960057,
        -0.0198321268
      ],
      [
        0.0255210251,
        -0.232262209,
        0.972318351
      ],
      [
        0.0214479975,
        -0.9722841,
        -0.232816979
      ]
    ],
    "translation": [
      2.12400341,
      0.8743818,
      -0.6657213
    ]
  },
  {
    "timeStamp": 66790,
    "rotation": [
      [
        0.998052239,
        0.0533955544,
        -0.0322587
      ],
      [
        0.042495165,
        -0.203338891,
        0.9781858
      ],
      [
        0.045671314,
        -0.977651358,
        -0.2052119
      ]
    ],
    "translation": [
      2.12454271,
      0.861282468,
      -0.66477716
    ]
  },
  {
    "timeStamp": 66834,
    "rotation": [
      [
        0.9975831,
        0.06449164,
        -0.0258628465
      ],
      [
        0.0384572819,
        -0.20245415,
        0.9785363
      ],
      [
        0.0578713641,
        -0.9771659,
        -0.20444499
      ]
    ],
    "translation": [
      2.12448239,
      0.8592435,
      -0.6653538
    ]
  },
  {
    "timeStamp": 66890,
    "rotation": [
      [
        0.9977939,
        0.06527936,
        -0.0120789679
      ],
      [
        0.02557852,
        -0.210125133,
        0.977339864
      ],
      [
        0.0612620264,
        -0.9754927,
        -0.211331323
      ]
    ],
    "translation": [
      2.12573171,
      0.8626382,
      -0.6665749
    ]
  },
  {
    "timeStamp": 66934,
    "rotation": [
      [
        0.996465266,
        0.0819475055,
        -0.0184819587
      ],
      [
        0.0354412831,
        -0.210629359,
        0.976923347
      ],
      [
        0.07616359,
        -0.9741252,
        -0.212789178
      ]
    ],
    "translation": [
      2.12648535,
      0.8653906,
      -0.669084966
    ]
  },
  {
    "timeStamp": 66991,
    "rotation": [
      [
        0.9897297,
        0.12707597,
        -0.06547367
      ],
      [
        0.08981748,
        -0.196476579,
        0.9763861
      ],
      [
        0.111211151,
        -0.972238958,
        -0.205872342
      ]
    ],
    "translation": [
      2.129071,
      0.8623557,
      -0.6758303
    ]
  },
  {
    "timeStamp": 67036,
    "rotation": [
      [
        0.986534834,
        0.143535376,
        -0.0784004852
      ],
      [
        0.103471085,
        -0.1765136,
        0.9788446
      ],
      [
        0.126660079,
        -0.97377646,
        -0.188988581
      ]
    ],
    "translation": [
      2.13049388,
      0.8581702,
      -0.6826854
    ]
  },
  {
    "timeStamp": 67094,
    "rotation": [
      [
        0.9857679,
        0.141577944,
        -0.09064917
      ],
      [
        0.112381585,
        -0.153941765,
        0.9816681
      ],
      [
        0.12502785,
        -0.977884233,
        -0.167661592
      ]
    ],
    "translation": [
      2.13511944,
      0.85052824,
      -0.6907895
    ]
  },
  {
    "timeStamp": 67139,
    "rotation": [
      [
        0.984555,
        0.137205645,
        -0.108747654
      ],
      [
        0.127411574,
        -0.135518372,
        0.982548237
      ],
      [
        0.12007384,
        -0.9812285,
        -0.150906876
      ]
    ],
    "translation": [
      2.13906264,
      0.843403637,
      -0.69655025
    ]
  },
  {
    "timeStamp": 67183,
    "rotation": [
      [
        0.984018743,
        0.128501639,
        -0.123265624
      ],
      [
        0.1388058,
        -0.1199511,
        0.9830283
      ],
      [
        0.111534871,
        -0.9844283,
        -0.1358709
      ]
    ],
    "translation": [
      2.14333534,
      0.8362778,
      -0.70163697
    ]
  },
  {
    "timeStamp": 67239,
    "rotation": [
      [
        0.9824803,
        0.131382868,
        -0.132177934
      ],
      [
        0.146265984,
        -0.104066595,
        0.983756244
      ],
      [
        0.115493387,
        -0.985854268,
        -0.121460222
      ]
    ],
    "translation": [
      2.14382553,
      0.829203844,
      -0.706403
    ]
  },
  {
    "timeStamp": 67284,
    "rotation": [
      [
        0.9837732,
        0.1153909,
        -0.137387112
      ],
      [
        0.149635613,
        -0.105191655,
        0.9831296
      ],
      [
        0.0989922062,
        -0.9877346,
        -0.120751321
      ]
    ],
    "translation": [
      2.14552164,
      0.8258824,
      -0.7068888
    ]
  },
  {
    "timeStamp": 67339,
    "rotation": [
      [
        0.9869465,
        0.08472453,
        -0.136960879
      ],
      [
        0.145721138,
        -0.107707344,
        0.9834452
      ],
      [
        0.0685702562,
        -0.990565956,
        -0.118647553
      ]
    ],
    "translation": [
      2.14841819,
      0.823206,
      -0.705108345
    ]
  },
  {
    "timeStamp": 67384,
    "rotation": [
      [
        0.988906264,
        0.05902823,
        -0.136308461
      ],
      [
        0.1419623,
        -0.105511613,
        0.9842327
      ],
      [
        0.0437154137,
        -0.9926646,
        -0.112720884
      ]
    ],
    "translation": [
      2.151964,
      0.8216351,
      -0.7029146
    ]
  },
  {
    "timeStamp": 67439,
    "rotation": [
      [
        0.994015336,
        0.0187282544,
        -0.10762319
      ],
      [
        0.109102555,
        -0.120695628,
        0.986675858
      ],
      [
        0.00548909465,
        -0.9925129,
        -0.122016616
      ]
    ],
    "translation": [
      2.151376,
      0.827438235,
      -0.6962592
    ]
  },
  {
    "timeStamp": 67483,
    "rotation": [
      [
        0.9943917,
        0.008365677,
        -0.1054283
      ],
      [
        0.105564706,
        -0.13901557,
        0.9846475
      ],
      [
        -0.00641895132,
        -0.9902548,
        -0.139119044
      ]
    ],
    "translation": [
      2.149769,
      0.8342023,
      -0.6891447
    ]
  },
  {
    "timeStamp": 67539,
    "rotation": [
      [
        0.99577713,
        0.002728248,
        -0.09176284
      ],
      [
        0.09118709,
        -0.145021513,
        0.9852176
      ],
      [
        -0.0106196748,
        -0.989424765,
        -0.14465788
      ]
    ],
    "translation": [
      2.144454,
      0.8394891,
      -0.6803585
    ]
  },
  {
    "timeStamp": 67583,
    "rotation": [
      [
        0.9965026,
        0.0004702826,
        -0.08356055
      ],
      [
        0.08263093,
        -0.154396787,
        0.9845475
      ],
      [
        -0.0124384593,
        -0.9880088,
        -0.153895661
      ]
    ],
    "translation": [
      2.139807,
      0.8420675,
      -0.671332538
    ]
  },
  {
    "timeStamp": 67639,
    "rotation": [
      [
        0.997424543,
        0.0144454716,
        -0.07025449
      ],
      [
        0.0716164857,
        -0.146913886,
        0.9865533
      ],
      [
        0.00392988557,
        -0.9890439,
        -0.147570044
      ]
    ],
    "translation": [
      2.13131952,
      0.8381513,
      -0.660863638
    ]
  },
  {
    "timeStamp": 67684,
    "rotation": [
      [
        0.9969459,
        0.03468657,
        -0.0699686
      ],
      [
        0.07384743,
        -0.12728256,
        0.989113569
      ],
      [
        0.02540315,
        -0.991259754,
        -0.129455343
      ]
    ],
    "translation": [
      2.12504673,
      0.827801943,
      -0.65490514
    ]
  },
  {
    "timeStamp": 67739,
    "rotation": [
      [
        0.9978775,
        0.06476678,
        -0.00676335255
      ],
      [
        0.0142966509,
        -0.116568364,
        0.9930798
      ],
      [
        0.06353019,
        -0.991068661,
        -0.117246896
      ]
    ],
    "translation": [
      2.11777687,
      0.8170568,
      -0.650086343
    ]
  },
  {
    "timeStamp": 67783,
    "rotation": [
      [
        0.99285686,
        0.09549027,
        0.07153255
      ],
      [
        -0.0602497272,
        -0.1162174,
        0.9913947
      ],
      [
        0.102981895,
        -0.988622844,
        -0.109633975
      ]
    ],
    "translation": [
      2.11432576,
      0.8129289,
      -0.6482234
    ]
  },
  {
    "timeStamp": 67839,
    "rotation": [
      [
        0.9813633,
        0.0820231661,
        0.173776671
      ],
      [
        -0.17294465,
        -0.0171963256,
        0.984781444
      ],
      [
        0.08376321,
        -0.9964821,
        -0.00269037532
      ]
    ],
    "translation": [
      2.1137116,
      0.805878639,
      -0.652249932
    ]
  },
  {
    "timeStamp": 67884,
    "rotation": [
      [
        0.975200236,
        0.06716952,
        0.2108855
      ],
      [
        -0.214503855,
        0.0521208234,
        0.9753315
      ],
      [
        0.05452102,
        -0.996379256,
        0.06523636
      ]
    ],
    "translation": [
      2.112998,
      0.8023528,
      -0.6546374
    ]
  },
  {
    "timeStamp": 67939,
    "rotation": [
      [
        0.967837334,
        0.0731584,
        0.240704879
      ],
      [
        -0.246182859,
        0.07834429,
        0.9660519
      ],
      [
        0.05181697,
        -0.994238436,
        0.09383487
      ]
    ],
    "translation": [
      2.11217022,
      0.8003415,
      -0.655212641
    ]
  },
  {
    "timeStamp": 67983,
    "rotation": [
      [
        0.964269042,
        0.05796992,
        0.258504927
      ],
      [
        -0.263059974,
        0.0939305648,
        0.9601961
      ],
      [
        0.0313809775,
        -0.99388963,
        0.1058239
      ]
    ],
    "translation": [
      2.11186433,
      0.799147069,
      -0.656364441
    ]
  },
  {
    "timeStamp": 68039,
    "rotation": [
      [
        0.9694054,
        0.0555060878,
        0.239107177
      ],
      [
        -0.243603736,
        0.09780905,
        0.964930356
      ],
      [
        0.0301726554,
        -0.993656158,
        0.1083381
      ]
    ],
    "translation": [
      2.112414,
      0.7999693,
      -0.6564747
    ]
  },
  {
    "timeStamp": 68084,
    "rotation": [
      [
        0.975470245,
        0.05542751,
        0.213039175
      ],
      [
        -0.218390122,
        0.122182831,
        0.9681824
      ],
      [
        0.0276342183,
        -0.99095875,
        0.131290525
      ]
    ],
    "translation": [
      2.11304235,
      0.800632536,
      -0.657003462
    ]
  },
  {
    "timeStamp": 68139,
    "rotation": [
      [
        0.9894987,
        0.06584265,
        0.128674284
      ],
      [
        -0.135374025,
        0.110157117,
        0.984651864
      ],
      [
        0.0506577,
        -0.991730869,
        0.117913708
      ]
    ],
    "translation": [
      2.11268878,
      0.8041966,
      -0.6554814
    ]
  },
  {
    "timeStamp": 68183,
    "rotation": [
      [
        0.9925715,
        0.07468505,
        0.09604163
      ],
      [
        -0.103994921,
        0.111128904,
        0.988349855
      ],
      [
        0.0631419644,
        -0.9909957,
        0.118070245
      ]
    ],
    "translation": [
      2.115063,
      0.8053354,
      -0.6547071
    ]
  },
  {
    "timeStamp": 68239,
    "rotation": [
      [
        0.9912997,
        0.08836671,
        0.09755125
      ],
      [
        -0.103762038,
        0.0686453059,
        0.9922305
      ],
      [
        0.08098373,
        -0.9937199,
        0.077217184
      ]
    ],
    "translation": [
      2.115054,
      0.8054896,
      -0.6523083
    ]
  },
  {
    "timeStamp": 68283,
    "rotation": [
      [
        0.971295059,
        0.12107636,
        -0.204759359
      ],
      [
        0.209569916,
        -0.028293306,
        0.9773842
      ],
      [
        0.1125448,
        -0.9922399,
        -0.0528551079
      ]
    ],
    "translation": [
      2.14411759,
      0.7872994,
      -0.6444946
    ]
  },
  {
    "timeStamp": 68339,
    "rotation": [
      [
        0.9347676,
        0.167596981,
        -0.313242435
      ],
      [
        0.328405321,
        -0.0713564754,
        0.941837668
      ],
      [
        0.135497272,
        -0.9832698,
        -0.121741459
      ]
    ],
    "translation": [
      2.16727853,
      0.7799168,
      -0.642519
    ]
  },
  {
    "timeStamp": 68384,
    "rotation": [
      [
        0.943014145,
        0.07193234,
        -0.3248847
      ],
      [
        0.3322248,
        -0.148558944,
        0.93142736
      ],
      [
        0.01873522,
        -0.9862839,
        -0.163990885
      ]
    ],
    "translation": [
      2.180117,
      0.793468237,
      -0.6348705
    ]
  },
  {
    "timeStamp": 68439,
    "rotation": [
      [
        0.9704893,
        0.0010132062,
        -0.241141945
      ],
      [
        0.23823072,
        -0.159000859,
        0.958104849
      ],
      [
        -0.037371,
        -0.9872779,
        -0.154550016
      ]
    ],
    "translation": [
      2.17993236,
      0.80017823,
      -0.637495637
    ]
  },
  {
    "timeStamp": 68484,
    "rotation": [
      [
        0.9692115,
        0.009801864,
        -0.246034339
      ],
      [
        0.2445186,
        -0.155901447,
        0.957029462
      ],
      [
        -0.02897644,
        -0.987723947,
        -0.153498217
      ]
    ],
    "translation": [
      2.17728043,
      0.7991482,
      -0.6396962
    ]
  },
  {
    "timeStamp": 68539,
    "rotation": [
      [
        0.9639995,
        0.06349455,
        -0.258211851
      ],
      [
        0.264904976,
        -0.145230621,
        0.9532751
      ],
      [
        0.02302749,
        -0.987358332,
        -0.156822279
      ]
    ],
    "translation": [
      2.16723919,
      0.7894264,
      -0.640125334
    ]
  },
  {
    "timeStamp": 68583,
    "rotation": [
      [
        0.848797262,
        0.0372224636,
        -0.5274066
      ],
      [
        0.5227225,
        -0.208881453,
        0.8265166
      ],
      [
        -0.07940048,
        -0.977232337,
        -0.196755022
      ]
    ],
    "translation": [
      2.185608,
      0.782821536,
      -0.6338896
    ]
  },
  {
    "timeStamp": 68639,
    "rotation": [
      [
        0.737872958,
        -0.0216365289,
        -0.674592733
      ],
      [
        0.6496135,
        -0.248459265,
        0.7185195
      ],
      [
        -0.183155075,
        -0.9684007,
        -0.169275984
      ]
    ],
    "translation": [
      2.19555187,
      0.7791916,
      -0.627577066
    ]
  },
  {
    "timeStamp": 68684,
    "rotation": [
      [
        0.5928012,
        -0.105969764,
        -0.79834646
      ],
      [
        0.742872655,
        -0.310870975,
        0.5928739
      ],
      [
        -0.311009437,
        -0.944526136,
        -0.105562665
      ]
    ],
    "translation": [
      2.207311,
      0.778026164,
      -0.625457346
    ]
  },
  {
    "timeStamp": 68739,
    "rotation": [
      [
        0.39556554,
        0.0693296,
        -0.915817261
      ],
      [
        0.859934,
        -0.378155082,
        0.3428008
      ],
      [
        -0.3225547,
        -0.923142552,
        -0.209203988
      ]
    ],
    "translation": [
      2.234496,
      0.7871501,
      -0.620153248
    ]
  },
  {
    "timeStamp": 68784,
    "rotation": [
      [
        0.209562361,
        0.06810174,
        -0.975420833
      ],
      [
        0.9227239,
        -0.343835622,
        0.174234927
      ],
      [
        -0.323518723,
        -0.9365571,
        -0.1348941
      ]
    ],
    "translation": [
      2.23723459,
      0.795669,
      -0.618087769
    ]
  },
  {
    "timeStamp": 68839,
    "rotation": [
      [
        -0.0515347645,
        -0.206323,
        -0.977125943
      ],
      [
        0.9967395,
        -0.07145245,
        -0.0374818146
      ],
      [
        -0.06208468,
        -0.9758716,
        0.20933257
      ]
    ],
    "translation": [
      2.24198532,
      0.801258445,
      -0.6420429
    ]
  },
  {
    "timeStamp": 68884,
    "rotation": [
      [
        -0.06107508,
        -0.08836513,
        -0.994214
      ],
      [
        0.959033847,
        -0.281254,
        -0.0339162648
      ],
      [
        -0.276629627,
        -0.9555563,
        0.101922758
      ]
    ],
    "translation": [
      2.2418766,
      0.7986648,
      -0.6415313
    ]
  },
  {
    "timeStamp": 68939,
    "rotation": [
      [
        0.0581544861,
        -0.07879361,
        -0.9951933
      ],
      [
        0.9233225,
        -0.374808848,
        0.08362987
      ],
      [
        -0.3795967,
        -0.9237477,
        0.0509550944
      ]
    ],
    "translation": [
      2.250486,
      0.8123265,
      -0.6250964
    ]
  },
  {
    "timeStamp": 68984,
    "rotation": [
      [
        0.04745967,
        -0.6730143,
        -0.738105237
      ],
      [
        0.904152751,
        -0.2851362,
        0.318127453
      ],
      [
        -0.424564868,
        -0.6824581,
        0.5949753
      ]
    ],
    "translation": [
      2.26663446,
      0.827286363,
      -0.6629134
    ]
  },
  {
    "timeStamp": 69039,
    "rotation": [
      [
        0.101976275,
        -0.6970594,
        -0.7097246
      ],
      [
        0.943828344,
        -0.157619849,
        0.290420383
      ],
      [
        -0.314306945,
        -0.6994742,
        0.641831
      ]
    ],
    "translation": [
      2.261314,
      0.824163437,
      -0.6839069
    ]
  },
  {
    "timeStamp": 69093,
    "rotation": [
      [
        0.170587555,
        -0.755943835,
        -0.6320195
      ],
      [
        0.9074213,
        -0.129472062,
        0.3997794
      ],
      [
        -0.38403967,
        -0.6417054,
        0.663873255
      ]
    ],
    "translation": [
      2.24834943,
      0.8316743,
      -0.693707645
    ]
  },
  {
    "timeStamp": 69137,
    "rotation": [
      [
        0.3084302,
        -0.726759136,
        -0.6137524
      ],
      [
        0.8736072,
        -0.03889727,
        0.4850747
      ],
      [
        -0.376405776,
        -0.685790241,
        0.6229049
      ]
    ],
    "translation": [
      2.23985863,
      0.840474546,
      -0.698908567
    ]
  },
  {
    "timeStamp": 69192,
    "rotation": [
      [
        0.5487013,
        -0.569284141,
        -0.612243831
      ],
      [
        0.7480726,
        0.00737444824,
        0.6635759
      ],
      [
        -0.373248249,
        -0.8221078,
        0.429912239
      ]
    ],
    "translation": [
      2.22094774,
      0.847181857,
      -0.689050436
    ]
  },
  {
    "timeStamp": 69237,
    "rotation": [
      [
        0.7731865,
        -0.375440329,
        -0.511104047
      ],
      [
        0.544436753,
        -0.0203437079,
        0.8385552
      ],
      [
        -0.325225174,
        -0.926623344,
        0.188674018
      ]
    ],
    "translation": [
      2.18343949,
      0.8635134,
      -0.6670607
    ]
  },
  {
    "timeStamp": 69292,
    "rotation": [
      [
        0.925160348,
        -0.179817379,
        -0.334281445
      ],
      [
        0.315830171,
        -0.123822726,
        0.9407015
      ],
      [
        -0.210546091,
        -0.975875854,
        -0.0577641279
      ]
    ],
    "translation": [
      2.14334655,
      0.900384665,
      -0.65149647
    ]
  },
  {
    "timeStamp": 69336,
    "rotation": [
      [
        0.9933691,
        -0.005381007,
        -0.114842914
      ],
      [
        0.108080782,
        -0.296852767,
        0.9487871
      ],
      [
        -0.03919688,
        -0.9549081,
        -0.294302762
      ]
    ],
    "translation": [
      2.10763431,
      0.942398965,
      -0.642953455
    ]
  },
  {
    "timeStamp": 69393,
    "rotation": [
      [
        0.997929633,
        0.0518971123,
        0.03798877
      ],
      [
        -0.0100982888,
        -0.456904918,
        0.889458239
      ],
      [
        0.06351757,
        -0.8880003,
        -0.455434859
      ]
    ],
    "translation": [
      2.083908,
      0.9924782,
      -0.6392431
    ]
  },
  {
    "timeStamp": 69436,
    "rotation": [
      [
        0.9973395,
        0.0491278023,
        0.0538546927
      ],
      [
        -0.023479756,
        -0.482914865,
        0.875352442
      ],
      [
        0.0690113753,
        -0.874288,
        -0.480476558
      ]
    ],
    "translation": [
      2.0786736,
      1.00990343,
      -0.639849
    ]
  },
  {
    "timeStamp": 69489,
    "rotation": [
      [
        0.9952456,
        0.04409831,
        0.08684205
      ],
      [
        -0.0513450578,
        -0.5201169,
        0.8525503
      ],
      [
        0.08276405,
        -0.8529559,
        -0.515379846
      ]
    ],
    "translation": [
      2.06595731,
      1.03581977,
      -0.642624
    ]
  },
  {
    "timeStamp": 69533,
    "rotation": [
      [
        0.9937702,
        0.041564174,
        0.103408277
      ],
      [
        -0.065685384,
        -0.5311393,
        0.84473455
      ],
      [
        0.0900348946,
        -0.8462644,
        -0.525100231
      ]
    ],
    "translation": [
      2.05824256,
      1.044022,
      -0.64417094
    ]
  },
  {
    "timeStamp": 69588,
    "rotation": [
      [
        0.992943943,
        0.022823412,
        0.116367228
      ],
      [
        -0.0878504738,
        -0.517559946,
        0.8511252
      ],
      [
        0.0796525851,
        -0.8553425,
        -0.511903
      ]
    ],
    "translation": [
      2.05683041,
      1.03791845,
      -0.6429295
    ]
  },
  {
    "timeStamp": 69633,
    "rotation": [
      [
        0.997058332,
        -0.00272556185,
        0.07659759
      ],
      [
        -0.06831447,
        -0.484733373,
        0.8719901
      ],
      [
        0.0347527452,
        -0.8746577,
        -0.483493656
      ]
    ],
    "translation": [
      2.06586528,
      1.01819777,
      -0.6389666
    ]
  },
  {
    "timeStamp": 69688,
    "rotation": [
      [
        0.992436945,
        -0.062438637,
        0.105690159
      ],
      [
        -0.1224019,
        -0.438006282,
        0.890599966
      ],
      [
        -0.009314898,
        -0.896801,
        -0.4423362
      ]
    ],
    "translation": [
      2.074442,
      0.9958685,
      -0.635794
    ]
  },
  {
    "timeStamp": 69742,
    "rotation": [
      [
        0.9927871,
        -0.0814310759,
        0.08799221
      ],
      [
        -0.113751046,
        -0.40793702,
        0.9058963
      ],
      [
        -0.03787284,
        -0.9093714,
        -0.4142575
      ]
    ],
    "translation": [
      2.0812726,
      0.9782713,
      -0.6351529
    ]
  },
  {
    "timeStamp": 69789,
    "rotation": [
      [
        0.991016,
        -0.09320903,
        0.0959131941
      ],
      [
        -0.124677762,
        -0.384314448,
        0.9147447
      ],
      [
        -0.048401624,
        -0.918484867,
        -0.392482847
      ]
    ],
    "translation": [
      2.08425069,
      0.962695956,
      -0.634867
    ]
  },
  {
    "timeStamp": 69833,
    "rotation": [
      [
        0.9866424,
        -0.112136148,
        0.118162468
      ],
      [
        -0.15149489,
        -0.3649638,
        0.9186135
      ],
      [
        -0.05988476,
        -0.924244046,
        -0.3770768
      ]
    ],
    "translation": [
      2.086134,
      0.951225,
      -0.634242833
    ]
  },
  {
    "timeStamp": 69888,
    "rotation": [
      [
        0.982124567,
        -0.125147387,
        0.140604272
      ],
      [
        -0.17619361,
        -0.348360658,
        0.92065233
      ],
      [
        -0.06623626,
        -0.9289688,
        -0.364183724
      ]
    ],
    "translation": [
      2.09112573,
      0.9355675,
      -0.6328294
    ]
  },
  {
    "timeStamp": 69933,
    "rotation": [
      [
        0.980346441,
        -0.146778584,
        0.131821632
      ],
      [
        -0.173123479,
        -0.319650352,
        0.9315857
      ],
      [
        -0.0946000144,
        -0.936098158,
        -0.338778883
      ]
    ],
    "translation": [
      2.098406,
      0.9198658,
      -0.631719232
    ]
  },
  {
    "timeStamp": 69988,
    "rotation": [
      [
        0.9755606,
        -0.161435932,
        0.149063408
      ],
      [
        -0.192825437,
        -0.303708941,
        0.933048368
      ],
      [
        -0.105355658,
        -0.938988447,
        -0.327415437
      ]
    ],
    "translation": [
      2.1028986,
      0.9069796,
      -0.629247665
    ]
  },
  {
    "timeStamp": 70033,
    "rotation": [
      [
        0.9723187,
        -0.174995,
        0.154832557
      ],
      [
        -0.201960623,
        -0.296166658,
        0.933540165
      ],
      [
        -0.117508635,
        -0.938968658,
        -0.3233105
      ]
    ],
    "translation": [
      2.10640454,
      0.899104059,
      -0.626585662
    ]
  },
  {
    "timeStamp": 70088,
    "rotation": [
      [
        0.9672794,
        -0.186159983,
        0.172380731
      ],
      [
        -0.220268309,
        -0.279001683,
        0.9346871
      ],
      [
        -0.12590681,
        -0.9420735,
        -0.3108777
      ]
    ],
    "translation": [
      2.10870147,
      0.8900336,
      -0.6224543
    ]
  },
  {
    "timeStamp": 70134,
    "rotation": [
      [
        0.972426653,
        -0.179341272,
        0.149074212
      ],
      [
        -0.1935163,
        -0.26380074,
        0.944965959
      ],
      [
        -0.13014552,
        -0.9477584,
        -0.291232318
      ]
    ],
    "translation": [
      2.112686,
      0.8771123,
      -0.620785952
    ]
  },
  {
    "timeStamp": 70190,
    "rotation": [
      [
        0.9527644,
        -0.214535609,
        0.214975476
      ],
      [
        -0.261786729,
        -0.221262723,
        0.939420342
      ],
      [
        -0.153973088,
        -0.9513239,
        -0.266973823
      ]
    ],
    "translation": [
      2.111384,
      0.8662349,
      -0.6198399
    ]
  },
  {
    "timeStamp": 70235,
    "rotation": [
      [
        0.935023844,
        -0.236051261,
        0.264594346
      ],
      [
        -0.3118061,
        -0.192041337,
        0.9305359
      ],
      [
        -0.168841124,
        -0.9525754,
        -0.253165454
      ]
    ],
    "translation": [
      2.110179,
      0.863473058,
      -0.6206645
    ]
  },
  {
    "timeStamp": 70292,
    "rotation": [
      [
        0.934469044,
        -0.2593509,
        0.243936062
      ],
      [
        -0.29077518,
        -0.16052705,
        0.94322896
      ],
      [
        -0.205468923,
        -0.9523488,
        -0.225420341
      ]
    ],
    "translation": [
      2.116344,
      0.8468933,
      -0.623353541
    ]
  },
  {
    "timeStamp": 70338,
    "rotation": [
      [
        0.9297724,
        -0.280696839,
        0.238186061
      ],
      [
        -0.285918653,
        -0.143051609,
        0.9475161
      ],
      [
        -0.23189187,
        -0.9490761,
        -0.2132619
      ]
    ],
    "translation": [
      2.11666059,
      0.838658154,
      -0.624114633
    ]
  },
  {
    "timeStamp": 70394,
    "rotation": [
      [
        0.917574942,
        -0.303398758,
        0.256915182
      ],
      [
        -0.303873241,
        -0.118530139,
        0.945310354
      ],
      [
        -0.2563538,
        -0.9454627,
        -0.200955048
      ]
    ],
    "translation": [
      2.11618781,
      0.834670067,
      -0.6253335
    ]
  },
  {
    "timeStamp": 70438,
    "rotation": [
      [
        0.9324952,
        -0.29656,
        0.20616737
      ],
      [
        -0.2530412,
        -0.1290996,
        0.9588031
      ],
      [
        -0.2577265,
        -0.9462481,
        -0.195426628
      ]
    ],
    "translation": [
      2.11746454,
      0.8371905,
      -0.62540406
    ]
  },
  {
    "timeStamp": 70483,
    "rotation": [
      [
        0.9508062,
        -0.2797889,
        0.13298738
      ],
      [
        -0.182772815,
        -0.160043091,
        0.9700414
      ],
      [
        -0.2501231,
        -0.946627855,
        -0.203307778
      ]
    ],
    "translation": [
      2.11915278,
      0.8410918,
      -0.6247867
    ]
  },
  {
    "timeStamp": 70538,
    "rotation": [
      [
        0.955757439,
        -0.28811425,
        0.0593113229
      ],
      [
        -0.121883653,
        -0.204375938,
        0.971274853
      ],
      [
        -0.267716318,
        -0.9355323,
        -0.230450258
      ]
    ],
    "translation": [
      2.120692,
      0.8645075,
      -0.620831132
    ]
  },
  {
    "timeStamp": 70594,
    "rotation": [
      [
        0.9443805,
        -0.328528464,
        0.0146465506
      ],
      [
        -0.0872570351,
        -0.207387909,
        0.9743595
      ],
      [
        -0.317067325,
        -0.9214441,
        -0.224519521
      ]
    ],
    "translation": [
      2.12813854,
      0.8842366,
      -0.6193589
    ]
  },
  {
    "timeStamp": 70638,
    "rotation": [
      [
        0.913593769,
        -0.4062979,
        0.01638501
      ],
      [
        -0.106851682,
        -0.2009958,
        0.9737471
      ],
      [
        -0.392338067,
        -0.891360044,
        -0.227042124
      ]
    ],
    "translation": [
      2.13753724,
      0.901494145,
      -0.6195183
    ]
  },
  {
    "timeStamp": 70693,
    "rotation": [
      [
        0.842865646,
        -0.534887433,
        0.0589321852
      ],
      [
        -0.157144949,
        -0.139915675,
        0.977614
      ],
      [
        -0.5146679,
        -0.8332581,
        -0.201984972
      ]
    ],
    "translation": [
      2.148695,
      0.9101612,
      -0.6233098
    ]
  },
  {
    "timeStamp": 70738,
    "rotation": [
      [
        0.8114121,
        -0.5795756,
        0.07551503
      ],
      [
        -0.1579262,
        -0.09301181,
        0.9830606
      ],
      [
        -0.5627341,
        -0.8095931,
        -0.167001083
      ]
    ],
    "translation": [
      2.147585,
      0.9070246,
      -0.627901256
    ]
  },
  {
    "timeStamp": 70793,
    "rotation": [
      [
        0.7518817,
        -0.651772261,
        0.0993323252
      ],
      [
        -0.15720576,
        -0.0309172422,
        0.9870818
      ],
      [
        -0.6402815,
        -0.757784367,
        -0.125708461
      ]
    ],
    "translation": [
      2.148063,
      0.8962886,
      -0.632121742
    ]
  },
  {
    "timeStamp": 70837,
    "rotation": [
      [
        0.675531566,
        -0.72018677,
        0.158076644
      ],
      [
        -0.183163047,
        0.0437608063,
        0.9821081
      ],
      [
        -0.7142188,
        -0.6923988,
        -0.102349788
      ]
    ],
    "translation": [
      2.14490056,
      0.8866133,
      -0.6351924
    ]
  },
  {
    "timeStamp": 70893,
    "rotation": [
      [
        0.6335081,
        -0.764165163,
        0.12132246
      ],
      [
        -0.140280277,
        0.040766377,
        0.989272237
      ],
      [
        -0.760913253,
        -0.6437311,
        -0.08137147
      ]
    ],
    "translation": [
      2.14995384,
      0.8796177,
      -0.6338681
    ]
  },
  {
    "timeStamp": 70937,
    "rotation": [
      [
        0.578418851,
        -0.811276555,
        0.08521687
      ],
      [
        -0.103714086,
        0.0304795168,
        0.99414
      ],
      [
        -0.8091199,
        -0.58386755,
        -0.066510886
      ]
    ],
    "translation": [
      2.15991449,
      0.8745694,
      -0.6366957
    ]
  },
  {
    "timeStamp": 70993,
    "rotation": [
      [
        0.5253058,
        -0.8413121,
        0.127466872
      ],
      [
        -0.123975515,
        0.0725296959,
        0.989631
      ],
      [
        -0.841833651,
        -0.5356617,
        -0.06620183
      ]
    ],
    "translation": [
      2.16131735,
      0.8659663,
      -0.635311842
    ]
  },
  {
    "timeStamp": 71037,
    "rotation": [
      [
        0.568281531,
        -0.8174119,
