[
  {
    "timeStamp": 115394,
    "rotation": [
      [
        0.9997315,
        0.00025140302,
        -0.0231705662
      ],
      [
        0.00197246647,
        0.9953885,
        0.09590532
      ],
      [
        0.0230878256,
        -0.09592527,
        0.995120764
      ]
    ],
    "translation": [
      1.15436852,
      0.6894031,
      -0.365390569
    ]
  },
  {
    "timeStamp": 115449,
    "rotation": [
      [
        0.999616265,
        0.00213214336,
        -0.0276185125
      ],
      [
        0.003958252,
        0.9758074,
        0.218595922
      ],
      [
        0.0274164267,
        -0.218621358,
        0.9754246
      ]
    ],
    "translation": [
      1.15425718,
      0.6907289,
      -0.3646962
    ]
  },
  {
    "timeStamp": 115494,
    "rotation": [
      [
        0.989611,
        0.137068063,
        0.0433865935
      ],
      [
        -0.1417173,
        0.980820954,
        0.133814961
      ],
      [
        -0.0242127236,
        -0.1385734,
        0.990056157
      ]
    ],
    "translation": [
      1.13162112,
      0.7060694,
      -0.3651989
    ]
  },
  {
    "timeStamp": 115549,
    "rotation": [
      [
        0.980701149,
        0.190945849,
        0.04201191
      ],
      [
        -0.19471319,
        0.9732905,
        0.121624269
      ],
      [
        -0.0176661424,
        -0.127457336,
        0.991686761
      ]
    ],
    "translation": [
      1.12383533,
      0.7333225,
      -0.3651579
    ]
  },
  {
    "timeStamp": 115594,
    "rotation": [
      [
        0.9759767,
        0.216753781,
        0.0220730454
      ],
      [
        -0.217443019,
        0.96265614,
        0.161281049
      ],
      [
        0.0137095228,
        -0.162206173,
        0.9866616
      ]
    ],
    "translation": [
      1.12022793,
      0.7600918,
      -0.368296623
    ]
  },
  {
    "timeStamp": 115650,
    "rotation": [
      [
        0.931311965,
        0.355976045,
        0.07706542
      ],
      [
        -0.3641321,
        0.9147141,
        0.175231218
      ],
      [
        -0.008114712,
        -0.191256925,
        0.981506467
      ]
    ],
    "translation": [
      1.11323977,
      0.8206077,
      -0.380452424
    ]
  },
  {
    "timeStamp": 115695,
    "rotation": [
      [
        0.9018796,
        0.414517462,
        0.12160784
      ],
      [
        -0.431640178,
        0.875997066,
        0.215211377
      ],
      [
        -0.0173192378,
        -0.246585578,
        0.968966246
      ]
    ],
    "translation": [
      1.11715233,
      0.872252941,
      -0.39911288
    ]
  },
  {
    "timeStamp": 115750,
    "rotation": [
      [
        0.853637457,
        0.48759073,
        0.183189616
      ],
      [
        -0.518645644,
        0.828143358,
        0.212568417
      ],
      [
        -0.04806088,
        -0.276466846,
        0.9598209
      ]
    ],
    "translation": [
      1.13819814,
      0.935661733,
      -0.438173443
    ]
  },
  {
    "timeStamp": 115795,
    "rotation": [
      [
        0.827881932,
        0.496809274,
        0.260369122
      ],
      [
        -0.54553324,
        0.821109354,
        0.167847872
      ],
      [
        -0.130403146,
        -0.28099826,
        0.9508076
      ]
    ],
    "translation": [
      1.16793406,
      0.9707408,
      -0.480125517
    ]
  },
  {
    "timeStamp": 115850,
    "rotation": [
      [
        0.878783,
        0.389656782,
        0.2755142
      ],
      [
        -0.438822657,
        0.8866939,
        0.145631626
      ],
      [
        -0.1875504,
        -0.248880461,
        0.95020175
      ]
    ],
    "translation": [
      1.2205261,
      0.981071,
      -0.556326151
    ]
  },
  {
    "timeStamp": 115894,
    "rotation": [
      [
        0.8811538,
        0.310292035,
        0.3567728
      ],
      [
        -0.363161743,
        0.9273285,
        0.09041801
      ],
      [
        -0.3027896,
        -0.20923841,
        0.9298052
      ]
    ],
    "translation": [
      1.2687211,
      0.975313246,
      -0.62193507
    ]
  },
  {
    "timeStamp": 115950,
    "rotation": [
      [
        0.768270433,
        0.293875933,
        0.568680465
      ],
      [
        -0.281388164,
        0.952996552,
        -0.112331145
      ],
      [
        -0.57496196,
        -0.07371927,
        0.8148523
      ]
    ],
    "translation": [
      1.32834613,
      0.957642734,
      -0.7046068
    ]
  },
  {
    "timeStamp": 115994,
    "rotation": [
      [
        0.7177493,
        0.2103151,
        0.6637797
      ],
      [
        -0.148254678,
        0.97759366,
        -0.149436638
      ],
      [
        -0.6803356,
        0.008849607,
        0.732847333
      ]
    ],
    "translation": [
      1.37950611,
      0.9344481,
      -0.7808233
    ]
  },
  {
    "timeStamp": 116050,
    "rotation": [
      [
        0.5671465,
        0.154466242,
        0.8090025
      ],
      [
        0.005486525,
        0.9815254,
        -0.191253051
      ],
      [
        -0.823598742,
        0.112907104,
        0.5558212
      ]
    ],
    "translation": [
      1.44140625,
      0.9130095,
      -0.8739095
    ]
  },
  {
    "timeStamp": 116095,
    "rotation": [
      [
        0.412468851,
        0.165161982,
        0.8958744
      ],
      [
        0.0625137,
        0.975977242,
        -0.2087115
      ],
      [
        -0.9088242,
        0.142091423,
        0.392235339
      ]
    ],
    "translation": [
      1.488337,
      0.909566939,
      -0.9331788
    ]
  },
  {
    "timeStamp": 116150,
    "rotation": [
      [
        0.209420815,
        0.115706548,
        0.9709556
      ],
      [
        0.110240042,
        0.983849764,
        -0.141020268
      ],
      [
        -0.9715915,
        0.136570767,
        0.193283126
      ]
    ],
    "translation": [
      1.5556215,
      0.9135271,
      -0.985791564
    ]
  },
  {
    "timeStamp": 116194,
    "rotation": [
      [
        0.0677,
        0.110059768,
        0.9916166
      ],
      [
        0.07601728,
        0.990438759,
        -0.115118921
      ],
      [
        -0.9948055,
        0.08317356,
        0.05868626
      ]
    ],
    "translation": [
      1.6100508,
      0.927059,
      -1.00569534
    ]
  },
  {
    "timeStamp": 116250,
    "rotation": [
      [
        -0.0372529551,
        0.05408175,
        0.9978414
      ],
      [
        0.0244218018,
        0.998285532,
        -0.05319407
      ],
      [
        -0.9990074,
        0.0223874468,
        -0.03850986
      ]
    ],
    "translation": [
      1.67930579,
      0.945410252,
      -1.01198733
    ]
  },
  {
    "timeStamp": 116294,
    "rotation": [
      [
        -0.086620234,
        -0.000178222719,
        0.996241331
      ],
      [
        -0.0344629437,
        0.999402,
        -0.00281766267
      ],
      [
        -0.9956451,
        -0.0345774777,
        -0.08657458
      ]
    ],
    "translation": [
      1.738418,
      0.9610059,
      -1.00427544
    ]
  },
  {
    "timeStamp": 116350,
    "rotation": [
      [
        -0.09026129,
        -0.0437979065,
        0.9949546
      ],
      [
        -0.104694322,
        0.9939143,
        0.03425435
      ],
      [
        -0.9903999,
        -0.101074256,
        -0.09429738
      ]
    ],
    "translation": [
      1.80684924,
      0.9795542,
      -0.984064639
    ]
  },
  {
    "timeStamp": 116395,
    "rotation": [
      [
        -0.08966155,
        -0.077663146,
        0.9929397
      ],
      [
        -0.145843878,
        0.987232268,
        0.0640471652
      ],
      [
        -0.9852362,
        -0.139071614,
        -0.09984347
      ]
    ],
    "translation": [
      1.86069679,
      0.990679562,
      -0.96325314
    ]
  },
  {
    "timeStamp": 116450,
    "rotation": [
      [
        -0.0701783746,
        -0.109557733,
        0.9914999
      ],
      [
        -0.183806464,
        0.9783517,
        0.0950950757
      ],
      [
        -0.980454,
        -0.175570473,
        -0.088796556
      ]
    ],
    "translation": [
      1.92030549,
      1.00008452,
      -0.93503356
    ]
  },
  {
    "timeStamp": 116494,
    "rotation": [
      [
        -0.06969143,
        -0.103014335,
        0.9922354
      ],
      [
        -0.21567978,
        0.9726841,
        0.08583586
      ],
      [
        -0.973974,
        -0.2080231,
        -0.09000586
      ]
    ],
    "translation": [
      1.959514,
      1.00400376,
      -0.911445856
    ]
  },
  {
    "timeStamp": 116550,
    "rotation": [
      [
        -0.0687930062,
        -0.08881689,
        0.99366945
      ],
      [
        -0.229213044,
        0.970790446,
        0.07090319
      ],
      [
        -0.970942259,
        -0.222884372,
        -0.08714158
      ]
    ],
    "translation": [
      1.99790561,
      1.00184453,
      -0.882845759
    ]
  },
  {
    "timeStamp": 116595,
    "rotation": [
      [
        -0.0467307866,
        -0.09210621,
        0.994652033
      ],
      [
        -0.198328421,
        0.9767719,
        0.0811326057
      ],
      [
        -0.979020953,
        -0.193476379,
        -0.0639126
      ]
    ],
    "translation": [
      2.019625,
      0.9911446,
      -0.8632178
    ]
  },
  {
    "timeStamp": 116650,
    "rotation": [
      [
        0.0014813079,
        -0.07433255,
        0.997232437
      ],
      [
        -0.1866473,
        0.9796885,
        0.0733021
      ],
      [
        -0.982425869,
        -0.1862393,
        -0.0124227479
      ]
    ],
    "translation": [
      2.03389955,
      0.9796366,
      -0.8369042
    ]
  },
  {
    "timeStamp": 116695,
    "rotation": [
      [
        0.03503491,
        -0.09124917,
        0.9952116
      ],
      [
        -0.169918761,
        0.980779946,
        0.09590769
      ],
      [
        -0.9848351,
        -0.172465235,
        0.0188565943
      ]
    ],
    "translation": [
      2.04332638,
      0.970711648,
      -0.8175408
    ]
  },
  {
    "timeStamp": 116750,
    "rotation": [
      [
        0.0291685071,
        -0.05325152,
        0.998155057
      ],
      [
        -0.184502244,
        0.9811349,
        0.0577350929
      ],
      [
        -0.982399166,
        -0.185845882,
        0.0187932141
      ]
    ],
    "translation": [
      2.049757,
      0.960625,
      -0.79576546
    ]
  },
  {
    "timeStamp": 116800,
    "rotation": [
      [
        0.0614422224,
        -0.07472569,
        0.9953095
      ],
      [
        -0.1543652,
        0.984483957,
        0.0834421739
      ],
      [
        -0.9861015,
        -0.158768013,
        0.0489538424
      ]
    ],
    "translation": [
      2.05633974,
      0.9435695,
      -0.7805601
    ]
  },
  {
    "timeStamp": 116844,
    "rotation": [
      [
        0.0534622669,
        -0.0585469976,
        0.9968521
      ],
      [
        -0.140534416,
        0.987902939,
        0.06555841
      ],
      [
        -0.9886313,
        -0.143596917,
        0.04458766
      ]
    ],
    "translation": [
      2.06094837,
      0.92826885,
      -0.7714133
    ]
  },
  {
    "timeStamp": 116900,
    "rotation": [
      [
        0.0521525554,
        -0.03956618,
        0.997854948
      ],
      [
        -0.132157326,
        0.990152955,
        0.0461679474
      ],
      [
        -0.989855766,
        -0.13428162,
        0.0464100465
      ]
    ],
    "translation": [
      2.06496859,
      0.910425544,
      -0.762382567
    ]
  },
  {
    "timeStamp": 116945,
    "rotation": [
      [
        0.054551933,
        -0.04282635,
        0.9975921
      ],
      [
        -0.118096784,
        0.9917907,
        0.04903525
      ],
      [
        -0.9915025,
        -0.120487384,
        0.0490464419
      ]
    ],
    "translation": [
      2.06876564,
      0.8945514,
      -0.757960558
    ]
  },
  {
    "timeStamp": 117000,
    "rotation": [
      [
        0.07714661,
        -0.03496483,
        0.9964065
      ],
      [
        -0.08865075,
        0.995186,
        0.04178577
      ],
      [
        -0.9930707,
        -0.091555804,
        0.0736755654
      ]
    ],
    "translation": [
      2.06949949,
      0.8752922,
      -0.755009353
    ]
  },
  {
    "timeStamp": 117044,
    "rotation": [
      [
        0.08327636,
        -0.04226505,
        0.9956298
      ],
      [
        -0.0747603,
        0.9960197,
        0.0485346951
      ],
      [
        -0.993718266,
        -0.07847538,
        0.0797851458
      ]
    ],
    "translation": [
      2.07268381,
      0.8632317,
      -0.7545001
    ]
  },
  {
    "timeStamp": 117100,
    "rotation": [
      [
        0.04426542,
        -0.02486899,
        0.9987102
      ],
      [
        -0.0810552239,
        0.99630487,
        0.028401671
      ],
      [
        -0.995726168,
        -0.08220789,
        0.04208609
      ]
    ],
    "translation": [
      2.081171,
      0.8539428,
      -0.75584805
    ]
  },
  {
    "timeStamp": 117148,
    "rotation": [
      [
        0.034607105,
        -0.0373317152,
        0.998703539
      ],
      [
        -0.07446841,
        0.9964278,
        0.039827127
      ],
      [
        -0.9966227,
        -0.0757501647,
        0.03170345
      ]
    ],
    "translation": [
      2.086121,
      0.846975446,
      -0.758161366
    ]
  },
  {
    "timeStamp": 117208,
    "rotation": [
      [
        0.0432581455,
        -0.0328869633,
        0.99852246
      ],
      [
        -0.0655028746,
        0.9972142,
        0.0356816
      ],
      [
        -0.996914268,
        -0.06694961,
        0.0409834459
      ]
    ],
    "translation": [
      2.08624172,
      0.8407666,
      -0.759326935
    ]
  },
  {
    "timeStamp": 117248,
    "rotation": [
      [
        0.03324558,
        -0.0244291779,
        0.9991486
      ],
      [
        -0.06372924,
        0.997615039,
        0.0265122019
      ],
      [
        -0.9974133,
        -0.0645564,
        0.03160944
      ]
    ],
    "translation": [
      2.0864048,
      0.837548852,
      -0.759785831
    ]
  },
  {
    "timeStamp": 117305,
    "rotation": [
      [
        0.0440915935,
        -0.0210783482,
        0.9988051
      ],
      [
        -0.0542033,
        0.998254359,
        0.0234594923
      ],
      [
        -0.997556031,
        -0.0551728979,
        0.0428721048
      ]
    ],
    "translation": [
      2.084888,
      0.833844244,
      -0.7609222
    ]
  },
  {
    "timeStamp": 117348,
    "rotation": [
      [
        0.0371768475,
        -0.0222197473,
        0.999061644
      ],
      [
        -0.04794982,
        0.998561561,
        0.0239929222
      ],
      [
        -0.9981577,
        -0.04879681,
        0.0360579379
      ]
    ],
    "translation": [
      2.08489847,
      0.8320808,
      -0.7600108
    ]
  },
  {
    "timeStamp": 117406,
    "rotation": [
      [
        0.0391708463,
        -0.0308160465,
        0.9987572
      ],
      [
        -0.0410200134,
        0.998632133,
        0.032420978
      ],
      [
        -0.9983902,
        -0.04223899,
        0.0378531925
      ]
    ],
    "translation": [
      2.084018,
      0.831508636,
      -0.7605084
    ]
  }
]