[
  {
    "timeStamp": 24262,
    "rotation": [
      [
        0.99999243,
        -0.000325228233,
        -0.00386764365
      ],
      [
        0.00386475329,
        -0.008462207,
        0.9999567
      ],
      [
        -0.000357942481,
        -0.9999641,
        -0.008460887
      ]
    ],
    "translation": [
      1.46197057,
      0.704595268,
      -0.749992251
    ]
  },
  {
    "timeStamp": 24318,
    "rotation": [
      [
        0.9999891,
        0.00335166277,
        -0.00325874612
      ],
      [
        0.00327277533,
        -0.00418883376,
        0.9999859
      ],
      [
        0.00333796768,
        -0.999985635,
        -0.00419975724
      ]
    ],
    "translation": [
      1.46296573,
      0.7046574,
      -0.7512076
    ]
  },
  {
    "timeStamp": 24362,
    "rotation": [
      [
        0.9999292,
        -0.005645271,
        0.0104710888
      ],
      [
        -0.0104918564,
        -0.003661695,
        0.99993825
      ],
      [
        -0.00560657773,
        -0.99997735,
        -0.003720665
      ]
    ],
    "translation": [
      1.46305609,
      0.7110818,
      -0.751440167
    ]
  },
  {
    "timeStamp": 24417,
    "rotation": [
      [
        0.9989514,
        -0.008439908,
        0.0449988954
      ],
      [
        -0.0450390577,
        -0.004630154,
        0.9989745
      ],
      [
        -0.008222902,
        -0.9999536,
        -0.005005424
      ]
    ],
    "translation": [
      1.46326053,
      0.7285893,
      -0.7531852
    ]
  },
  {
    "timeStamp": 24462,
    "rotation": [
      [
        0.9962918,
        -0.01808495,
        0.08411622
      ],
      [
        -0.08404927,
        0.00443181861,
        0.996451735
      ],
      [
        -0.0183935687,
        -0.9998266,
        0.00289535755
      ]
    ],
    "translation": [
      1.46323681,
      0.748662055,
      -0.758075237
    ]
  },
  {
    "timeStamp": 24517,
    "rotation": [
      [
        0.9904296,
        -0.0276267584,
        0.135226056
      ],
      [
        -0.1347914,
        0.0170405954,
        0.9907275
      ],
      [
        -0.0296749156,
        -0.9994731,
        0.01315366
      ]
    ],
    "translation": [
      1.470083,
      0.7754139,
      -0.7658252
    ]
  },
  {
    "timeStamp": 24562,
    "rotation": [
      [
        0.9837023,
        -0.0455519,
        0.173939228
      ],
      [
        -0.171907589,
        0.0452842526,
        0.984071732
      ],
      [
        -0.05270303,
        -0.997935057,
        0.0367155075
      ]
    ],
    "translation": [
      1.4785049,
      0.7942126,
      -0.775839448
    ]
  },
  {
    "timeStamp": 24617,
    "rotation": [
      [
        0.976282239,
        -0.0791049153,
        0.201532543
      ],
      [
        -0.194809139,
        0.08515659,
        0.9771375
      ],
      [
        -0.09445822,
        -0.9932224,
        0.06772651
      ]
    ],
    "translation": [
      1.49895692,
      0.8105558,
      -0.7856261
    ]
  },
  {
    "timeStamp": 24662,
    "rotation": [
      [
        0.966053665,
        -0.113905519,
        0.231874675
      ],
      [
        -0.218801364,
        0.116457514,
        0.968794942
      ],
      [
        -0.137354627,
        -0.986642361,
        0.08758152
      ]
    ],
    "translation": [
      1.51641011,
      0.823382854,
      -0.7927799
    ]
  },
  {
    "timeStamp": 24717,
    "rotation": [
      [
        0.9502405,
        -0.17748858,
        0.25600937
      ],
      [
        -0.236976966,
        0.121568277,
        0.963879168
      ],
      [
        -0.202200174,
        -0.9765854,
        0.0734583959
      ]
    ],
    "translation": [
      1.54545486,
      0.8369868,
      -0.788173258
    ]
  },
  {
    "timeStamp": 24762,
    "rotation": [
      [
        0.9224001,
        -0.256624162,
        0.288655519
      ],
      [
        -0.2568775,
        0.150500923,
        0.954653561
      ],
      [
        -0.288430065,
        -0.9547217,
        0.07290109
      ]
    ],
    "translation": [
      1.568937,
      0.8495778,
      -0.7799194
    ]
  },
  {
    "timeStamp": 24817,
    "rotation": [
      [
        0.882291734,
        -0.3593092,
        0.30406943
      ],
      [
        -0.270808131,
        0.1408913,
        0.9522671
      ],
      [
        -0.384999037,
        -0.9225218,
        0.0270033758
      ]
    ],
    "translation": [
      1.60704875,
      0.865506351,
      -0.759545
    ]
  },
  {
    "timeStamp": 24862,
    "rotation": [
      [
        0.83514,
        -0.447086334,
        0.320398271
      ],
      [
        -0.29546836,
        0.1266719,
        0.9469175
      ],
      [
        -0.4639393,
        -0.8854762,
        -0.0263111126
      ]
    ],
    "translation": [
      1.6401546,
      0.8849082,
      -0.7353236
    ]
  },
  {
    "timeStamp": 24917,
    "rotation": [
      [
        0.75828886,
        -0.55927515,
        0.3349766
      ],
      [
        -0.333547771,
        0.108647496,
        0.9364516
      ],
      [
        -0.56012845,
        -0.8218315,
        -0.104158781
      ]
    ],
    "translation": [
      1.68629336,
      0.9128047,
      -0.7064084
    ]
  },
  {
    "timeStamp": 24961,
    "rotation": [
      [
        0.6985412,
        -0.643440068,
        0.3130896
      ],
      [
        -0.362995982,
        0.0584239438,
        0.9299573
      ],
      [
        -0.6166637,
        -0.7632638,
        -0.192754611
      ]
    ],
    "translation": [
      1.731171,
      0.9356238,
      -0.678147852
    ]
  },
  {
    "timeStamp": 25016,
    "rotation": [
      [
        0.6240302,
        -0.734417737,
        0.266865045
      ],
      [
        -0.393836141,
        -0.000637937861,
        0.919180453
      ],
      [
        -0.6748922,
        -0.678697467,
        -0.2896383
      ]
    ],
    "translation": [
      1.79158568,
      0.9631374,
      -0.646542847
    ]
  },
  {
    "timeStamp": 25071,
    "rotation": [
      [
        0.5620718,
        -0.8073201,
        0.1797483
      ],
      [
        -0.412599921,
        -0.08533909,
        0.906906
      ],
      [
        -0.716823936,
        -0.5839104,
        -0.381066918
      ]
    ],
    "translation": [
      1.85951829,
      0.986184537,
      -0.615228951
    ]
  },
  {
    "timeStamp": 25115,
    "rotation": [
      [
        0.521393239,
        -0.847783744,
        0.09701447
      ],
      [
        -0.413706,
        -0.151707828,
        0.8976815
      ],
      [
        -0.7463219,
        -0.508180559,
        -0.4298327
      ]
    ],
    "translation": [
      1.91000438,
      0.9986268,
      -0.5991797
    ]
  },
  {
    "timeStamp": 25171,
    "rotation": [
      [
        0.48277235,
        -0.8756559,
        0.0125561971
      ],
      [
        -0.402967125,
        -0.209391132,
        0.8909393
      ],
      [
        -0.777527034,
        -0.4351806,
        -0.4539488
      ]
    ],
    "translation": [
      1.97015417,
      1.00515771,
      -0.5832697
    ]
  },
  {
    "timeStamp": 25215,
    "rotation": [
      [
        0.455167919,
        -0.8903225,
        -0.0121653695
      ],
      [
        -0.38725695,
        -0.210246891,
        0.8976794
      ],
      [
        -0.8017819,
        -0.403883725,
        -0.440481216
      ]
    ],
    "translation": [
      2.00281358,
      0.999157965,
      -0.575776458
    ]
  },
  {
    "timeStamp": 25269,
    "rotation": [
      [
        0.435034037,
        -0.899788737,
        -0.0335510336
      ],
      [
        -0.3497631,
        -0.203205943,
        0.9145344
      ],
      [
        -0.829705536,
        -0.38611868,
        -0.403114378
      ]
    ],
    "translation": [
      2.031759,
      0.9815153,
      -0.572731853
    ]
  },
  {
    "timeStamp": 25312,
    "rotation": [
      [
        0.42540735,
        -0.902675152,
        -0.06485433
      ],
      [
        -0.3068981,
        -0.211306125,
        0.9279888
      ],
      [
        -0.8513766,
        -0.374869585,
        -0.366920471
      ]
    ],
    "translation": [
      2.06217957,
      0.9590253,
      -0.5654827
    ]
  },
  {
    "timeStamp": 25367,
    "rotation": [
      [
        0.410372168,
        -0.909830451,
        -0.0616708361
      ],
      [
        -0.2698856,
        -0.185771182,
        0.944802
      ],
      [
        -0.8710663,
        -0.371076375,
        -0.32178542
      ]
    ],
    "translation": [
      2.07866645,
      0.9325062,
      -0.561284661
    ]
  },
  {
    "timeStamp": 25412,
    "rotation": [
      [
        0.4132447,
        -0.908829,
        -0.0570851564
      ],
      [
        -0.254463434,
        -0.1754408,
        0.9510357
      ],
      [
        -0.8743439,
        -0.378484368,
        -0.303763717
      ]
    ],
    "translation": [
      2.08846378,
      0.9143824,
      -0.555912137
    ]
  },
  {
    "timeStamp": 25467,
    "rotation": [
      [
        0.4111935,
        -0.910238862,
        -0.0488377847
      ],
      [
        -0.225069985,
        -0.153299749,
        0.9622072
      ],
      [
        -0.8833252,
        -0.384661436,
        -0.2679033
      ]
    ],
    "translation": [
      2.09477639,
      0.889762759,
      -0.5523281
    ]
  },
  {
    "timeStamp": 25512,
    "rotation": [
      [
        0.416718036,
        -0.9082272,
        -0.0383316763
      ],
      [
        -0.2030228,
        -0.13408874,
        0.9699495
      ],
      [
        -0.886074364,
        -0.396413267,
        -0.240268037
      ]
    ],
    "translation": [
      2.098627,
      0.8707607,
      -0.551199853
    ]
  },
  {
    "timeStamp": 25567,
    "rotation": [
      [
        0.419499844,
        -0.9048593,
        -0.07245394
      ],
      [
        -0.160957068,
        -0.152697414,
        0.975077569
      ],
      [
        -0.8933715,
        -0.3973829,
        -0.209700048
      ]
    ],
    "translation": [
      2.10980773,
      0.8461397,
      -0.547807455
    ]
  },
  {
    "timeStamp": 25612,
    "rotation": [
      [
        0.428329647,
        -0.9000915,
        -0.07980625
      ],
      [
        -0.13022162,
        -0.148881868,
        0.9802431
      ],
      [
        -0.8941902,
        -0.409474671,
        -0.180981889
      ]
    ],
    "translation": [
      2.11619473,
      0.8274044,
      -0.54878813
    ]
  },
  {
    "timeStamp": 25667,
    "rotation": [
      [
        0.430853158,
        -0.898497462,
        -0.0840700641
      ],
      [
        -0.102404751,
        -0.1412383,
        0.9846649
      ],
      [
        -0.896592855,
        -0.4156368,
        -0.152863383
      ]
    ],
    "translation": [
      2.12072873,
      0.80826056,
      -0.547319531
    ]
  },
  {
    "timeStamp": 25712,
    "rotation": [
      [
        0.4331549,
        -0.897311747,
        -0.0849029943
      ],
      [
        -0.0898709,
        -0.1367271,
        0.9865236
      ],
      [
        -0.8968278,
        -0.4196872,
        -0.139866218
      ]
    ],
    "translation": [
      2.12404871,
      0.7970549,
      -0.546398044
    ]
  },
  {
    "timeStamp": 25769,
    "rotation": [
      [
        0.427308917,
        -0.9004611,
        -0.08109799
      ],
      [
        -0.07052693,
        -0.122625232,
        0.9899439
      ],
      [
        -0.9013507,
        -0.417292267,
        -0.115905613
      ]
    ],
    "translation": [
      2.12719822,
      0.784629,
      -0.545605361
    ]
  },
  {
    "timeStamp": 25815,
    "rotation": [
      [
        0.4254146,
        -0.901089251,
        -0.08402777
      ],
      [
        -0.0613930337,
        -0.121369109,
        0.99070704
      ],
      [
        -0.9029138,
        -0.4163025,
        -0.106952786
      ]
    ],
    "translation": [
      2.13023829,
      0.7778559,
      -0.5438981
    ]
  },
  {
    "timeStamp": 25872,
    "rotation": [
      [
        0.4223468,
        -0.9027887,
        -0.08121388
      ],
      [
        -0.0518985651,
        -0.113534629,
        0.9921776
      ],
      [
        -0.90494734,
        -0.414828151,
        -0.094804436
      ]
    ],
    "translation": [
      2.13228273,
      0.770216,
      -0.5421049
    ]
  },
  {
    "timeStamp": 25917,
    "rotation": [
      [
        0.42165488,
        -0.90387547,
        -0.07222347
      ],
      [
        -0.0479075722,
        -0.101746045,
        0.993656158
      ],
      [
        -0.9054899,
        -0.4155199,
        -0.08620419
      ]
    ],
    "translation": [
      2.13234234,
      0.7649266,
      -0.5403613
    ]
  },
  {
    "timeStamp": 25961,
    "rotation": [
      [
        0.4204584,
        -0.9047215,
        -0.06851055
      ],
      [
        -0.04582697,
        -0.09658909,
        0.9942688
      ],
      [
        -0.906153738,
        -0.414909035,
        -0.08207235
      ]
    ],
    "translation": [
      2.13295126,
      0.7609785,
      -0.538746357
    ]
  },
  {
    "timeStamp": 26016,
    "rotation": [
      [
        0.41938746,
        -0.9053769,
        -0.0663822442
      ],
      [
        -0.03191452,
        -0.08778287,
        0.995628238
      ],
      [
        -0.9072461,
        -0.415435433,
        -0.06570971
      ]
    ],
    "translation": [
      2.13422728,
      0.7563698,
      -0.5387711
    ]
  },
  {
    "timeStamp": 26061,
    "rotation": [
      [
        0.4166727,
        -0.9069236,
        -0.06223707
      ],
      [
        -0.0298023932,
        -0.08205465,
        0.996182144
      ],
      [
        -0.9085679,
        -0.4132271,
        -0.06121843
      ]
    ],
    "translation": [
      2.134812,
      0.75316596,
      -0.538754165
    ]
  },
  {
    "timeStamp": 26116,
    "rotation": [
      [
        0.4203486,
        -0.9053009,
        -0.0611337461
      ],
      [
        -0.0217187777,
        -0.07739457,
        0.996763945
      ],
      [
        -0.9071027,
        -0.4176606,
        -0.05219473
      ]
    ],
    "translation": [
      2.13612413,
      0.7502954,
      -0.538968265
    ]
  },
  {
    "timeStamp": 26161,
    "rotation": [
      [
        0.41541186,
        -0.907798648,
        -0.057745818
      ],
      [
        -0.0239620749,
        -0.07438142,
        0.9969419
      ],
      [
        -0.9093178,
        -0.412757784,
        -0.0526516624
      ]
    ],
    "translation": [
      2.13606381,
      0.7483488,
      -0.5388307
    ]
  },
  {
    "timeStamp": 26216,
    "rotation": [
      [
        0.416763753,
        -0.9072936,
        -0.0559122227
      ],
      [
        -0.0223399624,
        -0.0717130154,
        0.9971751
      ],
      [
        -0.9087403,
        -0.414337367,
        -0.05015629
      ]
    ],
    "translation": [
      2.13555956,
      0.7460005,
      -0.5389076
    ]
  },
  {
    "timeStamp": 26261,
    "rotation": [
      [
        0.4178437,
        -0.9068839,
        -0.0544819124
      ],
      [
        -0.0237887558,
        -0.07086845,
        0.997202
      ],
      [
        -0.9082074,
        -0.4153785,
        -0.0511855744
      ]
    ],
    "translation": [
      2.13528347,
      0.7440975,
      -0.538924038
    ]
  },
  {
    "timeStamp": 26316,
    "rotation": [
      [
        0.4166875,
        -0.907658041,
        -0.0502828546
      ],
      [
        -0.0230475478,
        -0.06584415,
        0.9975637
      ],
      [
        -0.9087575,
        -0.414513439,
        -0.04835573
      ]
    ],
    "translation": [
      2.13468385,
      0.74181515,
      -0.538930237
    ]
  },
  {
    "timeStamp": 26361,
    "rotation": [
      [
        0.4158553,
        -0.908195555,
        -0.0473842323
      ],
      [
        -0.0247884113,
        -0.06340341,
        0.997680068
      ],
      [
        -0.9090929,
        -0.413715959,
        -0.04887937
      ]
    ],
    "translation": [
      2.133854,
      0.739994645,
      -0.538904548
    ]
  },
  {
    "timeStamp": 26416,
    "rotation": [
      [
        0.4239525,
        -0.904087067,
        -0.0537662
      ],
      [
        -0.0168943759,
        -0.06724928,
        0.997593164
      ],
      [
        -0.9055268,
        -0.422023743,
        -0.0437844843
      ]
    ],
    "translation": [
      2.13531351,
      0.737582564,
      -0.5391779
    ]
  }
]