[
  {
    "timeStamp": 88322,
    "rotation": [
      [
        0.9983715,
        -0.02363278,
        0.0519224778
      ],
      [
        -0.05267743,
        -0.0325298,
        0.9980816
      ],
      [
        -0.021898428,
        -0.999191344,
        -0.0337217376
      ]
    ],
    "translation": [
      1.308489,
      0.7026427,
      -0.485671252
    ]
  },
  {
    "timeStamp": 88377,
    "rotation": [
      [
        0.996351361,
        -0.0268497691,
        0.08101308
      ],
      [
        -0.08293322,
        -0.0804527,
        0.9933023
      ],
      [
        -0.0201522075,
        -0.9963968,
        -0.0823859
      ]
    ],
    "translation": [
      1.308568,
      0.7133595,
      -0.479005277
    ]
  },
  {
    "timeStamp": 88421,
    "rotation": [
      [
        0.9864901,
        -0.05807986,
        0.153179616
      ],
      [
        -0.159418657,
        -0.125037611,
        0.979260564
      ],
      [
        -0.03772209,
        -0.990450561,
        -0.132607371
      ]
    ],
    "translation": [
      1.30703282,
      0.737171233,
      -0.472944856
    ]
  },
  {
    "timeStamp": 88477,
    "rotation": [
      [
        0.959045947,
        -0.07446886,
        0.273286283
      ],
      [
        -0.283011645,
        -0.21228981,
        0.9353275
      ],
      [
        -0.0116368877,
        -0.9743652,
        -0.224671215
      ]
    ],
    "translation": [
      1.303304,
      0.7864091,
      -0.4666276
    ]
  },
  {
    "timeStamp": 88521,
    "rotation": [
      [
        0.930980265,
        -0.08529449,
        0.354965627
      ],
      [
        -0.36433953,
        -0.278537244,
        0.8886359
      ],
      [
        0.02307541,
        -0.956630468,
        -0.290388823
      ]
    ],
    "translation": [
      1.30604851,
      0.832563162,
      -0.4672179
    ]
  },
  {
    "timeStamp": 88577,
    "rotation": [
      [
        0.8907204,
        -0.09025101,
        0.445501864
      ],
      [
        -0.451226,
        -0.293897331,
        0.8426265
      ],
      [
        0.05488392,
        -0.9515667,
        -0.302503943
      ]
    ],
    "translation": [
      1.32119536,
      0.8789358,
      -0.479019642
    ]
  },
  {
    "timeStamp": 88621,
    "rotation": [
      [
        0.873579264,
        -0.05678663,
        0.483357519
      ],
      [
        -0.479486853,
        -0.270568728,
        0.8347963
      ],
      [
        0.08337618,
        -0.961024344,
        -0.263591647
      ]
    ],
    "translation": [
      1.337965,
      0.901439965,
      -0.4971763
    ]
  },
  {
    "timeStamp": 88677,
    "rotation": [
      [
        0.8881663,
        0.03280496,
        0.458349764
      ],
      [
        -0.444690168,
        -0.190014854,
        0.8752971
      ],
      [
        0.115807332,
        -0.98123306,
        -0.154176742
      ]
    ],
    "translation": [
      1.36450958,
      0.9035825,
      -0.526186764
    ]
  },
  {
    "timeStamp": 88722,
    "rotation": [
      [
        0.897403359,
        0.137463927,
        0.41925025
      ],
      [
        -0.410262585,
        -0.08962752,
        0.9075525
      ],
      [
        0.162332088,
        -0.986443341,
        -0.0240357332
      ]
    ],
    "translation": [
      1.39152586,
      0.8908806,
      -0.5606457
    ]
  },
  {
    "timeStamp": 88777,
    "rotation": [
      [
        0.910150766,
        0.1778443,
        0.37416172
      ],
      [
        -0.3643166,
        -0.0863805041,
        0.9272604
      ],
      [
        0.197228238,
        -0.9802601,
        -0.0138276536
      ]
    ],
    "translation": [
      1.43997681,
      0.8834678,
      -0.592135847
    ]
  },
  {
    "timeStamp": 88821,
    "rotation": [
      [
        0.9195335,
        0.192785338,
        0.3424791
      ],
      [
        -0.332237273,
        -0.0841970146,
        0.9394303
      ],
      [
        0.2099441,
        -0.9776219,
        -0.013371502
      ]
    ],
    "translation": [
      1.48601913,
      0.878708839,
      -0.613632
    ]
  },
  {
    "timeStamp": 88876,
    "rotation": [
      [
        0.9402156,
        0.07611976,
        0.3319645
      ],
      [
        -0.327631563,
        -0.06405595,
        0.9426316
      ],
      [
        0.0930172,
        -0.995039046,
        -0.03528716
      ]
    ],
    "translation": [
      1.55670285,
      0.8771428,
      -0.6277692
    ]
  },
  {
    "timeStamp": 88922,
    "rotation": [
      [
        0.952866852,
        -0.0240079537,
        0.302437484
      ],
      [
        -0.303386718,
        -0.07163886,
        0.9501707
      ],
      [
        -0.00114537287,
        -0.997141659,
        -0.07554599
      ]
    ],
    "translation": [
      1.6160351,
      0.879129469,
      -0.634417832
    ]
  },
  {
    "timeStamp": 88976,
    "rotation": [
      [
        0.951531649,
        -0.176282287,
        0.2520161
      ],
      [
        -0.2729083,
        -0.10614533,
        0.956166446
      ],
      [
        -0.141804889,
        -0.9785999,
        -0.149109527
      ]
    ],
    "translation": [
      1.6929183,
      0.888517261,
      -0.6419089
    ]
  },
  {
    "timeStamp": 89021,
    "rotation": [
      [
        0.9310874,
        -0.3085753,
        0.194570392
      ],
      [
        -0.250200272,
        -0.152032331,
        0.956183
      ],
      [
        -0.265473485,
        -0.9389715,
        -0.218761012
      ]
    ],
    "translation": [
      1.75814939,
      0.9011465,
      -0.643594
    ]
  },
  {
    "timeStamp": 89076,
    "rotation": [
      [
        0.874319255,
        -0.4735088,
        0.10656061
      ],
      [
        -0.23175472,
        -0.214393228,
        0.948854744
      ],
      [
        -0.426445216,
        -0.8542979,
        -0.297186047
      ]
    ],
    "translation": [
      1.840048,
      0.920661449,
      -0.6504904
    ]
  },
  {
    "timeStamp": 89121,
    "rotation": [
      [
        0.813595355,
        -0.58089596,
        0.0249508414
      ],
      [
        -0.2257968,
        -0.27612102,
        0.9342232
      ],
      [
        -0.535797,
        -0.765713453,
        -0.3558152
      ]
    ],
    "translation": [
      1.90576982,
      0.9376056,
      -0.6557958
    ]
  },
  {
    "timeStamp": 89176,
    "rotation": [
      [
        0.73433,
        -0.67357856,
        -0.08397201
      ],
      [
        -0.198053822,
        -0.330937415,
        0.92263484
      ],
      [
        -0.6492566,
        -0.6608874,
        -0.376422077
      ]
    ],
    "translation": [
      1.97935247,
      0.9522537,
      -0.6701804
    ]
  },
  {
    "timeStamp": 89222,
    "rotation": [
      [
        0.6444609,
        -0.751272142,
        -0.142338455
      ],
      [
        -0.203431457,
        -0.347904265,
        0.915193
      ],
      [
        -0.7370792,
        -0.56085,
        -0.3770431
      ]
    ],
    "translation": [
      2.03614,
      0.9606167,
      -0.682998538
    ]
  },
  {
    "timeStamp": 89277,
    "rotation": [
      [
        0.564356863,
        -0.8030943,
        -0.191156358
      ],
      [
        -0.159871235,
        -0.333494276,
        0.929097831
      ],
      [
        -0.8099027,
        -0.493782341,
        -0.316601485
      ]
    ],
    "translation": [
      2.092152,
      0.957511246,
      -0.70130074
    ]
  },
  {
    "timeStamp": 89321,
    "rotation": [
      [
        0.5023853,
        -0.83357054,
        -0.229715437
      ],
      [
        -0.153081581,
        -0.3472281,
        0.925201952
      ],
      [
        -0.850984752,
        -0.429642648,
        -0.3020466
      ]
    ],
    "translation": [
      2.12964964,
      0.9548414,
      -0.7158796
    ]
  },
  {
    "timeStamp": 89373,
    "rotation": [
      [
        0.473288178,
        -0.850170434,
        -0.230669856
      ],
      [
        -0.09832967,
        -0.311204851,
        0.9452422
      ],
      [
        -0.8754025,
        -0.4246903,
        -0.230886564
      ]
    ],
    "translation": [
      2.1600337,
      0.9377945,
      -0.7316967
    ]
  },
  {
    "timeStamp": 89427,
    "rotation": [
      [
        0.4351891,
        -0.8779917,
        -0.199351713
      ],
      [
        -0.08667429,
        -0.261245221,
        0.96137327
      ],
      [
        -0.8961574,
        -0.401100516,
        -0.189790368
      ]
    ],
    "translation": [
      2.17729449,
      0.9200838,
      -0.745325446
    ]
  },
  {
    "timeStamp": 89472,
    "rotation": [
      [
        0.454428941,
        -0.868091941,
        -0.199776381
      ],
      [
        -0.04860642,
        -0.248101115,
        0.9675139
      ],
      [
        -0.889455855,
        -0.4299559,
        -0.15493919
      ]
    ],
    "translation": [
      2.18214035,
      0.9067897,
      -0.753293037
    ]
  },
  {
    "timeStamp": 89527,
    "rotation": [
      [
        0.4593307,
        -0.870108366,
        -0.178680316
      ],
      [
        -0.03716751,
        -0.2198071,
        0.974835038
      ],
      [
        -0.8874874,
        -0.441130549,
        -0.13330391
      ]
    ],
    "translation": [
      2.18237782,
      0.8933259,
      -0.7610163
    ]
  },
  {
    "timeStamp": 89571,
    "rotation": [
      [
        0.469749928,
        -0.8665841,
        -0.168424979
      ],
      [
        -0.0297143422,
        -0.206197962,
        0.978059053
      ],
      [
        -0.8822993,
        -0.454438537,
        -0.122611456
      ]
    ],
    "translation": [
      2.18122578,
      0.8847139,
      -0.76633954
    ]
  },
  {
    "timeStamp": 89627,
    "rotation": [
      [
        0.4727137,
        -0.8658918,
        -0.1636251
      ],
      [
        -0.019400334,
        -0.195862025,
        0.980439544
      ],
      [
        -0.8810025,
        -0.460292816,
        -0.109385259
      ]
    ],
    "translation": [
      2.17994475,
      0.875242233,
      -0.7727625
    ]
  },
  {
    "timeStamp": 89671,
    "rotation": [
      [
        0.4733702,
        -0.86682117,
        -0.156657964
      ],
      [
        -0.00976668,
        -0.18299982,
        0.9830644
      ],
      [
        -0.8808094,
        -0.463823378,
        -0.09509263
      ]
    ],
    "translation": [
      2.17901754,
      0.8676693,
      -0.777610242
    ]
  },
  {
    "timeStamp": 89727,
    "rotation": [
      [
        0.484101743,
        -0.8586782,
        -0.168277279
      ],
      [
        0.01616958,
        -0.183502614,
        0.982886255
      ],
      [
        -0.8748623,
        -0.478537917,
        -0.0749494657
      ]
    ],
    "translation": [
      2.17932963,
      0.858889461,
      -0.781733036
    ]
  },
  {
    "timeStamp": 89772,
    "rotation": [
      [
        0.502436936,
        -0.8503505,
        -0.15640077
      ],
      [
        0.0848469958,
        -0.131525621,
        0.9876751
      ],
      [
        -0.8604407,
        -0.5095146,
        0.00606635725
      ]
    ],
    "translation": [
      2.1786,
      0.8501784,
      -0.786771536
    ]
  },
  {
    "timeStamp": 89828,
    "rotation": [
      [
        0.599337041,
        -0.7788028,
        -0.185098216
      ],
      [
        0.192780241,
        -0.08399954,
        0.9776399
      ],
      [
        -0.7769369,
        -0.6216191,
        0.0997937545
      ]
    ],
    "translation": [
      2.17925858,
      0.842065036,
      -0.796055257
    ]
  },
  {
    "timeStamp": 89874,
    "rotation": [
      [
        0.5895544,
        -0.784834445,
        -0.190946192
      ],
      [
        0.287122548,
        -0.0173308738,
        0.9577371
      ],
      [
        -0.7549743,
        -0.6194631,
        0.215126172
      ]
    ],
    "translation": [
      2.18189216,
      0.836753368,
      -0.8001778
    ]
  }
]