[
  {
    "timeStamp": 49751,
    "rotation": [
      [
        0.437523425,
        0.899206936,
        0.000401272962
      ],
      [
        0.00274794362,
        -0.00178330531,
        0.999994636
      ],
      [
        0.8992028,
        -0.43752,
        -0.003251208
      ]
    ],
    "translation": [
      1.55891812,
      0.702582061,
      -0.312138736
    ]
  },
  {
    "timeStamp": 49795,
    "rotation": [
      [
        0.448633641,
        0.8937125,
        -0.00240095612
      ],
      [
        0.00269927387,
        0.00133147975,
        0.99999547
      ],
      [
        0.8937117,
        -0.4486381,
        -0.00181502826
      ]
    ],
    "translation": [
      1.56108057,
      0.7021814,
      -0.312893838
    ]
  },
  {
    "timeStamp": 49850,
    "rotation": [
      [
        0.447669953,
        0.89418906,
        -0.00419155555
      ],
      [
        0.005563723,
        0.00190202671,
        0.9999827
      ],
      [
        0.8941816,
        -0.44768554,
        -0.00412354
      ]
    ],
    "translation": [
      1.56253624,
      0.70225215,
      -0.312387
    ]
  },
  {
    "timeStamp": 49895,
    "rotation": [
      [
        0.442188352,
        0.896922231,
        -0.000220855669
      ],
      [
        0.00194494578,
        -0.0007126339,
        0.999997854
      ],
      [
        0.896920145,
        -0.442187816,
        -0.00205958355
      ]
    ],
    "translation": [
      1.56325042,
      0.7021552,
      -0.3123095
    ]
  },
  {
    "timeStamp": 49950,
    "rotation": [
      [
        0.4240333,
        0.905272067,
        -0.0260412265
      ],
      [
        0.02217336,
        0.0183681622,
        0.9995854
      ],
      [
        0.905375063,
        -0.42443493,
        -0.0122842118
      ]
    ],
    "translation": [
      1.56609011,
      0.706518233,
      -0.313373953
    ]
  },
  {
    "timeStamp": 49995,
    "rotation": [
      [
        0.399687439,
        0.9162313,
        -0.027754331
      ],
      [
        0.03821304,
        0.0135972463,
        0.9991771
      ],
      [
        0.9158547,
        -0.400419116,
        -0.0295773316
      ]
    ],
    "translation": [
      1.56699753,
      0.714591,
      -0.31586954
    ]
  },
  {
    "timeStamp": 50050,
    "rotation": [
      [
        0.355241627,
        0.9347622,
        -0.00480360771
      ],
      [
        0.0590983555,
        -0.0173302982,
        0.9981017
      ],
      [
        0.9329045,
        -0.354851156,
        -0.06139935
      ]
    ],
    "translation": [
      1.56678092,
      0.7311111,
      -0.321737528
    ]
  },
  {
    "timeStamp": 50094,
    "rotation": [
      [
        0.299618,
        0.9538354,
        0.0206613224
      ],
      [
        0.0893317,
        -0.0496087223,
        0.9947657
      ],
      [
        0.9498678,
        -0.296204,
        -0.100071408
      ]
    ],
    "translation": [
      1.56579614,
      0.7509473,
      -0.331805825
    ]
  },
  {
    "timeStamp": 50150,
    "rotation": [
      [
        0.206151471,
        0.977557838,
        0.0433840752
      ],
      [
        0.135017619,
        -0.07232944,
        0.9881997
      ],
      [
        0.9691603,
        -0.1978612,
        -0.146898359
      ]
    ],
    "translation": [
      1.56382382,
      0.7812623,
      -0.350528657
    ]
  },
  {
    "timeStamp": 50194,
    "rotation": [
      [
        0.126854956,
        0.9888666,
        0.0777859539
      ],
      [
        0.164335936,
        -0.09828766,
        0.9814954
      ],
      [
        0.9782134,
        -0.1117245,
        -0.174974591
      ]
    ],
    "translation": [
      1.56299651,
      0.8045563,
      -0.3720548
    ]
  },
  {
    "timeStamp": 50250,
    "rotation": [
      [
        0.00205466524,
        0.9897874,
        0.1425368
      ],
      [
        0.1719297,
        -0.140764266,
        0.9750003
      ],
      [
        0.9851071,
        0.0225029979,
        -0.17046307
      ]
    ],
    "translation": [
      1.56313181,
      0.8299189,
      -0.405913264
    ]
  },
  {
    "timeStamp": 50294,
    "rotation": [
      [
        -0.04947857,
        0.9853744,
        0.163061664
      ],
      [
        0.18998374,
        -0.150995448,
        0.9701065
      ],
      [
        0.9805396,
        0.07897853,
        -0.179734081
      ]
    ],
    "translation": [
      1.57696819,
      0.851444244,
      -0.436702073
    ]
  },
  {
    "timeStamp": 50350,
    "rotation": [
      [
        -0.1206171,
        0.9720014,
        0.201655224
      ],
      [
        0.177860975,
        -0.17869091,
        0.9676957
      ],
      [
        0.9766355,
        0.152587265,
        -0.151327938
      ]
    ],
    "translation": [
      1.59761894,
      0.8728332,
      -0.474789232
    ]
  },
  {
    "timeStamp": 50394,
    "rotation": [
      [
        -0.1433889,
        0.9651591,
        0.218877733
      ],
      [
        0.176655129,
        -0.1926502,
        0.9652351
      ],
      [
        0.973772347,
        0.1770699,
        -0.142876416
      ]
    ],
    "translation": [
      1.622065,
      0.8891135,
      -0.503228068
    ]
  },
  {
    "timeStamp": 50450,
    "rotation": [
      [
        -0.151287839,
        0.9610805,
        0.231162742
      ],
      [
        0.169732615,
        -0.205124,
        0.9639061
      ],
      [
        0.9738084,
        0.185063124,
        -0.132093951
      ]
    ],
    "translation": [
      1.6615417,
      0.907995462,
      -0.532626748
    ]
  },
  {
    "timeStamp": 50494,
    "rotation": [
      [
        -0.140921384,
        0.9613464,
        0.236546472
      ],
      [
        0.169676214,
        -0.21194306,
        0.962439656
      ],
      [
        0.975372255,
        0.17576465,
        -0.133250311
      ]
    ],
    "translation": [
      1.6969136,
      0.9216747,
      -0.5524055
    ]
  },
  {
    "timeStamp": 50550,
    "rotation": [
      [
        -0.107686147,
        0.967019439,
        0.230818331
      ],
      [
        0.173708275,
        -0.210295781,
        0.9620817
      ],
      [
        0.9788918,
        0.143697917,
        -0.14533335
      ]
    ],
    "translation": [
      1.74592555,
      0.9386358,
      -0.5720377
    ]
  },
  {
    "timeStamp": 50594,
    "rotation": [
      [
        -0.07140698,
        0.9701588,
        0.231717184
      ],
      [
        0.174971551,
        -0.2165245,
        0.9604697
      ],
      [
        0.9819806,
        0.109128162,
        -0.154288843
      ]
    ],
    "translation": [
      1.78715289,
      0.9502061,
      -0.5854499
    ]
  },
  {
    "timeStamp": 50650,
    "rotation": [
      [
        -0.0296852961,
        0.9714726,
        0.235286281
      ],
      [
        0.1685528,
        -0.227154121,
        0.9591616
      ],
      [
        0.985245466,
        0.06813116,
        -0.1570013
      ]
    ],
    "translation": [
      1.836924,
      0.961702347,
      -0.6006138
    ]
  },
  {
    "timeStamp": 50694,
    "rotation": [
      [
        -0.00193452311,
        0.973162651,
        0.2301101
      ],
      [
        0.181115031,
        -0.225963965,
        0.9571508
      ],
      [
        0.983459949,
        0.043527998,
        -0.175817251
      ]
    ],
    "translation": [
      1.8757571,
      0.971843541,
      -0.6121139
    ]
  },
  {
    "timeStamp": 50750,
    "rotation": [
      [
        0.03540436,
        0.9739254,
        0.224088967
      ],
      [
        0.188135132,
        -0.226715714,
        0.955617666
      ],
      [
        0.9815048,
        0.00832599,
        -0.1912563
      ]
    ],
    "translation": [
      1.92100084,
      0.9808345,
      -0.6262
    ]
  },
  {
    "timeStamp": 50794,
    "rotation": [
      [
        0.0657321438,
        0.974771857,
        0.21330519
      ],
      [
        0.177375242,
        -0.221777454,
        0.958828866
      ],
      [
        0.981945634,
        -0.0251908265,
        -0.1874783
      ]
    ],
    "translation": [
      1.95413268,
      0.9823399,
      -0.636724353
    ]
  },
  {
    "timeStamp": 50850,
    "rotation": [
      [
        0.08461219,
        0.976441443,
        0.198501855
      ],
      [
        0.176697552,
        -0.21076265,
        0.9614349
      ],
      [
        0.980621636,
        -0.0462743156,
        -0.190367892
      ]
    ],
    "translation": [
      1.98932815,
      0.9831679,
      -0.649305046
    ]
  },
  {
    "timeStamp": 50894,
    "rotation": [
      [
        0.095063515,
        0.973321736,
        0.2088246
      ],
      [
        0.163992479,
        -0.222220719,
        0.9611058
      ],
      [
        0.981870353,
        -0.0571204238,
        -0.180742517
      ]
    ],
    "translation": [
      2.011103,
      0.980914056,
      -0.6586294
    ]
  },
  {
    "timeStamp": 50941,
    "rotation": [
      [
        0.0989737362,
        0.973463237,
        0.2063337
      ],
      [
        0.155595124,
        -0.219940767,
        0.9630245
      ],
      [
        0.982850134,
        -0.0632096,
        -0.173234478
      ]
    ],
    "translation": [
      2.02942085,
      0.9777687,
      -0.6665611
    ]
  },
  {
    "timeStamp": 51005,
    "rotation": [
      [
        0.09989787,
        0.9716242,
        0.214398816
      ],
      [
        0.1446415,
        -0.227368683,
        0.9630069
      ],
      [
        0.9844284,
        -0.06519137,
        -0.163250834
      ]
    ],
    "translation": [
      2.04922843,
      0.9725979,
      -0.677775443
    ]
  },
  {
    "timeStamp": 51044,
    "rotation": [
      [
        0.0902881846,
        0.9718174,
        0.217759177
      ],
      [
        0.1309271,
        -0.228336975,
        0.9647385
      ],
      [
        0.9872721,
        -0.05859392,
        -0.14785336
      ]
    ],
    "translation": [
      2.05822229,
      0.9673948,
      -0.6840081
    ]
  },
  {
    "timeStamp": 51100,
    "rotation": [
      [
        0.090189755,
        0.9690924,
        0.229620978
      ],
      [
        0.114414871,
        -0.239116192,
        0.9642265
      ],
      [
        0.989330649,
        -0.06069131,
        -0.132444412
      ]
    ],
    "translation": [
      2.06739378,
      0.9615393,
      -0.6913991
    ]
  },
  {
    "timeStamp": 51144,
    "rotation": [
      [
        0.09053765,
        0.9670238,
        0.238050312
      ],
      [
        0.104318917,
        -0.246925846,
        0.9634029
      ],
      [
        0.9904143,
        -0.0623910874,
        -0.12323495
      ]
    ],
    "translation": [
      2.07319736,
      0.9577451,
      -0.6968251
    ]
  },
  {
    "timeStamp": 51200,
    "rotation": [
      [
        0.0905784443,
        0.964307666,
        0.248809814
      ],
      [
        0.089524135,
        -0.256709546,
        0.962333441
      ],
      [
        0.99185735,
        -0.06489219,
        -0.10958115
      ]
    ],
    "translation": [
      2.07887816,
      0.9545515,
      -0.7028612
    ]
  },
  {
    "timeStamp": 51244,
    "rotation": [
      [
        0.0929535255,
        0.9634047,
        0.2514182
      ],
      [
        0.08403975,
        -0.259201884,
        0.962159932
      ],
      [
        0.992117465,
        -0.06830705,
        -0.105058014
      ]
    ],
    "translation": [
      2.082307,
      0.952683032,
      -0.7066997
    ]
  },
  {
    "timeStamp": 51300,
    "rotation": [
      [
        0.110853195,
        0.9656282,
        0.2351036
      ],
      [
        0.07117484,
        -0.243667722,
        0.9672436
      ],
      [
        0.991284847,
        -0.09048859,
        -0.09573978
      ]
    ],
    "translation": [
      2.0886147,
      0.9486232,
      -0.710602343
    ]
  },
  {
    "timeStamp": 51344,
    "rotation": [
      [
        0.127006739,
        0.963232458,
        0.236754268
      ],
      [
        0.0335510522,
        -0.242722452,
        0.969515443
      ],
      [
        0.99133426,
        -0.115191653,
        -0.06314485
      ]
    ],
    "translation": [
      2.09219027,
      0.9421222,
      -0.713750839
    ]
  },
  {
    "timeStamp": 51401,
    "rotation": [
      [
        0.201012254,
        0.955000043,
        0.218103185
      ],
      [
        -0.0201797634,
        -0.218563512,
        0.9756141
      ],
      [
        0.979380846,
        -0.200511649,
        -0.0246622674
      ]
    ],
    "translation": [
      2.1053462,
      0.931302369,
      -0.7199295
    ]
  },
  {
    "timeStamp": 51447,
    "rotation": [
      [
        0.270173371,
        0.942238569,
        0.197971672
      ],
      [
        -0.07232596,
        -0.185175672,
        0.980040252
      ],
      [
        0.9600913,
        -0.2790993,
        0.01811877
      ]
    ],
    "translation": [
      2.11404347,
      0.9227869,
      -0.7253635
    ]
  },
  {
    "timeStamp": 51492,
    "rotation": [
      [
        0.324127257,
        0.9261534,
        0.192824811
      ],
      [
        -0.09575427,
        -0.170663,
        0.980665743
      ],
      [
        0.941155,
        -0.336324275,
        0.03336662
      ]
    ],
    "translation": [
      2.12086749,
      0.917982459,
      -0.7305547
    ]
  },
  {
    "timeStamp": 51549,
    "rotation": [
      [
        0.410235256,
        0.899400651,
        0.150948927
      ],
      [
        -0.115518384,
        -0.112937815,
        0.986864
      ],
      [
        0.904633939,
        -0.4222838,
        0.0575662367
      ]
    ],
    "translation": [
      2.12996149,
      0.913881242,
      -0.7352074
    ]
  },
  {
    "timeStamp": 51594,
    "rotation": [
      [
        0.4698094,
        0.86586833,
        0.171904817
      ],
      [
        -0.1541687,
        -0.11126329,
        0.9817599
      ],
      [
        0.8692015,
        -0.487742364,
        0.08121725
      ]
    ],
    "translation": [
      2.13605332,
      0.909401834,
      -0.739151239
    ]
  },
  {
    "timeStamp": 51649,
    "rotation": [
      [
        0.569084942,
        0.8096645,
        0.143477231
      ],
      [
        -0.169326112,
        -0.0553578027,
        0.98400414
      ],
      [
        0.8046558,
        -0.5842764,
        0.105594046
      ]
    ],
    "translation": [
      2.14578772,
      0.9079966,
      -0.7434207
    ]
  },
  {
    "timeStamp": 51694,
    "rotation": [
      [
        0.610861361,
        0.7813022,
        0.128122
      ],
      [
        -0.150474235,
        -0.04430684,
        0.9876206
      ],
      [
        0.777306855,
        -0.6225783,
        0.09050051
      ]
    ],
    "translation": [
      2.14723158,
      0.912089169,
      -0.74258405
    ]
  },
  {
    "timeStamp": 51749,
    "rotation": [
      [
        0.679348767,
        0.727368355,
        0.097059764
      ],
      [
        -0.116482027,
        -0.023701461,
        0.992909968
      ],
      [
        0.7245118,
        -0.6858378,
        0.06862378
      ]
    ],
    "translation": [
      2.15082121,
      0.9167889,
      -0.7420924
    ]
  },
  {
    "timeStamp": 51794,
    "rotation": [
      [
        0.73316884,
        0.6758889,
        0.0750836
      ],
      [
        -0.09829948,
        -0.00391965965,
        0.995149136
      ],
      [
        0.672904551,
        -0.7369931,
        0.06356576
      ]
    ],
    "translation": [
      2.154926,
      0.916573644,
      -0.7435034
    ]
  },
  {
    "timeStamp": 51849,
    "rotation": [
      [
        0.7917714,
        0.6075815,
        0.0627909
      ],
      [
        -0.08597041,
        0.009073812,
        0.996256351
      ],
      [
        0.604737163,
        -0.7942055,
        0.0594184138
      ]
    ],
    "translation": [
      2.15927052,
      0.911819458,
      -0.746233165
    ]
  },
  {
    "timeStamp": 51894,
    "rotation": [
      [
        0.824127,
        0.564895153,
        0.0413286947
      ],
      [
        -0.0683821738,
        0.0267988257,
        0.9972992
      ],
      [
        0.562261939,
        -0.824727356,
        0.0607144
      ]
    ],
    "translation": [
      2.16175413,
      0.905745864,
      -0.746632934
    ]
  },
  {
    "timeStamp": 51949,
    "rotation": [
      [
        0.8479501,
        0.5298811,
        0.0143769737
      ],
      [
        -0.0533260144,
        0.0582880937,
        0.9968745
      ],
      [
        0.527386963,
        -0.846066535,
        0.07768184
      ]
    ],
    "translation": [
      2.162251,
      0.89484024,
      -0.743975937
    ]
  },
  {
    "timeStamp": 51994,
    "rotation": [
      [
        0.873557031,
        0.48652178,
        0.0139531251
      ],
      [
        -0.0542666949,
        0.06886776,
        0.996148765
      ],
      [
        0.483687162,
        -0.8709499,
        0.0865618438
      ]
    ],
    "translation": [
      2.16405678,
      0.8835367,
      -0.7444677
    ]
  },
  {
    "timeStamp": 52049,
    "rotation": [
      [
        0.8909413,
        0.454050183,
        0.00786700752
      ],
      [
        -0.0496244356,
        0.08012433,
        0.995548844
      ],
      [
        0.45139882,
        -0.887366,
        0.09391807
      ]
    ],
    "translation": [
      2.16614127,
      0.8717242,
      -0.7427992
    ]
  },
  {
    "timeStamp": 52093,
    "rotation": [
      [
        0.9058282,
        0.42363134,
        -0.00341995782
      ],
      [
        -0.0408053771,
        0.09528142,
        0.9946137
      ],
      [
        0.421675384,
        -0.9008096,
        0.103595041
      ]
    ],
    "translation": [
      2.16940427,
      0.8644282,
      -0.743330657
    ]
  },
  {
    "timeStamp": 52149,
    "rotation": [
      [
        0.9208095,
        0.389989763,
        0.004230445
      ],
      [
        -0.04651943,
        0.09905515,
        0.993994
      ],
      [
        0.387228429,
        -0.9154759,
        0.109353021
      ]
    ],
    "translation": [
      2.17196751,
      0.8540722,
      -0.7438529
    ]
  },
  {
    "timeStamp": 52193,
    "rotation": [
      [
        0.9286337,
        0.370970875,
        0.004471642
      ],
      [
        -0.044849,
        0.100287437,
        0.9939472
      ],
      [
        0.368277,
        -0.9232134,
        0.109767973
      ]
    ],
    "translation": [
      2.17424726,
      0.847964644,
      -0.7440148
    ]
  },
  {
    "timeStamp": 52249,
    "rotation": [
      [
        0.9370237,
        0.349058449,
        -0.0120291561
      ],
      [
        -0.0274018813,
        0.107806347,
        0.9937942
      ],
      [
        0.3481891,
        -0.9308791,
        0.110581964
      ]
    ],
    "translation": [
      2.17798066,
      0.84352684,
      -0.7442298
    ]
  },
  {
    "timeStamp": 52293,
    "rotation": [
      [
        0.9458205,
        0.323712081,
        -0.02517932
      ],
      [
        -0.011385032,
        0.110565826,
        0.9938036
      ],
      [
        0.3244902,
        -0.9396732,
        0.1082609
      ]
    ],
    "translation": [
      2.18213558,
      0.840219438,
      -0.746581554
    ]
  },
  {
    "timeStamp": 52349,
    "rotation": [
      [
        0.9545284,
        0.296642751,
        -0.0296416637
      ],
      [
        0.00012884989,
        0.0990181044,
        0.9950856
      ],
      [
        0.29812,
        -0.949841261,
        0.09447736
      ]
    ],
    "translation": [
      2.18676281,
      0.833481252,
      -0.7503917
    ]
  },
  {
    "timeStamp": 52393,
    "rotation": [
      [
        0.96093297,
        0.2726576,
        -0.047598958
      ],
      [
        0.02148222,
        0.0979833454,
        0.9949562
      ],
      [
        0.275946259,
        -0.957108736,
        0.0882981345
      ]
    ],
    "translation": [
      2.18992233,
      0.8280912,
      -0.751496
    ]
  },
  {
    "timeStamp": 52449,
    "rotation": [
      [
        0.964513838,
        0.2550756,
        -0.0681865439
      ],
      [
        0.0421278067,
        0.10626924,
        0.993444562
      ],
      [
        0.2606496,
        -0.9610636,
        0.09175239
      ]
    ],
    "translation": [
      2.1927495,
      0.8202176,
      -0.7502943
    ]
  },
  {
    "timeStamp": 52493,
    "rotation": [
      [
        0.9699563,
        0.236609578,
        -0.0565755665
      ],
      [
        0.0318301134,
        0.107127294,
        0.9937357
      ],
      [
        0.241188169,
        -0.965680957,
        0.09637748
      ]
    ],
    "translation": [
      2.19476151,
      0.8108456,
      -0.750795364
    ]
  },
  {
    "timeStamp": 52549,
    "rotation": [
      [
        0.974438131,
        0.221105471,
        -0.03978304
      ],
      [
        0.0169814,
        0.104085438,
        0.9944234
      ],
      [
        0.224013284,
        -0.969679654,
        0.0976701453
      ]
    ],
    "translation": [
      2.19629431,
      0.8008513,
      -0.7502724
    ]
  },
  {
    "timeStamp": 52593,
    "rotation": [
      [
        0.976974845,
        0.208361045,
        -0.0458889939
      ],
      [
        0.023384627,
        0.109212771,
        0.9937433
      ],
      [
        0.212069049,
        -0.9719353,
        0.101825692
      ]
    ],
    "translation": [
      2.19698644,
      0.7973858,
      -0.7493192
    ]
  },
  {
    "timeStamp": 52649,
    "rotation": [
      [
        0.9776652,
        0.2058422,
        -0.04242445
      ],
      [
        0.0215876885,
        0.102436751,
        0.9945052
      ],
      [
        0.209056988,
        -0.973208964,
        0.09570518
      ]
    ],
    "translation": [
      2.19695425,
      0.79432,
      -0.748038948
    ]
  },
  {
    "timeStamp": 52693,
    "rotation": [
      [
        0.9792232,
        0.196142733,
        -0.0514789261
      ],
      [
        0.0316050872,
        0.103139676,
        0.994164646
      ],
      [
        0.200307682,
        -0.975136042,
        0.09479765
      ]
    ],
    "translation": [
      2.19813728,
      0.793028,
      -0.748411834
    ]
  },
  {
    "timeStamp": 52749,
    "rotation": [
      [
        0.9809179,
        0.187849969,
        -0.0501249023
      ],
      [
        0.0339032821,
        0.0885948241,
        0.9954906
      ],
      [
        0.191443682,
        -0.978193939,
        0.0805355161
      ]
    ],
    "translation": [
      2.19951987,
      0.789712846,
      -0.7494298
    ]
  },
  {
    "timeStamp": 52793,
    "rotation": [
      [
        0.9816889,
        0.184766218,
        -0.0463492
      ],
      [
        0.03580068,
        0.0600257367,
        0.9975546
      ],
      [
        0.187096566,
        -0.9809477,
        0.05231184
      ]
    ],
    "translation": [
      2.2003305,
      0.786845565,
      -0.7494159
    ]
  },
  {
    "timeStamp": 52849,
    "rotation": [
      [
        0.98178786,
        0.183315828,
        -0.0498790629
      ],
      [
        0.0437757336,
        0.03719385,
        0.9983488
      ],
      [
        0.184868336,
        -0.98235023,
        0.0284916833
      ]
    ],
    "translation": [
      2.2017417,
      0.7838161,
      -0.748569965
    ]
  },
  {
    "timeStamp": 52893,
    "rotation": [
      [
        0.983205259,
        0.174401671,
        -0.05377199
      ],
      [
        0.0487905741,
        0.03272879,
        0.998272657
      ],
      [
        0.175860316,
        -0.9841305,
        0.0236699637
      ]
    ],
    "translation": [
      2.20350862,
      0.780939162,
      -0.7488851
    ]
  },
  {
    "timeStamp": 52949,
    "rotation": [
      [
        0.984251,
        0.171285421,
        -0.04371744
      ],
      [
        0.0386004932,
        0.0330928266,
        0.9987066
      ],
      [
        0.172510639,
        -0.9846655,
        0.0259599481
      ]
    ],
    "translation": [
      2.20410943,
      0.7741314,
      -0.7470911
    ]
  },
  {
    "timeStamp": 52993,
    "rotation": [
      [
        0.984506845,
        0.170717612,
        -0.040021278
      ],
      [
        0.0359272,
        0.0270051733,
        0.998989463
      ],
      [
        0.171625882,
        -0.9849498,
        0.020453373
      ]
    ],
    "translation": [
      2.204512,
      0.7695301,
      -0.744772434
    ]
  },
  {
    "timeStamp": 53048,
    "rotation": [
      [
        0.9840944,
        0.172339633,
        -0.04309717
      ],
      [
        0.0389944874,
        0.0271224268,
        0.998871267
      ],
      [
        0.173314,
        -0.984664142,
        0.0199707318
      ]
    ],
    "translation": [
      2.206436,
      0.764920354,
      -0.743504
    ]
  },
  {
    "timeStamp": 53093,
    "rotation": [
      [
        0.9843417,
        0.172332272,
        -0.0370542929
      ],
      [
        0.0344619639,
        0.0180112571,
        0.9992437
      ],
      [
        0.172869354,
        -0.9848742,
        0.0117903231
      ]
    ],
    "translation": [
      2.20781946,
      0.761034131,
      -0.742385745
    ]
  },
  {
    "timeStamp": 53149,
    "rotation": [
      [
        0.9842556,
        0.1716412,
        -0.0421923734
      ],
      [
        0.0390077345,
        0.0218861513,
        0.9989992
      ],
      [
        0.17239286,
        -0.984916449,
        0.0148462327
      ]
    ],
    "translation": [
      2.209408,
      0.75498426,
      -0.743814051
    ]
  },
  {
    "timeStamp": 53193,
    "rotation": [
      [
        0.9844166,
        0.17068018,
        -0.0423339531
      ],
      [
        0.0393603556,
        0.0207699537,
        0.9990092
      ],
      [
        0.171390355,
        -0.985107541,
        0.0137282545
      ]
    ],
    "translation": [
      2.21076226,
      0.7526513,
      -0.7446102
    ]
  },
  {
    "timeStamp": 53249,
    "rotation": [
      [
        0.9822215,
        0.181591138,
        -0.0475985222
      ],
      [
        0.0454157628,
        0.0161618311,
        0.9988374
      ],
      [
        0.182149321,
        -0.9832413,
        0.00762739824
      ]
    ],
    "translation": [
      2.21204,
      0.750498235,
      -0.7447296
    ]
  },
  {
    "timeStamp": 53293,
    "rotation": [
      [
        0.97905,
        0.197071478,
        -0.0512240864
      ],
      [
        0.0490361862,
        0.0159690659,
        0.9986693
      ],
      [
        0.197627246,
        -0.980259061,
        0.00597087946
      ]
    ],
    "translation": [
      2.212389,
      0.7487221,
      -0.743948162
    ]
  },
  {
    "timeStamp": 53349,
    "rotation": [
      [
        0.9757032,
        0.213754639,
        -0.0480869748
      ],
      [
        0.0473522432,
        0.008559072,
        0.9988416
      ],
      [
        0.2139186,
        -0.9768499,
        -0.00177064748
      ]
    ],
    "translation": [
      2.21263313,
      0.745402634,
      -0.742418945
    ]
  },
  {
    "timeStamp": 53393,
    "rotation": [
      [
        0.974325657,
        0.218439281,
        -0.05453363
      ],
      [
        0.05316382,
        0.0121480469,
        0.9985119
      ],
      [
        0.218776688,
        -0.975774944,
        0.000223087292
      ]
    ],
    "translation": [
      2.21393633,
      0.743394554,
      -0.7427364
    ]
  },
  {
    "timeStamp": 53449,
    "rotation": [
      [
        0.9717868,
        0.230603531,
        -0.0495212823
      ],
      [
        0.0490572974,
        0.007748927,
        0.9987659
      ],
      [
        0.230702683,
        -0.9730169,
        -0.003782481
      ]
    ],
    "translation": [
      2.214757,
      0.7405079,
      -0.7420677
    ]
  },
  {
    "timeStamp": 53493,
    "rotation": [
      [
        0.971452653,
        0.230530247,
        -0.05599619
      ],
      [
        0.0538809076,
        0.0154660521,
        0.99842757
      ],
      [
        0.2310338,
        -0.9729423,
        0.00260335859
      ]
    ],
    "translation": [
      2.21565175,
      0.738614142,
      -0.7438324
    ]
  },
  {
    "timeStamp": 53548,
    "rotation": [
      [
        0.9695167,
        0.237607822,
        -0.0598318353
      ],
      [
        0.0576689467,
        0.0160496868,
        0.998206735
      ],
      [
        0.238142014,
        -0.97122854,
        0.00185784616
      ]
    ],
    "translation": [
      2.21624827,
      0.7372675,
      -0.7443394
    ]
  },
  {
    "timeStamp": 53593,
    "rotation": [
      [
        0.9682891,
        0.24209334,
        -0.0617013834
      ],
      [
        0.0582116432,
        0.0215483233,
        0.9980717
      ],
      [
        0.242956072,
        -0.9700137,
        0.00677235471
      ]
    ],
    "translation": [
      2.21708632,
      0.736141443,
      -0.745271742
    ]
  },
  {
    "timeStamp": 53648,
    "rotation": [
      [
        0.968073547,
        0.243894041,
        -0.0578728542
      ],
      [
        0.0540632345,
        0.0222909246,
        0.9982887
      ],
      [
        0.2447667,
        -0.969545662,
        0.008393554
      ]
    ],
    "translation": [
      2.21726322,
      0.73366797,
      -0.746320844
    ]
  },
  {
    "timeStamp": 53693,
    "rotation": [
      [
        0.965855837,
        0.2522014,
        -0.05930405
      ],
      [
        0.05489213,
        0.024499964,
        0.998191655
      ],
      [
        0.2531983,
        -0.9673646,
        0.00981956
      ]
    ],
    "translation": [
      2.21703148,
      0.732634246,
      -0.7458173
    ]
  },
  {
    "timeStamp": 53748,
    "rotation": [
      [
        0.9632466,
        0.26075846,
        -0.0645060241
      ],
      [
        0.0590151,
        0.0288413242,
        0.997840345
      ],
      [
        0.262055784,
        -0.9649732,
        0.01239262
      ]
    ],
    "translation": [
      2.21680927,
      0.7325184,
      -0.7448731
    ]
  },
  {
    "timeStamp": 53792,
    "rotation": [
      [
        0.9630322,
        0.2620811,
        -0.06230944
      ],
      [
        0.05798166,
        0.0242218822,
        0.998023748
      ],
      [
        0.263072431,
        -0.9647418,
        0.008130555
      ]
    ],
    "translation": [
      2.21680045,
      0.7317263,
      -0.744464457
    ]
  },
  {
    "timeStamp": 53848,
    "rotation": [
      [
        0.9609782,
        0.269094884,
        -0.06409949
      ],
      [
        0.0603370257,
        0.0222384464,
        0.9979303
      ],
      [
        0.2699634,
        -0.9628569,
        0.00513427751
      ]
    ],
    "translation": [
      2.21661139,
      0.731544852,
      -0.7429208
    ]
  },
  {
    "timeStamp": 53893,
    "rotation": [
      [
        0.9599526,
        0.272606641,
        -0.06462711
      ],
      [
        0.0614448935,
        0.020203473,
        0.99790597
      ],
      [
        0.273341477,
        -0.9619134,
        0.00264409138
      ]
    ],
    "translation": [
      2.21635342,
      0.731451869,
      -0.741875947
    ]
  },
  {
    "timeStamp": 53948,
    "rotation": [
      [
        0.960549533,
        0.270308882,
        -0.06540411
      ],
      [
        0.06306975,
        0.01732258,
        0.997858763
      ],
      [
        0.270863056,
        -0.9626178,
        -0.000409117085
      ]
    ],
    "translation": [
      2.21669078,
      0.7321324,
      -0.741359055
    ]
  },
  {
    "timeStamp": 53993,
    "rotation": [
      [
        0.960345447,
        0.270307571,
        -0.06834167
      ],
      [
        0.06595989,
        0.01789662,
        0.997661769
      ],
      [
        0.2708986,
        -0.962607741,
        -0.0006425201
      ]
    ],
    "translation": [
      2.21700835,
      0.7328781,
      -0.740721643
    ]
  },
  {
    "timeStamp": 54048,
    "rotation": [
      [
        0.9649351,
        0.252684683,
        -0.07106785
      ],
      [
        0.06877911,
        0.0178909767,
        0.997471452
      ],
      [
        0.253317237,
        -0.967383265,
        -0.000115793839
      ]
    ],
    "translation": [
      2.21839976,
      0.7341438,
      -0.7419797
    ]
  },
  {
    "timeStamp": 54092,
    "rotation": [
      [
        0.970906,
        0.226866,
        -0.07663816
      ],
      [
        0.07330534,
        0.0230924487,
        0.9970422
      ],
      [
        0.227964729,
        -0.9736522,
        0.005790109
      ]
    ],
    "translation": [
      2.22012472,
      0.7356878,
      -0.744832039
    ]
  },
  {
    "timeStamp": 54149,
    "rotation": [
      [
        0.9788966,
        0.186416015,
        -0.0837285146
      ],
      [
        0.07870838,
        0.0341832675,
        0.9963114
      ],
      [
        0.188590527,
        -0.981876,
        0.0187893827
      ]
    ],
    "translation": [
      2.22126341,
      0.7370839,
      -0.748153746
    ]
  },
  {
    "timeStamp": 54193,
    "rotation": [
      [
        0.9851691,
        0.148296028,
        -0.08631354
      ],
      [
        0.0798714,
        0.0488716476,
        0.9956064
      ],
      [
        0.151862755,
        -0.9877347,
        0.03630223
      ]
    ],
    "translation": [
      2.22150636,
      0.7376393,
      -0.750531733
    ]
  },
  {
    "timeStamp": 54248,
    "rotation": [
      [
        0.992073357,
        0.0925726444,
        -0.0849755853
      ],
      [
        0.07923474,
        0.06402385,
        0.9947979
      ],
      [
        0.09753152,
        -0.9936454,
        0.0561813861
      ]
    ],
    "translation": [
      2.221258,
      0.737046,
      -0.7529382
    ]
  },
  {
    "timeStamp": 54293,
    "rotation": [
      [
        0.994673133,
        0.0490326323,
        -0.0906702653
      ],
      [
        0.08687916,
        0.074593164,
        0.9934223
      ],
      [
        0.05547347,
        -0.99600786,
        0.06993591
      ]
    ],
    "translation": [
      2.22086644,
      0.7381653,
      -0.7548495
    ]
  },
  {
    "timeStamp": 54348,
    "rotation": [
      [
        0.995292366,
        0.0007341262,
        -0.09691504
      ],
      [
        0.09653664,
        0.08109152,
        0.9920206
      ],
      [
        0.008587236,
        -0.996706367,
        0.08063891
      ]
    ],
    "translation": [
      2.220146,
      0.7397573,
      -0.7540267
    ]
  },
  {
    "timeStamp": 54392,
    "rotation": [
      [
        0.995595753,
        -0.02816284,
        -0.08942057
      ],
      [
        0.09116801,
        0.06850244,
        0.9934766
      ],
      [
        -0.021853596,
        -0.9972534,
        0.07076829
      ]
    ],
    "translation": [
      2.21938634,
      0.7396379,
      -0.7512627
    ]
  },
  {
    "timeStamp": 54448,
    "rotation": [
      [
        0.993999064,
        -0.06623764,
        -0.08705432
      ],
      [
        0.09095333,
        0.0583173446,
        0.994146168
      ],
      [
        -0.06077313,
        -0.9960982,
        0.06399192
      ]
    ],
    "translation": [
      2.21862817,
      0.7401306,
      -0.7497755
    ]
  },
  {
    "timeStamp": 54493,
    "rotation": [
      [
        0.9930197,
        -0.08560386,
        -0.08114077
      ],
      [
        0.08579697,
        0.05218791,
        0.9949449
      ],
      [
        -0.08093656,
        -0.9949615,
        0.05916817
      ]
    ],
    "translation": [
      2.21815944,
      0.7394901,
      -0.746955156
    ]
  },
  {
    "timeStamp": 54548,
    "rotation": [
      [
        0.988710046,
        -0.125950634,
        -0.08117139
      ],
      [
        0.08797727,
        0.0494400971,
        0.9948948
      ],
      [
        -0.121294506,
        -0.9908037,
        0.0599627122
      ]
    ],
    "translation": [
      2.2184484,
      0.7402097,
      -0.748424
    ]
  },
  {
    "timeStamp": 54593,
    "rotation": [
      [
        0.9840556,
        -0.160644829,
        -0.0763397142
      ],
      [
        0.08439909,
        0.0439484045,
        0.995462358
      ],
      [
        -0.156560868,
        -0.9860333,
        0.05680595
      ]
    ],
    "translation": [
      2.21885324,
      0.7389966,
      -0.750358045
    ]
  },
  {
    "timeStamp": 54648,
    "rotation": [
      [
        0.9793643,
        -0.185332656,
        -0.0806066
      ],
      [
        0.08877375,
        0.0361861959,
        0.9953943
      ],
      [
        -0.18156223,
        -0.982009351,
        0.05189214
      ]
    ],
    "translation": [
      2.21973753,
      0.73954916,
      -0.7515282
    ]
  },
  {
    "timeStamp": 54692,
    "rotation": [
      [
        0.9765113,
        -0.199732751,
        -0.08082408
      ],
      [
        0.08999279,
        0.03724556,
        0.995245755
      ],
      [
        -0.195772856,
        -0.979142249,
        0.05434522
      ]
    ],
    "translation": [
      2.22096825,
      0.7387367,
      -0.753282249
    ]
  },
  {
    "timeStamp": 54748,
    "rotation": [
      [
        0.9731297,
        -0.216616333,
        -0.07807622
      ],
      [
        0.08615203,
        0.0280775931,
        0.995886266
      ],
      [
        -0.213533044,
        -0.9758529,
        0.04598508
      ]
    ],
    "translation": [
      2.22201681,
      0.7367931,
      -0.754836
    ]
  },
  {
    "timeStamp": 54792,
    "rotation": [
      [
        0.9699451,
        -0.228836745,
        -0.08270644
      ],
      [
        0.093050465,
        0.03476914,
        0.9950541
      ],
      [
        -0.224829316,
        -0.9728437,
        0.0550175235
      ]
    ],
    "translation": [
      2.22310114,
      0.7363385,
      -0.756363034
    ]
  },
  {
    "timeStamp": 54848,
    "rotation": [
      [
        0.9666985,
        -0.242089421,
        -0.08298643
      ],
      [
        0.09497447,
        0.0382561125,
        0.99474436
      ],
      [
        -0.237642363,
        -0.969499469,
        0.05997444
      ]
    ],
    "translation": [
      2.223634,
      0.7355009,
      -0.7604069
    ]
  },
  {
    "timeStamp": 54892,
    "rotation": [
      [
        0.9664374,
        -0.244288683,
        -0.07950964
      ],
      [
        0.0919160843,
        0.0397944674,
        0.9949713
      ],
      [
        -0.239896178,
        -0.96888566,
        0.060912922
      ]
    ],
    "translation": [
      2.22401714,
      0.7347684,
      -0.7625773
    ]
  },
  {
    "timeStamp": 54948,
    "rotation": [
      [
        0.967286,
        -0.236635044,
        -0.09144184
      ],
      [
        0.103366978,
        0.0384619571,
        0.993899345
      ],
      [
        -0.231674373,
        -0.970837,
        0.0616639629
      ]
    ],
    "translation": [
      2.224374,
      0.73616457,
      -0.7631975
    ]
  },
  {
    "timeStamp": 54993,
    "rotation": [
      [
        0.965531051,
        -0.243641853,
        -0.09158853
      ],
      [
        0.106010415,
        0.046726495,
        0.9932665
      ],
      [
        -0.237721682,
        -0.968739033,
        0.07094446
      ]
    ],
    "translation": [
      2.22425675,
      0.7356705,
      -0.764982
    ]
  },
  {
    "timeStamp": 55048,
    "rotation": [
      [
        0.969967365,
        -0.225914925,
        -0.0901433
      ],
      [
        0.101783946,
        0.0403953455,
        0.993986
      ],
      [
        -0.220914885,
        -0.973309159,
        0.0621766746
      ]
    ],
    "translation": [
      2.22417021,
      0.73449105,
      -0.76489234
    ]
  },
  {
    "timeStamp": 55092,
    "rotation": [
      [
        0.972898662,
        -0.208476231,
        -0.10002967
      ],
      [
        0.109529287,
        0.0345025435,
        0.9933846
      ],
      [
