[
  {
    "timeStamp": 24016,
    "rotation": [
      [
        0.999199033,
        0.0387130827,
        -0.0101312911
      ],
      [
        0.0114134476,
        -0.0330432542,
        0.999388754
      ],
      [
        0.03835465,
        -0.9987039,
        -0.0334586352
      ]
    ],
    "translation": [
      1.46457744,
      0.7020174,
      -0.6187945
    ]
  },
  {
    "timeStamp": 24062,
    "rotation": [
      [
        0.99982816,
        0.0184899922,
        0.001339239
      ],
      [
        6.605449E-06,
        -0.07259654,
        0.997361362
      ],
      [
        0.0185384285,
        -0.997189939,
        -0.07258419
      ]
    ],
    "translation": [
      1.46415985,
      0.704571962,
      -0.6195232
    ]
  },
  {
    "timeStamp": 24116,
    "rotation": [
      [
        0.9739816,
        0.07787903,
        0.2128253
      ],
      [
        -0.219560251,
        0.09158261,
        0.9712908
      ],
      [
        0.0561520681,
        -0.9927474,
        0.106298909
      ]
    ],
    "translation": [
      1.42665577,
      0.7429696,
      -0.6761015
    ]
  },
  {
    "timeStamp": 24161,
    "rotation": [
      [
        0.9523908,
        0.128228515,
        0.276602983
      ],
      [
        -0.293205559,
        0.136569977,
        0.9462448
      ],
      [
        0.0835599154,
        -0.982296348,
        0.1676653
      ]
    ],
    "translation": [
      1.425849,
      0.7782687,
      -0.707427
    ]
  },
  {
    "timeStamp": 24216,
    "rotation": [
      [
        0.9212879,
        0.205586731,
        0.330095023
      ],
      [
        -0.36593613,
        0.171055332,
        0.914784551
      ],
      [
        0.131603032,
        -0.9635737,
        0.232822821
      ]
    ],
    "translation": [
      1.443926,
      0.821840763,
      -0.7508763
    ]
  },
  {
    "timeStamp": 24261,
    "rotation": [
      [
        0.9059821,
        0.226145223,
        0.357847542
      ],
      [
        -0.398726135,
        0.171962425,
        0.9008032
      ],
      [
        0.142176,
        -0.9587947,
        0.24596487
      ]
    ],
    "translation": [
      1.46803546,
      0.848956764,
      -0.7677145
    ]
  },
  {
    "timeStamp": 24316,
    "rotation": [
      [
        0.882668853,
        0.251620144,
        0.396967262
      ],
      [
        -0.447391361,
        0.191041186,
        0.873695731
      ],
      [
        0.144002363,
        -0.948783755,
        0.2811988
      ]
    ],
    "translation": [
      1.50634861,
      0.8810108,
      -0.7938001
    ]
  },
  {
    "timeStamp": 24360,
    "rotation": [
      [
        0.880681455,
        0.212962717,
        0.423139572
      ],
      [
        -0.465097457,
        0.219179168,
        0.8576974
      ],
      [
        0.0899142,
        -0.952159345,
        0.292075455
      ]
    ],
    "translation": [
      1.53942251,
      0.90071106,
      -0.800617337
    ]
  },
  {
    "timeStamp": 24416,
    "rotation": [
      [
        0.8728261,
        0.141895264,
        0.4669478
      ],
      [
        -0.487899661,
        0.275923,
        0.8281427
      ],
      [
        -0.0113321459,
        -0.9506483,
        0.310063481
      ]
    ],
    "translation": [
      1.58214152,
      0.9222038,
      -0.8021761
    ]
  },
  {
    "timeStamp": 24461,
    "rotation": [
      [
        0.8623114,
        0.06220499,
        0.502543032
      ],
      [
        -0.497043967,
        0.293649554,
        0.816527545
      ],
      [
        -0.09677945,
        -0.953887045,
        0.284135967
      ]
    ],
    "translation": [
      1.61505234,
      0.93692,
      -0.7937045
    ]
  },
  {
    "timeStamp": 24516,
    "rotation": [
      [
        0.8326645,
        -0.04388847,
        0.5520359
      ],
      [
        -0.514467835,
        0.307571828,
        0.8004514
      ],
      [
        -0.204921275,
        -0.9505122,
        0.233524919
      ]
    ],
    "translation": [
      1.65681207,
      0.95795,
      -0.7752579
    ]
  },
  {
    "timeStamp": 24560,
    "rotation": [
      [
        0.792161942,
        -0.1363428,
        0.5948867
      ],
      [
        -0.538490534,
        0.302609771,
        0.7864193
      ],
      [
        -0.287241131,
        -0.9433123,
        0.166296631
      ]
    ],
    "translation": [
      1.69114828,
      0.9792827,
      -0.7555311
    ]
  },
  {
    "timeStamp": 24616,
    "rotation": [
      [
        0.743486643,
        -0.242260113,
        0.6233279
      ],
      [
        -0.5567209,
        0.292209476,
        0.7776088
      ],
      [
        -0.3705259,
        -0.9251615,
        0.08238257
      ]
    ],
    "translation": [
      1.73863661,
      1.00511456,
      -0.731304646
    ]
  },
  {
    "timeStamp": 24660,
    "rotation": [
      [
        0.702778459,
        -0.319610447,
        0.635571837
      ],
      [
        -0.5807356,
        0.258291453,
        0.7720309
      ],
      [
        -0.410911918,
        -0.9116659,
        -0.00408751238
      ]
    ],
    "translation": [
      1.78180027,
      1.02886343,
      -0.7133481
    ]
  },
  {
    "timeStamp": 24716,
    "rotation": [
      [
        0.6745189,
        -0.436974376,
        0.595044255
      ],
      [
        -0.571215,
        0.2017057,
        0.795630753
      ],
      [
        -0.467694074,
        -0.8765661,
        -0.113552012
      ]
    ],
    "translation": [
      1.84650636,
      1.0474385,
      -0.6887982
    ]
  },
  {
    "timeStamp": 24760,
    "rotation": [
      [
        0.656733155,
        -0.5180323,
        0.5480365
      ],
      [
        -0.5502625,
        0.167750955,
        0.8179675
      ],
      [
        -0.51566726,
        -0.838750362,
        -0.174886152
      ]
    ],
    "translation": [
      1.9013207,
      1.05548978,
      -0.6766228
    ]
  },
  {
    "timeStamp": 24816,
    "rotation": [
      [
        0.6436493,
        -0.6394851,
        0.4204455
      ],
      [
        -0.4858991,
        0.0829839,
        0.8700665
      ],
      [
        -0.5912848,
        -0.7643118,
        -0.2573127
      ]
    ],
    "translation": [
      1.982552,
      1.05045331,
      -0.660030961
    ]
  },
  {
    "timeStamp": 24860,
    "rotation": [
      [
        0.596508443,
        -0.727121949,
        0.339810669
      ],
      [
        -0.44245705,
        0.0553261377,
        0.89508146
      ],
      [
        -0.6696338,
        -0.68427527,
        -0.288717747
      ]
    ],
    "translation": [
      2.04499769,
      1.04372919,
      -0.651146531
    ]
  },
  {
    "timeStamp": 24916,
    "rotation": [
      [
        0.523457,
        -0.7959103,
        0.30417043
      ],
      [
        -0.4265314,
        0.0642632246,
        0.90218693
      ],
      [
        -0.7376068,
        -0.6019943,
        -0.305841655
      ]
    ],
    "translation": [
      2.10095978,
      1.03391075,
      -0.644618332
    ]
  },
  {
    "timeStamp": 24960,
    "rotation": [
      [
        0.483278066,
        -0.834795237,
        0.263740957
      ],
      [
        -0.377704442,
        0.07296286,
        0.923047
      ],
      [
        -0.789798558,
        -0.5457045,
        -0.2800445
      ]
    ],
    "translation": [
      2.13586116,
      1.01217961,
      -0.645793438
    ]
  },
  {
    "timeStamp": 25013,
    "rotation": [
      [
        0.483406156,
        -0.8447849,
        0.229470968
      ],
      [
        -0.3330081,
        0.0649648756,
        0.940683365
      ],
      [
        -0.809582651,
        -0.5311478,
        -0.249915823
      ]
    ],
    "translation": [
      2.16250467,
      0.9818578,
      -0.6476526
    ]
  },
  {
    "timeStamp": 25066,
    "rotation": [
      [
        0.485109746,
        -0.8401558,
        0.2425011
      ],
      [
        -0.3038571,
        0.09808117,
        0.9476555
      ],
      [
        -0.819963038,
        -0.5334026,
        -0.207707152
      ]
    ],
    "translation": [
      2.174072,
      0.942114353,
      -0.6477757
    ]
  },
  {
    "timeStamp": 25110,
    "rotation": [
      [
        0.544954062,
        -0.81218195,
        0.208292037
      ],
      [
        -0.263884455,
        0.06966345,
        0.962035358
      ],
      [
        -0.7958581,
        -0.57923007,
        -0.176358819
      ]
    ],
    "translation": [
      2.18050361,
      0.912283659,
      -0.6476414
    ]
  },
  {
    "timeStamp": 25166,
    "rotation": [
      [
        0.6060925,
        -0.782578468,
        0.142206892
      ],
      [
        -0.220710889,
        0.006294407,
        0.975318968
      ],
      [
        -0.7641587,
        -0.622520149,
        -0.1689086
      ]
    ],
    "translation": [
      2.20174932,
      0.8804051,
      -0.640829265
    ]
  },
  {
    "timeStamp": 25210,
    "rotation": [
      [
        0.65016216,
        -0.7416163,
        0.165210143
      ],
      [
        -0.21470581,
        0.0292486362,
        0.9762407
      ],
      [
        -0.7288282,
        -0.6701864,
        -0.140212968
      ]
    ],
    "translation": [
      2.19832349,
      0.864692867,
      -0.636062145
    ]
  },
  {
    "timeStamp": 25266,
    "rotation": [
      [
        0.758299351,
        -0.649926662,
        0.0507673845
      ],
      [
        -0.116292343,
        -0.0582346059,
        0.991506338
      ],
      [
        -0.64145,
        -0.7577625,
        -0.119740762
      ]
    ],
    "translation": [
      2.22180772,
      0.8360199,
      -0.6338326
    ]
  },
  {
    "timeStamp": 25311,
    "rotation": [
      [
        0.7966755,
        -0.589379,
        0.133942366
      ],
      [
        -0.160467282,
        0.007401967,
        0.9870134
      ],
      [
        -0.582716465,
        -0.807822764,
        -0.08867908
      ]
    ],
    "translation": [
      2.20483828,
      0.8277018,
      -0.634720445
    ]
  },
  {
    "timeStamp": 25366,
    "rotation": [
      [
        0.858741164,
        -0.5095132,
        0.05440461
      ],
      [
        -0.08938637,
        -0.0444086865,
        0.9950065
      ],
      [
        -0.5045529,
        -0.8593161,
        -0.0836791
      ]
    ],
    "translation": [
      2.21137333,
      0.8076515,
      -0.6289766
    ]
  },
  {
    "timeStamp": 25410,
    "rotation": [
      [
        0.8955321,
        -0.444572568,
        -0.0194296055
      ],
      [
        -0.0197607856,
        -0.08334884,
        0.9963245
      ],
      [
        -0.444557965,
        -0.891856551,
        -0.08342667
      ]
    ],
    "translation": [
      2.23005652,
      0.791829467,
      -0.624899149
    ]
  },
  {
    "timeStamp": 25466,
    "rotation": [
      [
        0.9186627,
        -0.392249316,
        0.0468963534
      ],
      [
        -0.06917491,
        -0.0428492054,
        0.9966839
      ],
      [
        -0.3889391,
        -0.9188604,
        -0.06649778
      ]
    ],
    "translation": [
      2.213302,
      0.7882931,
      -0.625318468
    ]
  },
  {
    "timeStamp": 25512,
    "rotation": [
      [
        0.945378363,
        -0.3254935,
        -0.0177112687
      ],
      [
        -0.011679993,
        -0.0881220847,
        0.9960412
      ],
      [
        -0.3257657,
        -0.9414289,
        -0.0871104747
      ]
    ],
    "translation": [
      2.222936,
      0.776221633,
      -0.620197654
    ]
  },
  {
    "timeStamp": 25558,
    "rotation": [
      [
        0.9635293,
        -0.267533541,
        0.00608860468
      ],
      [
        -0.0284150671,
        -0.079660885,
        0.9964169
      ],
      [
        -0.266089946,
        -0.9602499,
        -0.08435758
      ]
    ],
    "translation": [
      2.217232,
      0.770490766,
      -0.621504843
    ]
  },
  {
    "timeStamp": 25614,
    "rotation": [
      [
        0.9758556,
        -0.21837157,
        0.00443264935
      ],
      [
        -0.0216548517,
        -0.07653654,
        0.9968316
      ],
      [
        -0.21734041,
        -0.9728597,
        -0.07941742
      ]
    ],
    "translation": [
      2.21636057,
      0.7621947,
      -0.621631742
    ]
  },
  {
    "timeStamp": 25660,
    "rotation": [
      [
        0.9880288,
        -0.153564438,
        -0.0147286234
      ],
      [
        0.0003109166,
        -0.09349116,
        0.9956201
      ],
      [
        -0.154268831,
        -0.983705938,
        -0.09232422
      ]
    ],
    "translation": [
      2.21987,
      0.7540375,
      -0.620793939
    ]
  },
  {
    "timeStamp": 25715,
    "rotation": [
      [
        0.996135354,
        -0.08776823,
        -0.003331351
      ],
      [
        -0.0042525474,
        -0.08607977,
        0.9962792
      ],
      [
        -0.08772842,
        -0.9924147,
        -0.08612034
      ]
    ],
    "translation": [
      2.21772575,
      0.7470458,
      -0.622857749
    ]
  },
  {
    "timeStamp": 25760,
    "rotation": [
      [
        0.9990475,
        -0.0270515326,
        -0.03423839
      ],
      [
        0.0312091764,
        -0.1054074,
        0.9939393
      ],
      [
        -0.0304965526,
        -0.9940611,
        -0.104462743
      ]
    ],
    "translation": [
      2.22280073,
      0.739234447,
      -0.621162
    ]
  },
  {
    "timeStamp": 25815,
    "rotation": [
      [
        0.9976204,
        0.0422914959,
        -0.0544512756
      ],
      [
        0.05886724,
        -0.111360088,
        0.9920351
      ],
      [
        0.0358909629,
        -0.9928798,
        -0.11358469
      ]
    ],
    "translation": [
      2.22878575,
      0.732125044,
      -0.6196877
    ]
  },
  {
    "timeStamp": 25859,
    "rotation": [
      [
        0.9953426,
        0.07712309,
        -0.05783651
      ],
      [
        0.0656465143,
        -0.102910317,
        0.992522061
      ],
      [
        0.07059441,
        -0.991696239,
        -0.107493892
      ]
    ],
    "translation": [
      2.22920775,
      0.7299895,
      -0.6196323
    ]
  },
  {
    "timeStamp": 25914,
    "rotation": [
      [
        0.9899937,
        0.126535729,
        -0.0624595173
      ],
      [
        0.07593544,
        -0.104636841,
        0.991607249
      ],
      [
        0.118938178,
        -0.986427844,
        -0.113198362
      ]
    ],
    "translation": [
      2.22889781,
      0.728272557,
      -0.619160831
    ]
  },
  {
    "timeStamp": 25959,
    "rotation": [
      [
        0.985051453,
        0.158649549,
        -0.0671119541
      ],
      [
        0.0828355253,
        -0.09466379,
        0.992056966
      ],
      [
        0.1510363,
        -0.9827864,
        -0.106390513
      ]
    ],
    "translation": [
      2.22974038,
      0.7265495,
      -0.619312763
    ]
  },
  {
    "timeStamp": 26014,
    "rotation": [
      [
        0.976670861,
        0.202463642,
        -0.07157143
      ],
      [
        0.0919953,
        -0.09332489,
        0.99137646
      ],
      [
        0.194038272,
        -0.9748328,
        -0.109773412
      ]
    ],
    "translation": [
      2.23,
      0.7244967,
      -0.6191284
    ]
  },
  {
    "timeStamp": 26059,
    "rotation": [
      [
        0.9697073,
        0.233713016,
        -0.0710347146
      ],
      [
        0.09433325,
        -0.0900576338,
        0.991458952
      ],
      [
        0.225319639,
        -0.968125939,
        -0.10937646
      ]
    ],
    "translation": [
      2.230498,
      0.724566,
      -0.618555963
    ]
  },
  {
    "timeStamp": 26114,
    "rotation": [
      [
        0.9622619,
        0.262470931,
        -0.0718395
      ],
      [
        0.09450432,
        -0.074758254,
        0.9927135
      ],
      [
        0.255187839,
        -0.96203953,
        -0.09674166
      ]
    ],
    "translation": [
      2.23091531,
      0.7248518,
      -0.617978752
    ]
  },
  {
    "timeStamp": 26159,
    "rotation": [
      [
        0.9588952,
        0.276057839,
        -0.0656664446
      ],
      [
        0.08577334,
        -0.061391212,
        0.9944215
      ],
      [
        0.270486534,
        -0.959178448,
        -0.0825461447
      ]
    ],
    "translation": [
      2.23117328,
      0.7250024,
      -0.617671251
    ]
  },
  {
    "timeStamp": 26214,
    "rotation": [
      [
        0.9552797,
        0.2880016,
        -0.06705111
      ],
      [
        0.0855514854,
        -0.0521240048,
        0.994969368
      ],
      [
        0.283057779,
        -0.9562104,
        -0.07443196
      ]
    ],
    "translation": [
      2.23130441,
      0.72516793,
      -0.617391348
    ]
  }
]