[
  {
    "timeStamp": 52814,
    "rotation": [
      [
        0.357958376,
        -0.884259641,
        0.299917936
      ],
      [
        0.9304701,
        0.364651948,
        -0.0354182571
      ],
      [
        -0.07804672,
        0.291742921,
        0.953307331
      ]
    ],
    "translation": [
      1.58636582,
      0.715199,
      -0.6324967
    ]
  },
  {
    "timeStamp": 52859,
    "rotation": [
      [
        0.408550739,
        -0.884654164,
        0.224662825
      ],
      [
        0.9096182,
        0.414954871,
        -0.0201797262
      ],
      [
        -0.07537285,
        0.212601826,
        0.9742276
      ]
    ],
    "translation": [
      1.57476616,
      0.722369134,
      -0.634110034
    ]
  },
  {
    "timeStamp": 52914,
    "rotation": [
      [
        0.465305716,
        -0.8787028,
        0.10663981
      ],
      [
        0.881073236,
        0.4713387,
        0.03936829
      ],
      [
        -0.0848564953,
        0.07563919,
        0.993518054
      ]
    ],
    "translation": [
      1.56361139,
      0.743792355,
      -0.6391921
    ]
  },
  {
    "timeStamp": 52959,
    "rotation": [
      [
        0.5219017,
        -0.852994561,
        0.004340023
      ],
      [
        0.8509893,
        0.521011,
        0.06606657
      ],
      [
        -0.0586156249,
        -0.0307869464,
        0.9978057
      ]
    ],
    "translation": [
      1.55856156,
      0.764317334,
      -0.6501386
    ]
  },
  {
    "timeStamp": 53014,
    "rotation": [
      [
        0.602885544,
        -0.7876334,
        -0.127132818
      ],
      [
        0.797810137,
        0.5962277,
        0.08950762
      ],
      [
        0.005300913,
        -0.1553907,
        0.9878389
      ]
    ],
    "translation": [
      1.55897117,
      0.794864357,
      -0.6713955
    ]
  },
  {
    "timeStamp": 53059,
    "rotation": [
      [
        0.632710934,
        -0.744516134,
        -0.213008255
      ],
      [
        0.7742926,
        0.6125483,
        0.1589201
      ],
      [
        0.0121592637,
        -0.2654812,
        0.9640393
      ]
    ],
    "translation": [
      1.57142472,
      0.820470154,
      -0.6857519
    ]
  },
  {
    "timeStamp": 53114,
    "rotation": [
      [
        0.6483457,
        -0.7052859,
        -0.286739618
      ],
      [
        0.760392547,
        0.6186975,
        0.197526217
      ],
      [
        0.0380926132,
        -0.3460999,
        0.937424064
      ]
    ],
    "translation": [
      1.59682775,
      0.8459812,
      -0.7041407
    ]
  },
  {
    "timeStamp": 53158,
    "rotation": [
      [
        0.6382164,
        -0.7000671,
        -0.320290327
      ],
      [
        0.7692869,
        0.5959387,
        0.230336174
      ],
      [
        0.0296226237,
        -0.393399477,
        0.918890238
      ]
    ],
    "translation": [
      1.62520158,
      0.8615927,
      -0.7148078
    ]
  },
  {
    "timeStamp": 53214,
    "rotation": [
      [
        0.605606437,
        -0.7295691,
        -0.317757457
      ],
      [
        0.7941519,
        0.52869755,
        0.2996692
      ],
      [
        -0.0506318025,
        -0.4338293,
        0.8995713
      ]
    ],
    "translation": [
      1.66836429,
      0.877925754,
      -0.7193804
    ]
  },
  {
    "timeStamp": 53258,
    "rotation": [
      [
        0.571632743,
        -0.7758199,
        -0.2670946
      ],
      [
        0.8099775,
        0.481570929,
        0.3347028
      ],
      [
        -0.13104406,
        -0.4076677,
        0.9036783
      ]
    ],
    "translation": [
      1.70818079,
      0.888235331,
      -0.7174454
    ]
  },
  {
    "timeStamp": 53314,
    "rotation": [
      [
        0.5110472,
        -0.847779036,
        -0.141780213
      ],
      [
        0.8231644,
        0.4352237,
        0.36466518
      ],
      [
        -0.247449383,
        -0.303069532,
        0.9202813
      ]
    ],
    "translation": [
      1.76542032,
      0.9021261,
      -0.7115482
    ]
  },
  {
    "timeStamp": 53359,
    "rotation": [
      [
        0.438985258,
        -0.897758067,
        -0.0363651
      ],
      [
        0.8282222,
        0.388629049,
        0.4037517
      ],
      [
        -0.3483388,
        -0.207359418,
        0.9141456
      ]
    ],
    "translation": [
      1.81493211,
      0.913539231,
      -0.707192659
    ]
  },
  {
    "timeStamp": 53414,
    "rotation": [
      [
        0.3200074,
        -0.9429081,
        0.092301026
      ],
      [
        0.832137048,
        0.326308221,
        0.44840914
      ],
      [
        -0.4529272,
        -0.0666871443,
        0.8890499
      ]
    ],
    "translation": [
      1.878915,
      0.926162243,
      -0.705563545
    ]
  },
  {
    "timeStamp": 53458,
    "rotation": [
      [
        0.2125558,
        -0.959885061,
        0.1828682
      ],
      [
        0.826684833,
        0.276425958,
        0.490082532
      ],
      [
        -0.520972431,
        0.0470044836,
        0.852278352
      ]
    ],
    "translation": [
      1.93153274,
      0.9369895,
      -0.708120048
    ]
  },
  {
    "timeStamp": 53514,
    "rotation": [
      [
        0.0658783838,
        -0.9607391,
        0.269519031
      ],
      [
        0.818313956,
        0.2065802,
        0.5363646
      ],
      [
        -0.570983768,
        0.185216337,
        0.7997953
      ]
    ],
    "translation": [
      1.99621677,
      0.9460851,
      -0.7150766
    ]
  },
  {
    "timeStamp": 53558,
    "rotation": [
      [
        -0.0425465368,
        -0.9485493,
        0.313757837
      ],
      [
        0.8131575,
        0.149586022,
        0.5624935
      ],
      [
        -0.5804866,
        0.279066682,
        0.7649556
      ]
    ],
    "translation": [
      2.043829,
      0.9482913,
      -0.7240604
    ]
  },
  {
    "timeStamp": 53613,
    "rotation": [
      [
        -0.124974653,
        -0.9286642,
        0.3492336
      ],
      [
        0.8181005,
        0.102691315,
        0.565832138
      ],
      [
        -0.561331332,
        0.356422842,
        0.7469069
      ]
    ],
    "translation": [
      2.08771873,
      0.943803251,
      -0.7355875
    ]
  },
  {
    "timeStamp": 53665,
    "rotation": [
      [
        -0.208985925,
        -0.893010139,
        0.398569643
      ],
      [
        0.8338572,
        0.05019712,
        0.549693048
      ],
      [
        -0.5108885,
        0.447228253,
        0.734152436
      ]
    ],
    "translation": [
      2.13942122,
      0.926617861,
      -0.7525264
    ]
  },
  {
    "timeStamp": 53710,
    "rotation": [
      [
        -0.23332426,
        -0.884605944,
        0.403772354
      ],
      [
        0.850803137,
        0.0153431678,
        0.5252605
      ],
      [
        -0.470843732,
        0.4660868,
        0.749045551
      ]
    ],
    "translation": [
      2.16499853,
      0.909414351,
      -0.7620115
    ]
  },
  {
    "timeStamp": 53764,
    "rotation": [
      [
        -0.262690783,
        -0.882816255,
        0.3893957
      ],
      [
        0.8646303,
        -0.0362528041,
        0.50109905
      ],
      [
        -0.4282617,
        0.468317419,
        0.77283293
      ]
    ],
    "translation": [
      2.187851,
      0.888710439,
      -0.771387756
    ]
  },
  {
    "timeStamp": 53808,
    "rotation": [
      [
        -0.2440753,
        -0.8861116,
        0.3939968
      ],
      [
        0.885412455,
        -0.03790157,
        0.4632583
      ],
      [
        -0.39556548,
        0.4619196,
        0.79382515
      ]
    ],
    "translation": [
      2.198281,
      0.872330546,
      -0.7772094
    ]
  },
  {
    "timeStamp": 53864,
    "rotation": [
      [
        -0.2356311,
        -0.891207933,
        0.387590468
      ],
      [
        0.89616245,
        -0.04495549,
        0.441442877
      ],
      [
        -0.375993073,
        0.451361716,
        0.80926
      ]
    ],
    "translation": [
      2.20649981,
      0.857422352,
      -0.78330946
    ]
  },
  {
    "timeStamp": 53908,
    "rotation": [
      [
        -0.217309579,
        -0.899290442,
        0.379543483
      ],
      [
        0.904690444,
        -0.0395700149,
        0.424228
      ],
      [
        -0.366485655,
        0.43555817,
        0.8221784
      ]
    ],
    "translation": [
      2.20918441,
      0.84819293,
      -0.7864105
    ]
  },
  {
    "timeStamp": 53964,
    "rotation": [
      [
        -0.1977607,
        -0.89920485,
        0.3902837
      ],
      [
        0.912080646,
        -0.0229126438,
        0.409370244
      ],
      [
        -0.359165281,
        0.436927527,
        0.82467854
      ]
    ],
    "translation": [
      2.212657,
      0.838093638,
      -0.7883151
    ]
  },
  {
    "timeStamp": 54008,
    "rotation": [
      [
        -0.198469773,
        -0.903100431,
        0.380814046
      ],
      [
        0.9134691,
        -0.02962109,
        0.405828476
      ],
      [
        -0.355223745,
        0.428406566,
        0.830833256
      ]
    ],
    "translation": [
      2.215996,
      0.8308049,
      -0.788171768
    ]
  },
  {
    "timeStamp": 54064,
    "rotation": [
      [
        -0.189763427,
        -0.903129,
        0.385159373
      ],
      [
        0.9235351,
        -0.0310293622,
        0.3822565
      ],
      [
        -0.333275676,
        0.428246528,
        0.8399596
      ]
    ],
    "translation": [
      2.219623,
      0.821214437,
      -0.7889116
    ]
  },
  {
    "timeStamp": 54109,
    "rotation": [
      [
        -0.183424845,
        -0.9059505,
        0.381587476
      ],
      [
        0.9304877,
        -0.03479464,
        0.364666969
      ],
      [
        -0.317093,
        0.4219514,
        0.849358
      ]
    ],
    "translation": [
      2.22152758,
      0.815014839,
      -0.789660633
    ]
  },
  {
    "timeStamp": 54166,
    "rotation": [
      [
        -0.173979849,
        -0.906738341,
        0.384131044
      ],
      [
        0.932691,
        -0.0265776571,
        0.3596961
      ],
      [
        -0.315940917,
        0.420855433,
        0.8503306
      ]
    ],
    "translation": [
      2.222266,
      0.8125428,
      -0.7883103
    ]
  }
]