[
  {
    "timeStamp": 33290,
    "rotation": [
      [
        0.992689,
        -0.08980697,
        0.08064316
      ],
      [
        -0.0838781446,
        -0.0328436531,
        0.9959346
      ],
      [
        -0.0867932439,
        -0.995417535,
        -0.0401363745
      ]
    ],
    "translation": [
      1.78352249,
      0.6987324,
      -0.7474209
    ]
  },
  {
    "timeStamp": 33345,
    "rotation": [
      [
        0.9871376,
        -0.106393419,
        0.119330786
      ],
      [
        -0.119550869,
        0.00432986859,
        0.992818654
      ],
      [
        -0.106146052,
        -0.9943147,
        -0.00844525
      ]
    ],
    "translation": [
      1.78353059,
      0.723070443,
      -0.741299033
    ]
  },
  {
    "timeStamp": 33391,
    "rotation": [
      [
        0.9697279,
        -0.145831123,
        0.195859775
      ],
      [
        -0.199205831,
        -0.008561279,
        0.979920268
      ],
      [
        -0.141226053,
        -0.9892724,
        -0.03735252
      ]
    ],
    "translation": [
      1.783209,
      0.75729394,
      -0.730153263
    ]
  },
  {
    "timeStamp": 33445,
    "rotation": [
      [
        0.932051,
        -0.217486441,
        0.289794028
      ],
      [
        -0.301344275,
        -0.021213,
        0.953279436
      ],
      [
        -0.201177955,
        -0.9758328,
        -0.08530989
      ]
    ],
    "translation": [
      1.79537272,
      0.806998134,
      -0.714612067
    ]
  },
  {
    "timeStamp": 33489,
    "rotation": [
      [
        0.8882145,
        -0.296393,
        0.351035863
      ],
      [
        -0.380264372,
        -0.0454938449,
        0.923758268
      ],
      [
        -0.2578255,
        -0.953981936,
        -0.153115988
      ]
    ],
    "translation": [
      1.81628835,
      0.852483869,
      -0.698358953
    ]
  },
  {
    "timeStamp": 33545,
    "rotation": [
      [
        0.83570087,
        -0.4043977,
        0.3715731
      ],
      [
        -0.4481261,
        -0.111017995,
        0.887050152
      ],
      [
        -0.317469746,
        -0.9078202,
        -0.273999
      ]
    ],
    "translation": [
      1.86052835,
      0.9084925,
      -0.679294944
    ]
  },
  {
    "timeStamp": 33589,
    "rotation": [
      [
        0.796518743,
        -0.496465623,
        0.345079422
      ],
      [
        -0.4798958,
        -0.171958089,
        0.860308349
      ],
      [
        -0.367774338,
        -0.85085386,
        -0.3752196
      ]
    ],
    "translation": [
      1.90655279,
      0.9489713,
      -0.6674284
    ]
  },
  {
    "timeStamp": 33645,
    "rotation": [
      [
        0.7566901,
        -0.5927584,
        0.2757856
      ],
      [
        -0.482969046,
        -0.222513661,
        0.8468935
      ],
      [
        -0.440637171,
        -0.7740318,
        -0.4546578
      ]
    ],
    "translation": [
      1.971361,
      0.9837973,
      -0.6616921
    ]
  },
  {
    "timeStamp": 33689,
    "rotation": [
      [
        0.739540935,
        -0.6464415,
        0.187596843
      ],
      [
        -0.451619953,
        -0.269871116,
        0.850416958
      ],
      [
        -0.499117851,
        -0.71364063,
        -0.4915266
      ]
    ],
    "translation": [
      2.024273,
      1.00003469,
      -0.6629855
    ]
  },
  {
    "timeStamp": 33745,
    "rotation": [
      [
        0.7339737,
        -0.6737956,
        0.08533506
      ],
      [
        -0.361161321,
        -0.280799061,
        0.8892212
      ],
      [
        -0.5751913,
        -0.6834847,
        -0.449448049
      ]
    ],
    "translation": [
      2.079519,
      0.996121645,
      -0.6746684
    ]
  },
  {
    "timeStamp": 33789,
    "rotation": [
      [
        0.7398745,
        -0.6727449,
        0.000307516748
      ],
      [
        -0.25688377,
        -0.28209427,
        0.924355745
      ],
      [
        -0.6217689,
        -0.683986247,
        -0.3815316
      ]
    ],
    "translation": [
      2.11491418,
      0.9772422,
      -0.6880006
    ]
  },
  {
    "timeStamp": 33845,
    "rotation": [
      [
        0.7318133,
        -0.678954959,
        -0.05890153
      ],
      [
        -0.153494224,
        -0.248416185,
        0.95641464
      ],
      [
        -0.663994551,
        -0.690875947,
        -0.286009938
      ]
    ],
    "translation": [
      2.14898229,
      0.942646146,
      -0.706671059
    ]
  },
  {
    "timeStamp": 33892,
    "rotation": [
      [
        0.7301285,
        -0.6730187,
        -0.118144922
      ],
      [
        -0.04956934,
        -0.2246134,
        0.9731864
      ],
      [
        -0.681509554,
        -0.704694748,
        -0.197357729
      ]
    ],
    "translation": [
      2.16957855,
      0.9072103,
      -0.7211164
    ]
  },
  {
    "timeStamp": 33940,
    "rotation": [
      [
        0.7399947,
        -0.649113,
        -0.176238671
      ],
      [
        0.0332145877,
        -0.226436064,
        0.973459542
      ],
      [
        -0.67179203,
        -0.7262086,
        -0.146001473
      ]
    ],
    "translation": [
      2.18749261,
      0.871771336,
      -0.7311511
    ]
  },
  {
    "timeStamp": 33995,
    "rotation": [
      [
        0.729035258,
        -0.660982251,
        -0.177792251
      ],
      [
        0.0698374659,
        -0.1865631,
        0.97995764
      ],
      [
        -0.680904031,
        -0.7268402,
        -0.0898497552
      ]
    ],
    "translation": [
      2.19607735,
      0.836531758,
      -0.738124
    ]
  },
  {
    "timeStamp": 34040,
    "rotation": [
      [
        0.744796038,
        -0.614071667,
        -0.261141449
      ],
      [
        0.159858063,
        -0.215754792,
        0.9632732
      ],
      [
        -0.647861242,
        -0.7591876,
        -0.06252901
      ]
    ],
    "translation": [
      2.20450354,
      0.8114266,
      -0.742077231
    ]
  },
  {
    "timeStamp": 34095,
    "rotation": [
      [
        0.741162,
        -0.614150465,
        -0.27110517
      ],
      [
        0.18178156,
        -0.205149353,
        0.9617012
      ],
      [
        -0.6462463,
        -0.7620583,
        -0.0404076762
      ]
    ],
    "translation": [
      2.2097497,
      0.785473049,
      -0.741226554
    ]
  },
  {
    "timeStamp": 34140,
    "rotation": [
      [
        0.7578113,
        -0.5789534,
        -0.300890148
      ],
      [
        0.217844859,
        -0.210185677,
        0.953082144
      ],
      [
        -0.615033,
        -0.7878038,
        -0.03315905
      ]
    ],
    "translation": [
      2.21373343,
      0.7671587,
      -0.7427081
    ]
  },
  {
    "timeStamp": 34195,
    "rotation": [
      [
        0.7550382,
        -0.5755022,
        -0.314188659
      ],
      [
        0.2138918,
        -0.236781523,
        0.94772613
      ],
      [
        -0.619812548,
        -0.782771766,
        -0.05568389
      ]
    ],
    "translation": [
      2.21851158,
      0.756609142,
      -0.7369445
    ]
  },
  {
    "timeStamp": 34239,
    "rotation": [
      [
        0.754665136,
        -0.5621834,
        -0.338275582
      ],
      [
        0.228204057,
        -0.258480132,
        0.9386751
      ],
      [
        -0.615145,
        -0.785581231,
        -0.06677342
      ]
    ],
    "translation": [
      2.22439,
      0.7497496,
      -0.734067142
    ]
  },
  {
    "timeStamp": 34295,
    "rotation": [
      [
        0.7549772,
        -0.56210357,
        -0.3377114
      ],
      [
        0.2306339,
        -0.254483551,
        0.9391731
      ],
      [
        -0.6138545,
        -0.786942,
        -0.06248914
      ]
    ],
    "translation": [
      2.2288146,
      0.7426172,
      -0.7342742
    ]
  },
  {
    "timeStamp": 34340,
    "rotation": [
      [
        0.751631439,
        -0.5525372,
        -0.360212
      ],
      [
        0.242536426,
        -0.276330918,
        0.929955542
      ],
      [
        -0.613372743,
        -0.786348343,
        -0.07368862
      ]
    ],
    "translation": [
      2.23457074,
      0.741363943,
      -0.73281765
    ]
  },
  {
    "timeStamp": 34397,
    "rotation": [
      [
        0.746657848,
        -0.570156455,
        -0.342671543
      ],
      [
        0.233970284,
        -0.257126421,
        0.9376268
      ],
      [
        -0.62270385,
        -0.7802613,
        -0.05858579
      ]
    ],
    "translation": [
      2.23880315,
      0.738516569,
      -0.7337755
    ]
  },
  {
    "timeStamp": 34443,
    "rotation": [
      [
        0.7443874,
        -0.5690002,
        -0.34946543
      ],
      [
        0.242138937,
        -0.257716328,
        0.935388148
      ],
      [
        -0.622299,
        -0.7809104,
        -0.05406369
      ]
    ],
    "translation": [
      2.24298239,
      0.737647057,
      -0.734119952
    ]
  },
  {
    "timeStamp": 34489,
    "rotation": [
      [
        0.742841542,
        -0.5724557,
        -0.347103447
      ],
      [
        0.240400717,
        -0.255801,
        0.93636173
      ],
      [
        -0.624815047,
        -0.7790123,
        -0.0524008423
      ]
    ],
    "translation": [
      2.24551535,
      0.737362146,
      -0.733297169
    ]
  },
  {
    "timeStamp": 34544,
    "rotation": [
      [
        0.7414819,
        -0.5748857,
        -0.345992923
      ],
      [
        0.248290047,
        -0.243965477,
        0.9374609
      ],
      [
        -0.62334317,
        -0.7810168,
        -0.0381575748
      ]
    ],
    "translation": [
      2.24855256,
      0.7344077,
      -0.733322
    ]
  },
  {
    "timeStamp": 34589,
    "rotation": [
      [
        0.739664137,
        -0.5668994,
        -0.362659752
      ],
      [
        0.268945515,
        -0.244982392,
        0.9314784
      ],
      [
        -0.6168998,
        -0.786516845,
        -0.0287396237
      ]
    ],
    "translation": [
      2.25185156,
      0.7323564,
      -0.733380854
    ]
  }
]