[
  {
    "timeStamp": 36910,
    "rotation": [
      [
        0.9994725,
        0.0323935524,
        -0.002295528
      ],
      [
        0.0030021423,
        -0.0217816681,
        0.999758244
      ],
      [
        0.03233572,
        -0.9992378,
        -0.02186743
      ]
    ],
    "translation": [
      1.309564,
      0.697964966,
      -0.75262785
    ]
  },
  {
    "timeStamp": 36967,
    "rotation": [
      [
        0.9993852,
        0.0347688161,
        0.00452673575
      ],
      [
        -0.00348058436,
        -0.0300905947,
        0.9995411
      ],
      [
        0.0348890759,
        -0.9989423,
        -0.029951077
      ]
    ],
    "translation": [
      1.30961084,
      0.7012739,
      -0.752607346
    ]
  },
  {
    "timeStamp": 37010,
    "rotation": [
      [
        0.9913536,
        0.0240034983,
        0.129003778
      ],
      [
        -0.129227489,
        0.008008382,
        0.991582632
      ],
      [
        0.022768341,
        -0.9996798,
        0.01104105
      ]
    ],
    "translation": [
      1.29856014,
      0.7197251,
      -0.761042833
    ]
  },
  {
    "timeStamp": 37066,
    "rotation": [
      [
        0.971362233,
        0.0145841045,
        0.237155378
      ],
      [
        -0.237593323,
        0.0504353,
        0.9700545
      ],
      [
        0.00218638475,
        -0.9986208,
        0.0524560362
      ]
    ],
    "translation": [
      1.29283285,
      0.7649429,
      -0.770470738
    ]
  },
  {
    "timeStamp": 37110,
    "rotation": [
      [
        0.956181,
        0.0208396167,
        0.2920336
      ],
      [
        -0.2926803,
        0.0935735255,
        0.9516209
      ],
      [
        -0.00749518769,
        -0.99539423,
        0.0955725759
      ]
    ],
    "translation": [
      1.30010331,
      0.800783932,
      -0.780523539
    ]
  },
  {
    "timeStamp": 37165,
    "rotation": [
      [
        0.945092857,
        0.0610860959,
        0.32104218
      ],
      [
        -0.3265786,
        0.140212715,
        0.9347122
      ],
      [
        0.0120837307,
        -0.9882353,
        0.152463436
      ]
    ],
    "translation": [
      1.32304859,
      0.837123632,
      -0.797102
    ]
  },
  {
    "timeStamp": 37210,
    "rotation": [
      [
        0.9410008,
        0.0848272,
        0.327600121
      ],
      [
        -0.337228715,
        0.154436558,
        0.928669035
      ],
      [
        0.0281829722,
        -0.984354436,
        0.173931092
      ]
    ],
    "translation": [
      1.349619,
      0.859398246,
      -0.8062946
    ]
  },
  {
    "timeStamp": 37265,
    "rotation": [
      [
        0.9473812,
        0.09200401,
        0.306601
      ],
      [
        -0.31863454,
        0.179255813,
        0.930773556
      ],
      [
        0.0306748971,
        -0.979491055,
        0.199139237
      ]
    ],
    "translation": [
      1.38902533,
      0.8770172,
      -0.8124783
    ]
  },
  {
    "timeStamp": 37310,
    "rotation": [
      [
        0.9485653,
        0.06794643,
        0.309204
      ],
      [
        -0.316511035,
        0.182941,
        0.930781066
      ],
      [
        0.006677183,
        -0.9807731,
        0.19503729
      ]
    ],
    "translation": [
      1.41990411,
      0.8880209,
      -0.810531139
    ]
  },
  {
    "timeStamp": 37365,
    "rotation": [
      [
        0.948575139,
        -0.0116544571,
        0.316337347
      ],
      [
        -0.30729568,
        0.205990687,
        0.929051757
      ],
      [
        -0.0759901553,
        -0.9784845,
        0.19181627
      ]
    ],
    "translation": [
      1.4581219,
      0.899940252,
      -0.8017638
    ]
  },
  {
    "timeStamp": 37410,
    "rotation": [
      [
        0.9406869,
        -0.08586659,
        0.328230262
      ],
      [
        -0.304768682,
        0.2112328,
        0.928707
      ],
      [
        -0.149077922,
        -0.973656833,
        0.172534481
      ]
    ],
    "translation": [
      1.48957837,
      0.9081805,
      -0.790252745
    ]
  },
  {
    "timeStamp": 37459,
    "rotation": [
      [
        0.924651146,
        -0.1690868,
        0.3412181
      ],
      [
        -0.306756824,
        0.20023039,
        0.93048805
      ],
      [
        -0.2256555,
        -0.9650479,
        0.133274734
      ]
    ],
    "translation": [
      1.52020907,
      0.91496104,
      -0.77514267
    ]
  },
  {
    "timeStamp": 37508,
    "rotation": [
      [
        0.8872042,
        -0.295380324,
        0.354428172
      ],
      [
        -0.3142903,
        0.175471708,
        0.9329691
      ],
      [
        -0.337772816,
        -0.9391274,
        0.06284406
      ]
    ],
    "translation": [
      1.56108,
      0.9244056,
      -0.7521
    ]
  },
  {
    "timeStamp": 37563,
    "rotation": [
      [
        0.820005238,
        -0.431762338,
        0.3757295
      ],
      [
        -0.334017158,
        0.172089562,
        0.9267242
      ],
      [
        -0.464783728,
        -0.8854188,
        -0.003101691
      ]
    ],
    "translation": [
      1.60313451,
      0.938541651,
      -0.7278178
    ]
  },
  {
    "timeStamp": 37608,
    "rotation": [
      [
        0.74818027,
        -0.5393637,
        0.3864106
      ],
      [
        -0.3650709,
        0.151653826,
        0.9185447
      ],
      [
        -0.5540303,
        -0.8283043,
        -0.0834415853
      ]
    ],
    "translation": [
      1.63962555,
      0.9519252,
      -0.7078044
    ]
  },
  {
    "timeStamp": 37664,
    "rotation": [
      [
        0.645116,
        -0.661989033,
        0.381570429
      ],
      [
        -0.40797317,
        0.123813555,
        0.9045596
      ],
      [
        -0.6460521,
        -0.7392163,
        -0.190199673
      ]
    ],
    "translation": [
      1.689973,
      0.9700433,
      -0.685626447
    ]
  },
  {
    "timeStamp": 37708,
    "rotation": [
      [
        0.5467065,
        -0.7561524,
        0.35964635
      ],
      [
        -0.450081438,
        0.09681157,
        0.887724161
      ],
      [
        -0.7060727,
        -0.647194743,
        -0.28740263
      ]
    ],
    "translation": [
      1.734283,
      0.985187769,
      -0.668477833
    ]
  },
  {
    "timeStamp": 37763,
    "rotation": [
      [
        0.424490929,
        -0.8593591,
        0.285147965
      ],
      [
        -0.4933312,
        0.04456024,
        0.868699431
      ],
      [
        -0.759231031,
        -0.5094274,
        -0.405033261
      ]
    ],
    "translation": [
      1.79686987,
      1.00084686,
      -0.655398
    ]
  },
  {
    "timeStamp": 37808,
    "rotation": [
      [
        0.328126043,
        -0.919388533,
        0.216928437
      ],
      [
        -0.5204816,
        0.01567837,
        0.85372895
      ],
      [
        -0.7883097,
        -0.393037945,
        -0.473380357
      ]
    ],
    "translation": [
      1.84967792,
      1.01202965,
      -0.648108542
    ]
  },
  {
    "timeStamp": 37864,
    "rotation": [
      [
        0.194230676,
        -0.9718328,
        0.133474469
      ],
      [
        -0.5469207,
        0.005671134,
        0.8371652
      ],
      [
        -0.814341545,
        -0.235603124,
        -0.530414
      ]
    ],
    "translation": [
      1.9173187,
      1.02372086,
      -0.6496074
    ]
  },
  {
    "timeStamp": 37909,
    "rotation": [
      [
        0.105920449,
        -0.992790043,
        0.0561147481
      ],
      [
        -0.556706131,
        -0.01244648,
        0.830616236
      ],
      [
        -0.8239291,
        -0.119218677,
        -0.5540106
      ]
    ],
    "translation": [
      1.97010672,
      1.0287503,
      -0.655519843
    ]
  },
  {
    "timeStamp": 37965,
    "rotation": [
      [
        0.0266048051,
        -0.9982562,
        -0.05269404
      ],
      [
        -0.562394142,
        -0.058526244,
        0.8247954
      ],
      [
        -0.8264411,
        0.00769129861,
        -0.5629705
      ]
    ],
    "translation": [
      2.03340721,
      1.02780473,
      -0.6680033
    ]
  },
  {
    "timeStamp": 38010,
    "rotation": [
      [
        -0.0218245834,
        -0.9942211,
        -0.105109967
      ],
      [
        -0.5434931,
        -0.0764443651,
        0.8359255
      ],
      [
        -0.839129865,
        0.07537028,
        -0.5386839
      ]
    ],
    "translation": [
      2.07594156,
      1.01754546,
      -0.6815478
    ]
  },
  {
    "timeStamp": 38065,
    "rotation": [
      [
        -0.05079823,
        -0.9888548,
        -0.139948815
      ],
      [
        -0.493893355,
        -0.09692162,
        0.8641039
      ],
      [
        -0.868037343,
        0.113014735,
        -0.4834654
      ]
    ],
    "translation": [
      2.10993886,
      0.995107055,
      -0.697347343
    ]
  },
  {
    "timeStamp": 38107,
    "rotation": [
      [
        -0.0743056,
        -0.983975053,
        -0.162085727
      ],
      [
        -0.438671082,
        -0.113713659,
        0.89142406
      ],
      [
        -0.8955704,
        0.137340143,
        -0.423191845
      ]
    ],
    "translation": [
      2.1406467,
      0.961129248,
      -0.713205457
    ]
  },
  {
    "timeStamp": 38160,
    "rotation": [
      [
        -0.0627552643,
        -0.982110143,
        -0.177542642
      ],
      [
        -0.379963517,
        -0.140985921,
        0.914194
      ],
      [
        -0.9228702,
        0.124830231,
        -0.36431843
      ]
    ],
    "translation": [
      2.1587,
      0.921125233,
      -0.7270287
    ]
  },
  {
    "timeStamp": 38215,
    "rotation": [
      [
        -0.0488703065,
        -0.9855614,
        -0.162112728
      ],
      [
        -0.329686,
        -0.1372926,
        0.934054554
      ],
      [
        -0.94282496,
        0.09909382,
        -0.318216234
      ]
    ],
    "translation": [
      2.165018,
      0.879874945,
      -0.7353673
    ]
  },
  {
    "timeStamp": 38260,
    "rotation": [
      [
        -0.035094317,
        -0.9887437,
        -0.145445049
      ],
      [
        -0.285788685,
        -0.129528284,
        0.9494984
      ],
      [
        -0.9576498,
        0.07488855,
        -0.278026044
      ]
    ],
    "translation": [
      2.16586661,
      0.8518008,
      -0.7411624
    ]
  },
  {
    "timeStamp": 38316,
    "rotation": [
      [
        0.00478224,
        -0.990005136,
        -0.140950575
      ],
      [
        -0.2570398,
        -0.137433156,
        0.9565786
      ],
      [
        -0.966389,
        0.03165533,
        -0.255127937
      ]
    ],
    "translation": [
      2.16342616,
      0.8234155,
      -0.7440862
    ]
  },
  {
    "timeStamp": 38360,
    "rotation": [
      [
        0.0272094365,
        -0.991144657,
        -0.129969031
      ],
      [
        -0.252874136,
        -0.132613,
        0.9583676
      ],
      [
        -0.967116535,
        0.00678917766,
        -0.254243165
      ]
    ],
    "translation": [
      2.16064835,
      0.807572246,
      -0.7427808
    ]
  },
  {
    "timeStamp": 38415,
    "rotation": [
      [
        0.0532960221,
        -0.989796162,
        -0.132148132
      ],
      [
        -0.2550263,
        -0.141439244,
        0.9565336
      ],
      [
        -0.965464234,
        -0.0172781963,
        -0.259962231
      ]
    ],
    "translation": [
      2.15935969,
      0.7905001,
      -0.739251
    ]
  },
  {
    "timeStamp": 38460,
    "rotation": [
      [
        0.06959953,
        -0.989226,
        -0.1287936
      ],
      [
        -0.26966387,
        -0.142956764,
        0.952284
      ],
      [
        -0.960436,
        -0.0315475464,
        -0.276708275
      ]
    ],
    "translation": [
      2.15884829,
      0.7803504,
      -0.734693348
    ]
  },
  {
    "timeStamp": 38516,
    "rotation": [
      [
        0.08935663,
        -0.986958265,
        -0.1338984
      ],
      [
        -0.256354034,
        -0.1526971,
        0.9544455
      ],
      [
        -0.962443769,
        -0.0509606227,
        -0.266655236
      ]
    ],
    "translation": [
      2.15968561,
      0.7666385,
      -0.7335566
    ]
  },
  {
    "timeStamp": 38561,
    "rotation": [
      [
        0.110368147,
        -0.982676446,
        -0.1488822
      ],
      [
        -0.256173939,
        -0.172862247,
        0.9510487
      ],
      [
        -0.960309267,
        -0.0668257549,
        -0.2708146
      ]
    ],
    "translation": [
      2.16149163,
      0.760005832,
      -0.7299419
    ]
  },
  {
    "timeStamp": 38618,
    "rotation": [
      [
        0.11567919,
        -0.982946,
        -0.14295274
      ],
      [
        -0.237904713,
        -0.1671481,
        0.956798255
      ],
      [
        -0.964375257,
        -0.07667253,
        -0.253183037
      ]
    ],
    "translation": [
      2.16239214,
      0.750733733,
      -0.730082631
    ]
  },
  {
    "timeStamp": 38664,
    "rotation": [
      [
        0.1275562,
        -0.980744958,
        -0.147880644
      ],
      [
        -0.2206464,
        -0.173421741,
        0.9598125
      ],
      [
        -0.966977,
        -0.08980071,
        -0.238518864
      ]
    ],
    "translation": [
      2.163679,
      0.744121432,
      -0.7291776
    ]
  },
  {
    "timeStamp": 38709,
    "rotation": [
      [
        0.137543917,
        -0.9783204,
        -0.15482527
      ],
      [
        -0.221165642,
        -0.182698816,
        0.9579702
      ],
      [
        -0.9654882,
        -0.0975209549,
        -0.241499975
      ]
    ],
    "translation": [
      2.16527128,
      0.7418458,
      -0.7271179
    ]
  },
  {
    "timeStamp": 38765,
    "rotation": [
      [
        0.138585225,
        -0.978100538,
        -0.1552851
      ],
      [
        -0.212661326,
        -0.182531238,
        0.9599258
      ],
      [
        -0.967248261,
        -0.100008391,
        -0.233300284
      ]
    ],
    "translation": [
      2.16698384,
      0.7399923,
      -0.725799739
    ]
  },
  {
    "timeStamp": 38809,
    "rotation": [
      [
        0.147258788,
        -0.9744168,
        -0.169784814
      ],
      [
        -0.209044531,
        -0.198439613,
        0.9575605
      ],
      [
        -0.966755033,
        -0.10551659,
        -0.232918471
      ]
    ],
    "translation": [
      2.16958284,
      0.739237666,
      -0.724491835
    ]
  },
  {
    "timeStamp": 38865,
    "rotation": [
      [
        0.148666039,
        -0.971818268,
        -0.182941526
      ],
      [
        -0.202910513,
        -0.21103929,
        0.956185
      ],
      [
        -0.9678459,
        -0.105031468,
        -0.228566527
      ]
    ],
    "translation": [
      2.173785,
      0.738941,
      -0.722950757
    ]
  },
  {
    "timeStamp": 38909,
    "rotation": [
      [
        0.1327618,
        -0.9719892,
        -0.193936259
      ],
      [
        -0.193466261,
        -0.217317969,
        0.956735969
      ],
      [
        -0.972082853,
        -0.08949788,
        -0.216898635
      ]
    ],
    "translation": [
      2.17821431,
      0.7390652,
      -0.722517431
    ]
  }
]