[
  {
    "timeStamp": 28682,
    "rotation": [
      [
        0.08509264,
        0.9963592,
        0.005256537
      ],
      [
        0.0120617626,
        -0.00630537374,
        0.9999074
      ],
      [
        0.996300042,
        -0.0850213543,
        -0.0125543885
      ]
    ],
    "translation": [
      1.61749947,
      0.701311469,
      -0.758645535
    ]
  },
  {
    "timeStamp": 28737,
    "rotation": [
      [
        0.0850069448,
        0.9963684,
        0.0048777936
      ],
      [
        0.008843895,
        -0.00564983534,
        0.9999449
      ],
      [
        0.9963411,
        -0.08495912,
        -0.009292053
      ]
    ],
    "translation": [
      1.61752331,
      0.7013298,
      -0.7586838
    ]
  },
  {
    "timeStamp": 28782,
    "rotation": [
      [
        0.08514534,
        0.996356,
        0.00500429654
      ],
      [
        0.010473907,
        -0.005917302,
        0.99992764
      ],
      [
        0.9963135,
        -0.08508677,
        -0.0109395711
      ]
    ],
    "translation": [
      1.61753511,
      0.701299131,
      -0.7586927
    ]
  },
  {
    "timeStamp": 28837,
    "rotation": [
      [
        0.08511621,
        0.9963282,
        0.009240947
      ],
      [
        0.00306976237,
        -0.009536787,
        0.9999498
      ],
      [
        0.9963663,
        -0.08508357,
        -0.003870226
      ]
    ],
    "translation": [
      1.61749864,
      0.7014035,
      -0.7586769
    ]
  },
  {
    "timeStamp": 28882,
    "rotation": [
      [
        0.08515646,
        0.9963368,
        0.00783391
      ],
      [
        0.00426057,
        -0.008226524,
        0.9999571
      ],
      [
        0.9963585,
        -0.08511943,
        -0.00494550448
      ]
    ],
    "translation": [
      1.61749,
      0.7014073,
      -0.7586714
    ]
  },
  {
    "timeStamp": 28937,
    "rotation": [
      [
        0.08505137,
        0.996343136,
        0.008155156
      ],
      [
        0.0102936281,
        -0.009063018,
        0.999905944
      ],
      [
        0.996323347,
        -0.084959425,
        -0.0110268081
      ]
    ],
    "translation": [
      1.61756277,
      0.7011411,
      -0.7587395
    ]
  },
  {
    "timeStamp": 28981,
    "rotation": [
      [
        0.08510741,
        0.9963409,
        0.007848423
      ],
      [
        0.00766841136,
        -0.008531763,
        0.9999342
      ],
      [
        0.9963423,
        -0.08504162,
        -0.008366467
      ]
    ],
    "translation": [
      1.61754441,
      0.701117039,
      -0.7587217
    ]
  },
  {
    "timeStamp": 29037,
    "rotation": [
      [
        0.0849182755,
        0.9963542,
        0.008200734
      ],
      [
        0.01359121,
        -0.009387985,
        0.999863565
      ],
      [
        0.9962953,
        -0.08479523,
        -0.0143388705
      ]
    ],
    "translation": [
      1.61759365,
      0.7011651,
      -0.7587769
    ]
  },
  {
    "timeStamp": 29082,
    "rotation": [
      [
        0.08491622,
        0.9963552,
        0.008093681
      ],
      [
        0.0132550094,
        -0.009251909,
        0.999869347
      ],
      [
        0.9962999,
        -0.0847978443,
        -0.0139923347
      ]
    ],
    "translation": [
      1.61758077,
      0.701166749,
      -0.7587586
    ]
  },
  {
    "timeStamp": 29137,
    "rotation": [
      [
        0.08462104,
        0.996382654,
        0.0078110313
      ],
      [
        0.01618968,
        -0.00921299,
        0.9998265
      ],
      [
        0.9962817,
        -0.0844799057,
        -0.0169107281
      ]
    ],
    "translation": [
      1.6175983,
      0.7011967,
      -0.7587827
    ]
  },
  {
    "timeStamp": 29192,
    "rotation": [
      [
        0.0848927051,
        0.9963567,
        0.008151278
      ],
      [
        0.01275396,
        -0.009266743,
        0.9998757
      ],
      [
        0.996308446,
        -0.08477819,
        -0.013494174
      ]
    ],
    "translation": [
      1.617567,
      0.7011602,
      -0.758744538
    ]
  },
  {
    "timeStamp": 29237,
    "rotation": [
      [
        0.08497848,
        0.996344566,
        0.008731232
      ],
      [
        0.0180546753,
        -0.01030126,
        0.999783933
      ],
      [
        0.9962192,
        -0.08480248,
        -0.0188640617
      ]
    ],
    "translation": [
      1.61760342,
      0.7012732,
      -0.7587773
    ]
  },
  {
    "timeStamp": 29292,
    "rotation": [
      [
        0.06972263,
        0.9974271,
        0.01667376
      ],
      [
        -0.0171616245,
        -0.0155126583,
        0.9997324
      ],
      [
        0.9974188,
        -0.06999012,
        0.0160358865
      ]
    ],
    "translation": [
      1.61722827,
      0.703582,
      -0.766682863
    ]
  },
  {
    "timeStamp": 29337,
    "rotation": [
      [
        0.0620351657,
        0.997971356,
        0.0143121174
      ],
      [
        -0.0161235947,
        -0.0133358082,
        0.9997811
      ],
      [
        0.997943759,
        -0.0622523464,
        0.0152635965
      ]
    ],
    "translation": [
      1.6187135,
      0.70703125,
      -0.766579449
    ]
  },
  {
    "timeStamp": 29392,
    "rotation": [
      [
        0.06748949,
        0.9975291,
        0.0195168816
      ],
      [
        -0.0251223389,
        -0.0178562365,
        0.9995249
      ],
      [
        0.9974036,
        -0.0679477453,
        0.0238551535
      ]
    ],
    "translation": [
      1.61984515,
      0.7131531,
      -0.768229365
    ]
  },
  {
    "timeStamp": 29437,
    "rotation": [
      [
        0.06958643,
        0.997198,
        0.02745818
      ],
      [
        -0.009946868,
        -0.0268299468,
        0.9995905
      ],
      [
        0.9975264,
        -0.0698310658,
        0.008051996
      ]
    ],
    "translation": [
      1.62051332,
      0.719035268,
      -0.7653814
    ]
  },
  {
    "timeStamp": 29492,
    "rotation": [
      [
        0.0720228553,
        0.9969985,
        0.0284005571
      ],
      [
        -0.03156845,
        -0.0261815935,
        0.9991586
      ],
      [
        0.996903241,
        -0.07285882,
        0.0295880232
      ]
    ],
    "translation": [
      1.62345564,
      0.72577703,
      -0.7705756
    ]
  },
  {
    "timeStamp": 29536,
    "rotation": [
      [
        0.07147731,
        0.9972051,
        0.0217482336
      ],
      [
        -0.02703912,
        -0.01985881,
        0.9994371
      ],
      [
        0.9970756,
        -0.0720251352,
        0.0255440939
      ]
    ],
    "translation": [
      1.627652,
      0.731218934,
      -0.7721721
    ]
  },
  {
    "timeStamp": 29592,
    "rotation": [
      [
        0.08219121,
        0.9965333,
        0.0128829405
      ],
      [
        -0.0618192628,
        -0.007803961,
        0.9980568
      ],
      [
        0.9946974,
        -0.08282792,
        0.0609635375
      ]
    ],
    "translation": [
      1.63589311,
      0.7409965,
      -0.7843946
    ]
  },
  {
    "timeStamp": 29637,
    "rotation": [
      [
        0.09299808,
        0.9956284,
        0.008687368
      ],
      [
        -0.06367109,
        -0.002760486,
        0.9979671
      ],
      [
        0.9936284,
        -0.09336216,
        0.0631360263
      ]
    ],
    "translation": [
      1.64322054,
      0.7523709,
      -0.7900787
    ]
  },
  {
    "timeStamp": 29692,
    "rotation": [
      [
        0.114719763,
        0.993219,
        0.0188512374
      ],
      [
        -0.102795988,
        -0.00700568035,
        0.9946778
      ],
      [
        0.988064945,
        -0.116047032,
        0.10129524
      ]
    ],
    "translation": [
      1.65163624,
      0.7731578,
      -0.808065832
    ]
  },
  {
    "timeStamp": 29737,
    "rotation": [
      [
        0.128204688,
        0.9912646,
        0.0309532955
      ],
      [
        -0.09929836,
        -0.0182238277,
        0.9948908
      ],
      [
        0.986764133,
        -0.130623281,
        0.09609456
      ]
    ],
    "translation": [
      1.65917182,
      0.7930752,
      -0.815902948
    ]
  },
  {
    "timeStamp": 29792,
    "rotation": [
      [
        0.14799948,
        0.987601,
        0.0523484275
      ],
      [
        -0.111778252,
        -0.0358882844,
        0.9930849
      ],
      [
        0.98265034,
        -0.152827471,
        0.105080865
      ]
    ],
    "translation": [
      1.66983318,
      0.8216368,
      -0.828684747
    ]
  },
  {
    "timeStamp": 29837,
    "rotation": [
      [
        0.176320329,
        0.981647849,
        0.07265388
      ],
      [
        -0.08891753,
        -0.0576244481,
        0.9943707
      ],
      [
        0.980308533,
        -0.181787983,
        0.07712535
      ]
    ],
    "translation": [
      1.67991269,
      0.8459362,
      -0.8320196
    ]
  },
  {
    "timeStamp": 29892,
    "rotation": [
      [
        0.198200181,
        0.973971069,
        0.109986633
      ],
      [
        -0.08730834,
        -0.09422343,
        0.991715252
      ],
      [
        0.9762653,
        -0.206160933,
        0.0663607
      ]
    ],
    "translation": [
      1.69146407,
      0.8792279,
      -0.840295553
    ]
  },
  {
    "timeStamp": 29936,
    "rotation": [
      [
        0.243773133,
        0.9597472,
        0.13949874
      ],
      [
        -0.0590924136,
        -0.128871977,
        0.989899039
      ],
      [
        0.968030334,
        -0.249554113,
        0.0252982546
      ]
    ],
    "translation": [
      1.703537,
      0.9058551,
      -0.8398887
    ]
  },
  {
    "timeStamp": 29992,
    "rotation": [
      [
        0.288720131,
        0.9392324,
        0.185696349
      ],
      [
        -0.02762665,
        -0.185702533,
        0.98221755
      ],
      [
        0.957014859,
        -0.288716167,
        -0.0276682172
      ]
    ],
    "translation": [
      1.71679068,
      0.9374152,
      -0.837851465
    ]
  },
  {
    "timeStamp": 30036,
    "rotation": [
      [
        0.3334378,
        0.913794041,
        0.231947675
      ],
      [
        -0.0148138516,
        -0.240918621,
        0.9704323
      ],
      [
        0.942655742,
        -0.327014834,
        -0.06679457
      ]
    ],
    "translation": [
      1.72818637,
      0.962560952,
      -0.83813256
    ]
  },
  {
    "timeStamp": 30092,
    "rotation": [
      [
        0.386326253,
        0.879316747,
        0.278485537
      ],
      [
        0.0155017581,
        -0.3080736,
        0.951236248
      ],
      [
        0.922232,
        -0.363170534,
        -0.132647872
      ]
    ],
    "translation": [
      1.74394608,
      0.991518736,
      -0.832223237
    ]
  },
  {
    "timeStamp": 30136,
    "rotation": [
      [
        0.434625059,
        0.848336458,
        0.302367955
      ],
      [
        0.046071142,
        -0.3562396,
        0.9332582
      ],
      [
        0.899432361,
        -0.391686946,
        -0.193914488
      ]
    ],
    "translation": [
      1.76138687,
      1.01071286,
      -0.8278113
    ]
  },
  {
    "timeStamp": 30192,
    "rotation": [
      [
        0.494972646,
        0.806507647,
        0.323338032
      ],
      [
        0.06878912,
        -0.4073233,
        0.9106897
      ],
      [
        0.8661814,
        -0.428524375,
        -0.257092834
      ]
    ],
    "translation": [
      1.785771,
      1.03208816,
      -0.818610251
    ]
  },
  {
    "timeStamp": 30236,
    "rotation": [
      [
        0.527410567,
        0.7876157,
        0.318589956
      ],
      [
        0.100430235,
        -0.430149168,
        0.8971541
      ],
      [
        0.843653858,
        -0.441172481,
        -0.305965662
      ]
    ],
    "translation": [
      1.80885446,
      1.04288447,
      -0.8150537
    ]
  },
  {
    "timeStamp": 30292,
    "rotation": [
      [
        0.561073542,
        0.761118,
        0.325416446
      ],
      [
        0.119183548,
        -0.463310063,
        0.8781452
      ],
      [
        0.819140851,
        -0.453919739,
        -0.350663751
      ]
    ],
    "translation": [
      1.8365854,
      1.05549145,
      -0.8091998
    ]
  },
  {
    "timeStamp": 30336,
    "rotation": [
      [
        0.5956868,
        0.738362134,
        0.316193938
      ],
      [
        0.1361929,
        -0.480808079,
        0.8661842
      ],
      [
        0.791586161,
        -0.472911119,
        -0.386970729
      ]
    ],
    "translation": [
      1.86077964,
      1.06138682,
      -0.8048942
    ]
  },
  {
    "timeStamp": 30392,
    "rotation": [
      [
        0.63077575,
        0.71178,
        0.3090163
      ],
      [
        0.145375788,
        -0.4995832,
        0.853980362
      ],
      [
        0.7622255,
        -0.4937466,
        -0.4186006
      ]
    ],
    "translation": [
      1.8916769,
      1.06653833,
      -0.7981243
    ]
  },
  {
    "timeStamp": 30436,
    "rotation": [
      [
        0.6535381,
        0.6951725,
        0.299371272
      ],
      [
        0.157025754,
        -0.511448264,
        0.8448453
      ],
      [
        0.7404262,
        -0.505129635,
        -0.4434109
      ]
    ],
    "translation": [
      1.91632318,
      1.06837225,
      -0.792781949
    ]
  },
  {
    "timeStamp": 30492,
    "rotation": [
      [
        0.682098269,
        0.6700871,
        0.292788684
      ],
      [
        0.161619008,
        -0.5286299,
        0.833324552
      ],
      [
        0.713176847,
        -0.521089,
        -0.468876362
      ]
    ],
    "translation": [
      1.94764042,
      1.06968009,
      -0.7836702
    ]
  },
  {
    "timeStamp": 30536,
    "rotation": [
      [
        0.710763335,
        0.6398533,
        0.292238265
      ],
      [
        0.160485074,
        -0.5519919,
        0.8182601
      ],
      [
        0.6848795,
        -0.5346894,
        -0.495022535
      ]
    ],
    "translation": [
      1.97154307,
      1.07167637,
      -0.774445951
    ]
  },
  {
    "timeStamp": 30592,
    "rotation": [
      [
        0.760584,
        0.588942,
        0.273238569
      ],
      [
        0.177302256,
        -0.5932803,
        0.7852276
      ],
      [
        0.6245606,
        -0.5487857,
        -0.555660248
      ]
    ],
    "translation": [
      2.0063858,
      1.07858038,
      -0.7527246
    ]
  },
  {
    "timeStamp": 30636,
    "rotation": [
      [
        0.7732121,
        0.5820257,
        0.2517719
      ],
      [
        0.188927144,
        -0.5904195,
        0.7846728
      ],
      [
        0.605350733,
        -0.559151947,
        -0.5664799
      ]
    ],
    "translation": [
      2.03118682,
      1.07546592,
      -0.744002938
    ]
  },
  {
    "timeStamp": 30692,
    "rotation": [
      [
        0.8032316,
        0.5439661,
        0.242734075
      ],
      [
        0.174974874,
        -0.6049896,
        0.7767698
      ],
      [
        0.5693881,
        -0.581453741,
        -0.581127167
      ]
    ],
    "translation": [
      2.05813932,
      1.072734,
      -0.7307309
    ]
  },
  {
    "timeStamp": 30736,
    "rotation": [
      [
        0.8106062,
        0.5405338,
        0.225257412
      ],
      [
        0.171050966,
        -0.5864491,
        0.791719
      ],
      [
        0.560052931,
        -0.6032418,
        -0.5678381
      ]
    ],
    "translation": [
      2.07736635,
      1.06441247,
      -0.7230562
    ]
  },
  {
    "timeStamp": 30791,
    "rotation": [
      [
        0.829737842,
        0.520034254,
        0.2027299
      ],
      [
        0.157900572,
        -0.5670786,
        0.808386862
      ],
      [
        0.535352647,
        -0.638738036,
        -0.552640259
      ]
    ],
    "translation": [
      2.10045815,
      1.05374157,
      -0.7104811
    ]
  },
  {
    "timeStamp": 30836,
    "rotation": [
      [
        0.841680348,
        0.5114368,
        0.17322433
      ],
      [
        0.15121147,
        -0.53120625,
        0.8336396
      ],
      [
        0.5183718,
        -0.6754646,
        -0.524440944
      ]
    ],
    "translation": [
      2.11688113,
      1.04078186,
      -0.7017596
    ]
  },
  {
    "timeStamp": 30892,
    "rotation": [
      [
        0.8578186,
        0.491471469,
        0.150342971
      ],
      [
        0.139805973,
        -0.5046303,
        0.8519404
      ],
      [
        0.494572043,
        -0.7097915,
        -0.501592
      ]
    ],
    "translation": [
      2.13281369,
      1.02713132,
      -0.690018535
    ]
  },
  {
    "timeStamp": 30936,
    "rotation": [
      [
        0.868569,
        0.4824955,
        0.113074705
      ],
      [
        0.148042753,
        -0.470378727,
        0.869958162
      ],
      [
        0.4729388,
        -0.738878846,
        -0.47998637
      ]
    ],
    "translation": [
      2.145319,
      1.01480734,
      -0.680182457
    ]
  },
  {
    "timeStamp": 31001,
    "rotation": [
      [
        0.885244966,
        0.45950225,
        0.0721040443
      ],
      [
        0.148211569,
        -0.425612241,
        0.8926856
      ],
      [
        0.4408794,
        -0.7795588,
        -0.444874644
      ]
    ],
    "translation": [
      2.16098523,
      0.9956393,
      -0.6685058
    ]
  },
  {
    "timeStamp": 31034,
    "rotation": [
      [
        0.897082448,
        0.4414174,
        0.0198421571
      ],
      [
        0.166374,
        -0.379037082,
        0.91030246
      ],
      [
        0.409344256,
        -0.813315153,
        -0.413467884
      ]
    ],
    "translation": [
      2.17584515,
      0.9780985,
      -0.6573818
    ]
  },
  {
    "timeStamp": 31086,
    "rotation": [
      [
        0.911491156,
        0.4112159,
        -0.009243899
      ],
      [
        0.152198642,
        -0.316310823,
        0.9363669
      ],
      [
        0.38212502,
        -0.8548971,
        -0.350900978
      ]
    ],
    "translation": [
      2.19043279,
      0.953011,
      -0.64824295
    ]
  },
  {
    "timeStamp": 31142,
    "rotation": [
      [
        0.9171837,
        0.390821129,
        -0.0776712149
      ],
      [
        0.187431425,
        -0.251138061,
        0.949631035
      ],
      [
        0.351629674,
        -0.8855441,
        -0.3035919
      ]
    ],
    "translation": [
      2.2141726,
      0.928406954,
      -0.6394828
    ]
  },
  {
    "timeStamp": 31186,
    "rotation": [
      [
        0.925539136,
        0.3724691,
        -0.06814733
      ],
      [
        0.155886263,
        -0.210796773,
        0.9650203
      ],
      [
        0.345075,
        -0.9037873,
        -0.2531635
      ]
    ],
    "translation": [
      2.219035,
      0.909782052,
      -0.6347648
    ]
  },
  {
    "timeStamp": 31242,
    "rotation": [
      [
        0.928296566,
        0.361679465,
        -0.08633352
      ],
      [
        0.160344616,
        -0.179877073,
        0.9705328
      ],
      [
        0.335492343,
        -0.9147853,
        -0.2249726
      ]
    ],
    "translation": [
      2.22947741,
      0.893056035,
      -0.6259247
    ]
  },
  {
    "timeStamp": 31286,
    "rotation": [
      [
        0.933052,
        0.353066832,
        -0.06897702
      ],
      [
        0.137589365,
        -0.173078239,
        0.975250244
      ],
      [
        0.33239007,
        -0.9194497,
        -0.210069239
      ]
    ],
    "translation": [
      2.230919,
      0.8861992,
      -0.6175549
    ]
  },
  {
    "timeStamp": 31342,
    "rotation": [
      [
        0.9322651,
        0.3564037,
        -0.0621145479
      ],
      [
        0.132776275,
        -0.177360132,
        0.9751481
      ],
      [
        0.336529732,
        -0.917343855,
        -0.212668628
      ]
    ],
    "translation": [
      2.23206568,
      0.8847841,
      -0.605637968
    ]
  },
  {
    "timeStamp": 31386,
    "rotation": [
      [
        0.932448566,
        0.3589723,
        -0.0409694239
      ],
      [
        0.114495464,
        -0.186034262,
        0.9758494
      ],
      [
        0.3426812,
        -0.9146202,
        -0.2145681
      ]
    ],
    "translation": [
      2.22991133,
      0.8869147,
      -0.598637
    ]
  },
  {
    "timeStamp": 31432,
    "rotation": [
      [
        0.933221638,
        0.357191831,
        -0.0388765968
      ],
      [
        0.11472562,
        -0.193693548,
        0.974330962
      ],
      [
        0.3404929,
        -0.913726866,
        -0.221738055
      ]
    ],
    "translation": [
      2.22836852,
      0.8893295,
      -0.593003869
    ]
  },
  {
    "timeStamp": 31488,
    "rotation": [
      [
        0.920459867,
        0.38806808,
        -0.04644244
      ],
      [
        0.12521258,
        -0.180233568,
        0.9756217
      ],
      [
        0.370237142,
        -0.9038358,
        -0.214488745
      ]
    ],
    "translation": [
      2.2276423,
      0.889789939,
      -0.5926765
    ]
  },
  {
    "timeStamp": 31534,
    "rotation": [
      [
        0.902328968,
        0.430040747,
        -0.0294523221
      ],
      [
        0.109257251,
        -0.162081838,
        0.9807101
      ],
      [
        0.4169716,
        -0.888141036,
        -0.1932362
      ]
    ],
    "translation": [
      2.22135949,
      0.88897115,
      -0.5990518
    ]
  },
  {
    "timeStamp": 31591,
    "rotation": [
      [
        0.87185663,
        0.489541531,
        -0.0146678453
      ],
      [
        0.105162285,
        -0.157872,
        0.9818438
      ],
      [
        0.478337675,
        -0.8575696,
        -0.189123049
      ]
    ],
    "translation": [
      2.214763,
      0.8926946,
      -0.604538441
    ]
  },
  {
    "timeStamp": 31636,
    "rotation": [
      [
        0.837789834,
        0.545919538,
        0.008939057
      ],
      [
        0.09215012,
        -0.1575166,
        0.983207464
      ],
      [
        0.5381602,
        -0.8228975,
        -0.18227236
      ]
    ],
    "translation": [
      2.2067585,
      0.89378804,
      -0.611494958
    ]
  },
  {
    "timeStamp": 31691,
    "rotation": [
      [
        0.7267499,
        0.685690463,
        0.0407815054
      ],
      [
        0.0685285255,
        -0.131450012,
        0.9889513
      ],
      [
        0.6834752,
        -0.7159256,
        -0.142520636
      ]
    ],
    "translation": [
      2.18890238,
      0.890318155,
      -0.6313672
    ]
  },
  {
    "timeStamp": 31736,
    "rotation": [
      [
        0.677908659,
        0.7350135,
        0.0139619187
      ],
      [
        0.09177147,
        -0.103454486,
        0.990391433
      ],
      [
        0.7293955,
        -0.6701136,
        -0.137585968
      ]
    ],
    "translation": [
      2.18972921,
      0.882453442,
      -0.6355113
    ]
  },
  {
    "timeStamp": 31791,
    "rotation": [
      [
        0.5805058,
        0.8141504,
        0.0131170191
      ],
      [
        0.07824146,
        -0.0718079358,
        0.99434495
      ],
      [
        0.8104882,
        -0.57619673,
        -0.105385244
      ]
    ],
    "translation": [
      2.18219161,
      0.872677445,
      -0.640352845
    ]
  },
  {
    "timeStamp": 31835,
    "rotation": [
      [
        0.5484252,
        0.8361982,
        -0.0015348118
      ],
      [
        0.07013498,
        -0.0441692658,
        0.996559143
      ],
      [
        0.833253145,
        -0.546645761,
        -0.08287028
      ]
    ],
    "translation": [
      2.182245,
      0.862360239,
      -0.6398786
    ]
  },
  {
    "timeStamp": 31891,
    "rotation": [
      [
        0.474226862,
        0.880274236,
        -0.01503965
      ],
      [
        0.0626496747,
        -0.01670179,
        0.997895837
      ],
      [
        0.8781708,
        -0.474171221,
        -0.06306933
      ]
    ],
    "translation": [
      2.18130755,
      0.851319134,
      -0.6346842
    ]
  },
  {
    "timeStamp": 31935,
    "rotation": [
      [
        0.4164494,
        0.909064054,
        -0.0131295435
      ],
      [
        0.0470606275,
        -0.007132288,
        0.998866558
      ],
      [
        0.9079401,
        -0.41659525,
        -0.045751363
      ]
    ],
    "translation": [
      2.17696524,
      0.8446665,
      -0.6339167
    ]
  },
  {
    "timeStamp": 31991,
    "rotation": [
      [
        0.3787318,
        0.9254438,
        -0.0107690748
      ],
      [
        0.0583171323,
        -0.0122499224,
        0.998222947
      ],
      [
        0.9236673,
        -0.3786868,
        -0.0586086661
      ]
    ],
    "translation": [
      2.175839,
      0.8416234,
      -0.625511765
    ]
  },
  {
    "timeStamp": 32036,
    "rotation": [
      [
        0.362854064,
        0.931562841,
        0.022970451
      ],
      [
        0.03139799,
        -0.0368589163,
        0.9988271
      ],
      [
        0.931316853,
        -0.36170724,
        -0.04262361
      ]
    ],
    "translation": [
      2.17152572,
      0.8445824,
      -0.623245656
    ]
  },
  {
    "timeStamp": 32091,
    "rotation": [
      [
        0.352586359,
        0.9353323,
        0.02891963
      ],
      [
        0.06510446,
        -0.0553480238,
        0.9963423
      ],
      [
        0.9335118,
        -0.3494139,
        -0.08040926
      ]
    ],
    "translation": [
      2.17674422,
      0.850954,
      -0.612134337
    ]
  },
  {
    "timeStamp": 32135,
    "rotation": [
      [
        0.321989179,
        0.946325243,
        0.028133614
      ],
      [
        0.07641505,
        -0.05559667,
        0.9955249
      ],
      [
        0.9436544,
        -0.318398416,
        -0.09021502
      ]
    ],
    "translation": [
      2.18313766,
      0.856057,
      -0.608803332
    ]
  },
  {
    "timeStamp": 32191,
    "rotation": [
      [
        0.295704633,
        0.955113351,
        0.0178144239
      ],
      [
        0.0948833451,
        -0.0479219966,
        0.9943343
      ],
      [
        0.9505556,
        -0.292338938,
        -0.1047951
      ]
    ],
    "translation": [
      2.1916306,
      0.8607595,
      -0.6062394
    ]
  },
  {
    "timeStamp": 32235,
    "rotation": [
      [
        0.259975225,
        0.96561265,
        -0.00224073441
      ],
      [
        0.139737323,
        -0.0353256576,
        0.9895583
      ],
      [
        0.955450833,
        -0.257573724,
        -0.144115925
      ]
    ],
    "translation": [
      2.19932914,
      0.863912046,
      -0.5978596
    ]
  },
  {
    "timeStamp": 32291,
    "rotation": [
      [
        0.259137571,
        0.9658123,
        0.007365155
      ],
      [
        0.11082685,
        -0.0373095535,
        0.993139148
      ],
      [
        0.9594608,
        -0.256543428,
        -0.116706245
      ]
    ],
    "translation": [
      2.19926858,
      0.866374552,
      -0.6005464
    ]
  },
  {
    "timeStamp": 32335,
    "rotation": [
      [
        0.237972125,
        0.971140742,
        0.0159686841
      ],
      [
        0.116613142,
        -0.04488969,
        0.9921624
      ],
      [
        0.964246154,
        -0.234244823,
        -0.123930268
      ]
    ],
    "translation": [
      2.19619918,
      0.8674929,
      -0.5993375
    ]
  },
  {
    "timeStamp": 32400,
    "rotation": [
      [
        0.226186708,
        0.971890152,
        0.065338634
      ],
      [
        0.0384319872,
        -0.0759287551,
        0.996372342
      ],
      [
        0.9733255,
        -0.2228551,
        -0.0545257479
      ]
    ],
    "translation": [
      2.1788528,
      0.8648251,
      -0.620090842
    ]
  },
  {
    "timeStamp": 32433,
    "rotation": [
      [
        0.176980779,
        0.982553661,
        0.0571504049
      ],
      [
        0.0335927568,
        -0.06406364,
        0.997380257
      ],
      [
        0.9836409,
        -0.1745973,
        -0.0443447158
      ]
    ],
    "translation": [
      2.17332458,
      0.8576527,
      -0.6327161
    ]
  },
  {
    "timeStamp": 32486,
    "rotation": [
      [
        0.137552172,
        0.9886696,
        0.06009793
      ],
      [
        0.00206560059,
        -0.0609608665,
        0.998138
      ],
      [
        0.990492344,
        -0.137171909,
        -0.0104274955
      ]
    ],
    "translation": [
      2.164566,
      0.8456536,
      -0.6547276
    ]
  },
  {
    "timeStamp": 32551,
    "rotation": [
      [
        0.115418583,
        0.9919221,
        0.0526216961
      ],
      [
        -0.0262128711,
        -0.0499157533,
        0.9984094
      ],
      [
        0.992971,
        -0.116614357,
        0.0202399213
      ]
    ],
    "translation": [
      2.15917325,
      0.8314935,
      -0.681210458
    ]
  },
  {
    "timeStamp": 32586,
    "rotation": [
      [
        0.117423192,
        0.9911391,
        0.0620884933
      ],
      [
        -0.0183396041,
        -0.0603461,
        0.998009
      ],
      [
        0.9929126,
        -0.11832808,
        0.0110910675
      ]
    ],
    "translation": [
      2.15365338,
      0.8216277,
      -0.6949676
    ]
  },
  {
    "timeStamp": 32641,
    "rotation": [
      [
        0.09818661,
        0.992423654,
        0.0738562
      ],
      [
        -0.0723943338,
        -0.0668952,
        0.9951302
      ],
      [
        0.992531359,
        -0.103055239,
        0.0652776361
      ]
    ],
    "translation": [
      2.14789367,
      0.811533034,
      -0.728437841
    ]
  },
  {
    "timeStamp": 32686,
    "rotation": [
      [
        0.082643,
        0.994847536,
        0.058723636
      ],
      [
        -0.0419406034,
        -0.05540105,
        0.9975829
      ],
      [
        0.9956963,
        -0.0849061757,
        0.037146
      ]
    ],
    "translation": [
      2.14689636,
      0.802090645,
      -0.7412503
    ]
  },
  {
    "timeStamp": 32741,
    "rotation": [
      [
        0.05216838,
        0.9975926,
        0.04568791
      ],
      [
        -0.0315538757,
        -0.04408073,
        0.998529553
      ],
      [
        0.9981397,
        -0.05353329,
        0.0291782953
      ]
    ],
    "translation": [
      2.146857,
      0.792950034,
      -0.753932059
    ]
  },
  {
    "timeStamp": 32785,
    "rotation": [
      [
        0.04013624,
        0.9973628,
        0.0604688264
      ],
      [
        -0.0360797867,
        -0.05903151,
        0.9976039
      ],
      [
        0.9985426,
        -0.0422217734,
        0.0336153321
      ]
    ],
    "translation": [
      2.14092,
      0.7905195,
      -0.7641854
    ]
  },
  {
    "timeStamp": 32841,
    "rotation": [
      [
        0.00458037248,
        0.998996,
        0.04456527
      ],
      [
        -0.00263623614,
        -0.04455352,
        0.9990035
      ],
      [
        0.9999861,
        -0.004693292,
        0.00242951768
      ]
    ],
    "translation": [
      2.14195228,
      0.7841107,
      -0.766299546
    ]
  },
  {
    "timeStamp": 32885,
    "rotation": [
      [
        -0.0277934782,
        0.9992614,
        0.0265370458
      ],
      [
        0.0296191014,
        -0.0257123969,
        0.9992305
      ],
      [
        0.9991748,
        0.0285580847,
        -0.02888259
      ]
    ],
    "translation": [
      2.143847,
      0.7781751,
      -0.7691041
    ]
  },
  {
    "timeStamp": 32941,
    "rotation": [
      [
        -0.07145774,
        0.99733156,
        0.01495708
      ],
      [
        0.00145656464,
        -0.01489106,
        0.999888062
      ],
      [
        0.9974426,
        0.0714715347,
        -0.000388596236
      ]
    ],
    "translation": [
      2.14501882,
      0.772641242,
      -0.784939766
    ]
  },
  {
    "timeStamp": 32986,
    "rotation": [
      [
        -0.085190706,
        0.9959511,
        0.02870154
      ],
      [
        0.003543265,
        -0.0285032485,
        0.9995874
      ],
      [
        0.996358335,
        0.0852572545,
        -0.00110070687
      ]
    ],
    "translation": [
      2.1405642,
      0.771345735,
      -0.7924148
    ]
  },
  {
    "timeStamp": 33032,
    "rotation": [
      [
        -0.115562692,
        0.9931444,
        0.0175916888
      ],
      [
        0.01264222,
        -0.0162383169,
        0.9997882
      ],
      [
        0.9932197,
        0.115760617,
        -0.0106790056
      ]
    ],
    "translation": [
      2.140752,
      0.7695949,
      -0.796842635
    ]
  },
  {
    "timeStamp": 33089,
    "rotation": [
      [
        -0.123565443,
        0.992175162,
        0.0178880766
      ],
      [
        -0.0112075694,
        -0.01942041,
        0.9997486
      ],
      [
        0.992273152,
        0.123333894,
        0.0135195637
      ]
    ],
    "translation": [
      2.13921857,
      0.7665531,
      -0.806617
    ]
  },
  {
    "timeStamp": 33134,
    "rotation": [
      [
        -0.128821492,
        0.9916418,
        0.007171819
      ],
      [
        0.0116505949,
        -0.005718161,
        0.9999158
      ],
      [
        0.9915993,
        0.12889421,
        -0.0108165955
      ]
    ],
    "translation": [
      2.138347,
      0.7616322,
      -0.807021141
    ]
  },
  {
    "timeStamp": 33191,
    "rotation": [
      [
        -0.120788485,
        0.992657363,
        -0.00644711
      ],
      [
        0.00562718138,
        0.0071792556,
        0.9999584
      ],
      [
        0.9926623,
        0.120747179,
        -0.006453034
      ]
    ],
    "translation": [
      2.1399653,
      0.7560208,
      -0.809802651
    ]
  },
  {
    "timeStamp": 33235,
    "rotation": [
      [
        -0.116835758,
        0.993151248,
        3.4769866E-05
      ],
      [
        0.0198974479,
        0.00230576214,
        0.9997994
      ],
      [
        0.9929519,
        0.116813011,
        -0.0200305711
      ]
    ],
    "translation": [
      2.13758755,
      0.7540455,
      -0.8099988
    ]
  },
  {
    "timeStamp": 33290,
    "rotation": [
      [
        -0.112566367,
        0.993629158,
        -0.00546078244
      ],
      [
        0.0398844928,
        0.0100095849,
        0.99915415
      ],
      [
        0.9928434,
        0.112253353,
        -0.040757142
      ]
    ],
    "translation": [
      2.138103,
      0.7517804,
      -0.808289051
    ]
  },
  {
    "timeStamp": 33335,
    "rotation": [
      [
        -0.104851395,
        0.994465649,
        -0.006655186
      ],
      [
        0.0491316132,
        0.0118638566,
        0.998721838
      ],
      [
        0.9932735,
        0.1043904,
        -0.0501036458
      ]
    ],
    "translation": [
      2.137738,
      0.7506275,
      -0.8069714
    ]
  },
  {
    "timeStamp": 33390,
    "rotation": [
      [
        -0.102343917,
        0.9947334,
        -0.005580214
      ],
      [
        0.0441369265,
        0.0101450635,
        0.998973966
      ],
      [
        0.9937694,
        0.101992607,
        -0.04494276
      ]
    ],
    "translation": [
      2.13679361,
      0.7505555,
      -0.810909748
    ]
  },
  {
    "timeStamp": 33435,
    "rotation": [
      [
        -0.107584804,
        0.9941357,
        -0.0109423734
      ],
      [
        0.045636382,
        0.0159327984,
        0.998831034
      ],
      [
        0.9931479,
        0.106959663,
        -0.0470828824
      ]
    ],
    "translation": [
      2.13754249,
      0.750046253,
      -0.8134671
    ]
  },
  {
    "timeStamp": 33490,
    "rotation": [
      [
        -0.113610156,
        0.9933513,
        -0.0186007041
      ],
      [
        0.0605722219,
        0.025612345,
        0.997835159
      ],
      [
        0.9916772,
        0.112237521,
        -0.06307932
      ]
    ],
    "translation": [
      2.138218,
      0.7484637,
      -0.814175
    ]
  },
  {
    "timeStamp": 33535,
    "rotation": [
      [
        -0.100095853,
        0.99478215,
        -0.0197304152
      ],
      [
        0.0372093171,
        0.0235586949,
        0.999029756
      ],
      [
        0.9942818,
        0.09926458,
        -0.0393732935
      ]
    ],
    "translation": [
      2.13805175,
      0.74620986,
      -0.8191184
    ]
  },
  {
    "timeStamp": 33591,
    "rotation": [
      [
        -0.0680595562,
        0.997412562,
        -0.0231543984
      ],
      [
        0.0259783827,
        0.0249720514,
        0.999350548
      ],
      [
        0.997343,
        0.06741384,
        -0.02761075
      ]
    ],
    "translation": [
      2.13835931,
      0.7438715,
      -0.8227383
    ]
  },
  {
    "timeStamp": 33635,
    "rotation": [
      [
        -0.08926694,
        0.995149732,
        -0.0413338132
      ],
      [
        0.0413510539,
        0.045166593,
        0.9981233
      ],
      [
        0.995149,
        0.08739023,
        -0.0451823734
      ]
    ],
    "translation": [
      2.141028,
      0.7406515,
      -0.818709433
    ]
  },
  {
    "timeStamp": 33690,
    "rotation": [
      [
        -0.0787859261,
        0.9958627,
        -0.04528021
      ],
      [
        0.03411037,
        0.0480878167,
        0.9982605
      ],
      [
        0.99630785,
        0.077104345,
        -0.03775789
      ]
    ],
    "translation": [
      2.14142442,
      0.737625837,
      -0.820367455
    ]
  },
  {
    "timeStamp": 33735,
    "rotation": [
      [
        -0.06376232,
        0.997192562,
        -0.03926089
      ],
      [
        0.03229065,
        0.0413818769,
        0.998621464
      ],
      [
        0.9974426,
        0.06240665,
        -0.0348385945
      ]
    ],
    "translation": [
      2.14030957,
      0.7370304,
      -0.821759641
    ]
  },
  {
    "timeStamp": 33790,
    "rotation": [
      [
        -0.0451183654,
        0.9983,
        -0.0368988551
      ],
      [
        -0.0009914335,
        0.0368917063,
        0.9993188
      ],
      [
        0.9989812,
        0.04512421,
        -0.0006747453
      ]
    ],
    "translation": [
      2.14014864,
      0.736265659,
      -0.8282576
    ]
  },
  {
    "timeStamp": 33834,
    "rotation": [
      [
        -0.04950822,
        0.998102367,
        -0.0366140045
      ],
      [
        -0.00197344972,
        0.0365611278,
        0.999329448
      ],
      [
        0.9987718,
        0.04954728,
        0.000159628325
      ]
    ],
    "translation": [
      2.139999,
      0.736185551,
      -0.828259766
    ]
  },
  {
    "timeStamp": 33890,
    "rotation": [
      [
        -0.0445303246,
        0.9981396,
        -0.0416458771
      ],
      [
        0.0009412233,
        0.04172913,
        0.9991285
      ],
      [
        0.9990076,
        0.04445232,
        -0.002797684
      ]
    ],
    "translation": [
      2.13933015,
      0.7321905,
      -0.828061759
    ]
  },
  {
    "timeStamp": 33935,
    "rotation": [
      [
        -0.04570561,
        0.996468,
        -0.0704452842
      ],
      [
        0.0216190275,
        0.07148915,
        0.997207046
      ],
      [
        0.998721,
        0.0440549925,
        -0.0248101223
      ]
    ],
    "translation": [
      2.1429863,
      0.726612568,
      -0.8235377
    ]
  },
  {
    "timeStamp": 33990,
    "rotation": [
      [
        -0.0731323361,
        0.995335639,
        -0.06291635
      ],
      [
        0.007491052,
        0.06363171,
        0.9979453
      ],
      [
        0.997294068,
        0.07251076,
        -0.0121096475
      ]
    ],
    "translation": [
      2.142854,
      0.7256309,
      -0.822255552
    ]
  },
  {
    "timeStamp": 34035,
    "rotation": [
      [
        -0.0276111,
        0.999613941,
        0.00309183542
      ],
      [
        0.134113207,
