[
  {
    "timeStamp": 99515,
    "rotation": [
      [
        0.9968494,
        -0.00140238134,
        -0.07930465
      ],
      [
        0.0792017654,
        0.07148823,
        0.994291961
      ],
      [
        0.00427497737,
        -0.997440457,
        0.07137407
      ]
    ],
    "translation": [
      1.15372586,
      0.708708465,
      -0.6195089
    ]
  },
  {
    "timeStamp": 99571,
    "rotation": [
      [
        0.9980755,
        -0.0297492538,
        -0.054409638
      ],
      [
        0.0556111149,
        0.04117269,
        0.997603238
      ],
      [
        -0.0274377633,
        -0.9987091,
        0.042747844
      ]
    ],
    "translation": [
      1.15400946,
      0.7123043,
      -0.612274647
    ]
  },
  {
    "timeStamp": 99615,
    "rotation": [
      [
        0.9985244,
        -0.015474855,
        -0.0520521365
      ],
      [
        0.05276095,
        0.0496052131,
        0.997374356
      ],
      [
        -0.0128521668,
        -0.998649,
        0.0503484868
      ]
    ],
    "translation": [
      1.15289617,
      0.7113302,
      -0.612598658
    ]
  },
  {
    "timeStamp": 99671,
    "rotation": [
      [
        0.999011636,
        -0.0195235927,
        -0.0399325676
      ],
      [
        0.04131325,
        0.0763485059,
        0.99622494
      ],
      [
        -0.0164011,
        -0.996890068,
        0.07707963
      ]
    ],
    "translation": [
      1.15297627,
      0.7087556,
      -0.611512065
    ]
  },
  {
    "timeStamp": 99715,
    "rotation": [
      [
        0.9994607,
        -0.0229822658,
        -0.0234550871
      ],
      [
        0.0255837888,
        0.0971904844,
        0.994936943
      ],
      [
        -0.0205863025,
        -0.9950005,
        0.09772604
      ]
    ],
    "translation": [
      1.15277433,
      0.7092686,
      -0.6113761
    ]
  },
  {
    "timeStamp": 99771,
    "rotation": [
      [
        0.999900758,
        -0.007821883,
        0.01171244
      ],
      [
        -0.0108452709,
        0.102956153,
        0.99462676
      ],
      [
        -0.008985723,
        -0.9946551,
        0.102861114
      ]
    ],
    "translation": [
      1.15096259,
      0.7110636,
      -0.612358332
    ]
  },
  {
    "timeStamp": 99815,
    "rotation": [
      [
        0.999004245,
        -0.0012931088,
        0.0445961952
      ],
      [
        -0.0442718081,
        0.0950002745,
        0.9944923
      ],
      [
        -0.005522651,
        -0.995476365,
        0.09484843
      ]
    ],
    "translation": [
      1.15073621,
      0.7201279,
      -0.61311096
    ]
  },
  {
    "timeStamp": 99871,
    "rotation": [
      [
        0.995186,
        0.02801461,
        0.09391539
      ],
      [
        -0.09601571,
        0.08662066,
        0.9916037
      ],
      [
        0.0196443778,
        -0.9958474,
        0.0888935
      ]
    ],
    "translation": [
      1.14881027,
      0.734515548,
      -0.615862
    ]
  },
  {
    "timeStamp": 99915,
    "rotation": [
      [
        0.994802952,
        0.0307126734,
        0.0970766246
      ],
      [
        -0.09895779,
        0.06719968,
        0.99282
      ],
      [
        0.02396866,
        -0.997266769,
        0.0698896945
      ]
    ],
    "translation": [
      1.15002251,
      0.742604852,
      -0.615530968
    ]
  },
  {
    "timeStamp": 99971,
    "rotation": [
      [
        0.9841832,
        0.07319717,
        0.161324382
      ],
      [
        -0.16686441,
        0.07720101,
        0.982952833
      ],
      [
        0.05949496,
        -0.994325,
        0.08819394
      ]
    ],
    "translation": [
      1.15041709,
      0.7606827,
      -0.6213872
    ]
  },
  {
    "timeStamp": 100015,
    "rotation": [
      [
        0.972406,
        0.0970292762,
        0.212159947
      ],
      [
        -0.2184957,
        0.0600328967,
        0.973989546
      ],
      [
        0.08176891,
        -0.993469357,
        0.07957683
      ]
    ],
    "translation": [
      1.15396345,
      0.78054,
      -0.6248011
    ]
  },
  {
    "timeStamp": 100071,
    "rotation": [
      [
        0.943935931,
        0.1530391,
        0.292513251
      ],
      [
        -0.300388753,
        0.0306299217,
        0.9533249
      ],
      [
        0.136936322,
        -0.987745345,
        0.07488391
      ]
    ],
    "translation": [
      1.1605109,
      0.811499953,
      -0.636415064
    ]
  },
  {
    "timeStamp": 100115,
    "rotation": [
      [
        0.91078335,
        0.195455417,
        0.3636907
      ],
      [
        -0.374357939,
        0.0193802062,
        0.927081764
      ],
      [
        0.174154758,
        -0.9805211,
        0.09082146
      ]
    ],
    "translation": [
      1.17096126,
      0.84154886,
      -0.648784637
    ]
  },
  {
    "timeStamp": 100171,
    "rotation": [
      [
        0.8577688,
        0.267887771,
        0.438712716
      ],
      [
        -0.459539771,
        0.0171938259,
        0.8879908
      ],
      [
        0.230338708,
        -0.9632967,
        0.1378534
      ]
    ],
    "translation": [
      1.18934417,
      0.879183948,
      -0.6704854
    ]
  },
  {
    "timeStamp": 100215,
    "rotation": [
      [
        0.819044054,
        0.290972382,
        0.494471252
      ],
      [
        -0.512703538,
        -0.0155999362,
        0.858423948
      ],
      [
        0.25749138,
        -0.956604242,
        0.136405542
      ]
    ],
    "translation": [
      1.20915449,
      0.909289837,
      -0.685453951
    ]
  },
  {
    "timeStamp": 100271,
    "rotation": [
      [
        0.753694832,
        0.3455101,
        0.5590768
      ],
      [
        -0.5921632,
        -0.0120219393,
        0.8057284
      ],
      [
        0.285108477,
        -0.938338041,
        0.195537478
      ]
    ],
    "translation": [
      1.23801827,
      0.946419954,
      -0.70893836
    ]
  },
  {
    "timeStamp": 100315,
    "rotation": [
      [
        0.6936559,
        0.395811677,
        0.6018093
      ],
      [
        -0.6452298,
        -0.0299497247,
        0.7634012
      ],
      [
        0.320187122,
        -0.917843163,
        0.234614715
      ]
    ],
    "translation": [
      1.265726,
      0.9738358,
      -0.7282516
    ]
  },
  {
    "timeStamp": 100371,
    "rotation": [
      [
        0.625739038,
        0.437341332,
        0.6458972
      ],
      [
        -0.6988415,
        -0.0535222851,
        0.71327126
      ],
      [
        0.3465129,
        -0.897701442,
        0.2721413
      ]
    ],
    "translation": [
      1.30341983,
      1.00512028,
      -0.7538405
    ]
  },
  {
    "timeStamp": 100415,
    "rotation": [
      [
        0.5455448,
        0.49468264,
        0.676513135
      ],
      [
        -0.751051247,
        -0.06962281,
        0.656562746
      ],
      [
        0.371890932,
        -0.866280437,
        0.333549649
      ]
    ],
    "translation": [
      1.33683014,
      1.02921116,
      -0.7768084
    ]
  },
  {
    "timeStamp": 100471,
    "rotation": [
      [
        0.485900521,
        0.4985038,
        0.7179099
      ],
      [
        -0.790756643,
        -0.09914316,
        0.604048431
      ],
      [
        0.3722963,
        -0.861199439,
        0.3460215
      ]
    ],
    "translation": [
      1.37774408,
      1.05517089,
      -0.797314942
    ]
  },
  {
    "timeStamp": 100515,
    "rotation": [
      [
        0.41380012,
        0.5140153,
        0.7513706
      ],
      [
        -0.8308794,
        -0.124048248,
        0.5424496
      ],
      [
        0.3720336,
        -0.848764,
        0.375753552
      ]
    ],
    "translation": [
      1.41259706,
      1.07650685,
      -0.815021336
    ]
  },
  {
    "timeStamp": 100571,
    "rotation": [
      [
        0.3736558,
        0.465140164,
        0.8025123
      ],
      [
        -0.8528942,
        -0.167812482,
        0.494378924
      ],
      [
        0.3646271,
        -0.8691856,
        0.334011227
      ]
    ],
    "translation": [
      1.45249426,
      1.09826732,
      -0.831867337
    ]
  },
  {
    "timeStamp": 100615,
    "rotation": [
      [
        0.306872457,
        0.4588365,
        0.833845556
      ],
      [
        -0.8738101,
        -0.211404383,
        0.437908769
      ],
      [
        0.37720713,
        -0.8630048,
        0.336061776
      ]
    ],
    "translation": [
      1.48785663,
      1.115756,
      -0.850840569
    ]
  },
  {
    "timeStamp": 100670,
    "rotation": [
      [
        0.27263537,
        0.383983552,
        0.882171452
      ],
      [
        -0.8920174,
        -0.2426972,
        0.381317317
      ],
      [
        0.360520124,
        -0.890872955,
        0.2763522
      ]
    ],
    "translation": [
      1.52763069,
      1.13287032,
      -0.8646355
    ]
  },
  {
    "timeStamp": 100715,
    "rotation": [
      [
        0.210208669,
        0.356987119,
        0.910149753
      ],
      [
        -0.907175958,
        -0.2758421,
        0.317715138
      ],
      [
        0.364477843,
        -0.8924524,
        0.265865743
      ]
    ],
    "translation": [
      1.56342471,
      1.14666343,
      -0.8811672
    ]
  },
  {
    "timeStamp": 100771,
    "rotation": [
      [
        0.1637444,
        0.306667715,
        0.937626064
      ],
      [
        -0.9174573,
        -0.301985353,
        0.258992016
      ],
      [
        0.362573832,
        -0.9026404,
        0.231906146
      ]
    ],
    "translation": [
      1.6058526,
      1.15763438,
      -0.897861838
    ]
  },
  {
    "timeStamp": 100815,
    "rotation": [
      [
        0.14219822,
        0.263768673,
        0.9540471
      ],
      [
        -0.920388341,
        -0.3194322,
        0.225495979
      ],
      [
        0.364232123,
        -0.910158932,
        0.197346911
      ]
    ],
    "translation": [
      1.63980174,
      1.16528416,
      -0.91283983
    ]
  },
  {
    "timeStamp": 100871,
    "rotation": [
      [
        0.140266627,
        0.221243382,
        0.965078533
      ],
      [
        -0.9167144,
        -0.339274466,
        0.211015642
      ],
      [
        0.374112338,
        -0.9142998,
        0.1552281
      ]
    ],
    "translation": [
      1.67851841,
      1.16924238,
      -0.931134164
    ]
  },
  {
    "timeStamp": 100915,
    "rotation": [
      [
        0.168655679,
        0.166758627,
        0.9714663
      ],
      [
        -0.9173993,
        -0.333873272,
        0.216580689
      ],
      [
        0.360463321,
        -0.927750051,
        0.09667462
      ]
    ],
    "translation": [
      1.707318,
      1.17000043,
      -0.943019
    ]
  },
  {
    "timeStamp": 100971,
    "rotation": [
      [
        0.157931358,
        0.159528077,
        0.974478543
      ],
      [
        -0.921229661,
        -0.331503928,
        0.203570649
      ],
      [
        0.355518728,
        -0.929868758,
        0.09460713
      ]
    ],
    "translation": [
      1.74788237,
      1.17133379,
      -0.9599218
    ]
  },
  {
    "timeStamp": 101015,
    "rotation": [
      [
        0.206598431,
        0.115746856,
        0.971555352
      ],
      [
        -0.926266551,
        -0.2967446,
        0.232320756
      ],
      [
        0.315194219,
        -0.9479163,
        0.0459054634
      ]
    ],
    "translation": [
      1.775779,
      1.16937816,
      -0.9656836
    ]
  },
  {
    "timeStamp": 101070,
    "rotation": [
      [
        0.2235049,
        0.118438184,
        0.9674802
      ],
      [
        -0.930309951,
        -0.270222425,
        0.247998357
      ],
      [
        0.2908073,
        -0.955485344,
        0.0497881845
      ]
    ],
    "translation": [
      1.812935,
      1.16771758,
      -0.978609741
    ]
  },
  {
    "timeStamp": 101115,
    "rotation": [
      [
        0.290593028,
        0.07038289,
        0.9542546
      ],
      [
        -0.925295532,
        -0.233317941,
        0.2989831
      ],
      [
        0.243688032,
        -0.96985,
        -0.00267559034
      ]
    ],
    "translation": [
      1.83843267,
      1.16295493,
      -0.9796741
    ]
  },
  {
    "timeStamp": 101170,
    "rotation": [
      [
        0.3189508,
        0.0592289977,
        0.9459188
      ],
      [
        -0.923031569,
        -0.2071351,
        0.324203372
      ],
      [
        0.215135217,
        -0.976517856,
        -0.0113956742
      ]
    ],
    "translation": [
      1.8718524,
      1.16135371,
      -0.9859702
    ]
  },
  {
    "timeStamp": 101215,
    "rotation": [
      [
        0.373657733,
        0.0206956472,
        0.927335739
      ],
      [
        -0.910994232,
        -0.1799512,
        0.371089131
      ],
      [
        0.174555108,
        -0.9834578,
        -0.04838654
      ]
    ],
    "translation": [
      1.8947345,
      1.15773654,
      -0.9822017
    ]
  },
  {
    "timeStamp": 101271,
    "rotation": [
      [
        0.399332017,
        -0.004472184,
        0.9167955
      ],
      [
        -0.906936765,
        -0.148262367,
        0.3943146
      ],
      [
        0.134162813,
        -0.9889379,
        -0.0632619
      ]
    ],
    "translation": [
      1.92322481,
      1.15643466,
      -0.979992151
    ]
  },
  {
    "timeStamp": 101315,
    "rotation": [
      [
        0.470451117,
        -0.0560028479,
        0.8806472
      ],
      [
        -0.877853036,
        -0.131172568,
        0.4606168
      ],
      [
        0.0897209,
        -0.9897765,
        -0.110872552
      ]
    ],
    "translation": [
      1.94279265,
      1.14941144,
      -0.9707656
    ]
  },
  {
    "timeStamp": 101370,
    "rotation": [
      [
        0.5405152,
        -0.1279175,
        0.831553042
      ],
      [
        -0.840672433,
        -0.121310882,
        0.527781665
      ],
      [
        0.0333639234,
        -0.984337747,
        -0.1731071
      ]
    ],
    "translation": [
      1.967477,
      1.14104784,
      -0.959007442
    ]
  },
  {
    "timeStamp": 101415,
    "rotation": [
      [
        0.591162145,
        -0.174984768,
        0.787342131
      ],
      [
        -0.806515038,
        -0.118805565,
        0.5791535
      ],
      [
        -0.007802401,
        -0.9773769,
        -0.211361185
      ]
    ],
    "translation": [
      1.9880265,
      1.13240516,
      -0.94876945
    ]
  },
  {
    "timeStamp": 101471,
    "rotation": [
      [
        0.608696461,
        -0.2507322,
        0.752742946
      ],
      [
        -0.790481567,
        -0.1103072,
        0.602470934
      ],
      [
        -0.0680259,
        -0.961751342,
        -0.2653428
      ]
    ],
    "translation": [
      2.01664186,
      1.12708092,
      -0.9349498
    ]
  },
  {
    "timeStamp": 101515,
    "rotation": [
      [
        0.6273206,
        -0.256963581,
        0.73514533
      ],
      [
        -0.7751404,
        -0.115107715,
        0.6212146
      ],
      [
        -0.07500865,
        -0.959541559,
        -0.2713923
      ]
    ],
    "translation": [
      2.036257,
      1.12384319,
      -0.929637432
    ]
  },
  {
    "timeStamp": 101570,
    "rotation": [
      [
        0.650262356,
        -0.286584467,
        0.703582466
      ],
      [
        -0.753311157,
        -0.12328621,
        0.6460053
      ],
      [
        -0.09839306,
        -0.9500894,
        -0.296055645
      ]
    ],
    "translation": [
      2.05911016,
      1.1213088,
      -0.9205968
    ]
  },
  {
    "timeStamp": 101615,
    "rotation": [
      [
        0.676432848,
        -0.2935864,
        0.675459564
      ],
      [
        -0.72784996,
        -0.126291454,
        0.6740066
      ],
      [
        -0.1125744,
        -0.9475534,
        -0.299114555
      ]
    ],
    "translation": [
      2.07468486,
      1.11903679,
      -0.9135493
    ]
  },
  {
    "timeStamp": 101670,
    "rotation": [
      [
        0.691640437,
        -0.342843622,
        0.635682046
      ],
      [
        -0.7028401,
        -0.116861746,
        0.701683044
      ],
      [
        -0.166280642,
        -0.9320952,
        -0.321790546
      ]
    ],
    "translation": [
      2.09604645,
      1.119341,
      -0.898392141
    ]
  },
  {
    "timeStamp": 101715,
    "rotation": [
      [
        0.7131859,
        -0.366232,
        0.597695649
      ],
      [
        -0.668670535,
        -0.09957534,
        0.7368612
      ],
      [
        -0.210346431,
        -0.9251805,
        -0.3159043
      ]
    ],
    "translation": [
      2.111183,
      1.11858439,
      -0.8859731
    ]
  },
  {
    "timeStamp": 101770,
    "rotation": [
      [
        0.743541,
        -0.448965818,
        0.495556742
      ],
      [
        -0.595581651,
        -0.107704386,
        0.7960416
      ],
      [
        -0.304021835,
        -0.8870341,
        -0.347478449
      ]
    ],
    "translation": [
      2.13276,
      1.11238313,
      -0.8642167
    ]
  },
  {
    "timeStamp": 101814,
    "rotation": [
      [
        0.7455792,
        -0.503940046,
        0.436068952
      ],
      [
        -0.541227043,
        -0.07610512,
        0.8374254
      ],
      [
        -0.388825119,
        -0.8603792,
        -0.329488367
      ]
    ],
    "translation": [
      2.15095067,
      1.103073,
      -0.848858058
    ]
  },
  {
    "timeStamp": 101864,
    "rotation": [
      [
        0.7211568,
        -0.5945979,
        0.3555087
      ],
      [
        -0.472993761,
        -0.0476533175,
        0.8797762
      ],
      [
        -0.5061719,
        -0.802609861,
        -0.315606564
      ]
    ],
    "translation": [
      2.17233753,
      1.08759916,
      -0.832082152
    ]
  },
  {
    "timeStamp": 101921,
    "rotation": [
      [
        0.665843666,
        -0.7131501,
        0.219246835
      ],
      [
        -0.3570514,
        -0.0465537459,
        0.9329239
      ],
      [
        -0.655108,
        -0.6994639,
        -0.285628736
      ]
    ],
    "translation": [
      2.20753455,
      1.05828655,
      -0.812961459
    ]
  },
  {
    "timeStamp": 101966,
    "rotation": [
      [
        0.6541824,
        -0.7314117,
        0.19256781
      ],
      [
        -0.331788629,
        -0.0487182736,
        0.9420949
      ],
      [
        -0.679677665,
        -0.6801937,
        -0.274544716
      ]
    ],
    "translation": [
      2.21712732,
      1.04477811,
      -0.8073211
    ]
  },
  {
    "timeStamp": 102021,
    "rotation": [
      [
        0.610166,
        -0.779859662,
        0.139701054
      ],
      [
        -0.290157765,
        -0.0558838844,
        0.95534575
      ],
      [
        -0.7372286,
        -0.6234548,
        -0.260380775
      ]
    ],
    "translation": [
      2.233418,
      1.02303851,
      -0.799517155
    ]
  },
  {
    "timeStamp": 102066,
    "rotation": [
      [
        0.619307756,
        -0.770673,
        0.150070071
      ],
      [
        -0.299039334,
        -0.05479718,
        0.9526661
      ],
      [
        -0.7259706,
        -0.6348704,
        -0.26439783
      ]
    ],
    "translation": [
      2.233865,
      1.01085913,
      -0.7958
    ]
  },
  {
    "timeStamp": 102121,
    "rotation": [
      [
        0.6236925,
        -0.7692607,
        0.138728872
      ],
      [
        -0.283379555,
        -0.05711429,
        0.9573056
      ],
      [
        -0.728494167,
        -0.6363772,
        -0.253614515
      ]
    ],
    "translation": [
      2.236616,
      0.9959942,
      -0.789072335
    ]
  },
  {
    "timeStamp": 102166,
    "rotation": [
      [
        0.582715333,
        -0.802830756,
        0.126117319
      ],
      [
        -0.296777159,
        -0.06575121,
        0.952680469
      ],
      [
        -0.7565488,
        -0.5925703,
        -0.276576072
      ]
    ],
    "translation": [
      2.24237823,
      0.9833668,
      -0.7859896
    ]
  },
  {
    "timeStamp": 102220,
    "rotation": [
      [
        0.587636948,
        -0.8007646,
        0.116012268
      ],
      [
        -0.303634077,
        -0.0853380561,
        0.9489593
      ],
      [
        -0.7499927,
        -0.592868865,
        -0.293287218
      ]
    ],
    "translation": [
      2.24561453,
      0.979996145,
      -0.7823658
    ]
  },
  {
    "timeStamp": 102265,
    "rotation": [
      [
        0.5607106,
        -0.8179589,
        0.128634617
      ],
      [
        -0.3246844,
        -0.07428779,
        0.9429005
      ],
      [
        -0.7616978,
        -0.570459962,
        -0.307232469
      ]
    ],
    "translation": [
      2.24877524,
      0.978211,
      -0.775379539
    ]
  },
  {
    "timeStamp": 102320,
    "rotation": [
      [
        0.5602296,
        -0.818598032,
        0.126649439
      ],
      [
        -0.3125035,
        -0.06727278,
        0.9475315
      ],
      [
        -0.7671274,
        -0.5704136,
        -0.293502957
      ]
    ],
    "translation": [
      2.24872446,
      0.972436666,
      -0.768823743
    ]
  },
  {
    "timeStamp": 102365,
    "rotation": [
      [
        0.544065356,
        -0.8247196,
        0.154371187
      ],
      [
        -0.322113365,
        -0.035417702,
        0.946038365
      ],
      [
        -0.7747489,
        -0.5644317,
        -0.284922749
      ]
    ],
    "translation": [
      2.24616957,
      0.967787862,
      -0.7633609
    ]
  },
  {
    "timeStamp": 102420,
    "rotation": [
      [
        0.547760069,
        -0.824514747,
        0.141895413
      ],
      [
        -0.2951042,
        -0.03170941,
        0.954938769
      ],
      [
        -0.78286165,
        -0.564951241,
        -0.260686934
      ]
    ],
    "translation": [
      2.24447632,
      0.958275437,
      -0.757702649
    ]
  },
  {
    "timeStamp": 102465,
    "rotation": [
      [
        0.5190248,
        -0.846821964,
        0.1162146
      ],
      [
        -0.2842715,
        -0.0427893326,
        0.957788467
      ],
      [
        -0.8061035,
        -0.53015244,
        -0.2629361
      ]
    ],
    "translation": [
      2.24660778,
      0.9526333,
      -0.7524048
    ]
  },
  {
    "timeStamp": 102520,
    "rotation": [
      [
        0.508547962,
        -0.8559116,
        0.09377765
      ],
      [
        -0.260791183,
        -0.04931646,
        0.964134753
      ],
      [
        -0.820589364,
        -0.514765143,
        -0.248293981
      ]
    ],
    "translation": [
      2.24613357,
      0.9468237,
      -0.748779237
    ]
  },
  {
    "timeStamp": 102564,
    "rotation": [
      [
        0.486500829,
        -0.871647239,
        0.05956575
      ],
      [
        -0.239686117,
        -0.0675943047,
        0.9684945
      ],
      [
        -0.840159237,
        -0.485450447,
        -0.241806433
      ]
    ],
    "translation": [
      2.24789929,
      0.9415758,
      -0.7453561
    ]
  },
  {
    "timeStamp": 102620,
    "rotation": [
      [
        0.4732944,
        -0.879500568,
        0.0497112721
      ],
      [
        -0.218994424,
        -0.06281391,
        0.973702133
      ],
      [
        -0.853249,
        -0.4717343,
        -0.222335175
      ]
    ],
    "translation": [
      2.24776244,
      0.9357498,
      -0.7431245
    ]
  },
  {
    "timeStamp": 102666,
    "rotation": [
      [
        0.4532013,
        -0.890697956,
        0.03557672
      ],
      [
        -0.2063872,
        -0.06601959,
        0.976240635
      ],
      [
        -0.8671868,
        -0.449776083,
        -0.213748828
      ]
    ],
    "translation": [
      2.24754286,
      0.9311824,
      -0.7408533
    ]
  },
  {
    "timeStamp": 102712,
    "rotation": [
      [
        0.441471457,
        -0.896904349,
        0.0257970113
      ],
      [
        -0.195353433,
        -0.06801607,
        0.9783715
      ],
      [
        -0.8757511,
        -0.436962634,
        -0.2052405
      ]
    ],
    "translation": [
      2.24757648,
      0.928553164,
      -0.7404699
    ]
  },
  {
    "timeStamp": 102768,
    "rotation": [
      [
        0.4190495,
        -0.907634258,
        0.0244448856
      ],
      [
        -0.190698743,
        -0.06165844,
        0.9797103
      ],
      [
        -0.8877114,
        -0.415208727,
        -0.198922649
      ]
    ],
    "translation": [
      2.248518,
      0.927154541,
      -0.739477038
    ]
  },
  {
    "timeStamp": 102813,
    "rotation": [
      [
        0.399769425,
        -0.9165813,
        0.00795046147
      ],
      [
        -0.17899105,
        -0.0695548356,
        0.981389
      ],
      [
        -0.898969769,
        -0.393752366,
        -0.191865757
      ]
    ],
    "translation": [
      2.25072932,
      0.9252821,
      -0.738613069
    ]
  },
  {
    "timeStamp": 102870,
    "rotation": [
      [
        0.377788842,
        -0.9258257,
        -0.0110577336
      ],
      [
        -0.1620859,
        -0.0778890848,
        0.983697832
      ],
      [
        -0.911594033,
        -0.369837761,
        -0.179488927
      ]
    ],
    "translation": [
      2.2516706,
      0.9208883,
      -0.737971663
    ]
  },
  {
    "timeStamp": 102914,
    "rotation": [
      [
        0.36074388,
        -0.9321874,
        -0.0298408866
      ],
      [
        -0.151891515,
        -0.0902879238,
        0.984264731
      ],
      [
        -0.9202134,
        -0.350534916,
        -0.174162164
      ]
    ],
    "translation": [
      2.25342917,
      0.9173355,
      -0.73647517
    ]
  },
  {
    "timeStamp": 102969,
    "rotation": [
      [
        0.350041777,
        -0.9359211,
        -0.0390192643
      ],
      [
        -0.135517538,
        -0.09181304,
        0.9865117
      ],
      [
        -0.9268796,
        -0.340032518,
        -0.158972114
      ]
    ],
    "translation": [
      2.25210476,
      0.910141051,
      -0.7349375
    ]
  },
  {
    "timeStamp": 103014,
    "rotation": [
      [
        0.3455064,
        -0.937563,
        -0.04001182
      ],
      [
        -0.127711639,
        -0.08921904,
        0.9877903
      ],
      [
        -0.9296854,
        -0.336177856,
        -0.150563464
      ]
    ],
    "translation": [
      2.25110841,
      0.904733539,
      -0.7336055
    ]
  },
  {
    "timeStamp": 103070,
    "rotation": [
      [
        0.352891356,
        -0.935423255,
        -0.0212390553
      ],
      [
        -0.121815488,
        -0.06843784,
        0.9901905
      ],
      [
        -0.927700758,
        -0.346842438,
        -0.138100162
      ]
    ],
    "translation": [
      2.2480557,
      0.8987312,
      -0.7332315
    ]
  },
  {
    "timeStamp": 103114,
    "rotation": [
      [
        0.357819855,
        -0.933671653,
        -0.0149074188
      ],
      [
        -0.109215766,
        -0.05769997,
        0.992342
      ],
      [
        -0.927381754,
        -0.35345155,
        -0.122617863
      ]
    ],
    "translation": [
      2.245563,
      0.893296659,
      -0.733633757
    ]
  },
  {
    "timeStamp": 103169,
    "rotation": [
      [
        0.3626609,
        -0.931883335,
        -0.008396226
      ],
      [
        -0.106249593,
        -0.050296627,
        0.9930666
      ],
      [
        -0.92584455,
        -0.35925436,
        -0.117252856
      ]
    ],
    "translation": [
      2.24303031,
      0.888550937,
      -0.734835148
    ]
  },
  {
    "timeStamp": 103214,
    "rotation": [
      [
        0.366484284,
        -0.9303131,
        -0.014378503
      ],
      [
        -0.100216508,
        -0.05483331,
        0.993453562
      ],
      [
        -0.9250113,
        -0.362644166,
        -0.113328278
      ]
    ],
    "translation": [
      2.24206018,
      0.8868613,
      -0.7352722
    ]
  },
  {
    "timeStamp": 103270,
    "rotation": [
      [
        0.366758347,
        -0.9303088,
        0.003718934
      ],
      [
        -0.09098497,
        -0.0318903662,
        0.995341539
      ],
      [
        -0.9258564,
        -0.365388185,
        -0.09634018
      ]
    ],
    "translation": [
      2.24033618,
      0.877324164,
      -0.7373252
    ]
  },
  {
    "timeStamp": 103314,
    "rotation": [
      [
        0.3592452,
        -0.9330755,
        -0.01769118
      ],
      [
        -0.07317659,
        -0.04706204,
        0.996208
      ],
      [
        -0.930369854,
        -0.3565884,
        -0.0851861
      ]
    ],
    "translation": [
      2.24046946,
      0.872514963,
      -0.739461362
    ]
  },
  {
    "timeStamp": 103369,
    "rotation": [
      [
        0.3636653,
        -0.9312361,
        -0.0233871862
      ],
      [
        -0.0618611239,
        -0.04919351,
        0.9968717
      ],
      [
        -0.9294734,
        -0.361080885,
        -0.07549728
      ]
    ],
    "translation": [
      2.23776579,
      0.8683522,
      -0.741119146
    ]
  },
  {
    "timeStamp": 103414,
    "rotation": [
      [
        0.364970565,
        -0.930846334,
        -0.017932836
      ],
      [
        -0.06334858,
        -0.0440456644,
        0.997019053
      ],
      [
        -0.9288614,
        -0.3627466,
        -0.07504316
      ]
    ],
    "translation": [
      2.23634076,
      0.8660537,
      -0.742168546
    ]
  },
  {
    "timeStamp": 103469,
    "rotation": [
      [
        0.379904836,
        -0.924867332,
        -0.0171094816
      ],
      [
        -0.052929122,
        -0.04020001,
        0.9977888
      ],
      [
        -0.9235101,
        -0.3781592,
        -0.06422459
      ]
    ],
    "translation": [
      2.234946,
      0.8634805,
      -0.7442293
    ]
  },
  {
    "timeStamp": 103514,
    "rotation": [
      [
        0.37757805,
        -0.9257957,
        -0.01836125
      ],
      [
        -0.0559706874,
        -0.0426109843,
        0.9975227
      ],
      [
        -0.924284637,
        -0.375614971,
        -0.0679063946
      ]
    ],
    "translation": [
      2.234643,
      0.863432,
      -0.7451285
    ]
  },
  {
    "timeStamp": 103569,
    "rotation": [
      [
        0.374646842,
        -0.926634431,
        -0.0314395167
      ],
      [
        -0.0518454351,
        -0.0547936335,
        0.9971508
      ],
      [
        -0.925716937,
        -0.371949375,
        -0.0685700253
      ]
    ],
    "translation": [
      2.235143,
      0.863820434,
      -0.7463013
    ]
  },
  {
    "timeStamp": 103614,
    "rotation": [
      [
        0.3923152,
        -0.9194818,
        -0.0253371131
      ],
      [
        -0.0448887534,
        -0.0466507338,
        0.997902155
      ],
      [
        -0.918734848,
        -0.390354842,
        -0.0595761836
      ]
    ],
    "translation": [
      2.23399925,
      0.8632943,
      -0.7471566
    ]
  }
]