[
  {
    "timeStamp": 137576,
    "rotation": [
      [
        0.990618348,
        -0.0891714245,
        0.103556082
      ],
      [
        -0.104385659,
        -0.004677941,
        0.9945259
      ],
      [
        -0.08819886,
        -0.996005356,
        -0.0139422715
      ]
    ],
    "translation": [
      1.77400875,
      0.7006153,
      -0.6196373
    ]
  },
  {
    "timeStamp": 137632,
    "rotation": [
      [
        0.992353439,
        -0.08527913,
        0.0892306939
      ],
      [
        -0.0916063562,
        -0.0243548322,
        0.9954974
      ],
      [
        -0.08272195,
        -0.9960594,
        -0.031980712
      ]
    ],
    "translation": [
      1.77444065,
      0.703684866,
      -0.61944294
    ]
  },
  {
    "timeStamp": 137676,
    "rotation": [
      [
        0.9912921,
        -0.08626146,
        0.0994928256
      ],
      [
        -0.101010524,
        -0.0134007819,
        0.9947951
      ],
      [
        -0.08447919,
        -0.9961824,
        -0.0219974071
      ]
    ],
    "translation": [
      1.77438283,
      0.7041523,
      -0.619467
    ]
  },
  {
    "timeStamp": 137731,
    "rotation": [
      [
        0.992709339,
        -0.0858333558,
        0.08462129
      ],
      [
        -0.08566971,
        -0.008599017,
        0.9962865
      ],
      [
        -0.08478696,
        -0.9962724,
        -0.0158896446
      ]
    ],
    "translation": [
      1.77438533,
      0.7038583,
      -0.619470358
    ]
  },
  {
    "timeStamp": 137776,
    "rotation": [
      [
        0.990112662,
        -0.08636501,
        0.110534817
      ],
      [
        -0.111271277,
        -0.00374552282,
        0.993783
      ],
      [
        -0.08541407,
        -0.99625653,
        -0.0133184353
      ]
    ],
    "translation": [
      1.77438092,
      0.7047516,
      -0.6194578
    ]
  },
  {
    "timeStamp": 137832,
    "rotation": [
      [
        0.9681603,
        -0.1860574,
        0.167476237
      ],
      [
        -0.154240265,
        0.08357508,
        0.9844923
      ],
      [
        -0.197168946,
        -0.9789779,
        0.0522165224
      ]
    ],
    "translation": [
      1.76972342,
      0.7109533,
      -0.620334566
    ]
  },
  {
    "timeStamp": 137876,
    "rotation": [
      [
        0.9348291,
        -0.2637293,
        0.237784043
      ],
      [
        -0.200303838,
        0.161289066,
        0.96636647
      ],
      [
        -0.293211162,
        -0.9510166,
        0.09795173
      ]
    ],
    "translation": [
      1.7634424,
      0.7232943,
      -0.6207415
    ]
  },
  {
    "timeStamp": 137931,
    "rotation": [
      [
        0.8875339,
        -0.3164422,
        0.334884942
      ],
      [
        -0.272064239,
        0.226646632,
        0.9352071
      ],
      [
        -0.371839523,
        -0.9211382,
        0.115063958
      ]
    ],
    "translation": [
      1.7573055,
      0.7428596,
      -0.6227426
    ]
  },
  {
    "timeStamp": 137976,
    "rotation": [
      [
        0.853768051,
        -0.354490131,
        0.3813357
      ],
      [
        -0.299488723,
        0.264748484,
        0.9166323
      ],
      [
        -0.425895154,
        -0.896797061,
        0.11986801
      ]
    ],
    "translation": [
      1.75707221,
      0.7571222,
      -0.62569803
    ]
  },
  {
    "timeStamp": 138031,
    "rotation": [
      [
        0.800817251,
        -0.387931347,
        0.456290543
      ],
      [
        -0.357248038,
        0.302075982,
        0.8838122
      ],
      [
        -0.4806928,
        -0.8707809,
        0.103319943
      ]
    ],
    "translation": [
      1.75569081,
      0.7804661,
      -0.6282014
    ]
  },
  {
    "timeStamp": 138076,
    "rotation": [
      [
        0.7172122,
        -0.423316538,
        0.5535429
      ],
      [
        -0.41883558,
        0.3729955,
        0.8279198
      ],
      [
        -0.5569411,
        -0.825637639,
        0.09021691
      ]
    ],
    "translation": [
      1.75416422,
      0.808447361,
      -0.629294157
    ]
  },
  {
    "timeStamp": 138131,
    "rotation": [
      [
        0.60227555,
        -0.439818949,
        0.666200757
      ],
      [
        -0.5190306,
        0.4183189,
        0.7453969
      ],
      [
        -0.60652405,
        -0.7947129,
        0.02366373
      ]
    ],
    "translation": [
      1.75526083,
      0.8495942,
      -0.6285514
    ]
  },
  {
    "timeStamp": 138176,
    "rotation": [
      [
        0.5296903,
        -0.456050932,
        0.7151543
      ],
      [
        -0.578322947,
        0.4225879,
        0.6978266
      ],
      [
        -0.620460033,
        -0.7832222,
        -0.03990398
      ]
    ],
    "translation": [
      1.7654084,
      0.878322542,
      -0.6324356
    ]
  },
  {
    "timeStamp": 138231,
    "rotation": [
      [
        0.463707119,
        -0.487343758,
        0.7399134
      ],
      [
        -0.6411263,
        0.3918244,
        0.6598718
      ],
      [
        -0.6115005,
        -0.7803651,
        -0.130757123
      ]
    ],
    "translation": [
      1.78446031,
      0.912113845,
      -0.6389467
    ]
  },
  {
    "timeStamp": 138276,
    "rotation": [
      [
        0.4217173,
        -0.5179098,
        0.7442606
      ],
      [
        -0.672816753,
        0.371514142,
        0.6397615
      ],
      [
        -0.607842147,
        -0.770549536,
        -0.191784486
      ]
    ],
    "translation": [
      1.80422628,
      0.937306,
      -0.6494295
    ]
  },
  {
    "timeStamp": 138331,
    "rotation": [
      [
        0.391445,
        -0.5883696,
        0.707525253
      ],
      [
        -0.6989211,
        0.310034752,
        0.644505858
      ],
      [
        -0.598565042,
        -0.7467929,
        -0.289862365
      ]
    ],
    "translation": [
      1.83686113,
      0.9642105,
      -0.6587913
    ]
  },
  {
    "timeStamp": 138376,
    "rotation": [
      [
        0.370943546,
        -0.6314322,
        0.680951059
      ],
      [
        -0.7103232,
        0.279415518,
        0.6460402
      ],
      [
        -0.598198831,
        -0.723339736,
        -0.344873548
      ]
    ],
    "translation": [
      1.8642714,
      0.9836579,
      -0.670672059
    ]
  },
  {
    "timeStamp": 138431,
    "rotation": [
      [
        0.364547044,
        -0.6933175,
        0.6216239
      ],
      [
        -0.7176549,
        0.21619305,
        0.661990941
      ],
      [
        -0.593360662,
        -0.68743825,
        -0.418750137
      ]
    ],
    "translation": [
      1.90223479,
      1.00307226,
      -0.6822669
    ]
  },
  {
    "timeStamp": 138476,
    "rotation": [
      [
        0.351536661,
        -0.739958346,
        0.573483646
      ],
      [
        -0.7031331,
        0.19574976,
        0.6835831
      ],
      [
        -0.618082345,
        -0.6435399,
        -0.451476038
      ]
    ],
    "translation": [
      1.93392718,
      1.01363349,
      -0.6919877
    ]
  },
  {
    "timeStamp": 138531,
    "rotation": [
      [
        0.332393348,
        -0.7866444,
        0.520293355
      ],
      [
        -0.705033,
        0.159177169,
        0.6910796
      ],
      [
        -0.626452744,
        -0.5965343,
        -0.5017009
      ]
    ],
    "translation": [
      1.97282648,
      1.02449942,
      -0.700113237
    ]
  },
  {
    "timeStamp": 138576,
    "rotation": [
      [
        0.33283,
        -0.8172906,
        0.4703831
      ],
      [
        -0.6976343,
        0.122203447,
        0.705955148
      ],
      [
        -0.634452939,
        -0.563118458,
        -0.529496968
      ]
    ],
    "translation": [
      2.00266051,
      1.02809656,
      -0.7055819
    ]
  },
  {
    "timeStamp": 138627,
    "rotation": [
      [
        0.347152472,
        -0.8384325,
        0.42013824
      ],
      [
        -0.6913073,
        0.07393897,
        0.7187679
      ],
      [
        -0.633702934,
        -0.539966643,
        -0.553946435
      ]
    ],
    "translation": [
      2.030579,
      1.02630448,
      -0.70858
    ]
  },
  {
    "timeStamp": 138682,
    "rotation": [
      [
        0.352927148,
        -0.8554001,
        0.3791214
      ],
      [
        -0.6858581,
        0.0390970521,
        0.726684332
      ],
      [
        -0.636428356,
        -0.5164901,
        -0.5728847
      ]
    ],
    "translation": [
      2.06765652,
      1.023703,
      -0.710565031
    ]
  },
  {
    "timeStamp": 138726,
    "rotation": [
      [
        0.357929647,
        -0.8593834,
        0.365166575
      ],
      [
        -0.68145,
        0.0269496758,
        0.7313683
      ],
      [
        -0.638366938,
        -0.5106212,
        -0.5759807
      ]
    ],
    "translation": [
      2.0899415,
      1.01987469,
      -0.710084736
    ]
  },
  {
    "timeStamp": 138781,
    "rotation": [
      [
        0.361594945,
        -0.8616601,
        0.356077254
      ],
      [
        -0.6923824,
        0.007595168,
        0.721490741
      ],
      [
        -0.6243843,
        -0.507429063,
        -0.5938519
      ]
    ],
    "translation": [
      2.11680126,
      1.01763761,
      -0.7054297
    ]
  },
  {
    "timeStamp": 138826,
    "rotation": [
      [
        0.3913356,
        -0.854585767,
        0.341379136
      ],
      [
        -0.6971056,
        -0.0331218652,
        0.716203
      ],
      [
        -0.600749731,
        -0.518253,
        -0.608698249
      ]
    ],
    "translation": [
      2.137182,
      1.01453912,
      -0.7012695
    ]
  },
  {
    "timeStamp": 138881,
    "rotation": [
      [
        0.3993078,
        -0.8460371,
        0.353234321
      ],
      [
        -0.706149161,
        -0.0380843244,
        0.7070381
      ],
      [
        -0.584727764,
        -0.531761944,
        -0.6126358
      ]
    ],
    "translation": [
      2.15746117,
      1.01097918,
      -0.694545
    ]
  },
  {
    "timeStamp": 138926,
    "rotation": [
      [
        0.400618434,
        -0.836777866,
        0.373239368
      ],
      [
        -0.7147886,
        -0.0305764321,
        0.6986718
      ],
      [
        -0.5732208,
        -0.5466881,
        -0.6103688
      ]
    ],
    "translation": [
      2.17070079,
      1.00758433,
      -0.687868536
    ]
  },
  {
    "timeStamp": 138981,
    "rotation": [
      [
        0.39338845,
        -0.825578,
        0.404557168
      ],
      [
        -0.7068792,
        0.00975296553,
        0.707267046
      ],
      [
        -0.587849736,
        -0.564203739,
        -0.57974726
      ]
    ],
    "translation": [
      2.182906,
      0.998808444,
      -0.6799027
    ]
  },
  {
    "timeStamp": 139026,
    "rotation": [
      [
        0.413905561,
        -0.8117272,
        0.412045
      ],
      [
        -0.6766702,
        0.0284322277,
        0.7357371
      ],
      [
        -0.608933151,
        -0.5833442,
        -0.537503362
      ]
    ],
    "translation": [
      2.19203448,
      0.9869334,
      -0.674167931
    ]
  },
  {
    "timeStamp": 139072,
    "rotation": [
      [
        0.461524367,
        -0.799103141,
        0.385265321
      ],
      [
        -0.6442355,
        -0.00334353722,
        0.76481986
      ],
      [
        -0.6098818,
        -0.6011846,
        -0.5163537
      ]
    ],
    "translation": [
      2.20107055,
      0.973719656,
      -0.6667878
    ]
  },
  {
    "timeStamp": 139128,
    "rotation": [
      [
        0.480989516,
        -0.783581257,
        0.393255085
      ],
      [
        -0.6006964,
        0.03217927,
        0.7988294
      ],
      [
        -0.6386024,
        -0.6204555,
        -0.4552165
      ]
    ],
    "translation": [
      2.204426,
      0.960713863,
      -0.660156548
    ]
  },
  {
    "timeStamp": 139174,
    "rotation": [
      [
        0.5143039,
        -0.7620721,
        0.393367052
      ],
      [
        -0.560673356,
        0.04830426,
        0.826626956
      ],
      [
        -0.648950636,
        -0.6456879,
        -0.402430445
      ]
    ],
    "translation": [
      2.20251226,
      0.9508064,
      -0.6565947
    ]
  },
  {
    "timeStamp": 139231,
    "rotation": [
      [
        0.5832545,
        -0.737129867,
        0.3412532
      ],
      [
        -0.5353587,
        -0.03288161,
        0.8439845
      ],
      [
        -0.61090523,
        -0.6749506,
        -0.413807273
      ]
    ],
    "translation": [
      2.20185518,
      0.941438437,
      -0.6440155
    ]
  },
  {
    "timeStamp": 139275,
    "rotation": [
      [
        0.607411444,
        -0.7187573,
        0.338288873
      ],
      [
        -0.5377077,
        -0.0585401654,
        0.8410966
      ],
      [
        -0.5847408,
        -0.692792237,
        -0.42203927
      ]
    ],
    "translation": [
      2.19845247,
      0.94032,
      -0.635715842
    ]
  },
  {
    "timeStamp": 139331,
    "rotation": [
      [
        0.6112051,
        -0.6947377,
        0.379167438
      ],
      [
        -0.546139657,
        -0.0234644264,
        0.837365448
      ],
      [
        -0.5728524,
        -0.7188804,
        -0.39376536
      ]
    ],
    "translation": [
      2.19087267,
      0.9420366,
      -0.633016646
    ]
  },
  {
    "timeStamp": 139375,
    "rotation": [
      [
        0.610379338,
        -0.685664952,
        0.396611482
      ],
      [
        -0.5447126,
        0.000183901881,
        0.838622749
      ],
      [
        -0.5750872,
        -0.727917254,
        -0.3733781
      ]
    ],
    "translation": [
      2.1880765,
      0.941616833,
      -0.6315004
    ]
  },
  {
    "timeStamp": 139430,
    "rotation": [
      [
        0.621337831,
        -0.674440563,
        0.398834854
      ],
      [
        -0.5140916,
        0.03323247,
        0.857091248
      ],
      [
        -0.591311336,
        -0.7375809,
        -0.3260756
      ]
    ],
    "translation": [
      2.18678546,
      0.936093,
      -0.63135016
    ]
  },
  {
    "timeStamp": 139475,
    "rotation": [
      [
        0.635991156,
        -0.669641435,
        0.383530378
      ],
      [
        -0.493813932,
        0.0287643783,
        0.869091749
      ],
      [
        -0.593011856,
        -0.74212724,
        -0.312384367
      ]
    ],
    "translation": [
      2.185619,
      0.930077553,
      -0.628334343
    ]
  },
  {
    "timeStamp": 139531,
    "rotation": [
      [
        0.667878747,
        -0.6552288,
        0.353005975
      ],
      [
        -0.456696033,
        0.0137162106,
        0.889517069
      ],
      [
        -0.5876791,
        -0.755305946,
        -0.290079653
      ]
    ],
    "translation": [
      2.181592,
      0.9204101,
      -0.6231563
    ]
  },
  {
    "timeStamp": 139575,
    "rotation": [
      [
        0.699635863,
        -0.6355523,
        0.326470554
      ],
      [
        -0.406013459,
        0.0223427322,
        0.913593948
      ],
      [
        -0.587931,
        -0.7717345,
        -0.242411
      ]
    ],
    "translation": [
      2.17522883,
      0.908601761,
      -0.621011555
    ]
  },
  {
    "timeStamp": 139631,
    "rotation": [
      [
        0.740727663,
        -0.6022546,
        0.297677547
      ],
      [
        -0.357729018,
        0.0214621257,
        0.9335788
      ],
      [
        -0.568640947,
        -0.798015535,
        -0.199546367
      ]
    ],
    "translation": [
      2.164667,
      0.8925999,
      -0.6163644
    ]
  },
  {
    "timeStamp": 139675,
    "rotation": [
      [
        0.7669465,
        -0.58210355,
        0.270090044
      ],
      [
        -0.3090886,
        0.0337540954,
        0.9504341
      ],
      [
        -0.5623677,
        -0.812413752,
        -0.154033989
      ]
    ],
    "translation": [
      2.15933013,
      0.879635632,
      -0.6146041
    ]
  },
  {
    "timeStamp": 139731,
    "rotation": [
      [
        0.7737087,
        -0.575909,
        0.264014363
      ],
      [
        -0.2809301,
        0.0616430119,
        0.9577465
      ],
      [
        -0.5678495,
        -0.815186441,
        -0.114096448
      ]
    ],
    "translation": [
      2.15365624,
      0.868982553,
      -0.611135364
    ]
  },
  {
    "timeStamp": 139775,
    "rotation": [
      [
        0.770180941,
        -0.569647551,
        0.286919683
      ],
      [
        -0.294642925,
        0.08121215,
        0.9521503
      ],
      [
        -0.5656915,
        -0.817866862,
        -0.105294563
      ]
    ],
    "translation": [
      2.152667,
      0.8635041,
      -0.608840466
    ]
  },
  {
    "timeStamp": 139831,
    "rotation": [
      [
        0.7567593,
        -0.563121736,
        0.331977725
      ],
      [
        -0.326245427,
        0.114725716,
        0.938297331
      ],
      [
        -0.56646204,
        -0.8183715,
        -0.09689614
      ]
    ],
    "translation": [
      2.15042019,
      0.859478,
      -0.606839
    ]
  },
  {
    "timeStamp": 139875,
    "rotation": [
      [
        0.7371475,
        -0.5729263,
        0.358286083
      ],
      [
        -0.3523411,
        0.126548231,
        0.927276254
      ],
      [
        -0.576601446,
        -0.809778333,
        -0.108580768
      ]
    ],
    "translation": [
      2.14991522,
      0.857265353,
      -0.604428768
    ]
  },
  {
    "timeStamp": 139923,
    "rotation": [
      [
        0.707781255,
        -0.5933177,
        0.383431643
      ],
      [
        -0.3917917,
        0.121961243,
        0.9119346
      ],
      [
        -0.5878307,
        -0.7956755,
        -0.146135077
      ]
    ],
    "translation": [
      2.15171933,
      0.8549701,
      -0.601381838
    ]
  },
  {
    "timeStamp": 139975,
    "rotation": [
      [
        0.707603931,
        -0.595619857,
        0.380175859
      ],
      [
        -0.375638753,
        0.138623461,
        0.916340053
      ],
      [
        -0.5984916,
        -0.7912145,
        -0.125647426
      ]
    ],
    "translation": [
      2.1524086,
      0.854462,
      -0.6016982
    ]
  },
  {
    "timeStamp": 140030,
    "rotation": [
      [
        0.7153484,
        -0.6027427,
        0.353522062
      ],
      [
        -0.311210871,
        0.178161636,
        0.9334914
      ],
      [
        -0.6256392,
        -0.77779156,
        -0.0601324141
      ]
    ],
    "translation": [
      2.15554881,
      0.8545066,
      -0.6062337
    ]
  },
  {
    "timeStamp": 140075,
    "rotation": [
      [
        0.7146285,
        -0.61050266,
        0.341456652
      ],
      [
        -0.294182152,
        0.180570319,
        0.938536763
      ],
      [
        -0.6346361,
        -0.7711556,
        -0.0505582877
      ]
    ],
    "translation": [
      2.159135,
      0.85429424,
      -0.609467268
    ]
  },
  {
    "timeStamp": 140131,
    "rotation": [
      [
        0.742038965,
        -0.634869933,
        0.215217233
      ],
      [
        -0.13299872,
        0.175239727,
        0.9755011
      ],
      [
        -0.6570309,
        -0.7524834,
        0.04559783
      ]
    ],
    "translation": [
      2.17100334,
      0.8491665,
      -0.6174444
    ]
  },
  {
    "timeStamp": 140175,
    "rotation": [
      [
        0.7435175,
        -0.6411742,
        0.189940259
      ],
      [
        -0.120989978,
        0.150366336,
        0.981198967
      ],
      [
        -0.657680035,
        -0.7525195,
        0.0342243575
      ]
    ],
    "translation": [
      2.17865777,
      0.8486424,
      -0.619855464
    ]
  },
  {
    "timeStamp": 140230,
    "rotation": [
      [
        0.738186,
        -0.6542091,
        0.164596409
      ],
      [
        -0.1086691,
        0.12548703,
        0.986125767
      ],
      [
        -0.6657871,
        -0.7458308,
        0.02154046
      ]
    ],
    "translation": [
      2.1851747,
      0.8491973,
      -0.617629647
    ]
  },
  {
    "timeStamp": 140275,
    "rotation": [
      [
        0.7356338,
        -0.6591691,
        0.1560098
      ],
      [
        -0.129523814,
        0.08918284,
        0.9875576
      ],
      [
        -0.6648808,
        -0.7466877,
        -0.0197721813
      ]
    ],
    "translation": [
      2.18666148,
      0.8496314,
      -0.6104264
    ]
  },
  {
    "timeStamp": 140331,
    "rotation": [
      [
        0.7376999,
        -0.6657433,
        0.112180971
      ],
      [
        -0.111348525,
        0.0439098477,
        0.992810845
      ],
      [
        -0.665883,
        -0.7448877,
        -0.04173724
      ]
    ],
    "translation": [
      2.190528,
      0.844995439,
      -0.602919042
    ]
  },
  {
    "timeStamp": 140375,
    "rotation": [
      [
        0.743820548,
        -0.663329,
        0.08200963
      ],
      [
        -0.089027226,
        0.02327863,
        0.9957571
      ],
      [
        -0.6624237,
        -0.747965753,
        -0.04173922
      ]
    ],
    "translation": [
      2.193113,
      0.8395326,
      -0.6016717
    ]
  },
  {
    "timeStamp": 140430,
    "rotation": [
      [
        0.753623545,
        -0.6541162,
        0.06467895
      ],
      [
        -0.0930865556,
        -0.00880061649,
        0.9956191
      ],
      [
        -0.650681436,
        -0.756342769,
        -0.06752178
      ]
    ],
    "translation": [
      2.19305658,
      0.8370942,
      -0.5967165
    ]
  },
  {
    "timeStamp": 140475,
    "rotation": [
      [
        0.7464253,
        -0.6635279,
        0.0507935025
      ],
      [
        -0.06614532,
        0.00197373121,
        0.997808039
      ],
      [
        -0.662173748,
        -0.7481489,
        -0.042416025
      ]
    ],
    "translation": [
      2.19584,
      0.8337628,
      -0.5971876
    ]
  },
  {
    "timeStamp": 140530,
    "rotation": [
      [
        0.741973042,
        -0.6670785,
        0.06694933
      ],
      [
        -0.07698837,
        0.0144216083,
        0.9969277
      ],
      [
        -0.6659946,
        -0.744847834,
        -0.0406568423
      ]
    ],
    "translation": [
      2.193317,
      0.8316928,
      -0.5954559
    ]
  },
  {
    "timeStamp": 140575,
    "rotation": [
      [
        0.755504549,
        -0.654118359,
        0.0366336927
      ],
      [
        -0.06943936,
        -0.0243493766,
        0.997288942
      ],
      [
        -0.651453,
        -0.7560002,
        -0.06381763
      ]
    ],
    "translation": [
      2.19440269,
      0.8284575,
      -0.5914664
    ]
  },
  {
    "timeStamp": 140630,
    "rotation": [
      [
        0.7541499,
        -0.6543061,
        0.0560478047
      ],
      [
        -0.06730957,
        0.00788230449,
        0.997701
      ],
      [
        -0.6532436,
        -0.7561887,
        -0.03809663
      ]
    ],
    "translation": [
      2.188709,
      0.8258938,
      -0.5931138
    ]
  },
  {
    "timeStamp": 140675,
    "rotation": [
      [
        0.7585782,
        -0.6467372,
        0.07931025
      ],
      [
        -0.06888645,
        0.0414354056,
        0.996763647
      ],
      [
        -0.6479304,
        -0.761586547,
        -0.0131194349
      ]
    ],
    "translation": [
      2.18023086,
      0.825109661,
      -0.5970074
    ]
  },
  {
    "timeStamp": 140730,
    "rotation": [
      [
        0.7628679,
        -0.6427978,
        0.06959497
      ],
      [
        -0.0502421036,
        0.04837819,
        0.9975647
      ],
      [
        -0.6445993,
        -0.7645067,
        0.00461065257
      ]
    ],
    "translation": [
      2.17612386,
      0.823963165,
      -0.6015746
    ]
  }
]