[
  {
    "timeStamp": 121628,
    "rotation": [
      [
        0.9993269,
        0.017250644,
        0.0323753133
      ],
      [
        0.03118072,
        0.0655188039,
        -0.997364044
      ],
      [
        -0.0193263683,
        0.9977022,
        0.06493682
      ]
    ],
    "translation": [
      1.76914525,
      0.6989335,
      -0.3602516
    ]
  },
  {
    "timeStamp": 121672,
    "rotation": [
      [
        0.997897565,
        0.0155303217,
        0.06292196
      ],
      [
        0.0617395341,
        0.06750573,
        -0.9958068
      ],
      [
        -0.01971279,
        0.997598,
        0.06640497
      ]
    ],
    "translation": [
      1.7692374,
      0.69930923,
      -0.360253721
    ]
  },
  {
    "timeStamp": 121727,
    "rotation": [
      [
        0.997873664,
        0.0154752051,
        0.06331438
      ],
      [
        0.06254079,
        0.04619642,
        -0.9969727
      ],
      [
        -0.0183532629,
        0.9988125,
        0.0451303571
      ]
    ],
    "translation": [
      1.76923585,
      0.699715,
      -0.360299826
    ]
  },
  {
    "timeStamp": 121772,
    "rotation": [
      [
        0.9978973,
        0.0154727548,
        0.062940225
      ],
      [
        0.0623025559,
        0.03872007,
        -0.9973059
      ],
      [
        -0.0178681333,
        0.999130249,
        0.0376746655
      ]
    ],
    "translation": [
      1.76923132,
      0.699903,
      -0.360315949
    ]
  },
  {
    "timeStamp": 121827,
    "rotation": [
      [
        0.997891843,
        0.01558885,
        0.0629985556
      ],
      [
        0.0623351447,
        0.0399026871,
        -0.9972573
      ],
      [
        -0.0180599056,
        0.999081969,
        0.03884683
      ]
    ],
    "translation": [
      1.76922643,
      0.69987154,
      -0.360317
    ]
  },
  {
    "timeStamp": 121872,
    "rotation": [
      [
        0.9983229,
        0.01657812,
        0.0554662459
      ],
      [
        0.0545282178,
        0.0524997823,
        -0.9971311
      ],
      [
        -0.0194425229,
        0.9984833,
        0.0515077636
      ]
    ],
    "translation": [
      1.7692045,
      0.7000636,
      -0.360321164
    ]
  },
  {
    "timeStamp": 121927,
    "rotation": [
      [
        0.9982023,
        0.0183652565,
        0.05705164
      ],
      [
        0.0554184467,
        0.07968532,
        -0.995278358
      ],
      [
        -0.0228247363,
        0.9966509,
        0.0785243
      ]
    ],
    "translation": [
      1.76933122,
      0.6993715,
      -0.360340536
    ]
  },
  {
    "timeStamp": 121972,
    "rotation": [
      [
        0.998123467,
        0.0232951082,
        0.0566307344
      ],
      [
        0.05451579,
        0.08313726,
        -0.995045841
      ],
      [
        -0.0278878249,
        0.9962658,
        0.08171129
      ]
    ],
    "translation": [
      1.77278292,
      0.6994551,
      -0.361955
    ]
  },
  {
    "timeStamp": 122027,
    "rotation": [
      [
        0.994524062,
        0.09599729,
        -0.04130877
      ],
      [
        -0.0421400741,
        0.006647643,
        -0.9990896
      ],
      [
        -0.09563529,
        0.9953594,
        0.0106565747
      ]
    ],
    "translation": [
      1.76721,
      0.7096588,
      -0.367506772
    ]
  },
  {
    "timeStamp": 122072,
    "rotation": [
      [
        0.993079066,
        0.104602411,
        -0.0534073748
      ],
      [
        -0.0535438024,
        -0.00150543707,
        -0.998564363
      ],
      [
        -0.104532644,
        0.994513035,
        0.004105793
      ]
    ],
    "translation": [
      1.76674283,
      0.716402531,
      -0.36951828
    ]
  },
  {
    "timeStamp": 122127,
    "rotation": [
      [
        0.9899434,
        0.121285558,
        -0.072814174
      ],
      [
        -0.0750506744,
        0.013968938,
        -0.9970819
      ],
      [
        -0.119914494,
        0.9925194,
        0.02293102
      ]
    ],
    "translation": [
      1.76641262,
      0.72307086,
      -0.3687356
    ]
  },
  {
    "timeStamp": 122172,
    "rotation": [
      [
        0.9869863,
        0.137018144,
        -0.08416697
      ],
      [
        -0.0890990645,
        0.0302590188,
        -0.99556303
      ],
      [
        -0.133863389,
        0.9901062,
        0.0420734249
      ]
    ],
    "translation": [
      1.7656281,
      0.7282002,
      -0.367522717
    ]
  },
  {
    "timeStamp": 122227,
    "rotation": [
      [
        0.980985641,
        0.156753987,
        -0.114435047
      ],
      [
        -0.12184535,
        0.0384775735,
        -0.991803
      ],
      [
        -0.151065886,
        0.9868879,
        0.05684569
      ]
    ],
    "translation": [
      1.76438737,
      0.737537563,
      -0.3688044
    ]
  },
  {
    "timeStamp": 122272,
    "rotation": [
      [
        0.9766184,
        0.1713667,
        -0.129807428
      ],
      [
        -0.141156748,
        0.0557427,
        -0.9884167
      ],
      [
        -0.1621459,
        0.9836291,
        0.07862891
      ]
    ],
    "translation": [
      1.76394331,
      0.747682035,
      -0.37012735
    ]
  },
  {
    "timeStamp": 122327,
    "rotation": [
      [
        0.9751335,
        0.175828531,
        -0.134904072
      ],
      [
        -0.150364384,
        0.07773453,
        -0.985569835
      ],
      [
        -0.162804589,
        0.9813469,
        0.102239884
      ]
    ],
    "translation": [
      1.76521766,
      0.7625677,
      -0.378094375
    ]
  },
  {
    "timeStamp": 122372,
    "rotation": [
      [
        0.9744109,
        0.175563589,
        -0.140359715
      ],
      [
        -0.161209166,
        0.1106963,
        -0.980692565
      ],
      [
        -0.1566366,
        0.9782248,
        0.13616614
      ]
    ],
    "translation": [
      1.764774,
      0.7798103,
      -0.386373043
    ]
  },
  {
    "timeStamp": 122427,
    "rotation": [
      [
        0.965242863,
        0.189171657,
        -0.180334181
      ],
      [
        -0.21070607,
        0.15503405,
        -0.9651774
      ],
      [
        -0.1546263,
        0.9696281,
        0.18950513
      ]
    ],
    "translation": [
      1.7619797,
      0.8103923,
      -0.399426639
    ]
  },
  {
    "timeStamp": 122472,
    "rotation": [
      [
        0.9520293,
        0.2090149,
        -0.223501787
      ],
      [
        -0.263392985,
        0.187923133,
        -0.9462077
      ],
      [
        -0.155770347,
        0.9596862,
        0.233961388
      ]
    ],
    "translation": [
      1.75890326,
      0.840062439,
      -0.411996454
    ]
  },
  {
    "timeStamp": 122527,
    "rotation": [
      [
        0.939039,
        0.233401582,
        -0.252446949
      ],
      [
        -0.308809876,
        0.2498095,
        -0.9177318
      ],
      [
        -0.151136428,
        0.9397441,
        0.306657583
      ]
    ],
    "translation": [
      1.75930274,
      0.875189245,
      -0.431603938
    ]
  },
  {
    "timeStamp": 122572,
    "rotation": [
      [
        0.934932947,
        0.248632967,
        -0.2531442
      ],
      [
        -0.3216001,
        0.292359442,
        -0.9006105
      ],
      [
        -0.149912342,
        0.9234216,
        0.353296846
      ]
    ],
    "translation": [
      1.76170993,
      0.9007892,
      -0.450424254
    ]
  },
  {
    "timeStamp": 122627,
    "rotation": [
      [
        0.934147,
        0.266583949,
        -0.237281337
      ],
      [
        -0.3206858,
        0.33521986,
        -0.885882735
      ],
      [
        -0.156620681,
        0.903637469,
        0.398634285
      ]
    ],
    "translation": [
      1.76767528,
      0.9280979,
      -0.479637653
    ]
  },
  {
    "timeStamp": 122672,
    "rotation": [
      [
        0.941098034,
        0.275584817,
        -0.195927337
      ],
      [
        -0.292311639,
        0.37181,
        -0.8810853
      ],
      [
        -0.169965982,
        0.8864594,
        0.4304663
      ]
    ],
    "translation": [
      1.77601159,
      0.94505775,
      -0.504143953
    ]
  },
  {
    "timeStamp": 122727,
    "rotation": [
      [
        0.949405253,
        0.281039268,
        -0.140166447
      ],
      [
        -0.251861423,
        0.4147414,
        -0.8743886
      ],
      [
        -0.18760471,
        0.865451634,
        0.464540631
      ]
    ],
    "translation": [
      1.78618908,
      0.964782953,
      -0.5371545
    ]
  },
  {
    "timeStamp": 122783,
    "rotation": [
      [
        0.9496303,
        0.2973621,
        -0.09888409
      ],
      [
        -0.231840923,
        0.4543662,
        -0.860116959
      ],
      [
        -0.210836589,
        0.8397185,
        0.50042063
      ]
    ],
    "translation": [
      1.7980603,
      0.9857225,
      -0.568152964
    ]
  },
  {
    "timeStamp": 122826,
    "rotation": [
      [
        0.9527637,
        0.2950678,
        -0.0719470456
      ],
      [
        -0.21356459,
        0.4824613,
        -0.849482954
      ],
      [
        -0.2159434,
        0.8247218,
        0.5226876
      ]
    ],
    "translation": [
      1.80629945,
      1.0004797,
      -0.5953888
    ]
  },
  {
    "timeStamp": 122882,
    "rotation": [
      [
        0.9556219,
        0.293304563,
        -0.0275540277
      ],
      [
        -0.187104091,
        0.5320299,
        -0.8257943
      ],
      [
        -0.227549657,
        0.7943026,
        0.5632979
      ]
    ],
    "translation": [
      1.81884456,
      1.01589012,
      -0.6265373
    ]
  },
  {
    "timeStamp": 122927,
    "rotation": [
      [
        0.9543507,
        0.298320472,
        -0.0148178637
      ],
      [
        -0.186347589,
        0.5559026,
        -0.8100906
      ],
      [
        -0.233429328,
        0.7758718,
        0.5861174
      ]
    ],
    "translation": [
      1.82636023,
      1.02718592,
      -0.6523323
    ]
  },
  {
    "timeStamp": 122982,
    "rotation": [
      [
        0.949515,
        0.313573956,
        -0.009627275
      ],
      [
        -0.199820176,
        0.5808366,
        -0.7891139
      ],
      [
        -0.241853684,
        0.7511992,
        0.614171445
      ]
    ],
    "translation": [
      1.83686221,
      1.03995252,
      -0.6809212
    ]
  },
  {
    "timeStamp": 123027,
    "rotation": [
      [
        0.9498271,
        0.3126822,
        -0.007632501
      ],
      [
        -0.2003621,
        0.5895344,
        -0.7824987
      ],
      [
        -0.240173817,
        0.7447677,
        0.622605443
      ]
    ],
    "translation": [
      1.84662628,
      1.04396164,
      -0.7044107
    ]
  },
  {
    "timeStamp": 123072,
    "rotation": [
      [
        0.947084367,
        0.3209844,
        0.000496231
      ],
      [
        -0.203172848,
        0.6006695,
        -0.7732509
      ],
      [
        -0.248499528,
        0.732233,
        0.6341
      ]
    ],
    "translation": [
      1.8591845,
      1.046922,
      -0.72355026
    ]
  },
  {
    "timeStamp": 123127,
    "rotation": [
      [
        0.9483427,
        0.316197,
        0.02579973
      ],
      [
        -0.183762908,
        0.61379087,
        -0.7677838
      ],
      [
        -0.258606583,
        0.723381162,
        0.64018935
      ]
    ],
    "translation": [
      1.87805164,
      1.04598653,
      -0.7451772
    ]
  },
  {
    "timeStamp": 123172,
    "rotation": [
      [
        0.9511103,
        0.302984834,
        0.0599120557
      ],
      [
        -0.153288543,
        0.631491244,
        -0.7600799
      ],
      [
        -0.268126637,
        0.713736,
        0.6470619
      ]
    ],
    "translation": [
      1.89627659,
      1.04314041,
      -0.7586503
    ]
  },
  {
    "timeStamp": 123227,
    "rotation": [
      [
        0.952223063,
        0.301124632,
        0.0509428829
      ],
      [
        -0.159150958,
        0.6316335,
        -0.7587556
      ],
      [
        -0.260657251,
        0.714397,
        0.649380267
      ]
    ],
    "translation": [
      1.9144361,
      1.04422688,
      -0.774564445
    ]
  },
  {
    "timeStamp": 123271,
    "rotation": [
      [
        0.9540823,
        0.292732149,
        0.06352054
      ],
      [
        -0.149090171,
        0.647993445,
        -0.7469114
      ],
      [
        -0.259805858,
        0.70314467,
        0.6618826
      ]
    ],
    "translation": [
      1.93093848,
      1.04564428,
      -0.782298
    ]
  },
  {
    "timeStamp": 123327,
    "rotation": [
      [
        0.959563553,
        0.264960468,
        0.09504587
      ],
      [
        -0.109852113,
        0.663354933,
        -0.7401978
      ],
      [
        -0.2591723,
        0.6998258,
        0.6656377
      ]
    ],
    "translation": [
      1.95218563,
      1.04479158,
      -0.7901556
    ]
  },
  {
    "timeStamp": 123372,
    "rotation": [
      [
        0.9629604,
        0.256967634,
        0.08169949
      ],
      [
        -0.115525879,
        0.6669519,
        -0.7360903
      ],
      [
        -0.243641019,
        0.699387431,
        0.6719347
      ]
    ],
    "translation": [
      1.9647038,
      1.04841375,
      -0.7956484
    ]
  },
  {
    "timeStamp": 123427,
    "rotation": [
      [
        0.9671947,
        0.23310177,
        0.100984581
      ],
      [
        -0.09010092,
        0.6864506,
        -0.7215728
      ],
      [
        -0.237520844,
        0.6888026,
        0.6849341
      ]
    ],
    "translation": [
      1.98330927,
      1.05166256,
      -0.797028363
    ]
  },
  {
    "timeStamp": 123471,
    "rotation": [
      [
        0.969602942,
        0.2282452,
        0.08817242
      ],
      [
        -0.0970205739,
        0.6894452,
        -0.7178108
      ],
      [
        -0.224626914,
        0.687436938,
        0.6906325
      ]
    ],
    "translation": [
      1.99527407,
      1.056097,
      -0.7961669
    ]
  },
  {
    "timeStamp": 123527,
    "rotation": [
      [
        0.972921431,
        0.212771833,
        0.0902894
      ],
      [
        -0.08702367,
        0.6990919,
        -0.709716439
      ],
      [
        -0.214128256,
        0.68264097,
        0.6986776
      ]
    ],
    "translation": [
      2.01027322,
      1.05740809,
      -0.7933707
    ]
  },
  {
    "timeStamp": 123571,
    "rotation": [
      [
        0.975286663,
        0.19407241,
        0.105602719
      ],
      [
        -0.06374447,
        0.704796851,
        -0.7065395
      ],
      [
        -0.211548284,
        0.68234694,
        0.69975
      ]
    ],
    "translation": [
      2.02360988,
      1.05391288,
      -0.7903165
    ]
  },
  {
    "timeStamp": 123627,
    "rotation": [
      [
        0.975007534,
        0.1782939,
        0.1325579
      ],
      [
        -0.0355298035,
        0.7140964,
        -0.699145138
      ],
      [
        -0.219312429,
        0.676962,
        0.702584147
      ]
    ],
    "translation": [
      2.04030943,
      1.04882383,
      -0.7858873
    ]
  },
  {
    "timeStamp": 123672,
    "rotation": [
      [
        0.9714695,
        0.164950728,
        0.170406
      ],
      [
        -0.0024493665,
        0.725454032,
        -0.6882662
      ],
      [
        -0.237151742,
        0.668212235,
        0.705160558
      ]
    ],
    "translation": [
      2.05667353,
      1.04338992,
      -0.7825751
    ]
  },
  {
    "timeStamp": 123727,
    "rotation": [
      [
        0.9631491,
        0.1497111,
        0.2234512
      ],
      [
        0.0401139632,
        0.7415265,
        -0.669723332
      ],
      [
        -0.26596,
        0.6540069,
        0.708195031
      ]
    ],
    "translation": [
      2.077873,
      1.03828275,
      -0.780912936
    ]
  },
  {
    "timeStamp": 123782,
    "rotation": [
      [
        0.950729549,
        0.11905507,
        0.286250353
      ],
      [
        0.100051776,
        0.756092131,
        -0.6467722
      ],
      [
        -0.29343316,
        0.64354527,
        0.7069275
      ]
    ],
    "translation": [
      2.10396075,
      1.03423274,
      -0.7824569
    ]
  },
  {
    "timeStamp": 123827,
    "rotation": [
      [
        0.935858369,
        0.0994665548,
        0.338046521
      ],
      [
        0.146078348,
        0.7635069,
        -0.62906146
      ],
      [
        -0.320671439,
        0.6380937,
        0.7000044
      ]
    ],
    "translation": [
      2.12447786,
      1.03120971,
      -0.7865938
    ]
  },
  {
    "timeStamp": 123882,
    "rotation": [
      [
        0.92012006,
        0.07817022,
        0.383755833
      ],
      [
        0.180825248,
        0.7843816,
        -0.593336165
      ],
      [
        -0.3473922,
        0.615333259,
        0.7075901
      ]
    ],
    "translation": [
      2.15009236,
      1.02986443,
      -0.7918009
    ]
  },
  {
    "timeStamp": 123927,
    "rotation": [
      [
        0.909418464,
        0.06495353,
        0.410778731
      ],
      [
        0.2041399,
        0.7908276,
        -0.576991
      ],
      [
        -0.362332761,
        0.6085826,
        0.7059336
      ]
    ],
    "translation": [
      2.1684196,
      1.026391,
      -0.7964728
    ]
  },
  {
    "timeStamp": 123982,
    "rotation": [
      [
        0.9030126,
        0.0559734777,
        0.425952077
      ],
      [
        0.2103024,
        0.8069702,
        -0.5518805
      ],
      [
        -0.374621272,
        0.5879338,
        0.716932833
      ]
    ],
    "translation": [
      2.18972731,
      1.024382,
      -0.7984159
    ]
  },
  {
    "timeStamp": 124027,
    "rotation": [
      [
        0.9008476,
        0.0575930662,
        0.430298239
      ],
      [
        0.2095759,
        0.810329854,
        -0.54721427
      ],
      [
        -0.380199254,
        0.5831368,
        0.7179136
      ]
    ],
    "translation": [
      2.20561123,
      1.02061927,
      -0.799420655
    ]
  },
  {
    "timeStamp": 124071,
    "rotation": [
      [
        0.9014423,
        0.051584553,
        0.4298149
      ],
      [
        0.20863834,
        0.8181826,
        -0.535767853
      ],
      [
        -0.379304439,
        0.572639644,
        0.7267819
      ]
    ],
    "translation": [
      2.220347,
      1.01772,
      -0.7976631
    ]
  },
  {
    "timeStamp": 124127,
    "rotation": [
      [
        0.9058044,
        0.04745578,
        0.421029985
      ],
      [
        0.204320908,
        0.8216051,
        -0.5321823
      ],
      [
        -0.371175528,
        0.5680783,
        0.734517336
      ]
    ],
    "translation": [
      2.235981,
      1.01232076,
      -0.7950324
    ]
  },
  {
    "timeStamp": 124182,
    "rotation": [
      [
        0.9148586,
        0.03272629,
        0.402445883
      ],
      [
        0.20081149,
        0.8278262,
        -0.5238116
      ],
      [
        -0.35029763,
        0.560029268,
        0.7507721
      ]
    ],
    "translation": [
      2.24714184,
      1.00725472,
      -0.791383
    ]
  },
  {
    "timeStamp": 124226,
    "rotation": [
      [
        0.9271113,
        0.0225697011,
        0.374105841
      ],
      [
        0.194418773,
        0.8244148,
        -0.5315465
      ],
      [
        -0.320415229,
        0.565535963,
        0.759936333
      ]
    ],
    "translation": [
      2.252869,
      1.00305378,
      -0.7904561
    ]
  },
  {
    "timeStamp": 124282,
    "rotation": [
      [
        0.941979945,
        -0.00371479639,
        0.3356485
      ],
      [
        0.190035462,
        0.830161,
        -0.5241367
      ],
      [
        -0.276695222,
        0.5575114,
        0.782700956
      ]
    ],
    "translation": [
      2.25827932,
      1.00021267,
      -0.7888065
    ]
  },
  {
    "timeStamp": 124326,
    "rotation": [
      [
        0.954909444,
        -0.01693235,
        0.296413928
      ],
      [
        0.178186074,
        0.8312619,
        -0.5265486
      ],
      [
        -0.237481877,
        0.5556231,
        0.7967969
      ]
    ],
    "translation": [
      2.26178241,
      0.998212755,
      -0.790394962
    ]
  },
  {
    "timeStamp": 124377,
    "rotation": [
      [
        0.9635412,
        -0.0463843644,
        0.263508618
      ],
      [
        0.181254864,
        0.837602437,
        -0.5153337
      ],
      [
        -0.196812034,
        0.5443075,
        0.8154719
      ]
    ],
    "translation": [
      2.26818633,
      0.995169759,
      -0.792682469
    ]
  },
  {
    "timeStamp": 124421,
    "rotation": [
      [
        0.970205963,
        -0.04899476,
        0.237275973
      ],
      [
        0.170825824,
        0.832818449,
        -0.5265282
      ],
      [
        -0.171810687,
        0.551373661,
        0.816375
      ]
    ],
    "translation": [
      2.272777,
      0.991747737,
      -0.796470046
    ]
  },
  {
    "timeStamp": 124477,
    "rotation": [
      [
        0.9740713,
        -0.0514966249,
        0.220302358
      ],
      [
        0.1631158,
        0.834617436,
        -0.5261244
      ],
      [
        -0.156774566,
        0.5484175,
        0.82137686
      ]
    ],
    "translation": [
      2.27938914,
      0.98961705,
      -0.797784746
    ]
  },
  {
    "timeStamp": 124522,
    "rotation": [
      [
        0.978755355,
        -0.0396136381,
        0.201168045
      ],
      [
        0.14523223,
        0.8265192,
        -0.5438508
      ],
      [
        -0.144725338,
        0.561512947,
        0.8147133
      ]
    ],
    "translation": [
      2.28201437,
      0.9885868,
      -0.798296154
    ]
  },
  {
    "timeStamp": 124577,
    "rotation": [
      [
        0.981709242,
        -0.0437488146,
        0.1852913
      ],
      [
        0.1404599,
        0.8234244,
        -0.5497665
      ],
      [
        -0.128521755,
        0.56573683,
        0.8145084
      ]
    ],
    "translation": [
      2.2837615,
      0.9891577,
      -0.7943517
    ]
  },
  {
    "timeStamp": 124622,
    "rotation": [
      [
        0.983198345,
        -0.04384565,
        0.177196532
      ],
      [
        0.137012452,
        0.818687,
        -0.5576551
      ],
      [
        -0.120617747,
        0.5725637,
        0.8109391
      ]
    ],
    "translation": [
      2.28363466,
      0.989975,
      -0.7893944
    ]
  },
  {
    "timeStamp": 124677,
    "rotation": [
      [
        0.9815997,
        -0.0674607158,
        0.178636864
      ],
      [
        0.154847145,
        0.8286325,
        -0.537950337
      ],
      [
        -0.1117338,
        0.5557133,
        0.823831439
      ]
    ],
    "translation": [
      2.283227,
      0.9940617,
      -0.7795705
    ]
  },
  {
    "timeStamp": 124723,
    "rotation": [
      [
        0.977823734,
        -0.0904647261,
        0.188883334
      ],
      [
        0.178749338,
        0.8304647,
        -0.5276145
      ],
      [
        -0.109130435,
        0.5496767,
        0.828218639
      ]
    ],
    "translation": [
      2.28236222,
      0.996396661,
      -0.77169615
    ]
  },
  {
    "timeStamp": 124774,
    "rotation": [
      [
        0.9716842,
        -0.131043553,
        0.1966147
      ],
      [
        0.213290021,
        0.844513535,
        -0.491227269
      ],
      [
        -0.101671606,
        0.519253731,
        0.8485508
      ]
    ],
    "translation": [
      2.28005171,
      1.00014675,
      -0.761596859
    ]
  },
  {
    "timeStamp": 124821,
    "rotation": [
      [
        0.967606366,
        -0.1566382,
        0.19799602
      ],
      [
        0.236028031,
        0.83960104,
        -0.4892453
      ],
      [
        -0.08960314,
        0.520129442,
        0.849374235
      ]
    ],
    "translation": [
      2.27615619,
      1.00205946,
      -0.750754356
    ]
  },
  {
    "timeStamp": 124877,
    "rotation": [
      [
        0.957931161,
        -0.194721013,
        0.2108354
      ],
      [
        0.274292529,
        0.8373196,
        -0.472926438
      ],
      [
        -0.0844479054,
        0.5108616,
        0.8555051
      ]
    ],
    "translation": [
      2.27412343,
      1.00203323,
      -0.736269236
    ]
  },
  {
    "timeStamp": 124932,
    "rotation": [
      [
        0.9522772,
        -0.2233717,
        0.208022416
      ],
      [
        0.2981848,
        0.8264114,
        -0.477629572
      ],
      [
        -0.0652231649,
        0.516864836,
        0.853578746
      ]
    ],
    "translation": [
      2.27108884,
      0.999003649,
      -0.723515749
    ]
  },
  {
    "timeStamp": 124976,
    "rotation": [
      [
        0.945322156,
        -0.243554711,
        0.216903552
      ],
      [
        0.3204756,
        0.8170873,
        -0.4792325
      ],
      [
        -0.0605098046,
        0.5225414,
        0.850464
      ]
    ],
    "translation": [
      2.26953721,
      0.997148037,
      -0.7113322
    ]
  },
  {
    "timeStamp": 125032,
    "rotation": [
      [
        0.927936435,
        -0.286318541,
        0.238653585
      ],
      [
        0.369520575,
        0.7905887,
        -0.488286883
      ],
      [
        -0.04887123,
        0.5412866,
        0.8394167
      ]
    ],
    "translation": [
      2.26998353,
      0.989483833,
      -0.6954049
    ]
  },
  {
    "timeStamp": 125077,
    "rotation": [
      [
        0.9122262,
        -0.330261439,
        0.242426559
      ],
      [
        0.409540057,
        0.7509472,
        -0.5180301
      ],
      [
        -0.010964185,
        0.571844041,
        0.820289
      ]
    ],
    "translation": [
      2.268075,
      0.980535448,
      -0.686254561
    ]
  },
  {
    "timeStamp": 125122,
    "rotation": [
      [
        0.8950171,
        -0.360109031,
        0.263183951
      ],
      [
        0.446031719,
        0.7224099,
        -0.5283745
      ],
      [
        0.000145738828,
        0.5902926,
        0.8071893
      ]
    ],
    "translation": [
      2.26826334,
      0.9720632,
      -0.6750494
    ]
  },
  {
    "timeStamp": 125178,
    "rotation": [
      [
        0.8721331,
        -0.392611444,
        0.291958928
      ],
      [
        0.489158064,
        0.686997652,
        -0.537362635
      ],
      [
        0.010399621,
        0.6114658,
        0.7912025
      ]
    ],
    "translation": [
      2.26896858,
      0.9630701,
      -0.6598739
    ]
  },
  {
    "timeStamp": 125232,
    "rotation": [
      [
        0.8630302,
        -0.40482384,
        0.30215323
      ],
      [
        0.504663646,
        0.6646492,
        -0.5509592
      ],
      [
        0.0222155452,
        0.6279802,
        0.777912259
      ]
    ],
    "translation": [
      2.26905775,
      0.958090365,
      -0.649558544
    ]
  },
  {
    "timeStamp": 125276,
    "rotation": [
      [
        0.8386485,
        -0.439935833,
        0.32113108
      ],
      [
        0.5440821,
        0.64918983,
        -0.531533
      ],
      [
        0.0253654,
        0.620491,
        0.7838032
      ]
    ],
    "translation": [
      2.27153659,
      0.955347836,
      -0.635535955
    ]
  },
  {
    "timeStamp": 125332,
    "rotation": [
      [
        0.8282897,
        -0.448979229,
        0.335192174
      ],
      [
        0.5595299,
        0.6314563,
        -0.5368326
      ],
      [
        0.02936746,
        0.6322029,
        0.774246037
      ]
    ],
    "translation": [
      2.27308154,
      0.9520928,
      -0.62628895
    ]
  },
  {
    "timeStamp": 125385,
    "rotation": [
      [
        0.8174455,
        -0.4497998,
        0.359809577
      ],
      [
        0.575995147,
        0.6345075,
        -0.5153929
      ],
      [
        0.00352175813,
        0.628554165,
        0.777757764
      ]
    ],
    "translation": [
      2.27587938,
      0.95042336,
      -0.6171797
    ]
  },
  {
    "timeStamp": 125432,
    "rotation": [
      [
        0.7904727,
        -0.4510856,
        0.4143364
      ],
      [
        0.6119086,
        0.611250162,
        -0.5019374
      ],
      [
        -0.0268464573,
        0.650303841,
        0.759199739
      ]
    ],
    "translation": [
      2.2847743,
      0.943998337,
      -0.6100961
    ]
  },
  {
    "timeStamp": 125476,
    "rotation": [
      [
        0.8022256,
        -0.433585435,
        0.410411656
      ],
      [
        0.5957878,
        0.625572741,
        -0.503682137
      ],
      [
        -0.03835308,
        0.648584962,
        0.7601754
      ]
    ],
    "translation": [
      2.28310871,
      0.943568468,
      -0.6065551
    ]
  },
  {
    "timeStamp": 125532,
    "rotation": [
      [
        0.7963949,
        -0.410632,
        0.444000632
      ],
      [
        0.602059066,
        0.607831359,
        -0.517750859
      ],
      [
        -0.05727243,
        0.6796487,
        0.7312985
      ]
    ],
    "translation": [
      2.28633142,
      0.9397427,
      -0.6045367
    ]
  },
  {
    "timeStamp": 125576,
    "rotation": [
      [
        0.7949083,
        -0.376281857,
        0.475954562
      ],
      [
        0.602624,
        0.580755353,
        -0.547327638
      ],
      [
        -0.0704637,
        0.7218969,
        0.6884037
      ]
    ],
    "translation": [
      2.28692865,
      0.9349487,
      -0.6030171
    ]
  },
  {
    "timeStamp": 125632,
    "rotation": [
      [
        0.769457757,
        -0.3506336,
        0.533845246
      ],
      [
        0.633513,
        0.525273,
        -0.5681105
      ],
      [
        -0.08121587,
        0.775334954,
        0.626306355
      ]
    ],
    "translation": [
      2.28955221,
      0.9250839,
      -0.6011317
    ]
  },
  {
    "timeStamp": 125676,
    "rotation": [
      [
        0.7488015,
        -0.345056862,
        0.5658905
      ],
      [
        0.6584181,
        0.485209763,
        -0.575375557
      ],
      [
        -0.0760383,
        0.80343467,
        0.5905175
      ]
    ],
    "translation": [
      2.28699756,
      0.919677734,
      -0.597976
    ]
  },
  {
    "timeStamp": 125732,
    "rotation": [
      [
        0.7136028,
        -0.366987377,
        0.596733868
      ],
      [
        0.6968908,
        0.458826572,
        -0.5511999
      ],
      [
        -0.07151397,
        0.8091961,
        0.583170056
      ]
    ],
    "translation": [
      2.28251,
      0.9161218,
      -0.5909467
    ]
  },
  {
    "timeStamp": 125776,
    "rotation": [
      [
        0.6892126,
        -0.353687584,
        0.632369459
      ],
      [
        0.7203137,
        0.4288033,
        -0.54523015
      ],
      [
        -0.07832095,
        0.831283867,
        0.5503026
      ]
    ],
    "translation": [
      2.27844787,
      0.9131855,
      -0.586509466
    ]
  },
  {
    "timeStamp": 125832,
    "rotation": [
      [
        0.643752933,
        -0.384770155,
        0.6614636
      ],
      [
        0.761872232,
        0.403194249,
        -0.506936967
      ],
      [
        -0.071644105,
        0.83029294,
        0.552703142
      ]
    ],
    "translation": [
      2.27406764,
      0.9102259,
      -0.5782375
    ]
  },
  {
    "timeStamp": 125876,
    "rotation": [
      [
        0.6197403,
        -0.371014565,
        0.691570759
      ],
      [
        0.781078637,
        0.3773798,
        -0.49749434
      ],
      [
        -0.07640719,
        0.84848845,
        0.523669064
      ]
    ],
    "translation": [
      2.26804352,
      0.9072922,
      -0.574797332
    ]
  },
  {
    "timeStamp": 125932,
    "rotation": [
      [
        0.5859486,
        -0.367890269,
        0.722025633
      ],
      [
        0.808009565,
        0.332891673,
        -0.486110747
      ],
      [
        -0.0615209229,
        0.8682396,
        0.492316246
      ]
    ],
    "translation": [
      2.26366353,
      0.9030673,
      -0.5754233
    ]
  },
  {
    "timeStamp": 125976,
    "rotation": [
      [
        0.520734,
        -0.386712939,
        0.761110544
      ],
      [
        0.8510545,
        0.305524975,
        -0.427037239
      ],
      [
        -0.06739745,
        0.870119333,
        0.488211
      ]
    ],
    "translation": [
      2.26593876,
      0.902803,
      -0.572850943
    ]
  },
  {
    "timeStamp": 126032,
    "rotation": [
      [
        0.485054851,
        -0.369947553,
        0.7923765
      ],
      [
        0.87057054,
        0.289907038,
        -0.397568643
      ],
      [
        -0.0826359838,
        0.882662237,
        0.46268627
      ]
    ],
    "translation": [
      2.265674,
      0.901925564,
      -0.571652353
    ]
  },
  {
    "timeStamp": 126076,
    "rotation": [
      [
        0.4467633,
        -0.3556868,
        0.820907652
      ],
      [
        0.8890838,
        0.278729528,
        -0.3630976
      ],
      [
        -0.09966217,
        0.892074347,
        0.440761536
      ]
    ],
    "translation": [
      2.26753521,
      0.9019513,
      -0.570628464
    ]
  },
  {
    "timeStamp": 126121,
    "rotation": [
      [
        0.423550546,
        -0.332433343,
        0.8426702
      ],
      [
        0.900124848,
        0.25906986,
        -0.350225866
      ],
      [
        -0.101883695,
        0.9068467,
        0.4089607
      ]
    ],
    "translation": [
      2.268533,
      0.9004374,
      -0.5729615
    ]
  },
  {
    "timeStamp": 126178,
    "rotation": [
      [
        0.416874141,
        -0.321477115,
        0.8502167
      ],
      [
        0.903249145,
        0.2512361,
        -0.347881377
      ],
      [
        -0.101769224,
        0.9129802,
        0.395107776
      ]
    ],
    "translation": [
      2.26410174,
      0.896811366,
      -0.5721176
    ]
  },
  {
    "timeStamp": 126224,
    "rotation": [
      [
        0.417038977,
        -0.299507737,
        0.8581221
      ],
      [
        0.903832138,
        0.236115545,
        -0.356842935
      ],
      [
        -0.09573874,
        0.924415767,
        0.369174123
      ]
    ],
    "translation": [
      2.26024628,
      0.892270148,
      -0.5740422
    ]
  },
  {
    "timeStamp": 126281,
    "rotation": [
      [
        0.4234739,
        -0.284802318,
        0.859975338
      ],
      [
        0.9029766,
        0.209013179,
        -0.375428855
      ],
      [
        -0.07282317,
        0.9355219,
        0.345681429
      ]
    ],
    "translation": [
      2.25374937,
      0.885503,
      -0.577309
    ]
  },
  {
    "timeStamp": 126325,
    "rotation": [
      [
        0.427074522,
        -0.280222535,
        0.8596992
      ],
      [
        0.9011644,
        0.209957808,
        -0.379236639
      ],
      [
        -0.07422991,
        0.936692655,
        0.3421942
      ]
    ],
    "translation": [
      2.2486763,
      0.8821605,
      -0.575672448
    ]
  },
  {
    "timeStamp": 126381,
    "rotation": [
      [
        0.418009728,
        -0.267623454,
        0.8681276
      ],
      [
        0.9057724,
        0.195997,
        -0.3757147
      ],
      [
        -0.06960034,
        0.9433784,
        0.3243346
      ]
    ],
    "translation": [
      2.24680424,
      0.8792597,
      -0.5738054
    ]
  },
  {
    "timeStamp": 126426,
    "rotation": [
      [
        0.404200971,
        -0.279740363,
        0.8708427
      ],
      [
        0.9113391,
        0.204351112,
        -0.357353747
      ],
      [
        -0.07799139,
        0.938075662,
        0.337537259
      ]
    ],
    "translation": [
      2.245494,
      0.875928462,
      -0.5685727
    ]
  },
  {
    "timeStamp": 126481,
    "rotation": [
      [
        0.388798684,
        -0.268773347,
        0.881247163
      ],
      [
        0.918753862,
        0.184484273,
        -0.3490801
      ],
      [
        -0.06875282,
        0.9453711,
        0.318663776
      ]
    ],
    "translation": [
      2.246264,
      0.871073544,
      -0.5662012
    ]
  },
  {
    "timeStamp": 126526,
    "rotation": [
      [
        0.387153655,
        -0.2561464,
        0.8857206
      ],
      [
        0.9204251,
        0.163763463,
        -0.354963541
      ],
      [
        -0.0541260466,
        0.9526649,
        0.2991652
      ]
    ],
    "translation": [
      2.24534726,
      0.866223454,
      -0.567037165
    ]
  },
  {
    "timeStamp": 126581,
    "rotation": [
      [
        0.3715024,
        -0.267913342,
        0.888936639
      ],
      [
        0.9264178,
        0.170003429,
        -0.335929751
      ],
      [
        -0.0611222275,
        0.9483255,
        0.3113564
      ]
    ],
    "translation": [
      2.244437,
      0.8629439,
      -0.5614991
    ]
  },
  {
    "timeStamp": 126626,
    "rotation": [
      [
        0.3755151,
        -0.259999156,
        0.8896004
      ],
      [
        0.925027251,
        0.164749071,
        -0.342318952
      ],
      [
        -0.057558205,
        0.9514506,
        0.302372068
      ]
    ],
    "translation": [
      2.24278879,
      0.8594251,
      -0.5609134
    ]
  },
  {
    "timeStamp": 126681,
    "rotation": [
      [
        0.375986665,
        -0.267487854,
        0.8871777
      ],
      [
        0.9246321,
        0.171062946,
        -0.340283662
      ],
      [
        -0.0607414879,
        0.948255062,
        0.31164524
      ]
    ],
    "translation": [
      2.23929882,
      0.855657756,
      -0.556891441
    ]
  },
  {
    "timeStamp": 126725,
    "rotation": [
      [
        0.3814109,
        -0.2578444,
        0.887717366
      ],
      [
        0.9229048,
        0.160913646,
        -0.3497907
      ],
      [
        -0.05265426,
        0.952692568,
        0.299340039
      ]
    ],
    "translation": [
      2.2379446,
      0.851269,
      -0.55712086
    ]
  },
  {
    "timeStamp": 126781,
    "rotation": [
      [
        0.399211884,
        -0.2352289,
        0.88616997
      ],
      [
        0.915854752,
        0.147527769,
        -0.3734242
      ],
      [
        -0.0428945124,
        0.960678339,
        0.274330348
      ]
    ],
    "translation": [
      2.236003,
      0.845302939,
      -0.5595281
    ]
  },
  {
    "timeStamp": 126826,
    "rotation": [
      [
        0.399597079,
        -0.2556046,
        0.880334258
      ],
      [
        0.9155876,
        0.15839012,
        -0.369610578
      ],
      [
        -0.0449620821,
        0.9537184,
        0.297320634
      ]
    ],
    "translation": [
      2.23398757,
      0.8407616,
      -0.555913568
    ]
  },
  {
    "timeStamp": 126881,
    "rotation": [
      [
        0.4003289,
        -0.244411126,
        0.8831761
      ],
      [
        0.915183663,
        0.1556932,
        -0.371750683
      ],
      [
        -0.0466445,
        0.9570908,
        0.28600955
      ]
    ],
    "translation": [
      2.2323606,
      0.8378563,
      -0.555617452
    ]
  }
]