[
  {
    "timeStamp": 37936,
    "rotation": [
      [
        0.9999367,
        0.00346124545,
        -0.0107097253
      ],
      [
        0.01058846,
        0.0333357826,
        0.9993881
      ],
      [
        0.00381615572,
        -0.9994382,
        0.03329702
      ]
    ],
    "translation": [
      1.616052,
      0.705488265,
      -0.74990356
    ]
  },
  {
    "timeStamp": 37980,
    "rotation": [
      [
        0.9998946,
        0.0110873226,
        0.009373846
      ],
      [
        -0.00963531248,
        0.0237689987,
        0.999671042
      ],
      [
        0.0108608678,
        -0.999656,
        0.0238733236
      ]
    ],
    "translation": [
      1.61380792,
      0.71177423,
      -0.7478225
    ]
  },
  {
    "timeStamp": 38027,
    "rotation": [
      [
        0.9992275,
        0.02124508,
        0.03306055
      ],
      [
        -0.0336299352,
        0.0270268172,
        0.999068856
      ],
      [
        0.0203317758,
        -0.9994089,
        0.02772041
      ]
    ],
    "translation": [
      1.6109302,
      0.7192775,
      -0.750364661
    ]
  },
  {
    "timeStamp": 38080,
    "rotation": [
      [
        0.995814,
        0.0351210348,
        0.08438574
      ],
      [
        -0.08539155,
        0.0281958282,
        0.995948434
      ],
      [
        0.0325994156,
        -0.998985231,
        0.0310768411
      ]
    ],
    "translation": [
      1.60762918,
      0.73966223,
      -0.753242552
    ]
  },
  {
    "timeStamp": 38136,
    "rotation": [
      [
        0.9844418,
        0.0050567016,
        0.175638065
      ],
      [
        -0.1757054,
        0.036191,
        0.983777344
      ],
      [
        -0.00138184126,
        -0.9993321,
        0.036516428
      ]
    ],
    "translation": [
      1.604252,
      0.776889861,
      -0.750680566
    ]
  },
  {
    "timeStamp": 38180,
    "rotation": [
      [
        0.967445135,
        -0.0445200242,
        0.249134153
      ],
      [
        -0.2485151,
        0.0190259181,
        0.9684411
      ],
      [
        -0.04785503,
        -0.9988273,
        0.00734263426
      ]
    ],
    "translation": [
      1.60879207,
      0.8128513,
      -0.7394814
    ]
  },
  {
    "timeStamp": 38236,
    "rotation": [
      [
        0.9296039,
        -0.146212146,
        0.338317543
      ],
      [
        -0.3442401,
        -0.01652367,
        0.93873626
      ],
      [
        -0.1316644,
        -0.9891153,
        -0.06569255
      ]
    ],
    "translation": [
      1.62857652,
      0.863711834,
      -0.711958647
    ]
  },
  {
    "timeStamp": 38280,
    "rotation": [
      [
        0.888206661,
        -0.252398938,
        0.383905858
      ],
      [
        -0.409575552,
        -0.0563746467,
        0.910532653
      ],
      [
        -0.208174929,
        -0.965979636,
        -0.153448775
      ]
    ],
    "translation": [
      1.65845335,
      0.9029007,
      -0.68169874
    ]
  },
  {
    "timeStamp": 38336,
    "rotation": [
      [
        0.8297583,
        -0.401404917,
        0.387782574
      ],
      [
        -0.468015045,
        -0.1218787,
        0.8752757
      ],
      [
        -0.3040775,
        -0.9077553,
        -0.2889934
      ]
    ],
    "translation": [
      1.7147733,
      0.9478957,
      -0.6371515
    ]
  },
  {
    "timeStamp": 38380,
    "rotation": [
      [
        0.789835632,
        -0.5046917,
        0.348490864
      ],
      [
        -0.4900807,
        -0.1777166,
        0.853368461
      ],
      [
        -0.36875543,
        -0.8448095,
        -0.387706578
      ]
    ],
    "translation": [
      1.76653564,
      0.974028945,
      -0.6123328
    ]
  },
  {
    "timeStamp": 38436,
    "rotation": [
      [
        0.7421479,
        -0.6123953,
        0.272375673
      ],
      [
        -0.497860968,
        -0.231627628,
        0.835753
      ],
      [
        -0.4487215,
        -0.7558576,
        -0.476789653
      ]
    ],
    "translation": [
      1.83608019,
      0.995865166,
      -0.5851308
    ]
  },
  {
    "timeStamp": 38480,
    "rotation": [
      [
        0.7117658,
        -0.6730005,
        0.201146021
      ],
      [
        -0.4867908,
        -0.266168952,
        0.8319788
      ],
      [
        -0.506383359,
        -0.6900901,
        -0.517060459
      ]
    ],
    "translation": [
      1.88931155,
      1.00216651,
      -0.570930839
    ]
  },
  {
    "timeStamp": 38536,
    "rotation": [
      [
        0.698468566,
        -0.7081293,
        0.103414468
      ],
      [
        -0.430915415,
        -0.300788552,
        0.8507868
      ],
      [
        -0.5713612,
        -0.6388107,
        -0.5152352
      ]
    ],
    "translation": [
      1.946414,
      0.9911071,
      -0.5627606
    ]
  },
  {
    "timeStamp": 38580,
    "rotation": [
      [
        0.664077,
        -0.7462276,
        0.0463269465
      ],
      [
        -0.403990656,
        -0.3059978,
        0.8620655
      ],
      [
        -0.6291211,
        -0.5911935,
        -0.5046751
      ]
    ],
    "translation": [
      1.98844719,
      0.979254246,
      -0.555606
    ]
  },
  {
    "timeStamp": 38636,
    "rotation": [
      [
        0.6285028,
        -0.777625561,
        0.0168170333
      ],
      [
        -0.348706841,
        -0.2623782,
        0.8997562
      ],
      [
        -0.695261,
        -0.571363449,
        -0.436068743
      ]
    ],
    "translation": [
      2.02383637,
      0.949208,
      -0.5578558
    ]
  },
  {
    "timeStamp": 38679,
    "rotation": [
      [
        0.6099809,
        -0.7919521,
        -0.0271152444
      ],
      [
        -0.3164316,
        -0.274809778,
        0.9079376
      ],
      [
        -0.7264946,
        -0.545244455,
        -0.418227375
      ]
    ],
    "translation": [
      2.05009937,
      0.9325571,
      -0.5553267
    ]
  },
  {
    "timeStamp": 38730,
    "rotation": [
      [
        0.5883079,
        -0.808389664,
        -0.0199980382
      ],
      [
        -0.271930784,
        -0.221067652,
        0.93658036
      ],
      [
        -0.7615428,
        -0.5455596,
        -0.3498819
      ]
    ],
    "translation": [
      2.066631,
      0.9034233,
      -0.559143662
    ]
  },
  {
    "timeStamp": 38786,
    "rotation": [
      [
        0.567912757,
        -0.8228824,
        -0.0184279289
      ],
      [
        -0.253736824,
        -0.196327209,
        0.9471395
      ],
      [
        -0.7830023,
        -0.5332168,
        -0.3202923
      ]
    ],
    "translation": [
      2.07838869,
      0.8821262,
      -0.5595712
    ]
  },
  {
    "timeStamp": 38830,
    "rotation": [
      [
        0.569886446,
        -0.821535945,
        -0.0175520051
      ],
      [
        -0.210325882,
        -0.1664816,
        0.9633519
      ],
      [
        -0.7943503,
        -0.545309544,
        -0.2676659
      ]
    ],
    "translation": [
      2.08267832,
      0.860076249,
      -0.5628693
    ]
  },
  {
    "timeStamp": 38886,
    "rotation": [
      [
        0.561661363,
        -0.8270494,
        -0.0229329634
      ],
      [
        -0.1928351,
        -0.157811165,
        0.968457639
      ],
      [
        -0.804581344,
        -0.539522946,
        -0.248120591
      ]
    ],
    "translation": [
      2.08949327,
      0.842258334,
      -0.5610924
    ]
  },
  {
    "timeStamp": 38930,
    "rotation": [
      [
        0.555405,
        -0.831148446,
        -0.026786156
      ],
      [
        -0.1615314,
        -0.139427066,
        0.976968646
      ],
      [
        -0.815740645,
        -0.5382865,
        -0.21169506
      ]
    ],
    "translation": [
      2.09343147,
      0.8253134,
      -0.561240852
    ]
  },
  {
    "timeStamp": 38986,
    "rotation": [
      [
        0.548143446,
        -0.835978568,
        -0.0260496065
      ],
      [
        -0.152512118,
        -0.130527109,
        0.9796442
      ],
      [
        -0.8223617,
        -0.5330127,
        -0.199044436
      ]
    ],
    "translation": [
      2.097523,
      0.8100434,
      -0.5586696
    ]
  },
  {
    "timeStamp": 39030,
    "rotation": [
      [
        0.5464249,
        -0.837056756,
        -0.02749278
      ],
      [
        -0.132744625,
        -0.11897333,
        0.9839839
      ],
      [
        -0.8269212,
        -0.5340238,
        -0.176124781
      ]
    ],
    "translation": [
      2.100887,
      0.797616,
      -0.5581219
    ]
  },
  {
    "timeStamp": 39086,
    "rotation": [
      [
        0.5435831,
        -0.8389712,
        -0.0253912657
      ],
      [
        -0.122199483,
        -0.109031178,
        0.9864986
      ],
      [
        -0.8304124,
        -0.5331412,
        -0.161789358
      ]
    ],
    "translation": [
      2.10270166,
      0.787550449,
      -0.556142569
    ]
  },
  {
    "timeStamp": 39131,
    "rotation": [
      [
        0.53437835,
        -0.8444113,
        -0.03754144
      ],
      [
        -0.104001008,
        -0.109763652,
        0.9885018
      ],
      [
        -0.8388228,
        -0.5243296,
        -0.146474943
      ]
    ],
    "translation": [
      2.10793257,
      0.780576,
      -0.554703832
    ]
  },
  {
    "timeStamp": 39177,
    "rotation": [
      [
        0.5231578,
        -0.8515873,
        -0.0332419723
      ],
      [
        -0.09120282,
        -0.09472522,
        0.9913169
      ],
      [
        -0.8473418,
        -0.5155834,
        -0.1272234
      ]
    ],
    "translation": [
      2.112415,
      0.7744852,
      -0.556024551
    ]
  },
  {
    "timeStamp": 39238,
    "rotation": [
      [
        0.5063449,
        -0.861392736,
        -0.04021589
      ],
      [
        -0.08027537,
        -0.0935186744,
        0.99237597
      ],
      [
        -0.858586431,
        -0.499256164,
        -0.116501331
      ]
    ],
    "translation": [
      2.118952,
      0.7711663,
      -0.5550226
    ]
  },
  {
    "timeStamp": 39279,
    "rotation": [
      [
        0.4989602,
        -0.865531564,
        -0.04351766
      ],
      [
        -0.07522039,
        -0.0932791755,
        0.9927945
      ],
      [
        -0.863354266,
        -0.492091566,
        -0.111648217
      ]
    ],
    "translation": [
      2.12236643,
      0.7695961,
      -0.5542611
    ]
  },
  {
    "timeStamp": 39335,
    "rotation": [
      [
        0.483766466,
        -0.874075532,
        -0.0442944169
      ],
      [
        -0.06881523,
        -0.08844306,
        0.9937013
      ],
      [
        -0.8724875,
        -0.4776712,
        -0.102935493
      ]
    ],
    "translation": [
      2.1259656,
      0.7666302,
      -0.5538646
    ]
  },
  {
    "timeStamp": 39379,
    "rotation": [
      [
        0.476959825,
        -0.8780438,
        -0.0393515043
      ],
      [
        -0.06490325,
        -0.07983532,
        0.994692862
      ],
      [
        -0.876525462,
        -0.471874475,
        -0.09506613
      ]
    ],
    "translation": [
      2.1270268,
      0.76368165,
      -0.5541142
    ]
  },
  {
    "timeStamp": 39435,
    "rotation": [
      [
        0.469630659,
        -0.8821414,
        -0.0356864072
      ],
      [
        -0.0608477928,
        -0.07266607,
        0.9954985
      ],
      [
        -0.88076365,
        -0.465345174,
        -0.087802574
      ]
    ],
    "translation": [
      2.12760329,
      0.760783732,
      -0.5538732
    ]
  },
  {
    "timeStamp": 39479,
    "rotation": [
      [
        0.469982833,
        -0.8820528,
        -0.0331518129
      ],
      [
        -0.05850375,
        -0.06860422,
        0.9959271
      ],
      [
        -0.8807346,
        -0.466129124,
        -0.083846204
      ]
    ],
    "translation": [
      2.12650084,
      0.758678257,
      -0.554145
    ]
  },
  {
    "timeStamp": 39535,
    "rotation": [
      [
        0.467046857,
        -0.883528,
        -0.0352922752
      ],
      [
        -0.05303541,
        -0.0678317249,
        0.996286154
      ],
      [
        -0.8826406,
        -0.4634406,
        -0.07853886
      ]
    ],
    "translation": [
      2.12692142,
      0.755577564,
      -0.553704262
    ]
  },
  {
    "timeStamp": 39579,
    "rotation": [
      [
        0.46753493,
        -0.8832553,
        -0.03565478
      ],
      [
        -0.0473697744,
        -0.06531019,
        0.996740043
      ],
      [
        -0.8827045,
        -0.464321822,
        -0.072374396
      ]
    ],
    "translation": [
      2.12635136,
      0.7515039,
      -0.5539004
    ]
  },
  {
    "timeStamp": 39635,
    "rotation": [
      [
        0.4609774,
        -0.88633287,
        -0.0437487029
      ],
      [
        -0.04242924,
        -0.07125644,
        0.9965552
      ],
      [
        -0.886397,
        -0.4575332,
        -0.07045403
      ]
    ],
    "translation": [
      2.12765884,
      0.7480459,
      -0.5514402
    ]
  },
  {
    "timeStamp": 39680,
    "rotation": [
      [
        0.4624031,
        -0.885476,
        -0.0459958874
      ],
      [
        -0.03641948,
        -0.07079848,
        0.9968256
      ],
      [
        -0.885921538,
        -0.4592601,
        -0.06498602
      ]
    ],
    "translation": [
      2.12800145,
      0.7446712,
      -0.5508206
    ]
  }
]