[
  {
    "timeStamp": 41412,
    "rotation": [
      [
        -0.9999667,
        0.00307174842,
        -0.00756254373
      ],
      [
        -0.00752100768,
        0.013315808,
        0.999883056
      ],
      [
        0.00317208981,
        0.999906659,
        -0.0132922614
      ]
    ],
    "translation": [
      1.30794466,
      0.7019732,
      -0.489925325
    ]
  },
  {
    "timeStamp": 41458,
    "rotation": [
      [
        -0.9998344,
        -0.0125936065,
        0.0131367156
      ],
      [
        0.0133172,
        -0.0143564027,
        0.999808252
      ],
      [
        -0.0124025932,
        0.9998176,
        0.0145217367
      ]
    ],
    "translation": [
      1.30560613,
      0.7052748,
      -0.498253942
    ]
  },
  {
    "timeStamp": 41512,
    "rotation": [
      [
        -0.9988036,
        -0.00600702735,
        0.04853118
      ],
      [
        0.04859173,
        -0.0103817042,
        0.998764753
      ],
      [
        -0.00549576432,
        0.9999281,
        0.0106611755
      ]
    ],
    "translation": [
      1.30266166,
      0.7164521,
      -0.5022562
    ]
  },
  {
    "timeStamp": 41557,
    "rotation": [
      [
        -0.9965354,
        -0.006509972,
        0.08291414
      ],
      [
        0.08288496,
        0.0046309,
        0.996548355
      ],
      [
        -0.00687147,
        0.9999681,
        -0.0040752776
      ]
    ],
    "translation": [
      1.30139554,
      0.7298724,
      -0.5047906
    ]
  },
  {
    "timeStamp": 41612,
    "rotation": [
      [
        -0.989168346,
        0.005869702,
        0.146668151
      ],
      [
        0.14675349,
        0.0186593328,
        0.9889971
      ],
      [
        0.00306839123,
        0.999808669,
        -0.0193186216
      ]
    ],
    "translation": [
      1.30572581,
      0.754715443,
      -0.5130913
    ]
  },
  {
    "timeStamp": 41657,
    "rotation": [
      [
        -0.9787362,
        0.0316142142,
        0.202672288
      ],
      [
        0.203124285,
        0.01177552,
        0.979082167
      ],
      [
        0.0285663418,
        0.999430835,
        -0.01794674
      ]
    ],
    "translation": [
      1.30939436,
      0.7785715,
      -0.5246433
    ]
  },
  {
    "timeStamp": 41712,
    "rotation": [
      [
        -0.9647671,
        0.07304633,
        0.25276193
      ],
      [
        0.251207948,
        -0.0298830066,
        0.9674717
      ],
      [
        0.07822355,
        0.9968807,
        0.0104803247
      ]
    ],
    "translation": [
      1.33102226,
      0.801728249,
      -0.5480967
    ]
  },
  {
    "timeStamp": 41758,
    "rotation": [
      [
        -0.9553347,
        0.107597195,
        0.275242656
      ],
      [
        0.2678787,
        -0.07804917,
        0.9602861
      ],
      [
        0.124806546,
        0.991126239,
        0.04574008
      ]
    ],
    "translation": [
      1.35512269,
      0.8142911,
      -0.5760682
    ]
  },
  {
    "timeStamp": 41811,
    "rotation": [
      [
        -0.94650954,
        0.14810726,
        0.286677122
      ],
      [
        0.275092244,
        -0.09397987,
        0.956813455
      ],
      [
        0.168652922,
        0.9844958,
        0.04820969
      ]
    ],
    "translation": [
      1.39505029,
      0.8220833,
      -0.603420734
    ]
  },
  {
    "timeStamp": 41866,
    "rotation": [
      [
        -0.9306776,
        0.20181118,
        0.305141866
      ],
      [
        0.284067959,
        -0.126949131,
        0.950362742
      ],
      [
        0.2305313,
        0.97116226,
        0.06082062
      ]
    ],
    "translation": [
      1.437292,
      0.827066064,
      -0.630603552
    ]
  },
  {
    "timeStamp": 41911,
    "rotation": [
      [
        -0.9001391,
        0.283125281,
        0.3310432
      ],
      [
        0.295888275,
        -0.1603292,
        0.9416712
      ],
      [
        0.31968683,
        0.94558686,
        0.0605451241
      ]
    ],
    "translation": [
      1.47235882,
      0.833224,
      -0.644687235
    ]
  },
  {
    "timeStamp": 41966,
    "rotation": [
      [
        -0.839804053,
        0.389155984,
        0.37853238
      ],
      [
        0.310104966,
        -0.228444144,
        0.922847867
      ],
      [
        0.445605278,
        0.892396152,
        0.07116912
      ]
    ],
    "translation": [
      1.51320493,
      0.844488144,
      -0.660740435
    ]
  },
  {
    "timeStamp": 42011,
    "rotation": [
      [
        -0.7686876,
        0.497148365,
        0.4024461
      ],
      [
        0.3069986,
        -0.265218526,
        0.9140082
      ],
      [
        0.561133862,
        0.8261371,
        0.0512463376
      ]
    ],
    "translation": [
      1.551836,
      0.8502328,
      -0.66568625
    ]
  },
  {
    "timeStamp": 42066,
    "rotation": [
      [
        -0.694363058,
        0.561705768,
        0.4498295
      ],
      [
        0.316403747,
        -0.323126346,
        0.8918958
      ],
      [
        0.6463347,
        0.7616272,
        0.04664121
      ]
    ],
    "translation": [
      1.58947539,
      0.864079833,
      -0.677883744
    ]
  },
  {
    "timeStamp": 42111,
    "rotation": [
      [
        -0.620157361,
        0.650205255,
        0.438905567
      ],
      [
        0.325840741,
        -0.295442522,
        0.8980766
      ],
      [
        0.7136054,
        0.6999621,
        -0.0286425054
      ]
    ],
    "translation": [
      1.630901,
      0.871424258,
      -0.671461
    ]
  },
  {
    "timeStamp": 42167,
    "rotation": [
      [
        -0.50757,
        0.751663148,
        0.421159357
      ],
      [
        0.336001277,
        -0.2774267,
        0.900076449
      ],
      [
        0.7933951,
        0.59836185,
        -0.111746304
      ]
    ],
    "translation": [
      1.68402326,
      0.8854016,
      -0.6544845
    ]
  },
  {
    "timeStamp": 42212,
    "rotation": [
      [
        -0.427916467,
        0.8164279,
        0.387728065
      ],
      [
        0.344898045,
        -0.24902162,
        0.90500474
      ],
      [
        0.835423768,
        0.520993054,
        -0.175023913
      ]
    ],
    "translation": [
      1.72537613,
      0.8975861,
      -0.647191346
    ]
  },
  {
    "timeStamp": 42256,
    "rotation": [
      [
        -0.358249,
        0.865451455,
        0.350216359
      ],
      [
        0.3879545,
        -0.2032005,
        0.8989999
      ],
      [
        0.8492049,
        0.457933843,
        -0.2629594
      ]
    ],
    "translation": [
      1.771282,
      0.91583544,
      -0.627533555
    ]
  },
  {
    "timeStamp": 42312,
    "rotation": [
      [
        -0.265297145,
        0.9314839,
        0.248907819
      ],
      [
        0.4306527,
        -0.116495319,
        0.8949677
      ],
      [
        0.8626446,
        0.344625175,
        -0.3702402
      ]
    ],
    "translation": [
      1.83316731,
      0.934734166,
      -0.6084343
    ]
  },
  {
    "timeStamp": 42368,
    "rotation": [
      [
        -0.186651826,
        0.9794428,
        0.07650456
      ],
      [
        0.448334724,
        0.0156294368,
        0.8937291
      ],
      [
        0.874160767,
        0.201115817,
        -0.442035437
      ]
    ],
    "translation": [
      1.92029476,
      0.944875,
      -0.5885578
    ]
  },
  {
    "timeStamp": 42411,
    "rotation": [
      [
        -0.161028877,
        0.9867189,
        -0.0213439465
      ],
      [
        0.456748158,
        0.09367569,
        0.88465023
      ],
      [
        0.87490046,
        0.132705435,
        -0.465766519
      ]
    ],
    "translation": [
      1.96599317,
      0.9496951,
      -0.5840938
    ]
  },
  {
    "timeStamp": 42456,
    "rotation": [
      [
        -0.105584472,
        0.9918224,
        -0.07169539
      ],
      [
        0.4502126,
        0.111964136,
        0.885874
      ],
      [
        0.886657,
        0.06125638,
        -0.458352625
      ]
    ],
    "translation": [
      2.00747871,
      0.9472668,
      -0.5838654
    ]
  },
  {
    "timeStamp": 42511,
    "rotation": [
      [
        -0.06374227,
        0.995336652,
        -0.07240007
      ],
      [
        0.433774084,
        0.0929691344,
        0.896212459
      ],
      [
        0.8987641,
        0.0257213451,
        -0.437677324
      ]
    ],
    "translation": [
      2.035568,
      0.9361881,
      -0.5863864
    ]
  },
  {
    "timeStamp": 42559,
    "rotation": [
      [
        -0.06770044,
        0.9958017,
        -0.0616086535
      ],
      [
        0.4107615,
        0.0840936,
        0.9078564
      ],
      [
        0.9092258,
        0.0361558124,
        -0.414730161
      ]
    ],
    "translation": [
      2.04804134,
      0.9242054,
      -0.593039632
    ]
  },
  {
    "timeStamp": 42606,
    "rotation": [
      [
        -0.07092571,
        0.996862054,
        -0.0351509042
      ],
      [
        0.402122974,
        0.06082429,
        0.9135631
      ],
      [
        0.9128344,
        0.0506601259,
        -0.40517512
      ]
    ],
    "translation": [
      2.05721712,
      0.9149638,
      -0.6016818
    ]
  },
  {
    "timeStamp": 42662,
    "rotation": [
      [
        -0.07579841,
        0.995978832,
        -0.0477561429
      ],
      [
        0.3839174,
        0.07335239,
        0.920449257
      ],
      [
        0.920251,
        0.05143417,
        -0.3879336
      ]
    ],
    "translation": [
      2.07252336,
      0.906701267,
      -0.6136677
    ]
  },
  {
    "timeStamp": 42706,
    "rotation": [
      [
        -0.07669787,
        0.9943423,
        -0.07348982
      ],
      [
        0.360899,
        0.09639543,
        0.927609742
      ],
      [
        0.9294457,
        0.044623293,
        -0.3662505
      ]
    ],
    "translation": [
      2.08827829,
      0.898487747,
      -0.6273745
    ]
  },
  {
    "timeStamp": 42762,
    "rotation": [
      [
        -0.07060398,
        0.994744062,
        -0.0741576552
      ],
      [
        0.3501615,
        0.09432815,
        0.9319276
      ],
      [
        0.934024632,
        0.03983064,
        -0.354981
      ]
    ],
    "translation": [
      2.09898567,
      0.8916025,
      -0.6393416
    ]
  },
  {
    "timeStamp": 42806,
    "rotation": [
      [
        -0.07053631,
        0.993311048,
        -0.09142136
      ],
      [
        0.322408348,
        0.109432772,
        0.940253854
      ],
      [
        0.943969,
        0.0368470252,
        -0.327970743
      ]
    ],
    "translation": [
      2.10969472,
      0.8812569,
      -0.6534356
    ]
  },
  {
    "timeStamp": 42862,
    "rotation": [
      [
        -0.08339704,
        0.992762148,
        -0.08641911
      ],
      [
        0.2724807,
        0.106133968,
        0.956289649
      ],
      [
        0.958540142,
        0.0562041961,
        -0.2793598
      ]
    ],
    "translation": [
      2.11432981,
      0.8645236,
      -0.6689607
    ]
  },
  {
    "timeStamp": 42906,
    "rotation": [
      [
        -0.0779304653,
        0.99477464,
        -0.0659562349
      ],
      [
        0.245782569,
        0.08328574,
        0.9657403
      ],
      [
        0.9661872,
        0.059049692,
        -0.250988752
      ]
    ],
    "translation": [
      2.112549,
      0.8497829,
      -0.6803639
    ]
  },
  {
    "timeStamp": 42962,
    "rotation": [
      [
        -0.09302804,
        0.993205547,
        -0.06991788
      ],
      [
        0.185521051,
        0.08628366,
        0.978844762
      ],
      [
        0.97822684,
        0.07808877,
        -0.192287341
      ]
    ],
    "translation": [
      2.11575031,
      0.82933116,
      -0.6947539
    ]
  },
  {
    "timeStamp": 43007,
    "rotation": [
      [
        -0.0962319,
        0.994248748,
        -0.046998214
      ],
      [
        0.162527084,
        0.0622793362,
        0.9847366
      ],
      [
        0.9820002,
        0.0871245861,
        -0.167585611
      ]
    ],
    "translation": [
      2.1099565,
      0.8149128,
      -0.702577
    ]
  },
  {
    "timeStamp": 43064,
    "rotation": [
      [
        -0.108238511,
        0.992887557,
        -0.0495857522
      ],
      [
        0.129405946,
        0.06352635,
        0.9895547
      ],
      [
        0.9856666,
        0.100691237,
        -0.135361552
      ]
    ],
    "translation": [
      2.10964,
      0.799922049,
      -0.7077668
    ]
  },
  {
    "timeStamp": 43109,
    "rotation": [
      [
        -0.11601419,
        0.9918885,
        -0.05194125
      ],
      [
        0.104938738,
        0.06424206,
        0.99240154
      ],
      [
        0.9876885,
        0.109682009,
        -0.111540519
      ]
    ],
    "translation": [
      2.11074615,
      0.789239168,
      -0.7111017
    ]
  },
  {
    "timeStamp": 43166,
    "rotation": [
      [
        -0.104850873,
        0.993245542,
        -0.0496951
      ],
      [
        0.091789566,
        0.0594227053,
        0.994003832
      ],
      [
        0.9902429,
        0.09966068,
        -0.09740009
      ]
    ],
    "translation": [
      2.1127758,
      0.779471159,
      -0.7095072
    ]
  },
  {
    "timeStamp": 43211,
    "rotation": [
      [
        -0.09728924,
        0.9928695,
        -0.06888247
      ],
      [
        0.05794804,
        0.0747443959,
        0.9955176
      ],
      [
        0.993567646,
        0.09286156,
        -0.06480667
      ]
    ],
    "translation": [
      2.118807,
      0.7705376,
      -0.7093657
    ]
  },
  {
    "timeStamp": 43267,
    "rotation": [
      [
        -0.08700277,
        0.9945239,
        -0.0579026341
      ],
      [
        0.0539055243,
        0.0627377,
        0.9965732
      ],
      [
        0.994748533,
        0.0835833549,
        -0.0590686835
      ]
    ],
    "translation": [
      2.12089324,
      0.764032841,
      -0.7038895
    ]
  },
  {
    "timeStamp": 43311,
    "rotation": [
      [
        -0.08390323,
        0.9933338,
        -0.0790454
      ],
      [
        0.0147879114,
        0.08055759,
        0.996640265
      ],
      [
        0.9963641,
        0.08245243,
        -0.0214483757
      ]
    ],
    "translation": [
      2.1280303,
      0.7565503,
      -0.7039694
    ]
  },
  {
    "timeStamp": 43367,
    "rotation": [
      [
        -0.07134606,
        0.9954443,
        -0.06324918
      ],
      [
        -0.0104094557,
        0.06266425,
        0.997980356
      ],
      [
        0.997397363,
        0.07186036,
        0.005891186
      ]
    ],
    "translation": [
      2.1294322,
      0.7487651,
      -0.7042842
    ]
  },
  {
    "timeStamp": 43411,
    "rotation": [
      [
        -0.06732658,
        0.996030748,
        -0.05822336
      ],
      [
        -0.009578991,
        0.057707794,
        0.998287559
      ],
      [
        0.997685,
        0.06776901,
        0.005655701
      ]
    ],
    "translation": [
      2.13051939,
      0.7455823,
      -0.698350132
    ]
  },
  {
    "timeStamp": 43467,
    "rotation": [
      [
        -0.0662527159,
        0.9955767,
        -0.066615656
      ],
      [
        -0.02814368,
        0.0648712441,
        0.997496665
      ],
      [
        0.9974059,
        0.06796169,
        0.0237212945
      ]
    ],
    "translation": [
      2.13671017,
      0.7398799,
      -0.6967217
    ]
  },
  {
    "timeStamp": 43511,
    "rotation": [
      [
        -0.055435583,
        0.997187436,
        -0.05043909
      ],
      [
        -0.0255433749,
        0.04908386,
        0.998468
      ],
      [
        0.9981355,
        0.056639038,
        0.02275054
      ]
    ],
    "translation": [
      2.135458,
      0.7365952,
      -0.6918079
    ]
  },
  {
    "timeStamp": 43567,
    "rotation": [
      [
        -0.0556424372,
        0.9972145,
        -0.04967118
      ],
      [
        -0.03655586,
        0.0476802029,
        0.9981935
      ],
      [
        0.997781336,
        0.05735769,
        0.0338009931
      ]
    ],
    "translation": [
      2.13712955,
      0.731362939,
      -0.6907419
    ]
  },
  {
    "timeStamp": 43611,
    "rotation": [
      [
        -0.04361931,
        0.9976009,
        -0.0537560657
      ],
      [
        -0.0319654532,
        0.05238611,
        0.9981152
      ],
      [
        0.9985367,
        0.0452554263,
        0.0296037216
      ]
    ],
    "translation": [
      2.140394,
      0.729882658,
      -0.6871594
    ]
  },
  {
    "timeStamp": 43666,
    "rotation": [
      [
        -0.0363431,
        0.9977795,
        -0.0558154248
      ],
      [
        -0.0254144128,
        0.0549114533,
        0.998167753
      ],
      [
        0.999016166,
        0.03769502,
        0.0233623274
      ]
    ],
    "translation": [
      2.14245629,
      0.729192734,
      -0.6818589
    ]
  },
  {
    "timeStamp": 43711,
    "rotation": [
      [
        -0.0302346628,
        0.997967243,
        -0.05609994
      ],
      [
        -0.0228209477,
        0.0554217547,
        0.9982022
      ],
      [
        0.9992823,
        0.0314605571,
        0.0210989
      ]
    ],
    "translation": [
      2.14382648,
      0.7284494,
      -0.6791848
    ]
  },
  {
    "timeStamp": 43766,
    "rotation": [
      [
        -0.02855488,
        0.997651041,
        -0.06226571
      ],
      [
        -0.0228093453,
        0.06162457,
        0.997838736
      ],
      [
        0.999331951,
        0.0299134068,
        0.0209960844
      ]
    ],
    "translation": [
      2.14587426,
      0.7278267,
      -0.6765542
    ]
  },
  {
    "timeStamp": 43811,
    "rotation": [
      [
        -0.02533404,
        0.9978953,
        -0.05969232
      ],
      [
        -0.0266368221,
        0.059016455,
        0.997901559
      ],
      [
        0.9993241,
        0.0268708989,
        0.0250856336
      ]
    ],
    "translation": [
      2.14540648,
      0.7262558,
      -0.6760211
    ]
  },
  {
    "timeStamp": 43866,
    "rotation": [
      [
        -0.0210265256,
        0.9979983,
        -0.0596440323
      ],
      [
        -0.0238996148,
        0.05913843,
        0.997963667
      ],
      [
        0.999493241,
        0.022409169,
        0.0226082988
      ]
    ],
    "translation": [
      2.14590287,
      0.724598646,
      -0.6737969
    ]
  },
  {
    "timeStamp": 43911,
    "rotation": [
      [
        -0.0130614508,
        0.9983935,
        -0.0551352352
      ],
      [
        -0.0248655733,
        0.0547985733,
        0.9981878
      ],
      [
        0.9996055,
        0.01440874,
        0.0241098776
      ]
    ],
    "translation": [
      2.1453104,
      0.7241217,
      -0.673473
    ]
  },
  {
    "timeStamp": 43966,
    "rotation": [
      [
        -0.0121893715,
        0.9985725,
        -0.05200328
      ],
      [
        -0.0264199637,
        0.051667355,
        0.9983148
      ],
      [
        0.9995766,
        0.0135427695,
        0.0257524569
      ]
    ],
    "translation": [
      2.1451757,
      0.723996341,
      -0.6734263
    ]
  },
  {
    "timeStamp": 44011,
    "rotation": [
      [
        -0.0125557547,
        0.9985307,
        -0.0527142361
      ],
      [
        -0.0282241274,
        0.0523434766,
        0.9982302
      ],
      [
        0.999522746,
        0.0140213426,
        0.0275254473
      ]
    ],
    "translation": [
      2.14517021,
      0.724014759,
      -0.6733917
    ]
  },
  {
    "timeStamp": 44066,
    "rotation": [
      [
        -0.0128230033,
        0.998421252,
        -0.05468684
      ],
      [
        -0.03198439,
        0.0542537943,
        0.9980148
      ],
      [
        0.999406159,
        0.0145466588,
        0.0312381983
      ]
    ],
    "translation": [
      2.14517117,
      0.7242104,
      -0.6733646
    ]
  },
  {
    "timeStamp": 44111,
    "rotation": [
      [
        -0.01264509,
        0.9984321,
        -0.05452937
      ],
      [
        -0.03562362,
        0.0540492758,
        0.997902632
      ],
      [
        0.9992853,
        0.0145610888,
        0.03488431
      ]
    ],
    "translation": [
      2.145169,
      0.724377751,
      -0.6733499
    ]
  },
  {
    "timeStamp": 44166,
    "rotation": [
      [
        -0.0117761381,
        0.9986472,
        -0.05064567
      ],
      [
        -0.03750114,
        0.05017247,
        0.998036265
      ],
      [
        0.999227166,
        0.0136522837,
        0.0368595719
      ]
    ],
    "translation": [
      2.14513659,
      0.724418759,
      -0.6733713
    ]
  }
]