[
  {
    "timeStamp": 62591,
    "rotation": [
      [
        0.999456763,
        0.0157850236,
        0.0289327465
      ],
      [
        0.027553983,
        0.08149903,
        -0.9962925
      ],
      [
        -0.01808449,
        0.9965485,
        0.08101982
      ]
    ],
    "translation": [
      1.460971,
      0.6972838,
      -0.491100132
    ]
  },
  {
    "timeStamp": 62647,
    "rotation": [
      [
        0.992513,
        0.0788991153,
        -0.09323563
      ],
      [
        -0.10089843,
        0.0994681045,
        -0.9899119
      ],
      [
        -0.0688292,
        0.9919078,
        0.106684186
      ]
    ],
    "translation": [
      1.447876,
      0.72054714,
      -0.48568818
    ]
  },
  {
    "timeStamp": 62691,
    "rotation": [
      [
        0.9697416,
        0.145834118,
        -0.195790082
      ],
      [
        -0.211470991,
        0.101042159,
        -0.972147346
      ],
      [
        -0.121989176,
        0.9841357,
        0.128824458
      ]
    ],
    "translation": [
      1.44520986,
      0.7529272,
      -0.4859154
    ]
  },
  {
    "timeStamp": 62747,
    "rotation": [
      [
        0.917502046,
        0.225543618,
        -0.327597558
      ],
      [
        -0.355030358,
        0.09314818,
        -0.9302026
      ],
      [
        -0.179286152,
        0.969769835,
        0.165538475
      ]
    ],
    "translation": [
      1.45070875,
      0.8030603,
      -0.4911325
    ]
  },
  {
    "timeStamp": 62791,
    "rotation": [
      [
        0.8667676,
        0.2609082,
        -0.425018728
      ],
      [
        -0.451109976,
        0.0468131378,
        -0.891239762
      ],
      [
        -0.212635279,
        0.9642279,
        0.1582744
      ]
    ],
    "translation": [
      1.46762073,
      0.8424959,
      -0.5103899
    ]
  },
  {
    "timeStamp": 62836,
    "rotation": [
      [
        0.81748414,
        0.26781413,
        -0.5098973
      ],
      [
        -0.5271038,
        -0.008917728,
        -0.8497541
      ],
      [
        -0.232123286,
        0.9634293,
        0.133875757
      ]
    ],
    "translation": [
      1.49007988,
      0.879720151,
      -0.543547869
    ]
  },
  {
    "timeStamp": 62891,
    "rotation": [
      [
        0.7981012,
        0.192106143,
        -0.571077645
      ],
      [
        -0.5679619,
        -0.0765259,
        -0.819489539
      ],
      [
        -0.2011312,
        0.9783859,
        0.04803355
      ]
    ],
    "translation": [
      1.52617931,
      0.909538269,
      -0.6055795
    ]
  },
  {
    "timeStamp": 62946,
    "rotation": [
      [
        0.8141543,
        0.09251486,
        -0.573230863
      ],
      [
        -0.568018556,
        -0.0778882653,
        -0.8193219
      ],
      [
        -0.120447405,
        0.9926603,
        -0.0108629167
      ]
    ],
    "translation": [
      1.56863892,
      0.922941,
      -0.679420769
    ]
  },
  {
    "timeStamp": 62991,
    "rotation": [
      [
        0.846670568,
        0.0421159565,
        -0.530448139
      ],
      [
        -0.527479649,
        -0.0648985,
        -0.847085238
      ],
      [
        -0.07010109,
        0.9970027,
        -0.0327323377
      ]
    ],
    "translation": [
      1.60984421,
      0.921408653,
      -0.7311336
    ]
  },
  {
    "timeStamp": 63046,
    "rotation": [
      [
        0.8749353,
        0.0197234415,
        -0.483837932
      ],
      [
        -0.481953055,
        -0.06151932,
        -0.8740347
      ],
      [
        -0.0470043458,
        0.997911,
        -0.0443196557
      ]
    ],
    "translation": [
      1.6692971,
      0.919837236,
      -0.782554865
    ]
  },
  {
    "timeStamp": 63091,
    "rotation": [
      [
        0.8874192,
        0.04286887,
        -0.45896554
      ],
      [
        -0.4548348,
        -0.08038547,
        -0.886940539
      ],
      [
        -0.0749162957,
        0.995841563,
        -0.05183735
      ]
    ],
    "translation": [
      1.72030342,
      0.9233958,
      -0.810639
    ]
  },
  {
    "timeStamp": 63147,
    "rotation": [
      [
        0.897825241,
        0.1165684,
        -0.42464298
      ],
      [
        -0.417006463,
        -0.08474911,
        -0.904943764
      ],
      [
        -0.141475961,
        0.9895602,
        -0.0274801143
      ]
    ],
    "translation": [
      1.78774524,
      0.928597331,
      -0.829235554
    ]
  },
  {
    "timeStamp": 63191,
    "rotation": [
      [
        0.9184625,
        0.175634041,
        -0.3543716
      ],
      [
        -0.352448553,
        -0.0430972427,
        -0.9348383
      ],
      [
        -0.179461867,
        0.9835117,
        0.0223187655
      ]
    ],
    "translation": [
      1.84399879,
      0.9329225,
      -0.8339791
    ]
  },
  {
    "timeStamp": 63247,
    "rotation": [
      [
        0.943185,
        0.23211588,
        -0.2377483
      ],
      [
        -0.258868158,
        0.06476643,
        -0.963738859
      ],
      [
        -0.208301,
        0.9705295,
        0.121174142
      ]
    ],
    "translation": [
      1.91589808,
      0.9418199,
      -0.8280983
    ]
  },
  {
    "timeStamp": 63291,
    "rotation": [
      [
        0.9447377,
        0.2547885,
        -0.206285015
      ],
      [
        -0.2437389,
        0.125113189,
        -0.961737
      ],
      [
        -0.219230518,
        0.958868861,
        0.180301011
      ]
    ],
    "translation": [
      1.965835,
      0.9575218,
      -0.8216893
    ]
  },
  {
    "timeStamp": 63346,
    "rotation": [
      [
        0.9537036,
        0.280993283,
        -0.107202068
      ],
      [
        -0.1736943,
        0.223629221,
        -0.9590726
      ],
      [
        -0.245519429,
        0.9332914,
        0.2620829
      ]
    ],
    "translation": [
      2.026805,
      0.9662037,
      -0.806011
    ]
  },
  {
    "timeStamp": 63387,
    "rotation": [
      [
        0.961977541,
        0.263685852,
        -0.07119642
      ],
      [
        -0.144786924,
        0.271289259,
        -0.951545537
      ],
      [
        -0.231594265,
        0.9256738,
        0.299152434
      ]
    ],
    "translation": [
      2.05580974,
      0.967590153,
      -0.7990719
    ]
  },
  {
    "timeStamp": 63443,
    "rotation": [
      [
        0.9678463,
        0.25033313,
        0.0246375315
      ],
      [
        -0.0568492971,
        0.313095659,
        -0.9480186
      ],
      [
        -0.245034367,
        0.9161356,
        0.317259729
      ]
    ],
    "translation": [
      2.10778737,
      0.9572752,
      -0.7846049
    ]
  },
  {
    "timeStamp": 63497,
    "rotation": [
      [
        0.978812754,
        0.176324621,
        0.104092054
      ],
      [
        0.0340001546,
        0.361347,
        -0.931811333
      ],
      [
        -0.201914623,
        0.9156079,
        0.347695976
      ]
    ],
    "translation": [
      2.14250779,
      0.9375161,
      -0.7765878
    ]
  },
  {
    "timeStamp": 63541,
    "rotation": [
      [
        0.981683135,
        0.1644892,
        0.0961322859
      ],
      [
        0.0351997651,
        0.339300036,
        -0.940019369
      ],
      [
        -0.187240735,
        0.926185,
        0.327295184
      ]
    ],
    "translation": [
      2.15639424,
      0.92098105,
      -0.773147345
    ]
  },
  {
    "timeStamp": 63597,
    "rotation": [
      [
        0.9868615,
        0.122927353,
        0.10484834
      ],
      [
        0.05879703,
        0.331202716,
        -0.9417259
      ],
      [
        -0.150489926,
        0.935517848,
        0.319623441
      ]
    ],
    "translation": [
      2.16787863,
      0.89601773,
      -0.7708149
    ]
  },
  {
    "timeStamp": 63641,
    "rotation": [
      [
        0.9937783,
        0.079584,
        0.07791769
      ],
      [
        0.0497253276,
        0.3089599,
        -0.949774265
      ],
      [
        -0.09966028,
        0.9477395,
        0.3030803
      ]
    ],
    "translation": [
      2.17176652,
      0.875731,
      -0.772228
    ]
  },
  {
    "timeStamp": 63697,
    "rotation": [
      [
        0.978602946,
        0.138348773,
        -0.152302176
      ],
      [
        -0.170735985,
        0.1329136,
        -0.976311
      ],
      [
        -0.114828415,
        0.9814243,
        0.153690755
      ]
    ],
    "translation": [
      2.15557313,
      0.8571409,
      -0.78483
    ]
  },
  {
    "timeStamp": 63741,
    "rotation": [
      [
        0.939214051,
        0.1470565,
        -0.310244232
      ],
      [
        -0.3196871,
        0.04503906,
        -0.946452141
      ],
      [
        -0.12520884,
        0.9881022,
        0.08931338
      ]
    ],
    "translation": [
      2.149813,
      0.844764,
      -0.786262631
    ]
  },
  {
    "timeStamp": 63797,
    "rotation": [
      [
        0.851304,
        0.151181147,
        -0.5024199
      ],
      [
        -0.4992971,
        -0.06076507,
        -0.8642974
      ],
      [
        -0.16119504,
        0.986636639,
        0.0237547625
      ]
    ],
    "translation": [
      2.13696837,
      0.832902551,
      -0.791938663
    ]
  },
  {
    "timeStamp": 63841,
    "rotation": [
      [
        0.8025346,
        0.125931367,
        -0.5831634
      ],
      [
        -0.5800855,
        -0.06372151,
        -0.812059343
      ],
      [
        -0.139423788,
        0.9899903,
        0.0219122488
      ]
    ],
    "translation": [
      2.13327241,
      0.8252986,
      -0.7901902
    ]
  },
  {
    "timeStamp": 63897,
    "rotation": [
      [
        0.760782838,
        0.0997704,
        -0.6412919
      ],
      [
        -0.636822,
        -0.0758116841,
        -0.7672746
      ],
      [
        -0.125168711,
        0.9921182,
        0.005859753
      ]
    ],
    "translation": [
      2.132999,
      0.8155014,
      -0.7898267
    ]
  },
  {
    "timeStamp": 63943,
    "rotation": [
      [
        0.7749457,
        0.07015654,
        -0.628122
      ],
      [
        -0.6260904,
        -0.0506913,
        -0.778101
      ],
      [
        -0.08642919,
        0.9962472,
        0.00464132847
      ]
    ],
    "translation": [
      2.13618636,
      0.8144954,
      -0.786035955
    ]
  },
  {
    "timeStamp": 63989,
    "rotation": [
      [
        0.8128942,
        0.0552431978,
        -0.5797854
      ],
      [
        -0.5786169,
        -0.03684644,
        -0.8147667
      ],
      [
        -0.06637335,
        0.99779284,
        0.00201239088
      ]
    ],
    "translation": [
      2.1408,
      0.8185038,
      -0.784148
    ]
  },
  {
    "timeStamp": 64046,
    "rotation": [
      [
        0.875385642,
        0.0575182848,
        -0.479991347
      ],
      [
        -0.480717778,
        -0.001367778,
        -0.8768743
      ],
      [
        -0.05109283,
        0.9983435,
        0.02645273
      ]
    ],
    "translation": [
      2.14671969,
      0.8284791,
      -0.782216847
    ]
  },
  {
    "timeStamp": 64090,
    "rotation": [
      [
        0.9218493,
        0.07304054,
        -0.380603462
      ],
      [
        -0.385184228,
        0.06436315,
        -0.9205925
      ],
      [
        -0.042743735,
        0.99525,
        0.08746719
      ]
    ],
    "translation": [
      2.152421,
      0.836204469,
      -0.7805046
    ]
  },
  {
    "timeStamp": 64146,
    "rotation": [
      [
        0.9719345,
        0.061817117,
        -0.226984441
      ],
      [
        -0.233755887,
        0.14514488,
        -0.9614006
      ],
      [
        -0.0264853947,
        0.987477362,
        0.155521438
      ]
    ],
    "translation": [
      2.16464758,
      0.8472887,
      -0.7789226
    ]
  },
  {
    "timeStamp": 64190,
    "rotation": [
      [
        0.992261946,
        0.04740927,
        -0.114754394
      ],
      [
        -0.122536711,
        0.224865437,
        -0.9666542
      ],
      [
        -0.0200240817,
        0.9732358,
        0.22893481
      ]
    ],
    "translation": [
      2.17272043,
      0.8569169,
      -0.7783863
    ]
  },
  {
    "timeStamp": 64246,
    "rotation": [
      [
        0.999922931,
        -0.01227315,
        0.00187666714
      ],
      [
        0.00599334668,
        0.34476167,
        -0.9386711
      ],
      [
        0.0108734481,
        0.93861,
        0.344808668
      ]
    ],
    "translation": [
      2.185421,
      0.866405368,
      -0.7738541
    ]
  },
  {
    "timeStamp": 64290,
    "rotation": [
      [
        0.999772549,
        -0.0210090168,
        0.00367540843
      ],
      [
        0.0107724825,
        0.34868452,
        -0.937178254
      ],
      [
        0.0184076373,
        0.9370047,
        0.3488315
      ]
    ],
    "translation": [
      2.18751073,
      0.873537064,
      -0.777061
    ]
  },
  {
    "timeStamp": 64346,
    "rotation": [
      [
        0.9996393,
        -0.0200187061,
        0.0179047864
      ],
      [
        0.0240234472,
        0.368396372,
        -0.929358363
      ],
      [
        0.0120084919,
        0.929453254,
        0.3687444
      ]
    ],
    "translation": [
      2.19138074,
      0.8759818,
      -0.7764804
    ]
  },
  {
    "timeStamp": 64390,
    "rotation": [
      [
        0.9995113,
        -0.008107052,
        0.0301904716
      ],
      [
        0.03106322,
        0.365784228,
        -0.930181146
      ],
      [
        -0.00350217149,
        0.930664361,
        0.3658573
      ]
    ],
    "translation": [
      2.19502187,
      0.87032783,
      -0.774421036
    ]
  },
  {
    "timeStamp": 64446,
    "rotation": [
      [
        0.998765767,
        -0.00211163145,
        0.04962424
      ],
      [
        0.0469146557,
        0.368196875,
        -0.9285635
      ],
      [
        -0.0163107,
        0.9297455,
        0.367841482
      ]
    ],
    "translation": [
      2.19835734,
      0.8593224,
      -0.771294534
    ]
  },
  {
    "timeStamp": 64490,
    "rotation": [
      [
        0.9979966,
        -0.0109837726,
        0.0623065233
      ],
      [
        0.06193319,
        0.3707801,
        -0.9266533
      ],
      [
        -0.0129238721,
        0.928655744,
        0.370717555
      ]
    ],
    "translation": [
      2.19835567,
      0.8524517,
      -0.7704996
    ]
  },
  {
    "timeStamp": 64546,
    "rotation": [
      [
        0.9979155,
        0.01790695,
        0.06199951
      ],
      [
        0.05014547,
        0.3895632,
        -0.919633567
      ],
      [
        -0.0406205654,
        0.920825541,
        0.387853235
      ]
    ],
    "translation": [
      2.197576,
      0.846415639,
      -0.7643722
    ]
  },
  {
    "timeStamp": 64590,
    "rotation": [
      [
        0.99718827,
        0.00156648562,
        0.07492085
      ],
      [
        0.068336606,
        0.3912734,
        -0.9177337
      ],
      [
        -0.0307521578,
        0.9202731,
        0.3900662
      ]
    ],
    "translation": [
      2.19781446,
      0.8370496,
      -0.7643344
    ]
  },
  {
    "timeStamp": 64646,
    "rotation": [
      [
        0.997046947,
        -0.002405387,
        0.07675666
      ],
      [
        0.0712905154,
        0.400565952,
        -0.913490355
      ],
      [
        -0.0285488013,
        0.9162648,
        0.399554521
      ]
    ],
    "translation": [
      2.19718742,
      0.825643659,
      -0.762888
    ]
  },
  {
    "timeStamp": 64690,
    "rotation": [
      [
        0.996575356,
        0.00406505074,
        0.08258964
      ],
      [
        0.07445883,
        0.3902942,
        -0.9176744
      ],
      [
        -0.0359646454,
        0.920681238,
        0.3886549
      ]
    ],
    "translation": [
      2.19752479,
      0.8149037,
      -0.760968149
    ]
  },
  {
    "timeStamp": 64746,
    "rotation": [
      [
        0.9959045,
        -0.0100303451,
        0.08985297
      ],
      [
        0.0865573138,
        0.392842382,
        -0.9155232
      ],
      [
        -0.026115045,
        0.9195511,
        0.3921017
      ]
    ],
    "translation": [
      2.19770646,
      0.8020563,
      -0.75965935
    ]
  },
  {
    "timeStamp": 64790,
    "rotation": [
      [
        0.9961191,
        -0.00265205884,
        0.0879763439
      ],
      [
        0.0822565258,
        0.383694261,
        -0.919789433
      ],
      [
        -0.03131668,
        0.92345643,
        0.3824233
      ]
    ],
    "translation": [
      2.19800448,
      0.792137563,
      -0.7567231
    ]
  },
  {
    "timeStamp": 64845,
    "rotation": [
      [
        0.9951454,
        -0.016723834,
        0.09698384
      ],
      [
        0.09603807,
        0.3803046,
        -0.919861436
      ],
      [
        -0.0214997977,
        0.924710035,
        0.380064547
      ]
    ],
    "translation": [
      2.199282,
      0.77891326,
      -0.753874838
    ]
  },
  {
    "timeStamp": 64890,
    "rotation": [
      [
        0.9943446,
        -0.034766566,
        0.100350544
      ],
      [
        0.10598661,
        0.3850503,
        -0.9167896
      ],
      [
        -0.00676637,
        0.922240555,
        0.38655746
      ]
    ],
    "translation": [
      2.19936013,
      0.7693418,
      -0.752329648
    ]
  },
  {
    "timeStamp": 64946,
    "rotation": [
      [
        0.992049336,
        -0.06001896,
        0.110615663
      ],
      [
        0.125084281,
        0.37346074,
        -0.9191741
      ],
      [
        0.0138572585,
        0.9257023,
        0.3779989
      ]
    ],
    "translation": [
      2.200122,
      0.7577047,
      -0.751752555
    ]
  },
  {
    "timeStamp": 64990,
    "rotation": [
      [
        0.9924851,
        -0.0668342039,
        0.102501079
      ],
      [
        0.120120876,
        0.3724348,
        -0.9202518
      ],
      [
        0.0233293436,
        0.925648749,
        0.377664179
      ]
    ],
    "translation": [
      2.198811,
      0.752523363,
      -0.751025
    ]
  },
  {
    "timeStamp": 65045,
    "rotation": [
      [
        0.9902146,
        -0.0810214356,
        0.113625042
      ],
      [
        0.135371566,
        0.3598451,
        -0.9231392
      ],
      [
        0.0339066423,
        0.929487467,
        0.367291868
      ]
    ],
    "translation": [
      2.19928575,
      0.7441181,
      -0.7511702
    ]
  }
]