[
  {
    "timeStamp": 1,
    "rotation": [
      [
        0.8342842,
        0.308873,
        0.456691682
      ],
      [
        -0.0520719551,
        0.8687793,
        -0.492454082
      ],
      [
        -0.54887,
        0.387065828,
        0.7408925
      ]
    ],
    "translation": [
      1.51698446,
      1.60286307,
      -1.16396379
    ]
  },
  {
    "timeStamp": 15,
    "rotation": [
      [
        0.8347527,
        0.310603052,
        0.454657733
      ],
      [
        -0.05355959,
        0.867599,
        -0.494371653
      ],
      [
        -0.5480139,
        0.3883268,
        0.7408664
      ]
    ],
    "translation": [
      1.51659608,
      1.60232854,
      -1.163729
    ]
  },
  {
    "timeStamp": 18,
    "rotation": [
      [
        0.841459334,
        0.307941377,
        0.443980128
      ],
      [
        -0.0516346581,
        0.8637661,
        -0.501240551
      ],
      [
        -0.537847638,
        0.398848772,
        0.7427244
      ]
    ],
    "translation": [
      1.51104,
      1.60161281,
      -1.16077042
    ]
  },
  {
    "timeStamp": 67,
    "rotation": [
      [
        0.884939253,
        0.299269736,
        0.3568195
      ],
      [
        -0.0504348427,
        0.8232694,
        -0.5654059
      ],
      [
        -0.462967455,
        0.482353747,
        0.743637
      ]
    ],
    "translation": [
      1.44178033,
      1.59209108,
      -1.11484
    ]
  },
  {
    "timeStamp": 111,
    "rotation": [
      [
        0.874831855,
        0.2902012,
        0.387882054
      ],
      [
        -0.0148147242,
        0.8163561,
        -0.577358842
      ],
      [
        -0.4842001,
        0.499345541,
        0.7184736
      ]
    ],
    "translation": [
      1.42107248,
      1.5906831,
      -1.09704661
    ]
  },
  {
    "timeStamp": 167,
    "rotation": [
      [
        0.8566599,
        0.2795123,
        0.433597416
      ],
      [
        0.02672297,
        0.8153262,
        -0.5783849
      ],
      [
        -0.515189052,
        0.507066131,
        0.6909879
      ]
    ],
    "translation": [
      1.4078331,
      1.59006858,
      -1.08306909
    ]
  },
  {
    "timeStamp": 211,
    "rotation": [
      [
        0.8379556,
        0.271357328,
        0.4734929
      ],
      [
        0.06668589,
        0.8102043,
        -0.5823418
      ],
      [
        -0.5416487,
        0.5195519,
        0.66081953
      ]
    ],
    "translation": [
      1.39192462,
      1.5875237,
      -1.066509
    ]
  },
  {
    "timeStamp": 342,
    "rotation": [
      [
        0.8396884,
        0.266961247,
        0.472921729
      ],
      [
        0.07064052,
        0.809741855,
        -0.5825187
      ],
      [
        -0.5384544,
        0.522541642,
        0.6610726
      ]
    ],
    "translation": [
      1.3890996,
      1.58671176,
      -1.06308651
    ]
  },
  {
    "timeStamp": 344,
    "rotation": [
      [
        0.8396884,
        0.266961247,
        0.472921729
      ],
      [
        0.07064052,
        0.809741855,
        -0.5825187
      ],
      [
        -0.5384544,
        0.522541642,
        0.6610726
      ]
    ],
    "translation": [
      1.3890996,
      1.58671176,
      -1.06308651
    ]
  },
  {
    "timeStamp": 379,
    "rotation": [
      [
        0.868205667,
        0.244375169,
        0.431856126
      ],
      [
        0.09477861,
        0.772623956,
        -0.6277494
      ],
      [
        -0.487068743,
        0.585946262,
        0.647634864
      ]
    ],
    "translation": [
      1.34765,
      1.57221007,
      -1.02342331
    ]
  },
  {
    "timeStamp": 433,
    "rotation": [
      [
        0.879027545,
        0.238398865,
        0.412887961
      ],
      [
        0.09700562,
        0.7584642,
        -0.6444548
      ],
      [
        -0.466798037,
        0.606546,
        0.6435849
      ]
    ],
    "translation": [
      1.33732343,
      1.56802022,
      -1.01563752
    ]
  },
  {
    "timeStamp": 477,
    "rotation": [
      [
        0.8859815,
        0.23224,
        0.40137437
      ],
      [
        0.102318734,
        0.746314645,
        -0.6576818
      ],
      [
        -0.452291578,
        0.623762,
        0.637458444
      ]
    ],
    "translation": [
      1.33083344,
      1.56504071,
      -1.012179
    ]
  },
  {
    "timeStamp": 532,
    "rotation": [
      [
        0.903184652,
        0.2127873,
        0.372799
      ],
      [
        0.108352974,
        0.727345169,
        -0.677664161
      ],
      [
        -0.4153519,
        0.6524497,
        0.6338708
      ]
    ],
    "translation": [
      1.32413888,
      1.56058908,
      -1.01006246
    ]
  },
  {
    "timeStamp": 577,
    "rotation": [
      [
        0.9255222,
        0.197832808,
        0.322909981
      ],
      [
        0.09114202,
        0.711264133,
        -0.696990967
      ],
      [
        -0.367562,
        0.6745113,
        0.640259862
      ]
    ],
    "translation": [
      1.319025,
      1.556438,
      -1.01000285
    ]
  },
  {
    "timeStamp": 632,
    "rotation": [
      [
        0.948719442,
        0.193986684,
        0.249600619
      ],
      [
        0.04497797,
        0.6987108,
        -0.7139889
      ],
      [
        -0.312903017,
        0.6886017,
        0.654155433
      ]
    ],
    "translation": [
      1.3148067,
      1.55277157,
      -1.01399827
    ]
  },
  {
    "timeStamp": 677,
    "rotation": [
      [
        0.960585654,
        0.191060513,
        0.201918364
      ],
      [
        0.0120092994,
        0.697166145,
        -0.716809
      ],
      [
        -0.277724534,
        0.6909813,
        0.6673933
      ]
    ],
    "translation": [
      1.31504869,
      1.55218232,
      -1.02041662
    ]
  },
  {
    "timeStamp": 732,
    "rotation": [
      [
        0.9695293,
        0.174764469,
        0.171669185
      ],
      [
        -0.00324738538,
        0.709868,
        -0.7043272
      ],
      [
        -0.244953841,
        0.6823084,
        0.6888054
      ]
    ],
    "translation": [
      1.32129884,
      1.55400217,
      -1.03262448
    ]
  },
  {
    "timeStamp": 777,
    "rotation": [
      [
        0.973887742,
        0.162626415,
        0.158415213
      ],
      [
        -0.00771550555,
        0.7210765,
        -0.6928125
      ],
      [
        -0.226899117,
        0.673499346,
        0.703502238
      ]
    ],
    "translation": [
      1.33011889,
      1.55521572,
      -1.04543948
    ]
  },
  {
    "timeStamp": 833,
    "rotation": [
      [
        0.980533659,
        0.150749952,
        0.125809744
      ],
      [
        -0.0240047835,
        0.727968156,
        -0.6851906
      ],
      [
        -0.194877937,
        0.6688324,
        0.717416
      ]
    ],
    "translation": [
      1.34447837,
      1.55769765,
      -1.06335986
    ]
  },
  {
    "timeStamp": 879,
    "rotation": [
      [
        0.9845028,
        0.152117133,
        0.08726165
      ],
      [
        -0.0530839525,
        0.7327415,
        -0.678433537
      ],
      [
        -0.167141587,
        0.6632875,
        0.729461
      ]
    ],
    "translation": [
      1.35759187,
      1.56030035,
      -1.077949
    ]
  },
  {
    "timeStamp": 925,
    "rotation": [
      [
        0.9863676,
        0.156249672,
        0.0516236
      ],
      [
        -0.082087405,
        0.7390929,
        -0.6685831
      ],
      [
        -0.142620534,
        0.655231059,
        0.7418434
      ]
    ],
    "translation": [
      1.37199068,
      1.56284118,
      -1.09101748
    ]
  },
  {
    "timeStamp": 982,
    "rotation": [
      [
        0.9875775,
        0.15707314,
        0.00433089864
      ],
      [
        -0.115046665,
        0.741565168,
        -0.660942733
      ],
      [
        -0.107027993,
        0.652233958,
        0.750423849
      ]
    ],
    "translation": [
      1.39035487,
      1.56395006,
      -1.106238
    ]
  },
  {
    "timeStamp": 1026,
    "rotation": [
      [
        0.9868774,
        0.159934342,
        -0.0222295616
      ],
      [
        -0.13454327,
        0.7383466,
        -0.660864949
      ],
      [
        -0.08928188,
        0.6551835,
        0.7501756
      ]
    ],
    "translation": [
      1.40407538,
      1.56387556,
      -1.11720681
    ]
  },
  {
    "timeStamp": 1082,
    "rotation": [
      [
        0.9858118,
        0.1581644,
        -0.0562049933
      ],
      [
        -0.155430943,
        0.7337339,
        -0.6614195
      ],
      [
        -0.06337351,
        0.6607712,
        0.7479072
      ]
    ],
    "translation": [
      1.4178977,
      1.563742,
      -1.12905145
    ]
  },
  {
    "timeStamp": 1127,
    "rotation": [
      [
        0.9844847,
        0.161146656,
        -0.06943787
      ],
      [
        -0.166215241,
        0.729611039,
        -0.663355231
      ],
      [
        -0.0562348329,
        0.6646047,
        0.745075941
      ]
    ],
    "translation": [
      1.42602348,
      1.56385875,
      -1.13764739
    ]
  },
  {
    "timeStamp": 1182,
    "rotation": [
      [
        0.9846162,
        0.157298744,
        -0.07607844
      ],
      [
        -0.167590663,
        0.7269714,
        -0.6659024
      ],
      [
        -0.04943876,
        0.668408334,
        0.742149651
      ]
    ],
    "translation": [
      1.43152618,
      1.56432629,
      -1.14786041
    ]
  },
  {
    "timeStamp": 1226,
    "rotation": [
      [
        0.985470235,
        0.150202274,
        -0.0792957
      ],
      [
        -0.164619729,
        0.729703665,
        -0.6636512
      ],
      [
        -0.0418195575,
        0.667062163,
        0.743827462
      ]
    ],
    "translation": [
      1.4315331,
      1.56557047,
      -1.15607834
    ]
  },
  {
    "timeStamp": 1282,
    "rotation": [
      [
        0.9865825,
        0.14018476,
        -0.08368519
      ],
      [
        -0.160385609,
        0.736369967,
        -0.6572942
      ],
      [
        -0.03051937,
        0.6618969,
        0.74897337
      ]
    ],
    "translation": [
      1.42673755,
      1.56822586,
      -1.16671932
    ]
  },
  {
    "timeStamp": 1326,
    "rotation": [
      [
        0.9875763,
        0.1308704,
        -0.08698253
      ],
      [
        -0.155804738,
        0.7434791,
        -0.65035665
      ],
      [
        -0.0204427429,
        0.655829132,
        0.754632533
      ]
    ],
    "translation": [
      1.41938043,
      1.57074416,
      -1.17547834
    ]
  },
  {
    "timeStamp": 1382,
    "rotation": [
      [
        0.9894814,
        0.116755165,
        -0.08540967
      ],
      [
        -0.144275129,
        0.7534319,
        -0.6415022
      ],
      [
        -0.010548329,
        0.647076964,
        0.7623517
      ]
    ],
    "translation": [
      1.40707445,
      1.57400727,
      -1.18657446
    ]
  },
  {
    "timeStamp": 1427,
    "rotation": [
      [
        0.9912683,
        0.106341667,
        -0.07796594
      ],
      [
        -0.131611,
        0.7615459,
        -0.6346073
      ],
      [
        -0.008110568,
        0.6393273,
        0.76889205
      ]
    ],
    "translation": [
      1.39536071,
      1.57615566,
      -1.19527316
    ]
  },
  {
    "timeStamp": 1482,
    "rotation": [
      [
        0.9931243,
        0.09883377,
        -0.06273819
      ],
      [
        -0.116245985,
        0.769314,
        -0.628206
      ],
      [
        -0.0138225956,
        0.6311797,
        0.77551347
      ]
    ],
    "translation": [
      1.37879348,
      1.57784343,
      -1.205344
    ]
  },
  {
    "timeStamp": 1526,
    "rotation": [
      [
        0.9943359,
        0.09510439,
        -0.0474475063
      ],
      [
        -0.103753,
        0.7717422,
        -0.6274147
      ],
      [
        -0.0230526458,
        0.628783762,
        0.777238369
      ]
    ],
    "translation": [
      1.36395836,
      1.57877016,
      -1.21281469
    ]
  },
  {
    "timeStamp": 1582,
    "rotation": [
      [
        0.996001065,
        0.08506348,
        -0.0273130573
      ],
      [
        -0.0835333243,
        0.778244,
        -0.62238127
      ],
      [
        -0.0316856951,
        0.622173965,
        0.7822375
      ]
    ],
    "translation": [
      1.3436439,
      1.58003008,
      -1.21983206
    ]
  },
  {
    "timeStamp": 1626,
    "rotation": [
      [
        0.9972893,
        0.0725642145,
        -0.0121845286
      ],
      [
        -0.0644190758,
        0.7810485,
        -0.621138752
      ],
      [
        -0.03555574,
        0.6202399,
        0.7836059
      ]
    ],
    "translation": [
      1.32659006,
      1.5805732,
      -1.22446966
    ]
  },
  {
    "timeStamp": 1682,
    "rotation": [
      [
        0.99861604,
        0.05259143,
        0.0002682991
      ],
      [
        -0.0408867858,
        0.779554546,
        -0.624998331
      ],
      [
        -0.0330787078,
        0.6241224,
        0.780626
      ]
    ],
    "translation": [
      1.30507469,
      1.5801332,
      -1.22923172
    ]
  },
  {
    "timeStamp": 1726,
    "rotation": [
      [
        0.9990649,
        0.0429102071,
        0.005288381
      ],
      [
        -0.0300625954,
        0.77737397,
        -0.6283199
      ],
      [
        -0.0310723875,
        0.627573431,
        0.777937055
      ]
    ],
    "translation": [
      1.28828812,
      1.57956338,
      -1.23156476
    ]
  },
  {
    "timeStamp": 1782,
    "rotation": [
      [
        0.999277949,
        0.0366609171,
        0.009977442
      ],
      [
        -0.0218994245,
        0.770348966,
        -0.6372463
      ],
      [
        -0.031048147,
        0.6365677,
        0.770595551
      ]
    ],
    "translation": [
      1.26779342,
      1.57763529,
      -1.23327589
    ]
  },
  {
    "timeStamp": 1826,
    "rotation": [
      [
        0.9994373,
        0.0305240024,
        0.0139078414
      ],
      [
        -0.0141814733,
        0.7602591,
        -0.649465144
      ],
      [
        -0.03039784,
        0.6489024,
        0.760264158
      ]
    ],
    "translation": [
      1.25204659,
      1.57467985,
      -1.233359
    ]
  },
  {
    "timeStamp": 1882,
    "rotation": [
      [
        0.9995063,
        0.02174121,
        0.02268292
      ],
      [
        -0.0006710333,
        0.7365403,
        -0.67639333
      ],
      [
        -0.0314124934,
        0.676044166,
        0.7361913
      ]
    ],
    "translation": [
      1.23342872,
      1.56882977,
      -1.23246694
    ]
  },
  {
    "timeStamp": 1926,
    "rotation": [
      [
        0.9993821,
        0.016022807,
        0.0312850177
      ],
      [
        0.0104402034,
        0.7145755,
        -0.6994804
      ],
      [
        -0.03356315,
        0.6993748,
        0.713966668
      ]
    ],
    "translation": [
      1.21969914,
      1.56321585,
      -1.23072219
    ]
  },
  {
    "timeStamp": 1981,
    "rotation": [
      [
        0.9990091,
        0.00615850231,
        0.04408009
      ],
      [
        0.0276989881,
        0.689196646,
        -0.72404474
      ],
      [
        -0.03483888,
        0.7245482,
        0.688343048
      ]
    ],
    "translation": [
      1.20463824,
      1.55629516,
      -1.22706
    ]
  },
  {
    "timeStamp": 2026,
    "rotation": [
      [
        0.998675,
        -0.0026003255,
        0.0513953976
      ],
      [
        0.03996113,
        0.668460965,
        -0.742672861
      ],
      [
        -0.03242463,
        0.743742645,
        0.6676792
      ]
    ],
    "translation": [
      1.1946466,
      1.55069923,
      -1.22379661
    ]
  },
  {
    "timeStamp": 2081,
    "rotation": [
      [
        0.9983366,
        -0.00438338937,
        0.0574877374
      ],
      [
        0.0468521,
        0.642768,
        -0.7646268
      ],
      [
        -0.0335996225,
        0.7660483,
        0.641904235
      ]
    ],
    "translation": [
      1.18461776,
      1.54424214,
      -1.21967614
    ]
  },
  {
    "timeStamp": 2126,
    "rotation": [
      [
        0.998012662,
        -0.00290233735,
        0.06294673
      ],
      [
        0.0510295145,
        0.623284459,
        -0.780328453
      ],
      [
        -0.03696894,
        0.7819898,
        0.6221939
      ]
    ],
    "translation": [
      1.17906213,
      1.539483,
      -1.2168225
    ]
  },
  {
    "timeStamp": 2181,
    "rotation": [
      [
        0.9976376,
        -0.00304480945,
        0.068628855
      ],
      [
        0.0566337332,
        0.601895452,
        -0.796564162
      ],
      [
        -0.03888201,
        0.7985691,
        0.600646
      ]
    ],
    "translation": [
      1.17446947,
      1.5327754,
      -1.21249688
    ]
  },
  {
    "timeStamp": 2226,
    "rotation": [
      [
        0.997363865,
        -0.0027223865,
        0.07251158
      ],
      [
        0.06051991,
        0.582529545,
        -0.8105533
      ],
      [
        -0.0400334969,
        0.812805,
        0.5811587
      ]
    ],
    "translation": [
      1.17233467,
      1.52594209,
      -1.20902
    ]
  },
  {
    "timeStamp": 2282,
    "rotation": [
      [
        0.997098863,
        -0.00289128046,
        0.0760628954
      ],
      [
        0.0645498857,
        0.561690569,
        -0.824825466
      ],
      [
        -0.0403390042,
        0.8273424,
        0.56024766
      ]
    ],
    "translation": [
      1.17110991,
      1.515774,
      -1.20257306
    ]
  },
  {
    "timeStamp": 2326,
    "rotation": [
      [
        0.9971036,
        -0.00160719734,
        0.07603943
      ],
      [
        0.06469888,
        0.5435074,
        -0.836907268
      ],
      [
        -0.0399829224,
        0.8394029,
        0.5420371
      ]
    ],
    "translation": [
      1.17095017,
      1.5058043,
      -1.19566166
    ]
  },
  {
    "timeStamp": 2381,
    "rotation": [
      [
        0.9969606,
        -0.0007005515,
        0.07790436
      ],
      [
        0.06709334,
        0.5159792,
        -0.8539696
      ],
      [
        -0.03959877,
        0.8566009,
        0.5144579
      ]
    ],
    "translation": [
      1.171834,
      1.4909606,
      -1.18398714
    ]
  },
  {
    "timeStamp": 2426,
    "rotation": [
      [
        0.997080266,
        -0.0005709561,
        0.07635796
      ],
      [
        0.06679519,
        0.491101176,
        -0.868537843
      ],
      [
        -0.03700359,
        0.871102333,
        0.489705473
      ]
    ],
    "translation": [
      1.17359018,
      1.47692823,
      -1.17282248
    ]
  },
  {
    "timeStamp": 2481,
    "rotation": [
      [
        0.997365534,
        0.00174673542,
        0.07251857
      ],
      [
        0.06379003,
        0.454859138,
        -0.888275862
      ],
      [
        -0.0345373154,
        0.8905617,
        0.453549445
      ]
    ],
    "translation": [
      1.17741513,
      1.45710981,
      -1.15716517
    ]
  },
  {
    "timeStamp": 2526,
    "rotation": [
      [
        0.99756217,
        0.007420335,
        0.06938729
      ],
      [
        0.0594926439,
        0.429267436,
        -0.9012159
      ],
      [
        -0.03647302,
        0.9031469,
        0.427779526
      ]
    ],
    "translation": [
      1.182003,
      1.43827128,
      -1.14250064
    ]
  },
  {
    "timeStamp": 2581,
    "rotation": [
      [
        0.9978842,
        0.0135077406,
        0.0635975
      ],
      [
        0.05298177,
        0.3980069,
        -0.915851235
      ],
      [
        -0.03768332,
        0.917283,
        0.396449119
      ]
    ],
    "translation": [
      1.189724,
      1.40831232,
      -1.12218928
    ]
  },
  {
    "timeStamp": 2626,
    "rotation": [
      [
        0.997641563,
        0.0206315089,
        0.06546496
      ],
      [
        0.0530518666,
        0.373399228,
        -0.9261525
      ],
      [
        -0.0435524881,
        0.9274413,
        0.371424079
      ]
    ],
    "translation": [
      1.19759035,
      1.377989,
      -1.10651255
    ]
  },
  {
    "timeStamp": 2681,
    "rotation": [
      [
        0.9969765,
        0.0279330518,
        0.07250995
      ],
      [
        0.0584571324,
        0.345157772,
        -0.9367224
      ],
      [
        -0.0511928946,
        0.938128948,
        0.3424813
      ]
    ],
    "translation": [
      1.209306,
      1.33497727,
      -1.08841336
    ]
  },
  {
    "timeStamp": 2726,
    "rotation": [
      [
        0.995297134,
        0.0429496951,
        0.08682771
      ],
      [
        0.06776303,
        0.331830531,
        -0.940902054
      ],
      [
        -0.06922354,
        0.9423608,
        0.327359527
      ]
    ],
    "translation": [
      1.21880746,
      1.29905522,
      -1.07526207
    ]
  },
  {
    "timeStamp": 2781,
    "rotation": [
      [
        0.9918761,
        0.05650475,
        0.113969445
      ],
      [
        0.09108037,
        0.309996217,
        -0.946365
      ],
      [
        -0.0888042152,
        0.9490572,
        0.302331358
      ]
    ],
    "translation": [
      1.229579,
      1.25549543,
      -1.0614121
    ]
  },
  {
    "timeStamp": 2826,
    "rotation": [
      [
        0.9906753,
        0.05114632,
        0.126279518
      ],
      [
        0.105170719,
        0.30213365,
        -0.9474462
      ],
      [
        -0.08661169,
        0.9518925,
        0.293937266
      ]
    ],
    "translation": [
      1.23774672,
      1.22122753,
      -1.05155122
    ]
  },
  {
    "timeStamp": 2881,
    "rotation": [
      [
        0.9898151,
        0.05076597,
        0.132999763
      ],
      [
        0.1123964,
        0.294685245,
        -0.9489614
      ],
      [
        -0.087368,
        0.954245,
        0.285978
      ]
    ],
    "translation": [
      1.2469492,
      1.18008912,
      -1.04100227
    ]
  },
  {
    "timeStamp": 2925,
    "rotation": [
      [
        0.9882257,
        0.05548024,
        0.142589852
      ],
      [
        0.120158084,
        0.295527071,
        -0.947747767
      ],
      [
        -0.0947204158,
        0.95372206,
        0.285381049
      ]
    ],
    "translation": [
      1.25397015,
      1.14927077,
      -1.03280532
    ]
  },
  {
    "timeStamp": 2981,
    "rotation": [
      [
        0.988708854,
        0.0492580459,
        0.141522378
      ],
      [
        0.12011148,
        0.304198653,
        -0.9450061
      ],
      [
        -0.08960005,
        0.9513343,
        0.2948474
      ]
    ],
    "translation": [
      1.26123166,
      1.11251771,
      -1.02365649
    ]
  },
  {
    "timeStamp": 3025,
    "rotation": [
      [
        0.9906979,
        0.0394691452,
        0.130229861
      ],
      [
        0.111257732,
        0.3161111,
        -0.9421759
      ],
      [
        -0.0783539861,
        0.947900832,
        0.308779359
      ]
    ],
    "translation": [
      1.26680851,
      1.084632,
      -1.01696742
    ]
  },
  {
    "timeStamp": 3081,
    "rotation": [
      [
        0.991838038,
        0.02851712,
        0.124273933
      ],
      [
        0.106889524,
        0.3453957,
        -0.9323499
      ],
      [
        -0.06951164,
        0.9380237,
        0.339528441
      ]
    ],
    "translation": [
      1.27313232,
      1.05283475,
      -1.00916886
    ]
  },
  {
    "timeStamp": 3126,
    "rotation": [
      [
        0.9919612,
        0.018070275,
        0.12524569
      ],
      [
        0.110991694,
        0.351123571,
        -0.929727435
      ],
      [
        -0.0607771352,
        0.9361547,
        0.346295327
      ]
    ],
    "translation": [
      1.27823,
      1.03062725,
      -1.00495911
    ]
  },
  {
    "timeStamp": 3181,
    "rotation": [
      [
        0.99173075,
        0.0115359118,
        0.12781623
      ],
      [
        0.114685208,
        0.367316246,
        -0.9229984
      ],
      [
        -0.0575966,
        0.930024564,
        0.362955838
      ]
    ],
    "translation": [
      1.28448343,
      1.00762308,
      -0.9993507
    ]
  },
  {
    "timeStamp": 3225,
    "rotation": [
      [
        0.991322339,
        0.0126042711,
        0.13084808
      ],
      [
        0.115972482,
        0.3847912,
        -0.9156889
      ],
      [
        -0.06189078,
        0.9229176,
        0.379990339
      ]
    ],
    "translation": [
      1.289638,
      0.9920471,
      -0.9951189
    ]
  },
  {
    "timeStamp": 3281,
    "rotation": [
      [
        0.99052316,
        0.0125048673,
        0.136774972
      ],
      [
        0.1206941,
        0.3960255,
        -0.9102729
      ],
      [
        -0.06554922,
        0.918154359,
        0.3907632
      ]
    ],
    "translation": [
      1.296385,
      0.9754908,
      -0.9911124
    ]
  },
  {
    "timeStamp": 3325,
    "rotation": [
      [
        0.9899488,
        0.0163239837,
        0.14048095
      ],
      [
        0.122284345,
        0.40021652,
        -0.908225358
      ],
      [
        -0.07104865,
        0.9162752,
        0.394197673
      ]
    ],
    "translation": [
      1.30204844,
      0.963923454,
      -0.988406241
    ]
  },
  {
    "timeStamp": 3381,
    "rotation": [
      [
        0.9888001,
        0.0188285038,
        0.148053169
      ],
      [
        0.127133787,
        0.413349479,
        -0.9016536
      ],
      [
        -0.07817449,
        0.910377741,
        0.4063263
      ]
    ],
    "translation": [
      1.30890894,
      0.9508879,
      -0.9847957
    ]
  },
  {
    "timeStamp": 3426,
    "rotation": [
      [
        0.9893169,
        0.0186531,
        0.144582912
      ],
      [
        0.12327297,
        0.4223836,
        -0.8979955
      ],
      [
        -0.07781985,
        0.9062252,
        0.4155718
      ]
    ],
    "translation": [
      1.31353617,
      0.9408153,
      -0.9827814
    ]
  },
  {
    "timeStamp": 3481,
    "rotation": [
      [
        0.992783666,
        0.0215194281,
        0.117972374
      ],
      [
        0.09706701,
        0.433468044,
        -0.895926058
      ],
      [
        -0.07041706,
        0.900912,
        0.428251147
      ]
    ],
    "translation": [
      1.31639338,
      0.929449439,
      -0.980621159
    ]
  },
  {
    "timeStamp": 3525,
    "rotation": [
      [
        0.9946485,
        0.022680914,
        0.100796521
      ],
      [
        0.08030195,
        0.4441431,
        -0.89235
      ],
      [
        -0.06500739,
        0.895668745,
        0.439944923
      ]
    ],
    "translation": [
      1.31819224,
      0.921878338,
      -0.9791368
    ]
  },
  {
    "timeStamp": 3580,
    "rotation": [
      [
        0.995303452,
        0.0122036217,
        0.09603242
      ],
      [
        0.08040467,
        0.448231727,
        -0.890294
      ],
      [
        -0.0539095849,
        0.8938341,
        0.445145339
      ]
    ],
    "translation": [
      1.3222754,
      0.91410315,
      -0.9780895
    ]
  },
  {
    "timeStamp": 3625,
    "rotation": [
      [
        0.995522559,
        0.005904224,
        0.0943399
      ],
      [
        0.08148674,
        0.45219332,
        -0.8881898
      ],
      [
        -0.0479039475,
        0.8919005,
        0.4496875
      ]
    ],
    "translation": [
      1.32618928,
      0.9091561,
      -0.9770148
    ]
  },
  {
    "timeStamp": 3681,
    "rotation": [
      [
        0.994709969,
        0.00539889233,
        0.102580912
      ],
      [
        0.088628,
        0.459761918,
        -0.8836085
      ],
      [
        -0.05193331,
        0.888025761,
        0.456851274
      ]
    ],
    "translation": [
      1.33164215,
      0.9046787,
      -0.9753347
    ]
  },
  {
    "timeStamp": 3725,
    "rotation": [
      [
        0.993798733,
        0.008209653,
        0.110890225
      ],
      [
        0.09445259,
        0.463914841,
        -0.8808301
      ],
      [
        -0.05867494,
        0.8858417,
        0.460262567
      ]
    ],
    "translation": [
      1.33606553,
      0.901988149,
      -0.974468946
    ]
  },
  {
    "timeStamp": 3780,
    "rotation": [
      [
        0.99317646,
        0.0139055988,
        0.115789324
      ],
      [
        0.09613901,
        0.464389771,
        -0.8803973
      ],
      [
        -0.06601383,
        0.88552177,
        0.4598841
      ]
    ],
    "translation": [
      1.34057,
      0.899954557,
      -0.973469
    ]
  },
  {
    "timeStamp": 3825,
    "rotation": [
      [
        0.9929335,
        0.0208767764,
        0.116821252
      ],
      [
        0.0938529447,
        0.464307785,
        -0.8806872
      ],
      [
        -0.072626926,
        0.885427833,
        0.459067434
      ]
    ],
    "translation": [
      1.34327531,
      0.89964366,
      -0.972677231
    ]
  },
  {
    "timeStamp": 3880,
    "rotation": [
      [
        0.992939055,
        0.0227116589,
        0.116431139
      ],
      [
        0.0928828,
        0.461675435,
        -0.882172644
      ],
      [
        -0.07378901,
        0.886758149,
        0.45630607
      ]
    ],
    "translation": [
      1.34554577,
      0.900514364,
      -0.971764
    ]
  },
  {
    "timeStamp": 3925,
    "rotation": [
      [
        0.9930516,
        0.0196584966,
        0.1160263
      ],
      [
        0.09379875,
        0.463180065,
        -0.881286561
      ],
      [
        -0.07106584,
        0.8860462,
        0.458117753
      ]
    ],
    "translation": [
      1.34698558,
      0.90212667,
      -0.9708465
    ]
  },
  {
    "timeStamp": 3980,
    "rotation": [
      [
        0.9932406,
        0.0180965755,
        0.1146545
      ],
      [
        0.0931080654,
        0.4656139,
        -0.880076468
      ],
      [
        -0.0693111,
        0.884802938,
        0.460781664
      ]
    ],
    "translation": [
      1.34889722,
      0.9044936,
      -0.9697075
    ]
  },
  {
    "timeStamp": 4025,
    "rotation": [
      [
        0.9931933,
        0.0180879,
        0.115064524
      ],
      [
        0.0932040662,
        0.4690557,
        -0.8782367
      ],
      [
        -0.0698571354,
        0.8829833,
        0.464177132
      ]
    ],
    "translation": [
      1.3509953,
      0.9057615,
      -0.968755
    ]
  },
  {
    "timeStamp": 4080,
    "rotation": [
      [
        0.992990553,
        0.020836819,
        0.11634244
      ],
      [
        0.0926768854,
        0.473635644,
        -0.8758312
      ],
      [
        -0.07335346,
        0.8804744,
        0.468384653
      ]
    ],
    "translation": [
      1.35375929,
      0.9060862,
      -0.968093157
    ]
  },
  {
    "timeStamp": 4125,
    "rotation": [
      [
        0.9926718,
        0.02396247,
        0.118442059
      ],
      [
        0.09246366,
        0.480433822,
        -0.872143269
      ],
      [
        -0.07780226,
        0.8767036,
        0.474697441
      ]
    ],
    "translation": [
      1.35618567,
      0.9057133,
      -0.967225432
    ]
  },
  {
    "timeStamp": 4180,
    "rotation": [
      [
        0.9927289,
        0.024919074,
        0.117763922
      ],
      [
        0.09091698,
        0.4859539,
        -0.8692427
      ],
      [
        -0.07888856,
        0.8736291,
        0.480154932
      ]
    ],
    "translation": [
      1.3597374,
      0.9042529,
      -0.966439962
    ]
  },
  {
    "timeStamp": 4225,
    "rotation": [
      [
        0.9931608,
        0.0245269351,
        0.114149556
      ],
      [
        0.08767067,
        0.489021152,
        -0.867854953
      ],
      [
        -0.077107355,
        0.871927,
        0.483526349
      ]
    ],
    "translation": [
      1.36263061,
      0.902521,
      -0.965890169
    ]
  },
  {
    "timeStamp": 4280,
    "rotation": [
      [
        0.994851768,
        0.025997499,
        0.09794885
      ],
      [
        0.07267296,
        0.490607351,
        -0.868345
      ],
      [
        -0.0706292242,
        0.870992839,
        0.486192316
      ]
    ],
    "translation": [
      1.3647275,
      0.900460839,
      -0.96536833
    ]
  },
  {
    "timeStamp": 4325,
    "rotation": [
      [
        0.9964937,
        0.0304830931,
        0.07791757
      ],
      [
        0.052919127,
        0.4917046,
        -0.869152546
      ],
      [
        -0.064806886,
        0.87022835,
        0.488367379
      ]
    ],
    "translation": [
      1.36545682,
      0.899266362,
      -0.964656949
    ]
  },
  {
    "timeStamp": 4380,
    "rotation": [
      [
        0.997718,
        0.03343281,
        0.0586608425
      ],
      [
        0.03461467,
        0.49267298,
        -0.86952585
      ],
      [
        -0.0579713,
        0.8695721,
        0.490391433
      ]
    ],
    "translation": [
      1.36694336,
      0.8993372,
      -0.963284
    ]
  },
  {
    "timeStamp": 4425,
    "rotation": [
      [
        0.9984208,
        0.030365156,
        0.04726456
      ],
      [
        0.026306577,
        0.490682036,
        -0.8709415
      ],
      [
        -0.0496381447,
        0.8708095,
        0.489108324
      ]
    ],
    "translation": [
      1.36828518,
      0.8998163,
      -0.9621814
    ]
  },
  {
    "timeStamp": 4480,
    "rotation": [
      [
        0.9988933,
        0.029491758,
        0.0366387144
      ],
      [
        0.0175809786,
        0.488397747,
        -0.872444034
      ],
      [
        -0.04362417,
        0.8721227,
        0.487338752
      ]
    ],
    "translation": [
      1.37003875,
      0.9002601,
      -0.9611172
    ]
  },
  {
    "timeStamp": 4525,
    "rotation": [
      [
        0.999087334,
        0.03159621,
        0.028743729
      ],
      [
        0.00999022,
        0.481415927,
        -0.876435339
      ],
      [
        -0.0415297225,
        0.8759226,
        0.480660915
      ]
    ],
    "translation": [
      1.37139916,
      0.9005666,
      -0.960686266
    ]
  },
  {
    "timeStamp": 4580,
    "rotation": [
      [
        0.9991647,
        0.03572079,
        0.0198474247
      ],
      [
        0.000396525371,
        0.477192521,
        -0.878798664
      ],
      [
        -0.04086243,
        0.878072441,
        0.476779759
      ]
    ],
    "translation": [
      1.3728416,
      0.901337,
      -0.959672749
    ]
  },
  {
    "timeStamp": 4625,
    "rotation": [
      [
        0.9991309,
        0.0398312062,
        0.0122874575
      ],
      [
        -0.008154698,
        0.475863129,
        -0.879481554
      ],
      [
        -0.04087796,
        0.878617,
        0.475774348
      ]
    ],
    "translation": [
      1.3736856,
      0.9025334,
      -0.9582067
    ]
  },
  {
    "timeStamp": 4680,
    "rotation": [
      [
        0.999098837,
        0.041982092,
        0.006245773
      ],
      [
        -0.0144940121,
        0.47576952,
        -0.87945056
      ],
      [
        -0.0398927219,
        0.8785675,
        0.475949258
      ]
    ],
    "translation": [
      1.37401056,
      0.9048908,
      -0.956129253
    ]
  },
  {
    "timeStamp": 4725,
    "rotation": [
      [
        0.9992256,
        0.0393438637,
        -0.000506951765
      ],
      [
        -0.0191805456,
        0.475802451,
        -0.879343033
      ],
      [
        -0.0343555436,
        0.878671765,
        0.4761886
      ]
    ],
    "translation": [
      1.373838,
      0.9074007,
      -0.95435077
    ]
  },
  {
    "timeStamp": 4780,
    "rotation": [
      [
        0.999136865,
        0.0392043181,
        -0.0137332631
      ],
      [
        -0.0307835881,
        0.4768032,
        -0.8784709
      ],
      [
        -0.0278917886,
        0.8781354,
        0.4775985
      ]
    ],
    "translation": [
      1.37264991,
      0.911006,
      -0.9515809
    ]
  },
  {
    "timeStamp": 4836,
    "rotation": [
      [
        0.998838961,
        0.04281786,
        -0.0220770631
      ],
      [
        -0.03997643,
        0.480978549,
        -0.875820458
      ],
      [
        -0.0268821642,
        0.875686169,
        0.482131839
      ]
    ],
    "translation": [
      1.37154007,
      0.9137659,
      -0.9488198
    ]
  },
  {
    "timeStamp": 4880,
    "rotation": [
      [
        0.998513937,
        0.044443883,
        -0.0315401554
      ],
      [
        -0.0492478125,
        0.488009125,
        -0.8714481
      ],
      [
        -0.023338655,
        0.871706367,
        0.489472657
      ]
    ],
    "translation": [
      1.36996841,
      0.915812731,
      -0.9452268
    ]
  },
  {
    "timeStamp": 4936,
    "rotation": [
      [
        0.998186231,
        0.0460210554,
        -0.0388125554
      ],
      [
        -0.05646061,
        0.491873235,
        -0.868834257
      ],
      [
        -0.0208938159,
        0.869449735,
        0.493579447
      ]
    ],
    "translation": [
      1.36846161,
      0.915554762,
      -0.9425762
    ]
  },
  {
    "timeStamp": 4980,
    "rotation": [
      [
        0.99779135,
        0.04595742,
        -0.04796137
      ],
      [
        -0.06450629,
        0.498068631,
        -0.864734948
      ],
      [
        -0.01585293,
        0.8659189,
        0.4999331
      ]
    ],
    "translation": [
      1.36592078,
      0.9127526,
      -0.9396677
    ]
  },
  {
    "timeStamp": 5036,
    "rotation": [
      [
        0.9978337,
        0.04176173,
        -0.0508315079
      ],
      [
        -0.064965874,
        0.503854036,
        -0.861342251
      ],
      [
        -0.0103594754,
        0.862778664,
        0.50547564
      ]
    ],
    "translation": [
      1.36375213,
      0.9082278,
      -0.937902033
    ]
  },
  {
    "timeStamp": 5080,
    "rotation": [
      [
        0.998340547,
        0.03386485,
        -0.0465761572
      ],
      [
        -0.0573178232,
        0.5063707,
        -0.860408843
      ],
      [
        -0.00555281248,
        0.8616507,
        0.5074715
      ]
    ],
    "translation": [
      1.36099315,
      0.9009869,
      -0.936734855
    ]
  },
  {
    "timeStamp": 5136,
    "rotation": [
      [
        0.9988164,
        0.028167434,
        -0.0396554358
      ],
      [
        -0.0484447144,
        0.5028776,
        -0.862998962
      ],
      [
        -0.00436663255,
        0.8638986,
        0.5036469
      ]
    ],
    "translation": [
      1.35827518,
      0.8942231,
      -0.9366011
    ]
  },
  {
    "timeStamp": 5180,
    "rotation": [
      [
        0.9992053,
        0.0184428319,
        -0.03533574
      ],
      [
        -0.0398282632,
        0.4968726,
        -0.8669091
      ],
      [
        0.00156909972,
        0.8676275,
        0.497212261
      ]
    ],
    "translation": [
      1.3539145,
      0.886502147,
      -0.9367906
    ]
  },
  {
    "timeStamp": 5236,
    "rotation": [
      [
        0.9994702,
        0.008359173,
        -0.0314545222
      ],
      [
        -0.03146161,
        0.495577842,
        -0.867993534
      ],
      [
        0.008332455,
        0.8685233,
        0.4955783
      ]
    ],
    "translation": [
      1.34902573,
      0.881728768,
      -0.9367292
    ]
  },
  {
    "timeStamp": 5280,
    "rotation": [
      [
        0.9996628,
        -0.007909729,
        -0.02473009
      ],
      [
        -0.017562842,
        0.495507658,
        -0.868425965
      ],
      [
        0.0191229656,
        0.868567467,
        0.4952017
      ]
    ],
    "translation": [
      1.34184074,
      0.8770237,
      -0.936733365
    ]
  },
  {
    "timeStamp": 5336,
    "rotation": [
      [
        0.999551356,
        -0.0265820138,
        -0.0138023989
