[
  {
    "timeStamp": 41839,
    "rotation": [
      [
        0.00120333815,
        0.999910235,
        0.0133475689
      ],
      [
        -0.00324492366,
        -0.0133436043,
        0.9999057
      ],
      [
        0.99999404,
        -0.00124653627,
        0.00322857546
      ]
    ],
    "translation": [
      1.15428185,
      0.701144636,
      -0.7501643
    ]
  },
  {
    "timeStamp": 41884,
    "rotation": [
      [
        0.00176302413,
        0.9996638,
        0.0258700885
      ],
      [
        -0.0248511,
        -0.02581834,
        0.9993577
      ],
      [
        0.999689639,
        -0.00240480341,
        0.0247972254
      ]
    ],
    "translation": [
      1.15431952,
      0.7012077,
      -0.7501793
    ]
  },
  {
    "timeStamp": 41942,
    "rotation": [
      [
        0.0605008826,
        0.9898234,
        0.128799364
      ],
      [
        0.00292042387,
        -0.129210711,
        0.991612852
      ],
      [
        0.9981639,
        -0.0596173033,
        -0.0107080666
      ]
    ],
    "translation": [
      1.15019417,
      0.70616883,
      -0.7398829
    ]
  },
  {
    "timeStamp": 41992,
    "rotation": [
      [
        0.034207534,
        0.9719078,
        0.232863054
      ],
      [
        0.0171788745,
        -0.23353681,
        0.9721962
      ],
      [
        0.9992671,
        -0.0292561129,
        -0.0246849973
      ]
    ],
    "translation": [
      1.13974524,
      0.7379673,
      -0.7346234
    ]
  },
  {
    "timeStamp": 42036,
    "rotation": [
      [
        0.0309521351,
        0.9523666,
        0.303380847
      ],
      [
        -0.0192264374,
        -0.302902818,
        0.9528275
      ],
      [
        0.999335945,
        -0.0353249758,
        0.008935127
      ]
    ],
    "translation": [
      1.14883077,
      0.769186,
      -0.74449265
    ]
  },
  {
    "timeStamp": 42092,
    "rotation": [
      [
        0.03742441,
        0.9226872,
        0.3837288
      ],
      [
        -0.08286993,
        -0.379809529,
        0.921345353
      ],
      [
        0.9958574,
        -0.0662803948,
        0.06224887
      ]
    ],
    "translation": [
      1.17647064,
      0.806242943,
      -0.7622725
    ]
  },
  {
    "timeStamp": 42136,
    "rotation": [
      [
        0.0146867223,
        0.914116263,
        0.4051862
      ],
      [
        -0.115006432,
        -0.400996178,
        0.908832
      ],
      [
        0.9932562,
        -0.05994677,
        0.09923993
      ]
    ],
    "translation": [
      1.2157,
      0.822159648,
      -0.7813388
    ]
  },
  {
    "timeStamp": 42192,
    "rotation": [
      [
        -0.00476834457,
        0.9215519,
        0.388225943
      ],
      [
        -0.162427664,
        -0.3837885,
        0.909023464
      ],
      [
        0.986708939,
        -0.05872409,
        0.151515558
      ]
    ],
    "translation": [
      1.28238022,
      0.8192499,
      -0.8087077
    ]
  },
  {
    "timeStamp": 42236,
    "rotation": [
      [
        -0.0190797858,
        0.9409173,
        0.338098437
      ],
      [
        -0.216475725,
        -0.3340263,
        0.917368352
      ],
      [
        0.9761016,
        -0.0556869172,
        0.2100589
      ]
    ],
    "translation": [
      1.34763062,
      0.8030939,
      -0.8350965
    ]
  },
  {
    "timeStamp": 42292,
    "rotation": [
      [
        0.015288977,
        0.9617833,
        0.2733847
      ],
      [
        -0.26437363,
        -0.2597978,
        0.928768933
      ],
      [
        0.964299142,
        -0.0864756,
        0.2502981
      ]
    ],
    "translation": [
      1.43513966,
      0.7805575,
      -0.856909037
    ]
  },
  {
    "timeStamp": 42337,
    "rotation": [
      [
        0.08365444,
        0.9669542,
        0.240835249
      ],
      [
        -0.362255335,
        -0.195637792,
        0.911316037
      ],
      [
        0.9283173,
        -0.163479492,
        0.3339183
      ]
    ],
    "translation": [
      1.50016832,
      0.776032567,
      -0.879854143
    ]
  },
  {
    "timeStamp": 42393,
    "rotation": [
      [
        0.171105638,
        0.951437354,
        0.25590983
      ],
      [
        -0.4114827,
        -0.166994885,
        0.8959881
      ],
      [
        0.8952122,
        -0.2586111,
        0.362926245
      ]
    ],
    "translation": [
      1.55988765,
      0.784917951,
      -0.8930866
    ]
  },
  {
    "timeStamp": 42438,
    "rotation": [
      [
        0.25854224,
        0.9158026,
        0.307345837
      ],
      [
        -0.45232,
        -0.166360483,
        0.876202464
      ],
      [
        0.8535587,
        -0.365554035,
        0.3712246
      ]
    ],
    "translation": [
      1.59419322,
      0.800233245,
      -0.892232239
    ]
  },
  {
    "timeStamp": 42483,
    "rotation": [
      [
        0.350198746,
        0.8635842,
        0.362743855
      ],
      [
        -0.455722064,
        -0.181253925,
        0.871472538
      ],
      [
        0.8183387,
        -0.470499,
        0.330079466
      ]
    ],
    "translation": [
      1.61816943,
      0.8148638,
      -0.8750124
    ]
  },
  {
    "timeStamp": 42539,
    "rotation": [
      [
        0.468008935,
        0.7884228,
        0.399195641
      ],
      [
        -0.373116463,
        -0.233194649,
        0.89800024
      ],
      [
        0.8010942,
        -0.5692186,
        0.185036346
      ]
    ],
    "translation": [
      1.65357268,
      0.82911694,
      -0.830017149
    ]
  },
  {
    "timeStamp": 42583,
    "rotation": [
      [
        0.6156953,
        0.6924827,
        0.3760147
      ],
      [
        -0.317603618,
        -0.218623325,
        0.922676444
      ],
      [
        0.721143067,
        -0.687511146,
        0.08532968
      ]
    ],
    "translation": [
      1.69542861,
      0.835788369,
      -0.779365957
    ]
  },
  {
    "timeStamp": 42639,
    "rotation": [
      [
        0.7584454,
        0.5393959,
        0.365804046
      ],
      [
        -0.266828984,
        -0.255087048,
        0.9293723
      ],
      [
        0.5946115,
        -0.8024853,
        -0.04954312
      ]
    ],
    "translation": [
      1.747166,
      0.857254744,
      -0.7257838
    ]
  },
  {
    "timeStamp": 42684,
    "rotation": [
      [
        0.815926254,
        0.455809057,
        0.3556718
      ],
      [
        -0.20980975,
        -0.339809239,
        0.916793048
      ],
      [
        0.538743138,
        -0.822658956,
        -0.181626111
      ]
    ],
    "translation": [
      1.79145682,
      0.8871219,
      -0.67998457
    ]
  },
  {
    "timeStamp": 42739,
    "rotation": [
      [
        0.8746299,
        0.3699253,
        0.3133333
      ],
      [
        -0.186792448,
        -0.339271963,
        0.9219561
      ],
      [
        0.4473601,
        -0.864898741,
        -0.22763817
      ]
    ],
    "translation": [
      1.84587073,
      0.9115743,
      -0.658366561
    ]
  },
  {
    "timeStamp": 42784,
    "rotation": [
      [
        0.9139079,
        0.2943523,
        0.279515862
      ],
      [
        -0.146368235,
        -0.403308034,
        0.903282344
      ],
      [
        0.378614217,
        -0.8664291,
        -0.325502574
      ]
    ],
    "translation": [
      1.8929528,
      0.9377122,
      -0.6277543
    ]
  },
  {
    "timeStamp": 42839,
    "rotation": [
      [
        0.954832733,
        0.236627564,
        0.179727241
      ],
      [
        -0.07259279,
        -0.400761724,
        0.9133019
      ],
      [
        0.2881402,
        -0.885097444,
        -0.365482926
      ]
    ],
    "translation": [
      1.95286787,
      0.9567365,
      -0.613224
    ]
  },
  {
    "timeStamp": 42894,
    "rotation": [
      [
        0.9757705,
        0.191556126,
        0.105726942
      ],
      [
        -0.0241244826,
        -0.386080563,
        0.922149539
      ],
      [
        0.217462525,
        -0.9023569,
        -0.372104824
      ]
    ],
    "translation": [
      2.0051918,
      0.9694386,
      -0.605235934
    ]
  },
  {
    "timeStamp": 42939,
    "rotation": [
      [
        0.9790635,
        0.188751608,
        0.07620718
      ],
      [
        0.0105490712,
        -0.420927018,
        0.907033145
      ],
      [
        0.203281626,
        -0.887239158,
        -0.414105445
      ]
    ],
    "translation": [
      2.03096414,
      0.983610749,
      -0.5941964
    ]
  },
  {
    "timeStamp": 42994,
    "rotation": [
      [
        0.988496661,
        0.1485158,
        0.02859002
      ],
      [
        0.0286260359,
        -0.369339019,
        0.9288537
      ],
      [
        0.148508877,
        -0.917350352,
        -0.36934182
      ]
    ],
    "translation": [
      2.06250453,
      0.9779916,
      -0.5947015
    ]
  },
  {
    "timeStamp": 43040,
    "rotation": [
      [
        0.9919624,
        0.126444831,
        -0.004728153
      ],
      [
        0.0492239,
        -0.351199865,
        0.9350057
      ],
      [
        0.116566122,
        -0.9277232,
        -0.354601145
      ]
    ],
    "translation": [
      2.08105326,
      0.9712459,
      -0.5899554
    ]
  },
  {
    "timeStamp": 43089,
    "rotation": [
      [
        0.9933522,
        0.115114354,
        0.000344044645
      ],
      [
        0.03603523,
        -0.3137932,
        0.9488073
      ],
      [
        0.1093293,
        -0.9424874,
        -0.315855354
      ]
    ],
    "translation": [
      2.09282279,
      0.959850967,
      -0.5913366
    ]
  },
  {
    "timeStamp": 43134,
    "rotation": [
      [
        0.9949044,
        0.1006857,
        0.00526151247
      ],
      [
        0.0240501147,
        -0.287678063,
        0.9574252
      ],
      [
        0.09791264,
        -0.952419937,
        -0.288633674
      ]
    ],
    "translation": [
      2.09703517,
      0.9479467,
      -0.5934534
    ]
  },
  {
    "timeStamp": 43189,
    "rotation": [
      [
        0.995816946,
        0.0904431343,
        -0.0129847154
      ],
      [
        0.0360576436,
        -0.258415163,
        0.965360761
      ],
      [
        0.0839548,
        -0.9617908,
        -0.260595381
      ]
    ],
    "translation": [
      2.10627484,
      0.933621943,
      -0.5929347
    ]
  },
  {
    "timeStamp": 43234,
    "rotation": [
      [
        0.996657133,
        0.08169752,
        0.000177825917
      ],
      [
        0.0187711865,
        -0.231113672,
        0.972745657
      ],
      [
        0.07951201,
        -0.9694905,
        -0.23187466
      ]
    ],
    "translation": [
      2.1052134,
      0.9204924,
      -0.5950577
    ]
  },
  {
    "timeStamp": 43289,
    "rotation": [
      [
        0.9962211,
        0.08566381,
        -0.0143211437
      ],
      [
        0.0322608463,
        -0.211881533,
        0.9767628
      ],
      [
        0.08063883,
        -0.97353375,
        -0.213844448
      ]
    ],
    "translation": [
      2.10763979,
      0.907789946,
      -0.5924953
    ]
  },
  {
    "timeStamp": 43333,
    "rotation": [
      [
        0.9967029,
        0.08074164,
        -0.008010114
      ],
      [
        0.0245581251,
        -0.206107929,
        0.978221059
      ],
      [
        0.07733222,
        -0.9751925,
        -0.20741123
      ]
    ],
    "translation": [
      2.106429,
      0.900180936,
      -0.589402854
    ]
  },
  {
    "timeStamp": 43389,
    "rotation": [
      [
        0.996046245,
        0.08819762,
        -0.0106335534
      ],
      [
        0.02677991,
        -0.183971554,
        0.9825667
      ],
      [
        0.08470378,
        -0.978966653,
        -0.185606092
      ]
    ],
    "translation": [
      2.104402,
      0.889301538,
      -0.587050259
    ]
  },
  {
    "timeStamp": 43434,
    "rotation": [
      [
        0.996091843,
        0.08797149,
        -0.007874929
      ],
      [
        0.0226490144,
        -0.168234736,
        0.985486746
      ],
      [
        0.0853699,
        -0.981813669,
        -0.169569716
      ]
    ],
    "translation": [
      2.10263157,
      0.8790285,
      -0.584683657
    ]
  },
  {
    "timeStamp": 43491,
    "rotation": [
      [
        0.995649,
        0.09230262,
        -0.0127848256
      ],
      [
        0.0261270441,
        -0.1448251,
        0.989112258
      ],
      [
        0.08944609,
        -0.985142648,
        -0.14660655
      ]
    ],
    "translation": [
      2.10168886,
      0.8660504,
      -0.581606269
    ]
  },
  {
    "timeStamp": 43536,
    "rotation": [
      [
        0.9955381,
        0.0924784,
        -0.01875327
      ],
      [
        0.0309200641,
        -0.1319425,
        0.990775
      ],
      [
        0.08915093,
        -0.9869341,
        -0.134213224
      ]
    ],
    "translation": [
      2.10296774,
      0.855930567,
      -0.57854706
    ]
  },
  {
    "timeStamp": 43593,
    "rotation": [
      [
        0.9955311,
        0.09201787,
        -0.0212277491
      ],
      [
        0.0310066212,
        -0.106181279,
        0.9938632
      ],
      [
        0.08919918,
        -0.990079939,
        -0.108559921
      ]
    ],
    "translation": [
      2.1012826,
      0.841048658,
      -0.576652467
    ]
  },
  {
    "timeStamp": 43638,
    "rotation": [
      [
        0.9951044,
        0.09297588,
        -0.0335078239
      ],
      [
        0.04210919,
        -0.092149,
        0.99485445
      ],
      [
        0.08940975,
        -0.991395,
        -0.09561301
      ]
    ],
    "translation": [
      2.103816,
      0.8294169,
      -0.5747687
    ]
  },
  {
    "timeStamp": 43694,
    "rotation": [
      [
        0.9946607,
        0.09616755,
        -0.0374427773
      ],
      [
        0.0439043976,
        -0.0659783,
        0.996854663
      ],
      [
        0.09339464,
        -0.993176043,
        -0.0698482
      ]
    ],
    "translation": [
      2.10253787,
      0.813920856,
      -0.5752914
    ]
  },
  {
    "timeStamp": 43738,
    "rotation": [
      [
        0.9942523,
        0.0998719,
        -0.0385727845
      ],
      [
        0.043489974,
        -0.0475345366,
        0.997922361
      ],
      [
        0.09783084,
        -0.9938642,
        -0.0516047478
      ]
    ],
    "translation": [
      2.100425,
      0.8023908,
      -0.5750703
    ]
  },
  {
    "timeStamp": 43794,
    "rotation": [
      [
        0.9933731,
        0.104424052,
        -0.0480142944
      ],
      [
        0.05122187,
        -0.02825361,
        0.998287559
      ],
      [
        0.102888659,
        -0.9941314,
        -0.0334151722
      ]
    ],
    "translation": [
      2.09998059,
      0.788854,
      -0.575762331
    ]
  },
  {
    "timeStamp": 43838,
    "rotation": [
      [
        0.99259603,
        0.107210889,
        -0.05708703
      ],
      [
        0.0581542067,
        -0.006851554,
        0.9982841
      ],
      [
        0.106635787,
        -0.9942127,
        -0.01303559
      ]
    ],
    "translation": [
      2.099922,
      0.7779707,
      -0.577439
    ]
  },
  {
    "timeStamp": 43894,
    "rotation": [
      [
        0.9924507,
        0.1082889,
        -0.05757663
      ],
      [
        0.05722381,
        0.00636539469,
        0.9983411
      ],
      [
        0.108475752,
        -0.9940991,
        0.000120636716
      ]
    ],
    "translation": [
      2.09844327,
      0.7677166,
      -0.5786726
    ]
  },
  {
    "timeStamp": 43938,
    "rotation": [
      [
        0.9914037,
        0.106175475,
        -0.0764553547
      ],
      [
        0.07560472,
        0.0120196389,
        0.9970654
      ],
      [
        0.106782861,
        -0.994274735,
        0.00388894719
      ]
    ],
    "translation": [
      2.10235572,
      0.7617166,
      -0.577882
    ]
  },
  {
    "timeStamp": 43994,
    "rotation": [
      [
        0.9918981,
        0.102422692,
        -0.0751516
      ],
      [
        0.0730925351,
        0.0237158462,
        0.997043133
      ],
      [
        0.103902131,
        -0.994458258,
        0.01603737
      ]
    ],
    "translation": [
      2.1016376,
      0.7555876,
      -0.5809273
    ]
  }
]