[
  {
    "timeStamp": 36196,
    "rotation": [
      [
        0.6723679,
        -0.458449364,
        0.5811588
      ],
      [
        0.58194375,
        0.8125888,
        -0.0322621763
      ],
      [
        -0.4574526,
        0.359893769,
        0.813150346
      ]
    ],
    "translation": [
      1.59337449,
      0.7073872,
      -0.619264364
    ]
  },
  {
    "timeStamp": 36252,
    "rotation": [
      [
        0.6650195,
        -0.412786782,
        0.6223794
      ],
      [
        0.567429066,
        0.821106434,
        -0.0617139339
      ],
      [
        -0.485565,
        0.3941971,
        0.780279
      ]
    ],
    "translation": [
      1.59567738,
      0.716413558,
      -0.615610063
    ]
  },
  {
    "timeStamp": 36297,
    "rotation": [
      [
        0.6943949,
        -0.361100823,
        0.622432232
      ],
      [
        0.522932053,
        0.8474204,
        -0.0917644352
      ],
      [
        -0.494325548,
        0.389210522,
        0.7772756
      ]
    ],
    "translation": [
      1.59762919,
      0.732588649,
      -0.617596447
    ]
  },
  {
    "timeStamp": 36353,
    "rotation": [
      [
        0.7248486,
        -0.284075081,
        0.62761116
      ],
      [
        0.455470145,
        0.8811142,
        -0.127219424
      ],
      [
        -0.516857266,
        0.378072977,
        0.7680621
      ]
    ],
    "translation": [
      1.60996985,
      0.7623635,
      -0.6216158
    ]
  },
  {
    "timeStamp": 36397,
    "rotation": [
      [
        0.7317657,
        -0.20398201,
        0.6503155
      ],
      [
        0.398578316,
        0.9020689,
        -0.16555059
      ],
      [
        -0.5528601,
        0.3803459,
        0.7414059
      ]
    ],
    "translation": [
      1.62872589,
      0.7910047,
      -0.622630954
    ]
  },
  {
    "timeStamp": 36453,
    "rotation": [
      [
        0.724849045,
        -0.09918016,
        0.681731
      ],
      [
        0.309076816,
        0.9312169,
        -0.193149209
      ],
      [
        -0.61568284,
        0.350711256,
        0.705646
      ]
    ],
    "translation": [
      1.66374552,
      0.8340126,
      -0.620533943
    ]
  },
  {
    "timeStamp": 36497,
    "rotation": [
      [
        0.6986959,
        -0.02961153,
        0.714805663
      ],
      [
        0.242279768,
        0.9498981,
        -0.197468981
      ],
      [
        -0.673145235,
        0.3111537,
        0.6708642
      ]
    ],
    "translation": [
      1.70080507,
      0.8681096,
      -0.6169011
    ]
  },
  {
    "timeStamp": 36553,
    "rotation": [
      [
        0.6399338,
        0.0311579984,
        0.767798066
      ],
      [
        0.168809339,
        0.969069242,
        -0.180022687
      ],
      [
        -0.7496586,
        0.244814083,
        0.614880443
      ]
    ],
    "translation": [
      1.759171,
      0.9049342,
      -0.6088038
    ]
  },
  {
    "timeStamp": 36597,
    "rotation": [
      [
        0.56415844,
        0.0599541031,
        0.8234869
      ],
      [
        0.133224145,
        0.9776816,
        -0.16245012
      ],
      [
        -0.8148476,
        0.201355949,
        0.54358
      ]
    ],
    "translation": [
      1.81454551,
      0.9264217,
      -0.6005827
    ]
  },
  {
    "timeStamp": 36653,
    "rotation": [
      [
        0.45130828,
        0.05295203,
        0.8907957
      ],
      [
        0.120768987,
        0.9854297,
        -0.119763196
      ],
      [
        -0.8841582,
        0.161630616,
        0.4383376
      ]
    ],
    "translation": [
      1.8869797,
      0.9409934,
      -0.592040241
    ]
  },
  {
    "timeStamp": 36697,
    "rotation": [
      [
        0.360217661,
        0.0403966159,
        0.9319932
      ],
      [
        0.113801762,
        0.9896972,
        -0.08688242
      ],
      [
        -0.9259009,
        0.137359053,
        0.35190922
      ]
    ],
    "translation": [
      1.94350719,
      0.9474684,
      -0.5885575
    ]
  },
  {
    "timeStamp": 36753,
    "rotation": [
      [
        0.259801269,
        0.009441579,
        0.965616
      ],
      [
        0.124918617,
        0.9912216,
        -0.0433015972
      ],
      [
        -0.957548261,
        0.13187322,
        0.256341219
      ]
    ],
    "translation": [
      2.009515,
      0.9490658,
      -0.587699831
    ]
  },
  {
    "timeStamp": 36795,
    "rotation": [
      [
        0.199063718,
        0.00133851683,
        0.979985654
      ],
      [
        0.135454834,
        0.9903629,
        -0.0288675241
      ],
      [
        -0.9705801,
        0.138490275,
        0.196964011
      ]
    ],
    "translation": [
      2.04699063,
      0.9476432,
      -0.5880352
    ]
  },
  {
    "timeStamp": 36847,
    "rotation": [
      [
        0.0972469449,
        -0.0392052867,
        0.994487762
      ],
      [
        0.18416205,
        0.9826772,
        0.02073122
      ],
      [
        -0.9780733,
        0.181130871,
        0.10278248
      ]
    ],
    "translation": [
      2.10898972,
      0.9350532,
      -0.5881931
    ]
  },
  {
    "timeStamp": 36903,
    "rotation": [
      [
        0.06759476,
        -0.09701454,
        0.992985
      ],
      [
        0.269583941,
        0.960017145,
        0.0754423961
      ],
      [
        -0.9606016,
        0.262593269,
        0.09104569
      ]
    ],
    "translation": [
      2.14450121,
      0.9119374,
      -0.588486552
    ]
  },
  {
    "timeStamp": 36947,
    "rotation": [
      [
        0.0441803932,
        -0.161216959,
        0.985929549
      ],
      [
        0.341929823,
        0.9297288,
        0.136704966
      ],
      [
        -0.9386864,
        0.331079066,
        0.0962006748
      ]
    ],
    "translation": [
      2.16578,
      0.888405442,
      -0.588685632
    ]
  },
  {
    "timeStamp": 37003,
    "rotation": [
      [
        0.0469368622,
        -0.2163435,
        0.9751884
      ],
      [
        0.3976516,
        0.899619341,
        0.180439264
      ],
      [
        -0.916335166,
        0.379316,
        0.128254652
      ]
    ],
    "translation": [
      2.181962,
      0.8650549,
      -0.588644862
    ]
  },
  {
    "timeStamp": 37047,
    "rotation": [
      [
        0.0197194256,
        -0.240404814,
        0.970472455
      ],
      [
        0.421347678,
        0.8822531,
        0.209989637
      ],
      [
        -0.906684756,
        0.404765427,
        0.118691534
      ]
    ],
    "translation": [
      2.19379187,
      0.8521104,
      -0.5865532
    ]
  },
  {
    "timeStamp": 37103,
    "rotation": [
      [
        0.03276237,
        -0.24330993,
        0.9693951
      ],
      [
        0.4575199,
        0.8659768,
        0.201890156
      ],
      [
        -0.888595641,
        0.436903179,
        0.1396906
      ]
    ],
    "translation": [
      2.19847322,
      0.8380413,
      -0.5878041
    ]
  },
  {
    "timeStamp": 37147,
    "rotation": [
      [
        0.00128863461,
        -0.24329555,
        0.969951332
      ],
      [
        0.482266426,
        0.8498529,
        0.212530211
      ],
      [
        -0.87602365,
        0.4675011,
        0.118428417
      ]
    ],
    "translation": [
      2.20530534,
      0.828682661,
      -0.589826167
    ]
  },
  {
    "timeStamp": 37203,
    "rotation": [
      [
        -0.0009487265,
        -0.242799118,
        0.970076144
      ],
      [
        0.5086075,
        0.835117161,
        0.209517822
      ],
      [
        -0.860998,
        0.4935868,
        0.12269716
      ]
    ],
    "translation": [
      2.20807242,
      0.8178395,
      -0.5933764
    ]
  }
]