[
  {
    "timeStamp": 41459,
    "rotation": [
      [
        0.9993539,
        -0.00315365684,
        0.0358023681
      ],
      [
        -0.0357162729,
        0.02407931,
        0.999071836
      ],
      [
        -0.004012826,
        -0.999705,
        0.0239511169
      ]
    ],
    "translation": [
      1.30740941,
      0.706899,
      -0.3606643
    ]
  },
  {
    "timeStamp": 41515,
    "rotation": [
      [
        0.999440432,
        0.00326822163,
        0.03328791
      ],
      [
        -0.0333136879,
        0.00817947,
        0.999411464
      ],
      [
        0.002994016,
        -0.9999612,
        0.00828377
      ]
    ],
    "translation": [
      1.308202,
      0.708492458,
      -0.358928651
    ]
  },
  {
    "timeStamp": 41559,
    "rotation": [
      [
        0.9986939,
        0.00201930618,
        0.05105304
      ],
      [
        -0.0510508381,
        -0.00112643244,
        0.998695433
      ],
      [
        0.00207417924,
        -0.9999973,
        -0.001021874
      ]
    ],
    "translation": [
      1.30993927,
      0.7153737,
      -0.36056903
    ]
  },
  {
    "timeStamp": 41614,
    "rotation": [
      [
        0.9967882,
        0.00423896452,
        0.07997044
      ],
      [
        -0.07991691,
        -0.0115707,
        0.9967344
      ],
      [
        0.0051504327,
        -0.999924,
        -0.011194773
      ]
    ],
    "translation": [
      1.3141607,
      0.7289476,
      -0.3642911
    ]
  },
  {
    "timeStamp": 41658,
    "rotation": [
      [
        0.9943884,
        0.008473709,
        0.105451331
      ],
      [
        -0.105299719,
        -0.016696373,
        0.994300365
      ],
      [
        0.0101860641,
        -0.999824762,
        -0.0157104
      ]
    ],
    "translation": [
      1.32122886,
      0.741389453,
      -0.370391428
    ]
  },
  {
    "timeStamp": 41713,
    "rotation": [
      [
        0.986216,
        -0.0022274612,
        0.1654477
      ],
      [
        -0.165462673,
        -0.01289217,
        0.9861318
      ],
      [
        -6.359102E-05,
        -0.9999144,
        -0.0130830267
      ]
    ],
    "translation": [
      1.33630466,
      0.7640719,
      -0.384249568
    ]
  },
  {
    "timeStamp": 41757,
    "rotation": [
      [
        0.977179945,
        0.00184894516,
        0.21240519
      ],
      [
        -0.212344974,
        -0.0168462023,
        0.9770495
      ],
      [
        0.00538473437,
        -0.9998564,
        -0.0160691552
      ]
    ],
    "translation": [
      1.353164,
      0.784607053,
      -0.402326852
    ]
  },
  {
    "timeStamp": 41813,
    "rotation": [
      [
        0.9701052,
        0.0124384817,
        0.242365956
      ],
      [
        -0.241767049,
        -0.03724357,
        0.969619334
      ],
      [
        0.0210871585,
        -0.9992288,
        -0.0331229642
      ]
    ],
    "translation": [
      1.38321269,
      0.80733037,
      -0.4316742
    ]
  },
  {
    "timeStamp": 41857,
    "rotation": [
      [
        0.9622149,
        0.0120396446,
        0.272025
      ],
      [
        -0.271427274,
        -0.03711258,
        0.9617432
      ],
      [
        0.0216745883,
        -0.999238551,
        -0.0324423872
      ]
    ],
    "translation": [
      1.41203415,
      0.8245906,
      -0.458880544
    ]
  },
  {
    "timeStamp": 41913,
    "rotation": [
      [
        0.955458,
        0.0173536018,
        0.294616431
      ],
      [
        -0.2940401,
        -0.0296236183,
        0.9553339
      ],
      [
        0.0253060888,
        -0.99941045,
        -0.0232014675
      ]
    ],
    "translation": [
      1.453573,
      0.8437545,
      -0.4984158
    ]
  },
  {
    "timeStamp": 41957,
    "rotation": [
      [
        0.9559337,
        0.0271963868,
        0.292320371
      ],
      [
        -0.291389376,
        -0.0335930251,
        0.9560145
      ],
      [
        0.0358200632,
        -0.9990655,
        -0.0241879653
      ]
    ],
    "translation": [
      1.48927546,
      0.8566084,
      -0.5306234
    ]
  },
  {
    "timeStamp": 42013,
    "rotation": [
      [
        0.9520298,
        0.00466451235,
        0.305969775
      ],
      [
        -0.305883616,
        -0.01369472,
        0.9519704
      ],
      [
        0.00863065,
        -0.999895334,
        -0.0116109839
      ]
    ],
    "translation": [
      1.53848028,
      0.8723533,
      -0.567952156
    ]
  },
  {
    "timeStamp": 42058,
    "rotation": [
      [
        0.9519077,
        -0.00771495933,
        0.306287825
      ],
      [
        -0.306349874,
        -0.00883789,
        0.951877952
      ],
      [
        -0.00463676173,
        -0.999931157,
        -0.0107763316
      ]
    ],
    "translation": [
      1.57907534,
      0.88439393,
      -0.5955187
    ]
  },
  {
    "timeStamp": 42114,
    "rotation": [
      [
        0.949803233,
        -0.0557579435,
        0.307839185
      ],
      [
        -0.309034079,
        -0.0140370289,
        0.9509474
      ],
      [
        -0.0487017259,
        -0.9983457,
        -0.0305635165
      ]
    ],
    "translation": [
      1.63176572,
      0.900655031,
      -0.6207855
    ]
  },
  {
    "timeStamp": 42158,
    "rotation": [
      [
        0.947375536,
        -0.109423414,
        0.300842315
      ],
      [
        -0.305269063,
        -0.0258447286,
        0.9519154
      ],
      [
        -0.09638664,
        -0.993659139,
        -0.0578882471
      ]
    ],
    "translation": [
      1.67530918,
      0.9136637,
      -0.6342577
    ]
  },
  {
    "timeStamp": 42214,
    "rotation": [
      [
        0.9385029,
        -0.198679343,
        0.282380581
      ],
      [
        -0.29877618,
        -0.05742027,
        0.9525942
      ],
      [
        -0.17304644,
        -0.978381,
        -0.113249749
      ]
    ],
    "translation": [
      1.73439646,
      0.9307085,
      -0.643809438
    ]
  },
  {
    "timeStamp": 42258,
    "rotation": [
      [
        0.927522,
        -0.275179476,
        0.25294134
      ],
      [
        -0.2875912,
        -0.09317914,
        0.9532098
      ],
      [
        -0.238734916,
        -0.956866741,
        -0.16556488
      ]
    ],
    "translation": [
      1.78436685,
      0.9429521,
      -0.648858964
    ]
  },
  {
    "timeStamp": 42314,
    "rotation": [
      [
        0.90497005,
        -0.375780255,
        0.199545443
      ],
      [
        -0.267605633,
        -0.138091952,
        0.9535816
      ],
      [
        -0.3307815,
        -0.9163622,
        -0.225529984
      ]
    ],
    "translation": [
      1.851388,
      0.954928458,
      -0.6548968
    ]
  },
  {
    "timeStamp": 42358,
    "rotation": [
      [
        0.879330635,
        -0.453495,
        0.145326853
      ],
      [
        -0.244418427,
        -0.16788201,
        0.9550263
      ],
      [
        -0.4087019,
        -0.875304461,
        -0.258466333
      ]
    ],
    "translation": [
      1.90678334,
      0.960198462,
      -0.6608104
    ]
  },
  {
    "timeStamp": 42414,
    "rotation": [
      [
        0.8493735,
        -0.523936749,
        0.06367813
      ],
      [
        -0.194499046,
        -0.198561,
        0.9605955
      ],
      [
        -0.4906473,
        -0.8282897,
        -0.270557642
      ]
    ],
    "translation": [
      1.9742074,
      0.958306134,
      -0.6705571
    ]
  },
  {
    "timeStamp": 42458,
    "rotation": [
      [
        0.8211041,
        -0.570776463,
        0.00152084
      ],
      [
        -0.153105378,
        -0.217685,
        0.9639357
      ],
      [
        -0.5498607,
        -0.7917244,
        -0.266130984
      ]
    ],
    "translation": [
      2.02533221,
      0.949680746,
      -0.6789079
    ]
  },
  {
    "timeStamp": 42513,
    "rotation": [
      [
        0.804819167,
        -0.589625359,
        -0.0678823441
      ],
      [
        -0.0776456445,
        -0.217986867,
        0.9728581
      ],
      [
        -0.588419259,
        -0.77770406,
        -0.221221864
      ]
    ],
    "translation": [
      2.07278657,
      0.9304221,
      -0.689611435
    ]
  },
  {
    "timeStamp": 42556,
    "rotation": [
      [
        0.8217756,
        -0.5601987,
        -0.104221933
      ],
      [
        7.917151E-05,
        -0.182793811,
        0.983151257
      ],
      [
        -0.5698112,
        -0.807938,
        -0.150171146
      ]
    ],
    "translation": [
      2.11358547,
      0.901510954,
      -0.7019959
    ]
  },
  {
    "timeStamp": 42608,
    "rotation": [
      [
        0.8638739,
        -0.475904167,
        -0.165036619
      ],
      [
        0.09022708,
        -0.176143616,
        0.9802206
      ],
      [
        -0.495561272,
        -0.861677766,
        -0.109226421
      ]
    ],
    "translation": [
      2.146859,
      0.8724221,
      -0.7109262
    ]
  },
  {
    "timeStamp": 42664,
    "rotation": [
      [
        0.913499236,
        -0.364666164,
        -0.180382133
      ],
      [
        0.144460455,
        -0.123741575,
        0.9817429
      ],
      [
        -0.380329221,
        -0.9228795,
        -0.0603579953
      ]
    ],
    "translation": [
      2.165454,
      0.8439301,
      -0.7144422
    ]
  },
  {
    "timeStamp": 42708,
    "rotation": [
      [
        0.9404965,
        -0.242135733,
        -0.238404155
      ],
      [
        0.217715248,
        -0.109284677,
        0.9698747
      ],
      [
        -0.260895252,
        -0.964068,
        -0.0500652157
      ]
    ],
    "translation": [
      2.17837977,
      0.8232396,
      -0.713625431
    ]
  },
  {
    "timeStamp": 42764,
    "rotation": [
      [
        0.959275544,
        -0.146444216,
        -0.241546124
      ],
      [
        0.231097728,
        -0.08485001,
        0.969223559
      ],
      [
        -0.162432387,
        -0.985573232,
        -0.0475516133
      ]
    ],
    "translation": [
      2.18986368,
      0.803602934,
      -0.708353937
    ]
  },
  {
    "timeStamp": 42808,
    "rotation": [
      [
        0.967913449,
        -0.0523084141,
        -0.245779112
      ],
      [
        0.24129729,
        -0.07952146,
        0.967187643
      ],
      [
        -0.07013677,
        -0.9954598,
        -0.0643480048
      ]
    ],
    "translation": [
      2.1958518,
      0.7902632,
      -0.7024526
    ]
  },
  {
    "timeStamp": 42864,
    "rotation": [
      [
        0.96701926,
        0.026000455,
        -0.253372878
      ],
      [
        0.2546302,
        -0.07483345,
        0.9641387
      ],
      [
        0.00610727537,
        -0.996857047,
        -0.07898589
      ]
    ],
    "translation": [
      2.20473647,
      0.7772428,
      -0.693915844
    ]
  },
  {
    "timeStamp": 42908,
    "rotation": [
      [
        0.983679235,
        0.05148258,
        -0.172408462
      ],
      [
        0.1742286,
        -0.0332182758,
        0.984144747
      ],
      [
        0.04493919,
        -0.998121262,
        -0.0416458659
      ]
    ],
    "translation": [
      2.2066412,
      0.770130336,
      -0.6890399
    ]
  },
  {
    "timeStamp": 42964,
    "rotation": [
      [
        0.9666468,
        0.161956966,
        -0.198403418
      ],
      [
        0.2094292,
        -0.0539394356,
        0.9763349
      ],
      [
        0.147422463,
        -0.985322535,
        -0.0860589
      ]
    ],
    "translation": [
      2.21528125,
      0.759685338,
      -0.684086859
    ]
  },
  {
    "timeStamp": 43009,
    "rotation": [
      [
        0.967165053,
        0.223691478,
        -0.120639414
      ],
      [
        0.139625162,
        -0.07103851,
        0.987652957
      ],
      [
        0.212359518,
        -0.9720677,
        -0.09993893
      ]
    ],
    "translation": [
      2.21330738,
      0.7585925,
      -0.6808809
    ]
  },
  {
    "timeStamp": 43055,
    "rotation": [
      [
        0.963944733,
        0.249109909,
        -0.09356747
      ],
      [
        0.111209311,
        -0.0576826632,
        0.9921216
      ],
      [
        0.2417501,
        -0.9667559,
        -0.08330624
      ]
    ],
    "translation": [
      2.2152338,
      0.7549245,
      -0.6775242
    ]
  },
  {
    "timeStamp": 43112,
    "rotation": [
      [
        0.9395663,
        0.3329198,
        -0.07987234
      ],
      [
        0.0993228257,
        -0.0417912,
        0.9941773
      ],
      [
        0.327643335,
        -0.942028642,
        -0.07233214
      ]
    ],
    "translation": [
      2.21705317,
      0.750276,
      -0.675518155
    ]
  },
  {
    "timeStamp": 43157,
    "rotation": [
      [
        0.9263072,
        0.369549185,
        -0.07340596
      ],
      [
        0.09367074,
        -0.0371685922,
        0.994909167
      ],
      [
        0.364939451,
        -0.9284675,
        -0.06904548
      ]
    ],
    "translation": [
      2.21730232,
      0.7485331,
      -0.670437336
    ]
  },
  {
    "timeStamp": 43213,
    "rotation": [
      [
        0.90352875,
        0.4205179,
        -0.08246492
      ],
      [
        0.097975716,
        -0.0153751094,
        0.99507004
      ],
      [
        0.417176843,
        -0.907153964,
        -0.0550923981
      ]
    ],
    "translation": [
      2.21999025,
      0.745992541,
      -0.665732443
    ]
  },
  {
    "timeStamp": 43258,
    "rotation": [
      [
        0.8846496,
        0.459222645,
        -0.08068217
      ],
      [
        0.0947710946,
        -0.00767071964,
        0.9954695
      ],
      [
        0.45652324,
        -0.888288,
        -0.0503069349
      ]
    ],
    "translation": [
      2.2215414,
      0.7455942,
      -0.6616667
    ]
  },
  {
    "timeStamp": 43313,
    "rotation": [
      [
        0.857998967,
        0.5075653,
        -0.07883617
      ],
      [
        0.09083037,
        0.00113851472,
        0.9958657
      ],
      [
        0.505556643,
        -0.8616125,
        -0.0451255031
      ]
    ],
    "translation": [
      2.22446251,
      0.74517554,
      -0.6569509
    ]
  },
  {
    "timeStamp": 43358,
    "rotation": [
      [
        0.8367046,
        0.541191041,
        -0.08389133
      ],
      [
        0.0907076,
        0.0141200367,
        0.9957775
      ],
      [
        0.5400904,
        -0.840781152,
        -0.03727584
      ]
    ],
    "translation": [
      2.22803259,
      0.743460655,
      -0.6541659
    ]
  },
  {
    "timeStamp": 43413,
    "rotation": [
      [
        0.809907734,
        0.5819261,
        -0.0735630542
      ],
      [
        0.0749177039,
        0.02175952,
        0.9969523
      ],
      [
        0.581753254,
        -0.8129505,
        -0.0259733647
      ]
    ],
    "translation": [
      2.23182774,
      0.741709054,
      -0.6503991
    ]
  },
  {
    "timeStamp": 43458,
    "rotation": [
      [
        0.8003467,
        0.594491541,
        -0.07762091
      ],
      [
        0.07658785,
        0.0270275548,
        0.9966965
      ],
      [
        0.594625533,
        -0.803647459,
        -0.0238994174
      ]
    ],
    "translation": [
      2.23631334,
      0.7392558,
      -0.644901156
    ]
  },
  {
    "timeStamp": 43513,
    "rotation": [
      [
        0.7817998,
        0.619237363,
        -0.0730354041
      ],
      [
        0.08222841,
        0.0137185277,
        0.9965191
      ],
      [
        0.6180838,
        -0.785084,
        -0.04019376
      ]
    ],
    "translation": [
      2.24175143,
      0.7375098,
      -0.637722969
    ]
  },
  {
    "timeStamp": 43557,
    "rotation": [
      [
        0.762587368,
        0.6436472,
        -0.06464363
      ],
      [
        0.0841193944,
        0.000413446425,
        0.9964556
      ],
      [
        0.6413926,
        -0.7653222,
        -0.05382793
      ]
    ],
    "translation": [
      2.245247,
      0.737171769,
      -0.632836
    ]
  },
  {
    "timeStamp": 43613,
    "rotation": [
      [
        0.7533564,
        0.65600425,
        -0.0459622443
      ],
      [
        0.07388621,
        -0.0149864955,
        0.997154057
      ],
      [
        0.653448462,
        -0.7546084,
        -0.0597598329
      ]
    ],
    "translation": [
      2.24720049,
      0.737266839,
      -0.6260646
    ]
  },
  {
    "timeStamp": 43658,
    "rotation": [
      [
        0.7524407,
        0.656672239,
        -0.0511332229
      ],
      [
        0.07953215,
        -0.01351764,
        0.996740639
      ],
      [
        0.6538407,
        -0.754054964,
        -0.0623977743
      ]
    ],
    "translation": [
      2.248578,
      0.735872865,
      -0.6222285
    ]
  },
  {
    "timeStamp": 43713,
    "rotation": [
      [
        0.7448604,
        0.6662244,
        -0.0364426821
      ],
      [
        0.07166561,
        -0.0255827531,
        0.9971006
      ],
      [
        0.6633605,
        -0.745312452,
        -0.06680096
      ]
    ],
    "translation": [
      2.24897838,
      0.7350038,
      -0.6179417
    ]
  },
  {
    "timeStamp": 43757,
    "rotation": [
      [
        0.727860332,
        0.685192,
        -0.0270419363
      ],
      [
        0.06751175,
        -0.0323603973,
        0.9971936
      ],
      [
        0.682393968,
        -0.7276433,
        -0.0698123649
      ]
    ],
    "translation": [
      2.24978137,
      0.734547436,
      -0.6128645
    ]
  },
  {
    "timeStamp": 43813,
    "rotation": [
      [
        0.724091232,
        0.6894783,
        -0.0176525135
      ],
      [
        0.060071636,
        -0.03754894,
        0.9974876
      ],
      [
        0.6870832,
        -0.7233324,
        -0.06860694
      ]
    ],
    "translation": [
      2.249989,
      0.7342213,
      -0.606632233
    ]
  },
  {
    "timeStamp": 43857,
    "rotation": [
      [
        0.720550835,
        0.6932462,
        -0.0147047536
      ],
      [
        0.0478733964,
        -0.0285805166,
        0.998444438
      ],
      [
        0.691747546,
        -0.7201339,
        -0.05378176
      ]
    ],
    "translation": [
      2.24783921,
      0.725259364,
      -0.6083691
    ]
  },
  {
    "timeStamp": 43914,
    "rotation": [
      [
        0.720922649,
        0.6927843,
        -0.0178994443
      ],
      [
        0.0259727612,
        -0.00119944836,
        0.9996619
      ],
      [
        0.6925286,
        -0.721143842,
        -0.0188582316
      ]
    ],
    "translation": [
      2.24733377,
      0.7249935,
      -0.60593003
    ]
  },
  {
    "timeStamp": 43957,
    "rotation": [
      [
        0.7190094,
        0.6949166,
        -0.0107847443
      ],
      [
        0.0202426389,
        -0.00542838,
        0.999780357
      ],
      [
        0.6947054,
        -0.7190698,
        -0.0179700032
      ]
    ],
    "translation": [
      2.24655175,
      0.7250091,
      -0.6032161
    ]
  },
  {
    "timeStamp": 44012,
    "rotation": [
      [
        0.7139769,
        0.699926,
        -0.01845102
      ],
      [
        0.0245163664,
        0.00134491059,
        0.9996985
      ],
      [
        0.6997398,
        -0.714214,
        -0.0161994081
      ]
    ],
    "translation": [
      2.24437785,
      0.7250061,
      -0.6000232
    ]
  },
  {
    "timeStamp": 44056,
    "rotation": [
      [
        0.7076696,
        0.7065005,
        -0.00779790524
      ],
      [
        0.01410788,
        -0.00309500983,
        0.9998957
      ],
      [
        0.706402659,
        -0.7077058,
        -0.0121574681
      ]
    ],
    "translation": [
      2.24389744,
      0.724599659,
      -0.5987674
    ]
  },
  {
    "timeStamp": 44112,
    "rotation": [
      [
        0.7076513,
        0.7065424,
        -0.00524855824
      ],
      [
        0.0105355624,
        -0.0031240352,
        0.9999396
      ],
      [
        0.7064833,
        -0.7076639,
        -0.009654549
      ]
    ],
    "translation": [
      2.242683,
      0.7248391,
      -0.595055342
    ]
  },
  {
    "timeStamp": 44156,
    "rotation": [
      [
        0.707703948,
        0.7064484,
        -0.009259552
      ],
      [
        0.0169835761,
        -0.003908564,
        0.9998481
      ],
      [
        0.7063049,
        -0.7077537,
        -0.0147641264
      ]
    ],
    "translation": [
      2.24332714,
      0.7248404,
      -0.592169344
    ]
  },
  {
    "timeStamp": 44212,
    "rotation": [
      [
        0.7041486,
        0.7100469,
        0.00286334567
      ],
      [
        0.009951772,
        -0.0139011294,
        0.999853849
      ],
      [
        0.709982932,
        -0.704017162,
        -0.0168546867
      ]
    ],
    "translation": [
      2.24410868,
      0.724877656,
      -0.587994
    ]
  },
  {
    "timeStamp": 44256,
    "rotation": [
      [
        0.7030815,
        0.7111051,
        0.00243520644
      ],
      [
        0.000607093447,
        -0.004024753,
        0.9999917
      ],
      [
        0.711109042,
        -0.703074157,
        -0.00326143648
      ]
    ],
    "translation": [
      2.244484,
      0.7247693,
      -0.58746
    ]
  },
  {
    "timeStamp": 44312,
    "rotation": [
      [
        0.7045321,
        0.709672034,
        -0.0003393393
      ],
      [
        0.004050961,
        -0.0035434647,
        0.9999855
      ],
      [
        0.7096606,
        -0.704523265,
        -0.00537133869
      ]
    ],
    "translation": [
      2.24540448,
      0.724694431,
      -0.586511
    ]
  },
  {
    "timeStamp": 44357,
    "rotation": [
      [
        0.7058465,
        0.7083496,
        -0.00463935826
      ],
      [
        0.00744263362,
        -0.000866986054,
        0.9999719
      ],
      [
        0.7083257,
        -0.7058612,
        -0.005883946
      ]
    ],
    "translation": [
      2.24547768,
      0.7248007,
      -0.5863357
    ]
  }
]