[
  {
    "timeStamp": 29098,
    "rotation": [
      [
        0.9984649,
        0.05236514,
        -0.0180506129
      ],
      [
        0.0155612277,
        0.047563266,
        0.998747
      ],
      [
        0.0531580821,
        -0.9974947,
        0.046675384
      ]
    ],
    "translation": [
      1.77182209,
      0.704816341,
      -0.3607303
    ]
  },
  {
    "timeStamp": 29153,
    "rotation": [
      [
        0.997744143,
        0.06112854,
        -0.027746439
      ],
      [
        0.0255253669,
        0.0368206277,
        0.998995841
      ],
      [
        0.0620888025,
        -0.997450531,
        0.03517724
      ]
    ],
    "translation": [
      1.77276266,
      0.707192242,
      -0.358263075
    ]
  },
  {
    "timeStamp": 29197,
    "rotation": [
      [
        0.99703455,
        0.0676156953,
        -0.03674695
      ],
      [
        0.0351945572,
        0.0240091737,
        0.999092042
      ],
      [
        0.06843656,
        -0.9974226,
        0.02155827
      ]
    ],
    "translation": [
      1.77373672,
      0.7105587,
      -0.357214272
    ]
  },
  {
    "timeStamp": 29253,
    "rotation": [
      [
        0.9950325,
        0.09302085,
        -0.0354606174
      ],
      [
        0.0348807648,
        0.007852552,
        0.9993606
      ],
      [
        0.09323984,
        -0.9956332,
        0.0045689065
      ]
    ],
    "translation": [
      1.77481008,
      0.7151,
      -0.3576162
    ]
  },
  {
    "timeStamp": 29297,
    "rotation": [
      [
        0.99117434,
        0.1286951,
        -0.0317948945
      ],
      [
        0.03471036,
        -0.0204743873,
        0.999187648
      ],
      [
        0.127939567,
        -0.9914728,
        -0.0247607417
      ]
    ],
    "translation": [
      1.77570093,
      0.7223035,
      -0.35818547
    ]
  },
  {
    "timeStamp": 29353,
    "rotation": [
      [
        0.9775671,
        0.209754661,
        -0.019119842
      ],
      [
        0.03312168,
        -0.0634448454,
        0.99743557
      ],
      [
        0.208003715,
        -0.9756934,
        -0.06896902
      ]
    ],
    "translation": [
      1.77591813,
      0.733745,
      -0.359850556
    ]
  },
  {
    "timeStamp": 29397,
    "rotation": [
      [
        0.953655541,
        0.3008323,
        -0.00639852136
      ],
      [
        0.03844666,
        -0.1007327,
        0.994170368
      ],
      [
        0.298434019,
        -0.9483421,
        -0.1076303
      ]
    ],
    "translation": [
      1.77609825,
      0.7441213,
      -0.361955941
    ]
  },
  {
    "timeStamp": 29453,
    "rotation": [
      [
        0.9185452,
        0.395290583,
        -0.0044726925
      ],
      [
        0.0616049729,
        -0.13195847,
        0.989339054
      ],
      [
        0.3904862,
        -0.9090282,
        -0.14556168
      ]
    ],
    "translation": [
      1.7815851,
      0.7585491,
      -0.3726411
    ]
  },
  {
    "timeStamp": 29497,
    "rotation": [
      [
        0.8743092,
        0.484458923,
        0.0297139864
      ],
      [
        0.0505647436,
        -0.151799053,
        0.9871172
      ],
      [
        0.482728273,
        -0.8615431,
        -0.157215849
      ]
    ],
    "translation": [
      1.78381371,
      0.7673137,
      -0.3847803
    ]
  },
  {
    "timeStamp": 29553,
    "rotation": [
      [
        0.826627851,
        0.5607735,
        0.0471123755
      ],
      [
        0.07036599,
        -0.1860597,
        0.9800155
      ],
      [
        0.558332443,
        -0.806793,
        -0.193261489
      ]
    ],
    "translation": [
      1.79600573,
      0.782310963,
      -0.404042572
    ]
  },
  {
    "timeStamp": 29597,
    "rotation": [
      [
        0.772177,
        0.6312426,
        0.07263295
      ],
      [
        0.0763465539,
        -0.205652878,
        0.9756424
      ],
      [
        0.6308042,
        -0.7478233,
        -0.20699361
      ]
    ],
    "translation": [
      1.80543864,
      0.7949547,
      -0.4212158
    ]
  },
  {
    "timeStamp": 29653,
    "rotation": [
      [
        0.7163902,
        0.693081856,
        0.08014137
      ],
      [
        0.1177101,
        -0.233281985,
        0.9652584
      ],
      [
        0.687698662,
        -0.6820682,
        -0.248703644
      ]
    ],
    "translation": [
      1.82540274,
      0.8154972,
      -0.444476068
    ]
  },
  {
    "timeStamp": 29697,
    "rotation": [
      [
        0.6789971,
        0.726544261,
        0.105339617
      ],
      [
        0.141232863,
        -0.2700794,
        0.952423453
      ],
      [
        0.7204278,
        -0.6318154,
        -0.285995036
      ]
    ],
    "translation": [
      1.84216988,
      0.834305763,
      -0.464037061
    ]
  },
  {
    "timeStamp": 29753,
    "rotation": [
      [
        0.629647553,
        0.7641484,
        0.140076056
      ],
      [
        0.181086347,
        -0.319700718,
        0.930053353
      ],
      [
        0.7554812,
        -0.5602399,
        -0.339675575
      ]
    ],
    "translation": [
      1.86396015,
      0.8618718,
      -0.488381952
    ]
  },
  {
    "timeStamp": 29797,
    "rotation": [
      [
        0.5984589,
        0.7857147,
        0.1565227
      ],
      [
        0.220028579,
        -0.34905234,
        0.9109061
      ],
      [
        0.7703469,
        -0.510700345,
        -0.381773144
      ]
    ],
    "translation": [
      1.88293123,
      0.885205,
      -0.5088091
    ]
  },
  {
    "timeStamp": 29853,
    "rotation": [
      [
        0.5618884,
        0.797365367,
        0.220204175
      ],
      [
        0.233755559,
        -0.408401072,
        0.8823644
      ],
      [
        0.7934984,
        -0.4443164,
        -0.4158644
      ]
    ],
    "translation": [
      1.90391874,
      0.9120019,
      -0.5362561
    ]
  },
  {
    "timeStamp": 29897,
    "rotation": [
      [
        0.5308388,
        0.8187012,
        0.218948618
      ],
      [
        0.280759543,
        -0.413656443,
        0.866061449
      ],
      [
        0.7996151,
        -0.3982671,
        -0.449443072
      ]
    ],
    "translation": [
      1.92779219,
      0.9319258,
      -0.557908356
    ]
  },
  {
    "timeStamp": 29953,
    "rotation": [
      [
        0.5103022,
        0.8388787,
        0.189404622
      ],
      [
        0.3255116,
        -0.392262071,
        0.860332847
      ],
      [
        0.7960112,
        -0.377376348,
        -0.473236948
      ]
    ],
    "translation": [
      1.96632814,
      0.94939214,
      -0.581956267
    ]
  },
  {
    "timeStamp": 29997,
    "rotation": [
      [
        0.5173441,
        0.8405812,
        0.160556391
      ],
      [
        0.3382458,
        -0.373187,
        0.8638989
      ],
      [
        0.786094666,
        -0.392625481,
        -0.477389157
      ]
    ],
    "translation": [
      2.00183582,
      0.9571861,
      -0.6000988
    ]
  },
  {
    "timeStamp": 30062,
    "rotation": [
      [
        0.5468546,
        0.828017831,
        0.123840518
      ],
      [
        0.343163,
        -0.356600523,
        0.868950665
      ],
      [
        0.763668239,
        -0.4326922,
        -0.479153752
      ]
    ],
    "translation": [
      2.05219626,
      0.9626628,
      -0.620819
    ]
  },
  {
    "timeStamp": 30097,
    "rotation": [
      [
        0.580682158,
        0.811630368,
        0.0637521148
      ],
      [
        0.34740904,
        -0.3178496,
        0.882200956
      ],
      [
        0.7362847,
        -0.490130275,
        -0.466537356
      ]
    ],
    "translation": [
      2.09545326,
      0.9639824,
      -0.636639833
    ]
  },
  {
    "timeStamp": 30147,
    "rotation": [
      [
        0.612351656,
        0.7905851,
        -0.0008044055
      ],
      [
        0.367773443,
        -0.2839598,
        0.8854996
      ],
      [
        0.699834347,
        -0.542533,
        -0.464639485
      ]
    ],
    "translation": [
      2.14575124,
      0.9649542,
      -0.651168942
    ]
  },
  {
    "timeStamp": 30203,
    "rotation": [
      [
        0.5773004,
        0.8099728,
        -0.103287034
      ],
      [
        0.39838475,
        -0.1689842,
        0.90151757
      ],
      [
        0.712750852,
        -0.5615945,
        -0.420235485
      ]
    ],
    "translation": [
      2.19076157,
      0.9542042,
      -0.661022
    ]
  },
  {
    "timeStamp": 30247,
    "rotation": [
      [
        0.5312289,
        0.836914659,
        -0.131793991
      ],
      [
        0.27426666,
        -0.022694679,
        0.961385846
      ],
      [
        0.8016069,
        -0.5468626,
        -0.241593882
      ]
    ],
    "translation": [
      2.21141171,
      0.9185896,
      -0.673626363
    ]
  },
  {
    "timeStamp": 30303,
    "rotation": [
      [
        0.484057248,
        0.869582057,
        -0.09754871
      ],
      [
        0.185363233,
        0.007048579,
        0.9826448
      ],
      [
        0.8551779,
        -0.4937383,
        -0.157776624
      ]
    ],
    "translation": [
      2.22297263,
      0.881515145,
      -0.677219868
    ]
  },
  {
    "timeStamp": 30347,
    "rotation": [
      [
        0.4549522,
        0.884864032,
        -0.100169964
      ],
      [
        0.146737888,
        0.0364571325,
        0.988503337
      ],
      [
        0.878343,
        -0.464420527,
        -0.113256834
      ]
    ],
    "translation": [
      2.23095846,
      0.8594444,
      -0.674887657
    ]
  },
  {
    "timeStamp": 30403,
    "rotation": [
      [
        0.381286085,
        0.9212193,
        -0.0773042
      ],
      [
        0.0597705022,
        0.0588806234,
        0.9964741
      ],
      [
        0.922522843,
        -0.3845622,
        -0.0326113775
      ]
    ],
    "translation": [
      2.230426,
      0.8309465,
      -0.6735527
    ]
  },
  {
    "timeStamp": 30450,
    "rotation": [
      [
        0.334458232,
        0.9389051,
        -0.08120896
      ],
      [
        0.0419212729,
        0.07126385,
        0.9965762
      ],
      [
        0.9414778,
        -0.336717457,
        -0.0155253168
      ]
    ],
    "translation": [
      2.22874,
      0.8170801,
      -0.6634032
    ]
  },
  {
    "timeStamp": 30504,
    "rotation": [
      [
        0.2694597,
        0.961511552,
        -0.0537313744
      ],
      [
        -0.0145954173,
        0.05986631,
        0.9980997
      ],
      [
        0.962901056,
        -0.2681634,
        0.03016522
      ]
    ],
    "translation": [
      2.22305965,
      0.799070239,
      -0.654351
    ]
  },
  {
    "timeStamp": 30549,
    "rotation": [
      [
        0.229009554,
        0.9711005,
        -0.06721901
      ],
      [
        -0.020338228,
        0.0738125,
        0.9970647
      ],
      [
        0.9732117,
        -0.226970211,
        0.03665423
      ]
    ],
    "translation": [
      2.22181916,
      0.7894597,
      -0.6439682
    ]
  },
  {
    "timeStamp": 30595,
    "rotation": [
      [
        0.2005712,
        0.97794807,
        -0.0582138449
      ],
      [
        -0.0400564522,
        0.0675579756,
        0.9969109
      ],
      [
        0.978859961,
        -0.197619766,
        0.05272331
      ]
    ],
    "translation": [
      2.21967483,
      0.780108452,
      -0.6352181
    ]
  },
  {
    "timeStamp": 30650,
    "rotation": [
      [
        0.160348177,
        0.984663546,
        -0.06874786
      ],
      [
        -0.05484548,
        0.0784295052,
        0.995409846
      ],
      [
        0.9855356,
        -0.155841634,
        0.06658036
      ]
    ],
    "translation": [
      2.21916962,
      0.7716598,
      -0.6267367
    ]
  },
  {
    "timeStamp": 30695,
    "rotation": [
      [
        0.144729644,
        0.9873555,
        -0.06467288
      ],
      [
        -0.06620847,
        0.07487815,
        0.9949923
      ],
      [
        0.987253666,
        -0.139722988,
        0.0762083754
      ]
    ],
    "translation": [
      2.21695137,
      0.7667661,
      -0.6211395
    ]
  },
  {
    "timeStamp": 30750,
    "rotation": [
      [
        0.108468011,
        0.9913791,
        -0.07349925
      ],
      [
        -0.0712706447,
        0.0815003961,
        0.9941218
      ],
      [
        0.9915418,
        -0.102592051,
        0.07949641
      ]
    ],
    "translation": [
      2.21500015,
      0.7626409,
      -0.6152662
    ]
  },
  {
    "timeStamp": 30795,
    "rotation": [
      [
        0.08711405,
        0.9938073,
        -0.06897904
      ],
      [
        -0.0696517453,
        0.07514901,
        0.9947368
      ],
      [
        0.9937604,
        -0.08185105,
        0.07576696
      ]
    ],
    "translation": [
      2.211755,
      0.7605597,
      -0.611468554
    ]
  },
  {
    "timeStamp": 30850,
    "rotation": [
      [
        0.07158153,
        0.9957461,
        -0.0580164231
      ],
      [
        -0.07001341,
        0.06303821,
        0.995552242
      ],
      [
        0.9949745,
        -0.0672012046,
        0.07422795
      ]
    ],
    "translation": [
      2.20873141,
      0.758294,
      -0.608106
    ]
  },
  {
    "timeStamp": 30896,
    "rotation": [
      [
        0.05591503,
        0.9968302,
        -0.0565958768
      ],
      [
        -0.06259002,
        0.06007264,
        0.996229768
      ],
      [
        0.996471763,
        -0.0521618761,
        0.06575058
      ]
    ],
    "translation": [
      2.20734024,
      0.756376743,
      -0.605083466
    ]
  },
  {
    "timeStamp": 30952,
    "rotation": [
      [
        0.0595331974,
        0.997115135,
        -0.0470875278
      ],
      [
        -0.0567036457,
        0.050473012,
        0.9971144
      ],
      [
        0.9966145,
        -0.0566913746,
        0.05954488
      ]
    ],
    "translation": [
      2.20719218,
      0.754540563,
      -0.601557732
    ]
  },
  {
    "timeStamp": 30997,
    "rotation": [
      [
        0.0536436327,
        0.998174131,
        -0.0277627278
      ],
      [
        -0.0564853847,
        0.03079152,
        0.9979285
      ],
      [
        0.996961236,
        -0.0519643277,
        0.05803402
      ]
    ],
    "translation": [
      2.20473576,
      0.7526384,
      -0.60036236
    ]
  },
  {
    "timeStamp": 31052,
    "rotation": [
      [
        0.0453485027,
        0.998661041,
        -0.024892984
      ],
      [
        -0.04803016,
        0.0270694643,
        0.998479
      ],
      [
        0.9978159,
        -0.04408391,
        0.04919341
      ]
    ],
    "translation": [
      2.20314622,
      0.750793934,
      -0.597577333
    ]
  },
  {
    "timeStamp": 31096,
    "rotation": [
      [
        0.0451274663,
        0.9989155,
        -0.0114634912
      ],
      [
        -0.0524810255,
        0.0138299307,
        0.998526156
      ],
      [
        0.9976018,
        -0.044459343,
        0.0530482158
      ]
    ],
    "translation": [
      2.20087528,
      0.748241842,
      -0.597222
    ]
  },
  {
    "timeStamp": 31152,
    "rotation": [
      [
        0.0387898646,
        0.9992116,
        -0.008458188
      ],
      [
        -0.05226927,
        0.0104819424,
        0.998578
      ],
      [
        0.9978794,
        -0.0382926,
        0.05263465
      ]
    ],
    "translation": [
      2.198557,
      0.7461825,
      -0.596976161
    ]
  },
  {
    "timeStamp": 31196,
    "rotation": [
      [
        0.03855483,
        0.999117255,
        -0.0166816637
      ],
      [
        -0.04401776,
        0.0183759928,
        0.99886173
      ],
      [
        0.9982865,
        -0.0377766527,
        0.0446873829
      ]
    ],
    "translation": [
      2.199278,
      0.745069265,
      -0.5957269
    ]
  },
  {
    "timeStamp": 31252,
    "rotation": [
      [
        0.0452102832,
        0.998640239,
        -0.0259557664
      ],
      [
        -0.03392638,
        0.0275022183,
        0.999045849
      ],
      [
        0.9984012,
        -0.0442865528,
        0.0351236276
      ]
    ],
    "translation": [
      2.20105886,
      0.744060159,
      -0.5943005
    ]
  },
  {
    "timeStamp": 31296,
    "rotation": [
      [
        0.04879816,
        0.9986179,
        -0.0195188168
      ],
      [
        -0.0302671641,
        0.0210115835,
        0.999321
      ],
      [
        0.998349965,
        -0.0481742546,
        0.03125066
      ]
    ],
    "translation": [
      2.20103478,
      0.742640436,
      -0.5932344
    ]
  },
  {
    "timeStamp": 31352,
    "rotation": [
      [
        0.0510658845,
        0.998598754,
        -0.0138888136
      ],
      [
        -0.0206467062,
        0.0149596035,
        0.9996749
      ],
      [
        0.99848187,
        -0.0507625341,
        0.0213817
      ]
    ],
    "translation": [
      2.200316,
      0.741183,
      -0.5910644
    ]
  },
  {
    "timeStamp": 31396,
    "rotation": [
      [
        0.0523340553,
        0.9982209,
        -0.0285687931
      ],
      [
        -0.0203690249,
        0.029669065,
        0.9993522
      ],
      [
        0.9984219,
        -0.05171824,
        0.0218854882
      ]
    ],
    "translation": [
      2.20180368,
      0.738746166,
      -0.5900872
    ]
  },
  {
    "timeStamp": 31452,
    "rotation": [
      [
        0.0587230958,
        0.998088837,
        -0.0192438643
      ],
      [
        -0.0234807655,
        0.0206527878,
        0.999510944
      ],
      [
        0.9979981,
        -0.0582425222,
        0.0246486869
      ]
    ],
    "translation": [
      2.19989562,
      0.736582637,
      -0.5894046
    ]
  },
  {
    "timeStamp": 31496,
    "rotation": [
      [
        0.063769,
        0.997808039,
        -0.0176817384
      ],
      [
        -0.0147870211,
        0.0186605826,
        0.9997165
      ],
      [
        0.9978551,
        -0.06348946,
        0.0159445759
      ]
    ],
    "translation": [
      2.19864345,
      0.7348797,
      -0.5891423
    ]
  }
]