[
  {
    "timeStamp": 50510,
    "rotation": [
      [
        0.8195608,
        0.5529412,
        -0.150253385
      ],
      [
        0.153809145,
        0.0403043739,
        0.9872782
      ],
      [
        0.5519627,
        -0.832244933,
        -0.0520155244
      ]
    ],
    "translation": [
      1.60993111,
      0.6975436,
      -0.6218222
    ]
  },
  {
    "timeStamp": 50554,
    "rotation": [
      [
        0.812227249,
        0.5581757,
        -0.169489473
      ],
      [
        0.184679061,
        0.0295558274,
        0.982354343
      ],
      [
        0.5533357,
        -0.829196155,
        -0.07907732
      ]
    ],
    "translation": [
      1.60992765,
      0.6991991,
      -0.621921837
    ]
  },
  {
    "timeStamp": 50612,
    "rotation": [
      [
        0.803587139,
        0.580176055,
        -0.132829234
      ],
      [
        0.1493771,
        0.0194355771,
        0.9885893
      ],
      [
        0.5761374,
        -0.814259231,
        -0.07104683
      ]
    ],
    "translation": [
      1.6075995,
      0.70037663,
      -0.6277422
    ]
  },
  {
    "timeStamp": 50655,
    "rotation": [
      [
        0.8053981,
        0.5830207,
        -0.106867671
      ],
      [
        0.139955834,
        -0.0118553368,
        0.9900868
      ],
      [
        0.575974166,
        -0.8123708,
        -0.091145426
      ]
    ],
    "translation": [
      1.607783,
      0.714442432,
      -0.6280185
    ]
  },
  {
    "timeStamp": 50710,
    "rotation": [
      [
        0.828674257,
        0.5568574,
        -0.0566463172
      ],
      [
        0.120227285,
        -0.0782404,
        0.9896585
      ],
      [
        0.5466666,
        -0.8269149,
        -0.131785259
      ]
    ],
    "translation": [
      1.61634612,
      0.743501544,
      -0.622735739
    ]
  },
  {
    "timeStamp": 50764,
    "rotation": [
      [
        0.8545026,
        0.5193049,
        -0.0121556772
      ],
      [
        0.104493342,
        -0.148924083,
        0.98331213
      ],
      [
        0.5088285,
        -0.841513,
        -0.181519926
      ]
    ],
    "translation": [
      1.63351011,
      0.778545439,
      -0.6156678
    ]
  },
  {
    "timeStamp": 50808,
    "rotation": [
      [
        0.876945555,
        0.480046839,
        0.0228371825
      ],
      [
        0.08751862,
        -0.206241757,
        0.974579334
      ],
      [
        0.4725537,
        -0.852654338,
        -0.222875819
      ]
    ],
    "translation": [
      1.65459037,
      0.809319139,
      -0.6110838
    ]
  },
  {
    "timeStamp": 50864,
    "rotation": [
      [
        0.904756844,
        0.424132884,
        0.0390687473
      ],
      [
        0.08434101,
        -0.2683116,
        0.959633
      ],
      [
        0.4174945,
        -0.864939451,
        -0.278528541
      ]
    ],
    "translation": [
      1.69087422,
      0.8462384,
      -0.605812
    ]
  },
  {
    "timeStamp": 50909,
    "rotation": [
      [
        0.9309091,
        0.36164096,
        0.0512246266
      ],
      [
        0.06756925,
        -0.3083351,
        0.94887507
      ],
      [
        0.358946443,
        -0.8798552,
        -0.311467767
      ]
    ],
    "translation": [
      1.72603869,
      0.874081135,
      -0.602559865
    ]
  },
  {
    "timeStamp": 50964,
    "rotation": [
      [
        0.9593613,
        0.280036658,
        0.0347180963
      ],
      [
        0.06749763,
        -0.347199231,
        0.9353592
      ],
      [
        0.273988932,
        -0.895004034,
        -0.351991326
      ]
    ],
    "translation": [
      1.7786504,
      0.90330565,
      -0.600498736
    ]
  },
  {
    "timeStamp": 51008,
    "rotation": [
      [
        0.9761733,
        0.21697633,
        0.002640158
      ],
      [
        0.078412585,
        -0.3640697,
        0.928065062
      ],
      [
        0.202329352,
        -0.905745268,
        -0.3724088
      ]
    ],
    "translation": [
      1.82632327,
      0.9210224,
      -0.6014426
    ]
  },
  {
    "timeStamp": 51064,
    "rotation": [
      [
        0.9918517,
        0.12001536,
        -0.0427376628
      ],
      [
        0.08368471,
        -0.360829741,
        0.9288696
      ],
      [
        0.0960575938,
        -0.9248774,
        -0.367933065
      ]
    ],
    "translation": [
      1.8904587,
      0.93565613,
      -0.605172932
    ]
  },
  {
    "timeStamp": 51108,
    "rotation": [
      [
        0.996449947,
        0.0153016225,
        -0.08278443
      ],
      [
        0.08232591,
        -0.382714927,
        0.9201911
      ],
      [
        -0.0176024288,
        -0.923739731,
        -0.382616
      ]
    ],
    "translation": [
      1.94780946,
      0.9485636,
      -0.6060061
    ]
  },
  {
    "timeStamp": 51165,
    "rotation": [
      [
        0.9812913,
        -0.104297943,
        -0.161831185
      ],
      [
        0.105485305,
        -0.4119098,
        0.905098438
      ],
      [
        -0.161059752,
        -0.905236065,
        -0.3932016
      ]
    ],
    "translation": [
      2.02372265,
      0.960546136,
      -0.6076997
    ]
  },
  {
    "timeStamp": 51210,
    "rotation": [
      [
        0.9615427,
        -0.169109538,
        -0.216419637
      ],
      [
        0.126819685,
        -0.425571471,
        0.895994246
      ],
      [
        -0.2436232,
        -0.888983,
        -0.387758732
      ]
    ],
    "translation": [
      2.07509875,
      0.963143051,
      -0.60875833
    ]
  },
  {
    "timeStamp": 51259,
    "rotation": [
      [
        0.9430003,
        -0.20553647,
        -0.2617351
      ],
      [
        0.15422684,
        -0.427019835,
        0.8909928
      ],
      [
        -0.294897556,
        -0.880573034,
        -0.3709806
      ]
    ],
    "translation": [
      2.11924076,
      0.956932664,
      -0.606360435
    ]
  },
  {
    "timeStamp": 51304,
    "rotation": [
      [
        0.927240849,
        -0.221419618,
        -0.3019896
      ],
      [
        0.196450815,
        -0.398933172,
        0.8956893
      ],
      [
        -0.318796873,
        -0.889845848,
        -0.326409072
      ]
    ],
    "translation": [
      2.16280818,
      0.939872444,
      -0.600205
    ]
  },
  {
    "timeStamp": 51360,
    "rotation": [
      [
        0.918768466,
        -0.199982449,
        -0.340398937
      ],
      [
        0.244009539,
        -0.390164316,
        0.8878238
      ],
      [
        -0.3103607,
        -0.898765147,
        -0.309673071
      ]
    ],
    "translation": [
      2.19345355,
      0.9214443,
      -0.587470531
    ]
  },
  {
    "timeStamp": 51404,
    "rotation": [
      [
        0.9181448,
        -0.160019785,
        -0.362496585
      ],
      [
        0.290529519,
        -0.350227922,
        0.8904679
      ],
      [
        -0.269448876,
        -0.9228944,
        -0.275069475
      ]
    ],
    "translation": [
      2.20849633,
      0.9018764,
      -0.5774797
    ]
  },
  {
    "timeStamp": 51460,
    "rotation": [
      [
        0.917914331,
        -0.1437593,
        -0.369819671
      ],
      [
        0.3082672,
        -0.328430027,
        0.8928074
      ],
      [
        -0.24980922,
        -0.933523953,
        -0.257154346
      ]
    ],
    "translation": [
      2.221577,
      0.882737756,
      -0.5628427
    ]
  },
  {
    "timeStamp": 51504,
    "rotation": [
      [
        0.9229665,
        -0.111034639,
        -0.368516266
      ],
      [
        0.321413368,
        -0.304350317,
        0.8966963
      ],
      [
        -0.2117224,
        -0.9460667,
        -0.245217115
      ]
    ],
    "translation": [
      2.22627258,
      0.8692137,
      -0.55418694
    ]
  },
  {
    "timeStamp": 51560,
    "rotation": [
      [
        0.9142939,
        -0.08761246,
        -0.395462662
      ],
      [
        0.355436832,
        -0.294667482,
        0.887037635
      ],
      [
        -0.194245517,
        -0.951575041,
        -0.238272
      ]
    ],
    "translation": [
      2.23382258,
      0.8584007,
      -0.5450653
    ]
  },
  {
    "timeStamp": 51605,
    "rotation": [
      [
        0.918669164,
        -0.085048914,
        -0.3857638
      ],
      [
        0.348796666,
        -0.283785254,
        0.893200338
      ],
      [
        -0.1854398,
        -0.9551087,
        -0.231039986
      ]
    ],
    "translation": [
      2.23734617,
      0.8509143,
      -0.5398233
    ]
  },
  {
    "timeStamp": 51660,
    "rotation": [
      [
        0.9115849,
        -0.07063528,
        -0.404998332
      ],
      [
        0.373155266,
        -0.271273047,
        0.8872238
      ],
      [
        -0.172534451,
        -0.9599071,
        -0.220930472
      ]
    ],
    "translation": [
      2.24292874,
      0.8425992,
      -0.53440243
    ]
  },
  {
    "timeStamp": 51705,
    "rotation": [
      [
        0.9105154,
        -0.07107246,
        -0.407320857
      ],
      [
        0.37711826,
        -0.261183679,
        0.88857466
      ],
      [
        -0.169538721,
        -0.9626691,
        -0.211009055
      ]
    ],
    "translation": [
      2.2458353,
      0.836158037,
      -0.5320953
    ]
  }
]