[
  {
    "timeStamp": 111492,
    "rotation": [
      [
        0.998381,
        -0.0566952825,
        -0.00457553146
      ],
      [
        0.05670361,
        0.998389542,
        0.00171119289
      ],
      [
        0.0044711465,
        -0.00196787156,
        0.999988
      ]
    ],
    "translation": [
      1.61495006,
      0.699557364,
      -0.485157073
    ]
  },
  {
    "timeStamp": 111543,
    "rotation": [
      [
        0.9977127,
        -0.06740784,
        -0.00506285625
      ],
      [
        0.06741525,
        0.9977242,
        0.00130778912
      ],
      [
        0.00496317865,
        -0.00164611149,
        0.999986351
      ]
    ],
    "translation": [
      1.61463642,
      0.6996164,
      -0.4865696
    ]
  },
  {
    "timeStamp": 111596,
    "rotation": [
      [
        0.9996598,
        -0.0252924785,
        -0.006374819
      ],
      [
        0.0251629725,
        0.9994905,
        -0.0196367949
      ],
      [
        0.00686823437,
        0.0194697045,
        0.999786854
      ]
    ],
    "translation": [
      1.60972309,
      0.7022957,
      -0.495236576
    ]
  },
  {
    "timeStamp": 111641,
    "rotation": [
      [
        0.9999298,
        -0.002132829,
        -0.0116586415
      ],
      [
        0.00209393585,
        0.9999922,
        -0.00334718521
      ],
      [
        0.01166569,
        0.00332253776,
        0.999926448
      ]
    ],
    "translation": [
      1.60867524,
      0.7110799,
      -0.501803339
    ]
  },
  {
    "timeStamp": 111685,
    "rotation": [
      [
        0.9985212,
        0.04067622,
        -0.0360684767
      ],
      [
        -0.0404301248,
        0.999154031,
        0.00752662867
      ],
      [
        0.03634412,
        -0.006057245,
        0.999321
      ]
    ],
    "translation": [
      1.6054976,
      0.7211481,
      -0.5140403
    ]
  },
  {
    "timeStamp": 111738,
    "rotation": [
      [
        0.9914596,
        0.08689315,
        -0.09725005
      ],
      [
        -0.08440682,
        0.9959975,
        0.0294026118
      ],
      [
        0.0994157,
        -0.0209429339,
        0.994825542
      ]
    ],
    "translation": [
      1.60119379,
      0.735288858,
      -0.5382366
    ]
  },
  {
    "timeStamp": 111790,
    "rotation": [
      [
        0.972940564,
        0.142378226,
        -0.181975648
      ],
      [
        -0.139333025,
        0.9898067,
        0.0294774417
      ],
      [
        0.184317663,
        -0.00332458178,
        0.9828611
      ]
    ],
    "translation": [
      1.59817219,
      0.747496,
      -0.5743527
    ]
  },
  {
    "timeStamp": 111843,
    "rotation": [
      [
        0.9345507,
        0.1804831,
        -0.3066608
      ],
      [
        -0.183687553,
        0.982808,
        0.0186359268
      ],
      [
        0.304752171,
        0.0389135554,
        0.9516364
      ]
    ],
    "translation": [
      1.59820223,
      0.755831063,
      -0.6223608
    ]
  },
  {
    "timeStamp": 111890,
    "rotation": [
      [
        0.896564,
        0.192998409,
        -0.3986535
      ],
      [
        -0.19790563,
        0.9797845,
        0.0292529482
      ],
      [
        0.3962403,
        0.05266863,
        0.916635
      ]
    ],
    "translation": [
      1.60516179,
      0.7627895,
      -0.6615594
    ]
  },
  {
    "timeStamp": 111944,
    "rotation": [
      [
        0.8613675,
        0.198733523,
        -0.4674944
      ],
      [
        -0.205105856,
        0.9780079,
        0.0378430746
      ],
      [
        0.464733928,
        0.06328905,
        0.8831856
      ]
    ],
    "translation": [
      1.62394118,
      0.7692744,
      -0.707768
    ]
  },
  {
    "timeStamp": 111988,
    "rotation": [
      [
        0.8381696,
        0.204706565,
        -0.5055363
      ],
      [
        -0.217845157,
        0.9753984,
        0.03378446
      ],
      [
        0.5000152,
        0.0818115249,
        0.8621437
      ]
    ],
    "translation": [
      1.64550209,
      0.771994,
      -0.7401245
    ]
  },
  {
    "timeStamp": 112043,
    "rotation": [
      [
        0.8395837,
        0.208397269,
        -0.501666963
      ],
      [
        -0.2232016,
        0.9742736,
        0.0311751552
      ],
      [
        0.4952577,
        0.08579872,
        0.8644989
      ]
    ],
    "translation": [
      1.67659235,
      0.7774098,
      -0.770207465
    ]
  },
  {
    "timeStamp": 112088,
    "rotation": [
      [
        0.83431834,
        0.257483333,
        -0.487458
      ],
      [
        -0.2722806,
        0.9613116,
        0.041753374
      ],
      [
        0.479349822,
        0.09788975,
        0.8721475
      ]
    ],
    "translation": [
      1.69989169,
      0.7867825,
      -0.7897569
    ]
  },
  {
    "timeStamp": 112143,
    "rotation": [
      [
        0.822047353,
        0.298323661,
        -0.485016644
      ],
      [
        -0.270411074,
        0.9541245,
        0.128546536
      ],
      [
        0.5011148,
        0.025482526,
        0.865005553
      ]
    ],
    "translation": [
      1.72870219,
      0.8049006,
      -0.8011671
    ]
  },
  {
    "timeStamp": 112189,
    "rotation": [
      [
        0.8339331,
        0.2828826,
        -0.473849148
      ],
      [
        -0.217551887,
        0.957612336,
        0.188811481
      ],
      [
        0.507175267,
        -0.0543693677,
        0.860126257
      ]
    ],
    "translation": [
      1.759782,
      0.8193929,
      -0.80236274
    ]
  },
  {
    "timeStamp": 112245,
    "rotation": [
      [
        0.8531274,
        0.253191829,
        -0.456144243
      ],
      [
        -0.1667729,
        0.960815847,
        0.221404061
      ],
      [
        0.4943283,
        -0.112813383,
        0.8619239
      ]
    ],
    "translation": [
      1.80600584,
      0.83552146,
      -0.7994045
    ]
  },
  {
    "timeStamp": 112290,
    "rotation": [
      [
        0.857750833,
        0.2596449,
        -0.443675518
      ],
      [
        -0.143899456,
        0.949840665,
        0.277661026
      ],
      [
        0.4935143,
        -0.174319312,
        0.8520894
      ]
    ],
    "translation": [
      1.84047079,
      0.853960931,
      -0.794747233
    ]
  },
  {
    "timeStamp": 112335,
    "rotation": [
      [
        0.86086607,
        0.258622885,
        -0.438205153
      ],
      [
        -0.110001571,
        0.9354254,
        0.335974574
      ],
      [
        0.496798962,
        -0.241025865,
        0.833725
      ]
    ],
    "translation": [
      1.87738323,
      0.874776959,
      -0.7855957
    ]
  },
  {
    "timeStamp": 112392,
    "rotation": [
      [
        0.8491061,
        0.2595678,
        -0.460047275
      ],
      [
        -0.068156004,
        0.917491734,
        0.391872
      ],
      [
        0.5238069,
        -0.3013859,
        0.7967389
      ]
    ],
    "translation": [
      1.92377281,
      0.8989695,
      -0.777189136
    ]
  },
  {
    "timeStamp": 112437,
    "rotation": [
      [
        0.8274816,
        0.2472167,
        -0.504140854
      ],
      [
        -0.001847978,
        0.899052441,
        0.437837154
      ],
      [
        0.5614897,
        -0.361370564,
        0.744406164
      ]
    ],
    "translation": [
      1.96166444,
      0.917046368,
      -0.769745231
    ]
  },
  {
    "timeStamp": 112494,
    "rotation": [
      [
        0.7685113,
        0.224466667,
        -0.5991704
      ],
      [
        0.093031086,
        0.8872914,
        0.4517292
      ],
      [
        0.633036852,
        -0.402900457,
        0.66101104
      ]
    ],
    "translation": [
      2.00386477,
      0.93280834,
      -0.765190542
    ]
  },
  {
    "timeStamp": 112541,
    "rotation": [
      [
        0.692257762,
        0.182495356,
        -0.6981939
      ],
      [
        0.186459,
        0.8894112,
        0.417349815
      ],
      [
        0.6971458,
        -0.419098169,
        0.581673861
      ]
    ],
    "translation": [
      2.03657246,
      0.937983036,
      -0.763274431
    ]
  },
  {
    "timeStamp": 112587,
    "rotation": [
      [
        0.5702913,
        0.109590843,
        -0.8140993
      ],
      [
        0.283385158,
        0.9039698,
        0.320205271
      ],
      [
        0.7710128,
        -0.413313955,
        0.484469652
      ]
    ],
    "translation": [
      2.07575679,
      0.9329216,
      -0.764220953
    ]
  },
  {
    "timeStamp": 112643,
    "rotation": [
      [
        0.467718482,
        0.06451467,
        -0.8815199
      ],
      [
        0.344244957,
        0.9052857,
        0.248904109
      ],
      [
        0.8140853,
        -0.41987583,
        0.40121
      ]
    ],
    "translation": [
      2.110553,
      0.9256349,
      -0.7585977
    ]
  },
  {
    "timeStamp": 112688,
    "rotation": [
      [
        0.426212251,
        0.03870434,
        -0.9037948
      ],
      [
        0.363538265,
        0.907531261,
        0.210302
      ],
      [
        0.8283617,
        -0.4181973,
        0.372730434
      ]
    ],
    "translation": [
      2.13352847,
      0.919719756,
      -0.7524878
    ]
  },
  {
    "timeStamp": 112744,
    "rotation": [
      [
        0.370514244,
        0.063909,
        -0.92662555
      ],
      [
        0.35320586,
        0.9129887,
        0.204198986
      ],
      [
        0.859048843,
        -0.4029482,
        0.31570226
      ]
    ],
    "translation": [
      2.150067,
      0.914311349,
      -0.7445825
    ]
  },
  {
    "timeStamp": 112787,
    "rotation": [
      [
        0.315905154,
        0.07666463,
        -0.945688367
      ],
      [
        0.341510147,
        0.9207359,
        0.188722521
      ],
      [
        0.8851976,
        -0.382580578,
        0.264683485
      ]
    ],
    "translation": [
      2.15917635,
      0.9046752,
      -0.74023217
    ]
  },
  {
    "timeStamp": 112843,
    "rotation": [
      [
        0.2375904,
        0.07311818,
        -0.968609631
      ],
      [
        0.30721128,
        0.9403224,
        0.146338746
      ],
      [
        0.921505332,
        -0.332336456,
        0.200948849
      ]
    ],
    "translation": [
      2.16735458,
      0.8860671,
      -0.7409803
    ]
  },
  {
    "timeStamp": 112887,
    "rotation": [
      [
        0.1958167,
        0.06279656,
        -0.9786278
      ],
      [
        0.2595294,
        0.9590459,
        0.113470078
      ],
      [
        0.945674539,
        -0.276202023,
        0.17149964
      ]
    ],
    "translation": [
      2.17240238,
      0.8714777,
      -0.743820548
    ]
  },
  {
    "timeStamp": 112943,
    "rotation": [
      [
        0.134369522,
        0.05643651,
        -0.9893229
      ],
      [
        0.221559286,
        0.9713909,
        0.08550568
      ],
      [
        0.96584487,
        -0.230683014,
        0.118021294
      ]
    ],
    "translation": [
      2.176618,
      0.8580611,
      -0.747896552
    ]
  },
  {
    "timeStamp": 112988,
    "rotation": [
      [
        0.109197669,
        0.0451085,
        -0.9929961
      ],
      [
        0.219892,
        0.973124266,
        0.0683868453
      ],
      [
        0.9693933,
        -0.225819558,
        0.0963439
      ]
    ],
    "translation": [
      2.1800096,
      0.8503395,
      -0.7461351
    ]
  },
  {
    "timeStamp": 113044,
    "rotation": [
      [
        0.09872179,
        0.04757204,
        -0.9939773
      ],
      [
        0.208848938,
        0.975620031,
        0.06743632
      ],
      [
        0.9729523,
        -0.214248538,
        0.08637959
      ]
    ],
    "translation": [
      2.18369,
      0.8447385,
      -0.7427155
    ]
  },
  {
    "timeStamp": 113090,
    "rotation": [
      [
        0.0804306045,
        0.0434529856,
        -0.9958126
      ],
      [
        0.2001489,
        0.977997,
        0.0588413775
      ],
      [
        0.9764586,
        -0.204043448,
        0.06996383
      ]
    ],
    "translation": [
      2.186242,
      0.840494931,
      -0.740156054
    ]
  },
  {
    "timeStamp": 113136,
    "rotation": [
      [
        0.0796724,
        0.0492819771,
        -0.995602131
      ],
      [
        0.193978935,
        0.9789172,
        0.06397911
      ],
      [
        0.9777651,
        -0.198223218,
        0.06843302
      ]
    ],
    "translation": [
      2.18706346,
      0.838032544,
      -0.7369417
    ]
  },
  {
    "timeStamp": 113193,
    "rotation": [
      [
        0.07286041,
        0.0513726138,
        -0.9960182
      ],
      [
        0.184797883,
        0.9806839,
        0.06409998
      ],
      [
        0.980071962,
        -0.1887324,
        0.0619594827
      ]
    ],
    "translation": [
      2.18702745,
      0.8354768,
      -0.7345234
    ]
  },
  {
    "timeStamp": 113237,
    "rotation": [
      [
        0.0693913549,
        0.03675999,
        -0.996911943
      ],
      [
        0.166836634,
        0.984819055,
        0.04792696
      ],
      [
        0.9835397,
        -0.169647157,
        0.0622050129
      ]
    ],
    "translation": [
      2.18808413,
      0.8314994,
      -0.7338377
    ]
  }
]