[
  {
    "id": "005 tomato soup can(Clone)-22626",
    "pickRotation": [
      [
        -0.900646269,
        -0.113208264,
        -0.419547558
      ],
      [
        0.424858,
        -0.02659824,
        -0.9048692
      ],
      [
        0.09127945,
        -0.993215144,
        0.072053045
      ]
    ],
    "pickTranslation": [
      0.0101195164,
      0.08618854,
      0.08466228
    ],
    "placeRotation": [
      [
        0.9677008,
        0.24881044,
        -0.0406034961
      ],
      [
        0.06200372,
        -0.0787833557,
        0.9949617
      ],
      [
        0.244357973,
        -0.96534276,
        -0.09166589
      ]
    ],
    "placeTranslation": [
      -1.27285337,
      0.0702513456,
      -0.88970536
    ]
  },
  {
    "id": "002 masterchef can(Clone)-22714",
    "pickRotation": [
      [
        -0.9283961,
        -0.07402052,
        -0.364145
      ],
      [
        0.368348241,
        -0.0541199073,
        -0.9281113
      ],
      [
        0.04899179,
        -0.9957871,
        0.07751004
      ]
    ],
    "pickTranslation": [
      0.014983017,
      -0.008486158,
      0.122335076
    ],
    "placeRotation": [
      [
        0.9798152,
        -0.195196569,
        -0.0431337133
      ],
      [
        0.03485234,
        -0.0456649177,
        0.998348653
      ],
      [
        -0.196843937,
        -0.9797005,
        -0.03794012
      ]
    ],
    "placeTranslation": [
      -0.795267344,
      0.6492864,
      -0.7680866
    ]
  },
  {
    "id": "010 potted meat can(Clone)-22666",
    "pickRotation": [
      [
        -0.3441702,
        0.008867911,
        0.9388654
      ],
      [
        -0.9380562,
        -0.0458161831,
        -0.3434408
      ],
      [
        0.0399696268,
        -0.998910546,
        0.0240871627
      ]
    ],
    "pickTranslation": [
      0.0198903643,
      -0.0243306234,
      0.07395498
    ],
    "placeRotation": [
      [
        0.0597957857,
        0.9977012,
        -0.031883996
      ],
      [
        -0.0116206631,
        0.0326347426,
        0.9993998
      ],
      [
        0.998142958,
        -0.05938938,
        0.0135453707
      ]
    ],
    "placeTranslation": [
      -0.461669743,
      0.06800087,
      0.150184825
    ]
  },
  {
    "id": "007 tuna fish can(Clone)-22726",
    "pickRotation": [
      [
        -0.8846258,
        0.0242428,
        -0.465671
      ],
      [
        0.463506728,
        -0.06345934,
        -0.8838181
      ],
      [
        -0.0509773977,
        -0.9976899,
        0.04490107
      ]
    ],
    "pickTranslation": [
      0.0238937419,
      -0.02625243,
      0.0279697757
    ],
    "placeRotation": [
      [
        0.7060604,
        0.7081072,
        0.007931848
      ],
      [
        -0.004503042,
        -0.00671108766,
        0.999967337
      ],
      [
        0.7081373,
        -0.7060731,
        -0.00154979713
      ]
    ],
    "placeTranslation": [
      -0.481228918,
      0.009968312,
      0.5581629
    ]
  },
  {
    "id": "025 mug(Clone)-22400",
    "pickRotation": [
      [
        -0.207861066,
        0.142347485,
        0.9677453
      ],
      [
        -0.977369,
        0.00951324,
        -0.211327463
      ],
      [
        -0.0392883271,
        -0.989771,
        0.137148589
      ]
    ],
    "pickTranslation": [
      -0.03804808,
      0.0191140659,
      0.06380668
    ],
    "placeRotation": [
      [
        0.142205432,
        0.9894424,
        -0.0279551391
      ],
      [
        0.0371268541,
        0.0228905678,
        0.999048352
      ],
      [
        0.9891407,
        -0.143108,
        -0.0334797166
      ]
    ],
    "placeTranslation": [
      -0.616486669,
      0.17686896,
      0.441233218
    ]
  },
  {
    "id": "015 peach(Clone)-22352",
    "pickRotation": [
      [
        -0.978393257,
        -0.169398755,
        -0.118535541
      ],
      [
        0.119054846,
        0.00712509966,
        -0.9928621
      ],
      [
        0.169034183,
        -0.985521853,
        0.0131965941
      ]
    ],
    "pickTranslation": [
      0.017704092,
      0.0008790791,
      0.0525249839
    ],
    "placeRotation": [
      [
        0.899804533,
        -0.06236017,
        -0.431813627
      ],
      [
        0.4090634,
        -0.223593146,
        0.8846882
      ],
      [
        -0.151719883,
        -0.972685635,
        -0.175680861
      ]
    ],
    "placeTranslation": [
      -0.7815805,
      0.624244452,
      0.5848093
    ]
  },
  {
    "id": "012 strawberry(Clone)-22340",
    "pickRotation": [
      [
        0.9232956,
        -0.288502663,
        -0.253557682
      ],
      [
        -0.3288987,
        -0.9348108,
        -0.133994371
      ],
      [
        -0.19837071,
        0.2071112,
        -0.9579948
      ]
    ],
    "pickTranslation": [
      0.0170669351,
      0.0316812955,
      0.009439517
    ],
    "placeRotation": [
      [
        -0.991170764,
        0.111327581,
        0.07201817
      ],
      [
        0.07466389,
        0.91748786,
        -0.3906935
      ],
      [
        -0.109570749,
        -0.3818668,
        -0.9176993
      ]
    ],
    "placeTranslation": [
      -0.8347804,
      0.7322072,
      0.475665867
    ]
  },
  {
    "id": "057 racquetball(Clone)-22364",
    "pickRotation": [
      [
        -0.9944283,
        -0.0805193558,
        0.068037264
      ],
      [
        0.07801205,
        -0.9961993,
        -0.0387426
      ],
      [
        0.070898205,
        -0.03321901,
        0.996930242
      ]
    ],
    "pickTranslation": [
      0.01354775,
      -0.09844839,
      0.0297520477
    ],
    "placeRotation": [
      [
        0.688398063,
        -0.5201952,
        -0.505475163
      ],
      [
        0.622701645,
        0.7812168,
        0.0440801
      ],
      [
        0.371955425,
        -0.345104843,
        0.8617145
      ]
    ],
    "placeTranslation": [
      -0.256060272,
      1.37833869,
      0.248022228
    ]
  },
  {
    "id": "008 pudding box(Clone)-22276",
    "pickRotation": [
      [
        0.2215408,
        -0.560467541,
        0.7979949
      ],
      [
        -0.20274131,
        -0.826920748,
        -0.524498
      ],
      [
        0.9538426,
        -0.04558884,
        -0.296826571
      ]
    ],
    "pickTranslation": [
      0.01599775,
      0.0473056845,
      0.0255207121
    ],
    "placeRotation": [
      [
        -0.9140727,
        0.40468955,
        -0.0264090169
      ],
      [
        0.405353934,
        0.9096645,
        -0.0905467
      ],
      [
        -0.0126199573,
        -0.09347127,
        -0.995542
      ]
    ],
    "placeTranslation": [
      -0.306476235,
      0.1920809,
      0.24397327
    ]
  },
  {
    "id": "004 sugar box(Clone)-22638",
    "pickRotation": [
      [
        -0.982043445,
        0.05674091,
        0.179919645
      ],
      [
        -0.1809,
        -0.0126002785,
        -0.9834208
      ],
      [
        -0.05353315,
        -0.9983094,
        0.0226384532
      ]
    ],
    "pickTranslation": [
      0.00756644364,
      -0.013894856,
      0.160686418
    ],
    "placeRotation": [
      [
        -0.0211823788,
        0.992855966,
        -0.11742381
      ],
      [
        0.09301054,
        0.118897788,
        0.98854053
      ],
      [
        0.995439768,
        0.010018,
        -0.0948646
      ]
    ],
    "placeTranslation": [
      0.04451304,
      0.053858608,
      0.7568766
    ]
  },
  {
    "id": "006 mustard bottle(Clone)-22388",
    "pickRotation": [
      [
        -0.387479067,
        -0.349501878,
        -0.8530583
      ],
      [
        0.913324654,
        -0.0197742824,
        -0.406751871
      ],
      [
        0.125291929,
        -0.936727,
        0.3268708
      ]
    ],
    "pickTranslation": [
      0.0157011785,
      -0.0225258488,
      0.176824272
    ],
    "placeRotation": [
      [
        0.97519654,
        -0.219062492,
        -0.0316755474
      ],
      [
        0.0148889041,
        -0.07786025,
        0.9968531
      ],
      [
        -0.220839381,
        -0.9725993,
        -0.07266745
      ]
    ],
    "placeTranslation": [
      -0.282429427,
      0.010133354,
      -0.738911569
    ]
  },
  {
    "id": "021 bleach cleanser(Clone)-22328",
    "pickRotation": [
      [
        0.1474439,
        0.20532392,
        0.9675238
      ],
      [
        -0.9887835,
        0.007038514,
        0.149190053
      ],
      [
        0.023822356,
        -0.978668749,
        0.204058692
      ]
    ],
    "pickTranslation": [
      0.0212945323,
      0.00684593525,
      0.225063264
    ],
    "placeRotation": [
      [
        -0.990340352,
        0.102292933,
        -0.0936060846
      ],
      [
        -0.08686413,
        0.06849486,
        0.9938627
      ],
      [
        0.108076684,
        0.9923934,
        -0.0589476377
      ]
    ],
    "placeTranslation": [
      0.05524125,
      0.031012468,
      -0.3119519
    ]
  },
  {
    "id": "100 half egg carton(Clone)-22292",
    "pickRotation": [
      [
        0.0688947663,
        -0.07538819,
        0.994771361
      ],
      [
        0.03367277,
        -0.9963968,
        -0.07784344
      ],
      [
        0.9970555,
        0.03885971,
        -0.0661079958
      ]
    ],
    "pickTranslation": [
      -0.07052462,
      0.03910631,
      0.000866167247
    ],
    "placeRotation": [
      [
        0.0125619723,
        -0.0749488547,
        -0.9971083
      ],
      [
        0.00151614833,
        0.997187257,
        -0.07493569
      ],
      [
        0.999919951,
        -0.000570423959,
        0.0126402713
      ]
    ],
    "placeTranslation": [
      0.137490779,
      0.1997439,
      0.5089778
    ]
  },
  {
    "id": "013 apple(Clone)-22316",
    "pickRotation": [
      [
        -0.372941762,
        -0.06949029,
        -0.925248861
      ],
      [
        0.925916433,
        0.036550127,
        -0.37595588
      ],
      [
        0.05994325,
        -0.996912837,
        0.0507111326
      ]
    ],
    "pickTranslation": [
      0.010823613,
      -0.00312630413,
      0.06337862
    ],
    "placeRotation": [
      [
        0.431336343,
        -0.899747968,
        -0.0663511
      ],
      [
        -0.05698303,
        -0.100567281,
        0.9932971
      ],
      [
        -0.90038985,
        -0.424664229,
        -0.0946487
      ]
    ],
    "placeTranslation": [
      0.405302,
      0.127042249,
      -0.214658216
    ]
  },
  {
    "id": "016 pear(Clone)-22304",
    "pickRotation": [
      [
        -0.4543848,
        0.0318390727,
        -0.8902363
      ],
      [
        0.842548966,
        0.339820772,
        -0.417891175
      ],
      [
        0.289215535,
        -0.939951062,
        -0.181235388
      ]
    ],
    "pickTranslation": [
      0.0269397069,
      -0.007359095,
      0.05770997
    ],
    "placeRotation": [
      [
        0.7057458,
        0.7075786,
        0.03543124
      ],
      [
        0.334378,
        -0.3767683,
        0.8638501
      ],
      [
        0.624591231,
        -0.597811162,
        -0.502501369
      ]
    ],
    "placeTranslation": [
      0.644386,
      0.437807977,
      -0.7174056
    ]
  },
  {
    "id": "058 golf ball(Clone)-22654",
    "pickRotation": [
      [
        -0.868516,
        -0.221991614,
        -0.443169862
      ],
      [
        0.49565655,
        -0.3851913,
        -0.7784293
      ],
      [
        0.00209959853,
        -0.8957384,
        0.4445764
      ]
    ],
    "pickTranslation": [
      0.0123591181,
      -0.0187223777,
      0.038683828
    ],
    "placeRotation": [
      [
        0.9884346,
        0.1422283,
        -0.0526125468
      ],
      [
        0.02629487,
        0.180940539,
        0.983142436
      ],
      [
        0.149350449,
        -0.9731555,
        0.175108016
      ]
    ],
    "placeTranslation": [
      0.7315423,
      0.465429038,
      -0.706913054
    ]
  },
  {
    "id": "017 orange(Clone)-23062",
    "pickRotation": [
      [
        -0.7234909,
        0.1470834,
        -0.674483061
      ],
      [
        -0.685992956,
        -0.262575328,
        0.6785778
      ],
      [
        -0.07729508,
        0.953635454,
        0.290869027
      ]
    ],
    "pickTranslation": [
      0.0073919557,
      -0.007296299,
      -0.00266573951
    ],
    "placeRotation": [
      [
        0.5184219,
        0.8158226,
        -0.256266117
      ],
      [
        -0.4801344,
        0.0297195688,
        -0.876691341
      ],
      [
        -0.707608461,
        0.577538133,
        0.407111764
      ]
    ],
    "placeTranslation": [
      0.502190948,
      0.7589018,
      -0.4916337
    ]
  },
  {
    "id": "103 toothpaste(Clone)-22678",
    "pickRotation": [
      [
        -0.213387758,
        0.101140857,
        -0.971718132
      ],
      [
        -0.9656704,
        -0.172656238,
        0.194088832
      ],
      [
        -0.148142874,
        0.9797756,
        0.134511471
      ]
    ],
    "pickTranslation": [
      -0.00172785018,
      0.0234982148,
      -0.0295197535
    ],
    "placeRotation": [
      [
        0.99214,
        -0.125104889,
        -0.00264603086
      ],
      [
        0.11902687,
        0.950041234,
        -0.2885381
      ],
      [
        0.0386113636,
        0.28595525,
        0.957464755
      ]
    ],
    "placeTranslation": [
      0.7796698,
      0.536231041,
      0.0446241423
    ]
  },
  {
    "id": "102 toothbrush(Clone)-22376",
    "pickRotation": [
      [
        -0.1995394,
        -0.008178283,
        -0.979855657
      ],
      [
        0.0148359463,
        -0.9998757,
        0.005324164
      ],
      [
        -0.979777455,
        -0.0134747056,
        0.199635938
      ]
    ],
    "pickTranslation": [
      0.0123047242,
      0.0189003516,
      0.0224091876
    ],
    "placeRotation": [
      [
        0.978767157,
        -0.178095266,
        -0.101473972
      ],
      [
        0.182093084,
        0.9827758,
        0.03152546
      ],
      [
        0.09411163,
        -0.0493337922,
        0.9943386
      ]
    ],
    "placeTranslation": [
      0.882577538,
      0.756362,
      -0.0100991968
    ]
  },
  {
    "id": "101 bread(Clone)-22614",
    "pickRotation": [
      [
        -0.9945703,
        0.0176018141,
        -0.102566935
      ],
      [
        -0.02223124,
        -0.9987767,
        0.044168707
      ],
      [
        -0.101664014,
        0.0462090746,
        0.993745
      ]
    ],
    "pickTranslation": [
      -0.001471669,
      0.05206166,
      0.002116242
    ],
    "placeRotation": [
      [
        0.07675048,
        0.03413545,
        -0.9964658
      ],
      [
        0.1561224,
        0.98667413,
        0.04582499
      ],
      [
        0.9847513,
        -0.159087718,
        0.0703984052
      ]
    ],
    "placeTranslation": [
      0.3755693,
      0.6477555,
      0.0590358526
    ]
  }
]