[
  {
    "timeStamp": 13996,
    "rotation": [
      [
        0.9989431,
        0.04580899,
        0.003783638
      ],
      [
        -0.00380658638,
        0.0004137376,
        0.999992669
      ],
      [
        0.0458070859,
        -0.9989501,
        0.0005876762
      ]
    ],
    "translation": [
      1.15166283,
      0.7014162,
      -0.6093129
    ]
  },
  {
    "timeStamp": 14051,
    "rotation": [
      [
        0.9989302,
        0.04621242,
        0.0016789845
      ],
      [
        -0.00178810873,
        0.0023201264,
        0.9999957
      ],
      [
        0.046208322,
        -0.9989289,
        0.00240027742
      ]
    ],
    "translation": [
      1.15164673,
      0.7010631,
      -0.6093426
    ]
  },
  {
    "timeStamp": 14096,
    "rotation": [
      [
        0.999081731,
        0.04088255,
        0.0128118591
      ],
      [
        -0.01292655,
        0.00254223077,
        0.9999132
      ],
      [
        0.0408464335,
        -0.999160647,
        0.00306836679
      ]
    ],
    "translation": [
      1.15223968,
      0.7014489,
      -0.6092361
    ]
  },
  {
    "timeStamp": 14151,
    "rotation": [
      [
        0.999301434,
        0.0370247923,
        0.005082852
      ],
      [
        -0.0055913697,
        0.0136439437,
        0.9998913
      ],
      [
        0.0369514152,
        -0.9992212,
        0.0138414325
      ]
    ],
    "translation": [
      1.15267575,
      0.7004189,
      -0.6091389
    ]
  },
  {
    "timeStamp": 14196,
    "rotation": [
      [
        0.999363661,
        0.0327962637,
        0.0140291555
      ],
      [
        -0.0149423638,
        0.02776766,
        0.9995027
      ],
      [
        0.032390397,
        -0.9990763,
        0.0282400418
      ]
    ],
    "translation": [
      1.15323484,
      0.699780941,
      -0.609070361
    ]
  },
  {
    "timeStamp": 14251,
    "rotation": [
      [
        0.999897838,
        0.00972467,
        0.0104742544
      ],
      [
        -0.010803882,
        0.0344860479,
        0.9993468
      ],
      [
        0.009357109,
        -0.9993578,
        0.0345875919
      ]
    ],
    "translation": [
      1.15591514,
      0.6990477,
      -0.608399451
    ]
  },
  {
    "timeStamp": 14296,
    "rotation": [
      [
        0.999793231,
        -0.000436610251,
        0.0203311015
      ],
      [
        -0.0202970318,
        0.0402710326,
        0.9989826
      ],
      [
        -0.0012549297,
        -0.9991887,
        0.04025384
      ]
    ],
    "translation": [
      1.15710008,
      0.699084044,
      -0.608179152
    ]
  },
  {
    "timeStamp": 14351,
    "rotation": [
      [
        0.9995413,
        0.00384908984,
        0.030039439
      ],
      [
        -0.0300584026,
        0.00496773235,
        0.9995358
      ],
      [
        0.00369807519,
        -0.9999802,
        0.005081151
      ]
    ],
    "translation": [
      1.15524757,
      0.7038446,
      -0.5995672
    ]
  },
  {
    "timeStamp": 14396,
    "rotation": [
      [
        0.9993221,
        0.000895750651,
        0.03680393
      ],
      [
        -0.0368087478,
        0.00614210032,
        0.99930346
      ],
      [
        0.0006690757,
        -0.999980748,
        0.00617090752
      ]
    ],
    "translation": [
      1.15528309,
      0.7064109,
      -0.59737885
    ]
  },
  {
    "timeStamp": 14451,
    "rotation": [
      [
        0.9988365,
        -0.0112827737,
        0.046886038
      ],
      [
        -0.04658122,
        0.025911903,
        0.99857837
      ],
      [
        -0.012481642,
        -0.9996006,
        0.02535619
      ]
    ],
    "translation": [
      1.155091,
      0.7084986,
      -0.5966907
    ]
  },
  {
    "timeStamp": 14496,
    "rotation": [
      [
        0.9980063,
        -0.006662654,
        0.06276233
      ],
      [
        -0.06262995,
        0.0185011588,
        0.9978653
      ],
      [
        -0.007809608,
        -0.999806643,
        0.0180469919
      ]
    ],
    "translation": [
      1.15237963,
      0.713644,
      -0.5943675
    ]
  },
  {
    "timeStamp": 14551,
    "rotation": [
      [
        0.997316957,
        0.0005323453,
        0.07320196
      ],
      [
        -0.07320276,
        0.00169498008,
        0.997315645
      ],
      [
        0.000406840729,
        -0.9999984,
        0.00172940164
      ]
    ],
    "translation": [
      1.14931583,
      0.7216789,
      -0.5903789
    ]
  },
  {
    "timeStamp": 14596,
    "rotation": [
      [
        0.995450258,
        0.0126464982,
        0.0944397449
      ],
      [
        -0.0941809937,
        -0.0196951646,
        0.995360255
      ],
      [
        0.0144478278,
        -0.999726057,
        -0.0184144955
      ]
    ],
    "translation": [
      1.14465,
      0.7314246,
      -0.5878477
    ]
  },
  {
    "timeStamp": 14651,
    "rotation": [
      [
        0.9921504,
        0.0204943679,
        0.123358972
      ],
      [
        -0.122871,
        -0.0235759187,
        0.992142558
      ],
      [
        0.0232416429,
        -0.999511957,
        -0.0208726954
      ]
    ],
    "translation": [
      1.1381551,
      0.7463724,
      -0.586807966
    ]
  },
  {
    "timeStamp": 14695,
    "rotation": [
      [
        0.9891197,
        0.0294471458,
        0.144135535
      ],
      [
        -0.1434442,
        -0.0243875,
        0.9893579
      ],
      [
        0.03264887,
        -0.9992688,
        -0.0198981334
      ]
    ],
    "translation": [
      1.13355172,
      0.7599543,
      -0.586554468
    ]
  },
  {
    "timeStamp": 14751,
    "rotation": [
      [
        0.9852891,
        0.03508747,
        0.1672553
      ],
      [
        -0.165768787,
        -0.04170958,
        0.9852822
      ],
      [
        0.0415472165,
        -0.9985135,
        -0.0352795832
      ]
    ],
    "translation": [
      1.12866,
      0.7819614,
      -0.58395946
    ]
  },
  {
    "timeStamp": 14795,
    "rotation": [
      [
        0.9816334,
        0.0327646881,
        0.187942341
      ],
      [
        -0.186508343,
        -0.0424124449,
        0.981537461
      ],
      [
        0.0401308723,
        -0.9985628,
        -0.0355225839
      ]
    ],
    "translation": [
      1.12656915,
      0.800660133,
      -0.5834792
    ]
  },
  {
    "timeStamp": 14851,
    "rotation": [
      [
        0.9761694,
        0.0388452075,
        0.213504851
      ],
      [
        -0.2111602,
        -0.0568672381,
        0.9757958
      ],
      [
        0.05004643,
        -0.997625768,
        -0.0473094955
      ]
    ],
    "translation": [
      1.123717,
      0.828834057,
      -0.5833224
    ]
  },
  {
    "timeStamp": 14895,
    "rotation": [
      [
        0.971180141,
        0.04784254,
        0.233495742
      ],
      [
        -0.230626136,
        -0.0586931668,
        0.9712707
      ],
      [
        0.06017265,
        -0.997128963,
        -0.0459679
      ]
    ],
    "translation": [
      1.12342334,
      0.8522384,
      -0.585986435
    ]
  },
  {
    "timeStamp": 14951,
    "rotation": [
      [
        0.9655423,
        0.0602906235,
        0.253166229
      ],
      [
        -0.249418959,
        -0.06329757,
        0.9663248
      ],
      [
        0.07428513,
        -0.996171951,
        -0.046078857
      ]
    ],
    "translation": [
      1.12531841,
      0.883169651,
      -0.59028846
    ]
  },
  {
    "timeStamp": 14995,
    "rotation": [
      [
        0.9593945,
        0.0765778944,
        0.271473885
      ],
      [
        -0.2659678,
        -0.0749110356,
        0.961066842
      ],
      [
        0.09393287,
        -0.9942455,
        -0.0515019856
      ]
    ],
    "translation": [
      1.128503,
      0.9104392,
      -0.5951747
    ]
  },
  {
    "timeStamp": 15051,
    "rotation": [
      [
        0.949152052,
        0.09690236,
        0.299533725
      ],
      [
        -0.291651577,
        -0.0875760838,
        0.952507138
      ],
      [
        0.118532166,
        -0.991433561,
        -0.05486129
      ]
    ],
    "translation": [
      1.13376677,
      0.9467311,
      -0.603262365
    ]
  },
  {
    "timeStamp": 15095,
    "rotation": [
      [
        0.9366754,
        0.115037844,
        0.3307649
      ],
      [
        -0.321347952,
        -0.09306836,
        0.9423767
      ],
      [
        0.139192715,
        -0.9889917,
        -0.0502076745
      ]
    ],
    "translation": [
      1.140221,
      0.97648257,
      -0.611722767
    ]
  },
  {
    "timeStamp": 15151,
    "rotation": [
      [
        0.9246447,
        0.138188452,
        0.35487482
      ],
      [
        -0.341309577,
        -0.112670407,
        0.9331737
      ],
      [
        0.168937713,
        -0.9839763,
        -0.05701505
      ]
    ],
    "translation": [
      1.15229452,
      1.01146817,
      -0.6211188
    ]
  },
  {
    "timeStamp": 15195,
    "rotation": [
      [
        0.9145009,
        0.153952435,
        0.3741481
      ],
      [
        -0.36045298,
        -0.109961286,
        0.9262733
      ],
      [
        0.183743834,
        -0.9819405,
        -0.0450670831
      ]
    ],
    "translation": [
      1.167156,
      1.03516936,
      -0.6302153
    ]
  },
  {
    "timeStamp": 15251,
    "rotation": [
      [
        0.9068816,
        0.167596683,
        0.386622727
      ],
      [
        -0.364982873,
        -0.1461414,
        0.919472754
      ],
      [
        0.210602179,
        -0.9749636,
        -0.0713630244
      ]
    ],
    "translation": [
      1.19028652,
      1.06495452,
      -0.636105835
    ]
  },
  {
    "timeStamp": 15295,
    "rotation": [
      [
        0.8983722,
        0.167219222,
        0.406158954
      ],
      [
        -0.384917259,
        -0.145706847,
        0.9113771
      ],
      [
        0.211579919,
        -0.9750934,
        -0.06653342
      ]
    ],
    "translation": [
      1.21266639,
      1.08372056,
      -0.6407494
    ]
  },
  {
    "timeStamp": 15351,
    "rotation": [
      [
        0.894420266,
        0.157133147,
        0.418714255
      ],
      [
        -0.394915,
        -0.161900625,
        0.904339731
      ],
      [
        0.209891826,
        -0.9742163,
        -0.08275296
      ]
    ],
    "translation": [
      1.245772,
      1.10347366,
      -0.639983654
    ]
  },
  {
    "timeStamp": 15395,
    "rotation": [
      [
        0.892690539,
        0.129367545,
        0.43170318
      ],
      [
        -0.409501582,
        -0.167140931,
        0.8968681
      ],
      [
        0.188180879,
        -0.977408767,
        -0.09622891
      ]
    ],
    "translation": [
      1.276343,
      1.11492407,
      -0.633416951
    ]
  },
  {
    "timeStamp": 15451,
    "rotation": [
      [
        0.895188451,
        0.08375344,
        0.437747717
      ],
      [
        -0.421011657,
        -0.163372681,
        0.892221153
      ],
      [
        0.146242589,
        -0.9830029,
        -0.110988162
      ]
    ],
    "translation": [
      1.31942832,
      1.12380731,
      -0.6197157
    ]
  },
  {
    "timeStamp": 15495,
    "rotation": [
      [
        0.8957,
        0.024009021,
        0.4440104
      ],
      [
        -0.43382287,
        -0.171916574,
        0.8844447
      ],
      [
        0.0975673944,
        -0.984818935,
        -0.14357
      ]
    ],
    "translation": [
      1.35976458,
      1.13040519,
      -0.603513837
    ]
  },
  {
    "timeStamp": 15551,
    "rotation": [
      [
        0.8931999,
        -0.0472068079,
        0.447174937
      ],
      [
        -0.448595762,
        -0.161921173,
        0.878944457
      ],
      [
        0.0309149325,
        -0.9856739,
        -0.165804759
      ]
    ],
    "translation": [
      1.41317761,
      1.13469648,
      -0.5843106
    ]
  },
  {
    "timeStamp": 15595,
    "rotation": [
      [
        0.89359045,
        -0.112828441,
        0.434471756
      ],
      [
        -0.448390484,
        -0.179032177,
        0.8757245
      ],
      [
        -0.0210221838,
        -0.9773521,
        -0.21057266
      ]
    ],
    "translation": [
      1.46005583,
      1.13763344,
      -0.5688421
    ]
  },
  {
    "timeStamp": 15651,
    "rotation": [
      [
        0.8897635,
        -0.179541737,
        0.419625759
      ],
      [
        -0.448324531,
        -0.171383157,
        0.877287269
      ],
      [
        -0.0855928957,
        -0.968706667,
        -0.23298344
      ]
    ],
    "translation": [
      1.51869583,
      1.13687027,
      -0.556583166
    ]
  },
  {
    "timeStamp": 15695,
    "rotation": [
      [
        0.886916459,
        -0.234718665,
        0.397852123
      ],
      [
        -0.44309786,
        -0.18887715,
        0.8763502
      ],
      [
        -0.130550578,
        -0.953536868,
        -0.2715216
      ]
    ],
    "translation": [
      1.566111,
      1.13899648,
      -0.549525261
    ]
  },
  {
    "timeStamp": 15751,
    "rotation": [
      [
        0.8735554,
        -0.293983847,
        0.387910217
      ],
      [
        -0.450504184,
        -0.1866745,
        0.873039842
      ],
      [
        -0.184246659,
        -0.937403858,
        -0.295511484
      ]
    ],
    "translation": [
      1.62364769,
      1.14152133,
      -0.5466318
    ]
  },
  {
    "timeStamp": 15795,
    "rotation": [
      [
        0.867956758,
        -0.329676032,
        0.371436059
      ],
      [
        -0.448325843,
        -0.198341653,
        0.871587336
      ],
      [
        -0.2136702,
        -0.923024535,
        -0.319954246
      ]
    ],
    "translation": [
      1.667561,
      1.144331,
      -0.549005568
    ]
  },
  {
    "timeStamp": 15851,
    "rotation": [
      [
        0.8563124,
        -0.373779446,
        0.3563958
      ],
      [
        -0.4527255,
        -0.211182922,
        0.8662802
      ],
      [
        -0.248533025,
        -0.903156,
        -0.350058049
      ]
    ],
    "translation": [
      1.720629,
      1.14864111,
      -0.5555651
    ]
  },
  {
    "timeStamp": 15895,
    "rotation": [
      [
        0.852492034,
        -0.394015849,
        0.3435242
      ],
      [
        -0.449769676,
        -0.217975914,
        0.866137266
      ],
      [
        -0.2663918,
        -0.8928819,
        -0.3630391
      ]
    ],
    "translation": [
      1.759451,
      1.14928961,
      -0.564970851
    ]
  },
  {
    "timeStamp": 15951,
    "rotation": [
      [
        0.8520038,
        -0.410241276,
        0.32525605
      ],
      [
        -0.442964137,
        -0.233731732,
        0.8655358
      ],
      [
        -0.279055864,
        -0.8815166,
        -0.3808625
      ]
    ],
    "translation": [
      1.80467916,
      1.14906275,
      -0.5791541
    ]
  },
  {
    "timeStamp": 15996,
    "rotation": [
      [
        0.8532509,
        -0.416048,
        0.3144312
      ],
      [
        -0.437925428,
        -0.244238108,
        0.865198851
      ],
      [
        -0.283168167,
        -0.8759291,
        -0.3905944
      ]
    ],
    "translation": [
      1.83675015,
      1.14659047,
      -0.590999365
    ]
  },
  {
    "timeStamp": 16051,
    "rotation": [
      [
        0.858904839,
        -0.4219192,
        0.290287077
      ],
      [
        -0.424379736,
        -0.269066572,
        0.864583731
      ],
      [
        -0.286677927,
        -0.8657871,
        -0.410156548
      ]
    ],
    "translation": [
      1.87637234,
      1.1425091,
      -0.6028126
    ]
  },
  {
    "timeStamp": 16095,
    "rotation": [
      [
        0.866891,
        -0.412243217,
        0.2802774
      ],
      [
        -0.4107746,
        -0.272197425,
        0.870156765
      ],
      [
        -0.282425463,
        -0.869461954,
        -0.405304551
      ]
    ],
    "translation": [
      1.90281236,
      1.13540173,
      -0.6117452
    ]
  },
  {
    "timeStamp": 16151,
    "rotation": [
      [
        0.8777172,
        -0.397598624,
        0.267447
      ],
      [
        -0.3934679,
        -0.279464662,
        0.8758325
      ],
      [
        -0.273487836,
        -0.873965,
        -0.401733249
      ]
    ],
    "translation": [
      1.9342314,
      1.1267345,
      -0.6194704
    ]
  },
  {
    "timeStamp": 16195,
    "rotation": [
      [
        0.893287361,
        -0.370630056,
        0.2543051
      ],
      [
        -0.372213036,
        -0.2927748,
        0.8807612
      ],
      [
        -0.25198245,
        -0.88142854,
        -0.399485379
      ]
    ],
    "translation": [
      1.95694041,
      1.11976671,
      -0.6236942
    ]
  },
  {
    "timeStamp": 16251,
    "rotation": [
      [
        0.911549032,
        -0.323866546,
        0.253354937
      ],
      [
        -0.3504962,
        -0.289800167,
        0.890599966
      ],
      [
        -0.215013236,
        -0.900625467,
        -0.377681047
      ]
    ],
    "translation": [
      1.980621,
      1.10842156,
      -0.6286207
    ]
  },
  {
    "timeStamp": 16295,
    "rotation": [
      [
        0.92308867,
        -0.3004046,
        0.240134135
      ],
      [
        -0.328610748,
        -0.291693658,
        0.8982927
      ],
      [
        -0.199805692,
        -0.9081145,
        -0.367975324
      ]
    ],
    "translation": [
      2.002639,
      1.09883642,
      -0.628335
    ]
  },
  {
    "timeStamp": 16351,
    "rotation": [
      [
        0.9396675,
        -0.258825243,
        0.223683611
      ],
      [
        -0.299598843,
        -0.3070303,
        0.9033122
      ],
      [
        -0.165122345,
        -0.9158285,
        -0.366050154
      ]
    ],
    "translation": [
      2.02853966,
      1.088697,
      -0.623950362
    ]
  },
  {
    "timeStamp": 16395,
    "rotation": [
      [
        0.9414361,
        -0.251490176,
        0.224612385
      ],
      [
        -0.296454638,
        -0.299936682,
        0.90672636
      ],
      [
        -0.160663292,
        -0.9202123,
        -0.35692665
      ]
    ],
    "translation": [
      2.049758,
      1.08050632,
      -0.6180784
    ]
  },
  {
    "timeStamp": 16450,
    "rotation": [
      [
        0.94942373,
        -0.2281033,
        0.215785846
      ],
      [
        -0.278846771,
        -0.296553522,
        0.913400531
      ],
      [
        -0.144357637,
        -0.927375257,
        -0.3451608
      ]
    ],
    "translation": [
      2.07404518,
      1.06976545,
      -0.609341145
    ]
  },
  {
    "timeStamp": 16495,
    "rotation": [
      [
        0.9531894,
        -0.216634125,
        0.210949287
      ],
      [
        -0.267828554,
        -0.281071216,
        0.9215567
      ],
      [
        -0.140348837,
        -0.9349164,
        -0.325934917
      ]
    ],
    "translation": [
      2.0914247,
      1.058761,
      -0.600971162
    ]
  },
  {
    "timeStamp": 16551,
    "rotation": [
      [
        0.962557137,
        -0.2143895,
        0.1658944
      ],
      [
        -0.225329757,
        -0.292572469,
        0.9293158
      ],
      [
        -0.150699437,
        -0.9319005,
        -0.329926074
      ]
    ],
    "translation": [
      2.11562085,
      1.04368746,
      -0.5876099
    ]
  },
  {
    "timeStamp": 16595,
    "rotation": [
      [
        0.9675659,
        -0.208157942,
        0.143131226
      ],
      [
        -0.199192256,
        -0.280192345,
        0.9390499
      ],
      [
        -0.155366436,
        -0.9371033,
        -0.312568
      ]
    ],
    "translation": [
      2.131617,
      1.02868783,
      -0.578738332
    ]
  },
  {
    "timeStamp": 16650,
    "rotation": [
      [
        0.9733929,
        -0.203542411,
        0.105246015
      ],
      [
        -0.156147763,
        -0.253056258,
        0.9547672
      ],
      [
        -0.167702481,
        -0.945797563,
        -0.278105855
      ]
    ],
    "translation": [
      2.14799833,
      1.00139678,
      -0.569111764
    ]
  },
  {
    "timeStamp": 16704,
    "rotation": [
      [
        0.9801816,
        -0.191231176,
        0.0517169945
      ],
      [
        -0.09703166,
        -0.23584941,
        0.96693325
      ],
      [
        -0.172710359,
        -0.952788353,
        -0.249730736
      ]
    ],
    "translation": [
      2.16429615,
      0.9742979,
      -0.5616628
    ]
  },
  {
    "timeStamp": 16745,
    "rotation": [
      [
        0.982659042,
        -0.185002223,
        0.0124647971
      ],
      [
        -0.0511632524,
        -0.205916688,
        0.9772311
      ],
      [
        -0.178223208,
        -0.9609227,
        -0.211811215
      ]
    ],
    "translation": [
      2.177643,
      0.940644443,
      -0.550782144
    ]
  },
  {
    "timeStamp": 16801,
    "rotation": [
      [
        0.983598948,
        -0.176154852,
        -0.03876234
      ],
      [
        0.004856389,
        -0.188963264,
        0.981972158
      ],
      [
        -0.180303812,
        -0.966055036,
        -0.185008585
      ]
    ],
    "translation": [
      2.19135141,
      0.9099013,
      -0.5393928
    ]
  },
  {
    "timeStamp": 16845,
    "rotation": [
      [
        0.98592025,
        -0.150515079,
        -0.07284613
      ],
      [
        0.0418619774,
        -0.1995984,
        0.978983164
      ],
      [
        -0.1618917,
        -0.9682488,
        -0.190487236
      ]
    ],
    "translation": [
      2.19701552,
      0.892756,
      -0.5282075
    ]
  },
  {
    "timeStamp": 16901,
    "rotation": [
      [
        0.9837577,
        -0.1619657,
        -0.07738223
      ],
      [
        0.0494748577,
        -0.169739053,
        0.9842464
      ],
      [
        -0.17254892,
        -0.9720884,
        -0.158968866
      ]
    ],
    "translation": [
      2.20255828,
      0.871928,
      -0.5186743
    ]
  },
  {
    "timeStamp": 16945,
    "rotation": [
      [
        0.9827114,
        -0.149390653,
        -0.109364942
      ],
      [
        0.07979992,
        -0.191247642,
        0.9782925
      ],
      [
        -0.167063564,
        -0.970106542,
        -0.176019877
      ]
    ],
    "translation": [
      2.2084868,
      0.8617228,
      -0.506867468
    ]
  },
  {
    "timeStamp": 17001,
    "rotation": [
      [
        0.9806837,
        -0.170970723,
        -0.09501839
      ],
      [
        0.0654862151,
        -0.1707578,
        0.983134449
      ],
      [
        -0.184312329,
        -0.9703663,
        -0.156263158
      ]
    ],
    "translation": [
      2.212228,
      0.846505463,
      -0.496692866
    ]
  },
  {
    "timeStamp": 17045,
    "rotation": [
      [
        0.9810714,
        -0.158331946,
        -0.111489564
      ],
      [
        0.07948648,
        -0.195736319,
        0.977429867
      ],
      [
        -0.176580951,
        -0.967790365,
        -0.179446056
      ]
    ],
    "translation": [
      2.21448874,
      0.8389529,
      -0.48641932
    ]
  },
  {
    "timeStamp": 17101,
    "rotation": [
      [
        0.978100657,
        -0.181590542,
        -0.101705715
      ],
      [
        0.07263593,
        -0.160118833,
        0.9844217
      ],
      [
        -0.195046648,
        -0.970250964,
        -0.143422335
      ]
    ],
    "translation": [
      2.21765637,
      0.822302759,
      -0.480990022
    ]
  },
  {
    "timeStamp": 17147,
    "rotation": [
      [
        0.976608932,
        -0.203544542,
        -0.0693148151
      ],
      [
        0.0389898978,
        -0.149381936,
        0.9880105
      ],
      [
        -0.211458549,
        -0.9676025,
        -0.137951553
      ]
    ],
    "translation": [
      2.2157495,
      0.8149328,
      -0.47412762
    ]
  },
  {
    "timeStamp": 17192,
    "rotation": [
      [
        0.9711769,
        -0.22885114,
        -0.06665233
      ],
      [
        0.0330723673,
        -0.147549227,
        0.9885016
      ],
      [
        -0.236054227,
        -0.9622143,
        -0.135727763
      ]
    ],
    "translation": [
      2.21749115,
      0.807882965,
      -0.46781674
    ]
  },
  {
    "timeStamp": 17249,
    "rotation": [
      [
        0.949985266,
        -0.311903358,
        -0.01562952
      ],
      [
        -0.0135921221,
        -0.09129468,
        0.9957312
      ],
      [
        -0.311998785,
        -0.9457175,
        -0.09096803
      ]
    ],
    "translation": [
      2.219309,
      0.796757,
      -0.465372384
    ]
  },
  {
    "timeStamp": 17294,
    "rotation": [
      [
        0.931099534,
        -0.3644991,
        -0.0139301987
      ],
      [
        -0.0204443075,
        -0.09027754,
        0.9957068
      ],
      [
        -0.3641918,
        -0.926817358,
        -0.0915093049
      ]
    ],
    "translation": [
      2.22429371,
      0.793140948,
      -0.4620179
    ]
  },
  {
    "timeStamp": 17350,
    "rotation": [
      [
        0.9018774,
        -0.431984156,
        -0.002614767
      ],
      [
        -0.0273387749,
        -0.06311527,
        0.9976317
      ],
      [
        -0.431126148,
        -0.89967,
        -0.06873216
      ]
    ],
    "translation": [
      2.22975445,
      0.7877068,
      -0.4635635
    ]
  },
  {
    "timeStamp": 17395,
    "rotation": [
      [
        0.8859385,
        -0.463674426,
        0.0109057473
      ],
      [
        -0.0408830978,
        -0.054649543,
        0.997668266
      ],
      [
        -0.461997271,
        -0.88431865,
        -0.06737258
      ]
    ],
    "translation": [
      2.23139954,
      0.7853167,
      -0.466963142
    ]
  },
  {
    "timeStamp": 17450,
    "rotation": [
      [
        0.878806651,
        -0.477148771,
        0.005281638
      ],
      [
        -0.0346365422,
        -0.05274605,
        0.9980071
      ],
      [
        -0.475919276,
        -0.8772382,
        -0.06288037
      ]
    ],
    "translation": [
      2.23220634,
      0.780590355,
      -0.471728832
    ]
  },
  {
    "timeStamp": 17494,
    "rotation": [
      [
        0.8634462,
        -0.503576756,
        0.02951342
      ],
      [
        -0.04516145,
        -0.0188977178,
        0.998800933
      ],
      [
        -0.50241524,
        -0.8637437,
        -0.03905942
      ]
    ],
    "translation": [
      2.23335385,
      0.7746051,
      -0.4778773
    ]
  },
  {
    "timeStamp": 17550,
    "rotation": [
      [
        0.847554445,
        -0.530435741,
        0.0170133542
      ],
      [
        -0.0370747037,
        -0.0271992758,
        0.998942256
      ],
      [
        -0.5294119,
        -0.8472887,
        -0.04271861
      ]
    ],
    "translation": [
      2.24011779,
      0.7738589,
      -0.479758769
    ]
  },
  {
    "timeStamp": 17594,
    "rotation": [
      [
        0.828255832,
        -0.560165644,
        0.0143757574
      ],
      [
        -0.0378922075,
        -0.0303939637,
        0.9988195
      ],
      [
        -0.5590674,
        -0.8278228,
        -0.04639989
      ]
    ],
    "translation": [
      2.24627256,
      0.7745753,
      -0.481902629
    ]
  },
  {
    "timeStamp": 17650,
    "rotation": [
      [
        0.8088326,
        -0.5876872,
        -0.0203381088
      ],
      [
        -0.0128575182,
        -0.0522526652,
        0.99855113
      ],
      [
        -0.587898433,
        -0.8073992,
        -0.0498198569
      ]
    ],
    "translation": [
      2.25654984,
      0.776153564,
      -0.483232379
    ]
  },
  {
    "timeStamp": 17695,
    "rotation": [
      [
        0.7894443,
        -0.6137424,
        -0.009893473
      ],
      [
        -0.0157383718,
        -0.0363512076,
        0.9992151
      ],
      [
        -0.613620341,
        -0.788669,
        -0.03835656
      ]
    ],
    "translation": [
      2.2600503,
      0.775037944,
      -0.486506939
    ]
  },
  {
    "timeStamp": 17750,
    "rotation": [
      [
        0.767758846,
        -0.640007,
        -0.0306160171
      ],
      [
        -0.008244972,
        -0.0576465726,
        0.998303
      ],
      [
        -0.6406858,
        -0.7662035,
        -0.0495355055
      ]
    ],
    "translation": [
      2.264934,
      0.7768498,
      -0.4858501
    ]
  },
  {
    "timeStamp": 17795,
    "rotation": [
      [
        0.7481645,
        -0.6628283,
        -0.0301426649
      ],
      [
        -0.00517563242,
        -0.0512574054,
        0.998672068
      ],
      [
        -0.663493156,
        -0.74701494,
        -0.04177953
      ]
    ],
    "translation": [
      2.266339,
      0.7738067,
      -0.48675558
    ]
  },
  {
    "timeStamp": 17849,
    "rotation": [
      [
        0.731877148,
        -0.680587,
        -0.0340164639
      ],
      [
        -0.00220261654,
        -0.0522811972,
        0.99863
      ],
      [
        -0.681433,
        -0.730799556,
        -0.03976249
      ]
    ],
    "translation": [
      2.26592851,
      0.770687938,
      -0.487269044
    ]
  },
  {
    "timeStamp": 17894,
    "rotation": [
      [
        0.7162534,
        -0.696659,
        -0.040586926
      ],
      [
        -0.00360046583,
        -0.061849203,
        0.998079
      ],
      [
        -0.697831035,
        -0.714731336,
        -0.0468079969
      ]
    ],
    "translation": [
      2.26794577,
      0.7685865,
      -0.485836476
    ]
  },
  {
    "timeStamp": 17949,
    "rotation": [
      [
        0.696261466,
        -0.7174098,
        -0.0233054683
      ],
      [
        -0.00624354742,
        -0.03852033,
        0.9992383
      ],
      [
        -0.71776104,
        -0.6955856,
        -0.0312994
      ]
    ],
    "translation": [
      2.266775,
      0.761760533,
      -0.4870857
    ]
  },
  {
    "timeStamp": 17993,
    "rotation": [
      [
        0.681796432,
        -0.731207669,
        -0.0221128743
      ],
      [
        -0.0119378427,
        -0.041344706,
        0.9990736
      ],
      [
        -0.731444538,
        -0.6809009,
        -0.0369177163
      ]
    ],
    "translation": [
      2.26841712,
      0.758464158,
      -0.485769182
    ]
  },
  {
    "timeStamp": 18049,
    "rotation": [
      [
        0.665210366,
        -0.746642649,
        -0.004455915
      ],
      [
        -0.0197619535,
        -0.0235717352,
        0.9995268
      ],
      [
        -0.7463944,
        -0.664807558,
        -0.03043528
      ]
    ],
    "translation": [
      2.2671473,
      0.7534993,
      -0.4850415
    ]
  },
  {
    "timeStamp": 18093,
    "rotation": [
      [
        0.6566308,
        -0.754131,
        -0.0110598374
      ],
      [
        -0.0189283546,
        -0.0311370734,
        0.9993359
      ],
      [
        -0.753974557,
        -0.6559854,
        -0.0347200222
      ]
    ],
    "translation": [
      2.26868153,
      0.751673043,
      -0.484208256
    ]
  },
  {
    "timeStamp": 18149,
    "rotation": [
      [
        0.640501142,
        -0.767954,
        0.00223686243
      ],
      [
        -0.0347706638,
        -0.0260899775,
        0.99905473
      ],
      [
        -0.7671697,
        -0.639973462,
        -0.04341293
      ]
    ],
    "translation": [
      2.26995945,
      0.750212431,
      -0.481366038
    ]
  },
  {
    "timeStamp": 18193,
    "rotation": [
      [
        0.6316454,
        -0.7750926,
        0.0159859266
      ],
      [
        -0.0307452623,
        -0.00444061961,
        0.9995174
      ],
      [
        -0.774647534,
        -0.631832063,
        -0.0266353227
      ]
    ],
    "translation": [
      2.26881433,
      0.745595,
      -0.4836649
    ]
  },
  {
    "timeStamp": 18249,
    "rotation": [
      [
        0.632788062,
        -0.7739474,
        -0.0241802856
      ],
      [
        -0.029397225,
        -0.0552171133,
        0.9980415
      ],
      [
        -0.7737668,
        -0.6308379,
        -0.0576926358
      ]
    ],
    "translation": [
      2.27456284,
      0.749565244,
      -0.478723675
    ]
  },
  {
    "timeStamp": 18294,
    "rotation": [
      [
        0.6222198,
        -0.7828314,
        0.004189343
      ],
      [
        -0.0388762541,
        -0.0255543757,
        0.9989172
      ],
      [
        -0.7818767,
        -0.6217089,
        -0.04633399
      ]
    ],
    "translation": [
      2.27384758,
      0.7464023,
      -0.479712784
    ]
  },
  {
    "timeStamp": 18349,
    "rotation": [
      [
        0.6224855,
        -0.782444239,
        -0.0171128325
      ],
      [
        -0.03155727,
        -0.04694185,
        0.998399
      ],
      [
        -0.7819949,
        -0.6209489,
        -0.0539124236
      ]
    ],
    "translation": [
      2.27745032,
      0.747134268,
      -0.479015678
    ]
  },
  {
    "timeStamp": 18394,
    "rotation": [
      [
        0.61839813,
        -0.7855258,
        -0.02308654
      ],
      [
        -0.027370641,
        -0.05088811,
        0.9983292
      ],
      [
        -0.7853882,
        -0.616733,
        -0.0529694557
      ]
    ],
    "translation": [
      2.281115,
      0.7467342,
      -0.478752434
    ]
  },
  {
    "timeStamp": 18450,
    "rotation": [
      [
        0.614832044,
        -0.7874078,
        -0.0443909466
      ],
      [
        -0.0207142178,
        -0.07239031,
        0.997161269
      ],
      [
        -0.788386047,
        -0.6121672,
        -0.06081842
      ]
    ],
    "translation": [
      2.286447,
      0.7485044,
      -0.4770574
    ]
  },
  {
    "timeStamp": 18494,
    "rotation": [
      [
        0.611982763,
        -0.787675142,
        -0.0710278153
      ],
      [
        -0.01087135,
        -0.09817946,
        0.9951093
      ],
      [
        -0.7907964,
        -0.6082176,
        -0.06864723
      ]
    ],
    "translation": [
      2.29340363,
      0.7502098,
      -0.4753472
    ]
  },
  {
    "timeStamp": 18550,
    "rotation": [
      [
        0.606856048,
        -0.7907288,
        -0.0804590061
      ],
      [
        -0.0097793825,
        -0.10865102,
        0.994031847
      ],
      [
        -0.7947516,
        -0.6024474,
        -0.0736683756
      ]
    ],
    "translation": [
      2.29841781,
      0.749714136,
      -0.473139673
    ]
  },
  {
    "timeStamp": 18594,
    "rotation": [
      [
        0.5991061,
        -0.796775937,
        -0.0788665339
      ],
      [
        -0.007633538,
        -0.104180306,
        0.9945291
      ],
      [
        -0.800633252,
        -0.5952264,
        -0.06849728
      ]
    ],
    "translation": [
      2.30128241,
      0.7469877,
      -0.473123
    ]
  },
  {
    "timeStamp": 18649,
    "rotation": [
      [
        0.602135956,
        -0.7939233,
        -0.0843682438
      ],
      [
        -0.00289581437,
        -0.107843556,
        0.994163632
      ],
      [
        -0.7983883,
        -0.598377347,
        -0.06723554
      ]
    ],
    "translation": [
      2.30529737,
      0.7457665,
      -0.470881641
    ]
  },
  {
    "timeStamp": 18694,
    "rotation": [
      [
        0.605954766,
        -0.7915969,
        -0.07869705
      ],
      [
        0.00655561825,
        -0.09395542,
        0.9955548
      ],
      [
        -0.795472145,
        -0.6037771,
        -0.05174333
      ]
    ],
    "translation": [
      2.30715513,
      0.7426555,
      -0.470668972
    ]
  },
  {
    "timeStamp": 18749,
    "rotation": [
      [
        0.643020451,
        -0.76190275,
        -0.07764677
      ],
      [
        -0.000472993,
        -0.101781584,
        0.994806647
      ],
      [
        -0.765848935,
        -0.639644265,
        -0.06580801
      ]
    ],
    "translation": [
      2.306814,
      0.742162645,
      -0.466783047
    ]
  },
  {
    "timeStamp": 18794,
    "rotation": [
      [
        0.7001451,
        -0.710666537,
        -0.06891916
      ],
      [
        0.001051359,
        -0.09549911,
        0.995429
      ],
      [
        -0.713999748,
        -0.6970172,
        -0.06611608
      ]
    ],
    "translation": [
      2.30444813,
      0.7415756,
      -0.462943375
    ]
  },
  {
    "timeStamp": 18850,
    "rotation": [
      [
        0.7656649,
        -0.640937746,
        -0.05437001
      ],
      [
        -0.00300830323,
        -0.0880923942,
        0.996107757
      ],
      [
        -0.643232644,
        -0.762521148,
        -0.0693773851
      ]
    ],
    "translation": [
      2.3008666,
      0.740599632,
      -0.457917273
    ]
  },
  {
    "timeStamp": 18894,
    "rotation": [
      [
        0.792184651,
        -0.6087413,
        -0.043329563
      ],
      [
        0.0566054732,
        0.002598885,
        0.998393238
      ],
      [
        -0.6076506,
        -0.7933645,
        0.0365168862
      ]
    ],
    "translation": [
      2.29901648,
      0.7310993,
      -0.458260775
    ]
  },
  {
    "timeStamp": 18949,
    "rotation": [
      [
        0.809999466,
        -0.5847629,
        -0.0441956669
      ],
      [
        0.0278577134,
        -0.036910098,
        0.9989302
      ],
      [
        -0.5857686,
        -0.8103641,
        -0.0136070028
      ]
    ],
    "translation": [
      2.297903,
      0.7327298,
      -0.4555937
    ]
  },
  {
    "timeStamp": 18994,
    "rotation": [
      [
        0.833892941,
        -0.55015564,
        -0.0441738367
      ],
      [
        0.03037118,
        -0.03417457,
        0.9989543
      ],
      [
        -0.551089942,
        -0.8343625,
        -0.0117890574
      ]
    ],
    "translation": [
      2.29620647,
      0.7325797,
      -0.45391506
    ]
  },
  {
    "timeStamp": 19049,
    "rotation": [
      [
        0.8548971,
        -0.5168533,
        -0.0448728241
      ],
      [
        0.03638261,
        -0.0265527777,
        0.9989851
      ],
      [
        -0.517520249,
        -0.855662048,
        -0.00389541988
      ]
    ],
    "translation": [
      2.29456973,
      0.7322146,
      -0.452713281
    ]
  }
]