[
  {
    "timeStamp": 79866,
    "rotation": [
      [
        0.971154451,
        0.207724452,
        -0.117087737
      ],
      [
        0.139288455,
        -0.0956377,
        0.9856227
      ],
      [
        0.193539917,
        -0.9735009,
        -0.121812604
      ]
    ],
    "translation": [
      1.61672461,
      0.702930152,
      -0.48577866
    ]
  },
  {
    "timeStamp": 79922,
    "rotation": [
      [
        0.977256358,
        0.17594704,
        -0.118374877
      ],
      [
        0.1437819,
        -0.13944979,
        0.9797349
      ],
      [
        0.155874088,
        -0.974472344,
        -0.1615762
      ]
    ],
    "translation": [
      1.618697,
      0.7063073,
      -0.48021248
    ]
  },
  {
    "timeStamp": 79966,
    "rotation": [
      [
        0.9789028,
        0.176022872,
        -0.103755288
      ],
      [
        0.133535385,
        -0.166789591,
        0.976908147
      ],
      [
        0.154652879,
        -0.970153153,
        -0.186776087
      ]
    ],
    "translation": [
      1.61952972,
      0.7133904,
      -0.479707867
    ]
  },
  {
    "timeStamp": 80021,
    "rotation": [
      [
        0.986705363,
        0.153036237,
        -0.05470266
      ],
      [
        0.0821378,
        -0.179147169,
        0.9803875
      ],
      [
        0.140234992,
        -0.971846759,
        -0.18933554
      ]
    ],
    "translation": [
      1.61974514,
      0.725245833,
      -0.4829655
    ]
  },
  {
    "timeStamp": 80066,
    "rotation": [
      [
        0.9888814,
        0.143934086,
        -0.03736902
      ],
      [
        0.06944646,
        -0.224785015,
        0.9719305
      ],
      [
        0.131493926,
        -0.9637192,
        -0.232281446
      ]
    ],
    "translation": [
      1.62404013,
      0.7386688,
      -0.484502763
    ]
  },
  {
    "timeStamp": 80121,
    "rotation": [
      [
        0.9934865,
        0.11276678,
        0.0163773373
      ],
      [
        0.0160063151,
        -0.280403376,
        0.9597488
      ],
      [
        0.112820044,
        -0.9532353,
        -0.280381978
      ]
    ],
    "translation": [
      1.63226843,
      0.765563,
      -0.493306
    ]
  },
  {
    "timeStamp": 80166,
    "rotation": [
      [
        0.9927098,
        0.08136073,
        0.0889248252
      ],
      [
        -0.05684692,
        -0.3345187,
        0.940673
      ],
      [
        0.106280848,
        -0.93887043,
        -0.3274549
      ]
    ],
    "translation": [
      1.64290476,
      0.795859933,
      -0.5075777
    ]
  },
  {
    "timeStamp": 80221,
    "rotation": [
      [
        0.981173754,
        0.0247450564,
        0.191535234
      ],
      [
        -0.1659066,
        -0.399668783,
        0.901520848
      ],
      [
        0.0988588557,
        -0.916325569,
        -0.3880391
      ]
    ],
    "translation": [
      1.663782,
      0.841709137,
      -0.5339095
    ]
  },
  {
    "timeStamp": 80266,
    "rotation": [
      [
        0.9637403,
        -0.030492425,
        0.265094042
      ],
      [
        -0.249314457,
        -0.457007736,
        0.8538069
      ],
      [
        0.09511538,
        -0.888939857,
        -0.448038965
      ]
    ],
    "translation": [
      1.69043064,
      0.8812769,
      -0.5608655
    ]
  },
  {
    "timeStamp": 80321,
    "rotation": [
      [
        0.938808,
        -0.12741074,
        0.320009232
      ],
      [
        -0.338580161,
        -0.5120173,
        0.7894313
      ],
      [
        0.0632682443,
        -0.8494732,
        -0.523824751
      ]
    ],
    "translation": [
      1.73494625,
      0.9295033,
      -0.5958319
    ]
  },
  {
    "timeStamp": 80366,
    "rotation": [
      [
        0.931365967,
        -0.180977792,
        0.315918416
      ],
      [
        -0.361382246,
        -0.565043151,
        0.7417069
      ],
      [
        0.0442750528,
        -0.8049679,
        -0.591664135
      ]
    ],
    "translation": [
      1.776419,
      0.9636778,
      -0.6253796
    ]
  },
  {
    "timeStamp": 80421,
    "rotation": [
      [
        0.930055261,
        -0.239435837,
        0.278689176
      ],
      [
        -0.3674196,
        -0.606298268,
        0.7052696
      ],
      [
        0.000101977879,
        -0.758335531,
        -0.65186435
      ]
    ],
    "translation": [
      1.83214784,
      0.999260962,
      -0.6578125
    ]
  },
  {
    "timeStamp": 80466,
    "rotation": [
      [
        0.930590749,
        -0.275749177,
        0.240755618
      ],
      [
        -0.363570064,
        -0.6196305,
        0.6956112
      ],
      [
        -0.042634692,
        -0.734860837,
        -0.6768765
      ]
    ],
    "translation": [
      1.87728715,
      1.0211401,
      -0.679263234
    ]
  },
  {
    "timeStamp": 80513,
    "rotation": [
      [
        0.9496549,
        -0.274266362,
        0.151438579
      ],
      [
        -0.29679215,
        -0.632720947,
        0.7152473
      ],
      [
        -0.1003499,
        -0.724183857,
        -0.682266653
      ]
    ],
    "translation": [
      1.92450821,
      1.03180027,
      -0.6943358
    ]
  },
  {
    "timeStamp": 80566,
    "rotation": [
      [
        0.9542689,
        -0.295383066,
        0.0460407063
      ],
      [
        -0.228855431,
        -0.622719,
        0.7482287
      ],
      [
        -0.192343667,
        -0.724548042,
        -0.661841333
      ]
    ],
    "translation": [
      1.98215222,
      1.03424013,
      -0.705069363
    ]
  },
  {
    "timeStamp": 80621,
    "rotation": [
      [
        0.9361631,
        -0.346139461,
        -0.0615314767
      ],
      [
        -0.172816589,
        -0.6054952,
        0.776859045
      ],
      [
        -0.3061586,
        -0.716633141,
        -0.626660943
      ]
    ],
    "translation": [
      2.04380035,
      1.02679193,
      -0.707150638
    ]
  },
  {
    "timeStamp": 80666,
    "rotation": [
      [
        0.915572762,
        -0.390059918,
        -0.09787652
      ],
      [
        -0.152646065,
        -0.562243938,
        0.8127613
      ],
      [
        -0.372056067,
        -0.7292017,
        -0.5743163
      ]
    ],
    "translation": [
      2.08459067,
      1.0133779,
      -0.705292344
    ]
  },
  {
    "timeStamp": 80721,
    "rotation": [
      [
        0.90213877,
        -0.414846122,
        -0.118525632
      ],
      [
        -0.119770378,
        -0.504720032,
        0.8549344
      ],
      [
        -0.414488465,
        -0.757073641,
        -0.505013764
      ]
    ],
    "translation": [
      2.125061,
      0.9909217,
      -0.700177133
    ]
  },
  {
    "timeStamp": 80765,
    "rotation": [
      [
        0.895285666,
        -0.427478731,
        -0.125401422
      ],
      [
        -0.09936225,
        -0.4660079,
        0.8791836
      ],
      [
        -0.434270322,
        -0.7746603,
        -0.459685415
      ]
    ],
    "translation": [
      2.14989781,
      0.97274977,
      -0.6918467
    ]
  },
  {
    "timeStamp": 80813,
    "rotation": [
      [
        0.888166368,
        -0.430267036,
        -0.161340564
      ],
      [
        -0.0558217578,
        -0.449528635,
        0.89152
      ],
      [
        -0.456118852,
        -0.7828118,
        -0.423274517
      ]
    ],
    "translation": [
      2.17246056,
      0.9558137,
      -0.6813641
    ]
  },
  {
    "timeStamp": 80871,
    "rotation": [
      [
        0.8868007,
        -0.415187031,
        -0.202988341
      ],
      [
        0.0108442139,
        -0.420409381,
        0.9072697
      ],
      [
        -0.462024838,
        -0.806768656,
        -0.368316948
      ]
    ],
    "translation": [
      2.19601154,
      0.9301097,
      -0.6664884
    ]
  },
  {
    "timeStamp": 80916,
    "rotation": [
      [
        0.8860611,
        -0.4014827,
        -0.231748536
      ],
      [
        0.0494383425,
        -0.4152317,
        0.9083713
      ],
      [
        -0.4609247,
        -0.8163298,
        -0.348072022
      ]
    ],
    "translation": [
      2.20629573,
      0.9179306,
      -0.6559941
    ]
  },
  {
    "timeStamp": 80971,
    "rotation": [
      [
        0.896709442,
        -0.391722858,
        -0.206071422
      ],
      [
        0.0585146919,
        -0.3565717,
        0.9324337
      ],
      [
        -0.438734829,
        -0.8481803,
        -0.296819657
      ]
    ],
    "translation": [
      2.21359062,
      0.900829434,
      -0.6464791
    ]
  },
  {
    "timeStamp": 81016,
    "rotation": [
      [
        0.9016139,
        -0.396201134,
        -0.173542649
      ],
      [
        0.0492385328,
        -0.3045954,
        0.9512083
      ],
      [
        -0.4297301,
        -0.8661676,
        -0.255119115
      ]
    ],
    "translation": [
      2.21986771,
      0.8878648,
      -0.638719857
    ]
  },
  {
    "timeStamp": 81071,
    "rotation": [
      [
        0.8902427,
        -0.3609689,
        -0.277793765
      ],
      [
        0.160180971,
        -0.322820246,
        0.932807148
      ],
      [
        -0.42639178,
        -0.874922037,
        -0.229568034
      ]
    ],
    "translation": [
      2.23513031,
      0.874614835,
      -0.632739663
    ]
  },
  {
    "timeStamp": 81116,
    "rotation": [
      [
        0.89701426,
        -0.342471153,
        -0.279426
      ],
      [
        0.175374925,
        -0.304523677,
        0.9362206
      ],
      [
        -0.405720383,
        -0.888807535,
        -0.213101238
      ]
    ],
    "translation": [
      2.23603153,
      0.8662521,
      -0.630641043
    ]
  },
  {
    "timeStamp": 81172,
    "rotation": [
      [
        0.913504958,
        -0.3099034,
        -0.263569
      ],
      [
        0.176146448,
        -0.2826945,
        0.9428978
      ],
      [
        -0.366716743,
        -0.9077686,
        -0.203654423
      ]
    ],
    "translation": [
      2.23054957,
      0.858621,
      -0.6299889
    ]
  },
  {
    "timeStamp": 81217,
    "rotation": [
      [
        0.9245707,
        -0.28799352,
        -0.249457091
      ],
      [
        0.174175367,
        -0.262834728,
        0.9489894
      ],
      [
        -0.338868767,
        -0.920857,
        -0.192847908
      ]
    ],
    "translation": [
      2.22587729,
      0.853359044,
      -0.6297595
    ]
  },
  {
    "timeStamp": 81262,
    "rotation": [
      [
        0.9438669,
        -0.2725166,
        -0.186681211
      ],
      [
        0.128193021,
        -0.218657762,
        0.967344463
      ],
      [
        -0.304436743,
        -0.936975658,
        -0.17144911
      ]
    ],
    "translation": [
      2.216108,
      0.8477826,
      -0.630134642
    ]
  },
  {
    "timeStamp": 81319,
    "rotation": [
      [
        0.956128657,
        -0.242760062,
        -0.16396828
      ],
      [
        0.122515775,
        -0.177054226,
        0.9765458
      ],
      [
        -0.266097575,
        -0.9537921,
        -0.139544681
      ]
    ],
    "translation": [
      2.20600224,
      0.8400761,
      -0.629912555
    ]
  },
  {
    "timeStamp": 81364,
    "rotation": [
      [
        0.9679609,
        -0.223973423,
        -0.1135234
      ],
      [
        0.08654929,
        -0.12680608,
        0.988144457
      ],
      [
        -0.235713542,
        -0.966310561,
        -0.103358589
      ]
    ],
    "translation": [
      2.19489837,
      0.8315379,
      -0.631726
    ]
  },
  {
    "timeStamp": 81421,
    "rotation": [
      [
        0.9755294,
        -0.1999856,
        -0.09136833
      ],
      [
        0.07453684,
        -0.0901477,
        0.9931353
      ],
      [
        -0.206849381,
        -0.975643,
        -0.0730354339
      ]
    ],
    "translation": [
      2.18623924,
      0.82585746,
      -0.631881356
    ]
  },
  {
    "timeStamp": 81465,
    "rotation": [
      [
        0.9792447,
        -0.188580111,
        -0.07427884
      ],
      [
        0.0611511469,
        -0.0745096,
        0.995343566
      ],
      [
        -0.193236515,
        -0.9792271,
        -0.0614312366
      ]
    ],
    "translation": [
      2.18126035,
      0.823304057,
      -0.630146742
    ]
  },
  {
    "timeStamp": 81521,
    "rotation": [
      [
        0.981878042,
        -0.172663957,
        -0.078119494
      ],
      [
        0.06698057,
        -0.06943172,
        0.9953355
      ],
      [
        -0.177282572,
        -0.9825306,
        -0.0566083528
      ]
    ],
    "translation": [
      2.17746186,
      0.8199173,
      -0.6270265
    ]
  },
  {
    "timeStamp": 81566,
    "rotation": [
      [
        0.9838191,
        -0.1727676,
        -0.04744811
      ],
      [
        0.03857677,
        -0.0543507226,
        0.997776449
      ],
      [
        -0.174962267,
        -0.9834619,
        -0.0468064658
      ]
    ],
    "translation": [
      2.17289,
      0.8184518,
      -0.624468565
    ]
  },
  {
    "timeStamp": 81621,
    "rotation": [
      [
        0.985857,
        -0.147823438,
        -0.07895625
      ],
      [
        0.07071692,
        -0.06019523,
        0.9956785
      ],
      [
        -0.15193741,
        -0.9871802,
        -0.048890274
      ]
    ],
    "translation": [
      2.17046881,
      0.815666437,
      -0.6223295
    ]
  },
  {
    "timeStamp": 81665,
    "rotation": [
      [
        0.9860373,
        -0.145928532,
        -0.0802205354
      ],
      [
        0.07171996,
        -0.0626167357,
        0.995457351
      ],
      [
        -0.1502888,
        -0.987311542,
        -0.0512764454
      ]
    ],
    "translation": [
      2.16897678,
      0.8143752,
      -0.619973242
    ]
  },
  {
    "timeStamp": 81721,
    "rotation": [
      [
        0.987236,
        -0.1372715,
        -0.08075636
      ],
      [
        0.07400494,
        -0.0536029451,
        0.995816231
      ],
      [
        -0.141025975,
        -0.989082038,
        -0.0427599847
      ]
    ],
    "translation": [
      2.16653085,
      0.8124291,
      -0.6182145
    ]
  },
  {
    "timeStamp": 81765,
    "rotation": [
      [
        0.9861035,
        -0.131765619,
        -0.101181164
      ],
      [
        0.0938495249,
        -0.0607265644,
        0.993732631
      ],
      [
        -0.137084186,
        -0.989419043,
        -0.04751654
      ]
    ],
    "translation": [
      2.16749716,
      0.8103949,
      -0.616277039
    ]
  },
  {
    "timeStamp": 81821,
    "rotation": [
      [
        0.9864033,
        -0.136564374,
        -0.09142627
      ],
      [
        0.0858318657,
        -0.0463191941,
        0.995232344
      ],
      [
        -0.140148073,
        -0.9895477,
        -0.0339678265
      ]
    ],
    "translation": [
      2.16654229,
      0.808129,
      -0.613533139
    ]
  },
  {
    "timeStamp": 81865,
    "rotation": [
      [
        0.9868315,
        -0.1259498,
        -0.101490073
      ],
      [
        0.09665589,
        -0.0439329632,
        0.9943478
      ],
      [
        -0.129696652,
        -0.9910633,
        -0.0311806425
      ]
    ],
    "translation": [
      2.16654539,
      0.805694461,
      -0.612464845
    ]
  },
  {
    "timeStamp": 81921,
    "rotation": [
      [
        0.9851675,
        -0.133129314,
        -0.1082664
      ],
      [
        0.103735283,
        -0.040533606,
        0.993778646
      ],
      [
        -0.1366895,
        -0.9902695,
        -0.0261221863
      ]
    ],
    "translation": [
      2.16768312,
      0.8032613,
      -0.6111667
    ]
  },
  {
    "timeStamp": 81965,
    "rotation": [
      [
        0.9854864,
        -0.1290155,
        -0.110324658
      ],
      [
        0.107021123,
        -0.0322855227,
        0.9937324
      ],
      [
        -0.1317688,
        -0.9911169,
        -0.0180095583
      ]
    ],
    "translation": [
      2.16754746,
      0.8004797,
      -0.6112208
    ]
  },
  {
    "timeStamp": 82021,
    "rotation": [
      [
        0.9843488,
        -0.133923769,
        -0.114550576
      ],
      [
        0.111908354,
        -0.0271182265,
        0.9933484
      ],
      [
        -0.136139378,
        -0.9906205,
        -0.0117066056
      ]
    ],
    "translation": [
      2.16840935,
      0.798781931,
      -0.6102992
    ]
  },
  {
    "timeStamp": 82065,
    "rotation": [
      [
        0.985493839,
        -0.13270247,
        -0.1057912
      ],
      [
        0.1039755,
        -0.0205580462,
        0.994367361
      ],
      [
        -0.134129867,
        -0.990942657,
        -0.006462024
      ]
    ],
    "translation": [
      2.16765356,
      0.7976513,
      -0.611365736
    ]
  }
]