[
  {
    "timeStamp": 109074,
    "rotation": [
      [
        0.08197479,
        -0.5613931,
        -0.8234792
      ],
      [
        0.9601833,
        -0.176930532,
        0.216202676
      ],
      [
        -0.267073274,
        -0.8084141,
        0.524536431
      ]
    ],
    "translation": [
      1.47159326,
      0.695266247,
      -0.6281605
    ]
  },
  {
    "timeStamp": 109130,
    "rotation": [
      [
        0.112343088,
        -0.5674993,
        -0.815673649
      ],
      [
        0.9490802,
        -0.181858048,
        0.257243723
      ],
      [
        -0.294322461,
        -0.8030393,
        0.5181719
      ]
    ],
    "translation": [
      1.47142935,
      0.6956509,
      -0.6280126
    ]
  },
  {
    "timeStamp": 109174,
    "rotation": [
      [
        0.03188726,
        -0.611089,
        -0.790919363
      ],
      [
        0.9839156,
        -0.119965076,
        0.132357
      ],
      [
        -0.1757646,
        -0.78241843,
        0.5974347
      ]
    ],
    "translation": [
      1.47833312,
      0.6983087,
      -0.6371794
    ]
  },
  {
    "timeStamp": 109230,
    "rotation": [
      [
        0.07000974,
        -0.6538861,
        -0.753347
      ],
      [
        0.9849573,
        -0.0742885545,
        0.156014234
      ],
      [
        -0.157980591,
        -0.7529371,
        0.6388489
      ]
    ],
    "translation": [
      1.47600353,
      0.7091352,
      -0.6370371
    ]
  },
  {
    "timeStamp": 109274,
    "rotation": [
      [
        0.099211134,
        -0.712370336,
        -0.6947558
      ],
      [
        0.9884895,
        -0.00958592352,
        0.150985271
      ],
      [
        -0.114217311,
        -0.701738238,
        0.7032196
      ]
    ],
    "translation": [
      1.47406471,
      0.723194,
      -0.6414567
    ]
  },
  {
    "timeStamp": 109330,
    "rotation": [
      [
        0.2357125,
        -0.7766624,
        -0.584153354
      ],
      [
        0.969710231,
        0.148354545,
        0.194043934
      ],
      [
        -0.0640448257,
        -0.612198,
        0.7881065
      ]
    ],
    "translation": [
      1.46206307,
      0.748829365,
      -0.6487098
    ]
  },
  {
    "timeStamp": 109374,
    "rotation": [
      [
        0.346547931,
        -0.8084504,
        -0.475723028
      ],
      [
        0.937759161,
        0.286351383,
        0.196495861
      ],
      [
        -0.0226332042,
        -0.5142089,
        0.857366264
      ]
    ],
    "translation": [
      1.45615482,
      0.7740591,
      -0.6553777
    ]
  },
  {
    "timeStamp": 109430,
    "rotation": [
      [
        0.539577842,
        -0.7992955,
        -0.264541864
      ],
      [
        0.838251352,
        0.4806463,
        0.257514656
      ],
      [
        -0.07867923,
        -0.36070177,
        0.929356635
      ]
    ],
    "translation": [
      1.44600153,
      0.8110014,
      -0.6575115
    ]
  },
  {
    "timeStamp": 109474,
    "rotation": [
      [
        0.6549996,
        -0.752740562,
        -0.06600873
      ],
      [
        0.7411631,
        0.6229925,
        0.2501153
      ],
      [
        -0.147148982,
        -0.212748662,
        0.965963364
      ]
    ],
    "translation": [
      1.4474287,
      0.842213035,
      -0.662121058
    ]
  },
  {
    "timeStamp": 109530,
    "rotation": [
      [
        0.7680473,
        -0.609115958,
        0.197689459
      ],
      [
        0.5584839,
        0.7881546,
        0.258665919
      ],
      [
        -0.3133674,
        -0.08826127,
        0.9455214
      ]
    ],
    "translation": [
      1.46090412,
      0.8814077,
      -0.672713637
    ]
  },
  {
    "timeStamp": 109574,
    "rotation": [
      [
        0.8024931,
        -0.490184784,
        0.340181768
      ],
      [
        0.442443252,
        0.8713993,
        0.211913258
      ],
      [
        -0.4003108,
        -0.0195478033,
        0.9161709
      ]
    ],
    "translation": [
      1.47861993,
      0.9033206,
      -0.693863332
    ]
  },
  {
    "timeStamp": 109630,
    "rotation": [
      [
        0.774668753,
        -0.3157743,
        0.547882259
      ],
      [
        0.279816151,
        0.9481331,
        0.150819346
      ],
      [
        -0.5670902,
        0.03647127,
        0.822847843
      ]
    ],
    "translation": [
      1.50434923,
      0.925024331,
      -0.7174367
    ]
  },
  {
    "timeStamp": 109675,
    "rotation": [
      [
        0.7204148,
        -0.231704682,
        0.6536936
      ],
      [
        0.233057529,
        0.96860975,
        0.0864829
      ],
      [
        -0.653212547,
        0.0900446549,
        0.7518014
      ]
    ],
    "translation": [
      1.525492,
      0.92853266,
      -0.7384927
    ]
  },
  {
    "timeStamp": 109730,
    "rotation": [
      [
        0.612671554,
        -0.179617777,
        0.769656539
      ],
      [
        0.186883584,
        0.97914046,
        0.07974048
      ],
      [
        -0.7679246,
        0.09498144,
        0.6334591
      ]
    ],
    "translation": [
      1.54988825,
      0.9260244,
      -0.761927
    ]
  },
  {
    "timeStamp": 109775,
    "rotation": [
      [
        0.5398256,
        -0.09220213,
        0.8367121
      ],
      [
        0.167747214,
        0.98583,
        0.000407997752
      ],
      [
        -0.824893534,
        0.140135884,
        0.5476429
      ]
    ],
    "translation": [
      1.57075715,
      0.922952235,
      -0.7787612
    ]
  },
  {
    "timeStamp": 109830,
    "rotation": [
      [
        0.428802282,
        0.00124483474,
        0.9033975
      ],
      [
        0.122176178,
        0.9907319,
        -0.05935673
      ],
      [
        -0.8950986,
        0.135825962,
        0.424676031
      ]
    ],
    "translation": [
      1.59534,
      0.9204611,
      -0.79895854
    ]
  },
  {
    "timeStamp": 109874,
    "rotation": [
      [
        0.353777617,
        0.0700366,
        0.932703733
      ],
      [
        0.103586555,
        0.988124549,
        -0.113488868
      ],
      [
        -0.9295758,
        0.136765391,
        0.342321515
      ]
    ],
    "translation": [
      1.61428463,
      0.919156253,
      -0.815688431
    ]
  },
  {
    "timeStamp": 109930,
    "rotation": [
      [
        0.274927944,
        0.155272827,
        0.9488441
      ],
      [
        0.0551182,
        0.982705057,
        -0.176784515
      ],
      [
        -0.95988363,
        0.100901581,
        0.26161474
      ]
    ],
    "translation": [
      1.63474429,
      0.9214617,
      -0.8359794
    ]
  },
  {
    "timeStamp": 109974,
    "rotation": [
      [
        0.201085359,
        0.197085038,
        0.9595427
      ],
      [
        0.0246872772,
        0.9782206,
        -0.206094921
      ],
      [
        -0.9792626,
        0.0651311651,
        0.191840336
      ]
    ],
    "translation": [
      1.65272057,
      0.9245926,
      -0.8500621
    ]
  },
  {
    "timeStamp": 110029,
    "rotation": [
      [
        0.133789018,
        0.218380243,
        0.9666492
      ],
      [
        -0.0146463169,
        0.9757475,
        -0.21840857
      ],
      [
        -0.9909016,
        0.0150628192,
        0.133742779
      ]
    ],
    "translation": [
      1.67186546,
      0.9286961,
      -0.8666733
    ]
  },
  {
    "timeStamp": 110074,
    "rotation": [
      [
        0.0782253,
        0.237059146,
        0.9683407
      ],
      [
        -0.0555458367,
        0.9708447,
        -0.233185
      ],
      [
        -0.9953871,
        -0.03554633,
        0.08911227
      ]
    ],
    "translation": [
      1.68841577,
      0.9342881,
      -0.8797973
    ]
  },
  {
    "timeStamp": 110129,
    "rotation": [
      [
        0.053700462,
        0.263834476,
        0.963072
      ],
      [
        -0.069071874,
        0.963134944,
        -0.260000318
      ],
      [
        -0.996165335,
        -0.05255905,
        0.06994434
      ]
    ],
    "translation": [
      1.70537186,
      0.9360931,
      -0.893013537
    ]
  },
  {
    "timeStamp": 110174,
    "rotation": [
      [
        0.0241557229,
        0.268524766,
        0.96296984
      ],
      [
        -0.0894391,
        0.9599687,
        -0.265444368
      ],
      [
        -0.9956993,
        -0.0797151551,
        0.04720535
      ]
    ],
    "translation": [
      1.72087181,
      0.936838031,
      -0.9016029
    ]
  },
  {
    "timeStamp": 110229,
    "rotation": [
      [
        0.003849342,
        0.27221173,
        0.9622297
      ],
      [
        -0.09191415,
        0.9582598,
        -0.270721
      ],
      [
        -0.9957595,
        -0.08740042,
        0.02870878
      ]
    ],
    "translation": [
      1.73951948,
      0.935078263,
      -0.9110737
    ]
  },
  {
    "timeStamp": 110274,
    "rotation": [
      [
        -0.0005732531,
        0.278296858,
        0.9604949
      ],
      [
        -0.08713573,
        0.9568279,
        -0.277286381
      ],
      [
        -0.99619627,
        -0.08385239,
        0.0237010978
      ]
    ],
    "translation": [
      1.75549948,
      0.933568835,
      -0.9168433
    ]
  },
  {
    "timeStamp": 110329,
    "rotation": [
      [
        -0.00229439419,
        0.277993053,
        0.9605803
      ],
      [
        -0.09477184,
        0.9561988,
        -0.276951432
      ],
      [
        -0.995496333,
        -0.0916714,
        0.0241520181
      ]
    ],
    "translation": [
      1.77621031,
      0.9338977,
      -0.925599456
    ]
  },
  {
    "timeStamp": 110374,
    "rotation": [
      [
        0.00225339527,
        0.2690007,
        0.9631373
      ],
      [
        -0.08586851,
        0.9596344,
        -0.267821461
      ],
      [
        -0.9963039,
        -0.08209966,
        0.0252611265
      ]
    ],
    "translation": [
      1.79335427,
      0.934845269,
      -0.930773258
    ]
  },
  {
    "timeStamp": 110430,
    "rotation": [
      [
        -0.00957179349,
        0.2455697,
        0.9693317
      ],
      [
        -0.0583853424,
        0.9675851,
        -0.245703742
      ],
      [
        -0.9982483,
        -0.0589465871,
        0.00507614668
      ]
    ],
    "translation": [
      1.81933045,
      0.936043859,
      -0.934385359
    ]
  },
  {
    "timeStamp": 110474,
    "rotation": [
      [
        -0.0190478135,
        0.2408376,
        0.970378458
      ],
      [
        -0.04215279,
        0.969498158,
        -0.241446555
      ],
      [
        -0.99892956,
        -0.0455031879,
        -0.008314842
      ]
    ],
    "translation": [
      1.84399962,
      0.9403002,
      -0.935313761
    ]
  },
  {
    "timeStamp": 110530,
    "rotation": [
      [
        -0.02235722,
        0.238101363,
        0.970982969
      ],
      [
        -0.00718891248,
        0.97116226,
        -0.238310874
      ],
      [
        -0.9997242,
        -0.01230828,
        -0.0200007986
      ]
    ],
    "translation": [
      1.87544072,
      0.944105446,
      -0.93012327
    ]
  },
  {
    "timeStamp": 110574,
    "rotation": [
      [
        -0.0247591175,
        0.218822286,
        0.9754506
      ],
      [
        0.02943625,
        0.9754862,
        -0.2180831
      ],
      [
        -0.99926,
        0.0233140625,
        -0.0305934828
      ]
    ],
    "translation": [
      1.90000832,
      0.948941469,
      -0.92117393
    ]
  },
  {
    "timeStamp": 110630,
    "rotation": [
      [
        -0.03444527,
        0.177620038,
        0.9834961
      ],
      [
        0.0575292334,
        0.9828007,
        -0.175479591
      ],
      [
        -0.9977494,
        0.0505353361,
        -0.0440711826
      ]
    ],
    "translation": [
      1.92840207,
      0.959587336,
      -0.9064254
    ]
  },
  {
    "timeStamp": 110674,
    "rotation": [
      [
        -0.0269909929,
        0.167446569,
        0.9855116
      ],
      [
        0.052873984,
        0.9847299,
        -0.165865645
      ],
      [
        -0.998236358,
        0.0476310439,
        -0.035432402
      ]
    ],
    "translation": [
      1.948579,
      0.975490034,
      -0.894277
    ]
  },
  {
    "timeStamp": 110730,
    "rotation": [
      [
        -0.009106263,
        0.157828867,
        0.9874245
      ],
      [
        0.0817296,
        0.984279156,
        -0.156572387
      ],
      [
        -0.996612966,
        0.07927602,
        -0.0218623932
      ]
    ],
    "translation": [
      1.96991992,
      0.9932852,
      -0.8726214
    ]
  },
  {
    "timeStamp": 110774,
    "rotation": [
      [
        -0.0237229858,
        0.181468055,
        0.983110666
      ],
      [
        0.0612065867,
        0.9818062,
        -0.179750338
      ],
      [
        -0.997843146,
        0.0559086353,
        -0.0343984179
      ]
    ],
    "translation": [
      1.98946011,
      1.01347339,
      -0.853897154
    ]
  },
  {
    "timeStamp": 110829,
    "rotation": [
      [
        5.017278E-05,
        0.163244858,
        0.9865856
      ],
      [
        0.117486864,
        0.979752,
        -0.1621201
      ],
      [
        -0.9930745,
        0.115918979,
        -0.01912997
      ]
    ],
    "translation": [
      2.00765586,
      1.0273124,
      -0.8261996
    ]
  },
  {
    "timeStamp": 110874,
    "rotation": [
      [
        -0.0420663022,
        0.204576433,
        0.9779462
      ],
      [
        0.105892308,
        0.9742125,
        -0.199240431
      ],
      [
        -0.9934874,
        0.09517568,
        -0.062644586
      ]
    ],
    "translation": [
      2.028888,
      1.04331768,
      -0.8038892
    ]
  },
  {
    "timeStamp": 110929,
    "rotation": [
      [
        -0.121432506,
        0.112036154,
        0.98625654
      ],
      [
        0.175448537,
        0.980387449,
        -0.0897674039
      ],
      [
        -0.9769708,
        0.1621366,
        -0.138707489
      ]
    ],
    "translation": [
      2.057373,
      1.04977977,
      -0.773480237
    ]
  },
  {
    "timeStamp": 110974,
    "rotation": [
      [
        -0.157693624,
        0.165005878,
        0.9736045
      ],
      [
        0.230654791,
        0.9648224,
        -0.1261586
      ],
      [
        -0.9601724,
        0.204672143,
        -0.190205753
      ]
    ],
    "translation": [
      2.08302259,
      1.05084872,
      -0.7482354
    ]
  },
  {
    "timeStamp": 111029,
    "rotation": [
      [
        -0.223749682,
        0.221982926,
        0.949030936
      ],
      [
        0.298179835,
        0.9426208,
        -0.150182754
      ],
      [
        -0.9279143,
        0.249378547,
        -0.277101934
      ]
    ],
    "translation": [
      2.122277,
      1.04965317,
      -0.7213361
    ]
  },
  {
    "timeStamp": 111074,
    "rotation": [
      [
        -0.266604125,
        0.228081733,
        0.9364299
      ],
      [
        0.38388294,
        0.9163308,
        -0.11389377
      ],
      [
        -0.8840566,
        0.3291149,
        -0.331854254
      ]
    ],
    "translation": [
      2.15115571,
      1.04039121,
      -0.7028084
    ]
  },
  {
    "timeStamp": 111139,
    "rotation": [
      [
        -0.245408922,
        0.36059007,
        0.8998607
      ],
      [
        0.43826896,
        0.869237244,
        -0.228794515
      ],
      [
        -0.864693463,
        0.338232815,
        -0.371354
      ]
    ],
    "translation": [
      2.17939615,
      1.02930355,
      -0.6892186
    ]
  },
  {
    "timeStamp": 111171,
    "rotation": [
      [
        -0.293954253,
        0.373927236,
        0.8796416
      ],
      [
        0.497771621,
        0.845541358,
        -0.19308871
      ],
      [
        -0.8159745,
        0.38110137,
        -0.434680849
      ]
    ],
    "translation": [
      2.20128179,
      1.01501727,
      -0.685619235
    ]
  },
  {
    "timeStamp": 111224,
    "rotation": [
      [
        -0.327692717,
        0.403979927,
        0.8540596
      ],
      [
        0.554229,
        0.814289868,
        -0.17251718
      ],
      [
        -0.76514554,
        0.416811973,
        -0.490734279
      ]
    ],
    "translation": [
      2.219709,
      0.9987588,
      -0.686766148
    ]
  },
  {
    "timeStamp": 111280,
    "rotation": [
      [
        -0.351164073,
        0.419426084,
        0.837117434
      ],
      [
        0.5585007,
        0.8114198,
        -0.17226404
      ],
      [
        -0.7515057,
        0.407037735,
        -0.519191265
      ]
    ],
    "translation": [
      2.23121953,
      0.9944501,
      -0.688787639
    ]
  },
  {
    "timeStamp": 111324,
    "rotation": [
      [
        -0.326290518,
        0.4742314,
        0.817703545
      ],
      [
        0.541466236,
        0.8028336,
        -0.2495447
      ],
      [
        -0.7748218,
        0.3613348,
        -0.518737257
      ]
    ],
    "translation": [
      2.238251,
      0.9970387,
      -0.690117538
    ]
  },
  {
    "timeStamp": 111380,
    "rotation": [
      [
        -0.348345041,
        0.4887501,
        0.799861968
      ],
      [
        0.5606802,
        0.792471766,
        -0.240054563
      ],
      [
        -0.7511947,
        0.364844948,
        -0.5500861
      ]
    ],
    "translation": [
      2.251885,
      0.992955565,
      -0.695497036
    ]
  },
  {
    "timeStamp": 111424,
    "rotation": [
      [
        -0.389739364,
        0.450211674,
        0.80337584
      ],
      [
        0.5832028,
        0.795797348,
        -0.163037255
      ],
      [
        -0.712725639,
        0.404988974,
        -0.5727182
      ]
    ],
    "translation": [
      2.26549029,
      0.9897195,
      -0.701060355
    ]
  },
  {
    "timeStamp": 111480,
    "rotation": [
      [
        -0.398835778,
        0.514017463,
        0.759418249
      ],
      [
        0.564219,
        0.790380239,
        -0.2386544
      ],
      [
        -0.7229017,
        0.3332943,
        -0.605250359
      ]
    ],
    "translation": [
      2.284872,
      0.996174335,
      -0.7104703
    ]
  },
  {
    "timeStamp": 111524,
    "rotation": [
      [
        -0.4378291,
        0.521251,
        0.732531965
      ],
      [
        0.5508997,
        0.799440444,
        -0.2395926
      ],
      [
        -0.7105036,
        0.298651,
        -0.637175262
      ]
    ],
    "translation": [
      2.30276728,
      1.001511,
      -0.7200051
    ]
  },
  {
    "timeStamp": 111581,
    "rotation": [
      [
        -0.424415916,
        0.539238334,
        0.7273879
      ],
      [
        0.5924909,
        0.77286154,
        -0.227243274
      ],
      [
        -0.6847084,
        0.334525079,
        -0.647508562
      ]
    ],
    "translation": [
      2.31382084,
      0.9935163,
      -0.7305181
    ]
  },
  {
    "timeStamp": 111626,
    "rotation": [
      [
        -0.417563379,
        0.5701986,
        0.7074704
      ],
      [
        0.6059711,
        0.7549209,
        -0.250785738
      ],
      [
        -0.6770819,
        0.323987722,
        -0.660751164
      ]
    ],
    "translation": [
      2.32461214,
      0.991175532,
      -0.737186849
    ]
  },
  {
    "timeStamp": 111672,
    "rotation": [
      [
        -0.462149858,
        0.57582587,
        0.674419761
      ],
      [
        0.5909964,
        0.766994953,
        -0.2498839
      ],
      [
        -0.661166251,
        0.283095837,
        -0.6947776
      ]
    ],
    "translation": [
      2.34131074,
      0.9946494,
      -0.747927845
    ]
  },
  {
    "timeStamp": 111729,
    "rotation": [
      [
        -0.487869531,
        0.578749061,
        0.6534775
      ],
      [
        0.609844744,
        0.7616003,
        -0.219213068
      ],
      [
        -0.624558032,
        0.291572422,
        -0.7245087
      ]
    ],
    "translation": [
      2.35787463,
      0.9894675,
      -0.7609043
    ]
  },
  {
    "timeStamp": 111776,
    "rotation": [
      [
        -0.465894967,
        0.6035065,
        0.647087157
      ],
      [
        0.6420225,
        0.7338014,
        -0.222132146
      ],
      [
        -0.608891666,
        0.31195423,
        -0.7293391
      ]
    ],
    "translation": [
      2.365372,
      0.9818001,
      -0.768227935
    ]
  },
  {
    "timeStamp": 111824,
    "rotation": [
      [
        -0.447426647,
        0.6358464,
        0.6288949
      ],
      [
        0.6613303,
        0.7086245,
        -0.2459545
      ],
      [
        -0.6020396,
        0.305860639,
        -0.737561941
      ]
    ],
    "translation": [
      2.374748,
      0.975369,
      -0.776684344
    ]
  },
  {
    "timeStamp": 111879,
    "rotation": [
      [
        -0.488975853,
        0.6245313,
        0.608985364
      ],
      [
        0.659937859,
        0.7213968,
        -0.209925056
      ],
      [
        -0.5704249,
        0.299244225,
        -0.7648976
      ]
    ],
    "translation": [
      2.389063,
      0.9739767,
      -0.7872109
    ]
  },
  {
    "timeStamp": 111924,
    "rotation": [
      [
        -0.4472418,
        0.6618598,
        0.6015948
      ],
      [
        0.6786886,
        0.6892149,
        -0.253701866
      ],
      [
        -0.582543135,
        0.294829428,
        -0.7574424
      ]
    ],
    "translation": [
      2.392625,
      0.9684061,
      -0.790734053
    ]
  },
  {
    "timeStamp": 111979,
    "rotation": [
      [
        -0.405016482,
        0.678042352,
        0.6133679
      ],
      [
        0.710808,
        0.6554544,
        -0.25520888
      ],
      [
        -0.5750771,
        0.332623,
        -0.7474277
      ]
    ],
    "translation": [
      2.39468431,
      0.9582271,
      -0.79140687
    ]
  },
  {
    "timeStamp": 112024,
    "rotation": [
      [
        -0.380208135,
        0.688932359,
        0.617101252
      ],
      [
        0.7180489,
        0.6404085,
        -0.272548676
      ],
      [
        -0.58296454,
        0.339483649,
        -0.7381756
      ]
    ],
    "translation": [
      2.39914346,
      0.9534292,
      -0.790815234
    ]
  },
  {
    "timeStamp": 112079,
    "rotation": [
      [
        -0.3868189,
        0.680331051,
        0.6225117
      ],
      [
        0.710111439,
        0.6504319,
        -0.269592464
      ],
      [
        -0.5883136,
        0.33776924,
        -0.734710157
      ]
    ],
    "translation": [
      2.4111042,
      0.95324403,
      -0.787537038
    ]
  },
  {
    "timeStamp": 112124,
    "rotation": [
      [
        -0.39532733,
        0.6604735,
        0.638350248
      ],
      [
        0.7215241,
        0.6533634,
        -0.229170531
      ],
      [
        -0.5684358,
        0.369987726,
        -0.734840035
      ]
    ],
    "translation": [
      2.42303467,
      0.9489565,
      -0.7833186
    ]
  },
  {
    "timeStamp": 112181,
    "rotation": [
      [
        -0.385511816,
        0.649921834,
        0.654967368
      ],
      [
        0.7143133,
        0.6595398,
        -0.234016389
      ],
      [
        -0.584069431,
        0.377635837,
        -0.718508244
      ]
    ],
    "translation": [
      2.43643069,
      0.949661255,
      -0.7702173
    ]
  },
  {
    "timeStamp": 112226,
    "rotation": [
      [
        -0.407647371,
        0.610395551,
        0.6791472
      ],
      [
        0.7398475,
        0.656709,
        -0.1461471
      ],
      [
        -0.535209656,
        0.442888856,
        -0.719305336
      ]
    ],
    "translation": [
      2.44841,
      0.945237041,
      -0.760949254
    ]
  },
  {
    "timeStamp": 112272,
    "rotation": [
      [
        -0.3980144,
        0.5948065,
        0.6984195
      ],
      [
        0.745014966,
        0.6538074,
        -0.132244572
      ],
      [
        -0.535291731,
        0.4676977,
        -0.7033645
      ]
    ],
    "translation": [
      2.45703936,
      0.9467206,
      -0.744173467
    ]
  },
  {
    "timeStamp": 112328,
    "rotation": [
      [
        -0.3961312,
        0.551208556,
        0.73433584
      ],
      [
        0.7531935,
        0.65248245,
        -0.08346379
      ],
      [
        -0.5251472,
        0.520034432,
        -0.673635364
      ]
    ],
    "translation": [
      2.46218252,
      0.9490238,
      -0.7173532
    ]
  },
  {
    "timeStamp": 112373,
    "rotation": [
      [
        -0.365391552,
        0.528159142,
        0.766509533
      ],
      [
        0.757517934,
        0.647271,
        -0.0848932
      ],
      [
        -0.5409765,
        0.549625456,
        -0.6365974
      ]
    ],
    "translation": [
      2.46108723,
      0.9523446,
      -0.6894647
    ]
  },
  {
    "timeStamp": 112429,
    "rotation": [
      [
        -0.3170146,
        0.5035781,
        0.8036858
      ],
      [
        0.7684507,
        0.6330361,
        -0.09353536
      ],
      [
        -0.555864453,
        0.5879408,
        -0.5876566
      ]
    ],
    "translation": [
      2.45381236,
      0.9538103,
      -0.6508144
    ]
  },
  {
    "timeStamp": 112473,
    "rotation": [
      [
        -0.286536455,
        0.469286472,
        0.8352646
      ],
      [
        0.772670269,
        0.628658354,
        -0.0881429
      ],
      [
        -0.5664604,
        0.620128036,
        -0.5427373
      ]
    ],
    "translation": [
      2.44741154,
      0.95522517,
      -0.6194203
    ]
  },
  {
    "timeStamp": 112529,
    "rotation": [
      [
        -0.265245944,
        0.40622133,
        0.874430537
      ],
      [
        0.782049656,
        0.6211001,
        -0.0513118245
      ],
      [
        -0.563952863,
        0.670237839,
        -0.4824296
      ]
    ],
    "translation": [
      2.43712115,
      0.955866754,
      -0.5820817
    ]
  },
  {
    "timeStamp": 112573,
    "rotation": [
      [
        -0.233344391,
        0.375148922,
        0.897114038
      ],
      [
        0.791511357,
        0.6091972,
        -0.0488733053
      ],
      [
        -0.5648541,
        0.698671639,
        -0.439087361
      ]
    ],
    "translation": [
      2.425905,
      0.9539245,
      -0.556939244
    ]
  },
  {
    "timeStamp": 112629,
    "rotation": [
      [
        -0.192024365,
        0.322788119,
        0.9267872
      ],
      [
        0.797922432,
        0.6011485,
        -0.0440479219
      ],
      [
        -0.571354866,
        0.731046,
        -0.372995019
      ]
    ],
    "translation": [
      2.411899,
      0.954238,
      -0.530835569
    ]
  },
  {
    "timeStamp": 112673,
    "rotation": [
      [
        -0.140374526,
        0.30095613,
        0.943249941
      ],
      [
        0.8040483,
        0.5905734,
        -0.06877157
      ],
      [
        -0.5777555,
        0.7487647,
        -0.324884683
      ]
    ],
    "translation": [
      2.40138721,
      0.953125238,
      -0.516421139
    ]
  },
  {
    "timeStamp": 112728,
    "rotation": [
      [
        -0.122049592,
        0.303210229,
        0.9450754
      ],
      [
        0.8068959,
        0.584775,
        -0.08340967
      ],
      [
        -0.5779471,
        0.752397358,
        -0.316030651
      ]
    ],
    "translation": [
      2.40258527,
      0.9516043,
      -0.5107877
    ]
  },
  {
    "timeStamp": 112773,
    "rotation": [
      [
        -0.123447478,
        0.339645177,
        0.932417154
      ],
      [
        0.7903063,
        0.601896167,
        -0.114615887
      ],
      [
        -0.600147069,
        0.7227462,
        -0.34272632
      ]
    ],
    "translation": [
      2.41379738,
      0.9556038,
      -0.512343466
    ]
  },
  {
    "timeStamp": 112829,
    "rotation": [
      [
        -0.1547151,
        0.455683678,
        0.8765932
      ],
      [
        0.7830319,
        0.597597,
        -0.172449812
      ],
      [
        -0.602432,
        0.659719765,
        -0.449272126
      ]
    ],
    "translation": [
      2.44269657,
      0.9576094,
      -0.5270871
    ]
  },
  {
    "timeStamp": 112873,
    "rotation": [
      [
        -0.228858516,
        0.547718465,
        0.804753542
      ],
      [
        0.7881393,
        0.589477539,
        -0.177067056
      ],
      [
        -0.571366966,
        0.5937345,
        -0.5665854
      ]
    ],
    "translation": [
      2.475749,
      0.9546309,
      -0.5489697
    ]
  },
  {
    "timeStamp": 112928,
    "rotation": [
      [
        -0.322413236,
        0.635596,
        0.7014752
      ],
      [
        0.7933874,
        0.5856484,
        -0.165989
      ],
      [
        -0.516319752,
        0.5030246,
        -0.6930947
      ]
    ],
    "translation": [
      2.51389551,
      0.9500039,
      -0.5828553
    ]
  },
  {
    "timeStamp": 112973,
    "rotation": [
      [
        -0.340820938,
        0.659291565,
        0.6702057
      ],
      [
        0.7983819,
        0.5793989,
        -0.163960889
      ],
      [
        -0.496414483,
        0.479198843,
        -0.7238378
      ]
    ],
    "translation": [
      2.53025866,
      0.945608,
      -0.6036156
    ]
  },
  {
    "timeStamp": 113028,
    "rotation": [
      [
        -0.3426542,
        0.682572,
        0.6455103
      ],
      [
        0.8124729,
        0.5602799,
        -0.16116567
      ],
      [
        -0.4716736,
        0.46923548,
        -0.7465535
      ]
    ],
    "translation": [
      2.53843665,
      0.9391923,
      -0.62077117
    ]
  },
  {
    "timeStamp": 113073,
    "rotation": [
      [
        -0.341692269,
        0.642693162,
        0.6857054
      ],
      [
        0.8149544,
        0.566013455,
        -0.124411076
      ],
      [
        -0.468076617,
        0.516308367,
        -0.717168033
      ]
    ],
    "translation": [
      2.53427625,
      0.9364079,
      -0.6220759
    ]
  },
  {
    "timeStamp": 113128,
    "rotation": [
      [
        -0.313643277,
        0.511390448,
        0.8000673
      ],
      [
        0.76796633,
        0.632153451,
        -0.103003547
      ],
      [
        -0.5584403,
        0.582118332,
        -0.591001332
      ]
    ],
    "translation": [
      2.51282048,
      0.9464438,
      -0.6023966
    ]
  },
  {
    "timeStamp": 113173,
    "rotation": [
      [
        -0.236124039,
        0.420326,
        0.876111567
      ],
      [
        0.7374435,
        0.664641559,
        -0.120119393
      ],
      [
        -0.6327895,
        0.6177197,
        -0.466904521
      ]
    ],
    "translation": [
      2.485182,
      0.956578135,
      -0.583467245
    ]
  },
  {
    "timeStamp": 113228,
    "rotation": [
      [
        -0.18284288,
        0.345784366,
        0.920326948
      ],
      [
        0.7228896,
        0.6817395,
        -0.112524837
      ],
      [
        -0.666332543,
        0.644720435,
        -0.374615133
      ]
    ],
    "translation": [
      2.46076751,
      0.962665,
      -0.569498
    ]
  },
  {
    "timeStamp": 113273,
    "rotation": [
      [
        -0.159336343,
        0.33747533,
        0.9277512
      ],
      [
        0.7258127,
        0.6770542,
        -0.121628255
      ],
      [
        -0.6691844,
        0.6539938,
        -0.352823228
      ]
    ],
    "translation": [
      2.451481,
      0.961948454,
      -0.567095637
    ]
  },
  {
    "timeStamp": 113328,
    "rotation": [
      [
        -0.127440318,
        0.485493332,
        0.864901841
      ],
      [
        0.756646633,
        0.611392,
        -0.231701955
      ],
      [
        -0.6412838,
        0.6248968,
        -0.445262879
      ]
    ],
    "translation": [
      2.460288,
      0.953071952,
      -0.5777742
    ]
  },
  {
    "timeStamp": 113373,
    "rotation": [
      [
        -0.185627475,
        0.5943849,
        0.782463431
      ],
      [
        0.7785233,
        0.5748199,
        -0.251959324
      ],
      [
        -0.5995364,
        0.562395453,
        -0.5694449
      ]
    ],
    "translation": [
      2.4857986,
      0.9427887,
      -0.6002786
    ]
  },
  {
    "timeStamp": 113428,
    "rotation": [
      [
        -0.270889,
        0.6883717,
        0.672877
      ],
      [
        0.7905644,
        0.557906032,
        -0.252485275
      ],
      [
        -0.54920584,
        0.4635571,
        -0.6953328
      ]
    ],
    "translation": [
      2.521323,
      0.9309019,
      -0.6378069
    ]
  },
  {
    "timeStamp": 113473,
    "rotation": [
      [
        -0.311400473,
        0.712368131,
        0.6289367
      ],
      [
        0.7851687,
        0.5656974,
        -0.2519854
      ],
      [
        -0.5352942,
        0.415353,
        -0.7354876
      ]
    ],
    "translation": [
      2.53860116,
      0.925254643,
      -0.664464831
    ]
  },
  {
    "timeStamp": 113528,
    "rotation": [
      [
        -0.317847759,
        0.6906784,
        0.6495661
      ],
      [
        0.772782147,
        0.585652351,
        -0.244579226
      ],
      [
        -0.549345553,
        0.424234182,
        -0.719892263
      ]
    ],
    "translation": [
      2.54118419,
      0.923079967,
      -0.6832595
    ]
  },
  {
    "timeStamp": 113573,
    "rotation": [
      [
        -0.314515024,
        0.65385896,
        0.6881488
      ],
      [
        0.7493561,
        0.6160295,
        -0.2428438
      ],
      [
        -0.582705557,
        0.439290434,
        -0.683723748
      ]
    ],
    "translation": [
      2.53494954,
      0.927995145,
      -0.6885856
    ]
  },
  {
    "timeStamp": 113628,
    "rotation": [
      [
        -0.267005354,
        0.581534445,
        0.768456757
      ],
      [
        0.693294764,
        0.6697782,
        -0.265969
      ],
      [
        -0.669365764,
        0.4617519,
        -0.582009137
      ]
    ],
    "translation": [
      2.50914073,
      0.942947149,
      -0.6869164
    ]
  },
  {
    "timeStamp": 113673,
    "rotation": [
      [
        -0.2073554,
        0.5357612,
        0.818513155
      ],
      [
        0.6133122,
        0.7230414,
        -0.3178983
      ],
      [
        -0.762136459,
        0.436086118,
        -0.4785154
      ]
    ],
    "translation": [
      2.47813153,
      0.964124,
      -0.687402368
    ]
  },
  {
    "timeStamp": 113728,
    "rotation": [
      [
        -0.137715012,
        0.4099342,
        0.9016587
      ],
      [
        0.495385528,
        0.8167988,
        -0.295690328
      ],
      [
        -0.8576874,
        0.405947715,
        -0.315560937
      ]
    ],
    "translation": [
      2.42579,
      0.992828965,
      -0.69880724
    ]
  },
  {
    "timeStamp": 113773,
    "rotation": [
      [
        -0.0674691349,
        0.363951981,
        0.9289709
      ],
      [
        0.425131142,
        0.852823257,
        -0.303242534
      ],
      [
        -0.90261364,
        0.3744749,
        -0.212266564
      ]
    ],
    "translation": [
      2.37867928,
      1.00900877,
      -0.718326569
    ]
  },
  {
    "timeStamp": 113828,
    "rotation": [
      [
        -0.0136042694,
        0.240384951,
        0.970582247
      ],
      [
        0.348727643,
        0.9108663,
        -0.220707059
      ],
      [
        -0.9371254,
        0.335466325,
        -0.0962205455
      ]
    ],
    "translation": [
      2.32013535,
      1.02048171,
      -0.7479018
    ]
  },
  {
    "timeStamp": 113873,
    "rotation": [
      [
        -0.00381078175,
        0.1587046,
        0.987318754
      ],
      [
        0.35553354,
        0.923031569,
        -0.146998614
      ],
      [
        -0.9346558,
        0.350464761,
        -0.05994228
      ]
    ],
    "translation": [
      2.28018236,
      1.01466417,
      -0.7696882
    ]
  },
  {
    "timeStamp": 113938,
    "rotation": [
      [
        0.00305856415,
        0.052088514,
        0.998637855
      ],
      [
        0.3657496,
        0.9293909,
        -0.0495968163
      ],
      [
        -0.930708349,
        0.365403056,
        -0.0162087511
      ]
    ],
    "translation": [
      2.24104834,
      1.00745332,
      -0.7909962
    ]
  },
  {
    "timeStamp": 113978,
    "rotation": [
      [
        0.0318089128,
        0.0142432442,
        0.9993925
      ],
      [
        0.375948429,
        0.926298738,
        -0.0251673013
      ],
      [
        -0.9260945,
        0.376520574,
        0.0241098329
      ]
    ],
    "translation": [
      2.21061254,
      1.00368452,
      -0.807237744
    ]
  },
  {
    "timeStamp": 114023,
    "rotation": [
      [
        0.0512484238,
        -0.0259336215,
        0.9983492
      ],
      [
        0.389571726,
        0.9209878,
        0.00392609229
      ],
      [
        -0.9195692,
        0.388727427,
        0.057302177
      ]
    ],
    "translation": [
      2.1939,
      1.001852,
      -0.816207767
    ]
  },
  {
    "timeStamp": 114088,
    "rotation": [
      [
        0.05318725,
        -0.0663486943,
        0.9963779
      ],
      [
        0.3928121,
        0.918739259,
        0.0402101949
      ],
      [
        -0.9180794,
        0.389250636,
        0.0749277845
      ]
    ],
    "translation": [
      2.18122983,
      1.00364029,
      -0.8226204
    ]
  },
  {
    "timeStamp": 114123,
    "rotation": [
      [
        0.08567068,
        -0.09204857,
        0.9920623
      ],
      [
        0.397845447,
        0.9160539,
        0.0506397225
      ],
      [
        -0.9134438,
        0.3903491,
        0.115100056
      ]
    ],
    "translation": [
      2.173278,
      1.00651538,
      -0.825425565
    ]
  },
  {
    "timeStamp": 114178,
    "rotation": [
      [
        0.108114615,
        -0.114240162,
        0.987552762
      ],
      [
        0.411318481,
        0.9095028,
        0.0601812974
      ],
      [
        -0.9050571,
        0.3996922,
        0.145319641
      ]
    ],
    "translation": [
      2.16892242,
      1.008444,
      -0.825116932
    ]
  },
  {
    "timeStamp": 114223,
    "rotation": [
      [
        0.13402918,
        -0.160341278,
        0.9779197
      ],
      [
        0.4487199,
        0.8896805,
        0.08437396
      ],
      [
        -0.8835647,
        0.427503437,
        0.19119148
      ]
    ],
    "translation": [
      2.16663361,
      1.00305378,
      -0.823654354
    ]
  },
  {
    "timeStamp": 114278,
    "rotation": [
      [
        0.20446302,
        -0.171297356,
        0.9637697
      ],
      [
        0.488119572,
        0.8712677,
        0.05130214
      ],
      [
        -0.848489344,
        0.45994547,
        0.261755615
      ]
    ],
    "translation": [
      2.163589,
      0.9955926,
      -0.819811344
    ]
  },
  {
    "timeStamp": 114323,
    "rotation": [
      [
        0.255332947,
        -0.1915168,
        0.9476953
      ],
      [
        0.514902949,
        0.856559157,
        0.03437158
      ],
      [
        -0.8183398,
        0.47919488,
        0.317320347
      ]
    ],
    "translation": [
      2.16467237,
      0.987323,
      -0.815681338
    ]
  },
  {
    "timeStamp": 114378,
    "rotation": [
      [
        0.371852338,
        -0.154394031,
        0.9153624
      ],
      [
        0.525547862,
        0.8478387,
        -0.0704911649
      ],
      [
        -0.765196264,
        0.507279038,
        0.396412253
      ]
    ],
    "translation": [
      2.165735,
      0.981632531,
      -0.8106321
    ]
  },
  {
    "timeStamp": 114423,
    "rotation": [
      [
        0.49701947,
        -0.0882651061,
        0.863238633
      ],
      [
        0.497326672,
        0.8441899,
        -0.2000241
      ],
      [
        -0.71108216,
        0.5287275,
