[
  {
    "timeStamp": 133777,
    "rotation": [
      [
        0.9297598,
        0.368025839,
        -0.010184628
      ],
      [
        0.0105617605,
        0.0009894811,
        0.999943733
      ],
      [
        0.36801523,
        -0.929815054,
        -0.002967021
      ]
    ],
    "translation": [
      1.91726279,
      0.7048246,
      -0.772294641
    ]
  },
  {
    "timeStamp": 133833,
    "rotation": [
      [
        0.930303156,
        0.366774231,
        0.00356374145
      ],
      [
        0.00184214255,
        -0.0143879177,
        0.9998948
      ],
      [
        0.366786927,
        -0.930198669,
        -0.0140607757
      ]
    ],
    "translation": [
      1.91736746,
      0.7057378,
      -0.7722488
    ]
  },
  {
    "timeStamp": 133877,
    "rotation": [
      [
        0.930320144,
        0.366704732,
        -0.00566497957
      ],
      [
        0.00700069871,
        -0.00231266464,
        0.9999728
      ],
      [
        0.366681665,
        -0.9303345,
        -0.004718708
      ]
    ],
    "translation": [
      1.917295,
      0.7049037,
      -0.772258461
    ]
  },
  {
    "timeStamp": 133923,
    "rotation": [
      [
        0.930391431,
        0.366559654,
        0.00239119167
      ],
      [
        -0.001702607,
        -0.0022018007,
        0.9999961
      ],
      [
        0.3665635,
        -0.9303919,
        -0.00142442936
      ]
    ],
    "translation": [
      1.91735733,
      0.7047958,
      -0.772193849
    ]
  },
  {
    "timeStamp": 133977,
    "rotation": [
      [
        0.9302914,
        0.366765022,
        0.00642402656
      ],
      [
        -0.00377264619,
        -0.007945462,
        0.9999613
      ],
      [
        0.3668019,
        -0.9302797,
        -0.00600792048
      ]
    ],
    "translation": [
      1.91739285,
      0.7047156,
      -0.7722606
    ]
  },
  {
    "timeStamp": 134033,
    "rotation": [
      [
        0.931013942,
        0.364145547,
        0.0247202739
      ],
      [
        -0.0117152575,
        -0.03787982,
        0.999213636
      ],
      [
        0.3647956,
        -0.930571437,
        -0.0310005788
      ]
    ],
    "translation": [
      1.91801226,
      0.706625164,
      -0.7733506
    ]
  },
  {
    "timeStamp": 134077,
    "rotation": [
      [
        0.9533272,
        0.300848335,
        0.0256442223
      ],
      [
        -0.018896997,
        -0.02531642,
        0.9995009
      ],
      [
        0.3013474,
        -0.953335941,
        -0.0184497
      ]
    ],
    "translation": [
      1.92533338,
      0.712980151,
      -0.781806
    ]
  },
  {
    "timeStamp": 134132,
    "rotation": [
      [
        0.9582262,
        0.281995326,
        0.04776148
      ],
      [
        -0.0428734943,
        -0.0234822165,
        0.9988045
      ],
      [
        0.282779753,
        -0.9591284,
        -0.0104111508
      ]
    ],
    "translation": [
      1.92599261,
      0.733926058,
      -0.794721246
    ]
  },
  {
    "timeStamp": 134177,
    "rotation": [
      [
        0.9590585,
        0.277802944,
        0.05506606
      ],
      [
        -0.0551707745,
        -0.00744649628,
        0.998449147
      ],
      [
        0.277782172,
        -0.9606092,
        0.008184979
      ]
    ],
    "translation": [
      1.92584693,
      0.756459,
      -0.807403445
    ]
  },
  {
    "timeStamp": 134232,
    "rotation": [
      [
        0.9563877,
        0.285839528,
        0.060152296
      ],
      [
        -0.0739641,
        0.0377618968,
        0.996545732
      ],
      [
        0.282580733,
        -0.9575332,
        0.0572568774
      ]
    ],
    "translation": [
      1.923616,
      0.792769432,
      -0.823350668
    ]
  },
  {
    "timeStamp": 134277,
    "rotation": [
      [
        0.9479003,
        0.3146539,
        0.0497792549
      ],
      [
        -0.07795159,
        0.07758703,
        0.9939335
      ],
      [
        0.308882833,
        -0.9460302,
        0.09807254
      ]
    ],
    "translation": [
      1.92106616,
      0.8261465,
      -0.8360536
    ]
  },
  {
    "timeStamp": 134332,
    "rotation": [
      [
        0.933481336,
        0.349965245,
        0.07833883
      ],
      [
        -0.13548784,
        0.141897023,
        0.9805653
      ],
      [
        0.332047731,
        -0.9259533,
        0.179874256
      ]
    ],
    "translation": [
      1.918767,
      0.8734208,
      -0.849902332
    ]
  },
  {
    "timeStamp": 134377,
    "rotation": [
      [
        0.9277487,
        0.3638904,
        0.08286216
      ],
      [
        -0.163451761,
        0.1965803,
        0.966767669
      ],
      [
        0.3355084,
        -0.910461366,
        0.241855651
      ]
    ],
    "translation": [
      1.92462587,
      0.9077708,
      -0.858442843
    ]
  },
  {
    "timeStamp": 134432,
    "rotation": [
      [
        0.9047241,
        0.3979914,
        0.151911452
      ],
      [
        -0.26456967,
        0.245454937,
        0.932606459
      ],
      [
        0.3338819,
        -0.8839427,
        0.327365458
      ]
    ],
    "translation": [
      1.93021774,
      0.9569571,
      -0.87066555
    ]
  },
  {
    "timeStamp": 134477,
    "rotation": [
      [
        0.8949732,
        0.4149369,
        0.1638605
      ],
      [
        -0.303363174,
        0.296737581,
        0.905493
      ],
      [
        0.3270989,
        -0.8601013,
        0.391448766
      ]
    ],
    "translation": [
      1.93922973,
      0.9883404,
      -0.879896343
    ]
  },
  {
    "timeStamp": 134533,
    "rotation": [
      [
        0.906497538,
        0.381944269,
        0.1799464
      ],
      [
        -0.3190571,
        0.340556979,
        0.884434
      ],
      [
        0.2765225,
        -0.8591504,
        0.430576116
      ]
    ],
    "translation": [
      1.95548415,
      1.02116489,
      -0.8850939
    ]
  },
  {
    "timeStamp": 134577,
    "rotation": [
      [
        0.8951871,
        0.372332633,
        0.244966328
      ],
      [
        -0.385708541,
        0.37180388,
        0.8443878
      ],
      [
        0.2233137,
        -0.8503707,
        0.4764459
      ]
    ],
    "translation": [
      1.9628917,
      1.04560459,
      -0.8899746
    ]
  },
  {
    "timeStamp": 134632,
    "rotation": [
      [
        0.8817036,
        0.329357177,
        0.3378203
      ],
      [
        -0.455358148,
        0.406648159,
        0.792014062
      ],
      [
        0.123481534,
        -0.852150857,
        0.508518636
      ]
    ],
    "translation": [
      1.97453046,
      1.06809759,
      -0.8906734
    ]
  },
  {
    "timeStamp": 134677,
    "rotation": [
      [
        0.847676039,
        0.296517432,
        0.43991223
      ],
      [
        -0.530207753,
        0.445330173,
        0.721499
      ],
      [
        0.0180308614,
        -0.844842255,
        0.53471154
      ]
    ],
    "translation": [
      1.97917986,
      1.08179164,
      -0.8910799
    ]
  },
  {
    "timeStamp": 134732,
    "rotation": [
      [
        0.772173941,
        0.2778077,
        0.5714632
      ],
      [
        -0.629868448,
        0.45318833,
        0.6307821
      ],
      [
        -0.08374434,
        -0.8470202,
        0.5249225
      ]
    ],
    "translation": [
      1.9809866,
      1.09664047,
      -0.888541758
    ]
  },
  {
    "timeStamp": 134777,
    "rotation": [
      [
        0.7193644,
        0.262761861,
        0.6430171
      ],
      [
        -0.673642,
        0.489741057,
        0.553498149
      ],
      [
        -0.169473678,
        -0.8313302,
        0.5293097
      ]
    ],
    "translation": [
      1.98260379,
      1.09957218,
      -0.886958063
    ]
  },
  {
    "timeStamp": 134832,
    "rotation": [
      [
        0.703308761,
        0.233723626,
        0.671364367
      ],
      [
        -0.6689986,
        0.536994,
        0.5138855
      ],
      [
        -0.240411431,
        -0.810562,
        0.534033358
      ]
    ],
    "translation": [
      1.98777521,
      1.09679019,
      -0.8836492
    ]
  },
  {
    "timeStamp": 134877,
    "rotation": [
      [
        0.7361018,
        0.21446541,
        0.641995847
      ],
      [
        -0.62359643,
        0.583708465,
        0.5200114
      ],
      [
        -0.263213962,
        -0.783127666,
        0.563408732
      ]
    ],
    "translation": [
      1.99456584,
      1.09101534,
      -0.8823312
    ]
  },
  {
    "timeStamp": 134932,
    "rotation": [
      [
        0.7859747,
        0.168135971,
        0.594957232
      ],
      [
        -0.5489948,
        0.6323697,
        0.5465467
      ],
      [
        -0.284338772,
        -0.7562003,
        0.589332342
      ]
    ],
    "translation": [
      2.00963616,
      1.08599746,
      -0.8771101
    ]
  },
  {
    "timeStamp": 134977,
    "rotation": [
      [
        0.754867852,
        0.1621504,
        0.635516942
      ],
      [
        -0.5570687,
        0.6699544,
        0.490749925
      ],
      [
        -0.3461921,
        -0.724477947,
        0.596056
      ]
    ],
    "translation": [
      2.02107763,
      1.0879246,
      -0.87140584
    ]
  },
  {
    "timeStamp": 135032,
    "rotation": [
      [
        0.6781924,
        0.142323524,
        0.720971048
      ],
      [
        -0.5919628,
        0.687152,
        0.421191365
      ],
      [
        -0.435471237,
        -0.7124368,
        0.550271451
      ]
    ],
    "translation": [
      2.03394365,
      1.09452784,
      -0.8575086
    ]
  },
  {
    "timeStamp": 135076,
    "rotation": [
      [
        0.595305562,
        0.114345789,
        0.7953215
      ],
      [
        -0.6147583,
        0.702174246,
        0.3591986
      ],
      [
        -0.5173814,
        -0.702763438,
        0.488303244
      ]
    ],
    "translation": [
      2.04251,
      1.09793007,
      -0.8461321
    ]
  },
  {
    "timeStamp": 135132,
    "rotation": [
      [
        0.5098224,
        0.06486241,
        0.857830942
      ],
      [
        -0.626852036,
        0.710934341,
        0.3187928
      ],
      [
        -0.589183867,
        -0.7002608,
        0.403109431
      ]
    ],
    "translation": [
      2.048281,
      1.09557092,
      -0.830532432
    ]
  },
  {
    "timeStamp": 135176,
    "rotation": [
      [
        0.406681418,
        0.0147921937,
        0.9134503
      ],
      [
        -0.638264,
        0.719972134,
        0.2725054
      ],
      [
        -0.6536278,
        -0.6938453,
        0.3022406
      ]
    ],
    "translation": [
      2.04948115,
      1.09008753,
      -0.8149256
    ]
  },
  {
    "timeStamp": 135232,
    "rotation": [
      [
        0.297499031,
        -0.0121897263,
        0.9546443
      ],
      [
        -0.6652001,
        0.71461165,
        0.216423333
      ],
      [
        -0.684838057,
        -0.6994152,
        0.204487652
      ]
    ],
    "translation": [
      2.04503512,
      1.07994819,
      -0.794200838
    ]
  },
  {
    "timeStamp": 135277,
    "rotation": [
      [
        0.246672153,
        -0.0171892475,
        0.9689466
      ],
      [
        -0.65781486,
        0.7312469,
        0.180437386
      ],
      [
        -0.7116407,
        -0.681896269,
        0.1690709
      ]
    ],
    "translation": [
      2.039488,
      1.0655849,
      -0.7793608
    ]
  },
  {
    "timeStamp": 135332,
    "rotation": [
      [
        0.191996008,
        -0.0168984588,
        0.981250167
      ],
      [
        -0.6545832,
        0.7427493,
        0.14086996
      ],
      [
        -0.7312034,
        -0.6693564,
        0.131543443
      ]
    ],
    "translation": [
      2.03442359,
      1.05066192,
      -0.7574476
    ]
  },
  {
    "timeStamp": 135377,
    "rotation": [
      [
        0.141346008,
        -0.00403533038,
        0.989952
      ],
      [
        -0.6518876,
        0.752196133,
        0.09614311
      ],
      [
        -0.745026052,
        -0.658926845,
        0.103689343
      ]
    ],
    "translation": [
      2.03490663,
      1.03946877,
      -0.7426502
    ]
  },
  {
    "timeStamp": 135432,
    "rotation": [
      [
        0.126019686,
        -0.0265436135,
        0.9916726
      ],
      [
        -0.6372439,
        0.763958454,
        0.101428136
      ],
      [
        -0.7602889,
        -0.6447192,
        0.0793590546
      ]
    ],
    "translation": [
      2.039108,
      1.02770126,
      -0.723727643
    ]
  },
  {
    "timeStamp": 135477,
    "rotation": [
      [
        0.09174462,
        -0.01000253,
        0.9957323
      ],
      [
        -0.6391782,
        0.766170442,
        0.06658898
      ],
      [
        -0.7635667,
        -0.6425596,
        0.0638986155
      ]
    ],
    "translation": [
      2.041917,
      1.02201736,
      -0.7115107
    ]
  },
  {
    "timeStamp": 135532,
    "rotation": [
      [
        0.09164381,
        -0.023227727,
        0.995520949
      ],
      [
        -0.6144506,
        0.78539294,
        0.07488892
      ],
      [
        -0.783614635,
        -0.6185615,
        0.0577041171
      ]
    ],
    "translation": [
      2.047205,
      1.011997,
      -0.7010161
    ]
  },
  {
    "timeStamp": 135576,
    "rotation": [
      [
        0.0959456041,
        -0.0101014813,
        0.99533534
      ],
      [
        -0.594257534,
        0.8016098,
        0.065419
      ],
      [
        -0.7985314,
        -0.5977622,
        0.0709080547
      ]
    ],
    "translation": [
      2.049586,
      1.00571978,
      -0.694104552
    ]
  },
  {
    "timeStamp": 135632,
    "rotation": [
      [
        0.106658429,
        -0.0143329827,
        0.994192362
      ],
      [
        -0.559253335,
        0.8258726,
        0.07190389
      ],
      [
        -0.822106838,
        -0.563674569,
        0.0800705
      ]
    ],
    "translation": [
      2.058394,
      0.9966996,
      -0.685318649
    ]
  },
  {
    "timeStamp": 135676,
    "rotation": [
      [
        0.107071429,
        -0.0205320753,
        0.9940393
      ],
      [
        -0.535341442,
        0.8412957,
        0.07504061
      ],
      [
        -0.8378218,
        -0.540185153,
        0.0790870562
      ]
    ],
    "translation": [
      2.068719,
      0.9910488,
      -0.677126169
    ]
  },
  {
    "timeStamp": 135732,
    "rotation": [
      [
        0.108420625,
        -0.025018217,
        0.9937902
      ],
      [
        -0.4918731,
        0.867387354,
        0.0754985
      ],
      [
        -0.863889933,
        -0.4970043,
        0.081736885
      ]
    ],
    "translation": [
      2.08096361,
      0.981752038,
      -0.6687141
    ]
  },
  {
    "timeStamp": 135776,
    "rotation": [
      [
        0.103872471,
        -0.00248207338,
        0.994587541
      ],
      [
        -0.466260672,
        0.88318187,
        0.0508992635
      ],
      [
        -0.878528,
        -0.4690241,
        0.09058099
      ]
    ],
    "translation": [
      2.08321857,
      0.980050743,
      -0.6621203
    ]
  },
  {
    "timeStamp": 135832,
    "rotation": [
      [
        0.08807525,
        0.0146514764,
        0.9960061
      ],
      [
        -0.431648254,
        0.9016981,
        0.0249057915
      ],
      [
        -0.8977319,
        -0.43211785,
        0.08574157
      ]
    ],
    "translation": [
      2.08440351,
      0.979109466,
      -0.651911139
    ]
  },
  {
    "timeStamp": 135876,
    "rotation": [
      [
        0.06133814,
        0.00666440558,
        0.9980948
      ],
      [
        -0.4121302,
        0.9109217,
        0.0192452148
      ],
      [
        -0.909058,
        -0.412525475,
        0.0586208478
      ]
    ],
    "translation": [
      2.084972,
      0.979236066,
      -0.6429929
    ]
  },
  {
    "timeStamp": 135932,
    "rotation": [
      [
        0.0279371981,
        -0.01159048,
        0.9995425
      ],
      [
        -0.38646,
        0.922055662,
        0.0214935113
      ],
      [
        -0.9218829,
        -0.386883676,
        0.0212803949
      ]
    ],
    "translation": [
      2.085554,
      0.9788699,
      -0.6323506
    ]
  },
  {
    "timeStamp": 135976,
    "rotation": [
      [
        -0.0106139071,
        -0.0226409584,
        0.9996873
      ],
      [
        -0.372252256,
        0.9279747,
        0.0170645211
      ],
      [
        -0.9280709,
        -0.371954739,
        -0.0182775855
      ]
    ],
    "translation": [
      2.08627558,
      0.9799885,
      -0.622491
    ]
  },
  {
    "timeStamp": 136032,
    "rotation": [
      [
        -0.03218791,
        -0.0536943041,
        0.9980385
      ],
      [
        -0.342302769,
        0.9387605,
        0.03946549
      ],
      [
        -0.9390383,
        -0.340361029,
        -0.0485964455
      ]
    ],
    "translation": [
      2.08468342,
      0.9753686,
      -0.6128704
    ]
  },
  {
    "timeStamp": 136076,
    "rotation": [
      [
        -0.02256077,
        -0.08061527,
        0.9964899
      ],
      [
        -0.3122202,
        0.947458267,
        0.06957991
      ],
      [
        -0.94974184,
        -0.309554517,
        -0.0465451032
      ]
    ],
    "translation": [
      2.08207035,
      0.9689493,
      -0.610091
    ]
  },
  {
    "timeStamp": 136132,
    "rotation": [
      [
        -0.0211864989,
        -0.103172585,
        0.9944378
      ],
      [
        -0.2788067,
        0.9558116,
        0.09322516
      ],
      [
        -0.960113466,
        -0.2752808,
        -0.04901551
      ]
    ],
    "translation": [
      2.07976723,
      0.964047,
      -0.60603565
    ]
  },
  {
    "timeStamp": 136176,
    "rotation": [
      [
        -0.024762176,
        -0.09908762,
        0.9947706
      ],
      [
        -0.248179615,
        0.9645337,
        0.089898
      ],
      [
        -0.968397439,
        -0.2446557,
        -0.04847548
      ]
    ],
    "translation": [
      2.07958341,
      0.9648541,
      -0.6030193
    ]
  },
  {
    "timeStamp": 136232,
    "rotation": [
      [
        -0.0251014717,
        -0.0653118044,
        0.9975491
      ],
      [
        -0.222736984,
        0.9731452,
        0.0581092574
      ],
      [
        -0.9745553,
        -0.22073245,
        -0.03897473
      ]
    ],
    "translation": [
      2.081451,
      0.96910584,
      -0.601230264
    ]
  },
  {
    "timeStamp": 136276,
    "rotation": [
      [
        0.189871162,
        0.03127633,
        0.9813107
      ],
      [
        -0.399678767,
        0.915389359,
        0.04815748
      ],
      [
        -0.896775246,
        -0.401352763,
        0.186306536
      ]
    ],
    "translation": [
      2.07503629,
      0.9742558,
      -0.613504648
    ]
  },
  {
    "timeStamp": 136331,
    "rotation": [
      [
        0.212086558,
        0.0684707537,
        0.9748493
      ],
      [
        -0.4483402,
        0.893185139,
        0.0348052457
      ],
      [
        -0.86833775,
        -0.444445819,
        0.220130742
      ]
    ],
    "translation": [
      2.07420158,
      0.9841624,
      -0.6130876
    ]
  },
  {
    "timeStamp": 136376,
    "rotation": [
      [
        0.21913971,
        0.0660190955,
        0.9734574
      ],
      [
        -0.456796944,
        0.888551831,
        0.0425709
      ],
      [
        -0.8621568,
        -0.4540013,
        0.2248743
      ]
    ],
    "translation": [
      2.074953,
      0.988985956,
      -0.611233234
    ]
  },
  {
    "timeStamp": 136431,
    "rotation": [
      [
        0.227490664,
        0.056942068,
        0.972113967
      ],
      [
        -0.455138147,
        0.888754368,
        0.0544505753
      ],
      [
        -0.860870063,
        -0.45483315,
        0.228099838
      ]
    ],
    "translation": [
      2.07653785,
      0.992312849,
      -0.612819731
    ]
  },
  {
    "timeStamp": 136476,
    "rotation": [
      [
        0.226659432,
        0.05400508,
        0.9724757
      ],
      [
        -0.453148,
        0.889661252,
        0.05621122
      ],
      [
        -0.8621383,
        -0.4534162,
        0.226122439
      ]
    ],
    "translation": [
      2.077393,
      0.994801462,
      -0.613596
    ]
  },
  {
    "timeStamp": 136532,
    "rotation": [
      [
        0.213776842,
        0.0513228923,
        0.975533366
      ],
      [
        -0.454963833,
        0.8889353,
        0.0529330857
      ],
      [
        -0.864469469,
        -0.45514828,
        0.213383839
      ]
    ],
    "translation": [
      2.07706285,
      0.996543348,
      -0.613534749
    ]
  },
  {
    "timeStamp": 136576,
    "rotation": [
      [
        0.189398363,
        0.04098007,
        0.981044769
      ],
      [
        -0.4481196,
        0.8926172,
        0.04922671
      ],
      [
        -0.8736802,
        -0.44894886,
        0.187424228
      ]
    ],
    "translation": [
      2.07740426,
      0.9959226,
      -0.61360383
    ]
  },
  {
    "timeStamp": 136631,
    "rotation": [
      [
        0.1531852,
        0.0411471,
        0.9873405
      ],
      [
        -0.444362879,
        0.8952883,
        0.0316317379
      ],
      [
        -0.8826528,
        -0.443582982,
        0.155429155
      ]
    ],
    "translation": [
      2.07566142,
      0.9952538,
      -0.6116002
    ]
  },
  {
    "timeStamp": 136676,
    "rotation": [
      [
        0.115335353,
        0.03934521,
        0.9925471
      ],
      [
        -0.434997469,
        0.900309,
        0.0148584777
      ],
      [
        -0.8930145,
        -0.433469146,
        0.120952539
      ]
    ],
    "translation": [
      2.07388139,
      0.993984759,
      -0.6096022
    ]
  },
  {
    "timeStamp": 136731,
    "rotation": [
      [
        0.07185595,
        0.0413199626,
        0.996558845
      ],
      [
        -0.420618355,
        0.907208443,
        -0.007286966
      ],
      [
        -0.904387653,
        -0.4186473,
        0.08256826
      ]
    ],
    "translation": [
      2.06968021,
      0.994313955,
      -0.6052445
    ]
  },
  {
    "timeStamp": 136776,
    "rotation": [
      [
        0.03146184,
        0.04229872,
        0.9986095
      ],
      [
        -0.395233452,
        0.9182001,
        -0.02644068
      ],
      [
        -0.918041766,
        -0.393852025,
        0.04560613
      ]
    ],
    "translation": [
      2.06869435,
      0.994045854,
      -0.601679564
    ]
  },
  {
    "timeStamp": 136831,
    "rotation": [
      [
        -0.003787044,
        0.06433556,
        0.9979211
      ],
      [
        -0.359771639,
        0.93101877,
        -0.0613877028
      ],
      [
        -0.9330327,
        -0.3592562,
        0.0196203012
      ]
    ],
    "translation": [
      2.06471181,
      0.993760467,
      -0.596084356
    ]
  },
  {
    "timeStamp": 136876,
    "rotation": [
      [
        -0.0286894552,
        0.07526259,
        0.996750951
      ],
      [
        -0.321444541,
        0.943501055,
        -0.08049393
      ],
      [
        -0.9464937,
        -0.322709471,
        -0.00287578115
      ]
    ],
    "translation": [
      2.06526065,
      0.993256569,
      -0.5919359
    ]
  },
  {
    "timeStamp": 136931,
    "rotation": [
      [
        -0.03574016,
        0.0964151844,
        0.9946993
      ],
      [
        -0.279191166,
        0.9547413,
        -0.1025736
      ],
      [
        -0.959570169,
        -0.281377256,
        -0.00720433937
      ]
    ],
    "translation": [
      2.06629062,
      0.9923606,
      -0.587325454
    ]
  },
  {
    "timeStamp": 136975,
    "rotation": [
      [
        -0.0321055651,
        0.109216116,
        0.993499458
      ],
      [
        -0.249015346,
        0.9617931,
        -0.113777712
      ],
      [
        -0.9679672,
        -0.2510495,
        -0.00368242129
      ]
    ],
    "translation": [
      2.06554461,
      0.9919926,
      -0.5843136
    ]
  },
  {
    "timeStamp": 137031,
    "rotation": [
      [
        -0.0134750074,
        0.106249236,
        0.9942482
      ],
      [
        -0.22275649,
        0.969031334,
        -0.106573462
      ],
      [
        -0.974781036,
        -0.222911313,
        0.0106100021
      ]
    ],
    "translation": [
      2.064464,
      0.99156,
      -0.581449747
    ]
  },
  {
    "timeStamp": 137076,
    "rotation": [
      [
        -0.00159349944,
        0.0452053137,
        0.998976469
      ],
      [
        -0.24923043,
        0.9674362,
        -0.0441756174
      ],
      [
        -0.9684429,
        -0.24904573,
        0.00972493
      ]
    ],
    "translation": [
      2.060316,
      0.981403947,
      -0.580046833
    ]
  },
  {
    "timeStamp": 137132,
    "rotation": [
      [
        0.0307778,
        -0.0671698749,
        0.997266769
      ],
      [
        -0.3036822,
        0.9499454,
        0.07335488
      ],
      [
        -0.9522762,
        -0.305109829,
        0.008838935
      ]
    ],
    "translation": [
      2.075472,
      0.9753748,
      -0.568590641
    ]
  },
  {
    "timeStamp": 137176,
    "rotation": [
      [
        0.03137874,
        -0.07640005,
        0.996583343
      ],
      [
        -0.3036969,
        0.949204862,
        0.08233022
      ],
      [
        -0.9522518,
        -0.3052427,
        0.00658239564
      ]
    ],
    "translation": [
      2.07879019,
      0.9768671,
      -0.56758523
    ]
  },
  {
    "timeStamp": 137231,
    "rotation": [
      [
        0.03658424,
        -0.0951236561,
        0.994793057
      ],
      [
        -0.301132768,
        0.9481396,
        0.101736955
      ],
      [
        -0.9528802,
        -0.303286731,
        0.006042118
      ]
    ],
    "translation": [
      2.08363748,
      0.978520632,
      -0.567651033
    ]
  },
  {
    "timeStamp": 137276,
    "rotation": [
      [
        0.0371155478,
        -0.0943671539,
        0.994845331
      ],
      [
        -0.303937346,
        0.947302163,
        0.101196639
      ],
      [
        -0.9519688,
        -0.306126624,
        0.00647793338
      ]
    ],
    "translation": [
      2.08636355,
      0.9802056,
      -0.5677363
    ]
  },
  {
    "timeStamp": 137331,
    "rotation": [
      [
        0.0454525352,
        -0.10067331,
        0.993880749
      ],
      [
        -0.303103328,
        0.946617067,
        0.109747455
      ],
      [
        -0.9518731,
        -0.306236863,
        0.01251173
      ]
    ],
    "translation": [
      2.087893,
      0.9798492,
      -0.5675424
    ]
  },
  {
    "timeStamp": 137375,
    "rotation": [
      [
        0.0426036753,
        -0.10184665,
        0.9938874
      ],
      [
        -0.297645241,
        0.9483255,
        0.109936558
      ],
      [
        -0.953725457,
        -0.300509542,
        0.010087979
      ]
    ],
    "translation": [
      2.08783674,
      0.9779328,
      -0.5681384
    ]
  },
  {
    "timeStamp": 137431,
    "rotation": [
      [
        0.035304714,
        -0.0886030048,
        0.995441139
      ],
      [
        -0.292054743,
        0.9516653,
        0.0950647
      ],
      [
        -0.95574975,
        -0.294079542,
        0.007721341
      ]
    ],
    "translation": [
      2.08312869,
      0.9761053,
      -0.567949533
    ]
  },
  {
    "timeStamp": 137476,
    "rotation": [
      [
        0.0380747467,
        -0.087338835,
        0.995450854
      ],
      [
        -0.290278256,
        0.9522498,
        0.0946512446
      ],
      [
        -0.956184566,
        -0.292561531,
        0.0109041082
      ]
    ],
    "translation": [
      2.080512,
      0.978228748,
      -0.566748
    ]
  },
  {
    "timeStamp": 137531,
    "rotation": [
      [
        0.038381584,
        -0.0859631747,
        0.9955587
      ],
      [
        -0.284313,
        0.954175949,
        0.09335097
      ],
      [
        -0.95796293,
        -0.286633223,
        0.0121823382
      ]
    ],
    "translation": [
      2.075085,
      0.9791942,
      -0.565299451
    ]
  },
  {
    "timeStamp": 137575,
    "rotation": [
      [
        0.0403314643,
        -0.08720369,
        0.9953737
      ],
      [
        -0.275825351,
        0.956504166,
        0.09497451
      ],
      [
        -0.960361242,
        -0.278379768,
        0.014524227
      ]
    ],
    "translation": [
      2.070488,
      0.979552031,
      -0.563115358
    ]
  },
  {
    "timeStamp": 137631,
    "rotation": [
      [
        0.0392175727,
        -0.08930451,
        0.995232
      ],
      [
        -0.264135361,
        0.95964396,
        0.0965194851
      ],
      [
        -0.9636879,
        -0.2666612,
        0.0140464287
      ]
    ],
    "translation": [
      2.06716776,
      0.979617953,
      -0.559075952
    ]
  },
  {
    "timeStamp": 137675,
    "rotation": [
      [
        0.04412654,
        -0.100889266,
        0.993918657
      ],
      [
        -0.24102959,
        0.964423,
        0.108596139
      ],
      [
        -0.969514132,
        -0.244355768,
        0.01823935
      ]
    ],
    "translation": [
      2.06548953,
      0.9741635,
      -0.556966
    ]
  },
  {
    "timeStamp": 137731,
    "rotation": [
      [
        0.0334548354,
        -0.111190841,
        0.9932358
      ],
      [
        -0.206513554,
        0.971576333,
        0.11572203
      ],
      [
        -0.9778716,
        -0.2089881,
        0.009541513
      ]
    ],
    "translation": [
      2.06601071,
      0.9662908,
      -0.5549973
    ]
  },
  {
    "timeStamp": 137775,
    "rotation": [
      [
        0.0263815317,
        -0.07682477,
        0.9966955
      ],
      [
        -0.205502957,
        0.975330353,
        0.08061741
      ],
      [
        -0.9783008,
        -0.2069507,
        0.00994299352
      ]
    ],
    "translation": [
      2.06499243,
      0.9603857,
      -0.554760635
    ]
  },
  {
    "timeStamp": 137831,
    "rotation": [
      [
        0.0175433382,
        -0.06284011,
        0.997869432
      ],
      [
        -0.179779515,
        0.9815588,
        0.06497363
      ],
      [
        -0.9835505,
        -0.18053633,
        0.00592245348
      ]
    ],
    "translation": [
      2.06561875,
      0.9591921,
      -0.552391946
    ]
  },
  {
    "timeStamp": 137875,
    "rotation": [
      [
        0.0193803348,
        -0.0497986563,
        0.9985712
      ],
      [
        -0.17023395,
        0.984010756,
        0.0523764379
      ],
      [
        -0.9852131,
        -0.171005785,
        0.0105930362
      ]
    ],
    "translation": [
      2.06633186,
      0.958617151,
      -0.5512586
    ]
  },
  {
    "timeStamp": 137931,
    "rotation": [
      [
        0.0260628313,
        -0.0502314754,
        0.99839747
      ],
      [
        -0.151657656,
        0.9869779,
        0.0536159
      ],
      [
        -0.988089442,
        -0.152812,
        0.01810545
      ]
    ],
    "translation": [
      2.06674719,
      0.956164241,
      -0.5487394
    ]
  },
  {
    "timeStamp": 137975,
    "rotation": [
      [
        0.0340760462,
        -0.05038392,
        0.998148441
      ],
      [
        -0.1460111,
        0.9877615,
        0.05484433
      ],
      [
        -0.98869586,
        -0.147609621,
        0.0263023954
      ]
    ],
    "translation": [
      2.0669744,
      0.955019832,
      -0.5477699
    ]
  },
  {
    "timeStamp": 138031,
    "rotation": [
      [
        0.0362554081,
        -0.05955935,
        0.997566164
      ],
      [
        -0.138105243,
        0.988345742,
        0.06402813
      ],
      [
        -0.9897537,
        -0.14009048,
        0.0276074223
      ]
    ],
    "translation": [
      2.066594,
      0.951917768,
      -0.5463434
    ]
  },
  {
    "timeStamp": 138075,
    "rotation": [
      [
        0.0293390378,
        -0.09446226,
        0.995096
      ],
      [
        -0.172677666,
        0.9800782,
        0.09812781
      ],
      [
        -0.984541357,
        -0.174709842,
        0.01244303
      ]
    ],
    "translation": [
      2.066942,
      0.9431131,
      -0.539199352
    ]
  },
  {
    "timeStamp": 138131,
    "rotation": [
      [
        0.0372482128,
        -0.0968440846,
        0.9946023
      ],
      [
        -0.166591644,
        0.9807635,
        0.101735525
      ],
      [
        -0.9853222,
        -0.1694819,
        0.0203982741
      ]
    ],
    "translation": [
      2.06840038,
      0.94039464,
      -0.538670659
    ]
  },
  {
    "timeStamp": 138175,
    "rotation": [
      [
        0.0355846249,
        -0.09528421,
        0.994813859
      ],
      [
        -0.156761378,
        0.9825892,
        0.0997207
      ],
      [
        -0.9869952,
        -0.159496933,
        0.0200281851
      ]
    ],
    "translation": [
      2.06957769,
      0.9374139,
      -0.5392912
    ]
  },
  {
    "timeStamp": 138231,
    "rotation": [
      [
        0.03564289,
        -0.09153749,
        0.9951635
      ],
      [
        -0.152295783,
        0.98366785,
        0.09593474
      ],
      [
        -0.987692,
        -0.1549786,
        0.0211199913
      ]
    ],
    "translation": [
      2.070362,
      0.9337365,
      -0.5386375
    ]
  },
  {
    "timeStamp": 138275,
    "rotation": [
      [
        0.0298352316,
        -0.08642932,
        0.995811164
      ],
      [
        -0.144818783,
        0.9853691,
        0.08986191
      ],
      [
        -0.9890083,
        -0.146893218,
        0.0168821272
      ]
    ],
    "translation": [
      2.07083225,
      0.9307833,
      -0.5384521
    ]
  },
  {
    "timeStamp": 138330,
    "rotation": [
      [
        0.024713194,
        -0.0742101446,
        0.9969364
      ],
      [
        -0.144680709,
        0.9864764,
        0.07701804
      ],
      [
        -0.9891697,
        -0.146140814,
        0.0136422068
      ]
    ],
    "translation": [
      2.070045,
      0.927045941,
      -0.5368674
    ]
  },
  {
    "timeStamp": 138375,
    "rotation": [
      [
        0.022659231,
        -0.06362027,
        0.9977169
      ],
      [
        -0.1453277,
        0.9871632,
        0.06624785
      ],
      [
        -0.9891241,
        -0.146497026,
        0.0131225707
      ]
    ],
    "translation": [
      2.06924176,
      0.9244453,
      -0.5352604
    ]
  },
  {
    "timeStamp": 138431,
    "rotation": [
      [
        0.0189911444,
        -0.0336772576,
        0.9992523
      ],
      [
        -0.136679322,
        0.9899624,
        0.035961803
      ],
      [
        -0.990433335,
        -0.1372601,
        0.014197533
      ]
    ],
    "translation": [
      2.07015681,
      0.924503863,
      -0.534876347
    ]
  },
  {
    "timeStamp": 138475,
    "rotation": [
      [
        0.0121536441,
        -0.0104130516,
        0.9998719
      ],
      [
        -0.127022311,
        0.9918288,
        0.0118732685
      ],
      [
        -0.9918254,
        -0.127150342,
        0.010731644
      ]
    ],
    "translation": [
      2.07102919,
      0.924610257,
      -0.534192264
    ]
  },
  {
    "timeStamp": 138530,
    "rotation": [
      [
        0.01069928,
        0.0145376781,
        0.999837041
      ],
      [
        -0.120614186,
        0.9926125,
        -0.0131419376
      ],
      [
        -0.9926418,
        -0.120453924,
        0.0123736877
      ]
    ],
    "translation": [
      2.07177687,
      0.924597561,
      -0.533626258
    ]
  },
  {
    "timeStamp": 138575,
    "rotation": [
      [
        -0.00112191855,
        0.0392682478,
        0.99922806
      ],
      [
        -0.105830595,
        0.9936125,
        -0.03916639
      ],
      [
        -0.9943835,
        -0.105792835,
        0.00304102967
      ]
    ],
    "translation": [
      2.072622,
      0.9246148,
      -0.5323852
    ]
  },
  {
    "timeStamp": 138630,
    "rotation": [
      [
        -0.008141557,
        0.06806304,
        0.997647762
      ],
      [
        -0.100742392,
        0.992549062,
        -0.0685373247
      ],
      [
        -0.994879246,
        -0.101063423,
        -0.00122406031
      ]
    ],
    "translation": [
      2.073596,
      0.9244641,
      -0.531994462
    ]
  },
  {
    "timeStamp": 138675,
    "rotation": [
      [
        -0.0223041717,
        0.103415318,
        0.994388163
      ],
      [
        -0.0826276839,
        0.991042,
        -0.10492067
      ],
      [
        -0.9963308,
        -0.08450415,
        -0.0135594057
      ]
    ],
    "translation": [
      2.07491255,
      0.924223,
      -0.530578732
    ]
  },
  {
    "timeStamp": 138730,
    "rotation": [
      [
        -0.0305025112,
        0.122067593,
        0.9920529
      ],
      [
        -0.06543332,
        0.9901419,
        -0.123844318
      ],
      [
        -0.9973906,
        -0.06869089,
        -0.0222145282
      ]
    ],
    "translation": [
      2.07565379,
      0.9239422,
      -0.529235959
    ]
  },
  {
    "timeStamp": 138775,
    "rotation": [
      [
        -0.0360402241,
        0.126777947,
        0.991276145
      ],
      [
        -0.06346446,
        0.989628,
        -0.128874555
      ],
      [
        -0.9973331,
        -0.06755548,
        -0.0276205223
      ]
    ],
    "translation": [
      2.075882,
      0.923862159,
      -0.5291325
    ]
  },
  {
    "timeStamp": 138831,
    "rotation": [
      [
        -0.0364791974,
        0.110942692,
        0.993157
      ],
      [
        -0.06606712,
        0.991376638,
        -0.113170482
      ],
      [
        -0.997148156,
        -0.0697433949,
        -0.02883496
      ]
    ],
    "translation": [
      2.075294,
      0.923945963,
      -0.529319
    ]
  },
  {
    "timeStamp": 138875,
    "rotation": [
      [
        -0.0244023483,
        0.0786540061,
        0.996603251
      ],
      [
        -0.07602956,
        0.9938669,
        -0.08029967
      ],
      [
        -0.9968069,
        -0.07773081,
        -0.0182726569
      ]
    ],
    "translation": [
      2.07397246,
      0.9217877,
      -0.530151963
    ]
  },
  {
    "timeStamp": 138930,
    "rotation": [
      [
        0.059285298,
        -0.06757165,
        0.9959514
      ],
      [
        -0.09129425,
        0.9931581,
        0.07281654
      ],
      [
        -0.9940576,
        -0.09524159,
        0.0527107753
      ]
    ],
    "translation": [
      2.073746,
      0.90433085,
      -0.5358287
    ]
  },
  {
    "timeStamp": 138975,
    "rotation": [
      [
        0.0914428756,
        -0.09178686,
        0.9915711
      ],
      [
        -0.0726025254,
        0.9924785,
        0.09856627
      ],
      [
        -0.9931601,
        -0.08100375,
        0.08409113
      ]
    ],
    "translation": [
      2.074918,
      0.9044119,
      -0.5393403
    ]
  },
  {
    "timeStamp": 139030,
    "rotation": [
      [
        0.09887388,
        -0.09570236,
        0.9904873
      ],
      [
        -0.0695149451,
        0.992268562,
        0.1028137
      ],
      [
        -0.9926689,
        -0.0790192559,
        0.09145671
      ]
    ],
    "translation": [
      2.074501,
      0.903363049,
      -0.5408492
    ]
  },
  {
    "timeStamp": 139075,
    "rotation": [
      [
        0.104142658,
        -0.107645638,
        0.988719761
      ],
      [
        -0.06721022,
        0.991091132,
        0.114983127
      ],
      [
        -0.9922888,
        -0.0784267262,
        0.09597997
      ]
    ],
    "translation": [
      2.07366037,
      0.9007076,
      -0.5417413
    ]
  },
  {
    "timeStamp": 139130,
    "rotation": [
