[
  {
    "timeStamp": 321868,
    "rotation": [
      [
        -0.04148006,
        0.9971754,
        0.0626144558
      ],
      [
        -0.0404041633,
        -0.06429124,
        0.99711293
      ],
      [
        0.998322,
        0.0388304442,
        0.042956844
      ]
    ],
    "translation": [
      1.772057,
      0.7019345,
      -0.3602616
    ]
  },
  {
    "timeStamp": 321913,
    "rotation": [
      [
        -0.0406845957,
        0.9984025,
        0.03920825
      ],
      [
        -0.0192481279,
        -0.0400166065,
        0.9990136
      ],
      [
        0.9989866,
        0.03988978,
        0.0208454374
      ]
    ],
    "translation": [
      1.77459431,
      0.702665269,
      -0.359874338
    ]
  },
  {
    "timeStamp": 321969,
    "rotation": [
      [
        -0.0571356229,
        0.9969795,
        0.0526064262
      ],
      [
        -0.0211915858,
        -0.0538917221,
        0.9983219
      ],
      [
        0.998141468,
        0.05592493,
        0.0242067128
      ]
    ],
    "translation": [
      1.77130079,
      0.70385313,
      -0.3652552
    ]
  },
  {
    "timeStamp": 322024,
    "rotation": [
      [
        -0.07587158,
        0.9954524,
        0.0576018
      ],
      [
        0.00618041074,
        -0.05729771,
        0.998338
      ],
      [
        0.997098446,
        0.07610149,
        -0.00180503691
      ]
    ],
    "translation": [
      1.77008283,
      0.709464967,
      -0.3699026
    ]
  },
  {
    "timeStamp": 322069,
    "rotation": [
      [
        -0.0633636862,
        0.9950563,
        0.0764728
      ],
      [
        0.04574326,
        -0.07365049,
        0.9962345
      ],
      [
        0.9969416,
        0.06662322,
        -0.0408503525
      ]
    ],
    "translation": [
      1.77052414,
      0.7211016,
      -0.3748041
    ]
  },
  {
    "timeStamp": 322124,
    "rotation": [
      [
        -0.09120496,
        0.9901675,
        0.106066324
      ],
      [
        0.1295719,
        -0.0938052461,
        0.987122953
      ],
      [
        0.9873667,
        0.103773721,
        -0.119742371
      ]
    ],
    "translation": [
      1.76567423,
      0.7496395,
      -0.384793967
    ]
  },
  {
    "timeStamp": 322168,
    "rotation": [
      [
        -0.07082627,
        0.978636146,
        0.193015531
      ],
      [
        0.2060718,
        -0.174971655,
        0.9627665
      ],
      [
        0.9759703,
        0.107964188,
        -0.189276725
      ]
    ],
    "translation": [
      1.76205671,
      0.7836775,
      -0.400975376
    ]
  },
  {
    "timeStamp": 322224,
    "rotation": [
      [
        -0.068694666,
        0.9604473,
        0.2698555
      ],
      [
        0.299125463,
        -0.238220274,
        0.9239995
      ],
      [
        0.9517379,
        0.1441945,
        -0.270929754
      ]
    ],
    "translation": [
      1.76433253,
      0.8356536,
      -0.431499779
    ]
  },
  {
    "timeStamp": 322268,
    "rotation": [
      [
        -0.104499668,
        0.9473961,
        0.3025233
      ],
      [
        0.3793764,
        -0.243213058,
        0.892704248
      ],
      [
        0.9193222,
        0.208057538,
        -0.334004074
      ]
    ],
    "translation": [
      1.774237,
      0.878517747,
      -0.464266658
    ]
  },
  {
    "timeStamp": 322324,
    "rotation": [
      [
        -0.09827703,
        0.94062,
        0.324924052
      ],
      [
        0.436321,
        -0.252721429,
        0.8635716
      ],
      [
        0.894408,
        0.226640433,
        -0.385575533
      ]
    ],
    "translation": [
      1.80258918,
      0.9250524,
      -0.5069188
    ]
  },
  {
    "timeStamp": 322369,
    "rotation": [
      [
        -0.10158018,
        0.938777864,
        0.3292074
      ],
      [
        0.455234915,
        -0.250374734,
        0.8544435
      ],
      [
        0.884557843,
        0.236661211,
        -0.401931375
      ]
    ],
    "translation": [
      1.83602655,
      0.9524437,
      -0.5420603
    ]
  },
  {
    "timeStamp": 322424,
    "rotation": [
      [
        -0.10142687,
        0.9558149,
        0.275917381
      ],
      [
        0.471953779,
        -0.197922423,
        0.859119534
      ],
      [
        0.875769436,
        0.217358023,
        -0.4310258
      ]
    ],
    "translation": [
      1.891997,
      0.9795234,
      -0.580552757
    ]
  },
  {
    "timeStamp": 322469,
    "rotation": [
      [
        -0.06972103,
        0.9665433,
        0.2468461
      ],
      [
        0.453240871,
        -0.189740732,
        0.870959938
      ],
      [
        0.8886573,
        0.172604948,
        -0.42484802
      ]
    ],
    "translation": [
      1.9420656,
      0.9912395,
      -0.608156145
    ]
  },
  {
    "timeStamp": 322524,
    "rotation": [
      [
        -0.007180699,
        0.990898132,
        0.134422526
      ],
      [
        0.425115824,
        -0.118648507,
        0.897328854
      ],
      [
        0.9051105,
        0.06358859,
        -0.42039448
      ]
    ],
    "translation": [
      2.01490664,
      0.993840456,
      -0.6363102
    ]
  },
  {
    "timeStamp": 322568,
    "rotation": [
      [
        0.045917362,
        0.995261669,
        0.08570711
      ],
      [
        0.413417637,
        -0.09703829,
        0.905356
      ],
      [
        0.909383,
        -0.006138734,
        -0.415914476
      ]
    ],
    "translation": [
      2.06611443,
      0.991447,
      -0.654615462
    ]
  },
  {
    "timeStamp": 322624,
    "rotation": [
      [
        0.0577890165,
        0.998225451,
        0.0143645741
      ],
      [
        0.383715421,
        -0.0354927033,
        0.92276907
      ],
      [
        0.9216414,
        -0.0478140078,
        -0.3850856
      ]
    ],
    "translation": [
      2.11915922,
      0.9786264,
      -0.6721166
    ]
  },
  {
    "timeStamp": 322668,
    "rotation": [
      [
        -0.0489714481,
        0.9986445,
        -0.0176367871
      ],
      [
        0.361332536,
        0.0341754444,
        0.9318105
      ],
      [
        0.931150138,
        0.039259363,
        -0.362516344
      ]
    ],
    "translation": [
      2.1428535,
      0.9633174,
      -0.6799589
    ]
  },
  {
    "timeStamp": 322724,
    "rotation": [
      [
        -0.267497241,
        0.958348155,
        -0.100069717
      ],
      [
        0.29305768,
        0.179851368,
        0.9390265
      ],
      [
        0.917911947,
        0.2218608,
        -0.328961045
      ]
    ],
    "translation": [
      2.16339684,
      0.938125,
      -0.686744869
    ]
  },
  {
    "timeStamp": 322768,
    "rotation": [
      [
        -0.393726259,
        0.910270333,
        -0.128013745
      ],
      [
        0.21212092,
        0.225474581,
        0.9508764
      ],
      [
        0.8944184,
        0.347230643,
        -0.281862646
      ]
    ],
    "translation": [
      2.1759057,
      0.9167545,
      -0.689957857
    ]
  },
  {
    "timeStamp": 322824,
    "rotation": [
      [
        -0.500099361,
        0.852518,
        -0.152031854
      ],
      [
        0.131836027,
        0.248469621,
        0.959626
      ],
      [
        0.855873764,
        0.4598651,
        -0.236652091
      ]
    ],
    "translation": [
      2.189001,
      0.8952968,
      -0.689696848
    ]
  },
  {
    "timeStamp": 322868,
    "rotation": [
      [
        -0.596637249,
        0.770620644,
        -0.223981827
      ],
      [
        0.04912619,
        0.313649923,
        0.948267043
      ],
      [
        0.801006,
        0.5547681,
        -0.224992871
      ]
    ],
    "translation": [
      2.19960237,
      0.880470634,
      -0.6861289
    ]
  },
  {
    "timeStamp": 322924,
    "rotation": [
      [
        -0.6403544,
        0.7305452,
        -0.237170637
      ],
      [
        0.016880665,
        0.322095156,
        0.9465568
      ],
      [
        0.767894,
        0.6021282,
        -0.21858716
      ]
    ],
    "translation": [
      2.21043634,
      0.867495,
      -0.674768
    ]
  },
  {
    "timeStamp": 322968,
    "rotation": [
      [
        -0.6746386,
        0.696857154,
        -0.243419021
      ],
      [
        0.006770073,
        0.335597456,
        0.9419812
      ],
      [
        0.7381171,
        0.6338489,
        -0.231124774
      ]
    ],
    "translation": [
      2.21615839,
      0.859752357,
      -0.6643271
    ]
  },
  {
    "timeStamp": 323023,
    "rotation": [
      [
        -0.730349243,
        0.628291547,
        -0.268029332
      ],
      [
        -0.0282121971,
        0.364306629,
        0.930851638
      ],
      [
        0.682491064,
        0.687408447,
        -0.248345584
      ]
    ],
    "translation": [
      2.22008133,
      0.8524388,
      -0.653326
    ]
  },
  {
    "timeStamp": 323068,
    "rotation": [
      [
        -0.7483529,
        0.613684833,
        -0.251712173
      ],
      [
        -0.02364461,
        0.354561985,
        0.9347335
      ],
      [
        0.662879348,
        0.705462158,
        -0.2508271
      ]
    ],
    "translation": [
      2.21901059,
      0.8472887,
      -0.645246565
    ]
  },
  {
    "timeStamp": 323124,
    "rotation": [
      [
        -0.7755661,
        0.581945,
        -0.244616568
      ],
      [
        -0.0358288139,
        0.346297115,
        0.937440455
      ],
      [
        0.6302488,
        0.735811353,
        -0.247725889
      ]
    ],
    "translation": [
      2.21846247,
      0.839224339,
      -0.6382619
    ]
  },
  {
    "timeStamp": 323168,
    "rotation": [
      [
        -0.782522738,
        0.577720046,
        -0.232158646
      ],
      [
        -0.03245095,
        0.3345221,
        0.941829
      ],
      [
        0.6217757,
        0.7445364,
        -0.2430236
      ]
    ],
    "translation": [
      2.216579,
      0.8315925,
      -0.6338764
    ]
  },
  {
    "timeStamp": 323223,
    "rotation": [
      [
        -0.7907479,
        0.5753687,
        -0.208970487
      ],
      [
        -0.0240536351,
        0.311907,
        0.9498081
      ],
      [
        0.6116692,
        0.7560852,
        -0.232800081
      ]
    ],
    "translation": [
      2.210933,
      0.824708462,
      -0.629563
    ]
  },
  {
    "timeStamp": 323268,
    "rotation": [
      [
        -0.7980436,
        0.5671353,
        -0.203675911
      ],
      [
        -0.0197328757,
        0.313219219,
        0.9494758
      ],
      [
        0.602276444,
        0.761742234,
        -0.2387714
      ]
    ],
    "translation": [
      2.20790863,
      0.8203777,
      -0.6256842
    ]
  },
  {
    "timeStamp": 323323,
    "rotation": [
      [
        -0.809852958,
        0.5555688,
        -0.188365579
      ],
      [
        -0.0139915291,
        0.302712142,
        0.9529793
      ],
      [
        0.586466134,
        0.774408638,
        -0.237379059
      ]
    ],
    "translation": [
      2.20347214,
      0.8144113,
      -0.6229505
    ]
  },
  {
    "timeStamp": 323368,
    "rotation": [
      [
        -0.816025257,
        0.547708631,
        -0.1847105
      ],
      [
        -0.0155288437,
        0.2986704,
        0.954229951
      ],
      [
        0.5778076,
        0.7815441,
        -0.235217333
      ]
    ],
    "translation": [
      2.20073533,
      0.808983,
      -0.6214584
    ]
  },
  {
    "timeStamp": 323424,
    "rotation": [
      [
        -0.8253177,
        0.5248321,
        -0.2083311
      ],
      [
        -0.05381598,
        0.2941565,
        0.954241
      ],
      [
        0.562098265,
        0.7987635,
        -0.2145282
      ]
    ],
    "translation": [
      2.2003696,
      0.803329647,
      -0.6223309
    ]
  },
  {
    "timeStamp": 323468,
    "rotation": [
      [
        -0.824140131,
        0.521203,
        -0.221676409
      ],
      [
        -0.07451554,
        0.288208663,
        0.954663932
      ],
      [
        0.56146276,
        0.8032952,
        -0.198686615
      ]
    ],
    "translation": [
      2.20010352,
      0.799724162,
      -0.6229466
    ]
  },
  {
    "timeStamp": 323524,
    "rotation": [
      [
        -0.808079541,
        0.5326872,
        -0.251499
      ],
      [
        -0.09993324,
        0.296787083,
        0.949700356
      ],
      [
        0.5805349,
        0.792566538,
        -0.186594427
      ]
    ],
    "translation": [
      2.20099735,
      0.7949804,
      -0.6221462
    ]
  },
  {
    "timeStamp": 323568,
    "rotation": [
      [
        -0.7956596,
        0.5144022,
        -0.319869
      ],
      [
        -0.172565192,
        0.3136897,
        0.933713
      ],
      [
        0.580643654,
        0.798115969,
        -0.160822317
      ]
    ],
    "translation": [
      2.20298457,
      0.7913939,
      -0.6214076
    ]
  },
  {
    "timeStamp": 323624,
    "rotation": [
      [
        -0.7864578,
        0.5362657,
        -0.306436449
      ],
      [
        -0.150650382,
        0.314601332,
        0.937192857
      ],
      [
        0.5989897,
        0.7832274,
        -0.166632012
      ]
    ],
    "translation": [
      2.20262551,
      0.7865138,
      -0.6197063
    ]
  },
  {
    "timeStamp": 323668,
    "rotation": [
      [
        -0.7748981,
        0.578037739,
        -0.255744547
      ],
      [
        -0.0817547143,
        0.309549332,
        0.9473623
      ],
      [
        0.626776755,
        0.7550176,
        -0.192611888
      ]
    ],
    "translation": [
      2.20013952,
      0.780226767,
      -0.618783534
    ]
  },
  {
    "timeStamp": 323724,
    "rotation": [
      [
        -0.8243518,
        0.466287673,
        -0.3209671
      ],
      [
        -0.181428075,
        0.319461524,
        0.9300689
      ],
      [
        0.5362163,
        0.82493645,
        -0.178750992
      ]
    ],
    "translation": [
      2.20361328,
      0.7797812,
      -0.612852156
    ]
  }
]