[
  {
    "timeStamp": 336229,
    "rotation": [
      [
        0.9145597,
        -0.206692383,
        -0.347647429
      ],
      [
        -0.09514521,
        -0.945380867,
        0.3117729
      ],
      [
        -0.393100321,
        -0.25205797,
        -0.884273052
      ]
    ],
    "translation": [
      1.48246908,
      0.7046184,
      -0.675118566
    ]
  },
  {
    "timeStamp": 336273,
    "rotation": [
      [
        0.9264682,
        0.008703246,
        -0.37627238
      ],
      [
        0.112072259,
        -0.960761964,
        0.2537248
      ],
      [
        -0.359299958,
        -0.277237654,
        -0.8910908
      ]
    ],
    "translation": [
      1.47900164,
      0.7089348,
      -0.6743993
    ]
  },
  {
    "timeStamp": 336329,
    "rotation": [
      [
        0.926552832,
        -0.146703824,
        -0.346378148
      ],
      [
        -0.05219363,
        -0.9620471,
        0.2678455
      ],
      [
        -0.37252605,
        -0.230094284,
        -0.899044454
      ]
    ],
    "translation": [
      1.48201823,
      0.7091549,
      -0.677592933
    ]
  },
  {
    "timeStamp": 336385,
    "rotation": [
      [
        0.885035336,
        -0.217436388,
        -0.4116235
      ],
      [
        -0.10498973,
        -0.9546649,
        0.278553724
      ],
      [
        -0.4535302,
        -0.203313649,
        -0.86774075
      ]
    ],
    "translation": [
      1.50249,
      0.726247668,
      -0.6789444
    ]
  },
  {
    "timeStamp": 336429,
    "rotation": [
      [
        0.845081568,
        -0.280151665,
        -0.455359459
      ],
      [
        -0.147779524,
        -0.940934837,
        0.3046356
      ],
      [
        -0.5138077,
        -0.190149128,
        -0.8365674
      ]
    ],
    "translation": [
      1.52241731,
      0.7513782,
      -0.6774609
    ]
  },
  {
    "timeStamp": 336484,
    "rotation": [
      [
        0.760322,
        -0.381753832,
        -0.5255231
      ],
      [
        -0.226672456,
        -0.9141397,
        0.3361075
      ],
      [
        -0.6087119,
        -0.136428282,
        -0.781573534
      ]
    ],
    "translation": [
      1.56048465,
      0.7925251,
      -0.6749544
    ]
  },
  {
    "timeStamp": 336528,
    "rotation": [
      [
        0.677256644,
        -0.446657032,
        -0.58465457
      ],
      [
        -0.272739351,
        -0.8904374,
        0.364327282
      ],
      [
        -0.6833277,
        -0.0872847661,
        -0.7248756
      ]
    ],
    "translation": [
      1.60089052,
      0.825979531,
      -0.6749793
    ]
  },
  {
    "timeStamp": 336584,
    "rotation": [
      [
        0.540137768,
        -0.50152117,
        -0.675816238
      ],
      [
        -0.335307121,
        -0.864792168,
        0.373769552
      ],
      [
        -0.771894,
        0.0247189477,
        -0.635270536
      ]
    ],
    "translation": [
      1.66824186,
      0.8712809,
      -0.675011158
    ]
  },
  {
    "timeStamp": 336628,
    "rotation": [
      [
        0.405506283,
        -0.513683736,
        -0.7561043
      ],
      [
        -0.376212269,
        -0.8476473,
        0.374110073
      ],
      [
        -0.833084,
        0.1327517,
        -0.53698045
      ]
    ],
    "translation": [
      1.73109066,
      0.906041741,
      -0.6778032
    ]
  },
  {
    "timeStamp": 336684,
    "rotation": [
      [
        0.202112064,
        -0.4885273,
        -0.8488179
      ],
      [
        -0.4256227,
        -0.8243927,
        0.373124629
      ],
      [
        -0.8820408,
        0.2858632,
        -0.374548048
      ]
    ],
    "translation": [
      1.82066011,
      0.9475853,
      -0.6846157
    ]
  },
  {
    "timeStamp": 336729,
    "rotation": [
      [
        0.06506357,
        -0.4201376,
        -0.905124962
      ],
      [
        -0.46162194,
        -0.816829264,
        0.345969856
      ],
      [
        -0.8846875,
        0.395315468,
        -0.247090578
      ]
    ],
    "translation": [
      1.88986182,
      0.9762428,
      -0.6947053
    ]
  },
  {
    "timeStamp": 336784,
    "rotation": [
      [
        -0.101572983,
        -0.2817515,
        -0.95409596
      ],
      [
        -0.499056965,
        -0.815219462,
        0.293869823
      ],
      [
        -0.8605958,
        0.5059975,
        -0.05780579
      ]
    ],
    "translation": [
      1.97871888,
      1.00506353,
      -0.712676466
    ]
  },
  {
    "timeStamp": 336828,
    "rotation": [
      [
        -0.221265778,
        -0.203792661,
        -0.953682363
      ],
      [
        -0.5036936,
        -0.8135023,
        0.290700525
      ],
      [
        -0.835065365,
        0.5446858,
        0.07735115
      ]
    ],
    "translation": [
      2.04025316,
      1.01711142,
      -0.7280526
    ]
  },
  {
    "timeStamp": 336884,
    "rotation": [
      [
        -0.265239775,
        -0.119115956,
        -0.956796348
      ],
      [
        -0.509934247,
        -0.824866533,
        0.244053647
      ],
      [
        -0.8183,
        0.552635968,
        0.158046141
      ]
    ],
    "translation": [
      2.10281825,
      1.02135956,
      -0.7407546
    ]
  },
  {
    "timeStamp": 336928,
    "rotation": [
      [
        -0.23767902,
        -0.08155212,
        -0.9679142
      ],
      [
        -0.482159823,
        -0.8551325,
        0.190447792
      ],
      [
        -0.8432264,
        0.5119548,
        0.1639259
      ]
    ],
    "translation": [
      2.141168,
      1.01674509,
      -0.742766738
    ]
  },
  {
    "timeStamp": 336984,
    "rotation": [
      [
        -0.110323966,
        -0.106297545,
        -0.988195
      ],
      [
        -0.412139982,
        -0.8998592,
        0.142807588
      ],
      [
        -0.9044165,
        0.42302978,
        0.05546657
      ]
    ],
    "translation": [
      2.17203856,
      0.998403132,
      -0.7331498
    ]
  },
  {
    "timeStamp": 337028,
    "rotation": [
      [
        0.052192457,
        -0.07514986,
        -0.995805442
      ],
      [
        -0.298387766,
        -0.952784956,
        0.05626406
      ],
      [
        -0.953016639,
        0.2941996,
        -0.07215199
      ]
    ],
    "translation": [
      2.191554,
      0.9808803,
      -0.724559546
    ]
  },
  {
    "timeStamp": 337084,
    "rotation": [
      [
        0.172834873,
        -0.08695162,
        -0.981105268
      ],
      [
        -0.185675874,
        -0.9811127,
        0.05424298
      ],
      [
        -0.967291355,
        0.172792509,
        -0.1857153
      ]
    ],
    "translation": [
      2.21398354,
      0.9550389,
      -0.718445957
    ]
  },
  {
    "timeStamp": 337128,
    "rotation": [
      [
        0.175180435,
        -0.1121563,
        -0.9781271
      ],
      [
        -0.0867755339,
        -0.9913826,
        0.09813493
      ],
      [
        -0.9807047,
        0.06768619,
        -0.183403254
      ]
    ],
    "translation": [
      2.23628116,
      0.9311076,
      -0.7182959
    ]
  },
  {
    "timeStamp": 337184,
    "rotation": [
      [
        0.326781183,
        -0.1034493,
        -0.939421237
      ],
      [
        -0.0131873572,
        -0.9943937,
        0.104915604
      ],
      [
        -0.945008,
        -0.0218959637,
        -0.326313376
      ]
    ],
    "translation": [
      2.23869443,
      0.9120364,
      -0.711795
    ]
  },
  {
    "timeStamp": 337228,
    "rotation": [
      [
        0.416793674,
        -0.06852553,
        -0.9064145
      ],
      [
        0.0384146944,
        -0.9949358,
        0.0928819
      ],
      [
        -0.908189058,
        -0.07353223,
        -0.412050545
      ]
    ],
    "translation": [
      2.24067426,
      0.9015347,
      -0.705334067
    ]
  },
  {
    "timeStamp": 337284,
    "rotation": [
      [
        0.5303449,
        -0.0433178768,
        -0.8466746
      ],
      [
        0.06587518,
        -0.993568659,
        0.0920966
      ],
      [
        -0.8452188,
        -0.104617804,
        -0.5240805
      ]
    ],
    "translation": [
      2.2395916,
      0.891339,
      -0.6946147
    ]
  },
  {
    "timeStamp": 337328,
    "rotation": [
      [
        0.6284559,
        0.0208239853,
        -0.777566433
      ],
      [
        0.100984961,
        -0.9933656,
        0.05501621
      ],
      [
        -0.7712621,
        -0.113097772,
        -0.6263893
      ]
    ],
    "translation": [
      2.23771143,
      0.8862194,
      -0.685655
    ]
  },
  {
    "timeStamp": 337383,
    "rotation": [
      [
        0.7088441,
        0.06756588,
        -0.7021217
      ],
      [
        0.146429762,
        -0.9878124,
        0.05277357
      ],
      [
        -0.6899988,
        -0.140219748,
        -0.7100986
      ]
    ],
    "translation": [
      2.23495173,
      0.8762155,
      -0.677998245
    ]
  },
  {
    "timeStamp": 337428,
    "rotation": [
      [
        0.7345581,
        0.07681574,
        -0.6741838
      ],
      [
        0.1533119,
        -0.9866671,
        0.0546215028
      ],
      [
        -0.6609992,
        -0.143483058,
        -0.7365411
      ]
    ],
    "translation": [
      2.235764,
      0.87012136,
      -0.6703436
    ]
  },
  {
    "timeStamp": 337484,
    "rotation": [
      [
        0.7630345,
        0.08143473,
        -0.6412072
      ],
      [
        0.172738984,
        -0.981640637,
        0.08088832
      ],
      [
        -0.6228479,
        -0.172482073,
        -0.763092637
      ]
    ],
    "translation": [
      2.236433,
      0.8598806,
      -0.6644356
    ]
  },
  {
    "timeStamp": 337528,
    "rotation": [
      [
        0.773639739,
        0.08654435,
        -0.6276875
      ],
      [
        0.177816525,
        -0.9804739,
        0.083977215
      ],
      [
        -0.608163536,
        -0.176581338,
        -0.773922563
      ]
    ],
    "translation": [
      2.23643136,
      0.8535833,
      -0.6596382
    ]
  },
  {
    "timeStamp": 337584,
    "rotation": [
      [
        0.78228873,
        0.06464496,
        -0.619552553
      ],
      [
        0.174222842,
        -0.977613,
        0.117980011
      ],
      [
        -0.5980558,
        -0.200234637,
        -0.7760382
      ]
    ],
    "translation": [
      2.233441,
      0.845286548,
      -0.6566491
    ]
  },
  {
    "timeStamp": 337628,
    "rotation": [
      [
        0.7899114,
        0.05758892,
        -0.6105109
      ],
      [
        0.1766491,
        -0.9747474,
        0.136610955
      ],
      [
        -0.5872266,
        -0.215756729,
        -0.7801371
      ]
    ],
    "translation": [
      2.23069239,
      0.839988,
      -0.6558494
    ]
  },
  {
    "timeStamp": 337683,
    "rotation": [
      [
        0.782966554,
        0.05452106,
        -0.61967
      ],
      [
        0.19954969,
        -0.965520144,
        0.167185038
      ],
      [
        -0.5891887,
        -0.254555225,
        -0.766849637
      ]
    ],
    "translation": [
      2.23156667,
      0.8318925,
      -0.657942653
    ]
  }
]