[
  {
    "timeStamp": 28788,
    "rotation": [
      [
        0.995097637,
        0.008452858,
        -0.09853538
      ],
      [
        0.09887964,
        -0.06622497,
        0.9928933
      ],
      [
        0.00186728069,
        -0.9977689,
        -0.06673613
      ]
    ],
    "translation": [
      1.617305,
      0.6985894,
      -0.489618361
    ]
  },
  {
    "timeStamp": 28835,
    "rotation": [
      [
        0.988233149,
        0.0916392356,
        -0.122464068
      ],
      [
        0.133161128,
        -0.121527724,
        0.983615339
      ],
      [
        0.0752549842,
        -0.9883488,
        -0.132300511
      ]
    ],
    "translation": [
      1.62687528,
      0.705133259,
      -0.482300222
    ]
  },
  {
    "timeStamp": 28888,
    "rotation": [
      [
        0.987789,
        0.1107798,
        -0.109548241
      ],
      [
        0.128103,
        -0.1773225,
        0.9757799
      ],
      [
        0.08867135,
        -0.977898061,
        -0.189348429
      ]
    ],
    "translation": [
      1.63216269,
      0.7229054,
      -0.4794651
    ]
  },
  {
    "timeStamp": 28943,
    "rotation": [
      [
        0.9949238,
        0.0952954,
        -0.0323344
      ],
      [
        0.05306436,
        -0.2238044,
        0.97318846
      ],
      [
        0.0855038,
        -0.969964147,
        -0.2277251
      ]
    ],
    "translation": [
      1.63299358,
      0.7509409,
      -0.48219353
    ]
  },
  {
    "timeStamp": 28988,
    "rotation": [
      [
        0.993525863,
        0.106927894,
        0.03837857
      ],
      [
        -0.009174305,
        -0.261200875,
        0.9652409
      ],
      [
        0.113235682,
        -0.959343851,
        -0.2585288
      ]
    ],
    "translation": [
      1.6347239,
      0.777871847,
      -0.489872783
    ]
  },
  {
    "timeStamp": 29043,
    "rotation": [
      [
        0.988135457,
        0.114099786,
        0.102808416
      ],
      [
        -0.06267413,
        -0.3115539,
        0.948159337
      ],
      [
        0.140215144,
        -0.9433533,
        -0.300706357
      ]
    ],
    "translation": [
      1.64831138,
      0.8119474,
      -0.502748251
    ]
  },
  {
    "timeStamp": 29088,
    "rotation": [
      [
        0.978009939,
        0.122878432,
        0.16851528
      ],
      [
        -0.119886257,
        -0.329930216,
        0.93636173
      ],
      [
        0.170656964,
        -0.935973763,
        -0.307943583
      ]
    ],
    "translation": [
      1.6609304,
      0.837888539,
      -0.520351768
    ]
  },
  {
    "timeStamp": 29143,
    "rotation": [
      [
        0.966894567,
        0.12138243,
        0.224457741
      ],
      [
        -0.167958051,
        -0.359481871,
        0.917912245
      ],
      [
        0.1921069,
        -0.9252238,
        -0.327193916
      ]
    ],
    "translation": [
      1.6871624,
      0.8678069,
      -0.542804
    ]
  },
  {
    "timeStamp": 29188,
    "rotation": [
      [
        0.959922254,
        0.135292023,
        0.24544926
      ],
      [
        -0.176640317,
        -0.387886733,
        0.9046226
      ],
      [
        0.217594728,
        -0.9117236,
        -0.3484431
      ]
    ],
    "translation": [
      1.7155292,
      0.887576938,
      -0.5598033
    ]
  },
  {
    "timeStamp": 29243,
    "rotation": [
      [
        0.961136937,
        0.1071921,
        0.254412383
      ],
      [
        -0.192286611,
        -0.401324451,
        0.89552474
      ],
      [
        0.198095083,
        -0.909642041,
        -0.365116149
      ]
    ],
    "translation": [
      1.76056743,
      0.903932869,
      -0.577030838
    ]
  },
  {
    "timeStamp": 29288,
    "rotation": [
      [
        0.9649952,
        0.0673111752,
        0.2534827
      ],
      [
        -0.207301721,
        -0.396285027,
        0.894418359
      ],
      [
        0.160655737,
        -0.9156568,
        -0.368459433
      ]
    ],
    "translation": [
      1.801104,
      0.912781358,
      -0.588724852
    ]
  },
  {
    "timeStamp": 29344,
    "rotation": [
      [
        0.9699652,
        0.0163692832,
        0.242692232
      ],
      [
        -0.216430947,
        -0.3972948,
        0.8918041
      ],
      [
        0.111018524,
        -0.9175451,
        -0.3818193
      ]
    ],
    "translation": [
      1.85432839,
      0.9218543,
      -0.601630032
    ]
  },
  {
    "timeStamp": 29388,
    "rotation": [
      [
        0.9735646,
        -0.029510038,
        0.226497546
      ],
      [
        -0.219028518,
        -0.401915938,
        0.8890951
      ],
      [
        0.06479572,
        -0.915200949,
        -0.397754639
      ]
    ],
    "translation": [
      1.8973254,
      0.929387033,
      -0.6089668
    ]
  },
  {
    "timeStamp": 29443,
    "rotation": [
      [
        0.975860953,
        -0.09818609,
        0.1950767
      ],
      [
        -0.2182007,
        -0.4008847,
        0.889764
      ],
      [
        -0.009159208,
        -0.910851836,
        -0.412631959
      ]
    ],
    "translation": [
      1.9537667,
      0.934277356,
      -0.617508531
    ]
  },
  {
    "timeStamp": 29488,
    "rotation": [
      [
        0.976804,
        -0.142282188,
        0.160030171
      ],
      [
        -0.204613522,
        -0.399804562,
        0.8934705
      ],
      [
        -0.06314414,
        -0.9054899,
        -0.419643581
      ]
    ],
    "translation": [
      1.99901509,
      0.936005354,
      -0.6238281
    ]
  },
  {
    "timeStamp": 29543,
    "rotation": [
      [
        0.972966969,
        -0.199650809,
        0.116080664
      ],
      [
        -0.187951848,
        -0.39247033,
        0.9003561
      ],
      [
        -0.1341986,
        -0.897834361,
        -0.419385433
      ]
    ],
    "translation": [
      2.05381417,
      0.932590365,
      -0.6316157
    ]
  },
  {
    "timeStamp": 29588,
    "rotation": [
      [
        0.971517444,
        -0.221033528,
        0.08542861
      ],
      [
        -0.16402182,
        -0.367044866,
        0.915628135
      ],
      [
        -0.171028376,
        -0.9035609,
        -0.3928448
      ]
    ],
    "translation": [
      2.09208584,
      0.923641741,
      -0.639543951
    ]
  },
  {
    "timeStamp": 29643,
    "rotation": [
      [
        0.9733672,
        -0.22451967,
        0.0463373624
      ],
      [
        -0.119233362,
        -0.323162,
        0.9388023
      ],
      [
        -0.195805117,
        -0.919324338,
        -0.341325551
      ]
    ],
    "translation": [
      2.12618232,
      0.90552634,
      -0.6495125
    ]
  },
  {
    "timeStamp": 29693,
    "rotation": [
      [
        0.9799986,
        -0.198897645,
        0.006517912
      ],
      [
        -0.04980486,
        -0.213422492,
        0.97568965
      ],
      [
        -0.1926713,
        -0.9564991,
        -0.21905981
      ]
    ],
    "translation": [
      2.16736341,
      0.8666713,
      -0.6709147
    ]
  },
  {
    "timeStamp": 29738,
    "rotation": [
      [
        0.985863745,
        -0.167412549,
        0.00675675133
      ],
      [
        -0.03514177,
        -0.16717723,
        0.985300362
      ],
      [
        -0.16382207,
        -0.971609354,
        -0.170697153
      ]
    ],
    "translation": [
      2.1808176,
      0.8437609,
      -0.6811548
    ]
  },
  {
    "timeStamp": 29793,
    "rotation": [
      [
        0.9926138,
        -0.12121015,
        -0.0050916886
      ],
      [
        -0.009614423,
        -0.120433815,
        0.9926748
      ],
      [
        -0.12093547,
        -0.985293746,
        -0.120709628
      ]
    ],
    "translation": [
      2.194758,
      0.8193615,
      -0.689328253
    ]
  },
  {
    "timeStamp": 29838,
    "rotation": [
      [
        0.9945016,
        -0.10182251,
        0.0244689845
      ],
      [
        -0.0340755023,
        -0.09370313,
        0.9950169
      ],
      [
        -0.09902229,
        -0.9903797,
        -0.09665756
      ]
    ],
    "translation": [
      2.195498,
      0.8040519,
      -0.6900062
    ]
  },
  {
    "timeStamp": 29893,
    "rotation": [
      [
        0.9998434,
        -0.009884368,
        -0.01467786
      ],
      [
        0.013791237,
        -0.08446915,
        0.9963307
      ],
      [
        -0.0110879149,
        -0.9963771,
        -0.0843196
      ]
    ],
    "translation": [
      2.20086122,
      0.78722465,
      -0.689278
    ]
  },
  {
    "timeStamp": 29938,
    "rotation": [
      [
        0.999230266,
        0.03919676,
        0.00156644615
      ],
      [
        0.0012487917,
        -0.0716958344,
        0.997425735
      ],
      [
        0.0392081663,
        -0.99665606,
        -0.07168959
      ]
    ],
    "translation": [
      2.200183,
      0.7778767,
      -0.6853119
    ]
  },
  {
    "timeStamp": 29993,
    "rotation": [
      [
        0.992278636,
        0.120020345,
        -0.03127804
      ],
      [
        0.0370321833,
        -0.04601563,
        0.998254061
      ],
      [
        0.118371516,
        -0.991704464,
        -0.05010494
      ]
    ],
    "translation": [
      2.20334649,
      0.7664018,
      -0.68312794
    ]
  },
  {
    "timeStamp": 30038,
    "rotation": [
      [
        0.975636661,
        0.209423512,
        -0.0653825849
      ],
      [
        0.07613214,
        -0.0436773039,
        0.996140659
      ],
      [
        0.20575954,
        -0.976849,
        -0.0585570373
      ]
    ],
    "translation": [
      2.2101438,
      0.7629898,
      -0.6789273
    ]
  },
  {
    "timeStamp": 30093,
    "rotation": [
      [
        0.973449469,
        0.225569561,
        -0.03891607
      ],
      [
        0.04604366,
        -0.02642192,
        0.998589933
      ],
      [
        0.224223256,
        -0.973868668,
        -0.0361064523
      ]
    ],
    "translation": [
      2.21133685,
      0.760134339,
      -0.6740958
    ]
  },
  {
    "timeStamp": 30138,
    "rotation": [
      [
        0.9711017,
        0.2354591,
        -0.03899344
      ],
      [
        0.0439225137,
        -0.01572352,
        0.9989112
      ],
      [
        0.234589621,
        -0.971757054,
        -0.0256110933
      ]
    ],
    "translation": [
      2.21578479,
      0.759687662,
      -0.6709437
    ]
  },
  {
    "timeStamp": 30195,
    "rotation": [
      [
        0.970434666,
        0.236640632,
        -0.047516536
      ],
      [
        0.0533315167,
        -0.01822909,
        0.998410463
      ],
      [
        0.2353983,
        -0.971426249,
        -0.0303105433
      ]
    ],
    "translation": [
      2.21966672,
      0.765441656,
      -0.6661627
    ]
  },
  {
    "timeStamp": 30242,
    "rotation": [
      [
        0.9707216,
        0.239181682,
        -0.0221733376
      ],
      [
        0.02642954,
        -0.014601863,
        0.999544
      ],
      [
        0.238748834,
        -0.9708651,
        -0.0204958059
      ]
    ],
    "translation": [
      2.21489573,
      0.775622249,
      -0.667451859
    ]
  },
  {
    "timeStamp": 30287,
    "rotation": [
      [
        0.9721975,
        0.230845377,
        0.03927348
      ],
      [
        -0.038183786,
        -0.009187977,
        0.9992285
      ],
      [
        0.231028125,
        -0.972947061,
        -0.000117977841
      ]
    ],
    "translation": [
      2.20199513,
      0.790064454,
      -0.671955764
    ]
  },
  {
    "timeStamp": 30343,
    "rotation": [
      [
        0.9770653,
        0.169728488,
        0.128590882
      ],
      [
        -0.124561585,
        -0.0342234038,
        0.9916215
      ],
      [
        0.17270723,
        -0.9848964,
        -0.0122968508
      ]
    ],
    "translation": [
      2.178709,
      0.812438965,
      -0.6697988
    ]
  },
  {
    "timeStamp": 30387,
    "rotation": [
      [
        0.981166363,
        0.05779784,
        0.184314579
      ],
      [
        -0.178999946,
        -0.08659809,
        0.9800305
      ],
      [
        0.07260496,
        -0.994565248,
        -0.07462133
      ]
    ],
    "translation": [
      2.160849,
      0.8345485,
      -0.6573668
    ]
  },
  {
    "timeStamp": 30443,
    "rotation": [
      [
        0.9662753,
        -0.0351889059,
        0.2550958
      ],
      [
        -0.2574633,
        -0.112864576,
        0.959674
      ],
      [
        -0.00497857574,
        -0.9929871,
        -0.1181181
      ]
    ],
    "translation": [
      2.139965,
      0.85698694,
      -0.6463925
    ]
  },
  {
    "timeStamp": 30487,
    "rotation": [
      [
        0.966415346,
        -0.08724971,
        0.241720691
      ],
      [
        -0.2519121,
        -0.135659814,
        0.9581945
      ],
      [
        -0.0508104041,
        -0.98690623,
        -0.153083
      ]
    ],
    "translation": [
      2.12576556,
      0.864974737,
      -0.6378695
    ]
  },
  {
    "timeStamp": 30543,
    "rotation": [
      [
        0.963878751,
        -0.182173774,
        0.194294751
      ],
      [
        -0.220428213,
        -0.136167422,
        0.965851843
      ],
      [
        -0.149496242,
        -0.973792136,
        -0.171405122
      ]
    ],
    "translation": [
      2.12019229,
      0.8649315,
      -0.6273951
    ]
  },
  {
    "timeStamp": 30587,
    "rotation": [
      [
        0.956875741,
        -0.2627436,
        0.1239141
      ],
      [
        -0.157459587,
        -0.110645659,
        0.9813073
      ],
      [
        -0.244121671,
        -0.9585006,
        -0.147245646
      ]
    ],
    "translation": [
      2.12302423,
      0.8561046,
      -0.623666167
    ]
  },
  {
    "timeStamp": 30643,
    "rotation": [
      [
        0.942464352,
        -0.317825854,
        0.103670776
      ],
      [
        -0.142581061,
        -0.101655073,
        0.9845491
      ],
      [
        -0.3023765,
        -0.942683935,
        -0.141122237
      ]
    ],
    "translation": [
      2.11710262,
      0.851096749,
      -0.6194915
    ]
  },
  {
    "timeStamp": 30687,
    "rotation": [
      [
        0.9305032,
        -0.358610719,
        0.07458002
      ],
      [
        -0.116996273,
        -0.09804332,
        0.988281
      ],
      [
        -0.3470961,
        -0.9283242,
        -0.133185744
      ]
    ],
    "translation": [
      2.1153307,
      0.8457483,
      -0.614329
    ]
  },
  {
    "timeStamp": 30743,
    "rotation": [
      [
        0.9189824,
        -0.389478534,
        0.0614642277
      ],
      [
        -0.09116979,
        -0.0582314841,
        0.9941314
      ],
      [
        -0.3836137,
        -0.919192851,
        -0.08902239
      ]
    ],
    "translation": [
      2.11223316,
      0.8350877,
      -0.614958346
    ]
  },
  {
    "timeStamp": 30787,
    "rotation": [
      [
        0.9109712,
        -0.409880549,
        0.04614495
      ],
      [
        -0.07001291,
        -0.04340688,
        0.9966012
      ],
      [
        -0.406484455,
        -0.9111058,
        -0.06823935
      ]
    ],
    "translation": [
      2.108833,
      0.830472946,
      -0.613955
    ]
  },
  {
    "timeStamp": 30843,
    "rotation": [
      [
        0.90738225,
        -0.419952154,
        0.0172507521
      ],
      [
        -0.036919307,
        -0.0387517922,
        0.9985666
      ],
      [
        -0.418681741,
        -0.906718552,
        -0.0506670326
      ]
    ],
    "translation": [
      2.109194,
      0.8243305,
      -0.6117747
    ]
  },
  {
    "timeStamp": 30887,
    "rotation": [
      [
        0.9020738,
        -0.4315045,
        0.008173964
      ],
      [
        -0.0184735972,
        -0.0196836013,
        0.9996356
      ],
      [
        -0.431186348,
        -0.90189606,
        -0.0257275011
      ]
    ],
    "translation": [
      2.10870886,
      0.8207607,
      -0.612478435
    ]
  },
  {
    "timeStamp": 30943,
    "rotation": [
      [
        0.9020955,
        -0.4309751,
        -0.022003619
      ],
      [
        0.00219569076,
        -0.0464043953,
        0.9989203
      ],
      [
        -0.431530863,
        -0.901169837,
        -0.0409149043
      ]
    ],
    "translation": [
      2.11009955,
      0.8200122,
      -0.608082056
    ]
  },
  {
    "timeStamp": 30987,
    "rotation": [
      [
        0.90104,
        -0.432401627,
        -0.0339954719
      ],
      [
        0.006381803,
        -0.0651530549,
        0.9978549
      ],
      [
        -0.433688968,
        -0.8993242,
        -0.05594601
      ]
    ],
    "translation": [
      2.11166215,
      0.8207376,
      -0.6045157
    ]
  },
  {
    "timeStamp": 31043,
    "rotation": [
      [
        0.9022361,
        -0.4295392,
        -0.03828913
      ],
      [
        0.01115102,
        -0.06552048,
        0.9977889
      ],
      [
        -0.4310982,
        -0.900668144,
        -0.0543251447
      ]
    ],
    "translation": [
      2.10976434,
      0.8193221,
      -0.6025328
    ]
  },
  {
    "timeStamp": 31087,
    "rotation": [
      [
        0.902094245,
        -0.4298864,
        -0.0377299823
      ],
      [
        0.00780564034,
        -0.07116241,
        0.9974342
      ],
      [
        -0.431468338,
        -0.9000742,
        -0.0608396679
      ]
    ],
    "translation": [
      2.108585,
      0.819252849,
      -0.600652933
    ]
  },
  {
    "timeStamp": 31142,
    "rotation": [
      [
        0.9027309,
        -0.4296281,
        -0.0222862437
      ],
      [
        -0.002133453,
        -0.05627381,
        0.9984131
      ],
      [
        -0.430200458,
        -0.9012508,
        -0.0517166965
      ]
    ],
    "translation": [
      2.10428047,
      0.817791343,
      -0.6010731
    ]
  },
  {
    "timeStamp": 31187,
    "rotation": [
      [
        0.903711,
        -0.427807063,
        -0.01695752
      ],
      [
        -0.009526684,
        -0.0596901849,
        0.9981715
      ],
      [
        -0.428037,
        -0.901897,
        -0.05801826
      ]
    ],
    "translation": [
      2.10121226,
      0.8177178,
      -0.600483835
    ]
  },
  {
    "timeStamp": 31242,
    "rotation": [
      [
        0.905243,
        -0.424436182,
        -0.0197237227
      ],
      [
        -0.0108911917,
        -0.06958388,
        0.997516632
      ],
      [
        -0.42475462,
        -0.9027801,
        -0.06761294
      ]
    ],
    "translation": [
      2.09993434,
      0.816525161,
      -0.5986093
    ]
  },
  {
    "timeStamp": 31287,
    "rotation": [
      [
        0.901736557,
        -0.432285935,
        0.000191838888
      ],
      [
        -0.0273879971,
        -0.0566877127,
        0.998016238
      ],
      [
        -0.4314175,
        -0.899953,
        -0.06295683
      ]
    ],
    "translation": [
      2.0973773,
      0.8144484,
      -0.5985273
    ]
  },
  {
    "timeStamp": 31342,
    "rotation": [
      [
        0.905355334,
        -0.4246399,
        -0.00355824828
      ],
      [
        -0.02775877,
        -0.06754028,
        0.9973303
      ],
      [
        -0.4237466,
        -0.902839541,
        -0.07293543
      ]
    ],
    "translation": [
      2.09629273,
      0.813932538,
      -0.596402168
    ]
  },
  {
    "timeStamp": 31387,
    "rotation": [
      [
        0.904616058,
        -0.426085263,
        -0.011006292
      ],
      [
        -0.0213268623,
        -0.07103883,
        0.99724555
      ],
      [
        -0.425693482,
        -0.9018896,
        -0.07334993
      ]
    ],
    "translation": [
      2.09643841,
      0.8130793,
      -0.5954724
    ]
  },
  {
    "timeStamp": 31442,
    "rotation": [
      [
        0.906054735,
        -0.4231604,
        0.00016511463
      ],
      [
        -0.0306515638,
        -0.06524077,
        0.9973987
      ],
      [
        -0.422048837,
        -0.903702855,
        -0.0720822439
      ]
    ],
    "translation": [
      2.09412265,
      0.811793268,
      -0.594621
    ]
  },
  {
    "timeStamp": 31487,
    "rotation": [
      [
        0.904473364,
        -0.4265081,
        0.004335189
      ],
      [
        -0.0345116667,
        -0.06304899,
        0.9974135
      ],
      [
        -0.425131619,
        -0.902283549,
        -0.07174564
      ]
    ],
    "translation": [
      2.09320974,
      0.810965359,
      -0.5940291
    ]
  }
]