[
  {
    "timeStamp": 61540,
    "rotation": [
      [
        0.3645658,
        -0.53956,
        -0.7589248
      ],
      [
        -0.307181925,
        0.6997062,
        -0.64501977
      ],
      [
        0.879051268,
        0.4682801,
        0.08934587
      ]
    ],
    "translation": [
      1.33385372,
      0.7727149,
      -0.535503864
    ]
  },
  {
    "timeStamp": 61595,
    "rotation": [
      [
        0.414523631,
        -0.5278657,
        -0.741301537
      ],
      [
        -0.300108075,
        0.6897221,
        -0.6589526
      ],
      [
        0.859130561,
        0.495622,
        0.127489358
      ]
    ],
    "translation": [
      1.34115171,
      0.7829417,
      -0.5360479
    ]
  },
  {
    "timeStamp": 61640,
    "rotation": [
      [
        0.394890159,
        -0.494677663,
        -0.7741807
      ],
      [
        -0.33002755,
        0.7100403,
        -0.622032642
      ],
      [
        0.8574052,
        0.5011355,
        0.117130667
      ]
    ],
    "translation": [
      1.3446331,
      0.796043456,
      -0.5452741
    ]
  },
  {
    "timeStamp": 61695,
    "rotation": [
      [
        0.343990743,
        -0.460193932,
        -0.8184693
      ],
      [
        -0.3389022,
        0.7520591,
        -0.5652897
      ],
      [
        0.875680149,
        0.471835464,
        0.102740616
      ]
    ],
    "translation": [
      1.35530829,
      0.82189256,
      -0.567987442
    ]
  },
  {
    "timeStamp": 61740,
    "rotation": [
      [
        0.294608057,
        -0.442604154,
        -0.84694016
      ],
      [
        -0.3548494,
        0.7722388,
        -0.5270001
      ],
      [
        0.8872925,
        0.4557947,
        0.07044994
      ]
    ],
    "translation": [
      1.37114632,
      0.8417017,
      -0.5932142
    ]
  },
  {
    "timeStamp": 61795,
    "rotation": [
      [
        0.235414743,
        -0.436699867,
        -0.868258655
      ],
      [
        -0.370432734,
        0.7856143,
        -0.495570064
      ],
      [
        0.898531854,
        0.438295931,
        0.0231772717
      ]
    ],
    "translation": [
      1.39939058,
      0.8614282,
      -0.630542457
    ]
  },
  {
    "timeStamp": 61840,
    "rotation": [
      [
        0.190912828,
        -0.444077134,
        -0.875413
      ],
      [
        -0.39311254,
        0.7825879,
        -0.482720256
      ],
      [
        0.899452567,
        0.436293274,
        -0.0251662266
      ]
    ],
    "translation": [
      1.4280467,
      0.8708435,
      -0.664453268
    ]
  },
  {
    "timeStamp": 61895,
    "rotation": [
      [
        0.143826157,
        -0.4773572,
        -0.8668588
      ],
      [
        -0.436114639,
        0.755741835,
        -0.488526553
      ],
      [
        0.8883231,
        0.44831273,
        -0.09948702
      ]
    ],
    "translation": [
      1.46957421,
      0.873846054,
      -0.7090263
    ]
  },
  {
    "timeStamp": 61939,
    "rotation": [
      [
        0.1319993,
        -0.494263232,
        -0.8592323
      ],
      [
        -0.4678014,
        0.733155,
        -0.49360466
      ],
      [
        0.8739211,
        0.4671055,
        -0.1344411
      ]
    ],
    "translation": [
      1.507052,
      0.872993767,
      -0.741013169
    ]
  },
  {
    "timeStamp": 61995,
    "rotation": [
      [
        0.12159209,
        -0.51134,
        -0.850733042
      ],
      [
        -0.5112961,
        0.7023636,
        -0.495239
      ],
      [
        0.850759447,
        0.49519363,
        -0.1760443
      ]
    ],
    "translation": [
      1.55677938,
      0.871321142,
      -0.775947452
    ]
  },
  {
    "timeStamp": 62040,
    "rotation": [
      [
        0.14984633,
        -0.5148363,
        -0.844091
      ],
      [
        -0.517871737,
        0.686380565,
        -0.510578632
      ],
      [
        0.842232168,
        0.5136392,
        -0.163767561
      ]
    ],
    "translation": [
      1.59793758,
      0.8715465,
      -0.794574142
    ]
  },
  {
    "timeStamp": 62095,
    "rotation": [
      [
        0.236692667,
        -0.459185123,
        -0.8562275
      ],
      [
        -0.5493691,
        0.6636116,
        -0.507753134
      ],
      [
        0.8013552,
        0.5905664,
        -0.09519011
      ]
    ],
    "translation": [
      1.65061736,
      0.875654042,
      -0.804088
    ]
  },
  {
    "timeStamp": 62139,
    "rotation": [
      [
        0.3151039,
        -0.407026678,
        -0.857344031
      ],
      [
        -0.5425963,
        0.6639005,
        -0.5146119
      ],
      [
        0.7786519,
        0.6273479,
        -0.0116535276
      ]
    ],
    "translation": [
      1.69092941,
      0.8822659,
      -0.804710031
    ]
  },
  {
    "timeStamp": 62195,
    "rotation": [
      [
        0.389842033,
        -0.329352468,
        -0.859971
      ],
      [
        -0.530098259,
        0.683356,
        -0.5020164
      ],
      [
        0.753006637,
        0.6515762,
        0.09181172
      ]
    ],
    "translation": [
      1.73867214,
      0.89613986,
      -0.7985771
    ]
  },
  {
    "timeStamp": 62239,
    "rotation": [
      [
        0.478922784,
        -0.240362674,
        -0.8443096
      ],
      [
        -0.4736644,
        0.7390118,
        -0.4790654
      ],
      [
        0.7391042,
        0.6293547,
        0.240078345
      ]
    ],
    "translation": [
      1.77934146,
      0.9154482,
      -0.785971761
    ]
  },
  {
    "timeStamp": 62295,
    "rotation": [
      [
        0.6144647,
        -0.07549385,
        -0.785324
      ],
      [
        -0.430290133,
        0.802261353,
        -0.413795948
      ],
      [
        0.6612742,
        0.5921802,
        0.460477024
      ]
    ],
    "translation": [
      1.84064686,
      0.9433079,
      -0.7639006
    ]
  },
  {
    "timeStamp": 62340,
    "rotation": [
      [
        0.729492843,
        0.0361781456,
        -0.683030963
      ],
      [
        -0.381299824,
        0.85054785,
        -0.362186
      ],
      [
        0.5678473,
        0.5246517,
        0.634263337
      ]
    ],
    "translation": [
      1.89643037,
      0.9657669,
      -0.7487152
    ]
  },
  {
    "timeStamp": 62395,
    "rotation": [
      [
        0.823925,
        0.115200981,
        -0.5548661
      ],
      [
        -0.3321314,
        0.891497552,
        -0.3080923
      ],
      [
        0.4591692,
        0.4381334,
        0.772789
      ]
    ],
    "translation": [
      1.96320653,
      0.9897774,
      -0.738284349
    ]
  },
  {
    "timeStamp": 62439,
    "rotation": [
      [
        0.8784112,
        0.143813685,
        -0.4557537
      ],
      [
        -0.292648852,
        0.915804,
        -0.27506277
      ],
      [
        0.3778233,
        0.374994,
        0.846539438
      ]
    ],
    "translation": [
      2.01184368,
      1.00451839,
      -0.735682368
    ]
  },
  {
    "timeStamp": 62495,
    "rotation": [
      [
        0.9230198,
        0.165057555,
        -0.3475492
      ],
      [
        -0.2662495,
        0.926106334,
        -0.267279327
      ],
      [
        0.277751029,
        0.3392389,
        0.898761034
      ]
    ],
    "translation": [
      2.06869769,
      1.01085508,
      -0.7374212
    ]
  },
  {
    "timeStamp": 62539,
    "rotation": [
      [
        0.93772006,
        0.178040937,
        -0.2982992
      ],
      [
        -0.268154353,
        0.9168644,
        -0.295724332
      ],
      [
        0.220848873,
        0.357296884,
        0.9075046
      ]
    ],
    "translation": [
      2.10687113,
      1.004521,
      -0.7398858
    ]
  },
  {
    "timeStamp": 62604,
    "rotation": [
      [
        0.9471487,
        0.173639223,
        -0.269738317
      ],
      [
        -0.268119454,
        0.8901441,
        -0.36845
      ],
      [
        0.176128611,
        0.421299,
        0.8896549
      ]
    ],
    "translation": [
      2.1428895,
      0.9836594,
      -0.7436832
    ]
  },
  {
    "timeStamp": 62640,
    "rotation": [
      [
        0.93294996,
        0.1788064,
        -0.31246224
      ],
      [
        -0.314259231,
        0.8279143,
        -0.464541733
      ],
      [
        0.175628945,
        0.5315884,
        0.828594148
      ]
    ],
    "translation": [
      2.15946174,
      0.956439,
      -0.743936539
    ]
  },
  {
    "timeStamp": 62690,
    "rotation": [
      [
        0.924961865,
        0.140601352,
        -0.353095859
      ],
      [
        -0.323892474,
        0.7776891,
        -0.538788736
      ],
      [
        0.198844388,
        0.6127241,
        0.7648725
      ]
    ],
    "translation": [
      2.16874981,
      0.926871657,
      -0.7489791
    ]
  },
  {
    "timeStamp": 62745,
    "rotation": [
      [
        0.910124063,
        0.06775043,
        -0.408759177
      ],
      [
        -0.328112841,
        0.7202814,
        -0.6111765
      ],
      [
        0.253014147,
        0.690365553,
        0.6777752
      ]
    ],
    "translation": [
      2.167256,
      0.8965829,
      -0.7546768
    ]
  },
  {
    "timeStamp": 62790,
    "rotation": [
      [
        0.907545447,
        0.0418776646,
        -0.417860746
      ],
      [
        -0.318463176,
        0.717251956,
        -0.6197829
      ],
      [
        0.273756355,
        0.695554435,
        0.6642752
      ]
    ],
    "translation": [
      2.16813684,
      0.8789278,
      -0.7571587
    ]
  },
  {
    "timeStamp": 62845,
    "rotation": [
      [
        0.90275526,
        0.0488689132,
        -0.4273696
      ],
      [
        -0.342829645,
        0.6818193,
        -0.6462123
      ],
      [
        0.259809136,
        0.7298865,
        0.6322696
      ]
    ],
    "translation": [
      2.17164946,
      0.856506944,
      -0.7586218
    ]
  },
  {
    "timeStamp": 62890,
    "rotation": [
      [
        0.9072481,
        0.04011607,
        -0.418678373
      ],
      [
        -0.3293481,
        0.6868812,
        -0.6478611
      ],
      [
        0.2615927,
        0.7256617,
        0.6363838
      ]
    ],
    "translation": [
      2.17314124,
      0.8456506,
      -0.7576784
    ]
  },
  {
    "timeStamp": 62945,
    "rotation": [
      [
        0.9061768,
        0.05116491,
        -0.419792563
      ],
      [
        -0.3416281,
        0.673659444,
        -0.6553421
      ],
      [
        0.249266669,
        0.737268746,
        0.6279339
      ]
    ],
    "translation": [
      2.17540622,
      0.8319936,
      -0.755441546
    ]
  },
  {
    "timeStamp": 62990,
    "rotation": [
      [
        0.9064995,
        0.05489381,
        -0.418623149
      ],
      [
        -0.344191164,
        0.6703182,
        -0.657423735
      ],
      [
        0.244522229,
        0.7400407,
        0.6265371
      ]
    ],
    "translation": [
      2.17619514,
      0.823189,
      -0.7528821
    ]
  },
  {
    "timeStamp": 63045,
    "rotation": [
      [
        0.899846554,
        0.050282605,
        -0.433298826
      ],
      [
        -0.351256132,
        0.672507346,
        -0.6514239
      ],
      [
        0.258641332,
        0.7383804,
        0.6228155
      ]
    ],
    "translation": [
      2.1747005,
      0.817352951,
      -0.7485229
    ]
  },
  {
    "timeStamp": 63090,
    "rotation": [
      [
        0.8973626,
        0.05332263,
        -0.438060522
      ],
      [
        -0.353152275,
        0.6820255,
        -0.6404098
      ],
      [
        0.264620066,
        0.729381859,
        0.630855143
      ]
    ],
    "translation": [
      2.17254138,
      0.8147644,
      -0.745221
    ]
  },
  {
    "timeStamp": 63136,
    "rotation": [
      [
        0.8988033,
        0.04430332,
        -0.436107635
      ],
      [
        -0.345084369,
        0.685013,
        -0.641618252
      ],
      [
        0.270313561,
        0.7271825,
        0.6309803
      ]
    ],
    "translation": [
      2.171416,
      0.8117791,
      -0.7414451
    ]
  },
  {
    "timeStamp": 63192,
    "rotation": [
      [
        0.9103757,
        0.02779312,
        -0.412848115
      ],
      [
        -0.3190969,
        0.6823469,
        -0.657708049
      ],
      [
        0.263425857,
        0.7305,
        0.6300608
      ]
    ],
    "translation": [
      2.17142439,
      0.8065217,
      -0.738002062
    ]
  }
]