[
  {
    "timeStamp": 13828,
    "rotation": [
      [
        -0.999998331,
        0.000135274022,
        0.00180594029
      ],
      [
        0.00180689024,
        0.00738577265,
        0.9999711
      ],
      [
        0.000121931582,
        0.9999727,
        -0.00738600455
      ]
    ],
    "translation": [
      1.4618994,
      0.70095396,
      -0.619262338
    ]
  },
  {
    "timeStamp": 13884,
    "rotation": [
      [
        -0.999997735,
        0.000245102536,
        -0.002135565
      ],
      [
        -0.002135784,
        -0.0008957232,
        0.9999973
      ],
      [
        0.000243188813,
        0.9999996,
        0.0008962446
      ]
    ],
    "translation": [
      1.461934,
      0.7019222,
      -0.619235754
    ]
  },
  {
    "timeStamp": 13928,
    "rotation": [
      [
        -0.9999962,
        -0.000341103732,
        0.00273867929
      ],
      [
        0.00273871236,
        -9.591929E-05,
        0.999996245
      ],
      [
        -0.000340839761,
        0.99999994,
        9.68531E-05
      ]
    ],
    "translation": [
      1.4619329,
      0.701731,
      -0.6192502
    ]
  },
  {
    "timeStamp": 13983,
    "rotation": [
      [
        -0.9998574,
        -8.106156E-05,
        0.01688841
      ],
      [
        0.0168882087,
        0.002050747,
        0.9998553
      ],
      [
        -0.000115683935,
        0.9999979,
        -0.00204908545
      ]
    ],
    "translation": [
      1.46191943,
      0.7021576,
      -0.6192464
    ]
  },
  {
    "timeStamp": 14028,
    "rotation": [
      [
        -0.999,
        0.00240845419,
        0.04464512
      ],
      [
        0.0446408726,
        -0.00178878952,
        0.9990015
      ],
      [
        0.00248590973,
        0.99999547,
        0.0016794852
      ]
    ],
    "translation": [
      1.46239543,
      0.7196276,
      -0.620143652
    ]
  },
  {
    "timeStamp": 14083,
    "rotation": [
      [
        -0.99437207,
        0.0452522039,
        0.09579395
      ],
      [
        0.09569271,
        -0.00440325076,
        0.9954012
      ],
      [
        0.0454659,
        0.9989659,
        4.816339E-05
      ]
    ],
    "translation": [
      1.458824,
      0.7499645,
      -0.6210425
    ]
  },
  {
    "timeStamp": 14128,
    "rotation": [
      [
        -0.9868064,
        0.07734344,
        0.14223595
      ],
      [
        0.142520532,
        -0.00185609085,
        0.9897901
      ],
      [
        0.07681777,
        0.9970028,
        -0.00919142552
      ]
    ],
    "translation": [
      1.46235359,
      0.776684642,
      -0.61849153
    ]
  },
  {
    "timeStamp": 14183,
    "rotation": [
      [
        -0.965704143,
        0.15545243,
        0.207966238
      ],
      [
        0.2064796,
        -0.0258318,
        0.978109837
      ],
      [
        0.157421708,
        0.987505555,
        -0.00715187844
      ]
    ],
    "translation": [
      1.4703095,
      0.8149821,
      -0.6181517
    ]
  },
  {
    "timeStamp": 14228,
    "rotation": [
      [
        -0.9336019,
        0.240004733,
        0.266054839
      ],
      [
        0.261743069,
        -0.050278265,
        0.9638271
      ],
      [
        0.244699836,
        0.969468832,
        -0.0158796925
      ]
    ],
    "translation": [
      1.481581,
      0.8466011,
      -0.614537
    ]
  },
  {
    "timeStamp": 14283,
    "rotation": [
      [
        -0.8829771,
        0.348730028,
        0.314227283
      ],
      [
        0.307376057,
        -0.07640183,
        0.9485161
      ],
      [
        0.354783565,
        0.9341039,
        -0.039730195
      ]
    ],
    "translation": [
      1.507967,
      0.881623745,
      -0.60451
    ]
  },
  {
    "timeStamp": 14328,
    "rotation": [
      [
        -0.8243026,
        0.47015506,
        0.315403432
      ],
      [
        0.305489779,
        -0.0996689647,
        0.9469647
      ],
      [
        0.476656139,
        0.876938,
        -0.0614701733
      ]
    ],
    "translation": [
      1.54586089,
      0.901901364,
      -0.5921314
    ]
  },
  {
    "timeStamp": 14383,
    "rotation": [
      [
        -0.736971855,
        0.586573064,
        0.33586365
      ],
      [
        0.346867472,
        -0.0982753038,
        0.932751238
      ],
      [
        0.580133855,
        0.8039116,
        -0.131037
      ]
    ],
    "translation": [
      1.59478164,
      0.9301758,
      -0.56667304
    ]
  },
  {
    "timeStamp": 14428,
    "rotation": [
      [
        -0.646773636,
        0.6841758,
        0.337027252
      ],
      [
        0.352586538,
        -0.123616621,
        0.9275784
      ],
      [
        0.676288843,
        0.7187645,
        -0.1612792
      ]
    ],
    "translation": [
      1.64636064,
      0.9484955,
      -0.5529822
    ]
  },
  {
    "timeStamp": 14484,
    "rotation": [
      [
        -0.472357243,
        0.8134113,
        0.3394712
      ],
      [
        0.363022447,
        -0.171422809,
        0.915876031
      ],
      [
        0.803177059,
        0.555856347,
        -0.21431376
      ]
    ],
    "translation": [
      1.71735811,
      0.9689839,
      -0.531724751
    ]
  },
  {
    "timeStamp": 14528,
    "rotation": [
      [
        -0.32277438,
        0.8988757,
        0.2963769
      ],
      [
        0.356381834,
        -0.174667358,
        0.9178689
      ],
      [
        0.8768174,
        0.4018879,
        -0.2639648
      ]
    ],
    "translation": [
      1.79196715,
      0.9764731,
      -0.515452
    ]
  },
  {
    "timeStamp": 14583,
    "rotation": [
      [
        -0.162423164,
        0.956864,
        0.240894109
      ],
      [
        0.360452265,
        -0.16972509,
        0.9172064
      ],
      [
        0.918527544,
        0.235806361,
        -0.3173365
      ]
    ],
    "translation": [
      1.88133788,
      0.9853112,
      -0.5064571
    ]
  },
  {
    "timeStamp": 14628,
    "rotation": [
      [
        -0.0598836131,
        0.9742235,
        0.217491284
      ],
      [
        0.3531348,
        -0.183116361,
        0.9174771
      ],
      [
        0.933653951,
        0.131745592,
        -0.333066583
      ]
    ],
    "translation": [
      1.93738544,
      0.9931836,
      -0.5120206
    ]
  },
  {
    "timeStamp": 14683,
    "rotation": [
      [
        0.0167462118,
        0.9857768,
        0.1672236
      ],
      [
        0.341532648,
        -0.162827164,
        0.925658
      ],
      [
        0.9397207,
        0.0416110754,
        -0.3394017
      ]
    ],
    "translation": [
      2.001887,
      0.997939169,
      -0.5260735
    ]
  },
  {
    "timeStamp": 14728,
    "rotation": [
      [
        0.0374163948,
        0.9916196,
        0.123655416
      ],
      [
        0.299092054,
        -0.129182264,
        0.9454395
      ],
      [
        0.953490436,
        0.00160941156,
        -0.301419079
      ]
    ],
    "translation": [
      2.04154134,
      0.9906801,
      -0.548476636
    ]
  },
  {
    "timeStamp": 14783,
    "rotation": [
      [
        0.04844088,
        0.9979936,
        0.04077072
      ],
      [
        0.235551924,
        -0.051081568,
        0.9705184
      ],
      [
        0.9706538,
        -0.03740915,
        -0.237553746
      ]
    ],
    "translation": [
      2.08940744,
      0.972712159,
      -0.5780112
    ]
  },
  {
    "timeStamp": 14828,
    "rotation": [
      [
        0.05077461,
        0.99858135,
        -0.016040517
      ],
      [
        0.192479551,
        0.00597568648,
        0.9812828
      ],
      [
        0.979986548,
        -0.05291173,
        -0.19190307
      ]
    ],
    "translation": [
      2.1180203,
      0.9567584,
      -0.5968785
    ]
  },
  {
    "timeStamp": 14883,
    "rotation": [
      [
        0.04128073,
        0.9978821,
        -0.0502699651
      ],
      [
        0.12236999,
        0.0448846519,
        0.9914691
      ],
      [
        0.9916256,
        -0.0470801033,
        -0.120257959
      ]
    ],
    "translation": [
      2.13725972,
      0.930994868,
      -0.6194118
    ]
  },
  {
    "timeStamp": 14934,
    "rotation": [
      [
        0.0443635248,
        0.9952659,
        -0.08647309
      ],
      [
        0.071661815,
        0.083164975,
        0.9939558
      ],
      [
        0.9964419,
        -0.05029223,
        -0.06763306
      ]
    ],
    "translation": [
      2.15482759,
      0.9037662,
      -0.63938
    ]
  },
  {
    "timeStamp": 14978,
    "rotation": [
      [
        0.03118099,
        0.9980125,
        -0.0547615066
      ],
      [
        0.0311064254,
        0.0537926666,
        0.9980675
      ],
      [
        0.9990296,
        -0.03282417,
        -0.0293672923
      ]
    ],
    "translation": [
      2.146845,
      0.883331537,
      -0.6510596
    ]
  },
  {
    "timeStamp": 15034,
    "rotation": [
      [
        -0.0009741877,
        0.999815166,
        -0.0191996172
      ],
      [
        0.000616619538,
        0.0192002244,
        0.999815464
      ],
      [
        0.999999344,
        0.000962168735,
        -0.000635210134
      ]
    ],
    "translation": [
      2.1281724,
      0.861755967,
      -0.6576483
    ]
  },
  {
    "timeStamp": 15078,
    "rotation": [
      [
        -0.0234181136,
        0.9996256,
        -0.0141519913
      ],
      [
        -0.00429609977,
        0.0140551189,
        0.999892
      ],
      [
        0.9997165,
        0.02347638,
        0.00396534661
      ]
    ],
    "translation": [
      2.122071,
      0.846194863,
      -0.6556378
    ]
  },
  {
    "timeStamp": 15133,
    "rotation": [
      [
        -0.0604107454,
        0.997993052,
        -0.0189839583
      ],
      [
        -0.0242574215,
        0.017545253,
        0.9995518
      ],
      [
        0.9978788,
        0.0608441681,
        0.0231488142
      ]
    ],
    "translation": [
      2.11443925,
      0.8261031,
      -0.6550371
    ]
  },
  {
    "timeStamp": 15178,
    "rotation": [
      [
        -0.108838029,
        0.992884159,
        -0.0483253
      ],
      [
        -0.00273805065,
        0.0483144745,
        0.9988284
      ],
      [
        0.994055748,
        0.108842835,
        -0.00253988523
      ]
    ],
    "translation": [
      2.12422061,
      0.813552737,
      -0.643330157
    ]
  },
  {
    "timeStamp": 15233,
    "rotation": [
      [
        -0.243745312,
        0.9691148,
        -0.0374800451
      ],
      [
        0.0508485846,
        0.0513624661,
        0.9973847
      ],
      [
        0.9685053,
        0.241202027,
        -0.0617974773
      ]
    ],
    "translation": [
      2.1161747,
      0.803625166,
      -0.624890745
    ]
  },
  {
    "timeStamp": 15278,
    "rotation": [
      [
        -0.349800855,
        0.9354612,
        -0.0505138338
      ],
      [
        0.05118205,
        0.07292283,
        0.9960234
      ],
      [
        0.9354249,
        0.34582445,
        -0.073387295
      ]
    ],
    "translation": [
      2.11798048,
      0.794843435,
      -0.616262436
    ]
  },
  {
    "timeStamp": 15335,
    "rotation": [
      [
        -0.387372345,
        0.9198628,
        -0.0616047
      ],
      [
        0.012234278,
        0.07194514,
        0.9973335
      ],
      [
        0.9218422,
        0.385585725,
        -0.0391234122
      ]
    ],
    "translation": [
      2.127999,
      0.778788745,
      -0.6190498
    ]
  },
  {
    "timeStamp": 15380,
    "rotation": [
      [
        -0.4443732,
        0.8948305,
        -0.0425535
      ],
      [
        0.008347793,
        0.05163524,
        0.9986311
      ],
      [
        0.895802855,
        0.443409681,
        -0.0304151736
      ]
    ],
    "translation": [
      2.1276083,
      0.769948661,
      -0.6200046
    ]
  },
  {
    "timeStamp": 15426,
    "rotation": [
      [
        -0.519620955,
        0.8535546,
        -0.0379284024
      ],
      [
        -0.00439263042,
        0.0417225845,
        0.9991196
      ],
      [
        0.8543856,
        0.51933,
        -0.0179305784
      ]
    ],
    "translation": [
      2.12552,
      0.761560857,
      -0.621939361
    ]
  },
  {
    "timeStamp": 15483,
    "rotation": [
      [
        -0.602098167,
        0.7939385,
        -0.08449478
      ],
      [
        -0.00323795527,
        0.103398278,
        0.994634748
      ],
      [
        0.7984155,
        0.599141359,
        -0.0596851781
      ]
    ],
    "translation": [
      2.14038014,
      0.7529812,
      -0.610004544
    ]
  },
  {
    "timeStamp": 15527,
    "rotation": [
      [
        -0.664893568,
        0.7461381,
        -0.0345593356
      ],
      [
        0.00386193651,
        0.0497014448,
        0.998756647
      ],
      [
        0.7469281,
        0.6639334,
        -0.03592771
      ]
    ],
    "translation": [
      2.124994,
      0.7499144,
      -0.61175406
    ]
  },
  {
    "timeStamp": 15583,
    "rotation": [
      [
        -0.739595652,
        0.666551,
        -0.09331689
      ],
      [
        -0.0180922821,
        0.118908338,
        0.9927404
      ],
      [
        0.67280823,
        0.735914767,
        -0.07588466
      ]
    ],
    "translation": [
      2.14061475,
      0.741580248,
      -0.599624753
    ]
  },
  {
    "timeStamp": 15627,
    "rotation": [
      [
        -0.7776862,
        0.623618245,
        -0.07940074
      ],
      [
        -0.0234910548,
        0.097387515,
        0.994969249
      ],
      [
        0.628213644,
        0.775639057,
        -0.0610874742
      ]
    ],
    "translation": [
      2.13876963,
      0.738551736,
      -0.5983959
    ]
  },
  {
    "timeStamp": 15683,
    "rotation": [
      [
        -0.820043445,
        0.567955136,
        -0.07039685
      ],
      [
        -0.0167875867,
        0.09908164,
        0.9949377
      ],
      [
        0.572055,
        0.817073941,
        -0.07171665
      ]
    ],
    "translation": [
      2.13632822,
      0.736581862,
      -0.5919581
    ]
  },
  {
    "timeStamp": 15730,
    "rotation": [
      [
        -0.8484905,
        0.526147664,
        -0.0568556972
      ],
      [
        -0.00952079,
        0.09224106,
        0.9956912
      ],
      [
        0.529125035,
        0.8453758,
        -0.07325632
      ]
    ],
    "translation": [
      2.13316846,
      0.7358986,
      -0.585699856
    ]
  },
  {
    "timeStamp": 15781,
    "rotation": [
      [
        -0.8786548,
        0.4735635,
        -0.0608552322
      ],
      [
        -0.0129927881,
        0.1036943,
        0.99452436
      ],
      [
        0.477280766,
        0.874634266,
        -0.08495858
      ]
    ],
    "translation": [
      2.134328,
      0.732659936,
      -0.5790391
    ]
  },
  {
    "timeStamp": 15826,
    "rotation": [
      [
        -0.9004917,
        0.42844674,
        -0.0744854
      ],
      [
        -0.0282514673,
        0.113283128,
        0.993161
      ],
      [
        0.4339545,
        0.8964376,
        -0.08990627
      ]
    ],
    "translation": [
      2.140101,
      0.729395032,
      -0.5728725
    ]
  },
  {
    "timeStamp": 15881,
    "rotation": [
      [
        -0.9225789,
        0.3792304,
        -0.0709406137
      ],
      [
        -0.0297666434,
        0.113360144,
        0.993108
      ],
      [
        0.384658575,
        0.91833204,
        -0.0932952538
      ]
    ],
    "translation": [
      2.14138579,
      0.7266104,
      -0.567629457
    ]
  },
  {
    "timeStamp": 15926,
    "rotation": [
      [
        -0.9316921,
        0.35575375,
        -0.07341016
      ],
      [
        -0.0351312235,
        0.11289756,
        0.992985368
      ],
      [
        0.3615461,
        0.9277356,
        -0.0926877
      ]
    ],
    "translation": [
      2.14245939,
      0.7256504,
      -0.564288855
    ]
  },
  {
    "timeStamp": 15981,
    "rotation": [
      [
        -0.9481716,
        0.310170949,
        -0.06902669
      ],
      [
        -0.03826737,
        0.104188219,
        0.993821144
      ],
      [
        0.3154462,
        0.944954455,
        -0.08691888
      ]
    ],
    "translation": [
      2.142617,
      0.7256781,
      -0.561585248
    ]
  },
  {
    "timeStamp": 16026,
    "rotation": [
      [
        -0.9641678,
        0.257957458,
        -0.06195492
      ],
      [
        -0.0345741361,
        0.109362148,
        0.9934005
      ],
      [
        0.2630306,
        0.9599468,
        -0.0965248048
      ]
    ],
    "translation": [
      2.14245224,
      0.72550714,
      -0.558439434
    ]
  },
  {
    "timeStamp": 16081,
    "rotation": [
      [
        -0.9687914,
        0.240531191,
        -0.0598988719
      ],
      [
        -0.0400902629,
        0.08642257,
        0.9954516
      ],
      [
        0.244613767,
        0.9667864,
        -0.0740824938
      ]
    ],
    "translation": [
      2.14242649,
      0.725513458,
      -0.557343
    ]
  },
  {
    "timeStamp": 16127,
    "rotation": [
      [
        -0.9729844,
        0.2249869,
        -0.05179165
      ],
      [
        -0.0317168236,
        0.0919437259,
        0.995259
      ],
      [
        0.228682116,
        0.9700141,
        -0.08232394
      ]
    ],
    "translation": [
      2.14245224,
      0.7249766,
      -0.5564341
    ]
  },
  {
    "timeStamp": 16182,
    "rotation": [
      [
        -0.975227952,
        0.215243265,
        -0.050997477
      ],
      [
        -0.03671994,
        0.0698197559,
        0.9968836
      ],
      [
        0.2181331,
        0.9740613,
        -0.06018646
      ]
    ],
    "translation": [
      2.142227,
      0.7249718,
      -0.5556852
    ]
  },
  {
    "timeStamp": 16227,
    "rotation": [
      [
        -0.9767569,
        0.208772,
        -0.04858292
      ],
      [
        -0.0379348621,
        0.0547103956,
        0.9977814
      ],
      [
        0.210966811,
        0.9764328,
        -0.0455190167
      ]
    ],
    "translation": [
      2.14239669,
      0.7248742,
      -0.5556223
    ]
  },
  {
    "timeStamp": 16283,
    "rotation": [
      [
        -0.9879322,
        0.148488313,
        -0.04405808
      ],
      [
        -0.0350294374,
        0.06288096,
        0.9974061
      ],
      [
        0.150873542,
        0.986912966,
        -0.05692067
      ]
    ],
    "translation": [
      2.14208174,
      0.724916458,
      -0.5524462
    ]
  },
  {
    "timeStamp": 16327,
    "rotation": [
      [
        -0.991832256,
        0.115072288,
        -0.05501893
      ],
      [
        -0.05019112,
        0.04444152,
        0.997750342
      ],
      [
        0.117258564,
        0.9923625,
        -0.0383029245
      ]
    ],
    "translation": [
      2.14179635,
      0.725605369,
      -0.5501574
    ]
  },
  {
    "timeStamp": 16383,
    "rotation": [
      [
        -0.9960652,
        0.07117455,
        -0.0528038926
      ],
      [
        -0.0482368022,
        0.06442741,
        0.9967559
      ],
      [
        0.07434566,
        0.995380938,
        -0.0607406721
      ]
    ],
    "translation": [
      2.14232779,
      0.725726,
      -0.543616
    ]
  },
  {
    "timeStamp": 16427,
    "rotation": [
      [
        -0.9976563,
        0.0018043326,
        -0.06840048
      ],
      [
        -0.06820998,
        0.0528285727,
        0.9962713
      ],
      [
        0.005411111,
        0.998602,
        -0.0525816865
      ]
    ],
    "translation": [
      2.14569259,
      0.727164149,
      -0.5406629
    ]
  },
  {
    "timeStamp": 16483,
    "rotation": [
      [
        -0.997573435,
        -0.005307081,
        -0.06941997
      ],
      [
        -0.06960656,
        0.0546619557,
        0.9960758
      ],
      [
        -0.00149163278,
        0.99849087,
        -0.05489872
      ]
    ],
    "translation": [
      2.14711261,
      0.7281902,
      -0.5405984
    ]
  },
  {
    "timeStamp": 16527,
    "rotation": [
      [
        -0.9964582,
        -0.03392521,
        -0.07694301
      ],
      [
        -0.07836716,
        0.0428635255,
        0.9960027
      ],
      [
        -0.03049156,
        0.9985048,
        -0.0453703366
      ]
    ],
    "translation": [
      2.15010762,
      0.7281507,
      -0.5396928
    ]
  },
  {
    "timeStamp": 16582,
    "rotation": [
      [
        -0.9966663,
        -0.0301708858,
        -0.07580203
      ],
      [
        -0.0768584,
        0.03554476,
        0.9964082
      ],
      [
        -0.02736815,
        0.9989126,
        -0.03774515
      ]
    ],
    "translation": [
      2.15136862,
      0.727989554,
      -0.539978862
    ]
  },
  {
    "timeStamp": 16627,
    "rotation": [
      [
        -0.996807337,
        -0.0251533855,
        -0.0757787153
      ],
      [
        -0.07658664,
        0.0328813642,
        0.9965206
      ],
      [
        -0.0225741453,
        0.9991427,
        -0.0347028
      ]
    ],
    "translation": [
      2.15122819,
      0.7280968,
      -0.5401542
    ]
  },
  {
    "timeStamp": 16683,
    "rotation": [
      [
        -0.996751666,
        -0.016210027,
        -0.07888754
      ],
      [
        -0.07928284,
        0.0253925119,
        0.9965287
      ],
      [
        -0.0141505944,
        0.9995461,
        -0.0265952051
      ]
    ],
    "translation": [
      2.15107656,
      0.7281521,
      -0.540468633
    ]
  },
  {
    "timeStamp": 16727,
    "rotation": [
      [
        -0.997320533,
        -0.000871210359,
        -0.073150225
      ],
      [
        -0.073153846,
        0.01842226,
        0.9971505
      ],
      [
        0.000478877366,
        0.9998299,
        -0.01843663
      ]
    ],
    "translation": [
      2.150407,
      0.728249669,
      -0.541141331
    ]
  },
  {
    "timeStamp": 16782,
    "rotation": [
      [
        -0.9971827,
        0.03062714,
        -0.0684730858
      ],
      [
        -0.06784242,
        0.021178579,
        0.9974712
      ],
      [
        0.0319998674,
        0.9993065,
        -0.0190410949
      ]
    ],
    "translation": [
      2.14888573,
      0.7281117,
      -0.5422432
    ]
  },
  {
    "timeStamp": 16827,
    "rotation": [
      [
        -0.9971853,
        0.02484596,
        -0.07074033
      ],
      [
        -0.07018888,
        0.0224076509,
        0.997282
      ],
      [
        0.026363546,
        0.9994401,
        -0.02060067
      ]
    ],
    "translation": [
      2.149233,
      0.7282549,
      -0.54216063
    ]
  },
  {
    "timeStamp": 16882,
    "rotation": [
      [
        -0.996693552,
        0.04024314,
        -0.07058613
      ],
      [
        -0.06941206,
        0.029862782,
        0.997141
      ],
      [
        0.0422359854,
        0.998743534,
        -0.0269706864
      ]
    ],
    "translation": [
      2.14893651,
      0.7285155,
      -0.542644262
    ]
  },
  {
    "timeStamp": 16927,
    "rotation": [
      [
        -0.994520962,
        0.07929996,
        -0.06811451
      ],
      [
        -0.0647106841,
        0.0447325855,
        0.996901
      ],
      [
        0.08210113,
        0.9958466,
        -0.0393559374
      ]
    ],
    "translation": [
      2.14806366,
      0.729066,
      -0.5444604
    ]
  },
  {
    "timeStamp": 16982,
    "rotation": [
      [
        -0.9915125,
        0.111207224,
        -0.06734886
      ],
      [
        -0.0612044558,
        0.05777418,
        0.9964518
      ],
      [
        0.114703655,
        0.992116451,
        -0.0504774451
      ]
    ],
    "translation": [
      2.148441,
      0.7310227,
      -0.5458484
    ]
  },
  {
    "timeStamp": 17027,
    "rotation": [
      [
        -0.9887139,
        0.1346589,
        -0.0656639561
      ],
      [
        -0.05675746,
        0.06894969,
        0.9960043
      ],
      [
        0.138648346,
        0.9884902,
        -0.06052862
      ]
    ],
    "translation": [
      2.14817071,
      0.7337124,
      -0.54681766
    ]
  },
  {
    "timeStamp": 17082,
    "rotation": [
      [
        -0.9858709,
        0.155785158,
        -0.06155992
      ],
      [
        -0.0501955152,
        0.07586343,
        0.995853961
      ],
      [
        0.15980944,
        0.9848735,
        -0.06697182
      ]
    ],
    "translation": [
      2.14682055,
      0.737425566,
      -0.54766047
    ]
  },
  {
    "timeStamp": 17127,
    "rotation": [
      [
        -0.9857292,
        0.1595132,
        -0.05379092
      ],
      [
        -0.0394161642,
        0.0919509456,
        0.994983137
      ],
      [
        0.163659051,
        0.982904136,
        -0.08435134
      ]
    ],
    "translation": [
      2.146132,
      0.73976934,
      -0.54764533
    ]
  },
  {
    "timeStamp": 17181,
    "rotation": [
      [
        -0.9834748,
        0.172046244,
        -0.05636874
      ],
      [
        -0.0425899848,
        0.08275614,
        0.995659351
      ],
      [
        0.1759643,
        0.9816066,
        -0.07406113
      ]
    ],
    "translation": [
      2.144924,
      0.743819535,
      -0.548436642
    ]
  },
  {
    "timeStamp": 17232,
    "rotation": [
      [
        -0.985071659,
        0.1668009,
        -0.0425596125
      ],
      [
        -0.02589072,
        0.100862883,
        0.9945634
      ],
      [
        0.170186758,
        0.9808181,
        -0.09503856
      ]
    ],
    "translation": [
      2.14468575,
      0.7475257,
      -0.549709141
    ]
  },
  {
    "timeStamp": 17277,
    "rotation": [
      [
        -0.985847354,
        0.162721217,
        -0.04033175
      ],
      [
        -0.0243839882,
        0.0988397,
        0.994804561
      ],
      [
        0.165862188,
        0.9817089,
        -0.09347307
      ]
    ],
    "translation": [
      2.14267683,
      0.7519093,
      -0.5501766
    ]
  },
  {
    "timeStamp": 17332,
    "rotation": [
      [
        -0.986870468,
        0.154915869,
        -0.0456917621
      ],
      [
        -0.0292754862,
        0.106641077,
        0.9938665
      ],
      [
        0.158838317,
        0.982155144,
        -0.1007057
      ]
    ],
    "translation": [
      2.14543676,
      0.7561776,
      -0.5474574
    ]
  },
  {
    "timeStamp": 17377,
    "rotation": [
      [
        -0.986324668,
        0.160518438,
        -0.0373823047
      ],
      [
        -0.0210157577,
        0.102473311,
        0.99451375
      ],
      [
        0.163468465,
        0.981699049,
        -0.09769854
      ]
    ],
    "translation": [
      2.14495,
      0.758308053,
      -0.5474959
    ]
  },
  {
    "timeStamp": 17433,
    "rotation": [
      [
        -0.986503,
        0.159990922,
        -0.03485254
      ],
      [
        -0.0204312168,
        0.09091418,
        0.9956491
      ],
      [
        0.162463412,
        0.9829229,
        -0.08641831
      ]
    ],
    "translation": [
      2.144382,
      0.7589469,
      -0.5500102
    ]
  },
  {
    "timeStamp": 17477,
    "rotation": [
      [
        -0.9880986,
        0.14710027,
        -0.0449748076
      ],
      [
        -0.033367157,
        0.08044768,
        0.9962002
      ],
      [
        0.150159419,
        0.9858447,
        -0.07458192
      ]
    ],
    "translation": [
      2.14713383,
      0.7568447,
      -0.5550134
    ]
  },
  {
    "timeStamp": 17532,
    "rotation": [
      [
        -0.9897851,
        0.136133984,
        -0.0423445664
      ],
      [
        -0.0333724,
        0.06752736,
        0.9971591
      ],
      [
        0.138606668,
        0.988386333,
        -0.06229445
      ]
    ],
    "translation": [
      2.14600229,
      0.7553536,
      -0.563065946
    ]
  },
  {
    "timeStamp": 17577,
    "rotation": [
      [
        -0.9906026,
        0.1284743,
        -0.0469127521
      ],
      [
        -0.03926797,
        0.06140544,
        0.997340143
      ],
      [
        0.131013289,
        0.98980993,
        -0.05578346
      ]
    ],
    "translation": [
      2.14645624,
      0.7531823,
      -0.566434
    ]
  },
  {
    "timeStamp": 17632,
    "rotation": [
      [
        -0.990667939,
        0.127439916,
        -0.0483325534
      ],
      [
        -0.040100228,
        0.06639163,
        0.9969875
      ],
      [
        0.130264878,
        0.989621758,
        -0.0606616922
      ]
    ],
    "translation": [
      2.14655375,
      0.750381231,
      -0.566238463
    ]
  },
  {
    "timeStamp": 17678,
    "rotation": [
      [
        -0.990216732,
        0.1307046,
        -0.0488582738
      ],
      [
        -0.04035861,
        0.06690756,
        0.9969426
      ],
      [
        0.133574,
        0.9891611,
        -0.06097793
      ]
    ],
    "translation": [
      2.1465137,
      0.7485666,
      -0.5631893
    ]
  },
  {
    "timeStamp": 17735,
    "rotation": [
      [
        -0.9902321,
        0.12955226,
        -0.0515415929
      ],
      [
        -0.0422599,
        0.0734011,
        0.996406734
      ],
      [
        0.132869959,
        0.9888521,
        -0.0672092661
      ]
    ],
    "translation": [
      2.14808726,
      0.7471065,
      -0.560530245
    ]
  },
  {
    "timeStamp": 17781,
    "rotation": [
      [
        -0.990455568,
        0.126516268,
        -0.05469415
      ],
      [
        -0.0464866,
        0.06694232,
        0.996673346
      ],
      [
        0.129756719,
        0.9897032,
        -0.06042208
      ]
    ],
    "translation": [
      2.14944339,
      0.745690048,
      -0.561073959
    ]
  },
  {
    "timeStamp": 17827,
    "rotation": [
      [
        -0.990537763,
        0.124627672,
        -0.05747137
      ],
      [
        -0.04945692,
        0.06647652,
        0.9965615
      ],
      [
        0.128019646,
        0.9899742,
        -0.0596838
      ]
    ],
    "translation": [
      2.15092349,
      0.7444482,
      -0.559886634
    ]
  },
  {
    "timeStamp": 17882,
    "rotation": [
      [
        -0.9907786,
        0.121729665,
        -0.0594940446
      ],
      [
        -0.051311966,
        0.06928241,
        0.996276557
      ],
      [
        0.125398338,
        0.990142345,
        -0.0623973459
      ]
    ],
    "translation": [
      2.15200853,
      0.743213534,
      -0.5571037
    ]
  },
  {
    "timeStamp": 17927,
    "rotation": [
      [
        -0.9908181,
        0.1215974,
        -0.05910657
      ],
      [
        -0.051187668,
        0.06725006,
        0.996422231
      ],
      [
        0.125137269,
        0.9902987,
        -0.06040829
      ]
    ],
    "translation": [
      2.15158153,
      0.74241066,
      -0.5553235
    ]
  },
  {
    "timeStamp": 17982,
    "rotation": [
      [
        -0.9906104,
        0.12022958,
        -0.0650836751
      ],
      [
        -0.05618896,
        0.07594812,
        0.9955273
      ],
      [
        0.124634825,
        0.9898367,
        -0.06847942
      ]
    ],
    "translation": [
      2.15375018,
      0.7406088,
      -0.550118744
    ]
  },
  {
    "timeStamp": 18026,
    "rotation": [
      [
        -0.991008639,
        0.119558893,
        -0.0600628257
      ],
      [
        -0.0515720844,
        0.0728891,
        0.9960058
      ],
      [
        0.123459272,
        0.9901479,
        -0.06606782
      ]
    ],
    "translation": [
      2.15240717,
      0.740330338,
      -0.548795164
    ]
  },
  {
    "timeStamp": 18082,
    "rotation": [
      [
        -0.991539061,
        0.115815632,
        -0.0586263463
      ],
      [
        -0.0507121123,
        0.07013991,
        0.9962473
      ],
      [
        0.11949306,
        0.990791142,
        -0.0636732
      ]
    ],
    "translation": [
      2.15031886,
      0.7401475,
      -0.548084736
    ]
  },
  {
    "timeStamp": 18127,
    "rotation": [
      [
        -0.9919732,
        0.113017,
        -0.0567123219
      ],
      [
        -0.049035646,
        0.06958613,
        0.9963701
      ],
      [
        0.116553113,
        0.991153359,
        -0.06348571
      ]
    ],
    "translation": [
      2.148857,
      0.7402276,
      -0.5477104
    ]
  },
  {
    "timeStamp": 18183,
    "rotation": [
      [
        -0.9925537,
        0.1124917,
        -0.0467201062
      ],
      [
        -0.0390869863,
        0.06913058,
        0.9968416
      ],
      [
        0.115366176,
        0.991245,
        -0.06421885
      ]
    ],
    "translation": [
      2.144666,
      0.740802348,
      -0.548335135
    ]
  },
  {
    "timeStamp": 18226,
    "rotation": [
      [
        -0.9926483,
        0.112323381,
        -0.0450870432
      ],
      [
        -0.0369904526,
        0.07315301,
        0.9966345
      ],
      [
        0.115243636,
        0.9909754,
        -0.0684603155
      ]
    ],
    "translation": [
      2.14330959,
      0.740510762,
      -0.545696259
    ]
  },
  {
    "timeStamp": 18281,
    "rotation": [
      [
        -0.994119048,
        0.0988922045,
        -0.0441322327
      ],
      [
        -0.0371335074,
        0.07152789,
        0.996747136
      ],
      [
        0.101727217,
        0.9925241,
        -0.0674350262
      ]
    ],
    "translation": [
      2.14336014,
      0.7390921,
      -0.545067668
    ]
  },
  {
    "timeStamp": 18326,
    "rotation": [
      [
        -0.995673358,
        0.08018194,
        -0.0469623543
      ],
      [
        -0.04151066,
        0.0683555752,
        0.9967971
      ],
      [
        0.08313524,
        0.994433761,
        -0.06473142
      ]
    ],
    "translation": [
      2.1453495,
      0.737475038,
      -0.544226646
    ]
  },
  {
    "timeStamp": 18381,
    "rotation": [
      [
        -0.996776938,
        0.0635253042,
        -0.048992306
      ],
      [
        -0.0447407551,
        0.06670515,
        0.99676913
      ],
      [
        0.0665881,
        0.9957484,
        -0.06364799
      ]
    ],
    "translation": [
      2.14652,
      0.7369929,
      -0.5434062
    ]
  },
  {
    "timeStamp": 18432,
    "rotation": [
      [
        -0.9970456,
        0.0575417019,
        -0.0508833975
      ],
      [
        -0.0472728573,
        0.0624567121,
        0.9969275
      ],
      [
        0.06054291,
        0.9963876,
        -0.05955203
      ]
    ],
    "translation": [
      2.146852,
      0.737198234,
      -0.543181
    ]
  },
  {
    "timeStamp": 18476,
    "rotation": [
      [
        -0.9972378,
        0.0555545539,
        -0.049300842
      ],
      [
        -0.0461324342,
        0.05694002,
        0.9973112
      ],
      [
        0.0582124,
        0.996830761,
        -0.054219868
      ]
    ],
    "translation": [
      2.146943,
      0.7373932,
      -0.543159068
    ]
  },
  {
    "timeStamp": 18532,
    "rotation": [
      [
        -0.9952113,
        0.08559518,
        -0.0472008921
      ],
      [
        -0.0419782363,
        0.06182247,
        0.997204
      ],
      [
        0.08827393,
        0.9944101,
        -0.0579332858
      ]
    ],
    "translation": [
      2.145485,
      0.7373971,
      -0.5445366
    ]
  },
  {
    "timeStamp": 18576,
    "rotation": [
      [
        -0.9939252,
        0.09816639,
        -0.04976012
      ],
      [
        -0.04378687,
        0.06209271,
        0.9971094
      ],
      [
        0.100972384,
        0.993231058,
        -0.05741711
      ]
    ],
    "translation": [
      2.14541459,
      0.7389296,
      -0.545170546
    ]
  },
  {
    "timeStamp": 18632,
    "rotation": [
      [
        -0.992996633,
        0.108085021,
        -0.04770119
      ],
      [
        -0.0406044871,
        0.06693495,
        0.9969308
      ],
      [
        0.110946171,
        0.9918858,
        -0.06207744
      ]
    ],
    "translation": [
      2.14350867,
      0.7393112,
      -0.547452
    ]
  },
  {
    "timeStamp": 18676,
    "rotation": [
      [
        -0.993656456,
        0.103989951,
        -0.04281203
      ],
      [
        -0.0365573131,
        0.0613267459,
        0.997448
      ],
      [
        0.106350109,
        0.9926858,
        -0.0571361259
      ]
    ],
    "translation": [
      2.141076,
      0.739912033,
      -0.5523751
    ]
  },
  {
    "timeStamp": 18730,
    "rotation": [
      [
        -0.9939823,
        0.101269439,
        -0.04175712
      ],
      [
        -0.03552426,
        0.06258908,
        0.99740696
      ],
      [
        0.10362038,
        0.9928883,
        -0.0586149134
      ]
    ],
    "translation": [
      2.14019823,
      0.739628,
      -0.5544691
    ]
  },
  {
    "timeStamp": 18776,
    "rotation": [
      [
        -0.994153738,
        0.0998886749,
        -0.04099455
      ],
      [
        -0.0355983078,
        0.055219356,
        0.997839451
      ],
      [
        0.101936556,
        0.9934651,
        -0.05134066
      ]
    ],
    "translation": [
      2.14013147,
      0.7396306,
      -0.559003055
    ]
  },
  {
    "timeStamp": 18832,
    "rotation": [
      [
        -0.9939886,
        0.100124925,
        -0.0442915559
      ],
      [
        -0.03839876,
        0.0600351132,
        0.997457445
      ],
      [
        0.102529384,
        0.993162036,
        -0.0558295436
      ]
    ],
    "translation": [
      2.14015985,
      0.7397271,
      -0.560306
    ]
  },
  {
    "timeStamp": 18876,
    "rotation": [
      [
        -0.994109,
        0.10065636,
        -0.04019482
      ],
      [
        -0.03427399,
        0.0598766133,
        0.9976172
      ],
      [
        0.102823257,
        0.993117869,
        -0.0560739823
      ]
    ],
    "translation": [
      2.14011288,
      0.739855647,
      -0.560715139
    ]
  },
  {
    "timeStamp": 18932,
    "rotation": [
      [
        -0.9946459,
        0.09434792,
        -0.04216609
      ],
      [
        -0.03652002,
        0.0607903376,
        0.99748224
      ],
      [
        0.09667367,
        0.99368155,
        -0.0570192747
      ]
    ],
    "translation": [
      2.14023137,
      0.739560366,
      -0.5607182
    ]
  },
  {
    "timeStamp": 18976,
    "rotation": [
      [
        -0.9939361,
        0.102871336,
        -0.0388393737
      ],
      [
        -0.0322951376,
        0.06453502,
        0.9973927
      ],
      [
        0.105109632,
        0.992598951,
        -0.0608214438
      ]
    ],
    "translation": [
      2.140062,
      0.739781857,
      -0.558352768
    ]
  },
  {
    "timeStamp": 19032,
    "rotation": [
      [
        -0.994173348,
        0.09705181,
        -0.04690768
      ],
      [
        -0.0412517749,
        0.0594857521,
        0.997376442
      ],
      [
        0.09958751,
        0.9935001,
        -0.05513559
      ]
    ],
    "translation": [
      2.14204335,
      0.739645839,
      -0.5604088
    ]
  },
  {
    "timeStamp": 19076,
    "rotation": [
      [
        -0.994119644,
        0.09875315,
        -0.04442904
      ],
      [
        -0.03847809,
        0.0613702871,
        0.9973731
      ],
      [
        0.101220362,
        0.993217766,
        -0.0572095737
      ]
    ],
    "translation": [
      2.14078379,
      0.7404278,
      -0.5599754
    ]
  },
  {
    "timeStamp": 19132,
    "rotation": [
      [
        -0.994502246,
        0.09300755,
        -0.0481129251
      ],
      [
        -0.0431653634,
        0.0544952936,
        0.9975806
      ],
      [
        0.0954044461,
        0.994172931,
        -0.0501809865
      ]
    ],
    "translation": [
      2.141541,
      0.7410917,
      -0.563336551
    ]
  },
  {
    "timeStamp": 19177,
    "rotation": [
      [
        -0.9948806,
        0.08836816,
