[
  {
    "timeStamp": 95923,
    "rotation": [
      [
        0.999997437,
        -0.00175587821,
        0.001435647
      ],
      [
        -0.00028297,
        0.531446636,
        0.847091734
      ],
      [
        -0.00225035963,
        -0.84709,
        0.5314448
      ]
    ],
    "translation": [
      1.15262127,
      0.720925868,
      -0.361117721
    ]
  },
  {
    "timeStamp": 95968,
    "rotation": [
      [
        0.999875844,
        -0.00139928167,
        -0.01569837
      ],
      [
        0.0139592709,
        0.54103893,
        0.8408817
      ],
      [
        0.00731679751,
        -0.840996444,
        0.5409913
      ]
    ],
    "translation": [
      1.15266669,
      0.7217137,
      -0.360983521
    ]
  },
  {
    "timeStamp": 96024,
    "rotation": [
      [
        0.99964577,
        0.0253956188,
        0.007957631
      ],
      [
        -0.0200049169,
        0.5198459,
        0.8540258
      ],
      [
        0.01755177,
        -0.8538825,
        0.520169854
      ]
    ],
    "translation": [
      1.152816,
      0.7229581,
      -0.362465024
    ]
  },
  {
    "timeStamp": 96070,
    "rotation": [
      [
        0.9973309,
        0.0423743278,
        0.05945935
      ],
      [
        -0.07288194,
        0.5288691,
        0.8455683
      ],
      [
        0.00438418239,
        -0.8476449,
        0.530545831
      ]
    ],
    "translation": [
      1.1549747,
      0.735878766,
      -0.369318664
    ]
  },
  {
    "timeStamp": 96123,
    "rotation": [
      [
        0.9915637,
        0.0815927237,
        0.100718163
      ],
      [
        -0.128858373,
        0.536345243,
        0.834103942
      ],
      [
        0.0140371155,
        -0.8400456,
        0.5423344
      ]
    ],
    "translation": [
      1.16529512,
      0.7535024,
      -0.38840124
    ]
  },
  {
    "timeStamp": 96168,
    "rotation": [
      [
        0.9855875,
        0.121110089,
        0.118108474
      ],
      [
        -0.1650807,
        0.53604573,
        0.8278909
      ],
      [
        0.03695439,
        -0.8354563,
        0.5483129
      ]
    ],
    "translation": [
      1.18095922,
      0.767288446,
      -0.412365526
    ]
  },
  {
    "timeStamp": 96224,
    "rotation": [
      [
        0.976207852,
        0.165876284,
        0.1396538
      ],
      [
        -0.209321231,
        0.552806735,
        0.8065912
      ],
      [
        0.0565928034,
        -0.816633165,
        0.574375749
      ]
    ],
    "translation": [
      1.21135962,
      0.7811575,
      -0.452117145
    ]
  },
  {
    "timeStamp": 96268,
    "rotation": [
      [
        0.972790539,
        0.194165453,
        0.126405463
      ],
      [
        -0.217786521,
        0.5802077,
        0.7848108
      ],
      [
        0.0790417045,
        -0.7909859,
        0.6067072
      ]
    ],
    "translation": [
      1.24498749,
      0.7863365,
      -0.491386473
    ]
  },
  {
    "timeStamp": 96323,
    "rotation": [
      [
        0.971637249,
        0.217685029,
        0.0923808962
      ],
      [
        -0.21162276,
        0.6260879,
        0.7504863
      ],
      [
        0.105531067,
        -0.7487504,
        0.6543975
      ]
    ],
    "translation": [
      1.29399538,
      0.787776947,
      -0.5455706
    ]
  },
  {
    "timeStamp": 96368,
    "rotation": [
      [
        0.971224,
        0.230003953,
        0.0618230626
      ],
      [
        -0.204359487,
        0.6714804,
        0.712285936
      ],
      [
        0.1223156,
        -0.7044233,
        0.699161351
      ]
    ],
    "translation": [
      1.3387394,
      0.788324,
      -0.5914334
    ]
  },
  {
    "timeStamp": 96423,
    "rotation": [
      [
        0.9748276,
        0.2216709,
        0.0239413176
      ],
      [
        -0.17967549,
        0.717457056,
        0.673032
      ],
      [
        0.132014737,
        -0.6603918,
        0.739225745
      ]
    ],
    "translation": [
      1.39824009,
      0.7891944,
      -0.6451656
    ]
  },
  {
    "timeStamp": 96467,
    "rotation": [
      [
        0.9754944,
        0.219962537,
        -0.005209349
      ],
      [
        -0.162697718,
        0.7370697,
        0.6559403
      ],
      [
        0.148121953,
        -0.639018536,
        0.7547948
      ]
    ],
    "translation": [
      1.44494975,
      0.791240454,
      -0.6846092
    ]
  },
  {
    "timeStamp": 96523,
    "rotation": [
      [
        0.981311858,
        0.192347988,
        -0.00541711226
      ],
      [
        -0.147576287,
        0.7703669,
        0.6202871
      ],
      [
        0.123484142,
        -0.6078957,
        0.7843561
      ]
    ],
    "translation": [
      1.50152135,
      0.795620263,
      -0.726174653
    ]
  },
  {
    "timeStamp": 96567,
    "rotation": [
      [
        0.985630453,
        0.168540433,
        0.0112596164
      ],
      [
        -0.143145621,
        0.798012555,
        0.5853933
      ],
      [
        0.0896771252,
        -0.5785932,
        0.81067127
      ]
    ],
    "translation": [
      1.5422045,
      0.8016986,
      -0.753431
    ]
  },
  {
    "timeStamp": 96623,
    "rotation": [
      [
        0.9864677,
        0.159780085,
        0.0367671326
      ],
      [
        -0.152754858,
        0.8142043,
        0.56012255
      ],
      [
        0.05956047,
        -0.5581592,
        0.827593446
      ]
    ],
    "translation": [
      1.58625114,
      0.8126917,
      -0.7817456
    ]
  },
  {
    "timeStamp": 96668,
    "rotation": [
      [
        0.981686652,
        0.166741759,
        0.09213279
      ],
      [
        -0.1896051,
        0.8083032,
        0.557401061
      ],
      [
        0.01847081,
        -0.564662039,
        0.825115561
      ]
    ],
    "translation": [
      1.61501551,
      0.8249217,
      -0.7950093
    ]
  },
  {
    "timeStamp": 96723,
    "rotation": [
      [
        0.965589643,
        0.188873962,
        0.178782612
      ],
      [
        -0.258218974,
        0.778139651,
        0.572557032
      ],
      [
        -0.0309767276,
        -0.5990202,
        0.8001345
      ]
    ],
    "translation": [
      1.64572632,
      0.8450742,
      -0.8018188
    ]
  },
  {
    "timeStamp": 96768,
    "rotation": [
      [
        0.950903952,
        0.178710014,
        0.25267452
      ],
      [
        -0.301266164,
        0.7214234,
        0.6235279
      ],
      [
        -0.07085463,
        -0.6690374,
        0.7398436
      ]
    ],
    "translation": [
      1.66992056,
      0.8642283,
      -0.7969186
    ]
  },
  {
    "timeStamp": 96823,
    "rotation": [
      [
        0.9157577,
        0.123402983,
        0.382308036
      ],
      [
        -0.3675124,
        0.641671062,
        0.673195958
      ],
      [
        -0.162241638,
        -0.756987333,
        0.6329674
      ]
    ],
    "translation": [
      1.70345533,
      0.893215239,
      -0.7799817
    ]
  },
  {
    "timeStamp": 96868,
    "rotation": [
      [
        0.877191,
        0.0389052778,
        0.4785627
      ],
      [
        -0.411945283,
        0.5729989,
        0.708500743
      ],
      [
        -0.2466515,
        -0.8186321,
        0.5186564
      ]
    ],
    "translation": [
      1.73720348,
      0.917815149,
      -0.7628255
    ]
  },
  {
    "timeStamp": 96923,
    "rotation": [
      [
        0.8284751,
        -0.09927569,
        0.5511563
      ],
      [
        -0.4460359,
        0.4781491,
        0.756588
      ],
      [
        -0.3386457,
        -0.872649848,
        0.351854116
      ]
    ],
    "translation": [
      1.78652477,
      0.9453629,
      -0.744685054
    ]
  },
  {
    "timeStamp": 96968,
    "rotation": [
      [
        0.7890688,
        -0.206107676,
        0.578696847
      ],
      [
        -0.468381852,
        0.40767622,
        0.7838486
      ],
      [
        -0.3974781,
        -0.889561534,
        0.2251475
      ]
    ],
    "translation": [
      1.82975209,
      0.9650489,
      -0.7360282
    ]
  },
  {
    "timeStamp": 97023,
    "rotation": [
      [
        0.7452724,
        -0.338540763,
        0.57442075
      ],
      [
        -0.4720282,
        0.3405696,
        0.813143134
      ],
      [
        -0.470912337,
        -0.8771559,
        0.09401631
      ]
    ],
    "translation": [
      1.88627291,
      0.979729831,
      -0.7317145
    ]
  },
  {
    "timeStamp": 97068,
    "rotation": [
      [
        0.719824,
        -0.430385768,
        0.544629633
      ],
      [
        -0.445324928,
        0.315539777,
        0.8379262
      ],
      [
        -0.5324838,
        -0.845696568,
        0.0354716033
      ]
    ],
    "translation": [
      1.93167233,
      0.982058346,
      -0.7334342
    ]
  },
  {
    "timeStamp": 97123,
    "rotation": [
      [
        0.6824923,
        -0.5200985,
        0.513519049
      ],
      [
        -0.4176087,
        0.299123824,
        0.857979
      ],
      [
        -0.5998393,
        -0.8000141,
        -0.01304795
      ]
    ],
    "translation": [
      1.985508,
      0.97542876,
      -0.7410826
    ]
  },
  {
    "timeStamp": 97166,
    "rotation": [
      [
        0.6571855,
        -0.5501323,
        0.515229762
      ],
      [
        -0.4053889,
        0.3182971,
        0.8569404
      ],
      [
        -0.6354267,
        -0.7720372,
        -0.01383726
      ]
    ],
    "translation": [
      2.01385164,
      0.9656035,
      -0.7479724
    ]
  },
  {
    "timeStamp": 97218,
    "rotation": [
      [
        0.6359013,
        -0.5977848,
        0.488142282
      ],
      [
        -0.3161728,
        0.3752021,
        0.8713542
      ],
      [
        -0.704034269,
        -0.708432555,
        0.0495881774
      ]
    ],
    "translation": [
      2.06013465,
      0.9357078,
      -0.763034761
    ]
  },
  {
    "timeStamp": 97274,
    "rotation": [
      [
        0.6300493,
        -0.602788746,
        0.4895749
      ],
      [
        -0.2650211,
        0.425686747,
        0.8651905
      ],
      [
        -0.7299326,
        -0.6748603,
        0.10845191
      ]
    ],
    "translation": [
      2.085354,
      0.9113789,
      -0.7781553
    ]
  },
  {
    "timeStamp": 97318,
    "rotation": [
      [
        0.640468,
        -0.5536085,
        0.53227663
      ],
      [
        -0.206191644,
        0.543679535,
        0.813570857
      ],
      [
        -0.739787638,
        -0.6308171,
        0.234059945
      ]
    ],
    "translation": [
      2.09410834,
      0.8864816,
      -0.792985439
    ]
  },
  {
    "timeStamp": 97373,
    "rotation": [
      [
        0.6534446,
        -0.5149352,
        0.554844
      ],
      [
        -0.195896029,
        0.5929729,
        0.78103
      ],
      [
        -0.731187344,
        -0.6190516,
        0.286601156
      ]
    ],
    "translation": [
      2.09839416,
      0.8696035,
      -0.8072011
    ]
  },
  {
    "timeStamp": 97418,
    "rotation": [
      [
        0.675876737,
        -0.465439349,
        0.5714516
      ],
      [
        -0.1912267,
        0.6380608,
        0.7458624
      ],
      [
        -0.7117746,
        -0.6133879,
        0.342246026
      ]
    ],
    "translation": [
      2.09550261,
      0.8621372,
      -0.817874968
    ]
  },
  {
    "timeStamp": 97473,
    "rotation": [
      [
        0.678877831,
        -0.4259176,
        0.598096251
      ],
      [
        -0.2066681,
        0.6707927,
        0.7122679
      ],
      [
        -0.704566,
        -0.607150257,
        0.367362678
      ]
    ],
    "translation": [
      2.089371,
      0.8560519,
      -0.8249076
    ]
  },
  {
    "timeStamp": 97518,
    "rotation": [
      [
        0.675855041,
        -0.410308659,
        0.61226356
      ],
      [
        -0.207275748,
        0.6913726,
        0.692127645
      ],
      [
        -0.7072882,
        -0.5946853,
        0.382220626
      ]
    ],
    "translation": [
      2.086188,
      0.849753439,
      -0.82707417
    ]
  },
  {
    "timeStamp": 97574,
    "rotation": [
      [
        0.6784659,
        -0.3977026,
        0.6176703
      ],
      [
        -0.210337073,
        0.700426459,
        0.6820272
      ],
      [
        -0.7038766,
        -0.5926512,
        0.391563863
      ]
    ],
    "translation": [
      2.08155513,
      0.8414797,
      -0.8287862
    ]
  },
  {
    "timeStamp": 97619,
    "rotation": [
      [
        0.67432946,
        -0.384116828,
        0.6306616
      ],
      [
        -0.210566923,
        0.7185731,
        0.6628079
      ],
      [
        -0.707772136,
        -0.5797473,
        0.403672665
      ]
    ],
    "translation": [
      2.07781577,
      0.834933341,
      -0.8294564
    ]
  },
  {
    "timeStamp": 97676,
    "rotation": [
      [
        0.6667008,
        -0.399178922,
        0.6294174
      ],
      [
        -0.196858451,
        0.7201872,
        0.6652647
      ],
      [
        -0.718858063,
        -0.567438662,
        0.4015676
      ]
    ],
    "translation": [
      2.0773,
      0.8266109,
      -0.82915765
    ]
  }
]