[
  {
    "timeStamp": 26989,
    "rotation": [
      [
        0.9976684,
        -0.0105765909,
        -0.06742408
      ],
      [
        0.06728436,
        -0.0130529786,
        0.9976485
      ],
      [
        -0.0114317955,
        -0.999858856,
        -0.0123109045
      ]
    ],
    "translation": [
      1.15505648,
      0.7033612,
      -0.4880218
    ]
  },
  {
    "timeStamp": 27033,
    "rotation": [
      [
        0.989868164,
        -0.06404725,
        -0.126723975
      ],
      [
        0.128218874,
        0.0197789986,
        0.991548657
      ],
      [
        -0.060999494,
        -0.9977509,
        0.0277906675
      ]
    ],
    "translation": [
      1.16049528,
      0.708199,
      -0.4906062
    ]
  },
  {
    "timeStamp": 27089,
    "rotation": [
      [
        0.9930033,
        -0.104440674,
        -0.05510559
      ],
      [
        0.059738826,
        0.0417638645,
        0.997339964
      ],
      [
        -0.101861417,
        -0.9936539,
        0.0477108173
      ]
    ],
    "translation": [
      1.16418564,
      0.7456596,
      -0.49615252
    ]
  },
  {
    "timeStamp": 27133,
    "rotation": [
      [
        0.989907742,
        -0.124929458,
        0.0668976158
      ],
      [
        -0.06462857,
        0.0221326519,
        0.9976639
      ],
      [
        -0.126118243,
        -0.991918743,
        0.0138352709
      ]
    ],
    "translation": [
      1.16313338,
      0.7888561,
      -0.493385971
    ]
  },
  {
    "timeStamp": 27189,
    "rotation": [
      [
        0.9592828,
        -0.17662096,
        0.22041212
      ],
      [
        -0.222746447,
        0.006752274,
        0.974853039
      ],
      [
        -0.173667759,
        -0.9842558,
        -0.03286435
      ]
    ],
    "translation": [
      1.17158484,
      0.8492825,
      -0.49030897
    ]
  },
  {
    "timeStamp": 27234,
    "rotation": [
      [
        0.9237233,
        -0.208917141,
        0.321074754
      ],
      [
        -0.328864336,
        -0.002705582,
        0.9443733
      ],
      [
        -0.196427077,
        -0.9779296,
        -0.07120461
      ]
    ],
    "translation": [
      1.19675636,
      0.889599,
      -0.495224535
    ]
  },
  {
    "timeStamp": 27279,
    "rotation": [
      [
        0.890902042,
        -0.239822552,
        0.385718465
      ],
      [
        -0.405993372,
        -0.03975945,
        0.9130107
      ],
      [
        -0.2036246,
        -0.970002234,
        -0.132788137
      ]
    ],
    "translation": [
      1.22855878,
      0.926071167,
      -0.496092677
    ]
  },
  {
    "timeStamp": 27334,
    "rotation": [
      [
        0.8509676,
        -0.287608474,
        0.439471781
      ],
      [
        -0.466778457,
        -0.0305548664,
        0.8838463
      ],
      [
        -0.2407737,
        -0.957260549,
        -0.160250649
      ]
    ],
    "translation": [
      1.28144014,
      0.9543843,
      -0.506031036
    ]
  },
  {
    "timeStamp": 27390,
    "rotation": [
      [
        0.8287835,
        -0.3389146,
        0.44525817
      ],
      [
        -0.480602264,
        -0.02358205,
        0.876621544
      ],
      [
        -0.286599725,
        -0.9405216,
        -0.182427526
      ]
    ],
    "translation": [
      1.34162128,
      0.968093634,
      -0.516030967
    ]
  },
  {
    "timeStamp": 27434,
    "rotation": [
      [
        0.819781244,
        -0.3724647,
        0.435004354
      ],
      [
        -0.468719542,
        3.308402E-05,
        0.883347034
      ],
      [
        -0.329029948,
        -0.928046346,
        -0.174554348
      ]
    ],
    "translation": [
      1.38999224,
      0.971053064,
      -0.52996
    ]
  },
  {
    "timeStamp": 27490,
    "rotation": [
      [
        0.797556162,
        -0.434956342,
        0.4179917
      ],
      [
        -0.4594365,
        0.0110573918,
        0.8881418
      ],
      [
        -0.3909248,
        -0.9003836,
        -0.191015929
      ]
    ],
    "translation": [
      1.45590639,
      0.974288344,
      -0.5432929
    ]
  },
  {
    "timeStamp": 27534,
    "rotation": [
      [
        0.7738166,
        -0.492256969,
        0.3986113
      ],
      [
        -0.453101456,
        0.009563614,
        0.891407669
      ],
      [
        -0.4426138,
        -0.8703974,
        -0.215641856
      ]
    ],
    "translation": [
      1.50836563,
      0.977869332,
      -0.5537919
    ]
  },
  {
    "timeStamp": 27590,
    "rotation": [
      [
        0.723026335,
        -0.580061257,
        0.37518245
      ],
      [
        -0.45304203,
        0.0118611,
        0.891410232
      ],
      [
        -0.521522641,
        -0.8144865,
        -0.254216254
      ]
    ],
    "translation": [
      1.57955909,
      0.9825811,
      -0.5585749
    ]
  },
  {
    "timeStamp": 27634,
    "rotation": [
      [
        0.6568299,
        -0.669746459,
        0.3464306
      ],
      [
        -0.456402034,
        0.012595023,
        0.889684558
      ],
      [
        -0.600226343,
        -0.742483,
        -0.297400862
      ]
    ],
    "translation": [
      1.64024937,
      0.9870404,
      -0.561837733
    ]
  },
  {
    "timeStamp": 27690,
    "rotation": [
      [
        0.557236969,
        -0.7732917,
        0.3025011
      ],
      [
        -0.459645569,
        0.0161338225,
        0.8879559
      ],
      [
        -0.6915294,
        -0.63384515,
        -0.346449733
      ]
    ],
    "translation": [
      1.7240448,
      0.9906377,
      -0.563859046
    ]
  },
  {
    "timeStamp": 27734,
    "rotation": [
      [
        0.464108616,
        -0.8496761,
        0.250307262
      ],
      [
        -0.456904173,
        0.0124486275,
        0.8894288
      ],
      [
        -0.758842349,
        -0.527157962,
        -0.38244307
      ]
    ],
    "translation": [
      1.79008245,
      0.990750432,
      -0.570421934
    ]
  },
  {
    "timeStamp": 27790,
    "rotation": [
      [
        0.335951447,
        -0.924476445,
        0.180222049
      ],
      [
        -0.4498974,
        0.0105981361,
        0.893017352
      ],
      [
        -0.827483535,
        -0.3810919,
        -0.4123591
      ]
    ],
    "translation": [
      1.88067341,
      0.989749432,
      -0.5823312
    ]
  },
  {
    "timeStamp": 27834,
    "rotation": [
      [
        0.236228481,
        -0.9624776,
        0.133539781
      ],
      [
        -0.4400876,
        0.0165521763,
        0.8978023
      ],
      [
        -0.866325,
        -0.270855665,
        -0.419664383
      ]
    ],
    "translation": [
      1.94400918,
      0.9873628,
      -0.5977903
    ]
  },
  {
    "timeStamp": 27889,
    "rotation": [
      [
        0.135271385,
        -0.990364432,
        0.0296630859
      ],
      [
        -0.4186718,
        -0.0299999174,
        0.907641947
      ],
      [
        -0.898006439,
        -0.135197088,
        -0.4186958
      ]
    ],
    "translation": [
      2.031313,
      0.9831493,
      -0.620408356
    ]
  },
  {
    "timeStamp": 27934,
    "rotation": [
      [
        0.08152786,
        -0.996029556,
        -0.03575277
      ],
      [
        -0.398323655,
        -0.06544478,
        0.9149072
      ],
      [
        -0.9136145,
        -0.06034925,
        -0.402077734
      ]
    ],
    "translation": [
      2.08681941,
      0.979676,
      -0.640133
    ]
  },
  {
    "timeStamp": 27999,
    "rotation": [
      [
        0.04701909,
        -0.9948829,
        -0.0894273445
      ],
      [
        -0.3357429,
        -0.100058153,
        0.9366243
      ],
      [
        -0.9407794,
        -0.0140146241,
        -0.3387295
      ]
    ],
    "translation": [
      2.14975739,
      0.9628965,
      -0.6711483
    ]
  },
  {
    "timeStamp": 28034,
    "rotation": [
      [
        0.05522286,
        -0.994788,
        -0.08571621
      ],
      [
        -0.281770974,
        -0.0978844,
        0.954475641
      ],
      [
        -0.957891166,
        -0.028556535,
        -0.285707831
      ]
    ],
    "translation": [
      2.180564,
      0.945639968,
      -0.6900252
    ]
  },
  {
    "timeStamp": 28084,
    "rotation": [
      [
        0.124711715,
        -0.9910485,
        -0.0476438962
      ],
      [
        -0.192138314,
        -0.07123239,
        0.978779256
      ],
      [
        -0.9734115,
        -0.112911031,
        -0.1993019
      ]
    ],
    "translation": [
      2.198215,
      0.9176785,
      -0.7108195
    ]
  },
  {
    "timeStamp": 28129,
    "rotation": [
      [
        0.237691119,
        -0.9704484,
        -0.041629
      ],
      [
        -0.120004117,
        -0.07186745,
        0.9901687
      ],
      [
        -0.9638994,
        -0.230358645,
        -0.133540049
      ]
    ],
    "translation": [
      2.19889188,
      0.892310143,
      -0.7271153
    ]
  },
  {
    "timeStamp": 28184,
    "rotation": [
      [
        0.388094664,
        -0.919856369,
        -0.0569814369
      ],
      [
        -0.06884931,
        -0.0905917659,
        0.993505359
      ],
      [
        -0.919044256,
        -0.381651,
        -0.09848966
      ]
    ],
    "translation": [
      2.19245124,
      0.868233442,
      -0.736912847
    ]
  },
  {
    "timeStamp": 28240,
    "rotation": [
      [
        0.475296319,
        -0.876640856,
        -0.07479512
      ],
      [
        -0.00262736,
        -0.0864251,
        0.996254861
      ],
      [
        -0.8798219,
        -0.473319739,
        -0.043380782
      ]
    ],
    "translation": [
      2.187457,
      0.8404295,
      -0.7508129
    ]
  },
  {
    "timeStamp": 28284,
    "rotation": [
      [
        0.5604236,
        -0.826752245,
        -0.0490518622
      ],
      [
        -0.0185703039,
        -0.0717556849,
        0.997249365
      ],
      [
        -0.827997863,
        -0.5579712,
        -0.0555666238
      ]
    ],
    "translation": [
      2.17363977,
      0.8268211,
      -0.7546823
    ]
  },
  {
    "timeStamp": 28329,
    "rotation": [
      [
        0.6452578,
        -0.759802938,
        -0.0796366
      ],
      [
        0.0117170168,
        -0.094386436,
        0.9954667
      ],
      [
        -0.763875067,
        -0.6432657,
        -0.05200096
      ]
    ],
    "translation": [
      2.16814256,
      0.810052752,
      -0.762371242
    ]
  },
  {
    "timeStamp": 28384,
    "rotation": [
      [
        0.742120564,
        -0.6603,
        -0.115156069
      ],
      [
        0.0614384823,
        -0.104069769,
        0.992670536
      ],
      [
        -0.667444646,
        -0.743756235,
        -0.0366644822
      ]
    ],
    "translation": [
      2.162981,
      0.787471831,
      -0.775240839
    ]
  },
  {
    "timeStamp": 28440,
    "rotation": [
      [
        0.7791118,
        -0.6219313,
        -0.078652516
      ],
      [
        0.0424119942,
        -0.07288376,
        0.996438265
      ],
      [
        -0.6254486,
        -0.779672563,
        -0.0304072518
      ]
    ],
    "translation": [
      2.15395832,
      0.77668345,
      -0.7788038
    ]
  },
  {
    "timeStamp": 28485,
    "rotation": [
      [
        0.795302033,
        -0.602337,
        -0.06844526
      ],
      [
        0.0356990658,
        -0.06617551,
        0.9971692
      ],
      [
        -0.6051613,
        -0.795494139,
        -0.0311266556
      ]
    ],
    "translation": [
      2.15312433,
      0.771366358,
      -0.7785547
    ]
  },
  {
    "timeStamp": 28531,
    "rotation": [
      [
        0.8141814,
        -0.5773741,
        -0.0612202026
      ],
      [
        0.0362285264,
        -0.05471609,
        0.9978445
      ],
      [
        -0.5794793,
        -0.814644337,
        -0.0236314088
      ]
    ],
    "translation": [
      2.14993167,
      0.768453538,
      -0.7778064
    ]
  },
  {
    "timeStamp": 28588,
    "rotation": [
      [
        0.827245,
        -0.5595936,
        -0.05020724
      ],
      [
        0.0230626464,
        -0.05546546,
        0.9981942
      ],
      [
        -0.561367869,
        -0.8269091,
        -0.0329778157
      ]
    ],
    "translation": [
      2.148101,
      0.7671763,
      -0.773535848
    ]
  },
  {
    "timeStamp": 28633,
    "rotation": [
      [
        0.8308726,
        -0.555141449,
        -0.0383242853
      ],
      [
        0.0136058656,
        -0.04858354,
        0.9987264
      ],
      [
        -0.5562964,
        -0.830335855,
        -0.03281355
      ]
    ],
    "translation": [
      2.15234518,
      0.7649248,
      -0.76951915
    ]
  },
  {
    "timeStamp": 28689,
    "rotation": [
      [
        0.842271268,
        -0.5378617,
        -0.0358313546
      ],
      [
        0.0131011037,
        -0.046026,
        0.998854339
      ],
      [
        -0.538894653,
        -0.8417757,
        -0.0317197926
      ]
    ],
    "translation": [
      2.15951967,
      0.7584432,
      -0.7669605
    ]
  },
  {
    "timeStamp": 28734,
    "rotation": [
      [
        0.8627216,
        -0.5009335,
        -0.06911612
      ],
      [
        0.0468474329,
        -0.0569172874,
        0.997279167
      ],
      [
        -0.5035045,
        -0.8636122,
        -0.0256363228
      ]
    ],
    "translation": [
      2.171773,
      0.7496056,
      -0.7680293
    ]
  },
  {
    "timeStamp": 28789,
    "rotation": [
      [
        0.8826989,
        -0.462385535,
        -0.0839178562
      ],
      [
        0.0619029179,
        -0.06261077,
        0.9961164
      ],
      [
        -0.465844,
        -0.884465635,
        -0.02664344
      ]
    ],
    "translation": [
      2.18519449,
      0.741076,
      -0.7673812
    ]
  },
  {
    "timeStamp": 28834,
    "rotation": [
      [
        0.8887946,
        -0.447469771,
        -0.0990708843
      ],
      [
        0.0750224,
        -0.07120042,
        0.9946367
      ],
      [
        -0.452123731,
        -0.89146024,
        -0.0297122952
      ]
    ],
    "translation": [
      2.19578028,
      0.7362049,
      -0.7649496
    ]
  },
  {
    "timeStamp": 28889,
    "rotation": [
      [
        0.8940534,
        -0.434929878,
        -0.107259192
      ],
      [
        0.08098799,
        -0.0785568,
        0.9936145
      ],
      [
        -0.44057858,
        -0.8970311,
        -0.03500988
      ]
    ],
    "translation": [
      2.20616865,
      0.732776344,
      -0.7619323
    ]
  },
  {
    "timeStamp": 28933,
    "rotation": [
      [
        0.895686865,
        -0.432822049,
        -0.102030262
      ],
      [
        0.0759554356,
        -0.07716368,
        0.994121
      ],
      [
        -0.4381505,
        -0.8981709,
        -0.03623931
      ]
    ],
    "translation": [
      2.21017361,
      0.7310998,
      -0.7596716
    ]
  },
  {
    "timeStamp": 28989,
    "rotation": [
      [
        0.898225546,
        -0.426446766,
        -0.106461182
      ],
      [
        0.0785743445,
        -0.0825198442,
        0.99348706
      ],
      [
        -0.4324545,
        -0.9007406,
        -0.0406136662
      ]
    ],
    "translation": [
      2.21468759,
      0.7284475,
      -0.756966233
    ]
  },
  {
    "timeStamp": 29034,
    "rotation": [
      [
        0.8997358,
        -0.421943963,
        -0.111529112
      ],
      [
        0.0836086348,
        -0.0841717049,
        0.992937446
      ],
      [
        -0.428351521,
        -0.902706146,
        -0.04045414
      ]
    ],
    "translation": [
      2.21793771,
      0.725410461,
      -0.756275535
    ]
  },
  {
    "timeStamp": 29089,
    "rotation": [
      [
        0.897144437,
        -0.429250956,
        -0.104285955
      ],
      [
        0.07668579,
        -0.08115447,
        0.993747056
      ],
      [
        -0.4350302,
        -0.8995319,
        -0.03988983
      ]
    ],
    "translation": [
      2.218459,
      0.724526,
      -0.756396055
    ]
  },
  {
    "timeStamp": 29134,
    "rotation": [
      [
        0.8871017,
        -0.451241,
        -0.0971193761
      ],
      [
        0.06894645,
        -0.07850636,
        0.994526565
      ],
      [
        -0.456395656,
        -0.888942242,
        -0.0385316573
      ]
    ],
    "translation": [
      2.22017121,
      0.72566843,
      -0.7574744
    ]
  },
  {
    "timeStamp": 29190,
    "rotation": [
      [
        0.86216706,
        -0.5013221,
        -0.07310293
      ],
      [
        0.044137504,
        -0.06941895,
        0.9966107
      ],
      [
        -0.5046977,
        -0.8624715,
        -0.03772363
      ]
    ],
    "translation": [
      2.2189095,
      0.7310724,
      -0.7572742
    ]
  },
  {
    "timeStamp": 29234,
    "rotation": [
      [
        0.8427962,
        -0.535140634,
        -0.05761081
      ],
      [
        0.0284712,
        -0.06256138,
        0.997634947
      ],
      [
        -0.5374792,
        -0.842443168,
        -0.0374903977
      ]
    ],
    "translation": [
      2.21675682,
      0.735818446,
      -0.7599488
    ]
  },
  {
    "timeStamp": 29281,
    "rotation": [
      [
        0.819983065,
        -0.5702205,
        -0.04976371
      ],
      [
        0.0227686744,
        -0.0543776229,
        0.9982608
      ],
      [
        -0.5719348,
        -0.81969,
        -0.0316055641
      ]
    ],
    "translation": [
      2.215882,
      0.7387973,
      -0.7629538
    ]
  },
  {
    "timeStamp": 29331,
    "rotation": [
      [
        0.7755331,
        -0.62681973,
        -0.07513577
      ],
      [
        0.04607853,
        -0.0624956526,
        0.996980965
      ],
      [
        -0.629623,
        -0.7766539,
        -0.0195845161
      ]
    ],
    "translation": [
      2.21835732,
      0.738232434,
      -0.7667663
    ]
  },
  {
    "timeStamp": 29387,
    "rotation": [
      [
        0.7210961,
        -0.685640335,
        -0.09958746
      ],
      [
        0.0575629622,
        -0.08395326,
        0.9948057
      ],
      [
        -0.690439641,
        -0.7230831,
        -0.02107088
      ]
    ],
    "translation": [
      2.22753024,
      0.7370788,
      -0.768511
    ]
  },
  {
    "timeStamp": 29431,
    "rotation": [
      [
        0.6882027,
        -0.7231943,
        -0.05802758
      ],
      [
        0.0211650245,
        -0.05993468,
        0.9979779
      ],
      [
        -0.7252098,
        -0.6880392,
        -0.02594078
      ]
    ],
    "translation": [
      2.21962953,
      0.7399157,
      -0.769898832
    ]
  },
  {
    "timeStamp": 29487,
    "rotation": [
      [
        0.649216056,
        -0.7566723,
        -0.07723632
      ],
      [
        0.0344428122,
        -0.0721950457,
        0.996795654
      ],
      [
        -0.75982374,
        -0.649796,
        -0.02080826
      ]
    ],
    "translation": [
      2.22438741,
      0.7370489,
      -0.7730204
    ]
  },
  {
    "timeStamp": 29531,
    "rotation": [
      [
        0.613007069,
        -0.785997,
        -0.08019373
      ],
      [
        0.0312131476,
        -0.07732921,
        0.9965169
      ],
      [
        -0.7894606,
        -0.613375,
        -0.022869911
      ]
    ],
    "translation": [
      2.22634053,
      0.7343044,
      -0.7730617
    ]
  },
  {
    "timeStamp": 29586,
    "rotation": [
      [
        0.5618135,
        -0.824375,
        -0.069076
      ],
      [
        0.0154744349,
        -0.0730124041,
        0.997211
      ],
      [
        -0.8271192,
        -0.5613155,
        -0.0282626171
      ]
    ],
    "translation": [
      2.228524,
      0.730814457,
      -0.7704841
    ]
  },
  {
    "timeStamp": 29631,
    "rotation": [
      [
        0.5322311,
        -0.8438644,
        -0.0679927245
      ],
      [
        0.008356971,
        -0.075072065,
        0.9971431
      ],
      [
        -0.8465579,
        -0.5312787,
        -0.0329035334
      ]
    ],
    "translation": [
      2.233514,
      0.7287556,
      -0.7681782
    ]
  },
  {
    "timeStamp": 29687,
    "rotation": [
      [
        0.4922445,
        -0.8683029,
        -0.0612006038
      ],
      [
        0.00596222375,
        -0.0669436455,
        0.997738957
      ],
      [
        -0.870436549,
        -0.4914964,
        -0.0277756248
      ]
    ],
    "translation": [
      2.23585248,
      0.7254639,
      -0.76478976
    ]
  },
  {
    "timeStamp": 29732,
    "rotation": [
      [
        0.462943375,
        -0.8843678,
        -0.0598071069
      ],
      [
        0.0140881455,
        -0.06012312,
        0.9980915
      ],
      [
        -0.8862759,
        -0.462902427,
        -0.0153744966
      ]
    ],
    "translation": [
      2.23669481,
      0.724829853,
      -0.7641971
    ]
  }
]