[
  {
    "timeStamp": 68770,
    "rotation": [
      [
        0.9972393,
        -0.0742203444,
        -0.002260614
      ],
      [
        0.07422036,
        0.995388567,
        0.0607695878
      ],
      [
        -0.00226015039,
        -0.0607696027,
        0.9981493
      ]
    ],
    "translation": [
      1.44914055,
      0.848192751,
      -0.500528932
    ]
  },
  {
    "timeStamp": 68826,
    "rotation": [
      [
        0.99659,
        -0.08176827,
        0.0110561308
      ],
      [
        0.08087627,
        0.9945713,
        0.0654742
      ],
      [
        -0.0163498223,
        -0.06435675,
        0.997793
      ]
    ],
    "translation": [
      1.447835,
      0.8486462,
      -0.499229431
    ]
  },
  {
    "timeStamp": 68871,
    "rotation": [
      [
        0.9982225,
        -0.0355789,
        0.047812704
      ],
      [
        0.0315750055,
        0.996129155,
        0.0820346251
      ],
      [
        -0.0505463332,
        -0.08037912,
        0.9954819
      ]
    ],
    "translation": [
      1.45437872,
      0.862304151,
      -0.496432871
    ]
  },
  {
    "timeStamp": 68926,
    "rotation": [
      [
        0.995853364,
        0.0351207964,
        0.0839195549
      ],
      [
        -0.0448151641,
        0.9921694,
        0.11658258
      ],
      [
        -0.07916794,
        -0.119860023,
        0.9896292
      ]
    ],
    "translation": [
      1.46874475,
      0.8890812,
      -0.4993888
    ]
  },
  {
    "timeStamp": 68971,
    "rotation": [
      [
        0.989340544,
        0.08348681,
        0.119311407
      ],
      [
        -0.098465316,
        0.9871666,
        0.125724331
      ],
      [
        -0.10728392,
        -0.13613221,
        0.984864533
      ]
    ],
    "translation": [
      1.48676348,
      0.910171568,
      -0.5041671
    ]
  },
  {
    "timeStamp": 69026,
    "rotation": [
      [
        0.981628656,
        0.129567608,
        0.140061989
      ],
      [
        -0.149784938,
        0.9780241,
        0.145028219
      ],
      [
        -0.118193053,
        -0.163343027,
        0.9794638
      ]
    ],
    "translation": [
      1.51393855,
      0.934346855,
      -0.513435
    ]
  },
  {
    "timeStamp": 69070,
    "rotation": [
      [
        0.9716818,
        0.156630144,
        0.176922545
      ],
      [
        -0.18702592,
        0.9674064,
        0.170722589
      ],
      [
        -0.144415691,
        -0.198977128,
        0.969305038
      ]
    ],
    "translation": [
      1.54371834,
      0.9542454,
      -0.5200265
    ]
  },
  {
    "timeStamp": 69126,
    "rotation": [
      [
        0.952489,
        0.176319927,
        0.248346478
      ],
      [
        -0.226243123,
        0.9554918,
        0.189339653
      ],
      [
        -0.203908667,
        -0.236530617,
        0.9499866
      ]
    ],
    "translation": [
      1.59075153,
      0.9787782,
      -0.5240332
    ]
  },
  {
    "timeStamp": 69170,
    "rotation": [
      [
        0.9310693,
        0.1774833,
        0.318762749
      ],
      [
        -0.252835721,
        0.943765759,
        0.213026419
      ],
      [
        -0.263028741,
        -0.278936952,
        0.9235854
      ]
    ],
    "translation": [
      1.63532627,
      0.998266339,
      -0.5262918
    ]
  },
  {
    "timeStamp": 69226,
    "rotation": [
      [
        0.891198754,
        0.158115044,
        0.425164
      ],
      [
        -0.280210942,
        0.9289638,
        0.241884291
      ],
      [
        -0.356716424,
        -0.334702581,
        0.872197
      ]
    ],
    "translation": [
      1.700107,
      1.02287245,
      -0.5282595
    ]
  },
  {
    "timeStamp": 69270,
    "rotation": [
      [
        0.84697336,
        0.1310083,
        0.515240669
      ],
      [
        -0.3026123,
        0.9156401,
        0.26462996
      ],
      [
        -0.437106252,
        -0.3800527,
        0.815167546
      ]
    ],
    "translation": [
      1.75859714,
      1.0428201,
      -0.532252431
    ]
  },
  {
    "timeStamp": 69319,
    "rotation": [
      [
        0.7975808,
        0.08986178,
        0.5964812
      ],
      [
        -0.319837719,
        0.9013964,
        0.291870564
      ],
      [
        -0.511438,
        -0.423567533,
        0.7476776
      ]
    ],
    "translation": [
      1.81840789,
      1.06199419,
      -0.540065944
    ]
  },
  {
    "timeStamp": 69369,
    "rotation": [
      [
        0.727428734,
        0.005542936,
        0.6861609
      ],
      [
        -0.330066085,
        0.879509,
        0.342812449
      ],
      [
        -0.601584435,
        -0.475850046,
        0.6416096
      ]
    ],
    "translation": [
      1.8936075,
      1.08298349,
      -0.5587645
    ]
  },
  {
    "timeStamp": 69424,
    "rotation": [
      [
        0.6582964,
        -0.105613127,
        0.745313168
      ],
      [
        -0.313668966,
        0.8615703,
        0.3991346
      ],
      [
        -0.6842935,
        -0.496530473,
        0.534041047
      ]
    ],
    "translation": [
      1.961193,
      1.09675348,
      -0.5828145
    ]
  },
  {
    "timeStamp": 69469,
    "rotation": [
      [
        0.6073205,
        -0.19453986,
        0.7702701
      ],
      [
        -0.284870028,
        0.8517569,
        0.439726353
      ],
      [
        -0.7416272,
        -0.486481726,
        0.461870849
      ]
    ],
    "translation": [
      2.01070142,
      1.10091734,
      -0.6039483
    ]
  },
  {
    "timeStamp": 69523,
    "rotation": [
      [
        0.555708349,
        -0.254500628,
        0.791465461
      ],
      [
        -0.24520871,
        0.85947,
        0.4485353
      ],
      [
        -0.794393361,
        -0.443329036,
        0.415208936
      ]
    ],
    "translation": [
      2.05641031,
      1.09853387,
      -0.6234943
    ]
  },
  {
    "timeStamp": 69576,
    "rotation": [
      [
        0.492742568,
        -0.285378426,
        0.8220486
      ],
      [
        -0.18627502,
        0.888201952,
        0.419998676
      ],
      [
        -0.8500037,
        -0.360078365,
        0.384496033
      ]
    ],
    "translation": [
      2.1112473,
      1.08785474,
      -0.647649348
    ]
  },
  {
    "timeStamp": 69620,
    "rotation": [
      [
        0.485652834,
        -0.308484942,
        0.817911
      ],
      [
        -0.127864614,
        0.900529742,
        0.415568054
      ],
      [
        -0.86474967,
        -0.306403667,
        0.397900552
      ]
    ],
    "translation": [
      2.13305521,
      1.07526207,
      -0.6617835
    ]
  },
  {
    "timeStamp": 69676,
    "rotation": [
      [
        0.48803103,
        -0.313544452,
        0.814564645
      ],
      [
        -0.0528685749,
        0.920916736,
        0.386157
      ],
      [
        -0.8712236,
        -0.231521472,
        0.432859331
      ]
    ],
    "translation": [
      2.15169954,
      1.0545218,
      -0.675076
    ]
  },
  {
    "timeStamp": 69721,
    "rotation": [
      [
        0.494169265,
        -0.2904363,
        0.8194166
      ],
      [
        0.004493848,
        0.943386137,
        0.331666261
      ],
      [
        -0.8693541,
        -0.160216942,
        0.4674976
      ]
    ],
    "translation": [
      2.162684,
      1.03686309,
      -0.682818532
    ]
  },
  {
    "timeStamp": 69776,
    "rotation": [
      [
        0.50358367,
        -0.2695043,
        0.8208355
      ],
      [
        0.0410352945,
        0.956489,
        0.288868159
      ],
      [
        -0.862971365,
        -0.11178606,
        0.492731482
      ]
    ],
    "translation": [
      2.169751,
      1.0181632,
      -0.692292631
    ]
  },
  {
    "timeStamp": 69820,
    "rotation": [
      [
        0.499521762,
        -0.245194182,
        0.8308777
      ],
      [
        0.0480871052,
        0.965478539,
        0.256005377
      ],
      [
        -0.8649657,
        -0.08792575,
        0.494068235
      ]
    ],
    "translation": [
      2.175578,
      1.00703728,
      -0.697755456
    ]
  },
  {
    "timeStamp": 69876,
    "rotation": [
      [
        0.5041525,
        -0.213546678,
        0.836796343
      ],
      [
        0.05884203,
        0.975188553,
        0.213412628
      ],
      [
        -0.8616078,
        -0.05835371,
        0.5042092
      ]
    ],
    "translation": [
      2.180013,
      0.995270967,
      -0.701567531
    ]
  },
  {
    "timeStamp": 69920,
    "rotation": [
      [
        0.5123861,
        -0.176823139,
        0.840353549
      ],
      [
        0.061628785,
        0.98362,
        0.169391856
      ],
      [
        -0.8565409,
        -0.0350040644,
        0.5148906
      ]
    ],
    "translation": [
      2.18282771,
      0.988369048,
      -0.702039957
    ]
  },
  {
    "timeStamp": 69977,
    "rotation": [
      [
        0.519073665,
        -0.154102117,
        0.8407229
      ],
      [
        0.0712309852,
        0.987990439,
        0.137116849
      ],
      [
        -0.8517562,
        -0.01128822,
        0.523816645
      ]
    ],
    "translation": [
      2.18437314,
      0.9819538,
      -0.7022491
    ]
  }
]