[
  {
    "timeStamp": 10075,
    "rotation": [
      [
        -0.9988274,
        -0.04833655,
        0.00270757312
      ],
      [
        -0.0483808629,
        0.998632,
        -0.0198341087
      ],
      [
        -0.00174515671,
        -0.0199418459,
        -0.9997996
      ]
    ],
    "translation": [
      1.6147697,
      0.732666969,
      -0.490211457
    ]
  },
  {
    "timeStamp": 10121,
    "rotation": [
      [
        -0.999451637,
        -0.0331084654,
        -0.0005443465
      ],
      [
        -0.03309799,
        0.999359369,
        -0.013616492
      ],
      [
        0.0009948189,
        -0.0135910083,
        -0.9999072
      ]
    ],
    "translation": [
      1.61404169,
      0.7333207,
      -0.489734322
    ]
  },
  {
    "timeStamp": 10176,
    "rotation": [
      [
        -0.9993543,
        0.01459318,
        -0.0328338929
      ],
      [
        0.0149379568,
        0.999835551,
        -0.0102799516
      ],
      [
        0.0326784775,
        -0.0107637849,
        -0.9994079
      ]
    ],
    "translation": [
      1.6077137,
      0.7451704,
      -0.488203973
    ]
  },
  {
    "timeStamp": 10220,
    "rotation": [
      [
        -0.9956592,
        0.06855486,
        -0.06295197
      ],
      [
        0.06907602,
        0.9975925,
        -0.00613730727
      ],
      [
        0.0623796657,
        -0.0104591371,
        -0.9979977
      ]
    ],
    "translation": [
      1.60185575,
      0.76647824,
      -0.488140225
    ]
  },
  {
    "timeStamp": 10276,
    "rotation": [
      [
        -0.9923103,
        0.117625862,
        -0.0385287926
      ],
      [
        0.119416356,
        0.9916817,
        -0.0480331257
      ],
      [
        0.03255836,
        -0.05226473,
        -0.998102367
      ]
    ],
    "translation": [
      1.59703577,
      0.798894644,
      -0.498699874
    ]
  },
  {
    "timeStamp": 10320,
    "rotation": [
      [
        -0.9814836,
        0.182274908,
        -0.0588714778
      ],
      [
        0.186734974,
        0.9789707,
        -0.08213691
      ],
      [
        0.0426619537,
        -0.09160939,
        -0.994880736
      ]
    ],
    "translation": [
      1.59704161,
      0.8365361,
      -0.5014729
    ]
  },
  {
    "timeStamp": 10375,
    "rotation": [
      [
        -0.9478757,
        0.287427664,
        -0.137539014
      ],
      [
        0.302576184,
        0.9472439,
        -0.105718918
      ],
      [
        0.09989647,
        -0.141824424,
        -0.9848383
      ]
    ],
    "translation": [
      1.60838175,
      0.8968092,
      -0.497328848
    ]
  },
  {
    "timeStamp": 10420,
    "rotation": [
      [
        -0.9138202,
        0.350265145,
        -0.205540746
      ],
      [
        0.378990769,
        0.917367458,
        -0.121667154
      ],
      [
        0.145940647,
        -0.189079955,
        -0.971056163
      ]
    ],
    "translation": [
      1.630912,
      0.942889869,
      -0.4935952
    ]
  },
  {
    "timeStamp": 10475,
    "rotation": [
      [
        -0.8914683,
        0.351411045,
        -0.285997272
      ],
      [
        0.4102743,
        0.89393,
        -0.180455
      ],
      [
        0.192247689,
        -0.278207242,
        -0.9410852
      ]
    ],
    "translation": [
      1.67451811,
      0.9838814,
      -0.4890792
    ]
  },
  {
    "timeStamp": 10523,
    "rotation": [
      [
        -0.8690479,
        0.326263845,
        -0.37189734
      ],
      [
        0.424323976,
        0.878069162,
        -0.221232131
      ],
      [
        0.254371554,
        -0.350066274,
        -0.901525736
      ]
    ],
    "translation": [
      1.7229389,
      1.01128662,
      -0.481154472
    ]
  },
  {
    "timeStamp": 10573,
    "rotation": [
      [
        -0.8383336,
        0.2696571,
        -0.473795146
      ],
      [
        0.424024373,
        0.86877054,
        -0.2558146
      ],
      [
        0.342637062,
        -0.4153587,
        -0.842660666
      ]
    ],
    "translation": [
      1.79409289,
      1.03553128,
      -0.4721449
    ]
  },
  {
    "timeStamp": 10628,
    "rotation": [
      [
        -0.809313357,
        0.1804598,
        -0.5589689
      ],
      [
        0.3834276,
        0.8832201,
        -0.2700103
      ],
      [
        0.444966555,
        -0.432847023,
        -0.783995032
      ]
    ],
    "translation": [
      1.87329173,
      1.042187,
      -0.466830224
    ]
  },
  {
    "timeStamp": 10673,
    "rotation": [
      [
        -0.7936196,
        0.0865117759,
        -0.6022322
      ],
      [
        0.320160061,
        0.901089966,
        -0.2924626
      ],
      [
        0.517364,
        -0.424914747,
        -0.742820263
      ]
    ],
    "translation": [
      1.93841732,
      1.0336014,
      -0.467354834
    ]
  },
  {
    "timeStamp": 10724,
    "rotation": [
      [
        -0.784535348,
        0.0193129666,
        -0.6197833
      ],
      [
        0.254974157,
        0.9211536,
        -0.294048
      ],
      [
        0.5652366,
        -0.3887198,
        -0.7276018
      ]
    ],
    "translation": [
      1.99556649,
      1.01724064,
      -0.474955559
    ]
  },
  {
    "timeStamp": 10770,
    "rotation": [
      [
        -0.7932026,
        -0.031933926,
        -0.608119965
      ],
      [
        0.17636399,
        0.9437791,
        -0.279600978
      ],
      [
        0.5828597,
        -0.3290307,
        -0.742976
      ]
    ],
    "translation": [
      2.05147362,
      0.9956762,
      -0.494802952
    ]
  },
  {
    "timeStamp": 10825,
    "rotation": [
      [
        -0.8224988,
        -0.0428928249,
        -0.567147255
      ],
      [
        0.117165707,
        0.9629879,
        -0.242748111
      ],
      [
        0.556568,
        -0.266110241,
        -0.787030756
      ]
    ],
    "translation": [
      2.08592153,
      0.975869536,
      -0.5187955
    ]
  },
  {
    "timeStamp": 10870,
    "rotation": [
      [
        -0.8450748,
        -0.06718397,
        -0.5304101
      ],
      [
        0.0632957444,
        0.972524643,
        -0.224029854
      ],
      [
        0.5308882,
        -0.222894683,
        -0.8176036
      ]
    ],
    "translation": [
      2.10594249,
      0.9570447,
      -0.5340797
    ]
  },
  {
    "timeStamp": 10925,
    "rotation": [
      [
        -0.898124,
        -0.113268629,
        -0.424904138
      ],
      [
        -0.0268145837,
        0.9785656,
        -0.204182416
      ],
      [
        0.438924,
        -0.171987489,
        -0.8819104
      ]
    ],
    "translation": [
      2.11938071,
      0.9284395,
      -0.5571434
    ]
  },
  {
    "timeStamp": 10970,
    "rotation": [
      [
        -0.923319757,
        -0.137318373,
        -0.3586422
      ],
      [
        -0.07396543,
        0.979989052,
        -0.1847991
      ],
      [
        0.376841724,
        -0.144101545,
        -0.915
      ]
    ],
    "translation": [
      2.12496352,
      0.9086531,
      -0.5683185
    ]
  },
  {
    "timeStamp": 11025,
    "rotation": [
      [
        -0.948073268,
        -0.134426922,
        -0.288247347
      ],
      [
        -0.08985577,
        0.9825772,
        -0.162690088
      ],
      [
        0.305095166,
        -0.128341436,
        -0.943634152
      ]
    ],
    "translation": [
      2.12386847,
      0.8915298,
      -0.574442863
    ]
  },
  {
    "timeStamp": 11070,
    "rotation": [
      [
        -0.961582,
        -0.1357961,
        -0.2385778
      ],
      [
        -0.09901821,
        0.9821482,
        -0.1599385
      ],
      [
        0.256037772,
        -0.130170435,
        -0.9578624
      ]
    ],
    "translation": [
      2.12068963,
      0.8794598,
      -0.574552655
    ]
  },
  {
    "timeStamp": 11126,
    "rotation": [
      [
        -0.9743819,
        -0.130787373,
        -0.182960615
      ],
      [
        -0.103560746,
        0.9830628,
        -0.151204571
      ],
      [
        0.199637413,
        -0.128383458,
        -0.971423
      ]
    ],
    "translation": [
      2.114593,
      0.8677119,
      -0.571386
    ]
  },
  {
    "timeStamp": 11171,
    "rotation": [
      [
        -0.9823317,
        -0.114516236,
        -0.148021787
      ],
      [
        -0.0920274,
        0.9842789,
        -0.150751323
      ],
      [
        0.16295819,
        -0.134465739,
        -0.977427065
      ]
    ],
    "translation": [
      2.10738325,
      0.8628158,
      -0.5669059
    ]
  },
  {
    "timeStamp": 11228,
    "rotation": [
      [
        -0.9892302,
        -0.100769907,
        -0.106155723
      ],
      [
        -0.084956184,
        0.985895336,
        -0.144197166
      ],
      [
        0.119189173,
        -0.133625612,
        -0.9838385
      ]
    ],
    "translation": [
      2.098253,
      0.856390834,
      -0.5625627
    ]
  },
  {
    "timeStamp": 11274,
    "rotation": [
      [
        -0.992211044,
        -0.0897587,
        -0.0863757059
      ],
      [
        -0.0773045346,
        0.987401664,
        -0.1380652
      ],
      [
        0.09768008,
        -0.130312577,
        -0.9866495
      ]
    ],
    "translation": [
      2.092346,
      0.851757944,
      -0.558296144
    ]
  },
  {
    "timeStamp": 11319,
    "rotation": [
      [
        -0.994553447,
        -0.07476184,
        -0.072622925
      ],
      [
        -0.06525894,
        0.9899567,
        -0.12540774
      ],
      [
        0.08126926,
        -0.1199854,
        -0.98944366
      ]
    ],
    "translation": [
      2.08560038,
      0.848376,
      -0.5552538
    ]
  },
  {
    "timeStamp": 11375,
    "rotation": [
      [
        -0.9974272,
        -0.0514612049,
        -0.0499078222
      ],
      [
        -0.04553997,
        0.9925192,
        -0.113277391
      ],
      [
        0.0553638637,
        -0.110713154,
        -0.992309153
      ]
    ],
    "translation": [
      2.07763982,
      0.844423056,
      -0.5546683
    ]
  },
  {
    "timeStamp": 11419,
    "rotation": [
      [
        -0.998826265,
        -0.0379172564,
        -0.0301387943
      ],
      [
        -0.0341659635,
        0.9926037,
        -0.116492569
      ],
      [
        0.0343329571,
        -0.115326121,
        -0.9927342
      ]
    ],
    "translation": [
      2.07192469,
      0.8405993,
      -0.5544675
    ]
  }
]