[
  {
    "timeStamp": 0,
    "rotation": [
      [
        -0.997667253,
        -0.0675095,
        -0.0101272548
      ],
      [
        -0.0568450578,
        0.903721035,
        -0.424331129
      ],
      [
        0.0377986,
        -0.422765583,
        -0.905450463
      ]
    ],
    "translation": [
      1.59166384,
      1.52794039,
      -1.58049667
    ]
  },
  {
    "timeStamp": 15,
    "rotation": [
      [
        -0.997739,
        -0.06659597,
        -0.009050964
      ],
      [
        -0.0564567745,
        0.903558254,
        -0.4247295
      ],
      [
        0.0364633463,
        -0.423258215,
        -0.905275047
      ]
    ],
    "translation": [
      1.59189272,
      1.52795351,
      -1.58032167
    ]
  },
  {
    "timeStamp": 51,
    "rotation": [
      [
        -0.9985372,
        -0.0518579334,
        0.0153021691
      ],
      [
        -0.0533655174,
        0.899772048,
        -0.433084726
      ],
      [
        0.008690416,
        -0.433267832,
        -0.901223361
      ]
    ],
    "translation": [
      1.59784746,
      1.52748525,
      -1.57816422
    ]
  },
  {
    "timeStamp": 108,
    "rotation": [
      [
        -0.997300744,
        -0.0129659912,
        0.07227017
      ],
      [
        -0.04379081,
        0.8951017,
        -0.4437063
      ],
      [
        -0.0589360557,
        -0.4456734,
        -0.893253446
      ]
    ],
    "translation": [
      1.61001682,
      1.52825534,
      -1.57416928
    ]
  },
  {
    "timeStamp": 152,
    "rotation": [
      [
        -0.9882336,
        0.0341317765,
        0.149094939
      ],
      [
        -0.03830173,
        0.8885009,
        -0.457273543
      ],
      [
        -0.148078546,
        -0.4576037,
        -0.8767392
      ]
    ],
    "translation": [
      1.6236738,
      1.52875793,
      -1.56902373
    ]
  },
  {
    "timeStamp": 208,
    "rotation": [
      [
        -0.95350343,
        0.110956222,
        0.280214131
      ],
      [
        -0.03864435,
        0.877076745,
        -0.478793263
      ],
      [
        -0.2988944,
        -0.467359722,
        -0.8320078
      ]
    ],
    "translation": [
      1.64626,
      1.52871978,
      -1.5578016
    ]
  },
  {
    "timeStamp": 252,
    "rotation": [
      [
        -0.9005136,
        0.187671646,
        0.392243147
      ],
      [
        -0.0383096039,
        0.8643152,
        -0.5014894
      ],
      [
        -0.433137029,
        -0.466624677,
        -0.771137953
      ]
    ],
    "translation": [
      1.66624451,
      1.52730453,
      -1.54412353
    ]
  },
  {
    "timeStamp": 384,
    "rotation": [
      [
        -0.8819229,
        0.209108457,
        0.422475666
      ],
      [
        -0.0389902219,
        0.860797167,
        -0.5074525
      ],
      [
        -0.469778478,
        -0.4640064,
        -0.7510035
      ]
    ],
    "translation": [
      1.67143,
      1.52671444,
      -1.53804958
    ]
  },
  {
    "timeStamp": 387,
    "rotation": [
      [
        -0.8819229,
        0.209108457,
        0.422475666
      ],
      [
        -0.0389902219,
        0.860797167,
        -0.5074525
      ],
      [
        -0.469778478,
        -0.4640064,
        -0.7510035
      ]
    ],
    "translation": [
      1.67143,
      1.52671444,
      -1.53804958
    ]
  },
  {
    "timeStamp": 423,
    "rotation": [
      [
        -0.484186172,
        0.4930884,
        0.722791553
      ],
      [
        -0.06186011,
        0.804721832,
        -0.590420246
      ],
      [
        -0.872775555,
        -0.330585271,
        -0.359132648
      ]
    ],
    "translation": [
      1.74022293,
      1.51951993,
      -1.45658243
    ]
  },
  {
    "timeStamp": 475,
    "rotation": [
      [
        -0.307256758,
        0.580483735,
        0.7540769
      ],
      [
        -0.0765145,
        0.77477324,
        -0.627592266
      ],
      [
        -0.948545635,
        -0.250529766,
        -0.193638876
      ]
    ],
    "translation": [
      1.75943482,
      1.51513565,
      -1.41938269
    ]
  },
  {
    "timeStamp": 519,
    "rotation": [
      [
        -0.1777398,
        0.633618534,
        0.7529516
      ],
      [
        -0.09033396,
        0.751398742,
        -0.65363574
      ],
      [
        -0.9799226,
        -0.184194192,
        -0.07631619
      ]
    ],
    "translation": [
      1.77162409,
      1.51140225,
      -1.38951337
    ]
  },
  {
    "timeStamp": 575,
    "rotation": [
      [
        -0.03364595,
        0.6819421,
        0.7306318
      ],
      [
        -0.09665956,
        0.7253984,
        -0.68150866
      ],
      [
        -0.9947486,
        -0.09355257,
        0.04150951
      ]
    ],
    "translation": [
      1.78490424,
      1.50744808,
      -1.35306847
    ]
  },
  {
    "timeStamp": 619,
    "rotation": [
      [
        0.06995633,
        0.7094538,
        0.701271236
      ],
      [
        -0.09393345,
        0.704554856,
        -0.703405261
      ],
      [
        -0.99311763,
        -0.0166651756,
        0.115929514
      ]
    ],
    "translation": [
      1.793374,
      1.50438976,
      -1.32456863
    ]
  },
  {
    "timeStamp": 675,
    "rotation": [
      [
        0.180982113,
        0.7272319,
        0.6621021
      ],
      [
        -0.0806858242,
        0.6819292,
        -0.7269542
      ],
      [
        -0.9801711,
        0.0781434551,
        0.182094276
      ]
    ],
    "translation": [
      1.80284667,
      1.50135422,
      -1.28987038
    ]
  },
  {
    "timeStamp": 719,
    "rotation": [
      [
        0.257617027,
        0.734502733,
        0.6278051
      ],
      [
        -0.06776143,
        0.661869168,
        -0.746550441
      ],
      [
        -0.9638682,
        0.14978312,
        0.220279709
      ]
    ],
    "translation": [
      1.80855858,
      1.49867308,
      -1.26206338
    ]
  },
  {
    "timeStamp": 775,
    "rotation": [
      [
        0.3448226,
        0.7333425,
        0.585923254
      ],
      [
        -0.05510408,
        0.6389455,
        -0.7672758
      ],
      [
        -0.937049031,
        0.232287273,
        0.260733
      ]
    ],
    "translation": [
      1.81534421,
      1.49603307,
      -1.227248
    ]
  },
  {
    "timeStamp": 819,
    "rotation": [
      [
        0.401556462,
        0.729160666,
        0.554145455
      ],
      [
        -0.0440816768,
        0.6197589,
        -0.7835533
      ],
      [
        -0.914772749,
        0.290213227,
        0.281010777
      ]
    ],
    "translation": [
      1.8195951,
      1.49421859,
      -1.19928968
    ]
  },
  {
    "timeStamp": 875,
    "rotation": [
      [
        0.4570001,
        0.723500133,
        0.517395854
      ],
      [
        -0.0287009664,
        0.5933841,
        -0.8044076
      ],
      [
        -0.889003456,
        0.352764577,
        0.291941762
      ]
    ],
    "translation": [
      1.82408953,
      1.49249339,
      -1.16444945
    ]
  },
  {
    "timeStamp": 921,
    "rotation": [
      [
        0.495568275,
        0.713921964,
        0.494699359
      ],
      [
        -0.01157637,
        0.5749352,
        -0.8181171
      ],
      [
        -0.868491769,
        0.399706066,
        0.29318428
      ]
    ],
    "translation": [
      1.82721448,
      1.49151433,
      -1.13688385
    ]
  },
  {
    "timeStamp": 978,
    "rotation": [
      [
        0.542449236,
        0.6949631,
        0.4719907
      ],
      [
        0.0133694056,
        0.5546219,
        -0.83199507
      ],
      [
        -0.8399823,
        0.457625329,
        0.291562974
      ]
    ],
    "translation": [
      1.83051968,
      1.49087822,
      -1.10269487
    ]
  },
  {
    "timeStamp": 1024,
    "rotation": [
      [
        0.581099868,
        0.6739142,
        0.456248432
      ],
      [
        0.0294044577,
        0.5428653,
        -0.839304864
      ],
      [
        -0.8133009,
        0.5011357,
        0.295642883
      ]
    ],
    "translation": [
      1.833139,
      1.49047875,
      -1.07526016
    ]
  },
  {
    "timeStamp": 1069,
    "rotation": [
      [
        0.61725,
        0.653368831,
        0.438305259
      ],
      [
        0.0399541222,
        0.53034693,
        -0.8468387
      ],
      [
        -0.7857519,
        0.54022336,
        0.3012519
      ]
    ],
    "translation": [
      1.83530366,
      1.48983347,
      -1.0486685
    ]
  },
  {
    "timeStamp": 1124,
    "rotation": [
      [
        0.6555237,
        0.6282122,
        0.41909197
      ],
      [
        0.0505309328,
        0.517228,
        -0.8543546
      ],
      [
        -0.7534821,
        0.5812268,
        0.307311058
      ]
    ],
    "translation": [
      1.83726358,
      1.48817873,
      -1.01689565
    ]
  },
  {
    "timeStamp": 1180,
    "rotation": [
      [
        0.6864753,
        0.602413833,
        0.407246023
      ],
      [
        0.05898081,
        0.512080431,
        -0.85691005
      ],
      [
        -0.724757254,
        0.612267256,
        0.315999717
      ]
    ],
    "translation": [
      1.83784676,
      1.48720145,
      -0.9934164
    ]
  },
  {
    "timeStamp": 1224,
    "rotation": [
      [
        0.7255041,
        0.564201534,
        0.3941071
      ],
      [
        0.07005074,
        0.509135664,
        -0.8578308
      ],
      [
        -0.684643447,
        0.649967253,
        0.32985726
      ]
    ],
    "translation": [
      1.83704066,
      1.4863528,
      -0.9664073
    ]
  },
  {
    "timeStamp": 1280,
    "rotation": [
      [
        0.7549943,
        0.5325728,
        0.382556915
      ],
      [
        0.078352876,
        0.5059552,
        -0.858993649
      ],
      [
        -0.651033342,
        0.6785097,
        0.340264678
      ]
    ],
    "translation": [
      1.83447754,
      1.48609543,
      -0.9484006
    ]
  },
  {
    "timeStamp": 1324,
    "rotation": [
      [
        0.793476343,
        0.4903951,
        0.3604274
      ],
      [
        0.08694737,
        0.494805783,
        -0.8646429
      ],
      [
        -0.6023582,
        0.7174119,
        0.349978149
      ]
    ],
    "translation": [
      1.8289547,
      1.48631835,
      -0.9294714
    ]
  },
  {
    "timeStamp": 1369,
    "rotation": [
      [
        0.822692156,
        0.455172241,
        0.340581745
      ],
      [
        0.08941581,
        0.4880385,
        -0.8682299
      ],
      [
        -0.5614112,
        0.744739354,
        0.360805869
      ]
    ],
    "translation": [
      1.82304311,
      1.487136,
      -0.917715549
    ]
  },
  {
    "timeStamp": 1424,
    "rotation": [
      [
        0.8562787,
        0.405558646,
        0.319857657
      ],
      [
        0.09168365,
        0.490085542,
        -0.86683923
      ],
      [
        -0.508311749,
        0.7715817,
        0.382466733
      ]
    ],
    "translation": [
      1.8153615,
      1.4882952,
      -0.905247569
    ]
  },
  {
    "timeStamp": 1480,
    "rotation": [
      [
        0.886655569,
        0.354879,
        0.296483934
      ],
      [
        0.0916082561,
        0.493640333,
        -0.8648278
      ],
      [
        -0.453265637,
        0.793964744,
        0.4051791
      ]
    ],
    "translation": [
      1.80843365,
      1.48778546,
      -0.899047256
    ]
  },
  {
    "timeStamp": 1524,
    "rotation": [
      [
        0.9231056,
        0.2866768,
        0.256305337
      ],
      [
        0.08814587,
        0.491024762,
        -0.866674662
      ],
      [
        -0.374307781,
        0.8226245,
        0.427998334
      ]
    ],
    "translation": [
      1.8008033,
      1.48774493,
      -0.8913597
    ]
  },
  {
    "timeStamp": 1569,
    "rotation": [
      [
        0.9495653,
        0.229917675,
        0.213222191
      ],
      [
        0.07808867,
        0.485173762,
        -0.870924
      ],
      [
        -0.3036906,
        0.843649447,
        0.4427502
      ]
    ],
    "translation": [
      1.79498029,
      1.4866873,
      -0.8893019
    ]
  },
  {
    "timeStamp": 1624,
    "rotation": [
      [
        0.9748872,
        0.161524057,
        0.153313383
      ],
      [
        0.0579043478,
        0.4809033,
        -0.874859452
      ],
      [
        -0.215039775,
        0.8617668,
        0.459473521
      ]
    ],
    "translation": [
      1.78975463,
      1.48622942,
      -0.8889841
    ]
  },
  {
    "timeStamp": 1678,
    "rotation": [
      [
        0.99094075,
        0.0956061259,
        0.0943184
      ],
      [
        0.03691798,
        0.481321961,
        -0.8757661
      ],
      [
        -0.129126117,
        0.871314347,
        0.473431945
      ]
    ],
    "translation": [
      1.78649926,
      1.48558652,
      -0.8926945
    ]
  },
  {
    "timeStamp": 1722,
    "rotation": [
      [
        0.998087943,
        0.0399834663,
        0.0471351
      ],
      [
        0.0221018661,
        0.48129645,
        -0.876279235
      ],
      [
        -0.05772263,
        0.8756455,
        0.4794925
      ]
    ],
    "translation": [
      1.785635,
      1.48474717,
      -0.8985003
    ]
  },
  {
    "timeStamp": 1777,
    "rotation": [
      [
        0.9996283,
        -0.0261562355,
        -0.007681752
      ],
      [
        0.005689928,
        0.475768536,
        -0.8795521
      ],
      [
        0.0266605075,
        0.8791815,
        0.475740552
      ]
    ],
    "translation": [
      1.78714275,
      1.48402321,
      -0.9091662
    ]
  },
  {
    "timeStamp": 1822,
    "rotation": [
      [
        0.9960143,
        -0.0739448443,
        -0.0498770848
      ],
      [
        -0.00925326347,
        0.4705168,
        -0.8823425
      ],
      [
        0.0887126848,
        0.8792873,
        0.4679572
      ]
    ],
    "translation": [
      1.78972125,
      1.48430157,
      -0.9192554
    ]
  },
  {
    "timeStamp": 1877,
    "rotation": [
      [
        0.986517966,
        -0.132645309,
        -0.0958512649
      ],
      [
        -0.022825025,
        0.468452036,
        -0.883194
      ],
      [
        0.162053257,
        0.8734746,
        0.45910874
      ]
    ],
    "translation": [
      1.79508448,
      1.48609018,
      -0.9316546
    ]
  },
  {
    "timeStamp": 1922,
    "rotation": [
      [
        0.975343049,
        -0.175817743,
        -0.1333946
      ],
      [
        -0.0347499773,
        0.474544942,
        -0.8795451
      ],
      [
        0.217941359,
        0.8624937,
        0.456734449
      ]
    ],
    "translation": [
      1.79977012,
      1.48671746,
      -0.9415231
    ]
  },
  {
    "timeStamp": 1977,
    "rotation": [
      [
        0.958966255,
        -0.221675664,
        -0.176758766
      ],
      [
        -0.0504854023,
        0.479967982,
        -0.87583214
      ],
      [
        0.278989226,
        0.84881717,
        0.4490817
      ]
    ],
    "translation": [
      1.80577052,
      1.486359,
      -0.953618646
    ]
  },
  {
    "timeStamp": 2022,
    "rotation": [
      [
        0.945448935,
        -0.250003844,
        -0.20886454
      ],
      [
        -0.065064624,
        0.4833099,
        -0.873028159
      ],
      [
        0.319206685,
        0.838993251,
        0.440678418
      ]
    ],
    "translation": [
      1.81019592,
      1.48520458,
      -0.9625093
    ]
  },
  {
    "timeStamp": 2079,
    "rotation": [
      [
        0.933221757,
        -0.274056941,
        -0.232357219
      ],
      [
        -0.0762954056,
        0.480795026,
        -0.8735074
      ],
      [
        0.351106942,
        0.8329039,
        0.4277791
      ]
    ],
    "translation": [
      1.8140856,
      1.48371971,
      -0.9708891
    ]
  },
  {
    "timeStamp": 2123,
    "rotation": [
      [
        0.9178501,
        -0.302178919,
        -0.257369637
      ],
      [
        -0.08637059,
        0.4808206,
        -0.8725547
      ],
      [
        0.387416244,
        0.8231036,
        0.41522184
      ]
    ],
    "translation": [
      1.818388,
      1.48261845,
      -0.9791337
    ]
  },
  {
    "timeStamp": 2179,
    "rotation": [
      [
        0.9067664,
        -0.32130903,
        -0.273011237
      ],
      [
        -0.09149648,
        0.482126683,
        -0.871310651
      ],
      [
        0.411585957,
        0.8150548,
        0.407777667
      ]
    ],
    "translation": [
      1.82115793,
      1.48224258,
      -0.9837235
    ]
  },
  {
    "timeStamp": 2224,
    "rotation": [
      [
        0.8932172,
        -0.344269127,
        -0.289208949
      ],
      [
        -0.0973117352,
        0.479957223,
        -0.871878147
      ],
      [
        0.438968629,
        0.80692,
        0.3952046
      ]
    ],
    "translation": [
      1.82357287,
      1.4815973,
      -0.988556147
    ]
  },
  {
    "timeStamp": 2279,
    "rotation": [
      [
        0.8824267,
        -0.361209929,
        -0.301414162
      ],
      [
        -0.103060648,
        0.476706624,
        -0.8730002
      ],
      [
        0.459022433,
        0.8014226,
        0.38343212
      ]
    ],
    "translation": [
      1.82407713,
      1.48097038,
      -0.990771055
    ]
  },
  {
    "timeStamp": 2323,
    "rotation": [
      [
        0.868327439,
        -0.384750932,
        -0.313008279
      ],
      [
        -0.105956994,
        0.472613275,
        -0.874877036
      ],
      [
        0.484541625,
        0.79284513,
        0.369616
      ]
    ],
    "translation": [
      1.8231895,
      1.47929764,
      -0.9928422
    ]
  },
  {
    "timeStamp": 2379,
    "rotation": [
      [
        0.8539456,
        -0.408061475,
        -0.322897375
      ],
      [
        -0.108480208,
        0.467287481,
        -0.8774249
      ],
      [
        0.5089292,
        0.7843011,
        0.3547715
      ]
    ],
    "translation": [
      1.820804,
      1.477669,
      -0.993443847
    ]
  },
  {
    "timeStamp": 2423,
    "rotation": [
      [
        0.8364858,
        -0.433118552,
        -0.3357078
      ],
      [
        -0.11419943,
        0.461387783,
        -0.8798181
      ],
      [
        0.535957,
        0.774293,
        0.336482435
      ]
    ],
    "translation": [
      1.81729865,
      1.47513592,
      -0.993303537
    ]
  },
  {
    "timeStamp": 2479,
    "rotation": [
      [
        0.825502753,
        -0.4490115,
        -0.3419559
      ],
      [
        -0.11833708,
        0.454712451,
        -0.8827417
      ],
      [
        0.551852763,
        0.7691718,
        0.32223168
      ]
    ],
    "translation": [
      1.81425309,
      1.47306335,
      -0.99225533
    ]
  },
  {
    "timeStamp": 2523,
    "rotation": [
      [
        0.8164006,
        -0.465628773,
        -0.3415844
      ],
      [
        -0.119039692,
        0.4431079,
        -0.888529658
      ],
      [
        0.565083742,
        0.7660582,
        0.306325257
      ]
    ],
    "translation": [
      1.81045234,
      1.47086823,
      -0.990095139
    ]
  },
  {
    "timeStamp": 2579,
    "rotation": [
      [
        0.8141553,
        -0.4754375,
        -0.333332181
      ],
      [
        -0.112281635,
        0.434325218,
        -0.89373064
      ],
      [
        0.5696876,
        0.7650626,
        0.3002253
      ]
    ],
    "translation": [
      1.80751109,
      1.469653,
      -0.9866308
    ]
  },
  {
    "timeStamp": 2623,
    "rotation": [
      [
        0.8156404,
        -0.482548565,
        -0.319182634
      ],
      [
        -0.100593865,
        0.4250013,
        -0.8995859
      ],
      [
        0.5697469,
        0.765846431,
        0.298106819
      ]
    ],
    "translation": [
      1.803452,
      1.46845543,
      -0.9815222
    ]
  },
  {
    "timeStamp": 2679,
    "rotation": [
      [
        0.8187149,
        -0.484993339,
        -0.307387918
      ],
      [
        -0.09070555,
        0.419372261,
        -0.9032715
      ],
      [
        0.5669906,
        0.767403662,
        0.299354762
      ]
    ],
    "translation": [
      1.79922879,
      1.4674052,
      -0.9764024
    ]
  },
  {
    "timeStamp": 2723,
    "rotation": [
      [
        0.825402558,
        -0.484883159,
        -0.289134741
      ],
      [
        -0.07748312,
        0.410008818,
        -0.9087844
      ],
      [
        0.5592021,
        0.772516,
        0.3008521
      ]
    ],
    "translation": [
      1.79310274,
      1.46575391,
      -0.9697515
    ]
  },
  {
    "timeStamp": 2779,
    "rotation": [
      [
        0.832319856,
        -0.481722653,
        -0.274202257
      ],
      [
        -0.06887574,
        0.400970519,
        -0.9134981
      ],
      [
        0.5499997,
        0.779208541,
        0.300556749
      ]
    ],
    "translation": [
      1.78692329,
      1.46487582,
      -0.9640149
    ]
  },
  {
    "timeStamp": 2823,
    "rotation": [
      [
        0.8407302,
        -0.4774938,
        -0.255288869
      ],
      [
        -0.0558751449,
        0.392460018,
        -0.9180703
      ],
      [
        0.53856355,
        0.786113739,
        0.303272963
      ]
    ],
    "translation": [
      1.77811623,
      1.463997,
      -0.957203269
    ]
  },
  {
    "timeStamp": 2879,
    "rotation": [
      [
        0.8471023,
        -0.475560933,
        -0.237190783
      ],
      [
        -0.0419362523,
        0.3851148,
        -0.921915352
      ],
      [
        0.529772639,
        0.7909035,
        0.306288362
      ]
    ],
    "translation": [
      1.77029812,
      1.46347022,
      -0.951922059
    ]
  },
  {
    "timeStamp": 2923,
    "rotation": [
      [
        0.8547925,
        -0.4725011,
        -0.214644834
      ],
      [
        -0.0261088982,
        0.3739209,
        -0.927093
      ],
      [
        0.518312633,
        0.798076332,
        0.307288319
      ]
    ],
    "translation": [
      1.75969493,
      1.46304,
      -0.946472049
    ]
  },
  {
    "timeStamp": 2979,
    "rotation": [
      [
        0.8590275,
        -0.471229,
        -0.20003745
      ],
      [
        -0.0134926606,
        0.369775355,
        -0.9290232
      ],
      [
        0.5117516,
        0.8007555,
        0.311289072
      ]
    ],
    "translation": [
      1.75035512,
      1.46297467,
      -0.942456961
    ]
  },
  {
    "timeStamp": 3023,
    "rotation": [
      [
        0.859424,
        -0.474649549,
        -0.189995244
      ],
      [
        -0.00172446715,
        0.36892572,
        -0.9294573
      ],
      [
        0.5112606,
        0.799125552,
        0.316245079
      ]
    ],
    "translation": [
      1.73743629,
      1.46385229,
      -0.9377831
    ]
  },
  {
    "timeStamp": 3079,
    "rotation": [
      [
        0.856502235,
        -0.4794683,
        -0.191086441
      ],
      [
        0.00109060062,
        0.3719001,
        -0.9282721
      ],
      [
        0.51614213,
        0.794858754,
        0.3190562
      ]
    ],
    "translation": [
      1.72583914,
      1.46534669,
      -0.934270859
    ]
  },
  {
    "timeStamp": 3123,
    "rotation": [
      [
        0.852077,
        -0.485220134,
        -0.196280912
      ],
      [
        0.00103919243,
        0.376567036,
        -0.9263888
      ],
      [
        0.5234154,
        0.789150655,
        0.321368366
      ]
    ],
    "translation": [
      1.71078587,
      1.46713889,
      -0.929859161
    ]
  },
  {
    "timeStamp": 3179,
    "rotation": [
      [
        0.848115265,
        -0.489830315,
        -0.201907873
      ],
      [
        -0.0007220557,
        0.3800246,
        -0.9249761
      ],
      [
        0.529811263,
        0.784632146,
        0.321951
      ]
    ],
    "translation": [
      1.69873071,
      1.46828187,
      -0.9256526
    ]
  },
  {
    "timeStamp": 3223,
    "rotation": [
      [
        0.8458046,
        -0.4926569,
        -0.2047041
      ],
      [
        -0.00157904893,
        0.381391972,
        -0.9244121
      ],
      [
        0.5334905,
        0.7821952,
        0.321805149
      ]
    ],
    "translation": [
      1.68418825,
      1.46902835,
      -0.9200213
    ]
  },
  {
    "timeStamp": 3279,
    "rotation": [
      [
        0.84617734,
        -0.492887229,
        -0.202598467
      ],
      [
        0.000950217,
        0.3815749,
        -0.924337447
      ],
      [
        0.532900631,
        0.781960845,
        0.323348373
      ]
    ],
    "translation": [
      1.67297149,
      1.468407,
      -0.9142673
    ]
  },
  {
    "timeStamp": 3323,
    "rotation": [
      [
        0.8490744,
        -0.4904068,
        -0.196401834
      ],
      [
        0.0028197,
        0.375982672,
        -0.9266224
      ],
      [
        0.5282656,
        0.7862176,
        0.3206201
      ]
    ],
    "translation": [
      1.65955424,
      1.46636283,
      -0.9066926
    ]
  },
  {
    "timeStamp": 3379,
    "rotation": [
      [
        0.852698743,
        -0.487392455,
        -0.188025266
      ],
      [
        0.00410920242,
        0.366170466,
        -0.9305387
      ],
      [
        0.522386849,
        0.792696536,
        0.314235866
      ]
    ],
    "translation": [
      1.64685452,
      1.46293056,
      -0.8992624
    ]
  },
  {
    "timeStamp": 3423,
    "rotation": [
      [
        0.8560484,
        -0.483478636,
        -0.1828374
      ],
      [
        0.001958995,
        0.356754124,
        -0.934196234
      ],
      [
        0.516891956,
        0.799359,
        0.30634594
      ]
    ],
    "translation": [
      1.63763535,
      1.4603287,
      -0.893697
    ]
  },
  {
    "timeStamp": 3478,
    "rotation": [
      [
        0.862207651,
        -0.47565195,
        -0.174221933
      ],
      [
        0.00185325672,
        0.346894532,
        -0.937902331
      ],
      [
        0.5065517,
        0.8083437,
        0.299976617
      ]
    ],
    "translation": [
      1.62754631,
      1.45766985,
      -0.887975335
    ]
  },
  {
    "timeStamp": 3523,
    "rotation": [
      [
        0.866176367,
        -0.4702911,
        -0.1690109
      ],
      [
        0.0007091018,
        0.339355081,
        -0.9406581
      ],
      [
        0.499737829,
        0.81465596,
        0.294274867
      ]
    ],
    "translation": [
      1.6210022,
      1.45600367,
      -0.884674668
    ]
  },
  {
    "timeStamp": 3578,
    "rotation": [
      [
        0.8677266,
        -0.468197584,
        -0.166857913
      ],
      [
        -0.002140211,
        0.332179368,
        -0.9432138
      ],
      [
        0.497037172,
        0.818808854,
        0.287238836
      ]
    ],
    "translation": [
      1.61459684,
      1.45508158,
      -0.8820094
    ]
  },
  {
    "timeStamp": 3623,
    "rotation": [
      [
        0.8686397,
        -0.466390282,
        -0.167168289
      ],
      [
        -0.00254689413,
        0.333202869,
        -0.9428517
      ],
      [
        0.495437831,
        0.8194242,
        0.2882454
      ]
    ],
    "translation": [
      1.61063623,
      1.45526588,
      -0.879716158
    ]
  },
  {
    "timeStamp": 3679,
    "rotation": [
      [
        0.870308459,
        -0.462940723,
        -0.168074787
      ],
      [
        -0.00176072994,
        0.3383369,
        -0.9410234
      ],
      [
        0.492503941,
        0.8192766,
        0.293642372
      ]
    ],
    "translation": [
      1.608294,
      1.45603836,
      -0.8765849
    ]
  },
  {
    "timeStamp": 3723,
    "rotation": [
      [
        0.872688353,
        -0.458098561,
        -0.168999091
      ],
      [
        -0.000682588434,
        0.3449678,
        -0.938614249
      ],
      [
        0.4882771,
        0.81923306,
        0.300736725
      ]
    ],
    "translation": [
      1.60888886,
      1.45682347,
      -0.8730588
    ]
  },
  {
    "timeStamp": 3778,
    "rotation": [
      [
        0.882006,
        -0.441802949,
        -0.163937867
      ],
      [
        0.00249263388,
        0.352256566,
        -0.935900152
      ],
      [
        0.471231639,
        0.8250609,
        0.311793655
      ]
    ],
    "translation": [
      1.613421,
      1.45825684,
      -0.8677397
    ]
  },
  {
    "timeStamp": 3825,
    "rotation": [
      [
        0.8975828,
        -0.414423078,
        -0.1503279
      ],
      [
        0.0105041889,
        0.3610072,
        -0.9325039
      ],
      [
        0.440720558,
        0.83542037,
        0.328387082
      ]
    ],
    "translation": [
      1.62127757,
      1.45964372,
      -0.86175406
    ]
  },
  {
    "timeStamp": 3878,
    "rotation": [
      [
        0.923410058,
        -0.365498245,
        -0.117152892
      ],
      [
        0.0291699339,
        0.371180177,
        -0.928102553
      ],
      [
        0.3827047,
        0.8536019,
        0.353413075
      ]
    ],
    "translation": [
      1.6363436,
      1.46149087,
      -0.854149938
    ]
  },
  {
    "timeStamp": 3924,
    "rotation": [
      [
        0.944886,
        -0.317587823,
        -0.0795508
      ],
      [
        0.049508594,
        0.3787853,
        -0.9241594
      ],
      [
        0.323634446,
        0.869286835,
        0.373632282
      ]
    ],
    "translation": [
      1.65336156,
      1.46306932,
      -0.8478681
    ]
  },
  {
    "timeStamp": 3973,
    "rotation": [
      [
        0.9683479,
        -0.248959512,
        -0.0179299954
      ],
      [
        0.08289141,
        0.388506,
        -0.917710245
      ],
      [
        0.235438615,
        0.8871766,
        0.396845579
      ]
    ],
    "translation": [
      1.68002057,
      1.46522915,
      -0.8406904
    ]
  },
  {
    "timeStamp": 4029,
    "rotation": [
      [
        0.981837153,
        -0.1851414,
        0.0414546
      ],
      [
        0.113496855,
        0.3980687,
        -0.9103075
      ],
      [
        0.152033836,
        0.898478746,
        0.411851585
      ]
    ],
    "translation": [
      1.70559239,
      1.46748316,
      -0.8362957
    ]
  },
  {
    "timeStamp": 4073,
    "rotation": [
      [
        0.9870767,
        -0.111285076,
        0.115304887
      ],
      [
        0.151180014,
        0.408067316,
        -0.900347531
      ],
      [
        0.0531430878,
        0.906143844,
        0.419617832
      ]
    ],
    "translation": [
      1.739397,
      1.4706403,
      -0.8322631
    ]
  },
  {
    "timeStamp": 4129,
    "rotation": [
      [
        0.9839723,
        -0.0620205179,
        0.16718848
      ],
      [
        0.177781358,
        0.4141055,
        -0.8926984
      ],
      [
        -0.0138680488,
        0.9081135,
        0.4184944
      ]
    ],
    "translation": [
      1.76750314,
      1.4737407,
      -0.830688357
    ]
  },
  {
    "timeStamp": 4173,
    "rotation": [
      [
        0.976258,
        -0.003671196,
        0.216580048
      ],
      [
        0.197799072,
        0.42266798,
        -0.884436131
      ],
      [
        -0.08829453,
        0.9062772,
        0.413359135
      ]
    ],
    "translation": [
      1.80186069,
      1.47700775,
      -0.8278378
    ]
  },
  {
    "timeStamp": 4229,
    "rotation": [
      [
        0.970476031,
        0.03820269,
        0.2381529
      ],
      [
        0.1992655,
        0.429348081,
        -0.8808822
      ],
      [
        -0.135902569,
        0.9023307,
        0.409059554
      ]
    ],
    "translation": [
      1.82833385,
      1.47853243,
      -0.8253026
    ]
  },
  {
    "timeStamp": 4273,
    "rotation": [
      [
        0.964263856,
        0.08278467,
        0.25167805
      ],
      [
        0.192633286,
        0.4331212,
        -0.88051033
      ],
      [
        -0.181899846,
        0.897525847,
        0.401696056
      ]
    ],
    "translation": [
      1.86094415,
      1.47900569,
      -0.8215078
    ]
  },
  {
    "timeStamp": 4329,
    "rotation": [
      [
        0.961621344,
        0.109614931,
        0.251533151
      ],
      [
        0.182120234,
        0.430680454,
        -0.8839381
      ],
      [
        -0.205223247,
        0.895823,
        0.394188464
      ]
    ],
    "translation": [
      1.88599586,
      1.47774065,
      -0.8180362
    ]
  },
  {
    "timeStamp": 4375,
    "rotation": [
      [
        0.9596727,
        0.138136551,
        0.244839966
      ],
      [
        0.166318208,
        0.423175961,
        -0.890651643
      ],
      [
        -0.226641938,
        0.8954554,
        0.383135825
      ]
    ],
    "translation": [
      1.9162488,
      1.47509956,
      -0.8132634
    ]
  },
  {
    "timeStamp": 4420,
    "rotation": [
      [
        0.958954453,
        0.158435211,
        0.235169232
      ],
      [
        0.151896581,
        0.413301378,
        -0.89783597
      ],
      [
        -0.239444584,
        0.8967052,
        0.372271448
      ]
    ],
    "translation": [
      1.93940485,
      1.47239578,
      -0.809448
    ]
  },
  {
    "timeStamp": 4470,
    "rotation": [
      [
        0.959685,
        0.172902212,
        0.221606582
      ],
      [
        0.136331692,
        0.403134,
        -0.9049291
      ],
      [
        -0.245801374,
        0.898658931,
        0.3633096
      ]
    ],
    "translation": [
      1.96098256,
      1.46912944,
      -0.805183768
    ]
  },
  {
    "timeStamp": 4529,
    "rotation": [
      [
        0.9621615,
        0.185454622,
        0.1996295
      ],
      [
        0.114638746,
        0.3891255,
        -0.9140237
      ],
      [
        -0.247190833,
        0.902323663,
        0.353141248
      ]
    ],
    "translation": [
      1.98599362,
      1.46433675,
      -0.7995758
    ]
  },
  {
    "timeStamp": 4573,
    "rotation": [
      [
        0.964916348,
        0.1946534,
        0.176200017
      ],
      [
        0.09339676,
        0.372728169,
        -0.923228443
      ],
      [
        -0.245384276,
        0.90729475,
        0.341471523
      ]
    ],
    "translation": [
      2.00874615,
      1.45919645,
      -0.7944391
    ]
  },
  {
    "timeStamp": 4628,
    "rotation": [
      [
        0.967422843,
        0.1997083,
        0.155594379
      ],
      [
        0.0764506757,
        0.355448484,
        -0.9315641
      ],
      [
        -0.241346866,
        0.9131117,
        0.328601152
      ]
    ],
    "translation": [
      2.0290463,
      1.45422423,
      -0.789176
    ]
  },
  {
    "timeStamp": 4673,
    "rotation": [
      [
        0.969354749,
        0.201573238,
        0.140426844
      ],
      [
        0.06432175,
        0.343427181,
        -0.9369741
      ],
      [
        -0.237095311,
        0.9172928,
        0.3199372
      ]
    ],
    "translation": [
      2.043649,
      1.45089662,
      -0.7849765
    ]
  },
  {
    "timeStamp": 4728,
    "rotation": [
      [
        0.9709638,
        0.20344232,
        0.125859216
      ],
      [
        0.0524401963,
        0.332308382,
        -0.941711843
      ],
      [
        -0.2334081,
        0.9209682,
        0.311990857
      ]
    ],
    "translation": [
      2.06006,
      1.447208,
      -0.779270053
    ]
  },
  {
    "timeStamp": 4773,
    "rotation": [
      [
        0.971671462,
        0.204817057,
        0.117917538
      ],
      [
        0.0457744375,
        0.326394379,
        -0.9441247
      ],
      [
        -0.231860459,
        0.922776639,
        0.307772726
      ]
    ],
    "translation": [
      2.07216167,
      1.44441426,
      -0.774448156
    ]
  },
  {
    "timeStamp": 4828,
    "rotation": [
      [
        0.9722966,
        0.206256121,
        0.109989591
      ],
      [
        0.0394246876,
        0.319101661,
        -0.9469001
      ],
      [
        -0.2304018,
        0.9250041,
        0.302129865
      ]
    ],
    "translation": [
      2.08542442,
      1.44045794,
      -0.7683251
    ]
  },
  {
    "timeStamp": 4873,
    "rotation": [
      [
        0.9732087,
        0.204897612,
        0.104315668
      ],
      [
        0.0363076553,
        0.311050981,
        -0.949699461
      ],
      [
        -0.227038637,
        0.928043246,
        0.295278162
      ]
    ],
    "translation": [
      2.094606,
      1.4373318,
      -0.7635479
    ]
  },
  {
    "timeStamp": 4946,
    "rotation": [
      [
        0.9732279,
        0.204772949,
        0.104381189
      ],
      [
        0.0364414975,
        0.3109234,
        -0.9497361
      ],
      [
        -0.2269348,
        0.9281135,
        0.2951371
      ]
    ],
    "translation": [
      2.09443521,
      1.437345,
      -0.7634932
    ]
  },
  {
    "timeStamp": 4973,
    "rotation": [
      [
        0.975294232,
        0.2000186,
        0.09377444
      ],
      [
        0.0311585814,
        0.2956955,
        -0.954773962
      ],
      [
        -0.218701228,
        0.9341074,
        0.282157838
      ]
    ],
    "translation": [
      2.108892,
      1.43104041,
      -0.7531967
    ]
  },
  {
    "timeStamp": 5028,
    "rotation": [
      [
        0.9762494,
        0.196943745,
        0.0902793854
      ],
      [
        0.0300324541,
        0.289662868,
        -0.956657469
      ],
      [
        -0.214558274,
        0.9366476,
        0.2768685
      ]
    ],
    "translation": [
      2.11910415,
      1.42700052,
      -0.7469505
    ]
  },
  {
    "timeStamp": 5072,
    "rotation": [
      [
        0.976771951,
        0.194137856,
        0.09070271
      ],
      [
        0.0321614221,
        0.285671145,
        -0.9577879
      ],
      [
        -0.211854041,
        0.9384575,
        0.272791833
      ]
    ],
    "translation": [
      2.12373185,
      1.42441809,
      -0.7426685
    ]
  },
  {
    "timeStamp": 5128,
    "rotation": [
      [
        0.977582455,
        0.1905702,
        0.08952935
      ],
      [
        0.0338394567,
        0.27748,
        -0.9601353
      ],
      [
        -0.207815781,
        0.941641033,
        0.2648108
      ]
    ],
    "translation": [
      2.1283083,
      1.42087948,
      -0.7382978
    ]
  },
  {
    "timeStamp": 5173,
    "rotation": [
      [
        0.9791177,
        0.184675738,
        0.08499042
      ],
      [
        0.0321745,
        0.272028238,
        -0.9617512
      ],
      [
        -0.200731918,
        0.944402158,
        0.260405838
      ]
    ],
    "translation": [
      2.130696,
      1.41811931,
      -0.735285163
    ]
  },
  {
    "timeStamp": 5228,
    "rotation": [
      [
        0.9810622,
        0.177341476,
        0.0778907
      ],
      [
        0.02869632,
        0.26461935,
        -0.9639259
      ],
      [
        -0.191555426,
        0.947906435,
        0.254519
      ]
    ],
    "translation": [
      2.13255525,
      1.41537344,
      -0.732058167
    ]
  },
  {
    "timeStamp": 5274,
    "rotation": [
      [
        0.98234874,
        0.173160836,
        0.0707547
      ],
      [
        0.0237961486,
        0.25949356,
        -0.9654516
      ],
      [
        -0.1855388,
        0.950093865,
        0.250792623
      ]
    ],
    "translation": [
      2.13318658,
      1.4139688,
      -0.730484
    ]
  },
  {
    "timeStamp": 5328,
    "rotation": [
      [
        0.983496666,
        0.16937235,
        0.06361858
      ],
      [
        0.0184119139,
        0.256107777,
        -0.966472864
      ],
      [
        -0.179986984,
        0.9516942,
        0.2487627
      ]
    ],
    "translation": [
      2.13278055,
      1.41349316,
      -0.7293078
    ]
  },
  {
    "timeStamp": 5372,
    "rotation": [
      [
        0.9841974,
