[
  {
    "timeStamp": 44059,
    "rotation": [
      [
        0.984640241,
        0.0184853543,
        -0.173614576
      ],
      [
        0.173050582,
        0.0286807381,
        0.9844953
      ],
      [
        0.02317813,
        -0.9994177,
        0.0250413064
      ]
    ],
    "translation": [
      1.15935338,
      0.7072827,
      -0.620709836
    ]
  },
  {
    "timeStamp": 44103,
    "rotation": [
      [
        0.9858079,
        0.0199077781,
        -0.166692823
      ],
      [
        0.166009352,
        0.0321142338,
        0.9856011
      ],
      [
        0.0249743387,
        -0.999285936,
        0.0283535868
      ]
    ],
    "translation": [
      1.16003263,
      0.7075197,
      -0.6205733
    ]
  },
  {
    "timeStamp": 44159,
    "rotation": [
      [
        0.98619765,
        0.0207599439,
        -0.164265871
      ],
      [
        0.163755715,
        0.0242718346,
        0.9862023
      ],
      [
        0.0244605336,
        -0.999489844,
        0.0205372665
      ]
    ],
    "translation": [
      1.16084075,
      0.707271338,
      -0.619725168
    ]
  },
  {
    "timeStamp": 44212,
    "rotation": [
      [
        0.9863078,
        0.0221605953,
        -0.163418934
      ],
      [
        0.162859559,
        0.025065735,
        0.9863308
      ],
      [
        0.0259538945,
        -0.999440134,
        0.0211134665
      ]
    ],
    "translation": [
      1.16293836,
      0.710181832,
      -0.620994151
    ]
  },
  {
    "timeStamp": 44254,
    "rotation": [
      [
        0.9886385,
        0.024970632,
        -0.148224071
      ],
      [
        0.147550777,
        0.0269471426,
        0.988687336
      ],
      [
        0.0286823567,
        -0.999325,
        0.0229565483
      ]
    ],
    "translation": [
      1.16485023,
      0.717405,
      -0.622554541
    ]
  },
  {
    "timeStamp": 44299,
    "rotation": [
      [
        0.9910245,
        0.0266316012,
        -0.131001145
      ],
      [
        0.130311683,
        0.02616492,
        0.9911278
      ],
      [
        0.0298229475,
        -0.999302864,
        0.0224596672
      ]
    ],
    "translation": [
      1.16806328,
      0.7276007,
      -0.6224091
    ]
  },
  {
    "timeStamp": 44354,
    "rotation": [
      [
        0.994812965,
        0.0207557511,
        -0.09958121
      ],
      [
        0.09904827,
        0.0252948441,
        0.9947611
      ],
      [
        0.0231658909,
        -0.9994645,
        0.0231078155
      ]
    ],
    "translation": [
      1.17421257,
      0.746374965,
      -0.6213227
    ]
  },
  {
    "timeStamp": 44399,
    "rotation": [
      [
        0.997293651,
        0.0191249587,
        -0.07098935
      ],
      [
        0.070614025,
        0.0196338855,
        0.99731046
      ],
      [
        0.0204673223,
        -0.999624252,
        0.01823026
      ]
    ],
    "translation": [
      1.181531,
      0.7641705,
      -0.6198227
    ]
  },
  {
    "timeStamp": 44454,
    "rotation": [
      [
        0.9989429,
        0.022277642,
        -0.04020971
      ],
      [
        0.03993011,
        0.0128567452,
        0.999119759
      ],
      [
        0.0227749981,
        -0.9996692,
        0.0119536053
      ]
    ],
    "translation": [
      1.197308,
      0.7892586,
      -0.6186348
    ]
  },
  {
    "timeStamp": 44498,
    "rotation": [
      [
        0.999534845,
        0.0215719119,
        -0.021560017
      ],
      [
        0.0216228552,
        -0.00268395012,
        0.9997626
      ],
      [
        0.0215089247,
        -0.9997637,
        -0.00314914784
      ]
    ],
    "translation": [
      1.21342885,
      0.809217453,
      -0.6157244
    ]
  },
  {
    "timeStamp": 44554,
    "rotation": [
      [
        0.999657035,
        0.0259570777,
        -0.00346818776
      ],
      [
        0.004020999,
        -0.0212753247,
        0.9997656
      ],
      [
        0.0258772075,
        -0.9994367,
        -0.0213724021
      ]
    ],
    "translation": [
      1.23938417,
      0.835007668,
      -0.6133145
    ]
  },
  {
    "timeStamp": 44600,
    "rotation": [
      [
        0.999800265,
        0.0185117945,
        0.00753132673
      ],
      [
        -0.00680187671,
        -0.0391565971,
        0.99920994
      ],
      [
        0.0187920686,
        -0.9990616,
        -0.03902286
      ]
    ],
    "translation": [
      1.26267576,
      0.8558478,
      -0.6093658
    ]
  },
  {
    "timeStamp": 44656,
    "rotation": [
      [
        0.999760151,
        0.00678735226,
        0.0208230242
      ],
      [
        -0.0204198621,
        -0.054859817,
        0.998285234
      ],
      [
        0.007918067,
        -0.998470962,
        -0.05470806
      ]
    ],
    "translation": [
      1.29641891,
      0.882490039,
      -0.60640955
    ]
  },
  {
    "timeStamp": 44701,
    "rotation": [
      [
        0.99953264,
        -0.00552515546,
        0.0300663635
      ],
      [
        -0.0303994548,
        -0.07595846,
        0.9966475
      ],
      [
        -0.00322284061,
        -0.997095644,
        -0.0760909244
      ]
    ],
    "translation": [
      1.325812,
      0.90301615,
      -0.60371846
    ]
  },
  {
    "timeStamp": 44758,
    "rotation": [
      [
        0.9991969,
        -0.0108498316,
        0.0385727026
      ],
      [
        -0.0394510962,
        -0.09789672,
        0.9944143
      ],
      [
        -0.00701309228,
        -0.995137453,
        -0.09824613
      ]
    ],
    "translation": [
      1.36757016,
      0.9285606,
      -0.604464054
    ]
  },
  {
    "timeStamp": 44803,
    "rotation": [
      [
        0.9989667,
        -0.0151001029,
        0.0428662449
      ],
      [
        -0.0442932062,
        -0.11219725,
        0.9926983
      ],
      [
        -0.0101803876,
        -0.9935712,
        -0.11275015
      ]
    ],
    "translation": [
      1.40316153,
      0.9476672,
      -0.6062343
    ]
  },
  {
    "timeStamp": 44859,
    "rotation": [
      [
        0.998524547,
        -0.0231357086,
        0.0491267145
      ],
      [
        -0.0516951829,
        -0.1280695,
        0.990417
      ],
      [
        -0.0166223757,
        -0.9914953,
        -0.129076555
      ]
    ],
    "translation": [
      1.45006692,
      0.9699614,
      -0.6087604
    ]
  },
  {
    "timeStamp": 44903,
    "rotation": [
      [
        0.9980144,
        -0.0279164352,
        0.0564624965
      ],
      [
        -0.05992068,
        -0.144520372,
        0.987685859
      ],
      [
        -0.0194126815,
        -0.989107966,
        -0.14590618
      ]
    ],
    "translation": [
      1.48925531,
      0.9853081,
      -0.6112075
    ]
  },
  {
    "timeStamp": 44959,
    "rotation": [
      [
        0.9971162,
        -0.03635929,
        0.0666121244
      ],
      [
        -0.07172953,
        -0.1649314,
        0.9836933
      ],
      [
        -0.0247799642,
        -0.9856346,
        -0.167063817
      ]
    ],
    "translation": [
      1.53969789,
      1.00216281,
      -0.6137513
    ]
  },
  {
    "timeStamp": 45003,
    "rotation": [
      [
        0.9966951,
        -0.0319340974,
        0.0746929944
      ],
      [
        -0.07917957,
        -0.17646867,
        0.9811164
      ],
      [
        -0.0181500986,
        -0.9837881,
        -0.178413987
      ]
    ],
    "translation": [
      1.58151138,
      1.01231551,
      -0.618028
    ]
  },
  {
    "timeStamp": 45058,
    "rotation": [
      [
        0.9962019,
        -0.0378428474,
        0.078419745
      ],
      [
        -0.08440993,
        -0.198675588,
        0.976423562
      ],
      [
        -0.02137056,
        -0.979334354,
        -0.201115325
      ]
    ],
    "translation": [
      1.63294578,
      1.02085447,
      -0.6201964
    ]
  },
  {
    "timeStamp": 45103,
    "rotation": [
      [
        0.996015131,
        -0.04562312,
        0.07663168
      ],
      [
        -0.08465278,
        -0.2132123,
        0.97333163
      ],
      [
        -0.02806762,
        -0.9759401,
        -0.21622479
      ]
    ],
    "translation": [
      1.67367721,
      1.02575052,
      -0.622155964
    ]
  },
  {
    "timeStamp": 45159,
    "rotation": [
      [
        0.994311035,
        -0.0742067546,
        0.07641238
      ],
      [
        -0.0905956,
        -0.211903453,
        0.9730824
      ],
      [
        -0.05601725,
        -0.974469244,
        -0.217420757
      ]
    ],
    "translation": [
      1.72327662,
      1.03244662,
      -0.6245662
    ]
  },
  {
    "timeStamp": 45203,
    "rotation": [
      [
        0.991115868,
        -0.108867444,
        0.0764024556
      ],
      [
        -0.09706775,
        -0.199370831,
        0.9751047
      ],
      [
        -0.09092475,
        -0.973857939,
        -0.2081671
      ]
    ],
    "translation": [
      1.7606324,
      1.036844,
      -0.6260901
    ]
  },
  {
    "timeStamp": 45259,
    "rotation": [
      [
        0.9901224,
        -0.130753547,
        0.05060771
      ],
      [
        -0.0764423758,
        -0.200851649,
        0.9766346
      ],
      [
        -0.117533796,
        -0.970856369,
        -0.208862826
      ]
    ],
    "translation": [
      1.80744958,
      1.03681266,
      -0.6295394
    ]
  },
  {
    "timeStamp": 45303,
    "rotation": [
      [
        0.9882769,
        -0.149972916,
        0.02857944
      ],
      [
        -0.06080076,
        -0.214908615,
        0.97473973
      ],
      [
        -0.140042588,
        -0.9650504,
        -0.2215077
      ]
    ],
    "translation": [
      1.84240854,
      1.03613293,
      -0.6300534
    ]
  },
  {
    "timeStamp": 45358,
    "rotation": [
      [
        0.9809024,
        -0.192625612,
        0.0269439127
      ],
      [
        -0.0665432662,
        -0.202184841,
        0.977084041
      ],
      [
        -0.182763755,
        -0.960217,
        -0.211141527
      ]
    ],
    "translation": [
      1.87930667,
      1.03851259,
      -0.6320591
    ]
  },
  {
    "timeStamp": 45403,
    "rotation": [
      [
        0.9750098,
        -0.221697748,
        0.0143518671
      ],
      [
        -0.06074828,
        -0.203912422,
        0.9771025
      ],
      [
        -0.2136949,
        -0.953556359,
        -0.212284371
      ]
    ],
    "translation": [
      1.90620577,
      1.03542423,
      -0.6343131
    ]
  },
  {
    "timeStamp": 45459,
    "rotation": [
      [
        0.9659737,
        -0.2585984,
        -0.00466412539
      ],
      [
        -0.05039113,
        -0.2058585,
        0.9772835
      ],
      [
        -0.2536841,
        -0.9437951,
        -0.211884961
      ]
    ],
    "translation": [
      1.93817961,
      1.02720869,
      -0.6375269
    ]
  },
  {
    "timeStamp": 45503,
    "rotation": [
      [
        0.9554683,
        -0.2946836,
        -0.0155499345
      ],
      [
        -0.04535459,
        -0.198716074,
        0.979007065
      ],
      [
        -0.291587353,
        -0.934704959,
        -0.203232169
      ]
    ],
    "translation": [
      1.96070886,
      1.019686,
      -0.640029848
    ]
  },
  {
    "timeStamp": 45558,
    "rotation": [
      [
        0.93854785,
        -0.344790936,
        -0.0157215614
      ],
      [
        -0.04599002,
        -0.170072556,
        0.9843578
      ],
      [
        -0.342071444,
        -0.923143864,
        -0.175478175
      ]
    ],
    "translation": [
      1.98387146,
      1.00945234,
      -0.6440222
    ]
  },
  {
    "timeStamp": 45603,
    "rotation": [
      [
        0.9463996,
        -0.320538342,
        -0.0397859439
      ],
      [
        -0.0113354251,
        -0.156061545,
        0.9876823
      ],
      [
        -0.322799116,
        -0.9342911,
        -0.151330039
      ]
    ],
    "translation": [
      2.00319386,
      0.9951533,
      -0.6547584
    ]
  },
  {
    "timeStamp": 45658,
    "rotation": [
      [
        0.9404044,
        -0.331751466,
        -0.07470385
      ],
      [
        0.016975088,
        -0.173609108,
        0.9846683
      ],
      [
        -0.339634418,
        -0.9272545,
        -0.157631248
      ]
    ],
    "translation": [
      2.02583337,
      0.976469636,
      -0.653090358
    ]
  },
  {
    "timeStamp": 45703,
    "rotation": [
      [
        0.9453075,
        -0.318498164,
        -0.07037552
      ],
      [
        0.0178244468,
        -0.164993346,
        0.9861336
      ],
      [
        -0.32569325,
        -0.933453858,
        -0.1502924
      ]
    ],
    "translation": [
      2.040066,
      0.9664264,
      -0.655397
    ]
  },
  {
    "timeStamp": 45758,
    "rotation": [
      [
        0.9446757,
        -0.322094679,
        -0.0619905554
      ],
      [
        0.0110359434,
        -0.15767388,
        0.987429559
      ],
      [
        -0.3278201,
        -0.9334848,
        -0.145396069
      ]
    ],
    "translation": [
      2.056334,
      0.9532076,
      -0.651911855
    ]
  },
  {
    "timeStamp": 45803,
    "rotation": [
      [
        0.9495387,
        -0.307071239,
        -0.0639028251
      ],
      [
        0.0115270028,
        -0.169436947,
        0.985473633
      ],
      [
        -0.3134381,
        -0.936481953,
        -0.157347336
      ]
    ],
    "translation": [
      2.06983876,
      0.9398336,
      -0.6471582
    ]
  },
  {
    "timeStamp": 45858,
    "rotation": [
      [
        0.953913867,
        -0.2935917,
        -0.0620666035
      ],
      [
        0.0108395666,
        -0.172985777,
        0.984864652
      ],
      [
        -0.299884766,
        -0.9401488,
        -0.161831126
      ]
    ],
    "translation": [
      2.08312869,
      0.9216236,
      -0.638184
    ]
  },
  {
    "timeStamp": 45903,
    "rotation": [
      [
        0.959874749,
        -0.274849921,
        -0.0556588545
      ],
      [
        0.008473823,
        -0.1699591,
        0.9854147
      ],
      [
        -0.280300856,
        -0.946346343,
        -0.160810426
      ]
    ],
    "translation": [
      2.090277,
      0.9062539,
      -0.6317863
    ]
  },
  {
    "timeStamp": 45958,
    "rotation": [
      [
        0.970986843,
        -0.2309029,
        -0.0621966
      ],
      [
        0.022213174,
        -0.171876341,
        0.98486805
      ],
      [
        -0.238099024,
        -0.957675457,
        -0.161760584
      ]
    ],
    "translation": [
      2.096398,
      0.8864944,
      -0.6252403
    ]
  },
  {
    "timeStamp": 46003,
    "rotation": [
      [
        0.978144348,
        -0.1987564,
        -0.0610701963
      ],
      [
        0.0289412737,
        -0.160708,
        0.9865776
      ],
      [
        -0.205903083,
        -0.9667827,
        -0.151443362
      ]
    ],
    "translation": [
      2.097965,
      0.8736092,
      -0.621149957
    ]
  },
  {
    "timeStamp": 46058,
    "rotation": [
      [
        0.986270547,
        -0.159950852,
        -0.0410643369
      ],
      [
        0.0200173911,
        -0.1310365,
        0.9911754
      ],
      [
        -0.1639203,
        -0.9783891,
        -0.126035631
      ]
    ],
    "translation": [
      2.095329,
      0.8610314,
      -0.618361056
    ]
  },
  {
    "timeStamp": 46103,
    "rotation": [
      [
        0.989557445,
        -0.140456244,
        -0.0323761068
      ],
      [
        0.0155240456,
        -0.119456507,
        0.992718041
      ],
      [
        -0.14330098,
        -0.9828541,
        -0.116028622
      ]
    ],
    "translation": [
      2.09252357,
      0.8502503,
      -0.6135073
    ]
  },
  {
    "timeStamp": 46158,
    "rotation": [
      [
        0.992265165,
        -0.120209545,
        -0.0309759472
      ],
      [
        0.0175612681,
        -0.111089185,
        0.993655264
      ],
      [
        -0.122887947,
        -0.9865135,
        -0.108118892
      ]
    ],
    "translation": [
      2.08943868,
      0.836839557,
      -0.608652532
    ]
  },
  {
    "timeStamp": 46202,
    "rotation": [
      [
        0.9935887,
        -0.110151358,
        -0.0254584718
      ],
      [
        0.01364876,
        -0.10666763,
        0.994201064
      ],
      [
        -0.112228185,
        -0.9881744,
        -0.104480326
      ]
    ],
    "translation": [
      2.086252,
      0.827789962,
      -0.606601834
    ]
  },
  {
    "timeStamp": 46258,
    "rotation": [
      [
        0.9950341,
        -0.09712971,
        -0.0217482168
      ],
      [
        0.0122361574,
        -0.0974740162,
        0.995162845
      ],
      [
        -0.09877977,
        -0.990487039,
        -0.09580148
      ]
    ],
    "translation": [
      2.08504462,
      0.8171709,
      -0.6068297
    ]
  },
  {
    "timeStamp": 46302,
    "rotation": [
      [
        0.9952736,
        -0.09710993,
        0.000483572978
      ],
      [
        -0.0111488365,
        -0.109314241,
        0.9939447
      ],
      [
        -0.09646904,
        -0.9892523,
        -0.109880239
      ]
    ],
    "translation": [
      2.083848,
      0.8103811,
      -0.60603863
    ]
  },
  {
    "timeStamp": 46358,
    "rotation": [
      [
        0.9963794,
        -0.07634572,
        0.0374097563
      ],
      [
        -0.0540112667,
        -0.228600189,
        0.972021
      ],
      [
        -0.06565777,
        -0.970522165,
        -0.231896043
      ]
    ],
    "translation": [
      2.081403,
      0.802669346,
      -0.597645938
    ]
  },
  {
    "timeStamp": 46403,
    "rotation": [
      [
        0.9985207,
        -0.0539862774,
        0.006474845
      ],
      [
        -0.0240198374,
        -0.331134677,
        0.9432777
      ],
      [
        -0.0487800054,
        -0.9420378,
        -0.331941545
      ]
    ],
    "translation": [
      2.08448315,
      0.7924074,
      -0.5890918
    ]
  },
  {
    "timeStamp": 46458,
    "rotation": [
      [
        0.9993001,
        -0.03277573,
        -0.0180260651
      ],
      [
        0.006774763,
        -0.315350235,
        0.9489512
      ],
      [
        -0.0367870927,
        -0.9484092,
        -0.314907461
      ]
    ],
    "translation": [
      2.0876615,
      0.7861887,
      -0.589853942
    ]
  },
  {
    "timeStamp": 46503,
    "rotation": [
      [
        0.9995789,
        -0.0165888537,
        -0.0238071177
      ],
      [
        0.01909587,
        -0.241674826,
        0.970169365
      ],
      [
        -0.0218475815,
        -0.97021544,
        -0.241256282
      ]
    ],
    "translation": [
      2.0882206,
      0.7815708,
      -0.596372664
    ]
  },
  {
    "timeStamp": 46558,
    "rotation": [
      [
        0.9995061,
        0.008287927,
        -0.0303130243
      ],
      [
        0.0312969722,
        -0.175332844,
        0.98401165
      ],
      [
        0.00284055388,
        -0.984474361,
        -0.175505638
      ]
    ],
    "translation": [
      2.08934426,
      0.777417541,
      -0.60233134
    ]
  },
  {
    "timeStamp": 46602,
    "rotation": [
      [
        0.999850631,
        0.0168825574,
        -0.00370112737
      ],
      [
        0.00541258045,
        -0.10248369,
        0.99472
      ],
      [
        0.0164141133,
        -0.9945914,
        -0.10255976
      ]
    ],
    "translation": [
      2.08734655,
      0.775906742,
      -0.6083262
    ]
  },
  {
    "timeStamp": 46662,
    "rotation": [
      [
        0.9985484,
        -0.009465545,
        0.053022854
      ],
      [
        -0.0535223447,
        -0.06414244,
        0.9965044
      ],
      [
        -0.00603142567,
        -0.997895837,
        -0.06455595
      ]
    ],
    "translation": [
      2.08254027,
      0.775773168,
      -0.611676335
    ]
  },
  {
    "timeStamp": 46701,
    "rotation": [
      [
        0.9979294,
        -0.0115073631,
        0.0632805
      ],
      [
        -0.06385706,
        -0.0596492067,
        0.9961748
      ],
      [
        -0.007688718,
        -0.998153031,
        -0.0602605231
      ]
    ],
    "translation": [
      2.082075,
      0.775090039,
      -0.6120487
    ]
  },
  {
    "timeStamp": 46757,
    "rotation": [
      [
        0.9973307,
        -0.0139886327,
        0.0716641545
      ],
      [
        -0.07229392,
        -0.051426854,
        0.9960567
      ],
      [
        -0.0102480259,
        -0.9985788,
        -0.0523008741
      ]
    ],
    "translation": [
      2.08170962,
      0.773634434,
      -0.612517059
    ]
  },
  {
    "timeStamp": 46801,
    "rotation": [
      [
        0.996834457,
        -0.0335062444,
        0.0720995441
      ],
      [
        -0.07383325,
        -0.0537609719,
        0.995820463
      ],
      [
        -0.0294900574,
        -0.9979915,
        -0.0560646653
      ]
    ],
    "translation": [
      2.081128,
      0.771236,
      -0.611832857
    ]
  },
  {
    "timeStamp": 46857,
    "rotation": [
      [
        0.9969236,
        -0.0316739343,
        0.07169327
      ],
      [
        -0.07241931,
        -0.02240144,
        0.997122645
      ],
      [
        -0.02997675,
        -0.999247134,
        -0.0246263314
      ]
    ],
    "translation": [
      2.08111525,
      0.76976645,
      -0.6136856
    ]
  },
  {
    "timeStamp": 46901,
    "rotation": [
      [
        0.99711144,
        -0.03796739,
        0.06578165
      ],
      [
        -0.0664630756,
        -0.0169721246,
        0.997644544
      ],
      [
        -0.03676151,
        -0.999134839,
        -0.01944653
      ]
    ],
    "translation": [
      2.08106184,
      0.767681062,
      -0.613976955
    ]
  },
  {
    "timeStamp": 46957,
    "rotation": [
      [
        0.9977852,
        -0.03717832,
        0.0551577657
      ],
      [
        -0.0555712432,
        -0.0101806624,
        0.998402834
      ],
      [
        -0.0365574025,
        -0.99925673,
        -0.01222416
      ]
    ],
    "translation": [
      2.08147669,
      0.7665244,
      -0.6144027
    ]
  },
  {
    "timeStamp": 47001,
    "rotation": [
      [
        0.9975268,
        -0.04239664,
        0.0560614169
      ],
      [
        -0.055303257,
        0.0188497938,
        0.9982917
      ],
      [
        -0.04338095,
        -0.998923063,
        0.016458502
      ]
    ],
    "translation": [
      2.08131719,
      0.765823,
      -0.6161726
    ]
  },
  {
    "timeStamp": 47057,
    "rotation": [
      [
        0.997787237,
        -0.0396165326,
        0.053395573
      ],
      [
        -0.0518426336,
        0.0392428376,
        0.9978839
      ],
      [
        -0.04162811,
        -0.998444,
        0.0371021777
      ]
    ],
    "translation": [
      2.08146977,
      0.7658384,
      -0.6174176
    ]
  },
  {
    "timeStamp": 47102,
    "rotation": [
      [
        0.998057544,
        -0.0372117423,
        0.0499646254
      ],
      [
        -0.0480182357,
        0.0514810123,
        0.9975189
      ],
      [
        -0.0396916457,
        -0.9979805,
        0.0495941676
      ]
    ],
    "translation": [
      2.08165812,
      0.765743852,
      -0.6181889
    ]
  },
  {
    "timeStamp": 47158,
    "rotation": [
      [
        0.9968141,
        -0.05857881,
        0.0541313849
      ],
      [
        -0.04999336,
        0.0699381456,
        0.9962978
      ],
      [
        -0.06214782,
        -0.9958299,
        0.06678678
      ]
    ],
    "translation": [
      2.08106971,
      0.7656687,
      -0.619518042
    ]
  },
  {
    "timeStamp": 47202,
    "rotation": [
      [
        0.998265445,
        -0.0361160822,
        0.0464947149
      ],
      [
        -0.0433425047,
        0.0836370438,
        0.995553255
      ],
      [
        -0.03984416,
        -0.9958416,
        0.08192661
      ]
    ],
    "translation": [
      2.08181834,
      0.765944064,
      -0.6199883
    ]
  },
  {
    "timeStamp": 47258,
    "rotation": [
      [
        0.9985054,
        -0.03636719,
        0.0407953672
      ],
      [
        -0.03749972,
        0.08710662,
        0.995492935
      ],
      [
        -0.0397568345,
        -0.9955349,
        0.08561268
      ]
    ],
    "translation": [
      2.0820334,
      0.766079843,
      -0.620159745
    ]
  },
  {
    "timeStamp": 47302,
    "rotation": [
      [
        0.9983102,
        -0.0496806353,
        0.0301421043
      ],
      [
        -0.0258071516,
        0.08569926,
        0.99598676
      ],
      [
        -0.05206441,
        -0.995081663,
        0.084272325
      ]
    ],
    "translation": [
      2.08211875,
      0.7662986,
      -0.6202872
    ]
  },
  {
    "timeStamp": 47358,
    "rotation": [
      [
        0.99896723,
        -0.0376740247,
        0.025400592
      ],
      [
        -0.022032626,
        0.087265186,
        0.99594146
      ],
      [
        -0.0397377,
        -0.9954725,
        0.086345
      ]
    ],
    "translation": [
      2.08260918,
      0.7664229,
      -0.62016046
    ]
  },
  {
    "timeStamp": 47402,
    "rotation": [
      [
        0.998908639,
        -0.03754975,
        0.0277757626
      ],
      [
        -0.0244035088,
        0.08746115,
        0.995869
      ],
      [
        -0.039823927,
        -0.99546,
        0.0864493549
      ]
    ],
    "translation": [
      2.08251929,
      0.766354263,
      -0.620157957
    ]
  },
  {
    "timeStamp": 47457,
    "rotation": [
      [
        0.99890697,
        -0.0379821658,
        0.0272446014
      ],
      [
        -0.0238354038,
        0.08748873,
        0.9958803
      ],
      [
        -0.04020929,
        -0.995441139,
        0.086487785
      ]
    ],
    "translation": [
      2.08253074,
      0.7663534,
      -0.620157659
    ]
  },
  {
    "timeStamp": 47502,
    "rotation": [
      [
        0.998890042,
        -0.03948552,
        0.0256822538
      ],
      [
        -0.0221590083,
        0.0872131,
        0.9959432
      ],
      [
        -0.04156517,
        -0.995406866,
        0.0862413347
      ]
    ],
    "translation": [
      2.082558,
      0.7663362,
      -0.620158553
    ]
  }
]