[
  {
    "timeStamp": 0,
    "rotation": [
      [
        0.971518636,
        -0.102774613,
        -0.213515446
      ],
      [
        -0.0439625122,
        0.8072338,
        -0.5885923
      ],
      [
        0.232849225,
        0.5812151,
        0.7797244
      ]
    ],
    "translation": [
      1.41492319,
      1.45981359,
      -1.0870285
    ]
  },
  {
    "timeStamp": 16,
    "rotation": [
      [
        0.9713113,
        -0.105006337,
        -0.213373154
      ],
      [
        -0.0417158119,
        0.8080905,
        -0.58757937
      ],
      [
        0.234124377,
        0.5796235,
        0.780527
      ]
    ],
    "translation": [
      1.41516316,
      1.45991838,
      -1.08693075
    ]
  },
  {
    "timeStamp": 18,
    "rotation": [
      [
        0.9698453,
        -0.106185213,
        -0.219373688
      ],
      [
        -0.043893747,
        0.8092829,
        -0.5857768
      ],
      [
        0.239736229,
        0.577742,
        0.7802183
      ]
    ],
    "translation": [
      1.41392565,
      1.46009851,
      -1.08713484
    ]
  },
  {
    "timeStamp": 64,
    "rotation": [
      [
        0.932190239,
        -0.114905171,
        -0.343246549
      ],
      [
        -0.1038138,
        0.823568642,
        -0.5576356
      ],
      [
        0.3467623,
        0.5554562,
        0.755793869
      ]
    ],
    "translation": [
      1.39473915,
      1.46288335,
      -1.08924234
    ]
  },
  {
    "timeStamp": 119,
    "rotation": [
      [
        0.9197698,
        -0.126760557,
        -0.371423244
      ],
      [
        -0.107820623,
        0.828368843,
        -0.549708843
      ],
      [
        0.377356827,
        0.5456527,
        0.748241246
      ]
    ],
    "translation": [
      1.39088726,
      1.46283364,
      -1.08982468
    ]
  },
  {
    "timeStamp": 163,
    "rotation": [
      [
        0.9106739,
        -0.143083185,
        -0.387556672
      ],
      [
        -0.101419918,
        0.83197,
        -0.5454722
      ],
      [
        0.400483429,
        0.5360533,
        0.743141949
      ]
    ],
    "translation": [
      1.38777637,
      1.4625895,
      -1.0912919
    ]
  },
  {
    "timeStamp": 218,
    "rotation": [
      [
        0.907247,
        -0.155173019,
        -0.390927345
      ],
      [
        -0.08809793,
        0.838729143,
        -0.537375331
      ],
      [
        0.4112683,
        0.52197206,
        0.747264
      ]
    ],
    "translation": [
      1.3866576,
      1.46329451,
      -1.09168053
    ]
  },
  {
    "timeStamp": 340,
    "rotation": [
      [
        0.907281041,
        -0.157913119,
        -0.389749378
      ],
      [
        -0.08358507,
        0.840606,
        -0.535158932
      ],
      [
        0.4121343,
        0.5181168,
        0.749466658
      ]
    ],
    "translation": [
      1.386661,
      1.4635675,
      -1.09205675
    ]
  },
  {
    "timeStamp": 342,
    "rotation": [
      [
        0.907281041,
        -0.157913119,
        -0.389749378
      ],
      [
        -0.08358507,
        0.840606,
        -0.535158932
      ],
      [
        0.4121343,
        0.5181168,
        0.749466658
      ]
    ],
    "translation": [
      1.386661,
      1.4635675,
      -1.09205675
    ]
  },
  {
    "timeStamp": 385,
    "rotation": [
      [
        0.9051944,
        -0.176933452,
        -0.3864163
      ],
      [
        -0.04807922,
        0.8607509,
        -0.5067506
      ],
      [
        0.422269344,
        0.4772864,
        0.770640135
      ]
    ],
    "translation": [
      1.38572836,
      1.46795094,
      -1.09406614
    ]
  },
  {
    "timeStamp": 429,
    "rotation": [
      [
        0.9110681,
        -0.185660467,
        -0.368083179
      ],
      [
        -0.0282558277,
        0.8626294,
        -0.5050466
      ],
      [
        0.4112866,
        0.470532328,
        0.780668139
      ]
    ],
    "translation": [
      1.387903,
      1.46825993,
      -1.093611
    ]
  },
  {
    "timeStamp": 485,
    "rotation": [
      [
        0.926792741,
        -0.202328742,
        -0.316414624
      ],
      [
        0.0128467837,
        0.8590701,
        -0.5116966
      ],
      [
        0.375353277,
        0.470171779,
        0.7987793
      ]
    ],
    "translation": [
      1.39213157,
      1.46857655,
      -1.09219
    ]
  },
  {
    "timeStamp": 529,
    "rotation": [
      [
        0.9383475,
        -0.198416829,
        -0.2830808
      ],
      [
        0.022964811,
        0.852847755,
        -0.5216545
      ],
      [
        0.3449298,
        0.4829923,
        0.8048242
      ]
    ],
    "translation": [
      1.39488149,
      1.46723008,
      -1.09208679
    ]
  },
  {
    "timeStamp": 585,
    "rotation": [
      [
        0.9442987,
        -0.183415517,
        -0.273237526
      ],
      [
        0.009172677,
        0.8446298,
        -0.535272241
      ],
      [
        0.3289618,
        0.502950549,
        0.7992652
      ]
    ],
    "translation": [
      1.39565337,
      1.46545827,
      -1.09028447
    ]
  },
  {
    "timeStamp": 629,
    "rotation": [
      [
        0.9426834,
        -0.180840731,
        -0.2804363
      ],
      [
        -0.00596225355,
        0.8311514,
        -0.5560141
      ],
      [
        0.333635062,
        0.525817335,
        0.782434464
      ]
    ],
    "translation": [
      1.39633775,
      1.46213436,
      -1.08822012
    ]
  },
  {
    "timeStamp": 685,
    "rotation": [
      [
        0.9514146,
        -0.1589118,
        -0.263737261
      ],
      [
        -0.0289119612,
        0.806643069,
        -0.5903313
      ],
      [
        0.30655244,
        0.569275,
        0.7628575
      ]
    ],
    "translation": [
      1.39941525,
      1.45573139,
      -1.08545566
    ]
  },
  {
    "timeStamp": 729,
    "rotation": [
      [
        0.96059835,
        -0.162496492,
        -0.225490019
      ],
      [
        -0.0136881787,
        0.782646239,
        -0.622316241
      ],
      [
        0.27760312,
        0.60088253,
        0.7495844
      ]
    ],
    "translation": [
      1.40351677,
      1.45133948,
      -1.08302212
    ]
  },
  {
    "timeStamp": 785,
    "rotation": [
      [
        0.9727971,
        -0.147748008,
        -0.178427637
      ],
      [
        -0.006220839,
        0.7532782,
        -0.657672644
      ],
      [
        0.231575459,
        0.640891969,
        0.731867731
      ]
    ],
    "translation": [
      1.40712786,
      1.44510984,
      -1.080543
    ]
  },
  {
    "timeStamp": 830,
    "rotation": [
      [
        0.9794161,
        -0.132710934,
        -0.15209198
      ],
      [
        -0.00691615045,
        0.7309774,
        -0.68236655
      ],
      [
        0.201733321,
        0.6693726,
        0.715013146
      ]
    ],
    "translation": [
      1.40918577,
      1.44014966,
      -1.07864189
    ]
  },
  {
    "timeStamp": 887,
    "rotation": [
      [
        0.9855114,
        -0.122556463,
        -0.117247984
      ],
      [
        0.00529194251,
        0.7131664,
        -0.7009748
      ],
      [
        0.169526309,
        0.690198243,
        0.7034822
      ]
    ],
    "translation": [
      1.4119817,
      1.43531954,
      -1.07585156
    ]
  },
  {
    "timeStamp": 934,
    "rotation": [
      [
        0.99095273,
        -0.106996365,
        -0.08102181
      ],
      [
        0.0168874767,
        0.6982937,
        -0.7156122
      ],
      [
        0.133144915,
        0.7077696,
        0.6937829
      ]
    ],
    "translation": [
      1.41498423,
      1.43189383,
      -1.0745517
    ]
  },
  {
    "timeStamp": 979,
    "rotation": [
      [
        0.994152069,
        -0.09157117,
        -0.05724012
      ],
      [
        0.02164659,
        0.68827647,
        -0.7251255
      ],
      [
        0.105797611,
        0.719646,
        0.68623364
      ]
    ],
    "translation": [
      1.4175092,
      1.42959487,
      -1.07363558
    ]
  },
  {
    "timeStamp": 1034,
    "rotation": [
      [
        0.9955946,
        -0.08384393,
        -0.0419700444
      ],
      [
        0.0262016822,
        0.6785794,
        -0.7340596
      ],
      [
        0.0900264457,
        0.7297261,
        0.6777869
      ]
    ],
    "translation": [
      1.41857731,
      1.42768478,
      -1.07357788
    ]
  },
  {
    "timeStamp": 1079,
    "rotation": [
      [
        0.9957681,
        -0.08007659,
        -0.04509561
      ],
      [
        0.0211005863,
        0.6767976,
        -0.735866666
      ],
      [
        0.0894463,
        0.731801,
        0.6756231
      ]
    ],
    "translation": [
      1.41842055,
      1.42704272,
      -1.07355642
    ]
  },
  {
    "timeStamp": 1134,
    "rotation": [
      [
        0.99736017,
        -0.05901364,
        -0.0423094481
      ],
      [
        0.008578186,
        0.6743437,
        -0.7383678
      ],
      [
        0.07210488,
        0.736055732,
        0.6730698
      ]
    ],
    "translation": [
      1.41966486,
      1.4262557,
      -1.07438123
    ]
  },
  {
    "timeStamp": 1179,
    "rotation": [
      [
        0.999168754,
        -0.0285243373,
        -0.0291225221
      ],
      [
        -0.00256827916,
        0.6689382,
        -0.743313551
      ],
      [
        0.0406836942,
        0.742770433,
        0.6683089
      ]
    ],
    "translation": [
      1.42258263,
      1.425293,
      -1.076142
    ]
  },
  {
    "timeStamp": 1234,
    "rotation": [
      [
        0.999986053,
        0.00519248843,
        -0.0010339485
      ],
      [
        -0.00422784267,
        0.6656072,
        -0.746290267
      ],
      [
        -0.00318690017,
        0.7462842,
        0.66561985
      ]
    ],
    "translation": [
      1.426791,
      1.42490685,
      -1.07844174
    ]
  },
  {
    "timeStamp": 1279,
    "rotation": [
      [
        0.9994213,
        0.0203789622,
        0.0272348579
      ],
      [
        0.006572199,
        0.6698889,
        -0.742432237
      ],
      [
        -0.03337433,
        0.7421816,
        0.6693673
      ]
    ],
    "translation": [
      1.43015313,
      1.42534506,
      -1.07991278
    ]
  },
  {
    "timeStamp": 1334,
    "rotation": [
      [
        0.996547461,
        0.04301985,
        0.07101085
      ],
      [
        0.02361163,
        0.6731245,
        -0.739152133
      ],
      [
        -0.07959736,
        0.738276839,
        0.6697847
      ]
    ],
    "translation": [
      1.43426025,
      1.42575145,
      -1.08254039
    ]
  },
  {
    "timeStamp": 1379,
    "rotation": [
      [
        0.990230858,
        0.06587787,
        0.122894056
      ],
      [
        0.0463856757,
        0.6755261,
        -0.7358756
      ],
      [
        -0.131496057,
        0.7343873,
        0.665870965
      ]
    ],
    "translation": [
      1.43899512,
      1.42642093,
      -1.08493042
    ]
  },
  {
    "timeStamp": 1435,
    "rotation": [
      [
        0.978349149,
        0.08934564,
        0.186682254
      ],
      [
        0.07614966,
        0.683336139,
        -0.726121843
      ],
      [
        -0.192442551,
        0.724616468,
        0.66173774
      ]
    ],
    "translation": [
      1.44505286,
      1.4283756,
      -1.0877974
    ]
  },
  {
    "timeStamp": 1479,
    "rotation": [
      [
        0.967643142,
        0.104542077,
        0.229646757
      ],
      [
        0.0946484655,
        0.6932884,
        -0.7144179
      ],
      [
        -0.233898148,
        0.7130373,
        0.660961032
      ]
    ],
    "translation": [
      1.44872653,
      1.43032169,
      -1.08917832
    ]
  },
  {
    "timeStamp": 1534,
    "rotation": [
      [
        0.9577078,
        0.117446408,
        0.2626824
      ],
      [
        0.1073607,
        0.7011317,
        -0.7049028
      ],
      [
        -0.2669633,
        0.7032927,
        0.658870161
      ]
    ],
    "translation": [
      1.45103526,
      1.43196654,
      -1.09097278
    ]
  },
  {
    "timeStamp": 1579,
    "rotation": [
      [
        0.9529892,
        0.126321018,
        0.27541697
      ],
      [
        0.108978845,
        0.7052377,
        -0.7005451
      ],
      [
        -0.282728,
        0.697626531,
        0.6583176
      ]
    ],
    "translation": [
      1.45123315,
      1.43277812,
      -1.09183669
    ]
  },
  {
    "timeStamp": 1634,
    "rotation": [
      [
        0.952674568,
        0.136823773,
        0.271459758
      ],
      [
        0.09625025,
        0.711277366,
        -0.696290433
      ],
      [
        -0.288352251,
        0.689466238,
        0.6644466
      ]
    ],
    "translation": [
      1.44893754,
      1.43389666,
      -1.09238124
    ]
  },
  {
    "timeStamp": 1679,
    "rotation": [
      [
        0.9541449,
        0.1462184,
        0.261204243
      ],
      [
        0.0808335543,
        0.7143166,
        -0.695138633
      ],
      [
        -0.288224578,
        0.6843771,
        0.6697422
      ]
    ],
    "translation": [
      1.44592834,
      1.43489873,
      -1.09285033
    ]
  },
  {
    "timeStamp": 1734,
    "rotation": [
      [
        0.955686867,
        0.155562416,
        0.249925762
      ],
      [
        0.0625869259,
        0.722199738,
        -0.6888471
      ],
      [
        -0.287655056,
        0.6739642,
        0.680460632
      ]
    ],
    "translation": [
      1.44188952,
      1.43646932,
      -1.09260368
    ]
  },
  {
    "timeStamp": 1778,
    "rotation": [
      [
        0.9555971,
        0.16334413,
        0.245260745
      ],
      [
        0.05124848,
        0.727498651,
        -0.6841924
      ],
      [
        -0.2901857,
        0.666381538,
        0.6868245
      ]
    ],
    "translation": [
      1.43854237,
      1.43740427,
      -1.0921464
    ]
  },
  {
    "timeStamp": 1834,
    "rotation": [
      [
        0.95406574,
        0.17208837,
        0.245243
      ],
      [
        0.04006891,
        0.7379287,
        -0.6736882
      ],
      [
        -0.296905756,
        0.6525694,
        0.697137058
      ]
    ],
    "translation": [
      1.43469179,
      1.438404,
      -1.09064174
    ]
  },
  {
    "timeStamp": 1879,
    "rotation": [
      [
        0.9516641,
        0.180357158,
        0.248609468
      ],
      [
        0.0311066583,
        0.7486727,
        -0.6622096
      ],
      [
        -0.305561364,
        0.6379345,
        0.7068746
      ]
    ],
    "translation": [
      1.43237925,
      1.4390192,
      -1.08832884
    ]
  },
  {
    "timeStamp": 1934,
    "rotation": [
      [
        0.9492246,
        0.1882231,
        0.252080739
      ],
      [
        0.0224669464,
        0.7586726,
        -0.6510846
      ],
      [
        -0.3137959,
        0.623689,
        0.715921938
      ]
    ],
    "translation": [
      1.42988276,
      1.43878007,
      -1.08560646
    ]
  },
  {
    "timeStamp": 1979,
    "rotation": [
      [
        0.9490697,
        0.194513127,
        0.247853488
      ],
      [
        0.01469019,
        0.758496165,
        -0.651511848
      ],
      [
        -0.314723551,
        0.62197113,
        0.717008352
      ]
    ],
    "translation": [
      1.4277966,
      1.437362,
      -1.08405876
    ]
  },
  {
    "timeStamp": 2034,
    "rotation": [
      [
        0.9498097,
        0.201554179,
        0.239243582
      ],
      [
        0.00677908957,
        0.751334965,
        -0.659886241
      ],
      [
        -0.3127549,
        0.628388166,
        0.7122589
      ]
    ],
    "translation": [
      1.42598379,
      1.43521929,
      -1.08329368
    ]
  },
  {
    "timeStamp": 2079,
    "rotation": [
      [
        0.952076,
        0.205966741,
        0.22611697
      ],
      [
        -0.00276490953,
        0.745044649,
        -0.6670089
      ],
      [
        -0.305848867,
        0.634417951,
        0.7099086
      ]
    ],
    "translation": [
      1.42555618,
      1.43310928,
      -1.08342934
    ]
  },
  {
    "timeStamp": 2134,
    "rotation": [
      [
        0.956743,
        0.208768651,
        0.202629074
      ],
      [
        -0.0180533044,
        0.7377361,
        -0.674847841
      ],
      [
        -0.290373832,
        0.6419978,
        0.70959276
      ]
    ],
    "translation": [
      1.42819142,
      1.43075967,
      -1.08537316
    ]
  },
  {
    "timeStamp": 2179,
    "rotation": [
      [
        0.9609829,
        0.2101118,
        0.179902241
      ],
      [
        -0.033039432,
        0.7329223,
        -0.6795096
      ],
      [
        -0.274627328,
        0.647053242,
        0.7112678
      ]
    ],
    "translation": [
      1.43300009,
      1.42994332,
      -1.088584
    ]
  },
  {
    "timeStamp": 2234,
    "rotation": [
      [
        0.964385569,
        0.212151363,
        0.157962665
      ],
      [
        -0.0511190668,
        0.735447168,
        -0.675651
      ],
      [
        -0.2595135,
        0.6435132,
        0.7200996
      ]
    ],
    "translation": [
      1.44308734,
      1.43109488,
      -1.0935874
    ]
  },
  {
    "timeStamp": 2279,
    "rotation": [
      [
        0.9645792,
        0.214282721,
        0.153849766
      ],
      [
        -0.0594833978,
        0.7448828,
        -0.6645384
      ],
      [
        -0.256999135,
        0.631848454,
        0.7312448
      ]
    ],
    "translation": [
      1.45501745,
      1.43353009,
      -1.09769249
    ]
  },
  {
    "timeStamp": 2334,
    "rotation": [
      [
        0.960955441,
        0.220002353,
        0.167820364
      ],
      [
        -0.060498897,
        0.7588764,
        -0.648418546
      ],
      [
        -0.2700085,
        0.612948358,
        0.7425562
      ]
    ],
    "translation": [
      1.47461188,
      1.43613267,
      -1.10333908
    ]
  },
  {
    "timeStamp": 2378,
    "rotation": [
      [
        0.956989348,
        0.222501,
        0.1861844
      ],
      [
        -0.0541375168,
        0.7674248,
        -0.6388492
      ],
      [
        -0.285027117,
        0.6012923,
        0.74646306
      ]
    ],
    "translation": [
      1.493891,
      1.43666267,
      -1.107957
    ]
  },
  {
    "timeStamp": 2434,
    "rotation": [
      [
        0.9478474,
        0.228544235,
        0.2221548
      ],
      [
        -0.0372173525,
        0.771608055,
        -0.6350086
      ],
      [
        -0.316543967,
        0.5936232,
        0.7398725
      ]
    ],
    "translation": [
      1.52205431,
      1.43570685,
      -1.11448383
    ]
  },
  {
    "timeStamp": 2478,
    "rotation": [
      [
        0.9370671,
        0.237475619,
        0.255950421
      ],
      [
        -0.0203106627,
        0.768903,
        -0.639042735
      ],
      [
        -0.348558128,
        0.5936274,
        0.725337
      ]
    ],
    "translation": [
      1.54677439,
      1.43537426,
      -1.11976981
    ]
  },
  {
    "timeStamp": 2534,
    "rotation": [
      [
        0.9245716,
        0.245955452,
        0.290986657
      ],
      [
        -0.00125438115,
        0.765688658,
        -0.6432101
      ],
      [
        -0.3810062,
        0.594328761,
        0.708242536
      ]
    ],
    "translation": [
      1.577358,
      1.43622029,
      -1.12557256
    ]
  },
  {
    "timeStamp": 2579,
    "rotation": [
      [
        0.9188944,
        0.2532542,
        0.3024822
      ],
      [
        -1.36047593E-05,
        0.7667614,
        -0.6419322
      ],
      [
        -0.394503683,
        0.5898638,
        0.7045762
      ]
    ],
    "translation": [
      1.59943414,
      1.43713677,
      -1.12779021
    ]
  },
  {
    "timeStamp": 2634,
    "rotation": [
      [
        0.9223429,
        0.247785434,
        0.296455562
      ],
      [
        -0.00253043254,
        0.7711371,
        -0.6366641
      ],
      [
        -0.386363983,
        0.586472452,
        0.7118798
      ]
    ],
    "translation": [
      1.62296772,
      1.436656,
      -1.12830281
    ]
  },
  {
    "timeStamp": 2679,
    "rotation": [
      [
        0.9315725,
        0.235914975,
        0.276616663
      ],
      [
        -0.006923554,
        0.7722391,
        -0.635294259
      ],
      [
        -0.363489658,
        0.589907467,
        0.721030056
      ]
    ],
    "translation": [
      1.63785911,
      1.43507791,
      -1.12674975
    ]
  },
  {
    "timeStamp": 2734,
    "rotation": [
      [
        0.9461459,
        0.218749255,
        0.238656253
      ],
      [
        -0.0170411952,
        0.7698133,
        -0.6380416
      ],
      [
        -0.323291868,
        0.5996135,
        0.73208344
      ]
    ],
    "translation": [
      1.65172315,
      1.43427157,
      -1.12356138
    ]
  },
  {
    "timeStamp": 2778,
    "rotation": [
      [
        0.9577235,
        0.2055355,
        0.201298013
      ],
      [
        -0.0292666648,
        0.765680254,
        -0.642555237
      ],
      [
        -0.286197841,
        0.6094989,
        0.7393253
      ]
    ],
    "translation": [
      1.65860951,
      1.43467045,
      -1.12106252
    ]
  },
  {
    "timeStamp": 2834,
    "rotation": [
      [
        0.970643938,
        0.183898509,
        0.155021548
      ],
      [
        -0.03953657,
        0.757748663,
        -0.651347637
      ],
      [
        -0.237249255,
        0.6260976,
        0.742774844
      ]
    ],
    "translation": [
      1.66327655,
      1.43639266,
      -1.11909723
    ]
  },
  {
    "timeStamp": 2878,
    "rotation": [
      [
        0.9791806,
        0.1626976,
        0.121387511
      ],
      [
        -0.04518365,
        0.7576827,
        -0.6510571
      ],
      [
        -0.197898656,
        0.6320178,
        0.7492594
      ]
    ],
    "translation": [
      1.66493511,
      1.43818271,
      -1.11795974
    ]
  },
  {
    "timeStamp": 2933,
    "rotation": [
      [
        0.9855521,
        0.146066561,
        0.0857417956
      ],
      [
        -0.05691785,
        0.762413561,
        -0.644582
      ],
      [
        -0.159522578,
        0.630388856,
        0.75971204
      ]
    ],
    "translation": [
      1.66444862,
      1.43905592,
      -1.117382
    ]
  },
  {
    "timeStamp": 2989,
    "rotation": [
      [
        0.988723,
        0.1368082,
        0.06091286
      ],
      [
        -0.06572205,
        0.761881,
        -0.6443741
      ],
      [
        -0.134564012,
        0.633104146,
        0.7622806
      ]
    ],
    "translation": [
      1.66195941,
      1.43801844,
      -1.11871243
    ]
  },
  {
    "timeStamp": 3034,
    "rotation": [
      [
        0.991284251,
        0.126955166,
        0.0351841375
      ],
      [
        -0.07408985,
        0.75807476,
        -0.6479455
      ],
      [
        -0.108932234,
        0.6396914,
        0.7608736
      ]
    ],
    "translation": [
      1.65764093,
      1.43742514,
      -1.12125039
    ]
  },
  {
    "timeStamp": 3089,
    "rotation": [
      [
        0.9928814,
        0.117684573,
        0.018351879
      ],
      [
        -0.07712206,
        0.7526345,
        -0.653906345
      ],
      [
        -0.090766944,
        0.647836149,
        0.756352961
      ]
    ],
    "translation": [
      1.65271258,
      1.43718123,
      -1.1245501
    ]
  },
  {
    "timeStamp": 3134,
    "rotation": [
      [
        0.9948049,
        0.101792909,
        0.001135584
      ],
      [
        -0.07618167,
        0.7518172,
        -0.654955864
      ],
      [
        -0.06752361,
        0.651466846,
        0.7556663
      ]
    ],
    "translation": [
      1.64635479,
      1.43816519,
      -1.128082
    ]
  },
  {
    "timeStamp": 3178,
    "rotation": [
      [
        0.9958112,
        0.09086803,
        -0.0101494063
      ],
      [
        -0.07520894,
        0.7509237,
        -0.6560924
      ],
      [
        -0.051996395,
        0.6541075,
        0.7546123
      ]
    ],
    "translation": [
      1.64112592,
      1.43854749,
      -1.13117576
    ]
  },
  {
    "timeStamp": 3234,
    "rotation": [
      [
        0.996439457,
        0.07972159,
        -0.0274386965
      ],
      [
        -0.07777254,
        0.743457,
        -0.664246261
      ],
      [
        -0.03255528,
        0.6640152,
        0.7470101
      ]
    ],
    "translation": [
      1.6343447,
      1.43797207,
      -1.134839
    ]
  },
  {
    "timeStamp": 3289,
    "rotation": [
      [
        0.9963616,
        0.073169075,
        -0.04370085
      ],
      [
        -0.08355276,
        0.737502933,
        -0.670155466
      ],
      [
        -0.01680515,
        0.671368539,
        0.7409331
      ]
    ],
    "translation": [
      1.62903,
      1.43729353,
      -1.13713038
    ]
  },
  {
    "timeStamp": 3333,
    "rotation": [
      [
        0.995999157,
        0.0651658252,
        -0.06114796
      ],
      [
        -0.08935624,
        0.7343617,
        -0.6728509
      ],
      [
        0.00105783856,
        0.6756229,
        0.737246633
      ]
    ],
    "translation": [
      1.62308776,
      1.436723,
      -1.1391139
    ]
  },
  {
    "timeStamp": 3389,
    "rotation": [
      [
        0.9957002,
        0.06039844,
        -0.07023633
      ],
      [
        -0.0919813141,
        0.7344979,
        -0.6723484
      ],
      [
        0.0109796384,
        0.675917864,
        0.7368952
      ]
    ],
    "translation": [
      1.61922061,
      1.43685007,
      -1.14002323
    ]
  },
  {
    "timeStamp": 3434,
    "rotation": [
      [
        0.9955701,
        0.05462464,
        -0.07652598
      ],
      [
        -0.0919581652,
        0.735296965,
        -0.6714775
      ],
      [
        0.0195901059,
        0.675540149,
        0.7370629
      ]
    ],
    "translation": [
      1.61504352,
      1.43700862,
      -1.14081466
    ]
  },
  {
    "timeStamp": 3489,
    "rotation": [
      [
        0.9958026,
        0.05343612,
        -0.07430912
      ],
      [
        -0.0895753354,
        0.7357585,
        -0.6712941
      ],
      [
        0.01880221,
        0.675132632,
        0.7374567
      ]
    ],
    "translation": [
      1.61301219,
      1.43716764,
      -1.14103246
    ]
  },
  {
    "timeStamp": 3533,
    "rotation": [
      [
        0.996402264,
        0.0551098473,
        -0.06438456
      ],
      [
        -0.08411844,
        0.73563683,
        -0.67213285
      ],
      [
        0.0103225093,
        0.6751306,
        0.737625957
      ]
    ],
    "translation": [
      1.61131155,
      1.43708038,
      -1.14121675
    ]
  },
  {
    "timeStamp": 3589,
    "rotation": [
      [
        0.9970262,
        0.0592902042,
        -0.04922779
      ],
      [
        -0.07697934,
        0.736499,
        -0.672044158
      ],
      [
        -0.003589417,
        0.673835158,
        0.738872945
      ]
    ],
    "translation": [
      1.61102533,
      1.43727982,
      -1.14100432
    ]
  },
  {
    "timeStamp": 3633,
    "rotation": [
      [
        0.9975765,
        0.06398903,
        -0.0273243766
      ],
      [
        -0.06570038,
        0.7370102,
        -0.672680855
      ],
      [
        -0.0229058545,
        0.67284584,
        0.7394281
      ]
    ],
    "translation": [
      1.6110301,
      1.43726027,
      -1.14048815
    ]
  },
  {
    "timeStamp": 3679,
    "rotation": [
      [
        0.997589,
        0.06879782,
        -0.00911623
      ],
      [
        -0.05693283,
        0.736182,
        -0.6743848
      ],
      [
        -0.039685,
        0.6732778,
        0.738323867
      ]
    ],
    "translation": [
      1.611458,
      1.43725324,
      -1.13979292
    ]
  },
  {
    "timeStamp": 3733,
    "rotation": [
      [
        0.997386336,
        0.0721317157,
        0.00419869972
      ],
      [
        -0.0503177457,
        0.7351117,
        -0.6760761
      ],
      [
        -0.0518530458,
        0.6740978,
        0.736819863
      ]
    ],
    "translation": [
      1.61148238,
      1.43731737,
      -1.13831687
    ]
  },
  {
    "timeStamp": 3788,
    "rotation": [
      [
        0.997062564,
        0.07627268,
        0.006981993
      ],
      [
        -0.0510646366,
        0.729929149,
        -0.6816127
      ],
      [
        -0.0570847839,
        0.679253936,
        0.731679857
      ]
    ],
    "translation": [
      1.61126828,
      1.43662333,
      -1.13725066
    ]
  },
  {
    "timeStamp": 3833,
    "rotation": [
      [
        0.9967634,
        0.07993468,
        0.008553702
      ],
      [
        -0.0518912151,
        0.7210099,
        -0.690979064
      ],
      [
        -0.0614004955,
        0.688298762,
        0.722824156
      ]
    ],
    "translation": [
      1.61088276,
      1.43483424,
      -1.135859
    ]
  },
  {
    "timeStamp": 3888,
    "rotation": [
      [
        0.9963761,
        0.08444854,
        0.0101530217
      ],
      [
        -0.0531248078,
        0.71108973,
        -0.7010914
      ],
      [
        -0.06642585,
        0.698011339,
        0.7129991
      ]
    ],
    "translation": [
      1.6104641,
      1.43266535,
      -1.13463783
    ]
  },
  {
    "timeStamp": 3933,
    "rotation": [
      [
        0.9962903,
        0.0857068747,
        0.007743077
      ],
      [
        -0.0551144555,
        0.7045878,
        -0.7074733
      ],
      [
        -0.066091,
        0.704422,
        0.706697643
      ]
    ],
    "translation": [
      1.60953689,
      1.43123579,
      -1.133816
    ]
  },
  {
    "timeStamp": 3988,
    "rotation": [
      [
        0.9962586,
        0.08640878,
        0.00150639564
      ],
      [
        -0.05950978,
        0.6985553,
        -0.7130772
      ],
      [
        -0.06266843,
        0.710319638,
        0.7010839
      ]
    ],
    "translation": [
      1.60826588,
      1.43018973,
      -1.1334331
    ]
  },
  {
    "timeStamp": 4033,
    "rotation": [
      [
        0.9962345,
        0.0864656344,
        -0.006360386
      ],
      [
        -0.06480721,
        0.6939414,
        -0.717108965
      ],
      [
        -0.0575915426,
        0.714820862,
        0.696932
      ]
    ],
    "translation": [
      1.6065557,
      1.42929184,
      -1.13307667
    ]
  },
  {
    "timeStamp": 4089,
    "rotation": [
      [
        0.9963522,
        0.08397989,
        -0.01515416
      ],
      [
        -0.06928388,
        0.6924009,
        -0.7181788
      ],
      [
        -0.0498198271,
        0.716608942,
        0.6956936
      ]
    ],
    "translation": [
      1.60486233,
      1.42902732,
      -1.13274825
    ]
  },
  {
    "timeStamp": 4133,
    "rotation": [
      [
        0.9964059,
        0.08032281,
        -0.0268975869
      ],
      [
        -0.07505837,
        0.690038562,
        -0.7198702
      ],
      [
        -0.0392616279,
        0.7193018,
        0.693587363
      ]
    ],
    "translation": [
      1.60277617,
      1.42862976,
      -1.13262391
    ]
  },
  {
    "timeStamp": 4188,
    "rotation": [
      [
        0.9966387,
        0.07513995,
        -0.0326386131
      ],
      [
        -0.07556964,
        0.689408362,
        -0.7204203
      ],
      [
        -0.0316310152,
        0.720465243,
        0.692769349
      ]
    ],
    "translation": [
      1.60195661,
      1.4284296,
      -1.1325779
    ]
  },
  {
    "timeStamp": 4233,
    "rotation": [
      [
        0.9969226,
        0.07158736,
        -0.0319474526
      ],
      [
        -0.0725481659,
        0.6881053,
        -0.721975
      ],
      [
        -0.0297010783,
        0.722070932,
        0.6911812
      ]
    ],
    "translation": [
      1.60221159,
      1.42807865,
      -1.13254356
    ]
  },
  {
    "timeStamp": 4288,
    "rotation": [
      [
        0.9970488,
        0.07280541,
        -0.02435303
      ],
      [
        -0.0678609163,
        0.6874904,
        -0.723015845
      ],
      [
        -0.0358969942,
        0.7225347,
        0.6904021
      ]
    ],
    "translation": [
      1.60434711,
      1.42785347,
      -1.1327213
    ]
  },
  {
    "timeStamp": 4333,
    "rotation": [
      [
        0.9970702,
        0.07528817,
        -0.0135172606
      ],
      [
        -0.0618913732,
        0.6902104,
        -0.720957041
      ],
      [
        -0.0449497849,
        0.7196814,
        0.6928479
      ]
    ],
    "translation": [
      1.60833216,
      1.4280405,
      -1.1326766
    ]
  },
  {
    "timeStamp": 4389,
    "rotation": [
      [
        0.9965649,
        0.08267925,
        -0.00474027544
      ],
      [
        -0.0609354265,
        0.693309546,
        -0.718059
      ],
      [
        -0.0560821,
        0.7158813,
        0.695966065
      ]
    ],
    "translation": [
      1.613301,
      1.42844379,
      -1.13262439
    ]
  },
  {
    "timeStamp": 4433,
    "rotation": [
      [
        0.9959173,
        0.09007189,
        0.00598284556
      ],
      [
        -0.0588115677,
        0.697698832,
        -0.713973045
      ],
      [
        -0.06848312,
        0.710706234,
        0.7001476
      ]
    ],
    "translation": [
      1.621021,
      1.42910528,
      -1.13241792
    ]
  },
  {
    "timeStamp": 4488,
    "rotation": [
      [
        0.995223343,
        0.09680216,
        0.0126440972
      ],
      [
        -0.0593120046,
        0.702431142,
        -0.70927614
      ],
      [
        -0.07754107,
        0.7051382,
        0.704817355
      ]
    ],
    "translation": [
      1.62880361,
      1.42940831,
      -1.13184428
    ]
  },
  {
    "timeStamp": 4533,
    "rotation": [
      [
        0.994465649,
        0.103537962,
        0.0178325325
      ],
      [
        -0.0607394725,
        0.7050787,
        -0.706522942
      ],
      [
        -0.0857252851,
        0.7015297,
        0.7074654
      ]
    ],
    "translation": [
      1.63974631,
      1.42969012,
      -1.13158166
    ]
  },
  {
    "timeStamp": 4588,
    "rotation": [
      [
        0.9939436,
        0.108249918,
        0.0189259835
      ],
      [
        -0.06381494,
        0.7087743,
        -0.7025429
      ],
      [
        -0.08946446,
        0.6970802,
        0.711389661
      ]
    ],
    "translation": [
      1.64968634,
      1.42977667,
      -1.13091934
    ]
  },
  {
    "timeStamp": 4633,
    "rotation": [
      [
        0.993999,
        0.108006425,
        0.0173409376
      ],
      [
        -0.06524854,
        0.7126379,
        -0.6984911
      ],
      [
        -0.08779933,
        0.693168,
        0.7154086
      ]
    ],
    "translation": [
      1.66269,
      1.429868,
      -1.12930822
    ]
  },
  {
    "timeStamp": 4688,
    "rotation": [
      [
        0.9943882,
        0.104856543,
        0.0140409758
      ],
      [
        -0.06560362,
        0.715302765,
        -0.6957285
      ],
      [
        -0.0829952359,
        0.690903068,
        0.7181676
      ]
    ],
    "translation": [
      1.673879,
      1.42954326,
      -1.127053
    ]
  },
  {
    "timeStamp": 4733,
    "rotation": [
      [
        0.9950892,
        0.09858873,
        0.008821353
      ],
      [
        -0.06523096,
        0.7201988,
        -0.690694332
      ],
      [
        -0.0744478,
        0.686727047,
        0.7230931
      ]
    ],
    "translation": [
      1.687928,
      1.42845666,
      -1.12297535
    ]
  },
  {
    "timeStamp": 4788,
    "rotation": [
      [
        0.995235145,
        0.09734494,
        0.005559333
      ],
      [
        -0.06724821,
        0.726582646,
        -0.6837802
      ],
      [
        -0.07060186,
        0.680148244,
        0.7296669
      ]
    ],
    "translation": [
      1.6982677,
      1.42722952,
      -1.11750388
    ]
  },
  {
    "timeStamp": 4833,
    "rotation": [
      [
        0.9952494,
        0.09731391,
        0.002940617
      ],
      [
        -0.06922235,
        0.7285445,
        -0.6814919
      ],
      [
        -0.0684610158,
        0.6780509,
        0.731819749
      ]
    ],
    "translation": [
      1.7096504,
      1.42637539,
      -1.10989678
    ]
  },
  {
    "timeStamp": 4888,
    "rotation": [
      [
        0.995414853,
        0.0956235752,
        0.00233066035
      ],
      [
        -0.06789212,
        0.7234825,
        -0.686996162
      ],
      [
        -0.06737922,
        0.683688,
        0.726657331
      ]
    ],
    "translation": [
      1.71662819,
      1.42630756,
      -1.10283351
    ]
  },
  {
    "timeStamp": 4933,
    "rotation": [
      [
        0.996107936,
        0.0881361,
        0.0009524113
      ],
      [
        -0.0630692542,
        0.7202694,
        -0.690821469
      ],
      [
        -0.0615723021,
        0.6880727,
        0.7230247
      ]
    ],
    "translation": [
      1.724137,
      1.42652631,
      -1.09267807
    ]
  },
  {
    "timeStamp": 4988,
    "rotation": [
      [
        0.9967426,
        0.0805405155,
        -0.004177109
      ],
      [
        -0.06126523,
        0.722481251,
        -0.688670754
      ],
      [
        -0.0524480157,
        0.6866834,
        0.725062132
      ]
    ],
    "translation": [
      1.728414,
      1.42563653,
      -1.0827533
    ]
  },
  {
    "timeStamp": 5033,
    "rotation": [
      [
        0.996809542,
        0.07920646,
        -0.009852439
      ],
      [
        -0.06427165,
        0.723338544,
        -0.6874958
      ],
      [
        -0.04732746,
        0.6859356,
        0.726121545
      ]
    ],
    "translation": [
      1.73255277,
      1.42365813,
      -1.06968737
    ]
  },
  {
    "timeStamp": 5088,
    "rotation": [
      [
        0.996827364,
        0.0785735548,
        -0.0127064371
      ],
      [
        -0.0655337945,
        0.719608,
        -0.6912812
      ],
      [
        -0.04517277,
        0.6899207,
        0.722474158
      ]
    ],
    "translation": [
      1.73396826,
      1.421409,
      -1.058538
    ]
  },
  {
    "timeStamp": 5133,
    "rotation": [
      [
        0.9968945,
        0.0776661262,
        -0.0130136
      ],
      [
        -0.06492366,
        0.717053354,
        -0.6939881
      ],
      [
        -0.04456792,
        0.6926778,
        0.7198689
      ]
    ],
    "translation": [
      1.73403168,
      1.41843271,
      -1.0434761
    ]
  },
  {
    "timeStamp": 5188,
    "rotation": [
      [
        0.9971069,
        0.07542934,
        -0.009395069
      ],
      [
        -0.06071302,
        0.715940833,
        -0.6955161
      ],
      [
        -0.04573601,
        0.694074333,
        0.7184491
      ]
    ],
    "translation": [
      1.73214567,
      1.41550732,
      -1.03022456
    ]
  },
  {
    "timeStamp": 5233,
    "rotation": [
      [
        0.99740386,
        0.0719824657,
        -0.00199783943
      ],
      [
        -0.0528025925,
        0.7122162,
        -0.699971437
      ],
      [
        -0.0489627756,
        0.6982597,
        0.7141681
      ]
    ],
    "translation": [
      1.72833836,
      1.41208315,
      -1.012949
    ]
  },
  {
    "timeStamp": 5288,
    "rotation": [
      [
        0.997743368,
        0.0670839846,
        0.00281992718
      ],
      [
        -0.0455836,
        0.7076079,
        -0.7051335
      ],
      [
        -0.0492985658,
        0.7034137,
        0.709069
      ]
    ],
    "translation": [
      1.72442949,
      1.41173959,
      -0.9969545
    ]
  },
  {
    "timeStamp": 5333,
    "rotation": [
      [
        0.998106539,
        0.0610310771,
        0.007653279
      ],
      [
        -0.03725254,
        0.6988085,
