[
  {
    "id": "003 cracker box(Clone)-18332",
    "pickRotation": [
      [
        -0.9583526,
        0.2606315,
        0.116754241
      ],
      [
        -0.0347105041,
        0.299489975,
        -0.953467846
      ],
      [
        -0.283470482,
        -0.917811036,
        -0.277970344
      ]
    ],
    "pickTranslation": [
      0.0170639586,
      -0.0200116336,
      0.192062765
    ],
    "placeRotation": [
      [
        -0.00343237375,
        0.99999404,
        0.000333394855
      ],
      [
        -0.99786,
        -0.003446818,
        0.06529529
      ],
      [
        0.06529605,
        -0.000108563567,
        0.9978659
      ]
    ],
    "placeTranslation": [
      0.973797143,
      0.3113241,
      -0.154269233
    ]
  },
  {
    "id": "003 cracker box(Clone)-18428",
    "pickRotation": [
      [
        -0.998726368,
        0.0314103141,
        0.039484445
      ],
      [
        -0.0353439562,
        0.122927271,
        -0.9917861
      ],
      [
        -0.0360060222,
        -0.9919185,
        -0.121660545
      ]
    ],
    "pickTranslation": [
      0.0203547888,
      -0.00363528728,
      0.181745887
    ],
    "placeRotation": [
      [
        -0.143332809,
        0.9896699,
        0.00302895834
      ],
      [
        -0.9547791,
        -0.139083862,
        0.26277864
      ],
      [
        0.260485381,
        0.0347728133,
        0.9648514
      ]
    ],
    "placeTranslation": [
      0.952286363,
      0.5198172,
      -0.103431709
    ]
  },
  {
    "id": "003 cracker box(Clone)-18428",
    "pickRotation": [
      [
        -0.982263565,
        -0.09075659,
        -0.164077625
      ],
      [
        0.0862163752,
        -0.995675445,
        0.0345989
      ],
      [
        -0.166508153,
        0.01983906,
        0.98584044
      ]
    ],
    "pickTranslation": [
      0.0101124542,
      0.0467316844,
      0.0153634036
    ],
    "placeRotation": [
      [
        0.11566893,
        0.993248463,
        0.00885084
      ],
      [
        -0.9930275,
        0.115838028,
        -0.0218639225
      ],
      [
        -0.0227415711,
        -0.00626015058,
        0.9997218
      ]
    ],
    "placeTranslation": [
      0.8547386,
      0.7377057,
      -0.149448588
    ]
  },
  {
    "id": "004 sugar box(Clone)-18292",
    "pickRotation": [
      [
        -0.998582661,
        0.0381083861,
        -0.0371543951
      ],
      [
        0.039428208,
        0.06076147,
        -0.9973733
      ],
      [
        -0.03575073,
        -0.9974246,
        -0.0621778965
      ]
    ],
    "pickTranslation": [
      0.008828749,
      -0.0138637163,
      0.158812851
    ],
    "placeRotation": [
      [
        -0.0343045555,
        0.9968152,
        -0.0719902
      ],
      [
        0.07855496,
        0.07449911,
        0.9941222
      ],
      [
        0.996319354,
        0.0284477156,
        -0.080860436
      ]
    ],
    "placeTranslation": [
      -0.8439818,
      0.05897528,
      -0.343653321
    ]
  },
  {
    "id": "010 potted meat can(Clone)-18320",
    "pickRotation": [
      [
        0.137202635,
        0.06366951,
        -0.988494635
      ],
      [
        0.990457952,
        0.004255763,
        0.13774927
      ],
      [
        0.0129772276,
        -0.997961938,
        -0.0624780729
      ]
    ],
    "pickTranslation": [
      0.03314793,
      -0.0272861328,
      0.0497330241
    ],
    "placeRotation": [
      [
        0.998883963,
        -0.0393701121,
        0.0260918438
      ],
      [
        -0.0225753076,
        0.08726226,
        0.995929539
      ],
      [
        -0.04148669,
        -0.9954071,
        0.0862760842
      ]
    ],
    "placeTranslation": [
      -0.2826443,
      0.264944315,
      -0.872417748
    ]
  },
  {
    "id": "101 bread(Clone)-18344",
    "pickRotation": [
      [
        -0.95973146,
        0.278875321,
        0.0338230319
      ],
      [
        -0.280845553,
        -0.9552529,
        -0.0928318352
      ],
      [
        0.00642103842,
        -0.09859268,
        0.9951072
      ]
    ],
    "pickTranslation": [
      -0.0006090762,
      0.027206935,
      0.00195371173
    ],
    "placeRotation": [
      [
        0.603239357,
        -0.795926332,
        -0.0510249846
      ],
      [
        0.787169158,
        0.583866835,
        0.198655888
      ],
      [
        -0.128323659,
        -0.160002351,
        0.9787401
      ]
    ],
    "placeTranslation": [
      -0.518114865,
      0.205920771,
      0.940724552
    ]
  },
  {
    "id": "002 masterchef can(Clone)-18368",
    "pickRotation": [
      [
        -0.983768642,
        0.0635678,
        -0.167804763
      ],
      [
        0.173930377,
        0.107814126,
        -0.978838265
      ],
      [
        -0.0441308767,
        -0.9921367,
        -0.117120519
      ]
    ],
    "pickTranslation": [
      0.007953957,
      -0.009664887,
      0.119837247
    ],
    "placeRotation": [
      [
        0.9130745,
        0.4069334,
        0.0264622159
      ],
      [
        -0.02209471,
        -0.0154287908,
        0.9996368
      ],
      [
        0.407193869,
        -0.9133275,
        -0.00509655941
      ]
    ],
    "placeTranslation": [
      -0.414844543,
      0.20783788,
      0.08951147
    ]
  },
  {
    "id": "103 toothpaste(Clone)-18380",
    "pickRotation": [
      [
        0.0526061133,
        0.08358067,
        -0.9951115
      ],
      [
        -0.9985913,
        0.0113132354,
        -0.051839862
      ],
      [
        0.00692511955,
        0.9964368,
        0.08405808
      ]
    ],
    "pickTranslation": [
      0.003440255,
      0.014661856,
      -0.0285460744
    ],
    "placeRotation": [
      [
        0.0595136061,
        0.997419357,
        -0.04015926
      ],
      [
        -0.0998413,
        -0.0340811871,
        -0.9944195
      ],
      [
        -0.993221939,
        0.06319105,
        0.09755535
      ]
    ],
    "placeTranslation": [
      -0.218943611,
      0.65370214,
      0.367810816
    ]
  },
  {
    "id": "102 toothbrush(Clone)-18416",
    "pickRotation": [
      [
        -0.03243451,
        0.208991066,
        -0.9773795
      ],
      [
        0.00117287284,
        -0.977885365,
        -0.209138155
      ],
      [
        -0.9994732,
        -0.007929635,
        0.031472113
      ]
    ],
    "pickTranslation": [
      -0.012676266,
      0.01636631,
      0.02224335
    ],
    "placeRotation": [
      [
        -0.032394696,
        0.0491233245,
        0.998267233
      ],
      [
        -0.107722007,
        0.9928018,
        -0.0523500554
      ],
      [
        -0.9936531,
        -0.109231211,
        -0.0268698484
      ]
    ],
    "placeTranslation": [
      0.515797257,
      0.8880278,
      -0.951240063
    ]
  },
  {
    "id": "025 mug(Clone)-18006",
    "pickRotation": [
      [
        -0.05065249,
        0.05217911,
        -0.9973523
      ],
      [
        0.9796887,
        0.196601912,
        -0.03946966
      ],
      [
        0.194021881,
        -0.979093969,
        -0.0610776581
      ]
    ],
    "pickTranslation": [
      0.0217071436,
      0.0173336416,
      0.06969261
    ],
    "placeRotation": [
      [
        -0.8031505,
        -0.593996465,
        0.0460159481
      ],
      [
        0.10153766,
        -0.060364414,
        0.9929986
      ],
      [
        -0.5870599,
        0.802199662,
        0.108794726
      ]
    ],
    "placeTranslation": [
      -0.5190606,
      0.5247619,
      0.668887436
    ]
  },
  {
    "id": "102 toothbrush(Clone)-18308",
    "pickRotation": [
      [
        0.0360424258,
        0.0282192621,
        -0.9989518
      ],
      [
        0.08997613,
        -0.9956331,
        -0.0248791538
      ],
      [
        -0.995291531,
        -0.08898511,
        -0.0384240933
      ]
    ],
    "pickTranslation": [
      -0.00608069357,
      0.0158798676,
      0.03138327
    ],
    "placeRotation": [
      [
        -0.0131108388,
        -0.08565962,
        0.996238232
      ],
      [
        -0.008750854,
        0.9962955,
        0.0855493844
      ],
      [
        -0.9998758,
        -0.00759631,
        -0.0138118649
      ]
    ],
    "placeTranslation": [
      0.545249164,
      0.790357769,
      -1.09465921
    ]
  },
  {
    "id": "057 racquetball(Clone)-18356",
    "pickRotation": [
      [
        -0.9985281,
        -0.0161532164,
        -0.05177516
      ],
      [
        0.0180062875,
        -0.999206543,
        -0.0355264023
      ],
      [
        -0.0511602126,
        -0.03640639,
        0.9980266
      ]
    ],
    "pickTranslation": [
      0.008438932,
      -0.115970865,
      0.02835242
    ],
    "placeRotation": [
      [
        0.560947359,
        0.7899834,
        0.247516334
      ],
      [
        -0.51074183,
        0.5655486,
        -0.647531867
      ],
      [
        -0.6515219,
        0.23681432,
        0.7207206
      ]
    ],
    "placeTranslation": [
      -0.5021164,
      1.37626529,
      -0.01164284
    ]
  },
  {
    "id": "015 peach(Clone)-18244",
    "pickRotation": [
      [
        -0.973709762,
        0.146216363,
        0.174671188
      ],
      [
        -0.1631098,
        0.08773104,
        -0.9826996
      ],
      [
        -0.159010842,
        -0.9853548,
        -0.06157525
      ]
    ],
    "pickTranslation": [
      0.0136852991,
      0.009253931,
      0.04748894
    ],
    "placeRotation": [
      [
        0.937570155,
        0.3436513,
        0.0535355359
      ],
      [
        -0.01743402,
        -0.10729678,
        0.994074166
      ],
      [
        0.3473591,
        -0.9329476,
        -0.0946070254
      ]
    ],
    "placeTranslation": [
      -0.582916558,
      0.8788944,
      0.337291062
    ]
  },
  {
    "id": "015 peach(Clone)-18220",
    "pickRotation": [
      [
        -0.711209953,
        0.00635352125,
        0.702950954
      ],
      [
        -0.695417047,
        0.139923528,
        -0.704852164
      ],
      [
        -0.102837674,
        -0.990142,
        -0.0950966552
      ]
    ],
    "pickTranslation": [
      0.01183766,
      -0.0015142638,
      0.0399042219
    ],
    "placeRotation": [
      [
        0.490058541,
        0.756137669,
        0.4337033
      ],
      [
        -0.1530445,
        -0.41517967,
        0.8967738
      ],
      [
        0.85814923,
        -0.5058476,
        -0.0877396241
      ]
    ],
    "placeTranslation": [
      -0.3555344,
      0.772553265,
      -0.944493353
    ]
  },
  {
    "id": "016 pear(Clone)-18256",
    "pickRotation": [
      [
        -0.9832089,
        0.0887469,
        -0.1594498
      ],
      [
        0.169404179,
        0.1190483,
        -0.9783301
      ],
      [
        -0.06784154,
        -0.9889143,
        -0.132083446
      ]
    ],
    "pickTranslation": [
      0.0283497181,
      0.010528475,
      0.04094583
    ],
    "placeRotation": [
      [
        0.309647679,
        0.9151511,
        -0.258102179
      ],
      [
        0.316889346,
        0.156603888,
        0.9354445
      ],
      [
        0.8964929,
        -0.37144804,
        -0.2415096
      ]
    ],
    "placeTranslation": [
      -0.2649523,
      0.6862704,
      -0.343182683
    ]
  },
  {
    "id": "058 golf ball(Clone)-18280",
    "pickRotation": [
      [
        -0.9421771,
        -0.320685059,
        0.09728009
      ],
      [
        -0.153733328,
        0.155668959,
        -0.975773156
      ],
      [
        0.297772378,
        -0.9343063,
        -0.195967719
      ]
    ],
    "pickTranslation": [
      -0.001651546,
      -0.0294151139,
      0.022954531
    ],
    "placeRotation": [
      [
        0.86689055,
        0.295974016,
        -0.401123554
      ],
      [
        0.439940333,
        -0.0758419856,
        0.894818664
      ],
      [
        0.234421059,
        -0.9521803,
        -0.1959576
      ]
    ],
    "placeTranslation": [
      0.272863358,
      0.793298662,
      0.7719179
    ]
  },
  {
    "id": "058 golf ball(Clone)-18232",
    "pickRotation": [
      [
        -0.990420163,
        -0.116599105,
        -0.0739771649
      ],
      [
        0.121117257,
        -0.476221323,
        -0.870944262
      ],
      [
        0.06632182,
        -0.8715607,
        0.485781342
      ]
    ],
    "pickTranslation": [
      -0.0010826193,
      -0.0282525886,
      0.0245277174
    ],
    "placeRotation": [
      [
        0.949706733,
        -0.295894742,
        -0.102486774
      ],
      [
        0.222293,
        0.406534374,
        0.886180341
      ],
      [
        -0.2205517,
        -0.864393532,
        0.451863766
      ]
    ],
    "placeTranslation": [
      0.3421624,
      0.832022,
      0.546641648
    ]
  }
]