[
  {
    "timeStamp": 46220,
    "rotation": [
      [
        -0.895973146,
        0.437299371,
        -0.07746899
      ],
      [
        0.443220735,
        0.8914958,
        -0.0937577039
      ],
      [
        0.028063098,
        -0.118340246,
        -0.9925765
      ]
    ],
    "translation": [
      1.30936193,
      0.72995615,
      -0.4865026
    ]
  },
  {
    "timeStamp": 46266,
    "rotation": [
      [
        -0.89104706,
        0.4430703,
        -0.09860964
      ],
      [
        0.4514905,
        0.887533545,
        -0.09187268
      ],
      [
        0.0468133129,
        -0.1263842,
        -0.990876138
      ]
    ],
    "translation": [
      1.31171381,
      0.7356632,
      -0.485055029
    ]
  },
  {
    "timeStamp": 46320,
    "rotation": [
      [
        -0.854144,
        0.49501273,
        -0.159375161
      ],
      [
        0.511990964,
        0.8541647,
        -0.09092756
      ],
      [
        0.09112234,
        -0.159263864,
        -0.9830218
      ]
    ],
    "translation": [
      1.31458032,
      0.7576688,
      -0.481922567
    ]
  },
  {
    "timeStamp": 46365,
    "rotation": [
      [
        -0.803980052,
        0.555868,
        -0.211250558
      ],
      [
        0.581772447,
        0.8088032,
        -0.085896
      ],
      [
        0.123113289,
        -0.191958427,
        -0.9736504
      ]
    ],
    "translation": [
      1.31995034,
      0.785119832,
      -0.483726948
    ]
  },
  {
    "timeStamp": 46420,
    "rotation": [
      [
        -0.7375253,
        0.62235415,
        -0.262167364
      ],
      [
        0.656986535,
        0.7510716,
        -0.06527006
      ],
      [
        0.15628536,
        -0.220378742,
        -0.9628126
      ]
    ],
    "translation": [
      1.33744049,
      0.8207284,
      -0.4946025
    ]
  },
  {
    "timeStamp": 46464,
    "rotation": [
      [
        -0.6755042,
        0.667345762,
        -0.313597977
      ],
      [
        0.70751965,
        0.7063871,
        -0.0208166316
      ],
      [
        0.207629651,
        -0.23593843,
        -0.949327648
      ]
    ],
    "translation": [
      1.36061347,
      0.846513569,
      -0.5096593
    ]
  },
  {
    "timeStamp": 46520,
    "rotation": [
      [
        -0.60990566,
        0.7088381,
        -0.354349434
      ],
      [
        0.746099651,
        0.664329767,
        0.0447351038
      ],
      [
        0.267114818,
        -0.237095788,
        -0.9340424
      ]
    ],
    "translation": [
      1.398387,
      0.8699252,
      -0.539366
    ]
  },
  {
    "timeStamp": 46565,
    "rotation": [
      [
        -0.5678599,
        0.7266675,
        -0.3866386
      ],
      [
        0.75481087,
        0.6470681,
        0.107533328
      ],
      [
        0.32832247,
        -0.230775163,
        -0.9159406
      ]
    ],
    "translation": [
      1.43333244,
      0.879455745,
      -0.5693307
    ]
  },
  {
    "timeStamp": 46620,
    "rotation": [
      [
        -0.528862,
        0.7351728,
        -0.424058944
      ],
      [
        0.741568148,
        0.6432907,
        0.190404251
      ],
      [
        0.4127732,
        -0.213771015,
        -0.8853927
      ]
    ],
    "translation": [
      1.4799794,
      0.8821111,
      -0.6126567
    ]
  },
  {
    "timeStamp": 46664,
    "rotation": [
      [
        -0.5088607,
        0.732681334,
        -0.4519279
      ],
      [
        0.7164607,
        0.6514875,
        0.24949567
      ],
      [
        0.4772262,
        -0.196830034,
        -0.8564538
      ]
    ],
    "translation": [
      1.51752985,
      0.8785559,
      -0.651400745
    ]
  },
  {
    "timeStamp": 46720,
    "rotation": [
      [
        -0.488317817,
        0.7229842,
        -0.4887122
      ],
      [
        0.686016,
        0.6641695,
        0.297087342
      ],
      [
        0.539377153,
        -0.190191358,
        -0.8203046
      ]
    ],
    "translation": [
      1.56302357,
      0.8732819,
      -0.696590066
    ]
  },
  {
    "timeStamp": 46764,
    "rotation": [
      [
        -0.470800936,
        0.70540905,
        -0.5298533
      ],
      [
        0.6637737,
        0.678843439,
        0.313968122
      ],
      [
        0.5811634,
        -0.203886226,
        -0.787832141
      ]
    ],
    "translation": [
      1.5985266,
      0.8702179,
      -0.7248286
    ]
  },
  {
    "timeStamp": 46820,
    "rotation": [
      [
        -0.408777177,
        0.6865202,
        -0.601324558
      ],
      [
        0.6444263,
        0.6836862,
        0.342473328
      ],
      [
        0.6462321,
        -0.247514069,
        -0.721887
      ]
    ],
    "translation": [
      1.644051,
      0.8713561,
      -0.747938
    ]
  },
  {
    "timeStamp": 46864,
    "rotation": [
      [
        -0.3355537,
        0.673201263,
        -0.6589414
      ],
      [
        0.6379389,
        0.6770801,
        0.36687395
      ],
      [
        0.6931361,
        -0.2972584,
        -0.656658
      ]
    ],
    "translation": [
      1.67933261,
      0.878482938,
      -0.7567587
    ]
  },
  {
    "timeStamp": 46920,
    "rotation": [
      [
        -0.246421218,
        0.635916233,
        -0.7313597
      ],
      [
        0.658812761,
        0.6633739,
        0.3548251
      ],
      [
        0.710804,
        -0.394392669,
        -0.582419157
      ]
    ],
    "translation": [
      1.72649229,
      0.895404339,
      -0.755153358
    ]
  },
  {
    "timeStamp": 46964,
    "rotation": [
      [
        -0.150364786,
        0.5967877,
        -0.788184643
      ],
      [
        0.687230945,
        0.636222064,
        0.3506211
      ],
      [
        0.7107068,
        -0.488943756,
        -0.5057964
      ]
    ],
    "translation": [
      1.76890373,
      0.915287256,
      -0.7458674
    ]
  },
  {
    "timeStamp": 47020,
    "rotation": [
      [
        -0.03621905,
        0.5263865,
        -0.8494736
      ],
      [
        0.726298451,
        0.5977307,
        0.339423776
      ],
      [
        0.686424553,
        -0.6046778,
        -0.40396294
      ]
    ],
    "translation": [
      1.82715428,
      0.9439114,
      -0.7309101
    ]
  },
  {
    "timeStamp": 47064,
    "rotation": [
      [
        0.024545582,
        0.4521356,
        -0.8916114
      ],
      [
        0.767526865,
        0.5629399,
        0.306596071
      ],
      [
        0.6405466,
        -0.691861331,
        -0.333208531
      ]
    ],
    "translation": [
      1.87679458,
      0.9691157,
      -0.718872368
    ]
  },
  {
    "timeStamp": 47120,
    "rotation": [
      [
        0.07262973,
        0.331959337,
        -0.9404935
      ],
      [
        0.8079216,
        0.5333322,
        0.250638336
      ],
      [
        0.5847972,
        -0.778048754,
        -0.229461327
      ]
    ],
    "translation": [
      1.94414258,
      0.997765,
      -0.7089043
    ]
  },
  {
    "timeStamp": 47164,
    "rotation": [
      [
        0.100585848,
        0.227745071,
        -0.9685116
      ],
      [
        0.831508636,
        0.5152917,
        0.207527876
      ],
      [
        0.546329439,
        -0.8262001,
        -0.137540951
      ]
    ],
    "translation": [
      2.00044,
      1.015719,
      -0.70506835
    ]
  },
  {
    "timeStamp": 47219,
    "rotation": [
      [
        0.0848648548,
        0.09275829,
        -0.9920654
      ],
      [
        0.827450931,
        0.5481177,
        0.12203224
      ],
      [
        0.555088162,
        -0.8312417,
        -0.0302370023
      ]
    ],
    "translation": [
      2.06498742,
      1.023017,
      -0.7060296
    ]
  },
  {
    "timeStamp": 47264,
    "rotation": [
      [
        0.04853269,
        0.0169356018,
        -0.998677969
      ],
      [
        0.796949267,
        0.6020605,
        0.0489390455
      ],
      [
        0.6020934,
        -0.7982708,
        0.0157228
      ]
    ],
    "translation": [
      2.107851,
      1.014199,
      -0.7095145
    ]
  },
  {
    "timeStamp": 47320,
    "rotation": [
      [
        0.017583197,
        -0.0602519922,
        -0.998028338
      ],
      [
        0.743088365,
        0.6686373,
        -0.0272746384
      ],
      [
        0.6689623,
        -0.7411436,
        0.0565293357
      ]
    ],
    "translation": [
      2.150338,
      0.993890643,
      -0.71553874
    ]
  },
  {
    "timeStamp": 47370,
    "rotation": [
      [
        0.008830089,
        -0.0724298954,
        -0.997334361
      ],
      [
        0.668895841,
        0.741807938,
        -0.04795048
      ],
      [
        0.743303657,
        -0.666689456,
        0.0549982861
      ]
    ],
    "translation": [
      2.17203045,
      0.964741349,
      -0.7220556
    ]
  },
  {
    "timeStamp": 47414,
    "rotation": [
      [
        -0.009190327,
        -0.07928373,
        -0.9968097
      ],
      [
        0.614237,
        0.7861696,
        -0.06819305
      ],
      [
        0.789068043,
        -0.612904131,
        0.0414738432
      ]
    ],
    "translation": [
      2.19107938,
      0.935719,
      -0.7287763
    ]
  },
  {
    "timeStamp": 47470,
    "rotation": [
      [
        0.03284986,
        -0.05830415,
        -0.9977582
      ],
      [
        0.5861606,
        0.8097103,
        -0.0280169863
      ],
      [
        0.809528649,
        -0.5839262,
        0.0607744642
      ]
    ],
    "translation": [
      2.2019403,
      0.907693,
      -0.7334252
    ]
  },
  {
    "timeStamp": 47514,
    "rotation": [
      [
        0.0126324911,
        -0.0510313362,
        -0.9986172
      ],
      [
        0.555216968,
        0.830950141,
        -0.03543973
      ],
      [
        0.8316096,
        -0.5540015,
        0.038830433
      ]
    ],
    "translation": [
      2.204903,
      0.8860904,
      -0.735134065
    ]
  },
  {
    "timeStamp": 47570,
    "rotation": [
      [
        0.031228058,
        -0.0185472518,
        -0.9993402
      ],
      [
        0.540442,
        0.841380239,
        0.00127250317
      ],
      [
        0.840801537,
        -0.5401252,
        0.0362983868
      ]
    ],
    "translation": [
      2.20527053,
      0.863184035,
      -0.7325661
    ]
  },
  {
    "timeStamp": 47614,
    "rotation": [
      [
        0.0051436373,
        -0.0124642076,
        -0.9999091
      ],
      [
        0.51724,
        0.855802953,
        -0.008007139
      ],
      [
        0.855824947,
        -0.5171518,
        0.0108489264
      ]
    ],
    "translation": [
      2.203985,
      0.847323,
      -0.7302759
    ]
  },
  {
    "timeStamp": 47670,
    "rotation": [
      [
        0.009880344,
        0.00186554,
        -0.999949455
      ],
      [
        0.5124002,
        0.8587209,
        0.006665006
      ],
      [
        0.858689964,
        -0.5124402,
        0.00752855558
      ]
    ],
    "translation": [
      2.20389533,
      0.8328114,
      -0.724893749
    ]
  },
  {
    "timeStamp": 47714,
    "rotation": [
      [
        -0.0162527636,
        -0.0105367657,
        -0.999812365
      ],
      [
        0.49915272,
        0.866342366,
        -0.0172442943
      ],
      [
        0.866361558,
        -0.499339342,
        -0.008821002
      ]
    ],
    "translation": [
      2.2061336,
      0.822158039,
      -0.721119463
    ]
  },
  {
    "timeStamp": 47769,
    "rotation": [
      [
        -0.00240397453,
        0.004470431,
        -0.999987066
      ],
      [
        0.5011273,
        0.865369439,
        0.00266391132
      ],
      [
        0.8653702,
        -0.5011144,
        -0.004320581
      ]
    ],
    "translation": [
      2.20815277,
      0.811774,
      -0.7153448
    ]
  },
  {
    "timeStamp": 47814,
    "rotation": [
      [
        -0.02327612,
        -0.008240266,
        -0.999695063
      ],
      [
        0.493873447,
        0.8693334,
        -0.0186646879
      ],
      [
        0.869222164,
        -0.494157344,
        -0.01616506
      ]
    ],
    "translation": [
      2.21064067,
      0.804893732,
      -0.711356759
    ]
  },
  {
    "timeStamp": 47871,
    "rotation": [
      [
        -0.0031838424,
        0.005294587,
        -0.999980867
      ],
      [
        0.492544532,
        0.8702819,
        0.00303965737
      ],
      [
        0.8702814,
        -0.492525458,
        -0.00537866028
      ]
    ],
    "translation": [
      2.21318984,
      0.7974754,
      -0.7068475
    ]
  },
  {
    "timeStamp": 47917,
    "rotation": [
      [
        -0.008644074,
        0.005687855,
        -0.9999465
      ],
      [
        0.484590381,
        0.8747409,
        0.0007866064
      ],
      [
        0.8746985,
        -0.484557629,
        -0.010317605
      ]
    ],
    "translation": [
      2.21380377,
      0.7910989,
      -0.704419136
    ]
  },
  {
    "timeStamp": 47963,
    "rotation": [
      [
        -0.0174863767,
        0.004213914,
        -0.999838233
      ],
      [
        0.479954422,
        0.8772809,
        -0.00469663739
      ],
      [
        0.8771192,
        -0.479958922,
        -0.0173629485
      ]
    ],
    "translation": [
      2.21385741,
      0.785193,
      -0.701763153
    ]
  },
  {
    "timeStamp": 48021,
    "rotation": [
      [
        -0.0270226132,
        -0.0177284088,
        -0.999477565
      ],
      [
        0.468493968,
        0.883012354,
        -0.028329134
      ],
      [
        0.8830533,
        -0.469014764,
        -0.0155556481
      ]
    ],
    "translation": [
      2.21658754,
      0.7779457,
      -0.700943768
    ]
  }
]