[
  {
    "timeStamp": 57959,
    "rotation": [
      [
        0.124968089,
        -0.0612550937,
        0.990268052
      ],
      [
        0.535336137,
        0.8445002,
        -0.0153190792
      ],
      [
        -0.8353432,
        0.532040656,
        0.138327628
      ]
    ],
    "translation": [
      1.42885792,
      0.7053494,
      -0.6097829
    ]
  },
  {
    "timeStamp": 58004,
    "rotation": [
      [
        0.109905206,
        -0.02140659,
        0.993711531
      ],
      [
        0.525002956,
        0.850171566,
        -0.03975126
      ],
      [
        -0.8439744,
        0.5260704,
        0.1046768
      ]
    ],
    "translation": [
      1.43082106,
      0.7082252,
      -0.608809948
    ]
  },
  {
    "timeStamp": 58059,
    "rotation": [
      [
        0.122647196,
        -0.009390583,
        0.9924059
      ],
      [
        0.5211497,
        0.85160315,
        -0.0563484132
      ],
      [
        -0.8446068,
        0.524103,
        0.10934063
      ]
    ],
    "translation": [
      1.43608391,
      0.719374239,
      -0.618425965
    ]
  },
  {
    "timeStamp": 58106,
    "rotation": [
      [
        0.143762961,
        0.0201964416,
        0.989406049
      ],
      [
        0.5068772,
        0.857185841,
        -0.0911478847
      ],
      [
        -0.8499457,
        0.514611,
        0.112994462
      ]
    ],
    "translation": [
      1.44242048,
      0.732907,
      -0.6285059
    ]
  },
  {
    "timeStamp": 58159,
    "rotation": [
      [
        0.1744458,
        0.06124531,
        0.982760251
      ],
      [
        0.494712472,
        0.8575004,
        -0.141253576
      ],
      [
        -0.8513684,
        0.510824859,
        0.119288519
      ]
    ],
    "translation": [
      1.45641148,
      0.7523962,
      -0.648075044
    ]
  },
  {
    "timeStamp": 58203,
    "rotation": [
      [
        0.218052492,
        0.07339978,
        0.9731729
      ],
      [
        0.473074049,
        0.8642324,
        -0.171181753
      ],
      [
        -0.8536123,
        0.497709453,
        0.1537245
      ]
    ],
    "translation": [
      1.47206557,
      0.7694405,
      -0.668880165
    ]
  },
  {
    "timeStamp": 58259,
    "rotation": [
      [
        0.241200566,
        0.09842827,
        0.96547097
      ],
      [
        0.434787065,
        0.878456235,
        -0.198178753
      ],
      [
        -0.867630363,
        0.467575133,
        0.169088811
      ]
    ],
    "translation": [
      1.50102174,
      0.7899844,
      -0.689628839
    ]
  },
  {
    "timeStamp": 58304,
    "rotation": [
      [
        0.234712332,
        0.130471915,
        0.963269055
      ],
      [
        0.414923757,
        0.8826934,
        -0.220659465
      ],
      [
        -0.8790611,
        0.4514747,
        0.153043136
      ]
    ],
    "translation": [
      1.53000879,
      0.805467367,
      -0.7006359
    ]
  },
  {
    "timeStamp": 58359,
    "rotation": [
      [
        0.18589741,
        0.189516485,
        0.9641191
      ],
      [
        0.377183169,
        0.892282546,
        -0.248122469
      ],
      [
        -0.90729,
        0.40977484,
        0.094390586
      ]
    ],
    "translation": [
      1.57757664,
      0.8268323,
      -0.702657342
    ]
  },
  {
    "timeStamp": 58404,
    "rotation": [
      [
        0.117024809,
        0.228220344,
        0.9665509
      ],
      [
        0.3413072,
        0.9047171,
        -0.2549439
      ],
      [
        -0.932638466,
        0.359725535,
        0.0279811
      ]
    ],
    "translation": [
      1.62436175,
      0.843696654,
      -0.696526468
    ]
  },
  {
    "timeStamp": 58459,
    "rotation": [
      [
        -0.0159651134,
        0.277856767,
        0.9604898
      ],
      [
        0.302147478,
        0.9170433,
        -0.260266036
      ],
      [
        -0.9531275,
        0.2860544,
        -0.09859442
      ]
    ],
    "translation": [
      1.69495142,
      0.86408937,
      -0.6838172
    ]
  },
  {
    "timeStamp": 58504,
    "rotation": [
      [
        -0.142206192,
        0.301041275,
        0.942948341
      ],
      [
        0.262328833,
        0.9300281,
        -0.257354558
      ],
      [
        -0.954442739,
        0.210765123,
        -0.211227551
      ]
    ],
    "translation": [
      1.76132226,
      0.880057037,
      -0.6725775
    ]
  },
  {
    "timeStamp": 58559,
    "rotation": [
      [
        -0.303841144,
        0.292946965,
        0.9065664
      ],
      [
        0.208507836,
        0.948932,
        -0.236754283
      ],
      [
        -0.9296263,
        0.117090508,
        -0.3494063
      ]
    ],
    "translation": [
      1.84723234,
      0.8970414,
      -0.666721642
    ]
  },
  {
    "timeStamp": 58603,
    "rotation": [
      [
        -0.422109038,
        0.276462257,
        0.863361239
      ],
      [
        0.181429952,
        0.958859444,
        -0.218338743
      ],
      [
        -0.888204455,
        0.0644768253,
        -0.454901755
      ]
    ],
    "translation": [
      1.91477787,
      0.906889856,
      -0.6691719
    ]
  },
  {
    "timeStamp": 58659,
    "rotation": [
      [
        -0.53935343,
        0.241146311,
        0.806812465
      ],
      [
        0.152236521,
        0.9702549,
        -0.188227266
      ],
      [
        -0.828204036,
        0.0213053077,
        -0.5600216
      ]
    ],
    "translation": [
      1.99202418,
      0.9156749,
      -0.6797199
    ]
  },
  {
    "timeStamp": 58703,
    "rotation": [
      [
        -0.620348632,
        0.2086174,
        0.756072938
      ],
      [
        0.127604187,
        0.977979064,
        -0.1651486
      ],
      [
        -0.773876369,
        -0.005971636,
        -0.6333085
      ]
    ],
    "translation": [
      2.04778218,
      0.920681357,
      -0.69149816
    ]
  },
  {
    "timeStamp": 58759,
    "rotation": [
      [
        -0.6887259,
        0.164404243,
        0.706135869
      ],
      [
        0.1162209,
        0.986391068,
        -0.116298482
      ],
      [
        -0.7156461,
        0.0019699682,
        -0.69846034
      ]
    ],
    "translation": [
      2.10445237,
      0.9193743,
      -0.707771659
    ]
  },
  {
    "timeStamp": 58809,
    "rotation": [
      [
        -0.720495641,
        0.10384322,
        0.6856403
      ],
      [
        0.121326722,
        0.9923507,
        -0.0228013322
      ],
      [
        -0.6827634,
        0.06675823,
        -0.7275833
      ]
    ],
    "translation": [
      2.14830518,
      0.9081019,
      -0.7254069
    ]
  },
  {
    "timeStamp": 58853,
    "rotation": [
      [
        -0.73174274,
        0.0589318648,
        0.6790284
      ],
      [
        0.12457563,
        0.9910369,
        0.04823607
      ],
      [
        -0.670099556,
        0.119886778,
        -0.7325256
      ]
    ],
    "translation": [
      2.17379618,
      0.8962981,
      -0.7372401
    ]
  },
  {
    "timeStamp": 58909,
    "rotation": [
      [
        -0.7301863,
        0.008921256,
        0.6831899
      ],
      [
        0.142374888,
        0.9799514,
        0.139372349
      ],
      [
        -0.6682496,
        0.199036866,
        -0.7168172
      ]
    ],
    "translation": [
      2.19586754,
      0.8786988,
      -0.7503693
    ]
  },
  {
    "timeStamp": 58953,
    "rotation": [
      [
        -0.733176768,
        -0.06647109,
        0.676781654
      ],
      [
        0.134699568,
        0.961297631,
        0.240339115
      ],
      [
        -0.666564167,
        0.267373264,
        -0.695847452
      ]
    ],
    "translation": [
      2.21228337,
      0.86478585,
      -0.7594926
    ]
  },
  {
    "timeStamp": 59009,
    "rotation": [
      [
        -0.7326872,
        -0.0925025,
        0.6742498
      ],
      [
        0.1446968,
        0.9468952,
        0.2871453
      ],
      [
        -0.665005565,
        0.307949454,
        -0.680393159
      ]
    ],
    "translation": [
      2.22534657,
      0.851419151,
      -0.7663043
    ]
  },
  {
    "timeStamp": 59053,
    "rotation": [
      [
        -0.720495,
        -0.152045041,
        0.6765865
      ],
      [
        0.14944011,
        0.9187002,
        0.365592062
      ],
      [
        -0.677166641,
        0.3645164,
        -0.63919723
      ]
    ],
    "translation": [
      2.23377776,
      0.8388335,
      -0.771690845
    ]
  },
  {
    "timeStamp": 59109,
    "rotation": [
      [
        -0.710488856,
        -0.218844071,
        0.66881454
      ],
      [
        0.13496004,
        0.890396655,
        0.434717864
      ],
      [
        -0.690645635,
        0.399125427,
        -0.6030817
      ]
    ],
    "translation": [
      2.24097776,
      0.8299677,
      -0.774793267
    ]
  }
]