[
  {
    "timeStamp": 69343,
    "rotation": [
      [
        0.670013547,
        0.6337766,
        0.386534661
      ],
      [
        -0.204042539,
        0.6578625,
        -0.7249715
      ],
      [
        -0.7137566,
        0.4068712,
        0.570094168
      ]
    ],
    "translation": [
      1.58896589,
      0.757850945,
      -0.6659969
    ]
  },
  {
    "timeStamp": 69398,
    "rotation": [
      [
        0.6638782,
        0.6478954,
        0.373493433
      ],
      [
        -0.2296301,
        0.6519075,
        -0.722694
      ],
      [
        -0.7117133,
        0.394015431,
        0.5815635
      ]
    ],
    "translation": [
      1.59011853,
      0.7594202,
      -0.667013
    ]
  },
  {
    "timeStamp": 69444,
    "rotation": [
      [
        0.661051452,
        0.6555419,
        0.3650696
      ],
      [
        -0.207268178,
        0.6271411,
        -0.7508222
      ],
      [
        -0.7211456,
        0.4206648,
        0.5504455
      ]
    ],
    "translation": [
      1.59216189,
      0.7623814,
      -0.6698372
    ]
  },
  {
    "timeStamp": 69498,
    "rotation": [
      [
        0.6439416,
        0.6925445,
        0.3251482
      ],
      [
        -0.274338,
        0.605739832,
        -0.7468721
      ],
      [
        -0.7141974,
        0.3917415,
        0.5800524
      ]
    ],
    "translation": [
      1.60086715,
      0.788695931,
      -0.671488941
    ]
  },
  {
    "timeStamp": 69543,
    "rotation": [
      [
        0.597044766,
        0.746449232,
        0.293855667
      ],
      [
        -0.343889475,
        0.5690949,
        -0.746907651
      ],
      [
        -0.7247604,
        0.3448834,
        0.596471131
      ]
    ],
    "translation": [
      1.61529887,
      0.8174324,
      -0.671051264
    ]
  },
  {
    "timeStamp": 69598,
    "rotation": [
      [
        0.526374459,
        0.8062131,
        0.2700932
      ],
      [
        -0.429931849,
        0.5264352,
        -0.7335016
      ],
      [
        -0.7335452,
        0.269974858,
        0.623718739
      ]
    ],
    "translation": [
      1.64623058,
      0.8574548,
      -0.6714866
    ]
  },
  {
    "timeStamp": 69643,
    "rotation": [
      [
        0.456432045,
        0.8482719,
        0.268522978
      ],
      [
        -0.497522,
        0.493524373,
        -0.713376164
      ],
      [
        -0.737659633,
        0.192011639,
        0.6472942
      ]
    ],
    "translation": [
      1.67937851,
      0.8912117,
      -0.6714932
    ]
  },
  {
    "timeStamp": 69698,
    "rotation": [
      [
        0.370103955,
        0.8775701,
        0.3047848
      ],
      [
        -0.5635365,
        0.4729071,
        -0.67733705
      ],
      [
        -0.738545656,
        0.07892776,
        0.6695676
      ]
    ],
    "translation": [
      1.73112988,
      0.928232133,
      -0.673466861
    ]
  },
  {
    "timeStamp": 69743,
    "rotation": [
      [
        0.286218584,
        0.887881935,
        0.3602007
      ],
      [
        -0.608973145,
        0.458801448,
        -0.647034
      ],
      [
        -0.7397504,
        -0.03415937,
        0.67201376
      ]
    ],
    "translation": [
      1.78120637,
      0.9556602,
      -0.6753787
    ]
  },
  {
    "timeStamp": 69798,
    "rotation": [
      [
        0.19720827,
        0.8687222,
        0.454346418
      ],
      [
        -0.65378195,
        0.4618835,
        -0.599360347
      ],
      [
        -0.730532765,
        -0.178844661,
        0.6590421
      ]
    ],
    "translation": [
      1.847202,
      0.9837658,
      -0.683253169
    ]
  },
  {
    "timeStamp": 69843,
    "rotation": [
      [
        0.121258445,
        0.8364454,
        0.5344675
      ],
      [
        -0.677500069,
        0.463261783,
        -0.571298659
      ],
      [
        -0.7254585,
        -0.29282698,
        0.6228662
      ]
    ],
    "translation": [
      1.90256476,
      0.9997369,
      -0.6925406
    ]
  },
  {
    "timeStamp": 69898,
    "rotation": [
      [
        0.04037002,
        0.772210956,
        0.6340824
      ],
      [
        -0.6906696,
        0.480148166,
        -0.540770948
      ],
      [
        -0.722042739,
        -0.4161105,
        0.5527262
      ]
    ],
    "translation": [
      1.96926379,
      1.01120865,
      -0.709239244
    ]
  },
  {
    "timeStamp": 69943,
    "rotation": [
      [
        -0.00290013826,
        0.7077859,
        0.706421
      ],
      [
        -0.681344748,
        0.515675545,
        -0.5194691
      ],
      [
        -0.731956959,
        -0.482822746,
        0.48075065
      ]
    ],
    "translation": [
      2.01861262,
      1.01280236,
      -0.7256009
    ]
  },
  {
    "timeStamp": 69998,
    "rotation": [
      [
        -0.0524488427,
        0.636695743,
        0.769329369
      ],
      [
        -0.6466063,
        0.5654367,
        -0.512036741
      ],
      [
        -0.761018634,
        -0.5243089,
        0.382035
      ]
    ],
    "translation": [
      2.06885457,
      1.00335419,
      -0.7466125
    ]
  },
  {
    "timeStamp": 70042,
    "rotation": [
      [
        -0.102003485,
        0.619415164,
        0.7784087
      ],
      [
        -0.5826656,
        0.59701705,
        -0.5514267
      ],
      [
        -0.8062854,
        -0.5097994,
        0.300014079
      ]
    ],
    "translation": [
      2.09975576,
      0.985532165,
      -0.7639264
    ]
  },
  {
    "timeStamp": 70100,
    "rotation": [
      [
        -0.127158254,
        0.623810947,
        0.7711619
      ],
      [
        -0.504766941,
        0.628572166,
        -0.5916987
      ],
      [
        -0.85383904,
        -0.4644964,
        0.234951
      ]
    ],
    "translation": [
      2.12132883,
      0.9629322,
      -0.7806027
    ]
  },
  {
    "timeStamp": 70148,
    "rotation": [
      [
        -0.118538916,
        0.641133666,
        0.758219063
      ],
      [
        -0.4424269,
        0.649510562,
        -0.6183805
      ],
      [
        -0.888935864,
        -0.4087587,
        0.206662491
      ]
    ],
    "translation": [
      2.1274147,
      0.9432258,
      -0.795808733
    ]
  },
  {
    "timeStamp": 70193,
    "rotation": [
      [
        -0.137148,
        0.6786837,
        0.7215114
      ],
      [
        -0.397282362,
        0.629555047,
        -0.667702854
      ],
      [
        -0.907390237,
        -0.3782179,
        0.183286875
      ]
    ],
    "translation": [
      2.12659574,
      0.9258577,
      -0.8055182
    ]
  },
  {
    "timeStamp": 70248,
    "rotation": [
      [
        -0.124970764,
        0.6979789,
        0.7051296
      ],
      [
        -0.356810182,
        0.631534636,
        -0.688368
      ],
      [
        -0.9257801,
        -0.337623268,
        0.170122609
      ]
    ],
    "translation": [
      2.12360287,
      0.906801462,
      -0.81200844
    ]
  },
  {
    "timeStamp": 70293,
    "rotation": [
      [
        -0.139718726,
        0.7213276,
        0.6783547
      ],
      [
        -0.333854944,
        0.610644162,
        -0.7180909
      ],
      [
        -0.9322122,
        -0.32680282,
        0.155500382
      ]
    ],
    "translation": [
      2.12108612,
      0.893232942,
      -0.8148056
    ]
  },
  {
    "timeStamp": 70348,
    "rotation": [
      [
        -0.140029654,
        0.733372331,
        0.6652494
      ],
      [
        -0.292537928,
        0.6112332,
        -0.73540163
      ],
      [
        -0.9459457,
        -0.2975887,
        0.128948435
      ]
    ],
    "translation": [
      2.118047,
      0.8813706,
      -0.8154369
    ]
  }
]