[
  {
    "timeStamp": 71642,
    "rotation": [
      [
        0.9983538,
        -0.0562658831,
        0.0111294193
      ],
      [
        0.0245356187,
        0.594346642,
        0.8038346
      ],
      [
        -0.0518432,
        -0.8022383,
        0.594748735
      ]
    ],
    "translation": [
      1.15150976,
      0.724041,
      -0.7472158
    ]
  },
  {
    "timeStamp": 71686,
    "rotation": [
      [
        0.99700135,
        -0.06364511,
        0.0440180637
      ],
      [
        0.00340932561,
        0.604400337,
        0.7966735
      ],
      [
        -0.0773089,
        -0.794134438,
        0.6028049
      ]
    ],
    "translation": [
      1.15252221,
      0.7273693,
      -0.745762348
    ]
  },
  {
    "timeStamp": 71742,
    "rotation": [
      [
        0.994025648,
        -0.0390659049,
        0.101915941
      ],
      [
        -0.05800761,
        0.601877034,
        0.7964792
      ],
      [
        -0.0924560353,
        -0.7976327,
        0.596015155
      ]
    ],
    "translation": [
      1.15780687,
      0.7456503,
      -0.7462371
    ]
  },
  {
    "timeStamp": 71788,
    "rotation": [
      [
        0.99062705,
        0.00346388342,
        0.1365506
      ],
      [
        -0.111178324,
        0.601223648,
        0.7913087
      ],
      [
        -0.07935646,
        -0.7990733,
        0.595973551
      ]
    ],
    "translation": [
      1.16767764,
      0.7663124,
      -0.7512686
    ]
  },
  {
    "timeStamp": 71841,
    "rotation": [
      [
        0.9823989,
        0.0301714446,
        0.184342131
      ],
      [
        -0.164306581,
        0.6090255,
        0.7759454
      ],
      [
        -0.0888576657,
        -0.7925766,
        0.6032633
      ]
    ],
    "translation": [
      1.19199789,
      0.7931314,
      -0.7578452
    ]
  },
  {
    "timeStamp": 71886,
    "rotation": [
      [
        0.9791847,
        0.0509484224,
        0.1964728
      ],
      [
        -0.185630322,
        0.6162798,
        0.765336931
      ],
      [
        -0.0820895061,
        -0.7858775,
        0.6129093
      ]
    ],
    "translation": [
      1.21983075,
      0.810412943,
      -0.766664267
    ]
  },
  {
    "timeStamp": 71941,
    "rotation": [
      [
        0.9771006,
        0.0620116852,
        0.203540832
      ],
      [
        -0.196803078,
        0.6270361,
        0.753720343
      ],
      [
        -0.08088795,
        -0.7765181,
        0.624881446
      ]
    ],
    "translation": [
      1.26348257,
      0.8260571,
      -0.7792749
    ]
  },
  {
    "timeStamp": 71986,
    "rotation": [
      [
        0.9767339,
        0.06236266,
        0.205187172
      ],
      [
        -0.197662547,
        0.632935643,
        0.7485466
      ],
      [
        -0.0831889138,
        -0.77168864,
        0.630536437
      ]
    ],
    "translation": [
      1.302654,
      0.8349593,
      -0.788137734
    ]
  },
  {
    "timeStamp": 72041,
    "rotation": [
      [
        0.9764964,
        0.04197031,
        0.2114078
      ],
      [
        -0.1892618,
        0.636276543,
        0.7478851
      ],
      [
        -0.103124857,
        -0.7703185,
        0.6292651
      ]
    ],
    "translation": [
      1.35731721,
      0.842685044,
      -0.796357751
    ]
  },
  {
    "timeStamp": 72086,
    "rotation": [
      [
        0.969994,
        -0.003698339,
        0.243100673
      ],
      [
        -0.182182387,
        0.651069939,
        0.73682934
      ],
      [
        -0.16100058,
        -0.7590087,
        0.6308602
      ]
    ],
    "translation": [
      1.40296566,
      0.8488601,
      -0.796418369
    ]
  },
  {
    "timeStamp": 72142,
    "rotation": [
      [
        0.94370383,
        -0.09116078,
        0.3179824
      ],
      [
        -0.1836391,
        0.6551646,
        0.7328274
      ],
      [
        -0.275135934,
        -0.749966,
        0.6015406
      ]
    ],
    "translation": [
      1.45914841,
      0.858859956,
      -0.7863262
    ]
  },
  {
    "timeStamp": 72186,
    "rotation": [
      [
        0.8981892,
        -0.178223357,
        0.401861459
      ],
      [
        -0.194892213,
        0.6579575,
        0.7273987
      ],
      [
        -0.39404723,
        -0.7316613,
        0.556236
      ]
    ],
    "translation": [
      1.50588894,
      0.87011224,
      -0.771655262
    ]
  },
  {
    "timeStamp": 72241,
    "rotation": [
      [
        0.80986917,
        -0.2937272,
        0.5077758
      ],
      [
        -0.230217963,
        0.637016058,
        0.7356699
      ],
      [
        -0.5395476,
        -0.7126955,
        0.4482784
      ]
    ],
    "translation": [
      1.566352,
      0.8893534,
      -0.7467827
    ]
  },
  {
    "timeStamp": 72286,
    "rotation": [
      [
        0.7076454,
        -0.3953156,
        0.5856309
      ],
      [
        -0.271899432,
        0.6126562,
        0.7421072
      ],
      [
        -0.652156949,
        -0.6843815,
        0.326057285
      ]
    ],
    "translation": [
      1.61839569,
      0.9077311,
      -0.7240981
    ]
  },
  {
    "timeStamp": 72341,
    "rotation": [
      [
        0.557181239,
        -0.52034,
        0.64714396
      ],
      [
        -0.3247046,
        0.580751,
        0.746522069
      ],
      [
        -0.764274836,
        -0.6260787,
        0.154626772
      ]
    ],
    "translation": [
      1.69038928,
      0.9293853,
      -0.698997736
    ]
  },
  {
    "timeStamp": 72386,
    "rotation": [
      [
        0.4255579,
        -0.6259529,
        0.653516233
      ],
      [
        -0.353536546,
        0.549778,
        0.756806552
      ],
      [
        -0.8330141,
        -0.553106844,
        0.0126651255
      ]
    ],
    "translation": [
      1.75297117,
      0.943426549,
      -0.6848129
    ]
  },
  {
    "timeStamp": 72441,
    "rotation": [
      [
        0.2498789,
        -0.7249047,
        0.6419296
      ],
      [
        -0.400014281,
        0.5264594,
        0.750219345
      ],
      [
        -0.8817874,
        -0.444245,
        -0.158421159
      ]
    ],
    "translation": [
      1.82973623,
      0.963023,
      -0.6775887
    ]
  },
  {
    "timeStamp": 72486,
    "rotation": [
      [
        0.139521852,
        -0.787172437,
        0.6007439
      ],
      [
        -0.433281,
        0.4969869,
        0.7518455
      ],
      [
        -0.890393853,
        -0.365189761,
        -0.27172634
      ]
    ],
    "translation": [
      1.88708866,
      0.9788933,
      -0.6804401
    ]
  },
  {
    "timeStamp": 72541,
    "rotation": [
      [
        0.0288335085,
        -0.840803146,
        0.540572643
      ],
      [
        -0.4534407,
        0.470951527,
        0.7567009
      ],
      [
        -0.890819967,
        -0.266935974,
        -0.367675155
      ]
    ],
    "translation": [
      1.94849825,
      0.9928534,
      -0.6901499
    ]
  },
  {
    "timeStamp": 72586,
    "rotation": [
      [
        -0.0264702588,
        -0.8715293,
        0.489628524
      ],
      [
        -0.455698162,
        0.446468055,
        0.7700685
      ],
      [
        -0.889740765,
        -0.202738881,
        -0.4089724
      ]
    ],
    "translation": [
      1.98787642,
      0.9978756,
      -0.70073247
    ]
  },
  {
    "timeStamp": 72641,
    "rotation": [
      [
        -0.06982911,
        -0.90148735,
        0.42713514
      ],
      [
        -0.432951778,
        0.413138747,
        0.801167369
      ],
      [
        -0.898708344,
        -0.128984109,
        -0.419149637
      ]
    ],
    "translation": [
      2.02919388,
      0.9939096,
      -0.71503675
    ]
  },
  {
    "timeStamp": 72686,
    "rotation": [
      [
        -0.112673074,
        -0.909089863,
        0.401074052
      ],
      [
        -0.4090103,
        0.4102951,
        0.815088034
      ],
      [
        -0.905546963,
        -0.07220495,
        -0.418056339
      ]
    ],
    "translation": [
      2.05741,
      0.985351563,
      -0.726944864
    ]
  },
  {
    "timeStamp": 72737,
    "rotation": [
      [
        -0.142759129,
        -0.901559651,
        0.4084239
      ],
      [
        -0.325580776,
        0.432461321,
        0.8408177
      ],
      [
        -0.9346748,
        -0.0129405642,
        -0.35526827
      ]
    ],
    "translation": [
      2.077413,
      0.964802563,
      -0.7378538
    ]
  },
  {
    "timeStamp": 72787,
    "rotation": [
      [
        -0.157273754,
        -0.8804272,
        0.447339863
      ],
      [
        -0.2210225,
        0.47286737,
        0.8529628
      ],
      [
        -0.962504,
        0.0352765,
        -0.268963844
      ]
    ],
    "translation": [
      2.090867,
      0.937128663,
      -0.7518005
    ]
  },
  {
    "timeStamp": 72836,
    "rotation": [
      [
        -0.163859457,
        -0.8597957,
        0.483633667
      ],
      [
        -0.146763563,
        0.50605154,
        0.8499249
      ],
      [
        -0.9755053,
        0.06828845,
        -0.209108
      ]
    ],
    "translation": [
      2.09629,
      0.9165427,
      -0.7630012
    ]
  },
  {
    "timeStamp": 72892,
    "rotation": [
      [
        -0.152619317,
        -0.8638608,
        0.4800539
      ],
      [
        -0.103371449,
        0.497033626,
        0.861552
      ],
      [
        -0.982863963,
        0.0818656,
        -0.165155485
      ]
    ],
    "translation": [
      2.09865761,
      0.9035545,
      -0.7725982
    ]
  },
  {
    "timeStamp": 72936,
    "rotation": [
      [
        -0.137058258,
        -0.850117147,
        0.508444548
      ],
      [
        -0.047381606,
        0.5183273,
        0.8538687
      ],
      [
        -0.9894291,
        0.09293883,
        -0.11132095
      ]
    ],
    "translation": [
      2.09582734,
      0.8900387,
      -0.7787617
    ]
  },
  {
    "timeStamp": 72991,
    "rotation": [
      [
        -0.145969555,
        -0.8253262,
        0.545462549
      ],
      [
        -0.02445047,
        0.55420953,
        0.832017958
      ],
      [
        -0.98898685,
        0.108112469,
        -0.101077341
      ]
    ],
    "translation": [
      2.09348845,
      0.879990339,
      -0.7822743
    ]
  }
]