[
  {
    "id": "006 mustard bottle(Clone)-9286",
    "pickRotation": [
      [
        -0.444925427,
        -0.01572158,
        -0.8954296
      ],
      [
        0.8954879,
        -0.0211507063,
        -0.444583029
      ],
      [
        -0.0119494218,
        -0.9996527,
        0.0234889723
      ]
    ],
    "pickTranslation": [
      0.0154280169,
      -0.0223754644,
      0.165043816
    ],
    "placeRotation": [
      [
        0.3757097,
        -0.926002264,
        -0.036904294
      ],
      [
        -0.0300183631,
        -0.05196097,
        0.998197854
      ],
      [
        -0.9262511,
        -0.373924822,
        -0.0473193154
      ]
    ],
    "placeTranslation": [
      -0.7488356,
      0.0803426,
      0.5057819
    ]
  },
  {
    "id": "006 mustard bottle(Clone)-10002",
    "pickRotation": [
      [
        -0.574458539,
        -0.1485582,
        -0.8049397
      ],
      [
        0.8176083,
        -0.0573942028,
        -0.57290715
      ],
      [
        0.03891119,
        -0.9872367,
        0.154433012
      ]
    ],
    "pickTranslation": [
      0.0170258824,
      -0.0242361035,
      0.173246056
    ],
    "placeRotation": [
      [
        0.6564436,
        -0.7543743,
        0.00110079406
      ],
      [
        -0.00523239654,
        -0.00309395418,
        0.9999815
      ],
      [
        -0.754357,
        -0.6564372,
        -0.005978192
      ]
    ],
    "placeTranslation": [
      -0.704219937,
      0.09690548,
      -0.11692562
    ]
  },
  {
    "id": "007 tuna fish can(Clone)-9654",
    "pickRotation": [
      [
        -0.9882101,
        0.1512066,
        -0.0240292214
      ],
      [
        0.0285649039,
        0.0278960429,
        -0.9992026
      ],
      [
        -0.1504157,
        -0.9881085,
        -0.03188635
      ]
    ],
    "pickTranslation": [
      0.0253951065,
      -0.008016754,
      0.0309942737
    ],
    "placeRotation": [
      [
        0.388725638,
        0.920451641,
        -0.04075889
      ],
      [
        0.036334,
        0.0288890749,
        0.99892205
      ],
      [
        0.9206369,
        -0.389787525,
        -0.0222137664
      ]
    ],
    "placeTranslation": [
      -0.482124656,
      0.0202858169,
      -0.458311737
    ]
  },
  {
    "id": "005 tomato soup can(Clone)-9990",
    "pickRotation": [
      [
        -0.8284385,
        0.5600797,
        -0.000605490059
      ],
      [
        -0.555278838,
        -0.8214777,
        -0.129768223
      ],
      [
        -0.07317794,
        -0.107168779,
        0.9915442
      ]
    ],
    "pickTranslation": [
      -0.004980743,
      0.102565549,
      0.07503721
    ],
    "placeRotation": [
      [
        0.783939242,
        0.6204335,
        0.02239378
      ],
      [
        -0.0638140962,
        0.04464719,
        0.9969626
      ],
      [
        0.6175492,
        -0.7829871,
        0.07459309
      ]
    ],
    "placeTranslation": [
      -1.03241944,
      0.266293049,
      -1.09164989
    ]
  },
  {
    "id": "010 potted meat can(Clone)-10066",
    "pickRotation": [
      [
        -0.103300206,
        -0.0441206,
        -0.9936712
      ],
      [
        0.9820524,
        -0.163021028,
        -0.09485394
      ],
      [
        -0.157804281,
        -0.9856356,
        0.0601688437
      ]
    ],
    "pickTranslation": [
      0.0355152264,
      -0.0232198685,
      0.0829428
    ],
    "placeRotation": [
      [
        0.986115634,
        -0.1659494,
        -0.00606693653
      ],
      [
        -0.000807715056,
        -0.04132737,
        0.9991453
      ],
      [
        -0.1660583,
        -0.985267937,
        -0.0408876
      ]
    ],
    "placeTranslation": [
      -0.1371597,
      0.0115068844,
      0.177460775
    ]
  },
  {
    "id": "010 potted meat can(Clone)-9642",
    "pickRotation": [
      [
        -0.257171452,
        -0.03497447,
        -0.9657327
      ],
      [
        0.9653556,
        -0.054981228,
        -0.255079836
      ],
      [
        -0.0441758856,
        -0.9978747,
        0.0479024
      ]
    ],
    "pickTranslation": [
      0.0361856744,
      -0.0264060274,
      0.0781628639
    ],
    "placeRotation": [
      [
        0.981518149,
        -0.1908911,
        -0.0135159083
      ],
      [
        0.0155406538,
        0.009113671,
        0.9998377
      ],
      [
        -0.190736949,
        -0.9815689,
        0.0119118067
      ]
    ],
    "placeTranslation": [
      -0.169666991,
      0.5357942,
      0.2130291
    ]
  },
  {
    "id": "100 half egg carton(Clone)-9594",
    "pickRotation": [
      [
        0.08459501,
        0.007020716,
        0.996390641
      ],
      [
        -0.175591648,
        -0.9842207,
        0.021842951
      ],
      [
        0.980821669,
        -0.17680569,
        -0.08202739
      ]
    ],
    "pickTranslation": [
      -0.06357731,
      0.0366867557,
      0.005057119
    ],
    "placeRotation": [
      [
        0.0253328346,
        0.0677188262,
        -0.9973828
      ],
      [
        -0.02387699,
        0.997459352,
        0.0671175644
      ],
      [
        0.9993939,
        0.02211422,
        0.026885394
      ]
    ],
    "placeTranslation": [
      -0.35865438,
      0.206974417,
      -0.527135253
    ]
  },
  {
    "id": "011 banana(Clone)-9298",
    "pickRotation": [
      [
        0.88524586,
        -0.182706431,
        0.4277361
      ],
      [
        0.44843322,
        0.09111832,
        -0.8891598
      ],
      [
        0.123480625,
        0.9789361,
        0.162593752
      ]
    ],
    "pickTranslation": [
      0.011544981,
      0.0199831463,
      -0.0016100189
    ],
    "placeRotation": [
      [
        -0.7517641,
        -0.595577,
        -0.2830878
      ],
      [
        0.319153249,
        0.0470540635,
        -0.9465343
      ],
      [
        0.5770545,
        -0.8019189,
        0.154706776
      ]
    ],
    "placeTranslation": [
      -0.0260211118,
      0.620278358,
      -0.448208153
    ]
  },
  {
    "id": "005 tomato soup can(Clone)-9356",
    "pickRotation": [
      [
        -0.4675921,
        0.05448177,
        -0.8822638
      ],
      [
        0.881386161,
        -0.0471438654,
        -0.4700382
      ],
      [
        -0.06720184,
        -0.997401237,
        -0.025975382
      ]
    ],
    "pickTranslation": [
      0.0161990952,
      0.085537754,
      0.09021241
    ],
    "placeRotation": [
      [
        0.285994172,
        -0.9523888,
        -0.1056546
      ],
      [
        -0.0137089156,
        -0.114315346,
        0.9933499
      ],
      [
        -0.95813334,
        -0.282643884,
        -0.04574974
      ]
    ],
    "placeTranslation": [
      -0.05505919,
      0.07301261,
      1.36709857
    ]
  },
  {
    "id": "008 pudding box(Clone)-10014",
    "pickRotation": [
      [
        0.05661632,
        -0.4780947,
        0.8764816
      ],
      [
        -0.151866913,
        -0.871798038,
        -0.465730131
      ],
      [
        0.9867781,
        -0.106740631,
        -0.121964768
      ]
    ],
    "pickTranslation": [
      0.00187885272,
      0.06026,
      0.0173320584
    ],
    "placeRotation": [
      [
        -0.0280049536,
        -0.0231088772,
        -0.999340653
      ],
      [
        0.4593276,
        0.887638867,
        -0.03339781
      ],
      [
        0.88782537,
        -0.45996,
        -0.0142437415
      ]
    ],
    "placeTranslation": [
      0.188144743,
      0.3114483,
      0.3076897
    ]
  },
  {
    "id": "025 mug(Clone)-9368",
    "pickRotation": [
      [
        -0.7392136,
        0.08632331,
        -0.6679158
      ],
      [
        0.6702767,
        -0.0021780387,
        -0.742108047
      ],
      [
        -0.06551597,
        -0.996264756,
        -0.0562504753
      ]
    ],
    "pickTranslation": [
      0.0620805472,
      -0.0012851581,
      0.07676562
    ],
    "placeRotation": [
      [
        0.173484251,
        -0.984782457,
        0.0103291282
      ],
      [
        0.07385617,
        0.0234680735,
        0.9969927
      ],
      [
        -0.982063353,
        -0.172199652,
        0.0768036
      ]
    ],
    "placeTranslation": [
      0.6176501,
      0.004343033,
      0.734155834
    ]
  },
  {
    "id": "016 pear(Clone)-10042",
    "pickRotation": [
      [
        -0.9453009,
        -0.218723208,
        -0.242004856
      ],
      [
        0.257771879,
        -0.0462383181,
        -0.9650988
      ],
      [
        0.199899614,
        -0.9746908,
        0.100089818
      ]
    ],
    "pickTranslation": [
      0.03657315,
      0.0535593778,
      0.02375926
    ],
    "placeRotation": [
      [
        -0.0302977581,
        -0.224086553,
        -0.9740982
      ],
      [
        0.1423884,
        0.963639,
        -0.226109236
      ],
      [
        0.989347041,
        -0.145550892,
        0.0027112246
      ]
    ],
    "placeTranslation": [
      0.8520129,
      0.5864567,
      0.9761946
    ]
  },
  {
    "id": "012 strawberry(Clone)-9618",
    "pickRotation": [
      [
        0.408248544,
        -0.3911323,
        -0.8248325
      ],
      [
        -0.257228732,
        -0.9162347,
        0.3071602
      ],
      [
        -0.8758804,
        0.0867729262,
        -0.474661946
      ]
    ],
    "pickTranslation": [
      0.009013119,
      0.03190361,
      0.0243794043
    ],
    "placeRotation": [
      [
        -0.706474364,
        -0.253515273,
        0.660775244
      ],
      [
        0.116107464,
        0.8794775,
        0.4615608
      ],
      [
        -0.6981497,
        0.4028018,
        -0.5918933
      ]
    ],
    "placeTranslation": [
      0.6130842,
      0.6508647,
      0.5400204
    ]
  },
  {
    "id": "012 strawberry(Clone)-9630",
    "pickRotation": [
      [
        0.194759473,
        -0.332261145,
        -0.9228604
      ],
      [
        -0.188977242,
        -0.935960233,
        0.297095984
      ],
      [
        -0.962474048,
        0.11653734,
        -0.245076925
      ]
    ],
    "pickTranslation": [
      0.0109603,
      0.0402194746,
      0.021881694
    ],
    "placeRotation": [
      [
        -0.607012451,
        0.0620474331,
        0.792266369
      ],
      [
        0.214569017,
        0.972716749,
        0.08821718
      ],
      [
        -0.765177131,
        0.223544747,
        -0.603764653
      ]
    ],
    "placeTranslation": [
      0.508558,
      0.6196918,
      0.3274492
    ]
  },
  {
    "id": "017 orange(Clone)-10030",
    "pickRotation": [
      [
        -0.76655376,
        0.315581053,
        0.55928874
      ],
      [
        0.3867809,
        -0.46835047,
        0.7943855
      ],
      [
        0.5126362,
        0.8252614,
        0.2369551
      ]
    ],
    "pickTranslation": [
      -0.009896553,
      -0.0111096445,
      0.00266180374
    ],
    "placeRotation": [
      [
        0.9030367,
        -0.226327762,
        -0.365103334
      ],
      [
        -0.263837963,
        0.3784999,
        -0.887201965
      ],
      [
        0.338990033,
        0.8975041,
        0.282085419
      ]
    ],
    "placeTranslation": [
      0.7191884,
      0.6884506,
      -0.239309385
    ]
  },
  {
    "id": "057 racquetball(Clone)-10054",
    "pickRotation": [
      [
        -0.9650498,
        0.072740674,
        -0.2517691
      ],
      [
        -0.07681349,
        -0.9970251,
        0.00637318753
      ],
      [
        -0.250556529,
        0.0254897084,
        0.967766345
      ]
    ],
    "pickTranslation": [
      0.00589319225,
      -0.094222106,
      0.0199682377
    ],
    "placeRotation": [
      [
        0.8101024,
        0.0786582,
        0.580988
      ],
      [
        -0.0272185523,
        0.9949365,
        -0.09674917
      ],
      [
        -0.5856563,
        0.0625630841,
        0.80814147
      ]
    ],
    "placeTranslation": [
      0.789714456,
      1.35188746,
      -0.6683165
    ]
  },
  {
    "id": "058 golf ball(Clone)-9606",
    "pickRotation": [
      [
        -0.128453866,
        0.359870017,
        -0.924117565
      ],
      [
        -0.8156469,
        -0.568387,
        -0.107965082
      ],
      [
        -0.564109743,
        0.739885032,
        0.366538346
      ]
    ],
    "pickTranslation": [
      -0.0017022579,
      -0.0218420625,
      0.009776721
    ],
    "placeRotation": [
      [
        -0.136476755,
        0.717377245,
        0.68318665
      ],
      [
        -0.295111865,
        0.6288866,
        -0.719312668
      ],
      [
        -0.9456654,
        -0.299785942,
        0.12587814
      ]
    ],
    "placeTranslation": [
      0.8401738,
      0.970323,
      -0.5480761
    ]
  },
  {
    "id": "058 golf ball(Clone)-9582",
    "pickRotation": [
      [
        -0.3093445,
        0.0579122119,
        -0.949184954
      ],
      [
        0.734704733,
        -0.6191588,
        -0.2772207
      ],
      [
        -0.6037507,
        -0.7831274,
        0.148984984
      ]
    ],
    "pickTranslation": [
      0.0195653532,
      -0.0195817519,
      0.0299667027
    ],
    "placeRotation": [
      [
        -0.147041351,
        -0.825864434,
        0.544359148
      ],
      [
        -0.0224249661,
        0.5529831,
        0.8328907
      ],
      [
        -0.988876164,
        0.110262133,
        -0.09983136
      ]
    ],
    "placeTranslation": [
      0.6582448,
      0.9519079,
      -0.7757533
    ]
  }
]