[
  {
    "timeStamp": 23847,
    "rotation": [
      [
        0.997686267,
        0.0006233077,
        0.06798339
      ],
      [
        -0.0678738952,
        -0.0483325049,
        0.9965225
      ],
      [
        0.00390696572,
        -0.9988311,
        -0.0481783673
      ]
    ],
    "translation": [
      1.76630056,
      0.700250864,
      -0.6187349
    ]
  },
  {
    "timeStamp": 23892,
    "rotation": [
      [
        0.994817734,
        0.00599594228,
        0.101497382
      ],
      [
        -0.10071452,
        -0.07872898,
        0.9917955
      ],
      [
        0.0139375627,
        -0.996878,
        -0.0777171
      ]
    ],
    "translation": [
      1.766016,
      0.7154741,
      -0.6154334
    ]
  },
  {
    "timeStamp": 23947,
    "rotation": [
      [
        0.9888725,
        -0.0294955634,
        0.145812184
      ],
      [
        -0.1484505,
        -0.1318955,
        0.9800847
      ],
      [
        -0.009676195,
        -0.9908247,
        -0.134806469
      ]
    ],
    "translation": [
      1.77546048,
      0.744650364,
      -0.6085409
    ]
  },
  {
    "timeStamp": 23992,
    "rotation": [
      [
        0.9795515,
        -0.05093525,
        0.19463937
      ],
      [
        -0.200878531,
        -0.19347696,
        0.96032
      ],
      [
        -0.0112559125,
        -0.979781747,
        -0.19975245
      ]
    ],
    "translation": [
      1.78547907,
      0.7781769,
      -0.6017499
    ]
  },
  {
    "timeStamp": 24052,
    "rotation": [
      [
        0.9642135,
        -0.09403916,
        0.247889012
      ],
      [
        -0.2645441,
        -0.2792841,
        0.923047543
      ],
      [
        -0.0175711326,
        -0.9555925,
        -0.294166982
      ]
    ],
    "translation": [
      1.80915022,
      0.8304441,
      -0.5962332
    ]
  },
  {
    "timeStamp": 24100,
    "rotation": [
      [
        0.9478666,
        -0.135801867,
        0.288282335
      ],
      [
        -0.318347543,
        -0.3630162,
        0.875713468
      ],
      [
        -0.0142723592,
        -0.9218335,
        -0.387323141
      ]
    ],
    "translation": [
      1.84480345,
      0.8847803,
      -0.59599185
    ]
  },
  {
    "timeStamp": 24144,
    "rotation": [
      [
        0.9447003,
        -0.171726,
        0.279377073
      ],
      [
        -0.327075541,
        -0.4317645,
        0.8405956
      ],
      [
        -0.023726996,
        -0.885488331,
        -0.464055419
      ]
    ],
    "translation": [
      1.88607216,
      0.928118,
      -0.5976409
    ]
  },
  {
    "timeStamp": 24200,
    "rotation": [
      [
        0.958858,
        -0.195232555,
        0.206095859
      ],
      [
        -0.2786952,
        -0.509168565,
        0.814295
      ],
      [
        -0.0540393554,
        -0.8382312,
        -0.542630732
      ]
    ],
    "translation": [
      1.94855976,
      0.973385036,
      -0.6036881
    ]
  },
  {
    "timeStamp": 24245,
    "rotation": [
      [
        0.967683554,
        -0.213402644,
        0.134342521
      ],
      [
        -0.232031345,
        -0.544918656,
        0.805745065
      ],
      [
        -0.0987423658,
        -0.8108779,
        -0.5768249
      ]
    ],
    "translation": [
      2.00585771,
      0.999792933,
      -0.6134398
    ]
  },
  {
    "timeStamp": 24300,
    "rotation": [
      [
        0.9732511,
        -0.226826176,
        0.036498934
      ],
      [
        -0.159311667,
        -0.5518439,
        0.8185891
      ],
      [
        -0.165535718,
        -0.80250746,
        -0.573218763
      ]
    ],
    "translation": [
      2.07908535,
      1.01625216,
      -0.6310387
    ]
  },
  {
    "timeStamp": 24344,
    "rotation": [
      [
        0.983391762,
        -0.176685676,
        -0.0415070578
      ],
      [
        -0.0557148,
        -0.511529863,
        0.8574573
      ],
      [
        -0.172732532,
        -0.8409039,
        -0.512878239
      ]
    ],
    "translation": [
      2.1255908,
      1.01183617,
      -0.6482518
    ]
  },
  {
    "timeStamp": 24394,
    "rotation": [
      [
        0.982071,
        -0.166476861,
        -0.08844202
      ],
      [
        0.004377209,
        -0.4488955,
        0.8935735
      ],
      [
        -0.188460529,
        -0.877939761,
        -0.440118581
      ]
    ],
    "translation": [
      2.16892624,
      0.9994539,
      -0.667256
    ]
  },
  {
    "timeStamp": 24442,
    "rotation": [
      [
        0.9809503,
        -0.14899753,
        -0.124644563
      ],
      [
        0.06317133,
        -0.362095058,
        0.929998159
      ],
      [
        -0.183700591,
        -0.920155942,
        -0.3457849
      ]
    ],
    "translation": [
      2.21244478,
      0.977786958,
      -0.6886649
    ]
  },
  {
    "timeStamp": 24497,
    "rotation": [
      [
        0.989311,
        -0.11066968,
        -0.09495284
      ],
      [
        0.0620821379,
        -0.269539267,
        0.960986137
      ],
      [
        -0.131945565,
        -0.9566091,
        -0.25978753
      ]
    ],
    "translation": [
      2.2331686,
      0.9505589,
      -0.700510144
    ]
  },
  {
    "timeStamp": 24542,
    "rotation": [
      [
        0.9791207,
        -0.0255445521,
        -0.201668784
      ],
      [
        0.193420142,
        -0.188154116,
        0.962905347
      ],
      [
        -0.06254178,
        -0.9818073,
        -0.179284737
      ]
    ],
    "translation": [
      2.24703288,
      0.9299608,
      -0.7068341
    ]
  },
  {
    "timeStamp": 24597,
    "rotation": [
      [
        0.9693064,
        0.0265114568,
        -0.244422346
      ],
      [
        0.245598316,
        -0.149915069,
        0.9577092
      ],
      [
        -0.0112523492,
        -0.9883434,
        -0.151824787
      ]
    ],
    "translation": [
      2.25177765,
      0.914930463,
      -0.7014362
    ]
  },
  {
    "timeStamp": 24642,
    "rotation": [
      [
        0.948500335,
        0.0472137742,
        -0.313237935
      ],
      [
        0.316724628,
        -0.123506963,
        0.9404422
      ],
      [
        0.005714756,
        -0.991219938,
        -0.132100165
      ]
    ],
    "translation": [
      2.25944948,
      0.9058779,
      -0.694888532
    ]
  },
  {
    "timeStamp": 24697,
    "rotation": [
      [
        0.910185337,
        0.0774247348,
        -0.406900644
      ],
      [
        0.41259408,
        -0.0830183,
        0.9071241
      ],
      [
        0.03645365,
        -0.9935358,
        -0.10750702
      ]
    ],
    "translation": [
      2.26299119,
      0.896390855,
      -0.685113
    ]
  },
  {
    "timeStamp": 24741,
    "rotation": [
      [
        0.883384764,
        0.09770726,
        -0.45835
      ],
      [
        0.46317333,
        -0.0329601653,
        0.8856546
      ],
      [
        0.0714276,
        -0.994669259,
        -0.0743719041
      ]
    ],
    "translation": [
      2.26673746,
      0.88839525,
      -0.680081546
    ]
  },
  {
    "timeStamp": 24797,
    "rotation": [
      [
        0.841051,
        0.137490347,
        -0.52319175
      ],
      [
        0.528423667,
        -0.00183659163,
        0.8489788
      ],
      [
        0.115765505,
        -0.9905014,
        -0.0741978139
      ]
    ],
    "translation": [
      2.267403,
      0.8816719,
      -0.672704756
    ]
  },
  {
    "timeStamp": 24843,
    "rotation": [
      [
        0.783584058,
        0.164538011,
        -0.599102
      ],
      [
        0.598093033,
        0.0612400323,
        0.7990834
      ],
      [
        0.168168619,
        -0.984467864,
        -0.0504223257
      ]
    ],
    "translation": [
      2.26825285,
      0.8723167,
      -0.6719865
    ]
  },
  {
    "timeStamp": 24900,
    "rotation": [
      [
        0.739833355,
        0.206718132,
        -0.640245438
      ],
      [
        0.6383897,
        0.08470589,
        0.765038252
      ],
      [
        0.212379843,
        -0.9747269,
        -0.06929848
      ]
    ],
    "translation": [
      2.26498461,
      0.866389632,
      -0.666220844
    ]
  },
  {
    "timeStamp": 24945,
    "rotation": [
      [
        0.729758441,
        0.215322047,
        -0.6489136
      ],
      [
        0.641153,
        0.114083059,
        0.7588859
      ],
      [
        0.237434924,
        -0.9698564,
        -0.0548012927
      ]
    ],
    "translation": [
      2.26350021,
      0.8624666,
      -0.664538145
    ]
  },
  {
    "timeStamp": 24991,
    "rotation": [
      [
        0.7159877,
        0.23323372,
        -0.6579998
      ],
      [
        0.6531975,
        0.108805679,
        0.749329269
      ],
      [
        0.246362969,
        -0.9663143,
        -0.07444416
      ]
    ],
    "translation": [
      2.26156378,
      0.862124,
      -0.6585424
    ]
  },
  {
    "timeStamp": 25046,
    "rotation": [
      [
        0.735529065,
        0.21731098,
        -0.6416953
      ],
      [
        0.6370851,
        0.100360572,
        0.764231861
      ],
      [
        0.2304769,
        -0.9709293,
        -0.06462746
      ]
    ],
    "translation": [
      2.260733,
      0.8636211,
      -0.6536805
    ]
  },
  {
    "timeStamp": 25102,
    "rotation": [
      [
        0.7798331,
        0.2023589,
        -0.5923776
      ],
      [
        0.584503055,
        0.103373356,
        0.8047795
      ],
      [
        0.224090368,
        -0.973840237,
        -0.03766543
      ]
    ],
    "translation": [
      2.25703573,
      0.86441046,
      -0.652340233
    ]
  },
  {
    "timeStamp": 25146,
    "rotation": [
      [
        0.8480482,
        0.189844251,
        -0.4947459
      ],
      [
        0.487495124,
        0.08653931,
        0.8688265
      ],
      [
        0.207756683,
        -0.9779929,
        -0.019158639
      ]
    ],
    "translation": [
      2.25361466,
      0.8681562,
      -0.651323
    ]
  },
  {
    "timeStamp": 25202,
    "rotation": [
      [
        0.9393475,
        0.176221848,
        -0.2942315
      ],
      [
        0.2894284,
        0.052961573,
        0.955733359
      ],
      [
        0.184004053,
        -0.9829247,
        -0.00125429069
      ]
    ],
    "translation": [
      2.24151158,
      0.872407854,
      -0.6510776
    ]
  },
  {
    "timeStamp": 25247,
    "rotation": [
      [
        0.96117115,
        0.190973312,
        -0.199196413
      ],
      [
        0.197361022,
        0.0287814159,
        0.9799083
      ],
      [
        0.192869484,
        -0.981173158,
        -0.0100268219
      ]
    ],
    "translation": [
      2.24103141,
      0.877652,
      -0.6500037
    ]
  },
  {
    "timeStamp": 25302,
    "rotation": [
      [
        0.9840867,
        0.165268913,
        -0.06526519
      ],
      [
        0.07270904,
        -0.03939242,
        0.996574938
      ],
      [
        0.162131891,
        -0.985461533,
        -0.0507821
      ]
    ],
    "translation": [
      2.24097681,
      0.8826211,
      -0.6421567
    ]
  },
  {
    "timeStamp": 25346,
    "rotation": [
      [
        0.9839998,
        0.160818353,
        0.07669354
      ],
      [
        -0.0675855353,
        -0.06136831,
        0.995824337
      ],
      [
        0.1648534,
        -0.9850743,
        -0.0495174043
      ]
    ],
    "translation": [
      2.23737812,
      0.883625,
      -0.639678955
    ]
  },
  {
    "timeStamp": 25402,
    "rotation": [
      [
        0.9666059,
        0.15243867,
        0.205998644
      ],
      [
        -0.189940214,
        -0.113462783,
        0.975217342
      ],
      [
        0.17203404,
        -0.9817783,
        -0.08071957
      ]
    ],
    "translation": [
      2.23482251,
      0.8841571,
      -0.6303216
    ]
  },
  {
    "timeStamp": 25446,
    "rotation": [
      [
        0.938900054,
        0.149641678,
        0.309958249
      ],
      [
        -0.294242948,
        -0.1182529,
        0.9483867
      ],
      [
        0.178571627,
        -0.9816433,
        -0.06699666
      ]
    ],
    "translation": [
      2.23210526,
      0.881393731,
      -0.626725
    ]
  },
  {
    "timeStamp": 25502,
    "rotation": [
      [
        0.8968255,
        0.143079251,
        0.4186077
      ],
      [
        -0.40088442,
        -0.137295336,
        0.905782342
      ],
      [
        0.187071562,
        -0.980142,
        -0.06577171
      ]
    ],
    "translation": [
      2.22776175,
      0.8789586,
      -0.620430946
    ]
  },
  {
    "timeStamp": 25546,
    "rotation": [
      [
        0.8714905,
        0.1461887,
        0.468116552
      ],
      [
        -0.4522049,
        -0.1298333,
        0.882413745
      ],
      [
        0.189776033,
        -0.9806998,
        -0.0470412336
      ]
    ],
    "translation": [
      2.22877026,
      0.87297,
      -0.6175927
    ]
  },
  {
    "timeStamp": 25602,
    "rotation": [
      [
        0.8391118,
        0.146318063,
        0.5239106
      ],
      [
        -0.51185596,
        -0.113590553,
        0.8515284
      ],
      [
        0.184105292,
        -0.9826943,
        -0.0204214025
      ]
    ],
    "translation": [
      2.22695136,
      0.865709066,
      -0.616256952
    ]
  },
  {
    "timeStamp": 25646,
    "rotation": [
      [
        0.7982538,
        0.144254729,
        0.584791839
      ],
      [
        -0.571867764,
        -0.123298295,
        0.811027
      ],
      [
        0.189098328,
        -0.981829,
        -0.0159286968
      ]
    ],
    "translation": [
      2.22606015,
      0.8651571,
      -0.6139921
    ]
  },
  {
    "timeStamp": 25702,
    "rotation": [
      [
        0.785601,
        0.145418614,
        0.601402044
      ],
      [
        -0.5924838,
        -0.103307195,
        0.7989309
      ],
      [
        0.178308591,
        -0.98396194,
        0.00499993842
      ]
    ],
    "translation": [
      2.22829676,
      0.859239161,
      -0.613895357
    ]
  },
  {
    "timeStamp": 25746,
    "rotation": [
      [
        0.802618742,
        0.165483937,
        0.573077857
      ],
      [
        -0.564329445,
        -0.100554787,
        0.8194028
      ],
      [
        0.19322373,
        -0.981072843,
        0.0126803014
      ]
    ],
    "translation": [
      2.23098922,
      0.8524428,
      -0.613829136
    ]
  },
  {
    "timeStamp": 25802,
    "rotation": [
      [
        0.803085744,
        0.159655869,
        0.574075937
      ],
      [
        -0.567207158,
        -0.0903506353,
        0.8186042
      ],
      [
        0.1825631,
        -0.983029366,
        0.0179986432
      ]
    ],
    "translation": [
      2.23392367,
      0.8470388,
      -0.612807035
    ]
  },
  {
    "timeStamp": 25846,
    "rotation": [
      [
        0.8123072,
        0.172443658,
        0.557153642
      ],
      [
        -0.550206244,
        -0.09031215,
        0.8301306
      ],
      [
        0.1934685,
        -0.9808705,
        0.021518372
      ]
    ],
    "translation": [
      2.235922,
      0.8428302,
      -0.6125081
    ]
  },
  {
    "timeStamp": 25901,
    "rotation": [
      [
        0.826514959,
        0.178042039,
        0.5340169
      ],
      [
        -0.5271802,
        -0.08779803,
        0.8452056
      ],
      [
        0.197367758,
        -0.9800982,
        0.02129386
      ]
    ],
    "translation": [
      2.2387135,
      0.837077737,
      -0.6110347
    ]
  },
  {
    "timeStamp": 25946,
    "rotation": [
      [
        0.848338842,
        0.186197,
        0.4956328
      ],
      [
        -0.48677814,
        -0.09391057,
        0.8684629
      ],
      [
        0.208250344,
        -0.978014,
        0.0109686516
      ]
    ],
    "translation": [
      2.240712,
      0.8332006,
      -0.6088087
    ]
  },
  {
    "timeStamp": 26001,
    "rotation": [
      [
        0.846971631,
        0.205616638,
        0.490266055
      ],
      [
        -0.4842926,
        -0.08202379,
        0.8710527
      ],
      [
        0.219316408,
        -0.975189149,
        0.0301067885
      ]
    ],
    "translation": [
      2.2384305,
      0.8303516,
      -0.609268069
    ]
  },
  {
    "timeStamp": 26046,
    "rotation": [
      [
        0.8325656,
        0.190851942,
        0.5200097
      ],
      [
        -0.512990952,
        -0.0885226056,
        0.853817344
      ],
      [
        0.2089853,
        -0.977619231,
        0.02420444
      ]
    ],
    "translation": [
      2.23563623,
      0.8317448,
      -0.6072314
    ]
  },
  {
    "timeStamp": 26102,
    "rotation": [
      [
        0.823767066,
        0.204965591,
        0.5285801
      ],
      [
        -0.5234679,
        -0.0830176845,
        0.8479914
      ],
      [
        0.217690557,
        -0.975242138,
        0.03890567
      ]
    ],
    "translation": [
      2.232841,
      0.829223335,
      -0.607349634
    ]
  },
  {
    "timeStamp": 26146,
    "rotation": [
      [
        0.827050567,
        0.216228515,
        0.518876255
      ],
      [
        -0.514852941,
        -0.07914083,
        0.853617668
      ],
      [
        0.225640789,
        -0.97313,
        0.04587242
      ]
    ],
    "translation": [
      2.23321366,
      0.8257705,
      -0.606709659
    ]
  },
  {
    "timeStamp": 26202,
    "rotation": [
      [
        0.8132192,
        0.205130339,
        0.544606447
      ],
      [
        -0.5410994,
        -0.07794013,
        0.8373391
      ],
      [
        0.214210346,
        -0.975626469,
        0.0476134941
      ]
    ],
    "translation": [
      2.232924,
      0.825790048,
      -0.6052001
    ]
  },
  {
    "timeStamp": 26245,
    "rotation": [
      [
        0.8013893,
        0.198776647,
        0.5641481
      ],
      [
        -0.5592871,
        -0.08537547,
        0.824565947
      ],
      [
        0.212068871,
        -0.976319,
        0.04275423
      ]
    ],
    "translation": [
      2.233254,
      0.826726735,
      -0.603272438
    ]
  },
  {
    "timeStamp": 26300,
    "rotation": [
      [
        0.7720811,
        0.202610031,
        0.602362037
      ],
      [
        -0.5965346,
        -0.09583147,
        0.7968455
      ],
      [
        0.219174147,
        -0.9745592,
        0.0468742363
      ]
    ],
    "translation": [
      2.23085356,
      0.819356,
      -0.6115779
    ]
  },
  {
    "timeStamp": 26344,
    "rotation": [
      [
        0.7146645,
        0.192362592,
        0.672496259
      ],
      [
        -0.6653596,
        -0.1096073,
        0.7384327
      ],
      [
        0.215757325,
        -0.9751835,
        0.049657844
      ]
    ],
    "translation": [
      2.228627,
      0.823328257,
      -0.612008035
    ]
  },
  {
    "timeStamp": 26400,
    "rotation": [
      [
        0.6257675,
        0.17206952,
        0.760793746
      ],
      [
        -0.75064373,
        -0.132263869,
        0.6473332
      ],
      [
        0.212011829,
        -0.9761651,
        0.04639648
      ]
    ],
    "translation": [
      2.22775912,
      0.829924345,
      -0.610824347
    ]
  },
  {
    "timeStamp": 26444,
    "rotation": [
      [
        0.530317545,
        0.15103738,
        0.8342368
      ],
      [
        -0.819416642,
        -0.161163881,
        0.550075
      ],
      [
        0.217530727,
        -0.9753019,
        0.0382945165
      ]
    ],
    "translation": [
      2.22728848,
      0.8389705,
      -0.6101034
    ]
  },
  {
    "timeStamp": 26500,
    "rotation": [
      [
        0.510085464,
        0.106420591,
        0.8535148
      ],
      [
        -0.8366119,
        -0.169044212,
        0.521061063
      ],
      [
        0.199733347,
        -0.979846239,
        0.00280574523
      ]
    ],
    "translation": [
      2.23457313,
      0.8367286,
      -0.605660141
    ]
  },
  {
    "timeStamp": 26544,
    "rotation": [
      [
        0.479246646,
        0.104580618,
        0.8714273
      ],
      [
        -0.8536923,
        -0.174997926,
        0.490494817
      ],
      [
        0.203794211,
        -0.9789988,
        0.005412503
      ]
    ],
    "translation": [
      2.23613429,
      0.8368703,
      -0.606917441
    ]
  },
  {
    "timeStamp": 26600,
    "rotation": [
      [
        0.409594178,
        0.0536032654,
        0.9106917
      ],
      [
        -0.890542567,
        -0.193069369,
        0.4118959
      ],
      [
        0.19790563,
        -0.9797198,
        -0.0313440971
      ]
    ],
    "translation": [
      2.23869872,
      0.845760345,
      -0.605337858
    ]
  },
  {
    "timeStamp": 26645,
    "rotation": [
      [
        0.343122333,
        0.03257545,
        0.9387257
      ],
      [
        -0.917782545,
        -0.201017678,
        0.34244287
      ],
      [
        0.199855685,
        -0.979045868,
        -0.0390764736
      ]
    ],
    "translation": [
      2.239595,
      0.852123559,
      -0.6055876
    ]
  },
  {
    "timeStamp": 26702,
    "rotation": [
      [
        0.2885935,
        0.0126280943,
        0.957368433
      ],
      [
        -0.9366817,
        -0.203418866,
        0.285040766
      ],
      [
        0.198346317,
        -0.979010344,
        -0.0468768552
      ]
    ],
    "translation": [
      2.24036813,
      0.8534007,
      -0.6060961
    ]
  },
  {
    "timeStamp": 26746,
    "rotation": [
      [
        0.2420634,
        -0.010796437,
        0.9702004
      ],
      [
        -0.9509417,
        -0.201185733,
        0.23501958
      ],
      [
        0.19265309,
        -0.9794936,
        -0.0589664839
      ]
    ],
    "translation": [
      2.24210668,
      0.8517658,
      -0.6055249
    ]
  },
  {
    "timeStamp": 26801,
    "rotation": [
      [
        0.184931129,
        -0.0404620431,
        0.9819182
      ],
      [
        -0.963578641,
        -0.20386453,
        0.173076451
      ],
      [
        0.193175271,
        -0.978162646,
        -0.07668926
      ]
    ],
    "translation": [
      2.24515152,
      0.852152944,
      -0.603916645
    ]
  },
  {
    "timeStamp": 26846,
    "rotation": [
      [
        0.128527984,
        -0.06403642,
        0.989636242
      ],
      [
        -0.97412,
        -0.195247933,
        0.113878921
      ],
      [
        0.185932025,
        -0.9786611,
        -0.08747398
      ]
    ],
    "translation": [
      2.24808812,
      0.850174844,
      -0.602591038
    ]
  },
  {
    "timeStamp": 26902,
    "rotation": [
      [
        0.1252413,
        -0.06999684,
        0.989654
      ],
      [
        -0.974189758,
        -0.197495714,
        0.109315671
      ],
      [
        0.187800661,
        -0.977801561,
        -0.09292482
      ]
    ],
    "translation": [
      2.2487905,
      0.8484989,
      -0.602311432
    ]
  },
  {
    "timeStamp": 26946,
    "rotation": [
      [
        0.124390818,
        -0.0686558038,
        0.9898552
      ],
      [
        -0.9742773,
        -0.1973795,
        0.108743079
      ],
      [
        0.187911287,
        -0.9779201,
        -0.09144199
      ]
    ],
    "translation": [
      2.24879122,
      0.8475817,
      -0.6022322
    ]
  },
  {
    "timeStamp": 27002,
    "rotation": [
      [
        0.167787775,
        -0.0699094459,
        0.9833412
      ],
      [
        -0.9714914,
        -0.181192949,
        0.152884156
      ],
      [
        0.167486444,
        -0.980959654,
        -0.09831838
      ]
    ],
    "translation": [
      2.24718475,
      0.823184133,
      -0.5983301
    ]
  },
  {
    "timeStamp": 27046,
    "rotation": [
      [
        0.132033542,
        -0.0409345068,
        0.9903997
      ],
      [
        -0.9775005,
        -0.171187237,
        0.123238519
      ],
      [
        0.164499074,
        -0.9843878,
        -0.06261596
      ]
    ],
    "translation": [
      2.24089,
      0.8226986,
      -0.6030599
    ]
  },
  {
    "timeStamp": 27102,
    "rotation": [
      [
        0.150917038,
        -0.039522022,
        0.987756133
      ],
      [
        -0.9747566,
        -0.172263592,
        0.142038271
      ],
      [
        0.164540768,
        -0.9842577,
        -0.0645218641
      ]
    ],
    "translation": [
      2.24089956,
      0.8161406,
      -0.6028763
    ]
  },
  {
    "timeStamp": 27145,
    "rotation": [
      [
        0.16297625,
        -0.0345427766,
        0.986025155
      ],
      [
        -0.9722784,
        -0.1754615,
        0.154557273
      ],
      [
        0.167670622,
        -0.9838801,
        -0.062181253
      ]
    ],
    "translation": [
      2.24053574,
      0.813174546,
      -0.6026982
    ]
  },
  {
    "timeStamp": 27202,
    "rotation": [
      [
        0.157298565,
        -0.0399955548,
        0.9867409
      ],
      [
        -0.9730616,
        -0.17680949,
        0.1479513
      ],
      [
        0.16854775,
        -0.9834322,
        -0.066730015
      ]
    ],
    "translation": [
      2.240736,
      0.8129272,
      -0.602337241
    ]
  },
  {
    "timeStamp": 27246,
    "rotation": [
      [
        0.151940823,
        -0.04700681,
        0.9872712
      ],
      [
        -0.9737002,
        -0.17868872,
        0.141344383
      ],
      [
        0.169770077,
        -0.9827821,
        -0.07292065
      ]
    ],
    "translation": [
      2.24177551,
      0.815050364,
      -0.6005986
    ]
  },
  {
    "timeStamp": 27302,
    "rotation": [
      [
        0.14362739,
        -0.0513084158,
        0.98830086
      ],
      [
        -0.9737887,
        -0.18530643,
        0.131898046
      ],
      [
        0.176371038,
        -0.9813404,
        -0.07657864
      ]
    ],
    "translation": [
      2.242202,
      0.8188881,
      -0.600662053
    ]
  },
  {
    "timeStamp": 27346,
    "rotation": [
      [
        0.1423827,
        -0.04668146,
        0.9887102
      ],
      [
        -0.973615468,
        -0.186565921,
        0.1314003
      ],
      [
        0.178325683,
        -0.9813328,
        -0.07201355
      ]
    ],
    "translation": [
      2.24170446,
      0.8205935,
      -0.600631833
    ]
  },
  {
    "timeStamp": 27401,
    "rotation": [
      [
        0.180852965,
        -0.0408186838,
        0.9826627
      ],
      [
        -0.968823433,
        -0.1794164,
        0.1708532
      ],
      [
        0.169331819,
        -0.982926,
        -0.07199409
      ]
    ],
    "translation": [
      2.241179,
      0.816115737,
      -0.601125
    ]
  }
]