[
  {
    "timeStamp": 54088,
    "rotation": [
      [
        -0.04609146,
        0.9979959,
        -0.0433555841
      ],
      [
        0.001553409,
        0.0434732661,
        0.999053359
      ],
      [
        0.998936057,
        0.04598048,
        -0.003554042
      ]
    ],
    "translation": [
      1.14854324,
      0.699119151,
      -0.494695842
    ]
  },
  {
    "timeStamp": 54133,
    "rotation": [
      [
        -0.07097073,
        0.997132242,
        0.0262749474
      ],
      [
        -0.0541713871,
        -0.03015546,
        0.9980762
      ],
      [
        0.9960063,
        0.0694108456,
        0.0561561957
      ]
    ],
    "translation": [
      1.139833,
      0.709961534,
      -0.5110237
    ]
  },
  {
    "timeStamp": 54188,
    "rotation": [
      [
        -0.0982148,
        0.981821537,
        0.162419885
      ],
      [
        -0.027984228,
        -0.1658692,
        0.9857506
      ],
      [
        0.994771659,
        0.0922701,
        0.04376633
      ]
    ],
    "translation": [
      1.13119316,
      0.7501931,
      -0.527719
    ]
  },
  {
    "timeStamp": 54233,
    "rotation": [
      [
        -0.129729778,
        0.9602349,
        0.2472227
      ],
      [
        -0.0114486329,
        -0.250763655,
        0.9679806
      ],
      [
        0.9914833,
        0.122745551,
        0.04352489
      ]
    ],
    "translation": [
      1.13363,
      0.785976768,
      -0.5503704
    ]
  },
  {
    "timeStamp": 54288,
    "rotation": [
      [
        -0.19822143,
        0.9384498,
        0.282878369
      ],
      [
        -0.0295332242,
        -0.294192523,
        0.9552898
      ],
      [
        0.9797122,
        0.1810046,
        0.0860307142
      ]
    ],
    "translation": [
      1.1502502,
      0.8170567,
      -0.592231631
    ]
  },
  {
    "timeStamp": 54333,
    "rotation": [
      [
        -0.253605217,
        0.924845755,
        0.283451378
      ],
      [
        -0.0444630831,
        -0.303866953,
        0.951676369
      ],
      [
        0.966285348,
        0.228746966,
        0.118183739
      ]
    ],
    "translation": [
      1.17381239,
      0.830933869,
      -0.628091753
    ]
  },
  {
    "timeStamp": 54388,
    "rotation": [
      [
        -0.306038,
        0.916454852,
        0.257781446
      ],
      [
        -0.1064532,
        -0.3020175,
        0.94734
      ],
      [
        0.9460489,
        0.262480348,
        0.18998839
      ]
    ],
    "translation": [
      1.21482921,
      0.838808656,
      -0.6740125
    ]
  },
  {
    "timeStamp": 54433,
    "rotation": [
      [
        -0.313028723,
        0.921771169,
        0.2288034
      ],
      [
        -0.126369849,
        -0.279192477,
        0.9518835
      ],
      [
        0.941298962,
        0.269053,
        0.203879341
      ]
    ],
    "translation": [
      1.2556119,
      0.8377438,
      -0.703485966
    ]
  },
  {
    "timeStamp": 54488,
    "rotation": [
      [
        -0.2640277,
        0.9404527,
        0.21409817
      ],
      [
        -0.168236062,
        -0.2634764,
        0.9498825
      ],
      [
        0.9497294,
        0.214776248,
        0.227783129
      ]
    ],
    "translation": [
      1.31146812,
      0.8359462,
      -0.72789824
    ]
  },
  {
    "timeStamp": 54533,
    "rotation": [
      [
        -0.192177683,
        0.9591238,
        0.207724035
      ],
      [
        -0.203411251,
        -0.246003672,
        0.9476846
      ],
      [
        0.9600477,
        0.13987042,
        0.242372975
      ]
    ],
    "translation": [
      1.36197031,
      0.832511246,
      -0.7413417
    ]
  },
  {
    "timeStamp": 54588,
    "rotation": [
      [
        -0.05996072,
        0.976776838,
        0.205698192
      ],
      [
        -0.234066218,
        -0.214081869,
        0.9483575
      ],
      [
        0.970369935,
        0.008717216,
        0.241466969
      ]
    ],
    "translation": [
      1.42662871,
      0.82951,
      -0.7467815
    ]
  },
  {
    "timeStamp": 54633,
    "rotation": [
      [
        0.07784788,
        0.971090436,
        0.2256613
      ],
      [
        -0.2326263,
        -0.202407062,
        0.951270938
      ],
      [
        0.9694456,
        -0.126549169,
        0.210144222
      ]
    ],
    "translation": [
      1.48194468,
      0.8339654,
      -0.7425014
    ]
  },
  {
    "timeStamp": 54688,
    "rotation": [
      [
        0.260564536,
        0.9315795,
        0.2535071
      ],
      [
        -0.20863238,
        -0.20204176,
        0.9568969
      ],
      [
        0.942644536,
        -0.302223176,
        0.141712725
      ]
    ],
    "translation": [
      1.553246,
      0.84531343,
      -0.7301555
    ]
  },
  {
    "timeStamp": 54733,
    "rotation": [
      [
        0.412124127,
        0.876649737,
        0.248271763
      ],
      [
        -0.153186113,
        -0.201941967,
        0.9673435
      ],
      [
        0.898157954,
        -0.436697364,
        0.05106541
      ]
    ],
    "translation": [
      1.61680281,
      0.8589097,
      -0.7174791
    ]
  },
  {
    "timeStamp": 54788,
    "rotation": [
      [
        0.600919,
        0.764941633,
        0.231863379
      ],
      [
        -0.0820719,
        -0.229497835,
        0.969842732
      ],
      [
        0.795085251,
        -0.6018264,
        -0.0751294
      ]
    ],
    "translation": [
      1.70380235,
      0.8821057,
      -0.701232135
    ]
  },
  {
    "timeStamp": 54833,
    "rotation": [
      [
        0.714899,
        0.6741684,
        0.185516685
      ],
      [
        -0.0125123933,
        -0.2529397,
        0.967401147
      ],
      [
        0.6991158,
        -0.693915367,
        -0.172390878
      ]
    ],
    "translation": [
      1.77273345,
      0.9022901,
      -0.692801535
    ]
  },
  {
    "timeStamp": 54888,
    "rotation": [
      [
        0.8386857,
        0.538636565,
        0.08047987
      ],
      [
        0.0876448154,
        -0.279335141,
        0.9561853
      ],
      [
        0.5375172,
        -0.7948853,
        -0.281483084
      ]
    ],
    "translation": [
      1.866936,
      0.9268463,
      -0.6894202
    ]
  },
  {
    "timeStamp": 54933,
    "rotation": [
      [
        0.9017247,
        0.4322927,
        0.00395914353
      ],
      [
        0.136746317,
        -0.293904781,
        0.946002364
      ],
      [
        0.4101135,
        -0.8524923,
        -0.324135631
      ]
    ],
    "translation": [
      1.93489277,
      0.9401447,
      -0.694226
    ]
  },
  {
    "timeStamp": 54988,
    "rotation": [
      [
        0.942982435,
        0.314036578,
        -0.110296
      ],
      [
        0.20223698,
        -0.277396649,
        0.9392291
      ],
      [
        0.264356524,
        -0.907982469,
        -0.32509
      ]
    ],
    "translation": [
      2.014965,
      0.9459051,
      -0.7088013
    ]
  },
  {
    "timeStamp": 55042,
    "rotation": [
      [
        0.9577693,
        0.2487066,
        -0.14430204
      ],
      [
        0.2030348,
        -0.229601666,
        0.9518718
      ],
      [
        0.2036048,
        -0.9409719,
        -0.2704015
      ]
    ],
    "translation": [
      2.063166,
      0.933902144,
      -0.7241992
    ]
  },
  {
    "timeStamp": 55085,
    "rotation": [
      [
        0.969778,
        0.198551446,
        -0.141802
      ],
      [
        0.174894556,
        -0.160456985,
        0.97142446
      ],
      [
        0.17012462,
        -0.9668665,
        -0.190333232
      ]
    ],
    "translation": [
      2.09625983,
      0.9130631,
      -0.7384261
    ]
  },
  {
    "timeStamp": 55138,
    "rotation": [
      [
        0.975464463,
        0.1998339,
        -0.09238754
      ],
      [
        0.104894474,
        -0.05290939,
        0.9930749
      ],
      [
        0.193561867,
        -0.97840023,
        -0.07257271
      ]
    ],
    "translation": [
      2.12101078,
      0.876715541,
      -0.753536165
    ]
  },
  {
    "timeStamp": 55183,
    "rotation": [
      [
        0.9677918,
        0.2505719,
        -0.0243458785
      ],
      [
        0.028244067,
        -0.0119724367,
        0.999529362
      ],
      [
        0.2501625,
        -0.968023956,
        -0.0186639968
      ]
    ],
    "translation": [
      2.11727452,
      0.855148554,
      -0.7571658
    ]
  },
  {
    "timeStamp": 55239,
    "rotation": [
      [
        0.965132236,
        0.256476223,
        0.05234335
      ],
      [
        -0.05186708,
        -0.008625986,
        0.998616755
      ],
      [
        0.256572962,
        -0.9665121,
        0.00497745629
      ]
    ],
    "translation": [
      2.110465,
      0.8393022,
      -0.758139968
    ]
  },
  {
    "timeStamp": 55283,
    "rotation": [
      [
        0.9475513,
        0.317774475,
        0.03414573
      ],
      [
        -0.050337337,
        0.04288013,
        0.9978113
      ],
      [
        0.3156148,
        -0.947196245,
        0.0566270426
      ]
    ],
    "translation": [
      2.1038506,
      0.825147331,
      -0.759248
    ]
  },
  {
    "timeStamp": 55338,
    "rotation": [
      [
        0.9428658,
        0.333165139,
        0.00225322135
      ],
      [
        -0.0287389886,
        0.07459063,
        0.9968
      ],
      [
        0.331930935,
        -0.9399134,
        0.07990378
      ]
    ],
    "translation": [
      2.1030426,
      0.8131966,
      -0.757247448
    ]
  }
]