[
  {
    "timeStamp": 29623,
    "rotation": [
      [
        0.9998417,
        -0.01367085,
        -0.0113912206
      ],
      [
        0.0112570757,
        -0.009849625,
        0.9998881
      ],
      [
        -0.0137815224,
        -0.999858,
        -0.009694171
      ]
    ],
    "translation": [
      1.48008311,
      0.7023308,
      -0.622100651
    ]
  },
  {
    "timeStamp": 29678,
    "rotation": [
      [
        0.9997512,
        -0.01195777,
        -0.018830644
      ],
      [
        0.0186621454,
        -0.0140496939,
        0.99972713
      ],
      [
        -0.01221907,
        -0.9998298,
        -0.0138230408
      ]
    ],
    "translation": [
      1.48003912,
      0.702948,
      -0.622320533
    ]
  },
  {
    "timeStamp": 29722,
    "rotation": [
      [
        0.999599457,
        0.0104761077,
        -0.02629114
      ],
      [
        0.0267381519,
        -0.0450990163,
        0.9986246
      ],
      [
        0.00927599,
        -0.9989276,
        -0.0453610644
      ]
    ],
    "translation": [
      1.48064029,
      0.708244562,
      -0.6231837
    ]
  },
  {
    "timeStamp": 29778,
    "rotation": [
      [
        0.999534547,
        0.0121946288,
        0.0279638637
      ],
      [
        -0.027023321,
        -0.07145728,
        0.9970775
      ],
      [
        0.0141572142,
        -0.9973691,
        -0.07109448
      ]
    ],
    "translation": [
      1.47382927,
      0.731427252,
      -0.62267
    ]
  },
  {
    "timeStamp": 29822,
    "rotation": [
      [
        0.9952436,
        0.007246932,
        0.09714735
      ],
      [
        -0.09599849,
        -0.0966173261,
        0.9906813
      ],
      [
        0.016565498,
        -0.9952952,
        -0.0954620838
      ]
    ],
    "translation": [
      1.46684468,
      0.7602983,
      -0.623419642
    ]
  },
  {
    "timeStamp": 29878,
    "rotation": [
      [
        0.985942364,
        0.03917905,
        0.162427038
      ],
      [
        -0.15726158,
        -0.110822149,
        0.9813191
      ],
      [
        0.0564476736,
        -0.9930677,
        -0.103102893
      ]
    ],
    "translation": [
      1.46601415,
      0.7904411,
      -0.6374533
    ]
  },
  {
    "timeStamp": 29922,
    "rotation": [
      [
        0.970909,
        0.1027343,
        0.216290191
      ],
      [
        -0.211178347,
        -0.0583999,
        0.9757014
      ],
      [
        0.112869307,
        -0.992993,
        -0.0350057334
      ]
    ],
    "translation": [
      1.46620452,
      0.8091295,
      -0.667270243
    ]
  },
  {
    "timeStamp": 29977,
    "rotation": [
      [
        0.9503622,
        0.210483864,
        0.229146481
      ],
      [
        -0.235499963,
        0.00528291473,
        0.97186
      ],
      [
        0.203350276,
        -0.977583051,
        0.0545896254
      ]
    ],
    "translation": [
      1.47736049,
      0.822502136,
      -0.7110078
    ]
  },
  {
    "timeStamp": 30022,
    "rotation": [
      [
        0.938133657,
        0.263508737,
        0.22465165
      ],
      [
        -0.235966235,
        0.0116726207,
        0.971691132
      ],
      [
        0.25342682,
        -0.9645864,
        0.07312963
      ]
    ],
    "translation": [
      1.49526787,
      0.832995236,
      -0.739293635
    ]
  },
  {
    "timeStamp": 30077,
    "rotation": [
      [
        0.931532,
        0.2636089,
        0.250516623
      ],
      [
        -0.266923547,
        0.0277713053,
        0.9633175
      ],
      [
        0.246981889,
        -0.9642298,
        0.09623327
      ]
    ],
    "translation": [
      1.5218699,
      0.849928856,
      -0.763355732
    ]
  },
  {
    "timeStamp": 30122,
    "rotation": [
      [
        0.9381271,
        0.211963326,
        0.2738414
      ],
      [
        -0.286246777,
        0.0296207331,
        0.957698
      ],
      [
        0.194885463,
        -0.9768286,
        0.08846183
      ]
    ],
    "translation": [
      1.54580319,
      0.8641597,
      -0.766821861
    ]
  },
  {
    "timeStamp": 30178,
    "rotation": [
      [
        0.943941,
        0.1142505,
        0.309713185
      ],
      [
        -0.313468218,
        0.0160550456,
        0.94946295
      ],
      [
        0.103504159,
        -0.993322253,
        0.05096892
      ]
    ],
    "translation": [
      1.58474553,
      0.8827735,
      -0.763311
    ]
  },
  {
    "timeStamp": 30223,
    "rotation": [
      [
        0.939038754,
        0.010202622,
        0.343659878
      ],
      [
        -0.343728364,
        0.005905171,
        0.939050555
      ],
      [
        0.00755140744,
        -0.999930561,
        0.00905211549
      ]
    ],
    "translation": [
      1.61736035,
      0.899069667,
      -0.751017
    ]
  },
  {
    "timeStamp": 30278,
    "rotation": [
      [
        0.9175844,
        -0.144745424,
        0.370253354
      ],
      [
        -0.3767681,
        -0.0195110943,
        0.9261021
      ],
      [
        -0.12682499,
        -0.9892765,
        -0.07243854
      ]
    ],
    "translation": [
      1.67183721,
      0.9207656,
      -0.7340626
    ]
  },
  {
    "timeStamp": 30322,
    "rotation": [
      [
        0.8926919,
        -0.2637485,
        0.365428329
      ],
      [
        -0.391509324,
        -0.0522548743,
        0.9186892
      ],
      [
        -0.223207489,
        -0.963175058,
        -0.1499075
      ]
    ],
    "translation": [
      1.72119951,
      0.938493133,
      -0.7165807
    ]
  },
  {
    "timeStamp": 30377,
    "rotation": [
      [
        0.853079736,
        -0.40994212,
        0.322803944
      ],
      [
        -0.396335959,
        -0.106714763,
        0.9118825
      ],
      [
        -0.3393711,
        -0.9058474,
        -0.253510982
      ]
    ],
    "translation": [
      1.79205382,
      0.9578512,
      -0.7031524
    ]
  },
  {
    "timeStamp": 30424,
    "rotation": [
      [
        0.800868,
        -0.5339573,
        0.271109045
      ],
      [
        -0.395087272,
        -0.130913168,
        0.9092677
      ],
      [
        -0.450018376,
        -0.835315168,
        -0.3158039
      ]
    ],
    "translation": [
      1.85438371,
      0.9689347,
      -0.693249345
    ]
  },
  {
    "timeStamp": 30476,
    "rotation": [
      [
        0.7316344,
        -0.65131104,
        0.201258719
      ],
      [
        -0.387233645,
        -0.154099643,
        0.9090123
      ],
      [
        -0.5610359,
        -0.742998838,
        -0.364954144
      ]
    ],
    "translation": [
      1.93324816,
      0.9798188,
      -0.690702558
    ]
  },
  {
    "timeStamp": 30531,
    "rotation": [
      [
        0.7527619,
        -0.6505951,
        0.100377522
      ],
      [
        -0.2901854,
        -0.1910813,
        0.9376995
      ],
      [
        -0.5908824,
        -0.7349925,
        -0.332631916
      ]
    ],
    "translation": [
      1.995268,
      0.9741857,
      -0.7043623
    ]
  },
  {
    "timeStamp": 30576,
    "rotation": [
      [
        0.7884439,
        -0.6148393,
        0.018130295
      ],
      [
        -0.175384477,
        -0.196458712,
        0.96469903
      ],
      [
        -0.5895731,
        -0.763790846,
        -0.262729943
      ]
    ],
    "translation": [
      2.03837633,
      0.9586724,
      -0.7214806
    ]
  },
  {
    "timeStamp": 30624,
    "rotation": [
      [
        0.81322515,
        -0.5808415,
        -0.0358896554
      ],
      [
        -0.0858491,
        -0.18073526,
        0.9797779
      ],
      [
        -0.575582147,
        -0.7936989,
        -0.196843162
      ]
    ],
    "translation": [
      2.070917,
      0.9429647,
      -0.73867327
    ]
  },
  {
    "timeStamp": 30672,
    "rotation": [
      [
        0.827323139,
        -0.5452695,
        -0.1349728
      ],
      [
        0.04023382,
        -0.182143763,
        0.9824484
      ],
      [
        -0.5602836,
        -0.8182328,
        -0.128753468
      ]
    ],
    "translation": [
      2.1164484,
      0.9222368,
      -0.756801248
    ]
  },
  {
    "timeStamp": 30727,
    "rotation": [
      [
        0.8163654,
        -0.5582901,
        -0.147850141
      ],
      [
        0.0806066543,
        -0.143352836,
        0.986383557
      ],
      [
        -0.5718829,
        -0.817167163,
        -0.0720264
      ]
    ],
    "translation": [
      2.14595747,
      0.9040875,
      -0.7654672
    ]
  },
  {
    "timeStamp": 30772,
    "rotation": [
      [
        0.799800336,
        -0.5751975,
        -0.171660021
      ],
      [
        0.0983505249,
        -0.156538069,
        0.982762933
      ],
      [
        -0.592154145,
        -0.802897036,
        -0.06862824
      ]
    ],
    "translation": [
      2.16889071,
      0.8922449,
      -0.7651806
    ]
  },
  {
    "timeStamp": 30827,
    "rotation": [
      [
        0.791420043,
        -0.555606663,
        -0.254863679
      ],
      [
        0.172198623,
        -0.1974096,
        0.9650788
      ],
      [
        -0.5865168,
        -0.8076699,
        -0.0605592057
      ]
    ],
    "translation": [
      2.18914962,
      0.8753559,
      -0.762848556
    ]
  },
  {
    "timeStamp": 30872,
    "rotation": [
      [
        0.811891735,
        -0.418625265,
        -0.406920969
      ],
      [
        0.331214666,
        -0.243691921,
        0.91154325
      ],
      [
        -0.480758369,
        -0.8748526,
        -0.0591966324
      ]
    ],
    "translation": [
      2.207124,
      0.856933355,
      -0.768671036
    ]
  },
  {
    "timeStamp": 30927,
    "rotation": [
      [
        0.8277047,
        -0.3267872,
        -0.456196219
      ],
      [
        0.385422468,
        -0.2598132,
        0.8854076
      ],
      [
        -0.407865673,
        -0.9086844,
        -0.08909749
      ]
    ],
    "translation": [
      2.20427227,
      0.8496439,
      -0.7656567
    ]
  },
  {
    "timeStamp": 30972,
    "rotation": [
      [
        0.8397311,
        -0.247243211,
        -0.483448565
      ],
      [
        0.418501318,
        -0.272609979,
        0.866337359
      ],
      [
        -0.345988929,
        -0.9298143,
        -0.125447467
      ]
    ],
    "translation": [
      2.20450115,
      0.852486134,
      -0.7641714
    ]
  },
  {
    "timeStamp": 31028,
    "rotation": [
      [
        0.9036792,
        -0.2920292,
        -0.313181937
      ],
      [
        0.234927416,
        -0.273366719,
        0.9327807
      ],
      [
        -0.3580127,
        -0.916509449,
        -0.17843014
      ]
    ],
    "translation": [
      2.18252039,
      0.876792669,
      -0.756750166
    ]
  },
  {
    "timeStamp": 31074,
    "rotation": [
      [
        0.9096716,
        -0.364124566,
        -0.199777141
      ],
      [
        0.107634157,
        -0.25789538,
        0.960158765
      ],
      [
        -0.401139,
        -0.894932,
        -0.195407853
      ]
    ],
    "translation": [
      2.17922115,
      0.8970267,
      -0.753843248
    ]
  },
  {
    "timeStamp": 31130,
    "rotation": [
      [
        0.829383433,
        -0.5586033,
        0.009246185
      ],
      [
        -0.16829446,
        -0.2340246,
        0.9575539
      ],
      [
        -0.53272897,
        -0.7957354,
        -0.288105965
      ]
    ],
    "translation": [
      2.17740965,
      0.9361733,
      -0.7405103
    ]
  },
  {
    "timeStamp": 31176,
    "rotation": [
      [
        0.676306546,
        -0.7304341,
        0.09526559
      ],
      [
        -0.3176492,
        -0.172505736,
        0.932384431
      ],
      [
        -0.6646115,
        -0.6608387,
        -0.348688543
      ]
    ],
    "translation": [
      2.19528913,
      0.9582186,
      -0.7302323
    ]
  },
  {
    "timeStamp": 31228,
    "rotation": [
      [
        0.4302463,
        -0.9019207,
        0.03777815
      ],
      [
        -0.3907327,
        -0.148339957,
        0.908473
      ],
      [
        -0.8137666,
        -0.405628324,
        -0.416232646
      ]
    ],
    "translation": [
      2.2336297,
      0.9719709,
      -0.723070741
    ]
  },
  {
    "timeStamp": 31273,
    "rotation": [
      [
        0.199376047,
        -0.979132831,
        0.039346274
      ],
      [
        -0.427457064,
        -0.05076982,
        0.902608931
      ],
      [
        -0.8817764,
        -0.196777433,
        -0.4286595
      ]
    ],
    "translation": [
      2.2473824,
      0.9704788,
      -0.727266431
    ]
  },
  {
    "timeStamp": 31327,
    "rotation": [
      [
        0.10453283,
        -0.9924705,
        0.06383668
      ],
      [
        -0.443127841,
        0.0109839281,
        0.896391153
      ],
      [
        -0.890342951,
        -0.121990107,
        -0.438643157
      ]
    ],
    "translation": [
      2.22539473,
      0.962727845,
      -0.7273448
    ]
  },
  {
    "timeStamp": 31379,
    "rotation": [
      [
        0.0113325585,
        -0.9988998,
        0.04550598
      ],
      [
        -0.492473334,
        0.0340312757,
        0.8696619
      ],
      [
        -0.870253742,
        -0.03226598,
        -0.491545856
      ]
    ],
    "translation": [
      2.21598387,
      0.9590713,
      -0.7240801
    ]
  },
  {
    "timeStamp": 31427,
    "rotation": [
      [
        -0.0565019846,
        -0.9979278,
        0.03078178
      ],
      [
        -0.446900934,
        0.0528490767,
        0.893021
      ],
      [
        -0.8927973,
        0.03670105,
        -0.44896096
      ]
    ],
    "translation": [
      2.20375514,
      0.9381376,
      -0.725038
    ]
  },
  {
    "timeStamp": 31472,
    "rotation": [
      [
        -0.1913838,
        -0.9806907,
        -0.0402252562
      ],
      [
        -0.389858246,
        0.0383426175,
        0.9200763
      ],
      [
        -0.9007679,
        0.191769838,
        -0.389668524
      ]
    ],
    "translation": [
      2.215208,
      0.9132226,
      -0.737262249
    ]
  },
  {
    "timeStamp": 31527,
    "rotation": [
      [
        -0.288388729,
        -0.9548619,
        -0.0712099
      ],
      [
        -0.265124142,
        0.008168374,
        0.9641797
      ],
      [
        -0.9200767,
        0.296938,
        -0.2555126
      ]
    ],
    "translation": [
      2.214337,
      0.8829712,
      -0.7518582
    ]
  },
  {
    "timeStamp": 31572,
    "rotation": [
      [
        -0.365694344,
        -0.919932067,
        -0.141395032
      ],
      [
        -0.258413,
        -0.0455904528,
        0.964958131
      ],
      [
        -0.8941422,
        0.389418066,
        -0.221050233
      ]
    ],
    "translation": [
      2.22681451,
      0.8743317,
      -0.7621681
    ]
  },
  {
    "timeStamp": 31627,
    "rotation": [
      [
        -0.393290848,
        -0.8990118,
        -0.192613721
      ],
      [
        -0.2430609,
        -0.100377716,
        0.964803457
      ],
      [
        -0.8867038,
        0.42626524,
        -0.179036975
      ]
    ],
    "translation": [
      2.2294786,
      0.8684494,
      -0.762472749
    ]
  },
  {
    "timeStamp": 31672,
    "rotation": [
      [
        -0.429709435,
        -0.8872586,
        -0.1676962
      ],
      [
        -0.212127492,
        -0.0813270062,
        0.973852038
      ],
      [
        -0.8776968,
        0.454046428,
        -0.153264955
      ]
    ],
    "translation": [
      2.22588062,
      0.8552802,
      -0.761031
    ]
  },
  {
    "timeStamp": 31727,
    "rotation": [
      [
        -0.455026984,
        -0.88148725,
        -0.12621665
      ],
      [
        -0.185107544,
        -0.0450106375,
        0.98168695
      ],
      [
        -0.8710256,
        0.4700577,
        -0.1426889
      ]
    ],
    "translation": [
      2.221604,
      0.841884553,
      -0.7548016
    ]
  },
  {
    "timeStamp": 31772,
    "rotation": [
      [
        -0.455108732,
        -0.8823368,
        -0.119824
      ],
      [
        -0.189521372,
        -0.0354996324,
        0.98123467
      ],
      [
        -0.870033145,
        0.46927765,
        -0.151065484
      ]
    ],
    "translation": [
      2.22303557,
      0.837157845,
      -0.746375
    ]
  },
  {
    "timeStamp": 31828,
    "rotation": [
      [
        -0.479151,
        -0.8723169,
        -0.0973526537
      ],
      [
        -0.176915392,
        -0.0126558393,
        0.9841447
      ],
      [
        -0.8597181,
        0.488777131,
        -0.148262233
      ]
    ],
    "translation": [
      2.22660232,
      0.82795167,
      -0.740578
    ]
  },
  {
    "timeStamp": 31874,
    "rotation": [
      [
        -0.5095091,
        -0.8566708,
        -0.0807188451
      ],
      [
        -0.154986322,
        -0.0009064317,
        0.9879162
      ],
      [
        -0.8463921,
        0.515862644,
        -0.13231042
      ]
    ],
    "translation": [
      2.22990632,
      0.8200085,
      -0.7391435
    ]
  },
  {
    "timeStamp": 31931,
    "rotation": [
      [
        -0.5223587,
        -0.8489805,
        -0.07983419
      ],
      [
        -0.151624218,
        0.0003428493,
        0.9884381
      ],
      [
        -0.8391373,
        0.5284241,
        -0.128905088
      ]
    ],
    "translation": [
      2.23851633,
      0.811507463,
      -0.7352096
    ]
  },
  {
    "timeStamp": 31977,
    "rotation": [
      [
        -0.5421602,
        -0.837871134,
        -0.06351559
      ],
      [
        -0.133552358,
        0.0112956073,
        0.9909774
      ],
      [
        -0.8295939,
        0.545751154,
        -0.1180237
      ]
    ],
    "translation": [
      2.243196,
      0.8021054,
      -0.735366344
    ]
  },
  {
    "timeStamp": 32022,
    "rotation": [
      [
        -0.5560491,
        -0.8295203,
        -0.05201429
      ],
      [
        -0.1231894,
        0.0203637145,
        0.9921742
      ],
      [
        -0.82196945,
        0.55810523,
        -0.113511324
      ]
    ],
    "translation": [
      2.24690127,
      0.794419646,
      -0.7363514
    ]
  },
  {
    "timeStamp": 32077,
    "rotation": [
      [
        -0.5648698,
        -0.823434,
        -0.0536523573
      ],
      [
        -0.1271451,
        0.0226093829,
        0.991626441
      ],
      [
        -0.815325856,
        0.566961467,
        -0.117466949
      ]
    ],
    "translation": [
      2.25383258,
      0.789747834,
      -0.7382057
    ]
  },
  {
    "timeStamp": 32133,
    "rotation": [
      [
        -0.5613402,
        -0.8263504,
        -0.0451902039
      ],
      [
        -0.11084383,
        0.020958852,
        0.9936168
      ],
      [
        -0.82012856,
        0.562766135,
        -0.1033609
      ]
    ],
    "translation": [
      2.256143,
      0.78392303,
      -0.740950942
    ]
  },
  {
    "timeStamp": 32177,
    "rotation": [
      [
        -0.541743934,
        -0.8388767,
        -0.05290856
      ],
      [
        -0.106320389,
        0.00594926532,
        0.994314134
      ],
      [
        -0.8337922,
        0.544288933,
        -0.09241268
      ]
    ],
    "translation": [
      2.258028,
      0.7829336,
      -0.741388857
    ]
  },
  {
    "timeStamp": 32233,
    "rotation": [
      [
        -0.5077717,
        -0.8603035,
        -0.04523038
      ],
      [
        -0.0996314958,
        0.00649268,
        0.9950032
      ],
      [
        -0.8557111,
        0.5097408,
        -0.08901012
      ]
    ],
    "translation": [
      2.25654173,
      0.7796041,
      -0.7394853
    ]
  },
  {
    "timeStamp": 32277,
    "rotation": [
      [
        -0.48496893,
        -0.8729254,
        -0.0529752374
      ],
      [
        -0.09781521,
        -0.006051937,
        0.9951862
      ],
      [
        -0.869043946,
        0.487816155,
        -0.082450375
      ]
    ],
    "translation": [
      2.25747871,
      0.776252449,
      -0.7382506
    ]
  },
  {
    "timeStamp": 32332,
    "rotation": [
      [
        -0.4453288,
        -0.891859055,
        -0.07918082
      ],
      [
        -0.09761737,
        -0.03954503,
        0.994438052
      ],
      [
        -0.8900298,
        0.450581342,
        -0.0694504
      ]
    ],
    "translation": [
      2.26034474,
      0.771211445,
      -0.735851645
    ]
  },
  {
    "timeStamp": 32377,
    "rotation": [
      [
        -0.413112432,
        -0.9055762,
        -0.09628013
      ],
      [
        -0.09563913,
        -0.0619970039,
        0.993483543
      ],
      [
        -0.9056442,
        0.419628531,
        -0.06099679
      ]
    ],
    "translation": [
      2.26158428,
      0.7662976,
      -0.734165668
    ]
  },
  {
    "timeStamp": 32432,
    "rotation": [
      [
        -0.40097636,
        -0.9110317,
        -0.09612025
      ],
      [
        -0.0978460759,
        -0.0617331341,
        0.99328506
      ],
      [
        -0.910848,
        0.4076888,
        -0.06438735
      ]
    ],
    "translation": [
      2.26309228,
      0.760395467,
      -0.7311969
    ]
  },
  {
    "timeStamp": 32477,
    "rotation": [
      [
        -0.380004764,
        -0.9195928,
        -0.09972719
      ],
      [
        -0.08801116,
        -0.0713796,
        0.993558764
      ],
      [
        -0.92078793,
        0.386334121,
        -0.0538098365
      ]
    ],
    "translation": [
      2.2644372,
      0.7563695,
      -0.728086
    ]
  },
  {
    "timeStamp": 32532,
    "rotation": [
      [
        -0.3689548,
        -0.9230564,
        -0.108807847
      ],
      [
        -0.08669938,
        -0.08237716,
        0.9928228
      ],
      [
        -0.9253948,
        0.375740379,
        -0.04963497
      ]
    ],
    "translation": [
      2.26770568,
      0.752012432,
      -0.72581625
    ]
  },
  {
    "timeStamp": 32576,
    "rotation": [
      [
        -0.377404153,
        -0.9203936,
        -0.102185182
      ],
      [
        -0.0830851048,
        -0.07624642,
        0.993621349
      ],
      [
        -0.922314,
        0.383486867,
        -0.0476952828
      ]
    ],
    "translation": [
      2.27021551,
      0.7482287,
      -0.7245177
    ]
  },
  {
    "timeStamp": 32629,
    "rotation": [
      [
        -0.3723904,
        -0.9233217,
        -0.0938214958
      ],
      [
        -0.07819097,
        -0.06951965,
        0.994511545
      ],
      [
        -0.9247765,
        0.3776825,
        -0.04630697
      ]
    ],
    "translation": [
      2.271346,
      0.7430264,
      -0.722633064
    ]
  },
  {
    "timeStamp": 32674,
    "rotation": [
      [
        -0.366462231,
        -0.9258362,
        -0.09237323
      ],
      [
        -0.0736596957,
        -0.0700998,
        0.9948167
      ],
      [
        -0.927512646,
        0.371366918,
        -0.0425078832
      ]
    ],
    "translation": [
      2.27245426,
      0.740140855,
      -0.721338153
    ]
  },
  {
    "timeStamp": 32729,
    "rotation": [
      [
        -0.3618018,
        -0.9281243,
        -0.0876625
      ],
      [
        -0.06610025,
        -0.06825669,
        0.99547565
      ],
      [
        -0.929908752,
        0.3659594,
        -0.036653854
      ]
    ],
    "translation": [
      2.272578,
      0.7366337,
      -0.720729947
    ]
  },
  {
    "timeStamp": 32774,
    "rotation": [
      [
        -0.343918085,
        -0.9336187,
        -0.100381717
      ],
      [
        -0.07192111,
        -0.08039791,
        0.994164765
      ],
      [
        -0.9362413,
        0.34913078,
        -0.0394966
      ]
    ],
    "translation": [
      2.27389646,
      0.7366404,
      -0.7181501
    ]
  }
]