[
  {
    "timeStamp": 14563,
    "rotation": [
      [
        -0.998826444,
        0.009320319,
        0.0475271828
      ],
      [
        0.00703250337,
        0.998818755,
        -0.048078984
      ],
      [
        -0.0479191542,
        -0.0476883277,
        -0.9977122
      ]
    ],
    "translation": [
      1.28215158,
      0.733338654,
      -0.6276575
    ]
  },
  {
    "timeStamp": 14618,
    "rotation": [
      [
        -0.9973844,
        0.0722358,
        0.00252197566
      ],
      [
        0.07216095,
        0.997138143,
        -0.02254613
      ],
      [
        -0.004143396,
        -0.02230517,
        -0.9997426
      ]
    ],
    "translation": [
      1.27674532,
      0.750520468,
      -0.622517049
    ]
  },
  {
    "timeStamp": 14662,
    "rotation": [
      [
        -0.9913141,
        0.129078671,
        -0.0251996834
      ],
      [
        0.129141808,
        0.9916257,
        -0.000887715258
      ],
      [
        0.02487407,
        -0.004134338,
        -0.999682
      ]
    ],
    "translation": [
      1.27527058,
      0.7745316,
      -0.623293459
    ]
  },
  {
    "timeStamp": 14718,
    "rotation": [
      [
        -0.9764852,
        0.211595982,
        -0.0412769243
      ],
      [
        0.21162425,
        0.977344,
        0.00373345148
      ],
      [
        0.0411317348,
        -0.005089538,
        -0.999140739
      ]
    ],
    "translation": [
      1.27673292,
      0.813775659,
      -0.6256671
    ]
  },
  {
    "timeStamp": 14762,
    "rotation": [
      [
        -0.9542072,
        0.291821331,
        -0.06579479
      ],
      [
        0.2894688,
        0.956219256,
        0.04304206
      ],
      [
        0.07547483,
        0.0220255069,
        -0.996904433
      ]
    ],
    "translation": [
      1.28399193,
      0.851292133,
      -0.6286814
    ]
  },
  {
    "timeStamp": 14818,
    "rotation": [
      [
        -0.9063655,
        0.4060099,
        -0.116865948
      ],
      [
        0.394905776,
        0.9124423,
        0.107230864
      ],
      [
        0.150170237,
        0.0510393158,
        -0.9873419
      ]
    ],
    "translation": [
      1.30271661,
      0.904038966,
      -0.6315585
    ]
  },
  {
    "timeStamp": 14863,
    "rotation": [
      [
        -0.8590556,
        0.4823394,
        -0.1713832
      ],
      [
        0.45571965,
        0.8731374,
        0.173062831
      ],
      [
        0.2331161,
        0.0705679,
        -0.969885051
      ]
    ],
    "translation": [
      1.32439518,
      0.940022051,
      -0.631055951
    ]
  },
  {
    "timeStamp": 14918,
    "rotation": [
      [
        -0.806815,
        0.5483319,
        -0.219958127
      ],
      [
        0.5052516,
        0.8333489,
        0.224166214
      ],
      [
        0.306219339,
        0.06972648,
        -0.949403942
      ]
    ],
    "translation": [
      1.36516035,
      0.97282064,
      -0.633832455
    ]
  },
  {
    "timeStamp": 14962,
    "rotation": [
      [
        -0.7740306,
        0.573113441,
        -0.2691051
      ],
      [
        0.5203699,
        0.8179609,
        0.245265454
      ],
      [
        0.3606824,
        0.0498087741,
        -0.931357741
      ]
    ],
    "translation": [
      1.402699,
      0.989251137,
      -0.633805454
    ]
  },
  {
    "timeStamp": 15017,
    "rotation": [
      [
        -0.7293378,
        0.590477943,
        -0.345546216
      ],
      [
        0.512169,
        0.8060993,
        0.2964571
      ],
      [
        0.453595936,
        0.03923931,
        -0.8903432
      ]
    ],
    "translation": [
      1.45529807,
      0.997876048,
      -0.630489767
    ]
  },
  {
    "timeStamp": 15072,
    "rotation": [
      [
        -0.6603573,
        0.5978536,
        -0.454422027
      ],
      [
        0.49803102,
        0.801566958,
        0.330840677
      ],
      [
        0.562043965,
        -0.007843226,
        -0.8270702
      ]
    ],
    "translation": [
      1.51740015,
      1.00237191,
      -0.6183531
    ]
  },
  {
    "timeStamp": 15117,
    "rotation": [
      [
        -0.599574447,
        0.5858287,
        -0.5452661
      ],
      [
        0.481029123,
        0.808303535,
        0.3394942
      ],
      [
        0.639625967,
        -0.0587368235,
        -0.7664389
      ]
    ],
    "translation": [
      1.572563,
      1.00348854,
      -0.60943234
    ]
  },
  {
    "timeStamp": 15172,
    "rotation": [
      [
        -0.5190773,
        0.5517814,
        -0.652760267
      ],
      [
        0.464111239,
        0.823268,
        0.32684952
      ],
      [
        0.717746139,
        -0.1332932,
        -0.6834277
      ]
    ],
    "translation": [
      1.64650464,
      1.00576866,
      -0.596645355
    ]
  },
  {
    "timeStamp": 15216,
    "rotation": [
      [
        -0.434503347,
        0.5232005,
        -0.7331221
      ],
      [
        0.4605162,
        0.828584135,
        0.318391442
      ],
      [
        0.774036,
        -0.199272513,
        -0.6009649
      ]
    ],
    "translation": [
      1.71126306,
      1.012709,
      -0.588425636
    ]
  },
  {
    "timeStamp": 15272,
    "rotation": [
      [
        -0.3311512,
        0.470261753,
        -0.81804204
      ],
      [
        0.4713291,
        0.833490551,
        0.288344055
      ],
      [
        0.8174275,
        -0.290081561,
        -0.497659475
      ]
    ],
    "translation": [
      1.796886,
      1.02667356,
      -0.577695
    ]
  },
  {
    "timeStamp": 15316,
    "rotation": [
      [
        -0.276797831,
        0.402358651,
        -0.872634232
      ],
      [
        0.490193874,
        0.840194345,
        0.2319126
      ],
      [
        0.8264944,
        -0.363567054,
        -0.429797739
      ]
    ],
    "translation": [
      1.86478579,
      1.040519,
      -0.5759448
    ]
  },
  {
    "timeStamp": 15372,
    "rotation": [
      [
        -0.26611957,
        0.28734687,
        -0.920115352
      ],
      [
        0.5021681,
        0.8561043,
        0.122117423
      ],
      [
        0.8228047,
        -0.429554731,
        -0.372122526
      ]
    ],
    "translation": [
      1.94611692,
      1.05222464,
      -0.575784266
    ]
  },
  {
    "timeStamp": 15417,
    "rotation": [
      [
        -0.277564615,
        0.166861415,
        -0.9461052
      ],
      [
        0.4749049,
        0.8798942,
        0.015858287
      ],
      [
        0.835118651,
        -0.4449083,
        -0.3234708
      ]
    ],
    "translation": [
      2.006231,
      1.05023086,
      -0.5780745
    ]
  },
  {
    "timeStamp": 15462,
    "rotation": [
      [
        -0.337993979,
        0.0599643253,
        -0.939236045
      ],
      [
        0.4391859,
        0.8926949,
        -0.1010527
      ],
      [
        0.8323917,
        -0.446654439,
        -0.328060985
      ]
    ],
    "translation": [
      2.05834031,
      1.0416404,
      -0.5836329
    ]
  },
  {
    "timeStamp": 15516,
    "rotation": [
      [
        -0.418141931,
        -0.0389554054,
        -0.907546043
      ],
      [
        0.363306075,
        0.908522546,
        -0.206386626
      ],
      [
        0.832565963,
        -0.416015923,
        -0.36573863
      ]
    ],
    "translation": [
      2.09778333,
      1.0246017,
      -0.5917749
    ]
  },
  {
    "timeStamp": 15568,
    "rotation": [
      [
        -0.6107529,
        -0.104418583,
        -0.7849062
      ],
      [
        0.182724088,
        0.945926249,
        -0.268021256
      ],
      [
        0.770449758,
        -0.307116032,
        -0.5586474
      ]
    ],
    "translation": [
      2.12259245,
      0.9819499,
      -0.614082158
    ]
  },
  {
    "timeStamp": 15612,
    "rotation": [
      [
        -0.70177424,
        -0.102760978,
        -0.704949
      ],
      [
        0.110741772,
        0.961777031,
        -0.250442028
      ],
      [
        0.703739464,
        -0.253821075,
        -0.6635704
      ]
    ],
    "translation": [
      2.12997913,
      0.953445852,
      -0.629582644
    ]
  },
  {
    "timeStamp": 15668,
    "rotation": [
      [
        -0.82663393,
        -0.13970992,
        -0.545121551
      ],
      [
        0.004801682,
        0.9669052,
        -0.255090773
      ],
      [
        0.5627196,
        -0.213484183,
        -0.7986058
      ]
    ],
    "translation": [
      2.134271,
      0.9130677,
      -0.6495126
    ]
  },
  {
    "timeStamp": 15712,
    "rotation": [
      [
        -0.8804685,
        -0.136889562,
        -0.4539124
      ],
      [
        -0.03001838,
        0.9715849,
        -0.2347801
      ],
      [
        0.473153353,
        -0.193090767,
        -0.8595591
      ]
    ],
    "translation": [
      2.13352227,
      0.8872943,
      -0.659543753
    ]
  },
  {
    "timeStamp": 15768,
    "rotation": [
      [
        -0.9269107,
        -0.124991104,
        -0.3538557
      ],
      [
        -0.0491416156,
        0.975212157,
        -0.215746
      ],
      [
        0.3720507,
        -0.182588235,
        -0.9100768
      ]
    ],
    "translation": [
      2.12886667,
      0.8607954,
      -0.6654192
    ]
  },
  {
    "timeStamp": 15812,
    "rotation": [
      [
        -0.952145755,
        -0.122031979,
        -0.2802261
      ],
      [
        -0.05774464,
        0.972147644,
        -0.22714439
      ],
      [
        0.300140023,
        -0.200093016,
        -0.9326729
      ]
    ],
    "translation": [
      2.12393641,
      0.8401312,
      -0.6658212
    ]
  },
  {
    "timeStamp": 15868,
    "rotation": [
      [
        -0.974686146,
        -0.139387876,
        -0.174808457
      ],
      [
        -0.09770477,
        0.9688103,
        -0.227728814
      ],
      [
        0.201098874,
        -0.2048845,
        -0.9579048
      ]
    ],
    "translation": [
      2.12159276,
      0.8122589,
      -0.6690873
    ]
  },
  {
    "timeStamp": 15912,
    "rotation": [
      [
        -0.9836408,
        -0.102740929,
        -0.147969976
      ],
      [
        -0.0708450451,
        0.9758525,
        -0.206622437
      ],
      [
        0.165625453,
        -0.19275932,
        -0.967167
      ]
    ],
    "translation": [
      2.11383939,
      0.8009771,
      -0.667302847
    ]
  },
  {
    "timeStamp": 15969,
    "rotation": [
      [
        -0.9922929,
        -0.06907877,
        -0.102873765
      ],
      [
        -0.0505113564,
        0.983582258,
        -0.1732472
      ],
      [
        0.113152519,
        -0.166715667,
        -0.9794909
      ]
    ],
    "translation": [
      2.10489559,
      0.7916608,
      -0.6707542
    ]
  },
  {
    "timeStamp": 16014,
    "rotation": [
      [
        -0.9955729,
        -0.0586659648,
        -0.07343599
      ],
      [
        -0.04640547,
        0.986227632,
        -0.15875
      ],
      [
        0.0817378238,
        -0.154639378,
        -0.984584
      ]
    ],
    "translation": [
      2.10050917,
      0.784694731,
      -0.672899
    ]
  },
  {
    "timeStamp": 16071,
    "rotation": [
      [
        -0.9978786,
        -0.0285643041,
        -0.058500208
      ],
      [
        -0.0204560719,
        0.9906637,
        -0.134784877
      ],
      [
        0.0618040673,
        -0.133302256,
        -0.9891465
      ]
    ],
    "translation": [
      2.09401846,
      0.779968,
      -0.6723754
    ]
  },
  {
    "timeStamp": 16116,
    "rotation": [
      [
        -0.9982664,
        -0.0293188449,
        -0.0510348752
      ],
      [
        -0.0224533081,
        0.991227031,
        -0.130249143
      ],
      [
        0.0544059,
        -0.128877446,
        -0.990166962
      ]
    ],
    "translation": [
      2.09146428,
      0.7741864,
      -0.670331538
    ]
  },
  {
    "timeStamp": 16162,
    "rotation": [
      [
        -0.9982974,
        -0.0104370341,
        -0.0573874936
      ],
      [
        -0.00273725926,
        0.991159856,
        -0.1326451
      ],
      [
        0.0582646,
        -0.13226217,
        -0.9895009
      ]
    ],
    "translation": [
      2.08710718,
      0.7720296,
      -0.6652557
    ]
  },
  {
    "timeStamp": 16217,
    "rotation": [
      [
        -0.9988188,
        -0.01390091,
        -0.0465584956
      ],
      [
        -0.0073463656,
        0.9903912,
        -0.138098344
      ],
      [
        0.0480308235,
        -0.13759318,
        -0.989323556
      ]
    ],
    "translation": [
      2.08453059,
      0.766844749,
      -0.661926031
    ]
  },
  {
    "timeStamp": 16262,
    "rotation": [
      [
        -0.9990226,
        -0.006747598,
        -0.0436846428
      ],
      [
        -0.000859911845,
        0.99105984,
        -0.133415341
      ],
      [
        0.04419433,
        -0.133247375,
        -0.990097
      ]
    ],
    "translation": [
      2.0818696,
      0.7639791,
      -0.6604397
    ]
  },
  {
    "timeStamp": 16317,
    "rotation": [
      [
        -0.9993361,
        0.004068368,
        -0.0362039469
      ],
      [
        0.00872186,
        0.991564035,
        -0.129323557
      ],
      [
        0.0353724,
        -0.129553467,
        -0.9909413
      ]
    ],
    "translation": [
      2.07770133,
      0.7622998,
      -0.659312
    ]
  },
  {
    "timeStamp": 16361,
    "rotation": [
      [
        -0.9994412,
        0.005495966,
        -0.03297097
      ],
      [
        0.009823465,
        0.9911257,
        -0.13256456
      ],
      [
        0.0319498032,
        -0.132814363,
        -0.990625858
      ]
    ],
    "translation": [
      2.074759,
      0.759816945,
      -0.6566624
    ]
  },
  {
    "timeStamp": 16417,
    "rotation": [
      [
        -0.9996432,
        0.007464904,
        -0.02564569
      ],
      [
        0.0105003072,
        0.9926766,
        -0.12034481
      ],
      [
        0.0245595127,
        -0.120571159,
        -0.9924009
      ]
    ],
    "translation": [
      2.07303119,
      0.756682754,
      -0.654451847
    ]
  },
  {
    "timeStamp": 16462,
    "rotation": [
      [
        -0.999658,
        0.00274892757,
        -0.0260066986
      ],
      [
        0.005398091,
        0.994733751,
        -0.1023503
      ],
      [
        0.0255883876,
        -0.102455683,
        -0.994408369
      ]
    ],
    "translation": [
      2.07285762,
      0.7559194,
      -0.65375483
    ]
  }
]