[
  {
    "timeStamp": 9764,
    "rotation": [
      [
        0.9999572,
        0.000903274457,
        -0.009203551
      ],
      [
        0.009215346,
        -0.0140602058,
        0.9998587
      ],
      [
        0.0007737369,
        -0.9999007,
        -0.0140679283
      ]
    ],
    "translation": [
      1.15413415,
      0.704147458,
      -0.3597183
    ]
  },
  {
    "timeStamp": 9809,
    "rotation": [
      [
        0.999972641,
        -2.15837972E-05,
        -0.00740241446
      ],
      [
        0.007402209,
        -0.005089407,
        0.999959648
      ],
      [
        -5.9260703E-05,
        -0.999987066,
        -0.005089108
      ]
    ],
    "translation": [
      1.15411747,
      0.7045794,
      -0.359692156
    ]
  },
  {
    "timeStamp": 9866,
    "rotation": [
      [
        0.999923766,
        -0.0030036238,
        0.0119774621
      ],
      [
        -0.0119551225,
        0.007348228,
        0.999901533
      ],
      [
        -0.00309134228,
        -0.9999685,
        0.007311759
      ]
    ],
    "translation": [
      1.15414941,
      0.7049691,
      -0.359657317
    ]
  },
  {
    "timeStamp": 9909,
    "rotation": [
      [
        0.9985896,
        -0.04891842,
        0.02063619
      ],
      [
        -0.0220363084,
        -0.02825708,
        0.99935776
      ],
      [
        -0.04830388,
        -0.998403,
        -0.0292952061
      ]
    ],
    "translation": [
      1.1605345,
      0.7081721,
      -0.3527894
    ]
  },
  {
    "timeStamp": 9964,
    "rotation": [
      [
        0.9956747,
        -0.06838682,
        0.06288902
      ],
      [
        -0.06515951,
        -0.0314909443,
        0.9973778
      ],
      [
        -0.06622704,
        -0.997161746,
        -0.0358107872
      ]
    ],
    "translation": [
      1.17166591,
      0.7284806,
      -0.3527697
    ]
  },
  {
    "timeStamp": 10010,
    "rotation": [
      [
        0.9878226,
        -0.100820728,
        0.118497819
      ],
      [
        -0.12268649,
        -0.0363908149,
        0.9917781
      ],
      [
        -0.0956795663,
        -0.994238853,
        -0.04831701
      ]
    ],
    "translation": [
      1.18595409,
      0.7501729,
      -0.355986774
    ]
  },
  {
    "timeStamp": 10056,
    "rotation": [
      [
        0.975873649,
        -0.130236432,
        0.17523995
      ],
      [
        -0.182169855,
        -0.043259237,
        0.982315
      ],
      [
        -0.120352454,
        -0.9905388,
        -0.0659407
      ]
    ],
    "translation": [
      1.20692229,
      0.774710536,
      -0.3651907
    ]
  },
  {
    "timeStamp": 10112,
    "rotation": [
      [
        0.9595698,
        -0.16259563,
        0.229757249
      ],
      [
        -0.24382703,
        -0.07237267,
        0.967114568
      ],
      [
        -0.140620455,
        -0.984034956,
        -0.109091833
      ]
    ],
    "translation": [
      1.24692786,
      0.807025969,
      -0.378526032
    ]
  },
  {
    "timeStamp": 10157,
    "rotation": [
      [
        0.9357379,
        -0.219372168,
        0.276170969
      ],
      [
        -0.298337817,
        -0.07466555,
        0.9515354
      ],
      [
        -0.188119933,
        -0.97278,
        -0.13531439
      ]
    ],
    "translation": [
      1.28982675,
      0.834027,
      -0.3916742
    ]
  },
  {
    "timeStamp": 10214,
    "rotation": [
      [
        0.9128854,
        -0.301303744,
        0.2754201
      ],
      [
        -0.320399135,
        -0.1107755,
        0.940783262
      ],
      [
        -0.2529517,
        -0.947071731,
        -0.197662786
      ]
    ],
    "translation": [
      1.36456,
      0.860521257,
      -0.403484523
    ]
  },
  {
    "timeStamp": 10258,
    "rotation": [
      [
        0.8827775,
        -0.392388463,
        0.258331448
      ],
      [
        -0.332091182,
        -0.132266134,
        0.9339278
      ],
      [
        -0.332294,
        -0.910240054,
        -0.247070327
      ]
    ],
    "translation": [
      1.43415463,
      0.8787004,
      -0.41440016
    ]
  },
  {
    "timeStamp": 10314,
    "rotation": [
      [
        0.8363785,
        -0.506929159,
        0.208551571
      ],
      [
        -0.333336473,
        -0.168328464,
        0.9276596
      ],
      [
        -0.435152531,
        -0.8453924,
        -0.309764326
      ]
    ],
    "translation": [
      1.53152275,
      0.901372135,
      -0.425850928
    ]
  },
  {
    "timeStamp": 10358,
    "rotation": [
      [
        0.7988447,
        -0.5876935,
        0.12831001
      ],
      [
        -0.31146282,
        -0.2216208,
        0.9240536
      ],
      [
        -0.5146241,
        -0.7781391,
        -0.360085279
      ]
    ],
    "translation": [
      1.61441183,
      0.9177859,
      -0.438384324
    ]
  },
  {
    "timeStamp": 10414,
    "rotation": [
      [
        0.7411402,
        -0.6707684,
        0.02794785
      ],
      [
        -0.281876534,
        -0.2731269,
        0.919753969
      ],
      [
        -0.609308541,
        -0.6895445,
        -0.391499162
      ]
    ],
    "translation": [
      1.71981072,
      0.9376986,
      -0.4583074
    ]
  },
  {
    "timeStamp": 10458,
    "rotation": [
      [
        0.6911405,
        -0.7201035,
        -0.06144723
      ],
      [
        -0.241511256,
        -0.310256362,
        0.9194636
      ],
      [
        -0.6811734,
        -0.6206383,
        -0.388343841
      ]
    ],
    "translation": [
      1.795738,
      0.9486602,
      -0.477585644
    ]
  },
  {
    "timeStamp": 10514,
    "rotation": [
      [
        0.62239933,
        -0.769551456,
        -0.142862216
      ],
      [
        -0.21275121,
        -0.341989458,
        0.9153033
      ],
      [
        -0.753230333,
        -0.5392901,
        -0.37657702
      ]
    ],
    "translation": [
      1.88482058,
      0.959467053,
      -0.5021967
    ]
  },
  {
    "timeStamp": 10558,
    "rotation": [
      [
        0.5505537,
        -0.8158921,
        -0.176665843
      ],
      [
        -0.190554634,
        -0.328864634,
        0.924952447
      ],
      [
        -0.812760532,
        -0.475571483,
        -0.336529642
      ]
    ],
    "translation": [
      1.94671118,
      0.958549738,
      -0.5205593
    ]
  },
  {
    "timeStamp": 10614,
    "rotation": [
      [
        0.520095766,
        -0.811947167,
        -0.2650325
      ],
      [
        -0.140926152,
        -0.387629,
        0.91097945
      ],
      [
        -0.842401445,
        -0.436446548,
        -0.3160288
      ]
    ],
    "translation": [
      2.020405,
      0.9511409,
      -0.5389386
    ]
  },
  {
    "timeStamp": 10657,
    "rotation": [
      [
        0.482399374,
        -0.8309162,
        -0.277252764
      ],
      [
        -0.103049867,
        -0.368151575,
        0.9240374
      ],
      [
        -0.8698687,
        -0.4171842,
        -0.2632219
      ]
    ],
    "translation": [
      2.053288,
      0.9364959,
      -0.553510666
    ]
  },
  {
    "timeStamp": 10710,
    "rotation": [
      [
        0.46265322,
        -0.841434,
        -0.279178828
      ],
      [
        -0.0603155829,
        -0.344053984,
        0.9370106
      ],
      [
        -0.8844852,
        -0.4166721,
        -0.209929258
      ]
    ],
    "translation": [
      2.10224056,
      0.909273148,
      -0.5678505
    ]
  },
  {
    "timeStamp": 10764,
    "rotation": [
      [
        0.450427443,
        -0.85061115,
        -0.2712485
      ],
      [
        -0.00696116965,
        -0.307150036,
        0.951635659
      ],
      [
        -0.8927859,
        -0.4267546,
        -0.144270048
      ]
    ],
    "translation": [
      2.13177848,
      0.8766378,
      -0.5822632
    ]
  },
  {
    "timeStamp": 10808,
    "rotation": [
      [
        0.444901526,
        -0.862276,
        -0.24195604
      ],
      [
        -0.0107752969,
        -0.2753013,
        0.961297631
      ],
      [
        -0.895514667,
        -0.42507565,
        -0.131773248
      ]
    ],
    "translation": [
      2.146969,
      0.857177,
      -0.5811963
    ]
  },
  {
    "timeStamp": 10864,
    "rotation": [
      [
        0.451066554,
        -0.8635168,
        -0.2255608
      ],
      [
        0.00561378058,
        -0.249981821,
        0.968234241
      ],
      [
        -0.8924726,
        -0.438004345,
        -0.107910849
      ]
    ],
    "translation": [
      2.16084146,
      0.8313032,
      -0.581202567
    ]
  },
  {
    "timeStamp": 10909,
    "rotation": [
      [
        0.452727348,
        -0.873424947,
        -0.1793512
      ],
      [
        -0.007873931,
        -0.205053881,
        0.978719
      ],
      [
        -0.8916143,
        -0.44168064,
        -0.09971078
      ]
    ],
    "translation": [
      2.16365361,
      0.816582859,
      -0.57589376
    ]
  },
  {
    "timeStamp": 10964,
    "rotation": [
      [
        0.45739466,
        -0.8719066,
        -0.17484042
      ],
      [
        -0.0132873813,
        -0.20329158,
        0.9790281
      ],
      [
        -0.889164567,
        -0.445479035,
        -0.10456983
      ]
    ],
    "translation": [
      2.1718297,
      0.801425636,
      -0.566624045
    ]
  },
  {
    "timeStamp": 11008,
    "rotation": [
      [
        0.4477481,
        -0.879505336,
        -0.1612204
      ],
      [
        -0.009931259,
        -0.185184225,
        0.9826536
      ],
      [
        -0.8941046,
        -0.438380152,
        -0.09165047
      ]
    ],
    "translation": [
      2.17915487,
      0.7893232,
      -0.5620384
    ]
  },
  {
    "timeStamp": 11064,
    "rotation": [
      [
        0.432026863,
        -0.893599,
        -0.121793255
      ],
      [
        -0.0162415244,
        -0.142733783,
        0.989627838
      ],
      [
        -0.901714444,
        -0.425567716,
        -0.0761782452
      ]
    ],
    "translation": [
      2.180857,
      0.7763004,
      -0.5584269
    ]
  },
  {
    "timeStamp": 11109,
    "rotation": [
      [
        0.438503921,
        -0.8918592,
        -0.110911652
      ],
      [
        -0.0181868915,
        -0.132189974,
        0.9910575
      ],
      [
        -0.8985452,
        -0.43256548,
        -0.0741859749
      ]
    ],
    "translation": [
      2.18429732,
      0.7680775,
      -0.555094361
    ]
  },
  {
    "timeStamp": 11155,
    "rotation": [
      [
        0.433287621,
        -0.8973682,
        -0.0836190954
      ],
      [
        -0.0123821674,
        -0.09869908,
        0.9950403
      ],
      [
        -0.9011706,
        -0.430103242,
        -0.05387645
      ]
    ],
    "translation": [
      2.18452263,
      0.7590261,
      -0.5568148
    ]
  },
  {
    "timeStamp": 11212,
    "rotation": [
      [
        0.434935331,
        -0.897261441,
        -0.0758494958
      ],
      [
        -0.00674325135,
        -0.087477155,
        0.9961437
      ],
      [
        -0.900436461,
        -0.4327466,
        -0.0440973639
      ]
    ],
    "translation": [
      2.18397284,
      0.74892,
      -0.5572139
    ]
  },
  {
    "timeStamp": 11257,
    "rotation": [
      [
        0.440485924,
        -0.895724952,
        -0.0604070872
      ],
      [
        -0.0110168289,
        -0.07267458,
        0.997294843
      ],
      [
        -0.897691965,
        -0.438628852,
        -0.04188018
      ]
    ],
    "translation": [
      2.18435979,
      0.744854152,
      -0.5566382
    ]
  },
  {
    "timeStamp": 11311,
    "rotation": [
      [
        0.435556084,
        -0.898245931,
        -0.05869461
      ],
      [
        -0.009601746,
        -0.06983687,
        0.9975122
      ],
      [
        -0.900110364,
        -0.433908939,
        -0.0390426069
      ]
    ],
    "translation": [
      2.1839,
      0.7409551,
      -0.556089759
    ]
  },
  {
    "timeStamp": 11359,
    "rotation": [
      [
        0.433813959,
        -0.8996506,
        -0.049338378
      ],
      [
        -0.0129084047,
        -0.06095961,
        0.998056769
      ],
      [
        -0.90091,
        -0.4323341,
        -0.03805818
      ]
    ],
    "translation": [
      2.18553114,
      0.7380407,
      -0.5543942
    ]
  },
  {
    "timeStamp": 11413,
    "rotation": [
      [
        0.443865031,
        -0.894765258,
        -0.0487748533
      ],
      [
        -0.0147777162,
        -0.061732173,
        0.997983336
      ],
      [
        -0.895971835,
        -0.442249119,
        -0.040623337
      ]
    ],
    "translation": [
      2.18566,
      0.736312568,
      -0.5521906
    ]
  },
  {
    "timeStamp": 11455,
    "rotation": [
      [
        0.440481663,
        -0.8967975,
        -0.0415944755
      ],
      [
        -0.0172151923,
        -0.0547602624,
        0.9983511
      ],
      [
        -0.8975965,
        -0.4390393,
        -0.0395594351
      ]
    ],
    "translation": [
      2.18581367,
      0.735356331,
      -0.550479
    ]
  },
  {
    "timeStamp": 11510,
    "rotation": [
      [
        0.445113569,
        -0.8948653,
        -0.0330167562
      ],
      [
        -0.020777829,
        -0.0471817926,
        0.9986702
      ],
      [
        -0.895233035,
        -0.443835646,
        -0.039594613
      ]
    ],
    "translation": [
      2.183087,
      0.73455435,
      -0.5494015
    ]
  },
  {
    "timeStamp": 11555,
    "rotation": [
      [
        0.446452051,
        -0.894202054,
        -0.0329126231
      ],
      [
        -0.0176734012,
        -0.04558655,
        0.998804033
      ],
      [
        -0.894633055,
        -0.445336431,
        -0.0361558
      ]
    ],
    "translation": [
      2.18314981,
      0.7332177,
      -0.5488448
    ]
  },
  {
    "timeStamp": 11610,
    "rotation": [
      [
        0.443278641,
        -0.8958966,
        -0.0295528527
      ],
      [
        -0.0215698946,
        -0.04362034,
        0.9988153
      ],
      [
        -0.896124363,
        -0.442116052,
        -0.0386603624
      ]
    ],
    "translation": [
      2.18328142,
      0.7328453,
      -0.5476286
    ]
  },
  {
    "timeStamp": 11657,
    "rotation": [
      [
        0.4423599,
        -0.896396458,
        -0.0281271953
      ],
      [
        -0.0227842629,
        -0.0425851941,
        0.998833
      ],
      [
        -0.896548152,
        -0.4412028,
        -0.0392617136
      ]
    ],
    "translation": [
      2.183345,
      0.7320076,
      -0.5468252
    ]
  },
  {
    "timeStamp": 11710,
    "rotation": [
      [
        0.445165277,
        -0.8945957,
        -0.03907053
      ],
      [
        -0.0185055379,
        -0.052814167,
        0.9984329
      ],
      [
        -0.895257235,
        -0.44374463,
        -0.0400660075
      ]
    ],
    "translation": [
      2.185607,
      0.7303608,
      -0.54625684
    ]
  },
  {
    "timeStamp": 11756,
    "rotation": [
      [
        0.447178066,
        -0.8938566,
        -0.0324369781
      ],
      [
        -0.01897326,
        -0.0457362123,
        0.998773336
      ],
      [
        -0.894243658,
        -0.446014076,
        -0.0374116041
      ]
    ],
    "translation": [
      2.183302,
      0.729051,
      -0.546882749
    ]
  },
  {
    "timeStamp": 11812,
    "rotation": [
      [
        0.4542214,
        -0.8904175,
        -0.02897441
      ],
      [
        -0.0161889419,
        -0.0407672636,
        0.9990375
      ],
      [
        -0.8907417,
        -0.453315139,
        -0.03293228
      ]
    ],
    "translation": [
      2.18347621,
      0.7265685,
      -0.548828363
    ]
  },
  {
    "timeStamp": 11856,
    "rotation": [
      [
        0.448425382,
        -0.893257558,
        -0.0317122079
      ],
      [
        -0.0144648952,
        -0.04272715,
        0.9989821
      ],
      [
        -0.8937032,
        -0.4475102,
        -0.032080818
      ]
    ],
    "translation": [
      2.183542,
      0.7254224,
      -0.549225032
    ]
  },
  {
    "timeStamp": 11912,
    "rotation": [
      [
        0.436776578,
        -0.899122834,
        -0.02836157
      ],
      [
        -0.0161788128,
        -0.0393743627,
        0.999093533
      ],
      [
        -0.8994245,
        -0.435921818,
        -0.03174454
      ]
    ],
    "translation": [
      2.183803,
      0.72544533,
      -0.5491237
    ]
  },
  {
    "timeStamp": 11956,
    "rotation": [
      [
        0.4332412,
        -0.9009787,
        -0.02322937
      ],
      [
        -0.0227628443,
        -0.036703974,
        0.9990669
      ],
      [
        -0.900990546,
        -0.432308167,
        -0.03641051
      ]
    ],
    "translation": [
      2.18389964,
      0.7256098,
      -0.5490888
    ]
  }
]