[
  {
    "timeStamp": 45088,
    "rotation": [
      [
        0.9998715,
        0.000455803529,
        0.0160251521
      ],
      [
        -0.0160270277,
        0.0044620405,
        0.9998616
      ],
      [
        0.000384233135,
        -0.9999899,
        0.004468772
      ]
    ],
    "translation": [
      1.46207213,
      0.70490855,
      -0.7497349
    ]
  },
  {
    "timeStamp": 45143,
    "rotation": [
      [
        0.9994545,
        0.0008925028,
        0.03301405
      ],
      [
        -0.0330261067,
        0.0276294723,
        0.9990725
      ],
      [
        -2.05075048E-05,
        -0.9996179,
        0.0276438743
      ]
    ],
    "translation": [
      1.46213591,
      0.707628548,
      -0.7496184
    ]
  },
  {
    "timeStamp": 45189,
    "rotation": [
      [
        0.996507168,
        -0.0278702155,
        0.07871999
      ],
      [
        -0.07710963,
        0.0547810271,
        0.995516539
      ],
      [
        -0.0320576057,
        -0.9981094,
        0.05244062
      ]
    ],
    "translation": [
      1.46226776,
      0.7111628,
      -0.747833133
    ]
  },
  {
    "timeStamp": 45242,
    "rotation": [
      [
        0.9873041,
        -0.112533867,
        0.112101667
      ],
      [
        -0.102209084,
        0.09014465,
        0.9906701
      ],
      [
        -0.12158931,
        -0.9895505,
        0.077498205
      ]
    ],
    "translation": [
      1.46857691,
      0.7205444,
      -0.7429098
    ]
  },
  {
    "timeStamp": 45287,
    "rotation": [
      [
        0.9755385,
        -0.159312084,
        0.151473477
      ],
      [
        -0.139446467,
        0.0842047,
        0.9866429
      ],
      [
        -0.169938937,
        -0.9836306,
        0.05992942
      ]
    ],
    "translation": [
      1.47423148,
      0.73569864,
      -0.735847831
    ]
  },
  {
    "timeStamp": 45342,
    "rotation": [
      [
        0.948992252,
        -0.238442257,
        0.206298262
      ],
      [
        -0.1950629,
        0.0700604,
        0.978285253
      ],
      [
        -0.247717872,
        -0.9686262,
        0.019975543
      ]
    ],
    "translation": [
      1.48729229,
      0.7593255,
      -0.7213853
    ]
  },
  {
    "timeStamp": 45387,
    "rotation": [
      [
        0.912672937,
        -0.3217427,
        0.252011329
      ],
      [
        -0.24843061,
        0.0528711267,
        0.9672057
      ],
      [
        -0.3245155,
        -0.945349753,
        -0.0316766948
      ]
    ],
    "translation": [
      1.504126,
      0.783369243,
      -0.70586586
    ]
  },
  {
    "timeStamp": 45442,
    "rotation": [
      [
        0.8452027,
        -0.440327764,
        0.3028925
      ],
      [
        -0.323152572,
        0.0303512048,
        0.94586
      ],
      [
        -0.4256816,
        -0.897323966,
        -0.116640128
      ]
    ],
    "translation": [
      1.53650236,
      0.8204826,
      -0.6856504
    ]
  },
  {
    "timeStamp": 45487,
    "rotation": [
      [
        0.7779223,
        -0.538512349,
        0.323792249
      ],
      [
        -0.375057459,
        0.0155027425,
        0.926871955
      ],
      [
        -0.5041517,
        -0.842475,
        -0.189913154
      ]
    ],
    "translation": [
      1.57059956,
      0.8502164,
      -0.6729027
    ]
  },
  {
    "timeStamp": 45542,
    "rotation": [
      [
        0.711004734,
        -0.6331568,
        0.305916131
      ],
      [
        -0.410130471,
        -0.0200079139,
        0.911807358
      ],
      [
        -0.571196258,
        -0.7737649,
        -0.273902625
      ]
    ],
    "translation": [
      1.62090325,
      0.883463264,
      -0.6652361
    ]
  },
  {
    "timeStamp": 45587,
    "rotation": [
      [
        0.6576044,
        -0.699583232,
        0.279534876
      ],
      [
        -0.432676136,
        -0.0469672,
        0.9003252
      ],
      [
        -0.6167234,
        -0.7130059,
        -0.333578825
      ]
    ],
    "translation": [
      1.66341329,
      0.906049967,
      -0.663740456
    ]
  },
  {
    "timeStamp": 45642,
    "rotation": [
      [
        0.604603052,
        -0.768449366,
        0.209620386
      ],
      [
        -0.431370556,
        -0.09465486,
        0.8971956
      ],
      [
        -0.6696078,
        -0.63287127,
        -0.388715059
      ]
    ],
    "translation": [
      1.71929312,
      0.926805556,
      -0.6661521
    ]
  },
  {
    "timeStamp": 45687,
    "rotation": [
      [
        0.562923849,
        -0.8125442,
        0.151289925
      ],
      [
        -0.43439728,
        -0.135137185,
        0.890526235
      ],
      [
        -0.703147054,
        -0.5670184,
        -0.429038942
      ]
    ],
    "translation": [
      1.7655381,
      0.942577839,
      -0.670063734
    ]
  },
  {
    "timeStamp": 45742,
    "rotation": [
      [
        0.500404,
        -0.861457348,
        0.0865277648
      ],
      [
        -0.431401849,
        -0.161439642,
        0.8875977
      ],
      [
        -0.7506586,
        -0.481485635,
        -0.45241937
      ]
    ],
    "translation": [
      1.82312214,
      0.958023846,
      -0.6765567
    ]
  },
  {
    "timeStamp": 45787,
    "rotation": [
      [
        0.4551498,
        -0.8893115,
        0.0443155654
      ],
      [
        -0.43456468,
        -0.178419665,
        0.882791042
      ],
      [
        -0.7771694,
        -0.421060145,
        -0.467671
      ]
    ],
    "translation": [
      1.86706293,
      0.9685432,
      -0.682438731
    ]
  },
  {
    "timeStamp": 45842,
    "rotation": [
      [
        0.3911042,
        -0.9202823,
        0.01086239
      ],
      [
        -0.4439695,
        -0.178314671,
        0.8781201
      ],
      [
        -0.8061815,
        -0.348259032,
        -0.478316844
      ]
    ],
    "translation": [
      1.91680276,
      0.97828877,
      -0.687770367
    ]
  },
  {
    "timeStamp": 45887,
    "rotation": [
      [
        0.375789374,
        -0.9263776,
        -0.0246343464
      ],
      [
        -0.430491716,
        -0.198047951,
        0.8805986
      ],
      [
        -0.82064563,
        -0.320314735,
        -0.473222226
      ]
    ],
    "translation": [
      1.95103276,
      0.9808419,
      -0.690636337
    ]
  },
  {
    "timeStamp": 45943,
    "rotation": [
      [
        0.329989254,
        -0.943147838,
        -0.03974144
      ],
      [
        -0.432721019,
        -0.188548356,
        0.8815906
      ],
      [
        -0.838963449,
        -0.273718476,
        -0.4703388
      ]
    ],
    "translation": [
      1.99092579,
      0.9815079,
      -0.691297531
    ]
  },
  {
    "timeStamp": 45987,
    "rotation": [
      [
        0.288146615,
        -0.956045032,
        -0.05430767
      ],
      [
        -0.4309722,
        -0.18011947,
        0.8842058
      ],
      [
        -0.855122447,
        -0.231375813,
        -0.463929653
      ]
    ],
    "translation": [
      2.02216816,
      0.9778863,
      -0.6896896
    ]
  },
  {
    "timeStamp": 46042,
    "rotation": [
      [
        0.2215347,
        -0.9740169,
        -0.047047928
      ],
      [
        -0.437777936,
        -0.14244999,
        0.8877266
      ],
      [
        -0.8713627,
        -0.176065713,
        -0.4579607
      ]
    ],
    "translation": [
      2.05757833,
      0.970064938,
      -0.6849639
    ]
  },
  {
    "timeStamp": 46086,
    "rotation": [
      [
        0.160942927,
        -0.9867648,
        -0.0198173542
      ],
      [
        -0.4430767,
        -0.09017943,
        0.8919365
      ],
      [
        -0.8819186,
        -0.134770259,
        -0.4517262
      ]
    ],
    "translation": [
      2.08007145,
      0.9593686,
      -0.6783505
    ]
  },
  {
    "timeStamp": 46136,
    "rotation": [
      [
        0.1265714,
        -0.991948247,
        0.00428253552
      ],
      [
        -0.439191,
        -0.0521681532,
        0.896877766
      ],
      [
        -0.8894329,
        -0.115399919,
        -0.442257732
      ]
    ],
    "translation": [
      2.09447956,
      0.9476585,
      -0.6680941
    ]
  },
  {
    "timeStamp": 46192,
    "rotation": [
      [
        0.09136326,
        -0.9952569,
        0.0334142372
      ],
      [
        -0.426863581,
        -0.00882592052,
        0.904273
      ],
      [
        -0.899689,
        -0.0968806446,
        -0.4256453
      ]
    ],
    "translation": [
      2.10596919,
      0.929955959,
      -0.6481496
    ]
  },
  {
    "timeStamp": 46237,
    "rotation": [
      [
        0.05870465,
        -0.995684266,
        0.07187982
      ],
      [
        -0.415272623,
        0.04112105,
        0.9087671
      ],
      [
        -0.907800853,
        -0.0831985846,
        -0.4110664
      ]
    ],
    "translation": [
      2.10780668,
      0.9188882,
      -0.632289231
    ]
  },
  {
    "timeStamp": 46292,
    "rotation": [
      [
        8.625743E-05,
        -0.9938702,
        0.110552572
      ],
      [
        -0.406773657,
        0.100958109,
        0.9079332
      ],
      [
        -0.9135289,
        -0.04504819,
        -0.404271543
      ]
    ],
    "translation": [
      2.10963631,
      0.9066984,
      -0.6121496
    ]
  },
  {
    "timeStamp": 46337,
    "rotation": [
      [
        -0.0304413084,
        -0.9881512,
        0.15043442
      ],
      [
        -0.384451717,
        0.150501281,
        0.9107943
      ],
      [
        -0.922643065,
        -0.03010898,
        -0.384477884
      ]
    ],
    "translation": [
      2.10805225,
      0.895915747,
      -0.597508132
    ]
  },
  {
    "timeStamp": 46392,
    "rotation": [
      [
        -0.0582438149,
        -0.9839183,
        0.1688561
      ],
      [
        -0.362186134,
        0.178445384,
        0.914865255
      ],
      [
        -0.9302843,
        -0.007872103,
        -0.366754919
      ]
    ],
    "translation": [
      2.10599232,
      0.8853277,
      -0.5823901
    ]
  },
  {
    "timeStamp": 46437,
    "rotation": [
      [
        -0.04728485,
        -0.98538667,
        0.1636374
      ],
      [
        -0.3450451,
        0.1698495,
        0.9230899
      ],
      [
        -0.937394261,
        -0.0128141213,
        -0.348034173
      ]
    ],
    "translation": [
      2.10394979,
      0.878762841,
      -0.5724044
    ]
  },
  {
    "timeStamp": 46492,
    "rotation": [
      [
        -0.077332966,
        -0.9809161,
        0.17839101
      ],
      [
        -0.328231752,
        0.194000915,
        0.9244607
      ],
      [
        -0.941426337,
        0.0129377088,
        -0.336970448
      ]
    ],
    "translation": [
      2.103503,
      0.8715738,
      -0.563323438
    ]
  },
  {
    "timeStamp": 46537,
    "rotation": [
      [
        -0.05674654,
        -0.985177,
        0.1618829
      ],
      [
        -0.323527,
        0.17154026,
        0.9305397
      ],
      [
        -0.944515765,
        0.00043140084,
        -0.32846567
      ]
    ],
    "translation": [
      2.10137677,
      0.8672789,
      -0.5563984
    ]
  },
  {
    "timeStamp": 46592,
    "rotation": [
      [
        -0.06027715,
        -0.985661149,
        0.157603011
      ],
      [
        -0.310357869,
        0.168570772,
        0.9355543
      ],
      [
        -0.948706865,
        0.007479215,
        -0.316068649
      ]
    ],
    "translation": [
      2.100312,
      0.8593986,
      -0.549325347
    ]
  },
  {
    "timeStamp": 46638,
    "rotation": [
      [
        -0.04830432,
        -0.9874488,
        0.1503713
      ],
      [
        -0.303333968,
        0.157939181,
        0.939704061
      ],
      [
        -0.9516592,
        -0.0002209555,
        -0.3071559
      ]
    ],
    "translation": [
      2.09862852,
      0.8540293,
      -0.544729054
    ]
  },
  {
    "timeStamp": 46684,
    "rotation": [
      [
        -0.0523534827,
        -0.988473952,
        0.14205046
      ],
      [
        -0.296815485,
        0.1512196,
        0.9428856
      ],
      [
        -0.953498662,
        0.007200574,
        -0.301311255
      ]
    ],
    "translation": [
      2.09826565,
      0.849104166,
      -0.541412354
    ]
  },
  {
    "timeStamp": 46741,
    "rotation": [
      [
        -0.0441874079,
        -0.990418,
        0.130841717
      ],
      [
        -0.2914568,
        0.138052359,
        0.94656986
      ],
      [
        -0.9555629,
        0.00369176827,
        -0.294764251
      ]
    ],
    "translation": [
      2.09663081,
      0.8432904,
      -0.5372736
    ]
  },
  {
    "timeStamp": 46786,
    "rotation": [
      [
        -0.0410871431,
        -0.9907694,
        0.129181623
      ],
      [
        -0.276472718,
        0.135516226,
        0.951419055
      ],
      [
        -0.9601431,
        0.003375911,
        -0.279488683
      ]
    ],
    "translation": [
      2.09528422,
      0.837352753,
      -0.535034239
    ]
  },
  {
    "timeStamp": 46842,
    "rotation": [
      [
        -0.0287536941,
        -0.993464768,
        0.110458069
      ],
      [
        -0.236968681,
        0.114128463,
        0.9647904
      ],
      [
        -0.9710917,
        0.00156617991,
        -0.238701656
      ]
    ],
    "translation": [
      2.0935576,
      0.8311064,
      -0.5332006
    ]
  },
  {
    "timeStamp": 46887,
    "rotation": [
      [
        -0.012605709,
        -0.9951304,
        0.0977576748
      ],
      [
        -0.21047762,
        0.09821574,
        0.9726525
      ],
      [
        -0.9775174,
        -0.008314815,
        -0.210690767
      ]
    ],
    "translation": [
      2.09232831,
      0.8278196,
      -0.531769753
    ]
  },
  {
    "timeStamp": 46943,
    "rotation": [
      [
        -0.0152189992,
        -0.995015264,
        0.0985545143
      ],
      [
        -0.191278785,
        0.0996428,
        0.9764649
      ],
      [
        -0.9814178,
        -0.003990564,
        -0.191841766
      ]
    ],
    "translation": [
      2.09166741,
      0.8260803,
      -0.529453
    ]
  },
  {
    "timeStamp": 46987,
    "rotation": [
      [
        -0.008506362,
        -0.9949195,
        0.100314349
      ],
      [
        -0.154310927,
        0.100422367,
        0.9829056
      ],
      [
        -0.98798573,
        -0.00711865677,
        -0.154381171
      ]
    ],
    "translation": [
      2.091392,
      0.8247213,
      -0.5293412
    ]
  },
  {
    "timeStamp": 47042,
    "rotation": [
      [
        -0.00483151246,
        -0.9957258,
        0.09223273
      ],
      [
        -0.111306995,
        0.09219615,
        0.989500165
      ],
      [
        -0.993774354,
        -0.00548538845,
        -0.111276694
      ]
    ],
    "translation": [
      2.09279871,
      0.8224308,
      -0.5277674
    ]
  },
  {
    "timeStamp": 47086,
    "rotation": [
      [
        0.003656414,
        -0.9959136,
        0.09023666
      ],
      [
        -0.0872224346,
        0.08957573,
        0.9921534
      ],
      [
        -0.996182144,
        -0.0114984121,
        -0.0865384862
      ]
    ],
    "translation": [
      2.092715,
      0.821629763,
      -0.527059734
    ]
  },
  {
    "timeStamp": 47145,
    "rotation": [
      [
        0.006069111,
        -0.9954414,
        0.09518214
      ],
      [
        -0.09313453,
        0.09420748,
        0.9911866
      ],
      [
        -0.995635033,
        -0.0148803648,
        -0.09213821
      ]
    ],
    "translation": [
      2.09438562,
      0.8230999,
      -0.5252483
    ]
  },
  {
    "timeStamp": 47185,
    "rotation": [
      [
        -0.006089328,
        -0.994353831,
        0.105940327
      ],
      [
        -0.137189582,
        0.105771258,
        0.984881461
      ],
      [
        -0.9905261,
        -0.00853662752,
        -0.137059063
      ]
    ],
    "translation": [
      2.09553885,
      0.827553451,
      -0.52274
    ]
  },
  {
    "timeStamp": 47237,
    "rotation": [
      [
        0.00794906449,
        -0.995406,
        0.09541361
      ],
      [
        -0.232188612,
        0.09097148,
        0.9684073
      ],
      [
        -0.9726383,
        -0.0298518818,
        -0.2303988
      ]
    ],
    "translation": [
      2.095816,
      0.835101843,
      -0.5146818
    ]
  },
  {
    "timeStamp": 47292,
    "rotation": [
      [
        -0.0077374056,
        -0.99590075,
        0.09012163
      ],
      [
        -0.249602333,
        0.08919505,
        0.9642318
      ],
      [
        -0.968317568,
        -0.0150339091,
        -0.249269277
      ]
    ],
    "translation": [
      2.09498358,
      0.8352836,
      -0.5126894
    ]
  },
  {
    "timeStamp": 47337,
    "rotation": [
      [
        0.00541965058,
        -0.997834,
        0.06555908
      ],
      [
        -0.2540628,
        0.062034823,
        0.965196252
      ],
      [
        -0.9671726,
        -0.0218871459,
        -0.253176272
      ]
    ],
    "translation": [
      2.094877,
      0.833871365,
      -0.5127294
    ]
  },
  {
    "timeStamp": 47393,
    "rotation": [
      [
        0.00222711382,
        -0.9966994,
        0.0811503455
      ],
      [
        -0.254893541,
        0.07790425,
        0.9638258
      ],
      [
        -0.966966569,
        -0.0228312481,
        -0.253878742
      ]
    ],
    "translation": [
      2.09492087,
      0.8342246,
      -0.512660861
    ]
  },
  {
    "timeStamp": 47437,
    "rotation": [
      [
        -0.001996169,
        -0.997743547,
        0.06711043
      ],
      [
        -0.257513732,
        0.06536011,
        0.964061558
      ],
      [
        -0.9662726,
        -0.0153574375,
        -0.25706315
      ]
    ],
    "translation": [
      2.094873,
      0.8335005,
      -0.5123605
    ]
  },
  {
    "timeStamp": 47493,
    "rotation": [
      [
        -0.0181554612,
        -0.9997257,
        0.0147941448
      ],
      [
        -0.262308538,
        0.01904089,
        0.9647962
      ],
      [
        -0.964813232,
        0.0136356894,
        -0.2625823
      ]
    ],
    "translation": [
      2.09444046,
      0.8320764,
      -0.5117331
    ]
  },
  {
    "timeStamp": 47538,
    "rotation": [
      [
        -0.0178831089,
        -0.9996463,
        -0.0196848251
      ],
      [
        -0.267583936,
        -0.0141847394,
        0.963430166
      ],
      [
        -0.9633686,
        0.0224964656,
        -0.2672356
      ]
    ],
    "translation": [
      2.09445882,
      0.8306182,
      -0.5114922
    ]
  },
  {
    "timeStamp": 47595,
    "rotation": [
      [
        -0.00250350428,
        -0.999649346,
        -0.02635908
      ],
      [
        -0.291426271,
        -0.0244856551,
        0.9562799
      ],
      [
        -0.95659,
        0.0100757778,
        -0.2912628
      ]
    ],
    "translation": [
      2.09472275,
      0.8299578,
      -0.511727154
    ]
  },
  {
    "timeStamp": 47641,
    "rotation": [
      [
        0.00261039473,
        -0.999528944,
        -0.0305791926
      ],
      [
        -0.306370974,
        -0.0299081746,
        0.951442242
      ],
      [
        -0.9519086,
        0.006884936,
        -0.306304723
      ]
    ],
    "translation": [
      2.09480047,
      0.8295209,
      -0.5117259
    ]
  }
]