[
  {
    "timeStamp": 32881,
    "rotation": [
      [
        -0.887156963,
        0.461467624,
        -0.0002631571
      ],
      [
        0.4578685,
        0.880308568,
        0.124150328
      ],
      [
        0.0575230159,
        0.110020339,
        -0.9922634
      ]
    ],
    "translation": [
      1.30813158,
      0.7291622,
      -0.7465811
    ]
  },
  {
    "timeStamp": 32927,
    "rotation": [
      [
        -0.8849767,
        0.4643072,
        -0.03514472
      ],
      [
        0.451402724,
        0.8739976,
        0.179898933
      ],
      [
        0.114244774,
        0.143341929,
        -0.9830571
      ]
    ],
    "translation": [
      1.31278419,
      0.7290502,
      -0.742656231
    ]
  },
  {
    "timeStamp": 32981,
    "rotation": [
      [
        -0.821735263,
        0.546919,
        -0.160095945
      ],
      [
        0.4600214,
        0.802437067,
        0.3800986
      ],
      [
        0.336350054,
        0.23869288,
        -0.910985351
      ]
    ],
    "translation": [
      1.31973,
      0.741517663,
      -0.7420391
    ]
  },
  {
    "timeStamp": 33028,
    "rotation": [
      [
        -0.6848379,
        0.68037647,
        -0.2609307
      ],
      [
        0.4521285,
        0.6775594,
        0.5800802
      ],
      [
        0.571469,
        0.279286683,
        -0.77163595
      ]
    ],
    "translation": [
      1.323962,
      0.7646208,
      -0.7382412
    ]
  },
  {
    "timeStamp": 33079,
    "rotation": [
      [
        -0.4981557,
        0.812827,
        -0.301916
      ],
      [
        0.422247738,
        0.5315274,
        0.7342925
      ],
      [
        0.7573294,
        0.238308668,
        -0.6079977
      ]
    ],
    "translation": [
      1.33684707,
      0.796851754,
      -0.727534354
    ]
  },
  {
    "timeStamp": 33135,
    "rotation": [
      [
        -0.361942023,
        0.8703532,
        -0.3338911
      ],
      [
        0.438684672,
        0.4750625,
        0.7628049
      ],
      [
        0.822528839,
        0.129618242,
        -0.55375576
      ]
    ],
    "translation": [
      1.36459243,
      0.822975338,
      -0.7127453
    ]
  },
  {
    "timeStamp": 33179,
    "rotation": [
      [
        -0.246000424,
        0.890699446,
        -0.382280439
      ],
      [
        0.459165543,
        0.4544277,
        0.7633233
      ],
      [
        0.853610456,
        0.0122478455,
        -0.520767868
      ]
    ],
    "translation": [
      1.39888394,
      0.83966434,
      -0.700013638
    ]
  },
  {
    "timeStamp": 33235,
    "rotation": [
      [
        -0.09299798,
        0.8779633,
        -0.469608068
      ],
      [
        0.4972797,
        0.449570447,
        0.742023766
      ],
      [
        0.862591565,
        -0.164519876,
        -0.4784025
      ]
    ],
    "translation": [
      1.45116735,
      0.8605705,
      -0.6814937
    ]
  },
  {
    "timeStamp": 33279,
    "rotation": [
      [
        0.0139358239,
        0.8246463,
        -0.565477
      ],
      [
        0.5473159,
        0.466997743,
        0.6945203
      ],
      [
        0.8368101,
        -0.319173276,
        -0.444834024
      ]
    ],
    "translation": [
      1.503766,
      0.877618432,
      -0.6716977
    ]
  },
  {
    "timeStamp": 33335,
    "rotation": [
      [
        0.179254,
        0.6950571,
        -0.696249664
      ],
      [
        0.5831197,
        0.494933933,
        0.644214153
      ],
      [
        0.7923632,
        -0.521474838,
        -0.3165826
      ]
    ],
    "translation": [
      1.584693,
      0.8950091,
      -0.6604723
    ]
  },
  {
    "timeStamp": 33379,
    "rotation": [
      [
        0.291018844,
        0.5276248,
        -0.798072755
      ],
      [
        0.6282634,
        0.523711562,
        0.5753357
      ],
      [
        0.7215213,
        -0.6688335,
        -0.179077432
      ]
    ],
    "translation": [
      1.65632308,
      0.909615,
      -0.6618036
    ]
  },
  {
    "timeStamp": 33424,
    "rotation": [
      [
        0.392065853,
        0.318739176,
        -0.862954
      ],
      [
        0.658633232,
        0.5576447,
        0.5052075
      ],
      [
        0.6422512,
        -0.766444862,
        0.00870123
      ]
    ],
    "translation": [
      1.73644364,
      0.920439243,
      -0.669800937
    ]
  },
  {
    "timeStamp": 33480,
    "rotation": [
      [
        0.514141142,
        0.03215521,
        -0.8571027
      ],
      [
        0.6873018,
        0.582361758,
        0.4341325
      ],
      [
        0.5131034,
        -0.8122936,
        0.2773158
      ]
    ],
    "translation": [
      1.83157623,
      0.932851434,
      -0.697670162
    ]
  },
  {
    "timeStamp": 33525,
    "rotation": [
      [
        0.590525568,
        -0.106300287,
        -0.7999874
      ],
      [
        0.6955316,
        0.5697777,
        0.437708974
      ],
      [
        0.40928638,
        -0.814894855,
        0.41040352
      ]
    ],
    "translation": [
      1.89498937,
      0.9427254,
      -0.719934642
    ]
  },
  {
    "timeStamp": 33581,
    "rotation": [
      [
        0.599583566,
        -0.271156818,
        -0.7529764
      ],
      [
        0.740046561,
        0.5460353,
        0.392653167
      ],
      [
        0.304681122,
        -0.792666,
        0.528062463
      ]
    ],
    "translation": [
      1.96092129,
      0.955855548,
      -0.7456908
    ]
  },
  {
    "timeStamp": 33625,
    "rotation": [
      [
        0.569433331,
        -0.325710684,
        -0.754757047
      ],
      [
        0.770414,
        0.5316979,
        0.351794869
      ],
      [
        0.286719441,
        -0.7817991,
        0.5536986
      ]
    ],
    "translation": [
      2.00108361,
      0.9649765,
      -0.7557085
    ]
  },
  {
    "timeStamp": 33681,
    "rotation": [
      [
        0.518410146,
        -0.3668269,
        -0.7724564
      ],
      [
        0.8040056,
        0.516747653,
        0.29418838
      ],
      [
        0.291248858,
        -0.7735696,
        0.5628181
      ]
    ],
    "translation": [
      2.04620647,
      0.9739938,
      -0.762465358
    ]
  },
  {
    "timeStamp": 33725,
    "rotation": [
      [
        0.471582174,
        -0.367951959,
        -0.8013873
      ],
      [
        0.82245785,
        0.5113306,
        0.249207065
      ],
      [
        0.3180776,
        -0.776628852,
        0.543759346
      ]
    ],
    "translation": [
      2.07953525,
      0.97716403,
      -0.763988554
    ]
  },
  {
    "timeStamp": 33781,
    "rotation": [
      [
        0.3747914,
        -0.392464668,
        -0.839942157
      ],
      [
        0.8381339,
        0.5307102,
        0.1260091
      ],
      [
        0.39631176,
        -0.7512111,
        0.527843535
      ]
    ],
    "translation": [
      2.118525,
      0.974260867,
      -0.766700566
    ]
  },
  {
    "timeStamp": 33833,
    "rotation": [
      [
        0.3150572,
        -0.362581462,
        -0.877082467
      ],
      [
        0.8281364,
        0.5564548,
        0.06743965
      ],
      [
        0.463604361,
        -0.747591257,
        0.475581974
      ]
    ],
    "translation": [
      2.14252019,
      0.9685551,
      -0.7649714
    ]
  },
  {
    "timeStamp": 33878,
    "rotation": [
      [
        0.234003216,
        -0.345078856,
        -0.9089351
      ],
      [
        0.79830265,
        0.6018186,
        -0.0229603946
      ],
      [
        0.554937243,
        -0.720232546,
        0.416304857
      ]
    ],
    "translation": [
      2.16723514,
      0.955349863,
      -0.765168846
    ]
  },
  {
    "timeStamp": 33931,
    "rotation": [
      [
        0.199524939,
        -0.267937869,
        -0.9425492
      ],
      [
        0.752214134,
        0.6583274,
        -0.0279087424
      ],
      [
        0.6279838,
        -0.703430355,
        0.3328994
      ]
    ],
    "translation": [
      2.18015814,
      0.935503662,
      -0.7633346
    ]
  },
  {
    "timeStamp": 33976,
    "rotation": [
      [
        0.15030247,
        -0.260222554,
        -0.9537785
      ],
      [
        0.714351833,
        0.6955167,
        -0.0771880448
      ],
      [
        0.683455,
        -0.669731855,
        0.29042834
      ]
    ],
    "translation": [
      2.18946815,
      0.9196399,
      -0.7635438
    ]
  },
  {
    "timeStamp": 34031,
    "rotation": [
      [
        0.154548749,
        -0.196881816,
        -0.96816957
      ],
      [
        0.673858166,
        0.737641156,
        -0.0424349
      ],
      [
        0.7225163,
        -0.6458507,
        0.246671945
      ]
    ],
    "translation": [
      2.19326544,
      0.8965133,
      -0.762146056
    ]
  },
  {
    "timeStamp": 34076,
    "rotation": [
      [
        0.177328065,
        -0.210868657,
        -0.9612956
      ],
      [
        0.6533726,
        0.755683541,
        -0.04523966
      ],
      [
        0.7359749,
        -0.6200619,
        0.271779716
      ]
    ],
    "translation": [
      2.198852,
      0.8801873,
      -0.7626945
    ]
  },
  {
    "timeStamp": 34131,
    "rotation": [
      [
        0.393487424,
        -0.219430387,
        -0.8927586
      ],
      [
        0.6297319,
        0.771829,
        0.08785001
      ],
      [
        0.6697801,
        -0.5967665,
        0.441887349
      ]
    ],
    "translation": [
      2.20660186,
      0.858695149,
      -0.76766634
    ]
  },
  {
    "timeStamp": 34175,
    "rotation": [
      [
        0.6024736,
        -0.2705151,
        -0.7508976
      ],
      [
        0.5952139,
        0.779071033,
        0.196897924
      ],
      [
        0.5317387,
        -0.5655705,
        0.630384
      ]
    ],
    "translation": [
      2.211301,
      0.8430693,
      -0.772813141
    ]
  },
  {
    "timeStamp": 34231,
    "rotation": [
      [
        0.653465331,
        -0.383220971,
        -0.6527824
      ],
      [
        0.60714066,
        0.7803749,
        0.1496507
      ],
      [
        0.452065676,
        -0.494122237,
        0.7426169
      ]
    ],
    "translation": [
      2.21372032,
      0.8336968,
      -0.7689217
    ]
  },
  {
    "timeStamp": 34276,
    "rotation": [
      [
        0.6715148,
        -0.5131978,
        -0.5345053
      ],
      [
        0.6445971,
        0.7603474,
        0.07978944
      ],
      [
        0.365461946,
        -0.398120373,
        0.8413904
      ]
    ],
    "translation": [
      2.21882367,
      0.8312432,
      -0.771488667
    ]
  },
  {
    "timeStamp": 34332,
    "rotation": [
      [
        0.745649338,
        -0.55942446,
        -0.36201027
      ],
      [
        0.604525149,
        0.7964562,
        0.0143826455
      ],
      [
        0.2802793,
        -0.2295687,
        0.9320632
      ]
    ],
    "translation": [
      2.219598,
      0.816674232,
      -0.7835553
    ]
  },
  {
    "timeStamp": 34378,
    "rotation": [
      [
        0.7690862,
        -0.578766942,
        -0.2711739
      ],
      [
        0.5918761,
        0.805056036,
        -0.0395911
      ],
      [
        0.241224214,
        -0.130052388,
        0.9617158
      ]
    ],
    "translation": [
      2.21930075,
      0.806422234,
      -0.7852707
    ]
  },
  {
    "timeStamp": 34435,
    "rotation": [
      [
        0.8051855,
        -0.571544468,
        -0.158155918
      ],
      [
        0.56509465,
        0.8203559,
        -0.08765953
      ],
      [
        0.179845452,
        -0.01879088,
        0.9835154
      ]
    ],
    "translation": [
      2.21965647,
      0.79325664,
      -0.79144907
    ]
  },
  {
    "timeStamp": 34480,
    "rotation": [
      [
        0.81231457,
        -0.5777074,
        -0.07999494
      ],
      [
        0.5633758,
        0.812734246,
        -0.148562253
      ],
      [
        0.150840133,
        0.0756120756,
        0.9856622
      ]
    ],
    "translation": [
      2.22428632,
      0.785903037,
      -0.796924651
    ]
  },
  {
    "timeStamp": 34525,
    "rotation": [
      [
        0.811970353,
        -0.5825034,
        -0.0373350158
      ],
      [
        0.5616129,
        0.797076,
        -0.221947417
      ],
      [
        0.159043968,
        0.159246892,
        0.9743436
      ]
    ],
    "translation": [
      2.22899151,
      0.779629469,
      -0.8026787
    ]
  },
  {
    "timeStamp": 34580,
    "rotation": [
      [
        0.832024038,
        -0.5541546,
        0.0254698917
      ],
      [
        0.540530145,
        0.7995319,
        -0.261870027
      ],
      [
        0.124752484,
        0.2316494,
        0.964767039
      ]
    ],
    "translation": [
      2.23004627,
      0.7695956,
      -0.8099239
    ]
  },
  {
    "timeStamp": 34625,
    "rotation": [
      [
        0.8256197,
        -0.5622193,
        0.0475550666
      ],
      [
        0.548005342,
        0.778965056,
        -0.304800719
      ],
      [
        0.134321108,
        0.277709931,
        0.951228142
      ]
    ],
    "translation": [
      2.23568463,
      0.7678461,
      -0.8135011
    ]
  },
  {
    "timeStamp": 34680,
    "rotation": [
      [
        0.857870042,
        -0.513545156,
        0.0181767382
      ],
      [
        0.492397249,
        0.811395943,
        -0.314930975
      ],
      [
        0.146982729,
        0.279120028,
        0.9489405
      ]
    ],
    "translation": [
      2.23928952,
      0.7640229,
      -0.8124267
    ]
  },
  {
    "timeStamp": 34725,
    "rotation": [
      [
        0.8731082,
        -0.4859484,
        0.03919336
      ],
      [
        0.4744668,
        0.82848686,
        -0.297474027
      ],
      [
        0.112085849,
        0.278322965,
        0.9539251
      ]
    ],
    "translation": [
      2.23944068,
      0.762266338,
      -0.814315
    ]
  },
  {
    "timeStamp": 34780,
    "rotation": [
      [
        0.8874107,
        -0.460129052,
        0.02799039
      ],
      [
        0.448455065,
        0.847649753,
        -0.28351
      ],
      [
        0.106725141,
        0.264142245,
        0.9585607
      ]
    ],
    "translation": [
      2.24077868,
      0.7599235,
      -0.8146846
    ]
  },
  {
    "timeStamp": 34825,
    "rotation": [
      [
        0.8827265,
        -0.469075739,
        0.0276036058
      ],
      [
        0.453412831,
        0.834887862,
        -0.312056124
      ],
      [
        0.123332039,
        0.287976027,
        0.949662566
      ]
    ],
    "translation": [
      2.24243522,
      0.761120439,
      -0.813809752
    ]
  },
  {
    "timeStamp": 34880,
    "rotation": [
      [
        0.855259359,
        -0.517271161,
        0.0310170334
      ],
      [
        0.4991968,
        0.8063573,
        -0.317159861
      ],
      [
        0.139046833,
        0.286737531,
        0.9478647
      ]
    ],
    "translation": [
      2.24695277,
      0.7648355,
      -0.8127639
    ]
  },
  {
    "timeStamp": 34925,
    "rotation": [
      [
        0.8615598,
        -0.5076192,
        0.006108365
      ],
      [
        0.4831721,
        0.816256344,
        -0.316654652
      ],
      [
        0.155754,
        0.2757683,
        0.9485212
      ]
    ],
    "translation": [
      2.24820423,
      0.7715759,
      -0.81412816
    ]
  },
  {
    "timeStamp": 34980,
    "rotation": [
      [
        0.858276069,
        -0.513188,
        0.000551745237
      ],
      [
        0.487576157,
        0.815105438,
        -0.312846154
      ],
      [
        0.160099164,
        0.26877737,
        0.94980365
      ]
    ],
    "translation": [
      2.24800682,
      0.7792697,
      -0.813596666
    ]
  },
  {
    "timeStamp": 35025,
    "rotation": [
      [
        0.857958555,
        -0.5131121,
        -0.0249610227
      ],
      [
        0.483452231,
        0.822888255,
        -0.298544437
      ],
      [
        0.1737269,
        0.24407129,
        0.954069257
      ]
    ],
    "translation": [
      2.24882,
      0.7824062,
      -0.8153806
    ]
  },
  {
    "timeStamp": 35080,
    "rotation": [
      [
        0.847345352,
        -0.5268469,
        -0.06662039
      ],
      [
        0.492071033,
        0.826130569,
        -0.274543971
      ],
      [
        0.199679777,
        0.1998516,
        0.959264
      ]
    ],
    "translation": [
      2.250011,
      0.7816503,
      -0.818172932
    ]
  },
  {
    "timeStamp": 35125,
    "rotation": [
      [
        0.8361142,
        -0.544428468,
        -0.0671614856
      ],
      [
        0.5133615,
        0.8197323,
        -0.253966331
      ],
      [
        0.193320945,
        0.177866742,
        0.96487844
      ]
    ],
    "translation": [
      2.24977231,
      0.780045748,
      -0.818746746
    ]
  },
  {
    "timeStamp": 35180,
    "rotation": [
      [
        0.8249076,
        -0.560384,
        -0.07414338
      ],
      [
        0.535866141,
        0.8169965,
        -0.212988675
      ],
      [
        0.179930329,
        0.135965049,
        0.974237442
      ]
    ],
    "translation": [
      2.24979687,
      0.777644038,
      -0.8200826
    ]
  },
  {
    "timeStamp": 35225,
    "rotation": [
      [
        0.757139146,
        -0.649797,
        -0.06711339
      ],
      [
        0.627317846,
        0.751892865,
        -0.20280385
      ],
      [
        0.1822434,
        0.1114493,
        0.9769168
      ]
    ],
    "translation": [
      2.24892259,
      0.7713445,
      -0.821332932
    ]
  },
  {
    "timeStamp": 35280,
    "rotation": [
      [
        0.739654,
        -0.6681875,
        -0.0802334845
      ],
      [
        0.6458288,
        0.7382691,
        -0.19458656
      ],
      [
        0.189254224,
        0.0921096355,
        0.9775984
      ]
    ],
    "translation": [
      2.249184,
      0.7706186,
      -0.8228292
    ]
  },
  {
    "timeStamp": 35325,
    "rotation": [
      [
        0.727066755,
        -0.6851724,
        -0.0437355861
      ],
      [
        0.677061,
        0.726107538,
        -0.119817473
      ],
      [
        0.113852359,
        0.0575036369,
        0.991832137
      ]
    ],
    "translation": [
      2.2471,
      0.7666086,
      -0.8225804
    ]
  },
  {
    "timeStamp": 35383,
    "rotation": [
      [
        0.740189552,
        -0.6703813,
        -0.0520414636
      ],
      [
        0.6638551,
        0.7408914,
        -0.101864055
      ],
      [
        0.106844835,
        0.0408507176,
        0.9934361
      ]
    ],
    "translation": [
      2.25075126,
      0.767536938,
      -0.823363066
    ]
  },
  {
    "timeStamp": 35433,
    "rotation": [
      [
        0.7420406,
        -0.6691442,
        -0.0402703881
      ],
      [
        0.662961543,
        0.741428733,
        -0.10375645
      ],
      [
        0.09928565,
        0.05029378,
        0.9937871
      ]
    ],
    "translation": [
      2.24964738,
      0.7669727,
      -0.8239162
    ]
  },
  {
    "timeStamp": 35478,
    "rotation": [
      [
        0.754138649,
        -0.655500054,
        -0.0399314277
      ],
      [
        0.6536913,
        0.755105555,
        -0.0500323772
      ],
      [
        0.06294867,
        0.0116285216,
        0.997949
      ]
    ],
    "translation": [
      2.24986053,
      0.767606139,
      -0.8239107
    ]
  },
  {
    "timeStamp": 35533,
    "rotation": [
      [
        0.743614733,
        -0.6678552,
        -0.0317257531
      ],
      [
        0.659885943,
        0.7407267,
        -0.125993967
      ],
      [
        0.107645839,
        0.07275559,
        0.9915235
      ]
    ],
    "translation": [
      2.24635482,
      0.7689637,
      -0.8232048
    ]
  },
  {
    "timeStamp": 35578,
    "rotation": [
      [
        0.7556646,
        -0.653080165,
        -0.0495715961
      ],
      [
        0.642288148,
        0.7537356,
        -0.139099374
      ],
      [
        0.128206924,
        0.07327322,
        0.989036858
      ]
    ],
    "translation": [
      2.246993,
      0.770305037,
      -0.8238524
    ]
  },
  {
    "timeStamp": 35633,
    "rotation": [
      [
        0.7462962,
        -0.661827564,
        -0.07089593
      ],
      [
        0.650052845,
        0.7475993,
        -0.136112675
      ],
      [
        0.143084869,
        0.05549428,
        0.9881534
      ]
    ],
    "translation": [
      2.24723864,
      0.7697562,
      -0.825064659
    ]
  },
  {
    "timeStamp": 35678,
    "rotation": [
      [
        0.7467281,
        -0.661595643,
        -0.06847201
      ],
      [
        0.6501734,
        0.7477672,
        -0.134605974
      ],
      [
        0.140255854,
        0.05599538,
        0.988530636
      ]
    ],
    "translation": [
      2.248505,
      0.7696986,
      -0.825007737
    ]
  },
  {
    "timeStamp": 35733,
    "rotation": [
      [
        0.7573128,
        -0.6511281,
        -0.0500946157
      ],
      [
        0.641057849,
        0.7558473,
        -0.133190751
      ],
      [
        0.124588124,
        0.06875351,
        0.9898236
      ]
    ],
    "translation": [
      2.24986315,
      0.770239234,
      -0.8239927
    ]
  },
  {
    "timeStamp": 35778,
    "rotation": [
      [
        0.772177637,
        -0.6337927,
        -0.04525994
      ],
      [
        0.6225709,
        0.768902063,
        -0.1455856
      ],
      [
        0.127071545,
        0.08424042,
        0.98830986
      ]
    ],
    "translation": [
      2.24986672,
      0.77151525,
      -0.8235121
    ]
  },
  {
    "timeStamp": 35835,
    "rotation": [
      [
        0.772916555,
        -0.633807,
        -0.0298114959
      ],
      [
        0.6260654,
        0.7694292,
        -0.1265735
      ],
      [
        0.103161007,
        0.07916681,
        0.9915092
      ]
    ],
    "translation": [
      2.24910641,
      0.769723237,
      -0.82343924
    ]
  },
  {
    "timeStamp": 35879,
    "rotation": [
      [
        0.7467316,
        -0.66372323,
        -0.04316816
      ],
      [
        0.652573764,
        0.7436443,
        -0.145398214
      ],
      [
        0.128605932,
        0.08040302,
        0.988431036
      ]
    ],
    "translation": [
      2.24947381,
      0.768887043,
      -0.8246738
    ]
  },
  {
    "timeStamp": 35925,
    "rotation": [
      [
        0.74324137,
        -0.6673733,
        -0.0469593
      ],
      [
        0.6533302,
        0.739130735,
        -0.163845763
      ],
      [
        0.144055352,
        0.09109702,
        0.985367656
      ]
    ],
    "translation": [
      2.24845433,
      0.7693074,
      -0.8248061
    ]
  },
  {
    "timeStamp": 35980,
    "rotation": [
      [
        0.7617126,
        -0.6465438,
        -0.04213184
      ],
      [
        0.6382018,
        0.759922862,
        -0.123352662
      ],
      [
        0.111769848,
        0.06707066,
        0.9914682
      ]
    ],
    "translation": [
      2.249373,
      0.768127561,
      -0.8246595
    ]
  },
  {
    "timeStamp": 36025,
    "rotation": [
      [
        0.8185245,
        -0.573101938,
        -0.03964681
      ],
      [
        0.5666009,
        0.816770136,
        -0.10885682
      ],
      [
        0.09476839,
        0.066638045,
        0.993266463
      ]
    ],
    "translation": [
      2.24856853,
      0.7600443,
      -0.8241102
    ]
  },
  {
    "timeStamp": 36080,
    "rotation": [
      [
        0.860772848,
        -0.5089805,
        0.002988074
      ],
      [
        0.5053852,
        0.853965759,
        -0.123807251
      ],
      [
        0.06046376,
        0.108080052,
        0.9923018
      ]
    ],
    "translation": [
      2.24342752,
      0.7558562,
      -0.8231337
    ]
  },
  {
    "timeStamp": 36125,
    "rotation": [
      [
        0.888473332,
        -0.4568914,
        0.0431906357
      ],
      [
        0.4588046,
        0.88210696,
        -0.106703341
      ],
      [
        0.0106530748,
        0.114619136,
        0.993352354
      ]
    ],
    "translation": [
      2.236207,
      0.7528624,
      -0.8211693
    ]
  },
  {
    "timeStamp": 36180,
    "rotation": [
      [
        0.891920865,
        -0.4498818,
        0.04564536
      ],
      [
        0.452053219,
        0.8845977,
        -0.114607126
      ],
      [
        0.0111818789,
        0.12285462,
        0.992361665
      ]
    ],
    "translation": [
      2.231764,
      0.753015637,
      -0.8195791
    ]
  },
  {
    "timeStamp": 36224,
    "rotation": [
      [
        0.8736355,
        -0.433149517,
        0.2216811
      ],
      [
        0.4661976,
        0.8756054,
        -0.126391947
      ],
      [
        -0.13935858,
        0.213767692,
        0.966893256
      ]
    ],
    "translation": [
      2.2241683,
      0.7547164,
      -0.8170513
    ]
  },
  {
    "timeStamp": 36280,
    "rotation": [
      [
        0.849989235,
        -0.445444316,
        0.281243026
      ],
      [
        0.49505803,
        0.857932746,
        -0.137364149
      ],
      [
        -0.180099547,
        0.255989671,
        0.949754357
      ]
    ],
    "translation": [
      2.223975,
      0.757669151,
      -0.815138936
    ]
  },
  {
    "timeStamp": 36324,
    "rotation": [
      [
        0.8538914,
        -0.437726736,
        0.281540275
      ],
      [
        0.4883415,
        0.860927343,
        -0.142571583
      ],
      [
        -0.179978326,
        0.259228438,
        0.948898554
      ]
    ],
    "translation": [
      2.22334981,
      0.7568132,
      -0.8146399
    ]
  },
  {
    "timeStamp": 36379,
    "rotation": [
      [
        0.854693651,
        -0.429525554,
        0.291558653
      ],
      [
        0.480146557,
        0.8675929,
        -0.129390523
      ],
      [
        -0.197377682,
        0.250580162,
        0.947761357
      ]
    ],
    "translation": [
      2.22292638,
      0.7557406,
      -0.815426
    ]
  },
  {
    "timeStamp": 36424,
    "rotation": [
      [
        0.861178,
        -0.435297519,
        0.262466222
      ],
      [
        0.483674675,
        0.860537767,
        -0.159792125
      ],
      [
        -0.156304985,
        0.264557749,
        0.9516186
      ]
    ],
    "translation": [
      2.22517252,
      0.757519245,
      -0.815513253
    ]
  },
  {
    "timeStamp": 36480,
    "rotation": [
      [
        0.8657799,
        -0.446403652,
        0.2261614
      ],
      [
        0.489302218,
        0.849907756,
        -0.195550963
      ],
      [
        -0.104921661,
        0.279965371,
        0.9542593
      ]
    ],
    "translation": [
      2.22759247,
      0.7591691,
      -0.8152638
    ]
  },
  {
    "timeStamp": 36524,
    "rotation": [
      [
        0.86801,
        -0.44462952,
        0.221050352
      ],
      [
        0.4849127,
        0.8548445,
        -0.184663638
      ],
      [
        -0.106856763,
        0.267480016,
        0.95762
      ]
    ],
    "translation": [
      2.22797656,
      0.7582426,
      -0.8162998
    ]
  },
  {
    "timeStamp": 36580,
    "rotation": [
      [
        0.8684654,
        -0.456232876,
        0.19395721
      ],
      [
        0.49019298,
        0.848694444,
        -0.198566154
      ],
      [
        -0.074018,
        0.2675243,
        0.9607039
      ]
    ],
    "translation": [
      2.22877383,
      0.759281635,
      -0.815195262
    ]
  },
  {
    "timeStamp": 36624,
    "rotation": [
      [
        0.858960748,
        -0.4874077,
        0.156908154
      ],
      [
        0.5120362,
        0.819015563,
        -0.258906215
      ],
      [
        -0.00231732661,
        0.3027329,
        0.9530726
      ]
    ],
    "translation": [
      2.2328465,
      0.765347958,
      -0.820099235
    ]
  },
  {
    "timeStamp": 36679,
    "rotation": [
      [
        0.86664927,
        -0.473367631,
        0.157613844
      ],
      [
        0.498833269,
        0.827944636,
        -0.256267458
      ],
      [
        -0.009186827,
        0.300717026,
        0.953669131
      ]
    ],
    "translation": [
      2.23099184,
      0.765199661,
      -0.8219189
    ]
  },
  {
    "timeStamp": 36724,
    "rotation": [
      [
        0.8559397,
        -0.499498636,
        0.1336727
      ],
      [
        0.516163766,
        0.8100388,
        -0.27823028
      ],
      [
        0.030695565,
        0.307145357,
        0.951167464
      ]
    ],
    "translation": [
      2.235362,
      0.771092057,
      -0.8223932
    ]
  },
  {
    "timeStamp": 36779,
    "rotation": [
      [
        0.8524606,
        -0.5096013,
        0.116693564
      ],
      [
        0.520578861,
        0.8069217,
        -0.27906096
      ],
      [
        0.0480472632,
        0.298636675,
        0.95315665
      ]
    ],
    "translation": [
      2.237642,
      0.775400341,
      -0.8206802
    ]
  },
  {
    "timeStamp": 36824,
    "rotation": [
      [
        0.8568871,
        -0.5037544,
        0.10943523
      ],
      [
        0.5129467,
        0.8120825,
        -0.278222173
      ],
      [
        0.05128519,
        0.294539422,
        0.9542622
      ]
    ],
    "translation": [
      2.23733974,
      0.773625851,
      -0.821244657
    ]
  },
  {
    "timeStamp": 36879,
    "rotation": [
      [
        0.8598742,
        -0.5012941,
        0.0965430662
      ],
      [
        0.50548476,
        0.8095947,
        -0.298398256
      ],
      [
        0.07142453,
        0.305386,
        0.9495461
      ]
    ],
    "translation": [
      2.2384057,
      0.771570444,
      -0.8241037
    ]
  },
  {
    "timeStamp": 36924,
    "rotation": [
      [
        0.866996646,
        -0.490505725,
        0.08786842
      ],
      [
        0.4922594,
        0.815639,
        -0.303996235
      ],
      [
        0.07744298,
        0.30681777,
        0.9486124
      ]
    ],
    "translation": [
      2.23725963,
      0.7677307,
      -0.8258128
    ]
  },
  {
    "timeStamp": 36979,
    "rotation": [
      [
        0.8669452,
        -0.496252924,
        0.0462498143
      ],
      [
        0.483100742,
        0.813883,
        -0.322812825
      ],
      [
        0.122554876,
        0.302204341,
        0.9453321
      ]
    ],
    "translation": [
      2.23843622,
      0.7640074,
      -0.823915541
    ]
  },
  {
    "timeStamp": 37024,
    "rotation": [
      [
        0.868077636,
        -0.49642536,
        0.00174958236
      ],
      [
        0.467988461,
        0.8171654,
        -0.336492926
      ],
      [
        0.165613919,
        0.292920768,
        0.941684365
      ]
    ],
    "translation": [
      2.24051142,
      0.763417959,
      -0.821447551
    ]
  },
  {
    "timeStamp": 37079,
    "rotation": [
      [
        0.866784632,
        -0.498550564,
        -0.0114790695
      ],
      [
        0.4664496,
        0.8186853,
        -0.334931642
      ],
      [
        0.1763781,
        0.2849592,
        0.9421725
      ]
    ],
    "translation": [
      2.24101067,
      0.763183,
      -0.8211067
    ]
  },
  {
    "timeStamp": 37124,
    "rotation": [
      [
        0.8631529,
        -0.504118145,
        -0.0288437586
      ],
      [
        0.466947079,
        0.818638861,
        -0.334351331
      ],
      [
        0.192165181,
        0.275127828,
        0.942007
      ]
    ],
    "translation": [
      2.241522,
      0.7631667,
      -0.8203988
    ]
  },
  {
    "timeStamp": 37179,
    "rotation": [
      [
        0.86631906,
        -0.49893564,
        -0.0235484764
      ],
      [
        0.46688965,
        0.825628,
        -0.3167847
      ],
      [
        0.177497461,
        0.2634421,
        0.9482051
      ]
    ],
    "translation": [
      2.2414608,
      0.762204349,
      -0.821433544
    ]
  },
  {
    "timeStamp": 37224,
    "rotation": [
      [
        0.8628698,
        -0.505099058,
        -0.0181856342
      ],
      [
        0.475355685,
        0.8232329,
        -0.310362
      ],
      [
        0.171734586,
        0.25915736,
        0.9504445
      ]
    ],
    "translation": [
      2.24109459,
      0.762710869,
      -0.821790755
    ]
  },
  {
    "timeStamp": 37279,
    "rotation": [
      [
        0.8634912,
        -0.5042127,
        -0.0123554515
      ],
      [
        0.478701323,
        0.8270242,
        -0.294747233
      ],
      [
        0.158833548,
        0.248597071,
        0.955495358
      ]
    ],
    "translation": [
      2.24086547,
      0.762391448,
      -0.8236794
    ]
  },
  {
    "timeStamp": 37335,
    "rotation": [
      [
        0.8386222,
        -0.5443436,
        -0.0200712867
      ],
      [
        0.4978283,
        0.7808745,
        -0.377361953
      ],
      [
        0.221087724,
        0.306472063,
        0.9258483
      ]
    ],
    "translation": [
      2.24538684,
      0.767681062,
      -0.83148
    ]
  },
  {
    "timeStamp": 37379,
    "rotation": [
      [
        0.828701437,
        -0.55865407,
        -0.0340518057
      ],
      [
        0.505179644,
        0.7727941,
        -0.384165078
      ],
      [
        0.240930423,
        0.301155865,
        0.9226363
      ]
    ],
    "translation": [
      2.24801159,
      0.7694291,
      -0.8300314
    ]
  },
  {
    "timeStamp": 37435,
    "rotation": [
      [
        0.838407755,
        -0.543568969,
        -0.04006558
      ],
      [
        0.489145726,
        0.7828148,
        -0.3846264
      ],
      [
        0.2404349,
        0.302875847,
        0.9222024
      ]
    ],
    "translation": [
      2.248629,
      0.771581948,
      -0.8298382
    ]
  },
  {
    "timeStamp": 37479,
    "rotation": [
      [
        0.8381679,
        -0.543716252,
        -0.042978894
      ],
      [
        0.4880015,
        0.7828008,
        -0.3861054
      ],
      [
        0.2435757,
        0.302647382,
        0.9214529
      ]
    ],
    "translation": [
      2.24876881,
      0.7716527,
      -0.82994777
    ]
  },
  {
    "timeStamp": 37535,
    "rotation": [
      [
        0.83313,
        -0.5517448,
        -0.0383659527
      ],
      [
        0.495778173,
        0.7757657,
        -0.390373468
      ],
      [
        0.245149538,
        0.306210846,
        0.9198568
      ]
    ],
    "translation": [
      2.24862576,
      0.77122426,
      -0.8298357
    ]
  },
  {
    "timeStamp": 37579,
    "rotation": [
      [
        0.8295521,
        -0.5577556,
        -0.0274218861
      ],
      [
        0.5063348,
        0.771968,
        -0.384305179
      ],
      [
        0.235517189,
        0.3049165,
        0.922798753
      ]
    ],
    "translation": [
      2.24924,
      0.768355668,
      -0.8316275
    ]
  },
  {
    "timeStamp": 37635,
    "rotation": [
      [
        0.8392675,
        -0.5431577,
        -0.0246934537
      ],
      [
        0.4979703,
        0.7860928,
        -0.36617434
      ],
      [
        0.218301773,
        0.295021623,
        0.9302186
      ]
    ],
    "translation": [
      2.24818516,
      0.7664676,
      -0.832353354
    ]
  },
  {
    "timeStamp": 37679,
    "rotation": [
      [
        0.837897,
        -0.544334531,
        -0.0403548256
      ],
      [
        0.4962579,
        0.7905024,
        -0.358934581
      ],
      [
        0.227281064,
        0.2807238,
        0.9324899
      ]
    ],
    "translation": [
      2.24757576,
      0.7660822,
      -0.831467
    ]
  },
  {
    "timeStamp": 37735,
    "rotation": [
      [
        0.841309965,
        -0.538113058,
        -0.0513019562
      ],
      [
        0.489194751,
        0.79831636,
        -0.351254284
      ],
      [
        0.22996971,
        0.2704171,
        0.9348736
      ]
    ],
    "translation": [
      2.2471354,
      0.765062332,
      -0.830864668
    ]
  },
  {
    "timeStamp": 37779,
    "rotation": [
      [
        0.8457704,
        -0.5312462,
        -0.049496375
      ],
      [
        0.486440182,
        0.8058847,
        -0.3375289
      ],
      [
        0.219199315,
        0.261394948,
        0.940012932
      ]
    ],
    "translation": [
      2.247159,
      0.764009953,
      -0.831432164
    ]
  },
  {
    "timeStamp": 37833,
    "rotation": [
      [
        0.846537769,
        -0.5302108,
        -0.04743763
      ],
      [
        0.4886184,
        0.8092995,
        -0.326015919
      ],
      [
        0.211248413,
        0.2528059,
        0.9441734
      ]
    ],
    "translation": [
      2.24702644,
      0.7636614,
      -0.8320375
    ]
  },
  {
    "timeStamp": 37877,
    "rotation": [
      [
        0.8474223,
        -0.5289496,
        -0.04569158
      ],
      [
        0.489661783,
        0.8119321,
        -0.317801237
      ],
      [
        0.2051993,
        0.246938437,
        0.9470558
      ]
    ],
    "translation": [
      2.24678779,
      0.7635017,
      -0.8324519
    ]
  },
  {
    "timeStamp": 37932,
    "rotation": [
      [
        0.8586973,
        -0.511375964,
        -0.0336685
      ],
      [
        0.479263216,
        0.8245687,
        -0.30065456
      ],
      [
        0.18150951,
        0.24203518,
        0.953138649
      ]
    ],
    "translation": [
      2.24661565,
      0.761635542,
      -0.833926141
    ]
  },
  {
    "timeStamp": 37977,
    "rotation": [
      [
        0.8627004,
        -0.50490284,
        -0.0286565926
      ],
      [
        0.476403177,
        0.830402434,
        -0.2889149
      ],
      [
        0.169670448,
        0.2355949,
        0.9569258
      ]
    ],
    "translation": [
      2.246216,
      0.7599821,
      -0.8348649
    ]
  },
  {
    "timeStamp": 38033,
    "rotation": [
      [
        0.866617441,
        -0.4982691,
        -0.0264988728
      ],
      [
        0.473205179,
        0.837549269,
        -0.273108244
      ],
      [
        0.158275515,
        0.224140972,
        0.9616183
      ]
    ],
    "translation": [
      2.24628,
      0.759465456,
      -0.8361428
    ]
  }
]