[
  {
    "timeStamp": 68620,
    "rotation": [
      [
        0.356434673,
        -0.618225157,
        -0.7005369
      ],
      [
        0.8361729,
        -0.123450637,
        0.534392
      ],
      [
        -0.4168563,
        -0.7762458,
        0.472941041
      ]
    ],
    "translation": [
      1.31096375,
      0.6906652,
      -0.363865644
    ]
  },
  {
    "timeStamp": 68667,
    "rotation": [
      [
        0.381002724,
        -0.6367235,
        -0.670388
      ],
      [
        0.8241034,
        -0.09484155,
        0.558443
      ],
      [
        -0.419154435,
        -0.7652374,
        0.488591164
      ]
    ],
    "translation": [
      1.31131911,
      0.6900758,
      -0.364262581
    ]
  },
  {
    "timeStamp": 68720,
    "rotation": [
      [
        0.386597544,
        -0.626746058,
        -0.6765587
      ],
      [
        0.821814239,
        -0.0987989753,
        0.5611239
      ],
      [
        -0.4185255,
        -0.772934735,
        0.4768734
      ]
    ],
    "translation": [
      1.313366,
      0.6900888,
      -0.363552153
    ]
  },
  {
    "timeStamp": 68765,
    "rotation": [
      [
        0.402615875,
        -0.5991847,
        -0.6920103
      ],
      [
        0.809514165,
        -0.119834512,
        0.5747404
      ],
      [
        -0.427302361,
        -0.7915917,
        0.436801225
      ]
    ],
    "translation": [
      1.32042348,
      0.696703434,
      -0.36152494
    ]
  },
  {
    "timeStamp": 68821,
    "rotation": [
      [
        0.453163862,
        -0.569691658,
        -0.685634
      ],
      [
        0.77492857,
        -0.128399685,
        0.6188693
      ],
      [
        -0.440599859,
        -0.8117666,
        0.383284241
      ]
    ],
    "translation": [
      1.326609,
      0.710189044,
      -0.359238476
    ]
  },
  {
    "timeStamp": 68865,
    "rotation": [
      [
        0.51257205,
        -0.541638255,
        -0.6662566
      ],
      [
        0.7231362,
        -0.146073386,
        0.6750827
      ],
      [
        -0.462972969,
        -0.8278228,
        0.316805065
      ]
    ],
    "translation": [
      1.33622515,
      0.7304342,
      -0.35535267
    ]
  },
  {
    "timeStamp": 68920,
    "rotation": [
      [
        0.589740634,
        -0.4951832,
        -0.6379652
      ],
      [
        0.6463496,
        -0.184208587,
        0.7404724
      ],
      [
        -0.484188169,
        -0.849035263,
        0.211426169
      ]
    ],
    "translation": [
      1.35587931,
      0.7635101,
      -0.355829746
    ]
  },
  {
    "timeStamp": 68965,
    "rotation": [
      [
        0.6408836,
        -0.4396872,
        -0.6292403
      ],
      [
        0.595886052,
        -0.231803373,
        0.768886864
      ],
      [
        -0.483929724,
        -0.8677225,
        0.1134445
      ]
    ],
    "translation": [
      1.37900412,
      0.7940195,
      -0.361722052
    ]
  },
  {
    "timeStamp": 69020,
    "rotation": [
      [
        0.682661533,
        -0.3733253,
        -0.6281731
      ],
      [
        0.544807255,
        -0.312874556,
        0.7780068
      ],
      [
        -0.486989,
        -0.8733486,
        -0.010197103
      ]
    ],
    "translation": [
      1.42184913,
      0.832046151,
      -0.375778139
    ]
  },
  {
    "timeStamp": 69065,
    "rotation": [
      [
        0.695616663,
        -0.335880727,
        -0.635060251
      ],
      [
        0.519107,
        -0.376089156,
        0.76751864
      ],
      [
        -0.496634,
        -0.863563,
        -0.08725584
      ]
    ],
    "translation": [
      1.46856022,
      0.8611396,
      -0.389032036
    ]
  },
  {
    "timeStamp": 69121,
    "rotation": [
      [
        0.6579947,
        -0.3126153,
        -0.685065448
      ],
      [
        0.5289459,
        -0.4556406,
        0.715966344
      ],
      [
        -0.5359657,
        -0.8334647,
        -0.134452492
      ]
    ],
    "translation": [
      1.54142916,
      0.8921732,
      -0.40716657
    ]
  },
  {
    "timeStamp": 69165,
    "rotation": [
      [
        0.63075304,
        -0.311750859,
        -0.7106067
      ],
      [
        0.5333043,
        -0.4910537,
        0.688805342
      ],
      [
        -0.5636817,
        -0.8134357,
        -0.143475577
      ]
    ],
    "translation": [
      1.60565817,
      0.912639856,
      -0.424246341
    ]
  },
  {
    "timeStamp": 69220,
    "rotation": [
      [
        0.5333214,
        -0.2994706,
        -0.791129351
      ],
      [
        0.58059305,
        -0.5505829,
        0.599808455
      ],
      [
        -0.6152073,
        -0.779214859,
        -0.11976707
      ]
    ],
    "translation": [
      1.69332051,
      0.934472,
      -0.4484415
    ]
  },
  {
    "timeStamp": 69271,
    "rotation": [
      [
        0.4675584,
        -0.317275017,
        -0.825061
      ],
      [
        0.6027254,
        -0.5683288,
        0.5601111
      ],
      [
        -0.6466152,
        -0.759169936,
        -0.07449721
      ]
    ],
    "translation": [
      1.76324058,
      0.948569238,
      -0.471053571
    ]
  },
  {
    "timeStamp": 69316,
    "rotation": [
      [
        0.365728259,
        -0.326242566,
        -0.871670067
      ],
      [
        0.646823645,
        -0.5843245,
        0.49008587
      ],
      [
        -0.669225,
        -0.743055046,
        -0.00268256874
      ]
    ],
    "translation": [
      1.84465873,
      0.9625218,
      -0.5016863
    ]
  },
  {
    "timeStamp": 69372,
    "rotation": [
      [
        0.300810963,
        -0.338022679,
        -0.8917699
      ],
      [
        0.6781154,
        -0.581683,
        0.449226439
      ],
      [
        -0.6705761,
        -0.7398551,
        0.05424178
      ]
    ],
    "translation": [
      1.91335082,
      0.972416043,
      -0.53261286
    ]
  },
  {
    "timeStamp": 69416,
    "rotation": [
      [
        0.2377,
        -0.337261558,
        -0.9109079
      ],
      [
        0.7010322,
        -0.5895587,
        0.401216
      ],
      [
        -0.6723485,
        -0.733944952,
        0.0962931141
      ]
    ],
    "translation": [
      1.96381474,
      0.9789074,
      -0.5549535
    ]
  },
  {
    "timeStamp": 69473,
    "rotation": [
      [
        0.1949349,
        -0.345588475,
        -0.9179156
      ],
      [
        0.7357603,
        -0.5673349,
        0.369848549
      ],
      [
        -0.6485809,
        -0.7474622,
        0.143676892
      ]
    ],
    "translation": [
      2.01751161,
      0.975890756,
      -0.5802654
    ]
  },
  {
    "timeStamp": 69516,
    "rotation": [
      [
        0.142662674,
        -0.3634048,
        -0.920643449
      ],
      [
        0.7443874,
        -0.573646545,
        0.3417851
      ],
      [
        -0.6523303,
        -0.734075367,
        0.188676015
      ]
    ],
    "translation": [
      2.06018853,
      0.974914968,
      -0.5965493
    ]
  },
  {
    "timeStamp": 69572,
    "rotation": [
      [
        0.14155376,
        -0.404070646,
        -0.9037087
      ],
      [
        0.7865937,
        -0.5083476,
        0.3505041
      ],
      [
        -0.601026535,
        -0.760466754,
        0.2458809
      ]
    ],
    "translation": [
      2.10194421,
      0.9539508,
      -0.614073336
    ]
  },
  {
    "timeStamp": 69620,
    "rotation": [
      [
        0.142846271,
        -0.4342957,
        -0.8893718
      ],
      [
        0.796296656,
        -0.4832311,
        0.363867164
      ],
      [
        -0.587798059,
        -0.7601809,
        0.276800454
      ]
    ],
    "translation": [
      2.130093,
      0.936550736,
      -0.62327534
    ]
  },
  {
    "timeStamp": 69670,
    "rotation": [
      [
        0.140310541,
        -0.4331978,
        -0.8903104
      ],
      [
        0.8409354,
        -0.422505617,
        0.338107467
      ],
      [
        -0.522628546,
        -0.7961336,
        0.305009365
      ]
    ],
    "translation": [
      2.15592074,
      0.9049084,
      -0.6336188
    ]
  },
  {
    "timeStamp": 69715,
    "rotation": [
      [
        0.148029268,
        -0.4295601,
        -0.8908229
      ],
      [
        0.850930452,
        -0.403702378,
        0.336067975
      ],
      [
        -0.503988743,
        -0.8077763,
        0.305766016
      ]
    ],
    "translation": [
      2.169947,
      0.883452058,
      -0.6371477
    ]
  },
  {
    "timeStamp": 69771,
    "rotation": [
      [
        0.1392045,
        -0.415848762,
        -0.8987168
      ],
      [
        0.880065858,
        -0.364118218,
        0.3047982
      ],
      [
        -0.453989118,
        -0.8333593,
        0.3152874
      ]
    ],
    "translation": [
      2.18377,
      0.8551025,
      -0.642206669
    ]
  },
  {
    "timeStamp": 69815,
    "rotation": [
      [
        0.160530284,
        -0.436023951,
        -0.8855016
      ],
      [
        0.880752265,
        -0.3416829,
        0.327915072
      ],
      [
        -0.4455396,
        -0.832547843,
        0.329178631
      ]
    ],
    "translation": [
      2.19078231,
      0.83665204,
      -0.644845545
    ]
  },
  {
    "timeStamp": 69870,
    "rotation": [
      [
        0.1631373,
        -0.46938917,
        -0.8677903
      ],
      [
        0.883870065,
        -0.321273118,
        0.3399373
      ],
      [
        -0.438360572,
        -0.8224703,
        0.362467378
      ]
    ],
    "translation": [
      2.199933,
      0.8177968,
      -0.647754431
    ]
  },
  {
    "timeStamp": 69915,
    "rotation": [
      [
        0.178518191,
        -0.5074524,
        -0.842984736
      ],
      [
        0.879903734,
        -0.3010864,
        0.3675818
      ],
      [
        -0.440341532,
        -0.8073655,
        0.3927599
      ]
    ],
    "translation": [
      2.20404315,
      0.804608345,
      -0.6496663
    ]
  },
  {
    "timeStamp": 69970,
    "rotation": [
      [
        0.1868237,
        -0.546108246,
        -0.8166166
      ],
      [
        0.8751337,
        -0.285172671,
        0.3909189
      ],
      [
        -0.446360767,
        -0.7876816,
        0.424640715
      ]
    ],
    "translation": [
      2.20875978,
      0.7923362,
      -0.6499132
    ]
  },
  {
    "timeStamp": 70015,
    "rotation": [
      [
        0.184002087,
        -0.5648884,
        -0.8043906
      ],
      [
        0.873740435,
        -0.280865133,
        0.397105
      ],
      [
        -0.4502453,
        -0.7758968,
        0.441886127
      ]
    ],
    "translation": [
      2.21086073,
      0.7843922,
      -0.648897946
    ]
  },
  {
    "timeStamp": 70072,
    "rotation": [
      [
        0.181075841,
        -0.5762345,
        -0.796972632
      ],
      [
        0.874315,
        -0.276735574,
        0.3987363
      ],
      [
        -0.45031628,
        -0.76900667,
        0.453700364
      ]
    ],
    "translation": [
      2.213888,
      0.775372267,
      -0.6457465
    ]
  },
  {
    "timeStamp": 70117,
    "rotation": [
      [
        0.186636433,
        -0.5811113,
        -0.792134166
      ],
      [
        0.879166842,
        -0.261047721,
        0.398647517
      ],
      [
        -0.4384434,
        -0.7708202,
        0.462172776
      ]
    ],
    "translation": [
      2.21364546,
      0.7682307,
      -0.643745
    ]
  },
  {
    "timeStamp": 70174,
    "rotation": [
      [
        0.211152166,
        -0.572400331,
        -0.7923211
      ],
      [
        0.879254341,
        -0.242877752,
        0.409783065
      ],
      [
        -0.426997125,
        -0.7831783,
        0.4520013
      ]
    ],
    "translation": [
      2.20958948,
      0.7607173,
      -0.638717055
    ]
  },
  {
    "timeStamp": 70220,
    "rotation": [
      [
        0.220448524,
        -0.565016031,
        -0.7950845
      ],
      [
        0.881858468,
        -0.232872188,
        0.409995317
      ],
      [
        -0.416807,
        -0.7915349,
        0.446927875
      ]
    ],
    "translation": [
      2.2075913,
      0.755481243,
      -0.6358992
    ]
  },
  {
    "timeStamp": 70264,
    "rotation": [
      [
        0.220066965,
        -0.5589511,
        -0.799464941
      ],
      [
        0.8861545,
        -0.228063911,
        0.403382152
      ],
      [
        -0.4078,
        -0.7972205,
        0.445127666
      ]
    ],
    "translation": [
      2.20715356,
      0.751645148,
      -0.634342253
    ]
  },
  {
    "timeStamp": 70320,
    "rotation": [
      [
        0.221411631,
        -0.552349269,
        -0.803671062
      ],
      [
        0.889360368,
        -0.223683566,
        0.3987529
      ],
      [
        -0.400018871,
        -0.8030417,
        0.441711366
      ]
    ],
    "translation": [
      2.207154,
      0.747615933,
      -0.631317139
    ]
  },
  {
    "timeStamp": 70365,
    "rotation": [
      [
        0.226159334,
        -0.553491652,
        -0.801560342
      ],
      [
        0.8876781,
        -0.2217281,
        0.403564543
      ],
      [
        -0.401098073,
        -0.8027974,
        0.441176534
      ]
    ],
    "translation": [
      2.20708823,
      0.7431788,
      -0.6299145
    ]
  },
  {
    "timeStamp": 70420,
    "rotation": [
      [
        0.2108901,
        -0.5434835,
        -0.8124968
      ],
      [
        0.900266767,
        -0.215853244,
        0.378056943
      ],
      [
        -0.380847782,
        -0.811192334,
        0.443758845
      ]
    ],
    "translation": [
      2.20898652,
      0.738996863,
      -0.6303405
    ]
  },
  {
    "timeStamp": 70465,
    "rotation": [
      [
        0.213814154,
        -0.527211964,
        -0.8223935
      ],
      [
        0.9017953,
        -0.217133164,
        0.373655438
      ],
      [
        -0.375564516,
        -0.8215234,
        0.429011166
      ]
    ],
    "translation": [
      2.20875669,
      0.739175439,
      -0.630253851
    ]
  },
  {
    "timeStamp": 70520,
    "rotation": [
      [
        0.216242477,
        -0.502965868,
        -0.8368181
      ],
      [
        0.901826262,
        -0.225511223,
        0.3685838
      ],
      [
        -0.37409693,
        -0.83436805,
        0.404822737
      ]
    ],
    "translation": [
      2.207144,
      0.745528,
      -0.63050133
    ]
  },
  {
    "timeStamp": 70565,
    "rotation": [
      [
        0.247584909,
        -0.4733457,
        -0.845367134
      ],
      [
        0.897374868,
        -0.2169151,
        0.384273648
      ],
      [
        -0.365267158,
        -0.85375154,
        0.37106362
      ]
    ],
    "translation": [
      2.20172143,
      0.749873459,
      -0.6319227
    ]
  },
  {
    "timeStamp": 70620,
    "rotation": [
      [
        0.262364745,
        -0.447606176,
        -0.8548763
      ],
      [
        0.891891539,
        -0.2257044,
        0.391901821
      ],
      [
        -0.368367016,
        -0.8652781,
        0.3399993
      ]
    ],
    "translation": [
      2.19789171,
      0.754970431,
      -0.6341745
    ]
  },
  {
    "timeStamp": 70665,
    "rotation": [
      [
        0.281943649,
        -0.435538769,
        -0.854876459
      ],
      [
        0.889647841,
        -0.214921385,
        0.4029087
      ],
      [
        -0.3592136,
        -0.874136567,
        0.326880455
      ]
    ],
    "translation": [
      2.19440484,
      0.753492236,
      -0.6379716
    ]
  },
  {
    "timeStamp": 70720,
    "rotation": [
      [
        0.268382072,
        -0.410016447,
        -0.8716981
      ],
      [
        0.8964517,
        -0.224939421,
        0.381807
      ],
      [
        -0.3526264,
        -0.883905351,
        0.307190239
      ]
    ],
    "translation": [
      2.1943326,
      0.751630068,
      -0.641010046
    ]
  },
  {
    "timeStamp": 70765,
    "rotation": [
      [
        0.273546,
        -0.4219676,
        -0.864358664
      ],
      [
        0.8983273,
        -0.209098652,
        0.386375159
      ],
      [
        -0.343774021,
        -0.8821684,
        0.3218669
      ]
    ],
    "translation": [
      2.194904,
      0.747540236,
      -0.6445427
    ]
  },
  {
    "timeStamp": 70820,
    "rotation": [
      [
        0.26550138,
        -0.43618986,
        -0.859795
      ],
      [
        0.8957964,
        -0.218108758,
        0.3872691
      ],
      [
        -0.35645166,
        -0.8730217,
        0.332829148
      ]
    ],
    "translation": [
      2.19531536,
      0.747622967,
      -0.645824134
    ]
  },
  {
    "timeStamp": 70865,
    "rotation": [
      [
        0.269571751,
        -0.44673425,
        -0.85308826
      ],
      [
        0.8861773,
        -0.23160249,
        0.401310354
      ],
      [
        -0.376856446,
        -0.8641694,
        0.333452284
      ]
    ],
    "translation": [
      2.192098,
      0.7526247,
      -0.64571166
    ]
  },
  {
    "timeStamp": 70920,
    "rotation": [
      [
        0.264819562,
        -0.4655943,
        -0.8444481
      ],
      [
        0.871422052,
        -0.2594293,
        0.416317344
      ],
      [
        -0.412909538,
        -0.846119642,
        0.337027133
      ]
    ],
    "translation": [
      2.188339,
      0.7620214,
      -0.647270858
    ]
  },
  {
    "timeStamp": 70976,
    "rotation": [
      [
        0.2529831,
        -0.528684855,
        -0.8102418
      ],
      [
        0.8463367,
        -0.284822434,
        0.4501004
      ],
      [
        -0.468736321,
        -0.7996052,
        0.3753901
      ]
    ],
    "translation": [
      2.1871767,
      0.7738606,
      -0.6506964
    ]
  },
  {
    "timeStamp": 71020,
    "rotation": [
      [
        0.231356233,
        -0.6001265,
        -0.7657169
      ],
      [
        0.818481266,
        -0.305390447,
        0.486646742
      ],
      [
        -0.525892258,
        -0.7393137,
        0.420538336
      ]
    ],
    "translation": [
      2.19033575,
      0.7840247,
      -0.653881669
    ]
  },
  {
    "timeStamp": 71076,
    "rotation": [
      [
        0.191045076,
        -0.7392833,
        -0.645725965
      ],
      [
        0.7656734,
        -0.299393535,
        0.569304645
      ],
      [
        -0.6142036,
        -0.603178,
        0.508851945
      ]
    ],
    "translation": [
      2.19824958,
      0.793967068,
      -0.6613895
    ]
  },
  {
    "timeStamp": 71120,
    "rotation": [
      [
        0.135273114,
        -0.838229656,
        -0.5282728
      ],
      [
        0.7196534,
        -0.283352524,
        0.6338851
      ],
      [
        -0.6810287,
        -0.465920955,
        0.564904869
      ]
    ],
    "translation": [
      2.207578,
      0.800392747,
      -0.6682218
    ]
  },
  {
    "timeStamp": 71165,
    "rotation": [
      [
        0.07863179,
        -0.9223715,
        -0.3782167
      ],
      [
        0.6826725,
        -0.226656169,
        0.6946836
      ],
      [
        -0.7264815,
        -0.3128223,
        0.611855268
      ]
    ],
    "translation": [
      2.212223,
      0.80158186,
      -0.675274
    ]
  },
  {
    "timeStamp": 71219,
    "rotation": [
      [
        0.00523640029,
        -0.975073755,
        -0.2218192
      ],
      [
        0.646015644,
        -0.166022062,
        0.745050669
      ],
      [
        -0.7633062,
        -0.147200063,
        0.6290435
      ]
    ],
    "translation": [
      2.216263,
      0.8017095,
      -0.679808259
    ]
  },
  {
    "timeStamp": 71276,
    "rotation": [
      [
        -0.06884485,
        -0.9890057,
        -0.130874157
      ],
      [
        0.638758242,
        -0.144468114,
        0.7557227
      ],
      [
        -0.7663212,
        -0.0315693356,
        0.6416815
      ]
    ],
    "translation": [
      2.221236,
      0.8010795,
      -0.679337263
    ]
  },
  {
    "timeStamp": 71320,
    "rotation": [
      [
        -0.106590077,
        -0.994078338,
        -0.02113732
      ],
      [
        0.619505167,
        -0.0830243155,
        0.7805897
      ],
      [
        -0.777722239,
        0.070108436,
        0.624686241
      ]
    ],
    "translation": [
      2.22255564,
      0.796563268,
      -0.6765879
    ]
  },
  {
    "timeStamp": 71375,
    "rotation": [
      [
        -0.15059188,
        -0.9828771,
        0.106182158
      ],
      [
        0.632434547,
        -0.0132278372,
        0.774500847
      ],
      [
        -0.7598346,
        0.1837868,
        0.623597443
      ]
    ],
    "translation": [
      2.22109175,
      0.786942244,
      -0.676676869
    ]
  },
  {
    "timeStamp": 71419,
    "rotation": [
      [
        -0.180232644,
        -0.972850144,
        0.145185336
      ],
      [
        0.6417539,
        -0.00444331858,
        0.7668978
      ],
      [
        -0.745431542,
        0.231393263,
        0.6251312
      ]
    ],
    "translation": [
      2.22181225,
      0.7822053,
      -0.67438364
    ]
  },
  {
    "timeStamp": 71475,
    "rotation": [
      [
        -0.2263059,
        -0.9524054,
        0.204229131
      ],
      [
        0.626796961,
        0.0181025658,
        0.7789723
      ],
      [
        -0.7455945,
        0.304296225,
        0.5928681
      ]
    ],
    "translation": [
      2.22020125,
      0.774724543,
      -0.6717282
    ]
  },
  {
    "timeStamp": 71519,
    "rotation": [
      [
        -0.228362247,
        -0.9350211,
        0.271267861
      ],
      [
        0.6758723,
        0.04829419,
        0.7354348
      ],
      [
        -0.700747669,
        0.351287961,
        0.6209263
      ]
    ],
    "translation": [
      2.21558166,
      0.7676509,
      -0.67713356
    ]
  },
  {
    "timeStamp": 71564,
    "rotation": [
      [
        -0.235307783,
        -0.920203567,
        0.312819034
      ],
      [
        0.7022207,
        0.0615543127,
        0.7092934
      ],
      [
        -0.6719497,
        0.386570275,
        0.6317017
      ]
    ],
    "translation": [
      2.211374,
      0.763330042,
      -0.680903
    ]
  },
  {
    "timeStamp": 71617,
    "rotation": [
      [
        -0.226983473,
        -0.9209635,
        0.31670922
      ],
      [
        0.731531262,
        0.05344926,
        0.6797097
      ],
      [
        -0.642915666,
        0.385965556,
        0.6615815
      ]
    ],
    "translation": [
      2.208026,
      0.7591828,
      -0.680563331
    ]
  },
  {
    "timeStamp": 71672,
    "rotation": [
      [
        -0.228678808,
        -0.921286941,
        0.314541548
      ],
      [
        0.729358435,
        0.05186207,
        0.6821632
      ],
      [
        -0.6447808,
        0.3854098,
        0.660088658
      ]
    ],
    "translation": [
      2.20574379,
      0.7582913,
      -0.677108347
    ]
  },
  {
    "timeStamp": 71717,
    "rotation": [
      [
        -0.234293535,
        -0.9091728,
        0.344254851
      ],
      [
        0.733578861,
        0.0670318455,
        0.6762905
      ],
      [
        -0.637941,
        0.410988569,
        0.65124476
      ]
    ],
    "translation": [
      2.20258284,
      0.755640745,
      -0.6772729
    ]
  },
  {
    "timeStamp": 71772,
    "rotation": [
      [
        -0.236925051,
        -0.8868562,
        0.396676958
      ],
      [
        0.7372917,
        0.101757847,
        0.667867
      ],
      [
        -0.632667,
        0.450701028,
        0.6297627
      ]
    ],
    "translation": [
      2.20026827,
      0.750889659,
      -0.6789224
    ]
  },
  {
    "timeStamp": 71817,
    "rotation": [
      [
        -0.242887527,
        -0.864206433,
        0.440627784
      ],
      [
        0.743977666,
        0.125530615,
        0.65630734
      ],
      [
        -0.6224973,
        0.4872261,
        0.612460434
      ]
    ],
    "translation": [
      2.19671178,
      0.745265,
      -0.6813643
    ]
  },
  {
    "timeStamp": 71873,
    "rotation": [
      [
        -0.260153055,
        -0.8167141,
        0.515071452
      ],
      [
        0.7486768,
        0.166248113,
        0.6417512
      ],
      [
        -0.609756947,
        0.5525756,
        0.568204939
      ]
    ],
    "translation": [
      2.19106412,
      0.7390419,
      -0.685346842
    ]
  },
  {
    "timeStamp": 71917,
    "rotation": [
      [
        -0.26953432,
        -0.7927787,
        0.5466747
      ],
      [
        0.7592365,
        0.174263418,
        0.6270504
      ],
      [
        -0.5923776,
        0.584067,
        0.5549365
      ]
    ],
    "translation": [
      2.1887207,
      0.7361436,
      -0.6870942
    ]
  },
  {
    "timeStamp": 71973,
    "rotation": [
      [
        -0.288059831,
        -0.7649953,
        0.5760242
      ],
      [
        0.750816047,
        0.192938283,
        0.6317041
      ],
      [
        -0.59438777,
        0.6144568,
        0.518793
      ]
    ],
    "translation": [
      2.187836,
      0.7321018,
      -0.6850189
    ]
  },
  {
    "timeStamp": 72019,
    "rotation": [
      [
        -0.270820856,
        -0.744972944,
        0.6096485
      ],
      [
        0.7498996,
        0.233824775,
        0.618850946
      ],
      [
        -0.60357815,
        0.624773,
        0.4953303
      ]
    ],
    "translation": [
      2.18343234,
      0.7275966,
      -0.682459533
    ]
  },
  {
    "timeStamp": 72075,
    "rotation": [
      [
        -0.268501759,
        -0.7332213,
        0.62473464
      ],
      [
        0.744784236,
        0.253286332,
        0.6173674
      ],
      [
        -0.6109036,
        0.6310567,
        0.4780838
      ]
    ],
    "translation": [
      2.18189526,
      0.7255727,
      -0.6809591
    ]
  },
  {
    "timeStamp": 72119,
    "rotation": [
      [
        -0.2725422,
        -0.707074,
        0.6525084
      ],
      [
        0.741623,
        0.277668148,
        0.6106519
      ],
      [
        -0.6129569,
        0.650343657,
        0.448706031
      ]
    ],
    "translation": [
      2.17980981,
      0.7237077,
      -0.6805049
    ]
  },
  {
    "timeStamp": 72176,
    "rotation": [
      [
        -0.31891802,
        -0.6586867,
        0.681486
      ],
      [
        0.731257439,
        0.2864236,
        0.619051
      ],
      [
        -0.602954268,
        0.6957682,
        0.390323877
      ]
    ],
    "translation": [
      2.18154216,
      0.7221415,
      -0.6795835
    ]
  },
  {
    "timeStamp": 72219,
    "rotation": [
      [
        -0.3349974,
        -0.6195141,
        0.7099148
      ],
      [
        0.7303036,
        0.305345833,
        0.611081541
      ],
      [
        -0.5953432,
        0.723164,
        0.3501433
      ]
    ],
    "translation": [
      2.18226981,
      0.719716966,
      -0.680565059
    ]
  },
  {
    "timeStamp": 72276,
    "rotation": [
      [
        -0.3580682,
        -0.570651352,
        0.7390157
      ],
      [
        0.7204108,
        0.334654,
        0.607466042
      ],
      [
        -0.5939659,
        0.749909163,
        0.291274458
      ]
    ],
    "translation": [
      2.18138075,
      0.7175941,
      -0.677305639
    ]
  },
  {
    "timeStamp": 72319,
    "rotation": [
      [
        -0.3779088,
        -0.5199106,
        0.7660796
      ],
      [
        0.7064418,
        0.372904748,
        0.6015663
      ],
      [
        -0.5984354,
        0.768527865,
        0.226362571
      ]
    ],
    "translation": [
      2.18098354,
      0.7173902,
      -0.674684942
    ]
  },
  {
    "timeStamp": 72376,
    "rotation": [
      [
        -0.411341518,
        -0.4778301,
        0.7761937
      ],
      [
        0.705930352,
        0.371687055,
        0.6029188
      ],
      [
        -0.5765939,
        0.795944154,
        0.184424445
      ]
    ],
    "translation": [
      2.181565,
      0.7174994,
      -0.6757643
    ]
  },
  {
    "timeStamp": 72420,
    "rotation": [
      [
        -0.424177527,
        -0.425075173,
        0.799615264
      ],
      [
        0.7002897,
        0.4058725,
        0.587249339
      ],
      [
        -0.574166954,
        0.809060335,
        0.1255138
      ]
    ],
    "translation": [
      2.17849159,
      0.7165427,
      -0.6750018
    ]
  },
  {
    "timeStamp": 72476,
    "rotation": [
      [
        -0.446654528,
        -0.383444577,
        0.808374941
      ],
      [
        0.6976681,
        0.416386247,
        0.582993865
      ],
      [
        -0.56014204,
        0.8243742,
        0.08153622
      ]
    ],
    "translation": [
      2.17848158,
      0.71586436,
      -0.674199462
    ]
  },
  {
    "timeStamp": 72519,
    "rotation": [
      [
        -0.4592969,
        -0.356687963,
        0.813523233
      ],
      [
        0.6970796,
        0.422917157,
        0.57898283
      ],
      [
        -0.5505692,
        0.833015442,
        0.0543953553
      ]
    ],
    "translation": [
      2.17895579,
      0.715600967,
      -0.6728029
    ]
  },
  {
    "timeStamp": 72575,
    "rotation": [
      [
        -0.4711445,
        -0.3044207,
        0.8278592
      ],
      [
        0.686259151,
        0.463125855,
        0.560859
      ],
      [
        -0.5541401,
        0.8323716,
        -0.009287705
      ]
    ],
    "translation": [
      2.17697883,
      0.714320838,
      -0.665816069
    ]
  },
  {
    "timeStamp": 72619,
    "rotation": [
      [
        -0.486182362,
        -0.271867573,
        0.8304906
      ],
      [
        0.6860576,
        0.4698917,
        0.555451751
      ],
      [
        -0.54125,
        0.8398153,
        -0.0419362262
      ]
    ],
    "translation": [
      2.17678213,
      0.7141801,
      -0.663061
    ]
  },
  {
    "timeStamp": 72675,
    "rotation": [
      [
        -0.519369364,
        -0.23248893,
        0.822316468
      ],
      [
        0.687840641,
        0.457272232,
        0.5637174
      ],
      [
        -0.507080555,
        0.8584002,
        -0.07757787
      ]
    ],
    "translation": [
      2.17782736,
      0.711925149,
      -0.661989
    ]
  },
  {
    "timeStamp": 72720,
    "rotation": [
      [
        -0.549922764,
        -0.211288586,
        0.8080483
      ],
      [
        0.6890303,
        0.432021022,
        0.581889153
      ],
      [
        -0.472040445,
        0.87676394,
        -0.09199395
      ]
    ],
    "translation": [
      2.178392,
      0.711359262,
      -0.661875963
    ]
  },
  {
    "timeStamp": 72775,
    "rotation": [
      [
        -0.575144351,
        -0.181197584,
        0.7977321
      ],
      [
        0.692180336,
        0.411941916,
        0.5926131
      ],
      [
        -0.435999334,
        0.8930125,
        -0.111504674
      ]
    ],
    "translation": [
      2.17897367,
      0.7112175,
      -0.6617889
    ]
  },
  {
    "timeStamp": 72819,
    "rotation": [
      [
        -0.588509738,
        -0.16216135,
        0.792060554
      ],
      [
        0.708934069,
        0.3674691,
        0.601979136
      ],
      [
        -0.388675541,
        0.9157893,
        -0.101297438
      ]
    ],
    "translation": [
      2.17933035,
      0.710607231,
      -0.6621302
    ]
  },
  {
    "timeStamp": 72875,
    "rotation": [
      [
        -0.6116144,
        -0.133803114,
        0.7797593
      ],
      [
        0.7125655,
        0.3350944,
        0.616410732
      ],
      [
        -0.343770623,
        0.932635248,
        -0.109605066
      ]
    ],
    "translation": [
      2.17988324,
      0.7103408,
      -0.662231863
    ]
  },
  {
    "timeStamp": 72919,
    "rotation": [
      [
        -0.6038066,
        -0.121267788,
        0.787852645
      ],
      [
        0.73812604,
        0.288123518,
        0.6100449
      ],
      [
        -0.300977677,
        0.9498837,
        -0.08445996
      ]
    ],
    "translation": [
      2.17976832,
      0.71002233,
      -0.662754536
    ]
  },
  {
    "timeStamp": 72975,
    "rotation": [
      [
        -0.6127156,
        -0.11642015,
        0.7816815
      ],
      [
        0.7492031,
        0.229249671,
        0.6214011
      ],
      [
        -0.25154382,
        0.966380358,
        -0.0532425046
      ]
    ],
    "translation": [
      2.17990947,
      0.7096262,
      -0.663410664
    ]
  },
  {
    "timeStamp": 73019,
    "rotation": [
      [
        -0.6209919,
        -0.119503237,
        0.7746535
      ],
      [
        0.7561945,
        0.1687172,
        0.6322218
      ],
      [
        -0.206249937,
        0.9783933,
        -0.0144043285
      ]
    ],
    "translation": [
      2.180038,
      0.70925945,
      -0.6642077
    ]
  },
  {
    "timeStamp": 73075,
    "rotation": [
      [
        -0.6020488,
        -0.1352047,
        0.7869288
      ],
      [
        0.7819081,
        0.09979577,
        0.615353942
      ],
      [
        -0.161730915,
        0.9857791,
        0.0456357338
      ]
    ],
    "translation": [
      2.17960072,
      0.708947659,
      -0.665410161
    ]
  }
]