[
  {
    "timeStamp": 99173,
    "rotation": [
      [
        0.999994457,
        0.00333438115,
        -1.29019354E-05
      ],
      [
        -0.00333432551,
        0.9999897,
        0.00309401657
      ],
      [
        2.32184339E-05,
        -0.0030939565,
        0.999995232
      ]
    ],
    "translation": [
      1.15397942,
      0.6957664,
      -0.6199816
    ]
  },
  {
    "timeStamp": 99219,
    "rotation": [
      [
        0.9863477,
        -0.159455836,
        0.04113606
      ],
      [
        0.157917053,
        0.9867094,
        0.0382986
      ],
      [
        -0.04669627,
        -0.03127965,
        0.9984192
      ]
    ],
    "translation": [
      1.16690528,
      0.7102565,
      -0.6096495
    ]
  },
  {
    "timeStamp": 99273,
    "rotation": [
      [
        0.9836323,
        -0.08647292,
        0.158081755
      ],
      [
        0.0877729058,
        0.9961397,
        -0.00124716107
      ],
      [
        -0.157363668,
        0.0151020428,
        0.9874252
      ]
    ],
    "translation": [
      1.17499042,
      0.737352252,
      -0.600960732
    ]
  },
  {
    "timeStamp": 99319,
    "rotation": [
      [
        0.9719792,
        0.0163258091,
        0.234499365
      ],
      [
        -0.007889368,
        0.9992889,
        -0.0368696041
      ],
      [
        -0.234934539,
        0.0339864343,
        0.9714169
      ]
    ],
    "translation": [
      1.18411493,
      0.763773143,
      -0.593509555
    ]
  },
  {
    "timeStamp": 99373,
    "rotation": [
      [
        0.938417435,
        0.126294747,
        0.321593463
      ],
      [
        -0.111500546,
        0.9916954,
        -0.0640929043
      ],
      [
        -0.327017337,
        0.0242880546,
        0.944706142
      ]
    ],
    "translation": [
      1.20520508,
      0.7947709,
      -0.583378255
    ]
  },
  {
    "timeStamp": 99417,
    "rotation": [
      [
        0.902208,
        0.202954069,
        0.380565941
      ],
      [
        -0.196378157,
        0.9788997,
        -0.0564888641
      ],
      [
        -0.38400054,
        -0.0237701349,
        0.92302686
      ]
    ],
    "translation": [
      1.22870553,
      0.821202934,
      -0.5745464
    ]
  },
  {
    "timeStamp": 99473,
    "rotation": [
      [
        0.8117343,
        0.303457648,
        0.4989998
      ],
      [
        -0.306668639,
        0.9486135,
        -0.0780172348
      ],
      [
        -0.4970329,
        -0.08969833,
        0.8630831
      ]
    ],
    "translation": [
      1.26756585,
      0.8607501,
      -0.557340264
    ]
  },
  {
    "timeStamp": 99515,
    "rotation": [
      [
        0.733313143,
        0.3494879,
        0.583189547
      ],
      [
        -0.3798679,
        0.922005236,
        -0.07487713
      ],
      [
        -0.563872457,
        -0.166626617,
        0.8088778
      ]
    ],
    "translation": [
      1.29884613,
      0.887721837,
      -0.543952048
    ]
  },
  {
    "timeStamp": 99571,
    "rotation": [
      [
        0.5728296,
        0.3820485,
        0.7251932
      ],
      [
        -0.492050171,
        0.8678645,
        -0.06854089
      ],
      [
        -0.655555367,
        -0.3175692,
        0.6851255
      ]
    ],
    "translation": [
      1.3749423,
      0.9367943,
      -0.5246753
    ]
  },
  {
    "timeStamp": 99625,
    "rotation": [
      [
        0.430039942,
        0.351822138,
        0.831436634
      ],
      [
        -0.5756658,
        0.81629467,
        -0.0476660132
      ],
      [
        -0.695467234,
        -0.4581313,
        0.5535712
      ]
    ],
    "translation": [
      1.4534142,
      0.9755655,
      -0.5118058
    ]
  },
  {
    "timeStamp": 99669,
    "rotation": [
      [
        0.326289237,
        0.298656136,
        0.89685
      ],
      [
        -0.6249816,
        0.7799687,
        -0.0323551
      ],
      [
        -0.709178,
        -0.549957633,
        0.44114998
      ]
    ],
    "translation": [
      1.5221796,
      1.00036919,
      -0.5081881
    ]
  },
  {
    "timeStamp": 99725,
    "rotation": [
      [
        0.187317312,
        0.224616885,
        0.956273735
      ],
      [
        -0.6754781,
        0.7362601,
        -0.0406240523
      ],
      [
        -0.7131911,
        -0.638332367,
        0.289638042
      ]
    ],
    "translation": [
      1.61364555,
      1.024786,
      -0.5086726
    ]
  },
  {
    "timeStamp": 99769,
    "rotation": [
      [
        0.113245331,
        0.14491275,
        0.982942462
      ],
      [
        -0.6989789,
        0.714710832,
        -0.0248382986
      ],
      [
        -0.706118941,
        -0.6842432,
        0.182228625
      ]
    ],
    "translation": [
      1.6862005,
      1.03369045,
      -0.514725447
    ]
  },
  {
    "timeStamp": 99825,
    "rotation": [
      [
        0.100568689,
        0.0108549716,
        0.9948709
      ],
      [
        -0.7225814,
        0.68817246,
        0.0655351
      ],
      [
        -0.6839314,
        -0.725465953,
        0.0770522
      ]
    ],
    "translation": [
      1.77206171,
      1.03733659,
      -0.531159163
    ]
  },
  {
    "timeStamp": 99869,
    "rotation": [
      [
        0.107578367,
        -0.071805425,
        0.991600156
      ],
      [
        -0.6887994,
        0.71384424,
        0.1264197
      ],
      [
        -0.7169257,
        -0.69661355,
        0.0273346659
      ]
    ],
    "translation": [
      1.83293712,
      1.03298521,
      -0.547950566
    ]
  },
  {
    "timeStamp": 99926,
    "rotation": [
      [
        0.12178614,
        -0.118732147,
        0.9854292
      ],
      [
        -0.672015131,
        0.7207846,
        0.169897959
      ],
      [
        -0.730454564,
        -0.682914555,
        0.007991774
      ]
    ],
    "translation": [
      1.90220439,
      1.025715,
      -0.5710448
    ]
  },
  {
    "timeStamp": 99970,
    "rotation": [
      [
        0.182950363,
        -0.165719315,
        0.969054341
      ],
      [
        -0.628509939,
        0.7382388,
        0.244905323
      ],
      [
        -0.7559791,
        -0.6538659,
        0.0309048258
      ]
    ],
    "translation": [
      1.94967246,
      1.01558423,
      -0.593242645
    ]
  },
  {
    "timeStamp": 100016,
    "rotation": [
      [
        0.232569814,
        -0.19602859,
        0.952619553
      ],
      [
        -0.5732672,
        0.7636111,
        0.29709053
      ],
      [
        -0.785669148,
        -0.615199864,
        0.06521613
      ]
    ],
    "translation": [
      1.99197972,
      1.00293791,
      -0.6152058
    ]
  },
  {
    "timeStamp": 100073,
    "rotation": [
      [
        0.255895734,
        -0.191428155,
        0.947561443
      ],
      [
        -0.5202478,
        0.7988781,
        0.3018875
      ],
      [
        -0.814775765,
        -0.5702185,
        0.1048394
      ]
    ],
    "translation": [
      2.0406785,
      0.988671,
      -0.6396833
    ]
  },
  {
    "timeStamp": 100116,
    "rotation": [
      [
        0.272241145,
        -0.194715217,
        0.942321956
      ],
      [
        -0.495975256,
        0.810798764,
        0.310827672
      ],
      [
        -0.824556351,
        -0.5519885,
        0.124158859
      ]
    ],
    "translation": [
      2.06586528,
      0.9794382,
      -0.6523224
    ]
  },
  {
    "timeStamp": 100168,
    "rotation": [
      [
        0.30069536,
        -0.180041522,
        0.936572134
      ],
      [
        -0.448029071,
        0.8402498,
        0.30536902
      ],
      [
        -0.841933668,
        -0.5114346,
        0.171995386
      ]
    ],
    "translation": [
      2.10785937,
      0.96101445,
      -0.6729054
    ]
  },
  {
    "timeStamp": 100224,
    "rotation": [
      [
        0.341470361,
        -0.159135386,
        0.9263228
      ],
      [
        -0.413723618,
        0.8594959,
        0.300165951
      ],
      [
        -0.843937635,
        -0.4857394,
        0.227654308
      ]
    ],
    "translation": [
      2.13206744,
      0.945030153,
      -0.683725953
    ]
  },
  {
    "timeStamp": 100268,
    "rotation": [
      [
        0.3596412,
        -0.127180561,
        0.9243827
      ],
      [
        -0.397888184,
        0.875181258,
        0.275213957
      ],
      [
        -0.8440043,
        -0.466779232,
        0.26414758
      ]
    ],
    "translation": [
      2.14481139,
      0.934311152,
      -0.68658036
    ]
  },
  {
    "timeStamp": 100323,
    "rotation": [
      [
        0.387575716,
        -0.09807932,
        0.9166055
      ],
      [
        -0.397886842,
        0.8791352,
        0.2623116
      ],
      [
        -0.831547439,
        -0.466370851,
        0.30170697
      ]
    ],
    "translation": [
      2.15594721,
      0.92183733,
      -0.6848805
    ]
  },
  {
    "timeStamp": 100368,
    "rotation": [
      [
        0.392234355,
        -0.08003761,
        0.91637665
      ],
      [
        -0.393638939,
        0.885779,
        0.245853424
      ],
      [
        -0.8313848,
        -0.4571537,
        0.315927029
      ]
    ],
    "translation": [
      2.1627636,
      0.911477149,
      -0.680040956
    ]
  },
  {
    "timeStamp": 100423,
    "rotation": [
      [
        0.414419562,
        -0.0424839444,
        0.9090938
      ],
      [
        -0.4019019,
        0.8876865,
        0.22469455
      ],
      [
        -0.8165362,
        -0.458484352,
        0.350800246
      ]
    ],
    "translation": [
      2.16608787,
      0.9021084,
      -0.6737237
    ]
  },
  {
    "timeStamp": 100468,
    "rotation": [
      [
        0.421672821,
        0.008289878,
        0.906710148
      ],
      [
        -0.425394624,
        0.884893835,
        0.189742774
      ],
      [
        -0.800769269,
        -0.465719,
        0.376662135
      ]
    ],
    "translation": [
      2.16659856,
      0.897369564,
      -0.668194
    ]
  },
  {
    "timeStamp": 100523,
    "rotation": [
      [
        0.4469223,
        0.0265763029,
        0.894177854
      ],
      [
        -0.435438931,
        0.879615,
        0.191494852
      ],
      [
        -0.7814431,
        -0.474943221,
        0.404691935
      ]
    ],
    "translation": [
      2.17009449,
      0.8886647,
      -0.662207961
    ]
  },
  {
    "timeStamp": 100568,
    "rotation": [
      [
        0.46380055,
        0.0457692631,
        0.8847566
      ],
      [
        -0.430219322,
        0.8846449,
        0.1797629
      ],
      [
        -0.7744678,
        -0.464013517,
        0.429989636
      ]
    ],
    "translation": [
      2.17306232,
      0.8802358,
      -0.6599067
    ]
  },
  {
    "timeStamp": 100625,
    "rotation": [
      [
        0.4760217,
        0.05739671,
        0.8775585
      ],
      [
        -0.429697335,
        0.885823667,
        0.175147176
      ],
      [
        -0.767309248,
        -0.460458428,
        0.4463345
      ]
    ],
    "translation": [
      2.17874312,
      0.870770037,
      -0.6582535
    ]
  },
  {
    "timeStamp": 100670,
    "rotation": [
      [
        0.4927717,
        0.07432672,
        0.866978467
      ],
      [
        -0.425768167,
        0.889523745,
        0.165737808
      ],
      [
        -0.7588792,
        -0.4508027,
        0.469978034
      ]
    ],
    "translation": [
      2.18168449,
      0.864046633,
      -0.6600332
    ]
  },
  {
    "timeStamp": 100715,
    "rotation": [
      [
        0.5059135,
        0.06857428,
        0.8598541
      ],
      [
        -0.417439,
        0.8917952,
        0.174487546
      ],
      [
        -0.7548484,
        -0.447212279,
        0.479796857
      ]
    ],
    "translation": [
      2.184333,
      0.8575811,
      -0.6611027
    ]
  },
  {
    "timeStamp": 100772,
    "rotation": [
      [
        0.526188731,
        0.06761057,
        0.847675741
      ],
      [
        -0.4086318,
        0.8943027,
        0.182325765
      ],
      [
        -0.7457516,
        -0.442325026,
        0.49819985
      ]
    ],
    "translation": [
      2.18599129,
      0.850048959,
      -0.663571656
    ]
  },
  {
    "timeStamp": 100817,
    "rotation": [
      [
        0.5340339,
        0.07695252,
        0.841953754
      ],
      [
        -0.40885675,
        0.895167649,
        0.177513257
      ],
      [
        -0.7400297,
        -0.439036578,
        0.5095124
      ]
    ],
    "translation": [
      2.18699455,
      0.845487058,
      -0.6649134
    ]
  },
  {
    "timeStamp": 100872,
    "rotation": [
      [
        0.564174056,
        0.0604859926,
        0.823437333
      ],
      [
        -0.3859331,
        0.900975645,
        0.198238537
      ],
      [
        -0.7299064,
        -0.429632753,
        0.5316506
      ]
    ],
    "translation": [
      2.188191,
      0.837341249,
      -0.667491555
    ]
  },
  {
    "timeStamp": 100917,
    "rotation": [
      [
        0.575395644,
        0.04626748,
        0.816565454
      ],
      [
        -0.375737578,
        0.9017573,
        0.213670239
      ],
      [
        -0.726457953,
        -0.4297593,
        0.536251664
      ]
    ],
    "translation": [
      2.19029665,
      0.832189441,
      -0.6680612
    ]
  },
  {
    "timeStamp": 100972,
    "rotation": [
      [
        0.585013866,
        0.0352926776,
        0.810255051
      ],
      [
        -0.36301285,
        0.9047823,
        0.2226896
      ],
      [
        -0.7252451,
        -0.4244095,
        0.5421219
      ]
    ],
    "translation": [
      2.194145,
      0.8269388,
      -0.669142
    ]
  },
  {
    "timeStamp": 101017,
    "rotation": [
      [
        0.588067949,
        0.0282898843,
        0.808316648
      ],
      [
        -0.355502337,
        0.9067158,
        0.226901963
      ],
      [
        -0.7264945,
        -0.420792222,
        0.5432676
      ]
    ],
    "translation": [
      2.19766951,
      0.8237691,
      -0.670208
    ]
  },
  {
    "timeStamp": 101072,
    "rotation": [
      [
        0.5979843,
        0.0009365446,
        0.8015073
      ],
      [
        -0.3227538,
        0.915620148,
        0.23972854
      ],
      [
        -0.7336517,
        -0.4020434,
        0.547828734
      ]
    ],
    "translation": [
      2.20305419,
      0.818334341,
      -0.6712101
    ]
  },
  {
    "timeStamp": 101117,
    "rotation": [
      [
        0.5966884,
        -0.00319404039,
        0.802466631
      ],
      [
        -0.28088212,
        0.935903251,
        0.21258007
      ],
      [
        -0.7517102,
        -0.3522426,
        0.5575455
      ]
    ],
    "translation": [
      2.20642638,
      0.8151123,
      -0.672860742
    ]
  },
  {
    "timeStamp": 101173,
    "rotation": [
      [
        0.58792907,
        -0.011164194,
        0.808835447
      ],
      [
        -0.294902921,
        0.92813015,
        0.22717084
      ],
      [
        -0.753240764,
        -0.372088283,
        0.54238236
      ]
    ],
    "translation": [
      2.20858335,
      0.8185205,
      -0.6768156
    ]
  },
  {
    "timeStamp": 101217,
    "rotation": [
      [
        0.5747347,
        -0.005430908,
        0.818321764
      ],
      [
        -0.3136474,
        0.922152936,
        0.226405025
      ],
      [
        -0.755847454,
        -0.3867873,
        0.5282899
      ]
    ],
    "translation": [
      2.20770764,
      0.8252405,
      -0.680999
    ]
  },
  {
    "timeStamp": 101272,
    "rotation": [
      [
        0.563362062,
        -0.00194533006,
        0.8262079
      ],
      [
        -0.332939923,
        0.914675057,
        0.229173645
      ],
      [
        -0.7561575,
        -0.404185325,
        0.5146455
      ]
    ],
    "translation": [
      2.20470929,
      0.8332012,
      -0.6874082
    ]
  },
  {
    "timeStamp": 101316,
    "rotation": [
      [
        0.5500836,
        -0.00486893952,
        0.835095465
      ],
      [
        -0.34143135,
        0.911276639,
        0.230216458
      ],
      [
        -0.7621238,
        -0.411766052,
        0.499615848
      ]
    ],
    "translation": [
      2.20331049,
      0.8366261,
      -0.691957831
    ]
  },
  {
    "timeStamp": 101372,
    "rotation": [
      [
        0.5520725,
        -0.035292998,
        0.8330489
      ],
      [
        -0.3256119,
        0.9106448,
        0.254367739
      ],
      [
        -0.767589033,
        -0.411680043,
        0.491250157
      ]
    ],
    "translation": [
      2.20415831,
      0.8351187,
      -0.697011948
    ]
  },
  {
    "timeStamp": 101416,
    "rotation": [
      [
        0.5338504,
        -0.04555751,
        0.8443508
      ],
      [
        -0.3344972,
        0.9057181,
        0.260358244
      ],
      [
        -0.77660507,
        -0.421425343,
        0.468279064
      ]
    ],
    "translation": [
      2.206159,
      0.835677,
      -0.697097957
    ]
  },
  {
    "timeStamp": 101472,
    "rotation": [
      [
        0.526788652,
        -0.06967206,
        0.8471361
      ],
      [
        -0.334331721,
        0.8993183,
        0.2818668
      ],
      [
        -0.781483233,
        -0.431708723,
        0.4504571
      ]
    ],
    "translation": [
      2.20922637,
      0.834629357,
      -0.693748236
    ]
  },
  {
    "timeStamp": 101516,
    "rotation": [
      [
        0.52930063,
        -0.07598547,
        0.845024943
      ],
      [
        -0.333784044,
        0.8970186,
        0.289734036
      ],
      [
        -0.7800187,
        -0.435412258,
        0.44942975
      ]
    ],
    "translation": [
      2.20956039,
      0.8345279,
      -0.6891758
    ]
  },
  {
    "timeStamp": 101572,
    "rotation": [
      [
        0.5261997,
        -0.07783537,
        0.8467913
      ],
      [
        -0.346215755,
        0.889922142,
        0.29693982
      ],
      [
        -0.7766907,
        -0.449422151,
        0.441328943
      ]
    ],
    "translation": [
      2.20999479,
      0.836066067,
      -0.680184841
    ]
  },
  {
    "timeStamp": 101616,
    "rotation": [
      [
        0.545390964,
        -0.09535199,
        0.8327405
      ],
      [
        -0.339603782,
        0.883169353,
        0.3235447
      ],
      [
        -0.7663015,
        -0.4592602,
        0.449290663
      ]
    ],
    "translation": [
      2.21082187,
      0.8342943,
      -0.673941553
    ]
  },
  {
    "timeStamp": 101665,
    "rotation": [
      [
        0.5546534,
        -0.101745829,
        0.8258374
      ],
      [
        -0.337607026,
        0.879612565,
        0.3351166
      ],
      [
        -0.7605137,
        -0.464682072,
        0.453530043
      ]
    ],
    "translation": [
      2.21100187,
      0.8313651,
      -0.668409765
    ]
  },
  {
    "timeStamp": 101715,
    "rotation": [
      [
        0.5629683,
        -0.105477646,
        0.819720149
      ],
      [
        -0.336943775,
        0.876364,
        0.344172925
      ],
      [
        -0.7546758,
        -0.469958067,
        0.457825124
      ]
    ],
    "translation": [
      2.212305,
      0.8281445,
      -0.664300144
    ]
  },
  {
    "timeStamp": 101770,
    "rotation": [
      [
        0.564943969,
        -0.09761204,
        0.8193352
      ],
      [
        -0.338207126,
        0.878339231,
        0.337840438
      ],
      [
        -0.752631545,
        -0.467965931,
        0.463199347
      ]
    ],
    "translation": [
      2.212658,
      0.825131834,
      -0.664363742
    ]
  }
]