[
  {
    "timeStamp": 22402,
    "rotation": [
      [
        0.999985635,
        0.00483156275,
        0.00232277857
      ],
      [
        -0.00237944885,
        0.011756666,
        0.999928057
      ],
      [
        0.004803907,
        -0.9999192,
        0.0117679937
      ]
    ],
    "translation": [
      1.61686587,
      0.6960326,
      -0.46564132
    ]
  },
  {
    "timeStamp": 22446,
    "rotation": [
      [
        0.999769,
        0.00633779075,
        0.0205387827
      ],
      [
        -0.02063264,
        0.0151173305,
        0.99967283
      ],
      [
        0.00602522865,
        -0.999865651,
        0.0152446032
      ]
    ],
    "translation": [
      1.616804,
      0.700529337,
      -0.465708017
    ]
  },
  {
    "timeStamp": 22502,
    "rotation": [
      [
        0.995325863,
        0.0189116523,
        0.09470338
      ],
      [
        -0.09558863,
        0.0532540381,
        0.993995368
      ],
      [
        0.0137547459,
        -0.99840194,
        0.05481286
      ]
    ],
    "translation": [
      1.60905457,
      0.717876434,
      -0.481543779
    ]
  },
  {
    "timeStamp": 22547,
    "rotation": [
      [
        0.985944033,
        0.0398421362,
        0.162256479
      ],
      [
        -0.163717151,
        0.03662112,
        0.9858274
      ],
      [
        0.0333354659,
        -0.998534739,
        0.0426292121
      ]
    ],
    "translation": [
      1.60398722,
      0.749729931,
      -0.4916717
    ]
  },
  {
    "timeStamp": 22602,
    "rotation": [
      [
        0.9672897,
        0.0947081,
        0.235331491
      ],
      [
        -0.241161764,
        0.0555627756,
        0.968893051
      ],
      [
        0.07868634,
        -0.9939532,
        0.07658528
      ]
    ],
    "translation": [
      1.60111713,
      0.787699461,
      -0.5236241
    ]
  },
  {
    "timeStamp": 22647,
    "rotation": [
      [
        0.9452462,
        0.152453527,
        0.288560957
      ],
      [
        -0.302299023,
        0.07581549,
        0.9501933
      ],
      [
        0.122982927,
        -0.9853983,
        0.117750868
      ]
    ],
    "translation": [
      1.60662532,
      0.818167,
      -0.557951331
    ]
  },
  {
    "timeStamp": 22702,
    "rotation": [
      [
        0.91930896,
        0.20105724,
        0.3383002
      ],
      [
        -0.350009143,
        0.0247476064,
        0.9364193
      ],
      [
        0.179901764,
        -0.9792668,
        0.0931225643
      ]
    ],
    "translation": [
      1.62939191,
      0.8655686,
      -0.590793967
    ]
  },
  {
    "timeStamp": 22747,
    "rotation": [
      [
        0.9103981,
        0.180906981,
        0.3720859
      ],
      [
        -0.373331964,
        -0.0284157041,
        0.927262545
      ],
      [
        0.178321347,
        -0.983089566,
        0.0416687578
      ]
    ],
    "translation": [
      1.66482186,
      0.900907159,
      -0.5999351
    ]
  },
  {
    "timeStamp": 22802,
    "rotation": [
      [
        0.9083318,
        0.06524476,
        0.413130254
      ],
      [
        -0.4058902,
        -0.100850396,
        0.908340454
      ],
      [
        0.100928791,
        -0.99276,
        -0.06512341
      ]
    ],
    "translation": [
      1.73035944,
      0.944901466,
      -0.5961478
    ]
  },
  {
    "timeStamp": 22847,
    "rotation": [
      [
        0.8986967,
        -0.0531473272,
        0.4353384
      ],
      [
        -0.437634349,
        -0.173499689,
        0.8822551
      ],
      [
        0.0286415815,
        -0.9833988,
        -0.179182708
      ]
    ],
    "translation": [
      1.792211,
      0.9822712,
      -0.584671438
    ]
  },
  {
    "timeStamp": 22902,
    "rotation": [
      [
        0.9082315,
        -0.196068183,
        0.369692832
      ],
      [
        -0.4123951,
        -0.26940307,
        0.8702599
      ],
      [
        -0.07103389,
        -0.942856967,
        -0.3255379
      ]
    ],
    "translation": [
      1.87910867,
      1.017431,
      -0.5706874
    ]
  },
  {
    "timeStamp": 22947,
    "rotation": [
      [
        0.905488253,
        -0.298180521,
        0.3019593
      ],
      [
        -0.38979423,
        -0.303069174,
        0.8696031
      ],
      [
        -0.167784154,
        -0.9051174,
        -0.3906546
      ]
    ],
    "translation": [
      1.94885671,
      1.02921855,
      -0.565080643
    ]
  },
  {
    "timeStamp": 23002,
    "rotation": [
      [
        0.8967169,
        -0.396691471,
        0.196302712
      ],
      [
        -0.340276271,
        -0.334263146,
        0.8789085
      ],
      [
        -0.283038735,
        -0.854929268,
        -0.4347241
      ]
    ],
    "translation": [
      2.02971745,
      1.03141975,
      -0.563244
    ]
  },
  {
    "timeStamp": 23047,
    "rotation": [
      [
        0.878321946,
        -0.4594169,
        0.132237092
      ],
      [
        -0.3126426,
        -0.342725515,
        0.8858859
      ],
      [
        -0.3616699,
        -0.819435954,
        -0.44465667
      ]
    ],
    "translation": [
      2.08497357,
      1.02613854,
      -0.5653418
    ]
  },
  {
    "timeStamp": 23112,
    "rotation": [
      [
        0.8716922,
        -0.4896346,
        0.02026252
      ],
      [
        -0.22938861,
        -0.3711423,
        0.8997968
      ],
      [
        -0.433051378,
        -0.788993835,
        -0.4358385
      ]
    ],
    "translation": [
      2.14141417,
      1.00588369,
      -0.568505466
    ]
  },
  {
    "timeStamp": 23148,
    "rotation": [
      [
        0.876523435,
        -0.4813584,
        -0.0008631177
      ],
      [
        -0.202500656,
        -0.3703665,
        0.9065441
      ],
      [
        -0.436692268,
        -0.794432342,
        -0.422110319
      ]
    ],
    "translation": [
      2.162039,
      0.9782892,
      -0.569083
    ]
  },
  {
    "timeStamp": 23197,
    "rotation": [
      [
        0.878687859,
        -0.476728946,
        -0.0252414756
      ],
      [
        -0.157830492,
        -0.339993715,
        0.9270889
      ],
      [
        -0.450552046,
        -0.8106379,
        -0.3739907
      ]
    ],
    "translation": [
      2.18151474,
      0.93092227,
      -0.568865061
    ]
  },
  {
    "timeStamp": 23253,
    "rotation": [
      [
        0.8890481,
        -0.457690656,
        -0.0106158266
      ],
      [
        -0.152984619,
        -0.318862617,
        0.9353728
      ],
      [
        -0.431496382,
        -0.8299674,
        -0.353503853
      ]
    ],
    "translation": [
      2.18635678,
      0.892495751,
      -0.565369
    ]
  },
  {
    "timeStamp": 23297,
    "rotation": [
      [
        0.886976957,
        -0.461491823,
        -0.0172394831
      ],
      [
        -0.138384908,
        -0.301216573,
        0.943460763
      ],
      [
        -0.440592259,
        -0.834442258,
        -0.331035674
      ]
    ],
    "translation": [
      2.19277525,
      0.865107,
      -0.5611036
    ]
  },
  {
    "timeStamp": 23353,
    "rotation": [
      [
        0.888988,
        -0.45769614,
        -0.0146456249
      ],
      [
        -0.131404415,
        -0.2856043,
        0.9492961
      ],
      [
        -0.438672,
        -0.8419884,
        -0.3140421
      ]
    ],
    "translation": [
      2.195504,
      0.84056896,
      -0.5528772
    ]
  },
  {
    "timeStamp": 23397,
    "rotation": [
      [
        0.8857376,
        -0.462446421,
        -0.0401520655
      ],
      [
        -0.10011024,
        -0.274773777,
        0.9562831
      ],
      [
        -0.453262419,
        -0.84299624,
        -0.2896731
      ]
    ],
    "translation": [
      2.20389175,
      0.822326958,
      -0.545907855
    ]
  },
  {
    "timeStamp": 23453,
    "rotation": [
      [
        0.8862919,
        -0.460725248,
        -0.0471051671
      ],
      [
        -0.0681520849,
        -0.230350927,
        0.970718145
      ],
      [
        -0.45808506,
        -0.857129335,
        -0.235557541
      ]
    ],
    "translation": [
      2.2082262,
      0.7974471,
      -0.5401588
    ]
  },
  {
    "timeStamp": 23497,
    "rotation": [
      [
        0.8852294,
        -0.464092165,
        -0.0314231478
      ],
      [
        -0.08003027,
        -0.218503371,
        0.972548962
      ],
      [
        -0.4582184,
        -0.8584142,
        -0.230567023
      ]
    ],
    "translation": [
      2.20843744,
      0.7895516,
      -0.535597563
    ]
  },
  {
    "timeStamp": 23553,
    "rotation": [
      [
        0.8907137,
        -0.453186184,
        -0.0353761539
      ],
      [
        -0.063196674,
        -0.20052591,
        0.97764796
      ],
      [
        -0.450150371,
        -0.8685688,
        -0.207251012
      ]
    ],
    "translation": [
      2.20869255,
      0.7795458,
      -0.5292615
    ]
  },
  {
    "timeStamp": 23598,
    "rotation": [
      [
        0.88680464,
        -0.4616655,
        -0.0210368279
      ],
      [
        -0.0690442547,
        -0.177360162,
        0.9817211
      ],
      [
        -0.456957877,
        -0.869142354,
        -0.189159155
      ]
    ],
    "translation": [
      2.21042275,
      0.770052433,
      -0.526209354
    ]
  },
  {
    "timeStamp": 23644,
    "rotation": [
      [
        0.8904615,
        -0.454621017,
        -0.01995316
      ],
      [
        -0.06050732,
        -0.16174531,
        0.9849758
      ],
      [
        -0.451018035,
        -0.8758757,
        -0.171535864
      ]
    ],
    "translation": [
      2.20861983,
      0.7621536,
      -0.5232495
    ]
  },
  {
    "timeStamp": 23701,
    "rotation": [
      [
        0.8975413,
        -0.439879656,
        -0.030422952
      ],
      [
        -0.0441786461,
        -0.158364013,
        0.986391962
      ],
      [
        -0.438711673,
        -0.883983433,
        -0.161571532
      ]
    ],
    "translation": [
      2.20593429,
      0.7547067,
      -0.519147635
    ]
  },
  {
    "timeStamp": 23746,
    "rotation": [
      [
        0.8986528,
        -0.435514718,
        -0.0524417646
      ],
      [
        -0.0205879044,
        -0.161292464,
        0.9866919
      ],
      [
        -0.4381773,
        -0.885613739,
        -0.153912261
      ]
    ],
    "translation": [
      2.20917463,
      0.750707865,
      -0.5171974
    ]
  }
]