[
  {
    "timeStamp": 45179,
    "rotation": [
      [
        0.908346832,
        -0.4048222,
        0.104999721
      ],
      [
        -0.116233431,
        -0.00319347,
        0.9932168
      ],
      [
        -0.401740879,
        -0.9143898,
        -0.0499546528
      ]
    ],
    "translation": [
      1.45385957,
      0.70316714,
      -0.6249557
    ]
  },
  {
    "timeStamp": 45227,
    "rotation": [
      [
        0.909621,
        -0.393597871,
        0.1329295
      ],
      [
        -0.141324431,
        0.00772274239,
        0.9899332
      ],
      [
        -0.3906622,
        -0.91925025,
        -0.04860023
      ]
    ],
    "translation": [
      1.45062971,
      0.7085021,
      -0.630996168
    ]
  },
  {
    "timeStamp": 45281,
    "rotation": [
      [
        0.9010409,
        -0.399972081,
        0.167772725
      ],
      [
        -0.1663893,
        0.0384640023,
        0.98530966
      ],
      [
        -0.400549561,
        -0.915719867,
        -0.0318934359
      ]
    ],
    "translation": [
      1.455791,
      0.726431847,
      -0.6402109
    ]
  },
  {
    "timeStamp": 45326,
    "rotation": [
      [
        0.899793565,
        -0.400393933,
        0.173367187
      ],
      [
        -0.154221058,
        0.079836,
        0.9848056
      ],
      [
        -0.40815115,
        -0.912858665,
        0.0100867506
      ]
    ],
    "translation": [
      1.46893978,
      0.73867023,
      -0.6539184
    ]
  },
  {
    "timeStamp": 45381,
    "rotation": [
      [
        0.91615963,
        -0.3645615,
        0.166573033
      ],
      [
        -0.134696215,
        0.11138244,
        0.984607
      ],
      [
        -0.3775031,
        -0.9244939,
        0.05293904
      ]
    ],
    "translation": [
      1.4986155,
      0.7520795,
      -0.6822416
    ]
  },
  {
    "timeStamp": 45425,
    "rotation": [
      [
        0.925558448,
        -0.3416838,
        0.163075775
      ],
      [
        -0.116798051,
        0.15203324,
        0.98145
      ],
      [
        -0.360138476,
        -0.927436233,
        0.100807659
      ]
    ],
    "translation": [
      1.52868712,
      0.762013555,
      -0.7073737
    ]
  },
  {
    "timeStamp": 45481,
    "rotation": [
      [
        0.9378927,
        -0.3229123,
        0.12682651
      ],
      [
        -0.08182724,
        0.149355277,
        0.985392
      ],
      [
        -0.337137371,
        -0.9345697,
        0.1136562
      ]
    ],
    "translation": [
      1.57912755,
      0.766873837,
      -0.7357585
    ]
  },
  {
    "timeStamp": 45525,
    "rotation": [
      [
        0.9318134,
        -0.346588,
        0.107706077
      ],
      [
        -0.05659216,
        0.154381543,
        0.9863892
      ],
      [
        -0.358498454,
        -0.925226033,
        0.124240622
      ]
    ],
    "translation": [
      1.62448359,
      0.7693821,
      -0.7519455
    ]
  },
  {
    "timeStamp": 45581,
    "rotation": [
      [
        0.8977578,
        -0.428421855,
        0.102399319
      ],
      [
        -0.02951581,
        0.173436776,
        0.9844026
      ],
      [
        -0.4394994,
        -0.8867775,
        0.143059
      ]
    ],
    "translation": [
      1.68282354,
      0.7742641,
      -0.7650964
    ]
  },
  {
    "timeStamp": 45626,
    "rotation": [
      [
        0.855998933,
        -0.5075275,
        0.09839578
      ],
      [
        -0.009089261,
        0.1755248,
        0.984433055
      ],
      [
        -0.5168977,
        -0.843568,
        0.145636
      ]
    ],
    "translation": [
      1.73121345,
      0.778613865,
      -0.7703613
    ]
  },
  {
    "timeStamp": 45684,
    "rotation": [
      [
        0.780361652,
        -0.614966,
        0.113369174
      ],
      [
        -0.0167064779,
        0.160727784,
        0.986857355
      ],
      [
        -0.625105262,
        -0.7719996,
        0.115151875
      ]
    ],
    "translation": [
      1.78811455,
      0.791229665,
      -0.7669899
    ]
  },
  {
    "timeStamp": 45724,
    "rotation": [
      [
        0.685576737,
        -0.7135354,
        0.1444014
      ],
      [
        -0.0403435044,
        0.160811037,
        0.986160338
      ],
      [
        -0.7268817,
        -0.68191427,
        0.0814617947
      ]
    ],
    "translation": [
      1.8336246,
      0.8080758,
      -0.7580501
    ]
  },
  {
    "timeStamp": 45780,
    "rotation": [
      [
        0.524049342,
        -0.8318623,
        0.182694763
      ],
      [
        -0.0990245938,
        0.153542042,
        0.9831678
      ],
      [
        -0.845911562,
        -0.5333197,
        -0.00191122084
      ]
    ],
    "translation": [
      1.89246917,
      0.836251,
      -0.739511669
    ]
  },
  {
    "timeStamp": 45825,
    "rotation": [
      [
        0.3908316,
        -0.9012902,
        0.186886445
      ],
      [
        -0.1577854,
        0.1344293,
        0.978280365
      ],
      [
        -0.9068376,
        -0.411830872,
        -0.0896712244
      ]
    ],
    "translation": [
      1.94152665,
      0.8607836,
      -0.7243696
    ]
  },
  {
    "timeStamp": 45880,
    "rotation": [
      [
        0.214370072,
        -0.9625101,
        0.166192248
      ],
      [
        -0.241021588,
        0.112760074,
        0.963947
      ],
      [
        -0.9465486,
        -0.246697277,
        -0.207813323
      ]
    ],
    "translation": [
      2.00543165,
      0.8918907,
      -0.7073196
    ]
  },
  {
    "timeStamp": 45925,
    "rotation": [
      [
        0.09371642,
        -0.9915183,
        0.0900486559
      ],
      [
        -0.2983816,
        0.058317434,
        0.952663362
      ],
      [
        -0.9498346,
        -0.116149068,
        -0.2903855
      ]
    ],
    "translation": [
      2.06254458,
      0.9098921,
      -0.695442557
    ]
  },
  {
    "timeStamp": 45980,
    "rotation": [
      [
        -0.0192190763,
        -0.9997999,
        -0.005553182
      ],
      [
        -0.344134867,
        0.00140024547,
        0.9389192
      ],
      [
        -0.9387235,
        0.0199562032,
        -0.344092935
      ]
    ],
    "translation": [
      2.124419,
      0.9221969,
      -0.690056145
    ]
  },
  {
    "timeStamp": 46027,
    "rotation": [
      [
        -0.0678134,
        -0.9934013,
        -0.09249448
      ],
      [
        -0.358606547,
        -0.06224281,
        0.9314114
      ],
      [
        -0.9310224,
        0.0963313058,
        -0.3520193
      ]
    ],
    "translation": [
      2.169216,
      0.9221503,
      -0.687574863
    ]
  },
  {
    "timeStamp": 46075,
    "rotation": [
      [
        -0.117577866,
        -0.981273234,
        -0.15257211
      ],
      [
        -0.355317831,
        -0.101896875,
        0.929175
      ],
      [
        -0.9273212,
        0.163462028,
        -0.3366831
      ]
    ],
    "translation": [
      2.21103883,
      0.913078249,
      -0.6863234
    ]
  },
  {
    "timeStamp": 46131,
    "rotation": [
      [
        -0.204018027,
        -0.9667986,
        -0.153873667
      ],
      [
        -0.359557927,
        -0.072193265,
        0.930325866
      ],
      [
        -0.9105464,
        0.245129734,
        -0.3328914
      ]
    ],
    "translation": [
      2.24327874,
      0.9038555,
      -0.6829295
    ]
  },
  {
    "timeStamp": 46175,
    "rotation": [
      [
        -0.241940886,
        -0.956863165,
        -0.160864815
      ],
      [
        -0.3142603,
        -0.079577744,
        0.9459957
      ],
      [
        -0.9179897,
        0.279428452,
        -0.281451
      ]
    ],
    "translation": [
      2.260372,
      0.884988,
      -0.6840509
    ]
  },
  {
    "timeStamp": 46231,
    "rotation": [
      [
        -0.217534289,
        -0.9609594,
        -0.170985192
      ],
      [
        -0.3085019,
        -0.09850672,
        0.9461094
      ],
      [
        -0.926015854,
        0.258560479,
        -0.275029182
      ]
    ],
    "translation": [
      2.26570773,
      0.8720384,
      -0.682641566
    ]
  },
  {
    "timeStamp": 46276,
    "rotation": [
      [
        -0.225907043,
        -0.961772442,
        -0.154788926
      ],
      [
        -0.275503844,
        -0.08933137,
        0.957140267
      ],
      [
        -0.9343787,
        0.258869678,
        -0.244791433
      ]
    ],
    "translation": [
      2.2662,
      0.85873127,
      -0.683939934
    ]
  },
  {
    "timeStamp": 46331,
    "rotation": [
      [
        -0.212081775,
        -0.961771965,
        -0.173251331
      ],
      [
        -0.260065436,
        -0.115346365,
        0.9586768
      ],
      [
        -0.94201237,
        0.248374537,
        -0.225660771
      ]
    ],
    "translation": [
      2.2682457,
      0.846562862,
      -0.685146451
    ]
  },
  {
    "timeStamp": 46375,
    "rotation": [
      [
        -0.19694747,
        -0.962990344,
        -0.184014574
      ],
      [
        -0.2369621,
        -0.135370582,
        0.962041438
      ],
      [
        -0.951346755,
        0.233076125,
        -0.201531291
      ]
    ],
    "translation": [
      2.2686038,
      0.837822139,
      -0.6860847
    ]
  },
  {
    "timeStamp": 46431,
    "rotation": [
      [
        -0.1785091,
        -0.9635041,
        -0.1994852
      ],
      [
        -0.213289842,
        -0.160028785,
        0.963793635
      ],
      [
        -0.9605425,
        0.214594141,
        -0.17693904
      ]
    ],
    "translation": [
      2.26777053,
      0.8313269,
      -0.6879971
    ]
  }
]