[
  {
    "timeStamp": 48402,
    "rotation": [
      [
        0.999967039,
        0.004057416,
        0.00703765126
      ],
      [
        -0.00370459678,
        0.9987702,
        -0.0494413972
      ],
      [
        -0.00722960057,
        0.0494136959,
        0.9987523
      ]
    ],
    "translation": [
      1.15373635,
      0.6971384,
      -0.621777058
    ]
  },
  {
    "timeStamp": 48446,
    "rotation": [
      [
        0.9899849,
        0.140906066,
        -0.008676999
      ],
      [
        -0.14116919,
        0.987636268,
        -0.06816103
      ],
      [
        -0.00103458448,
        0.0687033162,
        0.997636557
      ]
    ],
    "translation": [
      1.14223266,
      0.7392061,
      -0.6297328
    ]
  },
  {
    "timeStamp": 48502,
    "rotation": [
      [
        0.965271831,
        0.258534521,
        -0.03755313
      ],
      [
        -0.260992885,
        0.960662246,
        -0.09492532
      ],
      [
        0.0115344021,
        0.101429835,
        0.994775832
      ]
    ],
    "translation": [
      1.14189947,
      0.7926127,
      -0.6478261
    ]
  },
  {
    "timeStamp": 48546,
    "rotation": [
      [
        0.9500856,
        0.300429016,
        -0.0841411352
      ],
      [
        -0.308537126,
        0.944767237,
        -0.110542491
      ],
      [
        0.04628362,
        0.1309855,
        0.9903033
      ]
    ],
    "translation": [
      1.15518391,
      0.825669944,
      -0.6703189
    ]
  },
  {
    "timeStamp": 48601,
    "rotation": [
      [
        0.9362883,
        0.3330163,
        -0.111643821
      ],
      [
        -0.347636461,
        0.924008548,
        -0.159238741
      ],
      [
        0.05013075,
        0.187904835,
        0.980907
      ]
    ],
    "translation": [
      1.1879729,
      0.856296659,
      -0.698104739
    ]
  },
  {
    "timeStamp": 48646,
    "rotation": [
      [
        0.9439473,
        0.3033575,
        -0.130144969
      ],
      [
        -0.325211316,
        0.922224343,
        -0.209140867
      ],
      [
        0.0565784,
        0.239742562,
        0.9691865
      ]
    ],
    "translation": [
      1.22702014,
      0.862026155,
      -0.723838151
    ]
  },
  {
    "timeStamp": 48701,
    "rotation": [
      [
        0.962532341,
        0.227717251,
        -0.14722918
      ],
      [
        -0.260108382,
        0.928812,
        -0.263916463
      ],
      [
        0.0766499,
        0.292323679,
        0.9532427
      ]
    ],
    "translation": [
      1.28784621,
      0.850980639,
      -0.759593546
    ]
  },
  {
    "timeStamp": 48746,
    "rotation": [
      [
        0.9790019,
        0.148281053,
        -0.139885545
      ],
      [
        -0.185522243,
        0.9324746,
        -0.3099556
      ],
      [
        0.0844791755,
        0.329399,
        0.9404039
      ]
    ],
    "translation": [
      1.34427643,
      0.834099948,
      -0.78711617
    ]
  },
  {
    "timeStamp": 48802,
    "rotation": [
      [
        0.9920746,
        0.0399030149,
        -0.119145811
      ],
      [
        -0.0806583241,
        0.9293157,
        -0.36037004
      ],
      [
        0.0963442251,
        0.367124081,
        0.925169
      ]
    ],
    "translation": [
      1.42426276,
      0.8090594,
      -0.820623755
    ]
  },
  {
    "timeStamp": 48846,
    "rotation": [
      [
        0.9940891,
        -0.05653902,
        -0.09268273
      ],
      [
        0.0164362229,
        0.922228932,
        -0.386294752
      ],
      [
        0.107315421,
        0.382488072,
        0.917707
      ]
    ],
    "translation": [
      1.49320519,
      0.789055467,
      -0.8437633
    ]
  },
  {
    "timeStamp": 48901,
    "rotation": [
      [
        0.9928467,
        -0.119376265,
        -0.002159916
      ],
      [
        0.107789636,
        0.9039681,
        -0.413791
      ],
      [
        0.05134932,
        0.410598218,
        0.910369337
      ]
    ],
    "translation": [
      1.57127011,
      0.7745879,
      -0.857746542
    ]
  },
  {
    "timeStamp": 48946,
    "rotation": [
      [
        0.9858901,
        -0.129976869,
        0.105483055
      ],
      [
        0.164150208,
        0.874132752,
        -0.4571068
      ],
      [
        -0.0327928849,
        0.46797213,
        0.8831346
      ]
    ],
    "translation": [
      1.62861478,
      0.769971251,
      -0.8605331
    ]
  },
  {
    "timeStamp": 49002,
    "rotation": [
      [
        0.9532957,
        -0.123947993,
        0.275434464
      ],
      [
        0.239401087,
        0.8660901,
        -0.438833624
      ],
      [
        -0.184158519,
        0.484277517,
        0.855313361
      ]
    ],
    "translation": [
      1.69255757,
      0.764764845,
      -0.8490472
    ]
  },
  {
    "timeStamp": 49046,
    "rotation": [
      [
        0.928391635,
        -0.09552203,
        0.359116226
      ],
      [
        0.2505391,
        0.874619663,
        -0.4150549
      ],
      [
        -0.274443239,
        0.475306153,
        0.8359216
      ]
    ],
    "translation": [
      1.73332012,
      0.7696794,
      -0.8389623
    ]
  },
  {
    "timeStamp": 49101,
    "rotation": [
      [
        0.8836566,
        -0.044658348,
        0.466000676
      ],
      [
        0.244493127,
        0.8929171,
        -0.378050447
      ],
      [
        -0.399216861,
        0.448000729,
        0.7999508
      ]
    ],
    "translation": [
      1.77587271,
      0.7810565,
      -0.822324038
    ]
  },
  {
    "timeStamp": 49146,
    "rotation": [
      [
        0.852621853,
        -0.00174054236,
        0.5225255
      ],
      [
        0.218538046,
        0.909523,
        -0.353566051
      ],
      [
        -0.474633545,
        0.415649861,
        0.7758596
      ]
    ],
    "translation": [
      1.80294287,
      0.7939569,
      -0.810460448
    ]
  },
  {
    "timeStamp": 49201,
    "rotation": [
      [
        0.823963344,
        0.0365995169,
        0.565459847
      ],
      [
        0.182277918,
        0.9277514,
        -0.3256563
      ],
      [
        -0.5365251,
        0.3713997,
        0.7577619
      ]
    ],
    "translation": [
      1.82885039,
      0.8108399,
      -0.8011094
    ]
  },
  {
    "timeStamp": 49246,
    "rotation": [
      [
        0.8028215,
        0.08283254,
        0.5904375
      ],
      [
        0.12885578,
        0.9427927,
        -0.3074705
      ],
      [
        -0.582128644,
        0.3229252,
        0.7462208
      ]
    ],
    "translation": [
      1.84395516,
      0.8273053,
      -0.7952166
    ]
  },
  {
    "timeStamp": 49301,
    "rotation": [
      [
        0.7704882,
        0.143819228,
        0.6210186
      ],
      [
        0.06879177,
        0.949767649,
        -0.305301815
      ],
      [
        -0.633731544,
        0.2779524,
        0.721891165
      ]
    ],
    "translation": [
      1.86027837,
      0.8464414,
      -0.7901832
    ]
  },
  {
    "timeStamp": 49346,
    "rotation": [
      [
        0.7503382,
        0.177724674,
        0.6367155
      ],
      [
        0.0327402465,
        0.9520088,
        -0.304314464
      ],
      [
        -0.6602429,
        0.249184981,
        0.7085098
      ]
    ],
    "translation": [
      1.87164438,
      0.858242452,
      -0.7900175
    ]
  },
  {
    "timeStamp": 49401,
    "rotation": [
      [
        0.7348043,
        0.2084791,
        0.6454449
      ],
      [
        -0.00664621,
        0.9537592,
        -0.300498426
      ],
      [
        -0.6782467,
        0.216517761,
        0.702211857
      ]
    ],
    "translation": [
      1.88459265,
      0.8702921,
      -0.7941068
    ]
  },
  {
    "timeStamp": 49446,
    "rotation": [
      [
        0.7242871,
        0.232420787,
        0.6491446
      ],
      [
        -0.0366970673,
        0.9531334,
        -0.300316453
      ],
      [
        -0.688521266,
        0.193693623,
        0.6988714
      ]
    ],
    "translation": [
      1.89469123,
      0.87936455,
      -0.798196256
    ]
  },
  {
    "timeStamp": 49501,
    "rotation": [
      [
        0.722274661,
        0.2505427,
        0.6446299
      ],
      [
        -0.06983771,
        0.953733444,
        -0.292429745
      ],
      [
        -0.6880712,
        0.166195124,
        0.706354856
      ]
    ],
    "translation": [
      1.90718472,
      0.889285147,
      -0.805337548
    ]
  },
  {
    "timeStamp": 49546,
    "rotation": [
      [
        0.7115623,
        0.275183231,
        0.6464931
      ],
      [
        -0.0929149762,
        0.9488862,
        -0.3016317
      ],
      [
        -0.6964524,
        0.154560849,
        0.7007603
      ]
    ],
    "translation": [
      1.91841614,
      0.89725244,
      -0.8094712
    ]
  },
  {
    "timeStamp": 49601,
    "rotation": [
      [
        0.6985561,
        0.295866758,
        0.651522934
      ],
      [
        -0.126617476,
        0.9472557,
        -0.294405669
      ],
      [
        -0.7042636,
        0.1231647,
        0.6991732
      ]
    ],
    "translation": [
      1.93400872,
      0.90825665,
      -0.811913
    ]
  },
  {
    "timeStamp": 49646,
    "rotation": [
      [
        0.689954937,
        0.313601375,
        0.6523928
      ],
      [
        -0.150590613,
        0.9437457,
        -0.29439193
      ],
      [
        -0.7080146,
        0.10487292,
        0.698367357
      ]
    ],
    "translation": [
      1.94618452,
      0.917755,
      -0.812680244
    ]
  },
  {
    "timeStamp": 49701,
    "rotation": [
      [
        0.681576133,
        0.338160783,
        0.6489232
      ],
      [
        -0.198049977,
        0.93896383,
        -0.281288445
      ],
      [
        -0.7044361,
        0.06320027,
        0.706948042
      ]
    ],
    "translation": [
      1.9621501,
      0.9346157,
      -0.811734557
    ]
  },
  {
    "timeStamp": 49751,
    "rotation": [
      [
        0.686279237,
        0.3585564,
        0.632817566
      ],
      [
        -0.240943775,
        0.932993352,
        -0.267337769
      ],
      [
        -0.686270237,
        0.03099492,
        0.726685941
      ]
    ],
    "translation": [
      1.97635317,
      0.9523579,
      -0.811385
    ]
  },
  {
    "timeStamp": 49796,
    "rotation": [
      [
        0.703791559,
        0.3560661,
        0.614731133
      ],
      [
        -0.2799677,
        0.9343094,
        -0.220644459
      ],
      [
        -0.652913153,
        -0.01681716,
        0.757246137
      ]
    ],
    "translation": [
      1.99874294,
      0.9733192,
      -0.809817255
    ]
  },
  {
    "timeStamp": 49852,
    "rotation": [
      [
        0.732305467,
        0.341528356,
        0.5891411
      ],
      [
        -0.29090324,
        0.939123,
        -0.182820544
      ],
      [
        -0.6157143,
        -0.03750257,
        0.7870766
      ]
    ],
    "translation": [
      2.0307498,
      0.9895327,
      -0.806964934
    ]
  },
  {
    "timeStamp": 49896,
    "rotation": [
      [
        0.7680292,
        0.2922009,
        0.5698682
      ],
      [
        -0.256869465,
        0.9556825,
        -0.143836811
      ],
      [
        -0.586642265,
        -0.035910856,
        0.8090496
      ]
    ],
    "translation": [
      2.06092882,
      0.9937915,
      -0.802923
    ]
  },
  {
    "timeStamp": 49952,
    "rotation": [
      [
        0.8134651,
        0.224867478,
        0.536385238
      ],
      [
        -0.1490995,
        0.9720431,
        -0.181387618
      ],
      [
        -0.5621778,
        0.0675777346,
        0.8242509
      ]
    ],
    "translation": [
      2.09952188,
      0.9868948,
      -0.8008804
    ]
  },
  {
    "timeStamp": 49996,
    "rotation": [
      [
        0.870526,
        0.146726876,
        0.469739944
      ],
      [
        -0.0457992144,
        0.9745309,
        -0.219526723
      ],
      [
        -0.489986539,
        0.169590011,
        0.8550745
      ]
    ],
    "translation": [
      2.12537861,
      0.9744528,
      -0.8092698
    ]
  },
  {
    "timeStamp": 50051,
    "rotation": [
      [
        0.9247278,
        -0.0172276553,
        0.380239
      ],
      [
        0.117617466,
        0.96301806,
        -0.242409632
      ],
      [
        -0.362000853,
        0.268885672,
        0.892555833
      ]
    ],
    "translation": [
      2.156804,
      0.950368345,
      -0.822127759
    ]
  },
  {
    "timeStamp": 50096,
    "rotation": [
      [
        0.9347113,
        -0.139076322,
        0.3270667
      ],
      [
        0.225407541,
        0.943474531,
        -0.24299635
      ],
      [
        -0.274784029,
        0.3008547,
        0.9132252
      ]
    ],
    "translation": [
      2.17795849,
      0.9290301,
      -0.8277538
    ]
  },
  {
    "timeStamp": 50151,
    "rotation": [
      [
        0.9377427,
        -0.211931124,
        0.275179744
      ],
      [
        0.290881872,
        0.912143469,
        -0.28875947
      ],
      [
        -0.189806283,
        0.3508269,
        0.9170028
      ]
    ],
    "translation": [
      2.19370151,
      0.911348939,
      -0.83214426
    ]
  },
  {
    "timeStamp": 50196,
    "rotation": [
      [
        0.93902427,
        -0.2314583,
        0.254284441
      ],
      [
        0.305933028,
        0.8999746,
        -0.310565352
      ],
      [
        -0.1569666,
        0.3694224,
        0.915908635
      ]
    ],
    "translation": [
      2.197047,
      0.9009079,
      -0.8295566
    ]
  },
  {
    "timeStamp": 50253,
    "rotation": [
      [
        0.9358768,
        -0.269925028,
        0.226440236
      ],
      [
        0.335253119,
        0.879896045,
        -0.3367319
      ],
      [
        -0.108351484,
        0.391054362,
        0.913967431
      ]
    ],
    "translation": [
      2.200828,
      0.886524,
      -0.8287068
    ]
  },
  {
    "timeStamp": 50299,
    "rotation": [
      [
        0.933287859,
        -0.291963,
        0.209120527
      ],
      [
        0.3500128,
        0.8698478,
        -0.347643316
      ],
      [
        -0.0804040357,
        0.397646159,
        0.914009154
      ]
    ],
    "translation": [
      2.201654,
      0.8744105,
      -0.827900946
    ]
  },
  {
    "timeStamp": 50345,
    "rotation": [
      [
        0.9322669,
        -0.296887249,
        0.206727982
      ],
      [
        0.356258929,
        0.8527806,
        -0.3818965
      ],
      [
        -0.0629133955,
        0.429678142,
        0.9007878
      ]
    ],
    "translation": [
      2.202033,
      0.86530745,
      -0.829359949
    ]
  },
  {
    "timeStamp": 50401,
    "rotation": [
      [
        0.9248235,
        -0.326640725,
        0.1949544
      ],
      [
        0.3788842,
        0.836627364,
        -0.395602524
      ],
      [
        -0.0338843,
        0.439727664,
        0.897491753
      ]
    ],
    "translation": [
      2.204979,
      0.8525671,
      -0.8317397
    ]
  },
  {
    "timeStamp": 50445,
    "rotation": [
      [
        0.926699162,
        -0.325254619,
        0.188250035
      ],
      [
        0.375124127,
        0.830715537,
        -0.411331534
      ],
      [
        -0.0225947481,
        0.451797724,
        0.8918342
      ]
    ],
    "translation": [
      2.20441842,
      0.848338246,
      -0.83261466
    ]
  }
]