[
  {
    "timeStamp": 89012,
    "rotation": [
      [
        -0.9954916,
        0.0130898925,
        -0.0939422
      ],
      [
        -0.09397193,
        -0.00167348969,
        0.995573461
      ],
      [
        0.0128747392,
        0.9999129,
        0.00289602764
      ]
    ],
    "translation": [
      1.3071655,
      0.707253933,
      -0.620292366
    ]
  },
  {
    "timeStamp": 89068,
    "rotation": [
      [
        -0.9977444,
        0.03491143,
        -0.057334017
      ],
      [
        -0.0581517443,
        -0.0228755,
        0.9980456
      ],
      [
        0.03353165,
        0.9991285,
        0.0248540659
      ]
    ],
    "translation": [
      1.30068493,
      0.708600163,
      -0.620838046
    ]
  },
  {
    "timeStamp": 89113,
    "rotation": [
      [
        -0.9989306,
        0.0178553518,
        -0.04264918
      ],
      [
        -0.0428880043,
        -0.0132131092,
        0.9989925
      ],
      [
        0.01727383,
        0.9997533,
        0.0139647583
      ]
    ],
    "translation": [
      1.29571855,
      0.7109704,
      -0.620303
    ]
  },
  {
    "timeStamp": 89167,
    "rotation": [
      [
        -0.9993269,
        -0.004529325,
        -0.0364027321
      ],
      [
        -0.0363982,
        -0.00107986026,
        0.9993368
      ],
      [
        -0.004565631,
        0.999989152,
        0.0009142742
      ]
    ],
    "translation": [
      1.2925837,
      0.7120995,
      -0.618925869
    ]
  },
  {
    "timeStamp": 89211,
    "rotation": [
      [
        -0.999618053,
        -0.00650973432,
        -0.026857486
      ],
      [
        -0.0269549377,
        0.0153755993,
        0.9995184
      ],
      [
        -0.00609364826,
        0.9998606,
        -0.0155451968
      ]
    ],
    "translation": [
      1.28927553,
      0.7142541,
      -0.6134635
    ]
  },
  {
    "timeStamp": 89266,
    "rotation": [
      [
        -0.9999345,
        0.00431521563,
        -0.0105989417
      ],
      [
        -0.0105663966,
        0.00749609573,
        0.9999161
      ],
      [
        0.004394304,
        0.999962568,
        -0.00745000876
      ]
    ],
    "translation": [
      1.28522658,
      0.717777848,
      -0.612220943
    ]
  },
  {
    "timeStamp": 89310,
    "rotation": [
      [
        -0.999967933,
        0.00694094365,
        -0.00399467628
      ],
      [
        -0.00394618372,
        0.00698618824,
        0.9999678
      ],
      [
        0.006968625,
        0.999951541,
        -0.00695857359
      ]
    ],
    "translation": [
      1.28426647,
      0.720006168,
      -0.611844838
    ]
  },
  {
    "timeStamp": 89366,
    "rotation": [
      [
        -0.99974215,
        0.0208065957,
        0.009095306
      ],
      [
        0.009368363,
        0.0130639905,
        0.9998708
      ],
      [
        0.02068509,
        0.999698162,
        -0.0132555459
      ]
    ],
    "translation": [
      1.28365564,
      0.7245375,
      -0.6091779
    ]
  },
  {
    "timeStamp": 89410,
    "rotation": [
      [
        -0.9990516,
        0.0337541327,
        0.0275056344
      ],
      [
        0.02768159,
        0.00475651771,
        0.9996055
      ],
      [
        0.0336099863,
        0.999418855,
        -0.00568637438
      ]
    ],
    "translation": [
      1.28207386,
      0.7307097,
      -0.6111155
    ]
  },
  {
    "timeStamp": 89466,
    "rotation": [
      [
        -0.996744037,
        0.0613398,
        0.0523327067
      ],
      [
        0.0526783653,
        0.00403045444,
        0.9986034
      ],
      [
        0.0610432066,
        0.9981088,
        -0.007248611
      ]
    ],
    "translation": [
      1.284429,
      0.7418883,
      -0.609956861
    ]
  },
  {
    "timeStamp": 89510,
    "rotation": [
      [
        -0.9917934,
        0.09844131,
        0.08157883
      ],
      [
        0.08037338,
        -0.0161562338,
        0.9966339
      ],
      [
        0.0994279459,
        0.9950117,
        0.008111587
      ]
    ],
    "translation": [
      1.28662825,
      0.753695548,
      -0.6109473
    ]
  },
  {
    "timeStamp": 89566,
    "rotation": [
      [
        -0.9842272,
        0.144981742,
        0.101376615
      ],
      [
        0.0996604338,
        -0.0190704875,
        0.9948387
      ],
      [
        0.146166757,
        0.9892506,
        0.00432074862
      ]
    ],
    "translation": [
      1.3003701,
      0.768282,
      -0.6083404
    ]
  },
  {
    "timeStamp": 89612,
    "rotation": [
      [
        -0.9727736,
        0.1889683,
        0.134173051
      ],
      [
        0.128920123,
        -0.0398778319,
        0.990852833
      ],
      [
        0.192590311,
        0.981173158,
        0.0144302873
      ]
    ],
    "translation": [
      1.31352818,
      0.7832739,
      -0.608125746
    ]
  },
  {
    "timeStamp": 89668,
    "rotation": [
      [
        -0.9517017,
        0.25936237,
        0.164301738
      ],
      [
        0.1565135,
        -0.05054713,
        0.986381531
      ],
      [
        0.264135242,
        0.9644564,
        0.007512079
      ]
    ],
    "translation": [
      1.3399992,
      0.802416,
      -0.6048521
    ]
  },
  {
    "timeStamp": 89712,
    "rotation": [
      [
        -0.9248998,
        0.324836,
        0.197589979
      ],
      [
        0.181862935,
        -0.07841252,
        0.9801925
      ],
      [
        0.333895326,
        0.9425142,
        0.0134480949
      ]
    ],
    "translation": [
      1.36475074,
      0.819213748,
      -0.603325248
    ]
  },
  {
    "timeStamp": 89768,
    "rotation": [
      [
        -0.8917386,
        0.404440582,
        0.2030519
      ],
      [
        0.191289112,
        -0.06977101,
        0.9790508
      ],
      [
        0.410135,
        0.91189903,
        -0.01514758
      ]
    ],
    "translation": [
      1.409978,
      0.837825954,
      -0.596306741
    ]
  },
  {
    "timeStamp": 89813,
    "rotation": [
      [
        -0.8565693,
        0.469005972,
        0.215226561
      ],
      [
        0.206365764,
        -0.0709435642,
        0.9758997
      ],
      [
        0.472971737,
        0.880341053,
        -0.0360186957
      ]
    ],
    "translation": [
      1.44980824,
      0.8540601,
      -0.5928395
    ]
  },
  {
    "timeStamp": 89868,
    "rotation": [
      [
        -0.806362,
        0.5575906,
        0.197162643
      ],
      [
        0.205984011,
        -0.0477184542,
        0.9773912
      ],
      [
        0.554392457,
        0.8287434,
        -0.0763764
      ]
    ],
    "translation": [
      1.51163483,
      0.871384263,
      -0.5858231
    ]
  },
  {
    "timeStamp": 89912,
    "rotation": [
      [
        -0.755475938,
        0.627620935,
        0.188010439
      ],
      [
        0.215089187,
        -0.0334713869,
        0.976020634
      ],
      [
        0.61886394,
        0.7777992,
        -0.109707661
      ]
    ],
    "translation": [
      1.56397581,
      0.8867578,
      -0.5810195
    ]
  },
  {
    "timeStamp": 89967,
    "rotation": [
      [
        -0.6971581,
        0.7033602,
        0.1387621
      ],
      [
        0.214354008,
        0.0198046342,
        0.9765552
      ],
      [
        0.684121966,
        0.71055764,
        -0.164575055
      ]
    ],
    "translation": [
      1.63760567,
      0.9027008,
      -0.57575655
    ]
  },
  {
    "timeStamp": 90012,
    "rotation": [
      [
        -0.641519,
        0.7603874,
        0.101313263
      ],
      [
        0.216791138,
        0.0530227125,
        0.974777
      ],
      [
        0.7358362,
        0.6473018,
        -0.198860332
      ]
    ],
    "translation": [
      1.69757593,
      0.914228141,
      -0.5746226
    ]
  },
  {
    "timeStamp": 90067,
    "rotation": [
      [
        -0.5590412,
        0.8278503,
        0.04622575
      ],
      [
        0.213699609,
        0.0899933353,
        0.9727454
      ],
      [
        0.801127553,
        0.553683162,
        -0.22722128
      ]
    ],
    "translation": [
      1.77361488,
      0.92421186,
      -0.579083
    ]
  },
  {
    "timeStamp": 90112,
    "rotation": [
      [
        -0.48903355,
        0.872246444,
        0.005684518
      ],
      [
        0.209803924,
        0.111297995,
        0.9713882
      ],
      [
        0.8466573,
        0.476234049,
        -0.237429187
      ]
    ],
    "translation": [
      1.82974422,
      0.930910468,
      -0.587975264
    ]
  },
  {
    "timeStamp": 90167,
    "rotation": [
      [
        -0.4013752,
        0.9151461,
        -0.0374912359
      ],
      [
        0.204308078,
        0.129359409,
        0.9703218
      ],
      [
        0.892836034,
        0.381803334,
        -0.2388934
      ]
    ],
    "translation": [
      1.8950454,
      0.934748769,
      -0.6030239
    ]
  },
  {
    "timeStamp": 90212,
    "rotation": [
      [
        -0.3458747,
        0.9352526,
        -0.0753207654
      ],
      [
        0.18722485,
        0.147454157,
        0.971187
      ],
      [
        0.91941154,
        0.321807116,
        -0.226103187
      ]
    ],
    "translation": [
      1.94452655,
      0.932355464,
      -0.618714631
    ]
  },
  {
    "timeStamp": 90268,
    "rotation": [
      [
        -0.278346926,
        0.9530928,
        -0.118899383
      ],
      [
        0.160313725,
        0.168156534,
        0.972637057
      ],
      [
        0.9470071,
        0.251669317,
        -0.199599713
      ]
    ],
    "translation": [
      2.00056124,
      0.9251593,
      -0.6405745
    ]
  },
  {
    "timeStamp": 90312,
    "rotation": [
      [
        -0.235141441,
        0.960529149,
        -0.148634523
      ],
      [
        0.136745468,
        0.184094265,
        0.973349869
      ],
      [
        0.9622937,
        0.2085498,
        -0.1746362
      ]
    ],
    "translation": [
      2.04061031,
      0.917114139,
      -0.658937931
    ]
  },
  {
    "timeStamp": 90368,
    "rotation": [
      [
        -0.1917887,
        0.9647877,
        -0.180004567
      ],
      [
        0.102086723,
        0.202025428,
        0.974045157
      ],
      [
        0.976112366,
        0.168434769,
        -0.137238219
      ]
    ],
    "translation": [
      2.08415985,
      0.9044117,
      -0.682022154
    ]
  },
  {
    "timeStamp": 90412,
    "rotation": [
      [
        -0.1616378,
        0.9672641,
        -0.19563587
      ],
      [
        0.07680014,
        0.209971055,
        0.974686563
      ],
      [
        0.9838572,
        0.142521337,
        -0.108225279
      ]
    ],
    "translation": [
      2.11456132,
      0.8932192,
      -0.699195564
    ]
  },
  {
    "timeStamp": 90462,
    "rotation": [
      [
        -0.127366528,
        0.967926264,
        -0.216556042
      ],
      [
        0.0481415763,
        0.224109709,
        0.9733741
      ],
      [
        0.9906867,
        0.113549918,
        -0.07514157
      ]
    ],
    "translation": [
      2.14904642,
      0.8796639,
      -0.7173443
    ]
  },
  {
    "timeStamp": 90518,
    "rotation": [
      [
        -0.09239905,
        0.971122563,
        -0.21996218
      ],
      [
        0.0244331751,
        0.22305198,
        0.9745003
      ],
      [
        0.995422244,
        0.08466853,
        -0.0443374
      ]
    ],
    "translation": [
      2.17687416,
      0.8644326,
      -0.7318608
    ]
  },
  {
    "timeStamp": 90562,
    "rotation": [
      [
        -0.0654509142,
        0.9733858,
        -0.21962741
      ],
      [
        0.012784576,
        0.220899269,
        0.9752128
      ],
      [
        0.9977739,
        0.06102073,
        -0.0269023869
      ]
    ],
    "translation": [
      2.195842,
      0.8518252,
      -0.740140736
    ]
  },
  {
    "timeStamp": 90618,
    "rotation": [
      [
        -0.0338058434,
        0.9763526,
        -0.213524565
      ],
      [
        -0.0060143983,
        0.213444069,
        0.976936758
      ],
      [
        0.9994103,
        0.034310393,
        -0.00134348322
      ]
    ],
    "translation": [
      2.217572,
      0.8344084,
      -0.748646
    ]
  },
  {
    "timeStamp": 90662,
    "rotation": [
      [
        -0.0146495029,
        0.978023648,
        -0.207978621
      ],
      [
        -0.019798642,
        0.20767644,
        0.9779972
      ],
      [
        0.9996966,
        0.0184448678,
        0.0163211823
      ]
    ],
    "translation": [
      2.23144555,
      0.8207786,
      -0.7534742
    ]
  },
  {
    "timeStamp": 90718,
    "rotation": [
      [
        0.00104803988,
        0.979104161,
        -0.203356951
      ],
      [
        -0.0277434066,
        0.203307256,
        0.978721857
      ],
      [
        0.999614537,
        0.004616074,
        0.02737676
      ]
    ],
    "translation": [
      2.24568415,
      0.80636543,
      -0.756144345
    ]
  },
  {
    "timeStamp": 90763,
    "rotation": [
      [
        0.0109614106,
        0.983017147,
        -0.183186039
      ],
      [
        -0.0382272862,
        0.183475077,
        0.9822808
      ],
      [
        0.999209,
        -0.0037644743,
        0.0395892225
      ]
    ],
    "translation": [
      2.25277042,
      0.7951676,
      -0.7582279
    ]
  },
  {
    "timeStamp": 90818,
    "rotation": [
      [
        0.00694701774,
        0.9885496,
        -0.150736243
      ],
      [
        -0.04473179,
        0.150896192,
        0.987537
      ],
      [
        0.9989749,
        -0.00011772845,
        0.04526787
      ]
    ],
    "translation": [
      2.2527647,
      0.7820973,
      -0.757945538
    ]
  },
  {
    "timeStamp": 90864,
    "rotation": [
      [
        0.008003764,
        0.9913856,
        -0.130731031
      ],
      [
        -0.0496354364,
        0.13096793,
        0.9901433
      ],
      [
        0.9987353,
        -0.00143599056,
        0.0502560958
      ]
    ],
    "translation": [
      2.25254846,
      0.7729389,
      -0.757608
    ]
  },
  {
    "timeStamp": 90921,
    "rotation": [
      [
        -0.002778211,
        0.9936558,
        -0.112429693
      ],
      [
        -0.058363542,
        0.112077348,
        0.991984069
      ],
      [
        0.9982915,
        0.009317723,
        0.0576819
      ]
    ],
    "translation": [
      2.25287747,
      0.761961937,
      -0.758335769
    ]
  },
  {
    "timeStamp": 90966,
    "rotation": [
      [
        0.004725124,
        0.995088339,
        -0.09887799
      ],
      [
        -0.0625139,
        0.09897964,
        0.9931239
      ],
      [
        0.9980329,
        0.00148860889,
        0.06267455
      ]
    ],
    "translation": [
      2.25236154,
      0.755673051,
      -0.7580187
    ]
  },
  {
    "timeStamp": 91012,
    "rotation": [
      [
        -0.00231174054,
        0.9957778,
        -0.09176729
      ],
      [
        -0.06906263,
        0.09138945,
        0.9934175
      ],
      [
        0.9976097,
        0.00863421,
        0.0685597658
      ]
    ],
    "translation": [
      2.25245643,
      0.74894166,
      -0.758329451
    ]
  },
  {
    "timeStamp": 91067,
    "rotation": [
      [
        -0.0009955581,
        0.9966884,
        -0.081309095
      ],
      [
        -0.07700258,
        0.08099131,
        0.9937359
      ],
      [
        0.9970304,
        0.007250308,
        0.07666695
      ]
    ],
    "translation": [
      2.252238,
      0.7419154,
      -0.7581917
    ]
  },
  {
    "timeStamp": 91112,
    "rotation": [
      [
        -0.00396911241,
        0.9974172,
        -0.0717158243
      ],
      [
        -0.0841932148,
        0.0711284354,
        0.9939076
      ],
      [
        0.996441543,
        0.009982911,
        0.0836934447
      ]
    ],
    "translation": [
      2.25216627,
      0.7356283,
      -0.758093655
    ]
  },
  {
    "timeStamp": 91167,
    "rotation": [
      [
        -0.01174402,
        0.9981565,
        -0.0595453121
      ],
      [
        -0.0893788859,
        0.0582631752,
        0.99429214
      ],
      [
        0.995928466,
        0.01699906,
        0.08852988
      ]
    ],
    "translation": [
      2.25265861,
      0.7284781,
      -0.758234739
    ]
  },
  {
    "timeStamp": 91212,
    "rotation": [
      [
        -0.00170089339,
        0.9993159,
        -0.03694443
      ],
      [
        -0.09238043,
        0.03662948,
        0.995049834
      ],
      [
        0.995722353,
        0.00510540372,
        0.09225492
      ]
    ],
    "translation": [
      2.25123262,
      0.7279701,
      -0.757809
    ]
  },
  {
    "timeStamp": 91267,
    "rotation": [
      [
        -0.00775334658,
        0.9995732,
        -0.0281651244
      ],
      [
        -0.0891096741,
        0.0273632687,
        0.9956459
      ],
      [
        0.9959916,
        0.0102293715,
        0.08885948
      ]
    ],
    "translation": [
      2.25134158,
      0.7276361,
      -0.75801307
    ]
  },
  {
    "timeStamp": 91312,
    "rotation": [
      [
        -0.0117756771,
        0.9997214,
        -0.0204535034
      ],
      [
        -0.0805956,
        0.0194394346,
        0.9965573
      ],
      [
        0.9966773,
        0.0133836027,
        0.08034424
      ]
    ],
    "translation": [
      2.25140333,
      0.7270403,
      -0.757999957
    ]
  },
  {
    "timeStamp": 91367,
    "rotation": [
      [
        0.0290563982,
        0.9995696,
        0.00403651828
      ],
      [
        -0.07315823,
        -0.00190079806,
        0.9973185
      ],
      [
        0.9968969,
        -0.0292737912,
        0.07307151
      ]
    ],
    "translation": [
      2.24883962,
      0.7260494,
      -0.758186936
    ]
  },
  {
    "timeStamp": 91411,
    "rotation": [
      [
        0.0184162427,
        0.999826431,
        0.00283468119
      ],
      [
        -0.06624421,
        -0.00160876091,
        0.997802138
      ],
      [
        0.9976335,
        -0.0185635481,
        0.06620308
      ]
    ],
    "translation": [
      2.249521,
      0.7260256,
      -0.7581585
    ]
  },
  {
    "timeStamp": 91467,
    "rotation": [
      [
        0.0153198875,
        0.9998612,
        0.00655289972
      ],
      [
        -0.0549331121,
        -0.00570212072,
        0.998473763
      ],
      [
        0.9983725,
        -0.015656475,
        0.0548381321
      ]
    ],
    "translation": [
      2.2497077,
      0.7253854,
      -0.758188546
    ]
  },
  {
    "timeStamp": 91512,
    "rotation": [
      [
        0.0435450748,
        0.998877347,
        0.0186527763
      ],
      [
        -0.05001033,
        -0.0164676886,
        0.99861294
      ],
      [
        0.997799,
        -0.0444174968,
        0.0492371
      ]
    ],
    "translation": [
      2.24801779,
      0.7253066,
      -0.7580281
    ]
  },
  {
    "timeStamp": 91567,
    "rotation": [
      [
        0.0396103449,
        0.99908185,
        0.01632602
      ],
      [
        -0.0526145,
        -0.0142307393,
        0.9985135
      ],
      [
        0.9978291,
        -0.0404104367,
        0.0520025045
      ]
    ],
    "translation": [
      2.24901223,
      0.7250384,
      -0.758196533
    ]
  }
]