[
  {
    "timeStamp": 107571,
    "rotation": [
      [
        1.0,
        0.000184837962,
        -6.3813836E-08
      ],
      [
        0.0,
        0.000345242035,
        0.99999994
      ],
      [
        0.000184837976,
        -0.99999994,
        0.000345242035
      ]
    ],
    "translation": [
      1.77001786,
      0.7021528,
      -0.750006557
    ]
  },
  {
    "timeStamp": 107616,
    "rotation": [
      [
        0.999998331,
        0.001549202,
        -0.0009957877
      ],
      [
        0.00101099594,
        -0.00984722748,
        0.999951
      ],
      [
        0.00153932057,
        -0.999950349,
        -0.009848776
      ]
    ],
    "translation": [
      1.770064,
      0.702460647,
      -0.750071466
    ]
  },
  {
    "timeStamp": 107662,
    "rotation": [
      [
        0.999946058,
        0.0077318484,
        -0.006937752
      ],
      [
        0.00701296236,
        -0.00974311,
        0.999927938
      ],
      [
        0.00766369142,
        -0.999922633,
        -0.009796808
      ]
    ],
    "translation": [
      1.77011085,
      0.70262593,
      -0.7505184
    ]
  },
  {
    "timeStamp": 107715,
    "rotation": [
      [
        0.9993981,
        0.0232546721,
        -0.02574221
      ],
      [
        0.0261476766,
        -0.01730337,
        0.9995083
      ],
      [
        0.0227978081,
        -0.999579847,
        -0.01790101
      ]
    ],
    "translation": [
      1.77191818,
      0.7036207,
      -0.7478551
    ]
  },
  {
    "timeStamp": 107770,
    "rotation": [
      [
        0.999406755,
        0.0135573968,
        -0.03165956
      ],
      [
        0.03208692,
        -0.0325596258,
        0.9989546
      ],
      [
        0.0125123914,
        -0.999377847,
        -0.0329753272
      ]
    ],
    "translation": [
      1.772966,
      0.709163845,
      -0.7430198
    ]
  },
  {
    "timeStamp": 107815,
    "rotation": [
      [
        0.9993667,
        0.009196872,
        -0.0343752876
      ],
      [
        0.0347697735,
        -0.0468696766,
        0.9982957
      ],
      [
        0.00757006649,
        -0.9988587,
        -0.0471597649
      ]
    ],
    "translation": [
      1.77297378,
      0.7144221,
      -0.7401669
    ]
  },
  {
    "timeStamp": 107870,
    "rotation": [
      [
        0.999426246,
        0.008885693,
        -0.0326844975
      ],
      [
        0.03329084,
        -0.07989138,
        0.99624753
      ],
      [
        0.00624115858,
        -0.996764,
        -0.08014136
      ]
    ],
    "translation": [
      1.7713207,
      0.7269082,
      -0.734326959
    ]
  },
  {
    "timeStamp": 107914,
    "rotation": [
      [
        0.999675155,
        -0.0109779621,
        -0.02300271
      ],
      [
        0.021710759,
        -0.106021747,
        0.9941268
      ],
      [
        -0.0133522619,
        -0.9943032,
        -0.105748966
      ]
    ],
    "translation": [
      1.77153456,
      0.740968347,
      -0.729167938
    ]
  },
  {
    "timeStamp": 107970,
    "rotation": [
      [
        0.9986107,
        -0.052212216,
        -0.00711216358
      ],
      [
        -0.000270920544,
        -0.1400555,
        0.9901436
      ],
      [
        -0.05269369,
        -0.9887661,
        -0.139875054
      ]
    ],
    "translation": [
      1.77552807,
      0.7619876,
      -0.7229517
    ]
  },
  {
    "timeStamp": 108015,
    "rotation": [
      [
        0.996726334,
        -0.08081678,
        -0.00229047658
      ],
      [
        -0.0114898356,
        -0.169634923,
        0.98544
      ],
      [
        -0.08002864,
        -0.9821877,
        -0.170008183
      ]
    ],
    "translation": [
      1.78096688,
      0.7816366,
      -0.7190144
    ]
  },
  {
    "timeStamp": 108071,
    "rotation": [
      [
        0.993986964,
        -0.109405808,
        -0.00451085856
      ],
      [
        -0.0181561876,
        -0.205300137,
        0.978530645
      ],
      [
        -0.107983015,
        -0.972564757,
        -0.20605205
      ]
    ],
    "translation": [
      1.79089272,
      0.8069863,
      -0.715464056
    ]
  },
  {
    "timeStamp": 108115,
    "rotation": [
      [
        0.9901823,
        -0.139775828,
        -0.00133279862
      ],
      [
        -0.0312144961,
        -0.230399743,
        0.9725953
      ],
      [
        -0.136252388,
        -0.963005,
        -0.232500762
      ]
    ],
    "translation": [
      1.799638,
      0.828440547,
      -0.713093936
    ]
  },
  {
    "timeStamp": 108170,
    "rotation": [
      [
        0.9848306,
        -0.173404962,
        -0.00627488969
      ],
      [
        -0.0402605645,
        -0.263531327,
        0.9638103
      ],
      [
        -0.168783128,
        -0.9489373,
        -0.2665151
      ]
    ],
    "translation": [
      1.81385911,
      0.8547824,
      -0.710182846
    ]
  },
  {
    "timeStamp": 108215,
    "rotation": [
      [
        0.979266167,
        -0.201922432,
        -0.0162823629
      ],
      [
        -0.04342255,
        -0.287734181,
        0.9567254
      ],
      [
        -0.197869316,
        -0.9361818,
        -0.290536344
      ]
    ],
    "translation": [
      1.82813656,
      0.8742175,
      -0.707112432
    ]
  },
  {
    "timeStamp": 108271,
    "rotation": [
      [
        0.969023943,
        -0.245335713,
        -0.0283374377
      ],
      [
        -0.0506671034,
        -0.3097907,
        0.949453831
      ],
      [
        -0.241713613,
        -0.9186077,
        -0.312625051
      ]
    ],
    "translation": [
      1.84723318,
      0.898199558,
      -0.7038698
    ]
  },
  {
    "timeStamp": 108315,
    "rotation": [
      [
        0.9584802,
        -0.281221122,
        -0.0472276025
      ],
      [
        -0.0496513024,
        -0.3276723,
        0.943485856
      ],
      [
        -0.280803323,
        -0.9019676,
        -0.328030378
      ]
    ],
    "translation": [
      1.86546683,
      0.9168134,
      -0.7001922
    ]
  },
  {
    "timeStamp": 108370,
    "rotation": [
      [
        0.935733438,
        -0.347116649,
        -0.062553145
      ],
      [
        -0.0627885461,
        -0.3384556,
        0.9388852
      ],
      [
        -0.347074151,
        -0.8746187,
        -0.338499159
      ]
    ],
    "translation": [
      1.89104176,
      0.94085443,
      -0.6969981
    ]
  },
  {
    "timeStamp": 108415,
    "rotation": [
      [
        0.9165149,
        -0.390643239,
        -0.08601439
      ],
      [
        -0.0673965663,
        -0.362773269,
        0.9294371
      ],
      [
        -0.394282,
        -0.846045852,
        -0.3588151
      ]
    ],
    "translation": [
      1.913298,
      0.9610795,
      -0.693017244
    ]
  },
  {
    "timeStamp": 108470,
    "rotation": [
      [
        0.892743647,
        -0.4347241,
        -0.11842183
      ],
      [
        -0.07134479,
        -0.395905465,
        0.9155156
      ],
      [
        -0.444880515,
        -0.8088719,
        -0.38445738
      ]
    ],
    "translation": [
      1.94344556,
      0.9856363,
      -0.6898624
    ]
  },
  {
    "timeStamp": 108515,
    "rotation": [
      [
        0.8654666,
        -0.481653064,
        -0.137760058
      ],
      [
        -0.08366009,
        -0.410085529,
        0.908202
      ],
      [
        -0.493931681,
        -0.774493456,
        -0.3952105
      ]
    ],
    "translation": [
      1.96934772,
      1.00072455,
      -0.68902
    ]
  },
  {
    "timeStamp": 108571,
    "rotation": [
      [
        0.831594,
        -0.531845152,
        -0.159975842
      ],
      [
        -0.09787267,
        -0.42387408,
        0.9004175
      ],
      [
        -0.5466923,
        -0.7331245,
        -0.404544234
      ]
    ],
    "translation": [
      2.00309515,
      1.01458681,
      -0.6906606
    ]
  },
  {
    "timeStamp": 108615,
    "rotation": [
      [
        0.8067447,
        -0.5618818,
        -0.182898358
      ],
      [
        -0.0988397449,
        -0.433481216,
        0.8957258
      ],
      [
        -0.582575,
        -0.7045444,
        -0.405244946
      ]
    ],
    "translation": [
      2.03085017,
      1.021439,
      -0.6920276
    ]
  },
  {
    "timeStamp": 108670,
    "rotation": [
      [
        0.768388033,
        -0.6058544,
        -0.206204608
      ],
      [
        -0.104950413,
        -0.437128037,
        0.893255
      ],
      [
        -0.6313203,
        -0.6647252,
        -0.3994686
      ]
    ],
    "translation": [
      2.06810355,
      1.02548254,
      -0.69596833
    ]
  },
  {
    "timeStamp": 108715,
    "rotation": [
      [
        0.740146339,
        -0.635551333,
        -0.219676688
      ],
      [
        -0.108645596,
        -0.435413778,
        0.893650353
      ],
      [
        -0.663610935,
        -0.637565136,
        -0.391319752
      ]
    ],
    "translation": [
      2.0964148,
      1.02615476,
      -0.698311448
    ]
  },
  {
    "timeStamp": 108761,
    "rotation": [
      [
        0.727154,
        -0.6467876,
        -0.230028
      ],
      [
        -0.10604535,
        -0.4368992,
        0.89323765
      ],
      [
        -0.678234041,
        -0.6251279,
        -0.386281818
      ]
    ],
    "translation": [
      2.119783,
      1.02549922,
      -0.698863447
    ]
  },
  {
    "timeStamp": 108811,
    "rotation": [
      [
        0.7257006,
        -0.6469723,
        -0.2340631
      ],
      [
        -0.103734292,
        -0.439204067,
        0.8923783
      ],
      [
        -0.6801455,
        -0.6233191,
        -0.385843843
      ]
    ],
    "translation": [
      2.14270067,
      1.02288115,
      -0.6966649
    ]
  },
  {
    "timeStamp": 108865,
    "rotation": [
      [
        0.73119545,
        -0.6437653,
        -0.225653455
      ],
      [
        -0.09950911,
        -0.427906752,
        0.8983283
      ],
      [
        -0.6748712,
        -0.634399,
        -0.376944
      ]
    ],
    "translation": [
      2.158506,
      1.01741886,
      -0.6933399
    ]
  },
  {
    "timeStamp": 108921,
    "rotation": [
      [
        0.7518241,
        -0.6262229,
        -0.206410751
      ],
      [
        -0.100260884,
        -0.41797936,
        0.902906954
      ],
      [
        -0.6516965,
        -0.658132255,
        -0.377032638
      ]
    ],
    "translation": [
      2.16547441,
      1.01257718,
      -0.686570048
    ]
  },
  {
    "timeStamp": 108965,
    "rotation": [
      [
        0.779568851,
        -0.592921555,
        -0.201783314
      ],
      [
        -0.0858801,
        -0.420325935,
        0.9032999
      ],
      [
        -0.6204007,
        -0.6868553,
        -0.378593147
      ]
    ],
    "translation": [
      2.166366,
      1.01067472,
      -0.6799099
    ]
  },
  {
    "timeStamp": 109021,
    "rotation": [
      [
        0.7945322,
        -0.5822778,
        -0.172253281
      ],
      [
        -0.1004284,
        -0.405777067,
        0.9084377
      ],
      [
        -0.598859549,
        -0.704483867,
        -0.380880177
      ]
    ],
    "translation": [
      2.16714954,
      1.0062747,
      -0.671155
    ]
  },
  {
    "timeStamp": 109065,
    "rotation": [
      [
        0.8081613,
        -0.5674728,
        -0.15763852
      ],
      [
        -0.1024004,
        -0.398963869,
        0.911231041
      ],
      [
        -0.5799909,
        -0.7202794,
        -0.380536616
      ]
    ],
    "translation": [
      2.1676383,
      1.002091,
      -0.664136946
    ]
  },
  {
    "timeStamp": 109121,
    "rotation": [
      [
        0.8131073,
        -0.5675336,
        -0.129468486
      ],
      [
        -0.114648,
        -0.374186,
        0.920239449
      ],
      [
        -0.5707121,
        -0.7334101,
        -0.369319946
      ]
    ],
    "translation": [
      2.1673317,
      0.9927989,
      -0.655268252
    ]
  },
  {
    "timeStamp": 109165,
    "rotation": [
      [
        0.8150833,
        -0.570093155,
        -0.103116088
      ],
      [
        -0.130816951,
        -0.354499578,
        0.9258601
      ],
      [
        -0.5643811,
        -0.7411638,
        -0.363524556
      ]
    ],
    "translation": [
      2.1664176,
      0.986164868,
      -0.6476832
    ]
  },
  {
    "timeStamp": 109210,
    "rotation": [
      [
        0.816585,
        -0.5721722,
        -0.07620922
      ],
      [
        -0.145216316,
        -0.3314158,
        0.932242334
      ],
      [
        -0.55866015,
        -0.7501883,
        -0.3537179
      ]
    ],
    "translation": [
      2.163668,
      0.9767563,
      -0.640346944
    ]
  },
  {
    "timeStamp": 109267,
    "rotation": [
      [
        0.811442554,
        -0.583280146,
        -0.03667763
      ],
      [
        -0.165630117,
        -0.289697021,
        0.9426783
      ],
      [
        -0.560470939,
        -0.7588543,
        -0.331681252
      ]
    ],
    "translation": [
      2.16004038,
      0.960001051,
      -0.6309587
    ]
  },
  {
    "timeStamp": 109313,
    "rotation": [
      [
        0.807148933,
        -0.590180337,
        -0.0140634719
      ],
      [
        -0.171143487,
        -0.256727636,
        0.9512102
      ],
      [
        -0.564996064,
        -0.7653614,
        -0.30822295
      ]
    ],
    "translation": [
      2.15706921,
      0.9425202,
      -0.623757243
    ]
  },
  {
    "timeStamp": 109369,
    "rotation": [
      [
        0.7987276,
        -0.601526141,
        0.0141597819
      ],
      [
        -0.176675975,
        -0.2119708,
        0.961173236
      ],
      [
        -0.5751693,
        -0.77021724,
        -0.275582165
      ]
    ],
    "translation": [
      2.14993072,
      0.920969248,
      -0.6159358
    ]
  },
  {
    "timeStamp": 109414,
    "rotation": [
      [
        0.788945,
        -0.6134204,
        0.03579376
      ],
      [
        -0.1887332,
        -0.186477616,
        0.9641607
      ],
      [
        -0.584761143,
        -0.767425239,
        -0.262893379
      ]
    ],
    "translation": [
      2.14414644,
      0.9089269,
      -0.608921051
    ]
  },
  {
    "timeStamp": 109470,
    "rotation": [
      [
        0.7737198,
        -0.6302379,
        0.06448202
      ],
      [
        -0.208538264,
        -0.157252342,
        0.965289354
      ],
      [
        -0.598221958,
        -0.7603105,
        -0.253097981
      ]
    ],
    "translation": [
      2.13456535,
      0.8957742,
      -0.6008432
    ]
  },
  {
    "timeStamp": 109514,
    "rotation": [
      [
        0.759695351,
        -0.643731654,
        0.09204643
      ],
      [
        -0.230348557,
        -0.134026691,
        0.9638342
      ],
      [
        -0.6081139,
        -0.753423154,
        -0.2501021
      ]
    ],
    "translation": [
      2.12590623,
      0.886633158,
      -0.595070839
    ]
  },
  {
    "timeStamp": 109570,
    "rotation": [
      [
        0.7506439,
        -0.652736,
        0.102320038
      ],
      [
        -0.234900773,
        -0.118909925,
        0.96471864
      ],
      [
        -0.6175397,
        -0.748195231,
        -0.242587209
      ]
    ],
    "translation": [
      2.117158,
      0.876022339,
      -0.5885924
    ]
  },
  {
    "timeStamp": 109614,
    "rotation": [
      [
        0.72968173,
        -0.675383568,
        0.106871746
      ],
      [
        -0.237612724,
        -0.103890859,
        0.965788245
      ],
      [
        -0.641174555,
        -0.7301121,
        -0.236287
      ]
    ],
    "translation": [
      2.11475086,
      0.8680808,
      -0.5853874
    ]
  },
  {
    "timeStamp": 109670,
    "rotation": [
      [
        0.688912868,
        -0.716950238,
        0.106683455
      ],
      [
        -0.236797854,
        -0.08350281,
        0.9679639
      ],
      [
        -0.685073555,
        -0.6921052,
        -0.227298439
      ]
    ],
    "translation": [
      2.115297,
      0.858380139,
      -0.582800567
    ]
  },
  {
    "timeStamp": 109714,
    "rotation": [
      [
        0.6560536,
        -0.7473533,
        0.105151325
      ],
      [
        -0.235631466,
        -0.07046915,
        0.969284236
      ],
      [
        -0.716987848,
        -0.66067934,
        -0.2223315
      ]
    ],
    "translation": [
      2.11936045,
      0.8520582,
      -0.583618045
    ]
  },
  {
    "timeStamp": 109770,
    "rotation": [
      [
        0.6326223,
        -0.7681092,
        0.09898095
      ],
      [
        -0.230425477,
        -0.06466244,
        0.970939159
      ],
      [
        -0.739387,
        -0.6370455,
        -0.217898846
      ]
    ],
    "translation": [
      2.12091565,
      0.846865535,
      -0.5830625
    ]
  },
  {
    "timeStamp": 109814,
    "rotation": [
      [
        0.6203927,
        -0.779232442,
        0.0889367461
      ],
      [
        -0.223984078,
        -0.06735891,
        0.972262263
      ],
      [
        -0.7516276,
        -0.6231048,
        -0.216324642
      ]
    ],
    "translation": [
      2.12212324,
      0.845085561,
      -0.582767069
    ]
  },
  {
    "timeStamp": 109870,
    "rotation": [
      [
        0.608231664,
        -0.7892507,
        0.08448422
      ],
      [
        -0.222062349,
        -0.0670069,
        0.9727273
      ],
      [
        -0.762064636,
        -0.6104043,
        -0.216018572
      ]
    ],
    "translation": [
      2.12581134,
      0.8437294,
      -0.5817108
    ]
  },
  {
    "timeStamp": 109914,
    "rotation": [
      [
        0.5891417,
        -0.803517938,
        0.085269846
      ],
      [
        -0.2189292,
        -0.05715107,
        0.9740656
      ],
      [
        -0.7778059,
        -0.5925308,
        -0.209583625
      ]
    ],
    "translation": [
      2.13167977,
      0.841545939,
      -0.5823557
    ]
  },
  {
    "timeStamp": 109970,
    "rotation": [
      [
        0.5726703,
        -0.8157847,
        0.08089518
      ],
      [
        -0.208756164,
        -0.04969175,
        0.9767045
      ],
      [
        -0.7927608,
        -0.576217,
        -0.198757082
      ]
    ],
    "translation": [
      2.141324,
      0.8390973,
      -0.5834024
    ]
  },
  {
    "timeStamp": 110014,
    "rotation": [
      [
        0.5681195,
        -0.820613563,
        0.0619167164
      ],
      [
        -0.1904022,
        -0.05787486,
        0.9799987
      ],
      [
        -0.8006168,
        -0.568545461,
        -0.189126462
      ]
    ],
    "translation": [
      2.151057,
      0.838080943,
      -0.5838358
    ]
  },
  {
    "timeStamp": 110070,
    "rotation": [
      [
        0.5532065,
        -0.830815732,
        0.06089116
      ],
      [
        -0.177008614,
        -0.04580753,
        0.983142734
      ],
      [
        -0.8140212,
        -0.5546592,
        -0.172402576
      ]
    ],
    "translation": [
      2.16044331,
      0.8343809,
      -0.5848706
    ]
  },
  {
    "timeStamp": 110114,
    "rotation": [
      [
        0.550621748,
        -0.833112955,
        0.0523293428
      ],
      [
        -0.159581736,
        -0.0435243323,
        0.9862248
      ],
      [
        -0.819359064,
        -0.5513876,
        -0.156915069
      ]
    ],
    "translation": [
      2.1660974,
      0.831139863,
      -0.5855935
    ]
  },
  {
    "timeStamp": 110169,
    "rotation": [
      [
        0.5574547,
        -0.829423,
        0.03607936
      ],
      [
        -0.143921942,
        -0.0537469126,
        0.9881284
      ],
      [
        -0.817637265,
        -0.556029439,
        -0.149333641
      ]
    ],
    "translation": [
      2.169845,
      0.8291614,
      -0.584033668
    ]
  },
  {
    "timeStamp": 110214,
    "rotation": [
      [
        0.552989364,
        -0.832577,
        0.0319122635
      ],
      [
        -0.132664189,
        -0.05017222,
        0.9898904
      ],
      [
        -0.8225588,
        -0.551632464,
        -0.138197839
      ]
    ],
    "translation": [
      2.17213655,
      0.8264874,
      -0.583625
    ]
  },
  {
    "timeStamp": 110270,
    "rotation": [
      [
        0.544419944,
        -0.837991357,
        0.0371130966
      ],
      [
        -0.127468973,
        -0.0389200337,
        0.9910787
      ],
      [
        -0.8290709,
        -0.544293761,
        -0.128006741
      ]
    ],
    "translation": [
      2.172367,
      0.822605431,
      -0.58380276
    ]
  },
  {
    "timeStamp": 110314,
    "rotation": [
      [
        0.551147,
        -0.834157169,
        0.0204654653
      ],
      [
        -0.106406741,
        -0.045936428,
        0.993261039
      ],
      [
        -0.8275957,
        -0.5496105,
        -0.114077672
      ]
    ],
    "translation": [
      2.17319775,
      0.820785344,
      -0.5842764
    ]
  },
  {
    "timeStamp": 110369,
    "rotation": [
      [
        0.5437484,
        -0.8388699,
        0.025196394
      ],
      [
        -0.09510211,
        -0.0317596272,
        0.9949608
      ],
      [
        -0.833842456,
        -0.5434045,
        -0.09704755
      ]
    ],
    "translation": [
      2.1732142,
      0.8169446,
      -0.586877644
    ]
  },
  {
    "timeStamp": 110414,
    "rotation": [
      [
        0.539213657,
        -0.8416071,
        0.0307594035
      ],
      [
        -0.08851254,
        -0.0203121714,
        0.9958679
      ],
      [
        -0.8375047,
        -0.5397082,
        -0.08544538
      ]
    ],
    "translation": [
      2.17246532,
      0.8137146,
      -0.589167
    ]
  },
  {
    "timeStamp": 110469,
    "rotation": [
      [
        0.541887045,
        -0.84011966,
        0.02360794
      ],
      [
        -0.0754738748,
        -0.0206670146,
        0.9969336
      ],
      [
        -0.8370556,
        -0.542007148,
        -0.07460627
      ]
    ],
    "translation": [
      2.173628,
      0.8115263,
      -0.591144741
    ]
  },
  {
    "timeStamp": 110514,
    "rotation": [
      [
        0.5415799,
        -0.8402671,
        0.0253446922
      ],
      [
        -0.0735877,
        -0.0173533726,
        0.9971378
      ],
      [
        -0.837422252,
        -0.5418948,
        -0.07123157
      ]
    ],
    "translation": [
      2.1741395,
      0.8098544,
      -0.592283249
    ]
  },
  {
    "timeStamp": 110570,
    "rotation": [
      [
        0.5412746,
        -0.840355456,
        0.0287140384
      ],
      [
        -0.0702896,
        -0.0111914035,
        0.9974638
      ],
      [
        -0.837902844,
        -0.5419201,
        -0.06512587
      ]
    ],
    "translation": [
      2.17452335,
      0.8081246,
      -0.5935194
    ]
  },
  {
    "timeStamp": 110614,
    "rotation": [
      [
        0.5469644,
        -0.8369391,
        0.0190501511
      ],
      [
        -0.06302639,
        -0.0184770618,
        0.9978408
      ],
      [
        -0.83478,
        -0.5469841,
        -0.06285554
      ]
    ],
    "translation": [
      2.17564,
      0.8078516,
      -0.59371686
    ]
  },
  {
    "timeStamp": 110669,
    "rotation": [
      [
        0.539729655,
        -0.841449142,
        0.02559616
      ],
      [
        -0.0610694,
        -0.008810487,
        0.9980946
      ],
      [
        -0.839620352,
        -0.5402644,
        -0.0561420731
      ]
    ],
    "translation": [
      2.17641115,
      0.806584954,
      -0.5937403
    ]
  },
  {
    "timeStamp": 110714,
    "rotation": [
      [
        0.537711263,
        -0.8426974,
        0.0269761533
      ],
      [
        -0.0598768257,
        -0.00625280244,
        0.9981862
      ],
      [
        -0.8410002,
        -0.5383512,
        -0.05382025
      ]
    ],
    "translation": [
      2.176324,
      0.8059098,
      -0.5933315
    ]
  },
  {
    "timeStamp": 110769,
    "rotation": [
      [
        0.5370215,
        -0.8430705,
        0.0289840978
      ],
      [
        -0.0572904944,
        -0.00217040535,
        0.9983552
      ],
      [
        -0.8416209,
        -0.537798762,
        -0.0494654775
      ]
    ],
    "translation": [
      2.175917,
      0.805142343,
      -0.5924617
    ]
  },
  {
    "timeStamp": 110814,
    "rotation": [
      [
        0.53706187,
        -0.8431217,
        0.0266529489
      ],
      [
        -0.0543538742,
        -0.00305764866,
        0.998517036
      ],
      [
        -0.8417899,
        -0.5377141,
        -0.0474690758
      ]
    ],
    "translation": [
      2.176534,
      0.8051307,
      -0.591384
    ]
  },
  {
    "timeStamp": 110869,
    "rotation": [
      [
        0.5299975,
        -0.847336,
        0.03353185
      ],
      [
        -0.05707168,
        0.00381088722,
        0.998362839
      ],
      [
        -0.846076548,
        -0.5310435,
        -0.0463391244
      ]
    ],
    "translation": [
      2.17675161,
      0.805194,
      -0.5897138
    ]
  },
  {
    "timeStamp": 110914,
    "rotation": [
      [
        0.5273378,
        -0.848312259,
        0.0477619432
      ],
      [
        -0.06357213,
        0.0166621413,
        0.99783814
      ],
      [
        -0.8472741,
        -0.5292341,
        -0.04514244
      ]
    ],
    "translation": [
      2.17501187,
      0.803606033,
      -0.5893246
    ]
  }
]