[
  {
    "timeStamp": 0,
    "rotation": [
      [
        0.9953572,
        -0.0944695249,
        0.018427683
      ],
      [
        0.08752029,
        0.808664262,
        -0.5817236
      ],
      [
        0.04005334,
        0.580635548,
        0.8131778
      ]
    ],
    "translation": [
      1.6177088,
      1.7676003,
      -1.16547537
    ]
  },
  {
    "timeStamp": 17,
    "rotation": [
      [
        0.9634421,
        -0.203012615,
        -0.174829215
      ],
      [
        0.0526905656,
        0.7833824,
        -0.61930263
      ],
      [
        0.262684375,
        0.5874504,
        0.7654404
      ]
    ],
    "translation": [
      1.59969831,
      1.75524318,
      -1.16314483
    ]
  },
  {
    "timeStamp": 18,
    "rotation": [
      [
        0.963387549,
        -0.20295082,
        -0.175201
      ],
      [
        0.0524622351,
        0.7835218,
        -0.619145632
      ],
      [
        0.262929916,
        0.587285757,
        0.765482366
      ]
    ],
    "translation": [
      1.59959376,
      1.75519979,
      -1.1631875
    ]
  },
  {
    "timeStamp": 62,
    "rotation": [
      [
        0.961810231,
        -0.229861468,
        -0.148609489
      ],
      [
        0.07786859,
        0.750278056,
        -0.6565206
      ],
      [
        0.262407243,
        0.619876266,
        0.739524066
      ]
    ],
    "translation": [
      1.59340763,
      1.74762547,
      -1.163671
    ]
  },
  {
    "timeStamp": 115,
    "rotation": [
      [
        0.9639707,
        -0.231824353,
        -0.130453244
      ],
      [
        0.08613923,
        0.7360256,
        -0.671451
      ],
      [
        0.2516756,
        0.6360219,
        0.7294762
      ]
    ],
    "translation": [
      1.59323692,
      1.74478841,
      -1.16337085
    ]
  },
  {
    "timeStamp": 160,
    "rotation": [
      [
        0.966818333,
        -0.229215518,
        -0.112794638
      ],
      [
        0.09326298,
        0.72774297,
        -0.679479361
      ],
      [
        0.237832725,
        0.6464135,
        0.724972546
      ]
    ],
    "translation": [
      1.59319222,
      1.7431066,
      -1.16282177
    ]
  },
  {
    "timeStamp": 215,
    "rotation": [
      [
        0.9702637,
        -0.222162977,
        -0.09608314
      ],
      [
        0.09932472,
        0.7274279,
        -0.6789575
      ],
      [
        0.220732778,
        0.6492244,
        0.727863133
      ]
    ],
    "translation": [
      1.59311,
      1.74231529,
      -1.16136456
    ]
  },
  {
    "timeStamp": 339,
    "rotation": [
      [
        0.9701485,
        -0.222290114,
        -0.09694845
      ],
      [
        0.09912833,
        0.7283345,
        -0.678013563
      ],
      [
        0.221326619,
        0.6481635,
        0.728627861
      ]
    ],
    "translation": [
      1.59305072,
      1.74259293,
      -1.16132379
    ]
  },
  {
    "timeStamp": 340,
    "rotation": [
      [
        0.9707197,
        -0.2210734,
        -0.09396671
      ],
      [
        0.100298181,
        0.7284605,
        -0.6777061
      ],
      [
        0.218273833,
        0.648438,
        0.7293042
      ]
    ],
    "translation": [
      1.59297085,
      1.74260509,
      -1.1611259
    ]
  },
  {
    "timeStamp": 382,
    "rotation": [
      [
        0.9736374,
        -0.212817848,
        -0.08209045
      ],
      [
        0.105521791,
        0.7392952,
        -0.6650622
      ],
      [
        0.202226177,
        0.6388671,
        0.742262363
      ]
    ],
    "translation": [
      1.58982,
      1.74471664,
      -1.15837908
    ]
  },
  {
    "timeStamp": 437,
    "rotation": [
      [
        0.972404063,
        -0.215763271,
        -0.08875028
      ],
      [
        0.1037235,
        0.740560353,
        -0.6639366
      ],
      [
        0.208978072,
        0.636409163,
        0.7425036
      ]
    ],
    "translation": [
      1.5874368,
      1.744775,
      -1.15775681
    ]
  },
  {
    "timeStamp": 481,
    "rotation": [
      [
        0.971362,
        -0.217872322,
        -0.09480199
      ],
      [
        0.101078443,
        0.739995658,
        -0.6649734
      ],
      [
        0.215032354,
        0.6363475,
        0.7408259
      ]
    ],
    "translation": [
      1.58565354,
      1.74438071,
      -1.157306
    ]
  },
  {
    "timeStamp": 537,
    "rotation": [
      [
        0.970224738,
        -0.219878182,
        -0.101575442
      ],
      [
        0.09835283,
        0.7409023,
        -0.664372265
      ],
      [
        0.221338451,
        0.634600163,
        0.74046737
      ]
    ],
    "translation": [
      1.58362854,
      1.74425173,
      -1.15684724
    ]
  },
  {
    "timeStamp": 581,
    "rotation": [
      [
        0.9696248,
        -0.220641389,
        -0.105570786
      ],
      [
        0.09649085,
        0.7416508,
        -0.663809955
      ],
      [
        0.2247606,
        0.63346,
        0.7404129
      ]
    ],
    "translation": [
      1.58277667,
      1.74415886,
      -1.1564219
    ]
  },
  {
    "timeStamp": 638,
    "rotation": [
      [
        0.9692655,
        -0.220824257,
        -0.108448379
      ],
      [
        0.09560889,
        0.74427557,
        -0.660993755
      ],
      [
        0.226678953,
        0.6303098,
        0.7425134
      ]
    ],
    "translation": [
      1.58216417,
      1.74471951,
      -1.15629077
    ]
  },
  {
    "timeStamp": 684,
    "rotation": [
      [
        0.9685464,
        -0.2219194,
        -0.112559579
      ],
      [
        0.09468911,
        0.7470184,
        -0.6580255
      ],
      [
        0.230112687,
        0.626670063,
        0.7445353
      ]
    ],
    "translation": [
      1.58154714,
      1.74507022,
      -1.15608549
    ]
  },
  {
    "timeStamp": 741,
    "rotation": [
      [
        0.9676139,
        -0.223377153,
        -0.117583841
      ],
      [
        0.0935758948,
        0.750012934,
        -0.6547704
      ],
      [
        0.234450132,
        0.622561932,
        0.746625662
      ]
    ],
    "translation": [
      1.58136141,
      1.74561632,
      -1.15606332
    ]
  },
  {
    "timeStamp": 787,
    "rotation": [
      [
        0.96654886,
        -0.224213645,
        -0.124545112
      ],
      [
        0.090595305,
        0.7527411,
        -0.6520532
      ],
      [
        0.23994945,
        0.618958056,
        0.7478737
      ]
    ],
    "translation": [
      1.58142066,
      1.74598885,
      -1.1560359
    ]
  },
  {
    "timeStamp": 832,
    "rotation": [
      [
        0.965800643,
        -0.223448351,
        -0.131529331
      ],
      [
        0.08585724,
        0.7542607,
        -0.650937259
      ],
      [
        0.244658262,
        0.6173829,
        0.747650146
      ]
    ],
    "translation": [
      1.58186758,
      1.74618113,
      -1.15618372
    ]
  },
  {
    "timeStamp": 887,
    "rotation": [
      [
        0.965297043,
        -0.219974265,
        -0.14075841
      ],
      [
        0.07720476,
        0.7552655,
        -0.650855958
      ],
      [
        0.249481529,
        0.617402136,
        0.746038556
      ]
    ],
    "translation": [
      1.58284259,
      1.746129,
      -1.156534
    ]
  },
  {
    "timeStamp": 931,
    "rotation": [
      [
        0.9655654,
        -0.215447783,
        -0.145827755
      ],
      [
        0.07018854,
        0.755473554,
        -0.651408732
      ],
      [
        0.250513583,
        0.6187423,
        0.744581044
      ]
    ],
    "translation": [
      1.58402348,
      1.74611449,
      -1.15703273
    ]
  },
  {
    "timeStamp": 986,
    "rotation": [
      [
        0.966532648,
        -0.2090625,
        -0.148685992
      ],
      [
        0.06378924,
        0.757218838,
        -0.6500389
      ],
      [
        0.2484866,
        0.618799269,
        0.7452127
      ]
    ],
    "translation": [
      1.585783,
      1.74647665,
      -1.15740848
    ]
  },
  {
    "timeStamp": 1031,
    "rotation": [
      [
        0.967631,
        -0.20475091,
        -0.147537827
      ],
      [
        0.0616465658,
        0.7586665,
        -0.648555934
      ],
      [
        0.244724423,
        0.6184676,
        0.7467314
      ]
    ],
    "translation": [
      1.58764434,
      1.74695849,
      -1.158006
    ]
  },
  {
    "timeStamp": 1086,
    "rotation": [
      [
        0.9700988,
        -0.19816111,
        -0.14014481
      ],
      [
        0.0619316623,
        0.760403037,
        -0.6464918
      ],
      [
        0.234676078,
        0.6184815,
        0.7499385
      ]
    ],
    "translation": [
      1.589922,
      1.74745357,
      -1.15886259
    ]
  },
  {
    "timeStamp": 1131,
    "rotation": [
      [
        0.9723717,
        -0.193232372,
        -0.13097544
      ],
      [
        0.06453828,
        0.7617315,
        -0.644670367
      ],
      [
        0.224339321,
        0.6184063,
        0.753157
      ]
    ],
    "translation": [
      1.59187889,
      1.74780142,
      -1.15975928
    ]
  },
  {
    "timeStamp": 1186,
    "rotation": [
      [
        0.977546632,
        -0.167547852,
        -0.12778984
      ],
      [
        0.04813868,
        0.7679767,
        -0.638666153
      ],
      [
        0.20514676,
        0.6181743,
        0.7587986
      ]
    ],
    "translation": [
      1.59815,
      1.75941253,
      -1.15746284
    ]
  },
  {
    "timeStamp": 1235,
    "rotation": [
      [
        0.9792764,
        -0.162704617,
        -0.120602019
      ],
      [
        0.049347993,
        0.7692274,
        -0.637066662
      ],
      [
        0.196424067,
        0.6179129,
        0.7613154
      ]
    ],
    "translation": [
      1.59953773,
      1.7596525,
      -1.15891433
    ]
  },
  {
    "timeStamp": 1285,
    "rotation": [
      [
        0.9809302,
        -0.15733771,
        -0.11410886
      ],
      [
        0.04980304,
        0.770972669,
        -0.634918
      ],
      [
        0.187871352,
        0.61712724,
        0.7641062
      ]
    ],
    "translation": [
      1.601244,
      1.76003718,
      -1.16117549
    ]
  },
  {
    "timeStamp": 1341,
    "rotation": [
      [
        0.9817768,
        -0.154729337,
        -0.110332444
      ],
      [
        0.0505920239,
        0.7724367,
        -0.633073449
      ],
      [
        0.183179855,
        0.6159549,
        0.766188443
      ]
    ],
    "translation": [
      1.60233533,
      1.76061368,
      -1.16307974
    ]
  },
  {
    "timeStamp": 1385,
    "rotation": [
      [
        0.9828898,
        -0.151494712,
        -0.104770988
      ],
      [
        0.05203832,
        0.7740217,
        -0.63101697
      ],
      [
        0.176690742,
        0.614768,
        0.7686616
      ]
    ],
    "translation": [
      1.60369468,
      1.76119125,
      -1.16554213
    ]
  },
  {
    "timeStamp": 1441,
    "rotation": [
      [
        0.983675063,
        -0.149879739,
        -0.09959586
      ],
      [
        0.05423624,
        0.774642169,
        -0.630069733
      ],
      [
        0.171585843,
        0.6143822,
        0.770125151
      ]
    ],
    "translation": [
      1.60504866,
      1.76162434,
      -1.16773224
    ]
  },
  {
    "timeStamp": 1485,
    "rotation": [
      [
        0.9844979,
        -0.148434281,
        -0.09344045
      ],
      [
        0.05690068,
        0.7742137,
        -0.6303614
      ],
      [
        0.165910125,
        0.615272641,
        0.7706577
      ]
    ],
    "translation": [
      1.60738516,
      1.76176643,
      -1.17017484
    ]
  },
  {
    "timeStamp": 1541,
    "rotation": [
      [
        0.9850229,
        -0.147090614,
        -0.08996798
      ],
      [
        0.0579336137,
        0.7737875,
        -0.6307905
      ],
      [
        0.162399456,
        0.6161309,
        0.7707199
      ]
    ],
    "translation": [
      1.609937,
      1.76203954,
      -1.17172194
    ]
  },
  {
    "timeStamp": 1585,
    "rotation": [
      [
        0.9853793,
        -0.145466536,
        -0.0886972547
      ],
      [
        0.05715603,
        0.7726691,
        -0.6322307
      ],
      [
        0.160502046,
        0.6179174,
        0.769686341
      ]
    ],
    "translation": [
      1.6133728,
      1.76175809,
      -1.17278314
    ]
  },
  {
    "timeStamp": 1641,
    "rotation": [
      [
        0.985623,
        -0.141894266,
        -0.09172415
      ],
      [
        0.0516374819,
        0.7698757,
        -0.636101365
      ],
      [
        0.160875335,
        0.622219741,
        0.766134262
      ]
    ],
    "translation": [
      1.61650848,
      1.7609576,
      -1.17289686
    ]
  },
  {
    "timeStamp": 1686,
    "rotation": [
      [
        0.9859668,
        -0.134914741,
        -0.09832329
      ],
      [
        0.0406777039,
        0.765372336,
        -0.642300963
      ],
      [
        0.161909789,
        0.6292879,
        0.7601198
      ]
    ],
    "translation": [
      1.62130868,
      1.75895357,
      -1.17250776
    ]
  },
  {
    "timeStamp": 1731,
    "rotation": [
      [
        0.9864729,
        -0.126635253,
        -0.104090311
      ],
      [
        0.0291827619,
        0.7605136,
        -0.648665845
      ],
      [
        0.161306068,
        0.636853635,
        0.7539216
      ]
    ],
    "translation": [
      1.625853,
      1.75656962,
      -1.17150092
    ]
  },
  {
    "timeStamp": 1786,
    "rotation": [
      [
        0.987438142,
        -0.114968307,
        -0.108389556
      ],
      [
        0.0155867469,
        0.753511667,
        -0.657249749
      ],
      [
        0.157235682,
        0.647304,
        0.7458381
      ]
    ],
    "translation": [
      1.6319983,
      1.752389,
      -1.17000151
    ]
  },
  {
    "timeStamp": 1831,
    "rotation": [
      [
        0.988757551,
        -0.106102578,
        -0.105359763
      ],
      [
        0.009300888,
        0.7468955,
        -0.6648764
      ],
      [
        0.149237826,
        0.656421661,
        0.739485443
      ]
    ],
    "translation": [
      1.63673043,
      1.74888527,
      -1.16918015
    ]
  },
  {
    "timeStamp": 1886,
    "rotation": [
      [
        0.9909601,
        -0.0948811546,
        -0.09484468
      ],
      [
        0.006291636,
        0.739061236,
        -0.6736089
      ],
      [
        0.13400881,
        0.666922867,
        0.732977152
      ]
    ],
    "translation": [
      1.64216423,
      1.74521351,
      -1.16844177
    ]
  },
  {
    "timeStamp": 1931,
    "rotation": [
      [
        0.99325496,
        -0.0838485956,
        -0.0800867155
      ],
      [
        0.00757743651,
        0.7361614,
        -0.676763654
      ],
      [
        0.11570242,
        0.671592,
        0.7318313
      ]
    ],
    "translation": [
      1.64501989,
      1.74375486,
      -1.16758132
    ]
  },
  {
    "timeStamp": 1986,
    "rotation": [
      [
        0.9961323,
        -0.0694640949,
        -0.0538063347
      ],
      [
        0.0148575576,
        0.736715734,
        -0.676039338
      ],
      [
        0.08660044,
        0.6726252,
        0.7348984
      ]
    ],
    "translation": [
      1.64602041,
      1.74359059,
      -1.166671
    ]
  },
  {
    "timeStamp": 2031,
    "rotation": [
      [
        0.9971892,
        -0.06748561,
        -0.0325465724
      ],
      [
        0.0280471928,
        0.7390415,
        -0.673075736
      ],
      [
        0.0694761947,
        0.670271039,
        0.738857031
      ]
    ],
    "translation": [
      1.64435482,
      1.74445665,
      -1.166384
    ]
  },
  {
    "timeStamp": 2086,
    "rotation": [
      [
        0.997088134,
        -0.07523106,
        -0.0124736894
      ],
      [
        0.0475618131,
        0.7413618,
        -0.6694181
      ],
      [
        0.05960855,
        0.666875541,
        0.742781162
      ]
    ],
    "translation": [
      1.64002609,
      1.74626756,
      -1.16615915
    ]
  },
  {
    "timeStamp": 2131,
    "rotation": [
      [
        0.9966836,
        -0.08134544,
        -0.00218587928
      ],
      [
        0.0594811626,
        0.7465973,
        -0.6626118
      ],
      [
        0.05553242,
        0.6602843,
        0.748959839
      ]
    ],
    "translation": [
      1.63491249,
      1.74795949,
      -1.16486
    ]
  },
  {
    "timeStamp": 2186,
    "rotation": [
      [
        0.9966119,
        -0.08194778,
        0.00701567065
      ],
      [
        0.06674743,
        0.756005943,
        -0.6511527
      ],
      [
        0.04805663,
        0.6494148,
        0.758914351
      ]
    ],
    "translation": [
      1.62703025,
      1.74975371,
      -1.16193056
    ]
  },
  {
    "timeStamp": 2231,
    "rotation": [
      [
        0.9967509,
        -0.07963438,
        0.0120833833
      ],
      [
        0.06881367,
        0.763961554,
        -0.641582
      ],
      [
        0.0418607481,
        0.640328944,
        0.76695925
      ]
    ],
    "translation": [
      1.61966026,
      1.75083351,
      -1.15793467
    ]
  },
  {
    "timeStamp": 2286,
    "rotation": [
      [
        0.9970063,
        -0.07534542,
        0.0173652824
      ],
      [
        0.06939965,
        0.772988,
        -0.630613446
      ],
      [
        0.0340906829,
        0.629930735,
        0.7759028
      ]
    ],
    "translation": [
      1.60930061,
      1.75084925,
      -1.15177751
    ]
  },
  {
    "timeStamp": 2330,
    "rotation": [
      [
        0.997320533,
        -0.06985452,
        0.0217275769
      ],
      [
        0.0680727,
        0.7773737,
        -0.6253449
      ],
      [
        0.02679272,
        0.6251483,
        0.7800459
      ]
    ],
    "translation": [
      1.59957278,
      1.7505815,
      -1.14615226
    ]
  },
  {
    "timeStamp": 2386,
    "rotation": [
      [
        0.9976453,
        -0.06317567,
        0.02669543
      ],
      [
        0.0659271255,
        0.776070237,
        -0.627191067
      ],
      [
        0.0189056881,
        0.6274742,
        0.7784079
      ]
    ],
    "translation": [
      1.58597374,
      1.75089335,
      -1.13863444
    ]
  },
  {
    "timeStamp": 2431,
    "rotation": [
      [
        0.997718036,
        -0.0607211068,
        0.029522812
      ],
      [
        0.06588873,
        0.780162,
        -0.622097969
      ],
      [
        0.0147418994,
        0.6226236,
        0.782382548
      ]
    ],
    "translation": [
      1.57409358,
      1.75113559,
      -1.13163614
    ]
  },
  {
    "timeStamp": 2486,
    "rotation": [
      [
        0.9975214,
        -0.063730374,
        0.0298256762
      ],
      [
        0.06854909,
        0.784511,
        -0.6163144
      ],
      [
        0.0158793777,
        0.6168313,
        0.7869352
      ]
    ],
    "translation": [
      1.5591929,
      1.75034976,
      -1.12281871
    ]
  },
  {
    "timeStamp": 2542,
    "rotation": [
      [
        0.997547,
        -0.0647304058,
        0.02664422
      ],
      [
        0.0673947856,
        0.7852628,
        -0.6154837
      ],
      [
        0.0189177915,
        0.6157696,
        0.7876991
      ]
    ],
    "translation": [
      1.54715741,
      1.74931788,
      -1.116014
    ]
  },
  {
    "timeStamp": 2586,
    "rotation": [
      [
        0.997991264,
        -0.0593736321,
        0.0220957678
      ],
      [
        0.0604276769,
        0.787410557,
        -0.613459945
      ],
      [
        0.0190249048,
        0.6135628,
        0.7894167
      ]
    ],
    "translation": [
      1.53249693,
      1.74774826,
      -1.10694146
    ]
  },
  {
    "timeStamp": 2641,
    "rotation": [
      [
        0.99844563,
        -0.0518946536,
        0.0203282237
      ],
      [
        0.0534945875,
        0.7899537,
        -0.6108285
      ],
      [
        0.01564038,
        0.6109665,
        0.791501939
      ]
    ],
    "translation": [
      1.52145267,
      1.74573445,
      -1.09925485
    ]
  },
  {
    "timeStamp": 2685,
    "rotation": [
      [
        0.99889034,
        -0.0398229174,
        0.02514471
      ],
      [
        0.04688564,
        0.7903088,
        -0.610912263
      ],
      [
        0.00445622345,
        0.6114133,
        0.791298866
      ]
    ],
    "translation": [
      1.50816655,
      1.74216819,
      -1.08955908
    ]
  },
  {
    "timeStamp": 2741,
    "rotation": [
      [
        0.998955131,
        -0.0304902811,
        0.03404396
      ],
      [
        0.0450130478,
        0.785250068,
        -0.6175404
      ],
      [
        -0.007904039,
        0.6184276,
        0.785802
      ]
    ],
    "translation": [
      1.498013,
      1.73826456,
      -1.08207631
    ]
  },
  {
    "timeStamp": 2785,
    "rotation": [
      [
        0.998914361,
        -0.0200401321,
        0.04205403
      ],
      [
        0.0420101546,
        0.7776448,
        -0.6272988
      ],
      [
        -0.0201319437,
        0.6283844,
        0.7776424
      ]
    ],
    "translation": [
      1.485295,
      1.73389983,
      -1.07293963
    ]
  },
  {
    "timeStamp": 2841,
    "rotation": [
      [
        0.9988294,
        -0.009333166,
        0.04746245
      ],
      [
        0.03719893,
        0.7754129,
        -0.630357862
      ],
      [
        -0.0309197642,
        0.6313855,
        0.7748524
      ]
    ],
    "translation": [
      1.47557771,
      1.73113942,
      -1.06574178
    ]
  },
  {
    "timeStamp": 2886,
    "rotation": [
      [
        0.9985255,
        0.00554445339,
        0.0540018342
      ],
      [
        0.0300337672,
        0.772233665,
        -0.634628356
      ],
      [
        -0.0452207,
        0.635314465,
        0.7709285
      ]
    ],
    "translation": [
      1.46358991,
      1.72707415,
      -1.05736852
    ]
  },
  {
    "timeStamp": 2941,
    "rotation": [
      [
        0.998163044,
        0.0108162016,
        0.0596123151
      ],
      [
        0.03014592,
        0.764817834,
        -0.6435409
      ],
      [
        -0.0525532328,
        0.64415586,
        0.7630868
      ]
    ],
    "translation": [
      1.454952,
      1.723752,
      -1.05167627
    ]
  },
  {
    "timeStamp": 2985,
    "rotation": [
      [
        0.997945368,
        0.004536917,
        0.06390969
      ],
      [
        0.0385243148,
        0.754542768,
        -0.6551191
      ],
      [
        -0.0511948168,
        0.656235158,
        0.7528177
      ]
    ],
    "translation": [
      1.44544387,
      1.72093606,
      -1.04515862
    ]
  },
  {
    "timeStamp": 3030,
    "rotation": [
      [
        0.9979843,
        -0.0080260355,
        0.06295267
      ],
      [
        0.0476384833,
        0.750129163,
        -0.6595732
      ],
      [
        -0.0419288762,
        0.661242664,
        0.7489994
      ]
    ],
    "translation": [
      1.43946052,
      1.72024059,
      -1.04032516
    ]
  },
  {
    "timeStamp": 3085,
    "rotation": [
      [
        0.9980982,
        -0.0224189442,
        0.05742372
      ],
      [
        0.05466208,
        0.7525107,
        -0.656307638
      ],
      [
        -0.0284982361,
        0.658198357,
        0.752305031
      ]
    ],
    "translation": [
      1.43389916,
      1.72001219,
      -1.0341661
    ]
  },
  {
    "timeStamp": 3142,
    "rotation": [
      [
        0.9982655,
        -0.0301259775,
        0.0505807139
      ],
      [
        0.0560223535,
        0.750184953,
        -0.658850551
      ],
      [
        -0.0180963725,
        0.6605414,
        0.7505715
      ]
    ],
    "translation": [
      1.43085039,
      1.7189635,
      -1.03055191
    ]
  },
  {
    "timeStamp": 3185,
    "rotation": [
      [
        0.9982157,
        -0.0440203249,
        0.0403445736
      ],
      [
        0.05970727,
        0.7439723,
        -0.665537536
      ],
      [
        -0.0007180696,
        0.666758835,
        0.7452731
      ]
    ],
    "translation": [
      1.42754912,
      1.71747828,
      -1.02696013
    ]
  },
  {
    "timeStamp": 3241,
    "rotation": [
      [
        0.9977976,
        -0.06104986,
        0.02593913
      ],
      [
        0.06270221,
        0.740505338,
        -0.66911906
      ],
      [
        0.0216415618,
        0.6692718,
        0.7427024
      ]
    ],
    "translation": [
      1.42617166,
      1.71696162,
      -1.02497864
    ]
  },
  {
    "timeStamp": 3285,
    "rotation": [
      [
        0.996378064,
        -0.08499041,
        0.00270956941
      ],
      [
        0.065029636,
        0.74106425,
        -0.668277562
      ],
      [
        0.05478922,
        0.6660333,
        0.7439071
      ]
    ],
    "translation": [
      1.42401469,
      1.71679735,
      -1.022304
    ]
  },
  {
    "timeStamp": 3341,
    "rotation": [
      [
        0.9946598,
        -0.101309441,
        -0.0197082721
      ],
      [
        0.0620640442,
        0.7396993,
        -0.6700694
      ],
      [
        0.08246255,
        0.6652679,
        0.74203676
      ]
    ],
    "translation": [
      1.42269969,
      1.71695387,
      -1.02124524
    ]
  },
  {
    "timeStamp": 3385,
    "rotation": [
      [
        0.9926287,
        -0.112513222,
        -0.04504416
      ],
      [
        0.053479705,
        0.7401652,
        -0.67029506
      ],
      [
        0.108757176,
        0.662945151,
        0.740726352
      ]
    ],
    "translation": [
      1.420865,
      1.71774387,
      -1.02060628
    ]
  },
  {
    "timeStamp": 3441,
    "rotation": [
      [
        0.9913238,
        -0.118955679,
        -0.05591596
      ],
      [
        0.05159093,
        0.7433971,
        -0.66685766
      ],
      [
        0.120894261,
        0.658187151,
        0.7430843
      ]
    ],
    "translation": [
      1.41933155,
      1.71898174,
      -1.01977611
    ]
  },
  {
    "timeStamp": 3485,
    "rotation": [
      [
        0.988483667,
        -0.134746432,
        -0.06887294
      ],
      [
        0.05631601,
        0.7499877,
        -0.659050047
      ],
      [
        0.140458509,
        0.6475815,
        0.748939
      ]
    ],
    "translation": [
      1.41715467,
      1.72049141,
      -1.01818419
    ]
  },
  {
    "timeStamp": 3541,
    "rotation": [
      [
        0.9854475,
        -0.14560315,
        -0.08770894
      ],
      [
        0.050838124,
        0.744841337,
        -0.6653021
      ],
      [
        0.162199318,
        0.6511614,
        0.7414043
      ]
    ],
    "translation": [
      1.38024771,
      1.67112565,
      -1.00420022
    ]
  },
  {
    "timeStamp": 3585,
    "rotation": [
      [
        0.9850019,
        -0.143284649,
        -0.0961287
      ],
      [
        0.042336043,
        0.7407982,
        -0.670392156
      ],
      [
        0.167268872,
        0.6562678,
        0.7357538
      ]
    ],
    "translation": [
      1.37646651,
      1.67048621,
      -1.00339532
    ]
  },
  {
    "timeStamp": 3641,
    "rotation": [
      [
        0.9850303,
        -0.140516222,
        -0.0998521149
      ],
      [
        0.03748258,
        0.7399853,
        -0.6715778
      ],
      [
        0.168256685,
        0.6577818,
        0.7341749
      ]
    ],
    "translation": [
      1.37280011,
      1.66961789,
      -1.00147986
    ]
  },
  {
    "timeStamp": 3685,
    "rotation": [
      [
        0.985293031,
        -0.139136821,
        -0.09918934
      ],
      [
        0.0364684165,
        0.738340259,
        -0.6734417
      ],
      [
        0.16693601,
        0.659920156,
        0.7325556
      ]
    ],
    "translation": [
      1.36857033,
      1.66770768,
      -0.999110758
    ]
  },
  {
    "timeStamp": 3741,
    "rotation": [
      [
        0.986995161,
        -0.133216947,
        -0.08996608
      ],
      [
        0.0374566838,
        0.73484844,
        -0.6771963
      ],
      [
        0.156325459,
        0.665019631,
        0.730281651
      ]
    ],
    "translation": [
      1.36534166,
      1.665384,
      -0.997183144
    ]
  },
  {
    "timeStamp": 3785,
    "rotation": [
      [
        0.9894425,
        -0.125218928,
        -0.07296355
      ],
      [
        0.0417938419,
        0.7286029,
        -0.6836601
      ],
      [
        0.138768628,
        0.6733929,
        0.7261441
      ]
    ],
    "translation": [
      1.36163831,
      1.66196477,
      -0.9954832
    ]
  },
  {
    "timeStamp": 3841,
    "rotation": [
      [
        0.991448343,
        -0.117641918,
        -0.05648482
      ],
      [
        0.04620709,
        0.7212566,
        -0.691125035
      ],
      [
        0.122045323,
        0.68260473,
        0.720524549
      ]
    ],
    "translation": [
      1.35901,
      1.6593256,
      -0.994983
    ]
  },
  {
    "timeStamp": 3885,
    "rotation": [
      [
        0.9939537,
        -0.103521682,
        -0.03659626
      ],
      [
        0.0486126877,
        0.713752747,
        -0.6987087
      ],
      [
        0.09845218,
        0.692705035,
        0.7144696
      ]
    ],
    "translation": [
      1.35552764,
      1.65624452,
      -0.994769633
    ]
  },
  {
    "timeStamp": 3941,
    "rotation": [
      [
        0.995329,
        -0.09371073,
        -0.023203643
      ],
      [
        0.0505424142,
        0.7105941,
        -0.7017845
      ],
      [
        0.0822531059,
        0.6973337,
        0.7120113
      ]
    ],
    "translation": [
      1.35282969,
      1.65461469,
      -0.9954019
    ]
  },
  {
    "timeStamp": 3985,
    "rotation": [
      [
        0.9965543,
        -0.08209929,
        -0.0117946723
      ],
      [
        0.0502512045,
        0.7107679,
        -0.701629341
      ],
      [
        0.0659865439,
        0.698619068,
        0.7124445
      ]
    ],
    "translation": [
      1.349575,
      1.65341866,
      -0.996647656
    ]
  },
  {
    "timeStamp": 4040,
    "rotation": [
      [
        0.997288167,
        -0.07337153,
        -0.005733461
      ],
      [
        0.0482926145,
        0.7112109,
        -0.701317966
      ],
      [
        0.05553447,
        0.699139237,
        0.712825537
      ]
    ],
    "translation": [
      1.3471545,
      1.65321839,
      -0.998624146
    ]
  },
  {
    "timeStamp": 4084,
    "rotation": [
      [
        0.998014152,
        -0.06297391,
        0.00145011756
      ],
      [
        0.046047207,
        0.71366334,
        -0.6989738
      ],
      [
        0.0429822169,
        0.6976525,
        0.7151459
      ]
    ],
    "translation": [
      1.34487176,
      1.65304041,
      -1.00162888
    ]
  },
  {
    "timeStamp": 4140,
    "rotation": [
      [
        0.998407543,
        -0.0557177365,
        0.008824399
      ],
      [
        0.04610532,
        0.71581,
        -0.6967714
      ],
      [
        0.03250593,
        0.6960687,
        0.717238963
      ]
    ],
    "translation": [
      1.343381,
      1.65348017,
      -1.00545359
    ]
  },
  {
    "timeStamp": 4184,
    "rotation": [
      [
        0.998673141,
        -0.04945693,
        0.0143534951
      ],
      [
        0.0455057,
        0.7170174,
        -0.6955683
      ],
      [
        0.02410897,
        0.695298553,
        0.7183166
      ]
    ],
    "translation": [
      1.34252453,
      1.65386891,
      -1.00896072
    ]
  },
  {
    "timeStamp": 4240,
    "rotation": [
      [
        0.998759866,
        -0.04426715,
        0.02278709
      ],
      [
        0.0476727746,
        0.7183036,
        -0.694094539
      ],
      [
        0.0143575389,
        0.6943201,
        0.719523132
      ]
    ],
    "translation": [
      1.34238827,
      1.6544435,
      -1.01302147
    ]
  },
  {
    "timeStamp": 4285,
    "rotation": [
      [
        0.998680532,
        -0.0413224362,
        0.0304926652
      ],
      [
        0.0508999266,
        0.71757865,
        -0.694615
      ],
      [
        0.006822295,
        0.6952506,
        0.7187351
      ]
    ],
    "translation": [
      1.342631,
      1.65443873,
      -1.01597571
    ]
  },
  {
    "timeStamp": 4340,
    "rotation": [
      [
        0.9985435,
        -0.03654848,
        0.03968722
      ],
      [
        0.0538783222,
        0.714051545,
        -0.6980169
      ],
      [
        -0.00282726251,
        0.6991385,
        0.714980662
      ]
    ],
    "translation": [
      1.34316492,
      1.653755,
      -1.01911712
    ]
  },
  {
    "timeStamp": 4385,
    "rotation": [
      [
        0.9982054,
        -0.03441935,
        0.0490029939
      ],
      [
        0.0589503869,
        0.708673358,
        -0.7030697
      ],
      [
        -0.0105279116,
        0.7046967,
        0.7094306
      ]
    ],
    "translation": [
      1.34407282,
      1.6524806,
      -1.02102709
    ]
  },
  {
    "timeStamp": 4441,
    "rotation": [
      [
        0.997858,
        -0.0315446481,
        0.05731015
      ],
      [
        0.06283692,
        0.7058391,
        -0.7055797
      ],
      [
        -0.01819448,
        0.7076695,
        0.7063093
      ]
    ],
    "translation": [
      1.34485018,
      1.65108013,
      -1.02165937
    ]
  },
  {
    "timeStamp": 4485,
    "rotation": [
      [
        0.9975123,
        -0.026878234,
        0.06516791
      ],
      [
        0.06522904,
        0.7024713,
        -0.708716631
      ],
      [
        -0.0267295353,
        0.71120435,
        0.702477
      ]
    ],
    "translation": [
      1.34599376,
      1.64931679,
      -1.0221355
    ]
  },
  {
    "timeStamp": 4540,
    "rotation": [
      [
        0.997372866,
        -0.02248705,
        0.0688595
      ],
      [
        0.06506772,
        0.695882738,
        -0.7152017
      ],
      [
        -0.03183536,
        0.7178033,
        0.6955178
      ]
    ],
    "translation": [
      1.34676278,
      1.64768064,
      -1.0228126
    ]
  },
  {
    "timeStamp": 4585,
    "rotation": [
      [
        0.997278631,
        -0.0177864265,
        0.07154679
      ],
      [
        0.0641521141,
        0.6875731,
        -0.7232758
      ],
      [
        -0.0363291539,
        0.7258974,
        0.6868429
      ]
    ],
    "translation": [
      1.34759343,
      1.64585352,
      -1.02349
    ]
  },
  {
    "timeStamp": 4641,
    "rotation": [
      [
        0.997263134,
        -0.0143413106,
        0.07253046
      ],
      [
        0.06276934,
        0.682612062,
        -0.7280802
      ],
      [
        -0.0390685461,
        0.730640233,
        0.681643963
      ]
    ],
    "translation": [
      1.347755,
      1.64452744,
      -1.02387071
    ]
  },
  {
    "timeStamp": 4685,
    "rotation": [
      [
        0.99719,
        -0.0108273225,
        0.07412783
      ],
      [
        0.0619067475,
        0.6763185,
        -0.734003246
      ],
      [
        -0.04218674,
        0.7365297,
        0.675088346
      ]
    ],
    "translation": [
      1.34807992,
      1.64317036,
      -1.0244472
    ]
  },
  {
    "timeStamp": 4740,
    "rotation": [
      [
        0.997218966,
        -0.008571146,
        0.07403245
      ],
      [
        0.0606502369,
        0.6706183,
        -0.7393191
      ],
      [
        -0.0433106944,
        0.7417531,
        0.669273138
      ]
    ],
    "translation": [
      1.34784067,
      1.6419853,
      -1.02518868
    ]
  },
  {
    "timeStamp": 4785,
    "rotation": [
      [
        0.99730736,
        -0.005819199,
        0.0731037557
      ],
      [
        0.0585826971,
        0.6628687,
        -0.746440351
      ],
      [
        -0.0441145,
        0.7487131,
        0.661424756
      ]
    ],
    "translation": [
      1.347604,
      1.6406759,
      -1.02639985
    ]
  },
  {
    "timeStamp": 4840,
    "rotation": [
      [
        0.997405052,
        -0.00416571042,
        0.0718737245
      ],
      [
        0.0570718274,
        0.6543055,
        -0.7540737
      ],
      [
        -0.0438861176,
        0.756218851,
        0.6528454
      ]
    ],
    "translation": [
      1.34687757,
      1.639528,
      -1.027803
    ]
  },
  {
    "timeStamp": 4885,
    "rotation": [
      [
        0.997438967,
        -0.00313714752,
        0.0714543238
      ],
      [
        0.05670554,
        0.6435453,
        -0.7633046
      ],
      [
        -0.0435895,
        0.7654016,
        0.642075062
      ]
    ],
    "translation": [
      1.34650254,
      1.63803339,
      -1.02982593
    ]
  },
  {
    "timeStamp": 4940,
    "rotation": [
      [
        0.997333646,
        -0.00378915947,
        0.07287903
      ],
      [
        0.05872665,
        0.6345214,
        -0.770671
      ],
      [
        -0.0433231071,
        0.772896051,
        0.633052051
      ]
    ],
    "translation": [
      1.34592581,
      1.63671684,
      -1.03177118
    ]
  },
  {
    "timeStamp": 4985,
    "rotation": [
      [
        0.9972225,
        -0.00518515659,
        0.07429988
      ],
      [
        0.06090088,
        0.6310504,
        -0.773347557
      ],
      [
        -0.04287704,
        0.7757245,
        0.629613459
      ]
    ],
    "translation": [
      1.34553456,
      1.63613749,
      -1.032984
    ]
  },
  {
    "timeStamp": 5041,
    "rotation": [
      [
        0.997185051,
        -0.00537003,
        0.07478713
      ],
      [
        0.061262086,
        0.6334395,
        -0.7713633
      ],
      [
        -0.0432308763,
        0.773773551,
        0.631985366
      ]
    ],
    "translation": [
      1.34507489,
      1.63642073,
      -1.03384829
    ]
  },
  {
    "timeStamp": 5085,
    "rotation": [
      [
        0.99727273,
        -0.00528536,
        0.07361554
      ],
      [
        0.06010581,
        0.6369943,
        -0.768521667
      ],
      [
        -0.0428307727,
        0.7708504,
        0.6355747
      ]
    ],
    "translation": [
      1.34447086,
      1.63710189,
      -1.034735
    ]
  },
  {
    "timeStamp": 5140,
    "rotation": [
      [
        0.9974511,
        -0.004555037,
        0.0712067038
      ],
      [
        0.0576673858,
        0.639160752,
        -0.7669081
      ],
      [
        -0.0420192331,
        0.769059658,
        0.6377943
      ]
    ],
    "translation": [
      1.34344125,
      1.63722968,
      -1.03557515
    ]
  },
  {
    "timeStamp": 5185,
    "rotation": [
      [
        0.99748987,
        -0.004053231,
        0.07069344
      ],
      [
        0.0569562241,
        0.6390976,
        -0.767013848
      ],
      [
        -0.0420711264,
        0.769115,
        0.6377242
      ]
    ],
    "translation": [
      1.34275651,
      1.63721418,
      -1.03626513
    ]
  },
  {
    "timeStamp": 5240,
    "rotation": [
      [
        0.997530937,
        -0.00352870021,
        0.0701394156
      ],
      [
        0.0562037341,
        0.638952136,
        -0.7671905
      ],
      [
        -0.0421085432,
        0.7692384,
        0.6375729
      ]
    ],
    "translation": [
      1.341828,
      1.63743722,
      -1.03699541
    ]
  },
  {
    "timeStamp": 5285,
    "rotation": [
      [
        0.9974379,
        -0.003300422,
        0.07146087
      ],
      [
        0.05700128,
        0.6402565,
        -0.766043365
      ],
      [
        -0.0432250239,
        0.7681541,
        0.638804257
      ]
    ],
    "translation": [
      1.34136128,
      1.63755393,
      -1.03723764
    ]
  },
  {
    "timeStamp": 5340,
    "rotation": [
      [
        0.9972827,
        -0.00267894869,
        0.07362165
      ],
      [
