[
  {
    "timeStamp": 34103,
    "rotation": [
      [
        0.9997505,
        0.02105889,
        -0.00744462851
      ],
      [
        0.007304455,
        0.00672536669,
        0.9999507
      ],
      [
        0.0211079177,
        -0.9997556,
        0.006569865
      ]
    ],
    "translation": [
      1.14476943,
      0.70442766,
      -0.750323534
    ]
  },
  {
    "timeStamp": 34148,
    "rotation": [
      [
        0.999422848,
        0.0319643356,
        -0.0115025761
      ],
      [
        0.0123846559,
        -0.0275361631,
        0.9995441
      ],
      [
        0.0316330232,
        -0.9991096,
        -0.0279161353
      ]
    ],
    "translation": [
      1.146555,
      0.70471,
      -0.7457254
    ]
  },
  {
    "timeStamp": 34202,
    "rotation": [
      [
        0.999192,
        0.0385799073,
        0.0112680746
      ],
      [
        -0.0102751162,
        -0.0258399751,
        0.9996133
      ],
      [
        0.0388561524,
        -0.998921335,
        -0.025422683
      ]
    ],
    "translation": [
      1.147983,
      0.7111198,
      -0.7425852
    ]
  },
  {
    "timeStamp": 34246,
    "rotation": [
      [
        0.9984436,
        0.04920799,
        0.026249
      ],
      [
        -0.0250121988,
        -0.0255837236,
        0.9993597
      ],
      [
        0.0498480275,
        -0.9984608,
        -0.0243131053
      ]
    ],
    "translation": [
      1.151976,
      0.718905866,
      -0.7427764
    ]
  },
  {
    "timeStamp": 34301,
    "rotation": [
      [
        0.9962242,
        0.06280365,
        0.0599414967
      ],
      [
        -0.05993552,
        -0.001980821,
        0.9982003
      ],
      [
        0.06280935,
        -0.9980239,
        0.00179082737
      ]
    ],
    "translation": [
      1.159848,
      0.7335958,
      -0.74988085
    ]
  },
  {
    "timeStamp": 34346,
    "rotation": [
      [
        0.99025166,
        0.0993345,
        0.097643815
      ],
      [
        -0.09853505,
        0.004094153,
        0.9951252
      ],
      [
        0.09845049,
        -0.995045662,
        0.0138421729
      ]
    ],
    "translation": [
      1.17298019,
      0.749758542,
      -0.7639921
    ]
  },
  {
    "timeStamp": 34401,
    "rotation": [
      [
        0.9761457,
        0.158759162,
        0.148105264
      ],
      [
        -0.1561489,
        0.03937944,
        0.9869482
      ],
      [
        0.150854751,
        -0.986531734,
        0.0632301345
      ]
    ],
    "translation": [
      1.19970608,
      0.7723852,
      -0.7923094
    ]
  },
  {
    "timeStamp": 34446,
    "rotation": [
      [
        0.9630423,
        0.213182762,
        0.164628908
      ],
      [
        -0.1817782,
        0.06337542,
        0.981295168
      ],
      [
        0.198761776,
        -0.9749547,
        0.09978519
      ]
    ],
    "translation": [
      1.23404336,
      0.7856247,
      -0.819528
    ]
  },
  {
    "timeStamp": 34502,
    "rotation": [
      [
        0.948529661,
        0.272076726,
        0.1620672
      ],
      [
        -0.1945898,
        0.09697158,
        0.9760796
      ],
      [
        0.249852642,
        -0.9573771,
        0.144923776
      ]
    ],
    "translation": [
      1.28823948,
      0.7954045,
      -0.8532542
    ]
  },
  {
    "timeStamp": 34546,
    "rotation": [
      [
        0.9450657,
        0.297093064,
        0.1363326
      ],
      [
        -0.184052721,
        0.138960838,
        0.9730439
      ],
      [
        0.2701397,
        -0.944682837,
        0.186007917
      ]
    ],
    "translation": [
      1.33778107,
      0.7979324,
      -0.8785614
    ]
  },
  {
    "timeStamp": 34594,
    "rotation": [
      [
        0.949985147,
        0.291284025,
        0.112613454
      ],
      [
        -0.1798782,
        0.2155912,
        0.959773
      ],
      [
        0.255288064,
        -0.9320268,
        0.257204115
      ]
    ],
    "translation": [
      1.38899457,
      0.8014586,
      -0.9018197
    ]
  },
  {
    "timeStamp": 34648,
    "rotation": [
      [
        0.963014066,
        0.254541,
        0.08838939
      ],
      [
        -0.166901186,
        0.305966169,
        0.9372986
      ],
      [
        0.211536765,
        -0.917384,
        0.337132961
      ]
    ],
    "translation": [
      1.45089293,
      0.8068077,
      -0.922672153
    ]
  },
  {
    "timeStamp": 34696,
    "rotation": [
      [
        0.9735671,
        0.209328026,
        0.09137191
      ],
      [
        -0.160932019,
        0.3448178,
        0.9247711
      ],
      [
        0.162073836,
        -0.9150314,
        0.369390845
      ]
    ],
    "translation": [
      1.50689673,
      0.8147768,
      -0.9346935
    ]
  },
  {
    "timeStamp": 34752,
    "rotation": [
      [
        0.983817756,
        0.131097168,
        0.122131966
      ],
      [
        -0.1633442,
        0.3761329,
        0.9120541
      ],
      [
        0.07362986,
        -0.917244554,
        0.39146018
      ]
    ],
    "translation": [
      1.55453062,
      0.8276219,
      -0.93544966
    ]
  },
  {
    "timeStamp": 34796,
    "rotation": [
      [
        0.984416664,
        0.07471034,
        0.1591924
      ],
      [
        -0.175512642,
        0.361224085,
        0.9158125
      ],
      [
        0.0109165488,
        -0.9294814,
        0.368707627
      ]
    ],
    "translation": [
      1.58699965,
      0.840268433,
      -0.9306189
    ]
  },
  {
    "timeStamp": 34852,
    "rotation": [
      [
        0.97610575,
        -0.008901526,
        0.2171138
      ],
      [
        -0.202006459,
        0.330996364,
        0.9217564
      ],
      [
        -0.0800689,
        -0.943590045,
        0.321289271
      ]
    ],
    "translation": [
      1.62270677,
      0.859359443,
      -0.9170317
    ]
  },
  {
    "timeStamp": 34896,
    "rotation": [
      [
        0.9608986,
        -0.0686859339,
        0.268246531
      ],
      [
        -0.238628283,
        0.286013842,
        0.928037
      ],
      [
        -0.140465289,
        -0.955760658,
        0.258439869
      ]
    ],
    "translation": [
      1.64980006,
      0.8782168,
      -0.9033731
    ]
  },
  {
    "timeStamp": 34952,
    "rotation": [
      [
        0.9311575,
        -0.152894542,
        0.33101204
      ],
      [
        -0.2926065,
        0.228310809,
        0.9285772
      ],
      [
        -0.217548028,
        -0.9615079,
        0.1678554
      ]
    ],
    "translation": [
      1.684254,
      0.903692842,
      -0.883097231
    ]
  },
  {
    "timeStamp": 34996,
    "rotation": [
      [
        0.8895206,
        -0.242723972,
        0.387089431
      ],
      [
        -0.345399648,
        0.19735454,
        0.9174695
      ],
      [
        -0.2990857,
        -0.949808538,
        0.09171415
      ]
    ],
    "translation": [
      1.71448839,
      0.925810456,
      -0.8633921
    ]
  },
  {
    "timeStamp": 35052,
    "rotation": [
      [
        0.829015851,
        -0.343294859,
        0.4414537
      ],
      [
        -0.410809457,
        0.161755964,
        0.897257268
      ],
      [
        -0.3794316,
        -0.925193846,
        -0.006930509
      ]
    ],
    "translation": [
      1.7571696,
      0.9535487,
      -0.8395133
    ]
  },
  {
    "timeStamp": 35097,
    "rotation": [
      [
        0.77122885,
        -0.4325552,
        0.467013985
      ],
      [
        -0.4604287,
        0.127543211,
        0.8784863
      ],
      [
        -0.439558268,
        -0.892540634,
        -0.100795828
      ]
    ],
    "translation": [
      1.79665041,
      0.9747423,
      -0.8201788
    ]
  },
  {
    "timeStamp": 35143,
    "rotation": [
      [
        0.701533735,
        -0.5205516,
        0.486699581
      ],
      [
        -0.505705833,
        0.117553607,
        0.854659438
      ],
      [
        -0.5021077,
        -0.845699251,
        -0.180778176
      ]
    ],
    "translation": [
      1.8411721,
      0.9944145,
      -0.800653934
    ]
  },
  {
    "timeStamp": 35200,
    "rotation": [
      [
        0.6272545,
        -0.619980752,
        0.471355051
      ],
      [
        -0.539966941,
        0.08994557,
        0.836866438
      ],
      [
        -0.5612374,
        -0.779444456,
        -0.278350353
      ]
    ],
    "translation": [
      1.89948249,
      1.00873625,
      -0.781581342
    ]
  },
  {
    "timeStamp": 35245,
    "rotation": [
      [
        0.5800402,
        -0.6847815,
        0.441166252
      ],
      [
        -0.5532443,
        0.0663404539,
        0.8303732
      ],
      [
        -0.5978914,
        -0.7257226,
        -0.3403713
      ]
    ],
    "translation": [
      1.94608235,
      1.01475811,
      -0.768745661
    ]
  },
  {
    "timeStamp": 35301,
    "rotation": [
      [
        0.5271331,
        -0.755556166,
        0.388928771
      ],
      [
        -0.5613294,
        0.03402404,
        0.8268928
      ],
      [
        -0.6379969,
        -0.6541997,
        -0.406180739
      ]
    ],
    "translation": [
      2.00341177,
      1.016217,
      -0.755550861
    ]
  },
  {
    "timeStamp": 35345,
    "rotation": [
      [
        0.5069055,
        -0.7928881,
        0.338193983
      ],
      [
        -0.5473432,
        0.00703260442,
        0.8368787
      ],
      [
        -0.665929556,
        -0.6093266,
        -0.430417061
      ]
    ],
    "translation": [
      2.044683,
      1.00908029,
      -0.74832
    ]
  },
  {
    "timeStamp": 35400,
    "rotation": [
      [
        0.479344338,
        -0.82108444,
        0.309918225
      ],
      [
        -0.527183652,
        0.0129346326,
        0.849652946
      ],
      [
        -0.7016455,
        -0.5706601,
        -0.426662147
      ]
    ],
    "translation": [
      2.08242846,
      0.996845841,
      -0.74343735
    ]
  },
  {
    "timeStamp": 35443,
    "rotation": [
      [
        0.4511325,
        -0.849672,
        0.2730146
      ],
      [
        -0.492377669,
        0.01818054,
        0.870191753
      ],
      [
        -0.744341135,
        -0.5269981,
        -0.410157681
      ]
    ],
    "translation": [
      2.12232852,
      0.979621947,
      -0.740196
    ]
  },
  {
    "timeStamp": 35496,
    "rotation": [
      [
        0.480711043,
        -0.8464941,
        0.2288334
      ],
      [
        -0.4196049,
        0.007086426,
        0.9076792
      ],
      [
        -0.769966662,
        -0.532351,
        -0.351786524
      ]
    ],
    "translation": [
      2.149228,
      0.9525136,
      -0.7423425
    ]
  },
  {
    "timeStamp": 35551,
    "rotation": [
      [
        0.5181446,
        -0.835230947,
        0.18416144
      ],
      [
        -0.362169653,
        -0.0191965178,
        0.9319145
      ],
      [
        -0.774828553,
        -0.5495641,
        -0.3124419
      ]
    ],
    "translation": [
      2.16416812,
      0.9240669,
      -0.7466713
    ]
  },
  {
    "timeStamp": 35596,
    "rotation": [
      [
        0.5372419,
        -0.8258946,
        0.1710826
      ],
      [
        -0.3221684,
        -0.01348588,
        0.9465863
      ],
      [
        -0.7794733,
        -0.5636632,
        -0.273322344
      ]
    ],
    "translation": [
      2.17112136,
      0.9038174,
      -0.749954
    ]
  },
  {
    "timeStamp": 35652,
    "rotation": [
      [
        0.56597203,
        -0.808607,
        0.160718441
      ],
      [
        -0.274687678,
        -0.00114949525,
        0.961532831
      ],
      [
        -0.7773174,
        -0.588348031,
        -0.222764969
      ]
    ],
    "translation": [
      2.17336154,
      0.8801298,
      -0.755980849
    ]
  },
  {
    "timeStamp": 35696,
    "rotation": [
      [
        0.580647945,
        -0.8009461,
        0.14605923
      ],
      [
        -0.250102222,
        -0.00475145038,
        0.9682078
      ],
      [
        -0.77478826,
        -0.5987176,
        -0.203077316
      ]
    ],
    "translation": [
      2.17548347,
      0.8668651,
      -0.7585126
    ]
  },
  {
    "timeStamp": 35752,
    "rotation": [
      [
        0.5678941,
        -0.8091952,
        0.15066269
      ],
      [
        -0.224757016,
        0.0236365441,
        0.9741281
      ],
      [
        -0.791821,
        -0.587064147,
        -0.168449253
      ]
    ],
    "translation": [
      2.178643,
      0.8526978,
      -0.7609709
    ]
  },
  {
    "timeStamp": 35796,
    "rotation": [
      [
        0.5833177,
        -0.801701069,
        0.130445033
      ],
      [
        -0.193946108,
        0.0184772983,
        0.9808382
      ],
      [
        -0.7887493,
        -0.5974396,
        -0.144708663
      ]
    ],
    "translation": [
      2.179904,
      0.8444067,
      -0.7639119
    ]
  },
  {
    "timeStamp": 35851,
    "rotation": [
      [
        0.584705,
        -0.799862444,
        0.1354258
      ],
      [
        -0.179408208,
        0.03530827,
        0.9831409
      ],
      [
        -0.7911591,
        -0.5991439,
        -0.122856967
      ]
    ],
    "translation": [
      2.17995572,
      0.83900255,
      -0.766105235
    ]
  },
  {
    "timeStamp": 35897,
    "rotation": [
      [
        0.5898596,
        -0.8010206,
        0.102135293
      ],
      [
        -0.1530937,
        0.0132561214,
        0.988122761
      ],
      [
        -0.7928606,
        -0.59849,
        -0.114811942
      ]
    ],
    "translation": [
      2.1830194,
      0.8343958,
      -0.7660729
    ]
  },
  {
    "timeStamp": 35943,
    "rotation": [
      [
        0.582895,
        -0.806048632,
        0.102562569
      ],
      [
        -0.14041993,
        0.0243973844,
        0.9897914
      ],
      [
        -0.8003223,
        -0.591346264,
        -0.0989641845
      ]
    ],
    "translation": [
      2.18601513,
      0.830616057,
      -0.7664231
    ]
  },
  {
    "timeStamp": 36000,
    "rotation": [
      [
        0.589650869,
        -0.8024237,
        0.091804035
      ],
      [
        -0.09720516,
        0.0423336029,
        0.9943636
      ],
      [
        -0.8017873,
        -0.5952512,
        -0.05303768
      ]
    ],
    "translation": [
      2.18836,
      0.8220807,
      -0.768937
    ]
  },
  {
    "timeStamp": 36045,
    "rotation": [
      [
        0.603346765,
        -0.7939693,
        0.07473569
      ],
      [
        -0.07131887,
        0.0396193452,
        0.996666431
      ],
      [
        -0.7942835,
        -0.6066655,
        -0.032720793
      ]
    ],
    "translation": [
      2.18860173,
      0.8165729,
      -0.7712575
    ]
  },
  {
    "timeStamp": 36101,
    "rotation": [
      [
        0.6047527,
        -0.791691244,
        0.08659777
      ],
      [
        -0.05926229,
        0.06369953,
        0.996208
      ],
      [
        -0.794205368,
        -0.60759145,
        -0.008394972
      ]
    ],
    "translation": [
      2.187354,
      0.812491536,
      -0.772696733
    ]
  },
  {
    "timeStamp": 36145,
    "rotation": [
      [
        0.6220857,
        -0.778157055,
        0.08649295
      ],
      [
        -0.0439121,
        0.07562038,
        0.9961693
      ],
      [
        -0.781716764,
        -0.6235007,
        0.0128718456
      ]
    ],
    "translation": [
      2.18447518,
      0.8088895,
      -0.775065958
    ]
  },
  {
    "timeStamp": 36201,
    "rotation": [
      [
        0.6309963,
        -0.773030639,
        0.06532468
      ],
      [
        -0.017868774,
        0.06969998,
        0.997408
      ],
      [
        -0.77558,
        -0.630528,
        0.0301673226
      ]
    ],
    "translation": [
      2.18224716,
      0.796527743,
      -0.7839579
    ]
  },
  {
    "timeStamp": 36245,
    "rotation": [
      [
        0.6313814,
        -0.773720562,
        0.052095443
      ],
      [
        -0.01328036,
        0.0563808233,
        0.998321
      ],
      [
        -0.7753587,
        -0.631013155,
        0.0253225174
      ]
    ],
    "translation": [
      2.182436,
      0.7970139,
      -0.782894969
    ]
  },
  {
    "timeStamp": 36301,
    "rotation": [
      [
        0.6318352,
        -0.7743132,
        0.0349751525
      ],
      [
        -0.00482497225,
        0.04119324,
        0.999139547
      ],
      [
        -0.775087655,
        -0.6314603,
        0.0222913
      ]
    ],
    "translation": [
      2.18239164,
      0.799567759,
      -0.782012165
    ]
  }
]