[
  {
    "timeStamp": 6649,
    "rotation": [
      [
        0.011716038,
        0.9999298,
        -0.001759542
      ],
      [
        0.0258173365,
        0.001456579,
        0.9996656
      ],
      [
        0.999597967,
        -0.011757547,
        -0.0257984586
      ]
    ],
    "translation": [
      1.4617424,
      0.705114067,
      -0.750112236
    ]
  },
  {
    "timeStamp": 6693,
    "rotation": [
      [
        0.0273101926,
        0.9995911,
        0.008470188
      ],
      [
        0.0191518813,
        -0.00899501052,
        0.9997761
      ],
      [
        0.999443531,
        -0.02714186,
        -0.0193897076
      ]
    ],
    "translation": [
      1.46081471,
      0.7087152,
      -0.751337469
    ]
  },
  {
    "timeStamp": 6749,
    "rotation": [
      [
        0.0498274565,
        0.998392045,
        0.02703103
      ],
      [
        0.0190408714,
        -0.02800932,
        0.9994263
      ],
      [
        0.998576343,
        -0.0492841862,
        -0.0204058867
      ]
    ],
    "translation": [
      1.462911,
      0.726636767,
      -0.750100255
    ]
  },
  {
    "timeStamp": 6793,
    "rotation": [
      [
        0.09111097,
        0.9929588,
        0.07570764
      ],
      [
        -0.01305375,
        -0.07482646,
        0.997111142
      ],
      [
        0.9957552,
        -0.09183602,
        0.00614432432
      ]
    ],
    "translation": [
      1.46504486,
      0.7571315,
      -0.750522554
    ]
  },
  {
    "timeStamp": 6848,
    "rotation": [
      [
        0.1370581,
        0.981468558,
        0.13391985
      ],
      [
        -0.0073046186,
        -0.1341906,
        0.9909286
      ],
      [
        0.9905361,
        -0.136793032,
        -0.011222655
      ]
    ],
    "translation": [
      1.47505224,
      0.801888943,
      -0.745457232
    ]
  },
  {
    "timeStamp": 6893,
    "rotation": [
      [
        0.1801866,
        0.966510832,
        0.182728484
      ],
      [
        -0.006528663,
        -0.184589833,
        0.982794
      ],
      [
        0.9836108,
        -0.178279266,
        -0.02695059
      ]
    ],
    "translation": [
      1.48852336,
      0.8421632,
      -0.737211168
    ]
  },
  {
    "timeStamp": 6948,
    "rotation": [
      [
        0.246798441,
        0.945236742,
        0.213583738
      ],
      [
        -0.01688328,
        -0.216173962,
        0.976208866
      ],
      [
        0.968919754,
        -0.244532824,
        -0.0373927
      ]
    ],
    "translation": [
      1.51882172,
      0.885335445,
      -0.724052668
    ]
  },
  {
    "timeStamp": 6993,
    "rotation": [
      [
        0.274171174,
        0.9348011,
        0.225781113
      ],
      [
        -0.000205176446,
        -0.2347207,
        0.9720628
      ],
      [
        0.9616809,
        -0.266557932,
        -0.06416185
      ]
    ],
    "translation": [
      1.55376637,
      0.920147359,
      -0.709400833
    ]
  },
  {
    "timeStamp": 7048,
    "rotation": [
      [
        0.390940726,
        0.898331344,
        0.200414881
      ],
      [
        0.0238074791,
        -0.227540433,
        0.973477542
      ],
      [
        0.9201079,
        -0.375800639,
        -0.110341825
      ]
    ],
    "translation": [
      1.61205208,
      0.958189249,
      -0.67695725
    ]
  },
  {
    "timeStamp": 7093,
    "rotation": [
      [
        0.4901562,
        0.854897,
        0.169994175
      ],
      [
        0.05179748,
        -0.223253042,
        0.9733833
      ],
      [
        0.87009424,
        -0.4683046,
        -0.153710365
      ]
    ],
    "translation": [
      1.67345488,
      0.989859939,
      -0.640690148
    ]
  },
  {
    "timeStamp": 7148,
    "rotation": [
      [
        0.589967847,
        0.8027945,
        0.0863651261
      ],
      [
        0.1088114,
        -0.1850375,
        0.9766889
      ],
      [
        0.8000613,
        -0.5668176,
        -0.196519375
      ]
    ],
    "translation": [
      1.75787771,
      1.02717292,
      -0.6108475
    ]
  },
  {
    "timeStamp": 7204,
    "rotation": [
      [
        0.6425183,
        0.763806462,
        -0.06139978
      ],
      [
        0.205576658,
        -0.09463129,
        0.974055
      ],
      [
        0.7381792,
        -0.6384705,
        -0.217823118
      ]
    ],
    "translation": [
      1.85765529,
      1.05383921,
      -0.59094435
    ]
  },
  {
    "timeStamp": 7248,
    "rotation": [
      [
        0.625389159,
        0.753662765,
        -0.202190042
      ],
      [
        0.2877324,
        0.0181250684,
        0.9575393
      ],
      [
        0.7253264,
        -0.6570114,
        -0.205517963
      ]
    ],
    "translation": [
      1.92501521,
      1.07258117,
      -0.59294647
    ]
  },
  {
    "timeStamp": 7293,
    "rotation": [
      [
        0.571770132,
        0.6986485,
        -0.430080384
      ],
      [
        0.371671379,
        0.246759489,
        0.894969344
      ],
      [
        0.7313954,
        -0.671565354,
        -0.118577942
      ]
    ],
    "translation": [
      2.01374936,
      1.06607509,
      -0.609094858
    ]
  },
  {
    "timeStamp": 7348,
    "rotation": [
      [
        0.4428611,
        0.5625466,
        -0.69815135
      ],
      [
        0.462747037,
        0.5235366,
        0.7153842
      ],
      [
        0.7679448,
        -0.639883339,
        -0.0284627676
      ]
    ],
    "translation": [
      2.10658526,
      1.0664494,
      -0.6271379
    ]
  },
  {
    "timeStamp": 7403,
    "rotation": [
      [
        0.361657053,
        0.444874048,
        -0.8193237
      ],
      [
        0.446508437,
        0.6888173,
        0.571105
      ],
      [
        0.8184342,
        -0.5723791,
        0.05047563
      ]
    ],
    "translation": [
      2.17118788,
      1.06508923,
      -0.652444065
    ]
  },
  {
    "timeStamp": 7446,
    "rotation": [
      [
        0.277218044,
        0.334171861,
        -0.900821447
      ],
      [
        0.437487721,
        0.7908339,
        0.4280026
      ],
      [
        0.8554266,
        -0.512748361,
        0.07303734
      ]
    ],
    "translation": [
      2.21256685,
      1.06351471,
      -0.656247139
    ]
  },
  {
    "timeStamp": 7499,
    "rotation": [
      [
        0.210289568,
        0.2805098,
        -0.936532259
      ],
      [
        0.371322423,
        0.863248944,
        0.341937
      ],
      [
        0.9043771,
        -0.4196612,
        0.07737268
      ]
    ],
    "translation": [
      2.235659,
      1.05044973,
      -0.662303567
    ]
  },
  {
    "timeStamp": 7543,
    "rotation": [
      [
        0.15349026,
        0.23860909,
        -0.958909035
      ],
      [
        0.35522297,
        0.8922144,
        0.2788729
      ],
      [
        0.922094047,
        -0.383430749,
        0.0521868
      ]
    ],
    "translation": [
      2.24972034,
      1.03976667,
      -0.6537707
    ]
  },
  {
    "timeStamp": 7599,
    "rotation": [
      [
        0.108777024,
        0.185595661,
        -0.976586759
      ],
      [
        0.318789482,
        0.924015462,
        0.211113065
      ],
      [
        0.941562951,
        -0.334289849,
        0.0413457081
      ]
    ],
    "translation": [
      2.26148629,
      1.025758,
      -0.643947661
    ]
  },
  {
    "timeStamp": 7643,
    "rotation": [
      [
        0.06813403,
        0.1299388,
        -0.9891783
      ],
      [
        0.304339141,
        0.941518247,
        0.144640863
      ],
      [
        0.9501239,
        -0.310900658,
        0.02460398
      ]
    ],
    "translation": [
      2.27735925,
      1.02204967,
      -0.630229533
    ]
  },
  {
    "timeStamp": 7699,
    "rotation": [
      [
        0.040745344,
        0.09750562,
        -0.994400561
      ],
      [
        0.280085534,
        0.9542109,
        0.105041273
      ],
      [
        0.959109962,
        -0.282797158,
        0.0115697375
      ]
    ],
    "translation": [
      2.28369546,
      1.01192033,
      -0.61836195
    ]
  },
  {
    "timeStamp": 7743,
    "rotation": [
      [
        0.027130859,
        0.08474254,
        -0.9960335
      ],
      [
        0.25791347,
        0.962071359,
        0.0888783261
      ],
      [
        0.965787,
        -0.259301782,
        0.004245578
      ]
    ],
    "translation": [
      2.28511333,
      1.00249183,
      -0.6135095
    ]
  },
  {
    "timeStamp": 7799,
    "rotation": [
      [
        -0.009828284,
        0.0411116146,
        -0.9991062
      ],
      [
        0.230951145,
        0.972233355,
        0.0377339572
      ],
      [
        0.9729157,
        -0.230373859,
        -0.01905016
      ]
    ],
    "translation": [
      2.292731,
      0.9956125,
      -0.605253041
    ]
  },
  {
    "timeStamp": 7843,
    "rotation": [
      [
        -0.0172759276,
        0.03393959,
        -0.999274552
      ],
      [
        0.205825582,
        0.978139,
        0.0296633281
      ],
      [
        0.9784362,
        -0.2051638,
        -0.0238838941
      ]
    ],
    "translation": [
      2.2943294,
      0.986919165,
      -0.602391362
    ]
  },
  {
    "timeStamp": 7900,
    "rotation": [
      [
        -0.0312998258,
        0.02720214,
        -0.9991398
      ],
      [
        0.183971792,
        0.9827073,
        0.0209915154
      ],
      [
        0.982433,
        -0.1831565,
        -0.0357629955
      ]
    ],
    "translation": [
      2.293692,
      0.9773566,
      -0.5971915
    ]
  },
  {
    "timeStamp": 7946,
    "rotation": [
      [
        -0.03883202,
        0.0262278635,
        -0.998901546
      ],
      [
        0.176446781,
        0.984127164,
        0.0189806186
      ],
      [
        0.983543932,
        -0.17551589,
        -0.04284347
      ]
    ],
    "translation": [
      2.29226637,
      0.9702285,
      -0.5895813
    ]
  },
  {
    "timeStamp": 8002,
    "rotation": [
      [
        -0.0343491361,
        0.02957134,
        -0.998972356
      ],
      [
        0.158507228,
        0.9870717,
        0.023768872
      ],
      [
        0.9867602,
        -0.1575279,
        -0.0385923274
      ]
    ],
    "translation": [
      2.28941345,
      0.9609262,
      -0.58701843
    ]
  },
  {
    "timeStamp": 8048,
    "rotation": [
      [
        -0.03977719,
        0.0313154981,
        -0.9987178
      ],
      [
        0.147717252,
        0.988710642,
        0.0251183957
      ],
      [
        0.988229454,
        -0.146528691,
        -0.0439539663
      ]
    ],
    "translation": [
      2.28803134,
      0.953175664,
      -0.5828781
    ]
  },
  {
    "timeStamp": 8093,
    "rotation": [
      [
        -0.0388975665,
        0.03061079,
        -0.9987743
      ],
      [
        0.135523289,
        0.99045676,
        0.0250778776
      ],
      [
        0.9900103,
        -0.1343817,
        -0.042674832
      ]
    ],
    "translation": [
      2.286734,
      0.945750356,
      -0.581484258
    ]
  },
  {
    "timeStamp": 8148,
    "rotation": [
      [
        -0.0458445661,
        0.02716593,
        -0.998579144
      ],
      [
        0.120425306,
        0.9924901,
        0.0214715824
      ],
      [
        0.9916632,
        -0.11926984,
        -0.0487717465
      ]
    ],
    "translation": [
      2.28503036,
      0.9373882,
      -0.5785193
    ]
  },
  {
    "timeStamp": 8193,
    "rotation": [
      [
        -0.04800267,
        0.0101604285,
        -0.9987955
      ],
      [
        0.113638252,
        0.9935113,
        0.004645156
      ],
      [
        0.992361844,
        -0.113278404,
        -0.0488458127
      ]
    ],
    "translation": [
      2.28730154,
      0.9330752,
      -0.5750821
    ]
  },
  {
    "timeStamp": 8248,
    "rotation": [
      [
        -0.0519724153,
        0.004822274,
        -0.9986369
      ],
      [
        0.110915922,
        0.9938293,
        -0.0009733774
      ],
      [
        0.992469966,
        -0.110815324,
        -0.0521865748
      ]
    ],
    "translation": [
      2.28940034,
      0.9235342,
      -0.5690478
    ]
  },
  {
    "timeStamp": 8293,
    "rotation": [
      [
        -0.0511593074,
        -0.00428102957,
        -0.998681366
      ],
      [
        0.0991486758,
        0.9950288,
        -0.009344447
      ],
      [
        0.993756652,
        -0.0994959846,
        -0.0504805259
      ]
    ],
    "translation": [
      2.29185867,
      0.9166959,
      -0.567509
    ]
  },
  {
    "timeStamp": 8348,
    "rotation": [
      [
        -0.03966239,
        -0.0205221213,
        -0.999002337
      ],
      [
        0.09953598,
        0.9947351,
        -0.0243862383
      ],
      [
        0.994243145,
        -0.10040389,
        -0.0374108851
      ]
    ],
    "translation": [
      2.29172564,
      0.9102061,
      -0.5670222
    ]
  },
  {
    "timeStamp": 8393,
    "rotation": [
      [
        -0.03483064,
        -0.0303715579,
        -0.998931646
      ],
      [
        0.0954288542,
        0.9948698,
        -0.0335754678
      ],
      [
        0.9948267,
        -0.09649635,
        -0.0317536332
      ]
    ],
    "translation": [
      2.29177165,
      0.903847,
      -0.5663009
    ]
  },
  {
    "timeStamp": 8448,
    "rotation": [
      [
        -0.03703768,
        -0.0592148453,
        -0.997557938
      ],
      [
        0.08532627,
        0.99441,
        -0.062196
      ],
      [
        0.9956645,
        -0.08742149,
        -0.0317780562
      ]
    ],
    "translation": [
      2.29098129,
      0.900702238,
      -0.565148
    ]
  },
  {
    "timeStamp": 8493,
    "rotation": [
      [
        -0.0178837236,
        -0.08138683,
        -0.9965221
      ],
      [
        0.119065575,
        0.9894159,
        -0.08294322
      ],
      [
        0.9927254,
        -0.120134816,
        -0.008004071
      ]
    ],
    "translation": [
      2.290448,
      0.8975911,
      -0.5668473
    ]
  },
  {
    "timeStamp": 8548,
    "rotation": [
      [
        -0.0143660652,
        -0.09172222,
        -0.995681
      ],
      [
        0.118880354,
        0.988564134,
        -0.0927818641
      ],
      [
        0.992804646,
        -0.119699813,
        -0.00329780625
      ]
    ],
    "translation": [
      2.290278,
      0.892335236,
      -0.5648805
    ]
  },
  {
    "timeStamp": 8603,
    "rotation": [
      [
        -7.729435E-05,
        -0.101358868,
        -0.9948499
      ],
      [
        0.150467828,
        0.9835223,
        -0.100216463
      ],
      [
        0.9886149,
        -0.149700642,
        0.0151752271
      ]
    ],
    "translation": [
      2.29015255,
      0.8865751,
      -0.5648083
    ]
  },
  {
    "timeStamp": 8648,
    "rotation": [
      [
        0.00376041164,
        -0.100671008,
        -0.9949126
      ],
      [
        0.1595548,
        0.982234061,
        -0.09878506
      ],
      [
        0.9871819,
        -0.158371612,
        0.0197561458
      ]
    ],
    "translation": [
      2.29026532,
      0.8829863,
      -0.5643475
    ]
  },
  {
    "timeStamp": 8692,
    "rotation": [
      [
        0.000108523891,
        -0.105813213,
        -0.9943861
      ],
      [
        0.1623286,
        0.9811991,
        -0.104392268
      ],
      [
        0.9867368,
        -0.161405966,
        0.0172829963
      ]
    ],
    "translation": [
      2.29020286,
      0.879877,
      -0.564444542
    ]
  },
  {
    "timeStamp": 8748,
    "rotation": [
      [
        -0.00291510555,
        -0.10751643,
        -0.994199
      ],
      [
        0.173475757,
        0.9790747,
        -0.106389493
      ],
      [
        0.9848338,
        -0.172779575,
        0.0157973878
      ]
    ],
    "translation": [
      2.28988743,
      0.877156556,
      -0.5644154
    ]
  },
  {
    "timeStamp": 8803,
    "rotation": [
      [
        -0.006647115,
        -0.08097823,
        -0.9966937
      ],
      [
        0.160456434,
        0.9837142,
        -0.0809938
      ],
      [
        0.9870205,
        -0.160464287,
        0.006454616
      ]
    ],
    "translation": [
      2.28794026,
      0.876374066,
      -0.5638203
    ]
  },
  {
    "timeStamp": 8848,
    "rotation": [
      [
        0.00120633817,
        -0.08951178,
        -0.995985031
      ],
      [
        0.167914987,
        0.9818623,
        -0.08803916
      ],
      [
        0.985800743,
        -0.167134613,
        0.0162148289
      ]
    ],
    "translation": [
      2.290502,
      0.8744447,
      -0.56468004
    ]
  },
  {
    "timeStamp": 8903,
    "rotation": [
      [
        -0.0502851531,
        -0.04156019,
        -0.9978698
      ],
      [
        0.0761934742,
        0.996062338,
        -0.0453244932
      ],
      [
        0.9958243,
        -0.07831032,
        -0.0469205342
      ]
    ],
    "translation": [
      2.29148722,
      0.8683787,
      -0.556373537
    ]
  },
  {
    "timeStamp": 8948,
    "rotation": [
      [
        -0.06683946,
        -0.008157522,
        -0.9977304
      ],
      [
        0.0326203,
        0.9994141,
        -0.0103565725
      ],
      [
        0.997230351,
        -0.0332384929,
        -0.0665342
      ]
    ],
    "translation": [
      2.29163957,
      0.8633042,
      -0.5560855
    ]
  },
  {
    "timeStamp": 8992,
    "rotation": [
      [
        -0.03998854,
        0.09097345,
        -0.9950501
      ],
      [
        0.01778536,
        0.995753646,
        0.09032303
      ],
      [
        0.9990418,
        -0.014085439,
        -0.04143673
      ]
    ],
    "translation": [
      2.28748846,
      0.84378,
      -0.5653452
    ]
  },
  {
    "timeStamp": 9048,
    "rotation": [
      [
        -0.0132060377,
        0.0931134447,
        -0.995567858
      ],
      [
        -0.000550078345,
        0.995653868,
        0.0931287855
      ],
      [
        0.9999126,
        0.00177750259,
        -0.0130974231
      ]
    ],
    "translation": [
      2.286601,
      0.843685269,
      -0.5702047
    ]
  },
  {
    "timeStamp": 9102,
    "rotation": [
      [
        -0.006693837,
        0.1104834,
        -0.9938554
      ],
      [
        0.0150150461,
        0.993776739,
        0.110373527
      ],
      [
        0.9998648,
        -0.0141839627,
        -0.008311093
      ]
    ],
    "translation": [
      2.28716755,
      0.839400768,
      -0.5720453
    ]
  },
  {
    "timeStamp": 9146,
    "rotation": [
      [
        -0.00369353849,
        0.108216591,
        -0.9941205
      ],
      [
        0.02431745,
        0.993842959,
        0.108096033
      ],
      [
        0.999697447,
        -0.0237752181,
        -0.006302349
      ]
    ],
    "translation": [
      2.28684,
      0.8339672,
      -0.5704908
    ]
  },
  {
    "timeStamp": 9202,
    "rotation": [
      [
        -0.00791782,
        0.06498441,
        -0.9978548
      ],
      [
        0.0592154041,
        0.9961654,
        0.0644045249
      ],
      [
        0.9982138,
        -0.0585784353,
        -0.0117355362
      ]
    ],
    "translation": [
      2.28898382,
      0.83042866,
      -0.5635759
    ]
  },
  {
    "timeStamp": 9246,
    "rotation": [
      [
        -0.005152999,
        0.0415037163,
        -0.999125063
      ],
      [
        0.0535132438,
        0.9977181,
        0.0411692746
      ],
      [
        0.9985539,
        -0.05325428,
        -0.0073622386
      ]
    ],
    "translation": [
      2.29057169,
      0.830286145,
      -0.563712
    ]
  },
  {
    "timeStamp": 9302,
    "rotation": [
      [
        0.00107389735,
        0.0100966394,
        -0.999948442
      ],
      [
        0.0590861663,
        0.9982014,
        0.0101424549
      ],
      [
        0.9982523,
        -0.05909401,
        0.0004753941
      ]
    ],
    "translation": [
      2.29289246,
      0.8303296,
      -0.56343025
    ]
  },
  {
    "timeStamp": 9346,
    "rotation": [
      [
        0.004019025,
        0.000475396722,
        -0.999991834
      ],
      [
        0.05698068,
        0.998375058,
        0.000703636731
      ],
      [
        0.99836725,
        -0.0569830425,
        0.00398540543
      ]
    ],
    "translation": [
      2.2929635,
      0.830141544,
      -0.5634637
    ]
  },
  {
    "timeStamp": 9403,
    "rotation": [
      [
        0.00345388637,
        -0.0120215248,
        -0.999921739
      ],
      [
        0.051292073,
        0.998613656,
        -0.0118286274
      ],
      [
        0.998677731,
        -0.0512472056,
        0.004065707
      ]
    ],
    "translation": [
      2.29278779,
      0.829756558,
      -0.563589334
    ]
  },
  {
    "timeStamp": 9447,
    "rotation": [
      [
        0.0129798707,
        -0.0197529,
        -0.999720633
      ],
      [
        0.04735108,
        0.9986953,
        -0.0191178583
      ],
      [
        0.99879396,
        -0.0470897034,
        0.0138982572
      ]
    ],
    "translation": [
      2.29269028,
      0.829665542,
      -0.5635972
    ]
  },
  {
    "timeStamp": 9503,
    "rotation": [
      [
        0.0197537988,
        -0.0286182035,
        -0.999395132
      ],
      [
        0.0464318022,
        0.998537958,
        -0.0276758987
      ],
      [
        0.99872607,
        -0.04585702,
        0.0210537128
      ]
    ],
    "translation": [
      2.292484,
      0.829212964,
      -0.563366234
    ]
  }
]