[
  {
    "timeStamp": 14612,
    "rotation": [
      [
        0.9823418,
        0.18338789,
        -0.0370589346
      ],
      [
        0.0375127122,
        0.0009952886,
        0.999295652
      ],
      [
        0.183295608,
        -0.983040154,
        -0.00590166356
      ]
    ],
    "translation": [
      1.773793,
      0.701659739,
      -0.237168521
    ]
  },
  {
    "timeStamp": 14656,
    "rotation": [
      [
        0.9860027,
        0.156986386,
        -0.0561602972
      ],
      [
        0.0599643476,
        -0.0195977222,
        0.998008132
      ],
      [
        0.15557307,
        -0.9874063,
        -0.0287369937
      ]
    ],
    "translation": [
      1.78174746,
      0.7065325,
      -0.230729014
    ]
  },
  {
    "timeStamp": 14703,
    "rotation": [
      [
        0.9893388,
        0.138591573,
        -0.0447332375
      ],
      [
        0.0513751358,
        -0.04472184,
        0.997677565
      ],
      [
        0.136269137,
        -0.9893393,
        -0.05136521
      ]
    ],
    "translation": [
      1.78429914,
      0.7174263,
      -0.226406619
    ]
  },
  {
    "timeStamp": 14756,
    "rotation": [
      [
        0.988522649,
        0.149677992,
        -0.02048214
      ],
      [
        0.0365255438,
        -0.105237007,
        0.993776143
      ],
      [
        0.146590933,
        -0.983118355,
        -0.109496228
      ]
    ],
    "translation": [
      1.78019,
      0.747732639,
      -0.224549443
    ]
  },
  {
    "timeStamp": 14812,
    "rotation": [
      [
        0.9855584,
        0.167672381,
        0.02367924
      ],
      [
        0.0137891956,
        -0.218837678,
        0.975663841
      ],
      [
        0.1687738,
        -0.961247146,
        -0.21798937
      ]
    ],
    "translation": [
      1.77615011,
      0.8021296,
      -0.2261636
    ]
  },
  {
    "timeStamp": 14856,
    "rotation": [
      [
        0.985427141,
        0.160088956,
        0.05748916
      ],
      [
        -0.00504573574,
        -0.3103159,
        0.9506201
      ],
      [
        0.170023575,
        -0.9370569,
        -0.3049859
      ]
    ],
    "translation": [
      1.78339565,
      0.851545036,
      -0.234793
    ]
  },
  {
    "timeStamp": 14911,
    "rotation": [
      [
        0.9838206,
        0.162768841,
        0.07485538
      ],
      [
        -0.00064090325,
        -0.4146211,
        0.9099939
      ],
      [
        0.17915529,
        -0.895318747,
        -0.407808483
      ]
    ],
    "translation": [
      1.800544,
      0.9144292,
      -0.256566823
    ]
  },
  {
    "timeStamp": 14956,
    "rotation": [
      [
        0.9858238,
        0.1445669,
        0.08515777
      ],
      [
        -0.004636934,
        -0.4838759,
        0.875124335
      ],
      [
        0.1677198,
        -0.8631133,
        -0.476346016
      ]
    ],
    "translation": [
      1.82406259,
      0.962229669,
      -0.280867547
    ]
  },
  {
    "timeStamp": 15012,
    "rotation": [
      [
        0.9920476,
        0.103190459,
        0.07206418
      ],
      [
        -0.00510858372,
        -0.539076,
        0.842241645
      ],
      [
        0.125759378,
        -0.835912,
        -0.5342619
      ]
    ],
    "translation": [
      1.86832345,
      1.01077735,
      -0.316717148
    ]
  },
  {
    "timeStamp": 15056,
    "rotation": [
      [
        0.9967312,
        0.06236616,
        0.0513539724
      ],
      [
        -0.006493057,
        -0.571762443,
        0.8203935
      ],
      [
        0.08052707,
        -0.818045259,
        -0.5694886
      ]
    ],
    "translation": [
      1.91006768,
      1.0434463,
      -0.347492337
    ]
  },
  {
    "timeStamp": 15111,
    "rotation": [
      [
        0.9997594,
        0.0216076,
        -0.00377354445
      ],
      [
        0.0155302472,
        -0.5758104,
        0.8174358
      ],
      [
        0.0154899806,
        -0.817297757,
        -0.5760074
      ]
    ],
    "translation": [
      1.96862006,
      1.068317,
      -0.3895568
    ]
  },
  {
    "timeStamp": 15156,
    "rotation": [
      [
        0.9983664,
        -0.0172248278,
        -0.05447787
      ],
      [
        0.03560213,
        -0.558202565,
        0.8289405
      ],
      [
        -0.044688046,
        -0.8295259,
        -0.556677461
      ]
    ],
    "translation": [
      2.01852536,
      1.076321,
      -0.423471
    ]
  },
  {
    "timeStamp": 15204,
    "rotation": [
      [
        0.995065,
        -0.05797497,
        -0.08052756
      ],
      [
        0.04122558,
        -0.496646971,
        0.866973042
      ],
      [
        -0.0902565047,
        -0.8660143,
        -0.491805941
      ]
    ],
    "translation": [
      2.0651803,
      1.06354523,
      -0.4597438
    ]
  },
  {
    "timeStamp": 15253,
    "rotation": [
      [
        0.989132166,
        -0.07895923,
        -0.124027856
      ],
      [
        0.0863781348,
        -0.3705628,
        0.924782157
      ],
      [
        -0.118980184,
        -0.9254451,
        -0.359715253
      ]
    ],
    "translation": [
      2.11406,
      1.02364814,
      -0.5058812
    ]
  },
  {
    "timeStamp": 15309,
    "rotation": [
      [
        0.992785454,
        -0.116071478,
        -0.03007349
      ],
      [
        -0.00237718457,
        -0.269817024,
        0.9629087
      ],
      [
        -0.119880572,
        -0.955890238,
        -0.268146336
      ]
    ],
    "translation": [
      2.13885212,
      0.9751788,
      -0.5439815
    ]
  },
  {
    "timeStamp": 15356,
    "rotation": [
      [
        0.9910401,
        -0.111869805,
        -0.07297043
      ],
      [
        0.05259855,
        -0.1752987,
        0.983109236
      ],
      [
        -0.122771859,
        -0.9781388,
        -0.167843848
      ]
    ],
    "translation": [
      2.15652323,
      0.92879194,
      -0.572619855
    ]
  },
  {
    "timeStamp": 15406,
    "rotation": [
      [
        0.994437933,
        -0.104278862,
        -0.01480616
      ],
      [
        0.00193555967,
        -0.122459151,
        0.9924717
      ],
      [
        -0.105306968,
        -0.98698014,
        -0.121576183
      ]
    ],
    "translation": [
      2.15799451,
      0.8854151,
      -0.5945489
    ]
  },
  {
    "timeStamp": 15462,
    "rotation": [
      [
        0.994599044,
        -0.0954129547,
        -0.0408545956
      ],
      [
        0.031825427,
        -0.0943077952,
        0.9950343
      ],
      [
        -0.0987920538,
        -0.99096036,
        -0.090761885
      ]
    ],
    "translation": [
      2.16008043,
      0.8482226,
      -0.6007191
    ]
  },
  {
    "timeStamp": 15506,
    "rotation": [
      [
        0.996528566,
        -0.08195934,
        -0.0146114035
      ],
      [
        0.00722603034,
        -0.0896930546,
        0.995943248
      ],
      [
        -0.08293738,
        -0.992591441,
        -0.08878945
      ]
    ],
    "translation": [
      2.15373778,
      0.82594347,
      -0.59787035
    ]
  },
  {
    "timeStamp": 15562,
    "rotation": [
      [
        0.9969723,
        -0.07011767,
        -0.0336102881
      ],
      [
        0.0272316746,
        -0.0900213,
        0.9955675
      ],
      [
        -0.0728325,
        -0.9934685,
        -0.08783932
      ]
    ],
    "translation": [
      2.15164852,
      0.805091858,
      -0.5875821
    ]
  },
  {
    "timeStamp": 15606,
    "rotation": [
      [
        0.9982491,
        -0.0578035228,
        -0.0125527382
      ],
      [
        0.007592522,
        -0.0852449,
        0.9963311
      ],
      [
        -0.0586615056,
        -0.9946819,
        -0.08465677
      ]
    ],
    "translation": [
      2.14693236,
      0.7930855,
      -0.578524351
    ]
  },
  {
    "timeStamp": 15662,
    "rotation": [
      [
        0.9983938,
        -0.04282458,
        -0.03709225
      ],
      [
        0.0338725746,
        -0.07360544,
        0.996712
      ],
      [
        -0.0454139747,
        -0.9963675,
        -0.07203664
      ]
    ],
    "translation": [
      2.14411044,
      0.7781706,
      -0.5671719
    ]
  },
  {
    "timeStamp": 15706,
    "rotation": [
      [
        0.9993503,
        -0.02853524,
        -0.0220166873
      ],
      [
        0.0203780774,
        -0.05649533,
        0.9981949
      ],
      [
        -0.0297275726,
        -0.997995,
        -0.0558771268
      ]
    ],
    "translation": [
      2.143835,
      0.7667318,
      -0.5613542
    ]
  },
  {
    "timeStamp": 15762,
    "rotation": [
      [
        0.9990048,
        -0.007728158,
        -0.0439288728
      ],
      [
        0.04354051,
        -0.04476567,
        0.998048246
      ],
      [
        -0.009679559,
        -0.9989676,
        -0.0443846323
      ]
    ],
    "translation": [
      2.14408875,
      0.7559588,
      -0.5535362
    ]
  },
  {
    "timeStamp": 15808,
    "rotation": [
      [
        0.999715865,
        -0.0110684494,
        -0.02111088
      ],
      [
        0.0205681827,
        -0.04704341,
        0.998681068
      ],
      [
        -0.0120469751,
        -0.9988315,
        -0.0468023866
      ]
    ],
    "translation": [
      2.14566922,
      0.7505875,
      -0.54672116
    ]
  },
  {
    "timeStamp": 15853,
    "rotation": [
      [
        0.99941,
        -0.008538621,
        -0.0332675129
      ],
      [
        0.0328435823,
        -0.0457366556,
        0.998413444
      ],
      [
        -0.0100466441,
        -0.998917,
        -0.0454292335
      ]
    ],
    "translation": [
      2.149704,
      0.745488763,
      -0.5403106
    ]
  },
  {
    "timeStamp": 15910,
    "rotation": [
      [
        0.9983931,
        -0.02418654,
        -0.051246237
      ],
      [
        0.0500132181,
        -0.049092643,
        0.997541249
      ],
      [
        -0.02664291,
        -0.9985013,
        -0.04780411
      ]
    ],
    "translation": [
      2.15842748,
      0.7408423,
      -0.533103168
    ]
  },
  {
    "timeStamp": 15955,
    "rotation": [
      [
        0.997105658,
        -0.0291147921,
        -0.0702320039
      ],
      [
        0.06883438,
        -0.04650866,
        0.9965434
      ],
      [
        -0.0322805569,
        -0.9984935,
        -0.0443699472
      ]
    ],
    "translation": [
      2.16471171,
      0.738230467,
      -0.5287573
    ]
  }
]