[
  {
    "timeStamp": 61845,
    "rotation": [
      [
        0.9956668,
        0.08260699,
        -0.0427042656
      ],
      [
        -0.08263668,
        0.9965791,
        0.00107270852
      ],
      [
        0.0426467955,
        0.00246087858,
        0.999087155
      ]
    ],
    "translation": [
      1.62944,
      0.848621964,
      -0.755827844
    ]
  },
  {
    "timeStamp": 61901,
    "rotation": [
      [
        0.9834975,
        0.177449733,
        -0.03527356
      ],
      [
        -0.177466154,
        0.98412323,
        0.00269013713
      ],
      [
        0.03519089,
        0.00361411949,
        0.999374032
      ]
    ],
    "translation": [
      1.64340746,
      0.851444364,
      -0.7554724
    ]
  },
  {
    "timeStamp": 61945,
    "rotation": [
      [
        0.974090636,
        0.224322259,
        0.028758429
      ],
      [
        -0.226016551,
        0.9700775,
        0.08869167
      ],
      [
        -0.008002389,
        -0.0928936,
        0.9956439
      ]
    ],
    "translation": [
      1.64762831,
      0.856633663,
      -0.7571198
    ]
  },
  {
    "timeStamp": 62000,
    "rotation": [
      [
        0.9523289,
        0.288705617,
        0.09858304
      ],
      [
        -0.299868673,
        0.9452952,
        0.1284354
      ],
      [
        -0.056110058,
        -0.151874721,
        0.9868058
      ]
    ],
    "translation": [
      1.66281056,
      0.879566,
      -0.7530253
    ]
  },
  {
    "timeStamp": 62045,
    "rotation": [
      [
        0.9216259,
        0.3382513,
        0.190241218
      ],
      [
        -0.368725866,
        0.916106641,
        0.1574478
      ],
      [
        -0.121024318,
        -0.215254828,
        0.969029665
      ]
    ],
    "translation": [
      1.67952859,
      0.902601957,
      -0.7474789
    ]
  },
  {
    "timeStamp": 62100,
    "rotation": [
      [
        0.8672098,
        0.358896077,
        0.345167756
      ],
      [
        -0.448640138,
        0.863896549,
        0.228920683
      ],
      [
        -0.216030523,
        -0.3533784,
        0.910194755
      ]
    ],
    "translation": [
      1.70948935,
      0.9331384,
      -0.7398801
    ]
  },
  {
    "timeStamp": 62145,
    "rotation": [
      [
        0.8233403,
        0.329326957,
        0.4622277
      ],
      [
        -0.496629775,
        0.8122741,
        0.305891573
      ],
      [
        -0.274717271,
        -0.4814089,
        0.8323316
      ]
    ],
    "translation": [
      1.741112,
      0.9562259,
      -0.735360444
    ]
  },
  {
    "timeStamp": 62201,
    "rotation": [
      [
        0.775268,
        0.214479357,
        0.59410274
      ],
      [
        -0.527464867,
        0.7372763,
        0.4221426
      ],
      [
        -0.347477019,
        -0.640642,
        0.6847171
      ]
    ],
    "translation": [
      1.78779113,
      0.98069346,
      -0.7318517
    ]
  },
  {
    "timeStamp": 62245,
    "rotation": [
      [
        0.736422062,
        0.08704406,
        0.670899332
      ],
      [
        -0.538024545,
        0.6765573,
        0.502792
      ],
      [
        -0.410136819,
        -0.731227458,
        0.545063555
      ]
    ],
    "translation": [
      1.8313638,
      0.9973265,
      -0.732233167
    ]
  },
  {
    "timeStamp": 62301,
    "rotation": [
      [
        0.6766898,
        -0.0737240538,
        0.7325679
      ],
      [
        -0.543103456,
        0.6218155,
        0.564255357
      ],
      [
        -0.497121245,
        -0.779686034,
        0.3807364
      ]
    ],
    "translation": [
      1.88885331,
      1.0128448,
      -0.7377676
    ]
  },
  {
    "timeStamp": 62345,
    "rotation": [
      [
        0.6455151,
        -0.2030044,
        0.736274064
      ],
      [
        -0.5046559,
        0.610222,
        0.610697567
      ],
      [
        -0.5732649,
        -0.765779555,
        0.291460127
      ]
    ],
    "translation": [
      1.93234992,
      1.0179913,
      -0.7457779
    ]
  },
  {
    "timeStamp": 62401,
    "rotation": [
      [
        0.6027161,
        -0.3430538,
        0.720449448
      ],
      [
        -0.428396583,
        0.622608662,
        0.654854834
      ],
      [
        -0.6732085,
        -0.703329563,
        0.228293166
      ]
    ],
    "translation": [
      1.98676169,
      1.0150423,
      -0.7599327
    ]
  },
  {
    "timeStamp": 62455,
    "rotation": [
      [
        0.553352058,
        -0.41038844,
        0.724833
      ],
      [
        -0.3924164,
        0.6391374,
        0.6614475
      ],
      [
        -0.734718263,
        -0.6504497,
        0.192624837
      ]
    ],
    "translation": [
      2.02487683,
      1.00698757,
      -0.774552464
    ]
  },
  {
    "timeStamp": 62499,
    "rotation": [
      [
        0.507942438,
        -0.467007518,
        0.723808348
      ],
      [
        -0.335160226,
        0.666914165,
        0.6655022
      ],
      [
        -0.7935125,
        -0.5806286,
        0.18223168
      ]
    ],
    "translation": [
      2.06337714,
      0.992083967,
      -0.790893435
    ]
  },
  {
    "timeStamp": 62551,
    "rotation": [
      [
        0.4741216,
        -0.473882049,
        0.7420542
      ],
      [
        -0.299874753,
        0.705501854,
        0.6421388
      ],
      [
        -0.8278187,
        -0.5269752,
        0.192388415
      ]
    ],
    "translation": [
      2.0912,
      0.9770786,
      -0.806333065
    ]
  },
  {
    "timeStamp": 62596,
    "rotation": [
      [
        0.465357,
        -0.465321243,
        0.752940238
      ],
      [
        -0.256126225,
        0.743476331,
        0.617772043
      ],
      [
        -0.847255766,
        -0.480332315,
        0.226800963
      ]
    ],
    "translation": [
      2.10729814,
      0.9639782,
      -0.8167864
    ]
  },
  {
    "timeStamp": 62651,
    "rotation": [
      [
        0.448059231,
        -0.465716839,
        0.763119042
      ],
      [
        -0.233259663,
        0.763129652,
        0.602679849
      ],
      [
        -0.863037,
        -0.448041171,
        0.233294338
      ]
    ],
    "translation": [
      2.1223855,
      0.947240949,
      -0.82705605
    ]
  },
  {
    "timeStamp": 62696,
    "rotation": [
      [
        0.4463826,
        -0.476954,
        0.757137656
      ],
      [
        -0.201336145,
        0.7708865,
        0.604315937
      ],
      [
        -0.8718981,
        -0.422195315,
        0.248082235
      ]
    ],
    "translation": [
      2.131949,
      0.9333148,
      -0.8326059
    ]
  },
  {
    "timeStamp": 62751,
    "rotation": [
      [
        0.4274266,
        -0.4726853,
        0.770632863
      ],
      [
        -0.204025418,
        0.7799966,
        0.591590166
      ],
      [
        -0.880727,
        -0.4100901,
        0.236951485
      ]
    ],
    "translation": [
      2.14295864,
      0.92123,
      -0.8369217
    ]
  },
  {
    "timeStamp": 62795,
    "rotation": [
      [
        0.419957936,
        -0.480867743,
        0.769676268
      ],
      [
        -0.192285478,
        0.7816873,
        0.5932885
      ],
      [
        -0.886939466,
        -0.397153765,
        0.235811919
      ]
    ],
    "translation": [
      2.14890313,
      0.9135345,
      -0.839284658
    ]
  },
  {
    "timeStamp": 62851,
    "rotation": [
      [
        0.415580124,
        -0.4866961,
        0.768388
      ],
      [
        -0.161342233,
        0.791951,
        0.588882267
      ],
      [
        -0.8951323,
        -0.3687012,
        0.250594437
      ]
    ],
    "translation": [
      2.154884,
      0.9045428,
      -0.8405682
    ]
  },
  {
    "timeStamp": 62895,
    "rotation": [
      [
        0.404160559,
        -0.464611769,
        0.7879023
      ],
      [
        -0.144659132,
        0.8180813,
        0.5566118
      ],
      [
        -0.9031766,
        -0.3389378,
        0.263425857
      ]
    ],
    "translation": [
      2.1582458,
      0.8998189,
      -0.8420947
    ]
  }
]