[
  {
    "timeStamp": 85968,
    "rotation": [
      [
        0.9799822,
        0.193468586,
        0.04695573
      ],
      [
        -0.0235895943,
        -0.121353805,
        0.992328942
      ],
      [
        0.197682768,
        -0.9735724,
        -0.11436072
      ]
    ],
    "translation": [
      1.76964951,
      0.6786578,
      -0.602799952
    ]
  },
  {
    "timeStamp": 86013,
    "rotation": [
      [
        0.979561269,
        0.182750672,
        0.08403583
      ],
      [
        -0.06389798,
        -0.113425963,
        0.9914896
      ],
      [
        0.190727234,
        -0.9765945,
        -0.09943028
      ]
    ],
    "translation": [
      1.76617467,
      0.6888122,
      -0.6073653
    ]
  },
  {
    "timeStamp": 86067,
    "rotation": [
      [
        0.9803071,
        0.110592745,
        0.163606867
      ],
      [
        -0.149329171,
        -0.12699087,
        0.980598867
      ],
      [
        0.129223689,
        -0.9857193,
        -0.107975326
      ]
    ],
    "translation": [
      1.76437879,
      0.71724695,
      -0.6092618
    ]
  },
  {
    "timeStamp": 86123,
    "rotation": [
      [
        0.9661075,
        -0.0234104637,
        0.257076234
      ],
      [
        -0.257266134,
        -0.16919139,
        0.95141387
      ],
      [
        0.0212220717,
        -0.98530513,
        -0.169479787
      ]
    ],
    "translation": [
      1.77214324,
      0.7628525,
      -0.6040244
    ]
  },
  {
    "timeStamp": 86167,
    "rotation": [
      [
        0.9246229,
        -0.181725666,
        0.334736049
      ],
      [
        -0.366993457,
        -0.18989034,
        0.910635769
      ],
      [
        -0.101922758,
        -0.9648406,
        -0.242269084
      ]
    ],
    "translation": [
      1.79137945,
      0.8101998,
      -0.5980766
    ]
  },
  {
    "timeStamp": 86223,
    "rotation": [
      [
        0.808533251,
        -0.450097471,
        0.379059732
      ],
      [
        -0.5073473,
        -0.206858352,
        0.8365455
      ],
      [
        -0.298115373,
        -0.8686898,
        -0.395607561
      ]
    ],
    "translation": [
      1.837911,
      0.877967,
      -0.583822846
    ]
  },
  {
    "timeStamp": 86267,
    "rotation": [
      [
        0.6953632,
        -0.645186245,
        0.316551358
      ],
      [
        -0.5747031,
        -0.234755784,
        0.783968151
      ],
      [
        -0.4314932,
        -0.7270657,
        -0.534031034
      ]
    ],
    "translation": [
      1.89500356,
      0.9251241,
      -0.5797589
    ]
  },
  {
    "timeStamp": 86323,
    "rotation": [
      [
        0.5402378,
        -0.829436,
        0.142053008
      ],
      [
        -0.600334466,
        -0.261581779,
        0.7557602
      ],
      [
        -0.5896962,
        -0.493569523,
        -0.639255345
      ]
    ],
    "translation": [
      1.98275,
      0.9683151,
      -0.585727036
    ]
  },
  {
    "timeStamp": 86367,
    "rotation": [
      [
        0.432446152,
        -0.901512563,
        -0.0162901022
      ],
      [
        -0.57727325,
        -0.2907001,
        0.763052464
      ],
      [
        -0.6926369,
        -0.320575267,
        -0.6461312
      ]
    ],
    "translation": [
      2.05041814,
      0.98522073,
      -0.604555964
    ]
  },
  {
    "timeStamp": 86432,
    "rotation": [
      [
        0.3187708,
        -0.923554838,
        -0.21314688
      ],
      [
        -0.497228682,
        -0.354393184,
        0.7919401
      ],
      [
        -0.806937933,
        -0.146464616,
        -0.572188139
      ]
    ],
    "translation": [
      2.12872767,
      0.986083865,
      -0.636489868
    ]
  },
  {
    "timeStamp": 86467,
    "rotation": [
      [
        0.219602779,
        -0.9325967,
        -0.286422938
      ],
      [
        -0.431333184,
        -0.356149465,
        0.8289205
      ],
      [
        -0.8750579,
        -0.05848949,
        -0.4804713
      ]
    ],
    "translation": [
      2.177055,
      0.9751684,
      -0.6652922
    ]
  },
  {
    "timeStamp": 86518,
    "rotation": [
      [
        0.13882181,
        -0.932843566,
        -0.3324627
      ],
      [
        -0.33979398,
        -0.3602008,
        0.8687897
      ],
      [
        -0.9301982,
        -0.00763815362,
        -0.366978317
      ]
    ],
    "translation": [
      2.2187562,
      0.9543513,
      -0.6979083
    ]
  },
  {
    "timeStamp": 86563,
    "rotation": [
      [
        0.07884405,
        -0.9393011,
        -0.333911866
      ],
      [
        -0.274288416,
        -0.342466682,
        0.8986003
      ],
      [
        -0.958409846,
        0.02073886,
        -0.284640849
      ]
    ],
    "translation": [
      2.23896885,
      0.936429143,
      -0.7213596
    ]
  },
  {
    "timeStamp": 86618,
    "rotation": [
      [
        0.0441401824,
        -0.966664553,
        -0.252213
      ],
      [
        -0.223065,
        -0.2556219,
        0.940690935
      ],
      [
        -0.973803759,
        0.0147376321,
        -0.226912215
      ]
    ],
    "translation": [
      2.241072,
      0.914358854,
      -0.738032
    ]
  },
  {
    "timeStamp": 86662,
    "rotation": [
      [
        0.0360664837,
        -0.973501861,
        -0.225817025
      ],
      [
        -0.168994784,
        -0.228651,
        0.9587281
      ],
      [
        -0.9849568,
        0.00358392973,
        -0.172763377
      ]
    ],
    "translation": [
      2.24034119,
      0.895475,
      -0.7465085
    ]
  },
  {
    "timeStamp": 86718,
    "rotation": [
      [
        0.0267597865,
        -0.9731704,
        -0.228524148
      ],
      [
        -0.126312613,
        -0.230065435,
        0.964943
      ],
      [
        -0.9916295,
        0.003043831,
        -0.129080191
      ]
    ],
    "translation": [
      2.23918033,
      0.880273,
      -0.749762833
    ]
  }
]