[
  {
    "timeStamp": 1,
    "rotation": [
      [
        -0.992941141,
        -0.0195041,
        0.116993114
      ],
      [
        -0.06015203,
        0.9329328,
        -0.354990274
      ],
      [
        -0.102222942,
        -0.359521836,
        -0.927520633
      ]
    ],
    "translation": [
      1.73521566,
      1.55867207,
      -1.66522074
    ]
  },
  {
    "timeStamp": 14,
    "rotation": [
      [
        -0.9921641,
        -0.0169924516,
        0.123780571
      ],
      [
        -0.0603804179,
        0.9325483,
        -0.355960548
      ],
      [
        -0.109382719,
        -0.3606452,
        -0.926266968
      ]
    ],
    "translation": [
      1.7362299,
      1.558878,
      -1.66437411
    ]
  },
  {
    "timeStamp": 54,
    "rotation": [
      [
        -0.9833943,
        0.00465181423,
        0.181422278
      ],
      [
        -0.0613041,
        0.932394862,
        -0.35620448
      ],
      [
        -0.1708142,
        -0.3614114,
        -0.9166266
      ]
    ],
    "translation": [
      1.7456696,
      1.56076562,
      -1.65724111
    ]
  },
  {
    "timeStamp": 114,
    "rotation": [
      [
        -0.970237,
        0.0362733863,
        0.239425108
      ],
      [
        -0.05402622,
        0.9313718,
        -0.360038459
      ],
      [
        -0.236053616,
        -0.362257868,
        -0.9016917
      ]
    ],
    "translation": [
      1.75561213,
      1.56223071,
      -1.65034175
    ]
  },
  {
    "timeStamp": 157,
    "rotation": [
      [
        -0.9425834,
        0.08084224,
        0.3240388
      ],
      [
        -0.04626215,
        0.9293007,
        -0.366415024
      ],
      [
        -0.33075133,
        -0.360367447,
        -0.872203469
      ]
    ],
    "translation": [
      1.769125,
      1.56345785,
      -1.64130855
    ]
  },
  {
    "timeStamp": 213,
    "rotation": [
      [
        -0.9006097,
        0.117848948,
        0.418346673
      ],
      [
        -0.04840665,
        0.929351568,
        -0.366008878
      ],
      [
        -0.43192488,
        -0.3498819,
        -0.8312783
      ]
    ],
    "translation": [
      1.78365445,
      1.56497443,
      -1.631038
    ]
  },
  {
    "timeStamp": 257,
    "rotation": [
      [
        -0.8237904,
        0.163939789,
        0.542672336
      ],
      [
        -0.05436052,
        0.93001616,
        -0.363475949
      ],
      [
        -0.564282238,
        -0.328927934,
        -0.7572265
      ]
    ],
    "translation": [
      1.80309892,
      1.56723058,
      -1.61492252
    ]
  },
  {
    "timeStamp": 390,
    "rotation": [
      [
        -0.8199039,
        0.166520357,
        0.5477487
      ],
      [
        -0.05403473,
        0.9299844,
        -0.363605857
      ],
      [
        -0.5699455,
        -0.3277193,
        -0.7535
      ]
    ],
    "translation": [
      1.80305648,
      1.56713688,
      -1.61346745
    ]
  },
  {
    "timeStamp": 393,
    "rotation": [
      [
        -0.8000541,
        0.177540317,
        0.573055744
      ],
      [
        -0.0542017147,
        0.9299103,
        -0.363770664
      ],
      [
        -0.597474337,
        -0.322096825,
        -0.734355569
      ]
    ],
    "translation": [
      1.80698419,
      1.5674454,
      -1.60948992
    ]
  },
  {
    "timeStamp": 438,
    "rotation": [
      [
        -0.367305219,
        0.3597043,
        0.8577294
      ],
      [
        -0.0339603648,
        0.916388452,
        -0.398846865
      ],
      [
        -0.929480255,
        -0.175627351,
        -0.3243786
      ]
    ],
    "translation": [
      1.8603332,
      1.56802022,
      -1.5292809
    ]
  },
  {
    "timeStamp": 491,
    "rotation": [
      [
        -0.193373129,
        0.40401873,
        0.8940782
      ],
      [
        -0.0152793173,
        0.909927666,
        -0.414485484
      ],
      [
        -0.9810063,
        -0.09381126,
        -0.16978243
      ]
    ],
    "translation": [
      1.87198639,
      1.56706893,
      -1.49640322
    ]
  },
  {
    "timeStamp": 535,
    "rotation": [
      [
        -0.0482274219,
        0.4241705,
        0.904297233
      ],
      [
        0.00168275821,
        0.905383945,
        -0.424590468
      ],
      [
        -0.998834968,
        -0.01895519,
        -0.04437811
      ]
    ],
    "translation": [
      1.878865,
      1.56689942,
      -1.46881032
    ]
  },
  {
    "timeStamp": 591,
    "rotation": [
      [
        0.1265239,
        0.4431912,
        0.887453258
      ],
      [
        0.0235677958,
        0.893047452,
        -0.449344963
      ],
      [
        -0.991683543,
        0.07776819,
        0.1025468
      ]
    ],
    "translation": [
      1.881551,
      1.56499517,
      -1.43398166
    ]
  },
  {
    "timeStamp": 635,
    "rotation": [
      [
        0.253549635,
        0.464838147,
        0.8483149
      ],
      [
        0.028257953,
        0.8730387,
        -0.486831576
      ],
      [
        -0.9669096,
        0.147407621,
        0.208223268
      ]
    ],
    "translation": [
      1.87947249,
      1.56081283,
      -1.40630436
    ]
  },
  {
    "timeStamp": 691,
    "rotation": [
      [
        0.3995606,
        0.5165413,
        0.757321835
      ],
      [
        0.0117337685,
        0.823183656,
        -0.5676539
      ],
      [
        -0.9166317,
        0.235698372,
        0.322850764
      ]
    ],
    "translation": [
      1.87121034,
      1.55052173,
      -1.37213659
    ]
  },
  {
    "timeStamp": 735,
    "rotation": [
      [
        0.5132877,
        0.54781276,
        0.6606337
      ],
      [
        -0.0062687844,
        0.7721477,
        -0.635412157
      ],
      [
        -0.8581937,
        0.322007865,
        0.399768054
      ]
    ],
    "translation": [
      1.8615973,
      1.54075134,
      -1.34517336
    ]
  },
  {
    "timeStamp": 791,
    "rotation": [
      [
        0.6361394,
        0.5359747,
        0.5550297
      ],
      [
        -0.0173134767,
        0.72908175,
        -0.6842076
      ],
      [
        -0.771379948,
        0.425641924,
        0.473077178
      ]
    ],
    "translation": [
      1.84891391,
      1.53194869,
      -1.31276119
    ]
  },
  {
    "timeStamp": 835,
    "rotation": [
      [
        0.707038343,
        0.5111698,
        0.488673985
      ],
      [
        -0.0204409175,
        0.705506265,
        -0.708408833
      ],
      [
        -0.7068798,
        0.490883261,
        0.509268761
      ]
    ],
    "translation": [
      1.83944011,
      1.52705061,
      -1.28844285
    ]
  },
  {
    "timeStamp": 891,
    "rotation": [
      [
        0.768142641,
        0.475213,
        0.429103
      ],
      [
        -0.0176965427,
        0.685682833,
        -0.7276853
      ],
      [
        -0.6400341,
        0.551372468,
        0.5351119
      ]
    ],
    "translation": [
      1.827138,
      1.52371037,
      -1.26021469
    ]
  },
  {
    "timeStamp": 936,
    "rotation": [
      [
        0.8003785,
        0.447253585,
        0.39919737
      ],
      [
        -0.0117372237,
        0.677452564,
        -0.735472858
      ],
      [
        -0.599380136,
        0.5839712,
        0.547467947
      ]
    ],
    "translation": [
      1.817527,
      1.52261221,
      -1.238531
    ]
  },
  {
    "timeStamp": 983,
    "rotation": [
      [
        0.8256649,
        0.420721948,
        0.3758597
      ],
      [
        0.000311329874,
        0.665888,
        -0.746051669
      ],
      [
        -0.564160764,
        0.6161057,
        0.5496693
      ]
    ],
    "translation": [
      1.80745912,
      1.52156126,
      -1.21756363
    ]
  },
  {
    "timeStamp": 1040,
    "rotation": [
      [
        0.8523161,
        0.3879942,
        0.350739
      ],
      [
        0.016279975,
        0.6505891,
        -0.7592554
      ],
      [
        -0.5227737,
        0.6528356,
        0.548191
      ]
    ],
    "translation": [
      1.79481328,
      1.51942921,
      -1.1919167
    ]
  },
  {
    "timeStamp": 1085,
    "rotation": [
      [
        0.86974144,
        0.3639942,
        0.333253771
      ],
      [
        0.029500721,
        0.635721266,
        -0.771354735
      ],
      [
        -0.492625177,
        0.6807104,
        0.542175055
      ]
    ],
    "translation": [
      1.78514123,
      1.51732612,
      -1.17106926
    ]
  },
  {
    "timeStamp": 1141,
    "rotation": [
      [
        0.8885771,
        0.3361531,
        0.312140733
      ],
      [
        0.04186046,
        0.6181912,
        -0.784912348
      ],
      [
        -0.456813335,
        0.7105215,
        0.535239041
      ]
    ],
    "translation": [
      1.77362072,
      1.51498115,
      -1.14548624
    ]
  },
  {
    "timeStamp": 1185,
    "rotation": [
      [
        0.9003977,
        0.317149937,
        0.2978253
      ],
      [
        0.0475604124,
        0.608695149,
        -0.7919774
      ],
      [
        -0.4324604,
        0.727259338,
        0.532983959
      ]
    ],
    "translation": [
      1.765115,
      1.51384914,
      -1.12401354
    ]
  },
  {
    "timeStamp": 1240,
    "rotation": [
      [
        0.9166325,
        0.288988948,
        0.276170671
      ],
      [
        0.0523719452,
        0.598111868,
        -0.799699545
      ],
      [
        -0.3962853,
        0.747494161,
        0.533113837
      ]
    ],
    "translation": [
      1.7538228,
      1.51227856,
      -1.09652889
    ]
  },
  {
    "timeStamp": 1285,
    "rotation": [
      [
        0.9351612,
        0.254382163,
        0.24650225
      ],
      [
        0.05280522,
        0.588006,
        -0.807131052
      ],
      [
        -0.350264549,
        0.7678142,
        0.5364477
      ]
    ],
    "translation": [
      1.74420238,
      1.51025641,
      -1.07414579
    ]
  },
  {
    "timeStamp": 1340,
    "rotation": [
      [
        0.956256866,
        0.212219417,
        0.201335132
      ],
      [
        0.0453426726,
        0.5724098,
        -0.818713069
      ],
      [
        -0.288993,
        0.7920291,
        0.537748158
      ]
    ],
    "translation": [
      1.73104715,
      1.5062536,
      -1.04729021
    ]
  },
  {
    "timeStamp": 1385,
    "rotation": [
      [
        0.9687092,
        0.184694439,
        0.165802583
      ],
      [
        0.0349642672,
        0.559813857,
        -0.8278804
      ],
      [
        -0.2457235,
        0.8077725,
        0.53583914
      ]
    ],
    "translation": [
      1.71994519,
      1.50258791,
      -1.02684057
    ]
  },
  {
    "timeStamp": 1440,
    "rotation": [
      [
        0.979808033,
        0.151325211,
        0.13067846
      ],
      [
        0.0268883929,
        0.5479221,
        -0.8360971
      ],
      [
        -0.1981242,
        0.822728455,
        0.5327896
      ]
    ],
    "translation": [
      1.70691538,
      1.4979136,
      -1.00340343
    ]
  },
  {
    "timeStamp": 1485,
    "rotation": [
      [
        0.985729933,
        0.123359,
        0.114538245
      ],
      [
        0.03065414,
        0.5374997,
        -0.842706561
      ],
      [
        -0.165519729,
        0.834192157,
        0.5260481
      ]
    ],
    "translation": [
      1.69731975,
      1.494548,
      -0.986588359
    ]
  },
  {
    "timeStamp": 1542,
    "rotation": [
      [
        0.9915718,
        0.0822980553,
        0.10006211
      ],
      [
        0.04313227,
        0.5185815,
        -0.8539396
      ],
      [
        -0.122167923,
        0.8510583,
        0.5106611
      ]
    ],
    "translation": [
      1.68516946,
      1.49096942,
      -0.968991041
    ]
  },
  {
    "timeStamp": 1584,
    "rotation": [
      [
        0.995261848,
        0.0439460762,
        0.0867328048
      ],
      [
        0.05290241,
        0.5036852,
        -0.862265944
      ],
      [
        -0.08157923,
        0.862768769,
        0.498973817
      ]
    ],
    "translation": [
      1.675395,
      1.48889482,
      -0.9571512
    ]
  },
  {
    "timeStamp": 1640,
    "rotation": [
      [
        0.9977067,
        -0.00293445913,
        0.06762251
      ],
      [
        0.060483668,
        0.487113953,
        -0.8712415
      ],
      [
        -0.0303832442,
        0.8733336,
        0.486174315
      ]
    ],
    "translation": [
      1.66454434,
      1.4872545,
      -0.9439852
    ]
  },
  {
    "timeStamp": 1684,
    "rotation": [
      [
        0.998004556,
        -0.0297659822,
        0.0556853637
      ],
      [
        0.0631395,
        0.477819055,
        -0.876186252
      ],
      [
        -0.000526984339,
        0.8779538,
        0.478745
      ]
    ],
    "translation": [
      1.657121,
      1.48574078,
      -0.935704
    ]
  },
  {
    "timeStamp": 1740,
    "rotation": [
      [
        0.9967557,
        -0.061668314,
        0.0517203845
      ],
      [
        0.0746530145,
        0.468194634,
        -0.880466163
      ],
      [
        0.0300816521,
        0.88147074,
        0.471279442
      ]
    ],
    "translation": [
      1.64919209,
      1.48384225,
      -0.9279331
    ]
  },
  {
    "timeStamp": 1784,
    "rotation": [
      [
        0.994918048,
        -0.09045133,
        0.04423479
      ],
      [
        0.08132544,
        0.462861627,
        -0.8826921
      ],
      [
        0.0593660921,
        0.8818037,
        0.467865348
      ]
    ],
    "translation": [
      1.64447522,
      1.4830476,
      -0.92270577
    ]
  },
  {
    "timeStamp": 1839,
    "rotation": [
      [
        0.9918132,
        -0.120439939,
        0.0424368232
      ],
      [
        0.09333141,
        0.456883252,
        -0.884616852
      ],
      [
        0.08715453,
        0.8813353,
        0.4643837
      ]
    ],
    "translation": [
      1.64144683,
      1.48298407,
      -0.917574763
    ]
  },
  {
    "timeStamp": 1884,
    "rotation": [
      [
        0.9898406,
        -0.13582547,
        0.042034328
      ],
      [
        0.100047365,
        0.455316484,
        -0.8846906
      ],
      [
        0.10102459,
        0.879908144,
        0.464279741
      ]
    ],
    "translation": [
      1.64079738,
      1.48320532,
      -0.91419816
    ]
  },
  {
    "timeStamp": 1940,
    "rotation": [
      [
        0.987585068,
        -0.149949923,
        0.04680629
      ],
      [
        0.11094822,
        0.454902738,
        -0.883602858
      ],
      [
        0.111203872,
        0.877826035,
        0.4658918
      ]
    ],
    "translation": [
      1.643625,
      1.48410332,
      -0.910091639
    ]
  },
  {
    "timeStamp": 1984,
    "rotation": [
      [
        0.986916065,
        -0.154239908,
        0.04697529
      ],
      [
        0.113381557,
        0.456756353,
        -0.8823368
      ],
      [
        0.114635281,
        0.8761185,
        0.4682682
      ]
    ],
    "translation": [
      1.64784479,
      1.48472345,
      -0.906775832
    ]
  },
  {
    "timeStamp": 2040,
    "rotation": [
      [
        0.986502647,
        -0.155178085,
        0.05227217
      ],
      [
        0.118681327,
        0.4576594,
        -0.881171167
      ],
      [
        0.112815611,
        0.875481367,
        0.469898939
      ]
    ],
    "translation": [
      1.65644884,
      1.485438,
      -0.902908444
    ]
  },
  {
    "timeStamp": 2085,
    "rotation": [
      [
        0.9862644,
        -0.1556217,
        0.05535774
      ],
      [
        0.121928327,
        0.459842384,
        -0.87959
      ],
      [
        0.111427464,
        0.8742579,
        0.472500861
      ]
    ],
    "translation": [
      1.66527867,
      1.48538482,
      -0.900179
    ]
  },
  {
    "timeStamp": 2140,
    "rotation": [
      [
        0.9854356,
        -0.160101309,
        0.0573084429
      ],
      [
        0.126006559,
        0.46118778,
        -0.878309846
      ],
      [
        0.114188604,
        0.872739,
        0.474644631
      ]
    ],
    "translation": [
      1.67941689,
      1.4851619,
      -0.8973521
    ]
  },
  {
    "timeStamp": 2184,
    "rotation": [
      [
        0.984262943,
        -0.16792877,
        0.05501351
      ],
      [
        0.1280064,
        0.462931126,
        -0.8771027
      ],
      [
        0.121823296,
        0.8703417,
        0.4771419
      ]
    ],
    "translation": [
      1.6925931,
      1.48487258,
      -0.895838141
    ]
  },
  {
    "timeStamp": 2240,
    "rotation": [
      [
        0.983600736,
        -0.173943177,
        0.04768032
      ],
      [
        0.124744222,
        0.465162635,
        -0.8763918
      ],
      [
        0.130263284,
        0.8679675,
        0.4792327
      ]
    ],
    "translation": [
      1.710887,
      1.48532736,
      -0.8948884
    ]
  },
  {
    "timeStamp": 2284,
    "rotation": [
      [
        0.9829133,
        -0.1803728,
        0.0367014
      ],
      [
        0.118465193,
        0.46728605,
        -0.8761334
      ],
      [
        0.140880585,
        0.865511,
        0.480669618
      ]
    ],
    "translation": [
      1.72675347,
      1.487216,
      -0.894100547
    ]
  },
  {
    "timeStamp": 2340,
    "rotation": [
      [
        0.981814563,
        -0.189204946,
        0.0155449817
      ],
      [
        0.106256396,
        0.4798283,
        -0.8709043
      ],
      [
        0.157320485,
        0.8567183,
        0.491206646
      ]
    ],
    "translation": [
      1.74753416,
      1.49041092,
      -0.891645432
    ]
  },
  {
    "timeStamp": 2384,
    "rotation": [
      [
        0.981163144,
        -0.193144664,
        -0.00374957453
      ],
      [
        0.09366735,
        0.492620617,
        -0.8651886
      ],
      [
        0.168953687,
        0.848539948,
        0.501432538
      ]
    ],
    "translation": [
      1.764204,
      1.49186087,
      -0.889048
    ]
  },
  {
    "timeStamp": 2440,
    "rotation": [
      [
        0.9801718,
        -0.196303084,
        -0.02698646
      ],
      [
        0.0768943951,
        0.5023436,
        -0.861242235
      ],
      [
        0.182620987,
        0.842090249,
        0.507477641
      ]
    ],
    "translation": [
      1.78436756,
      1.49159741,
      -0.884769559
    ]
  },
  {
    "timeStamp": 2484,
    "rotation": [
      [
        0.9792622,
        -0.197639659,
        -0.0445428863
      ],
      [
        0.06339263,
        0.507733643,
        -0.8591786
      ],
      [
        0.192423686,
        0.838537455,
        0.50973326
      ]
    ],
    "translation": [
      1.79854488,
      1.48988,
      -0.879636765
    ]
  },
  {
    "timeStamp": 2540,
    "rotation": [
      [
        0.9786716,
        -0.197091147,
        -0.05793821
      ],
      [
        0.050365556,
        0.5036263,
        -0.862452269
      ],
      [
        0.1991609,
        0.8411395,
        0.5028114
      ]
    ],
    "translation": [
      1.814033,
      1.48723114,
      -0.871783733
    ]
  },
  {
    "timeStamp": 2584,
    "rotation": [
      [
        0.9785026,
        -0.197386861,
        -0.059758693
      ],
      [
        0.0462870449,
        0.492560953,
        -0.869046152
      ],
      [
        0.2009731,
        0.847597837,
        0.491108626
      ]
    ],
    "translation": [
      1.82424915,
      1.48531711,
      -0.864426255
    ]
  },
  {
    "timeStamp": 2638,
    "rotation": [
      [
        0.9794293,
        -0.195748985,
        -0.0489954241
      ],
      [
        0.0509271957,
        0.47473824,
        -0.8786524
      ],
      [
        0.195255324,
        0.8580827,
        0.4749415
      ]
    ],
    "translation": [
      1.83408761,
      1.4834429,
      -0.85391736
    ]
  },
  {
    "timeStamp": 2683,
    "rotation": [
      [
        0.980678856,
        -0.191637948,
        -0.0392922834
      ],
      [
        0.0556517467,
        0.465856761,
        -0.8831084
      ],
      [
        0.187541649,
        0.863859,
        0.467520833
      ]
    ],
    "translation": [
      1.83917856,
      1.4821732,
      -0.842955947
    ]
  },
  {
    "timeStamp": 2739,
    "rotation": [
      [
        0.9818597,
        -0.186708644,
        -0.0330359861
      ],
      [
        0.05787269,
        0.461019158,
        -0.885501
      ],
      [
        0.180560917,
        0.8675259,
        0.463461459
      ]
    ],
    "translation": [
      1.84236038,
      1.47922122,
      -0.8265424
    ]
  },
  {
    "timeStamp": 2783,
    "rotation": [
      [
        0.983257,
        -0.180152133,
        -0.027401939
      ],
      [
        0.0584730431,
        0.45434767,
        -0.8889033
      ],
      [
        0.172587842,
        0.8724181,
        0.4572746
      ]
    ],
    "translation": [
      1.84247983,
      1.47534144,
      -0.8121437
    ]
  },
  {
    "timeStamp": 2838,
    "rotation": [
      [
        0.985923946,
        -0.166597366,
        -0.014117524
      ],
      [
        0.0617777146,
        0.441456437,
        -0.895153463
      ],
      [
        0.155362487,
        0.8816811,
        0.445534468
      ]
    ],
    "translation": [
      1.83970547,
      1.46950614,
      -0.793253064
    ]
  },
  {
    "timeStamp": 2883,
    "rotation": [
      [
        0.9891444,
        -0.146944925,
        0.0007479632
      ],
      [
        0.0650396,
        0.433231562,
        -0.8989329
      ],
      [
        0.131769583,
        0.889223039,
        0.438085824
      ]
    ],
    "translation": [
      1.834883,
      1.46488738,
      -0.7771069
    ]
  },
  {
    "timeStamp": 2938,
    "rotation": [
      [
        0.99288,
        -0.117892325,
        0.017047666
      ],
      [
        0.06559942,
        0.421699464,
        -0.9043596
      ],
      [
        0.09942806,
        0.899038851,
        0.426430643
      ]
    ],
    "translation": [
      1.82578206,
      1.46085083,
      -0.7538984
    ]
  },
  {
    "timeStamp": 2983,
    "rotation": [
      [
        0.995520055,
        -0.0905655548,
        0.027158523
      ],
      [
        0.0625981539,
        0.4160517,
        -0.9071838
      ],
      [
        0.07086026,
        0.9048198,
        0.419857055
      ]
    ],
    "translation": [
      1.81693149,
      1.45780957,
      -0.733953357
    ]
  },
  {
    "timeStamp": 3039,
    "rotation": [
      [
        0.9965551,
        -0.07290785,
        0.0395255946
      ],
      [
        0.0661223158,
        0.410843521,
        -0.9093049
      ],
      [
        0.0500566363,
        0.908786,
        0.4142491
      ]
    ],
    "translation": [
      1.80561137,
      1.45271,
      -0.7085793
    ]
  },
  {
    "timeStamp": 3084,
    "rotation": [
      [
        0.996589065,
        -0.06509555,
        0.05072338
      ],
      [
        0.07291597,
        0.4067422,
        -0.9106284
      ],
      [
        0.0386465155,
        0.9112208,
        0.4101013
      ]
    ],
    "translation": [
      1.7967366,
      1.44643521,
      -0.687762856
    ]
  },
  {
    "timeStamp": 3139,
    "rotation": [
      [
        0.9967185,
        -0.05425613,
        0.0600709543
      ],
      [
        0.07662307,
        0.3931238,
        -0.916287363
      ],
      [
        0.0260988772,
        0.9178834,
        0.395991027
      ]
    ],
    "translation": [
      1.78661919,
      1.435742,
      -0.6628412
    ]
  },
  {
    "timeStamp": 3185,
    "rotation": [
      [
        0.9965419,
        -0.0489774644,
        0.06712184
      ],
      [
        0.08076691,
        0.381247818,
        -0.920938
      ],
      [
        0.0195151549,
        0.92317456,
        0.3838852
      ]
    ],
    "translation": [
      1.77994275,
      1.42614949,
      -0.644119
    ]
  },
  {
    "timeStamp": 3239,
    "rotation": [
      [
        0.9962932,
        -0.0391326025,
        0.07660628
      ],
      [
        0.08564851,
        0.368294865,
        -0.9257555
      ],
      [
        0.008013528,
        0.9288851,
        0.370281339
      ]
    ],
    "translation": [
      1.77289689,
      1.41302478,
      -0.62191
    ]
  },
  {
    "timeStamp": 3283,
    "rotation": [
      [
        0.9962014,
        -0.0250149164,
        0.08340873
      ],
      [
        0.08686862,
        0.352034569,
        -0.9319472
      ],
      [
        -0.00605016761,
        0.9356527,
        0.352870345
      ]
    ],
    "translation": [
      1.76783133,
      1.40198064,
      -0.6066265
    ]
  },
  {
    "timeStamp": 3340,
    "rotation": [
      [
        0.995662749,
        -0.0109480312,
        0.09238981
      ],
      [
        0.0909292847,
        0.324652642,
        -0.9414523
      ],
      [
        -0.0196875576,
        0.9457699,
        0.324240029
      ]
    ],
    "translation": [
      1.76248085,
      1.389102,
      -0.591266632
    ]
  },
  {
    "timeStamp": 3384,
    "rotation": [
      [
        0.9953029,
        -0.009904882,
        0.09630214
      ],
      [
        0.0947750956,
        0.3025832,
        -0.948399246
      ],
      [
        -0.0197456144,
        0.953071535,
        0.302100658
      ]
    ],
    "translation": [
      1.75871348,
      1.380386,
      -0.581842065
    ]
  },
  {
    "timeStamp": 3440,
    "rotation": [
      [
        0.995133758,
        -0.0133968778,
        0.0976176
      ],
      [
        0.09738642,
        0.284400076,
        -0.953746557
      ],
      [
        -0.01498522,
        0.958612,
        0.2843208
      ]
    ],
    "translation": [
      1.755167,
      1.3716135,
      -0.5720582
    ]
  },
  {
    "timeStamp": 3484,
    "rotation": [
      [
        0.9952217,
        -0.0123761585,
        0.09685402
      ],
      [
        0.09656253,
        0.271809936,
        -0.95749414
      ],
      [
        -0.014475788,
        0.9622714,
        0.271706223
      ]
    ],
    "translation": [
      1.75305521,
      1.36600637,
      -0.5663556
    ]
  },
  {
    "timeStamp": 3541,
    "rotation": [
      [
        0.9959197,
        -0.0123652164,
        0.08939285
      ],
      [
        0.0895335,
        0.259442478,
        -0.96159935
      ],
      [
        -0.0113019329,
        0.9656794,
        0.259490967
      ]
    ],
    "translation": [
      1.75155091,
      1.36158478,
      -0.5611241
    ]
  },
  {
    "timeStamp": 3584,
    "rotation": [
      [
        0.99641335,
        -0.0108108241,
        0.08392593
      ],
      [
        0.08390674,
        0.254673868,
        -0.9633799
      ],
      [
        -0.0109588159,
        0.966966569,
        0.25466755
      ]
    ],
    "translation": [
      1.75137663,
      1.35987687,
      -0.5575352
    ]
  },
  {
    "timeStamp": 3639,
    "rotation": [
      [
        0.9968318,
        -0.0009752496,
        0.07953228
      ],
      [
        0.0771845356,
        0.253314942,
        -0.9642998
      ],
      [
        -0.019206278,
        0.9673834,
        0.252587676
      ]
    ],
    "translation": [
      1.75191569,
      1.35950291,
      -0.5542532
    ]
  },
  {
    "timeStamp": 3684,
    "rotation": [
      [
        0.9968201,
        0.006316022,
        0.07943438
      ],
      [
        0.07518949,
        0.2555414,
        -0.96386987
      ],
      [
        -0.0263865963,
        0.966777444,
        0.254253924
      ]
    ],
    "translation": [
      1.75293279,
      1.35957563,
      -0.552113056
    ]
  },
  {
    "timeStamp": 3739,
    "rotation": [
      [
        0.9968286,
        0.008565671,
        0.07911603
      ],
      [
        0.0742076337,
        0.258990467,
        -0.963025033
      ],
      [
        -0.02873924,
        0.965841949,
        0.257533461
      ]
    ],
    "translation": [
      1.754793,
      1.35867226,
      -0.549844861
    ]
  },
  {
    "timeStamp": 3784,
    "rotation": [
      [
        0.996978,
        0.009491931,
        0.0771026462
      ],
      [
        0.07187752,
        0.2638138,
        -0.96189183
      ],
      [
        -0.029470956,
        0.9645269,
        0.2623343
      ]
    ],
    "translation": [
      1.7566092,
      1.35600245,
      -0.547641158
    ]
  },
  {
    "timeStamp": 3839,
    "rotation": [
      [
        0.9972639,
        0.008070158,
        0.07348122
      ],
      [
        0.06871357,
        0.265347779,
        -0.9617011
      ],
      [
        -0.0272591561,
        0.964118958,
        0.264067262
      ]
    ],
    "translation": [
      1.75939059,
      1.3503443,
      -0.5454576
    ]
  },
  {
    "timeStamp": 3884,
    "rotation": [
      [
        0.9976087,
        0.00170447992,
        0.06909466
      ],
      [
        0.06617391,
        0.264999241,
        -0.9619753
      ],
      [
        -0.019949697,
        0.964247167,
        0.264252752
      ]
    ],
    "translation": [
      1.76211619,
      1.34391415,
      -0.544026256
    ]
  },
  {
    "timeStamp": 3939,
    "rotation": [
      [
        0.998168945,
        -0.00136746548,
        0.0604713336
      ],
      [
        0.05868232,
        0.2642667,
        -0.9626627
      ],
      [
        -0.0146641564,
        0.964448631,
        0.2638631
      ]
    ],
    "translation": [
      1.76584089,
      1.33388245,
      -0.5430465
    ]
  },
  {
    "timeStamp": 3983,
    "rotation": [
      [
        0.99859035,
        -0.0022739775,
        0.0530290864
      ],
      [
        0.05183823,
        0.256440818,
        -0.965168834
      ],
      [
        -0.0114040542,
        0.9665572,
        0.2561972
      ]
    ],
    "translation": [
      1.76889729,
      1.32507563,
      -0.5437914
    ]
  },
  {
    "timeStamp": 4039,
    "rotation": [
      [
        0.999014735,
        -0.00757276546,
        0.0437291339
      ],
      [
        0.0442562252,
        0.2435288,
        -0.968883455
      ],
      [
        -0.00331216934,
        0.96986413,
        0.243624
      ]
    ],
    "translation": [
      1.772989,
      1.31533372,
      -0.5463041
    ]
  },
  {
    "timeStamp": 4084,
    "rotation": [
      [
        0.999253452,
        -0.0130290929,
        0.03637036
      ],
      [
        0.0383949056,
        0.230411008,
        -0.972335637
      ],
      [
        0.004288519,
        0.9730062,
        0.230739251
      ]
    ],
    "translation": [
      1.77612615,
      1.310033,
      -0.550459266
    ]
  },
  {
    "timeStamp": 4141,
    "rotation": [
      [
        0.9994635,
        -0.01329662,
        0.02993319
      ],
      [
        0.03208716,
        0.2140741,
        -0.9762903
      ],
      [
        0.006573444,
        0.976726949,
        0.2143859
      ]
    ],
    "translation": [
      1.780291,
      1.30941164,
      -0.5575254
    ]
  },
  {
    "timeStamp": 4183,
    "rotation": [
      [
        0.9995045,
        -0.008884791,
        0.0301953759
      ],
      [
        0.03139533,
        0.213041,
        -0.9765387
      ],
      [
        0.00224349,
        0.977002859,
        0.213214383
      ]
    ],
    "translation": [
      1.78332055,
      1.31324565,
      -0.563565135
    ]
  },
  {
    "timeStamp": 4239,
    "rotation": [
      [
        0.99944,
        -0.0127208326,
        0.0309495553
      ],
      [
        0.0330006741,
        0.221682489,
        -0.9745603
      ],
      [
        0.005536243,
        0.975035965,
        0.221978143
      ]
    ],
    "translation": [
      1.78651142,
      1.32276428,
      -0.5727273
    ]
  },
  {
    "timeStamp": 4285,
    "rotation": [
      [
        0.9992678,
        -0.027313428,
        0.0267905723
      ],
      [
        0.0323442,
        0.229071021,
        -0.9728722
      ],
      [
        0.02043553,
        0.9730264,
        0.229786739
      ]
    ],
    "translation": [
      1.78803086,
      1.33315241,
      -0.5819329
    ]
  },
  {
    "timeStamp": 4339,
    "rotation": [
      [
        0.9984045,
        -0.0547609776,
        0.01377151
      ],
      [
        0.02672393,
        0.243403852,
        -0.9695568
      ],
      [
        0.0497418381,
        0.968377948,
        0.244478941
      ]
    ],
    "translation": [
      1.78844571,
      1.3482877,
      -0.5947232
    ]
  },
  {
    "timeStamp": 4383,
    "rotation": [
      [
        0.996309459,
        -0.08577902,
        -0.00305000367
      ],
      [
        0.0190024674,
        0.255084217,
        -0.9667321
      ],
      [
        0.08370334,
        0.9631064,
        0.255772859
      ]
    ],
    "translation": [
      1.78738189,
      1.361468,
      -0.6067351
    ]
  },
  {
    "timeStamp": 4439,
    "rotation": [
      [
        0.9900608,
        -0.136418864,
        -0.0341989547
      ],
      [
        0.004507742,
        0.273821831,
        -0.9617699
      ],
      [
        0.140567973,
        0.952056468,
        0.2717152
      ]
    ],
    "translation": [
      1.78478956,
      1.37840891,
      -0.6234683
    ]
  },
  {
    "timeStamp": 4484,
    "rotation": [
      [
        0.981534243,
        -0.180578411,
        -0.0631026551
      ],
      [
        -0.009258162,
        0.2846526,
        -0.958586037
      ],
      [
        0.191062286,
        0.941469252,
        0.277724445
      ]
    ],
    "translation": [
      1.78229439,
      1.3911618,
      -0.6393362
    ]
  },
  {
    "timeStamp": 4539,
    "rotation": [
      [
        0.965730965,
        -0.235632747,
        -0.108815923
      ],
      [
        -0.0347372033,
        0.298140258,
        -0.9538898
      ],
      [
        0.257210076,
        0.9249809,
        0.279738069
      ]
    ],
    "translation": [
      1.77928114,
      1.40591753,
      -0.660768747
    ]
  },
  {
    "timeStamp": 4584,
    "rotation": [
      [
        0.9504831,
        -0.2761035,
        -0.142649218
      ],
      [
        -0.052215077,
        0.310605764,
        -0.9491036
      ],
      [
        0.306358516,
        0.9095554,
        0.280808747
      ]
    ],
    "translation": [
      1.77739716,
      1.41647851,
      -0.678844333
    ]
  },
  {
    "timeStamp": 4639,
    "rotation": [
      [
        0.9274574,
        -0.324735,
        -0.185391217
      ],
      [
        -0.07295507,
        0.329119861,
        -0.9414657
      ],
      [
        0.3667428,
        0.886694551,
        0.2815536
      ]
    ],
    "translation": [
      1.77579069,
      1.42787468,
      -0.7016815
    ]
  },
  {
    "timeStamp": 4683,
    "rotation": [
      [
        0.9057727,
        -0.365017265,
        -0.215263218
      ],
      [
        -0.08526846,
        0.340598851,
        -0.9363342
      ],
      [
        0.415096551,
        0.8664611,
        0.277380675
      ]
    ],
    "translation": [
      1.77557027,
      1.43518245,
      -0.720980167
    ]
  },
  {
    "timeStamp": 4738,
    "rotation": [
      [
        0.8729245,
        -0.414694071,
        -0.256966233
      ],
      [
        -0.104256153,
        0.3559871,
        -0.928657
      ],
      [
        0.4765852,
        0.837437749,
        0.267515481
      ]
    ],
    "translation": [
      1.77609372,
      1.44277442,
      -0.7449627
    ]
  },
  {
    "timeStamp": 4793,
    "rotation": [
      [
        0.8440477,
        -0.452276319,
        -0.288148582
      ],
      [
        -0.1186836,
        0.366455257,
        -0.9228352
      ],
      [
        0.5229701,
        0.8131154,
        0.25562793
      ]
    ],
    "translation": [
      1.77780485,
      1.44751012,
      -0.764063835
    ]
  },
  {
    "timeStamp": 4837,
    "rotation": [
      [
        0.8127662,
        -0.486650139,
        -0.320285648
      ],
      [
        -0.131901577,
        0.381774575,
        -0.91479516
      ],
      [
        0.5674621,
        0.78576076,
        0.24610354
      ]
    ],
    "translation": [
      1.780637,
      1.45229757,
      -0.7872857
    ]
  },
  {
    "timeStamp": 4893,
    "rotation": [
      [
        0.795592368,
        -0.5054773,
        -0.3339543
      ],
      [
        -0.136604011,
        0.38736102,
        -0.9117515
      ],
      [
        0.5902306,
        0.771002054,
        0.239131272
      ]
    ],
    "translation": [
      1.78481877,
      1.45482647,
      -0.8057395
    ]
  },
  {
    "timeStamp": 4937,
    "rotation": [
      [
        0.775588155,
        -0.5279379,
        -0.3460413
      ],
      [
        -0.136378,
        0.395104051,
        -0.908456862
      ],
      [
        0.6163311,
        0.751780748,
        0.2344389
      ]
    ],
    "translation": [
      1.79071426,
      1.4570899,
      -0.8277198
    ]
  },
  {
    "timeStamp": 4993,
    "rotation": [
      [
        0.7618484,
        -0.544061363,
        -0.351545572
      ],
      [
        -0.132148132,
        0.400756061,
        -0.90660435
      ],
      [
        0.634132445,
        0.737151146,
        0.233418673
      ]
    ],
    "translation": [
      1.795964,
      1.45790839,
      -0.843720555
    ]
  },
  {
    "timeStamp": 5037,
    "rotation": [
      [
        0.7439326,
        -0.5650723,
        -0.356731832
      ],
      [
        -0.126975477,
        0.4045719,
        -0.9056483
      ],
      [
        0.6560804,
        0.7190375,
        0.229223892
      ]
    ],
    "translation": [
      1.80262744,
      1.458603,
      -0.8622025
    ]
  },
  {
    "timeStamp": 5093,
    "rotation": [
      [
        0.7301321,
        -0.580269,
        -0.360825539
      ],
      [
        -0.126834169,
        0.403792083,
        -0.906016052
      ],
      [
        0.6714315,
        0.7072764,
        0.221223637
      ]
    ],
    "translation": [
      1.80809546,
      1.45904136,
      -0.875156045
    ]
  },
  {
    "timeStamp": 5138,
    "rotation": [
      [
        0.7158498,
        -0.5966456,
        -0.362729877
      ],
      [
        -0.124350369,
        0.4022443,
        -0.9070482
      ],
      [
        0.6870924,
        0.6944159,
        0.213753417
      ]
    ],
    "translation": [
      1.81494355,
      1.45976,
      -0.889260769
    ]
  },
  {
    "timeStamp": 5183,
    "rotation": [
      [
        0.708584,
        -0.6039787,
        -0.364854068
      ],
      [
        -0.122522019,
        0.403897941,
        -0.9065621
      ],
      [
        0.694908,
        0.687078059,
        0.21219492
      ]
    ],
    "translation": [
      1.81990075,
      1.46095312,
      -0.8976573
    ]
  },
  {
    "timeStamp": 5238,
    "rotation": [
      [
        0.7075328,
        -0.6072802,
        -0.3613975
      ],
      [
        -0.114616588,
        0.406016737,
        -0.9066496
      ],
      [
        0.69732374,
        0.6829065,
        0.217665762
      ]
    ],
    "translation": [
      1.82568979,
      1.46280956,
      -0.906354666
    ]
  },
  {
    "timeStamp": 5283,
    "rotation": [
      [
        0.7054033,
        -0.608398736,
        -0.36367172
      ],
      [
        -0.112163432,
        0.410799325,
        -0.9048001
      ],
      [
        0.699875355,
        0.679039657,
        0.2215391
      ]
    ],
    "translation": [
      1.82934856,
      1.46377146,
      -0.910885453
    ]
  },
  {
    "timeStamp": 5338,
    "rotation": [
      [
        0.70141983,
        -0.610115349,
        -0.36846897
      ],
      [
        -0.106742956,
        0.421218783,
        -0.9006557
      ],
      [
        0.704709947,
        0.6710692,
        0.230325684
      ]
    ],
    "translation": [
      1.83191562,
      1.46434963,
      -0.914448738
    ]
  },
  {
    "timeStamp": 5383,
    "rotation": [
      [
        0.7040193,
        -0.6064917,
