[
  {
    "timeStamp": 54868,
    "rotation": [
      [
        -0.0160219222,
        0.993407547,
        0.113510475
      ],
      [
        -0.1023766,
        -0.11455828,
        0.988127232
      ],
      [
        0.9946166,
        0.00421087863,
        0.103537135
      ]
    ],
    "translation": [
      1.61572182,
      0.7017461,
      -0.48836863
    ]
  },
  {
    "timeStamp": 54924,
    "rotation": [
      [
        -0.01274604,
        0.9961532,
        0.08669671
      ],
      [
        -0.09001761,
        -0.08749483,
        0.99208945
      ],
      [
        0.9958586,
        0.00484097749,
        0.09078655
      ]
    ],
    "translation": [
      1.61615252,
      0.702222466,
      -0.488251477
    ]
  },
  {
    "timeStamp": 54968,
    "rotation": [
      [
        -0.0148281595,
        0.9949238,
        0.09953314
      ],
      [
        -0.07466514,
        -0.100367934,
        0.9921448
      ],
      [
        0.9970984,
        0.007280004,
        0.07577439
      ]
    ],
    "translation": [
      1.61578691,
      0.704805255,
      -0.488272458
    ]
  },
  {
    "timeStamp": 55023,
    "rotation": [
      [
        0.1320446,
        0.9894589,
        0.0594589077
      ],
      [
        -0.0651956648,
        -0.0511851162,
        0.9965589
      ],
      [
        0.9890975,
        -0.135466665,
        0.05774971
      ]
    ],
    "translation": [
      1.63042438,
      0.7168381,
      -0.498606384
    ]
  },
  {
    "timeStamp": 55068,
    "rotation": [
      [
        0.141702756,
        0.982583046,
        0.120211668
      ],
      [
        -0.0493874252,
        -0.114268474,
        0.992221534
      ],
      [
        0.9886765,
        -0.146537483,
        0.03233509
      ]
    ],
    "translation": [
      1.62524557,
      0.7346326,
      -0.5035307
    ]
  },
  {
    "timeStamp": 55123,
    "rotation": [
      [
        0.169470832,
        0.9605296,
        0.220595583
      ],
      [
        -0.03096784,
        -0.2185327,
        0.9753381
      ],
      [
        0.985048532,
        -0.172122732,
        -0.00728938729
      ]
    ],
    "translation": [
      1.61844683,
      0.766302,
      -0.512771666
    ]
  },
  {
    "timeStamp": 55168,
    "rotation": [
      [
        0.203952909,
        0.93238616,
        0.298428029
      ],
      [
        -0.0101601444,
        -0.3028031,
        0.952999
      ],
      [
        0.97892797,
        -0.197398975,
        -0.0522843935
      ]
    ],
    "translation": [
      1.61864614,
      0.7991966,
      -0.520503461
    ]
  },
  {
    "timeStamp": 55223,
    "rotation": [
      [
        0.24095282,
        0.8986049,
        0.366675615
      ],
      [
        0.0296592414,
        -0.3844482,
        0.92267
      ],
      [
        0.9700836,
        -0.211444616,
        -0.119285822
      ]
    ],
    "translation": [
      1.632462,
      0.847980142,
      -0.5345606
    ]
  },
  {
    "timeStamp": 55268,
    "rotation": [
      [
        0.2753545,
        0.871174753,
        0.406490475
      ],
      [
        0.0565029345,
        -0.436771184,
        0.8977964
      ],
      [
        0.959680855,
        -0.224244371,
        -0.169490829
      ]
    ],
    "translation": [
      1.65279984,
      0.890234053,
      -0.5495842
    ]
  },
  {
    "timeStamp": 55323,
    "rotation": [
      [
        0.3209258,
        0.8594719,
        0.3978876
      ],
      [
        0.112980783,
        -0.451850951,
        0.884910166
      ],
      [
        0.940341353,
        -0.239036843,
        -0.242114455
      ]
    ],
    "translation": [
      1.6984607,
      0.9388428,
      -0.5699017
    ]
  },
  {
    "timeStamp": 55368,
    "rotation": [
      [
        0.382204264,
        0.841233432,
        0.3824215
      ],
      [
        0.151160926,
        -0.465182781,
        0.8722129
      ],
      [
        0.9116306,
        -0.2755563,
        -0.304956466
      ]
    ],
    "translation": [
      1.74411047,
      0.97758317,
      -0.584813356
    ]
  },
  {
    "timeStamp": 55423,
    "rotation": [
      [
        0.45919466,
        0.824486136,
        0.330700636
      ],
      [
        0.197472662,
        -0.457695425,
        0.866902232
      ],
      [
        0.866109,
        -0.332772523,
        -0.372984767
      ]
    ],
    "translation": [
      1.81075084,
      1.01775861,
      -0.6049116
    ]
  },
  {
    "timeStamp": 55467,
    "rotation": [
      [
        0.523409665,
        0.805672765,
        0.277369171
      ],
      [
        0.218022838,
        -0.441314578,
        0.870463967
      ],
      [
        0.823716164,
        -0.395136446,
        -0.4066434
      ]
    ],
    "translation": [
      1.86737216,
      1.04126394,
      -0.6245151
    ]
  },
  {
    "timeStamp": 55523,
    "rotation": [
      [
        0.581389,
        0.788152337,
        0.201996833
      ],
      [
        0.2598022,
        -0.415103853,
        0.8718897
      ],
      [
        0.771031559,
        -0.454427868,
        -0.4461005
      ]
    ],
    "translation": [
      1.93823171,
      1.06337583,
      -0.6457393
    ]
  },
  {
    "timeStamp": 55567,
    "rotation": [
      [
        0.6200311,
        0.7714585,
        0.142874762
      ],
      [
        0.280231059,
        -0.3878485,
        0.878091156
      ],
      [
        0.7328247,
        -0.504405856,
        -0.456664771
      ]
    ],
    "translation": [
      1.9929173,
      1.07127738,
      -0.663841665
    ]
  },
  {
    "timeStamp": 55623,
    "rotation": [
      [
        0.6612672,
        0.7446496,
        0.09067937
      ],
      [
        0.300622076,
        -0.373809159,
        0.8774355
      ],
      [
        0.687278748,
        -0.5529591,
        -0.471045822
      ]
    ],
    "translation": [
      2.05490971,
      1.07364953,
      -0.6800787
    ]
  },
  {
    "timeStamp": 55667,
    "rotation": [
      [
        0.6781379,
        0.731446445,
        0.07151975
      ],
      [
        0.2952847,
        -0.36028567,
        0.884873569
      ],
      [
        0.673005164,
        -0.578947663,
        -0.460308284
      ]
    ],
    "translation": [
      2.09597158,
      1.06659222,
      -0.6914277
    ]
  },
  {
    "timeStamp": 55723,
    "rotation": [
      [
        0.6453678,
        0.7631147,
        0.0340047777
      ],
      [
        0.308281273,
        -0.30092752,
        0.902444065
      ],
      [
        0.6989013,
        -0.571925342,
        -0.4294629
      ]
    ],
    "translation": [
      2.14161348,
      1.05013216,
      -0.70257175
    ]
  },
  {
    "timeStamp": 55767,
    "rotation": [
      [
        0.6102208,
        0.7916076,
        0.0314317048
      ],
      [
        0.294913232,
        -0.2638032,
        0.918386638
      ],
      [
        0.7352937,
        -0.551149,
        -0.394433767
      ]
    ],
    "translation": [
      2.168448,
      1.03243744,
      -0.708785534
    ]
  },
  {
    "timeStamp": 55823,
    "rotation": [
      [
        0.5669824,
        0.8222892,
        0.0486975834
      ],
      [
        0.269985735,
        -0.241361886,
        0.9321224
      ],
      [
        0.7782279,
        -0.5153494,
        -0.3588543
      ]
    ],
    "translation": [
      2.19172,
      1.00843692,
      -0.7113082
    ]
  },
  {
    "timeStamp": 55867,
    "rotation": [
      [
        0.510402739,
        0.858737,
        0.0453845151
      ],
      [
        0.260663748,
        -0.204791367,
        0.943459034
      ],
      [
        0.8194775,
        -0.469714016,
        -0.32836768
      ]
    ],
    "translation": [
      2.20836878,
      0.9874511,
      -0.711823165
    ]
  },
  {
    "timeStamp": 55923,
    "rotation": [
      [
        0.432451248,
        0.9001496,
        0.05212237
      ],
      [
        0.231548116,
        -0.166737631,
        0.9584279
      ],
      [
        0.871419251,
        -0.402404517,
        -0.28053382
      ]
    ],
    "translation": [
      2.22030139,
      0.9610634,
      -0.714784265
    ]
  },
  {
    "timeStamp": 55967,
    "rotation": [
      [
        0.3996463,
        0.9131213,
        0.08057538
      ],
      [
        0.193630844,
        -0.170008466,
        0.966231942
      ],
      [
        0.8959855,
        -0.370549142,
        -0.2447517
      ]
    ],
    "translation": [
      2.22417641,
      0.941980958,
      -0.7156983
    ]
  },
  {
    "timeStamp": 56023,
    "rotation": [
      [
        0.3504602,
        0.9287634,
        0.120732233
      ],
      [
        0.153527424,
        -0.1841336,
        0.9708368
      ],
      [
        0.923908532,
        -0.321703941,
        -0.207122147
      ]
    ],
    "translation": [
      2.22448015,
      0.918817163,
      -0.715569735
    ]
  },
  {
    "timeStamp": 56067,
    "rotation": [
      [
        0.3160926,
        0.9404914,
        0.1247455
      ],
      [
        0.132221818,
        -0.1738744,
        0.97585094
      ],
      [
        0.939469457,
        -0.2919652,
        -0.179313883
      ]
    ],
    "translation": [
      2.2308898,
      0.9011209,
      -0.7138144
    ]
  },
  {
    "timeStamp": 56123,
    "rotation": [
      [
        0.283149749,
        0.947851241,
        0.146302179
      ],
      [
        0.104494266,
        -0.182125852,
        0.9777071
      ],
      [
        0.9533662,
        -0.2615498,
        -0.1506139
      ]
    ],
    "translation": [
      2.23304152,
      0.881814063,
      -0.7115462
    ]
  },
  {
    "timeStamp": 56167,
    "rotation": [
      [
        0.254795521,
        0.954853654,
        0.152753621
      ],
      [
        0.09418814,
        -0.181722432,
        0.978828669
      ],
      [
        0.96239686,
        -0.2350136,
        -0.136237964
      ]
    ],
    "translation": [
      2.23410034,
      0.869878531,
      -0.7081007
    ]
  },
  {
    "timeStamp": 56223,
    "rotation": [
      [
        0.217816249,
        0.962461,
        0.161941051
      ],
      [
        0.0829991549,
        -0.183590412,
        0.979492545
      ],
      [
        0.97245425,
        -0.1999084,
        -0.119872421
      ]
    ],
    "translation": [
      2.23218536,
      0.8588383,
      -0.7035246
    ]
  },
  {
    "timeStamp": 56267,
    "rotation": [
      [
        0.1887984,
        0.968047261,
        0.165044188
      ],
      [
        0.0817546,
        -0.182977527,
        0.9797119
      ],
      [
        0.9786068,
        -0.1714749,
        -0.113688186
      ]
    ],
    "translation": [
      2.23014784,
      0.851820946,
      -0.698434651
    ]
  },
  {
    "timeStamp": 56323,
    "rotation": [
      [
        0.159426868,
        0.97200954,
        0.172570318
      ],
      [
        0.07469137,
        -0.186181471,
        0.9796722
      ],
      [
        0.9843801,
        -0.14329654,
        -0.102283046
      ]
    ],
    "translation": [
      2.22728562,
      0.8437654,
      -0.6928439
    ]
  },
  {
    "timeStamp": 56367,
    "rotation": [
      [
        0.132895112,
        0.9773697,
        0.164582148
      ],
      [
        0.065362,
        -0.174335912,
        0.9825145
      ],
      [
        0.988972545,
        -0.119813941,
        -0.08705123
      ]
    ],
    "translation": [
      2.22882938,
      0.840476036,
      -0.6893091
    ]
  },
  {
    "timeStamp": 56422,
    "rotation": [
      [
        0.103792854,
        0.983596563,
        0.147529215
      ],
      [
        0.0622198135,
        -0.154461056,
        0.9860378
      ],
      [
        0.992650867,
        -0.093164444,
        -0.07723115
      ]
    ],
    "translation": [
      2.232852,
      0.8313923,
      -0.6850647
    ]
  },
  {
    "timeStamp": 56467,
    "rotation": [
      [
        0.0961577743,
        0.984932363,
        0.143742651
      ],
      [
        0.04420569,
        -0.1484951,
        0.987924635
      ],
      [
        0.994384,
        -0.088642396,
        -0.057818573
      ]
    ],
    "translation": [
      2.23470449,
      0.82442385,
      -0.6844867
    ]
  },
  {
    "timeStamp": 56523,
    "rotation": [
      [
        0.08381915,
        0.989329457,
        0.11917036
      ],
      [
        0.03562271,
        -0.122489661,
        0.9918303
      ],
      [
        0.995844066,
        -0.0788892061,
        -0.0455095768
      ]
    ],
    "translation": [
      2.24079156,
      0.815006852,
      -0.6815472
    ]
  },
  {
    "timeStamp": 56567,
    "rotation": [
      [
        0.0669837,
        0.991823137,
        0.108627968
      ],
      [
        0.029100962,
        -0.110768236,
        0.9934201
      ],
      [
        0.9973296,
        -0.06338178,
        -0.0362826772
      ]
    ],
    "translation": [
      2.24293613,
      0.808789134,
      -0.6791941
    ]
  },
  {
    "timeStamp": 56622,
    "rotation": [
      [
        0.0548742153,
        0.993625939,
        0.098469764
      ],
      [
        0.0247477926,
        -0.09994149,
        0.9946855
      ],
      [
        0.9981865,
        -0.0521456636,
        -0.0300742611
      ]
    ],
    "translation": [
      2.24423552,
      0.8014824,
      -0.6750664
    ]
  },
  {
    "timeStamp": 56667,
    "rotation": [
      [
        0.0451868959,
        0.995313168,
        0.08549715
      ],
      [
        0.01763683,
        -0.08636607,
        0.99610734
      ],
      [
        0.9988228,
        -0.0435031,
        -0.0214567836
      ]
    ],
    "translation": [
      2.24583626,
      0.7948995,
      -0.6714726
    ]
  },
  {
    "timeStamp": 56722,
    "rotation": [
      [
        0.0208615027,
        0.9984166,
        0.05224106
      ],
      [
        0.0184358824,
        -0.05262771,
        0.998444
      ],
      [
        0.999612451,
        -0.0198659375,
        -0.0195045844
      ]
    ],
    "translation": [
      2.252148,
      0.7840121,
      -0.666093767
    ]
  },
  {
    "timeStamp": 56767,
    "rotation": [
      [
        0.0116805984,
        0.9994012,
        0.03257023
      ],
      [
        0.0123074055,
        -0.0327136777,
        0.999389
      ],
      [
        0.999856055,
        -0.0112726111,
        -0.012682151
      ]
    ],
    "translation": [
      2.25638866,
      0.775976,
      -0.662356138
    ]
  },
  {
    "timeStamp": 56822,
    "rotation": [
      [
        0.008768611,
        0.999684155,
        0.02355259
      ],
      [
        0.0105802929,
        -0.0236449279,
        0.9996644
      ],
      [
        0.9999056,
        -0.008516471,
        -0.0107842842
      ]
    ],
    "translation": [
      2.25804758,
      0.768263936,
      -0.656016469
    ]
  },
  {
    "timeStamp": 56867,
    "rotation": [
      [
        0.00678567542,
        0.999902368,
        0.012214453
      ],
      [
        0.012028371,
        -0.0122954668,
        0.999852061
      ],
      [
        0.999904633,
        -0.006637754,
        -0.0121106291
      ]
    ],
    "translation": [
      2.260417,
      0.7629815,
      -0.6500463
    ]
  },
  {
    "timeStamp": 56922,
    "rotation": [
      [
        0.00581500633,
        0.9999802,
        0.00237915223
      ],
      [
        0.014315187,
        -0.00246219267,
        0.9998945
      ],
      [
        0.9998806,
        -0.00578033458,
        -0.014329223
      ]
    ],
    "translation": [
      2.26293516,
      0.7572112,
      -0.6427328
    ]
  },
  {
    "timeStamp": 56967,
    "rotation": [
      [
        -0.00363598368,
        0.9998616,
        -0.0162344091
      ],
      [
        0.01769464,
        0.0162963048,
        0.9997106
      ],
      [
        0.9998368,
        0.00334766554,
        -0.0177514441
      ]
    ],
    "translation": [
      2.26697683,
      0.7530264,
      -0.6376071
    ]
  },
  {
    "timeStamp": 57022,
    "rotation": [
      [
        0.00549988169,
        0.999807239,
        -0.0188461822
      ],
      [
        0.0133574242,
        0.0187713336,
        0.9997346
      ],
      [
        0.999895632,
        -0.005750151,
        -0.0132516092
      ]
    ],
    "translation": [
      2.26800346,
      0.749391,
      -0.635068834
    ]
  },
  {
    "timeStamp": 57070,
    "rotation": [
      [
        0.0260004159,
        0.999557555,
        -0.01444346
      ],
      [
        0.0131649757,
        0.0141047165,
        0.999813855
      ],
      [
        0.9995752,
        -0.026185723,
        -0.0127924234
      ]
    ],
    "translation": [
      2.26771283,
      0.7482543,
      -0.6333746
    ]
  },
  {
    "timeStamp": 57123,
    "rotation": [
      [
        0.0395654254,
        0.99917686,
        -0.00895576
      ],
      [
        0.0185509734,
        0.00822671,
        0.999794066
      ],
      [
        0.9990448,
        -0.03972342,
        -0.01821021
      ]
    ],
    "translation": [
      2.267331,
      0.7471201,
      -0.6297667
    ]
  },
  {
    "timeStamp": 57167,
    "rotation": [
      [
        0.00403069425,
        0.999819,
        -0.0185966957
      ],
      [
        0.02651558,
        0.01848345,
        0.9994775
      ],
      [
        0.9996403,
        -0.00452169124,
        -0.0264362786
      ]
    ],
    "translation": [
      2.2677,
      0.747918,
      -0.6230818
    ]
  },
  {
    "timeStamp": 57222,
    "rotation": [
      [
        -0.000647337758,
        0.9997159,
        -0.0238261838
      ],
      [
        0.0376052372,
        0.0238336716,
        0.9990084
      ],
      [
        0.9992925,
        -0.000249286473,
        -0.0376099832
      ]
    ],
    "translation": [
      2.26782584,
      0.749670267,
      -0.618014455
    ]
  },
  {
    "timeStamp": 57267,
    "rotation": [
      [
        -0.0112178419,
        0.9995638,
        -0.02731771
      ],
      [
        0.04707426,
        0.0278170444,
        0.998504
      ],
      [
        0.998828351,
        0.009915089,
        -0.0473657735
      ]
    ],
    "translation": [
      2.26809931,
      0.7503867,
      -0.613277137
    ]
  },
  {
    "timeStamp": 57322,
    "rotation": [
      [
        -0.0222361386,
        0.999138832,
        -0.035030216
      ],
      [
        0.0573975034,
        0.0362569168,
        0.9976928
      ],
      [
        0.998103738,
        0.0201741923,
        -0.05815429
      ]
    ],
    "translation": [
      2.26785851,
      0.7526957,
      -0.6089054
    ]
  },
  {
    "timeStamp": 57367,
    "rotation": [
      [
        -0.0343332253,
        0.9986788,
        -0.0382348634
      ],
      [
        0.0618412346,
        0.04030701,
        0.9972718
      ],
      [
        0.9974953,
        0.0318750627,
        -0.0631433949
      ]
    ],
    "translation": [
      2.26599288,
      0.7539181,
      -0.60761
    ]
  },
  {
    "timeStamp": 57422,
    "rotation": [
      [
        -0.0457825772,
        0.998180568,
        -0.0392375924
      ],
      [
        0.0634700656,
        0.0421060435,
        0.9970951
      ],
      [
        0.9969331,
        0.0431591831,
        -0.06528231
      ]
    ],
    "translation": [
      2.26291823,
      0.7535089,
      -0.6061992
    ]
  },
  {
    "timeStamp": 57466,
    "rotation": [
      [
        -0.04824379,
        0.9977765,
        -0.04598527
      ],
      [
        0.05824254,
        0.0487706773,
        0.9971104
      ],
      [
        0.9971361,
        0.0454260744,
        -0.060465917
      ]
    ],
    "translation": [
      2.26344132,
      0.750642657,
      -0.6058051
    ]
  },
  {
    "timeStamp": 57522,
    "rotation": [
      [
        -0.0504054055,
        0.9970175,
        -0.0584415
      ],
      [
        0.06104889,
        0.0614822954,
        0.9962394
      ],
      [
        0.9968612,
        0.0466480777,
        -0.06396586
      ]
    ],
    "translation": [
      2.266403,
      0.7467778,
      -0.6033595
    ]
  },
  {
    "timeStamp": 57566,
    "rotation": [
      [
        -0.045229096,
        0.9968341,
        -0.06539159
      ],
      [
        0.06103534,
        0.06809376,
        0.9958102
      ],
      [
        0.9971103,
        0.04104842,
        -0.06392193
      ]
    ],
    "translation": [
      2.26879716,
      0.7439152,
      -0.6016964
    ]
  },
  {
    "timeStamp": 57622,
    "rotation": [
      [
        -0.0323594436,
        0.9974181,
        -0.06410896
      ],
      [
        0.06079301,
        0.065988,
        0.9959668
      ],
      [
        0.9976257,
        0.0283315834,
        -0.06277139
      ]
    ],
    "translation": [
      2.2693243,
      0.740798652,
      -0.6003368
    ]
  },
  {
    "timeStamp": 57667,
    "rotation": [
      [
        -0.0293524023,
        0.9976028,
        -0.06266673
      ],
      [
        0.0598162636,
        0.0643344447,
        0.9961341
      ],
      [
        0.99777776,
        0.0254904665,
        -0.0615612455
      ]
    ],
    "translation": [
      2.26949859,
      0.739453852,
      -0.6001383
    ]
  },
  {
    "timeStamp": 57722,
    "rotation": [
      [
        -0.0126584871,
        0.9981056,
        -0.0602078065
      ],
      [
        0.0612248,
        0.0608733222,
        0.996266
      ],
      [
        0.9980437,
        0.008925008,
        -0.06187938
      ]
    ],
    "translation": [
      2.26947,
      0.7372944,
      -0.5987694
    ]
  },
  {
    "timeStamp": 57766,
    "rotation": [
      [
        -0.008889782,
        0.998146534,
        -0.0602037348
      ],
      [
        0.061320018,
        0.0606369637,
        0.9962746
      ],
      [
        0.9980786,
        0.005164992,
        -0.06174541
      ]
    ],
    "translation": [
      2.269445,
      0.7353444,
      -0.5975965
    ]
  },
  {
    "timeStamp": 57822,
    "rotation": [
      [
        -0.005967893,
        0.9980139,
        -0.0627107
      ],
      [
        0.068877615,
        0.0629731342,
        0.9956356
      ],
      [
        0.997607231,
        0.00162250688,
        -0.06911664
      ]
    ],
    "translation": [
      2.26933551,
      0.733316064,
      -0.5959523
    ]
  },
  {
    "timeStamp": 57867,
    "rotation": [
      [
        -0.012324499,
        0.99795,
        -0.06280076
      ],
      [
        0.0685319,
        0.06350086,
        0.995626
      ],
      [
        0.997572839,
        0.007966765,
        -0.06917402
      ]
    ],
    "translation": [
      2.26926255,
      0.732400954,
      -0.5956499
    ]
  },
  {
    "timeStamp": 57922,
    "rotation": [
      [
        -0.0142514417,
        0.9976369,
        -0.06721235
      ],
      [
        0.06893881,
        0.0680395737,
        0.995297968
      ],
      [
        0.9975191,
        0.009550886,
        -0.06974556
      ]
    ],
    "translation": [
      2.26946783,
      0.7317594,
      -0.5954531
    ]
  }
]