[
  {
    "timeStamp": 32100,
    "rotation": [
      [
        0.993154049,
        0.01588412,
        -0.115727305
      ],
      [
        0.115860187,
        -0.00771452533,
        0.9932356
      ],
      [
        0.0148838945,
        -0.9998441,
        -0.00950205
      ]
    ],
    "translation": [
      1.46267521,
      0.703714,
      -0.617989
    ]
  },
  {
    "timeStamp": 32145,
    "rotation": [
      [
        0.9996914,
        0.000486773322,
        -0.024835635
      ],
      [
        0.0248263869,
        -0.0531628579,
        0.9982772
      ],
      [
        -0.0008344056,
        -0.9985857,
        -0.05315854
      ]
    ],
    "translation": [
      1.44506741,
      0.707092166,
      -0.6097748
    ]
  },
  {
    "timeStamp": 32200,
    "rotation": [
      [
        0.9999943,
        0.00325370161,
        -0.0009356701
      ],
      [
        0.00118416722,
        -0.0772306845,
        0.997012556
      ],
      [
        0.00317171915,
        -0.997007966,
        -0.0772341
      ]
    ],
    "translation": [
      1.44177735,
      0.715014338,
      -0.6088513
    ]
  },
  {
    "timeStamp": 32246,
    "rotation": [
      [
        0.9993279,
        -0.00690233056,
        0.0360021
      ],
      [
        -0.03650742,
        -0.09852964,
        0.9944642
      ],
      [
        -0.0033168355,
        -0.995110154,
        -0.0987154
      ]
    ],
    "translation": [
      1.43685508,
      0.72872144,
      -0.607711434
    ]
  },
  {
    "timeStamp": 32301,
    "rotation": [
      [
        0.993205547,
        -0.0299254321,
        0.112459868
      ],
      [
        -0.115429744,
        -0.130520061,
        0.984703243
      ],
      [
        -0.014789396,
        -0.9909939,
        -0.133087531
      ]
    ],
    "translation": [
      1.43129039,
      0.759783745,
      -0.60563767
    ]
  },
  {
    "timeStamp": 32345,
    "rotation": [
      [
        0.9806062,
        -0.06765937,
        0.183939382
      ],
      [
        -0.191816151,
        -0.138695776,
        0.9715812
      ],
      [
        -0.04022497,
        -0.9880211,
        -0.1489841
      ]
    ],
    "translation": [
      1.42927456,
      0.797041357,
      -0.6063013
    ]
  },
  {
    "timeStamp": 32401,
    "rotation": [
      [
        0.9508629,
        -0.108291179,
        0.290056735
      ],
      [
        -0.303915381,
        -0.147565827,
        0.94120127
      ],
      [
        -0.0591213554,
        -0.983106,
        -0.173226207
      ]
    ],
    "translation": [
      1.43732858,
      0.8530454,
      -0.612993956
    ]
  },
  {
    "timeStamp": 32445,
    "rotation": [
      [
        0.925173044,
        -0.134117708,
        0.355059564
      ],
      [
        -0.373512954,
        -0.155599669,
        0.9144817
      ],
      [
        -0.06740103,
        -0.97867316,
        -0.194051325
      ]
    ],
    "translation": [
      1.45349789,
      0.9017589,
      -0.6189076
    ]
  },
  {
    "timeStamp": 32500,
    "rotation": [
      [
        0.8931047,
        -0.167776287,
        0.417390883
      ],
      [
        -0.443515122,
        -0.173252925,
        0.8793621
      ],
      [
        -0.07522191,
        -0.9704816,
        -0.229144335
      ]
    ],
    "translation": [
      1.49488568,
      0.9591016,
      -0.625928462
    ]
  },
  {
    "timeStamp": 32545,
    "rotation": [
      [
        0.8746428,
        -0.202486575,
        0.440453351
      ],
      [
        -0.476084322,
        -0.187589541,
        0.8591588
      ],
      [
        -0.091343686,
        -0.96115,
        -0.260474533
      ]
    ],
    "translation": [
      1.53950894,
      1.00072062,
      -0.627043366
    ]
  },
  {
    "timeStamp": 32601,
    "rotation": [
      [
        0.869789064,
        -0.2590266,
        0.419967
      ],
      [
        -0.478224367,
        -0.232912213,
        0.84679
      ],
      [
        -0.121525675,
        -0.937367141,
        -0.3264573
      ]
    ],
    "translation": [
      1.6130656,
      1.03933907,
      -0.622707367
    ]
  },
  {
    "timeStamp": 32645,
    "rotation": [
      [
        0.876027,
        -0.3052742,
        0.3733422
      ],
      [
        -0.455254465,
        -0.268043667,
        0.849055946
      ],
      [
        -0.159122854,
        -0.9137616,
        -0.3737909
      ]
    ],
    "translation": [
      1.68298709,
      1.05952585,
      -0.616762757
    ]
  },
  {
    "timeStamp": 32700,
    "rotation": [
      [
        0.8870831,
        -0.3684703,
        0.2780523
      ],
      [
        -0.400620461,
        -0.3153035,
        0.860283
      ],
      [
        -0.229317859,
        -0.874536037,
        -0.4273172
      ]
    ],
    "translation": [
      1.776179,
      1.07519913,
      -0.6123927
    ]
  },
  {
    "timeStamp": 32745,
    "rotation": [
      [
        0.8912531,
        -0.4054349,
        0.203200489
      ],
      [
        -0.354745269,
        -0.344122946,
        0.869330347
      ],
      [
        -0.282530934,
        -0.846877754,
        -0.450526744
      ]
    ],
    "translation": [
      1.85422027,
      1.08159876,
      -0.6122315
    ]
  },
  {
    "timeStamp": 32800,
    "rotation": [
      [
        0.8875853,
        -0.446250081,
        0.1142504
      ],
      [
        -0.2956051,
        -0.3615676,
        0.8842434
      ],
      [
        -0.353284448,
        -0.8186145,
        -0.4528359
      ]
    ],
    "translation": [
      1.94387734,
      1.0804354,
      -0.6178438
    ]
  },
  {
    "timeStamp": 32845,
    "rotation": [
      [
        0.8995609,
        -0.433638781,
        0.0524178743
      ],
      [
        -0.235029265,
        -0.379382223,
        0.894891262
      ],
      [
        -0.368173152,
        -0.817329,
        -0.443195224
      ]
    ],
    "translation": [
      2.01213765,
      1.06961823,
      -0.628670335
    ]
  },
  {
    "timeStamp": 32900,
    "rotation": [
      [
        0.900931,
        -0.432611525,
        0.0342138521
      ],
      [
        -0.203777254,
        -0.352128685,
        0.9134989
      ],
      [
        -0.383142471,
        -0.8299715,
        -0.405400038
      ]
    ],
    "translation": [
      2.07796121,
      1.05141652,
      -0.644182
    ]
  },
  {
    "timeStamp": 32945,
    "rotation": [
      [
        0.91444546,
        -0.404519171,
        0.0124018621
      ],
      [
        -0.167204663,
        -0.349717259,
        0.921813667
      ],
      [
        -0.368554145,
        -0.845021963,
        -0.3874348
      ]
    ],
    "translation": [
      2.12674379,
      1.02928936,
      -0.6568427
    ]
  },
  {
    "timeStamp": 33000,
    "rotation": [
      [
        0.936338663,
        -0.350503534,
        0.0204272345
      ],
      [
        -0.1387185,
        -0.3158723,
        0.9386063
      ],
      [
        -0.322532445,
        -0.881687,
        -0.34438476
      ]
    ],
    "translation": [
      2.1675024,
      0.998548269,
      -0.6773834
    ]
  },
  {
    "timeStamp": 33045,
    "rotation": [
      [
        0.950543761,
        -0.310080975,
        0.0177860167
      ],
      [
        -0.112264745,
        -0.2896222,
        0.9505344
      ],
      [
        -0.289591432,
        -0.9055213,
        -0.310109735
      ]
    ],
    "translation": [
      2.19298339,
      0.9720918,
      -0.6936486
    ]
  },
  {
    "timeStamp": 33100,
    "rotation": [
      [
        0.9697047,
        -0.2400778,
        0.04511617
      ],
      [
        -0.105537362,
        -0.245173991,
        0.9637176
      ],
      [
        -0.220305875,
        -0.9392829,
        -0.263083547
      ]
    ],
    "translation": [
      2.20851636,
      0.941870749,
      -0.7130922
    ]
  },
  {
    "timeStamp": 33145,
    "rotation": [
      [
        0.980042,
        -0.185745925,
        0.0708244741
      ],
      [
        -0.108661018,
        -0.202207327,
        0.9732959
      ],
      [
        -0.166464522,
        -0.961566746,
        -0.218355
      ]
    ],
    "translation": [
      2.21392512,
      0.919300437,
      -0.7295549
    ]
  },
  {
    "timeStamp": 33200,
    "rotation": [
      [
        0.986736834,
        -0.133001685,
        0.0930641145
      ],
      [
        -0.11620862,
        -0.178482041,
        0.9770567
      ],
      [
        -0.113339931,
        -0.9749127,
        -0.191570759
      ]
    ],
    "translation": [
      2.219658,
      0.8974461,
      -0.7369449
    ]
  },
  {
    "timeStamp": 33245,
    "rotation": [
      [
        0.990227759,
        -0.079723686,
        0.114425391
      ],
      [
        -0.125798777,
        -0.156462654,
        0.979639769
      ],
      [
        -0.06019718,
        -0.984461069,
        -0.164962813
      ]
    ],
    "translation": [
      2.218697,
      0.881845951,
      -0.7478937
    ]
  },
  {
    "timeStamp": 33300,
    "rotation": [
      [
        0.9937521,
        -0.00638081972,
        0.111427404
      ],
      [
        -0.111117847,
        -0.150211692,
        0.982389569
      ],
      [
        0.0104692513,
        -0.9886333,
        -0.1499822
      ]
    ],
    "translation": [
      2.222502,
      0.8641414,
      -0.7553309
    ]
  },
  {
    "timeStamp": 33344,
    "rotation": [
      [
        0.9920358,
        0.04219662,
        0.118677929
      ],
      [
        -0.112051308,
        -0.134687349,
        0.9845323
      ],
      [
        0.05752834,
        -0.98998934,
        -0.128886476
      ]
    ],
    "translation": [
      2.22173572,
      0.8539076,
      -0.7634662
    ]
  },
  {
    "timeStamp": 33400,
    "rotation": [
      [
        0.987817347,
        0.100294791,
        0.118986383
      ],
      [
        -0.1068035,
        -0.119156733,
        0.9871143
      ],
      [
        0.113180466,
        -0.987796843,
        -0.106993265
      ]
    ],
    "translation": [
      2.22151423,
      0.8429238,
      -0.771277964
    ]
  },
  {
    "timeStamp": 33455,
    "rotation": [
      [
        0.980111063,
        0.166383669,
        0.108160987
      ],
      [
        -0.0901495442,
        -0.112255931,
        0.9895816
      ],
      [
        0.176791891,
        -0.9796505,
        -0.09502387
      ]
    ],
    "translation": [
      2.22421551,
      0.8308895,
      -0.7788347
    ]
  },
  {
    "timeStamp": 33500,
    "rotation": [
      [
        0.974144638,
        0.202734843,
        0.09970354
      ],
      [
        -0.07889895,
        -0.108249784,
        0.990987837
      ],
      [
        0.211700678,
        -0.973232031,
        -0.08945538
      ]
    ],
    "translation": [
      2.225804,
      0.8225327,
      -0.7809918
    ]
  },
  {
    "timeStamp": 33555,
    "rotation": [
      [
        0.963978,
        0.252132058,
        0.0847100839
      ],
      [
        -0.0617274679,
        -0.09772026,
        0.993297756
      ],
      [
        0.25872013,
        -0.962746143,
        -0.0786367059
      ]
    ],
    "translation": [
      2.229241,
      0.812451,
      -0.7866131
    ]
  },
  {
    "timeStamp": 33600,
    "rotation": [
      [
        0.955406666,
        0.284705877,
        0.07836267
      ],
      [
        -0.053988982,
        -0.09248354,
        0.994249463
      ],
      [
        0.290315926,
        -0.9541433,
        -0.07298841
      ]
    ],
    "translation": [
      2.229881,
      0.8066224,
      -0.790631235
    ]
  },
  {
    "timeStamp": 33645,
    "rotation": [
      [
        0.9491395,
        0.3072693,
        0.0687006041
      ],
      [
        -0.046091035,
        -0.0802519,
        0.9957084
      ],
      [
        0.311464,
        -0.948232651,
        -0.06200789
      ]
    ],
    "translation": [
      2.23097587,
      0.801477849,
      -0.795175433
    ]
  },
  {
    "timeStamp": 33700,
    "rotation": [
      [
        0.9426986,
        0.328482181,
        0.05847075
      ],
      [
        -0.03796872,
        -0.06849114,
        0.99692893
      ],
      [
        0.331478149,
        -0.9420236,
        -0.0520944521
      ]
    ],
    "translation": [
      2.23165059,
      0.795941353,
      -0.799151063
    ]
  },
  {
    "timeStamp": 33755,
    "rotation": [
      [
        0.939727962,
        0.338975877,
        0.0447972566
      ],
      [
        -0.0326410346,
        -0.04148117,
        0.998605967
      ],
      [
        0.3403616,
        -0.9398802,
        -0.027916491
      ]
    ],
    "translation": [
      2.23387146,
      0.78953886,
      -0.8062828
    ]
  },
  {
    "timeStamp": 33800,
    "rotation": [
      [
        0.937512338,
        0.3462588,
        0.0342858061
      ],
      [
        -0.0258389711,
        -0.0289829317,
        0.9992459
      ],
      [
        0.34699136,
        -0.9376913,
        -0.0182248857
      ]
    ],
    "translation": [
      2.23556757,
      0.7843855,
      -0.809725463
    ]
  },
  {
    "timeStamp": 33855,
    "rotation": [
      [
        0.934284866,
        0.3557443,
        0.02361726
      ],
      [
        -0.0199591778,
        -0.0139501886,
        0.999703467
      ],
      [
        0.355968267,
        -0.9344792,
        -0.00593308639
      ]
    ],
    "translation": [
      2.23859549,
      0.7786347,
      -0.815467954
    ]
  },
  {
    "timeStamp": 33900,
    "rotation": [
      [
        0.932561338,
        0.360599667,
        0.0172410235
      ],
      [
        -0.0174570512,
        -0.00265825237,
        0.9998441
      ],
      [
        0.360589266,
        -0.9327169,
        0.003816023
      ]
    ],
    "translation": [
      2.240158,
      0.7744825,
      -0.8189957
    ]
  },
  {
    "timeStamp": 33955,
    "rotation": [
      [
        0.9288869,
        0.370339453,
        0.0042129904
      ],
      [
        -0.008916418,
        0.0109893121,
        0.999899864
      ],
      [
        0.3702561,
        -0.928831458,
        0.01350993
      ]
    ],
    "translation": [
      2.242865,
      0.767958462,
      -0.8240492
    ]
  },
  {
    "timeStamp": 34000,
    "rotation": [
      [
        0.9185401,
        0.395327538,
        -0.000389972469
      ],
      [
        -0.00391184073,
        0.0100755244,
        0.9999416
      ],
      [
        0.395308375,
        -0.918485,
        0.0108012324
      ]
    ],
    "translation": [
      2.24375653,
      0.763500452,
      -0.8266779
    ]
  },
  {
    "timeStamp": 34055,
    "rotation": [
      [
        0.9107059,
        0.413022429,
        -0.005206137
      ],
      [
        -0.00148754264,
        0.0158833712,
        0.999872744
      ],
      [
        0.413052559,
        -0.9105823,
        0.0150794685
      ]
    ],
    "translation": [
      2.24452257,
      0.758376837,
      -0.8285681
    ]
  },
  {
    "timeStamp": 34099,
    "rotation": [
      [
        0.9053353,
        0.424581528,
        -0.00992687
      ],
      [
        0.00146612013,
        0.0202493351,
        0.9997939
      ],
      [
        0.424695045,
        -0.9051632,
        0.01770995
      ]
    ],
    "translation": [
      2.24485731,
      0.7547889,
      -0.830033243
    ]
  },
  {
    "timeStamp": 34155,
    "rotation": [
      [
        0.9043883,
        0.426427633,
        -0.015533587
      ],
      [
        0.00491766538,
        0.0259848889,
        0.99965024
      ],
      [
        0.4266821,
        -0.9041484,
        0.0214034021
      ]
    ],
    "translation": [
      2.245058,
      0.749680758,
      -0.8308891
    ]
  },
  {
    "timeStamp": 34199,
    "rotation": [
      [
        0.907492,
        0.419828475,
        -0.014229089
      ],
      [
        0.003975574,
        0.0252880063,
        0.9996723
      ],
      [
        0.42005074,
        -0.9072511,
        0.0212796032
      ]
    ],
    "translation": [
      2.24473333,
      0.745758057,
      -0.831236
    ]
  },
  {
    "timeStamp": 34255,
    "rotation": [
      [
        0.9131966,
        0.4068187,
        -0.02388786
      ],
      [
        0.0120595992,
        0.03161457,
        0.9994274
      ],
      [
        0.407340944,
        -0.9129618,
        0.0239642467
      ]
    ],
    "translation": [
      2.2443676,
      0.743119359,
      -0.831351042
    ]
  },
  {
    "timeStamp": 34299,
    "rotation": [
      [
        0.9115895,
        0.4100313,
        -0.0296464637
      ],
      [
        0.0166263785,
        0.03528382,
        0.999239
      ],
      [
        0.4107653,
        -0.9113887,
        0.0253470261
      ]
    ],
    "translation": [
      2.244514,
      0.740849435,
      -0.832612932
    ]
  },
  {
    "timeStamp": 34355,
    "rotation": [
      [
        0.9190695,
        0.3929485,
        -0.0300450772
      ],
      [
        0.0135376258,
        0.04471388,
        0.9989081
      ],
      [
        0.393862873,
        -0.9184727,
        0.0357755758
      ]
    ],
    "translation": [
      2.24316549,
      0.73941493,
      -0.8351048
    ]
  },
  {
    "timeStamp": 34399,
    "rotation": [
      [
        0.919299543,
        0.3926907,
        -0.0261228979
      ],
      [
        0.00922851,
        0.04484887,
        0.998951137
      ],
      [
        0.3934504,
        -0.9185764,
        0.0376055948
      ]
    ],
    "translation": [
      2.24042225,
      0.73943615,
      -0.836682558
    ]
  },
  {
    "timeStamp": 34455,
    "rotation": [
      [
        0.9217322,
        0.38745597,
        -0.0169639625
      ],
      [
        0.000596417,
        0.0423248671,
        0.9991037
      ],
      [
        0.387826681,
        -0.92091614,
        0.0387811065
      ]
    ],
    "translation": [
      2.235659,
      0.738763,
      -0.8374743
    ]
  },
  {
    "timeStamp": 34499,
    "rotation": [
      [
        0.924652,
        0.380753756,
        -0.00673355
      ],
      [
        -0.006628044,
        0.03377037,
        0.999407649
      ],
      [
        0.3807556,
        -0.9240596,
        0.03374949
      ]
    ],
    "translation": [
      2.23091173,
      0.738716662,
      -0.8359304
    ]
  },
  {
    "timeStamp": 34555,
    "rotation": [
      [
        0.921768,
        0.387633026,
        -0.009189571
      ],
      [
        -0.003982651,
        0.03316416,
        0.999442
      ],
      [
        0.3877215,
        -0.921217,
        0.0321134664
      ]
    ],
    "translation": [
      2.22908115,
      0.7372644,
      -0.8367108
    ]
  },
  {
    "timeStamp": 34599,
    "rotation": [
      [
        0.922106445,
        0.386774123,
        -0.0112020923
      ],
      [
        -0.00225605746,
        0.0343243927,
        0.9994082
      ],
      [
        0.38692975,
        -0.921535432,
        0.0325233266
      ]
    ],
    "translation": [
      2.22762752,
      0.7348535,
      -0.8366862
    ]
  },
  {
    "timeStamp": 34655,
    "rotation": [
      [
        0.916971743,
        0.398382366,
        -0.0213131178
      ],
      [
        0.009433221,
        0.0317569822,
        0.9994511
      ],
      [
        0.398840547,
        -0.9166695,
        0.0253622271
      ]
    ],
    "translation": [
      2.228991,
      0.7306901,
      -0.8368889
    ]
  },
  {
    "timeStamp": 34699,
    "rotation": [
      [
        0.9153118,
        0.401733667,
        -0.0285361856
      ],
      [
        0.0147090415,
        0.0374619029,
        0.9991898
      ],
      [
        0.4024772,
        -0.91499,
        0.0283802059
      ]
    ],
    "translation": [
      2.22973371,
      0.7282412,
      -0.8382323
    ]
  },
  {
    "timeStamp": 34755,
    "rotation": [
      [
        0.9141786,
        0.404226929,
        -0.02963394
      ],
      [
        0.0165960919,
        0.0357204154,
        0.999224
      ],
      [
        0.4049718,
        -0.913961,
        0.02594625
      ]
    ],
    "translation": [
      2.22959375,
      0.7264599,
      -0.83802706
    ]
  },
  {
    "timeStamp": 34799,
    "rotation": [
      [
        0.9134061,
        0.4061784,
        -0.02661695
      ],
      [
        0.015048191,
        0.0316498578,
        0.9993857
      ],
      [
        0.406771362,
        -0.9132455,
        0.0227969214
      ]
    ],
    "translation": [
      2.229673,
      0.726224065,
      -0.838003
    ]
  },
  {
    "timeStamp": 34855,
    "rotation": [
      [
        0.9132655,
        0.406606048,
        -0.0248524025
      ],
      [
        0.0134907067,
        0.03078597,
        0.999434948
      ],
      [
        0.407141417,
        -0.9130848,
        0.0226303637
      ]
    ],
    "translation": [
      2.2296896,
      0.725774,
      -0.838000536
    ]
  },
  {
    "timeStamp": 34899,
    "rotation": [
      [
        0.91313684,
        0.40690434,
        -0.0246969145
      ],
      [
        0.012428076,
        0.03276743,
        0.9993857
      ],
      [
        0.40746367,
        -0.912882864,
        0.02486411
      ]
    ],
    "translation": [
      2.22970152,
      0.7258071,
      -0.837992
    ]
  },
  {
    "timeStamp": 34955,
    "rotation": [
      [
        0.9127758,
        0.407822877,
        -0.0228219312
      ],
      [
        0.00960650947,
        0.03442367,
        0.999361157
      ],
      [
        0.408347964,
        -0.9124119,
        0.0275033414
      ]
    ],
    "translation": [
      2.229756,
      0.725842237,
      -0.837992132
    ]
  },
  {
    "timeStamp": 34999,
    "rotation": [
      [
        0.9123479,
        0.4087822,
        -0.0227682814
      ],
      [
        0.008206675,
        0.03734089,
        0.9992689
      ],
      [
        0.409333557,
        -0.911867738,
        0.030713141
      ]
    ],
    "translation": [
      2.22980618,
      0.725910246,
      -0.8379777
    ]
  },
  {
    "timeStamp": 35055,
    "rotation": [
      [
        0.912087,
        0.409392148,
        -0.0222561751
      ],
      [
        0.00716784736,
        0.0383532681,
        0.999238551
      ],
      [
        0.409934,
        -0.9115521,
        0.03204706
      ]
    ],
    "translation": [
      2.229844,
      0.7259337,
      -0.8379772
    ]
  },
  {
    "timeStamp": 35099,
    "rotation": [
      [
        0.911606133,
        0.410678,
        -0.0178297255
      ],
      [
        0.00355991884,
        0.0354855657,
        0.99936384
      ],
      [
        0.411049426,
        -0.911089659,
        0.0308868773
      ]
    ],
    "translation": [
      2.22993016,
      0.725867,
      -0.8380123
    ]
  }
]