[
  {
    "timeStamp": 124325,
    "rotation": [
      [
        0.994344532,
        0.0104322555,
        -0.10568881
      ],
      [
        0.106202438,
        -0.09782186,
        0.9895211
      ],
      [
        -1.571309E-05,
        -0.995149255,
        -0.09837656
      ]
    ],
    "translation": [
      1.46123123,
      0.702254653,
      -0.490676135
    ]
  },
  {
    "timeStamp": 124369,
    "rotation": [
      [
        0.9956753,
        -0.013819945,
        -0.0918673351
      ],
      [
        0.09007747,
        -0.09833077,
        0.991068661
      ],
      [
        -0.02272991,
        -0.9950578,
        -0.09666066
      ]
    ],
    "translation": [
      1.46044254,
      0.7037393,
      -0.487093657
    ]
  },
  {
    "timeStamp": 124425,
    "rotation": [
      [
        0.9974097,
        -0.0156553984,
        -0.07020523
      ],
      [
        0.06805378,
        -0.110675,
        0.9915239
      ],
      [
        -0.0232926831,
        -0.9937333,
        -0.109322906
      ]
    ],
    "translation": [
      1.46057177,
      0.7097463,
      -0.4873346
    ]
  },
  {
    "timeStamp": 124469,
    "rotation": [
      [
        0.9985209,
        -0.023542475,
        -0.0490070842
      ],
      [
        0.045649074,
        -0.126574025,
        0.990906239
      ],
      [
        -0.02953141,
        -0.991677761,
        -0.12531212
      ]
    ],
    "translation": [
      1.46389842,
      0.718294,
      -0.488586426
    ]
  },
  {
    "timeStamp": 124525,
    "rotation": [
      [
        0.9987076,
        -0.0505597927,
        -0.00517629
      ],
      [
        -0.00140541524,
        -0.129281461,
        0.991606951
      ],
      [
        -0.0508046374,
        -0.9903181,
        -0.129185438
      ]
    ],
    "translation": [
      1.47135484,
      0.732944667,
      -0.494036973
    ]
  },
  {
    "timeStamp": 124569,
    "rotation": [
      [
        0.9953943,
        -0.08962068,
        0.0340358131
      ],
      [
        -0.0455781929,
        -0.130073622,
        0.9904562
      ],
      [
        -0.0843382,
        -0.9874457,
        -0.133559287
      ]
    ],
    "translation": [
      1.48425853,
      0.7496089,
      -0.500068
    ]
  },
  {
    "timeStamp": 124625,
    "rotation": [
      [
        0.985512137,
        -0.143544137,
        0.09033845
      ],
      [
        -0.108422756,
        -0.123606287,
        0.9863904
      ],
      [
        -0.130424172,
        -0.981894433,
        -0.137378946
      ]
    ],
    "translation": [
      1.50565779,
      0.779668152,
      -0.5129122
    ]
  },
  {
    "timeStamp": 124669,
    "rotation": [
      [
        0.969881356,
        -0.190012112,
        0.152399287
      ],
      [
        -0.17578496,
        -0.112910867,
        0.9779319
      ],
      [
        -0.168611392,
        -0.9752674,
        -0.142911419
      ]
    ],
    "translation": [
      1.52952409,
      0.8125014,
      -0.5292897
    ]
  },
  {
    "timeStamp": 124725,
    "rotation": [
      [
        0.9537098,
        -0.215613827,
        0.209638566
      ],
      [
        -0.237634867,
        -0.113102391,
        0.964747369
      ],
      [
        -0.184302241,
        -0.969906449,
        -0.159104213
      ]
    ],
    "translation": [
      1.56791627,
      0.858818769,
      -0.5570663
    ]
  },
  {
    "timeStamp": 124769,
    "rotation": [
      [
        0.9385881,
        -0.236975387,
        0.250788927
      ],
      [
        -0.2830986,
        -0.113389529,
        0.952364445
      ],
      [
        -0.1972501,
        -0.9648759,
        -0.173513472
      ]
    ],
    "translation": [
      1.608214,
      0.8970085,
      -0.58354
    ]
  },
  {
    "timeStamp": 124825,
    "rotation": [
      [
        0.928565562,
        -0.2543365,
        0.270331144
      ],
      [
        -0.304320067,
        -0.104713425,
        0.9467969
      ],
      [
        -0.2124977,
        -0.961430252,
        -0.174632981
      ]
    ],
    "translation": [
      1.66605544,
      0.941278338,
      -0.619000435
    ]
  },
  {
    "timeStamp": 124869,
    "rotation": [
      [
        0.920439243,
        -0.274878085,
        0.277909577
      ],
      [
        -0.313091457,
        -0.09279543,
        0.9451787
      ],
      [
        -0.234020174,
        -0.956990659,
        -0.171474531
      ]
    ],
    "translation": [
      1.7175113,
      0.973175168,
      -0.6470399
    ]
  },
  {
    "timeStamp": 124925,
    "rotation": [
      [
        0.9224431,
        -0.2961789,
        0.247743323
      ],
      [
        -0.2816211,
        -0.07708774,
        0.956424057
      ],
      [
        -0.26417464,
        -0.952016532,
        -0.154519275
      ]
    ],
    "translation": [
      1.78581774,
      1.0019213,
      -0.681089759
    ]
  },
  {
    "timeStamp": 124969,
    "rotation": [
      [
        0.925626,
        -0.316037565,
        0.208174855
      ],
      [
        -0.241026253,
        -0.06822753,
        0.9681174
      ],
      [
        -0.2917582,
        -0.946290255,
        -0.139326528
      ]
    ],
    "translation": [
      1.84169221,
      1.01858068,
      -0.7051637
    ]
  },
  {
    "timeStamp": 125024,
    "rotation": [
      [
        0.9256871,
        -0.3608412,
        0.113565288
      ],
      [
        -0.150854021,
        -0.0768132657,
        0.9855672
      ],
      [
        -0.34690994,
        -0.9294586,
        -0.125539392
      ]
    ],
    "translation": [
      1.91755486,
      1.0283215,
      -0.726363361
    ]
  },
  {
    "timeStamp": 125069,
    "rotation": [
      [
        0.9245294,
        -0.380186677,
        0.0265240967
      ],
      [
        -0.0635748655,
        -0.08522943,
        0.994331
      ],
      [
        -0.375770777,
        -0.9209745,
        -0.102967426
      ]
    ],
    "translation": [
      1.9750483,
      1.03021061,
      -0.7390677
    ]
  },
  {
    "timeStamp": 125124,
    "rotation": [
      [
        0.9127452,
        -0.40494892,
        -0.05396855
      ],
      [
        0.0132296281,
        -0.102736294,
        0.9946206
      ],
      [
        -0.4083151,
        -0.9085492,
        -0.0884147361
      ]
    ],
    "translation": [
      2.043234,
      1.02603281,
      -0.746562
    ]
  },
  {
    "timeStamp": 125169,
    "rotation": [
      [
        0.906513155,
        -0.406566232,
        -0.113744147
      ],
      [
        0.07601772,
        -0.107827082,
        0.9912591
      ],
      [
        -0.4152772,
        -0.907236,
        -0.0668404251
      ]
    ],
    "translation": [
      2.08982563,
      1.016541,
      -0.7481904
    ]
  },
  {
    "timeStamp": 125224,
    "rotation": [
      [
        0.912491,
        -0.393701226,
        -0.111173064
      ],
      [
        0.0858169645,
        -0.0814947,
        0.9929723
      ],
      [
        -0.399994463,
        -0.9156189,
        -0.04057694
      ]
    ],
    "translation": [
      2.13126588,
      0.999927,
      -0.748184562
    ]
  },
  {
    "timeStamp": 125269,
    "rotation": [
      [
        0.9215562,
        -0.372094631,
        -0.110814691
      ],
      [
        0.103953779,
        -0.03851811,
        0.993836
      ],
      [
        -0.374069422,
        -0.9273953,
        0.00318404543
      ]
    ],
    "translation": [
      2.15488648,
      0.9813675,
      -0.747222245
    ]
  },
  {
    "timeStamp": 125324,
    "rotation": [
      [
        0.9414997,
        -0.30892247,
        -0.134704068
      ],
      [
        0.134316072,
        -0.02262743,
        0.990680158
      ],
      [
        -0.309091359,
        -0.950818062,
        0.0201895311
      ]
    ],
    "translation": [
      2.17286587,
      0.9579065,
      -0.7439403
    ]
  },
  {
    "timeStamp": 125369,
    "rotation": [
      [
        0.960480869,
        -0.237936065,
        -0.144439876
      ],
      [
        0.14999859,
        0.00532552367,
        0.988671839
      ],
      [
        -0.23447147,
        -0.9712662,
        0.0408051349
      ]
    ],
    "translation": [
      2.17625165,
      0.9380032,
      -0.7434373
    ]
  },
  {
    "timeStamp": 125424,
    "rotation": [
      [
        0.977671742,
        -0.173306987,
        -0.118838519
      ],
      [
        0.1297431,
        0.0529718734,
        0.9901317
      ],
      [
        -0.165301636,
        -0.983442247,
        0.0742744952
      ]
    ],
    "translation": [
      2.16886425,
      0.9175307,
      -0.742859244
    ]
  },
  {
    "timeStamp": 125469,
    "rotation": [
      [
        0.985502958,
        -0.130733237,
        -0.108133115
      ],
      [
        0.118104376,
        0.0710703954,
        0.9904546
      ],
      [
        -0.121800274,
        -0.9888669,
        0.08548025
      ]
    ],
    "translation": [
      2.16326833,
      0.902470469,
      -0.739276648
    ]
  },
  {
    "timeStamp": 125524,
    "rotation": [
      [
        0.9923671,
        -0.06360249,
        -0.10565158
      ],
      [
        0.111062758,
        0.0885997042,
        0.9898561
      ],
      [
        -0.0535966158,
        -0.9940346,
        0.0949873
      ]
    ],
    "translation": [
      2.154543,
      0.88643086,
      -0.736382067
    ]
  },
  {
    "timeStamp": 125568,
    "rotation": [
      [
        0.99480623,
        -0.0274776556,
        -0.09800746
      ],
      [
        0.100327216,
        0.102243766,
        0.989687145
      ],
      [
        -0.0171736237,
        -0.994379759,
        0.104469493
      ]
    ],
    "translation": [
      2.14753866,
      0.876293,
      -0.7324421
    ]
  },
  {
    "timeStamp": 125622,
    "rotation": [
      [
        0.9956443,
        0.0219040252,
        -0.09062356
      ],
      [
        0.08718057,
        0.125782818,
        0.988219738
      ],
      [
        0.0330448672,
        -0.9918159,
        0.123325333
      ]
    ],
    "translation": [
      2.13791275,
      0.8632245,
      -0.7326631
    ]
  },
  {
    "timeStamp": 125667,
    "rotation": [
      [
        0.992107,
        0.06766243,
        -0.105572008
      ],
      [
        0.09526982,
        0.140685439,
        0.9854599
      ],
      [
        0.08153106,
        -0.9877395,
        0.133128822
      ]
    ],
    "translation": [
      2.13310242,
      0.8540039,
      -0.734507
    ]
  },
  {
    "timeStamp": 125722,
    "rotation": [
      [
        0.9862639,
        0.113864556,
        -0.119659483
      ],
      [
        0.100186318,
        0.1635894,
        0.981428146
      ],
      [
        0.1313249,
        -0.9799354,
        0.149934649
      ]
    ],
    "translation": [
      2.12874556,
      0.844484568,
      -0.7379721
    ]
  },
  {
    "timeStamp": 125767,
    "rotation": [
      [
        0.979795,
        0.147944391,
        -0.134589046
      ],
      [
        0.107584745,
        0.177424029,
        0.978236258
      ],
      [
        0.168603927,
        -0.9729507,
        0.157922611
      ]
    ],
    "translation": [
      2.12570882,
      0.83778435,
      -0.7415952
    ]
  },
  {
    "timeStamp": 125823,
    "rotation": [
      [
        0.9716404,
        0.1779815,
        -0.1556837
      ],
      [
        0.122425757,
        0.184634373,
        0.9751523
      ],
      [
        0.202303648,
        -0.966557145,
        0.1576087
      ]
    ],
    "translation": [
      2.12271357,
      0.8305809,
      -0.743539
    ]
  },
  {
    "timeStamp": 125867,
    "rotation": [
      [
        0.963966966,
        0.202228248,
        -0.172833353
      ],
      [
        0.134328619,
        0.190752164,
        0.972403944
      ],
      [
        0.229615882,
        -0.9605818,
        0.156713754
      ]
    ],
    "translation": [
      2.12063384,
      0.8258891,
      -0.745413959
    ]
  },
  {
    "timeStamp": 125922,
    "rotation": [
      [
        0.9497565,
        0.237940058,
        -0.203339741
      ],
      [
        0.159588382,
        0.190726653,
        0.968583941
      ],
      [
        0.269247264,
        -0.95236963,
        0.143171415
      ]
    ],
    "translation": [
      2.11948133,
      0.8200881,
      -0.746895134
    ]
  },
  {
    "timeStamp": 125967,
    "rotation": [
      [
        0.942400038,
        0.25125578,
        -0.220800087
      ],
      [
        0.172522545,
        0.200412273,
        0.964401841
      ],
      [
        0.286562562,
        -0.9469453,
        0.145521253
      ]
    ],
    "translation": [
      2.11849737,
      0.816719353,
      -0.7480694
    ]
  }
]