[
  {
    "timeStamp": 121071,
    "rotation": [
      [
        -0.513975,
        -0.8503978,
        -0.112486847
      ],
      [
        -0.854561269,
        0.519003332,
        -0.0189899169
      ],
      [
        0.07453003,
        0.086366564,
        -0.993471742
      ]
    ],
    "translation": [
      1.58678949,
      0.750519,
      -0.5123854
    ]
  },
  {
    "timeStamp": 121115,
    "rotation": [
      [
        -0.506693363,
        -0.8449249,
        -0.1713583
      ],
      [
        -0.8551052,
        0.5178547,
        -0.0249312744
      ],
      [
        0.109803759,
        0.133896872,
        -0.984893262
      ]
    ],
    "translation": [
      1.58938932,
      0.7530428,
      -0.512207568
    ]
  },
  {
    "timeStamp": 121171,
    "rotation": [
      [
        -0.511329532,
        -0.837455034,
        -0.192902163
      ],
      [
        -0.8493436,
        0.5266724,
        -0.0350956768
      ],
      [
        0.1309873,
        0.145894736,
        -0.980590165
      ]
    ],
    "translation": [
      1.59078634,
      0.7534513,
      -0.512748241
    ]
  },
  {
    "timeStamp": 121215,
    "rotation": [
      [
        -0.5187761,
        -0.83268255,
        -0.193677947
      ],
      [
        -0.8441919,
        0.534714162,
        -0.0376943462
      ],
      [
        0.134949759,
        0.143946409,
        -0.9803408
      ]
    ],
    "translation": [
      1.59124839,
      0.753661752,
      -0.512946963
    ]
  },
  {
    "timeStamp": 121271,
    "rotation": [
      [
        -0.529344,
        -0.823686838,
        -0.203309983
      ],
      [
        -0.8370201,
        0.54615283,
        -0.0333840176
      ],
      [
        0.1385363,
        0.152502924,
        -0.9785451
      ]
    ],
    "translation": [
      1.5977242,
      0.76810205,
      -0.5200662
    ]
  },
  {
    "timeStamp": 121315,
    "rotation": [
      [
        -0.563891768,
        -0.7934381,
        -0.2290898
      ],
      [
        -0.8071142,
        0.588222563,
        -0.0506051928
      ],
      [
        0.174907878,
        0.156365767,
        -0.972089
      ]
    ],
    "translation": [
      1.60352969,
      0.791493654,
      -0.525287151
    ]
  },
  {
    "timeStamp": 121371,
    "rotation": [
      [
        -0.616025448,
        -0.7455324,
        -0.254350334
      ],
      [
        -0.7574024,
        0.6493117,
        -0.06881732
      ],
      [
        0.216458187,
        0.150252342,
        -0.9646606
      ]
    ],
    "translation": [
      1.61582291,
      0.829085648,
      -0.537901163
    ]
  },
  {
    "timeStamp": 121415,
    "rotation": [
      [
        -0.6594363,
        -0.6970358,
        -0.28157565
      ],
      [
        -0.709447145,
        0.7009059,
        -0.07359064
      ],
      [
        0.248653367,
        0.1512347,
        -0.9567129
      ]
    ],
    "translation": [
      1.6289047,
      0.86397326,
      -0.5504287
    ]
  },
  {
    "timeStamp": 121470,
    "rotation": [
      [
        -0.695198953,
        -0.6520838,
        -0.30246523
      ],
      [
        -0.6570463,
        0.7471177,
        -0.100525431
      ],
      [
        0.291528136,
        0.1288485,
        -0.9478446
      ]
    ],
    "translation": [
      1.65512645,
      0.912135959,
      -0.5704916
    ]
  },
  {
    "timeStamp": 121515,
    "rotation": [
      [
        -0.7068991,
        -0.6210131,
        -0.338579983
      ],
      [
        -0.6209343,
        0.7740884,
        -0.123400986
      ],
      [
        0.338724464,
        0.123003885,
        -0.932810664
      ]
    ],
    "translation": [
      1.68442357,
      0.951078355,
      -0.585684061
    ]
  },
  {
    "timeStamp": 121571,
    "rotation": [
      [
        -0.7010721,
        -0.592946947,
        -0.3961209
      ],
      [
        -0.58247447,
        0.7966291,
        -0.161572322
      ],
      [
        0.411365241,
        0.117456459,
        -0.90387094
      ]
    ],
    "translation": [
      1.73385489,
      0.998383343,
      -0.605234444
    ]
  },
  {
    "timeStamp": 121615,
    "rotation": [
      [
        -0.6798388,
        -0.570338845,
        -0.46101284
      ],
      [
        -0.5605498,
        0.8094624,
        -0.174798563
      ],
      [
        0.472866952,
        0.1395858,
        -0.8700073
      ]
    ],
    "translation": [
      1.781034,
      1.03059483,
      -0.618652046
    ]
  },
  {
    "timeStamp": 121670,
    "rotation": [
      [
        -0.6318081,
        -0.556275666,
        -0.539792538
      ],
      [
        -0.547076941,
        0.8133614,
        -0.197863966
      ],
      [
        0.5491133,
        0.170295984,
        -0.8182139
      ]
    ],
    "translation": [
      1.84503233,
      1.062704,
      -0.6364631
    ]
  },
  {
    "timeStamp": 121715,
    "rotation": [
      [
        -0.580526233,
        -0.5541721,
        -0.596559048
      ],
      [
        -0.5458207,
        0.8085249,
        -0.219925717
      ],
      [
        0.6042095,
        0.197941631,
        -0.77184844
      ]
    ],
    "translation": [
      1.89844847,
      1.08089817,
      -0.6496325
    ]
  },
  {
    "timeStamp": 121770,
    "rotation": [
      [
        -0.5182432,
        -0.5720006,
        -0.6357981
      ],
      [
        -0.573108256,
        0.784078956,
        -0.238258377
      ],
      [
        0.6347999,
        0.240905359,
        -0.7341619
      ]
    ],
    "translation": [
      1.96040189,
      1.09070754,
      -0.6658406
    ]
  },
  {
    "timeStamp": 121815,
    "rotation": [
      [
        -0.459526569,
        -0.618331552,
        -0.6375746
      ],
      [
        -0.604222,
        0.743780255,
        -0.28584376
      ],
      [
        0.650961637,
        0.2538838,
        -0.715396345
      ]
    ],
    "translation": [
      2.00747514,
      1.0928874,
      -0.675424039
    ]
  },
  {
    "timeStamp": 121870,
    "rotation": [
      [
        -0.4241861,
        -0.6526893,
        -0.627744257
      ],
      [
        -0.650538,
        0.701859534,
        -0.2901612
      ],
      [
        0.6299734,
        0.285289139,
        -0.722318232
      ]
    ],
    "translation": [
      2.05747366,
      1.08334208,
      -0.684187949
    ]
  },
  {
    "timeStamp": 121915,
    "rotation": [
      [
        -0.4076892,
        -0.693477035,
        -0.5940362
      ],
      [
        -0.685054064,
        0.662419438,
        -0.303152382
      ],
      [
        0.6037304,
        0.283355,
        -0.745130539
      ]
    ],
    "translation": [
      2.09117413,
      1.07192791,
      -0.6897107
    ]
  },
  {
    "timeStamp": 121970,
    "rotation": [
      [
        -0.4220657,
        -0.715466559,
        -0.556747854
      ],
      [
        -0.719851851,
        0.6377984,
        -0.273909718
      ],
      [
        0.55106616,
        0.285168082,
        -0.784222662
      ]
    ],
    "translation": [
      2.12451458,
      1.0519979,
      -0.6931829
    ]
  },
  {
    "timeStamp": 122015,
    "rotation": [
      [
        -0.435814232,
        -0.7388334,
        -0.5139953
      ],
      [
        -0.744291,
        0.616949558,
        -0.2557423
      ],
      [
        0.5060601,
        0.271105945,
        -0.818782449
      ]
    ],
    "translation": [
      2.1444695,
      1.0343076,
      -0.694484234
    ]
  },
  {
    "timeStamp": 122070,
    "rotation": [
      [
        -0.4683089,
        -0.7382008,
        -0.485537171
      ],
      [
        -0.7553982,
        0.6195555,
        -0.213365018
      ],
      [
        0.458323419,
        0.266853154,
        -0.8477789
      ]
    ],
    "translation": [
      2.1638186,
      1.01297617,
      -0.6922795
    ]
  },
  {
    "timeStamp": 122115,
    "rotation": [
      [
        -0.485984534,
        -0.743733346,
        -0.458998621
      ],
      [
        -0.769544959,
        0.613097966,
        -0.178637639
      ],
      [
        0.4142699,
        0.266404957,
        -0.870292366
      ]
    ],
    "translation": [
      2.17342949,
      0.995778739,
      -0.6901826
    ]
  },
  {
    "timeStamp": 122170,
    "rotation": [
      [
        -0.5349399,
        -0.731916845,
        -0.422062784
      ],
      [
        -0.7556543,
        0.6379163,
        -0.148489952
      ],
      [
        0.377923042,
        0.239500359,
        -0.894323051
      ]
    ],
    "translation": [
      2.17476368,
      0.983662665,
      -0.6840835
    ]
  },
  {
    "timeStamp": 122215,
    "rotation": [
      [
        -0.572780848,
        -0.7111316,
        -0.407693446
      ],
      [
        -0.745430231,
        0.658765256,
        -0.101793662
      ],
      [
        0.340962976,
        0.24560158,
        -0.9074272
      ]
    ],
    "translation": [
      2.1727047,
      0.971260965,
      -0.6807277
    ]
  },
  {
    "timeStamp": 122270,
    "rotation": [
      [
        -0.586982667,
        -0.7218782,
        -0.366528749
      ],
      [
        -0.7505415,
        0.6549447,
        -0.08794791
      ],
      [
        0.303543717,
        0.223471135,
        -0.926240742
      ]
    ],
    "translation": [
      2.16737437,
      0.9574225,
      -0.6759234
    ]
  },
  {
    "timeStamp": 122315,
    "rotation": [
      [
        -0.607139051,
        -0.718817949,
        -0.338648766
      ],
      [
        -0.745656669,
        0.6626695,
        -0.06975214
      ],
      [
        0.2745513,
        0.210166454,
        -0.9383239
      ]
    ],
    "translation": [
      2.15983629,
      0.94766444,
      -0.6731497
    ]
  },
  {
    "timeStamp": 122370,
    "rotation": [
      [
        -0.6407954,
        -0.6974209,
        -0.3209132
      ],
      [
        -0.7287867,
        0.6840243,
        -0.03131587
      ],
      [
        0.241352767,
        0.2138102,
        -0.9465907
      ]
    ],
    "translation": [
      2.14942956,
      0.9357627,
      -0.6681083
    ]
  },
  {
    "timeStamp": 122415,
    "rotation": [
      [
        -0.6577045,
        -0.6926583,
        -0.2960563
      ],
      [
        -0.7248634,
        0.6888912,
        -0.00141961128
      ],
      [
        0.204933882,
        0.213666692,
        -0.955169439
      ]
    ],
    "translation": [
      2.13963223,
      0.92348963,
      -0.666327834
    ]
  },
  {
    "timeStamp": 122470,
    "rotation": [
      [
        -0.657761455,
        -0.703386545,
        -0.2694387
      ],
      [
        -0.7324067,
        0.6807826,
        0.010746574
      ],
      [
        0.1758702,
        0.2044074,
        -0.962957561
      ]
    ],
    "translation": [
      2.1303184,
      0.9081786,
      -0.6633274
    ]
  },
  {
    "timeStamp": 122515,
    "rotation": [
      [
        -0.6628411,
        -0.7066941,
        -0.247437239
      ],
      [
        -0.73415184,
        0.6783552,
        0.0292453226
      ],
      [
        0.147182837,
        0.2010415,
        -0.968462467
      ]
    ],
    "translation": [
      2.12336946,
      0.897880733,
      -0.6630423
    ]
  },
  {
    "timeStamp": 122570,
    "rotation": [
      [
        -0.66283524,
        -0.709727764,
        -0.238612473
      ],
      [
        -0.738051951,
        0.673003,
        0.04843801
      ],
      [
        0.12620911,
        0.208214819,
        -0.9699061
      ]
    ],
    "translation": [
      2.11810637,
      0.886589944,
      -0.6617735
    ]
  },
  {
    "timeStamp": 122615,
    "rotation": [
      [
        -0.658905566,
        -0.7163119,
        -0.229653656
      ],
      [
        -0.743137658,
        0.6671801,
        0.05115737
      ],
      [
        0.116575725,
        0.204372168,
        -0.971927047
      ]
    ],
    "translation": [
      2.11479926,
      0.878492057,
      -0.6614294
    ]
  },
  {
    "timeStamp": 122670,
    "rotation": [
      [
        -0.65771395,
        -0.7162989,
        -0.233084083
      ],
      [
        -0.7454198,
        0.6634686,
        0.06448828
      ],
      [
        0.108451083,
        0.216160327,
        -0.970316
      ]
    ],
    "translation": [
      2.11222053,
      0.870520532,
      -0.660948157
    ]
  },
  {
    "timeStamp": 122714,
    "rotation": [
      [
        -0.6551128,
        -0.7132652,
        -0.249158487
      ],
      [
        -0.747461259,
        0.6599294,
        0.07612326
      ],
      [
        0.110130951,
        0.236105651,
        -0.9654663
      ]
    ],
    "translation": [
      2.11192346,
      0.8643424,
      -0.659948349
    ]
  },
  {
    "timeStamp": 122770,
    "rotation": [
      [
        -0.6438728,
        -0.7194893,
        -0.260313183
      ],
      [
        -0.7561123,
        0.65041256,
        0.0725097954
      ],
      [
        0.117140949,
        0.243513077,
        -0.9627977
      ]
    ],
    "translation": [
      2.11198115,
      0.8577612,
      -0.6582086
    ]
  },
  {
    "timeStamp": 122815,
    "rotation": [
      [
        -0.634192169,
        -0.719729245,
        -0.282471627
      ],
      [
        -0.7623009,
        0.643108547,
        0.07286125
      ],
      [
        0.129219547,
        0.2615364,
        -0.956504643
      ]
    ],
    "translation": [
      2.113407,
      0.8519151,
      -0.656370759
    ]
  },
  {
    "timeStamp": 122870,
    "rotation": [
      [
        -0.6236157,
        -0.722013235,
        -0.29966718
      ],
      [
        -0.768618762,
        0.6362319,
        0.06658994
      ],
      [
        0.142579,
        0.271856338,
        -0.9517171
      ]
    ],
    "translation": [
      2.114088,
      0.8460896,
      -0.654152334
    ]
  },
  {
    "timeStamp": 122915,
    "rotation": [
      [
        -0.6152545,
        -0.7209679,
        -0.318852842
      ],
      [
        -0.7743161,
        0.6286021,
        0.07275948
      ],
      [
        0.147974327,
        0.2916585,
        -0.9450074
      ]
    ],
    "translation": [
      2.11509681,
      0.840717,
      -0.653020263
    ]
  },
  {
    "timeStamp": 122970,
    "rotation": [
      [
        -0.6039446,
        -0.7225738,
        -0.336359739
      ],
      [
        -0.7809878,
        0.6207462,
        0.06879073
      ],
      [
        0.159087628,
        0.304238647,
        -0.939217746
      ]
    ],
    "translation": [
      2.11521649,
      0.835216045,
      -0.651044965
    ]
  },
  {
    "timeStamp": 123025,
    "rotation": [
      [
        -0.5975589,
        -0.7206806,
        -0.351486564
      ],
      [
        -0.786050141,
        0.6130446,
        0.07938256
      ],
      [
        0.158267468,
        0.323721826,
        -0.9328213
      ]
    ],
    "translation": [
      2.11593485,
      0.830973148,
      -0.650544345
    ]
  },
  {
    "timeStamp": 123070,
    "rotation": [
      [
        -0.5963905,
        -0.720156252,
        -0.3545325
      ],
      [
        -0.78704226,
        0.6114294,
        0.08196667
      ],
      [
        0.157742783,
        0.327916235,
        -0.931444168
      ]
    ],
    "translation": [
      2.115586,
      0.83002615,
      -0.6507274
    ]
  }
]