[
  {
    "timeStamp": 94216,
    "rotation": [
      [
        -0.999850035,
        0.009729346,
        0.0143292984
      ],
      [
        0.0102598472,
        0.9992468,
        0.0374261364
      ],
      [
        -0.0139543731,
        0.03756754,
        -0.999196649
      ]
    ],
    "translation": [
      1.768341,
      0.7305819,
      -0.7335265
    ]
  },
  {
    "timeStamp": 94274,
    "rotation": [
      [
        -0.999976039,
        0.006179748,
        0.00311722443
      ],
      [
        0.006218336,
        0.999902248,
        0.0125250565
      ],
      [
        -0.003039518,
        0.01254414,
        -0.9999167
      ]
    ],
    "translation": [
      1.76740634,
      0.7347776,
      -0.7328725
    ]
  },
  {
    "timeStamp": 94316,
    "rotation": [
      [
        -0.9957104,
        0.0637245,
        -0.06708179
      ],
      [
        0.060275957,
        0.996814,
        0.0522359647
      ],
      [
        0.07019678,
        0.0479684733,
        -0.996379137
      ]
    ],
    "translation": [
      1.76375628,
      0.7423376,
      -0.7271668
    ]
  },
  {
    "timeStamp": 94372,
    "rotation": [
      [
        -0.9858181,
        0.114928648,
        -0.122286931
      ],
      [
        0.109719388,
        0.99277693,
        0.0485346951
      ],
      [
        0.126981676,
        0.0344291329,
        -0.9913074
      ]
    ],
    "translation": [
      1.75777709,
      0.7588086,
      -0.725675941
    ]
  },
  {
    "timeStamp": 94416,
    "rotation": [
      [
        -0.9674027,
        0.163418278,
        -0.193459243
      ],
      [
        0.159006953,
        0.9865373,
        0.03822236
      ],
      [
        0.197101,
        0.006215052,
        -0.9803635
      ]
    ],
    "translation": [
      1.75514257,
      0.777005,
      -0.717976153
    ]
  },
  {
    "timeStamp": 94472,
    "rotation": [
      [
        -0.92377305,
        0.2520633,
        -0.288283557
      ],
      [
        0.247388974,
        0.9674561,
        0.0531730726
      ],
      [
        0.292304665,
        -0.0221983213,
        -0.956067562
      ]
    ],
    "translation": [
      1.75220644,
      0.808185756,
      -0.708811
    ]
  },
  {
    "timeStamp": 94516,
    "rotation": [
      [
        -0.9017176,
        0.279301733,
        -0.329993933
      ],
      [
        0.287741661,
        0.957405567,
        0.0240711011
      ],
      [
        0.3226611,
        -0.07324766,
        -0.9436761
      ]
    ],
    "translation": [
      1.75222325,
      0.830880761,
      -0.7074753
    ]
  },
  {
    "timeStamp": 94572,
    "rotation": [
      [
        -0.842927635,
        0.3673112,
        -0.3931355
      ],
      [
        0.3766237,
        0.9246487,
        0.0563859381
      ],
      [
        0.384223431,
        -0.100534886,
        -0.91775
      ]
    ],
    "translation": [
      1.75538564,
      0.871268868,
      -0.706906
    ]
  },
  {
    "timeStamp": 94616,
    "rotation": [
      [
        -0.8044834,
        0.402262121,
        -0.4370259
      ],
      [
        0.427335232,
        0.902996361,
        0.0445216931
      ],
      [
        0.4125422,
        -0.1509396,
        -0.898346364
      ]
    ],
    "translation": [
      1.76149058,
      0.9044335,
      -0.706803143
    ]
  },
  {
    "timeStamp": 94672,
    "rotation": [
      [
        -0.737350941,
        0.492048174,
        -0.4628198
      ],
      [
        0.521624,
        0.8500708,
        0.07271905
      ],
      [
        0.429210871,
        -0.18779847,
        -0.883464634
      ]
    ],
    "translation": [
      1.77202868,
      0.958241165,
      -0.7111431
    ]
  },
  {
    "timeStamp": 94716,
    "rotation": [
      [
        -0.7187236,
        0.513008535,
        -0.469317168
      ],
      [
        0.5613041,
        0.82645005,
        0.0437942743
      ],
      [
        0.410334051,
        -0.231953681,
        -0.881943
      ]
    ],
    "translation": [
      1.78455615,
      0.9947063,
      -0.717391968
    ]
  },
  {
    "timeStamp": 94772,
    "rotation": [
      [
        -0.709217,
        0.533665061,
        -0.460665584
      ],
      [
        0.590553939,
        0.8066035,
        0.02523566
      ],
      [
        0.385041863,
        -0.2541503,
        -0.887214959
      ]
    ],
    "translation": [
      1.80607951,
      1.034129,
      -0.727169931
    ]
  },
  {
    "timeStamp": 94816,
    "rotation": [
      [
        -0.7341361,
        0.5089952,
        -0.449408561
      ],
      [
        0.5819302,
        0.8126782,
        -0.0301877856
      ],
      [
        0.3498591,
        -0.28368634,
        -0.8928161
      ]
    ],
    "translation": [
      1.827666,
      1.05611968,
      -0.734280944
    ]
  },
  {
    "timeStamp": 94871,
    "rotation": [
      [
        -0.769210756,
        0.459276021,
        -0.444275022
      ],
      [
        0.5489857,
        0.8307903,
        -0.0916630849
      ],
      [
        0.327000737,
        -0.314408869,
        -0.8911888
      ]
    ],
    "translation": [
      1.86142921,
      1.07554507,
      -0.7369804
    ]
  },
  {
    "timeStamp": 94917,
    "rotation": [
      [
        -0.78967613,
        0.414118528,
        -0.452678084
      ],
      [
        0.516266763,
        0.8471681,
        -0.125598148
      ],
      [
        0.331481874,
        -0.3328845,
        -0.882784069
      ]
    ],
    "translation": [
      1.891511,
      1.08689332,
      -0.734822869
    ]
  },
  {
    "timeStamp": 94971,
    "rotation": [
      [
        -0.819469452,
        0.3478605,
        -0.4554809
      ],
      [
        0.45759815,
        0.8756254,
        -0.15454489
      ],
      [
        0.345070571,
        -0.335072041,
        -0.8767286
      ]
    ],
    "translation": [
      1.93100655,
      1.09107387,
      -0.731130064
    ]
  },
  {
    "timeStamp": 95016,
    "rotation": [
      [
        -0.8489382,
        0.274674833,
        -0.4515059
      ],
      [
        0.390095145,
        0.9020595,
        -0.1847011
      ],
      [
        0.356552422,
        -0.3329301,
        -0.87294215
      ]
    ],
    "translation": [
      1.96336818,
      1.08549535,
      -0.727029741
    ]
  },
  {
    "timeStamp": 95071,
    "rotation": [
      [
        -0.9014731,
        0.163346037,
        -0.400829554
      ],
      [
        0.264685035,
        0.94076556,
        -0.211900845
      ],
      [
        0.342473477,
        -0.297116518,
        -0.8913101
      ]
    ],
    "translation": [
      2.00093937,
      1.06626022,
      -0.7275221
    ]
  },
  {
    "timeStamp": 95116,
    "rotation": [
      [
        -0.9406156,
        0.05582377,
        -0.334852219
      ],
      [
        0.14645718,
        0.9565993,
        -0.251928836
      ],
      [
        0.306255758,
        -0.2860097,
        -0.907968
      ]
    ],
    "translation": [
      2.028967,
      1.04703677,
      -0.728283048
    ]
  },
  {
    "timeStamp": 95171,
    "rotation": [
      [
        -0.9501329,
        0.000490526552,
        -0.311844826
      ],
      [
        0.07758904,
        0.9689239,
        -0.234875232
      ],
      [
        0.3020387,
        -0.247358441,
        -0.9206446
      ]
    ],
    "translation": [
      2.05396914,
      1.031266,
      -0.726173639
    ]
  },
  {
    "timeStamp": 95216,
    "rotation": [
      [
        -0.9507736,
        -0.01877533,
        -0.309317142
      ],
      [
        0.0525666326,
        0.9739253,
        -0.220694959
      ],
      [
        0.305395424,
        -0.2260907,
        -0.9249955
      ]
    ],
    "translation": [
      2.066838,
      1.02179825,
      -0.7233466
    ]
  },
  {
    "timeStamp": 95272,
    "rotation": [
      [
        -0.951557934,
        -0.0321095,
        -0.305788159
      ],
      [
        0.02954396,
        0.9803818,
        -0.194881186
      ],
      [
        0.3060467,
        -0.194474936,
        -0.93194145
      ]
    ],
    "translation": [
      2.07603621,
      1.01014793,
      -0.721642256
    ]
  },
  {
    "timeStamp": 95316,
    "rotation": [
      [
        -0.9549849,
        -0.04561249,
        -0.293126762
      ],
      [
        0.0136625441,
        0.980297744,
        -0.197052449
      ],
      [
        0.296339571,
        -0.192186981,
        -0.935546339
      ]
    ],
    "translation": [
      2.08095336,
      1.00082588,
      -0.7204199
    ]
  },
  {
    "timeStamp": 95371,
    "rotation": [
      [
        -0.9529373,
        -0.0483906,
        -0.299280643
      ],
      [
        0.008878766,
        0.982301,
        -0.187098771
      ],
      [
        0.3030375,
        -0.180950642,
        -0.9356416
      ]
    ],
    "translation": [
      2.08600736,
      0.9925438,
      -0.717568457
    ]
  },
  {
    "timeStamp": 95416,
    "rotation": [
      [
        -0.946015954,
        -0.0325261541,
        -0.3224838
      ],
      [
        0.026152771,
        0.9840476,
        -0.175972313
      ],
      [
        0.323063135,
        -0.174906462,
        -0.9300741
      ]
    ],
    "translation": [
      2.08770561,
      0.990493357,
      -0.713805854
    ]
  },
  {
    "timeStamp": 95471,
    "rotation": [
      [
        -0.9395113,
        -0.0120572783,
        -0.34230572
      ],
      [
        0.046101,
        0.9858353,
        -0.161256135
      ],
      [
        0.339401364,
        -0.1672826,
        -0.9256475
      ]
    ],
    "translation": [
      2.08885527,
      0.988971233,
      -0.7116918
    ]
  },
  {
    "timeStamp": 95516,
    "rotation": [
      [
        -0.936555266,
        -0.00212318427,
        -0.3505135
      ],
      [
        0.0537475,
        0.987286031,
        -0.1495911
      ],
      [
        0.346374661,
        -0.15893957,
        -0.924533844
      ]
    ],
    "translation": [
      2.090913,
      0.9864469,
      -0.7112222
    ]
  },
  {
    "timeStamp": 95571,
    "rotation": [
      [
        -0.9440004,
        -0.02178437,
        -0.329224259
      ],
      [
        0.02963428,
        0.988187253,
        -0.150358945
      ],
      [
        0.328610659,
        -0.151695237,
        -0.9322036
      ]
    ],
    "translation": [
      2.0969286,
      0.9778515,
      -0.7135226
    ]
  },
  {
    "timeStamp": 95616,
    "rotation": [
      [
        -0.9492808,
        -0.0324557424,
        -0.312749922
      ],
      [
        0.0144653246,
        0.9890974,
        -0.146550149
      ],
      [
        0.31409657,
        -0.143641278,
        -0.9384618
      ]
    ],
    "translation": [
      2.102102,
      0.9724398,
      -0.7145652
    ]
  },
  {
    "timeStamp": 95671,
    "rotation": [
      [
        -0.955825567,
        -0.03747141,
        -0.2915363
      ],
      [
        0.00631841,
        0.9889924,
        -0.147831455
      ],
      [
        0.293866634,
        -0.143143132,
        -0.9450674
      ]
    ],
    "translation": [
      2.10696125,
      0.9682839,
      -0.713305831
    ]
  },
  {
    "timeStamp": 95716,
    "rotation": [
      [
        -0.9600917,
        -0.0341641568,
        -0.277590781
      ],
      [
        0.005036387,
        0.9902386,
        -0.139291584
      ],
      [
        0.27963987,
        -0.135130748,
        -0.9505479
      ]
    ],
    "translation": [
      2.11009574,
      0.965143263,
      -0.7116653
    ]
  },
  {
    "timeStamp": 95771,
    "rotation": [
      [
        -0.968763351,
        -0.03582528,
        -0.245385677
      ],
      [
        -0.00155918242,
        0.990370333,
        -0.13843438
      ],
      [
        0.247982159,
        -0.133727551,
        -0.959490359
      ]
    ],
    "translation": [
      2.11386466,
      0.958461761,
      -0.709382653
    ]
  },
  {
    "timeStamp": 95816,
    "rotation": [
      [
        -0.9730295,
        -0.0326019973,
        -0.2283654
      ],
      [
        -0.00222275453,
        0.9912417,
        -0.132041246
      ],
      [
        0.230670139,
        -0.127972424,
        -0.9645799
      ]
    ],
    "translation": [
      2.117321,
      0.9519071,
      -0.7063384
    ]
  },
  {
    "timeStamp": 95871,
    "rotation": [
      [
        -0.98043853,
        -0.0373585969,
        -0.193247855
      ],
      [
        -0.0139316106,
        0.992531061,
        -0.121194
      ],
      [
        0.196332142,
        -0.116131008,
        -0.9736361
      ]
    ],
    "translation": [
      2.12162685,
      0.9420298,
      -0.7047331
    ]
  },
  {
    "timeStamp": 95916,
    "rotation": [
      [
        -0.984600365,
        -0.03400561,
        -0.171481
      ],
      [
        -0.0124792019,
        0.9920682,
        -0.125080064
      ],
      [
        0.174374267,
        -0.121013932,
        -0.977215052
      ]
    ],
    "translation": [
      2.122577,
      0.9354024,
      -0.70290333
    ]
  },
  {
    "timeStamp": 95971,
    "rotation": [
      [
        -0.9890676,
        -0.0257078484,
        -0.145204723
      ],
      [
        -0.008650854,
        0.993106067,
        -0.116899371
      ],
      [
        0.147208929,
        -0.114365235,
        -0.9824714
      ]
    ],
    "translation": [
      2.12124157,
      0.9287329,
      -0.702456236
    ]
  },
  {
    "timeStamp": 96015,
    "rotation": [
      [
        -0.992462,
        -0.0263345372,
        -0.119690172
      ],
      [
        -0.0122075705,
        0.9930258,
        -0.117263809
      ],
      [
        0.1219435,
        -0.114918746,
        -0.985861838
      ]
    ],
    "translation": [
      2.12020946,
      0.923862,
      -0.7030909
    ]
  },
  {
    "timeStamp": 96071,
    "rotation": [
      [
        -0.9938304,
        -0.0150436843,
        -0.109885626
      ],
      [
        -0.00305062649,
        0.994091332,
        -0.108503655
      ],
      [
        0.110868648,
        -0.107499011,
        -0.9880041
      ]
    ],
    "translation": [
      2.1173954,
      0.9215067,
      -0.703062356
    ]
  },
  {
    "timeStamp": 96116,
    "rotation": [
      [
        -0.9956768,
        -0.0173680149,
        -0.0912470743
      ],
      [
        -0.00708232028,
        0.9936988,
        -0.111859716
      ],
      [
        0.09261489,
        -0.110729881,
        -0.9895258
      ]
    ],
    "translation": [
      2.11724424,
      0.9177479,
      -0.704107165
    ]
  },
  {
    "timeStamp": 96171,
    "rotation": [
      [
        -0.9966789,
        -0.03963082,
        -0.0711378455
      ],
      [
        -0.0311265755,
        0.992655,
        -0.116907239
      ],
      [
        0.0752484649,
        -0.1143047,
        -0.9905918
      ]
    ],
    "translation": [
      2.119467,
      0.9103546,
      -0.7047273
    ]
  },
  {
    "timeStamp": 96216,
    "rotation": [
      [
        -0.996424556,
        -0.0375589244,
        -0.07568013
      ],
      [
        -0.0285149552,
        0.992696,
        -0.11722482
      ],
      [
        0.0795301944,
        -0.114647672,
        -0.990217566
      ]
    ],
    "translation": [
      2.12029266,
      0.9078104,
      -0.7028315
    ]
  },
  {
    "timeStamp": 96271,
    "rotation": [
      [
        -0.997876,
        -0.04655475,
        -0.045565214
      ],
      [
        -0.040610265,
        0.991493046,
        -0.123662405
      ],
      [
        0.05093466,
        -0.121549331,
        -0.9912777
      ]
    ],
    "translation": [
      2.12239575,
      0.901236653,
      -0.704866469
    ]
  },
  {
    "timeStamp": 96315,
    "rotation": [
      [
        -0.998623669,
        -0.040999,
        -0.03270793
      ],
      [
        -0.03705107,
        0.992867351,
        -0.1133208
      ],
      [
        0.0371206738,
        -0.111952968,
        -0.99302
      ]
    ],
    "translation": [
      2.12569213,
      0.8980869,
      -0.7060679
    ]
  },
  {
    "timeStamp": 96371,
    "rotation": [
      [
        -0.9992445,
        -0.0320458077,
        -0.0219846759
      ],
      [
        -0.0295279622,
        0.9938637,
        -0.106597446
      ],
      [
        0.0252657719,
        -0.105867751,
        -0.994059145
      ]
    ],
    "translation": [
      2.12889767,
      0.8934185,
      -0.705217242
    ]
  },
  {
    "timeStamp": 96416,
    "rotation": [
      [
        -0.9997039,
        -0.0240890384,
        0.00344714662
      ],
      [
        -0.0242934562,
        0.9961735,
        -0.08395374
      ],
      [
        -0.00141159107,
        -0.08401262,
        -0.9964637
      ]
    ],
    "translation": [
      2.13007259,
      0.8792796,
      -0.7109079
    ]
  },
  {
    "timeStamp": 96471,
    "rotation": [
      [
        -0.9991775,
        -0.0268172231,
        0.03041822
      ],
      [
        -0.0287747253,
        0.9974143,
        -0.0658544749
      ],
      [
        -0.0285735335,
        -0.06667558,
        -0.997365534
      ]
    ],
    "translation": [
      2.135795,
      0.8706846,
      -0.712757647
    ]
  },
  {
    "timeStamp": 96515,
    "rotation": [
      [
        -0.9983751,
        -0.01382771,
        0.0552816652
      ],
      [
        -0.0167297143,
        0.998487,
        -0.0523815826
      ],
      [
        -0.05447371,
        -0.0532213151,
        -0.9970958
      ]
    ],
    "translation": [
      2.13826847,
      0.867545247,
      -0.714864552
    ]
  },
  {
    "timeStamp": 96571,
    "rotation": [
      [
        -0.9981155,
        -0.006792665,
        0.0609861761
      ],
      [
        -0.008577734,
        0.9995409,
        -0.029056143
      ],
      [
        -0.06076081,
        -0.02952451,
        -0.9977156
      ]
    ],
    "translation": [
      2.1417923,
      0.8622942,
      -0.714042
    ]
  },
  {
    "timeStamp": 96615,
    "rotation": [
      [
        -0.9969143,
        -0.000334362237,
        0.07849648
      ],
      [
        -0.002426068,
        0.999644458,
        -0.0265532769
      ],
      [
        -0.078459695,
        -0.02666178,
        -0.996560633
      ]
    ],
    "translation": [
      2.14445186,
      0.856306136,
      -0.7148044
    ]
  },
  {
    "timeStamp": 96671,
    "rotation": [
      [
        -0.996750355,
        0.00142179523,
        0.0805401355
      ],
      [
        -0.000441258453,
        0.9997328,
        -0.0231094714
      ],
      [
        -0.0805514753,
        -0.0230699126,
        -0.996483445
      ]
    ],
    "translation": [
      2.14824128,
      0.8489281,
      -0.7126661
    ]
  },
  {
    "timeStamp": 96715,
    "rotation": [
      [
        -0.9972476,
        -0.030274231,
        0.0676810443
      ],
      [
        -0.0301169045,
        0.999540746,
        0.00334387785
      ],
      [
        -0.0677512,
        0.00129633048,
        -0.9977014
      ]
    ],
    "translation": [
      2.148814,
      0.8431744,
      -0.710729241
    ]
  },
  {
    "timeStamp": 96771,
    "rotation": [
      [
        -0.993977845,
        -0.107213587,
        0.0226574838
      ],
      [
        -0.10705477,
        0.99422,
        0.008113121
      ],
      [
        -0.02339636,
        0.00563867,
        -0.9997104
      ]
    ],
    "translation": [
      2.15091777,
      0.831461,
      -0.7043058
    ]
  },
  {
    "timeStamp": 96815,
    "rotation": [
      [
        -0.978138566,
        -0.207743436,
        -0.009362815
      ],
      [
        -0.207715213,
        0.978181541,
        -0.003902888
      ],
      [
        0.009969332,
        -0.001872766,
        -0.999948561
      ]
    ],
    "translation": [
      2.15387464,
      0.817058563,
      -0.6993796
    ]
  },
  {
    "timeStamp": 96871,
    "rotation": [
      [
        -0.9458012,
        -0.3237874,
        -0.02493572
      ],
      [
        -0.323811531,
        0.946116269,
        -0.00317566772
      ],
      [
        0.0246203337,
        0.005070924,
        -0.999684
      ]
    ],
    "translation": [
      2.15929127,
      0.8002313,
      -0.697204947
    ]
  },
  {
    "timeStamp": 96915,
    "rotation": [
      [
        -0.920765758,
        -0.3876762,
        -0.0435622074
      ],
      [
        -0.38757205,
        0.921771944,
        -0.0111560486
      ],
      [
        0.0444793552,
        0.006611387,
        -0.99898845
      ]
    ],
    "translation": [
      2.164347,
      0.7911606,
      -0.694263
    ]
  },
  {
    "timeStamp": 96971,
    "rotation": [
      [
        -0.885513246,
        -0.460237116,
        -0.0636246949
      ],
      [
        -0.454289943,
        0.886387467,
        -0.0890952647
      ],
      [
        0.0974010751,
        -0.04999098,
        -0.9939889
      ]
    ],
    "translation": [
      2.16929913,
      0.782383442,
      -0.686453342
    ]
  },
  {
    "timeStamp": 97015,
    "rotation": [
      [
        -0.871138155,
        -0.485483,
        -0.07365128
      ],
      [
        -0.458438337,
        0.8578435,
        -0.232247323
      ],
      [
        0.175933391,
        -0.168554947,
        -0.969864249
      ]
    ],
    "translation": [
      2.17166471,
      0.7834143,
      -0.6749446
    ]
  },
  {
    "timeStamp": 97071,
    "rotation": [
      [
        -0.8618931,
        -0.49450314,
        -0.112280533
      ],
      [
        -0.3964811,
        0.795207441,
        -0.458746
      ],
      [
        0.316137642,
        -0.3508729,
        -0.881445
      ]
    ],
    "translation": [
      2.170785,
      0.7952676,
      -0.6548695
    ]
  },
  {
    "timeStamp": 97115,
    "rotation": [
      [
        -0.888400137,
        -0.454047918,
        -0.0677172
      ],
      [
        -0.40890184,
        0.849709,
        -0.332857162
      ],
      [
        0.208673015,
        -0.26802066,
        -0.940542638
      ]
    ],
    "translation": [
      2.168469,
      0.7998535,
      -0.6689301
    ]
  },
  {
    "timeStamp": 97171,
    "rotation": [
      [
        -0.914570332,
        -0.401307732,
        -0.0501312241
      ],
      [
        -0.3695689,
        0.8796413,
        -0.299415976
      ],
      [
        0.16425544,
        -0.255310029,
        -0.952804744
      ]
    ],
    "translation": [
      2.16359,
      0.8053915,
      -0.6753845
    ]
  },
  {
    "timeStamp": 97215,
    "rotation": [
      [
        -0.9325431,
        -0.360009253,
        -0.02750864
      ],
      [
        -0.3406375,
        0.9025017,
        -0.263546467
      ],
      [
        0.119705759,
        -0.236397967,
        -0.9642544
      ]
    ],
    "translation": [
      2.16085935,
      0.809177756,
      -0.6818093
    ]
  },
  {
    "timeStamp": 97271,
    "rotation": [
      [
        -0.957903266,
        -0.286848,
        0.01181621
      ],
      [
        -0.2854554,
        0.9472504,
        -0.145711914
      ],
      [
        0.0306042619,
        -0.142950922,
        -0.9892565
      ]
    ],
    "translation": [
      2.15663362,
      0.8124503,
      -0.693877935
    ]
  },
  {
    "timeStamp": 97315,
    "rotation": [
      [
        -0.996677458,
        0.0135817574,
        0.08030996
      ],
      [
        0.0135586653,
        0.999907732,
        -0.0008328789
      ],
      [
        -0.08031386,
        0.000258784217,
        -0.9967696
      ]
    ],
    "translation": [
      2.135858,
      0.830978334,
      -0.7126702
    ]
  },
  {
    "timeStamp": 97370,
    "rotation": [
      [
        -0.9928158,
        0.07511653,
        0.09313673
      ],
      [
        0.07920891,
        0.9960127,
        0.0410454
      ],
      [
        -0.08968217,
        0.04812778,
        -0.994807
      ]
    ],
    "translation": [
      2.12569737,
      0.8388034,
      -0.7194073
    ]
  },
  {
    "timeStamp": 97415,
    "rotation": [
      [
        -0.9913817,
        0.08052218,
        0.103336856
      ],
      [
        0.0849054158,
        0.9956358,
        0.03873649
      ],
      [
        -0.09976673,
        0.0471765064,
        -0.993891835
      ]
    ],
    "translation": [
      2.12201619,
      0.8403092,
      -0.7220629
    ]
  },
  {
    "timeStamp": 97470,
    "rotation": [
      [
        -0.990766,
        0.08506272,
        0.105579823
      ],
      [
        0.0894311,
        0.9952926,
        0.0373460837
      ],
      [
        -0.101906061,
        0.04644335,
        -0.9937093
      ]
    ],
    "translation": [
      2.11867237,
      0.8410944,
      -0.722901464
    ]
  },
  {
    "timeStamp": 97515,
    "rotation": [
      [
        -0.9918114,
        0.08031937,
        0.0992922559
      ],
      [
        0.08395113,
        0.99592495,
        0.0329495072
      ],
      [
        -0.0962411538,
        0.041015394,
        -0.9945126
      ]
    ],
    "translation": [
      2.11874342,
      0.8387786,
      -0.7203002
    ]
  },
  {
    "timeStamp": 97571,
    "rotation": [
      [
        -0.993393362,
        0.0723577738,
        0.08907316
      ],
      [
        0.07555373,
        0.996594131,
        0.0330429152
      ],
      [
        -0.08637887,
        0.03955442,
        -0.995476842
      ]
    ],
    "translation": [
      2.121162,
      0.835221648,
      -0.7159333
    ]
  },
  {
    "timeStamp": 97615,
    "rotation": [
      [
        -0.9944448,
        0.0638766959,
        0.08366202
      ],
      [
        0.06664299,
        0.997304559,
        0.03069807
      ],
      [
        -0.08147562,
        0.0361030251,
        -0.9960213
      ]
    ],
    "translation": [
      2.12447667,
      0.8324387,
      -0.7127918
    ]
  },
  {
    "timeStamp": 97670,
    "rotation": [
      [
        -0.9954379,
        0.0532526039,
        0.07916777
      ],
      [
        0.05603314,
        0.997872651,
        0.0333240964
      ],
      [
        -0.0772247538,
        0.0376080871,
        -0.996304154
      ]
    ],
    "translation": [
      2.12804961,
      0.828515947,
      -0.7111171
    ]
  },
  {
    "timeStamp": 97715,
    "rotation": [
      [
        -0.996010244,
        0.0463282354,
        0.07627104
      ],
      [
        0.04906241,
        0.9982041,
        0.0343725346
      ],
      [
        -0.07454165,
        0.03797744,
        -0.9964945
      ]
    ],
    "translation": [
      2.13014174,
      0.825426936,
      -0.710294068
    ]
  },
  {
    "timeStamp": 97770,
    "rotation": [
      [
        -0.996425867,
        0.0415031165,
        0.07357315
      ],
      [
        0.0444034524,
        0.9982818,
        0.03823332
      ],
      [
        -0.07185993,
        0.04136357,
        -0.99655664
      ]
    ],
    "translation": [
      2.1308198,
      0.82140696,
      -0.70951426
    ]
  },
  {
    "timeStamp": 97815,
    "rotation": [
      [
        -0.996686041,
        0.0393131338,
        0.0712138638
      ],
      [
        0.042086564,
        0.9983959,
        0.03787214
      ],
      [
        -0.06961076,
        0.04074378,
        -0.9967419
      ]
    ],
    "translation": [
      2.13141179,
      0.818233669,
      -0.708453953
    ]
  },
  {
    "timeStamp": 97870,
    "rotation": [
      [
        -0.9973917,
        0.0352627821,
        0.06297839
      ],
      [
        0.03745046,
        0.9987233,
        0.03390074
      ],
      [
        -0.0617025457,
        0.03617089,
        -0.997438967
      ]
    ],
    "translation": [
      2.13246346,
      0.813170731,
      -0.705898046
    ]
  },
  {
    "timeStamp": 97915,
    "rotation": [
      [
        -0.998048067,
        0.034589503,
        0.0519969948
      ],
      [
        0.0364240967,
        0.9987318,
        0.03475902
      ],
      [
        -0.0507287532,
        0.0365851149,
        -0.998042166
      ]
    ],
    "translation": [
      2.13313079,
      0.810798764,
      -0.702796161
    ]
  },
  {
    "timeStamp": 97970,
    "rotation": [
      [
        -0.9985844,
        0.0333723463,
        0.04141914
      ],
      [
        0.0345908552,
        0.998979,
        0.0290594362
      ],
      [
        -0.04040707,
        0.0304510221,
        -0.9987192
      ]
    ],
    "translation": [
      2.13414526,
      0.807895958,
      -0.699050069
    ]
  },
  {
    "timeStamp": 98015,
    "rotation": [
      [
        -0.9988467,
        0.0325847864,
        0.0352645144
      ],
      [
        0.033642415,
        0.9989888,
        0.02982538
      ],
      [
        -0.0342570022,
        0.0309773665,
        -0.9989329
      ]
    ],
    "translation": [
      2.13513136,
      0.8055035,
      -0.6971755
    ]
  },
  {
    "timeStamp": 98070,
    "rotation": [
      [
        -0.9990785,
        0.02963832,
        0.0310449917
      ],
      [
        0.030522421,
        0.9991305,
        0.0284021478
      ],
      [
        -0.0301762037,
        0.0293235425,
        -0.9991144
      ]
    ],
    "translation": [
      2.13581538,
      0.802369356,
      -0.695323765
    ]
  },
  {
    "timeStamp": 98115,
    "rotation": [
      [
        -0.9993464,
        0.026043918,
        0.0250707828
      ],
      [
        0.0268980134,
        0.9990477,
        0.03435538
      ],
      [
        -0.0241521578,
        0.03500728,
        -0.999095142
      ]
    ],
    "translation": [
      2.13656044,
      0.8002928,
      -0.694378
    ]
  },
  {
    "timeStamp": 98170,
    "rotation": [
      [
        -0.9994706,
        0.02022637,
        0.0254847519
      ],
      [
        0.0210768729,
        0.9992145,
        0.0335585661
      ],
      [
        -0.0247859657,
        0.03407794,
        -0.9991118
      ]
    ],
    "translation": [
      2.13749361,
      0.7967657,
      -0.693742931
    ]
  },
  {
    "timeStamp": 98215,
    "rotation": [
      [
        -0.999599159,
        0.0179730635,
        0.0218729489
      ],
      [
        0.01869299,
        0.999274969,
        0.0331673026
      ],
      [
        -0.0212609731,
        0.03356288,
        -0.9992104
      ]
    ],
    "translation": [
      2.1383884,
      0.794809937,
      -0.692502141
    ]
  },
  {
    "timeStamp": 98270,
    "rotation": [
      [
        -0.999727666,
        0.0133452984,
        0.0191456657
      ],
      [
        0.0139376447,
        0.999417663,
        0.031146558
      ],
      [
        -0.0187188555,
        0.03140492,
        -0.9993314
      ]
    ],
    "translation": [
      2.13968563,
      0.792119741,
      -0.690930247
    ]
  },
  {
    "timeStamp": 98314,
    "rotation": [
      [
        -0.9998175,
        0.009409856,
        0.0166271962
      ],
      [
        0.009917292,
        0.9994793,
        0.0307042655
      ],
      [
        -0.0163296163,
        0.0308635589,
        -0.999390244
      ]
    ],
    "translation": [
      2.14084744,
      0.789780438,
      -0.6896333
    ]
  },
  {
    "timeStamp": 98370,
    "rotation": [
      [
        -0.999953568,
        0.006344887,
        0.007249824
      ],
      [
        0.006572508,
        0.9994721,
        0.0318166576
      ],
      [
        -0.00704412349,
        0.03186283,
        -0.999467432
      ]
    ],
    "translation": [
      2.141856,
      0.787309,
      -0.687270164
    ]
  },
  {
    "timeStamp": 98414,
    "rotation": [
      [
        -0.999967754,
        0.00647096662,
        0.00475610839
      ],
      [
        0.00660305843,
        0.9995776,
        0.0283030067
      ],
      [
        -0.004570951,
        0.0283334982,
        -0.9995881
      ]
    ],
    "translation": [
      2.141869,
      0.7857179,
      -0.686197042
    ]
  },
  {
    "timeStamp": 98470,
    "rotation": [
      [
        -0.9999831,
        0.00552093145,
        -0.00181503594
      ],
      [
        0.00546296267,
        0.999519,
        0.0305260122
      ],
      [
        0.001982695,
        0.03051558,
        -0.9995323
      ]
    ],
    "translation": [
      2.14160132,
      0.78421396,
      -0.684840262
    ]
  },
  {
    "timeStamp": 98515,
    "rotation": [
      [
        -0.9999768,
        0.005631017,
        -0.00383508275
      ],
      [
        0.005508744,
        0.9994986,
        0.0311799217
      ],
      [
        0.0040087346,
        0.0311580729,
        -0.9995065
      ]
    ],
    "translation": [
      2.140577,
      0.7832154,
      -0.684379458
    ]
  },
  {
    "timeStamp": 98570,
    "rotation": [
      [
        -0.999971151,
        0.004743045,
        -0.00592413
      ],
      [
        0.00455981633,
        0.9995222,
        0.030568907
      ],
      [
        0.00606628973,
        0.0305410121,
        -0.999515057
      ]
    ],
    "translation": [
      2.14074874,
      0.781561732,
      -0.683493733
    ]
  },
  {
    "timeStamp": 98615,
    "rotation": [
      [
        -0.9999766,
        0.00177343038,
        -0.006612524
      ],
      [
        0.00158465735,
        0.9995941,
        0.02844457
      ],
      [
        0.006660285,
        0.0284334254,
        -0.999573469
      ]
    ],
    "translation": [
      2.14127564,
      0.7799226,
      -0.6829403
    ]
  },
  {
    "timeStamp": 98670,
    "rotation": [
      [
        -0.9999212,
        0.00391835626,
        -0.0119273178
      ],
      [
        0.00361213158,
        0.999666035,
        0.0255884062
      ],
      [
        0.012023598,
        0.025543306,
        -0.9996014
      ]
    ],
    "translation": [
      2.1404283,
      0.7784989,
      -0.6816051
    ]
  },
  {
    "timeStamp": 98715,
    "rotation": [
      [
        -0.9999225,
        -0.0011528153,
        -0.0123961531
      ],
      [
        -0.00155017688,
        0.9994837,
        0.03209356
      ],
      [
        0.0123527544,
        0.03211029,
        -0.999408066
      ]
    ],
    "translation": [
      2.14057,
      0.777311444,
      -0.68184
    ]
  },
  {
    "timeStamp": 98770,
    "rotation": [
      [
        -0.999831259,
        -0.0102230143,
        -0.0152635379
      ],
      [
        -0.0107825594,
        0.999255657,
        0.03703826
      ],
      [
        0.0148735335,
        0.0371965878,
        -0.999197245
      ]
    ],
    "translation": [
      2.14219046,
      0.7745206,
      -0.681823134
    ]
  },
  {
    "timeStamp": 98825,
    "rotation": [
      [
        -0.999611735,
        -0.0250473339,
        -0.0122057218
      ],
      [
        -0.0254981816,
        0.998940945,
        0.0382995531
      ],
      [
        0.0112334928,
        0.0385959074,
        -0.999191761
      ]
    ],
    "translation": [
      2.145019,
      0.770421743,
      -0.682477236
    ]
  },
  {
    "timeStamp": 98870,
    "rotation": [
      [
        -0.999299467,
        -0.03349042,
        -0.0167007279
      ],
      [
        -0.0341682658,
        0.9985288,
        0.04210497
      ],
      [
        0.0152660431,
        0.04264611,
        -0.9989736
      ]
    ],
    "translation": [
      2.146712,
      0.7679845,
      -0.6819129
    ]
  },
  {
    "timeStamp": 98915,
    "rotation": [
      [
        -0.999014139,
        -0.0396622755,
        -0.0199435726
      ],
      [
        -0.04044869,
        0.998351932,
        0.0407099873
      ],
      [
        0.0182960536,
        0.041476544,
        -0.998972
      ]
    ],
    "translation": [
      2.14838266,
      0.7656393,
      -0.6807171
    ]
  },
  {
    "timeStamp": 98970,
    "rotation": [
      [
        -0.9988573,
        -0.0431488529,
        -0.0205491744
      ],
      [
        -0.04392699,
        0.998271048,
        0.0390547737
      ],
      [
        0.0188284777,
        0.03991281,
        -0.999025762
      ]
    ],
    "translation": [
      2.149194,
      0.763867259,
      -0.6795232
    ]
  },
  {
    "timeStamp": 99026,
    "rotation": [
      [
        -0.998698,
        -0.04572484,
        -0.02261667
      ],
      [
        -0.0465594158,
        0.9981976,
        0.0378645174
      ],
      [
        0.0208445545,
        0.0388682373,
        -0.9990269
      ]
    ],
    "translation": [
      2.14967251,
      0.761972547,
      -0.678069651
    ]
  },
  {
    "timeStamp": 99070,
    "rotation": [
      [
        -0.9986825,
        -0.04661292,
        -0.0214594863
      ],
      [
        -0.04738006,
        0.9982008,
        0.03674759
      ],
      [
        0.0197079647,
        0.0377159268,
        -0.9990941
      ]
    ],
    "translation": [
      2.149326,
      0.7610111,
      -0.6775796
    ]
  },
  {
    "timeStamp": 99125,
    "rotation": [
      [
        -0.99882865,
        -0.04480908,
        -0.01826032
      ],
      [
        -0.0454388,
        0.9983301,
        0.03566874
      ],
      [
        0.0166315436,
        0.0364566855,
        -0.9991968
      ]
    ],
    "translation": [
      2.14779,
      0.760046542,
      -0.6777216
    ]
  },
  {
    "timeStamp": 99170,
    "rotation": [
      [
        -0.998910546,
        -0.04436649,
        -0.0144671826
      ],
      [
        -0.0448917858,
        0.998258531,
        0.0382695347
      ],
      [
        0.0127441045,
        0.0388773,
        -0.999162734
      ]
    ],
    "translation": [
      2.14663,
      0.7594029,
      -0.6782133
    ]
  },
  {
    "timeStamp": 99225,
    "rotation": [
      [
        -0.9990535,
        -0.0421026535,
        -0.0109347291
      ],
      [
        -0.0424775146,
        0.9984242,
        0.0366722979
      ],
      [
        0.009373497,
        0.037102066,
        -0.9992676
      ]
    ],
    "translation": [
      2.1453433,
      0.7587258,
      -0.6789031
    ]
  },
  {
    "timeStamp": 99270,
    "rotation": [
      [
        -0.9989569,
        -0.043928273,
        -0.0124642942
      ],
      [
        -0.0443741828,
        0.998288453,
        0.03809371
      ],
      [
        0.0107695693,
        0.03860707,
        -0.99919647
      ]
    ],
    "translation": [
      2.14499521,
      0.757325947,
      -0.6787067
    ]
  },
  {
    "timeStamp": 99325,
    "rotation": [
      [
        -0.998875856,
        -0.0455812924,
        -0.01301637
      ],
      [
        -0.04603951,
        0.9982395,
        0.03739183
      ],
      [
        0.0112890881,
        0.0379490629,
        -0.9992159
      ]
    ],
    "translation": [
      2.14504385,
      0.7558797,
      -0.678456366
    ]
  },
  {
    "timeStamp": 99370,
    "rotation": [
      [
        -0.9990847,
        -0.041013483,
        -0.0121524706
      ],
      [
        -0.04142059,
        0.9985148,
        0.03539282
      ],
      [
        0.010682838,
        0.03586379,
        -0.999299645
      ]
    ],
    "translation": [
      2.145951,
      0.7556087,
      -0.678100049
    ]
  },
  {
    "timeStamp": 99425,
    "rotation": [
      [
        -0.999529839,
        -0.0298550576,
        -0.006990772
      ],
      [
        -0.0300256368,
        0.9992182,
        0.0257199686
      ],
      [
        0.00621743547,
        0.0259177778,
        -0.999644756
      ]
    ],
    "translation": [
      2.14599872,
      0.7553897,
      -0.6780258
    ]
  }
]