[
  {
    "timeStamp": 1,
    "rotation": [
      [
        0.98862803,
        -0.115741976,
        -0.09601215
      ],
      [
        -0.04002537,
        0.412906557,
        -0.909893453
      ],
      [
        0.144956917,
        0.9033891,
        0.4035784
      ]
    ],
    "translation": [
      1.35804319,
      1.486627,
      -0.8946573
    ]
  },
  {
    "timeStamp": 17,
    "rotation": [
      [
        0.9876987,
        -0.113810405,
        -0.107231267
      ],
      [
        -0.05033954,
        0.4178236,
        -0.9071325
      ],
      [
        0.148044869,
        0.901371539,
        0.406954646
      ]
    ],
    "translation": [
      1.35636091,
      1.48761058,
      -0.8952883
    ]
  },
  {
    "timeStamp": 18,
    "rotation": [
      [
        0.9876422,
        -0.112354167,
        -0.109267272
      ],
      [
        -0.0526584834,
        0.418766946,
        -0.906565666
      ],
      [
        0.147613958,
        0.9011164,
        0.407675534
      ]
    ],
    "translation": [
      1.35609818,
      1.48792434,
      -0.8955841
    ]
  },
  {
    "timeStamp": 65,
    "rotation": [
      [
        0.994137943,
        -0.0875949338,
        -0.0633792952
      ],
      [
        -0.0226972066,
        0.404055625,
        -0.9144528
      ],
      [
        0.105710194,
        0.910530746,
        0.399698824
      ]
    ],
    "translation": [
      1.36151242,
      1.48560953,
      -0.9016218
    ]
  },
  {
    "timeStamp": 121,
    "rotation": [
      [
        0.995798647,
        -0.07470282,
        -0.05295836
      ],
      [
        -0.01810217,
        0.40632835,
        -0.9135478
      ],
      [
        0.08976308,
        0.9106683,
        0.403268963
      ]
    ],
    "translation": [
      1.3634603,
      1.48537755,
      -0.9012054
    ]
  },
  {
    "timeStamp": 166,
    "rotation": [
      [
        0.9969169,
        -0.0642696843,
        -0.0450130552
      ],
      [
        -0.0147838416,
        0.409544736,
        -0.912170231
      ],
      [
        0.07705975,
        0.9100234,
        0.407331884
      ]
    ],
    "translation": [
      1.36501074,
      1.48551464,
      -0.9003859
    ]
  },
  {
    "timeStamp": 221,
    "rotation": [
      [
        0.997811735,
        -0.0551926047,
        -0.03640836
      ],
      [
        -0.0103651267,
        0.413266182,
        -0.9105513
      ],
      [
        0.06530204,
        0.9089362,
        0.411789775
      ]
    ],
    "translation": [
      1.36719966,
      1.48554659,
      -0.8996224
    ]
  },
  {
    "timeStamp": 342,
    "rotation": [
      [
        0.997795045,
        -0.0550620779,
        -0.0370578729
      ],
      [
        -0.0111228628,
        0.411722958,
        -0.9112412
      ],
      [
        0.06543241,
        0.9096441,
        0.410202682
      ]
    ],
    "translation": [
      1.36733556,
      1.48547125,
      -0.8998679
    ]
  },
  {
    "timeStamp": 343,
    "rotation": [
      [
        0.997963548,
        -0.0529624671,
        -0.0355488844
      ],
      [
        -0.0106309755,
        0.4114133,
        -0.9113869
      ],
      [
        0.06289458,
        0.909908831,
        0.410012454
      ]
    ],
    "translation": [
      1.36785674,
      1.4854126,
      -0.899866641
    ]
  },
  {
    "timeStamp": 388,
    "rotation": [
      [
        0.999480844,
        -0.0120033212,
        0.0298987161
      ],
      [
        0.03219714,
        0.405681223,
        -0.9134474
      ],
      [
        -0.00116494251,
        0.91393584,
        0.405857116
      ]
    ],
    "translation": [
      1.38064241,
      1.48380852,
      -0.900599539
    ]
  },
  {
    "timeStamp": 443,
    "rotation": [
      [
        0.997486,
        0.0122809615,
        0.06979183
      ],
      [
        0.0587666854,
        0.407010317,
        -0.91153115
      ],
      [
        -0.03960048,
        0.913341,
        0.4052654
      ]
    ],
    "translation": [
      1.38715816,
      1.48397446,
      -0.901099145
    ]
  },
  {
    "timeStamp": 488,
    "rotation": [
      [
        0.9953439,
        0.02464235,
        0.0931842
      ],
      [
        0.07514972,
        0.406988919,
        -0.9103365
      ],
      [
        -0.0603577681,
        0.91310066,
        0.403242081
      ]
    ],
    "translation": [
      1.39208794,
      1.48447943,
      -0.9016894
    ]
  },
  {
    "timeStamp": 543,
    "rotation": [
      [
        0.98948,
        0.0471708365,
        0.136763021
      ],
      [
        0.105331279,
        0.413125277,
        -0.904562235
      ],
      [
        -0.09916922,
        0.909451663,
        0.40381065
      ]
    ],
    "translation": [
      1.39920688,
      1.48531508,
      -0.9019018
    ]
  },
  {
    "timeStamp": 588,
    "rotation": [
      [
        0.9798813,
        0.0672784,
        0.187899515
      ],
      [
        0.143426746,
        0.4173042,
        -0.897377253
      ],
      [
        -0.138785377,
        0.906273,
        0.399259061
      ]
    ],
    "translation": [
      1.40657592,
      1.48634684,
      -0.9026266
    ]
  },
  {
    "timeStamp": 643,
    "rotation": [
      [
        0.9659253,
        0.08949919,
        0.242854357
      ],
      [
        0.183627158,
        0.4242815,
        -0.886716545
      ],
      [
        -0.182399035,
        0.9010966,
        0.3933898
      ]
    ],
    "translation": [
      1.41572857,
      1.48777735,
      -0.9034226
    ]
  },
  {
    "timeStamp": 687,
    "rotation": [
      [
        0.953952849,
        0.110207163,
        0.278977245
      ],
      [
        0.207012638,
        0.431169927,
        -0.8782017
      ],
      [
        -0.217070714,
        0.895514846,
        0.3885015
      ]
    ],
    "translation": [
      1.42237592,
      1.48899937,
      -0.90364933
    ]
  },
  {
    "timeStamp": 743,
    "rotation": [
      [
        0.9415445,
        0.135700539,
        0.3083494
      ],
      [
        0.2222774,
        0.437554538,
        -0.871285737
      ],
      [
        -0.2531536,
        0.888893366,
        0.381813884
      ]
    ],
    "translation": [
      1.42943692,
      1.49034715,
      -0.904390335
    ]
  },
  {
    "timeStamp": 788,
    "rotation": [
      [
        0.93333143,
        0.15162,
        0.3254287
      ],
      [
        0.230460644,
        0.442010939,
        -0.8668992
      ],
      [
        -0.2752823,
        0.884102762,
        0.377600253
      ]
    ],
    "translation": [
      1.43476915,
      1.491394,
      -0.9048245
    ]
  },
  {
    "timeStamp": 845,
    "rotation": [
      [
        0.9249216,
        0.164532974,
        0.342708349
      ],
      [
        0.239282355,
        0.448544651,
        -0.861133933
      ],
      [
        -0.2954049,
        0.8784854,
        0.375498772
      ]
    ],
    "translation": [
      1.43984723,
      1.49254656,
      -0.905101359
    ]
  },
  {
    "timeStamp": 891,
    "rotation": [
      [
        0.914249837,
        0.179870814,
        0.3630342
      ],
      [
        0.249723658,
        0.455417246,
        -0.854536831
      ],
      [
        -0.319038272,
        0.8719184,
        0.371447146
      ]
    ],
    "translation": [
      1.44635653,
      1.4942832,
      -0.905485153
    ]
  },
  {
    "timeStamp": 936,
    "rotation": [
      [
        0.9082527,
        0.191161126,
        0.372202158
      ],
      [
        0.251483619,
        0.461548448,
        -0.8507227
      ],
      [
        -0.3344144,
        0.8662739,
        0.371128738
      ]
    ],
    "translation": [
      1.45127678,
      1.495524,
      -0.905631542
    ]
  },
  {
    "timeStamp": 993,
    "rotation": [
      [
        0.900651038,
        0.205746576,
        0.382747918
      ],
      [
        0.251774281,
        0.470816135,
        -0.8455424
      ],
      [
        -0.3541713,
        0.8579047,
        0.372239381
      ]
    ],
    "translation": [
      1.457299,
      1.49667311,
      -0.9051502
    ]
  },
  {
    "timeStamp": 1037,
    "rotation": [
      [
        0.89411813,
        0.216939256,
        0.391778231
      ],
      [
        0.252779573,
        0.477664083,
        -0.841391444
      ],
      [
        -0.3696692,
        0.851336837,
        0.3722503
      ]
    ],
    "translation": [
      1.46233058,
      1.49733853,
      -0.90477246
    ]
  },
  {
    "timeStamp": 1092,
    "rotation": [
      [
        0.8819117,
        0.2311003,
        0.4108825
      ],
      [
        0.261179954,
        0.486067474,
        -0.8339805
      ],
      [
        -0.392449766,
        0.8428114,
        0.3683098
      ]
    ],
    "translation": [
      1.46942,
      1.49830258,
      -0.904289842
    ]
  },
  {
    "timeStamp": 1137,
    "rotation": [
      [
        0.8716866,
        0.247346923,
        0.423062563
      ],
      [
        0.2652011,
        0.487863928,
        -0.831659257
      ],
      [
        -0.412105322,
        0.8371429,
        0.3596678
      ]
    ],
    "translation": [
      1.47537839,
      1.49843156,
      -0.9045928
    ]
  },
  {
    "timeStamp": 1192,
    "rotation": [
      [
        0.8626031,
        0.271544248,
        0.426824927
      ],
      [
        0.26063922,
        0.484564424,
        -0.835023642
      ],
      [
        -0.433570057,
        0.8315413,
        0.347211719
      ]
    ],
    "translation": [
      1.48260987,
      1.49721146,
      -0.9052951
    ]
  },
  {
    "timeStamp": 1237,
    "rotation": [
      [
        0.8577449,
        0.289274037,
        0.4249638
      ],
      [
        0.253773779,
        0.480645,
        -0.8393922
      ],
      [
        -0.4470711,
        0.827829063,
        0.338860631
      ]
    ],
    "translation": [
      1.48899984,
      1.495928,
      -0.905195951
    ]
  },
  {
    "timeStamp": 1292,
    "rotation": [
      [
        0.8578609,
        0.302945316,
        0.415088952
      ],
      [
        0.2399764,
        0.478096575,
        -0.844887555
      ],
      [
        -0.454407364,
        0.8244076,
        0.33744064
      ]
    ],
    "translation": [
      1.499034,
      1.49376678,
      -0.9036894
    ]
  },
  {
    "timeStamp": 1337,
    "rotation": [
      [
        0.858537138,
        0.314766258,
        0.4047669
      ],
      [
        0.2275657,
        0.473492861,
        -0.850892663
      ],
      [
        -0.459486544,
        0.822634041,
        0.3348812
      ]
    ],
    "translation": [
      1.50954783,
      1.4921453,
      -0.9023723
    ]
  },
  {
    "timeStamp": 1393,
    "rotation": [
      [
        0.8607167,
        0.3267042,
        0.3904244
      ],
      [
        0.214823067,
        0.462203234,
        -0.860359967
      ],
      [
        -0.4615386,
        0.824398339,
        0.327642441
      ]
    ],
    "translation": [
      1.526398,
      1.49027109,
      -0.9005466
    ]
  },
  {
    "timeStamp": 1437,
    "rotation": [
      [
        0.865703464,
        0.332189739,
        0.374442756
      ],
      [
        0.198707119,
        0.458518624,
        -0.866184831
      ],
      [
        -0.459426671,
        0.824263632,
        0.3309327
      ]
    ],
    "translation": [
      1.541811,
      1.48864222,
      -0.896781445
    ]
  },
  {
    "timeStamp": 1493,
    "rotation": [
      [
        0.8813995,
        0.329262018,
        0.3387056
      ],
      [
        0.163801551,
        0.4595001,
        -0.872942567
      ],
      [
        -0.4430621,
        0.8248916,
        0.3510695
      ]
    ],
    "translation": [
      1.561587,
      1.48552692,
      -0.890121162
    ]
  },
  {
    "timeStamp": 1537,
    "rotation": [
      [
        0.896275759,
        0.322985232,
        0.303924859
      ],
      [
        0.135411546,
        0.453271359,
        -0.8810271
      ],
      [
        -0.4223192,
        0.830798149,
        0.3625202
      ]
    ],
    "translation": [
      1.57748437,
      1.48270535,
      -0.8855121
    ]
  },
  {
    "timeStamp": 1593,
    "rotation": [
      [
        0.9136016,
        0.3125085,
        0.260135859
      ],
      [
        0.102695882,
        0.441682,
        -0.8912747
      ],
      [
        -0.3934282,
        0.8409848,
        0.371428043
      ]
    ],
    "translation": [
      1.59828591,
      1.4800334,
      -0.8810093
    ]
  },
  {
    "timeStamp": 1637,
    "rotation": [
      [
        0.9264439,
        0.304861277,
        0.220819578
      ],
      [
        0.07285686,
        0.430302,
        -0.89974
      ],
      [
        -0.369315,
        0.8496468,
        0.376439422
      ]
    ],
    "translation": [
      1.61370134,
      1.47840214,
      -0.87846
    ]
  },
  {
    "timeStamp": 1692,
    "rotation": [
      [
        0.949182034,
        0.276820242,
        0.149746612
      ],
      [
        0.02170051,
        0.417101562,
        -0.9086008
      ],
      [
        -0.3139786,
        0.8656771,
        0.389898151
      ]
    ],
    "translation": [
      1.63027382,
      1.47787189,
      -0.8744867
    ]
  },
  {
    "timeStamp": 1737,
    "rotation": [
      [
        0.9632503,
        0.2558631,
        0.08174924
      ],
      [
        -0.0332789719,
        0.415682852,
        -0.908900559
      ],
      [
        -0.266535878,
        0.8727782,
        0.4089215
      ]
    ],
    "translation": [
      1.64166248,
      1.47856474,
      -0.870930135
    ]
  },
  {
    "timeStamp": 1792,
    "rotation": [
      [
        0.9705423,
        0.2405731,
        0.0131184105
      ],
      [
        -0.0906310454,
        0.414997876,
        -0.905297041
      ],
      [
        -0.223234221,
        0.877440155,
        0.4245764
      ]
    ],
    "translation": [
      1.65504861,
      1.48040223,
      -0.867672
    ]
  },
  {
    "timeStamp": 1837,
    "rotation": [
      [
        0.9751811,
        0.220325842,
        -0.0218724012
      ],
      [
        -0.114666425,
        0.4180634,
        -0.901151836
      ],
      [
        -0.189403,
        0.88129425,
        0.4329515
      ]
    ],
    "translation": [
      1.66545153,
      1.48240924,
      -0.865404665
    ]
  },
  {
    "timeStamp": 1892,
    "rotation": [
      [
        0.979793668,
        0.193304643,
        -0.05135768
      ],
      [
        -0.131043926,
        0.4264367,
        -0.8949744
      ],
      [
        -0.1511019,
        0.8836204,
        0.443151385
      ]
    ],
    "translation": [
      1.6762259,
      1.484508,
      -0.862423956
    ]
  },
  {
    "timeStamp": 1937,
    "rotation": [
      [
        0.9818289,
        0.17609784,
        -0.07072129
      ],
      [
        -0.141180977,
        0.428801715,
        -0.8922987
      ],
      [
        -0.126806468,
        0.8860692,
        0.4458716
      ]
    ],
    "translation": [
      1.68209815,
      1.48505473,
      -0.8606861
    ]
  },
  {
    "timeStamp": 1992,
    "rotation": [
      [
        0.984210849,
        0.150820076,
        -0.0926407
      ],
      [
        -0.149442032,
        0.4275988,
        -0.891530335
      ],
      [
        -0.09484762,
        0.891298234,
        0.443386257
      ]
    ],
    "translation": [
      1.68619847,
      1.48533416,
      -0.8591117
    ]
  },
  {
    "timeStamp": 2037,
    "rotation": [
      [
        0.985774159,
        0.127912343,
        -0.109030977
      ],
      [
        -0.1539039,
        0.426246971,
        -0.8914186
      ],
      [
        -0.0675493,
        0.895517647,
        0.439869434
      ]
    ],
    "translation": [
      1.68768859,
      1.48570621,
      -0.8586949
    ]
  },
  {
    "timeStamp": 2092,
    "rotation": [
      [
        0.9864837,
        0.1027194,
        -0.127666429
      ],
      [
        -0.159721166,
        0.428783983,
        -0.8891757
      ],
      [
        -0.03659427,
        0.8975484,
        0.439394861
      ]
    ],
    "translation": [
      1.68689656,
      1.48744416,
      -0.859647751
    ]
  },
  {
    "timeStamp": 2136,
    "rotation": [
      [
        0.986752748,
        0.08620595,
        -0.1374322
      ],
      [
        -0.16151017,
        0.442205429,
        -0.882252157
      ],
      [
        -0.0152821345,
        0.8927614,
        0.450270563
      ]
    ],
    "translation": [
      1.68428171,
      1.49005175,
      -0.8607827
    ]
  },
  {
    "timeStamp": 2192,
    "rotation": [
      [
        0.987414062,
        0.06405836,
        -0.144602582
      ],
      [
        -0.1577999,
        0.4603707,
        -0.873589158
      ],
      [
        0.0106101008,
        0.8854125,
        0.4646849
      ]
    ],
    "translation": [
      1.6782,
      1.49356568,
      -0.863936543
    ]
  },
  {
    "timeStamp": 2236,
    "rotation": [
      [
        0.987775445,
        0.0470045172,
        -0.148628265
      ],
      [
        -0.15309,
        0.47221747,
        -0.868086457
      ],
      [
        0.0293808822,
        0.880228,
        0.4736407
      ]
    ],
    "translation": [
      1.67131233,
      1.49595141,
      -0.867698967
    ]
  },
  {
    "timeStamp": 2292,
    "rotation": [
      [
        0.988183,
        0.02459713,
        -0.1512918
      ],
      [
        -0.144015729,
        0.486913383,
        -0.8614957
      ],
      [
        0.0524756871,
        0.8731038,
        0.484701931
      ]
    ],
    "translation": [
      1.660085,
      1.49866688,
      -0.8736317
    ]
  },
  {
    "timeStamp": 2336,
    "rotation": [
      [
        0.988416553,
        0.0053564,
        -0.151670918
      ],
      [
        -0.1344567,
        0.4943973,
        -0.858773947
      ],
      [
        0.0703857541,
        0.869219542,
        0.489390671
      ]
    ],
    "translation": [
      1.64957857,
      1.501009,
      -0.8795088
    ]
  },
  {
    "timeStamp": 2392,
    "rotation": [
      [
        0.987506747,
        -0.0214939117,
        -0.156103685
      ],
      [
        -0.1244148,
        0.5015963,
        -0.8561087
      ],
      [
        0.09670215,
        0.8648348,
        0.492655545
      ]
    ],
    "translation": [
      1.633493,
      1.50417089,
      -0.887366056
    ]
  },
  {
    "timeStamp": 2436,
    "rotation": [
      [
        0.9849515,
        -0.04547684,
        -0.166740462
      ],
      [
        -0.120394439,
        0.511636555,
        -0.8507251
      ],
      [
        0.123998806,
        0.8579976,
        0.498462021
      ]
    ],
    "translation": [
      1.6188004,
      1.50701272,
      -0.893348753
    ]
  },
  {
    "timeStamp": 2492,
    "rotation": [
      [
        0.9797933,
        -0.07767272,
        -0.184314862
      ],
      [
        -0.117014259,
        0.524756432,
        -0.8431716
      ],
      [
        0.162211835,
        0.8477014,
        0.5050641
      ]
    ],
    "translation": [
      1.59961891,
      1.50992918,
      -0.9008779
    ]
  },
  {
    "timeStamp": 2536,
    "rotation": [
      [
        0.974978,
        -0.09910136,
        -0.198989421
      ],
      [
        -0.117392451,
        0.5306186,
        -0.839442
      ],
      [
        0.188777342,
        0.8417974,
        0.5057077
      ]
    ],
    "translation": [
      1.58470106,
      1.51115394,
      -0.9075469
    ]
  },
  {
    "timeStamp": 2592,
    "rotation": [
      [
        0.970755935,
        -0.115320392,
        -0.210556641
      ],
      [
        -0.118940979,
        0.530821443,
        -0.8390958
      ],
      [
        0.20853281,
        0.839601,
        0.5015817
      ]
    ],
    "translation": [
      1.56719613,
      1.512223,
      -0.9163092
    ]
  },
  {
    "timeStamp": 2636,
    "rotation": [
      [
        0.971124053,
        -0.121414237,
        -0.205369562
      ],
      [
        -0.111033276,
        0.5318986,
        -0.839497149
      ],
      [
        0.211162686,
        0.83805877,
        0.503058553
      ]
    ],
    "translation": [
      1.55542135,
      1.51384747,
      -0.9226548
    ]
  },
  {
    "timeStamp": 2692,
    "rotation": [
      [
        0.9789591,
        -0.126176387,
        -0.160370544
      ],
      [
        -0.06850023,
        0.5371022,
        -0.8407312
      ],
      [
        0.1922158,
        0.8340269,
        0.5171579
      ]
    ],
    "translation": [
      1.54513884,
      1.51625824,
      -0.9289375
    ]
  },
  {
    "timeStamp": 2736,
    "rotation": [
      [
        0.9894816,
        -0.121459648,
        -0.07857269
      ],
      [
        -5.66989138E-06,
        0.5431269,
        -0.839650631
      ],
      [
        0.14465861,
        0.8308193,
        0.5374134
      ]
    ],
    "translation": [
      1.542831,
      1.51775455,
      -0.9320281
    ]
  },
  {
    "timeStamp": 2792,
    "rotation": [
      [
        0.9890189,
        -0.09789523,
        0.110716678
      ],
      [
        0.146426961,
        0.547602,
        -0.823827147
      ],
      [
        0.0200200658,
        0.8309925,
        0.5559232
      ]
    ],
    "translation": [
      1.54890168,
      1.51934123,
      -0.9355858
    ]
  },
  {
    "timeStamp": 2836,
    "rotation": [
      [
        0.9646815,
        -0.0642582253,
        0.255461156
      ],
      [
        0.248118252,
        0.5473601,
        -0.799271047
      ],
      [
        -0.08846952,
        0.8344266,
        0.543971837
      ]
    ],
    "translation": [
      1.555719,
      1.52108443,
      -0.9395537
    ]
  },
  {
    "timeStamp": 2892,
    "rotation": [
      [
        0.920422,
        -0.0149908364,
        0.39063853
      ],
      [
        0.332381248,
        0.556016564,
        -0.761819065
      ],
      [
        -0.205781177,
        0.831036,
        0.5167526
      ]
    ],
    "translation": [
      1.56236076,
      1.524086,
      -0.944902241
    ]
  },
  {
    "timeStamp": 2936,
    "rotation": [
      [
        0.89251,
        0.01624175,
        0.450735
      ],
      [
        0.364033848,
        0.564062238,
        -0.741156638
      ],
      [
        -0.266280264,
        0.8255725,
        0.4975187
      ]
    ],
    "translation": [
      1.56437457,
      1.52633786,
      -0.948552132
    ]
  },
  {
    "timeStamp": 2992,
    "rotation": [
      [
        0.8732523,
        0.0449610353,
        0.4851897
      ],
      [
        0.375899881,
        0.5714237,
        -0.729502738
      ],
      [
        -0.3100481,
        0.819422662,
        0.482096225
      ]
    ],
    "translation": [
      1.5637815,
      1.527581,
      -0.9527637
    ]
  },
  {
    "timeStamp": 3036,
    "rotation": [
      [
        0.867154956,
        0.05695379,
        0.494771242
      ],
      [
        0.3728321,
        0.584436536,
        -0.720715046
      ],
      [
        -0.330209821,
        0.809438169,
        0.485562861
      ]
    ],
    "translation": [
      1.56198025,
      1.52824736,
      -0.9544322
    ]
  },
  {
    "timeStamp": 3092,
    "rotation": [
      [
        0.8667416,
        0.07285235,
        0.493408084
      ],
      [
        0.3582345,
        0.5973855,
        -0.717494667
      ],
      [
        -0.34702602,
        0.7986382,
        0.491680682
      ]
    ],
    "translation": [
      1.55816,
      1.52815914,
      -0.9564147
    ]
  },
  {
    "timeStamp": 3136,
    "rotation": [
      [
        0.8667216,
        0.0794353262,
        0.492426485
      ],
      [
        0.353180438,
        0.599393964,
        -0.7183248
      ],
      [
        -0.352217823,
        0.796502948,
        0.4914526
      ]
    ],
    "translation": [
      1.55537081,
      1.52746844,
      -0.9585935
    ]
  },
  {
    "timeStamp": 3191,
    "rotation": [
      [
        0.860873163,
        0.09143288,
        0.5005371
      ],
      [
        0.3522298,
        0.6028239,
        -0.7159172
      ],
      [
        -0.367194116,
        0.792618036,
        0.48674956
      ]
    ],
    "translation": [
      1.55306554,
      1.52735853,
      -0.9615108
    ]
  },
  {
    "timeStamp": 3236,
    "rotation": [
      [
        0.8519465,
        0.0996974558,
        0.5140502
      ],
      [
        0.356931061,
        0.607725739,
        -0.709414959
      ],
      [
        -0.3831284,
        0.7878641,
        0.482164681
      ]
    ],
    "translation": [
      1.55193567,
      1.5283699,
      -0.963920355
    ]
  },
  {
    "timeStamp": 3291,
    "rotation": [
      [
        0.842483461,
        0.09583028,
        0.5301303
      ],
      [
        0.363834321,
        0.6245081,
        -0.6910964
      ],
      [
        -0.397298634,
        0.7751169,
        0.491271377
      ]
    ],
    "translation": [
      1.55070913,
      1.53178716,
      -0.965591967
    ]
  },
  {
    "timeStamp": 3336,
    "rotation": [
      [
        0.838848948,
        0.08283794,
        0.5380245
      ],
      [
        0.365178138,
        0.647338,
        -0.669028044
      ],
      [
        -0.403704524,
        0.7576882,
        0.5127682
      ]
    ],
    "translation": [
      1.54875684,
      1.53517008,
      -0.965137362
    ]
  },
  {
    "timeStamp": 3392,
    "rotation": [
      [
        0.8448686,
        0.056799382,
        0.5319501
      ],
      [
        0.359987468,
        0.675185561,
        -0.643842757
      ],
      [
        -0.3957349,
        0.7354579,
        0.549996
      ]
    ],
    "translation": [
      1.54435968,
      1.53950047,
      -0.964178145
    ]
  },
  {
    "timeStamp": 3436,
    "rotation": [
      [
        0.8599622,
        0.0466189347,
        0.508223951
      ],
      [
        0.341902822,
        0.6866969,
        -0.6415215
      ],
      [
        -0.378902853,
        0.7254475,
        0.574594259
      ]
    ],
    "translation": [
      1.53979707,
      1.54142022,
      -0.9642884
    ]
  },
  {
    "timeStamp": 3492,
    "rotation": [
      [
        0.877002656,
        0.04366407,
        0.478497535
      ],
      [
        0.3200474,
        0.68969804,
        -0.6495278
      ],
      [
        -0.3583798,
        0.722779453,
        0.5908924
      ]
    ],
    "translation": [
      1.5335381,
      1.54231513,
      -0.965368032
    ]
  },
  {
    "timeStamp": 3536,
    "rotation": [
      [
        0.8942279,
        0.04010965,
        0.4458111
      ],
      [
        0.2986407,
        0.688432038,
        -0.660965264
      ],
      [
        -0.3334217,
        0.72419095,
        0.6036368
      ]
    ],
    "translation": [
      1.52803874,
      1.54253185,
      -0.9661108
    ]
  },
  {
    "timeStamp": 3591,
    "rotation": [
      [
        0.9162292,
        0.03212926,
        0.399364352
      ],
      [
        0.271015972,
        0.684432,
        -0.676833153
      ],
      [
        -0.2950839,
        0.7283684,
        0.618389
      ]
    ],
    "translation": [
      1.52052,
      1.54254985,
      -0.9666751
    ]
  },
  {
    "timeStamp": 3636,
    "rotation": [
      [
        0.9353768,
        0.0225017369,
        0.3529362
      ],
      [
        0.244099528,
        0.6810514,
        -0.690351
      ],
      [
        -0.255901754,
        0.731889844,
        0.631547
      ]
    ],
    "translation": [
      1.51376152,
      1.54220569,
      -0.966732144
    ]
  },
  {
    "timeStamp": 3691,
    "rotation": [
      [
        0.956764042,
        0.01482038,
        0.290487349
      ],
      [
        0.203203484,
        0.6805086,
        -0.7040003
      ],
      [
        -0.208112672,
        0.7325902,
        0.6480746
      ]
    ],
    "translation": [
      1.50471723,
      1.54154062,
      -0.9671715
    ]
  },
  {
    "timeStamp": 3736,
    "rotation": [
      [
        0.9700888,
        0.008965265,
        0.24258481
      ],
      [
        0.172225878,
        0.6788289,
        -0.713813365
      ],
      [
        -0.171073109,
        0.7342417,
        0.6569803
      ]
    ],
    "translation": [
      1.49776554,
      1.54109478,
      -0.9680437
    ]
  },
  {
    "timeStamp": 3791,
    "rotation": [
      [
        0.9826478,
        0.00160178228,
        0.185474232
      ],
      [
        0.135578468,
        0.676196754,
        -0.7241384
      ],
      [
        -0.12657699,
        0.7367193,
        0.664246142
      ]
    ],
    "translation": [
      1.48992062,
      1.54048741,
      -0.9694809
    ]
  },
  {
    "timeStamp": 3836,
    "rotation": [
      [
        0.989369,
        -0.00480892044,
        0.145347133
      ],
      [
        0.110725,
        0.6728604,
        -0.7314362
      ],
      [
        -0.094280906,
        0.739753842,
        0.6662397
      ]
    ],
    "translation": [
      1.4840399,
      1.53948593,
      -0.970904946
    ]
  },
  {
    "timeStamp": 3891,
    "rotation": [
      [
        0.9958507,
        -0.0177024584,
        0.089264214
      ],
      [
        0.07840292,
        0.664880157,
        -0.742823839
      ],
      [
        -0.0462002046,
        0.746740162,
        0.6635093
      ]
    ],
    "translation": [
      1.47683811,
      1.53804111,
      -0.972736239
    ]
  },
  {
    "timeStamp": 3936,
    "rotation": [
      [
        0.9980188,
        -0.0244296845,
        0.05797967
      ],
      [
        0.0595825128,
        0.6629789,
        -0.7462633
      ],
      [
        -0.02020832,
        0.7482394,
        0.6631209
      ]
    ],
    "translation": [
      1.47182488,
      1.5368278,
      -0.9735034
    ]
  },
  {
    "timeStamp": 3991,
    "rotation": [
      [
        0.9990073,
        -0.0338176,
        0.0289980862
      ],
      [
        0.0440822951,
        0.656576157,
        -0.7529705
      ],
      [
        0.006424207,
        0.753501356,
        0.6574151
      ]
    ],
    "translation": [
      1.46650958,
      1.534687,
      -0.9751183
    ]
  },
  {
    "timeStamp": 4035,
    "rotation": [
      [
        0.998914063,
        -0.0437365845,
        0.0160568729
      ],
      [
        0.0406353362,
        0.6492573,
        -0.7594825
      ],
      [
        0.022792127,
        0.759310246,
        0.65032953
      ]
    ],
    "translation": [
      1.46363664,
      1.53309345,
      -0.9761456
    ]
  },
  {
    "timeStamp": 4091,
    "rotation": [
      [
        0.9986324,
        -0.0495211,
        0.0167637728
      ],
      [
        0.04468122,
        0.6419027,
        -0.7654832
      ],
      [
        0.02714686,
        0.765185356,
        0.6432375
      ]
    ],
    "translation": [
      1.46184754,
      1.53166366,
      -0.976593
    ]
  },
  {
    "timeStamp": 4136,
    "rotation": [
      [
        0.9982264,
        -0.04572007,
        0.03812792
      ],
      [
        0.0584866963,
        0.6336735,
        -0.771386564
      ],
      [
        0.0111071961,
        0.7722484,
        0.635223567
      ]
    ],
    "translation": [
      1.46254873,
      1.53141952,
      -0.9772874
    ]
  },
  {
    "timeStamp": 4191,
    "rotation": [
      [
        0.9943863,
        -0.03735349,
        0.0989975259
      ],
      [
        0.100268237,
        0.6314803,
        -0.7688816
      ],
      [
        -0.03379457,
        0.774491668,
        0.6316807
      ]
    ],
    "translation": [
      1.46617007,
      1.533344,
      -0.9774657
    ]
  },
  {
    "timeStamp": 4235,
    "rotation": [
      [
        0.988742352,
        -0.0366703272,
        0.145064786
      ],
      [
        0.134965345,
        0.6371286,
        -0.7588488
      ],
      [
        -0.0645976961,
        0.769884646,
        0.6349053
      ]
    ],
    "translation": [
      1.469219,
      1.53452814,
      -0.9758414
    ]
  },
  {
    "timeStamp": 4291,
    "rotation": [
      [
        0.981099069,
        -0.0394323431,
        0.189445734
      ],
      [
        0.170991972,
        0.6349875,
        -0.7533609
      ],
      [
        -0.09058888,
        0.7715154,
        0.6297282
      ]
    ],
    "translation": [
      1.472975,
      1.53333807,
      -0.9730101
    ]
  },
  {
    "timeStamp": 4336,
    "rotation": [
      [
        0.9772171,
        -0.0376216359,
        0.208881333
      ],
      [
        0.185770348,
        0.627582133,
        -0.7560622
      ],
      [
        -0.1026459,
        0.7776409,
        0.620272934
      ]
    ],
    "translation": [
      1.47688353,
      1.53183794,
      -0.9696877
    ]
  },
  {
    "timeStamp": 4391,
    "rotation": [
      [
        0.9737022,
        -0.0286444426,
        0.226016834
      ],
      [
        0.194783151,
        0.6192312,
        -0.760665655
      ],
      [
        -0.11816784,
        0.7846861,
        0.60852623
      ]
    ],
    "translation": [
      1.48466969,
      1.53026748,
      -0.9635243
    ]
  },
  {
    "timeStamp": 4435,
    "rotation": [
      [
        0.9703112,
        -0.02179148,
        0.240876
      ],
      [
        0.203052208,
        0.6144768,
        -0.7623569
      ],
      [
        -0.13139984,
        0.7886338,
        0.6006586
      ]
    ],
    "translation": [
      1.49365079,
      1.52883482,
      -0.9568424
    ]
  },
  {
    "timeStamp": 4491,
    "rotation": [
      [
        0.9647168,
        -0.0127233742,
        0.262982339
      ],
      [
        0.216524944,
        0.6066098,
        -0.7649454
      ],
      [
        -0.149795,
        0.7948979,
        0.5879616
      ]
    ],
    "translation": [
      1.509141,
      1.52658439,
      -0.947322547
    ]
  },
  {
    "timeStamp": 4536,
    "rotation": [
      [
        0.9586857,
        -0.00207505422,
        0.28445977
      ],
      [
        0.22862649,
        0.600638866,
        -0.766135037
      ],
      [
        -0.169267818,
        0.799517751,
        0.5762983
      ]
    ],
    "translation": [
      1.52487588,
      1.5243907,
      -0.9387306
    ]
  },
  {
    "timeStamp": 4591,
    "rotation": [
      [
        0.949590862,
        0.009704898,
        0.313341558
      ],
      [
        0.2468008,
        0.593177557,
        -0.7663092
      ],
      [
        -0.1933041,
        0.8050132,
        0.5608808
      ]
    ],
    "translation": [
      1.54878736,
      1.52113533,
      -0.9259733
    ]
  },
  {
    "timeStamp": 4635,
    "rotation": [
      [
        0.9450644,
        0.0127683794,
        0.326634645
      ],
      [
        0.258080155,
        0.584117,
        -0.7695466
      ],
      [
        -0.2006187,
        0.8115691,
        0.548732936
      ]
    ],
    "translation": [
      1.57071877,
      1.51774,
      -0.913576245
    ]
  },
  {
    "timeStamp": 4691,
    "rotation": [
      [
        0.9452127,
        0.0206614845,
        0.325800717
      ],
      [
        0.256192833,
        0.571594954,
        -0.779515564
      ],
      [
        -0.20233196,
        0.820275843,
        0.5349854
      ]
    ],
    "translation": [
      1.60202456,
      1.51153564,
      -0.895106733
    ]
  },
  {
    "timeStamp": 4735,
    "rotation": [
      [
        0.9493768,
        0.0295874625,
        0.312743
      ],
      [
        0.243237317,
        0.560773134,
        -0.7914348
      ],
      [
        -0.198794439,
        0.8274407,
        0.525188267
      ]
    ],
    "translation": [
      1.63041592,
      1.50523281,
      -0.877994
    ]
  },
  {
    "timeStamp": 4791,
    "rotation": [
      [
        0.95810926,
        0.0443564169,
        0.282947242
      ],
      [
        0.21526207,
        0.5401259,
        -0.8135885
      ],
      [
        -0.188915014,
        0.840414464,
        0.5079514
      ]
    ],
    "translation": [
      1.66994643,
      1.49546933,
      -0.8548111
    ]
  },
  {
    "timeStamp": 4836,
    "rotation": [
      [
        0.9666833,
        0.0552602336,
        0.249939308
      ],
      [
        0.1862283,
        0.5180775,
        -0.8348142
      ],
      [
        -0.17561996,
        0.853546739,
        0.490525872
      ]
    ],
    "translation": [
      1.702559,
      1.48758292,
      -0.83514154
    ]
  },
  {
    "timeStamp": 4891,
    "rotation": [
      [
        0.9753121,
        0.06943076,
        0.209632054
      ],
      [
        0.1496853,
        0.490083545,
        -0.8587272
      ],
      [
        -0.162359312,
        0.8689059,
        0.467591673
      ]
    ],
    "translation": [
      1.74199891,
      1.47811413,
      -0.812697947
    ]
  },
  {
    "timeStamp": 4935,
    "rotation": [
      [
        0.9792571,
        0.086947456,
        0.183018327
      ],
      [
        0.121549256,
        0.470603079,
        -0.8739328
      ],
      [
        -0.162115231,
        0.8780506,
        0.450273
      ]
    ],
    "translation": [
      1.769058,
      1.47179532,
      -0.795654535
    ]
  },
  {
    "timeStamp": 4991,
    "rotation": [
      [
        0.981335461,
        0.102330394,
        0.162816569
      ],
      [
        0.102578551,
        0.43760106,
        -0.8932989
      ],
      [
        -0.162660331,
        0.8933274,
        0.418936551
      ]
    ],
    "translation": [
      1.794734,
      1.46601057,
      -0.7780885
    ]
  },
  {
    "timeStamp": 5035,
    "rotation": [
      [
        0.985619,
        0.090060614,
        0.142983541
      ],
      [
        0.094318144,
        0.40888378,
        -0.907699347
      ],
      [
        -0.140211627,
        0.908131659,
        0.394509256
      ]
    ],
    "translation": [
      1.80918217,
      1.46291065,
      -0.7664137
    ]
  },
  {
    "timeStamp": 5091,
    "rotation": [
      [
        0.992750645,
        0.06431113,
        0.101539284
      ],
      [
        0.070591554,
        0.37176767,
        -0.92563796
      ],
      [
        -0.09727784,
        0.9260955,
        0.364532769
      ]
    ],
    "translation": [
      1.82123446,
      1.45977807,
      -0.754172
    ]
  },
  {
    "timeStamp": 5135,
    "rotation": [
      [
        0.9963697,
        0.0511737652,
        0.0680346861
      ],
      [
        0.0462977923,
        0.344936252,
        -0.9374836
      ],
      [
        -0.0714421943,
        0.9372301,
        0.3413148
      ]
    ],
    "translation": [
      1.82760763,
      1.45752692,
      -0.745819
    ]
  },
  {
    "timeStamp": 5190,
    "rotation": [
      [
        0.998966634,
        0.0371412262,
        0.0261970963
      ],
      [
        0.0129030691,
        0.320920765,
        -0.947018147
      ],
      [
        -0.0435806066,
        0.9463776,
        0.320109874
      ]
    ],
    "translation": [
      1.832351,
      1.45511484,
      -0.7360133
    ]
  },
  {
    "timeStamp": 5236,
    "rotation": [
      [
        0.9995835,
        0.02844376,
        0.00488095637
      ],
      [
        -0.00416878052,
        0.309665,
        -0.9508366
      ],
      [
        -0.02855683,
        0.9504202,
        0.309654564
      ]
    ],
    "translation": [
      1.83469892,
      1.4531287,
      -0.728543043
    ]
  },
  {
    "timeStamp": 5291,
    "rotation": [
      [
        0.999935448,
        0.0100581367,
        -0.00528579624
      ],
      [
        -0.00808227,
        0.302641958,
        -0.953070045
      ],
      [
        -0.007986405,
        0.9530512,
        0.302703738
      ]
    ],
    "translation": [
      1.83749437,
      1.44990087,
      -0.7206435
    ]
  },
  {
    "timeStamp": 5335,
    "rotation": [
      [
        0.999984,
        -0.0040714317,
        -0.003910789
      ],
      [
        -0.00252572144,
        0.296889365,
        -0.95490855
      ],
      [
        0.00504891668,
        0.9549032,
