[
  {
    "timeStamp": 71716,
    "rotation": [
      [
        0.9997935,
        0.0120458277,
        0.01636789
      ],
      [
        -0.0115879541,
        0.9995467,
        -0.0277864952
      ],
      [
        -0.01669518,
        0.0275910869,
        0.9994799
      ]
    ],
    "translation": [
      1.30943978,
      0.8526834,
      -0.6155704
    ]
  },
  {
    "timeStamp": 71772,
    "rotation": [
      [
        0.998938859,
        0.0336453356,
        0.0314499661
      ],
      [
        -0.0339422673,
        0.9993836,
        0.008955661
      ],
      [
        -0.0311292671,
        -0.0100136418,
        0.999465168
      ]
    ],
    "translation": [
      1.3138063,
      0.8582125,
      -0.6132203
    ]
  },
  {
    "timeStamp": 71825,
    "rotation": [
      [
        0.9923217,
        0.09777781,
        0.07574264
      ],
      [
        -0.0990473554,
        0.994995356,
        0.0131811295
      ],
      [
        -0.07407476,
        -0.02058203,
        0.9970402
      ]
    ],
    "translation": [
      1.32780623,
      0.881212354,
      -0.6122866
    ]
  },
  {
    "timeStamp": 71870,
    "rotation": [
      [
        0.9797623,
        0.16559203,
        0.1124503
      ],
      [
        -0.169265553,
        0.985281169,
        0.0238799434
      ],
      [
        -0.106840834,
        -0.04243063,
        0.993370354
      ]
    ],
    "translation": [
      1.35062969,
      0.908636749,
      -0.6163925
    ]
  },
  {
    "timeStamp": 71925,
    "rotation": [
      [
        0.961271942,
        0.234299481,
        0.145120531
      ],
      [
        -0.241459519,
        0.9698286,
        0.0336128958
      ],
      [
        -0.132866547,
        -0.06735186,
        0.988842845
      ]
    ],
    "translation": [
      1.38826692,
      0.944916964,
      -0.628747463
    ]
  },
  {
    "timeStamp": 71970,
    "rotation": [
      [
        0.9518995,
        0.262341827,
        0.1583165
      ],
      [
        -0.275635123,
        0.958821654,
        0.06845725
      ],
      [
        -0.133838072,
        -0.108802013,
        0.9850125
      ]
    ],
    "translation": [
      1.42600918,
      0.9711611,
      -0.645307839
    ]
  },
  {
    "timeStamp": 72025,
    "rotation": [
      [
        0.938594937,
        0.2820951,
        0.19865036
      ],
      [
        -0.304061353,
        0.948405266,
        0.08985621
      ],
      [
        -0.163053051,
        -0.144740477,
        0.9759426
      ]
    ],
    "translation": [
      1.48266983,
      0.997529447,
      -0.6648638
    ]
  },
  {
    "timeStamp": 72070,
    "rotation": [
      [
        0.925934255,
        0.285521924,
        0.24723053
      ],
      [
        -0.316428572,
        0.9438401,
        0.09507324
      ],
      [
        -0.206200585,
        -0.166262373,
        0.964281142
      ]
    ],
    "translation": [
      1.53427649,
      1.0131222,
      -0.6795707
    ]
  },
  {
    "timeStamp": 72126,
    "rotation": [
      [
        0.9125889,
        0.252699077,
        0.32144165
      ],
      [
        -0.305368751,
        0.944017351,
        0.124824539
      ],
      [
        -0.271903425,
        -0.212071717,
        0.938666165
      ]
    ],
    "translation": [
      1.60202515,
      1.02505779,
      -0.697220147
    ]
  },
  {
    "timeStamp": 72170,
    "rotation": [
      [
        0.8896666,
        0.216217011,
        0.4021735
      ],
      [
        -0.293695748,
        0.9453764,
        0.141443521
      ],
      [
        -0.349622846,
        -0.243954226,
        0.904571831
      ]
    ],
    "translation": [
      1.66031492,
      1.03249669,
      -0.7110912
    ]
  },
  {
    "timeStamp": 72215,
    "rotation": [
      [
        0.8580843,
        0.160964832,
        0.4876286
      ],
      [
        -0.272983134,
        0.947294235,
        0.167671591
      ],
      [
        -0.43493858,
        -0.276990741,
        0.856799
      ]
    ],
    "translation": [
      1.72074568,
      1.03791153,
      -0.7236234
    ]
  },
  {
    "timeStamp": 72270,
    "rotation": [
      [
        0.7954654,
        0.08309024,
        0.600275636
      ],
      [
        -0.2583097,
        0.9425507,
        0.211835444
      ],
      [
        -0.548188746,
        -0.323564768,
        0.7712295
      ]
    ],
    "translation": [
      1.79693961,
      1.04711175,
      -0.742466867
    ]
  },
  {
    "timeStamp": 72315,
    "rotation": [
      [
        0.7331027,
        0.0091001885,
        0.680057049
      ],
      [
        -0.242855191,
        0.937493563,
        0.249253243
      ],
      [
        -0.6352809,
        -0.3478836,
        0.689489067
      ]
    ],
    "translation": [
      1.85775769,
      1.05421054,
      -0.757773161
    ]
  },
  {
    "timeStamp": 72370,
    "rotation": [
      [
        0.655919433,
        -0.108450405,
        0.7469994
      ],
      [
        -0.200651616,
        0.928968966,
        0.31105563
      ],
      [
        -0.727673352,
        -0.353914082,
        0.587568045
      ]
    ],
    "translation": [
      1.92237592,
      1.05829847,
      -0.7780958
    ]
  },
  {
    "timeStamp": 72415,
    "rotation": [
      [
        0.6028967,
        -0.198811844,
        0.772650957
      ],
      [
        -0.159348309,
        0.918933153,
        0.3607908
      ],
      [
        -0.781744063,
        -0.3406402,
        0.5223414
      ]
    ],
    "translation": [
      1.970148,
      1.05566549,
      -0.793870866
    ]
  },
  {
    "timeStamp": 72470,
    "rotation": [
      [
        0.534237742,
        -0.243661,
        0.8094562
      ],
      [
        -0.123619646,
        0.9247442,
        0.359953225
      ],
      [
        -0.83624655,
        -0.292365283,
        0.463911951
      ]
    ],
    "translation": [
      2.01928473,
      1.04368019,
      -0.807018757
    ]
  },
  {
    "timeStamp": 72526,
    "rotation": [
      [
        0.537355542,
        -0.297908932,
        0.7889862
      ],
      [
        -0.0381532237,
        0.925986767,
        0.375623256
      ],
      [
        -0.842492342,
        -0.2319456,
        0.486217916
      ]
    ],
    "translation": [
      2.0488646,
      1.01831734,
      -0.81349355
    ]
  },
  {
    "timeStamp": 72567,
    "rotation": [
      [
        0.555357933,
        -0.314371556,
        0.769901335
      ],
      [
        -0.0111022079,
        0.9229093,
        0.3848573
      ],
      [
        -0.8315373,
        -0.222281158,
        0.5090548
      ]
    ],
    "translation": [
      2.05848384,
      1.00118089,
      -0.8152231
    ]
  },
  {
    "timeStamp": 72621,
    "rotation": [
      [
        0.5824089,
        -0.344865024,
        0.7361169
      ],
      [
        0.0202572346,
        0.9114247,
        0.410968
      ],
      [
        -0.8126436,
        -0.22443974,
        0.5378079
      ]
    ],
    "translation": [
      2.07581353,
      0.970997632,
      -0.8147926
    ]
  },
  {
    "timeStamp": 72665,
    "rotation": [
      [
        0.6102539,
        -0.368542075,
        0.701261044
      ],
      [
        0.05455615,
        0.9026497,
        0.4269042
      ],
      [
        -0.790325165,
        -0.222261831,
        0.5709517
      ]
    ],
    "translation": [
      2.08229351,
      0.9514067,
      -0.810074449
    ]
  },
  {
    "timeStamp": 72721,
    "rotation": [
      [
        0.617272258,
        -0.370385021,
        0.69411093
      ],
      [
        0.0835062,
        0.908112,
        0.410316259
      ],
      [
        -0.7823054,
        -0.195314273,
        0.591481745
      ]
    ],
    "translation": [
      2.09178376,
      0.9273622,
      -0.7997558
    ]
  },
  {
    "timeStamp": 72765,
    "rotation": [
      [
        0.6177439,
        -0.410679758,
        0.6706225
      ],
      [
        0.131086648,
        0.894643843,
        0.427116781
      ],
      [
        -0.7753765,
        -0.175939143,
        0.60649544
      ]
    ],
    "translation": [
      2.09745646,
      0.9062054,
      -0.7924634
    ]
  }
]