[
  {
    "timeStamp": 85486,
    "rotation": [
      [
        0.9999725,
        -0.00740115158,
        -0.000336469238
      ],
      [
        0.007402497,
        0.9999638,
        0.004189304
      ],
      [
        0.000305451365,
        -0.00419168,
        0.9999912
      ]
    ],
    "translation": [
      1.6160382,
      0.695153058,
      -0.6202123
    ]
  },
  {
    "timeStamp": 85542,
    "rotation": [
      [
        0.9991742,
        0.03993904,
        -0.007470987
      ],
      [
        -0.04037766,
        0.996528447,
        -0.0728059262
      ],
      [
        0.00453725224,
        0.07304746,
        0.9973181
      ]
    ],
    "translation": [
      1.60821569,
      0.700880349,
      -0.632057667
    ]
  },
  {
    "timeStamp": 85587,
    "rotation": [
      [
        0.985715,
        0.165871739,
        0.0292000342
      ],
      [
        -0.163846642,
        0.9845512,
        -0.061751537
      ],
      [
        -0.0389917642,
        0.0560850874,
        0.9976644
      ]
    ],
    "translation": [
      1.59646165,
      0.7307946,
      -0.6379134
    ]
  },
  {
    "timeStamp": 85642,
    "rotation": [
      [
        0.9478795,
        0.299130231,
        0.109752744
      ],
      [
        -0.297429979,
        0.9542094,
        -0.0319364369
      ],
      [
        -0.114280254,
        -0.00237186183,
        0.993445754
      ]
    ],
    "translation": [
      1.595656,
      0.7787473,
      -0.6432002
    ]
  },
  {
    "timeStamp": 85686,
    "rotation": [
      [
        0.897111058,
        0.396576226,
        0.194728047
      ],
      [
        -0.399354875,
        0.916413069,
        -0.0265086554
      ],
      [
        -0.188964039,
        -0.05398439,
        0.98049897
      ]
    ],
    "translation": [
      1.6059829,
      0.8175881,
      -0.649760067
    ]
  },
  {
    "timeStamp": 85741,
    "rotation": [
      [
        0.822883546,
        0.487398267,
        0.2920712
      ],
      [
        -0.5027619,
        0.8640513,
        -0.0254137032
      ],
      [
        -0.264751077,
        -0.125929743,
        0.9560588
      ]
    ],
    "translation": [
      1.62947524,
      0.864811838,
      -0.6638222
    ]
  },
  {
    "timeStamp": 85786,
    "rotation": [
      [
        0.752182841,
        0.546756268,
        0.367802262
      ],
      [
        -0.5797425,
        0.8144146,
        -0.0250513777
      ],
      [
        -0.313240528,
        -0.194387361,
        0.9295665
      ]
    ],
    "translation": [
      1.65499318,
      0.900428832,
      -0.6772635
    ]
  },
  {
    "timeStamp": 85841,
    "rotation": [
      [
        0.6472864,
        0.597044468,
        0.473875672
      ],
      [
        -0.66070956,
        0.749477446,
        -0.04178951
      ],
      [
        -0.3801093,
        -0.286044419,
        0.8795996
      ]
    ],
    "translation": [
      1.69566619,
      0.938186944,
      -0.693547547
    ]
  },
  {
    "timeStamp": 85886,
    "rotation": [
      [
        0.543086231,
        0.628359556,
        0.5569754
      ],
      [
        -0.7224875,
        0.6876916,
        -0.07135794
      ],
      [
        -0.427865773,
        -0.363654256,
        0.827457845
      ]
    ],
    "translation": [
      1.73285472,
      0.9622576,
      -0.705460846
    ]
  },
  {
    "timeStamp": 85942,
    "rotation": [
      [
        0.496810555,
        0.584739745,
        0.641294539
      ],
      [
        -0.7137025,
        0.6956983,
        -0.08144076
      ],
      [
        -0.493769169,
        -0.4172329,
        0.7629605
      ]
    ],
    "translation": [
      1.77614594,
      0.9696741,
      -0.718388855
    ]
  },
  {
    "timeStamp": 85986,
    "rotation": [
      [
        0.4767731,
        0.5442186,
        0.6902995
      ],
      [
        -0.6938286,
        0.715153337,
        -0.08460232
      ],
      [
        -0.5397122,
        -0.438613445,
        0.718560338
      ]
    ],
    "translation": [
      1.8066256,
      0.9681661,
      -0.728006065
    ]
  },
  {
    "timeStamp": 86042,
    "rotation": [
      [
        0.4459631,
        0.500271261,
        0.742189646
      ],
      [
        -0.6667099,
        0.7389181,
        -0.09745689
      ],
      [
        -0.59717226,
        -0.451363027,
        0.6630661
      ]
    ],
    "translation": [
      1.84451365,
      0.9643267,
      -0.7389589
    ]
  },
  {
    "timeStamp": 86086,
    "rotation": [
      [
        0.4260353,
        0.471301168,
        0.7722494
      ],
      [
        -0.656082153,
        0.748689532,
        -0.09497462
      ],
      [
        -0.6229367,
        -0.4661965,
        0.6281805
      ]
    ],
    "translation": [
      1.87210119,
      0.962280631,
      -0.7467918
    ]
  },
  {
    "timeStamp": 86141,
    "rotation": [
      [
        0.398188859,
        0.4323807,
        0.809007168
      ],
      [
        -0.6523093,
        0.753539741,
        -0.08167264
      ],
      [
        -0.644932747,
        -0.495201766,
        0.5820971
      ]
    ],
    "translation": [
      1.9052341,
      0.9627992,
      -0.7547432
    ]
  },
  {
    "timeStamp": 86186,
    "rotation": [
      [
        0.379726678,
        0.404482573,
        0.8319865
      ],
      [
        -0.654106259,
        0.7533652,
        -0.067719236
      ],
      [
        -0.6541809,
        -0.518492758,
        0.550647438
      ]
    ],
    "translation": [
      1.92799115,
      0.964724541,
      -0.7582752
    ]
  },
  {
    "timeStamp": 86241,
    "rotation": [
      [
        0.363745153,
        0.353714168,
        0.86172837
      ],
      [
        -0.6592876,
        0.751288652,
        -0.03008926
      ],
      [
        -0.6580497,
        -0.557181954,
        0.506476939
      ]
    ],
    "translation": [
      1.95267081,
      0.9716316,
      -0.7580977
    ]
  },
  {
    "timeStamp": 86286,
    "rotation": [
      [
        0.316500872,
        0.339900464,
        0.885604262
      ],
      [
        -0.6966515,
        0.716931462,
        -0.0261906087
      ],
      [
        -0.6438197,
        -0.6086682,
        0.4637016
      ]
    ],
    "translation": [
      1.97315431,
      0.984669,
      -0.7546821
    ]
  },
  {
    "timeStamp": 86341,
    "rotation": [
      [
        0.2259934,
        0.295375854,
        0.928267241
      ],
      [
        -0.7576256,
        0.6522803,
        -0.0231069941
      ],
      [
        -0.6123157,
        -0.698057,
        0.371195316
      ]
    ],
    "translation": [
      2.0089922,
      1.0069648,
      -0.744940341
    ]
  },
  {
    "timeStamp": 86386,
    "rotation": [
      [
        0.149005339,
        0.261435777,
        0.953650236
      ],
      [
        -0.803528,
        0.594096065,
        -0.0373176634
      ],
      [
        -0.576316,
        -0.7607241,
        0.298594445
      ]
    ],
    "translation": [
      2.041607,
      1.02479577,
      -0.735085666
    ]
  },
  {
    "timeStamp": 86442,
    "rotation": [
      [
        0.109339669,
        0.196699917,
        0.974347949
      ],
      [
        -0.8401873,
        0.542084634,
        -0.0151508451
      ],
      [
        -0.5311592,
        -0.8169782,
        0.224536121
      ]
    ],
    "translation": [
      2.07768726,
      1.04319382,
      -0.722845435
    ]
  },
  {
    "timeStamp": 86492,
    "rotation": [
      [
        0.0606534854,
        0.160203218,
        0.985218763
      ],
      [
        -0.863265336,
        0.503928244,
        -0.0287965238
      ],
      [
        -0.5010929,
        -0.848758638,
        0.168862879
      ]
    ],
    "translation": [
      2.110637,
      1.05813539,
      -0.712471843
    ]
  },
  {
    "timeStamp": 86536,
    "rotation": [
      [
        0.018598957,
        0.120862424,
        0.992495
      ],
      [
        -0.8793099,
        0.474456072,
        -0.04129961
      ],
      [
        -0.475886852,
        -0.8719425,
        0.1150999
      ]
    ],
    "translation": [
      2.135667,
      1.06897652,
      -0.707287967
    ]
  },
  {
    "timeStamp": 86592,
    "rotation": [
      [
        -0.0117967241,
        0.08090827,
        0.996651769
      ],
      [
        -0.8990594,
        0.435404837,
        -0.0459877849
      ],
      [
        -0.437667757,
        -0.8965916,
        0.06760499
      ]
    ],
    "translation": [
      2.156687,
      1.07875478,
      -0.710475445
    ]
  },
  {
    "timeStamp": 86636,
    "rotation": [
      [
        -0.0336536467,
        0.05534595,
        0.9978999
      ],
      [
        -0.909354,
        0.412562519,
        -0.0535492
      ],
      [
        -0.414659828,
        -0.9092464,
        0.0364448242
      ]
    ],
    "translation": [
      2.16828346,
      1.08254433,
      -0.7163104
    ]
  },
  {
    "timeStamp": 86692,
    "rotation": [
      [
        -0.117338113,
        0.0159674957,
        0.9929637
      ],
      [
        -0.90832144,
        0.402492076,
        -0.113808304
      ],
      [
        -0.401477247,
        -0.9152842,
        -0.03272404
      ]
    ],
    "translation": [
      2.18332219,
      1.07822013,
      -0.725390434
    ]
  },
  {
    "timeStamp": 86736,
    "rotation": [
      [
        -0.242898673,
        -0.0328002125,
        0.969496965
      ],
      [
        -0.8778457,
        0.4327126,
        -0.205296665
      ],
      [
        -0.412779778,
        -0.900935054,
        -0.133898839
      ]
    ],
    "translation": [
      2.19816566,
      1.06374991,
      -0.7340295
    ]
  },
  {
    "timeStamp": 86791,
    "rotation": [
      [
        -0.439386666,
        -0.04328343,
        0.8972546
      ],
      [
        -0.80948323,
        0.452123582,
        -0.374594569
      ],
      [
        -0.389456242,
        -0.8909044,
        -0.2336943
      ]
    ],
    "translation": [
      2.20704865,
      1.04027641,
      -0.746970654
    ]
  },
  {
    "timeStamp": 86836,
    "rotation": [
      [
        -0.6061255,
        -0.07567105,
        0.79176116
      ],
      [
        -0.7008975,
        0.52137357,
        -0.486736357
      ],
      [
        -0.375971526,
        -0.8499667,
        -0.36905548
      ]
    ],
    "translation": [
      2.20957446,
      1.01161754,
      -0.7595399
    ]
  },
  {
    "timeStamp": 86886,
    "rotation": [
      [
        -0.695438743,
        -0.04590082,
        0.7171179
      ],
      [
        -0.606837,
        0.571994364,
        -0.5518798
      ],
      [
        -0.3848557,
        -0.8189723,
        -0.425641328
      ]
    ],
    "translation": [
      2.19742131,
      0.9886239,
      -0.764600754
    ]
  },
  {
    "timeStamp": 86936,
    "rotation": [
      [
        -0.7695402,
        -0.061983902,
        0.635583162
      ],
      [
        -0.5157347,
        0.6472633,
        -0.561309159
      ],
      [
        -0.376597524,
        -0.7597422,
        -0.5300623
      ]
    ],
    "translation": [
      2.18353,
      0.966754436,
      -0.771748841
    ]
  },
  {
    "timeStamp": 86992,
    "rotation": [
      [
        -0.834405541,
        -0.02942649,
        0.5503649
      ],
      [
        -0.4088803,
        0.702641547,
        -0.5823331
      ],
      [
        -0.369573236,
        -0.710935354,
        -0.5983199
      ]
    ],
    "translation": [
      2.172967,
      0.946106255,
      -0.778794467
    ]
  },
  {
    "timeStamp": 87036,
    "rotation": [
      [
        -0.873172939,
        -0.0284936409,
        0.486576974
      ],
      [
        -0.3566813,
        0.717720747,
        -0.598043
      ],
      [
        -0.332185954,
        -0.6957479,
        -0.63685745
      ]
    ],
    "translation": [
      2.16708565,
      0.9354392,
      -0.7837579
    ]
  },
  {
    "timeStamp": 87091,
    "rotation": [
      [
        -0.915244341,
        -0.0312949121,
        0.4016819
      ],
      [
        -0.297660977,
        0.7244129,
        -0.6217908
      ],
      [
        -0.271524668,
        -0.6886556,
        -0.672330141
      ]
    ],
    "translation": [
      2.16288638,
      0.9246421,
      -0.791278064
    ]
  },
  {
    "timeStamp": 87136,
    "rotation": [
      [
        -0.9426771,
        -0.01177635,
        0.333498538
      ],
      [
        -0.24263224,
        0.710309565,
        -0.6607495
      ],
      [
        -0.229106009,
        -0.7037909,
        -0.6724499
      ]
    ],
    "translation": [
      2.15911,
      0.917610645,
      -0.7941518
    ]
  }
]