[
  {
    "timeStamp": 33469,
    "rotation": [
      [
        0.997029066,
        0.00495774858,
        -0.07686621
      ],
      [
        0.07695326,
        -0.0207771547,
        0.9968182
      ],
      [
        0.00334491,
        -0.999771833,
        -0.0210969448
      ]
    ],
    "translation": [
      1.77012455,
      0.699683845,
      -0.490315139
    ]
  },
  {
    "timeStamp": 33515,
    "rotation": [
      [
        0.998775542,
        -0.0106173679,
        -0.0483181067
      ],
      [
        0.04815475,
        -0.0151376175,
        0.9987252
      ],
      [
        -0.0113352528,
        -0.999829054,
        -0.0146078058
      ]
    ],
    "translation": [
      1.77048564,
      0.702558339,
      -0.4903253
    ]
  },
  {
    "timeStamp": 33569,
    "rotation": [
      [
        0.997921646,
        -0.02460901,
        -0.05955557
      ],
      [
        0.0587049723,
        -0.0339513235,
        0.9976979
      ],
      [
        -0.0265743285,
        -0.9991205,
        -0.0324360877
      ]
    ],
    "translation": [
      1.77129281,
      0.7091169,
      -0.494257838
    ]
  },
  {
    "timeStamp": 33613,
    "rotation": [
      [
        0.9994349,
        -0.02182493,
        -0.0255647376
      ],
      [
        0.0240985826,
        -0.06498504,
        0.9975952
      ],
      [
        -0.023433784,
        -0.9976475,
        -0.06442236
      ]
    ],
    "translation": [
      1.768205,
      0.7256718,
      -0.495705754
    ]
  },
  {
    "timeStamp": 33669,
    "rotation": [
      [
        0.9979138,
        -0.04443937,
        0.0468315072
      ],
      [
        -0.05100966,
        -0.09808455,
        0.9938699
      ],
      [
        -0.0395734869,
        -0.9941853,
        -0.100146756
      ]
    ],
    "translation": [
      1.76676011,
      0.7545454,
      -0.501247644
    ]
  },
  {
    "timeStamp": 33713,
    "rotation": [
      [
        0.9941007,
        -0.0425190143,
        0.09977965
      ],
      [
        -0.104515843,
        -0.129661351,
        0.9860347
      ],
      [
        -0.0289876778,
        -0.9906463,
        -0.133340344
      ]
    ],
    "translation": [
      1.76640582,
      0.7812656,
      -0.510017
    ]
  },
  {
    "timeStamp": 33769,
    "rotation": [
      [
        0.9863694,
        -0.0254852716,
        0.162560731
      ],
      [
        -0.16451174,
        -0.1729886,
        0.971087456
      ],
      [
        0.00337271648,
        -0.984594047,
        -0.174823269
      ]
    ],
    "translation": [
      1.76766121,
      0.817292,
      -0.527274132
    ]
  },
  {
    "timeStamp": 33813,
    "rotation": [
      [
        0.9768691,
        -0.0232256819,
        0.212572932
      ],
      [
        -0.212687358,
        -0.208516881,
        0.9546124
      ],
      [
        0.02215353,
        -0.9777429,
        -0.208633512
      ]
    ],
    "translation": [
      1.77368259,
      0.847396553,
      -0.5425663
    ]
  },
  {
    "timeStamp": 33869,
    "rotation": [
      [
        0.9643769,
        -0.0400518924,
        0.2614823
      ],
      [
        -0.263033926,
        -0.250232875,
        0.9317707
      ],
      [
        0.02811232,
        -0.9673569,
        -0.251853824
      ]
    ],
    "translation": [
      1.79044783,
      0.885253549,
      -0.56087923
    ]
  },
  {
    "timeStamp": 33913,
    "rotation": [
      [
        0.9547407,
        -0.07577159,
        0.2876261
      ],
      [
        -0.2972211,
        -0.280067444,
        0.912809849
      ],
      [
        0.0113896579,
        -0.9569853,
        -0.2899127
      ]
    ],
    "translation": [
      1.809767,
      0.913256049,
      -0.5742326
    ]
  },
  {
    "timeStamp": 33969,
    "rotation": [
      [
        0.9475103,
        -0.116498254,
        0.2977455
      ],
      [
        -0.3194736,
        -0.308032364,
        0.896132052
      ],
      [
        -0.0126825571,
        -0.944216132,
        -0.329081982
      ]
    ],
    "translation": [
      1.839528,
      0.943315566,
      -0.592119157
    ]
  },
  {
    "timeStamp": 34013,
    "rotation": [
      [
        0.94375,
        -0.1559458,
        0.291576415
      ],
      [
        -0.3280323,
        -0.330612123,
        0.884923935
      ],
      [
        -0.04160144,
        -0.930793464,
        -0.363170445
      ]
    ],
    "translation": [
      1.86694622,
      0.9639995,
      -0.6062604
    ]
  },
  {
    "timeStamp": 34069,
    "rotation": [
      [
        0.9442976,
        -0.1971998,
        0.263465643
      ],
      [
        -0.3182586,
        -0.343488485,
        0.883587658
      ],
      [
        -0.08374591,
        -0.9182199,
        -0.3871159
      ]
    ],
    "translation": [
      1.90337539,
      0.981918037,
      -0.624006
    ]
  },
  {
    "timeStamp": 34113,
    "rotation": [
      [
        0.9450597,
        -0.23478578,
        0.227459416
      ],
      [
        -0.300509661,
        -0.350093365,
        0.8872027
      ],
      [
        -0.128670543,
        -0.906813264,
        -0.4014145
      ]
    ],
    "translation": [
      1.93476927,
      0.990172565,
      -0.6370515
    ]
  },
  {
    "timeStamp": 34168,
    "rotation": [
      [
        0.947939932,
        -0.2782779,
        0.1548269
      ],
      [
        -0.248934239,
        -0.3443254,
        0.9052468
      ],
      [
        -0.198599339,
        -0.8966613,
        -0.395672679
      ]
    ],
    "translation": [
      1.97695541,
      0.9910032,
      -0.6541968
    ]
  },
  {
    "timeStamp": 34213,
    "rotation": [
      [
        0.9412078,
        -0.325158924,
        0.09164844
      ],
      [
        -0.2045071,
        -0.332469165,
        0.920674264
      ],
      [
        -0.268895179,
        -0.8852886,
        -0.3794199
      ]
    ],
    "translation": [
      2.0121,
      0.985474348,
      -0.667481
    ]
  },
  {
    "timeStamp": 34269,
    "rotation": [
      [
        0.9264341,
        -0.3722133,
        0.0563656129
      ],
      [
        -0.1719033,
        -0.2850683,
        0.9429662
      ],
      [
        -0.334916532,
        -0.8832855,
        -0.3280817
      ]
    ],
    "translation": [
      2.04811358,
      0.9705355,
      -0.6862953
    ]
  },
  {
    "timeStamp": 34314,
    "rotation": [
      [
        0.905400455,
        -0.4236182,
        0.0282437447
      ],
      [
        -0.149754,
        -0.256404072,
        0.954898238
      ],
      [
        -0.397270471,
        -0.8687949,
        -0.295586884
      ]
    ],
    "translation": [
      2.07550979,
      0.953516245,
      -0.6995846
    ]
  },
  {
    "timeStamp": 34363,
    "rotation": [
      [
        0.8909238,
        -0.454047471,
        -0.009786694
      ],
      [
        -0.106874958,
        -0.230554879,
        0.967172265
      ],
      [
        -0.4413985,
        -0.8606308,
        -0.2539331
      ]
    ],
    "translation": [
      2.10288119,
      0.9306768,
      -0.7164535
    ]
  },
  {
    "timeStamp": 34419,
    "rotation": [
      [
        0.872961044,
        -0.486849546,
        -0.0302755665
      ],
      [
        -0.0941773355,
        -0.229116172,
        0.9688325
      ],
      [
        -0.478612274,
        -0.842901766,
        -0.245859668
      ]
    ],
    "translation": [
      2.12144732,
      0.908090651,
      -0.7271222
    ]
  },
  {
    "timeStamp": 34463,
    "rotation": [
      [
        0.8693174,
        -0.491100371,
        -0.05574652
      ],
      [
        -0.05574008,
        -0.209482267,
        0.9762224
      ],
      [
        -0.491101116,
        -0.8455398,
        -0.209480554
      ]
    ],
    "translation": [
      2.132349,
      0.8790469,
      -0.7364353
    ]
  },
  {
    "timeStamp": 34519,
    "rotation": [
      [
        0.855518162,
        -0.5153821,
        -0.04969826
      ],
      [
        -0.04866937,
        -0.175605014,
        0.983256936
      ],
      [
        -0.5154803,
        -0.8387754,
        -0.175316617
      ]
    ],
    "translation": [
      2.14120841,
      0.841852546,
      -0.7457437
    ]
  },
  {
    "timeStamp": 34563,
    "rotation": [
      [
        0.8530124,
        -0.518931568,
        -0.05549768
      ],
      [
        -0.0279448461,
        -0.151602983,
        0.988046348
      ],
      [
        -0.521142066,
        -0.841264844,
        -0.143820688
      ]
    ],
    "translation": [
      2.146943,
      0.8142176,
      -0.7515284
    ]
  },
  {
    "timeStamp": 34619,
    "rotation": [
      [
        0.851644039,
        -0.517683744,
        -0.0818898156
      ],
      [
        0.01343146,
        -0.134634256,
        0.9908043
      ],
      [
        -0.5239485,
        -0.844912469,
        -0.10770721
      ]
    ],
    "translation": [
      2.15332675,
      0.785851836,
      -0.7546203
    ]
  },
  {
    "timeStamp": 34663,
    "rotation": [
      [
        0.847275257,
        -0.5260193,
        -0.07367741
      ],
      [
        0.00627046358,
        -0.128796577,
        0.991651237
      ],
      [
        -0.531117,
        -0.840663552,
        -0.105827779
      ]
    ],
    "translation": [
      2.15566444,
      0.770541549,
      -0.753463566
    ]
  },
  {
    "timeStamp": 34720,
    "rotation": [
      [
        0.8423133,
        -0.534256041,
        -0.0712649
      ],
      [
        0.0100202151,
        -0.116675146,
        0.9931196
      ],
      [
        -0.538895,
        -0.837231934,
        -0.09292367
      ]
    ],
    "translation": [
      2.15972424,
      0.75621134,
      -0.749622941
    ]
  },
  {
    "timeStamp": 34765,
    "rotation": [
      [
        0.8429049,
        -0.5299375,
        -0.09315323
      ],
      [
        0.0279327221,
        -0.1297963,
        0.991147161
      ],
      [
        -0.537337,
        -0.8380448,
        -0.09460334
      ]
    ],
    "translation": [
      2.164113,
      0.7494983,
      -0.744503
    ]
  },
  {
    "timeStamp": 34811,
    "rotation": [
      [
        0.8363641,
        -0.540298045,
        -0.0925912857
      ],
      [
        0.0394673049,
        -0.109119006,
        0.9932449
      ],
      [
        -0.5467517,
        -0.8343687,
        -0.0699391142
      ]
    ],
    "translation": [
      2.16736746,
      0.741551161,
      -0.7424349
    ]
  },
  {
    "timeStamp": 34867,
    "rotation": [
      [
        0.8361037,
        -0.53709656,
        -0.111615233
      ],
      [
        0.06207663,
        -0.109523527,
        0.9920439
      ],
      [
        -0.5450478,
        -0.836380243,
        -0.0582318828
      ]
    ],
    "translation": [
      2.17189956,
      0.73526305,
      -0.73941046
    ]
  },
  {
    "timeStamp": 34915,
    "rotation": [
      [
        0.837865055,
        -0.530778468,
        -0.127500087
      ],
      [
        0.0845693,
        -0.104534358,
        0.990919054
      ],
      [
        -0.5392867,
        -0.841039062,
        -0.0426981263
      ]
    ],
    "translation": [
      2.17528248,
      0.7307818,
      -0.738594949
    ]
  }
]