[
  {
    "timeStamp": 38522,
    "rotation": [
      [
        0.9997657,
        -0.0195353851,
        -0.009320505
      ],
      [
        0.009059271,
        -0.0134184863,
        0.9998689
      ],
      [
        -0.01965789,
        -0.9997191,
        -0.0132383658
      ]
    ],
    "translation": [
      1.30768609,
      0.701176167,
      -0.7501459
    ]
  },
  {
    "timeStamp": 38578,
    "rotation": [
      [
        0.9991953,
        -0.027254995,
        -0.02942686
      ],
      [
        0.0288445484,
        -0.021517558,
        0.9993523
      ],
      [
        -0.0278705433,
        -0.9993969,
        -0.0207140837
      ]
    ],
    "translation": [
      1.31052649,
      0.7035604,
      -0.7489276
    ]
  },
  {
    "timeStamp": 38622,
    "rotation": [
      [
        0.9996245,
        -0.0260393973,
        -0.008527941
      ],
      [
        0.008202105,
        -0.0125944931,
        0.999887049
      ],
      [
        -0.0261438582,
        -0.9995815,
        -0.0123761864
      ]
    ],
    "translation": [
      1.315251,
      0.710982561,
      -0.750393152
    ]
  },
  {
    "timeStamp": 38678,
    "rotation": [
      [
        0.9984994,
        -0.0272670817,
        0.0474924259
      ],
      [
        -0.04790079,
        -0.01452348,
        0.9987465
      ],
      [
        -0.0265431516,
        -0.9995227,
        -0.0158078
      ]
    ],
    "translation": [
      1.32250655,
      0.732401,
      -0.7527574
    ]
  },
  {
    "timeStamp": 38722,
    "rotation": [
      [
        0.9952382,
        -0.02969138,
        0.09284069
      ],
      [
        -0.09323898,
        -0.0123207588,
        0.9955675
      ],
      [
        -0.0284159,
        -0.999483168,
        -0.0150304828
      ]
    ],
    "translation": [
      1.33543086,
      0.752166748,
      -0.7563459
    ]
  },
  {
    "timeStamp": 38778,
    "rotation": [
      [
        0.9883446,
        -0.03753183,
        0.147534177
      ],
      [
        -0.147850156,
        -0.00577254454,
        0.9889929
      ],
      [
        -0.03626707,
        -0.9992787,
        -0.0112543507
      ]
    ],
    "translation": [
      1.36004531,
      0.7775254,
      -0.7609831
    ]
  },
  {
    "timeStamp": 38822,
    "rotation": [
      [
        0.9825418,
        -0.0523111038,
        0.178536654
      ],
      [
        -0.178378567,
        0.00771314232,
        0.9839317
      ],
      [
        -0.05284763,
        -0.9986011,
        -0.0017526953
      ]
    ],
    "translation": [
      1.387163,
      0.7956336,
      -0.764404535
    ]
  },
  {
    "timeStamp": 38877,
    "rotation": [
      [
        0.9730306,
        -0.0834526,
        0.215051368
      ],
      [
        -0.214921817,
        0.0106398277,
        0.9765733
      ],
      [
        -0.08378568,
        -0.996454954,
        -0.007582905
      ]
    ],
    "translation": [
      1.42829978,
      0.819421053,
      -0.7645292
    ]
  },
  {
    "timeStamp": 38922,
    "rotation": [
      [
        0.9626698,
        -0.1281192,
        0.238437414
      ],
      [
        -0.237410143,
        0.0234568845,
        0.971126258
      ],
      [
        -0.130012915,
        -0.991481364,
        -0.007835561
      ]
    ],
    "translation": [
      1.4659884,
      0.8361912,
      -0.7619532
    ]
  },
  {
    "timeStamp": 38978,
    "rotation": [
      [
        0.9442652,
        -0.208583266,
        0.25466904
      ],
      [
        -0.253665656,
        0.03200993,
        0.9667622
      ],
      [
        -0.209802344,
        -0.97748065,
        -0.0226845518
      ]
    ],
    "translation": [
      1.5200665,
      0.854380369,
      -0.75284636
    ]
  },
  {
    "timeStamp": 39022,
    "rotation": [
      [
        0.9221298,
        -0.288503766,
        0.257763624
      ],
      [
        -0.261110038,
        0.0275316127,
        0.964916348
      ],
      [
        -0.285478652,
        -0.9570828,
        -0.0499435142
      ]
    ],
    "translation": [
      1.5680145,
      0.8669977,
      -0.7415652
    ]
  },
  {
    "timeStamp": 39078,
    "rotation": [
      [
        0.8799286,
        -0.401001662,
        0.254800528
      ],
      [
        -0.271092027,
        0.0166601483,
        0.962409258
      ],
      [
        -0.39017275,
        -0.9159258,
        -0.09404863
      ]
    ],
    "translation": [
      1.63106012,
      0.8826771,
      -0.724196136
    ]
  },
  {
    "timeStamp": 39122,
    "rotation": [
      [
        0.83389926,
        -0.4945715,
        0.244971439
      ],
      [
        -0.279759765,
        0.003834422,
        0.9600624
      ],
      [
        -0.475758851,
        -0.8691284,
        -0.1351637
      ]
    ],
    "translation": [
      1.68463433,
      0.8957387,
      -0.7095478
    ]
  },
  {
    "timeStamp": 39177,
    "rotation": [
      [
        0.75623244,
        -0.616509438,
        0.219154477
      ],
      [
        -0.29794386,
        -0.026265271,
        0.954221964
      ],
      [
        -0.5825307,
        -0.786909342,
        -0.20354785
      ]
    ],
    "translation": [
      1.75767541,
      0.914083242,
      -0.6912329
    ]
  },
  {
    "timeStamp": 39222,
    "rotation": [
      [
        0.684854746,
        -0.703996,
        0.188052356
      ],
      [
        -0.3106561,
        -0.04863733,
        0.9492772
      ],
      [
        -0.659141,
        -0.7085366,
        -0.252010137
      ]
    ],
    "translation": [
      1.81787789,
      0.9262703,
      -0.681608558
    ]
  },
  {
    "timeStamp": 39277,
    "rotation": [
      [
        0.5841208,
        -0.800523758,
        0.134032
      ],
      [
        -0.32053113,
        -0.0757951438,
        0.944200635
      ],
      [
        -0.745696068,
        -0.5944887,
        -0.300866336
      ]
    ],
    "translation": [
      1.8948437,
      0.9369376,
      -0.6762573
    ]
  },
  {
    "timeStamp": 39321,
    "rotation": [
      [
        0.4991528,
        -0.861852944,
        0.08975483
      ],
      [
        -0.323897779,
        -0.08950367,
        0.9418489
      ],
      [
        -0.8037018,
        -0.4991979,
        -0.32382825
      ]
    ],
    "translation": [
      1.953801,
      0.941467166,
      -0.6778272
    ]
  },
  {
    "timeStamp": 39377,
    "rotation": [
      [
        0.4019102,
        -0.9144825,
        0.0467975438
      ],
      [
        -0.312116563,
        -0.08876891,
        0.945887566
      ],
      [
        -0.8608434,
        -0.394768149,
        -0.321102262
      ]
    ],
    "translation": [
      2.01818466,
      0.939613044,
      -0.686902046
    ]
  },
  {
    "timeStamp": 39420,
    "rotation": [
      [
        0.349277884,
        -0.936563969,
        0.0292044748
      ],
      [
        -0.3061217,
        -0.08459549,
        0.9482263
      ],
      [
        -0.885604,
        -0.3401346,
        -0.316249877
      ]
    ],
    "translation": [
      2.05103564,
      0.936256468,
      -0.694114745
    ]
  },
  {
    "timeStamp": 39472,
    "rotation": [
      [
        0.277182937,
        -0.9606327,
        0.0188286882
      ],
      [
        -0.274175167,
        -0.0602989458,
        0.9597875
      ],
      [
        -0.92086786,
        -0.271199077,
        -0.280095458
      ]
    ],
    "translation": [
      2.0988605,
      0.9201565,
      -0.7126482
    ]
  },
  {
    "timeStamp": 39528,
    "rotation": [
      [
        0.262885928,
        -0.9628756,
        0.06133175
      ],
      [
        -0.252410918,
        -0.007281442,
        0.9675927
      ],
      [
        -0.9312248,
        -0.269847333,
        -0.244954482
      ]
    ],
    "translation": [
      2.114592,
      0.904012,
      -0.72743386
    ]
  },
  {
    "timeStamp": 39572,
    "rotation": [
      [
        0.29668498,
        -0.9519983,
        0.0753477737
      ],
      [
        -0.24548094,
        0.000222406423,
        0.9694014
      ],
      [
        -0.922885239,
        -0.306103259,
        -0.233631462
      ]
    ],
    "translation": [
      2.11751723,
      0.8921008,
      -0.7373216
    ]
  },
  {
    "timeStamp": 39628,
    "rotation": [
      [
        0.360696048,
        -0.9276968,
        0.09631682
      ],
      [
        -0.216062889,
        0.01734822,
        0.9762253
      ],
      [
        -0.907312036,
        -0.372931123,
        -0.194183424
      ]
    ],
    "translation": [
      2.11268616,
      0.871744931,
      -0.7506834
    ]
  },
  {
    "timeStamp": 39672,
    "rotation": [
      [
        0.377898544,
        -0.9183557,
        0.117539361
      ],
      [
        -0.197726175,
        0.0439724959,
        0.9792705
      ],
      [
        -0.9044872,
        -0.3933055,
        -0.164965823
      ]
    ],
    "translation": [
      2.108417,
      0.8562873,
      -0.7606973
    ]
  },
  {
    "timeStamp": 39728,
    "rotation": [
      [
        0.389622927,
        -0.911534548,
        0.1315249
      ],
      [
        -0.183518961,
        0.06310374,
        0.9809886
      ],
      [
        -0.902504742,
        -0.406353,
        -0.1426972
      ]
    ],
    "translation": [
      2.10741663,
      0.837338567,
      -0.768745959
    ]
  },
  {
    "timeStamp": 39772,
    "rotation": [
      [
        0.399434,
        -0.907375634,
        0.130851075
      ],
      [
        -0.164755508,
        0.0693587959,
        0.9838928
      ],
      [
        -0.901836,
        -0.414558649,
        -0.121790864
      ]
    ],
    "translation": [
      2.10598421,
      0.822617531,
      -0.772509038
    ]
  },
  {
    "timeStamp": 39828,
    "rotation": [
      [
        0.408695579,
        -0.8996251,
        0.153761134
      ],
      [
        -0.157106757,
        0.0966118649,
        0.982844651
      ],
      [
        -0.8990469,
        -0.425841182,
        -0.101852357
      ]
    ],
    "translation": [
      2.10169029,
      0.8071778,
      -0.773184836
    ]
  },
  {
    "timeStamp": 39873,
    "rotation": [
      [
        0.423889756,
        -0.8936798,
        0.147152871
      ],
      [
        -0.129397646,
        0.101049341,
        0.9864306
      ],
      [
        -0.896422744,
        -0.437179059,
        -0.07280627
      ]
    ],
    "translation": [
      2.10031772,
      0.793337762,
      -0.7747222
    ]
  },
  {
    "timeStamp": 39930,
    "rotation": [
      [
        0.4308369,
        -0.88938576,
        0.152880713
      ],
      [
        -0.1067013,
        0.118016846,
        0.9872623
      ],
      [
        -0.896099567,
        -0.4416616,
        -0.044052612
      ]
    ],
    "translation": [
      2.09817338,
      0.7785371,
      -0.7746913
    ]
  },
  {
    "timeStamp": 39975,
    "rotation": [
      [
        0.440316647,
        -0.88266927,
        0.164366022
      ],
      [
        -0.108368367,
        0.129481912,
        0.9856423
      ],
      [
        -0.891278565,
        -0.451806784,
        -0.03864039
      ]
    ],
    "translation": [
      2.09709144,
      0.7716238,
      -0.7737573
    ]
  }
]