[
  {
    "timeStamp": 35989,
    "rotation": [
      [
        0.954606533,
        0.296245456,
        -0.0310636256
      ],
      [
        -0.25401333,
        0.755150259,
        -0.604338765
      ],
      [
        -0.1555749,
        0.5847963,
        0.796121657
      ]
    ],
    "translation": [
      1.63553441,
      0.77238524,
      -0.8219489
    ]
  },
  {
    "timeStamp": 36035,
    "rotation": [
      [
        0.9498501,
        0.311416417,
        -0.0283647813
      ],
      [
        -0.264287263,
        0.7509851,
        -0.6051228
      ],
      [
        -0.167143643,
        0.5822724,
        0.7956267
      ]
    ],
    "translation": [
      1.63616717,
      0.773386955,
      -0.8219111
    ]
  },
  {
    "timeStamp": 36090,
    "rotation": [
      [
        0.9348149,
        0.354982466,
        -0.0104159173
      ],
      [
        -0.29358995,
        0.755975962,
        -0.5850686
      ],
      [
        -0.1998149,
        0.5499888,
        0.81091696
      ]
    ],
    "translation": [
      1.64030612,
      0.7888298,
      -0.8186373
    ]
  },
  {
    "timeStamp": 36135,
    "rotation": [
      [
        0.905659,
        0.423987478,
        -0.00404201727
      ],
      [
        -0.35029465,
        0.742808163,
        -0.570552051
      ],
      [
        -0.238904476,
        0.5181415,
        0.821251452
      ]
    ],
    "translation": [
      1.650317,
      0.8128625,
      -0.8131512
    ]
  },
  {
    "timeStamp": 36190,
    "rotation": [
      [
        0.858961344,
        0.511364639,
        0.026296366
      ],
      [
        -0.4127018,
        0.7218035,
        -0.555587053
      ],
      [
        -0.3030884,
        0.466375262,
        0.831042469
      ]
    ],
    "translation": [
      1.67168927,
      0.8449552,
      -0.8036815
    ]
  },
  {
    "timeStamp": 36234,
    "rotation": [
      [
        0.813776,
        0.5779065,
        0.0615843758
      ],
      [
        -0.459889919,
        0.70510906,
        -0.5397429
      ],
      [
        -0.355344623,
        0.410907775,
        0.8395742
      ]
    ],
    "translation": [
      1.69719446,
      0.8710465,
      -0.795344353
    ]
  },
  {
    "timeStamp": 36290,
    "rotation": [
      [
        0.7523701,
        0.6444376,
        0.136525765
      ],
      [
        -0.49958536,
        0.6932908,
        -0.519386351
      ],
      [
        -0.429364175,
        0.322564483,
        0.843562961
      ]
    ],
    "translation": [
      1.73785532,
      0.9018382,
      -0.781871736
    ]
  },
  {
    "timeStamp": 36334,
    "rotation": [
      [
        0.6984146,
        0.6830807,
        0.213583291
      ],
      [
        -0.5246723,
        0.6916428,
        -0.496335655
      ],
      [
        -0.486760646,
        0.234586835,
        0.841447
      ]
    ],
    "translation": [
      1.77787375,
      0.924965858,
      -0.771929741
    ]
  },
  {
    "timeStamp": 36390,
    "rotation": [
      [
        0.6387184,
        0.6979811,
        0.323822528
      ],
      [
        -0.5406148,
        0.706561148,
        -0.4566257
      ],
      [
        -0.5475165,
        0.116592012,
        0.8286326
      ]
    ],
    "translation": [
      1.8333987,
      0.950323343,
      -0.760193467
    ]
  },
  {
    "timeStamp": 36434,
    "rotation": [
      [
        0.601148248,
        0.683408,
        0.414215147
      ],
      [
        -0.539461851,
        0.729445159,
        -0.420583665
      ],
      [
        -0.5895775,
        0.0293798726,
        0.807177246
      ]
    ],
    "translation": [
      1.88213074,
      0.9698459,
      -0.755401433
    ]
  },
  {
    "timeStamp": 36490,
    "rotation": [
      [
        0.556035042,
        0.6404284,
        0.5297891
      ],
      [
        -0.538855255,
        0.763069332,
        -0.356875747
      ],
      [
        -0.6328192,
        -0.08704421,
        0.7693915
      ]
    ],
    "translation": [
      1.94640684,
      0.9911782,
      -0.7523464
    ]
  },
  {
    "timeStamp": 36534,
    "rotation": [
      [
        0.52145,
        0.591413438,
        0.615077257
      ],
      [
        -0.518778145,
        0.7920461,
        -0.321764231
      ],
      [
        -0.67746526,
        -0.151304662,
        0.719824851
      ]
    ],
    "translation": [
      1.99417818,
      0.9981282,
      -0.753718257
    ]
  },
  {
    "timeStamp": 36590,
    "rotation": [
      [
        0.467972636,
        0.5358562,
        0.7027516
      ],
      [
        -0.4723011,
        0.8237587,
        -0.313613236
      ],
      [
        -0.7469493,
        -0.185147941,
        0.638582
      ]
    ],
    "translation": [
      2.05063725,
      0.993832,
      -0.758407831
    ]
  },
  {
    "timeStamp": 36630,
    "rotation": [
      [
        0.423424184,
        0.5270228,
        0.7368575
      ],
      [
        -0.4578926,
        0.826329,
        -0.32789436
      ],
      [
        -0.781694531,
        -0.1985632,
        0.5912075
      ]
    ],
    "translation": [
      2.0774498,
      0.9869464,
      -0.76280576
    ]
  },
  {
    "timeStamp": 36684,
    "rotation": [
      [
        0.375777245,
        0.509519041,
        0.7740683
      ],
      [
        -0.367415965,
        0.8487461,
        -0.380309761
      ],
      [
        -0.850762546,
        -0.1414933,
        0.506144941
      ]
    ],
    "translation": [
      2.11661148,
      0.960168,
      -0.774748266
    ]
  },
  {
    "timeStamp": 36740,
    "rotation": [
      [
        0.3412,
        0.5461936,
        0.765019655
      ],
      [
        -0.3053592,
        0.8341236,
        -0.459340364
      ],
      [
        -0.8890097,
        -0.0768788755,
        0.45138824
      ]
    ],
    "translation": [
      2.13148451,
      0.9340417,
      -0.7870004
    ]
  },
  {
    "timeStamp": 36784,
    "rotation": [
      [
        0.352666676,
        0.5169994,
        0.7799602
      ],
      [
        -0.24844031,
        0.8553323,
        -0.4546253
      ],
      [
        -0.9021661,
        -0.03344236,
        0.430090666
      ]
    ],
    "translation": [
      2.13719654,
      0.9107165,
      -0.793575764
    ]
  },
  {
    "timeStamp": 36840,
    "rotation": [
      [
        0.361408144,
        0.5175267,
        0.7755967
      ],
      [
        -0.210248411,
        0.8556309,
        -0.4729602
      ],
      [
        -0.908394039,
        0.007863696,
        0.41804114
      ]
    ],
    "translation": [
      2.14024377,
      0.8867473,
      -0.800513566
    ]
  },
  {
    "timeStamp": 36885,
    "rotation": [
      [
        0.336927265,
        0.548934162,
        0.7649518
      ],
      [
        -0.17754519,
        0.834921956,
        -0.520944357
      ],
      [
        -0.9246393,
        0.0397068337,
        0.378768563
      ]
    ],
    "translation": [
      2.141502,
      0.8696285,
      -0.8037054
    ]
  },
  {
    "timeStamp": 36940,
    "rotation": [
      [
        0.349273562,
        0.5373584,
        0.7676288
      ],
      [
        -0.146854684,
        0.840491,
        -0.5215444
      ],
      [
        -0.9254413,
        0.06943179,
        0.3724749
      ]
    ],
    "translation": [
      2.141728,
      0.8549966,
      -0.8064347
    ]
  },
  {
    "timeStamp": 36984,
    "rotation": [
      [
        0.346598864,
        0.5361493,
        0.7696838
      ],
      [
        -0.1291853,
        0.840011537,
        -0.5269646
      ],
      [
        -0.929075062,
        0.08321348,
        0.360409647
      ]
    ],
    "translation": [
      2.14230871,
      0.8471622,
      -0.807630658
    ]
  },
  {
    "timeStamp": 37030,
    "rotation": [
      [
        0.324812174,
        0.5345873,
        0.780200958
      ],
      [
        -0.07267907,
        0.836599,
        -0.542973161
      ],
      [
        -0.9429819,
        0.119660012,
        0.310590863
      ]
    ],
    "translation": [
      2.1437757,
      0.839073837,
      -0.808068335
    ]
  },
  {
    "timeStamp": 37086,
    "rotation": [
      [
        0.203820914,
        0.5835543,
        0.7860798
      ],
      [
        0.215305,
        0.7565586,
        -0.6174649
      ],
      [
        -0.95503974,
        0.295099169,
        0.028560292
      ]
    ],
    "translation": [
      2.149001,
      0.8278288,
      -0.7987536
    ]
  },
  {
    "timeStamp": 37131,
    "rotation": [
      [
        0.175039545,
        0.576004148,
        0.798486352
      ],
      [
        0.2512869,
        0.7580111,
        -0.6018921
      ],
      [
        -0.9519538,
        0.306004077,
        -0.0120603815
      ]
    ],
    "translation": [
      2.14949155,
      0.8256464,
      -0.793469548
    ]
  }
]