[
  {
    "timeStamp": 17099,
    "rotation": [
      [
        -0.9999437,
        0.0100619541,
        -0.00337658473
      ],
      [
        0.0101284636,
        0.999742746,
        -0.02029487
      ],
      [
        0.00317150983,
        -0.0203279257,
        -0.999788344
      ]
    ],
    "translation": [
      1.45167768,
      0.731456339,
      -0.6253661
    ]
  },
  {
    "timeStamp": 17144,
    "rotation": [
      [
        -0.999919,
        0.0122801587,
        -0.0033399472
      ],
      [
        0.0123290932,
        0.999810755,
        -0.015047892
      ],
      [
        0.00315452483,
        -0.0150878523,
        -0.999881148
      ]
    ],
    "translation": [
      1.45177281,
      0.7343249,
      -0.6251713
    ]
  },
  {
    "timeStamp": 17199,
    "rotation": [
      [
        -0.999776,
        0.0208535548,
        -0.0036159344
      ],
      [
        0.0208939519,
        0.9997153,
        -0.0115189729
      ],
      [
        0.00337469345,
        -0.0115919439,
        -0.9999271
      ]
    ],
    "translation": [
      1.45208061,
      0.735312,
      -0.6250479
    ]
  },
  {
    "timeStamp": 17243,
    "rotation": [
      [
        -0.9971169,
        0.07174608,
        -0.0247044284
      ],
      [
        0.07239197,
        0.9970287,
        -0.0263255779
      ],
      [
        0.02274227,
        -0.02803808,
        -0.9993481
      ]
    ],
    "translation": [
      1.453692,
      0.748796165,
      -0.626125038
    ]
  },
  {
    "timeStamp": 17299,
    "rotation": [
      [
        -0.986306369,
        0.153488591,
        -0.0603410453
      ],
      [
        0.154934,
        0.98772186,
        -0.0200255
      ],
      [
        0.05652648,
        -0.0291001555,
        -0.997976959
      ]
    ],
    "translation": [
      1.4550885,
      0.782747149,
      -0.6308826
    ]
  },
  {
    "timeStamp": 17343,
    "rotation": [
      [
        -0.9700209,
        0.222831428,
        -0.09698217
      ],
      [
        0.224928677,
        0.9743118,
        -0.01111787
      ],
      [
        0.09201347,
        -0.03259864,
        -0.995224
      ]
    ],
    "translation": [
      1.46266675,
      0.813939869,
      -0.63696
    ]
  },
  {
    "timeStamp": 17399,
    "rotation": [
      [
        -0.947625339,
        0.2886579,
        -0.136685386
      ],
      [
        0.2931518,
        0.9559701,
        -0.0135328518
      ],
      [
        0.126760781,
        -0.05289364,
        -0.9905221
      ]
    ],
    "translation": [
      1.47948074,
      0.8486891,
      -0.6463994
    ]
  },
  {
    "timeStamp": 17443,
    "rotation": [
      [
        -0.923629165,
        0.337039858,
        -0.182519212
      ],
      [
        0.34640345,
        0.9378477,
        -0.0211279951
      ],
      [
        0.164054245,
        -0.08273972,
        -0.982975245
      ]
    ],
    "translation": [
      1.4991405,
      0.8760747,
      -0.651702046
    ]
  },
  {
    "timeStamp": 17499,
    "rotation": [
      [
        -0.890072763,
        0.368691444,
        -0.268024534
      ],
      [
        0.392665625,
        0.9188072,
        -0.04008813
      ],
      [
        0.231482714,
        -0.140925363,
        -0.9625777
      ]
    ],
    "translation": [
      1.53153265,
      0.906142,
      -0.65198195
    ]
  },
  {
    "timeStamp": 17543,
    "rotation": [
      [
        -0.843532145,
        0.3965189,
        -0.362251669
      ],
      [
        0.449940532,
        0.890028656,
        -0.07350167
      ],
      [
        0.293269575,
        -0.224992737,
        -0.9291777
      ]
    ],
    "translation": [
      1.56434536,
      0.931586444,
      -0.6438674
    ]
  },
  {
    "timeStamp": 17598,
    "rotation": [
      [
        -0.7890525,
        0.4414934,
        -0.427176446
      ],
      [
        0.52605027,
        0.844710946,
        -0.0986641
      ],
      [
        0.317281038,
        -0.302567422,
        -0.898769
      ]
    ],
    "translation": [
      1.60702324,
      0.9655974,
      -0.6438518
    ]
  },
  {
    "timeStamp": 17643,
    "rotation": [
      [
        -0.785235763,
        0.3780236,
        -0.4904109
      ],
      [
        0.5181722,
        0.8347544,
        -0.186232626
      ],
      [
        0.33897233,
        -0.400353819,
        -0.8513604
      ]
    ],
    "translation": [
      1.64616513,
      0.9824096,
      -0.6369958
    ]
  },
  {
    "timeStamp": 17699,
    "rotation": [
      [
        -0.7628695,
        0.284318864,
        -0.5806831
      ],
      [
        0.4961878,
        0.8332597,
        -0.243876681
      ],
      [
        0.4145211,
        -0.474173963,
        -0.776744
      ]
    ],
    "translation": [
      1.70405757,
      0.997461438,
      -0.6195062
    ]
  },
  {
    "timeStamp": 17743,
    "rotation": [
      [
        -0.7475236,
        0.208497718,
        -0.630664
      ],
      [
        0.486662239,
        0.8181047,
        -0.306373239
      ],
      [
        0.452071071,
        -0.5359416,
        -0.713020563
      ]
    ],
    "translation": [
      1.75423872,
      1.01249778,
      -0.605922
    ]
  },
  {
    "timeStamp": 17799,
    "rotation": [
      [
        -0.7097593,
        0.103075415,
        -0.69686234
      ],
      [
        0.464577,
        0.8121095,
        -0.353052974
      ],
      [
        0.529537439,
        -0.57432884,
        -0.624288738
      ]
    ],
    "translation": [
      1.820794,
      1.0247829,
      -0.5878243
    ]
  },
  {
    "timeStamp": 17843,
    "rotation": [
      [
        -0.6865269,
        0.03962762,
        -0.7260238
      ],
      [
        0.445393264,
        0.8121708,
        -0.3768335
      ],
      [
        0.57472223,
        -0.582072437,
        -0.575226963
      ]
    ],
    "translation": [
      1.8702482,
      1.03052533,
      -0.5786934
    ]
  },
  {
    "timeStamp": 17898,
    "rotation": [
      [
        -0.668094039,
        -0.03964707,
        -0.7430198
      ],
      [
        0.422121644,
        0.8021397,
        -0.422356755
      ],
      [
        0.6127509,
        -0.595818758,
        -0.519168854
      ]
    ],
    "translation": [
      1.92860734,
      1.03366017,
      -0.5686578
    ]
  },
  {
    "timeStamp": 17952,
    "rotation": [
      [
        -0.637533247,
        -0.08369165,
        -0.7658636
      ],
      [
        0.3911615,
        0.8212592,
        -0.4153625
      ],
      [
        0.663734853,
        -0.564383745,
        -0.490843117
      ]
    ],
    "translation": [
      1.97393155,
      1.028035,
      -0.5613072
    ]
  },
  {
    "timeStamp": 17996,
    "rotation": [
      [
        -0.656362832,
        -0.108630285,
        -0.74658376
      ],
      [
        0.355340034,
        0.828431,
        -0.432938278
      ],
      [
        0.66552335,
        -0.5494557,
        -0.5051506
      ]
    ],
    "translation": [
      2.01339746,
      1.02159536,
      -0.5571009
    ]
  },
  {
    "timeStamp": 18049,
    "rotation": [
      [
        -0.7003212,
        -0.0458359867,
        -0.7123547
      ],
      [
        0.317627072,
        0.8736913,
        -0.368478626
      ],
      [
        0.6392677,
        -0.484316528,
        -0.597305834
      ]
    ],
    "translation": [
      2.038153,
      1.01082373,
      -0.557974339
    ]
  },
  {
    "timeStamp": 18094,
    "rotation": [
      [
        -0.751564,
        -0.017753318,
        -0.659421265
      ],
      [
        0.289675266,
        0.889217,
        -0.354092419
      ],
      [
        0.5926549,
        -0.457141161,
        -0.6631608
      ]
    ],
    "translation": [
      2.050369,
      1.00317347,
      -0.558765769
    ]
  },
  {
    "timeStamp": 18149,
    "rotation": [
      [
        -0.822983,
        -0.01934773,
        -0.567736447
      ],
      [
        0.231828928,
        0.9009676,
        -0.366759866
      ],
      [
        0.5186081,
        -0.433454871,
        -0.736995637
      ]
    ],
    "translation": [
      2.06200933,
      0.9894011,
      -0.559573054
    ]
  },
  {
    "timeStamp": 18193,
    "rotation": [
      [
        -0.869190454,
        0.01897241,
        -0.494113266
      ],
      [
        0.213919923,
        0.91534096,
        -0.341158479
      ],
      [
        0.445809543,
        -0.402232379,
        -0.7996642
      ]
    ],
    "translation": [
      2.062741,
      0.9799853,
      -0.56244
    ]
  },
  {
    "timeStamp": 18248,
    "rotation": [
      [
        -0.921541452,
        0.0249701962,
        -0.387476146
      ],
      [
        0.169125021,
        0.924103141,
        -0.3426809
      ],
      [
        0.349511117,
        -0.3813266,
        -0.855822444
      ]
    ],
    "translation": [
      2.064067,
      0.96476537,
      -0.565442741
    ]
  },
  {
    "timeStamp": 18293,
    "rotation": [
      [
        -0.947683334,
        0.0308493618,
        -0.31771785
      ],
      [
        0.138056248,
        0.9370282,
        -0.3208094
      ],
      [
        0.2878138,
        -0.347888649,
        -0.8922649
      ]
    ],
    "translation": [
      2.064493,
      0.9521768,
      -0.5668351
    ]
  },
  {
    "timeStamp": 18349,
    "rotation": [
      [
        -0.965376,
        0.043425858,
        -0.257222146
      ],
      [
        0.118913017,
        0.950896561,
        -0.285754085
      ],
      [
        0.232182547,
        -0.3064472,
        -0.923136652
      ]
    ],
    "translation": [
      2.06374216,
      0.939971566,
      -0.566026
    ]
  },
  {
    "timeStamp": 18394,
    "rotation": [
      [
        -0.9777399,
        0.04798502,
        -0.204260275
      ],
      [
        0.103650779,
        0.9568812,
        -0.2713574
      ],
      [
        0.182431743,
        -0.286488682,
        -0.940554559
      ]
    ],
    "translation": [
      2.06289673,
      0.930316,
      -0.566678643
    ]
  },
  {
    "timeStamp": 18439,
    "rotation": [
      [
        -0.9848215,
        0.03951579,
        -0.169012263
      ],
      [
        0.08194742,
        0.9642359,
        -0.2520589
      ],
      [
        0.153007388,
        -0.262083143,
        -0.9528385
      ]
    ],
    "translation": [
      2.06437421,
      0.91963613,
      -0.566313565
    ]
  },
  {
    "timeStamp": 18496,
    "rotation": [
      [
        -0.984041154,
        0.0947983637,
        -0.150586352
      ],
      [
        0.126690343,
        0.967507,
        -0.2188142
      ],
      [
        0.124950133,
        -0.2344,
        -0.9640768
      ]
    ],
    "translation": [
      2.06557655,
      0.9184295,
      -0.565233
    ]
  },
  {
    "timeStamp": 18541,
    "rotation": [
      [
        -0.982671,
        0.119783886,
        -0.141454846
      ],
      [
        0.1457909,
        0.970749438,
        -0.190763071
      ],
      [
        0.114466861,
        -0.208080173,
        -0.9713908
      ]
    ],
    "translation": [
      2.065944,
      0.9180477,
      -0.5644851
    ]
  },
  {
    "timeStamp": 18598,
    "rotation": [
      [
        -0.979652464,
        0.147189111,
        -0.136442378
      ],
      [
        0.1695093,
        0.9707868,
        -0.1698223
      ],
      [
        0.107460462,
        -0.189495087,
        -0.97598356
      ]
    ],
    "translation": [
      2.06652141,
      0.9178456,
      -0.5639683
    ]
  },
  {
    "timeStamp": 18643,
    "rotation": [
      [
        -0.974749148,
        0.172547147,
        -0.1417447
      ],
      [
        0.194191873,
        0.968384,
        -0.15659456
      ],
      [
        0.110243365,
        -0.180166081,
        -0.9774388
      ]
    ],
    "translation": [
      2.067103,
      0.9177947,
      -0.563757241
    ]
  },
  {
    "timeStamp": 18698,
    "rotation": [
      [
        -0.9675509,
        0.207549348,
        -0.144113019
      ],
      [
        0.227509812,
        0.963729739,
        -0.139514357
      ],
      [
        0.109929882,
        -0.167774364,
        -0.9796771
      ]
    ],
    "translation": [
      2.067922,
      0.917769849,
      -0.563523352
    ]
  },
  {
    "timeStamp": 18743,
    "rotation": [
      [
        -0.9643364,
        0.219821125,
        -0.147424519
      ],
      [
        0.239921525,
        0.9611956,
        -0.136164382
      ],
      [
        0.111771993,
        -0.1666786,
        -0.9796557
      ]
    ],
    "translation": [
      2.06825519,
      0.9177273,
      -0.5634757
    ]
  },
  {
    "timeStamp": 18798,
    "rotation": [
      [
        -0.9656727,
        0.213940337,
        -0.147329
      ],
      [
        0.234661847,
        0.9617129,
        -0.141569942
      ],
      [
        0.111400679,
        -0.171282724,
        -0.978903532
      ]
    ],
    "translation": [
      2.06789231,
      0.9182447,
      -0.5637198
    ]
  },
  {
    "timeStamp": 18843,
    "rotation": [
      [
        -0.9713206,
        0.188819885,
        -0.144510657
      ],
      [
        0.210202068,
        0.9659722,
        -0.150707617
      ],
      [
        0.111136682,
        -0.176761851,
        -0.977959037
      ]
    ],
    "translation": [
      2.067227,
      0.9183452,
      -0.5638728
    ]
  },
  {
    "timeStamp": 18898,
    "rotation": [
      [
        -0.982858062,
        0.116044939,
        -0.143260792
      ],
      [
        0.139517769,
        0.976122141,
        -0.166494444
      ],
      [
        0.1205192,
        -0.183627829,
        -0.9755798
      ]
    ],
    "translation": [
      2.06665683,
      0.919994,
      -0.564228654
    ]
  },
  {
    "timeStamp": 18942,
    "rotation": [
      [
        -0.952421367,
        0.183240876,
        -0.243549421
      ],
      [
        0.224547252,
        0.962188,
        -0.154184058
      ],
      [
        0.206087515,
        -0.201536551,
        -0.957554638
      ]
    ],
    "translation": [
      2.06332612,
      0.942064166,
      -0.5556915
    ]
  },
  {
    "timeStamp": 18998,
    "rotation": [
      [
        -0.84393543,
        0.2872677,
        -0.453045517
      ],
      [
        0.37329942,
        0.920998633,
        -0.11139591
      ],
      [
        0.385253876,
        -0.2631326,
        -0.8845002
      ]
    ],
    "translation": [
      2.0628202,
      0.980549335,
      -0.535668
    ]
  },
  {
    "timeStamp": 19042,
    "rotation": [
      [
        -0.7107583,
        0.3475168,
        -0.611600161
      ],
      [
        0.463612229,
        0.885317445,
        -0.0357317924
      ],
      [
        0.5290429,
        -0.308942,
        -0.790359735
      ]
    ],
    "translation": [
      2.070545,
      1.00604224,
      -0.52501744
    ]
  },
  {
    "timeStamp": 19098,
    "rotation": [
      [
        -0.5314787,
        0.3201164,
        -0.7842549
      ],
      [
        0.486073554,
        0.8734965,
        0.0271375868
      ],
      [
        0.69373107,
        -0.366782516,
        -0.6198449
      ]
    ],
    "translation": [
      2.0849545,
      1.01706207,
      -0.5203973
    ]
  },
  {
    "timeStamp": 19143,
    "rotation": [
      [
        -0.417379379,
        0.2737373,
        -0.866523147
      ],
      [
        0.4371951,
        0.8964315,
        0.07260111
      ],
      [
        0.7966523,
        -0.348537445,
        -0.493828684
      ]
    ],
    "translation": [
      2.09758759,
      1.00870478,
      -0.5266112
    ]
  },
  {
    "timeStamp": 19196,
    "rotation": [
      [
        -0.3359157,
        0.3182874,
        -0.8864839
      ],
      [
        0.411460847,
        0.8962082,
        0.165863827
      ],
      [
        0.847266555,
        -0.309037149,
        -0.4320132
      ]
    ],
    "translation": [
      2.09595251,
      1.00262094,
      -0.545367062
    ]
  },
  {
    "timeStamp": 19248,
    "rotation": [
      [
        -0.191480651,
        0.394080251,
        -0.8989082
      ],
      [
        0.2978533,
        0.8959955,
        0.3293562
      ],
      [
        0.935210466,
        -0.204677433,
        -0.2889439
      ]
    ],
    "translation": [
      2.100389,
      0.9770081,
      -0.5689337
    ]
  },
  {
    "timeStamp": 19293,
    "rotation": [
      [
        -0.0689291358,
        0.502532959,
        -0.861805856
      ],
      [
        0.197444856,
        0.85364455,
        0.481981844
      ],
      [
        0.9778877,
        -0.136936545,
        -0.158063516
      ]
    ],
    "translation": [
      2.10305214,
      0.955725849,
      -0.584667
    ]
  },
  {
    "timeStamp": 19348,
    "rotation": [
      [
        -0.0476723239,
        0.5732624,
        -0.817983866
      ],
      [
        0.143397927,
        0.81436,
        0.5623654
      ],
      [
        0.9885163,
        -0.09048793,
        -0.121027075
      ]
    ],
    "translation": [
      2.09412527,
      0.9404124,
      -0.598634839
    ]
  },
  {
    "timeStamp": 19392,
    "rotation": [
      [
        0.0121745784,
        0.5492179,
        -0.835590541
      ],
      [
        0.132388279,
        0.8274106,
        0.5457702
      ],
      [
        0.9911232,
        -0.117266908,
        -0.06263663
      ]
    ],
    "translation": [
      2.104692,
      0.925281942,
      -0.6042533
    ]
  },
  {
    "timeStamp": 19448,
    "rotation": [
      [
        0.1090355,
        0.5449962,
        -0.831318557
      ],
      [
        0.110898428,
        0.824414551,
        0.5550155
      ],
      [
        0.987832367,
        -0.1527083,
        0.0294512343
      ]
    ],
    "translation": [
      2.12473822,
      0.912790537,
      -0.601314068
    ]
  },
  {
    "timeStamp": 19492,
    "rotation": [
      [
        0.151076257,
        0.5129357,
        -0.845028341
      ],
      [
        0.11259526,
        0.840347648,
        0.530224562
      ],
      [
        0.982088745,
        -0.175250545,
        0.06920245
      ]
    ],
    "translation": [
      2.14020681,
      0.9027473,
      -0.5959719
    ]
  },
  {
    "timeStamp": 19548,
    "rotation": [
      [
        0.169956461,
        0.4729855,
        -0.8645227
      ],
      [
        0.113033645,
        0.862139,
        0.4939026
      ],
      [
        0.9789475,
        -0.1816621,
        0.09306281
      ]
    ],
    "translation": [
      2.15216756,
      0.891729236,
      -0.5874166
    ]
  },
  {
    "timeStamp": 19592,
    "rotation": [
      [
        0.136807367,
        0.4046391,
        -0.904185236
      ],
      [
        0.09768274,
        0.9028081,
        0.418802649
      ],
      [
        0.9857696,
        -0.145618573,
        0.08398455
      ]
    ],
    "translation": [
      2.153808,
      0.876664758,
      -0.580961645
    ]
  },
  {
    "timeStamp": 19648,
    "rotation": [
      [
        0.0436804369,
        0.305786848,
        -0.9510975
      ],
      [
        0.05117306,
        0.9500716,
        0.3078072
      ],
      [
        0.99773407,
        -0.06211572,
        0.0258514937
      ]
    ],
    "translation": [
      2.14689612,
      0.849964559,
      -0.575621545
    ]
  },
  {
    "timeStamp": 19692,
    "rotation": [
      [
        0.0277472753,
        0.235171691,
        -0.971557736
      ],
      [
        0.06166747,
        0.9696779,
        0.236477882
      ],
      [
        0.997710943,
        -0.0664751157,
        0.0124034788
      ]
    ],
    "translation": [
      2.1476028,
      0.838849247,
      -0.5677852
    ]
  },
  {
    "timeStamp": 19748,
    "rotation": [
      [
        -0.006299025,
        0.17269218,
        -0.9849557
      ],
      [
        0.05174468,
        0.983712,
        0.172143191
      ],
      [
        0.9986405,
        -0.04988188,
        -0.0151323266
      ]
    ],
    "translation": [
      2.14573956,
      0.821683764,
      -0.558195233
    ]
  },
  {
    "timeStamp": 19793,
    "rotation": [
      [
        -0.0169370528,
        0.175069109,
        -0.984410465
      ],
      [
        0.03735314,
        0.9839752,
        0.174349025
      ],
      [
        0.999158561,
        -0.033817865,
        -0.0232050214
      ]
    ],
    "translation": [
      2.14126825,
      0.809578538,
      -0.5512034
    ]
  },
  {
    "timeStamp": 19850,
    "rotation": [
      [
        -0.0143590933,
        0.132335782,
        -0.9911009
      ],
      [
        0.0271525942,
        0.9908892,
        0.131914124
      ],
      [
        0.99952817,
        -0.025016794,
        -0.01782153
      ]
    ],
    "translation": [
      2.141745,
      0.7959015,
      -0.5431104
    ]
  },
  {
    "timeStamp": 19895,
    "rotation": [
      [
        -0.0149368634,
        0.124819875,
        -0.992067
      ],
      [
        0.0124818571,
        0.9921236,
        0.124639079
      ],
      [
        0.999810457,
        -0.01052112,
        -0.0163772
      ]
    ],
    "translation": [
      2.13885236,
      0.786648333,
      -0.5384558
    ]
  },
  {
    "timeStamp": 19941,
    "rotation": [
      [
        -0.01573139,
        0.111003451,
        -0.9936955
      ],
      [
        0.002200823,
        0.9938199,
        0.1109825
      ],
      [
        0.9998739,
        -0.0004410391,
        -0.0158784669
      ]
    ],
    "translation": [
      2.1358006,
      0.778858,
      -0.533822238
    ]
  },
  {
    "timeStamp": 19998,
    "rotation": [
      [
        -0.0171423033,
        0.0866512358,
        -0.9960912
      ],
      [
        0.00188707572,
        0.996238649,
        0.08663159
      ],
      [
        0.9998513,
        -0.000394634582,
        -0.017241342
      ]
    ],
    "translation": [
      2.13357854,
      0.7746153,
      -0.528493643
    ]
  },
  {
    "timeStamp": 20042,
    "rotation": [
      [
        -0.0156527851,
        0.07024476,
        -0.9974069
      ],
      [
        0.007571697,
        0.9975089,
        0.07013311
      ],
      [
        0.999848843,
        -0.0064542843,
        -0.0161456633
      ]
    ],
    "translation": [
      2.1328392,
      0.7739583,
      -0.5240117
    ]
  },
  {
    "timeStamp": 20097,
    "rotation": [
      [
        -0.008721675,
        0.07172462,
        -0.9973864
      ],
      [
        0.00460349,
        0.997416556,
        0.07168654
      ],
      [
        0.999951363,
        -0.00396623136,
        -0.009029327
      ]
    ],
    "translation": [
      2.130689,
      0.7722937,
      -0.5207674
    ]
  },
  {
    "timeStamp": 20142,
    "rotation": [
      [
        -0.0139977876,
        0.07371615,
        -0.997181
      ],
      [
        0.009823581,
        0.9972407,
        0.07358267
      ],
      [
        0.99985373,
        -0.008765894,
        -0.0146833211
      ]
    ],
    "translation": [
      2.127166,
      0.7719351,
      -0.517827153
    ]
  },
  {
    "timeStamp": 20191,
    "rotation": [
      [
        -0.0127741918,
        0.062099576,
        -0.9979882
      ],
      [
        0.0139734447,
        0.9979833,
        0.06192041
      ],
      [
        0.9998208,
        -0.0131543493,
        -0.0136161745
      ]
    ],
    "translation": [
      2.12664628,
      0.7703849,
      -0.514944434
    ]
  },
  {
    "timeStamp": 20240,
    "rotation": [
      [
        -0.013524184,
        0.062226586,
        -0.9979704
      ],
      [
        0.008617848,
        0.9980319,
        0.06211363
      ],
      [
        0.999871433,
        -0.00776032126,
        -0.0140338261
      ]
    ],
    "translation": [
      2.12566137,
      0.766494751,
      -0.5133628
    ]
  },
  {
    "timeStamp": 20295,
    "rotation": [
      [
        -0.0141458847,
        0.062376678,
        -0.9979524
      ],
      [
        0.00307484739,
        0.9980503,
        0.0623392127
      ],
      [
        0.999895155,
        -0.002186708,
        -0.0143101038
      ]
    ],
    "translation": [
      2.12472653,
      0.763001859,
      -0.512321234
    ]
  },
  {
    "timeStamp": 20340,
    "rotation": [
      [
        -0.02338275,
        0.04006261,
        -0.99892354
      ],
      [
        0.00100287236,
        0.9991972,
        0.040050108
      ],
      [
        0.9997261,
        -6.531112E-05,
        -0.0234041549
      ]
    ],
    "translation": [
      2.1251514,
      0.7606013,
      -0.511755347
    ]
  },
  {
    "timeStamp": 20395,
    "rotation": [
      [
        -0.025600316,
        0.0644607842,
        -0.9975918
      ],
      [
        -0.00517980428,
        0.9978969,
        0.0646134242
      ],
      [
        0.9996588,
        0.0068214545,
        -0.0252125822
      ]
    ],
    "translation": [
      2.12278318,
      0.757693648,
      -0.5113538
    ]
  },
  {
    "timeStamp": 20440,
    "rotation": [
      [
        -0.0264622271,
        0.0690828338,
        -0.997259855
      ],
      [
        0.000214666128,
        0.9976096,
        0.06910136
      ],
      [
        0.9996498,
        0.00161449809,
        -0.0264138
      ]
    ],
    "translation": [
      2.122221,
      0.757470846,
      -0.510020435
    ]
  },
  {
    "timeStamp": 20495,
    "rotation": [
      [
        -0.0238136612,
        0.05340939,
        -0.9982887
      ],
      [
        0.00968578551,
        0.998537362,
        0.0531916432
      ],
      [
        0.9996695,
        -0.008402523,
        -0.0242961422
      ]
    ],
    "translation": [
      2.12368083,
      0.7568255,
      -0.5087292
    ]
  },
  {
    "timeStamp": 20540,
    "rotation": [
      [
        -0.0234255753,
        0.048286967,
        -0.9985587
      ],
      [
        0.005900209,
        0.9988221,
        0.04816129
      ],
      [
        0.9997081,
        -0.00476349937,
        -0.0236828867
      ]
    ],
    "translation": [
      2.12352586,
      0.7564016,
      -0.508565843
    ]
  }
]