[
  {
    "timeStamp": 0,
    "rotation": [
      [
        -0.6395935,
        0.316022336,
        0.700749636
      ],
      [
        0.0334967636,
        0.9221795,
        -0.385308832
      ],
      [
        -0.767983139,
        -0.222968161,
        -0.6004057
      ]
    ],
    "translation": [
      2.05225134,
      1.59073174,
      -1.247407
    ]
  },
  {
    "timeStamp": 12,
    "rotation": [
      [
        -0.637636542,
        0.318834841,
        0.701258838
      ],
      [
        0.0344822332,
        0.921227753,
        -0.3874923
      ],
      [
        -0.769565165,
        -0.222898275,
        -0.5984027
      ]
    ],
    "translation": [
      2.05235481,
      1.59049714,
      -1.24665117
    ]
  },
  {
    "timeStamp": 24,
    "rotation": [
      [
        -0.5666137,
        0.355290234,
        0.74345
      ],
      [
        0.04466573,
        0.91418016,
        -0.402839541
      ],
      [
        -0.822772145,
        -0.195047662,
        -0.5338562
      ]
    ],
    "translation": [
      2.052531,
      1.59101,
      -1.21760225
    ]
  },
  {
    "timeStamp": 79,
    "rotation": [
      [
        -0.5066479,
        0.38035804,
        0.773715556
      ],
      [
        0.0596219376,
        0.9107313,
        -0.408673018
      ],
      [
        -0.860089064,
        -0.160922915,
        -0.484097838
      ]
    ],
    "translation": [
      2.052412,
      1.59358633,
      -1.189822
    ]
  },
  {
    "timeStamp": 123,
    "rotation": [
      [
        -0.459251523,
        0.392867118,
        0.796707869
      ],
      [
        0.0686630756,
        0.9099007,
        -0.409104079
      ],
      [
        -0.885648549,
        -0.133177266,
        -0.444848746
      ]
    ],
    "translation": [
      2.05207372,
      1.59651458,
      -1.16835546
    ]
  },
  {
    "timeStamp": 179,
    "rotation": [
      [
        -0.387834221,
        0.40439707,
        0.8282799
      ],
      [
        0.08029283,
        0.9100219,
        -0.406710178
      ],
      [
        -0.9182253,
        -0.09123119,
        -0.385407835
      ]
    ],
    "translation": [
      2.0513773,
      1.6003052,
      -1.13928056
    ]
  },
  {
    "timeStamp": 223,
    "rotation": [
      [
        -0.325512677,
        0.407749683,
        0.8531012
      ],
      [
        0.0853821561,
        0.9112289,
        -0.402953744
      ],
      [
        -0.941674769,
        -0.0583269261,
        -0.3314311
      ]
    ],
    "translation": [
      2.04995251,
      1.60332537,
      -1.114748
    ]
  },
  {
    "timeStamp": 354,
    "rotation": [
      [
        -0.309327781,
        0.4074276,
        0.859255
      ],
      [
        0.08657281,
        0.9118831,
        -0.401216149
      ],
      [
        -0.9470066,
        -0.04971918,
        -0.317342937
      ]
    ],
    "translation": [
      2.04930639,
      1.60393012,
      -1.10823727
    ]
  },
  {
    "timeStamp": 356,
    "rotation": [
      [
        -0.309327781,
        0.4074276,
        0.859255
      ],
      [
        0.08657281,
        0.9118831,
        -0.401216149
      ],
      [
        -0.9470066,
        -0.04971918,
        -0.317342937
      ]
    ],
    "translation": [
      2.04930639,
      1.60393012,
      -1.10823727
    ]
  },
  {
    "timeStamp": 395,
    "rotation": [
      [
        -0.09873017,
        0.406237036,
        0.9084183
      ],
      [
        0.111182734,
        0.911665857,
        -0.395605564
      ],
      [
        -0.9888836,
        0.0619422272,
        -0.135175467
      ]
    ],
    "translation": [
      2.03855777,
      1.61045086,
      -1.02212834
    ]
  },
  {
    "timeStamp": 446,
    "rotation": [
      [
        -0.0250732843,
        0.4050714,
        0.913941145
      ],
      [
        0.12872155,
        0.907926261,
        -0.398874164
      ],
      [
        -0.991363764,
        0.107642837,
        -0.07490611
      ]
    ],
    "translation": [
      2.033926,
      1.61037791,
      -0.9918981
    ]
  },
  {
    "timeStamp": 490,
    "rotation": [
      [
        0.04534094,
        0.404350072,
        0.913479745
      ],
      [
        0.149272278,
        0.901411533,
        -0.4064173
      ],
      [
        -0.987756,
        0.15478453,
        -0.0194874089
      ]
    ],
    "translation": [
      2.02954626,
      1.60844862,
      -0.967978656
    ]
  },
  {
    "timeStamp": 546,
    "rotation": [
      [
        0.143173382,
        0.402670562,
        0.9040784
      ],
      [
        0.180162162,
        0.887622535,
        -0.423872381
      ],
      [
        -0.97316134,
        0.223567978,
        0.05453792
      ]
    ],
    "translation": [
      2.02215719,
      1.603455,
      -0.939749062
    ]
  },
  {
    "timeStamp": 590,
    "rotation": [
      [
        0.228920728,
        0.4013878,
        0.886838853
      ],
      [
        0.204185665,
        0.8709648,
        -0.446909845
      ],
      [
        -0.9517897,
        0.2833867,
        0.117424272
      ]
    ],
    "translation": [
      2.01443148,
      1.599497,
      -0.9191837
    ]
  },
  {
    "timeStamp": 646,
    "rotation": [
      [
        0.347509772,
        0.392736524,
        0.851466358
      ],
      [
        0.228662282,
        0.8451517,
        -0.4831481
      ],
      [
        -0.909368157,
        0.362596929,
        0.203894466
      ]
    ],
    "translation": [
      2.00229216,
      1.59527624,
      -0.89662534
    ]
  },
  {
    "timeStamp": 690,
    "rotation": [
      [
        0.441307962,
        0.3770018,
        0.8143199
      ],
      [
        0.238498777,
        0.8255513,
        -0.511452258
      ],
      [
        -0.865081251,
        0.419922262,
        0.2744079
      ]
    ],
    "translation": [
      1.99119592,
      1.59238684,
      -0.881371439
    ]
  },
  {
    "timeStamp": 746,
    "rotation": [
      [
        0.5522061,
        0.352772951,
        0.755393744
      ],
      [
        0.2362805,
        0.8026948,
        -0.547588
      ],
      [
        -0.799524844,
        0.480866224,
        0.35989958
      ]
    ],
    "translation": [
      1.97688556,
      1.58781517,
      -0.8660335
    ]
  },
  {
    "timeStamp": 790,
    "rotation": [
      [
        0.626627266,
        0.321561545,
        0.7098848
      ],
      [
        0.2289209,
        0.794768333,
        -0.562084138
      ],
      [
        -0.744938552,
        0.514724731,
        0.424411327
      ]
    ],
    "translation": [
      1.96713638,
      1.58627427,
      -0.85610944
    ]
  },
  {
    "timeStamp": 847,
    "rotation": [
      [
        0.7106294,
        0.2759861,
        0.6471766
      ],
      [
        0.221779391,
        0.78508544,
        -0.5783207
      ],
      [
        -0.6676974,
        0.5545021,
        0.49669674
      ]
    ],
    "translation": [
      1.95662642,
      1.58454776,
      -0.847316444
    ]
  },
  {
    "timeStamp": 893,
    "rotation": [
      [
        0.7662962,
        0.24293077,
        0.5947896
      ],
      [
        0.215566427,
        0.7748832,
        -0.5942113
      ],
      [
        -0.605244756,
        0.583558559,
        0.541422367
      ]
    ],
    "translation": [
      1.948678,
      1.58262634,
      -0.843667567
    ]
  },
  {
    "timeStamp": 950,
    "rotation": [
      [
        0.814672947,
        0.206832871,
        0.5417823
      ],
      [
        0.211681053,
        0.763714731,
        -0.609861434
      ],
      [
        -0.5399065,
        0.6115227,
        0.5783951
      ]
    ],
    "translation": [
      1.943337,
      1.57997668,
      -0.842269957
    ]
  },
  {
    "timeStamp": 995,
    "rotation": [
      [
        0.8655867,
        0.168099269,
        0.471701473
      ],
      [
        0.199813992,
        0.747790754,
        -0.633153439
      ],
      [
        -0.459166676,
        0.642301738,
        0.6136891
      ]
    ],
    "translation": [
      1.9404186,
      1.5754503,
      -0.8422995
    ]
  },
  {
    "timeStamp": 1040,
    "rotation": [
      [
        0.8965125,
        0.1479637,
        0.417578727
      ],
      [
        0.186832428,
        0.7283802,
        -0.659208536
      ],
      [
        -0.401695,
        0.66900593,
        0.625357568
      ]
    ],
    "translation": [
      1.94113684,
      1.57079852,
      -0.845184863
    ]
  },
  {
    "timeStamp": 1095,
    "rotation": [
      [
        0.9290078,
        0.122296818,
        0.34926787
      ],
      [
        0.172820181,
        0.6911928,
        -0.701702
      ],
      [
        -0.327227384,
        0.7122472,
        0.620988131
      ]
    ],
    "translation": [
      1.9454565,
      1.56351173,
      -0.8513333
    ]
  },
  {
    "timeStamp": 1140,
    "rotation": [
      [
        0.950147867,
        0.101669773,
        0.294758052
      ],
      [
        0.160462141,
        0.65110606,
        -0.7418307
      ],
      [
        -0.2673405,
        0.752146363,
        0.6023329
      ]
    ],
    "translation": [
      1.95059848,
      1.556386,
      -0.8588466
    ]
  },
  {
    "timeStamp": 1196,
    "rotation": [
      [
        0.970279038,
        0.07957917,
        0.228529543
      ],
      [
        0.132846132,
        0.6141812,
        -0.77790314
      ],
      [
        -0.20226346,
        0.785142362,
        0.5853554
      ]
    ],
    "translation": [
      1.95952582,
      1.54819262,
      -0.8665921
    ]
  },
  {
    "timeStamp": 1240,
    "rotation": [
      [
        0.981953561,
        0.0605030432,
        0.179183051
      ],
      [
        0.109491818,
        0.5906425,
        -0.7994704
      ],
      [
        -0.154203519,
        0.80466187,
        0.573358953
      ]
    ],
    "translation": [
      1.967916,
      1.541935,
      -0.872067153
    ]
  },
  {
    "timeStamp": 1295,
    "rotation": [
      [
        0.991924167,
        0.03417085,
        0.122142375
      ],
      [
        0.08199894,
        0.561915636,
        -0.823120236
      ],
      [
        -0.09676044,
        0.8264884,
        0.554575741
      ]
    ],
    "translation": [
      1.97909975,
      1.53384042,
      -0.8787344
    ]
  },
  {
    "timeStamp": 1340,
    "rotation": [
      [
        0.997114062,
        0.0170635376,
        0.07397555
      ],
      [
        0.05265315,
        0.5465384,
        -0.835777164
      ],
      [
        -0.0546917878,
        0.8372602,
        0.5440627
      ]
    ],
    "translation": [
      1.9867574,
      1.5283165,
      -0.8833203
    ]
  },
  {
    "timeStamp": 1395,
    "rotation": [
      [
        0.9997042,
        -0.0239400063,
        -0.004294841
      ],
      [
        0.009262864,
        0.5380186,
        -0.8428821
      ],
      [
        0.0224893074,
        0.842592955,
        0.5380812
      ]
    ],
    "translation": [
      1.99356353,
      1.52243674,
      -0.8877434
    ]
  },
  {
    "timeStamp": 1440,
    "rotation": [
      [
        0.995501339,
        -0.05798309,
        -0.07493299
      ],
      [
        -0.0331585035,
        0.527650833,
        -0.8488139
      ],
      [
        0.08875532,
        0.847480059,
        0.52335453
      ]
    ],
    "translation": [
      1.9964782,
      1.51828921,
      -0.8914277
    ]
  },
  {
    "timeStamp": 1495,
    "rotation": [
      [
        0.9854597,
        -0.0823887,
        -0.14859806
      ],
      [
        -0.08593167,
        0.5128049,
        -0.8541937
      ],
      [
        0.146577731,
        0.854542732,
        0.498268723
      ]
    ],
    "translation": [
      1.99865651,
      1.51487827,
      -0.8953051
    ]
  },
  {
    "timeStamp": 1540,
    "rotation": [
      [
        0.974076331,
        -0.108843513,
        -0.198313922
      ],
      [
        -0.118103579,
        0.503009,
        -0.8561737
      ],
      [
        0.192942679,
        0.8574001,
        0.477114379
      ]
    ],
    "translation": [
      1.99984765,
      1.51258337,
      -0.897080243
    ]
  },
  {
    "timeStamp": 1595,
    "rotation": [
      [
        0.9576513,
        -0.147465631,
        -0.247301087
      ],
      [
        -0.147166118,
        0.4875406,
        -0.8606081
      ],
      [
        0.247479439,
        0.860556841,
        0.44519195
      ]
    ],
    "translation": [
      2.00054121,
      1.50897157,
      -0.8992414
    ]
  },
  {
    "timeStamp": 1640,
    "rotation": [
      [
        0.944397867,
        -0.17552036,
        -0.278038353
      ],
      [
        -0.1659631,
        0.4755228,
        -0.863906443
      ],
      [
        0.283846736,
        0.8620155,
        0.4199528
      ]
    ],
    "translation": [
      2.00028825,
      1.50560153,
      -0.900359
    ]
  },
  {
    "timeStamp": 1695,
    "rotation": [
      [
        0.9288738,
        -0.206792474,
        -0.3072953
      ],
      [
        -0.185328752,
        0.4588414,
        -0.868975163
      ],
      [
        0.3206973,
        0.8641189,
        0.38788116
      ]
    ],
    "translation": [
      1.99929845,
      1.50024974,
      -0.9010592
    ]
  },
  {
    "timeStamp": 1751,
    "rotation": [
      [
        0.918412566,
        -0.228952974,
        -0.3226435
      ],
      [
        -0.197986051,
        0.4400802,
        -0.8758601
      ],
      [
        0.34251982,
        0.8682799,
        0.358845681
      ]
    ],
    "translation": [
      1.99760079,
      1.49544942,
      -0.9017555
    ]
  },
  {
    "timeStamp": 1795,
    "rotation": [
      [
        0.906537,
        -0.2531889,
        -0.33776632
      ],
      [
        -0.213013858,
        0.4164258,
        -0.8838635
      ],
      [
        0.36443904,
        0.8732039,
        0.323572636
      ]
    ],
    "translation": [
      1.99365723,
      1.49011981,
      -0.9032212
    ]
  },
  {
    "timeStamp": 1850,
    "rotation": [
      [
        0.8950597,
        -0.27380994,
        -0.351988971
      ],
      [
        -0.22497353,
        0.40425688,
        -0.8865457
      ],
      [
        0.385038972,
        0.8726995,
        0.30023405
      ]
    ],
    "translation": [
      1.98787308,
      1.48734677,
      -0.904283
    ]
  },
  {
    "timeStamp": 1894,
    "rotation": [
      [
        0.879270852,
        -0.298529148,
        -0.3711644
      ],
      [
        -0.23957184,
        0.396326661,
        -0.8863016
      ],
      [
        0.411689222,
        0.8682197,
        0.2769593
      ]
    ],
    "translation": [
      1.97885585,
      1.48591769,
      -0.9060785
    ]
  },
  {
    "timeStamp": 1950,
    "rotation": [
      [
        0.866464436,
        -0.316810876,
        -0.385837078
      ],
      [
        -0.248198256,
        0.397215,
        -0.8835258
      ],
      [
        0.433170885,
        0.86130774,
        0.265540779
      ]
    ],
    "translation": [
      1.96988964,
      1.48650181,
      -0.907584
    ]
  },
  {
    "timeStamp": 1994,
    "rotation": [
      [
        0.8525875,
        -0.336577356,
        -0.39976263
      ],
      [
        -0.2553595,
        0.399097979,
        -0.8806318
      ],
      [
        0.455945134,
        0.852898836,
        0.25431776
      ]
    ],
    "translation": [
      1.95812893,
      1.487369,
      -0.909258664
    ]
  },
  {
    "timeStamp": 2050,
    "rotation": [
      [
        0.8455362,
        -0.3472548,
        -0.405564576
      ],
      [
        -0.2572931,
        0.400575429,
        -0.8793973
      ],
      [
        0.467834175,
        0.8479112,
        0.249354735
      ]
    ],
    "translation": [
      1.94810915,
      1.48774207,
      -0.9100606
    ]
  },
  {
    "timeStamp": 2094,
    "rotation": [
      [
        0.839025855,
        -0.357640624,
        -0.4100352
      ],
      [
        -0.2581385,
        0.401741624,
        -0.8786172
      ],
      [
        0.478957385,
        0.8430284,
        0.244750783
      ]
    ],
    "translation": [
      1.93460274,
      1.487672,
      -0.910996854
    ]
  },
  {
    "timeStamp": 2150,
    "rotation": [
      [
        0.8379516,
        -0.364983737,
        -0.40573886
      ],
      [
        -0.253992945,
        0.397217065,
        -0.8818765
      ],
      [
        0.483036965,
        0.8420247,
        0.2401454
      ]
    ],
    "translation": [
      1.92262483,
      1.48739159,
      -0.9118336
    ]
  },
  {
    "timeStamp": 2194,
    "rotation": [
      [
        0.8364115,
        -0.375505835,
        -0.399263352
      ],
      [
        -0.2478162,
        0.390652239,
        -0.886554
      ],
      [
        0.4888793,
        0.8404679,
        0.2336896
      ]
    ],
    "translation": [
      1.90646291,
      1.48763144,
      -0.9133591
    ]
  },
  {
    "timeStamp": 2250,
    "rotation": [
      [
        0.8337837,
        -0.38749516,
        -0.393258452
      ],
      [
        -0.238526925,
        0.389562368,
        -0.8895763
      ],
      [
        0.497905225,
        0.835517,
        0.23238273
      ]
    ],
    "translation": [
      1.89256763,
      1.4878546,
      -0.914530933
    ]
  },
  {
    "timeStamp": 2295,
    "rotation": [
      [
        0.8292325,
        -0.403089583,
        -0.387159139
      ],
      [
        -0.226895154,
        0.3902724,
        -0.892303765
      ],
      [
        0.5107759,
        0.827771842,
        0.232167512
      ]
    ],
    "translation": [
      1.8749125,
      1.48790276,
      -0.9158284
    ]
  },
  {
    "timeStamp": 2350,
    "rotation": [
      [
        0.826743,
        -0.413859338,
        -0.38107273
      ],
      [
        -0.218888015,
        0.387359083,
        -0.8955674
      ],
      [
        0.5182509,
        0.823816359,
        0.22965759
      ]
    ],
    "translation": [
      1.86053944,
      1.48768818,
      -0.9163936
    ]
  },
  {
    "timeStamp": 2394,
    "rotation": [
      [
        0.8226889,
        -0.428035438,
        -0.374123782
      ],
      [
        -0.208863854,
        0.384495378,
        -0.899188042
      ],
      [
        0.528733253,
        0.817892969,
        0.226918936
      ]
    ],
    "translation": [
      1.84324789,
      1.48711145,
      -0.9168449
    ]
  },
  {
    "timeStamp": 2450,
    "rotation": [
      [
        0.8209626,
        -0.4374101,
        -0.367005229
      ],
      [
        -0.200788468,
        0.380548418,
        -0.902699769
      ],
      [
        0.5345133,
        0.814773142,
        0.224589109
      ]
    ],
    "translation": [
      1.83026338,
      1.48608625,
      -0.9166116
    ]
  },
  {
    "timeStamp": 2494,
    "rotation": [
      [
        0.8218425,
        -0.44644624,
        -0.35392192
      ],
      [
        -0.18904689,
        0.372324049,
        -0.9086452
      ],
      [
        0.5374349,
        0.813671052,
        0.221592441
      ]
    ],
    "translation": [
      1.814801,
      1.48434317,
      -0.9164941
    ]
  },
  {
    "timeStamp": 2550,
    "rotation": [
      [
        0.8248162,
        -0.451749146,
        -0.340001285
      ],
      [
        -0.177123725,
        0.364624381,
        -0.9141533
      ],
      [
        0.536940753,
        0.8142308,
        0.2207326
      ]
    ],
    "translation": [
      1.80350089,
      1.482623,
      -0.916069
    ]
  },
  {
    "timeStamp": 2594,
    "rotation": [
      [
        0.830499768,
        -0.4546494,
        -0.321813583
      ],
      [
        -0.161653921,
        0.356151551,
        -0.9203391
      ],
      [
        0.533046,
        0.8163639,
        0.222287938
      ]
    ],
    "translation": [
      1.789896,
      1.48053467,
      -0.915364563
    ]
  },
  {
    "timeStamp": 2650,
    "rotation": [
      [
        0.836811662,
        -0.4545845,
        -0.3051215
      ],
      [
        -0.147232786,
        0.3499286,
        -0.925133765
      ],
      [
        0.527322233,
        0.8190866,
        0.225894585
      ]
    ],
    "translation": [
      1.7799058,
      1.47887933,
      -0.914665163
    ]
  },
  {
    "timeStamp": 2695,
    "rotation": [
      [
        0.847189665,
        -0.4518021,
        -0.2795435
      ],
      [
        -0.124260314,
        0.343067139,
        -0.9310555
      ],
      [
        0.516555,
        0.8235167,
        0.234501868
      ]
    ],
    "translation": [
      1.76850438,
      1.47697484,
      -0.913502634
    ]
  },
  {
    "timeStamp": 2750,
    "rotation": [
      [
        0.858149052,
        -0.448484,
        -0.249884382
      ],
      [
        -0.09681521,
        0.3366269,
        -0.936647832
      ],
      [
        0.5041894,
        0.8279761,
        0.24545598
      ]
    ],
    "translation": [
      1.7602272,
      1.4755441,
      -0.9120932
    ]
  },
  {
    "timeStamp": 2794,
    "rotation": [
      [
        0.8720915,
        -0.440570027,
        -0.2129661
      ],
      [
        -0.06316266,
        0.33022067,
        -0.9417881
      ],
      [
        0.4852494,
        0.8347769,
        0.260155052
      ]
    ],
    "translation": [
      1.75024033,
      1.47360241,
      -0.91031
    ]
  },
  {
    "timeStamp": 2850,
    "rotation": [
      [
        0.8832671,
        -0.432910383,
        -0.180076867
      ],
      [
        -0.032626275,
        0.326386422,
        -0.9446732
      ],
      [
        0.467733473,
        0.840274036,
        0.274162143
      ]
    ],
    "translation": [
      1.74276352,
      1.47178626,
      -0.9083032
    ]
  },
  {
    "timeStamp": 2894,
    "rotation": [
      [
        0.896736741,
        -0.419159532,
        -0.14201583
      ],
      [
        0.0009975588,
        0.322806627,
        -0.9464644
      ],
      [
        0.4425632,
        0.848587751,
        0.2898907
      ]
    ],
    "translation": [
      1.73378825,
      1.46956742,
      -0.9056117
    ]
  },
  {
    "timeStamp": 2950,
    "rotation": [
      [
        0.905970335,
        -0.4085106,
        -0.111071579
      ],
      [
        0.0267705843,
        0.3171271,
        -0.94800514
      ],
      [
        0.422493935,
        0.855891049,
        0.298243821
      ]
    ],
    "translation": [
      1.72769475,
      1.46789658,
      -0.903714359
    ]
  },
  {
    "timeStamp": 2995,
    "rotation": [
      [
        0.9134231,
        -0.399703145,
        -0.07678222
      ],
      [
        0.0552878939,
        0.308750719,
        -0.9495348
      ],
      [
        0.4032386,
        0.863081932,
        0.304118782
      ]
    ],
    "translation": [
      1.72120333,
      1.4661665,
      -0.901861131
    ]
  },
  {
    "timeStamp": 3050,
    "rotation": [
      [
        0.9181844,
        -0.3928282,
        -0.05121881
      ],
      [
        0.07695336,
        0.303689361,
        -0.949658334
      ],
      [
        0.388607174,
        0.86802,
        0.3090723
      ]
    ],
    "translation": [
      1.71757865,
      1.46502209,
      -0.9004887
    ]
  },
  {
    "timeStamp": 3094,
    "rotation": [
      [
        0.9208534,
        -0.3894153,
        -0.01961489
      ],
      [
        0.106582679,
        0.2997894,
        -0.9480329
      ],
      [
        0.37505886,
        0.870908737,
        0.317567021
      ]
    ],
    "translation": [
      1.71447134,
      1.46403039,
      -0.89863795
    ]
  },
  {
    "timeStamp": 3150,
    "rotation": [
      [
        0.9211262,
        -0.389264077,
        0.000218346642
      ],
      [
        0.126621142,
        0.299096555,
        -0.9457845
      ],
      [
        0.368094623,
        0.8712145,
        0.3247947
      ]
    ],
    "translation": [
      1.71327043,
      1.46367693,
      -0.89721936
    ]
  },
  {
    "timeStamp": 3194,
    "rotation": [
      [
        0.9210055,
        -0.389071167,
        0.0193019658
      ],
      [
        0.1467494,
        0.3006318,
        -0.9423827
      ],
      [
        0.360851139,
        0.8707722,
        0.3339795
      ]
    ],
    "translation": [
      1.71268559,
      1.46354461,
      -0.8952672
    ]
  },
  {
    "timeStamp": 3250,
    "rotation": [
      [
        0.9199908,
        -0.391013771,
        0.0269282684
      ],
      [
        0.156683028,
        0.303932756,
        -0.939720869
      ],
      [
        0.3592594,
        0.868753731,
        0.340880543
      ]
    ],
    "translation": [
      1.7127943,
      1.46359837,
      -0.893680155
    ]
  },
  {
    "timeStamp": 3294,
    "rotation": [
      [
        0.918620467,
        -0.39380607,
        0.0324546024
      ],
      [
        0.164096683,
        0.305484772,
        -0.9379506
      ],
      [
        0.359456241,
        0.8669463,
        0.345246822
      ]
    ],
    "translation": [
      1.71342182,
      1.46363723,
      -0.891434968
    ]
  },
  {
    "timeStamp": 3350,
    "rotation": [
      [
        0.9186121,
        -0.393820524,
        0.032515455
      ],
      [
        0.164003059,
        0.305094957,
        -0.938093841
      ],
      [
        0.359520316,
        0.867077,
        0.344851673
      ]
    ],
    "translation": [
      1.71387577,
      1.46380484,
      -0.889241636
    ]
  },
  {
    "timeStamp": 3394,
    "rotation": [
      [
        0.9205624,
        -0.3893744,
        0.0308613684
      ],
      [
        0.1614334,
        0.3073326,
        -0.9378091
      ],
      [
        0.355674148,
        0.8682939,
        0.3457769
      ]
    ],
    "translation": [
      1.71462536,
      1.46388924,
      -0.8851573
    ]
  },
  {
    "timeStamp": 3450,
    "rotation": [
      [
        0.9245222,
        -0.379881263,
        0.0308023188
      ],
      [
        0.158374026,
        0.309408724,
        -0.937648058
      ],
      [
        0.346664429,
        0.871754766,
        0.3462186
      ]
    ],
    "translation": [
      1.71530867,
      1.4636209,
      -0.8815467
    ]
  },
  {
    "timeStamp": 3494,
    "rotation": [
      [
        0.9294256,
        -0.36730957,
        0.03538049
      ],
      [
        0.158064157,
        0.309644341,
        -0.9376226
      ],
      [
        0.3334424,
        0.87704283,
        0.345849842
      ]
    ],
    "translation": [
      1.71665239,
      1.46270692,
      -0.8771954
    ]
  },
  {
    "timeStamp": 3550,
    "rotation": [
      [
        0.932769835,
        -0.3577302,
        0.0443795
      ],
      [
        0.162562534,
        0.307566971,
        -0.9375372
      ],
      [
        0.3217357,
        0.881720841,
        0.345042735
      ]
    ],
    "translation": [
      1.71754265,
      1.46191347,
      -0.874075234
    ]
  },
  {
    "timeStamp": 3594,
    "rotation": [
      [
        0.9336219,
        -0.354055583,
        0.05472557
      ],
      [
        0.170827717,
        0.3056806,
        -0.9366842
      ],
      [
        0.314909726,
        0.8838575,
        0.3458726
      ]
    ],
    "translation": [
      1.71810651,
      1.46128857,
      -0.8700139
    ]
  },
  {
    "timeStamp": 3650,
    "rotation": [
      [
        0.9326263,
        -0.3557642,
        0.0603317432
      ],
      [
        0.177563876,
        0.306913823,
        -0.9350267
      ],
      [
        0.3141324,
        0.8827433,
        0.349406779
      ]
    ],
    "translation": [
      1.71758032,
      1.4611448,
      -0.866701543
    ]
  },
  {
    "timeStamp": 3695,
    "rotation": [
      [
        0.9310058,
        -0.359283566,
        0.06436991
      ],
      [
        0.183809072,
        0.309127629,
        -0.9330886
      ],
      [
        0.3153449,
        0.880542636,
        0.3538392
      ]
    ],
    "translation": [
      1.71639037,
      1.46090615,
      -0.8628004
    ]
  },
  {
    "timeStamp": 3750,
    "rotation": [
      [
        0.928283453,
        -0.366281569,
        0.0642466
      ],
      [
        0.186617345,
        0.30940035,
        -0.9324406
      ],
      [
        0.3216579,
        0.8775587,
        0.355565727
      ]
    ],
    "translation": [
      1.7150476,
      1.46029854,
      -0.8601782
    ]
  },
  {
    "timeStamp": 3794,
    "rotation": [
      [
        0.924491763,
        -0.37601164,
        0.06269242
      ],
      [
        0.1884022,
        0.307721883,
        -0.932637036
      ],
      [
        0.33139056,
        0.874026656,
        0.355327755
      ]
    ],
    "translation": [
      1.71372747,
      1.459263,
      -0.857619941
    ]
  },
  {
    "timeStamp": 3850,
    "rotation": [
      [
        0.9220126,
        -0.3824043,
        0.06049413
      ],
      [
        0.187864408,
        0.305276781,
        -0.9335486
      ],
      [
        0.338525563,
        0.87210834,
        0.3533092
      ]
    ],
    "translation": [
      1.71338463,
      1.45805037,
      -0.856335938
    ]
  },
  {
    "timeStamp": 3896,
    "rotation": [
      [
        0.9200746,
        -0.3872333,
        0.05927233
      ],
      [
        0.187173888,
        0.301631957,
        -0.9348712
      ],
      [
        0.3441348,
        0.871245444,
        0.350003839
      ]
    ],
    "translation": [
      1.71426129,
      1.45711076,
      -0.8555741
    ]
  },
  {
    "timeStamp": 3952,
    "rotation": [
      [
        0.9208457,
        -0.3853509,
        0.05956382
      ],
      [
        0.186099917,
        0.300096959,
        -0.9355793
      ],
      [
        0.342651427,
        0.872609,
        0.348056763
      ]
    ],
    "translation": [
      1.71573949,
      1.45728314,
      -0.8557139
    ]
  },
  {
    "timeStamp": 3994,
    "rotation": [
      [
        0.9240355,
        -0.37770614,
        0.0591313876
      ],
      [
        0.184467018,
        0.3050175,
        -0.934310555
      ],
      [
        0.334858716,
        0.874243855,
        0.3515213
      ]
    ],
    "translation": [
      1.71831012,
      1.45877373,
      -0.855578244
    ]
  },
  {
    "timeStamp": 4049,
    "rotation": [
      [
        0.9288341,
        -0.3656494,
        0.0597304925
      ],
      [
        0.1832246,
        0.313212484,
        -0.9318405
      ],
      [
        0.3220186,
        0.876469254,
        0.3579184
      ]
    ],
    "translation": [
      1.7215364,
      1.46094048,
      -0.8556493
    ]
  },
  {
    "timeStamp": 4094,
    "rotation": [
      [
        0.9363604,
        -0.344901055,
        0.06536354
      ],
      [
        0.184415087,
        0.3248683,
        -0.927605331
      ],
      [
        0.298697531,
        0.880627,
        0.367798775
      ]
    ],
    "translation": [
      1.72741652,
      1.46390212,
      -0.8555849
    ]
  },
  {
    "timeStamp": 4149,
    "rotation": [
      [
        0.9441403,
        -0.319828272,
        0.0794287
      ],
      [
        0.190612391,
        0.333387464,
        -0.923319936
      ],
      [
        0.2688233,
        0.8868837,
        0.3757278
      ]
    ],
    "translation": [
      1.73461747,
      1.46638119,
      -0.855669558
    ]
  },
  {
    "timeStamp": 4194,
    "rotation": [
      [
        0.9531586,
        -0.282231718,
        0.108783931
      ],
      [
        0.206402987,
        0.3440027,
        -0.916002154
      ],
      [
        0.221102908,
        0.8955487,
        0.386142582
      ]
    ],
    "translation": [
      1.74615669,
      1.46950066,
      -0.8556923
    ]
  },
  {
    "timeStamp": 4250,
    "rotation": [
      [
        0.95840776,
        -0.2474892,
        0.142139629
      ],
      [
        0.225392416,
        0.350825518,
        -0.9089113
      ],
      [
        0.175079525,
        0.9031448,
        0.392016083
      ]
    ],
    "translation": [
      1.75768566,
      1.47203732,
      -0.856203258
    ]
  },
  {
    "timeStamp": 4293,
    "rotation": [
      [
        0.961903334,
        -0.199318,
        0.187120914
      ],
      [
        0.249418139,
        0.359526336,
        -0.89918375
      ],
      [
        0.111948617,
        0.9115992,
        0.395543128
      ]
    ],
    "translation": [
      1.77346039,
      1.47534454,
      -0.857336342
    ]
  },
  {
    "timeStamp": 4349,
    "rotation": [
      [
        0.960762262,
        -0.147573873,
        0.234857172
      ],
      [
        0.273800462,
        0.369116336,
        -0.8881365
      ],
      [
        0.04437613,
        0.917592049,
        0.3950388
      ]
    ],
    "translation": [
      1.79088306,
      1.47862017,
      -0.8590532
    ]
  },
  {
    "timeStamp": 4393,
    "rotation": [
      [
        0.956584632,
        -0.109827369,
        0.269970059
      ],
      [
        0.291407883,
        0.377019972,
        -0.87916857
      ],
      [
        -0.0052273334,
        0.9196705,
        0.392656058
      ]
    ],
    "translation": [
      1.80473089,
      1.48122633,
      -0.8606587
    ]
  },
  {
    "timeStamp": 4449,
    "rotation": [
      [
        0.9501071,
        -0.06931771,
        0.3041241
      ],
      [
        0.306745082,
        0.3845596,
        -0.8706442
      ],
      [
        -0.05660279,
        0.920493841,
        0.3866357
      ]
    ],
    "translation": [
      1.82149768,
      1.48416245,
      -0.863089263
    ]
  },
  {
    "timeStamp": 4493,
    "rotation": [
      [
        0.9453038,
        -0.0428494439,
        0.323364556
      ],
      [
        0.313810974,
        0.3899873,
        -0.865697742
      ],
      [
        -0.0890134051,
        0.919822752,
        0.3821031
      ]
    ],
    "translation": [
      1.83433151,
      1.48622692,
      -0.8646515
    ]
  },
  {
    "timeStamp": 4549,
    "rotation": [
      [
        0.9416138,
        -0.01443421,
        0.33638528
      ],
      [
        0.3141005,
        0.397478968,
        -0.862178266
      ],
      [
        -0.1212612,
        0.9174977,
        0.3788055
      ]
    ],
    "translation": [
      1.84951591,
      1.488226,
      -0.8661327
    ]
  },
  {
    "timeStamp": 4593,
    "rotation": [
      [
        0.940350831,
        0.004280624,
        0.340179324
      ],
      [
        0.310105324,
        0.4004347,
        -0.862256765
      ],
      [
        -0.139910609,
        0.9163153,
        0.37522167
      ]
    ],
    "translation": [
      1.86143613,
      1.4892627,
      -0.8666461
    ]
  },
  {
    "timeStamp": 4649,
    "rotation": [
      [
        0.941274166,
        0.0230188519,
        0.3368577
      ],
      [
        0.300061017,
        0.400408357,
        -0.8658155
      ],
      [
        -0.154810727,
        0.916047633,
        0.369986981
      ]
    ],
    "translation": [
      1.87594175,
      1.48990548,
      -0.8675174
    ]
  },
  {
    "timeStamp": 4693,
    "rotation": [
      [
        0.9426365,
        0.03601586,
        0.331872523
      ],
      [
        0.290721744,
        0.400037318,
        -0.869166851
      ],
      [
        -0.1640652,
        0.915791,
        0.36661917
      ]
    ],
    "translation": [
      1.88757133,
      1.49006057,
      -0.8680971
    ]
  },
  {
    "timeStamp": 4746,
    "rotation": [
      [
        0.944040954,
        0.0472343974,
        0.3264286
      ],
      [
        0.281602263,
        0.399832934,
        -0.8722579
      ],
      [
        -0.171717465,
        0.915370166,
        0.364157349
      ]
    ],
    "translation": [
      1.89933336,
      1.49013484,
      -0.8685668
    ]
  },
  {
    "timeStamp": 4799,
    "rotation": [
      [
        0.94508034,
        0.0576408654,
        0.321715027
      ],
      [
        0.273441881,
        0.399741083,
        -0.8748923
      ],
      [
        -0.1790323,
        0.914813936,
        0.362026036
      ]
    ],
    "translation": [
      1.91461194,
      1.49033177,
      -0.868980944
    ]
  },
  {
    "timeStamp": 4844,
    "rotation": [
      [
        0.946109354,
        0.06661914,
        0.3169212
      ],
      [
        0.2655044,
        0.400778085,
        -0.8768605
      ],
      [
        -0.185430765,
        0.9137499,
        0.361492217
      ]
    ],
    "translation": [
      1.92983961,
      1.49068415,
      -0.869255245
    ]
  },
  {
    "timeStamp": 4899,
    "rotation": [
      [
        0.9479366,
        0.07278985,
        0.31002897
      ],
      [
        0.256186426,
        0.4039872,
        -0.8781588
      ],
      [
        -0.189168751,
        0.911864042,
        0.36430648
      ]
    ],
    "translation": [
      1.9449892,
      1.49123311,
      -0.8692538
    ]
  },
  {
    "timeStamp": 4944,
    "rotation": [
      [
        0.9498722,
        0.07750209,
        0.3028799
      ],
      [
        0.247271225,
        0.406585,
        -0.8795144
      ],
      [
        -0.191310629,
        0.910319746,
        0.36703977
      ]
    ],
    "translation": [
      1.95719647,
      1.49145544,
      -0.8692648
    ]
  },
  {
    "timeStamp": 4999,
    "rotation": [
      [
        0.9515427,
        0.0873780549,
        0.294841737
      ],
      [
        0.235547662,
        0.409286141,
        -0.881477237
      ],
      [
        -0.197696418,
        0.9082125,
        0.3688715
      ]
    ],
    "translation": [
      1.972342,
      1.49133956,
      -0.8691135
    ]
  },
  {
    "timeStamp": 5044,
    "rotation": [
      [
        0.952671647,
        0.09371351,
        0.289196283
      ],
      [
        0.227686629,
        0.410384744,
        -0.883030653
      ],
      [
        -0.201433659,
        0.9070844,
        0.3696246
      ]
    ],
    "translation": [
      1.98450875,
      1.49096978,
      -0.86907953
    ]
  },
  {
    "timeStamp": 5099,
    "rotation": [
      [
        0.95413065,
        0.09822546,
        0.282818884
      ],
      [
        0.2202727,
        0.409468025,
        -0.8853338
      ],
      [
        -0.2027676,
        0.907021344,
        0.3690496
      ]
    ],
    "translation": [
      1.996372,
      1.49043083,
      -0.868917644
    ]
  },
  {
    "timeStamp": 5144,
    "rotation": [
      [
        0.9558224,
        0.105029292,
        0.274540216
      ],
      [
        0.2101377,
        0.408926845,
        -0.888043344
      ],
      [
        -0.205537438,
        0.906502962,
        0.368790835
      ]
    ],
    "translation": [
      2.01053882,
      1.48989272,
      -0.868809044
    ]
  },
  {
    "timeStamp": 5199,
    "rotation": [
      [
        0.957473755,
        0.110877641,
        0.266364783
      ],
      [
        0.200045943,
        0.410143048,
        -0.8898114
      ],
      [
        -0.207907841,
        0.9052562,
        0.370520562
      ]
    ],
    "translation": [
      2.0237236,
      1.48959649,
      -0.868407667
    ]
  },
  {
    "timeStamp": 5245,
    "rotation": [
      [
        0.9587501,
        0.114406183,
        0.2602103
      ],
      [
        0.192642182,
        0.411611438,
        -0.8907665
      ],
      [
        -0.209014758,
        0.90415,
        0.372593075
      ]
    ],
    "translation": [
      2.033329,
      1.48920953,
      -0.8676196
    ]
  },
  {
    "timeStamp": 5291,
    "rotation": [
      [
        0.960745454,
        0.114580877,
        0.2526645
      ],
      [
        0.185597464,
        0.4114727,
        -0.8923249
      ],
      [
        -0.206207931,
        0.904191,
        0.3740546
      ]
    ],
    "translation": [
      2.04192257,
      1.48864233,
      -0.8665332
    ]
  },
  {
    "timeStamp": 5347,
    "rotation": [
      [
        0.9636653,
        0.113974296,
        0.24157615
      ],
      [
        0.176104262,
        0.408917636,
        -0.895418167
      ],
      [
