[
  {
    "timeStamp": 34430,
    "rotation": [
      [
        0.9999961,
        1.01328953E-06,
        -0.00276184478
      ],
      [
        0.00276184478,
        -0.0006919367,
        0.999995947
      ],
      [
        -8.976543E-07,
        -0.9999997,
        -0.0006919369
      ]
    ],
    "translation": [
      1.15399575,
      0.701600552,
      -0.6200004
    ]
  },
  {
    "timeStamp": 34488,
    "rotation": [
      [
        0.9999798,
        -0.003356659,
        0.00538675766
      ],
      [
        -0.00547292177,
        -0.0262121558,
        0.9996414
      ],
      [
        -0.00321425614,
        -0.9996507,
        -0.0262299981
      ]
    ],
    "translation": [
      1.15394664,
      0.701527059,
      -0.6200679
    ]
  },
  {
    "timeStamp": 34529,
    "rotation": [
      [
        0.999846756,
        -0.00291456236,
        0.017260788
      ],
      [
        -0.0173449572,
        -0.0318650119,
        0.999341667
      ],
      [
        -0.00236262567,
        -0.999487936,
        -0.03191068
      ]
    ],
    "translation": [
      1.15399265,
      0.701671839,
      -0.6200832
    ]
  },
  {
    "timeStamp": 34585,
    "rotation": [
      [
        0.9999995,
        0.0009371014,
        -0.0003175757
      ],
      [
        0.0003082772,
        0.009906115,
        0.9999509
      ],
      [
        0.0009402013,
        -0.9999505,
        0.009905822
      ]
    ],
    "translation": [
      1.158227,
      0.701986134,
      -0.62240535
    ]
  },
  {
    "timeStamp": 34629,
    "rotation": [
      [
        0.9999862,
        0.00512609258,
        0.00119990285
      ],
      [
        -0.00125614274,
        0.010982221,
        0.9999389
      ],
      [
        0.005112602,
        -0.9999266,
        0.0109885074
      ]
    ],
    "translation": [
      1.1669836,
      0.7155286,
      -0.624840856
    ]
  },
  {
    "timeStamp": 34685,
    "rotation": [
      [
        0.9972928,
        -0.0172547847,
        0.07147854
      ],
      [
        -0.0714765638,
        0.0007316112,
        0.997442
      ],
      [
        -0.0172629431,
        -0.9998508,
        -0.0005036822
      ]
    ],
    "translation": [
      1.17164779,
      0.745836,
      -0.619577
    ]
  },
  {
    "timeStamp": 34729,
    "rotation": [
      [
        0.9900466,
        -0.04425468,
        0.133600786
      ],
      [
        -0.133694276,
        0.000853694743,
        0.9910222
      ],
      [
        -0.0439714268,
        -0.9990199,
        -0.00507139973
      ]
    ],
    "translation": [
      1.182705,
      0.7760103,
      -0.616904736
    ]
  },
  {
    "timeStamp": 34785,
    "rotation": [
      [
        0.973717153,
        -0.08788675,
        0.210120946
      ],
      [
        -0.209578335,
        0.0154611813,
        0.9776696
      ],
      [
        -0.08917293,
        -0.9960105,
        -0.0033643425
      ]
    ],
    "translation": [
      1.20947063,
      0.8162243,
      -0.617036939
    ]
  },
  {
    "timeStamp": 34829,
    "rotation": [
      [
        0.956196666,
        -0.133212388,
        0.260657758
      ],
      [
        -0.25883615,
        0.0311223641,
        0.9654197
      ],
      [
        -0.136718154,
        -0.9905988,
        -0.00472108
      ]
    ],
    "translation": [
      1.24162,
      0.848733366,
      -0.617016733
    ]
  },
  {
    "timeStamp": 34885,
    "rotation": [
      [
        0.9311811,
        -0.199313521,
        0.3052475
      ],
      [
        -0.302947,
        0.04270833,
        0.95205
      ],
      [
        -0.202793032,
        -0.9790047,
        -0.0206122454
      ]
    ],
    "translation": [
      1.296388,
      0.8836237,
      -0.6167633
    ]
  },
  {
    "timeStamp": 34930,
    "rotation": [
      [
        0.9095261,
        -0.257098883,
        0.326592177
      ],
      [
        -0.322252482,
        0.06009031,
        0.944744647
      ],
      [
        -0.26251784,
        -0.9645151,
        -0.02819705
      ]
    ],
    "translation": [
      1.34845793,
      0.906311452,
      -0.619203746
    ]
  },
  {
    "timeStamp": 34985,
    "rotation": [
      [
        0.882167161,
        -0.345741659,
        0.319755822
      ],
      [
        -0.327073276,
        0.0387053676,
        0.944206
      ],
      [
        -0.3388276,
        -0.9375311,
        -0.07893825
      ]
    ],
    "translation": [
      1.42850387,
      0.928473353,
      -0.619184554
    ]
  },
  {
    "timeStamp": 35030,
    "rotation": [
      [
        0.8518788,
        -0.4221638,
        0.309968
      ],
      [
        -0.323771238,
        0.0407098681,
        0.945259154
      ],
      [
        -0.41167295,
        -0.905605,
        -0.102004625
      ]
    ],
    "translation": [
      1.49689686,
      0.941492558,
      -0.6226228
    ]
  },
  {
    "timeStamp": 35085,
    "rotation": [
      [
        0.80634445,
        -0.5354353,
        0.251232445
      ],
      [
        -0.295527726,
        0.00319827581,
        0.9553288
      ],
      [
        -0.51232034,
        -0.8445702,
        -0.155657068
      ]
    ],
    "translation": [
      1.59406877,
      0.9529687,
      -0.6265219
    ]
  },
  {
    "timeStamp": 35130,
    "rotation": [
      [
        0.760407865,
        -0.6174869,
        0.20122084
      ],
      [
        -0.27098754,
        -0.02010012,
        0.962372959
      ],
      [
        -0.5902081,
        -0.7863243,
        -0.182615548
      ]
    ],
    "translation": [
      1.67459726,
      0.9599045,
      -0.6342208
    ]
  },
  {
    "timeStamp": 35185,
    "rotation": [
      [
        0.6884723,
        -0.7137883,
        0.128499687
      ],
      [
        -0.2427601,
        -0.0598429963,
        0.9682388
      ],
      [
        -0.6834277,
        -0.697800159,
        -0.214479566
      ]
    ],
    "translation": [
      1.77201784,
      0.969389558,
      -0.6469988
    ]
  },
  {
    "timeStamp": 35230,
    "rotation": [
      [
        0.613278,
        -0.7852618,
        0.08517084
      ],
      [
        -0.234282926,
        -0.07786724,
        0.969045
      ],
      [
        -0.754322,
        -0.614248037,
        -0.23172769
      ]
    ],
    "translation": [
      1.84748816,
      0.9786693,
      -0.6592289
    ]
  },
  {
    "timeStamp": 35286,
    "rotation": [
      [
        0.528483033,
        -0.848748565,
        0.0182113387
      ],
      [
        -0.2259091,
        -0.119921878,
        0.96673876
      ],
      [
        -0.818334162,
        -0.5150192,
        -0.255116671
      ]
    ],
    "translation": [
      1.93238533,
      0.989748359,
      -0.6763774
    ]
  },
  {
    "timeStamp": 35330,
    "rotation": [
      [
        0.4667608,
        -0.88416,
        -0.01988718
      ],
      [
        -0.227770582,
        -0.141911045,
        0.9633181
      ],
      [
        -0.8545495,
        -0.445109427,
        -0.26762414
      ]
    ],
    "translation": [
      1.99160016,
      0.99631983,
      -0.689763546
    ]
  },
  {
    "timeStamp": 35386,
    "rotation": [
      [
        0.407874525,
        -0.9105842,
        -0.0668938756
      ],
      [
        -0.220123455,
        -0.169173867,
        0.9606903
      ],
      [
        -0.886106133,
        -0.377116174,
        -0.269442648
      ]
    ],
    "translation": [
      2.05384469,
      0.9976123,
      -0.7059405
    ]
  },
  {
    "timeStamp": 35430,
    "rotation": [
      [
        0.358432,
        -0.9300666,
        -0.08063817
      ],
      [
        -0.224860728,
        -0.169845358,
        0.9594739
      ],
      [
        -0.90607065,
        -0.3257738,
        -0.270013481
      ]
    ],
    "translation": [
      2.094394,
      0.995470345,
      -0.715476036
    ]
  },
  {
    "timeStamp": 35486,
    "rotation": [
      [
        0.333991,
        -0.938677847,
        -0.0856378153
      ],
      [
        -0.222933054,
        -0.166944355,
        0.9604324
      ],
      [
        -0.9158334,
        -0.30168426,
        -0.265020251
      ]
    ],
    "translation": [
      2.12733483,
      0.985277951,
      -0.7215447
    ]
  },
  {
    "timeStamp": 35528,
    "rotation": [
      [
        0.325517684,
        -0.9426906,
        -0.07329821
      ],
      [
        -0.22958152,
        -0.1540002,
        0.961028755
      ],
      [
        -0.917240739,
        -0.296003938,
        -0.266554147
      ]
    ],
    "translation": [
      2.14027524,
      0.9758468,
      -0.7215433
    ]
  },
  {
    "timeStamp": 35580,
    "rotation": [
      [
        0.364783347,
        -0.929296553,
        -0.057803
      ],
      [
        -0.221645683,
        -0.146965042,
        0.963988841
      ],
      [
        -0.9043265,
        -0.3388353,
        -0.259584963
      ]
    ],
    "translation": [
      2.15360451,
      0.9477654,
      -0.7176518
    ]
  },
  {
    "timeStamp": 35636,
    "rotation": [
      [
        0.396364868,
        -0.918056667,
        -0.008182236
      ],
      [
        -0.22072202,
        -0.103938513,
        0.96978277
      ],
      [
        -0.891166,
        -0.3825818,
        -0.243832886
      ]
    ],
    "translation": [
      2.15361357,
      0.9180501,
      -0.7110921
    ]
  },
  {
    "timeStamp": 35680,
    "rotation": [
      [
        0.4282415,
        -0.903600156,
        0.010767322
      ],
      [
        -0.196122587,
        -0.08130362,
        0.977202952
      ],
      [
        -0.8821253,
        -0.42059055,
        -0.212033987
      ]
    ],
    "translation": [
      2.15209484,
      0.8905494,
      -0.7077656
    ]
  },
  {
    "timeStamp": 35736,
    "rotation": [
      [
        0.5036328,
        -0.863544941,
        0.02538087
      ],
      [
        -0.161116585,
        -0.0650211945,
        0.9847912
      ],
      [
        -0.8487612,
        -0.5000624,
        -0.1718782
      ]
    ],
    "translation": [
      2.14744186,
      0.8596778,
      -0.7030676
    ]
  },
  {
    "timeStamp": 35780,
    "rotation": [
      [
        0.545105755,
        -0.83716017,
        0.044973135
      ],
      [
        -0.143583626,
        -0.0403724127,
        0.988814354
      ],
      [
        -0.8259803,
        -0.545465767,
        -0.142209724
      ]
    ],
    "translation": [
      2.14140153,
      0.8389764,
      -0.699912965
    ]
  },
  {
    "timeStamp": 35836,
    "rotation": [
      [
        0.607734144,
        -0.791571,
        0.06383245
      ],
      [
        -0.134412229,
        -0.0233095959,
        0.9906513
      ],
      [
        -0.782682955,
        -0.6106325,
        -0.120562859
      ]
    ],
    "translation": [
      2.13172054,
      0.821590543,
      -0.69089967
    ]
  },
  {
    "timeStamp": 35880,
    "rotation": [
      [
        0.648008168,
        -0.758830965,
        0.06527639
      ],
      [
        -0.1149803,
        -0.0127433408,
        0.993286
      ],
      [
        -0.752904356,
        -0.6511629,
        -0.0955084041
      ]
    ],
    "translation": [
      2.127827,
      0.807553232,
      -0.6852532
    ]
  },
  {
    "timeStamp": 35935,
    "rotation": [
      [
        0.6868397,
        -0.7240469,
        0.06330304
      ],
      [
        -0.0988992155,
        -0.006818193,
        0.9950741
      ],
      [
        -0.7200487,
        -0.689717054,
        -0.0762906745
      ]
    ],
    "translation": [
      2.12287641,
      0.7938504,
      -0.6758472
    ]
  },
  {
    "timeStamp": 35981,
    "rotation": [
      [
        0.720743656,
        -0.690778434,
        0.0579122156
      ],
      [
        -0.08573137,
        -0.005924274,
        0.9963007
      ],
      [
        -0.6878799,
        -0.7230423,
        -0.06349126
      ]
    ],
    "translation": [
      2.119735,
      0.7844902,
      -0.6687109
    ]
  },
  {
    "timeStamp": 36026,
    "rotation": [
      [
        0.7322178,
        -0.677867234,
        0.06597872
      ],
      [
        -0.08473484,
        0.005452529,
        0.9963886
      ],
      [
        -0.6757789,
        -0.735164165,
        -0.05344653
      ]
    ],
    "translation": [
      2.11492348,
      0.77739,
      -0.6613012
    ]
  },
  {
    "timeStamp": 36083,
    "rotation": [
      [
        0.7407948,
        -0.6687029,
        0.06371439
      ],
      [
        -0.0796468854,
        0.00674219755,
        0.996800363
      ],
      [
        -0.666992843,
        -0.74349916,
        -0.0482655168
      ]
    ],
    "translation": [
      2.112518,
      0.770312548,
      -0.6498405
    ]
  },
  {
    "timeStamp": 36128,
    "rotation": [
      [
        0.7395443,
        -0.670122862,
        0.06332181
      ],
      [
        -0.07480026,
        0.0116724614,
        0.9971302
      ],
      [
        -0.6689389,
        -0.7421585,
        -0.04149306
      ]
    ],
    "translation": [
      2.11111832,
      0.7654096,
      -0.6424468
    ]
  },
  {
    "timeStamp": 36185,
    "rotation": [
      [
        0.758660853,
        -0.648359835,
        0.06374325
      ],
      [
        -0.0693411455,
        0.0169261731,
        0.9974494
      ],
      [
        -0.647785068,
        -0.7611459,
        -0.0321167931
      ]
    ],
    "translation": [
      2.10688925,
      0.7604809,
      -0.6380068
    ]
  },
  {
    "timeStamp": 36229,
    "rotation": [
      [
        0.7647756,
        -0.640628755,
        0.0686523
      ],
      [
        -0.0712791458,
        0.0217736214,
        0.9972187
      ],
      [
        -0.6403418,
        -0.767542,
        -0.0290115383
      ]
    ],
    "translation": [
      2.10368443,
      0.7575218,
      -0.6347286
    ]
  },
  {
    "timeStamp": 36285,
    "rotation": [
      [
        0.780059457,
        -0.62160176,
        0.07154333
      ],
      [
        -0.0657661557,
        0.0322547741,
        0.9973136
      ],
      [
        -0.62223953,
        -0.782669,
        -0.0157197174
      ]
    ],
    "translation": [
      2.10017347,
      0.7532908,
      -0.6347308
    ]
  },
  {
    "timeStamp": 36329,
    "rotation": [
      [
        0.7905994,
        -0.606940269,
        0.0810925141
      ],
      [
        -0.07180649,
        0.0396236,
        0.9966312
      ],
      [
        -0.6081088,
        -0.793759048,
        -0.0122558577
      ]
    ],
    "translation": [
      2.096398,
      0.7512049,
      -0.635025144
    ]
  },
  {
    "timeStamp": 36385,
    "rotation": [
      [
        0.8013145,
        -0.5940789,
        0.0704661161
      ],
      [
        -0.0606710277,
        0.0364812426,
        0.997490942
      ],
      [
        -0.595159,
        -0.803579152,
        -0.00681042951
      ]
    ],
    "translation": [
      2.0968256,
      0.74743557,
      -0.635769844
    ]
  },
  {
    "timeStamp": 36429,
    "rotation": [
      [
        0.8005405,
        -0.593981564,
        0.07950356
      ],
      [
        -0.06804924,
        0.0417079628,
        0.9968098
      ],
      [
        -0.5954026,
        -0.803396761,
        -0.007031076
      ]
    ],
    "translation": [
      2.09588027,
      0.7458365,
      -0.635282159
    ]
  },
  {
    "timeStamp": 36485,
    "rotation": [
      [
        0.804383039,
        -0.589406967,
        0.07461475
      ],
      [
        -0.06667549,
        0.0352381766,
        0.997152269
      ],
      [
        -0.5903578,
        -0.807067335,
        -0.0109540084
      ]
    ],
    "translation": [
      2.09620476,
      0.743881643,
      -0.6340821
    ]
  },
  {
    "timeStamp": 36529,
    "rotation": [
      [
        0.800451338,
        -0.5941154,
        0.0794011056
      ],
      [
        -0.07764691,
        0.02857407,
        0.996571362
      ],
      [
        -0.5943472,
        -0.8038721,
        -0.0232590735
      ]
    ],
    "translation": [
      2.09594512,
      0.743818939,
      -0.6309651
    ]
  },
  {
    "timeStamp": 36585,
    "rotation": [
      [
        0.803648531,
        -0.5900576,
        0.07733711
      ],
      [
        -0.07574581,
        0.02747636,
        0.9967485
      ],
      [
        -0.590263963,
        -0.806893468,
        -0.0226130541
      ]
    ],
    "translation": [
      2.0950706,
      0.7424542,
      -0.6302535
    ]
  },
  {
    "timeStamp": 36629,
    "rotation": [
      [
        0.807467759,
        -0.5852498,
        0.07401669
      ],
      [
        -0.0765775,
        0.0204186421,
        0.996854544
      ],
      [
        -0.5849202,
        -0.8105959,
        -0.0283295736
      ]
    ],
    "translation": [
      2.09397674,
      0.7420733,
      -0.628755033
    ]
  },
  {
    "timeStamp": 36685,
    "rotation": [
      [
        0.8096006,
        -0.582101643,
        0.0755284056
      ],
      [
        -0.0770057,
        0.02223246,
        0.9967827
      ],
      [
        -0.581908047,
        -0.81281203,
        -0.0268257335
      ]
    ],
    "translation": [
      2.09216833,
      0.7416451,
      -0.6281302
    ]
  },
  {
    "timeStamp": 36729,
    "rotation": [
      [
        0.812683165,
        -0.578272343,
        0.07174354
      ],
      [
        -0.0719995946,
        0.02252612,
        0.997150242
      ],
      [
        -0.5782405,
        -0.815532744,
        -0.0233287755
      ]
    ],
    "translation": [
      2.09160638,
      0.7401045,
      -0.6276999
    ]
  },
  {
    "timeStamp": 36785,
    "rotation": [
      [
        0.8142947,
        -0.5758055,
        0.0732947
      ],
      [
        -0.07075848,
        0.0268601365,
        0.997131765
      ],
      [
        -0.576122642,
        -0.817145348,
        -0.0188710559
      ]
    ],
    "translation": [
      2.09056354,
      0.73914516,
      -0.6276673
    ]
  },
  {
    "timeStamp": 36829,
    "rotation": [
      [
        0.816705465,
        -0.57294625,
        0.0687368959
      ],
      [
        -0.06712691,
        0.0239798017,
        0.997456253
      ],
      [
        -0.5731371,
        -0.81924206,
        -0.0188756734
      ]
    ],
    "translation": [
      2.09015179,
      0.7382956,
      -0.6270489
    ]
  },
  {
    "timeStamp": 36884,
    "rotation": [
      [
        0.818083465,
        -0.5713053,
        0.06595289
      ],
      [
        -0.0630732,
        0.02485887,
        0.997699261
      ],
      [
        -0.571630359,
        -0.8203611,
        -0.0156974234
      ]
    ],
    "translation": [
      2.09030533,
      0.7374934,
      -0.6268965
    ]
  },
  {
    "timeStamp": 36928,
    "rotation": [
      [
        0.8201026,
        -0.568893969,
        0.0615746751
      ],
      [
        -0.0586013868,
        0.0235414989,
        0.99800384
      ],
      [
        -0.5692079,
        -0.8220739,
        -0.0140315322
      ]
    ],
    "translation": [
      2.0905304,
      0.7363471,
      -0.626793
    ]
  },
  {
    "timeStamp": 36983,
    "rotation": [
      [
        0.8206048,
        -0.5681065,
        0.06215207
      ],
      [
        -0.05600052,
        0.0282963067,
        0.9980297
      ],
      [
        -0.5687458,
        -0.8224685,
        -0.008594172
      ]
    ],
    "translation": [
      2.08976841,
      0.7355367,
      -0.626842
    ]
  },
  {
    "timeStamp": 37028,
    "rotation": [
      [
        0.8193163,
        -0.56963414,
        0.0650979
      ],
      [
        -0.0562703721,
        0.0331015848,
        0.9978667
      ],
      [
        -0.570573747,
        -0.821231544,
        -0.00493285572
      ]
    ],
    "translation": [
      2.08889127,
      0.735835,
      -0.6266041
    ]
  },
  {
    "timeStamp": 37084,
    "rotation": [
      [
        0.819426537,
        -0.5695957,
        0.0640384257
      ],
      [
        -0.0540621057,
        0.0344223864,
        0.997944057
      ],
      [
        -0.570629,
        -0.8212039,
        -0.002586929
      ]
    ],
    "translation": [
      2.088675,
      0.735135555,
      -0.626618445
    ]
  },
  {
    "timeStamp": 37128,
    "rotation": [
      [
        0.819143236,
        -0.5700671,
        0.06346581
      ],
      [
        -0.0514469668,
        0.0371805169,
        0.9979834
      ],
      [
        -0.5712772,
        -0.820756435,
        0.00112794444
      ]
    ],
    "translation": [
      2.08850241,
      0.7350879,
      -0.6269293
    ]
  },
  {
    "timeStamp": 37184,
    "rotation": [
      [
        0.8193595,
        -0.5697906,
        0.06315696
      ],
      [
        -0.0492327735,
        0.03982319,
        0.9979931
      ],
      [
        -0.571162164,
        -0.8208245,
        0.00457713753
      ]
    ],
    "translation": [
      2.08788037,
      0.7353604,
      -0.6276857
    ]
  }
]