[
  {
    "timeStamp": 8541,
    "rotation": [
      [
        0.999905765,
        -0.00273314933,
        -0.0134552959
      ],
      [
        0.0135923047,
        0.058565855,
        0.998191
      ],
      [
        -0.00194018008,
        -0.9982798,
        0.0585974865
      ]
    ],
    "translation": [
      1.46337926,
      0.707458556,
      -0.488491923
    ]
  },
  {
    "timeStamp": 8596,
    "rotation": [
      [
        0.998955131,
        -0.00779705541,
        -0.0450312346
      ],
      [
        0.0454503037,
        0.06637414,
        0.9967591
      ],
      [
        -0.00478287367,
        -0.997764349,
        0.06665917
      ]
    ],
    "translation": [
      1.46302,
      0.7078162,
      -0.488223284
    ]
  },
  {
    "timeStamp": 8640,
    "rotation": [
      [
        0.999199867,
        -0.0135518387,
        -0.03762979
      ],
      [
        0.03866439,
        0.0865694359,
        0.99549526
      ],
      [
        -0.0102332067,
        -0.996153653,
        0.08702414
      ]
    ],
    "translation": [
      1.46440279,
      0.709073,
      -0.487829715
    ]
  },
  {
    "timeStamp": 8695,
    "rotation": [
      [
        0.990371048,
        -0.09523354,
        -0.100477055
      ],
      [
        0.112567849,
        0.131505713,
        0.9849034
      ],
      [
        -0.0805825144,
        -0.986730337,
        0.1409597
      ]
    ],
    "translation": [
      1.47707713,
      0.7201895,
      -0.486653954
    ]
  },
  {
    "timeStamp": 8740,
    "rotation": [
      [
        0.9916381,
        -0.105281048,
        -0.07463096
      ],
      [
        0.08648815,
        0.112965852,
        0.9898275
      ],
      [
        -0.09577932,
        -0.9880054,
        0.1211268
      ]
    ],
    "translation": [
      1.48365259,
      0.7360049,
      -0.485727
    ]
  },
  {
    "timeStamp": 8796,
    "rotation": [
      [
        0.995032,
        -0.09577411,
        -0.0271748882
      ],
      [
        0.0343420058,
        0.0739979148,
        0.9966669
      ],
      [
        -0.093444,
        -0.9926487,
        0.07691938
      ]
    ],
    "translation": [
      1.49473858,
      0.7687541,
      -0.489565134
    ]
  },
  {
    "timeStamp": 8841,
    "rotation": [
      [
        0.9942748,
        -0.105033889,
        0.0196340717
      ],
      [
        -0.0140729733,
        0.0534273274,
        0.9984726
      ],
      [
        -0.105922453,
        -0.9930324,
        0.0516433045
      ]
    ],
    "translation": [
      1.50837266,
      0.798436046,
      -0.495352864
    ]
  },
  {
    "timeStamp": 8886,
    "rotation": [
      [
        0.991624355,
        -0.115207337,
        0.05838118
      ],
      [
        -0.0568240359,
        0.0167570524,
        0.9982436
      ],
      [
        -0.115983278,
        -0.9932001,
        0.0100701554
      ]
    ],
    "translation": [
      1.52700782,
      0.831252038,
      -0.5021133
    ]
  },
  {
    "timeStamp": 8942,
    "rotation": [
      [
        0.9838534,
        -0.133123264,
        0.119627163
      ],
      [
        -0.121125787,
        -0.00318697141,
        0.992632031
      ],
      [
        -0.131761163,
        -0.991094351,
        -0.0192601718
      ]
    ],
    "translation": [
      1.55743027,
      0.8758737,
      -0.5207976
    ]
  },
  {
    "timeStamp": 8987,
    "rotation": [
      [
        0.977296531,
        -0.145236239,
        0.154265672
      ],
      [
        -0.159239545,
        -0.0231970884,
        0.9869674
      ],
      [
        -0.1397649,
        -0.9891251,
        -0.0457977839
      ]
    ],
    "translation": [
      1.58793509,
      0.90965,
      -0.5399998
    ]
  },
  {
    "timeStamp": 9042,
    "rotation": [
      [
        0.9710779,
        -0.1637131,
        0.173797965
      ],
      [
        -0.184006125,
        -0.0492861271,
        0.9816887
      ],
      [
        -0.152149469,
        -0.985276043,
        -0.0779848844
      ]
    ],
    "translation": [
      1.63579917,
      0.9457593,
      -0.56766
    ]
  },
  {
    "timeStamp": 9087,
    "rotation": [
      [
        0.9644926,
        -0.203430772,
        0.168433651
      ],
      [
        -0.1852833,
        -0.06670013,
        0.980418861
      ],
      [
        -0.1882128,
        -0.976814747,
        -0.102024108
      ]
    ],
    "translation": [
      1.6863426,
      0.968202233,
      -0.5890846
    ]
  },
  {
    "timeStamp": 9142,
    "rotation": [
      [
        0.950689137,
        -0.2710303,
        0.150773883
      ],
      [
        -0.180277914,
        -0.08733499,
        0.979730844
      ],
      [
        -0.252368927,
        -0.95860064,
        -0.131889209
      ]
    ],
    "translation": [
      1.7593838,
      0.9900567,
      -0.614187539
    ]
  },
  {
    "timeStamp": 9187,
    "rotation": [
      [
        0.937584,
        -0.331646621,
        0.104627006
      ],
      [
        -0.150172532,
        -0.114754707,
        0.9819774
      ],
      [
        -0.313663065,
        -0.9363983,
        -0.157396391
      ]
    ],
    "translation": [
      1.8262105,
      0.999946535,
      -0.6318535
    ]
  },
  {
    "timeStamp": 9242,
    "rotation": [
      [
        0.9039261,
        -0.4236468,
        0.058660537
      ],
      [
        -0.123864859,
        -0.128037021,
        0.9840041
      ],
      [
        -0.409359455,
        -0.896732867,
        -0.168210953
      ]
    ],
    "translation": [
      1.91435361,
      1.00674224,
      -0.652832
    ]
  },
  {
    "timeStamp": 9287,
    "rotation": [
      [
        0.874531031,
        -0.484968424,
        -0.00105448824
      ],
      [
        -0.08113228,
        -0.148446739,
        0.9855867
      ],
      [
        -0.47813496,
        -0.8618406,
        -0.169167861
      ]
    ],
    "translation": [
      1.98535275,
      1.00379348,
      -0.668177843
    ]
  },
  {
    "timeStamp": 9342,
    "rotation": [
      [
        0.8370739,
        -0.546565056,
        -0.0239545442
      ],
      [
        -0.0517390855,
        -0.122676551,
        0.991097152
      ],
      [
        -0.54463774,
        -0.8283822,
        -0.130968124
      ]
    ],
    "translation": [
      2.055016,
      0.987722,
      -0.6820396
    ]
  },
  {
    "timeStamp": 9393,
    "rotation": [
      [
        0.8394655,
        -0.5391966,
        -0.06756208
      ],
      [
        -0.008141224,
        -0.136794224,
        0.990566
      ],
      [
        -0.543351948,
        -0.830996,
        -0.119223751
      ]
    ],
    "translation": [
      2.092756,
      0.969192,
      -0.685785353
    ]
  },
  {
    "timeStamp": 9438,
    "rotation": [
      [
        0.846030653,
        -0.532116652,
        -0.0329238176
      ],
      [
        -0.0133679966,
        -0.08290897,
        0.9964675
      ],
      [
        -0.5329666,
        -0.8426019,
        -0.07725687
      ]
    ],
    "translation": [
      2.117135,
      0.9413352,
      -0.685258269
    ]
  },
  {
    "timeStamp": 9492,
    "rotation": [
      [
        0.871451139,
        -0.490390778,
        -0.009477984
      ],
      [
        -0.0296802018,
        -0.07201203,
        0.9969621
      ],
      [
        -0.489583552,
        -0.8685224,
        -0.07730986
      ]
    ],
    "translation": [
      2.125128,
      0.912413061,
      -0.6736411
    ]
  },
  {
    "timeStamp": 9537,
    "rotation": [
      [
        0.89306283,
        -0.449885368,
        0.006467319
      ],
      [
        -0.0244357828,
        -0.0341444165,
        0.999118149
      ],
      [
        -0.4492678,
        -0.892433345,
        -0.0414864123
      ]
    ],
    "translation": [
      2.12556529,
      0.8851965,
      -0.6651274
    ]
  },
  {
    "timeStamp": 9592,
    "rotation": [
      [
        0.91947633,
        -0.393142462,
        -0.00151009078
      ],
      [
        -0.01248216,
        -0.0330317877,
        0.999376357
      ],
      [
        -0.392947167,
        -0.918884039,
        -0.0352792181
      ]
    ],
    "translation": [
      2.12424922,
      0.8573568,
      -0.650173843
    ]
  },
  {
    "timeStamp": 9637,
    "rotation": [
      [
        0.9249293,
        -0.378759354,
        0.03235948
      ],
      [
        -0.03291684,
        0.005005261,
        0.999445558
      ],
      [
        -0.378711343,
        -0.9254817,
        -0.00783805
      ]
    ],
    "translation": [
      2.11932635,
      0.840868652,
      -0.6374818
    ]
  },
  {
    "timeStamp": 9692,
    "rotation": [
      [
        0.9451305,
        -0.325584,
        0.0268928818
      ],
      [
        -0.0251721516,
        0.009497327,
        0.999638
      ],
      [
        -0.325721532,
        -0.9454654,
        0.000780564733
      ]
    ],
    "translation": [
      2.11283541,
      0.824329,
      -0.6230676
    ]
  },
  {
    "timeStamp": 9737,
    "rotation": [
      [
        0.9530701,
        -0.301295221,
        0.029640289
      ],
      [
        -0.023031503,
        0.0254639834,
        0.9994104
      ],
      [
        -0.301872343,
        -0.9531908,
        0.0173296779
      ]
    ],
    "translation": [
      2.10949469,
      0.812614143,
      -0.6133028
    ]
  },
  {
    "timeStamp": 9792,
    "rotation": [
      [
        0.958815157,
        -0.281437963,
        0.03829047
      ],
      [
        -0.03314709,
        0.0230151936,
        0.999185443
      ],
      [
        -0.282089978,
        -0.9593034,
        0.0127384681
      ]
    ],
    "translation": [
      2.10640049,
      0.8043961,
      -0.6003959
    ]
  },
  {
    "timeStamp": 9837,
    "rotation": [
      [
        0.9648084,
        -0.259658366,
        0.0415004343
      ],
      [
        -0.0352922231,
        0.0285276752,
        0.9989698
      ],
      [
        -0.260574758,
        -0.9652791,
        0.0183598213
      ]
    ],
    "translation": [
      2.10263681,
      0.797341049,
      -0.5940632
    ]
  },
  {
    "timeStamp": 9894,
    "rotation": [
      [
        0.970375359,
        -0.239280626,
        0.03341177
      ],
      [
        -0.0273347273,
        0.02867177,
        0.999215066
      ],
      [
        -0.240050778,
        -0.970527,
        0.021281708
      ]
    ],
    "translation": [
      2.100112,
      0.790974855,
      -0.5861698
    ]
  },
  {
    "timeStamp": 9939,
    "rotation": [
      [
        0.974417031,
        -0.22130096,
        0.0392089449
      ],
      [
        -0.03197994,
        0.0361563675,
        0.9988343
      ],
      [
        -0.222460657,
        -0.9745351,
        0.02815419
      ]
    ],
    "translation": [
      2.09657526,
      0.789138734,
      -0.58146584
    ]
  },
  {
    "timeStamp": 9996,
    "rotation": [
      [
        0.980678141,
        -0.193842411,
        0.02637087
      ],
      [
        -0.0201387275,
        0.034051463,
        0.999217153
      ],
      [
        -0.194588631,
        -0.9804415,
        0.0294897854
      ]
    ],
    "translation": [
      2.09319615,
      0.7856632,
      -0.5772251
    ]
  },
  {
    "timeStamp": 10042,
    "rotation": [
      [
        0.9820414,
        -0.186297834,
        0.0297944937
      ],
      [
        -0.02310192,
        0.03799282,
        0.9990109
      ],
      [
        -0.187245563,
        -0.9817584,
        0.0330066867
      ]
    ],
    "translation": [
      2.090406,
      0.7844984,
      -0.573630035
    ]
  },
  {
    "timeStamp": 10097,
    "rotation": [
      [
        0.9856294,
        -0.168177545,
        0.0158452764
      ],
      [
        -0.008663674,
        0.0433507077,
        0.999022365
      ],
      [
        -0.168700024,
        -0.9848031,
        0.0412706956
      ]
    ],
    "translation": [
      2.08859015,
      0.78133446,
      -0.571276
    ]
  },
  {
    "timeStamp": 10142,
    "rotation": [
      [
        0.988442659,
        -0.151373431,
        0.008199041
      ],
      [
        -0.00154911948,
        0.0439963378,
        0.9990305
      ],
      [
        -0.151587412,
        -0.987497032,
        0.04325336
      ]
    ],
    "translation": [
      2.08664966,
      0.778619647,
      -0.5705614
    ]
  },
  {
    "timeStamp": 10186,
    "rotation": [
      [
        0.988779664,
        -0.149314269,
        0.004469793
      ],
      [
        0.002581743,
        0.0469989479,
        0.9988916
      ],
      [
        -0.149358839,
        -0.98767215,
        0.0468571
      ]
    ],
    "translation": [
      2.08608437,
      0.776937,
      -0.568545163
    ]
  },
  {
    "timeStamp": 10241,
    "rotation": [
      [
        0.9896291,
        -0.143366858,
        -0.008954364
      ],
      [
        0.0161477365,
        0.04908994,
        0.998663843
      ],
      [
        -0.142735749,
        -0.988451362,
        0.0508958846
      ]
    ],
    "translation": [
      2.08656168,
      0.7727668,
      -0.5672286
    ]
  },
  {
    "timeStamp": 10287,
    "rotation": [
      [
        0.9905666,
        -0.135465831,
        -0.0206585936
      ],
      [
        0.0277352985,
        0.0505621843,
        0.9983357
      ],
      [
        -0.134195834,
        -0.989491,
        0.0538423955
      ]
    ],
    "translation": [
      2.087611,
      0.769501269,
      -0.5670153
    ]
  },
  {
    "timeStamp": 10342,
    "rotation": [
      [
        0.990605235,
        -0.135206535,
        -0.0205057841
      ],
      [
        0.0281285048,
        0.0547111034,
        0.998105943
      ],
      [
        -0.133828551,
        -0.989305735,
        0.0580002666
      ]
    ],
    "translation": [
      2.08744025,
      0.767670155,
      -0.5659353
    ]
  },
  {
    "timeStamp": 10386,
    "rotation": [
      [
        0.990572035,
        -0.134990782,
        -0.0233340524
      ],
      [
        0.0311780982,
        0.0562887155,
        0.9979276
      ],
      [
        -0.133397579,
        -0.9892467,
        0.059966784
      ]
    ],
    "translation": [
      2.08744431,
      0.766169846,
      -0.5648072
    ]
  },
  {
    "timeStamp": 10441,
    "rotation": [
      [
        0.990910649,
        -0.12984845,
        -0.0351507179
      ],
      [
        0.0425838642,
        0.05491839,
        0.9975824
      ],
      [
        -0.127604112,
        -0.9900118,
        0.0599486642
      ]
    ],
    "translation": [
      2.08732128,
      0.763278,
      -0.564121962
    ]
  },
  {
    "timeStamp": 10486,
    "rotation": [
      [
        0.9896825,
        -0.136312559,
        -0.04413037
      ],
      [
        0.0514317341,
        0.05051282,
        0.997398257
      ],
      [
        -0.133728787,
        -0.98937726,
        0.0570024438
      ]
    ],
    "translation": [
      2.088602,
      0.7611415,
      -0.562038064
    ]
  },
  {
    "timeStamp": 10541,
    "rotation": [
      [
        0.988819957,
        -0.144333363,
        -0.0374555364
      ],
      [
        0.0462595224,
        0.05813148,
        0.99723655
      ],
      [
        -0.141757131,
        -0.9878201,
        0.06415836
      ]
    ],
    "translation": [
      2.08826351,
      0.7616619,
      -0.560699165
    ]
  }
]