[
  {
    "timeStamp": 78065,
    "rotation": [
      [
        0.9227815,
        0.384641647,
        0.0229166113
      ],
      [
        -0.3852694,
        0.922016859,
        0.0381108634
      ],
      [
        -0.006470475,
        -0.043997068,
        0.999010742
      ]
    ],
    "translation": [
      1.772018,
      0.700728536,
      -0.612124562
    ]
  },
  {
    "timeStamp": 78109,
    "rotation": [
      [
        0.9369572,
        0.347624272,
        -0.03561616
      ],
      [
        -0.344504535,
        0.935979,
        0.07252454
      ],
      [
        0.05854727,
        -0.05568246,
        0.996730447
      ]
    ],
    "translation": [
      1.77466655,
      0.706895351,
      -0.6072199
    ]
  },
  {
    "timeStamp": 78165,
    "rotation": [
      [
        0.918715239,
        0.39332208,
        -0.0354974
      ],
      [
        -0.389866978,
        0.9176212,
        0.07729901
      ],
      [
        0.06297657,
        -0.05717651,
        0.996375859
      ]
    ],
    "translation": [
      1.77470112,
      0.716870964,
      -0.605854
    ]
  },
  {
    "timeStamp": 78209,
    "rotation": [
      [
        0.916439652,
        0.398322284,
        -0.0384411141
      ],
      [
        -0.3926566,
        0.9135987,
        0.105632581
      ],
      [
        0.07719556,
        -0.08171173,
        0.9936619
      ]
    ],
    "translation": [
      1.78086746,
      0.732880831,
      -0.605313659
    ]
  },
  {
    "timeStamp": 78265,
    "rotation": [
      [
        0.9116539,
        0.401134223,
        -0.0893230438
      ],
      [
        -0.383887,
        0.9088228,
        0.163315564
      ],
      [
        0.146690279,
        -0.114597313,
        0.982521951
      ]
    ],
    "translation": [
      1.78609228,
      0.763155162,
      -0.6067757
    ]
  },
  {
    "timeStamp": 78310,
    "rotation": [
      [
        0.900491,
        0.401462525,
        -0.16716373
      ],
      [
        -0.366349727,
        0.9074299,
        0.205812871
      ],
      [
        0.234315515,
        -0.124092251,
        0.9642081
      ]
    ],
    "translation": [
      1.78593016,
      0.7911239,
      -0.6146142
    ]
  },
  {
    "timeStamp": 78366,
    "rotation": [
      [
        0.8685905,
        0.430517882,
        -0.245366752
      ],
      [
        -0.3744662,
        0.89456296,
        0.24399215
      ],
      [
        0.324538976,
        -0.120047711,
        0.9382233
      ]
    ],
    "translation": [
      1.78704047,
      0.8287511,
      -0.633736134
    ]
  },
  {
    "timeStamp": 78410,
    "rotation": [
      [
        0.835797548,
        0.441915452,
        -0.3258116
      ],
      [
        -0.362114221,
        0.889748,
        0.277888238
      ],
      [
        0.4126933,
        -0.1142773,
        0.903673053
      ]
    ],
    "translation": [
      1.79359591,
      0.860299647,
      -0.6531864
    ]
  },
  {
    "timeStamp": 78466,
    "rotation": [
      [
        0.791007459,
        0.4596855,
        -0.4037282
      ],
      [
        -0.3502857,
        0.8813106,
        0.317161679
      ],
      [
        0.501604557,
        -0.109457031,
        0.8581445
      ]
    ],
    "translation": [
      1.81244516,
      0.9025119,
      -0.6785169
    ]
  },
  {
    "timeStamp": 78510,
    "rotation": [
      [
        0.7482337,
        0.407405555,
        -0.5236096
      ],
      [
        -0.256027579,
        0.9054204,
        0.338620335
      ],
      [
        0.6120426,
        -0.119308643,
        0.78177315
      ]
    ],
    "translation": [
      1.837896,
      0.932322264,
      -0.6988876
    ]
  },
  {
    "timeStamp": 78566,
    "rotation": [
      [
        0.7537263,
        0.3856891,
        -0.5321096
      ],
      [
        -0.203070864,
        0.9067364,
        0.3695827
      ],
      [
        0.6250271,
        -0.170508251,
        0.761753261
      ]
    ],
    "translation": [
      1.89182329,
      0.967281342,
      -0.71297
    ]
  },
  {
    "timeStamp": 78610,
    "rotation": [
      [
        0.760861456,
        0.4057696,
        -0.50639987
      ],
      [
        -0.2022579,
        0.889796853,
        0.4090883
      ],
      [
        0.6165886,
        -0.208836168,
        0.759082258
      ]
    ],
    "translation": [
      1.93911636,
      0.990816653,
      -0.72145015
    ]
  },
  {
    "timeStamp": 78666,
    "rotation": [
      [
        0.763305545,
        0.402789,
        -0.5050996
      ],
      [
        -0.19742395,
        0.889873147,
        0.41127792
      ],
      [
        0.6151328,
        -0.214211956,
        0.75876534
      ]
    ],
    "translation": [
      1.99768782,
      1.00562382,
      -0.7352493
    ]
  },
  {
    "timeStamp": 78710,
    "rotation": [
      [
        0.7736025,
        0.478193581,
        -0.415776461
      ],
      [
        -0.284547925,
        0.8484153,
        0.4463451
      ],
      [
        0.5661905,
        -0.226985335,
        0.7924052
      ]
    ],
    "translation": [
      2.03808451,
      1.01454651,
      -0.7397953
    ]
  },
  {
    "timeStamp": 78764,
    "rotation": [
      [
        0.768133044,
        0.5260431,
        -0.36503455
      ],
      [
        -0.3402896,
        0.818320453,
        0.46320042
      ],
      [
        0.542378664,
        -0.23158209,
        0.807585955
      ]
    ],
    "translation": [
      2.07359076,
      1.01415253,
      -0.74091357
    ]
  },
  {
    "timeStamp": 78809,
    "rotation": [
      [
        0.745821059,
        0.5541697,
        -0.369657665
      ],
      [
        -0.36151576,
        0.8028101,
        0.4741332
      ],
      [
        0.5595152,
        -0.219981447,
        0.7990938
      ]
    ],
    "translation": [
      2.09933,
      1.00547564,
      -0.734911561
    ]
  },
  {
    "timeStamp": 78860,
    "rotation": [
      [
        0.6813596,
        0.636072755,
        -0.362160861
      ],
      [
        -0.451458842,
        0.754670441,
        0.4760855
      ],
      [
        0.5761371,
        -0.160884723,
        0.801362634
      ]
    ],
    "translation": [
      2.09975171,
      0.9885585,
      -0.727715135
    ]
  },
  {
    "timeStamp": 78916,
    "rotation": [
      [
        0.6199836,
        0.6968904,
        -0.3605052
      ],
      [
        -0.5243516,
        0.709803343,
        0.4703558
      ],
      [
        0.583674252,
        -0.102581419,
        0.8054821
      ]
    ],
    "translation": [
      2.09278059,
      0.9662734,
      -0.7199097
    ]
  },
  {
    "timeStamp": 78960,
    "rotation": [
      [
        0.5631771,
        0.768359,
        -0.3040657
      ],
      [
        -0.613908648,
        0.635352,
        0.46844852
      ],
      [
        0.5531254,
        -0.0771508962,
        0.829517961
      ]
    ],
    "translation": [
      2.088832,
      0.9535341,
      -0.7127404
    ]
  },
  {
    "timeStamp": 79016,
    "rotation": [
      [
        0.5018745,
        0.8011841,
        -0.325923175
      ],
      [
        -0.65198797,
        0.598033845,
        0.466119319
      ],
      [
        0.5683605,
        -0.0214354414,
        0.822500348
      ]
    ],
    "translation": [
      2.07968616,
      0.942072749,
      -0.7123696
    ]
  },
  {
    "timeStamp": 79060,
    "rotation": [
      [
        0.4520105,
        0.8282652,
        -0.3311544
      ],
      [
        -0.681176662,
        0.560196459,
        0.471357852
      ],
      [
        0.5759208,
        0.0125159584,
        0.817409635
      ]
    ],
    "translation": [
      2.07427454,
      0.9394497,
      -0.713610768
    ]
  },
  {
    "timeStamp": 79116,
    "rotation": [
      [
        0.388204157,
        0.8594997,
        -0.332502335
      ],
      [
        -0.7141885,
        0.5086069,
        0.480888516
      ],
      [
        0.5824365,
        0.05078642,
        0.8112882
      ]
    ],
    "translation": [
      2.07281756,
      0.9416495,
      -0.716519356
    ]
  },
  {
    "timeStamp": 79160,
    "rotation": [
      [
        0.378063172,
        0.8465479,
        -0.37473312
      ],
      [
        -0.6993759,
        0.5263765,
        0.483529836
      ],
      [
        0.606581867,
        0.07927451,
        0.7910588
      ]
    ],
    "translation": [
      2.07598686,
      0.941608,
      -0.7199507
    ]
  },
  {
    "timeStamp": 79216,
    "rotation": [
      [
        0.329518557,
        0.850873947,
        -0.409183443
      ],
      [
        -0.7348341,
        0.5032482,
        0.4547088
      ],
      [
        0.5928207,
        0.150846943,
        0.7910808
      ]
    ],
    "translation": [
      2.080916,
      0.944604754,
      -0.729631066
    ]
  },
  {
    "timeStamp": 79262,
    "rotation": [
      [
        0.324487656,
        0.830768049,
        -0.4522524
      ],
      [
        -0.741678059,
        0.520202756,
        0.423441559
      ],
      [
        0.587044656,
        0.198024109,
        0.7849618
      ]
    ],
    "translation": [
      2.08758879,
      0.944709361,
      -0.7362705
    ]
  },
  {
    "timeStamp": 79307,
    "rotation": [
      [
        0.334382653,
        0.8327925,
        -0.4411858
      ],
      [
        -0.760779858,
        0.5148236,
        0.395184249
      ],
      [
        0.556239367,
        0.2035025,
        0.805719852
      ]
    ],
    "translation": [
      2.09693241,
      0.947659,
      -0.7373567
    ]
  },
  {
    "timeStamp": 79364,
    "rotation": [
      [
        0.386278659,
        0.8429119,
        -0.374550819
      ],
      [
        -0.7833942,
        0.514164269,
        0.349182755
      ],
      [
        0.486910939,
        0.158539116,
        0.858943
      ]
    ],
    "translation": [
      2.11015081,
      0.9507642,
      -0.732120156
    ]
  },
  {
    "timeStamp": 79409,
    "rotation": [
      [
        0.426125646,
        0.862979949,
        -0.271445245
      ],
      [
        -0.815529346,
        0.4963136,
        0.29763183
      ],
      [
        0.391572267,
        0.09454299,
        0.9152775
      ]
    ],
    "translation": [
      2.1180675,
      0.9524207,
      -0.728147447
    ]
  },
  {
    "timeStamp": 79465,
    "rotation": [
      [
        0.406238377,
        0.889234245,
        -0.210315913
      ],
      [
        -0.8561164,
        0.4508489,
        0.252586335
      ],
      [
        0.319429129,
        0.07744465,
        0.944440246
      ]
    ],
    "translation": [
      2.11154246,
      0.9562295,
      -0.7367866
    ]
  },
  {
    "timeStamp": 79509,
    "rotation": [
      [
        0.466286868,
        0.8656938,
        -0.1820738
      ],
      [
        -0.8452183,
        0.496724457,
        0.197156921
      ],
      [
        0.261118025,
        0.06196042,
        0.9633163
      ]
    ],
    "translation": [
      2.11189628,
      0.945774555,
      -0.7452131
    ]
  },
  {
    "timeStamp": 79565,
    "rotation": [
      [
        0.483252138,
        0.859370053,
        -0.16718398
      ],
      [
        -0.85541,
        0.5041397,
        0.11881429
      ],
      [
        0.186389521,
        0.0855935961,
        0.978740335
      ]
    ],
    "translation": [
      2.10808849,
      0.935158968,
      -0.7624155
    ]
  },
  {
    "timeStamp": 79610,
    "rotation": [
      [
        0.5402119,
        0.822931,
        -0.175942034
      ],
      [
        -0.8305262,
        0.5550645,
        0.0461493731
      ],
      [
        0.135636911,
        0.121194005,
        0.98331815
      ]
    ],
    "translation": [
      2.10832787,
      0.9213969,
      -0.777423143
    ]
  },
  {
    "timeStamp": 79665,
    "rotation": [
      [
        0.55641973,
        0.8227186,
        -0.11632368
      ],
      [
        -0.829418957,
        0.5583161,
        -0.0186375752
      ],
      [
        0.0496119,
        0.106851377,
        0.9930365
      ]
    ],
    "translation": [
      2.11034274,
      0.9129136,
      -0.7832353
    ]
  },
  {
    "timeStamp": 79709,
    "rotation": [
      [
        0.5976749,
        0.7956933,
        -0.09826961
      ],
      [
        -0.8013815,
        0.5965619,
        -0.0436073355
      ],
      [
        0.0239258427,
        0.104814455,
        0.9942039
      ]
    ],
    "translation": [
      2.11294842,
      0.905145645,
      -0.781134069
    ]
  },
  {
    "timeStamp": 79765,
    "rotation": [
      [
        0.60646385,
        0.7939503,
        -0.04294831
      ],
      [
        -0.7941781,
        0.6022519,
        -0.08107929
      ],
      [
        -0.0385072269,
        0.08328026,
        0.9957819
      ]
    ],
    "translation": [
      2.11233687,
      0.8973,
      -0.7721038
    ]
  },
  {
    "timeStamp": 79809,
    "rotation": [
      [
        0.642800033,
        0.7653666,
        -0.031969063
      ],
      [
        -0.7642415,
        0.637883961,
        -0.09507306
      ],
      [
        -0.0523731932,
        0.08554505,
        0.9949568
      ]
    ],
    "translation": [
      2.11214137,
      0.8890683,
      -0.764477551
    ]
  },
  {
    "timeStamp": 79865,
    "rotation": [
      [
        0.6508911,
        0.7591454,
        -0.0062527135
      ],
      [
        -0.752950549,
        0.6444837,
        -0.133065075
      ],
      [
        -0.096985966,
        0.09131886,
        0.991087556
      ]
    ],
    "translation": [
      2.1076622,
      0.878836036,
      -0.7573989
    ]
  },
  {
    "timeStamp": 79910,
    "rotation": [
      [
        0.672441542,
        0.7401095,
        -0.00776691549
      ],
      [
        -0.724112332,
        0.6556618,
        -0.213936657
      ],
      [
        -0.153244078,
        0.149484009,
        0.976816654
      ]
    ],
    "translation": [
      2.106777,
      0.870286763,
      -0.757209063
    ]
  },
  {
    "timeStamp": 79965,
    "rotation": [
      [
        0.699918747,
        0.7139925,
        -0.01812538
      ],
      [
        -0.6810908,
        0.6595958,
        -0.317881674
      ],
      [
        -0.2150097,
        0.23483637,
        0.9479571
      ]
    ],
    "translation": [
      2.1058135,
      0.8604443,
      -0.760155
    ]
  },
  {
    "timeStamp": 80009,
    "rotation": [
      [
        0.720260739,
        0.6930139,
        -0.0309222322
      ],
      [
        -0.646469831,
        0.654384732,
        -0.3922466
      ],
      [
        -0.251597315,
        0.302510142,
        0.919340253
      ]
    ],
    "translation": [
      2.1040175,
      0.8540307,
      -0.763896763
    ]
  },
  {
    "timeStamp": 80065,
    "rotation": [
      [
        0.7392588,
        0.6728308,
        -0.0281982534
      ],
      [
        -0.60246557,
        0.642076969,
        -0.4741017
      ],
      [
        -0.300884783,
        0.367472321,
        0.8800185
      ]
    ],
    "translation": [
      2.10359764,
      0.847237349,
      -0.768127739
    ]
  },
  {
    "timeStamp": 80109,
    "rotation": [
      [
        0.742310643,
        0.6700404,
        -0.004560472
      ],
      [
        -0.5634087,
        0.6204647,
        -0.545522
      ],
      [
        -0.362692177,
        0.407516181,
        0.8380841
      ]
    ],
    "translation": [
      2.10496235,
      0.842396855,
      -0.7727542
    ]
  },
  {
    "timeStamp": 80163,
    "rotation": [
      [
        0.752939343,
        0.657916546,
        0.0151070366
      ],
      [
        -0.513664067,
        0.6018926,
        -0.6114529
      ],
      [
        -0.4113778,
        0.452626973,
        0.7911366
      ]
    ],
    "translation": [
      2.10664463,
      0.8369679,
      -0.7765238
    ]
  },
  {
    "timeStamp": 80207,
    "rotation": [
      [
        0.7564345,
        0.653853953,
        0.0167922527
      ],
      [
        -0.484239817,
        0.5770994,
        -0.6576231
      ],
      [
        -0.439680248,
        0.489317358,
        0.75315994
      ]
    ],
    "translation": [
      2.10660052,
      0.8332497,
      -0.7797484
    ]
  },
  {
    "timeStamp": 80263,
    "rotation": [
      [
        0.768115938,
        0.6400678,
        0.0176377725
      ],
      [
        -0.449274719,
        0.5583716,
        -0.697404742
      ],
      [
        -0.456234783,
        0.5277635,
        0.7164604
      ]
    ],
    "translation": [
      2.10659122,
      0.8293073,
      -0.7825377
    ]
  },
  {
    "timeStamp": 80307,
    "rotation": [
      [
        0.770292342,
        0.6371101,
        0.027211532
      ],
      [
        -0.43524465,
        0.5564575,
        -0.70775497
      ],
      [
        -0.466059923,
        0.533334553,
        0.70593375
      ]
    ],
    "translation": [
      2.10671759,
      0.8254747,
      -0.7816795
    ]
  },
  {
    "timeStamp": 80362,
    "rotation": [
      [
        0.764867842,
        0.6422478,
        0.0499491841
      ],
      [
        -0.494190246,
        0.63474226,
        -0.594035566
      ],
      [
        -0.413222879,
        0.4296743,
        0.802886546
      ]
    ],
    "translation": [
      2.108769,
      0.817225337,
      -0.770061851
    ]
  },
  {
    "timeStamp": 80407,
    "rotation": [
      [
        0.7480111,
        0.646963656,
        0.148045376
      ],
      [
        -0.5843336,
        0.7477521,
        -0.315311253
      ],
      [
        -0.314696163,
        0.149348453,
        0.9373694
      ]
    ],
    "translation": [
      2.11254358,
      0.810489357,
      -0.740435839
    ]
  },
  {
    "timeStamp": 80463,
    "rotation": [
      [
        0.7536674,
        0.6275272,
        0.195435479
      ],
      [
        -0.5952778,
        0.777774334,
        -0.20177041
      ],
      [
        -0.278621137,
        0.03572938,
        0.9597362
      ]
    ],
    "translation": [
      2.11719561,
      0.811671734,
      -0.723947763
    ]
  },
  {
    "timeStamp": 80507,
    "rotation": [
      [
        0.752927959,
        0.6267984,
        0.200557321
      ],
      [
        -0.6016261,
        0.7790883,
        -0.176259622
      ],
      [
        -0.2667311,
        0.0120502859,
        0.963695645
      ]
    ],
    "translation": [
      2.11705637,
      0.8134782,
      -0.7188875
    ]
  },
  {
    "timeStamp": 80564,
    "rotation": [
      [
        0.754326,
        0.623341441,
        0.206003979
      ],
      [
        -0.599697769,
        0.7819351,
        -0.170117617
      ],
      [
        -0.2671231,
        0.00478401,
        0.963650465
      ]
    ],
    "translation": [
      2.11711884,
      0.813971758,
      -0.717265248
    ]
  },
  {
    "timeStamp": 80609,
    "rotation": [
      [
        0.7467997,
        0.6232608,
        0.232026115
      ],
      [
        -0.601610065,
        0.78182286,
        -0.163763046
      ],
      [
        -0.2834704,
        -0.0172910485,
        0.9588251
      ]
    ],
    "translation": [
      2.11462665,
      0.8121843,
      -0.718103766
    ]
  },
  {
    "timeStamp": 80665,
    "rotation": [
      [
        0.746373355,
        0.614989,
        0.254392177
      ],
      [
        -0.596066535,
        0.787733,
        -0.15550375
      ],
      [
        -0.29602623,
        -0.03557082,
        0.954517245
      ]
    ],
    "translation": [
      2.111616,
      0.8101866,
      -0.7207818
    ]
  },
  {
    "timeStamp": 80709,
    "rotation": [
      [
        0.7504456,
        0.61897403,
        0.23173818
      ],
      [
        -0.59902513,
        0.7851359,
        -0.157259271
      ],
      [
        -0.279285371,
        -0.02080246,
        0.9599828
      ]
    ],
    "translation": [
      2.1065712,
      0.8094661,
      -0.72632134
    ]
  },
  {
    "timeStamp": 80765,
    "rotation": [
      [
        0.764134645,
        0.6178101,
        0.185496733
      ],
      [
        -0.5879935,
        0.7853683,
        -0.193546534
      ],
      [
        -0.265258253,
        0.0388247259,
        0.9633954
      ]
    ],
    "translation": [
      2.104317,
      0.8084806,
      -0.731537342
    ]
  },
  {
    "timeStamp": 80809,
    "rotation": [
      [
        0.779076338,
        0.605652869,
        0.161940187
      ],
      [
        -0.5727716,
        0.7926427,
        -0.20892626
      ],
      [
        -0.2548975,
        0.07001476,
        0.96443
      ]
    ],
    "translation": [
      2.1041038,
      0.8066719,
      -0.738195658
    ]
  },
  {
    "timeStamp": 80865,
    "rotation": [
      [
        0.7829239,
        0.6025543,
        0.15478529
      ],
      [
        -0.5657851,
        0.793095648,
        -0.225580409
      ],
      [
        -0.25868398,
        0.08903708,
        0.9618498
      ]
    ],
    "translation": [
      2.10469222,
      0.804556251,
      -0.743061543
    ]
  },
  {
    "timeStamp": 80909,
    "rotation": [
      [
        0.7907564,
        0.593023956,
        0.1517458
      ],
      [
        -0.5575318,
        0.8000852,
        -0.221408963
      ],
      [
        -0.2527104,
        0.09047745,
        0.963302255
      ]
    ],
    "translation": [
      2.106607,
      0.804124832,
      -0.7431074
    ]
  },
  {
    "timeStamp": 80965,
    "rotation": [
      [
        0.7893119,
        0.5933341,
        0.157928169
      ],
      [
        -0.554612935,
        0.7993419,
        -0.2312076
      ],
      [
        -0.263421953,
        0.0949059,
        0.9600009
      ]
    ],
    "translation": [
      2.10713029,
      0.802283764,
      -0.7442281
    ]
  },
  {
    "timeStamp": 81009,
    "rotation": [
      [
        0.7892971,
        0.5904242,
        0.168550774
      ],
      [
        -0.5507471,
        0.8021354,
        -0.230773419
      ],
      [
        -0.271454751,
        0.08931993,
        0.958297551
      ]
    ],
    "translation": [
      2.10883617,
      0.8013891,
      -0.7433285
    ]
  },
  {
    "timeStamp": 81065,
    "rotation": [
      [
        0.7827259,
        0.593070865,
        0.188698471
      ],
      [
        -0.5502335,
        0.8011163,
        -0.23549068
      ],
      [
        -0.290832072,
        0.0804964453,
        0.9533819
      ]
    ],
    "translation": [
      2.11040044,
      0.800093532,
      -0.742050231
    ]
  },
  {
    "timeStamp": 81109,
    "rotation": [
      [
        0.781773269,
        0.590470135,
        0.200438291
      ],
      [
        -0.5459882,
        0.803459764,
        -0.237380058
      ],
      [
        -0.301209956,
        0.07614045,
        0.950513065
      ]
    ],
    "translation": [
      2.11204815,
      0.799108863,
      -0.7412683
    ]
  },
  {
    "timeStamp": 81164,
    "rotation": [
      [
        0.7788449,
        0.591126442,
        0.209690675
      ],
      [
        -0.544823,
        0.8032437,
        -0.240764171
      ],
      [
        -0.3107548,
        0.0732736439,
        0.9476615
      ]
    ],
    "translation": [
      2.11262536,
      0.7978871,
      -0.741091132
    ]
  },
  {
    "timeStamp": 81209,
    "rotation": [
      [
        0.7808415,
        0.5859028,
        0.216805235
      ],
      [
        -0.538380265,
        0.8071394,
        -0.242224589
      ],
      [
        -0.3169121,
        0.07241535,
        0.9456864
      ]
    ],
    "translation": [
      2.11435461,
      0.7970156,
      -0.7411343
    ]
  },
  {
    "timeStamp": 81265,
    "rotation": [
      [
        0.7819179,
        0.581169963,
        0.225490153
      ],
      [
        -0.532439947,
        0.810750961,
        -0.243291259
      ],
      [
        -0.324209929,
        0.0701738447,
        0.9433788
      ]
    ],
    "translation": [
      2.11653113,
      0.7953587,
      -0.7415073
    ]
  },
  {
    "timeStamp": 81309,
    "rotation": [
      [
        0.7837926,
        0.5777738,
        0.227698192
      ],
      [
        -0.5271338,
        0.81280756,
        -0.24793914
      ],
      [
        -0.328327537,
        0.07430546,
        0.941636741
      ]
    ],
    "translation": [
      2.11717987,
      0.793792963,
      -0.742565155
    ]
  },
  {
    "timeStamp": 81364,
    "rotation": [
      [
        0.78605175,
        0.573484957,
        0.230733
      ],
      [
        -0.5203291,
        0.8153472,
        -0.253902584
      ],
      [
        -0.3337368,
        0.07952346,
        0.939305961
      ]
    ],
    "translation": [
      2.11843371,
      0.7908825,
      -0.74460423
    ]
  },
  {
    "timeStamp": 81409,
    "rotation": [
      [
        0.7906888,
        0.5686845,
        0.2267357
      ],
      [
        -0.5146976,
        0.8180113,
        -0.2567954
      ],
      [
        -0.331507921,
        0.086344935,
        0.939492941
      ]
    ],
    "translation": [
      2.118889,
      0.7889979,
      -0.7458032
    ]
  },
  {
    "timeStamp": 81464,
    "rotation": [
      [
        0.79037267,
        0.569792032,
        0.225051254
      ],
      [
        -0.517663836,
        0.817616,
        -0.252048075
      ],
      [
        -0.327620476,
        0.08271102,
        0.9411821
      ]
    ],
    "translation": [
      2.118073,
      0.788256943,
      -0.745038748
    ]
  },
  {
    "timeStamp": 81508,
    "rotation": [
      [
        0.785717964,
        0.5757764,
        0.226116762
      ],
      [
        -0.5236049,
        0.8136842,
        -0.2524994
      ],
      [
        -0.329370826,
        0.07999748,
        0.9408056
      ]
    ],
    "translation": [
      2.11673284,
      0.7883181,
      -0.744882762
    ]
  }
]