[
  {
    "timeStamp": 83064,
    "rotation": [
      [
        0.9974929,
        -0.0446582027,
        0.05489576
      ],
      [
        0.0597876534,
        0.116814159,
        -0.991352558
      ],
      [
        0.0378594249,
        0.992149234,
        0.119191304
      ]
    ],
    "translation": [
      1.77137244,
      0.697451234,
      -0.7596926
    ]
  },
  {
    "timeStamp": 83108,
    "rotation": [
      [
        0.99745965,
        -0.03896771,
        0.05963011
      ],
      [
        0.06548353,
        0.172112927,
        -0.9828983
      ],
      [
        0.0280381851,
        0.984306157,
        0.174227446
      ]
    ],
    "translation": [
      1.77196658,
      0.69652915,
      -0.7598224
    ]
  },
  {
    "timeStamp": 83164,
    "rotation": [
      [
        0.99735266,
        -0.03723878,
        0.06245787
      ],
      [
        0.06852788,
        0.194022119,
        -0.9786007
      ],
      [
        0.0243236721,
        0.9802901,
        0.196060359
      ]
    ],
    "translation": [
      1.77985573,
      0.6960255,
      -0.762056053
    ]
  },
  {
    "timeStamp": 83208,
    "rotation": [
      [
        0.997205555,
        0.06536966,
        0.0361660123
      ],
      [
        0.0334575623,
        0.0420633852,
        -0.9985546
      ],
      [
        -0.06679644,
        0.9969742,
        0.03975873
      ]
    ],
    "translation": [
      1.781874,
      0.7044312,
      -0.7693678
    ]
  },
  {
    "timeStamp": 83263,
    "rotation": [
      [
        0.9789924,
        0.2023798,
        -0.0248256568
      ],
      [
        -0.0309348721,
        0.0270794816,
        -0.9991545
      ],
      [
        -0.2015364,
        0.9789326,
        0.0327712
      ]
    ],
    "translation": [
      1.77642715,
      0.7282186,
      -0.7613644
    ]
  },
  {
    "timeStamp": 83308,
    "rotation": [
      [
        0.942210436,
        0.32095015,
        -0.0960756838
      ],
      [
        -0.102916814,
        0.00437670154,
        -0.994680345
      ],
      [
        -0.3188223,
        0.947086,
        0.03715494
      ]
    ],
    "translation": [
      1.77190447,
      0.7572032,
      -0.7577512
    ]
  },
  {
    "timeStamp": 83363,
    "rotation": [
      [
        0.835475445,
        0.5093521,
        -0.206255153
      ],
      [
        -0.191508263,
        -0.0819288045,
        -0.97806555
      ],
      [
        -0.515077949,
        0.856649339,
        0.029095633
      ]
    ],
    "translation": [
      1.77162755,
      0.8017881,
      -0.754047453
    ]
  },
  {
    "timeStamp": 83408,
    "rotation": [
      [
        0.7301866,
        0.6210707,
        -0.284778237
      ],
      [
        -0.24880144,
        -0.146487132,
        -0.957412839
      ],
      [
        -0.6363374,
        0.7699433,
        0.0475603454
      ]
    ],
    "translation": [
      1.77924609,
      0.8394261,
      -0.7546279
    ]
  },
  {
    "timeStamp": 83463,
    "rotation": [
      [
        0.5540566,
        0.7422554,
        -0.3769326
      ],
      [
        -0.283009171,
        -0.25787276,
        -0.9238005
      ],
      [
        -0.7828966,
        0.618513167,
        0.06718898
      ]
    ],
    "translation": [
      1.79900908,
      0.8847891,
      -0.7585383
    ]
  },
  {
    "timeStamp": 83508,
    "rotation": [
      [
        0.434091568,
        0.7964663,
        -0.4209584
      ],
      [
        -0.293369353,
        -0.316828966,
        -0.9019722
      ],
      [
        -0.8517623,
        0.5150348,
        0.0961260349
      ]
    ],
    "translation": [
      1.82052243,
      0.915338159,
      -0.766169667
    ]
  },
  {
    "timeStamp": 83563,
    "rotation": [
      [
        0.2591158,
        0.844341755,
        -0.468984067
      ],
      [
        -0.296208084,
        -0.392700076,
        -0.8706592
      ],
      [
        -0.919303954,
        0.364518434,
        0.148346081
      ]
    ],
    "translation": [
      1.85481143,
      0.9497365,
      -0.7747839
    ]
  },
  {
    "timeStamp": 83608,
    "rotation": [
      [
        0.113523424,
        0.869958758,
        -0.479879349
      ],
      [
        -0.287118018,
        -0.433667481,
        -0.854105234
      ],
      [
        -0.9511444,
        0.234742954,
        0.200549409
      ]
    ],
    "translation": [
      1.88966346,
      0.9718145,
      -0.7787972
    ]
  },
  {
    "timeStamp": 83663,
    "rotation": [
      [
        -0.07026339,
        0.8860281,
        -0.4582764
      ],
      [
        -0.2990195,
        -0.4569935,
        -0.8377018
      ],
      [
        -0.95165664,
        0.0781737939,
        0.297049582
      ]
    ],
    "translation": [
      1.9428066,
      0.9953216,
      -0.7773154
    ]
  },
  {
    "timeStamp": 83708,
    "rotation": [
      [
        -0.22361359,
        0.883311749,
        -0.412016124
      ],
      [
        -0.2949997,
        -0.464229077,
        -0.835144639
      ],
      [
        -0.928962946,
        -0.06520506,
        0.364384621
      ]
    ],
    "translation": [
      1.99183512,
      1.00600266,
      -0.772359431
    ]
  },
  {
    "timeStamp": 83759,
    "rotation": [
      [
        -0.377717167,
        0.860369742,
        -0.342189521
      ],
      [
        -0.2721152,
        -0.456393778,
        -0.847147
      ],
      [
        -0.885032833,
        -0.22686699,
        0.406507432
      ]
    ],
    "translation": [
      2.04503369,
      1.002975,
      -0.7666898
    ]
  },
  {
    "timeStamp": 83813,
    "rotation": [
      [
        -0.4331587,
        0.8597548,
        -0.270546228
      ],
      [
        -0.258021861,
        -0.405887961,
        -0.8767438
      ],
      [
        -0.863596141,
        -0.309962362,
        0.397649437
      ]
    ],
    "translation": [
      2.094205,
      0.9816284,
      -0.761908
    ]
  },
  {
    "timeStamp": 83858,
    "rotation": [
      [
        -0.442465782,
        0.8669713,
        -0.229313821
      ],
      [
        -0.233825952,
        -0.358393639,
        -0.903813839
      ],
      [
        -0.8657653,
        -0.3462872,
        0.3612973
      ]
    ],
    "translation": [
      2.11200666,
      0.9582166,
      -0.7553707
    ]
  },
  {
    "timeStamp": 83914,
    "rotation": [
      [
        -0.427305132,
        0.8819805,
        -0.198798388
      ],
      [
        -0.235265464,
        -0.32077992,
        -0.917469561
      ],
      [
        -0.8729608,
        -0.345269054,
        0.344570428
      ]
    ],
    "translation": [
      2.12248039,
      0.937468946,
      -0.74438554
    ]
  },
  {
    "timeStamp": 83958,
    "rotation": [
      [
        -0.4096645,
        0.889599741,
        -0.201958612
      ],
      [
        -0.191519216,
        -0.300327182,
        -0.934411049
      ],
      [
        -0.8919054,
        -0.344116122,
        0.293408841
      ]
    ],
    "translation": [
      2.12287235,
      0.918641,
      -0.740937054
    ]
  },
  {
    "timeStamp": 84013,
    "rotation": [
      [
        -0.3794546,
        0.9023209,
        -0.204526618
      ],
      [
        -0.1701523,
        -0.285346925,
        -0.9431995
      ],
      [
        -0.909429669,
        -0.323100746,
        0.2618082
      ]
    ],
    "translation": [
      2.11798286,
      0.905221641,
      -0.7394514
    ]
  },
  {
    "timeStamp": 84058,
    "rotation": [
      [
        -0.3384159,
        0.9217307,
        -0.189439192
      ],
      [
        -0.170305446,
        -0.257986963,
        -0.9510199
      ],
      [
        -0.92545706,
        -0.289577723,
        0.244282633
      ]
    ],
    "translation": [
      2.11432934,
      0.9000937,
      -0.7388989
    ]
  },
  {
    "timeStamp": 84113,
    "rotation": [
      [
        -0.333732069,
        0.9164351,
        -0.220838413
      ],
      [
        -0.142041653,
        -0.2804823,
        -0.9492912
      ],
      [
        -0.9319051,
        -0.285440683,
        0.2237779
      ]
    ],
    "translation": [
      2.10693,
      0.8965964,
      -0.73979795
    ]
  },
  {
    "timeStamp": 84158,
    "rotation": [
      [
        -0.302802861,
        0.929043055,
        -0.212577954
      ],
      [
        -0.139684051,
        -0.263902873,
        -0.9543813
      ],
      [
        -0.942761242,
        -0.2592956,
        0.209683046
      ]
    ],
    "translation": [
      2.10364532,
      0.894284368,
      -0.741708457
    ]
  },
  {
    "timeStamp": 84214,
    "rotation": [
      [
        -0.298854023,
        0.9282495,
        -0.221447766
      ],
      [
        -0.105073884,
        -0.2626493,
        -0.9591532
      ],
      [
        -0.9484965,
        -0.2633784,
        0.176028579
      ]
    ],
    "translation": [
      2.10276246,
      0.890757263,
      -0.741742969
    ]
  },
  {
    "timeStamp": 84259,
    "rotation": [
      [
        -0.296280056,
        0.928136945,
        -0.225344062
      ],
      [
        -0.0878309458,
        -0.261414319,
        -0.9612223
      ],
      [
        -0.951054037,
        -0.264998823,
        0.158971012
      ]
    ],
    "translation": [
      2.10228372,
      0.888932943,
      -0.7417389
    ]
  },
  {
    "timeStamp": 84317,
    "rotation": [
      [
        -0.3006797,
        0.9251117,
        -0.231862172
      ],
      [
        -0.04703135,
        -0.257199019,
        -0.9652133
      ],
      [
        -0.952564836,
        -0.279315263,
        0.120843783
      ]
    ],
    "translation": [
      2.102462,
      0.8847317,
      -0.7416956
    ]
  },
  {
    "timeStamp": 84362,
    "rotation": [
      [
        -0.303771466,
        0.9222173,
        -0.239244908
      ],
      [
        -0.00263581541,
        -0.25192368,
        -0.9677435
      ],
      [
        -0.952741265,
        -0.293342263,
        0.07895803
      ]
    ],
    "translation": [
      2.10235429,
      0.880190432,
      -0.7418359
    ]
  },
  {
    "timeStamp": 84408,
    "rotation": [
      [
        -0.2798577,
        0.9283511,
        -0.244630069
      ],
      [
        0.07219117,
        -0.23374106,
        -0.969615161
      ],
      [
        -0.957323432,
        -0.2890144,
        -0.001604523
      ]
    ],
    "translation": [
      2.099571,
      0.872453332,
      -0.742596865
    ]
  },
  {
    "timeStamp": 84463,
    "rotation": [
      [
        -0.2900432,
        0.919674,
        -0.264716268
      ],
      [
        0.17820026,
        -0.219868854,
        -0.9591154
      ],
      [
        -0.9402763,
        -0.3253574,
        -0.100114688
      ]
    ],
    "translation": [
      2.10014868,
      0.8619979,
      -0.74456507
    ]
  },
  {
    "timeStamp": 84508,
    "rotation": [
      [
        -0.29757154,
        0.9129104,
        -0.279366583
      ],
      [
        0.245865956,
        -0.209472448,
        -0.9463991
      ],
      [
        -0.922497153,
        -0.35030815,
        -0.162120566
      ]
    ],
    "translation": [
      2.100287,
      0.8556214,
      -0.746644437
    ]
  },
  {
    "timeStamp": 84564,
    "rotation": [
      [
        -0.3120535,
        0.9087244,
        -0.2772048
      ],
      [
        0.267522,
        -0.195923075,
        -0.943422556
      ],
      [
        -0.911622,
        -0.3685567,
        -0.181965321
      ]
    ],
    "translation": [
      2.10192776,
      0.85314846,
      -0.7472935
    ]
  },
  {
    "timeStamp": 84607,
    "rotation": [
      [
        -0.315010846,
        0.90586096,
        -0.283167869
      ],
      [
        0.281013757,
        -0.1959568,
        -0.9394851
      ],
      [
        -0.9065315,
        -0.375522047,
        -0.192830876
      ]
    ],
    "translation": [
      2.10238838,
      0.8518069,
      -0.7475002
    ]
  },
  {
    "timeStamp": 84662,
    "rotation": [
      [
        -0.296650022,
        0.926187158,
        -0.232757568
      ],
      [
        0.2548566,
        -0.158109918,
        -0.953965068
      ],
      [
        -0.9203515,
        -0.342313558,
        -0.189141586
      ]
    ],
    "translation": [
      2.10777187,
      0.8460704,
      -0.7467894
    ]
  },
  {
    "timeStamp": 84707,
    "rotation": [
      [
        -0.195036128,
        0.972423434,
        -0.127880841
      ],
      [
        0.180698439,
        -0.092526786,
        -0.979176641
      ],
      [
        -0.9640067,
        -0.214082673,
        -0.157669336
      ]
    ],
    "translation": [
      2.11426783,
      0.839459956,
      -0.745646834
    ]
  },
  {
    "timeStamp": 84763,
    "rotation": [
      [
        -0.0199230071,
        0.999798059,
        -0.002646959
      ],
      [
        0.07446413,
        -0.00115629251,
        -0.997223
      ],
      [
        -0.9970247,
        -0.0200647861,
        -0.074426055
      ]
    ],
    "translation": [
      2.12659764,
      0.8326963,
      -0.7404161
    ]
  },
  {
    "timeStamp": 84807,
    "rotation": [
      [
        0.0126835881,
        0.9991409,
        0.039454028
      ],
      [
        0.0643762648,
        0.0385593921,
        -0.997180462
      ],
      [
        -0.9978451,
        0.0151877273,
        -0.06383189
      ]
    ],
    "translation": [
      2.13149071,
      0.8295412,
      -0.7351893
    ]
  },
  {
    "timeStamp": 84862,
    "rotation": [
      [
        0.007798848,
        0.999429,
        0.03287624
      ],
      [
        0.08517757,
        0.0320937969,
        -0.9958488
      ],
      [
        -0.996335268,
        0.0105667869,
        -0.0848786458
      ]
    ],
    "translation": [
      2.13164139,
      0.82433033,
      -0.733108
    ]
  },
  {
    "timeStamp": 84907,
    "rotation": [
      [
        0.0203236062,
        0.997715831,
        0.06442142
      ],
      [
        0.08528035,
        0.0624699369,
        -0.9943967
      ],
      [
        -0.9961497,
        0.0257036071,
        -0.08381594
      ]
    ],
    "translation": [
      2.13342142,
      0.821661651,
      -0.7305286
    ]
  },
  {
    "timeStamp": 84963,
    "rotation": [
      [
        0.0189721864,
        0.997028768,
        0.0746571943
      ],
      [
        0.102356665,
        0.07234144,
        -0.9921138
      ],
      [
        -0.994566858,
        0.02646422,
        -0.100680068
      ]
    ],
    "translation": [
      2.1312027,
      0.8173881,
      -0.7306995
    ]
  },
  {
    "timeStamp": 85007,
    "rotation": [
      [
        0.0149773154,
        0.9994263,
        0.0303757843
      ],
      [
        0.138818845,
        0.0280065835,
        -0.9899217
      ],
      [
        -0.9902045,
        0.0190431029,
        -0.138319746
      ]
    ],
    "translation": [
      2.12548327,
      0.81545,
      -0.7350066
    ]
  },
  {
    "timeStamp": 85063,
    "rotation": [
      [
        0.009103549,
        0.9998987,
        0.01095021
      ],
      [
        0.1572399,
        0.009383016,
        -0.987515867
      ],
      [
        -0.987518549,
        0.0107117072,
        -0.157138541
      ]
    ],
    "translation": [
      2.12321854,
      0.8124347,
      -0.738136
    ]
  },
  {
    "timeStamp": 85107,
    "rotation": [
      [
        0.00299606,
        0.9999914,
        -0.0028613247
      ],
      [
        0.151207879,
        -0.00328146573,
        -0.988496542
      ],
      [
        -0.988497436,
        0.00252894033,
        -0.1512164
      ]
    ],
    "translation": [
      2.12219286,
      0.8104978,
      -0.7420444
    ]
  },
  {
    "timeStamp": 85162,
    "rotation": [
      [
        0.00076781906,
        0.999872148,
        -0.0159718189
      ],
      [
        0.135256782,
        -0.0159288924,
        -0.990682542
      ],
      [
        -0.990810335,
        -0.001399629,
        -0.135251716
      ]
    ],
    "translation": [
      2.123355,
      0.80894953,
      -0.7443314
    ]
  },
  {
    "timeStamp": 85207,
    "rotation": [
      [
        -0.0229351483,
        0.9995934,
        -0.0169425048
      ],
      [
        0.134957388,
        -0.0136962021,
        -0.99075675
      ],
      [
        -0.9905859,
        -0.0250096675,
        -0.134588391
      ]
    ],
    "translation": [
      2.126688,
      0.8077935,
      -0.7452884
    ]
  },
  {
    "timeStamp": 85263,
    "rotation": [
      [
        -0.0377355739,
        0.9991558,
        -0.0162367448
      ],
      [
        0.1274416,
        -0.0113037648,
        -0.991781652
      ],
      [
        -0.991127968,
        -0.03949469,
        -0.126907483
      ]
    ],
    "translation": [
      2.130764,
      0.80643183,
      -0.7459771
    ]
  },
  {
    "timeStamp": 85307,
    "rotation": [
      [
        -0.057075575,
        0.997612238,
        -0.0388865359
      ],
      [
        0.120221443,
        -0.0317989066,
        -0.9922377
      ],
      [
        -0.991105,
        -0.0613075346,
        -0.118119441
      ]
    ],
    "translation": [
      2.13058019,
      0.80532527,
      -0.745823443
    ]
  },
  {
    "timeStamp": 85363,
    "rotation": [
      [
        -0.0528638847,
        0.9977128,
        -0.04212612
      ],
      [
        0.111645691,
        -0.0360155962,
        -0.9930952
      ],
      [
        -0.992341,
        -0.05720207,
        -0.109486409
      ]
    ],
    "translation": [
      2.13117313,
      0.804334939,
      -0.7461871
    ]
  },
  {
    "timeStamp": 85407,
    "rotation": [
      [
        -0.04760206,
        0.9986372,
        0.0213961713
      ],
      [
        0.160861686,
        0.0288051367,
        -0.98655653
      ],
      [
        -0.98582834,
        -0.0435203,
        -0.162013635
      ]
    ],
    "translation": [
      2.1329422,
      0.8002329,
      -0.7480233
    ]
  },
  {
    "timeStamp": 85463,
    "rotation": [
      [
        -0.07386933,
        0.9959466,
        0.05131988
      ],
      [
        0.17429027,
        0.06356135,
        -0.982640743
      ],
      [
        -0.981919646,
        -0.06364246,
        -0.178279027
      ]
    ],
    "translation": [
      2.13592553,
      0.798096061,
      -0.74826324
    ]
  },
  {
    "timeStamp": 85508,
    "rotation": [
      [
        -0.05632247,
        0.996778965,
        0.0570925362
      ],
      [
        0.174337476,
        0.066123426,
        -0.9824633
      ],
      [
        -0.9830739,
        -0.0453813933,
        -0.177500173
      ]
    ],
    "translation": [
      2.136964,
      0.798365057,
      -0.748633146
    ]
  }
]