[
  {
    "timeStamp": 20711,
    "rotation": [
      [
        -0.891008556,
        0.4539862,
        0.0005035405
      ],
      [
        0.4527463,
        0.8886559,
        -0.07287929
      ],
      [
        -0.0335336663,
        -0.0647081,
        -0.9973406
      ]
    ],
    "translation": [
      1.15390193,
      0.7311588,
      -0.7520558
    ]
  },
  {
    "timeStamp": 20756,
    "rotation": [
      [
        -0.8910617,
        0.4538811,
        0.0009781837
      ],
      [
        0.453420043,
        0.8902496,
        -0.04319607
      ],
      [
        -0.0204767082,
        -0.0380468369,
        -0.9990661
      ]
    ],
    "translation": [
      1.153872,
      0.730165064,
      -0.751277268
    ]
  },
  {
    "timeStamp": 20811,
    "rotation": [
      [
        -0.888204753,
        0.459447384,
        0.0006697394
      ],
      [
        0.459347069,
        0.88803947,
        -0.0196518917
      ],
      [
        -0.009623765,
        -0.0171472616,
        -0.999806643
      ]
    ],
    "translation": [
      1.15413857,
      0.729411,
      -0.7505039
    ]
  },
  {
    "timeStamp": 20855,
    "rotation": [
      [
        -0.884289742,
        0.466937363,
        0.001018913
      ],
      [
        0.466936558,
        0.8842903,
        -0.000951422844
      ],
      [
        -0.00134526973,
        -0.000365565764,
        -0.999999
      ]
    ],
    "translation": [
      1.1543268,
      0.729129732,
      -0.7499515
    ]
  },
  {
    "timeStamp": 20910,
    "rotation": [
      [
        -0.88584435,
        0.460938573,
        -0.05306112
      ],
      [
        0.463365,
        0.8847598,
        -0.0499295928
      ],
      [
        0.023931874,
        -0.06881651,
        -0.9973422
      ]
    ],
    "translation": [
      1.16121876,
      0.731138945,
      -0.746912956
    ]
  },
  {
    "timeStamp": 20965,
    "rotation": [
      [
        -0.8537376,
        0.5113508,
        -0.0982467
      ],
      [
        0.5167912,
        0.855189562,
        -0.0397185721
      ],
      [
        0.06370944,
        -0.08468227,
        -0.994369149
      ]
    ],
    "translation": [
      1.16690373,
      0.762537837,
      -0.747694433
    ]
  },
  {
    "timeStamp": 21009,
    "rotation": [
      [
        -0.815781832,
        0.5643476,
        -0.126537591
      ],
      [
        0.568249166,
        0.8228325,
        0.00629212661
      ],
      [
        0.107670188,
        -0.06677188,
        -0.991941869
      ]
    ],
    "translation": [
      1.173909,
      0.7963073,
      -0.754699469
    ]
  },
  {
    "timeStamp": 21065,
    "rotation": [
      [
        -0.7589808,
        0.63190037,
        -0.157003477
      ],
      [
        0.632537544,
        0.7727574,
        0.05236739
      ],
      [
        0.154416576,
        -0.05956475,
        -0.9862087
      ]
    ],
    "translation": [
      1.18964958,
      0.845237136,
      -0.7633059
    ]
  },
  {
    "timeStamp": 21109,
    "rotation": [
      [
        -0.723141849,
        0.6632211,
        -0.192882061
      ],
      [
        0.6613049,
        0.7454222,
        0.08379475
      ],
      [
        0.199353024,
        -0.06695836,
        -0.9776374
      ]
    ],
    "translation": [
      1.21005058,
      0.8825334,
      -0.7668
    ]
  },
  {
    "timeStamp": 21165,
    "rotation": [
      [
        -0.6899866,
        0.689994335,
        -0.2186923
      ],
      [
        0.686547458,
        0.719575346,
        0.104230359
      ],
      [
        0.229283929,
        -0.07822509,
        -0.9702112
      ]
    ],
    "translation": [
      1.24324858,
      0.925942242,
      -0.77198714
    ]
  },
  {
    "timeStamp": 21209,
    "rotation": [
      [
        -0.658004045,
        0.7031461,
        -0.2694738
      ],
      [
        0.6997061,
        0.7031814,
        0.126282513
      ],
      [
        0.278284,
        -0.105458044,
        -0.9546919
      ]
    ],
    "translation": [
      1.27641058,
      0.9590529,
      -0.769466937
    ]
  },
  {
    "timeStamp": 21265,
    "rotation": [
      [
        -0.6178084,
        0.7084193,
        -0.3412548
      ],
      [
        0.7095488,
        0.6892914,
        0.14634864
      ],
      [
        0.3389002,
        -0.1517215,
        -0.9285081
      ]
    ],
    "translation": [
      1.325499,
      0.995803058,
      -0.762502134
    ]
  },
  {
    "timeStamp": 21310,
    "rotation": [
      [
        -0.576954544,
        0.7005581,
        -0.419930577
      ],
      [
        0.708313048,
        0.685157657,
        0.169857547
      ],
      [
        0.406713754,
        -0.199442223,
        -0.8915193
      ]
    ],
    "translation": [
      1.37134147,
      1.01925266,
      -0.7535249
    ]
  },
  {
    "timeStamp": 21355,
    "rotation": [
      [
        -0.551928043,
        0.671602249,
        -0.4942932
      ],
      [
        0.7040927,
        0.692920446,
        0.155289337
      ],
      [
        0.446798563,
        -0.262319684,
        -0.855312467
      ]
    ],
    "translation": [
      1.42170525,
      1.03805351,
      -0.7433316
    ]
  },
  {
    "timeStamp": 21411,
    "rotation": [
      [
        -0.5187579,
        0.6312902,
        -0.5765093
      ],
      [
        0.707918346,
        0.6952656,
        0.124327756
      ],
      [
        0.47931397,
        -0.343625516,
        -0.8075764
      ]
    ],
    "translation": [
      1.486891,
      1.06015968,
      -0.7315666
    ]
  },
  {
    "timeStamp": 21456,
    "rotation": [
      [
        -0.4748309,
        0.586807549,
        -0.6558906
      ],
      [
        0.707420349,
        0.6978314,
        0.112195104
      ],
      [
        0.523538,
        -0.410716653,
        -0.7464715
      ]
    ],
    "translation": [
      1.54395235,
      1.074725,
      -0.7194444
    ]
  },
  {
    "timeStamp": 21511,
    "rotation": [
      [
        -0.43346706,
        0.509866238,
        -0.7430631
      ],
      [
        0.7131298,
        0.698189139,
        0.0630697161
      ],
      [
        0.5509557,
        -0.5025618,
        -0.6662428
      ]
    ],
    "translation": [
      1.61687338,
      1.0906924,
      -0.706845641
    ]
  },
  {
    "timeStamp": 21556,
    "rotation": [
      [
        -0.399066359,
        0.442004383,
        -0.8033543
      ],
      [
        0.706718445,
        0.7064925,
        0.0376486629
      ],
      [
        0.5842046,
        -0.552721,
        -0.594310045
      ]
    ],
    "translation": [
      1.677009,
      1.09944248,
      -0.699414432
    ]
  },
  {
    "timeStamp": 21611,
    "rotation": [
      [
        -0.362223476,
        0.3370205,
        -0.869029
      ],
      [
        0.7064724,
        0.7074549,
        -0.0201075971
      ],
      [
        0.608022153,
        -0.621228456,
        -0.49435246
      ]
    ],
    "translation": [
      1.751488,
      1.1079644,
      -0.692470431
    ]
  },
  {
    "timeStamp": 21655,
    "rotation": [
      [
        -0.319258541,
        0.259483,
        -0.9114508
      ],
      [
        0.699399769,
        0.713504255,
        -0.04185319
      ],
      [
        0.639463842,
        -0.6508305,
        -0.409274638
      ]
    ],
    "translation": [
      1.81197238,
      1.11157572,
      -0.689049065
    ]
  },
  {
    "timeStamp": 21711,
    "rotation": [
      [
        -0.283303678,
        0.149438411,
        -0.9473158
      ],
      [
        0.7047264,
        0.7024033,
        -0.0999514163
      ],
      [
        0.650461137,
        -0.6959151,
        -0.304306626
      ]
    ],
    "translation": [
      1.88493025,
      1.11670506,
      -0.6839421
    ]
  },
  {
    "timeStamp": 21755,
    "rotation": [
      [
        -0.2265297,
        0.0669928342,
        -0.9716976
      ],
      [
        0.7221026,
        0.6810528,
        -0.121387579
      ],
      [
        0.6536453,
        -0.7291632,
        -0.202654392
      ]
    ],
    "translation": [
      1.94480073,
      1.12199378,
      -0.679707766
    ]
  },
  {
    "timeStamp": 21811,
    "rotation": [
      [
        -0.187086582,
        -0.0489323847,
        -0.9811239
      ],
      [
        0.7352679,
        0.655355,
        -0.1728903
      ],
      [
        0.651444435,
        -0.75373435,
        -0.0866297
      ]
    ],
    "translation": [
      2.01457477,
      1.12410164,
      -0.673940241
    ]
  },
  {
    "timeStamp": 21855,
    "rotation": [
      [
        -0.145660833,
        -0.117759332,
        -0.982301235
      ],
      [
        0.7399011,
        0.6461508,
        -0.187177718
      ],
      [
        0.656756639,
        -0.754070163,
        -0.00698860036
      ]
    ],
    "translation": [
      2.06483483,
      1.1192193,
      -0.670126438
    ]
  },
  {
    "timeStamp": 21911,
    "rotation": [
      [
        -0.140689388,
        -0.190922648,
        -0.971470535
      ],
      [
        0.7331798,
        0.63930136,
        -0.231821463
      ],
      [
        0.665322363,
        -0.7448774,
        0.0500377156
      ]
    ],
    "translation": [
      2.11696,
      1.10644782,
      -0.6631317
    ]
  },
  {
    "timeStamp": 21955,
    "rotation": [
      [
        -0.102443367,
        -0.1913356,
        -0.9761639
      ],
      [
        0.7173277,
        0.665662,
        -0.2057547
      ],
      [
        0.689163446,
        -0.721307635,
        0.06905768
      ]
    ],
    "translation": [
      2.14791536,
      1.08605349,
      -0.65686965
    ]
  },
  {
    "timeStamp": 22011,
    "rotation": [
      [
        -0.148103744,
        -0.2448808,
        -0.958174646
      ],
      [
        0.7054055,
        0.6529045,
        -0.27589643
      ],
      [
        0.693158269,
        -0.7167629,
        0.07604264
      ]
    ],
    "translation": [
      2.18343949,
      1.0642606,
      -0.643473268
    ]
  },
  {
    "timeStamp": 22055,
    "rotation": [
      [
        -0.09154447,
        -0.219700262,
        -0.9712628
      ],
      [
        0.6880298,
        0.6911519,
        -0.22118789
      ],
      [
        0.7198852,
        -0.6885063,
        0.0878891945
      ]
    ],
    "translation": [
      2.20365787,
      1.03674769,
      -0.634506345
    ]
  },
  {
    "timeStamp": 22111,
    "rotation": [
      [
        -0.128255218,
        -0.223438367,
        -0.9662432
      ],
      [
        0.6722575,
        0.6967057,
        -0.250342041
      ],
      [
        0.7291232,
        -0.681671858,
        0.06085196
      ]
    ],
    "translation": [
      2.22557521,
      1.00912583,
      -0.6182011
    ]
  },
  {
    "timeStamp": 22157,
    "rotation": [
      [
        -0.0786062,
        -0.2165619,
        -0.9730991
      ],
      [
        0.655431449,
        0.724263966,
        -0.21412921
      ],
      [
        0.7511529,
        -0.6546317,
        0.0850098357
      ]
    ],
    "translation": [
      2.24147248,
      0.9828493,
      -0.610865653
    ]
  },
  {
    "timeStamp": 22205,
    "rotation": [
      [
        -0.10136459,
        -0.207808957,
        -0.9729032
      ],
      [
        0.635935366,
        0.7385184,
        -0.2240018
      ],
      [
        0.7650565,
        -0.641409338,
        0.05729344
      ]
    ],
    "translation": [
      2.254202,
      0.956329942,
      -0.6008106
    ]
  },
  {
    "timeStamp": 22261,
    "rotation": [
      [
        -0.0657039061,
        -0.19603233,
        -0.9783938
      ],
      [
        0.619692147,
        0.7604932,
        -0.19398883
      ],
      [
        0.7820899,
        -0.6190488,
        0.07151233
      ]
    ],
    "translation": [
      2.262771,
      0.9333419,
      -0.5949162
    ]
  },
  {
    "timeStamp": 22306,
    "rotation": [
      [
        -0.05376124,
        -0.17705518,
        -0.9827315
      ],
      [
        0.61337477,
        0.7707423,
        -0.172417089
      ],
      [
        0.787960052,
        -0.6120521,
        0.06716512
      ]
    ],
    "translation": [
      2.26453185,
      0.9188391,
      -0.591221154
    ]
  },
  {
    "timeStamp": 22361,
    "rotation": [
      [
        -0.06147434,
        -0.169799924,
        -0.9835593
      ],
      [
        0.601593554,
        0.7800076,
        -0.172259852
      ],
      [
        0.7964334,
        -0.6022925,
        0.054200083
      ]
    ],
    "translation": [
      2.26568675,
      0.904343545,
      -0.587702334
    ]
  },
  {
    "timeStamp": 22405,
    "rotation": [
      [
        -0.0579828769,
        -0.166226283,
        -0.984381437
      ],
      [
        0.592813551,
        0.7876384,
        -0.167921945
      ],
      [
        0.8032497,
        -0.5932913,
        0.0528716519
      ]
    ],
    "translation": [
      2.26688385,
      0.8944849,
      -0.5859122
    ]
  },
  {
    "timeStamp": 22461,
    "rotation": [
      [
        -0.05738663,
        -0.1553627,
        -0.986189246
      ],
      [
        0.5917886,
        0.790269732,
        -0.158934191
      ],
      [
        0.8040479,
        -0.592736244,
        0.0465909578
      ]
    ],
    "translation": [
      2.26646256,
      0.8857509,
      -0.5829869
    ]
  },
  {
    "timeStamp": 22505,
    "rotation": [
      [
        -0.06126766,
        -0.155523524,
        -0.9859304
      ],
      [
        0.5852357,
        0.7945755,
        -0.161706343
      ],
      [
        0.8085453,
        -0.586909056,
        0.0423361361
      ]
    ],
    "translation": [
      2.26782727,
      0.8792692,
      -0.580893159
    ]
  },
  {
    "timeStamp": 22561,
    "rotation": [
      [
        -0.07419486,
        -0.1701694,
        -0.9826177
      ],
      [
        0.5765806,
        0.796626747,
        -0.181495622
      ],
      [
        0.813664556,
        -0.580024362,
        0.03901076
      ]
    ],
    "translation": [
      2.27030516,
      0.8722526,
      -0.5783198
    ]
  },
  {
    "timeStamp": 22606,
    "rotation": [
      [
        -0.08634141,
        -0.173453435,
        -0.981049955
      ],
      [
        0.5707468,
        0.7985051,
        -0.191409752
      ],
      [
        0.8165741,
        -0.5764577,
        0.0300539322
      ]
    ],
    "translation": [
      2.271234,
      0.8674505,
      -0.576795936
    ]
  },
  {
    "timeStamp": 22663,
    "rotation": [
      [
        -0.09122488,
        -0.178106815,
        -0.9797734
      ],
      [
        0.565126,
        0.800843358,
        -0.19819808
      ],
      [
        0.819945455,
        -0.571776032,
        0.02759595
      ]
    ],
    "translation": [
      2.27251649,
      0.8626577,
      -0.5752819
    ]
  },
  {
    "timeStamp": 22709,
    "rotation": [
      [
        -0.102029942,
        -0.183953166,
        -0.977625251
      ],
      [
        0.560081244,
        0.801568151,
        -0.209278613
      ],
      [
        0.82213074,
        -0.568902254,
        0.0212447681
      ]
    ],
    "translation": [
      2.273483,
      0.8592503,
      -0.5737851
    ]
  },
  {
    "timeStamp": 22766,
    "rotation": [
      [
        -0.108448505,
        -0.184466049,
        -0.9768373
      ],
      [
        0.5560728,
        0.8032642,
        -0.2134237
      ],
      [
        0.8240279,
        -0.5663381,
        0.0154637462
      ]
    ],
    "translation": [
      2.27459168,
      0.8560375,
      -0.572345
    ]
  },
  {
    "timeStamp": 22810,
    "rotation": [
      [
        -0.107129559,
        -0.18845059,
        -0.976222157
      ],
      [
        0.555347,
        0.8030853,
        -0.215971321
      ],
      [
        0.824689567,
        -0.565279,
        0.0186213
      ]
    ],
    "translation": [
      2.27623749,
      0.8549392,
      -0.5709095
    ]
  },
  {
    "timeStamp": 22866,
    "rotation": [
      [
        -0.10737884,
        -0.188717529,
        -0.9761432
      ],
      [
        0.5612985,
        0.7988776,
        -0.216191411
      ],
      [
        0.820618,
        -0.57112205,
        0.0201443136
      ]
    ],
    "translation": [
      2.2769208,
      0.855559349,
      -0.568044543
    ]
  },
  {
    "timeStamp": 22910,
    "rotation": [
      [
        -0.09509677,
        -0.178746,
        -0.979288757
      ],
      [
        0.5642067,
        0.800804,
        -0.200956821
      ],
      [
        0.820138633,
        -0.57163167,
        0.0246958211
      ]
    ],
    "translation": [
      2.277056,
      0.854888,
      -0.5662615
    ]
  },
  {
    "timeStamp": 22955,
    "rotation": [
      [
        -0.09506765,
        -0.185901612,
        -0.9779585
      ],
      [
        0.565905631,
        0.798131347,
        -0.206729859
      ],
      [
        0.8189707,
        -0.573085546,
        0.0293263067
      ]
    ],
    "translation": [
      2.27897358,
      0.8545333,
      -0.5643871
    ]
  },
  {
    "timeStamp": 23010,
    "rotation": [
      [
        -0.0756142,
        -0.1727744,
        -0.98205477
      ],
      [
        0.5692782,
        0.8011125,
        -0.184773058
      ],
      [
        0.8186604,
        -0.57303375,
        0.03778122
      ]
    ],
    "translation": [
      2.2786274,
      0.85269624,
      -0.5628092
    ]
  },
  {
    "timeStamp": 23055,
    "rotation": [
      [
        -0.08039883,
        -0.172924682,
        -0.9816481
      ],
      [
        0.5688365,
        0.8007578,
        -0.187648281
      ],
      [
        0.8185115,
        -0.573484,
        0.03398588
      ]
    ],
    "translation": [
      2.27834129,
      0.8511395,
      -0.5615437
    ]
  },
  {
    "timeStamp": 23110,
    "rotation": [
      [
        -0.08196382,
        -0.1695612,
        -0.9821053
      ],
      [
        0.5657143,
        0.8033697,
        -0.185915336
      ],
      [
        0.820517659,
        -0.570829332,
        0.03007595
      ]
    ],
    "translation": [
      2.27812314,
      0.848921359,
      -0.560007453
    ]
  },
  {
    "timeStamp": 23166,
    "rotation": [
      [
        -0.06949713,
        -0.168333873,
        -0.9832771
      ],
      [
        0.5693967,
        0.8026373,
        -0.177653372
      ],
      [
        0.81911993,
        -0.5722211,
        0.04006776
      ]
    ],
    "translation": [
      2.27952838,
      0.847713232,
      -0.5582014
    ]
  },
  {
    "timeStamp": 23210,
    "rotation": [
      [
        -0.0749257058,
        -0.173403084,
        -0.981996655
      ],
      [
        0.568130434,
        0.801886737,
        -0.18494688
      ],
      [
        0.8195205,
        -0.5717595,
        0.03843365
      ]
    ],
    "translation": [
      2.28008842,
      0.847021043,
      -0.5567885
    ]
  },
  {
    "timeStamp": 23266,
    "rotation": [
      [
        -0.0748911053,
        -0.169109508,
        -0.9827478
      ],
      [
        0.56624496,
        0.80400455,
        -0.181502849
      ],
      [
        0.8208276,
        -0.570069,
        0.0355446227
      ]
    ],
    "translation": [
      2.280004,
      0.8456348,
      -0.555556655
    ]
  },
  {
    "timeStamp": 23310,
    "rotation": [
      [
        -0.07175539,
        -0.1691753,
        -0.9829704
      ],
      [
        0.567159951,
        0.803757131,
        -0.17973341
      ],
      [
        0.820475936,
        -0.5703983,
        0.0382755361
      ]
    ],
    "translation": [
      2.28029156,
      0.845664859,
      -0.5547931
    ]
  },
  {
    "timeStamp": 23366,
    "rotation": [
      [
        -0.07998091,
        -0.171623573,
        -0.9819106
      ],
      [
        0.5666177,
        0.8026115,
        -0.186438188
      ],
      [
        0.820089936,
        -0.571279466,
        0.03305136
      ]
    ],
    "translation": [
      2.28008914,
      0.8452442,
      -0.5543059
    ]
  },
  {
    "timeStamp": 23410,
    "rotation": [
      [
        -0.0814948454,
        -0.16663149,
        -0.9826457
      ],
      [
        0.5654019,
        0.8041987,
        -0.183262557
      ],
      [
        0.8207797,
        -0.5705247,
        0.0286757071
      ]
    ],
    "translation": [
      2.27913547,
      0.8443332,
      -0.554154038
    ]
  },
  {
    "timeStamp": 23466,
    "rotation": [
      [
        -0.08234771,
        -0.169038326,
        -0.98216337
      ],
      [
        0.5641255,
        0.8045213,
        -0.185762763
      ],
      [
        0.8215724,
        -0.569360554,
        0.0291083381
      ]
    ],
    "translation": [
      2.27999568,
      0.8438388,
      -0.554376066
    ]
  },
  {
    "timeStamp": 23510,
    "rotation": [
      [
        -0.07994092,
        -0.1695019,
        -0.982282341
      ],
      [
        0.5652019,
        0.804002166,
        -0.184735745
      ],
      [
        0.821070254,
        -0.569955766,
        0.0315301158
      ]
    ],
    "translation": [
      2.28012,
      0.8438304,
      -0.553921044
    ]
  },
  {
    "timeStamp": 23566,
    "rotation": [
      [
        -0.07940831,
        -0.170181185,
        -0.9822081
      ],
      [
        0.5646645,
        0.80431664,
        -0.1850103
      ],
      [
        0.821491539,
        -0.569309354,
        0.0322258435
      ]
    ],
    "translation": [
      2.28072572,
      0.8429651,
      -0.55414623
    ]
  },
  {
    "timeStamp": 23610,
    "rotation": [
      [
        -0.0809803456,
        -0.1725807,
        -0.9816609
      ],
      [
        0.5616236,
        0.805754542,
        -0.187985644
      ],
      [
        0.8234204,
        -0.566547036,
        0.0316751078
      ]
    ],
    "translation": [
      2.28135467,
      0.841516852,
      -0.554294348
    ]
  },
  {
    "timeStamp": 23666,
    "rotation": [
      [
        -0.08172078,
        -0.1737902,
        -0.981386065
      ],
      [
        0.559459269,
        0.806909442,
        -0.189479366
      ],
      [
        0.8248193,
        -0.5645299,
        0.03128727
      ]
    ],
    "translation": [
      2.28279614,
      0.8403808,
      -0.5547405
    ]
  },
  {
    "timeStamp": 23710,
    "rotation": [
      [
        -0.07711526,
        -0.17817606,
        -0.98097223
      ],
      [
        0.5613117,
        0.805402,
        -0.190412179
      ],
      [
        0.8240039,
        -0.5653149,
        0.0379035324
      ]
    ],
    "translation": [
      2.28410053,
      0.840579152,
      -0.5545448
    ]
  },
  {
    "timeStamp": 23765,
    "rotation": [
      [
        -0.07180088,
        -0.175635934,
        -0.9818333
      ],
      [
        0.5620648,
        0.806069434,
        -0.185297742
      ],
      [
        0.823970735,
        -0.565158546,
        0.0408422835
      ]
    ],
    "translation": [
      2.28483748,
      0.839764953,
      -0.5543382
    ]
  },
  {
    "timeStamp": 23810,
    "rotation": [
      [
        -0.0715735,
        -0.1753637,
        -0.981898546
      ],
      [
        0.5616856,
        0.80641,
        -0.184965
      ],
      [
        0.824249,
        -0.56475693,
        0.0407816842
      ]
    ],
    "translation": [
      2.285049,
      0.8393536,
      -0.554401457
    ]
  },
  {
    "timeStamp": 23866,
    "rotation": [
      [
        -0.0766239762,
        -0.17779085,
        -0.981080651
      ],
      [
        0.5579969,
        0.807806,
        -0.189970583
      ],
      [
        0.8262979,
        -0.561996341,
        0.03730944
      ]
    ],
    "translation": [
      2.285316,
      0.838415742,
      -0.5541258
    ]
  },
  {
    "timeStamp": 23910,
    "rotation": [
      [
        -0.07805593,
        -0.1745273,
        -0.9815536
      ],
      [
        0.557298243,
        0.808722258,
        -0.188114569
      ],
      [
        0.826635361,
        -0.561701536,
        0.034138184
      ]
    ],
    "translation": [
      2.285194,
      0.837753,
      -0.554051161
    ]
  },
  {
    "timeStamp": 23965,
    "rotation": [
      [
        -0.07136946,
        -0.171996325,
        -0.9825089
      ],
      [
        0.5577977,
        0.8097165,
        -0.182266027
      ],
      [
        0.826902747,
        -0.5610494,
        0.0381501168
      ]
    ],
    "translation": [
      2.28515983,
      0.8366764,
      -0.553939044
    ]
  },
  {
    "timeStamp": 24010,
    "rotation": [
      [
        -0.07131228,
        -0.170956448,
        -0.9826945
      ],
      [
        0.553646863,
        0.8127177,
        -0.181563184
      ],
      [
        0.8296926,
        -0.5570134,
        0.03669275
      ]
    ],
    "translation": [
      2.28488851,
      0.834641,
      -0.554437339
    ]
  },
  {
    "timeStamp": 24065,
    "rotation": [
      [
        -0.0762184262,
        -0.168506578,
        -0.9827494
      ],
      [
        0.5515335,
        0.81397897,
        -0.182343364
      ],
      [
        0.8306633,
        -0.5559171,
        0.0308968313
      ]
    ],
    "translation": [
      2.283292,
      0.8332065,
      -0.554566443
    ]
  },
  {
    "timeStamp": 24110,
    "rotation": [
      [
        -0.08031267,
        -0.169743076,
        -0.982210338
      ],
      [
        0.549222767,
        0.8147784,
        -0.185716361
      ],
      [
        0.831807852,
        -0.554367661,
        0.027789738
      ]
    ],
    "translation": [
      2.2829566,
      0.8322454,
      -0.554629445
    ]
  },
  {
    "timeStamp": 24165,
    "rotation": [
      [
        -0.07982408,
        -0.168359652,
        -0.9824883
      ],
      [
        0.549737036,
        0.8147573,
        -0.184281617
      ],
      [
        0.8315151,
        -0.55482024,
        0.027516285
      ]
    ],
    "translation": [
      2.28305364,
      0.831887364,
      -0.5544612
    ]
  },
  {
    "timeStamp": 24209,
    "rotation": [
      [
        -0.0766053647,
        -0.1697159,
        -0.9825111
      ],
      [
        0.55003196,
        0.81470865,
        -0.18361564
      ],
      [
        0.8316228,
        -0.554478467,
        0.030938115
      ]
    ],
    "translation": [
      2.28369522,
      0.831617832,
      -0.5544005
    ]
  },
  {
    "timeStamp": 24265,
    "rotation": [
      [
        -0.0815665945,
        -0.172228277,
        -0.981674254
      ],
      [
        0.548010349,
        0.814952731,
        -0.188511863
      ],
      [
        0.832485139,
        -0.5533439,
        0.0279099587
      ]
    ],
    "translation": [
      2.28414321,
      0.83069706,
      -0.5547677
    ]
  },
  {
    "timeStamp": 24310,
    "rotation": [
      [
        -0.0828278139,
        -0.170554474,
        -0.9818609
      ],
      [
        0.5470633,
        0.815741956,
        -0.187847883
      ],
      [
        0.8329834,
        -0.5526991,
        0.0257379711
      ]
    ],
    "translation": [
      2.28385329,
      0.83043164,
      -0.555054963
    ]
  },
  {
    "timeStamp": 24365,
    "rotation": [
      [
        -0.08131475,
        -0.174017444,
        -0.981379569
      ],
      [
        0.546052337,
        0.8159381,
        -0.189926073
      ],
      [
        0.8337954,
        -0.551328361,
        0.0286748223
      ]
    ],
    "translation": [
      2.28474474,
      0.830531061,
      -0.5550195
    ]
  },
  {
    "timeStamp": 24410,
    "rotation": [
      [
        -0.0790124461,
        -0.173495412,
        -0.981660068
      ],
      [
        0.549167156,
        0.814266,
        -0.188112438
      ],
      [
        0.831969,
        -0.5539587,
        0.0309408344
      ]
    ],
    "translation": [
      2.28455734,
      0.83068645,
      -0.554947436
    ]
  },
  {
    "timeStamp": 24465,
    "rotation": [
      [
        -0.08087576,
        -0.1743799,
        -0.9813515
      ],
      [
        0.548130155,
        0.814546764,
        -0.189912632
      ],
      [
        0.832473636,
        -0.553267658,
        0.0297057964
      ]
    ],
    "translation": [
      2.28406835,
      0.829947,
      -0.5552557
    ]
  },
  {
    "timeStamp": 24509,
    "rotation": [
      [
        -0.07792629,
        -0.1728257,
        -0.9818649
      ],
      [
        0.547966659,
        0.8153298,
        -0.187002242
      ],
      [
        0.8328625,
        -0.552601635,
        0.0311670937
      ]
    ],
    "translation": [
      2.283586,
      0.8293815,
      -0.555423558
    ]
  },
  {
    "timeStamp": 24565,
    "rotation": [
      [
        -0.07936192,
        -0.172336817,
        -0.9818359
      ],
      [
        0.547374,
        0.815634549,
        -0.187408626
      ],
      [
        0.833116651,
        -0.552304566,
        0.0296023712
      ]
    ],
    "translation": [
      2.282643,
      0.8288774,
      -0.5556246
    ]
  },
  {
    "timeStamp": 24609,
    "rotation": [
      [
        -0.08347792,
        -0.170262665,
        -0.9818564
      ],
      [
        0.5459973,
        0.816421747,
        -0.187995777
      ],
      [
        0.8336177,
        -0.5517845,
        0.0248097647
      ]
    ],
    "translation": [
      2.28152013,
      0.8285375,
      -0.5557664
    ]
  },
  {
    "timeStamp": 24665,
    "rotation": [
      [
        -0.08809141,
        -0.176838964,
        -0.9802897
      ],
      [
        0.5443013,
        0.815658867,
        -0.1960528
      ],
      [
        0.834251761,
        -0.5508435,
        0.0244011339
      ]
    ],
    "translation": [
      2.282039,
      0.8282553,
      -0.555937767
    ]
  },
  {
    "timeStamp": 24709,
    "rotation": [
      [
        -0.08711037,
        -0.176753685,
        -0.980392754
      ],
      [
        0.5425697,
        0.8169455,
        -0.1954947
      ],
      [
        0.8354818,
        -0.548961,
        0.02473676
      ]
    ],
    "translation": [
      2.282087,
      0.8273312,
      -0.555995047
    ]
  },
  {
    "timeStamp": 24765,
    "rotation": [
      [
        -0.09022278,
        -0.182474688,
        -0.9790622
      ],
      [
        0.542000055,
        0.81574446,
        -0.201982528
      ],
      [
        0.8355213,
        -0.5488752,
        0.0253025535
      ]
    ],
    "translation": [
      2.28272867,
      0.827155352,
      -0.5559165
    ]
  },
  {
    "timeStamp": 24809,
    "rotation": [
      [
        -0.0887760445,
        -0.182004362,
        -0.979282
      ],
      [
        0.5418261,
        0.8161508,
        -0.200804442
      ],
      [
        0.835789,
        -0.5484272,
        0.0261600856
      ]
    ],
    "translation": [
      2.282736,
      0.8266391,
      -0.5560155
    ]
  },
  {
    "timeStamp": 24865,
    "rotation": [
      [
        -0.0889793858,
        -0.184979245,
        -0.978706
      ],
      [
        0.542514741,
        0.8150569,
        -0.203371838
      ],
      [
        0.8353206,
        -0.5490583,
        0.0278307069
      ]
    ],
    "translation": [
      2.28285027,
      0.8267206,
      -0.55581367
    ]
  },
  {
    "timeStamp": 24909,
    "rotation": [
      [
        -0.08468535,
        -0.1842961,
        -0.9792157
      ],
      [
        0.543091655,
        0.815400541,
        -0.200432912
      ],
      [
        0.835392058,
        -0.5487776,
        0.0310371928
      ]
    ],
    "translation": [
      2.28248286,
      0.8261699,
      -0.5553307
    ]
  },
  {
    "timeStamp": 24965,
    "rotation": [
      [
        -0.084419325,
        -0.187723517,
        -0.9785873
      ],
      [
        0.5415003,
        0.815772951,
        -0.203204
      ],
      [
        0.8364513,
        -0.5470597,
        0.0327853374
      ]
    ],
    "translation": [
      2.28236818,
      0.8248594,
      -0.5552955
    ]
  },
  {
    "timeStamp": 25009,
    "rotation": [
      [
        -0.0865258053,
        -0.189035922,
        -0.978150666
      ],
      [
        0.541085541,
        0.815482438,
        -0.20546256
      ],
      [
        0.836504459,
        -0.547040939,
        0.03172433
      ]
    ],
    "translation": [
      2.282044,
      0.8244809,
      -0.5547028
    ]
  },
  {
    "timeStamp": 25065,
    "rotation": [
      [
        -0.08663022,
        -0.190033376,
        -0.9779481
      ],
      [
        0.5397103,
        0.816155851,
        -0.206403658
      ],
      [
        0.837381661,
        -0.5456894,
        0.0318592042
      ]
    ],
    "translation": [
      2.28233171,
      0.8240317,
      -0.5542612
    ]
  },
  {
    "timeStamp": 25109,
    "rotation": [
      [
        -0.0841949657,
        -0.191686258,
        -0.9778382
      ],
      [
        0.539627,
        0.816195846,
        -0.206463009
      ],
      [
        0.837683558,
        -0.545051038,
        0.0347195044
      ]
    ],
    "translation": [
      2.28323746,
      0.8237079,
      -0.5538464
    ]
  },
  {
    "timeStamp": 25165,
    "rotation": [
      [
        -0.0868499652,
        -0.1964578,
        -0.9766583
      ],
      [
        0.5385382,
        0.8155128,
        -0.211932749
      ],
      [
        0.8381132,
        -0.544374168,
        0.0349727757
      ]
    ],
    "translation": [
      2.28440785,
      0.823792636,
      -0.552782357
    ]
  },
  {
    "timeStamp": 25209,
    "rotation": [
      [
        -0.08265531,
        -0.203482136,
        -0.9755835
      ],
      [
        0.5389103,
        0.8143293,
        -0.215507209
      ],
      [
        0.838298142,
        -0.543564856,
        0.0423499756
      ]
    ],
    "translation": [
      2.28661919,
      0.824158132,
      -0.5519905
    ]
  },
  {
    "timeStamp": 25265,
    "rotation": [
      [
        -0.08368582,
        -0.205577821,
        -0.9750562
      ],
      [
        0.5396372,
        0.813243449,
        -0.217777
      ],
      [
        0.837728143,
        -0.5444014,
        0.04288049
      ]
    ],
    "translation": [
      2.28778672,
      0.8247463,
      -0.5505781
    ]
  },
  {
    "timeStamp": 25308,
    "rotation": [
      [
        -0.0841889158,
        -0.208957568,
        -0.974294066
      ],
      [
        0.5392719,
        0.8126466,
        -0.2208875
      ],
      [
        0.8379129,
        -0.5440057,
        0.0442691036
      ]
    ],
    "translation": [
      2.288028,
      0.825123847,
      -0.55014956
    ]
  },
  {
    "timeStamp": 25364,
    "rotation": [
      [
        -0.08573428,
        -0.207258373,
        -0.9745223
      ],
      [
        0.5407824,
        0.8118206,
        -0.22023119
      ],
      [
        0.836782,
        -0.5458858,
        0.0424808227
      ]
    ],
    "translation": [
      2.2878654,
      0.825243831,
      -0.549511254
    ]
  }
]