[
  {
    "timeStamp": 60915,
    "rotation": [
      [
        0.9992773,
        0.0108818347,
        0.0364198722
      ],
      [
        -0.0361278,
        -0.0259290729,
        0.999010742
      ],
      [
        0.0118154045,
        -0.9996045,
        -0.0255171973
      ]
    ],
    "translation": [
      1.30678141,
      0.6987094,
      -0.6241454
    ]
  },
  {
    "timeStamp": 60959,
    "rotation": [
      [
        0.999752939,
        0.0118159074,
        0.0188265555
      ],
      [
        -0.018446831,
        -0.031462308,
        0.9993347
      ],
      [
        0.0124003766,
        -0.999435067,
        -0.03123657
      ]
    ],
    "translation": [
      1.30680728,
      0.7011462,
      -0.624162734
    ]
  },
  {
    "timeStamp": 61015,
    "rotation": [
      [
        0.999790132,
        0.015030927,
        0.0139222406
      ],
      [
        -0.0131588513,
        -0.04974465,
        0.9986753
      ],
      [
        0.0157035682,
        -0.9986489,
        -0.04953642
      ]
    ],
    "translation": [
      1.306829,
      0.701340258,
      -0.624162436
    ]
  },
  {
    "timeStamp": 61059,
    "rotation": [
      [
        0.9993401,
        0.0119296806,
        0.0343080238
      ],
      [
        -0.0334726572,
        -0.06430828,
        0.9973686
      ],
      [
        0.0141045591,
        -0.997858763,
        -0.06386652
      ]
    ],
    "translation": [
      1.30679,
      0.70187,
      -0.624200344
    ]
  },
  {
    "timeStamp": 61115,
    "rotation": [
      [
        0.996501,
        -0.0155732306,
        0.0821168646
      ],
      [
        -0.08218519,
        -0.00379811018,
        0.996609867
      ],
      [
        -0.0152085489,
        -0.9998715,
        -0.00506470958
      ]
    ],
    "translation": [
      1.30593443,
      0.7103242,
      -0.633892357
    ]
  },
  {
    "timeStamp": 61159,
    "rotation": [
      [
        0.992936552,
        -0.04358381,
        0.110350572
      ],
      [
        -0.1098078,
        0.0146647179,
        0.9938446
      ],
      [
        -0.0449338034,
        -0.9989421,
        0.009775293
      ]
    ],
    "translation": [
      1.30903208,
      0.724903941,
      -0.6373517
    ]
  },
  {
    "timeStamp": 61214,
    "rotation": [
      [
        0.978598535,
        -0.08606117,
        0.1869178
      ],
      [
        -0.180020586,
        0.08199222,
        0.9802397
      ],
      [
        -0.0996863842,
        -0.9929102,
        0.06474469
      ]
    ],
    "translation": [
      1.31325686,
      0.754448235,
      -0.6469824
    ]
  },
  {
    "timeStamp": 61259,
    "rotation": [
      [
        0.9499541,
        -0.142504,
        0.277992278
      ],
      [
        -0.249368072,
        0.190069944,
        0.94957304
      ],
      [
        -0.188155949,
        -0.9713732,
        0.145021781
      ]
    ],
    "translation": [
      1.320974,
      0.7861704,
      -0.655870855
    ]
  },
  {
    "timeStamp": 61315,
    "rotation": [
      [
        0.875335157,
        -0.178649873,
        0.449302375
      ],
      [
        -0.353192449,
        0.3983762,
        0.846493661
      ],
      [
        -0.330217361,
        -0.8996559,
        0.2856149
      ]
    ],
    "translation": [
      1.334368,
      0.8366043,
      -0.671483636
    ]
  },
  {
    "timeStamp": 61359,
    "rotation": [
      [
        0.790618956,
        -0.177526489,
        0.5860085
      ],
      [
        -0.4085806,
        0.5598602,
        0.7208456
      ],
      [
        -0.456052065,
        -0.8093459,
        0.370102257
      ]
    ],
    "translation": [
      1.35051715,
      0.879897356,
      -0.6823072
    ]
  },
  {
    "timeStamp": 61415,
    "rotation": [
      [
        0.6675821,
        -0.109213091,
        0.7364826
      ],
      [
        -0.473344058,
        0.7012834,
        0.5330544
      ],
      [
        -0.5746996,
        -0.704467237,
        0.416468859
      ]
    ],
    "translation": [
      1.3765167,
      0.939458549,
      -0.6932299
    ]
  },
  {
    "timeStamp": 61459,
    "rotation": [
      [
        0.5858157,
        -0.0930064246,
        0.805089831
      ],
      [
        -0.504698038,
        0.7353918,
        0.45219326
      ],
      [
        -0.6341134,
        -0.6712292,
        0.383863926
      ]
    ],
    "translation": [
      1.40745413,
      0.9749053,
      -0.697039843
    ]
  },
  {
    "timeStamp": 61515,
    "rotation": [
      [
        0.47931838,
        -0.07035707,
        0.8748164
      ],
      [
        -0.537965655,
        0.764011741,
        0.356200933
      ],
      [
        -0.693431258,
        -0.641354859,
        0.328355163
      ]
    ],
    "translation": [
      1.4491322,
      1.01542282,
      -0.6999723
    ]
  },
  {
    "timeStamp": 61559,
    "rotation": [
      [
        0.4010395,
        -0.0675250739,
        0.9135686
      ],
      [
        -0.566664338,
        0.7652914,
        0.3053204
      ],
      [
        -0.719763041,
        -0.6401323,
        0.268648028
      ]
    ],
    "translation": [
      1.48598576,
      1.04435563,
      -0.702266932
    ]
  },
  {
    "timeStamp": 61615,
    "rotation": [
      [
        0.308650225,
        -0.08450817,
        0.947414041
      ],
      [
        -0.597411454,
        0.7578505,
        0.262225121
      ],
      [
        -0.740158439,
        -0.6469319,
        0.1834246
      ]
    ],
    "translation": [
      1.53473246,
      1.07292283,
      -0.706148863
    ]
  },
  {
    "timeStamp": 61659,
    "rotation": [
      [
        0.229356349,
        -0.09019257,
        0.9691547
      ],
      [
        -0.612609446,
        0.7603721,
        0.215740353
      ],
      [
        -0.7563764,
        -0.6431948,
        0.119143344
      ]
    ],
    "translation": [
      1.57450056,
      1.09294164,
      -0.711423039
    ]
  },
  {
    "timeStamp": 61719,
    "rotation": [
      [
        0.139867783,
        -0.114179157,
        0.983565
      ],
      [
        -0.639275253,
        0.748150349,
        0.177758664
      ],
      [
        -0.756150842,
        -0.6536315,
        0.0316502228
      ]
    ],
    "translation": [
      1.62344158,
      1.11332083,
      -0.720953345
    ]
  },
  {
    "timeStamp": 61756,
    "rotation": [
      [
        0.0958535448,
        -0.140466288,
        0.9854346
      ],
      [
        -0.6599785,
        0.7321319,
        0.168556228
      ],
      [
        -0.7451446,
        -0.6665224,
        -0.02252729
      ]
    ],
    "translation": [
      1.652018,
      1.12054408,
      -0.729159832
    ]
  },
  {
    "timeStamp": 61809,
    "rotation": [
      [
        0.0293108672,
        -0.22162044,
        0.9746924
      ],
      [
        -0.6847323,
        0.7059344,
        0.181102872
      ],
      [
        -0.728205,
        -0.6727117,
        -0.131059125
      ]
    ],
    "translation": [
      1.70698977,
      1.12613583,
      -0.7469756
    ]
  },
  {
    "timeStamp": 61865,
    "rotation": [
      [
        -0.0283796042,
        -0.2935599,
        0.9555193
      ],
      [
        -0.6836137,
        0.703114152,
        0.1957108
      ],
      [
        -0.729292035,
        -0.647652,
        -0.220635682
      ]
    ],
    "translation": [
      1.75202978,
      1.12275183,
      -0.7583701
    ]
  },
  {
    "timeStamp": 61909,
    "rotation": [
      [
        -0.0438144542,
        -0.3933863,
        0.918328643
      ],
      [
        -0.6794416,
        0.6856296,
        0.261287659
      ],
      [
        -0.732420266,
        -0.612502456,
        -0.2973235
      ]
    ],
    "translation": [
      1.78515792,
      1.11312521,
      -0.768872261
    ]
  },
  {
    "timeStamp": 61965,
    "rotation": [
      [
        -0.036594592,
        -0.5193154,
        0.853798747
      ],
      [
        -0.6778446,
        0.640679061,
        0.360634238
      ],
      [
        -0.734293938,
        -0.5655456,
        -0.375460535
      ]
    ],
    "translation": [
      1.82481182,
      1.09405386,
      -0.7798448
    ]
  },
  {
    "timeStamp": 62009,
    "rotation": [
      [
        -0.0417993367,
        -0.573187768,
        0.8183573
      ],
      [
        -0.6726249,
        0.6218059,
        0.401164919
      ],
      [
        -0.7388022,
        -0.533679,
        -0.4115314
      ]
    ],
    "translation": [
      1.85158181,
      1.08308375,
      -0.79054004
    ]
  },
  {
    "timeStamp": 62065,
    "rotation": [
      [
        0.0395880081,
        -0.725661039,
        0.686912537
      ],
      [
        -0.6574584,
        0.498761922,
        0.564787447
      ],
      [
        -0.752450049,
        -0.473975271,
        -0.457346976
      ]
    ],
    "translation": [
      1.88723326,
      1.05503225,
      -0.7983246
    ]
  },
  {
    "timeStamp": 62109,
    "rotation": [
      [
        0.066927515,
        -0.7844969,
        0.61651057
      ],
      [
        -0.634184062,
        0.443575174,
        0.633286357
      ],
      [
        -0.77028,
        -0.433365464,
        -0.4678281
      ]
    ],
    "translation": [
      1.91230428,
      1.04077888,
      -0.8048936
    ]
  },
  {
    "timeStamp": 62165,
    "rotation": [
      [
        0.118760824,
        -0.884124637,
        0.451906472
      ],
      [
        -0.6022672,
        0.29770115,
        0.7407079
      ],
      [
        -0.7894112,
        -0.360135555,
        -0.497124076
      ]
    ],
    "translation": [
      1.95037031,
      1.02273118,
      -0.8074417
    ]
  },
  {
    "timeStamp": 62210,
    "rotation": [
      [
        0.120795354,
        -0.9262676,
        0.3569828
      ],
      [
        -0.5757614,
        0.227571845,
        0.7853088
      ],
      [
        -0.8086453,
        -0.300398558,
        -0.5058195
      ]
    ],
    "translation": [
      1.9803015,
      1.01573527,
      -0.806895435
    ]
  },
  {
    "timeStamp": 62255,
    "rotation": [
      [
        0.192644984,
        -0.972186267,
        0.133198217
      ],
      [
        -0.528720438,
        0.0115125738,
        0.8487179
      ],
      [
        -0.8266454,
        -0.233925879,
        -0.511796951
      ]
    ],
    "translation": [
      2.01912332,
      1.00628507,
      -0.804179132
    ]
  },
  {
    "timeStamp": 62312,
    "rotation": [
      [
        0.190610141,
        -0.98071146,
        0.0432753824
      ],
      [
        -0.497611374,
        -0.058527153,
        0.8654233
      ],
      [
        -0.8461978,
        -0.186492786,
        -0.499169022
      ]
    ],
    "translation": [
      2.05002046,
      1.002388,
      -0.799299657
    ]
  },
  {
    "timeStamp": 62358,
    "rotation": [
      [
        0.196447924,
        -0.978840768,
        -0.0572617278
      ],
      [
        -0.458907157,
        -0.143394649,
        0.8768365
      ],
      [
        -0.8664943,
        -0.145974889,
        -0.477366626
      ]
    ],
    "translation": [
      2.07721567,
      0.9971334,
      -0.792732656
    ]
  },
  {
    "timeStamp": 62414,
    "rotation": [
      [
        0.182941526,
        -0.9792822,
        -0.0868257061
      ],
      [
        -0.450913817,
        -0.16205807,
        0.8777323
      ],
      [
        -0.8736184,
        -0.121422775,
        -0.471219033
      ]
    ],
    "translation": [
      2.099333,
      0.9933028,
      -0.7868551
    ]
  },
  {
    "timeStamp": 62456,
    "rotation": [
      [
        0.153852344,
        -0.9854533,
        -0.0721889
      ],
      [
        -0.441557556,
        -0.1339275,
        0.8871811
      ],
      [
        -0.8839436,
        -0.104619324,
        -0.4557394
      ]
    ],
    "translation": [
      2.118039,
      0.984636,
      -0.7789897
    ]
  },
  {
    "timeStamp": 62509,
    "rotation": [
      [
        0.1602673,
        -0.9834187,
        -0.08486514
      ],
      [
        -0.413030237,
        -0.1449015,
        0.899116
      ],
      [
        -0.8965046,
        -0.109047011,
        -0.429404646
      ]
    ],
    "translation": [
      2.13442349,
      0.9716163,
      -0.773409367
    ]
  },
  {
    "timeStamp": 62565,
    "rotation": [
      [
        0.1566925,
        -0.9844863,
        -0.07895778
      ],
      [
        -0.385281,
        -0.134541512,
        0.9129387
      ],
      [
        -0.909398735,
        -0.112629712,
        -0.4003855
      ]
    ],
    "translation": [
      2.142378,
      0.9562457,
      -0.76884073
    ]
  },
  {
    "timeStamp": 62609,
    "rotation": [
      [
        0.171577185,
        -0.9831812,
        -0.0625778362
      ],
      [
        -0.359686524,
        -0.121651351,
        0.9251089
      ],
      [
        -0.917162359,
        -0.136219174,
        -0.374509633
      ]
    ],
    "translation": [
      2.14319015,
      0.9433435,
      -0.7669566
    ]
  },
  {
    "timeStamp": 62665,
    "rotation": [
      [
        0.187116146,
        -0.981422067,
        -0.0424058437
      ],
      [
        -0.335124969,
        -0.104353823,
        0.9363768
      ],
      [
        -0.923406065,
        -0.160999969,
        -0.3484253
      ]
    ],
    "translation": [
      2.14004922,
      0.9282277,
      -0.7649696
    ]
  },
  {
    "timeStamp": 62709,
    "rotation": [
      [
        0.1997013,
        -0.979381859,
        -0.030504657
      ],
      [
        -0.3155873,
        -0.09376047,
        0.944252968
      ],
      [
        -0.9276444,
        -0.178941667,
        -0.3278046
      ]
    ],
    "translation": [
      2.13751245,
      0.9155368,
      -0.764542
    ]
  },
  {
    "timeStamp": 62765,
    "rotation": [
      [
        0.198365882,
        -0.980087936,
        -0.00886658952
      ],
      [
        -0.295210034,
        -0.06837071,
        0.952982962
      ],
      [
        -0.934613347,
        -0.1864218,
        -0.302894175
      ]
    ],
    "translation": [
      2.13489938,
      0.898746848,
      -0.764111757
    ]
  },
  {
    "timeStamp": 62809,
    "rotation": [
      [
        0.202089235,
        -0.979245663,
        -0.0154235037
      ],
      [
        -0.267981023,
        -0.07043757,
        0.9608458
      ],
      [
        -0.9419905,
        -0.19004339,
        -0.276653916
      ]
    ],
    "translation": [
      2.13577747,
      0.885177,
      -0.7648973
    ]
  },
  {
    "timeStamp": 62864,
    "rotation": [
      [
        0.184733286,
        -0.9825469,
        -0.02179887
      ],
      [
        -0.246155918,
        -0.06773179,
        0.9668607
      ],
      [
        -0.9514625,
        -0.173245445,
        -0.25437206
      ]
    ],
    "translation": [
      2.14085412,
      0.8710172,
      -0.765105844
    ]
  },
  {
    "timeStamp": 62910,
    "rotation": [
      [
        0.179358169,
        -0.982817769,
        -0.0435883142
      ],
      [
        -0.224364728,
        -0.0840039551,
        0.9708778
      ],
      [
        -0.957857549,
        -0.164355189,
        -0.235576436
      ]
    ],
    "translation": [
      2.14563084,
      0.8621119,
      -0.765314
    ]
  },
  {
    "timeStamp": 62956,
    "rotation": [
      [
        0.177911118,
        -0.981494546,
        -0.07082454
      ],
      [
        -0.205328524,
        -0.10741473,
        0.9727807
      ],
      [
        -0.962386549,
        -0.1585262,
        -0.22063911
      ]
    ],
    "translation": [
      2.1515367,
      0.8551604,
      -0.765925348
    ]
  },
  {
    "timeStamp": 63013,
    "rotation": [
      [
        0.175131053,
        -0.979973257,
        -0.0947703943
      ],
      [
        -0.18779473,
        -0.127740592,
        0.9738662
      ],
      [
        -0.96646893,
        -0.15275681,
        -0.206405163
      ]
    ],
    "translation": [
      2.15539241,
      0.85082,
      -0.7658181
    ]
  },
  {
    "timeStamp": 63058,
    "rotation": [
      [
        0.182013065,
        -0.974732637,
        -0.12948969
      ],
      [
        -0.175274819,
        -0.161742076,
        0.971142769
      ],
      [
        -0.96754843,
        -0.1540644,
        -0.200285271
      ]
    ],
    "translation": [
      2.159122,
      0.849042,
      -0.7660588
    ]
  },
  {
    "timeStamp": 63114,
    "rotation": [
      [
        0.174945235,
        -0.969391167,
        -0.172264
      ],
      [
        -0.153266072,
        -0.199642465,
        0.967808068
      ],
      [
        -0.9725758,
        -0.1429112,
        -0.183501273
      ]
    ],
    "translation": [
      2.16409826,
      0.846684754,
      -0.7667006
    ]
  },
  {
    "timeStamp": 63158,
    "rotation": [
      [
        0.15552108,
        -0.9679857,
        -0.197020069
      ],
      [
        -0.138185859,
        -0.218804151,
        0.965934455
      ],
      [
        -0.978119552,
        -0.122997776,
        -0.1677906
      ]
    ],
    "translation": [
      2.16830254,
      0.843864441,
      -0.768234253
    ]
  },
  {
    "timeStamp": 63214,
    "rotation": [
      [
        0.143577784,
        -0.960945666,
        -0.236577466
      ],
      [
        -0.114020944,
        -0.253525,
        0.9605854
      ],
      [
        -0.9830487,
        -0.110943951,
        -0.145968482
      ]
    ],
    "translation": [
      2.1720655,
      0.8382686,
      -0.7706507
    ]
  },
  {
    "timeStamp": 63258,
    "rotation": [
      [
        0.125411019,
        -0.9624328,
        -0.2408218
      ],
      [
        -0.09331718,
        -0.253105432,
        0.9629276
      ],
      [
        -0.9877064,
        -0.0982889,
        -0.121553719
      ]
    ],
    "translation": [
      2.17439437,
      0.8306607,
      -0.773855448
    ]
  },
  {
    "timeStamp": 63314,
    "rotation": [
      [
        0.09178488,
        -0.96857506,
        -0.231166467
      ],
      [
        -0.0627013445,
        -0.237307265,
        0.969409
      ],
      [
        -0.993802845,
        -0.0744826347,
        -0.08251218
      ]
    ],
    "translation": [
      2.17701221,
      0.8192335,
      -0.77797395
    ]
  },
  {
    "timeStamp": 63358,
    "rotation": [
      [
        0.07872542,
        -0.9678711,
        -0.238804638
      ],
      [
        -0.0389543921,
        -0.242351845,
        0.969406068
      ],
      [
        -0.996134937,
        -0.0670144,
        -0.0567820854
      ]
    ],
    "translation": [
      2.17994022,
      0.811527967,
      -0.780474663
    ]
  },
  {
    "timeStamp": 63414,
    "rotation": [
      [
        0.0620818734,
        -0.9741532,
        -0.21718958
      ],
      [
        -0.0309341326,
        -0.219382837,
        0.9751483
      ],
      [
        -0.997591555,
        -0.0538204648,
        -0.0437542833
      ]
    ],
    "translation": [
      2.18124127,
      0.804104149,
      -0.780786932
    ]
  },
  {
    "timeStamp": 63458,
    "rotation": [
      [
        0.05732594,
        -0.9793635,
        -0.1938063
      ],
      [
        -0.02862969,
        -0.195658356,
        0.9802541
      ],
      [
        -0.997944951,
        -0.0506453738,
        -0.0392551757
      ]
    ],
    "translation": [
      2.18024373,
      0.7982221,
      -0.7806948
    ]
  },
  {
    "timeStamp": 63514,
    "rotation": [
      [
        0.0383695923,
        -0.9809123,
        -0.190627292
      ],
      [
        -0.03762523,
        -0.1920507,
        0.9806635
      ],
      [
        -0.998555,
        -0.03045526,
        -0.0442759581
      ]
    ],
    "translation": [
      2.1826036,
      0.792986,
      -0.7792349
    ]
  },
  {
    "timeStamp": 63558,
    "rotation": [
      [
        0.01903187,
        -0.9647393,
        -0.262518257
      ],
      [
        -0.0254694652,
        -0.2629484,
        0.964473665
      ],
      [
        -0.999494433,
        -0.011669538,
        -0.0295757949
      ]
    ],
    "translation": [
      2.19087315,
      0.788824439,
      -0.7802198
    ]
  },
  {
    "timeStamp": 63614,
    "rotation": [
      [
        0.02910666,
        -0.936914265,
        -0.348345339
      ],
      [
        0.025921056,
        -0.34766832,
        0.9372592
      ],
      [
        -0.9992402,
        -0.03630997,
        0.014166344
      ]
    ],
    "translation": [
      2.19905543,
      0.786558867,
      -0.7834618
    ]
  },
  {
    "timeStamp": 63658,
    "rotation": [
      [
        0.02901431,
        -0.9071526,
        -0.419800371
      ],
      [
        0.0193774682,
        -0.419387817,
        0.907600343
      ],
      [
        -0.999391139,
        -0.0344680659,
        0.00541007239
      ]
    ],
    "translation": [
      2.20380187,
      0.7865192,
      -0.78366673
    ]
  }
]