[
  {
    "timeStamp": 64655,
    "rotation": [
      [
        0.9999659,
        0.000304294663,
        0.008246562
      ],
      [
        -0.008247171,
        0.00205577514,
        0.9999639
      ],
      [
        0.0002873312,
        -0.9999978,
        0.00205821474
      ]
    ],
    "translation": [
      1.76658309,
      0.699187458,
      -0.7512614
    ]
  },
  {
    "timeStamp": 64701,
    "rotation": [
      [
        0.999967337,
        -0.006977976,
        0.0040764166
      ],
      [
        -0.00404681358,
        0.004251207,
        0.9999828
      ],
      [
        -0.006995186,
        -0.9999666,
        0.00422283
      ]
    ],
    "translation": [
      1.76648581,
      0.7014025,
      -0.7513196
    ]
  },
  {
    "timeStamp": 64746,
    "rotation": [
      [
        0.999667,
        -0.0107521508,
        0.0234592278
      ],
      [
        -0.0230515115,
        0.0365920775,
        0.9990644
      ],
      [
        -0.011600513,
        -0.999272466,
        0.0363320373
      ]
    ],
    "translation": [
      1.76646626,
      0.7016679,
      -0.7513554
    ]
  },
  {
    "timeStamp": 64802,
    "rotation": [
      [
        0.9979435,
        -0.0423781648,
        0.0480920337
      ],
      [
        -0.0471967831,
        0.0218789484,
        0.998645961
      ],
      [
        -0.0433729924,
        -0.9988621,
        0.0198338423
      ]
    ],
    "translation": [
      1.76827168,
      0.701642931,
      -0.751201868
    ]
  },
  {
    "timeStamp": 64846,
    "rotation": [
      [
        0.9952926,
        -0.08519769,
        0.0461953431
      ],
      [
        -0.04725955,
        -0.0105156722,
        0.9988273
      ],
      [
        -0.084612,
        -0.996308565,
        -0.014492576
      ]
    ],
    "translation": [
      1.77807,
      0.717197537,
      -0.7494009
    ]
  },
  {
    "timeStamp": 64902,
    "rotation": [
      [
        0.9876243,
        -0.12396355,
        0.09608012
      ],
      [
        -0.0993479341,
        -0.0204399265,
        0.9948428
      ],
      [
        -0.121360384,
        -0.9920762,
        -0.0325024873
      ]
    ],
    "translation": [
      1.78721678,
      0.7485234,
      -0.754129767
    ]
  },
  {
    "timeStamp": 64946,
    "rotation": [
      [
        0.974707842,
        -0.17401354,
        0.140227884
      ],
      [
        -0.14664124,
        -0.02449771,
        0.988886356
      ],
      [
        -0.168644354,
        -0.9844385,
        -0.0493956767
      ]
    ],
    "translation": [
      1.80042064,
      0.7789215,
      -0.7582353
    ]
  },
  {
    "timeStamp": 65002,
    "rotation": [
      [
        0.943832,
        -0.263052464,
        0.199961632
      ],
      [
        -0.211883709,
        -0.0174578112,
        0.977138937
      ],
      [
        -0.2535479,
        -0.9646236,
        -0.07221377
      ]
    ],
    "translation": [
      1.82754421,
      0.82058537,
      -0.7628917
    ]
  },
  {
    "timeStamp": 65046,
    "rotation": [
      [
        0.9075134,
        -0.346948653,
        0.236740515
      ],
      [
        -0.259640425,
        -0.0203381069,
        0.9654912
      ],
      [
        -0.330161,
        -0.937663555,
        -0.108539
      ]
    ],
    "translation": [
      1.85628152,
      0.855792463,
      -0.765335143
    ]
  },
  {
    "timeStamp": 65102,
    "rotation": [
      [
        0.86438936,
        -0.4367308,
        0.2491932
      ],
      [
        -0.299471021,
        -0.04903988,
        0.952844262
      ],
      [
        -0.403916031,
        -0.8982546,
        -0.173177764
      ]
    ],
    "translation": [
      1.89932585,
      0.89831996,
      -0.7669998
    ]
  },
  {
    "timeStamp": 65146,
    "rotation": [
      [
        0.827074,
        -0.5093043,
        0.237818569
      ],
      [
        -0.321558058,
        -0.08168763,
        0.943359733
      ],
      [
        -0.461030334,
        -0.8567008,
        -0.23133263
      ]
    ],
    "translation": [
      1.938853,
      0.9284113,
      -0.767365634
    ]
  },
  {
    "timeStamp": 65202,
    "rotation": [
      [
        0.794797659,
        -0.5808689,
        0.175749853
      ],
      [
        -0.310762346,
        -0.140803188,
        0.940000653
      ],
      [
        -0.521271,
        -0.801726758,
        -0.292422235
      ]
    ],
    "translation": [
      1.99167287,
      0.9563867,
      -0.7677398
    ]
  },
  {
    "timeStamp": 65246,
    "rotation": [
      [
        0.7639712,
        -0.634348631,
        0.118109487
      ],
      [
        -0.2926198,
        -0.177466229,
        0.9396166
      ],
      [
        -0.5750841,
        -0.7524012,
        -0.32120207
      ]
    ],
    "translation": [
      2.033921,
      0.9696477,
      -0.7683426
    ]
  },
  {
    "timeStamp": 65302,
    "rotation": [
      [
        0.7345434,
        -0.6777095,
        0.0339973457
      ],
      [
        -0.256519049,
        -0.230949149,
        0.938541651
      ],
      [
        -0.6282069,
        -0.698120534,
        -0.343487561
      ]
    ],
    "translation": [
      2.08193946,
      0.975641,
      -0.76885
    ]
  },
  {
    "timeStamp": 65346,
    "rotation": [
      [
        0.703956,
        -0.7101375,
        0.0122812027
      ],
      [
        -0.24020277,
        -0.221768066,
        0.9450511
      ],
      [
        -0.6683926,
        -0.668224335,
        -0.326691926
      ]
    ],
    "translation": [
      2.10832715,
      0.9674921,
      -0.7696884
    ]
  },
  {
    "timeStamp": 65401,
    "rotation": [
      [
        0.6907227,
        -0.723113239,
        0.00306599378
      ],
      [
        -0.224295825,
        -0.210214213,
        0.9515784
      ],
      [
        -0.687454462,
        -0.657964468,
        -0.307391018
      ]
    ],
    "translation": [
      2.12772369,
      0.9488878,
      -0.7681573
    ]
  },
  {
    "timeStamp": 65452,
    "rotation": [
      [
        0.684430063,
        -0.7284596,
        -0.0300348531
      ],
      [
        -0.16737254,
        -0.197084755,
        0.9659938
      ],
      [
        -0.7096068,
        -0.6561282,
        -0.256814867
      ]
    ],
    "translation": [
      2.14044046,
      0.9214726,
      -0.769859254
    ]
  },
  {
    "timeStamp": 65497,
    "rotation": [
      [
        0.679280341,
        -0.733869255,
        0.003759555
      ],
      [
        -0.165383473,
        -0.148086324,
        0.975048065
      ],
      [
        -0.715001047,
        -0.6629527,
        -0.22196199
      ]
    ],
    "translation": [
      2.14119649,
      0.8967552,
      -0.771029
    ]
  },
  {
    "timeStamp": 65552,
    "rotation": [
      [
        0.6672803,
        -0.7446884,
        0.0132713495
      ],
      [
        -0.141680017,
        -0.109419338,
        0.9838466
      ],
      [
        -0.731207,
        -0.65838176,
        -0.178520843
      ]
    ],
    "translation": [
      2.14213777,
      0.8719928,
      -0.7761029
    ]
  },
  {
    "timeStamp": 65596,
    "rotation": [
      [
        0.66738075,
        -0.7424838,
        0.05762643
      ],
      [
        -0.16479075,
        -0.07177298,
        0.9837137
      ],
      [
        -0.7262554,
        -0.6660079,
        -0.170254365
      ]
    ],
    "translation": [
      2.135967,
      0.8584333,
      -0.7764236
    ]
  },
  {
    "timeStamp": 65652,
    "rotation": [
      [
        0.6624193,
        -0.7455806,
        0.07287071
      ],
      [
        -0.159864679,
        -0.04565693,
        0.9860825
      ],
      [
        -0.7318769,
        -0.6648496,
        -0.149436042
      ]
    ],
    "translation": [
      2.13155985,
      0.84546113,
      -0.7780566
    ]
  },
  {
    "timeStamp": 65696,
    "rotation": [
      [
        0.663977563,
        -0.7426829,
        0.08692488
      ],
      [
        -0.163841933,
        -0.0310761128,
        0.985997
      ],
      [
        -0.729581833,
        -0.6689218,
        -0.142316446
      ]
    ],
    "translation": [
      2.12709618,
      0.838306963,
      -0.7780128
    ]
  },
  {
    "timeStamp": 65752,
    "rotation": [
      [
        0.643208265,
        -0.755350769,
        0.12541227
      ],
      [
        -0.183049515,
        0.00734870136,
        0.9830762
      ],
      [
        -0.743488967,
        -0.655279458,
        -0.133539855
      ]
    ],
    "translation": [
      2.12451959,
      0.829969943,
      -0.779272437
    ]
  },
  {
    "timeStamp": 65797,
    "rotation": [
      [
        0.6395648,
        -0.7582768,
        0.1263854
      ],
      [
        -0.175957352,
        0.01564295,
        0.9842735
      ],
      [
        -0.7483288,
        -0.651745141,
        -0.123419695
      ]
    ],
    "translation": [
      2.12297583,
      0.8246124,
      -0.7801721
    ]
  },
  {
    "timeStamp": 65854,
    "rotation": [
      [
        0.630648434,
        -0.7598002,
        0.15807043
      ],
      [
        -0.190610453,
        0.04579519,
        0.98059696
      ],
      [
        -0.7522966,
        -0.648541868,
        -0.11594519
      ]
    ],
    "translation": [
      2.11768556,
      0.818448961,
      -0.7809627
    ]
  },
  {
    "timeStamp": 65900,
    "rotation": [
      [
        0.6416635,
        -0.7534687,
        0.1433629
      ],
      [
        -0.172167823,
        0.0406494,
        0.984228551
      ],
      [
        -0.747413039,
        -0.656226039,
        -0.103639826
      ]
    ],
    "translation": [
      2.11491966,
      0.814763844,
      -0.782014251
    ]
  },
  {
    "timeStamp": 65945,
    "rotation": [
      [
        0.6258791,
        -0.7597877,
        0.17606248
      ],
      [
        -0.187788725,
        0.07229405,
        0.9795453
      ],
      [
        -0.7569747,
        -0.6461395,
        -0.09743223
      ]
    ],
    "translation": [
      2.11018634,
      0.811583936,
      -0.783461034
    ]
  },
  {
    "timeStamp": 66002,
    "rotation": [
      [
        0.618339062,
        -0.756835043,
        0.211796165
      ],
      [
        -0.2120703,
        0.0988149,
        0.972245753
      ],
      [
        -0.7567583,
        -0.6460932,
        -0.09940112
      ]
    ],
    "translation": [
      2.10432053,
      0.8109473,
      -0.783400655
    ]
  },
  {
    "timeStamp": 66046,
    "rotation": [
      [
        0.604587436,
        -0.754538834,
        0.255235523
      ],
      [
        -0.2437032,
        0.129843265,
        0.9611189
      ],
      [
        -0.758342147,
        -0.6432821,
        -0.105381913
      ]
    ],
    "translation": [
      2.10076213,
      0.809780061,
      -0.783163965
    ]
  },
  {
    "timeStamp": 66101,
    "rotation": [
      [
        0.596947968,
        -0.746987045,
        0.2926833
      ],
      [
        -0.273063362,
        0.153859541,
        0.9496124
      ],
      [
        -0.7543802,
        -0.646790266,
        -0.112128638
      ]
    ],
    "translation": [
      2.09765887,
      0.8085799,
      -0.7824307
    ]
  },
  {
    "timeStamp": 66147,
    "rotation": [
      [
        0.597076952,
        -0.7406541,
        0.308108151
      ],
      [
        -0.282671243,
        0.16519241,
        0.944885433
      ],
      [
        -0.7507304,
        -0.6512626,
        -0.110729039
      ]
    ],
    "translation": [
      2.09607363,
      0.8082495,
      -0.7818512
    ]
  }
]