[
  {
    "timeStamp": 67063,
    "rotation": [
      [
        -0.09699194,
        -0.948381543,
        -0.3019355
      ],
      [
        -0.286081523,
        0.3171289,
        -0.904204965
      ],
      [
        0.9532838,
        -0.0013224188,
        -0.3020734
      ]
    ],
    "translation": [
      1.79672062,
      0.7754523,
      -0.6657994
    ]
  },
  {
    "timeStamp": 67108,
    "rotation": [
      [
        -0.0725505,
        -0.947544634,
        -0.3112805
      ],
      [
        -0.309257656,
        0.318092465,
        -0.8962014
      ],
      [
        0.9482068,
        0.0312460121,
        -0.3161132
      ]
    ],
    "translation": [
      1.79680741,
      0.775194168,
      -0.6637295
    ]
  },
  {
    "timeStamp": 67166,
    "rotation": [
      [
        -0.06802269,
        -0.939826131,
        -0.3348131
      ],
      [
        -0.310752749,
        0.338854939,
        -0.8880372
      ],
      [
        0.948053658,
        0.0436374024,
        -0.315103382
      ]
    ],
    "translation": [
      1.79845488,
      0.7757016,
      -0.6634175
    ]
  },
  {
    "timeStamp": 67211,
    "rotation": [
      [
        -0.042685505,
        -0.9377976,
        -0.3445484
      ],
      [
        -0.280629516,
        0.3422332,
        -0.89672935
      ],
      [
        0.958866537,
        0.0584130958,
        -0.277782083
      ]
    ],
    "translation": [
      1.80440831,
      0.786193132,
      -0.663444161
    ]
  },
  {
    "timeStamp": 67256,
    "rotation": [
      [
        -0.0336777344,
        -0.9255599,
        -0.3771004
      ],
      [
        -0.248481736,
        0.37322107,
        -0.8938472
      ],
      [
        0.968050957,
        0.06359981,
        -0.242553964
      ]
    ],
    "translation": [
      1.81086147,
      0.8118861,
      -0.667572
    ]
  },
  {
    "timeStamp": 67312,
    "rotation": [
      [
        -0.0114778336,
        -0.9075794,
        -0.41972357
      ],
      [
        -0.2048145,
        0.412985474,
        -0.8874086
      ],
      [
        0.9787335,
        0.07577992,
        -0.1906256
      ]
    ],
    "translation": [
      1.82694137,
      0.852030337,
      -0.6775251
    ]
  },
  {
    "timeStamp": 67357,
    "rotation": [
      [
        0.0302446242,
        -0.8914382,
        -0.452131778
      ],
      [
        -0.172120437,
        0.440936923,
        -0.88087976
      ],
      [
        0.9846115,
        0.104463,
        -0.140098751
      ]
    ],
    "translation": [
      1.84743452,
      0.885040164,
      -0.68871367
    ]
  },
  {
    "timeStamp": 67412,
    "rotation": [
      [
        0.08919168,
        -0.8710422,
        -0.483042926
      ],
      [
        -0.141732112,
        0.4689411,
        -0.8717834
      ],
      [
        0.985878766,
        0.146218523,
        -0.08162899
      ]
    ],
    "translation": [
      1.87820041,
      0.9240272,
      -0.7059467
    ]
  },
  {
    "timeStamp": 67456,
    "rotation": [
      [
        0.145948067,
        -0.866400242,
        -0.4775456
      ],
      [
        -0.111830533,
        0.465171665,
        -0.8781283
      ],
      [
        0.9829512,
        0.1815653,
        -0.0289990939
      ]
    ],
    "translation": [
      1.90481389,
      0.953258455,
      -0.7213176
    ]
  },
  {
    "timeStamp": 67512,
    "rotation": [
      [
        0.198298126,
        -0.8635399,
        -0.46365577
      ],
      [
        -0.0594722852,
        0.4615773,
        -0.8851042
      ],
      [
        0.9783358,
        0.203089178,
        0.0401732251
      ]
    ],
    "translation": [
      1.93786585,
      0.9878686,
      -0.741444767
    ]
  },
  {
    "timeStamp": 67556,
    "rotation": [
      [
        0.252033383,
        -0.87703234,
        -0.409015179
      ],
      [
        -0.010339614,
        0.4201946,
        -0.9073751
      ],
      [
        0.9676633,
        0.232917875,
        0.09683489
      ]
    ],
    "translation": [
      1.96404207,
      1.01041663,
      -0.754980743
    ]
  },
  {
    "timeStamp": 67612,
    "rotation": [
      [
        0.316376984,
        -0.8659029,
        -0.387450367
      ],
      [
        0.0225426853,
        0.415177137,
        -0.90946126
      ],
      [
        0.9483656,
        0.278998435,
        0.15087226
      ]
    ],
    "translation": [
      1.99794137,
      1.03102911,
      -0.7676115
    ]
  },
  {
    "timeStamp": 67656,
    "rotation": [
      [
        0.362728745,
        -0.878401637,
        -0.311188668
      ],
      [
        0.06724709,
        0.35773313,
        -0.9313994
      ],
      [
        0.929465234,
        0.31691882,
        0.188830048
      ]
    ],
    "translation": [
      2.021723,
      1.039713,
      -0.774640262
    ]
  },
  {
    "timeStamp": 67708,
    "rotation": [
      [
        0.403264135,
        -0.8696811,
        -0.2846626
      ],
      [
        0.08305459,
        0.344579279,
        -0.935075939
      ],
      [
        0.911306739,
        0.353440046,
        0.211187467
      ]
    ],
    "translation": [
      2.045962,
      1.04200232,
      -0.7773528
    ]
  },
  {
    "timeStamp": 67762,
    "rotation": [
      [
        0.4655538,
        -0.854130149,
        -0.23177886
      ],
      [
        0.0936879739,
        0.307982951,
        -0.9467677
      ],
      [
        0.8800468,
        0.4190564,
        0.223404348
      ]
    ],
    "translation": [
      2.077338,
      1.03285885,
      -0.7766826
    ]
  },
  {
    "timeStamp": 67806,
    "rotation": [
      [
        0.490018129,
        -0.8464256,
        -0.2084369
      ],
      [
        0.100329116,
        0.292285353,
        -0.9510538
      ],
      [
        0.8659193,
        0.445121318,
        0.228146255
      ]
    ],
    "translation": [
      2.09393048,
      1.01798749,
      -0.772414148
    ]
  },
  {
    "timeStamp": 67862,
    "rotation": [
      [
        0.5178915,
        -0.84193784,
        -0.151423529
      ],
      [
        0.10179624,
        0.236408174,
        -0.966306746
      ],
      [
        0.849368,
        0.48502776,
        0.2081399
      ]
    ],
    "translation": [
      2.11041927,
      0.991307437,
      -0.764532
    ]
  },
  {
    "timeStamp": 67907,
    "rotation": [
      [
        0.5300639,
        -0.8236329,
        -0.201645851
      ],
      [
        0.0586533435,
        0.27284503,
        -0.9602684
      ],
      [
        0.8459267,
        0.497176439,
        0.192934141
      ]
    ],
    "translation": [
      2.12182331,
      0.970030844,
      -0.7582388
    ]
  },
  {
    "timeStamp": 67962,
    "rotation": [
      [
        0.5366861,
        -0.82757324,
        -0.164591908
      ],
      [
        0.0611787327,
        0.232716233,
        -0.970618546
      ],
      [
        0.841561139,
        0.510848,
        0.175525457
      ]
    ],
    "translation": [
      2.12748122,
      0.9478481,
      -0.75025475
    ]
  },
  {
    "timeStamp": 68006,
    "rotation": [
      [
        0.543868542,
        -0.8149206,
        -0.200278267
      ],
      [
        0.02676769,
        0.255387664,
        -0.966468155
      ],
      [
        0.8387434,
        0.520270646,
        0.160710856
      ]
    ],
    "translation": [
      2.13225746,
      0.9336053,
      -0.74522233
    ]
  },
  {
    "timeStamp": 68062,
    "rotation": [
      [
        0.546598256,
        -0.8124121,
        -0.203019813
      ],
      [
        0.0215897523,
        0.2560335,
        -0.9664268
      ],
      [
        0.837116659,
        0.523864031,
        0.157487229
      ]
    ],
    "translation": [
      2.13428831,
      0.9223507,
      -0.740921
    ]
  },
  {
    "timeStamp": 68106,
    "rotation": [
      [
        0.5436821,
        -0.8133288,
        -0.207137734
      ],
      [
        0.009354719,
        0.252657861,
        -0.967510462
      ],
      [
        0.8392391,
        0.5240804,
        0.144974008
      ]
    ],
    "translation": [
      2.132818,
      0.915222764,
      -0.7386241
    ]
  },
  {
    "timeStamp": 68163,
    "rotation": [
      [
        0.5387403,
        -0.81424433,
        -0.21625267
      ],
      [
        0.00257286755,
        0.258277237,
        -0.966067433
      ],
      [
        0.842468,
        0.519903,
        0.141239285
      ]
    ],
    "translation": [
      2.13246751,
      0.9090279,
      -0.736631155
    ]
  },
  {
    "timeStamp": 68209,
    "rotation": [
      [
        0.5381182,
        -0.814835966,
        -0.215571746
      ],
      [
        -0.004480932,
        0.252990127,
        -0.9674585
      ],
      [
        0.8428575,
        0.521573,
        0.132487357
      ]
    ],
    "translation": [
      2.13138175,
      0.9044795,
      -0.73541224
    ]
  },
  {
    "timeStamp": 68265,
    "rotation": [
      [
        0.5347137,
        -0.8186652,
        -0.209448174
      ],
      [
        -0.005310402,
        0.244597584,
        -0.969610155
      ],
      [
        0.8450166,
        0.5195761,
        0.126442239
      ]
    ],
    "translation": [
      2.13107419,
      0.9001004,
      -0.733717263
    ]
  },
  {
    "timeStamp": 68311,
    "rotation": [
      [
        0.5362081,
        -0.8181524,
        -0.2076236
      ],
      [
        -0.00981445052,
        0.239914775,
        -0.9707444
      ],
      [
        0.8440288,
        0.5225587,
        0.120614529
      ]
    ],
    "translation": [
      2.13152766,
      0.8958736,
      -0.732426941
    ]
  },
  {
    "timeStamp": 68356,
    "rotation": [
      [
        0.535656869,
        -0.8192683,
        -0.204624489
      ],
      [
        -0.0144924326,
        0.233366176,
        -0.9722809
      ],
      [
        0.8443114,
        0.523774445,
        0.113130994
      ]
    ],
    "translation": [
      2.133207,
      0.891949356,
      -0.7311948
    ]
  },
  {
    "timeStamp": 68411,
    "rotation": [
      [
        0.5401435,
        -0.818133235,
        -0.197238758
      ],
      [
        -0.0161094889,
        0.22427471,
        -0.974392831
      ],
      [
        0.841418743,
        0.529489338,
        0.107960813
      ]
    ],
    "translation": [
      2.13547754,
      0.8874947,
      -0.7302011
    ]
  }
]