[
  {
    "timeStamp": 56523,
    "rotation": [
      [
        0.9999319,
        -0.0005579847,
        -0.0116631938
      ],
      [
        0.0116339549,
        -0.0376147069,
        0.9992246
      ],
      [
        -0.0009962533,
        -0.9992922,
        -0.03760565
      ]
    ],
    "translation": [
      1.15505493,
      0.702478349,
      -0.748310864
    ]
  },
  {
    "timeStamp": 56568,
    "rotation": [
      [
        0.998956442,
        -0.023847539,
        0.038954
      ],
      [
        -0.04017194,
        -0.05292355,
        0.9977902
      ],
      [
        -0.02173326,
        -0.9983138,
        -0.05382632
      ]
    ],
    "translation": [
      1.15128136,
      0.706019044,
      -0.743891537
    ]
  },
  {
    "timeStamp": 56623,
    "rotation": [
      [
        0.9897514,
        -0.0344829746,
        0.138575166
      ],
      [
        -0.141954958,
        -0.132102579,
        0.9810187
      ],
      [
        -0.0155223226,
        -0.9906361,
        -0.13564375
      ]
    ],
    "translation": [
      1.13424826,
      0.7176358,
      -0.7235726
    ]
  },
  {
    "timeStamp": 56670,
    "rotation": [
      [
        0.985331953,
        -0.036443647,
        0.166711658
      ],
      [
        -0.1700704,
        -0.129367247,
        0.9769034
      ],
      [
        -0.01403491,
        -0.9909268,
        -0.133667678
      ]
    ],
    "translation": [
      1.13830948,
      0.7316039,
      -0.7247152
    ]
  },
  {
    "timeStamp": 56723,
    "rotation": [
      [
        0.9787453,
        -0.0331614278,
        0.202380672
      ],
      [
        -0.204367161,
        -0.075532265,
        0.9759759
      ],
      [
        -0.01707847,
        -0.9965918,
        -0.08070396
      ]
    ],
    "translation": [
      1.15276837,
      0.7504382,
      -0.7417568
    ]
  },
  {
    "timeStamp": 56768,
    "rotation": [
      [
        0.9747357,
        0.02412302,
        0.222054988
      ],
      [
        -0.2210719,
        -0.0377862938,
        0.9745252
      ],
      [
        0.0318991281,
        -0.998994648,
        -0.0314987265
      ]
    ],
    "translation": [
      1.17417121,
      0.763085067,
      -0.771946251
    ]
  },
  {
    "timeStamp": 56823,
    "rotation": [
      [
        0.9634341,
        0.09209137,
        0.2516226
      ],
      [
        -0.251601338,
        -0.0120316362,
        0.967756152
      ],
      [
        0.09214942,
        -0.9956779,
        0.0115786213
      ]
    ],
    "translation": [
      1.2090683,
      0.780133963,
      -0.808718562
    ]
  },
  {
    "timeStamp": 56868,
    "rotation": [
      [
        0.9564391,
        0.134307966,
        0.259201884
      ],
      [
        -0.264660239,
        0.0242054,
        0.9640379
      ],
      [
        0.123203889,
        -0.9906439,
        0.0586969741
      ]
    ],
    "translation": [
      1.2458446,
      0.7902945,
      -0.839889467
    ]
  },
  {
    "timeStamp": 56924,
    "rotation": [
      [
        0.9471066,
        0.213835046,
        0.239298135
      ],
      [
        -0.2566146,
        0.05685176,
        0.9648403
      ],
      [
        0.192712143,
        -0.975214064,
        0.108717874
      ]
    ],
    "translation": [
      1.30332577,
      0.7955276,
      -0.882317662
    ]
  },
  {
    "timeStamp": 56968,
    "rotation": [
      [
        0.9442931,
        0.242473468,
        0.22252439
      ],
      [
        -0.247199938,
        0.07620998,
        0.9659628
      ],
      [
        0.217261761,
        -0.9671601,
        0.131903976
      ]
    ],
    "translation": [
      1.350249,
      0.797233,
      -0.904919147
    ]
  },
  {
    "timeStamp": 57023,
    "rotation": [
      [
        0.9511111,
        0.24179855,
        0.192148924
      ],
      [
        -0.228700817,
        0.133270681,
        0.9643313
      ],
      [
        0.207566127,
        -0.9611308,
        0.182054758
      ]
    ],
    "translation": [
      1.409563,
      0.7988467,
      -0.930754662
    ]
  },
  {
    "timeStamp": 57068,
    "rotation": [
      [
        0.9628021,
        0.19797641,
        0.183894828
      ],
      [
        -0.2178941,
        0.166383222,
        0.961685359
      ],
      [
        0.159793988,
        -0.9659823,
        0.203332022
      ]
    ],
    "translation": [
      1.45006871,
      0.8012277,
      -0.9381066
    ]
  },
  {
    "timeStamp": 57174,
    "rotation": [
      [
        0.971993268,
        0.138762653,
        0.189668149
      ],
      [
        -0.215233028,
        0.201574013,
        0.95553267
      ],
      [
        0.09436009,
        -0.9695942,
        0.225794911
      ]
    ],
    "translation": [
      1.48627961,
      0.8070438,
      -0.9423061
    ]
  },
  {
    "timeStamp": 57175,
    "rotation": [
      [
        0.971993268,
        0.138762653,
        0.189668149
      ],
      [
        -0.215233028,
        0.201574013,
        0.95553267
      ],
      [
        0.09436009,
        -0.9695942,
        0.225794911
      ]
    ],
    "translation": [
      1.48627961,
      0.8070438,
      -0.9423061
    ]
  },
  {
    "timeStamp": 57223,
    "rotation": [
      [
        0.9584353,
        -0.0938471258,
        0.269433528
      ],
      [
        -0.247924611,
        0.193384692,
        0.9492817
      ],
      [
        -0.141191676,
        -0.9766243,
        0.1620797
      ]
    ],
    "translation": [
      1.5531013,
      0.8329092,
      -0.902576
    ]
  },
  {
    "timeStamp": 57268,
    "rotation": [
      [
        0.923806846,
        -0.214130282,
        0.317378521
      ],
      [
        -0.286643863,
        0.162704,
        0.944120049
      ],
      [
        -0.253803462,
        -0.963159144,
        0.08892795
      ]
    ],
    "translation": [
      1.57773042,
      0.851452,
      -0.8683282
    ]
  },
  {
    "timeStamp": 57323,
    "rotation": [
      [
        0.8452822,
        -0.387223065,
        0.368179619
      ],
      [
        -0.351949483,
        0.114965186,
        0.928931952
      ],
      [
        -0.40203172,
        -0.9147903,
        -0.03910493
      ]
    ],
    "translation": [
      1.61511326,
      0.8808038,
      -0.812674
    ]
  },
  {
    "timeStamp": 57367,
    "rotation": [
      [
        0.7594149,
        -0.525966644,
        0.3829466
      ],
      [
        -0.409071058,
        0.07168726,
        0.9096823
      ],
      [
        -0.5059149,
        -0.8474786,
        -0.160717353
      ]
    ],
    "translation": [
      1.65564728,
      0.907743,
      -0.7657918
    ]
  },
  {
    "timeStamp": 57423,
    "rotation": [
      [
        0.649589,
        -0.666464448,
        0.365867764
      ],
      [
        -0.475290328,
        0.0196224172,
        0.8796102
      ],
      [
        -0.593408167,
        -0.7452785,
        -0.3040176
      ]
    ],
    "translation": [
      1.71744776,
      0.943117261,
      -0.714267969
    ]
  },
  {
    "timeStamp": 57467,
    "rotation": [
      [
        0.5740595,
        -0.7527933,
        0.322114676
      ],
      [
        -0.516258955,
        -0.0274115466,
        0.855993748
      ],
      [
        -0.6355567,
        -0.657685935,
        -0.404372156
      ]
    ],
    "translation": [
      1.77336764,
      0.968305945,
      -0.6830226
    ]
  },
  {
    "timeStamp": 57523,
    "rotation": [
      [
        0.496627271,
        -0.8291497,
        0.256655574
      ],
      [
        -0.5518885,
        -0.0734301358,
        0.830678642
      ],
      [
        -0.6699107,
        -0.554182947,
        -0.494065642
      ]
    ],
    "translation": [
      1.84572256,
      0.9939581,
      -0.656918943
    ]
  },
  {
    "timeStamp": 57568,
    "rotation": [
      [
        0.4441403,
        -0.8757558,
        0.189185664
      ],
      [
        -0.5646746,
        -0.109667368,
        0.8179949
      ],
      [
        -0.695616245,
        -0.470132828,
        -0.543224752
      ]
    ],
    "translation": [
      1.90515661,
      1.00763571,
      -0.644085467
    ]
  },
  {
    "timeStamp": 57623,
    "rotation": [
      [
        0.403621644,
        -0.9101746,
        0.0931216
      ],
      [
        -0.5384459,
        -0.1540148,
        0.8284657
      ],
      [
        -0.739706337,
        -0.384527624,
        -0.5522435
      ]
    ],
    "translation": [
      1.97883689,
      1.00863373,
      -0.638966
    ]
  },
  {
    "timeStamp": 57668,
    "rotation": [
      [
        0.393871784,
        -0.918972135,
        0.01884697
      ],
      [
        -0.472494423,
        -0.1848382,
        0.861733
      ],
      [
        -0.788424969,
        -0.3483174,
        -0.5070118
      ]
    ],
    "translation": [
      2.03094125,
      0.993690252,
      -0.645337641
    ]
  },
  {
    "timeStamp": 57723,
    "rotation": [
      [
        0.420561075,
        -0.906365,
        -0.0403855927
      ],
      [
        -0.334531337,
        -0.196294919,
        0.9217142
      ],
      [
        -0.84333694,
        -0.374126852,
        -0.3857615
      ]
    ],
    "translation": [
      2.076209,
      0.9557818,
      -0.668627441
    ]
  },
  {
    "timeStamp": 57767,
    "rotation": [
      [
        0.422862947,
        -0.9036526,
        -0.06781536
      ],
      [
        -0.26277262,
        -0.193895489,
        0.945174634
      ],
      [
        -0.8672586,
        -0.381859332,
        -0.319446385
      ]
    ],
    "translation": [
      2.10408068,
      0.9276902,
      -0.682876468
    ]
  },
  {
    "timeStamp": 57822,
    "rotation": [
      [
        0.402947,
        -0.9148838,
        -0.0249264576
      ],
      [
        -0.228973791,
        -0.127142563,
        0.9650937
      ],
      [
        -0.886117756,
        -0.383174121,
        -0.26071614
      ]
    ],
    "translation": [
      2.11251879,
      0.9001181,
      -0.6952648
    ]
  },
  {
    "timeStamp": 57865,
    "rotation": [
      [
        0.432946026,
        -0.900032341,
        -0.04999568
      ],
      [
        -0.162446067,
        -0.132456884,
        0.9777865
      ],
      [
        -0.8866617,
        -0.415207177,
        -0.203553408
      ]
    ],
    "translation": [
      2.12764716,
      0.868457735,
      -0.7022176
    ]
  },
  {
    "timeStamp": 57918,
    "rotation": [
      [
        0.418493658,
        -0.9082197,
        0.000281712855
      ],
      [
        -0.153102368,
        -0.0702414662,
        0.9857108
      ],
      [
        -0.8952222,
        -0.412556857,
        -0.1684462
      ]
    ],
    "translation": [
      2.12805247,
      0.84548974,
      -0.701817334
    ]
  },
  {
    "timeStamp": 57974,
    "rotation": [
      [
        0.432483882,
        -0.901637435,
        0.002766504
      ],
      [
        -0.133493543,
        -0.06099709,
        0.9891708
      ],
      [
        -0.8917047,
        -0.428169727,
        -0.146743029
      ]
    ],
    "translation": [
      2.13046074,
      0.8273402,
      -0.6958949
    ]
  },
  {
    "timeStamp": 58018,
    "rotation": [
      [
        0.421533138,
        -0.9068118,
        -0.001455571
      ],
      [
        -0.106712617,
        -0.05119943,
        0.9929708
      ],
      [
        -0.900512159,
        -0.4184148,
        -0.118350513
      ]
    ],
    "translation": [
      2.13728142,
      0.8115541,
      -0.692489564
    ]
  },
  {
    "timeStamp": 58074,
    "rotation": [
      [
        0.423805565,
        -0.905731,
        0.00632963842
      ],
      [
        -0.08610816,
        -0.0333327651,
        0.995728
      ],
      [
        -0.9016508,
        -0.4225401,
        -0.09211745
      ]
    ],
    "translation": [
      2.14137,
      0.79710865,
      -0.687514663
    ]
  },
  {
    "timeStamp": 58118,
    "rotation": [
      [
        0.412816435,
        -0.910772741,
        0.00869382
      ],
      [
        -0.0663633943,
        -0.02055736,
        0.997583747
      ],
      [
        -0.9083934,
        -0.412395924,
        -0.06892838
      ]
    ],
    "translation": [
      2.14496922,
      0.786487937,
      -0.6846786
    ]
  },
  {
    "timeStamp": 58173,
    "rotation": [
      [
        0.422739416,
        -0.906238735,
        0.00477493461
      ],
      [
        -0.0505140647,
        -0.0183022954,
        0.99855566
      ],
      [
        -0.904842436,
        -0.422370046,
        -0.0535149
      ]
    ],
    "translation": [
      2.1482408,
      0.7772302,
      -0.680257559
    ]
  },
  {
    "timeStamp": 58218,
    "rotation": [
      [
        0.4190694,
        -0.907882154,
        0.0114381416
      ],
      [
        -0.0507212542,
        -0.010830679,
        0.9986541
      ],
      [
        -0.906536341,
        -0.419085562,
        -0.05058773
      ]
    ],
    "translation": [
      2.14885068,
      0.772847652,
      -0.675597131
    ]
  },
  {
    "timeStamp": 58273,
    "rotation": [
      [
        0.421560138,
        -0.906687856,
        0.0142879272
      ],
      [
        -0.040555317,
        -0.0031106656,
        0.999172449
      ],
      [
        -0.9058931,
        -0.421790719,
        -0.0380823463
      ]
    ],
    "translation": [
      2.14894557,
      0.7675546,
      -0.6715501
    ]
  },
  {
    "timeStamp": 58319,
    "rotation": [
      [
        0.4241753,
        -0.9055799,
        -0.0005661132
      ],
      [
        -0.0300849639,
        -0.01471664,
        0.999439
      ],
      [
        -0.905080259,
        -0.423920274,
        -0.0334867761
      ]
    ],
    "translation": [
      2.15362883,
      0.763865352,
      -0.6686214
    ]
  },
  {
    "timeStamp": 58365,
    "rotation": [
      [
        0.421238184,
        -0.906927764,
        0.0063548726
      ],
      [
        -0.0270006787,
        -0.005536558,
        0.9996201
      ],
      [
        -0.906548,
        -0.421249717,
        -0.0268198755
      ]
    ],
    "translation": [
      2.15448737,
      0.7618519,
      -0.666177332
    ]
  },
  {
    "timeStamp": 58422,
    "rotation": [
      [
        0.425157517,
        -0.9050892,
        -0.00739248842
      ],
      [
        -0.014589115,
        -0.0150190052,
        0.9997808
      ],
      [
        -0.9050018,
        -0.424956471,
        -0.0195898935
      ]
    ],
    "translation": [
      2.15891862,
      0.758259058,
      -0.6638566
    ]
  },
  {
    "timeStamp": 58468,
    "rotation": [
      [
        0.43040666,
        -0.902604,
        -0.007496742
      ],
      [
        -0.00663099065,
        -0.0114669409,
        0.999912262
      ],
      [
        -0.9026107,
        -0.4303192,
        -0.0109206066
      ]
    ],
    "translation": [
      2.160809,
      0.7551731,
      -0.663298845
    ]
  },
  {
    "timeStamp": 58523,
    "rotation": [
      [
        0.435489416,
        -0.900075555,
        -0.0145941926
      ],
      [
        0.000769008242,
        -0.0158402938,
        0.999874234
      ],
      [
        -0.9001936,
        -0.435445875,
        -0.00620611524
      ]
    ],
    "translation": [
      2.16348863,
      0.751930356,
      -0.662100732
    ]
  },
  {
    "timeStamp": 58569,
    "rotation": [
      [
        0.439963937,
        -0.8979677,
        -0.009264743
      ],
      [
        -0.000105494953,
        -0.01036859,
        0.999946237
      ],
      [
        -0.8980155,
        -0.43993932,
        -0.0046565365
      ]
    ],
    "translation": [
      2.16288733,
      0.750532031,
      -0.6619549
    ]
  },
  {
    "timeStamp": 58621,
    "rotation": [
      [
        0.44479,
        -0.895472467,
        -0.01705601
      ],
      [
        0.00162683439,
        -0.0182356816,
        0.9998324
      ],
      [
        -0.8956334,
        -0.4447432,
        -0.006654264
      ]
    ],
    "translation": [
      2.16484427,
      0.7491053,
      -0.6604281
    ]
  },
  {
    "timeStamp": 58666,
    "rotation": [
      [
        0.446758837,
        -0.8944163,
        -0.0206413753
      ],
      [
        0.003922775,
        -0.0211133026,
        0.9997694
      ],
      [
        -0.8946458,
        -0.446736783,
        -0.005923961
      ]
    ],
    "translation": [
      2.16645718,
      0.7478623,
      -0.6597929
    ]
  },
  {
    "timeStamp": 58722,
    "rotation": [
      [
        0.450640231,
        -0.892323136,
        -0.0261290725
      ],
      [
        0.00575536769,
        -0.0263648387,
        0.9996358
      ],
      [
        -0.8926871,
        -0.4506265,
        -0.00674540875
      ]
    ],
    "translation": [
      2.16783118,
      0.747733235,
      -0.6585495
    ]
  },
  {
    "timeStamp": 58766,
    "rotation": [
      [
        0.451069474,
        -0.8920579,
        -0.0277316961
      ],
      [
        0.0056953,
        -0.0281946342,
        0.9995862
      ],
      [
        -0.892470658,
        -0.451040775,
        -0.00763720134
      ]
    ],
    "translation": [
      2.16784859,
      0.746953368,
      -0.6577383
    ]
  },
  {
    "timeStamp": 58821,
    "rotation": [
      [
        0.45237577,
        -0.8912438,
        -0.0322583541
      ],
      [
        0.006299862,
        -0.03297668,
        0.999436259
      ],
      [
        -0.8918052,
        -0.452323973,
        -0.009303138
      ]
    ],
    "translation": [
      2.16971135,
      0.7457987,
      -0.65621537
    ]
  },
  {
    "timeStamp": 58866,
    "rotation": [
      [
        0.453989,
        -0.890492141,
        -0.0302943252
      ],
      [
        0.00491376128,
        -0.0314973444,
        0.999491751
      ],
      [
        -0.8909937,
        -0.453907132,
        -0.009923782
      ]
    ],
    "translation": [
      2.16929936,
      0.744808853,
      -0.6560601
    ]
  },
  {
    "timeStamp": 58921,
    "rotation": [
      [
        0.456568062,
        -0.8889819,
        -0.0354528
      ],
      [
        0.008491275,
        -0.0354926735,
        0.999333858
      ],
      [
        -0.889647961,
        -0.456564963,
        -0.008656231
      ]
    ],
    "translation": [
      2.170707,
      0.7434611,
      -0.655890644
    ]
  },
  {
    "timeStamp": 58966,
    "rotation": [
      [
        0.454963416,
        -0.889766753,
        -0.03637748
      ],
      [
        0.008427398,
        -0.03654635,
        0.9992964
      ],
      [
        -0.8904702,
        -0.4549499,
        -0.009128833
      ]
    ],
    "translation": [
      2.1714704,
      0.7425171,
      -0.6559152
    ]
  },
  {
    "timeStamp": 59023,
    "rotation": [
      [
        0.4530222,
        -0.89081955,
        -0.034803994
      ],
      [
        0.004324195,
        -0.0368436947,
        0.9993117
      ],
      [
        -0.891488731,
        -0.4528609,
        -0.0128389345
      ]
    ],
    "translation": [
      2.17197847,
      0.7425029,
      -0.6551317
    ]
  },
  {
    "timeStamp": 59067,
    "rotation": [
      [
        0.454564363,
        -0.8899027,
        -0.03800628
      ],
      [
        0.00687682768,
        -0.0391618833,
        0.9992092
      ],
      [
        -0.890687346,
        -0.454466254,
        -0.0116818883
      ]
    ],
    "translation": [
      2.17268944,
      0.7414607,
      -0.655354857
    ]
  },
  {
    "timeStamp": 59123,
    "rotation": [
      [
        0.453812331,
        -0.890396237,
        -0.0353400074
      ],
      [
        0.00372658437,
        -0.0377622731,
        0.9992798
      ],
      [
        -0.8910895,
        -0.4536172,
        -0.0138188479
      ]
    ],
    "translation": [
      2.17170668,
      0.7415205,
      -0.6548309
    ]
  },
  {
    "timeStamp": 59167,
    "rotation": [
      [
        0.456451684,
        -0.8890526,
        -0.03517537
      ],
      [
        0.00379159045,
        -0.0375901,
        0.999286056
      ],
      [
        -0.8897401,
        -0.456259161,
        -0.0137871411
      ]
    ],
    "translation": [
      2.170368,
      0.740978062,
      -0.65433836
    ]
  }
]