[
  {
    "timeStamp": 28315,
    "rotation": [
      [
        -0.999913335,
        -0.000240496956,
        -0.0131648621
      ],
      [
        -0.0131661445,
        0.00647513242,
        0.999892354
      ],
      [
        -0.000155224581,
        0.999979,
        -0.00647773733
      ]
    ],
    "translation": [
      1.7701515,
      0.702047348,
      -0.7499771
    ]
  },
  {
    "timeStamp": 28361,
    "rotation": [
      [
        -0.9999958,
        0.002894002,
        0.000200591778
      ],
      [
        0.000226632576,
        0.009000677,
        0.999959469
      ],
      [
        0.00289207953,
        0.9999553,
        -0.009001295
      ]
    ],
    "translation": [
      1.76994252,
      0.7022748,
      -0.748744845
    ]
  },
  {
    "timeStamp": 28414,
    "rotation": [
      [
        -0.9997614,
        -0.009204086,
        0.019810373
      ],
      [
        0.0197336935,
        0.008348401,
        0.9997704
      ],
      [
        -0.009367367,
        0.9999228,
        -0.008164779
      ]
    ],
    "translation": [
      1.76711428,
      0.7113131,
      -0.7514578
    ]
  },
  {
    "timeStamp": 28459,
    "rotation": [
      [
        -0.997563243,
        -0.0148298088,
        0.06817365
      ],
      [
        0.06809896,
        0.0054846853,
        0.9976635
      ],
      [
        -0.0151690692,
        0.999874949,
        -0.004461426
      ]
    ],
    "translation": [
      1.75696576,
      0.7297797,
      -0.756076
    ]
  },
  {
    "timeStamp": 28515,
    "rotation": [
      [
        -0.993290961,
        -0.0316435546,
        0.111228511
      ],
      [
        0.110576108,
        0.0216751657,
        0.9936313
      ],
      [
        -0.0338529125,
        0.9992642,
        -0.0180307254
      ]
    ],
    "translation": [
      1.750246,
      0.760401368,
      -0.759066164
    ]
  },
  {
    "timeStamp": 28559,
    "rotation": [
      [
        -0.9856366,
        -0.0280233715,
        0.166538477
      ],
      [
        0.166216,
        0.01348451,
        0.98599714
      ],
      [
        -0.0298766568,
        0.999516249,
        -0.008632894
      ]
    ],
    "translation": [
      1.74973631,
      0.789624035,
      -0.7632987
    ]
  },
  {
    "timeStamp": 28614,
    "rotation": [
      [
        -0.970613837,
        0.008053145,
        0.240507826
      ],
      [
        0.240529746,
        0.00185938051,
        0.97064
      ],
      [
        0.00736951,
        0.999965847,
        -0.00374176144
      ]
    ],
    "translation": [
      1.75408971,
      0.8295051,
      -0.7618967
    ]
  },
  {
    "timeStamp": 28659,
    "rotation": [
      [
        -0.9530005,
        0.0571436547,
        0.29753077
      ],
      [
        0.298223585,
        0.00380689045,
        0.954488456
      ],
      [
        0.05341029,
        0.998358667,
        -0.0206695534
      ]
    ],
    "translation": [
      1.76626134,
      0.864032149,
      -0.749603152
    ]
  },
  {
    "timeStamp": 28714,
    "rotation": [
      [
        -0.90920943,
        0.1653233,
        0.3821077
      ],
      [
        0.390606046,
        0.02106491,
        0.9203169
      ],
      [
        0.144100755,
        0.986014366,
        -0.08372869
      ]
    ],
    "translation": [
      1.7889837,
      0.914188743,
      -0.716978431
    ]
  },
  {
    "timeStamp": 28759,
    "rotation": [
      [
        -0.8793188,
        0.256286025,
        0.401392579
      ],
      [
        0.432512075,
        0.0769877955,
        0.8983352
      ],
      [
        0.199328423,
        0.9635302,
        -0.178543612
      ]
    ],
    "translation": [
      1.8246901,
      0.9529848,
      -0.679250538
    ]
  },
  {
    "timeStamp": 28813,
    "rotation": [
      [
        -0.854163468,
        0.362005681,
        0.373304874
      ],
      [
        0.453062832,
        0.1657388,
        0.875936449
      ],
      [
        0.255222857,
        0.9173235,
        -0.305579364
      ]
    ],
    "translation": [
      1.88762248,
      0.9950875,
      -0.630354643
    ]
  },
  {
    "timeStamp": 28857,
    "rotation": [
      [
        -0.8392009,
        0.4205413,
        0.3447998
      ],
      [
        0.466834635,
        0.231879026,
        0.8534035
      ],
      [
        0.278939575,
        0.877141535,
        -0.390916318
      ]
    ],
    "translation": [
      1.9390409,
      1.02566755,
      -0.5982075
    ]
  },
  {
    "timeStamp": 28913,
    "rotation": [
      [
        -0.8482069,
        0.467088,
        0.249747649
      ],
      [
        0.422730446,
        0.312885165,
        0.8505303
      ],
      [
        0.319130182,
        0.827001631,
        -0.4628437
      ]
    ],
    "translation": [
      2.010411,
      1.04476047,
      -0.5679901
    ]
  },
  {
    "timeStamp": 28958,
    "rotation": [
      [
        -0.879054248,
        0.446297884,
        0.167576373
      ],
      [
        0.331716835,
        0.32017222,
        0.887385845
      ],
      [
        0.3423851,
        0.835648239,
        -0.429493278
      ]
    ],
    "translation": [
      2.06067324,
      1.03209221,
      -0.5619717
    ]
  },
  {
    "timeStamp": 29013,
    "rotation": [
      [
        -0.923776567,
        0.3795063,
        0.05110651
      ],
      [
        0.184782088,
        0.324881732,
        0.9275276
      ],
      [
        0.335399,
        0.866271853,
        -0.3702441
      ]
    ],
    "translation": [
      2.113084,
      1.00095248,
      -0.5659794
    ]
  },
  {
    "timeStamp": 29057,
    "rotation": [
      [
        -0.939008653,
        0.3406269,
        0.0472874455
      ],
      [
        0.139230341,
        0.2508278,
        0.9579668
      ],
      [
        0.314448267,
        0.906123,
        -0.28295505
      ]
    ],
    "translation": [
      2.12761569,
      0.9714165,
      -0.5782377
    ]
  },
  {
    "timeStamp": 29113,
    "rotation": [
      [
        -0.959945858,
        0.2792567,
        -0.0227961224
      ],
      [
        0.0413248725,
        0.221585035,
        0.974265039
      ],
      [
        0.2771213,
        0.934299648,
        -0.22424987
      ]
    ],
    "translation": [
      2.14978647,
      0.9364165,
      -0.5836475
    ]
  },
  {
    "timeStamp": 29158,
    "rotation": [
      [
        -0.965116,
        0.250140667,
        -0.07733436
      ],
      [
        -0.0235605557,
        0.21119839,
        0.9771592
      ],
      [
        0.260760158,
        0.9448941,
        -0.1979375
      ]
    ],
    "translation": [
      2.17083383,
      0.9132813,
      -0.5808894
    ]
  },
  {
    "timeStamp": 29209,
    "rotation": [
      [
        -0.9725883,
        0.2109938,
        -0.097742714
      ],
      [
        -0.0609273165,
        0.1744257,
        0.982783556
      ],
      [
        0.224410072,
        0.961799,
        -0.156789109
      ]
    ],
    "translation": [
      2.17910719,
      0.885828257,
      -0.581685245
    ]
  },
  {
    "timeStamp": 29265,
    "rotation": [
      [
        -0.9750288,
        0.174147546,
        -0.137809515
      ],
      [
        -0.10997656,
        0.1604744,
        0.980894
      ],
      [
        0.192935213,
        0.971555769,
        -0.137315
      ]
    ],
    "translation": [
      2.19153929,
      0.8642144,
      -0.575710058
    ]
  },
  {
    "timeStamp": 29309,
    "rotation": [
      [
        -0.9784475,
        0.154737368,
        -0.136736572
      ],
      [
        -0.113875754,
        0.1480497,
        0.982401967
      ],
      [
        0.1722581,
        0.9767997,
        -0.12723802
      ]
    ],
    "translation": [
      2.19110751,
      0.848527133,
      -0.570021331
    ]
  },
  {
    "timeStamp": 29364,
    "rotation": [
      [
        -0.983709931,
        0.114501148,
        -0.138579667
      ],
      [
        -0.122635975,
        0.136192963,
        0.9830625
      ],
      [
        0.131435364,
        0.9840432,
        -0.119932406
      ]
    ],
    "translation": [
      2.189948,
      0.828772664,
      -0.563321
    ]
  },
  {
    "timeStamp": 29409,
    "rotation": [
      [
        -0.981122255,
        0.09915957,
        -0.166031465
      ],
      [
        -0.152018845,
        0.135231137,
        0.979082644
      ],
      [
        0.119538032,
        0.985839665,
        -0.117604159
      ]
    ],
    "translation": [
      2.1956203,
      0.8125516,
      -0.55779165
    ]
  },
  {
    "timeStamp": 29464,
    "rotation": [
      [
        -0.985007763,
        0.0748624057,
        -0.155419484
      ],
      [
        -0.146145046,
        0.116558135,
        0.9823725
      ],
      [
        0.0916582048,
        0.9903584,
        -0.1038699
      ]
    ],
    "translation": [
      2.19376159,
      0.7952125,
      -0.5548597
    ]
  },
  {
    "timeStamp": 29509,
    "rotation": [
      [
        -0.9853064,
        0.06353191,
        -0.158540219
      ],
      [
        -0.1508075,
        0.1121316,
        0.9821831
      ],
      [
        0.08017732,
        0.9916603,
        -0.100902893
      ]
    ],
    "translation": [
      2.195531,
      0.7831596,
      -0.5511597
    ]
  },
  {
    "timeStamp": 29566,
    "rotation": [
      [
        -0.987689,
        0.05946614,
        -0.14468658
      ],
      [
        -0.137908533,
        0.105558448,
        0.984803855
      ],
      [
        0.07383538,
        0.992633462,
        -0.096058026
      ]
    ],
    "translation": [
      2.195865,
      0.7706297,
      -0.5469534
    ]
  },
  {
    "timeStamp": 29611,
    "rotation": [
      [
        -0.990647852,
        0.0606982261,
        -0.122198738
      ],
      [
        -0.116301984,
        0.0926814,
        0.988880157
      ],
      [
        0.071348846,
        0.993844,
        -0.08475531
      ]
    ],
    "translation": [
      2.194483,
      0.7618475,
      -0.545009136
    ]
  },
  {
    "timeStamp": 29657,
    "rotation": [
      [
        -0.992244661,
        0.0368822,
        -0.118702322
      ],
      [
        -0.11517065,
        0.08643174,
        0.9895783
      ],
      [
        0.0467574969,
        0.995574832,
        -0.08151369
      ]
    ],
    "translation": [
      2.19633627,
      0.7556708,
      -0.5422773
    ]
  },
  {
    "timeStamp": 29713,
    "rotation": [
      [
        -0.9934265,
        0.020491628,
        -0.112623155
      ],
      [
        -0.110880174,
        0.07227472,
        0.9912023
      ],
      [
        0.02845114,
        0.997174263,
        -0.06952751
      ]
    ],
    "translation": [
      2.199374,
      0.7482736,
      -0.5414335
    ]
  },
  {
    "timeStamp": 29758,
    "rotation": [
      [
        -0.99414885,
        0.0103915222,
        -0.107517533
      ],
      [
        -0.106691904,
        0.06105516,
        0.9924158
      ],
      [
        0.0168772172,
        0.998080254,
        -0.05958923
      ]
    ],
    "translation": [
      2.20139027,
      0.7429559,
      -0.540964663
    ]
  },
  {
    "timeStamp": 29814,
    "rotation": [
      [
        -0.9947509,
        0.0170895774,
        -0.10088858
      ],
      [
        -0.0999617949,
        0.0484089,
        0.993813
      ],
      [
        0.02186774,
        0.998681366,
        -0.0464464948
      ]
    ],
    "translation": [
      2.20221233,
      0.738375545,
      -0.5413097
    ]
  },
  {
    "timeStamp": 29858,
    "rotation": [
      [
        -0.9954384,
        0.01484788,
        -0.09424413
      ],
      [
        -0.0935714245,
        0.04087705,
        0.9947731
      ],
      [
        0.0186226778,
        0.999053836,
        -0.03930125
      ]
    ],
    "translation": [
      2.20266485,
      0.736338854,
      -0.5411787
    ]
  },
  {
    "timeStamp": 29914,
    "rotation": [
      [
        -0.995453238,
        0.021147361,
        -0.09287385
      ],
      [
        -0.09213014,
        0.0337807946,
        0.9951738
      ],
      [
        0.0241826456,
        0.99920547,
        -0.0316788927
      ]
    ],
    "translation": [
      2.202769,
      0.7328898,
      -0.541609943
    ]
  },
  {
    "timeStamp": 29958,
    "rotation": [
      [
        -0.9952844,
        0.02618658,
        -0.09339869
      ],
      [
        -0.09270959,
        0.0264005587,
        0.995343149
      ],
      [
        0.0285304,
        0.9993084,
        -0.0238483157
      ]
    ],
    "translation": [
      2.202585,
      0.7319217,
      -0.5418035
    ]
  },
  {
    "timeStamp": 30013,
    "rotation": [
      [
        -0.9947367,
        0.03398345,
        -0.09666443
      ],
      [
        -0.0956051052,
        0.0315288045,
        0.9949199
      ],
      [
        0.0368585251,
        0.9989249,
        -0.0281138681
      ]
    ],
    "translation": [
      2.20295763,
      0.72834754,
      -0.5416223
    ]
  },
  {
    "timeStamp": 30058,
    "rotation": [
      [
        -0.9945135,
        0.04709871,
        -0.09340506
      ],
      [
        -0.09244078,
        0.0222570039,
        0.9954694
      ],
      [
        0.0489642471,
        0.998642266,
        -0.01778105
      ]
    ],
    "translation": [
      2.20316148,
      0.727795362,
      -0.5428538
    ]
  },
  {
    "timeStamp": 30114,
    "rotation": [
      [
        -0.9947475,
        0.0521686226,
        -0.08806672
      ],
      [
        -0.08699654,
        0.0224457346,
        0.9959557
      ],
      [
        0.0539343655,
        0.998386,
        -0.017789349
      ]
    ],
    "translation": [
      2.20305943,
      0.727469563,
      -0.5432646
    ]
  },
  {
    "timeStamp": 30158,
    "rotation": [
      [
        -0.9944364,
        0.0612145327,
        -0.0857264251
      ],
      [
        -0.08457929,
        0.0210957881,
        0.9961934
      ],
      [
        0.062789984,
        0.9979016,
        -0.015800938
      ]
    ],
    "translation": [
      2.20307326,
      0.7272665,
      -0.5436931
    ]
  },
  {
    "timeStamp": 30214,
    "rotation": [
      [
        -0.9937309,
        0.0679499656,
        -0.08877852
      ],
      [
        -0.08758962,
        0.0202863514,
        0.995950043
      ],
      [
        0.06947577,
        0.9974824,
        -0.0142074618
      ]
    ],
    "translation": [
      2.20326519,
      0.727443337,
      -0.54392904
    ]
  },
  {
    "timeStamp": 30258,
    "rotation": [
      [
        -0.9940955,
        0.06563865,
        -0.08640431
      ],
      [
        -0.08515769,
        0.0215636622,
        0.9961341
      ],
      [
        0.06724809,
        0.99761045,
        -0.0158467051
      ]
    ],
    "translation": [
      2.20333,
      0.727220535,
      -0.543902636
    ]
  },
  {
    "timeStamp": 30313,
    "rotation": [
      [
        -0.994414866,
        0.0621566176,
        -0.0852972642
      ],
      [
        -0.0837969258,
        0.0263624955,
        0.9961341
      ],
      [
        0.06416496,
        0.997718155,
        -0.0210067257
      ]
    ],
    "translation": [
      2.2033577,
      0.727255464,
      -0.543754756
    ]
  },
  {
    "timeStamp": 30358,
    "rotation": [
      [
        -0.9943319,
        0.0659655258,
        -0.08338182
      ],
      [
        -0.08127412,
        0.0340191945,
        0.996111035
      ],
      [
        0.06854557,
        0.9972418,
        -0.0284650829
      ]
    ],
    "translation": [
      2.20337319,
      0.7272755,
      -0.544023931
    ]
  },
  {
    "timeStamp": 30413,
    "rotation": [
      [
        -0.9936372,
        0.070738256,
        -0.08764328
      ],
      [
        -0.08492162,
        0.0406121947,
        0.995559633
      ],
      [
        0.07398353,
        0.996667862,
        -0.0343465768
      ]
    ],
    "translation": [
      2.203677,
      0.727881849,
      -0.544130147
    ]
  },
  {
    "timeStamp": 30458,
    "rotation": [
      [
        -0.993840337,
        0.0705364048,
        -0.0854750648
      ],
      [
        -0.08261042,
        0.04258155,
        0.9956718
      ],
      [
        0.07387076,
        0.9965999,
        -0.03649222
      ]
    ],
    "translation": [
      2.203647,
      0.7291477,
      -0.5441435
    ]
  },
  {
    "timeStamp": 30514,
    "rotation": [
      [
        -0.9944547,
        0.06655838,
        -0.0814243257
      ],
      [
        -0.07869705,
        0.04262301,
        0.995987
      ],
      [
        0.06976181,
        0.996871769,
        -0.0371487029
      ]
    ],
    "translation": [
      2.20376921,
      0.7302155,
      -0.5453473
    ]
  },
  {
    "timeStamp": 30558,
    "rotation": [
      [
        -0.9948362,
        0.06626016,
        -0.0768796653
      ],
      [
        -0.07400424,
        0.0448129736,
        0.99625057
      ],
      [
        0.06945691,
        0.996795535,
        -0.0396780334
      ]
    ],
    "translation": [
      2.20364,
      0.7308474,
      -0.5454046
    ]
  },
  {
    "timeStamp": 30613,
    "rotation": [
      [
        -0.994658947,
        0.06777924,
        -0.07784339
      ],
      [
        -0.07497921,
        0.0438264981,
        0.996221542
      ],
      [
        0.07093474,
        0.9967373,
        -0.0385103822
      ]
    ],
    "translation": [
      2.20344353,
      0.7325145,
      -0.5459335
    ]
  },
  {
    "timeStamp": 30658,
    "rotation": [
      [
        -0.9947115,
        0.0709967241,
        -0.07421936
      ],
      [
        -0.0712831,
        0.0430371352,
        0.996527255
      ],
      [
        0.07394434,
        0.9965477,
        -0.03774867
      ]
    ],
    "translation": [
      2.20337415,
      0.734717369,
      -0.546715
    ]
  },
  {
    "timeStamp": 30713,
    "rotation": [
      [
        -0.9937366,
        0.08296081,
        -0.07486733
      ],
      [
        -0.07148678,
        0.04300021,
        0.996514261
      ],
      [
        0.08589091,
        0.995624661,
        -0.0368002839
      ]
    ],
    "translation": [
      2.20308852,
      0.737246752,
      -0.5462757
    ]
  },
  {
    "timeStamp": 30758,
    "rotation": [
      [
        -0.99455595,
        0.06993162,
        -0.07725376
      ],
      [
        -0.07477985,
        0.0373322442,
        0.996501
      ],
      [
        0.07257097,
        0.996853054,
        -0.0318995267
      ]
    ],
    "translation": [
      2.20326257,
      0.7384666,
      -0.547148764
    ]
  },
  {
    "timeStamp": 30813,
    "rotation": [
      [
        -0.994591057,
        0.06698441,
        -0.07938314
      ],
      [
        -0.0773745254,
        0.032069996,
        0.9964862
      ],
      [
        0.06929484,
        0.997238457,
        -0.0267136469
      ]
    ],
    "translation": [
      2.20344186,
      0.740975261,
      -0.548711956
    ]
  },
  {
    "timeStamp": 30858,
    "rotation": [
      [
        -0.9944576,
        0.062952444,
        -0.08420847
      ],
      [
        -0.08258513,
        0.0279633049,
        0.9961916
      ],
      [
        0.06506744,
        0.9976247,
        -0.0226093847
      ]
    ],
    "translation": [
      2.20350266,
      0.743067265,
      -0.550146937
    ]
  },
  {
    "timeStamp": 30913,
    "rotation": [
      [
        -0.9944151,
        0.060636282,
        -0.08638201
      ],
      [
        -0.08516052,
        0.0224524867,
        0.996114254
      ],
      [
        0.0623401441,
        0.9979074,
        -0.0171632748
      ]
    ],
    "translation": [
      2.203812,
      0.7435039,
      -0.5510667
    ]
  },
  {
    "timeStamp": 30958,
    "rotation": [
      [
        -0.993660152,
        0.07371379,
        -0.0848868638
      ],
      [
        -0.08344595,
        0.0224175379,
        0.9962601
      ],
      [
        0.07534106,
        0.997027457,
        -0.0161242951
      ]
    ],
    "translation": [
      2.20404077,
      0.7423694,
      -0.5502581
    ]
  },
  {
    "timeStamp": 31013,
    "rotation": [
      [
        -0.9933216,
        0.07668324,
        -0.08620859
      ],
      [
        -0.08487037,
        0.020548325,
        0.9961801
      ],
      [
        0.0781617463,
        0.996843755,
        -0.0139029594
      ]
    ],
    "translation": [
      2.2039423,
      0.739032567,
      -0.549717
    ]
  },
  {
    "timeStamp": 31057,
    "rotation": [
      [
        -0.9931223,
        0.08693836,
        -0.07842072
      ],
      [
        -0.07707312,
        0.0187556148,
        0.996849
      ],
      [
        0.08813525,
        0.9960371,
        -0.0119260075
      ]
    ],
    "translation": [
      2.20432949,
      0.7365805,
      -0.548973441
    ]
  },
  {
    "timeStamp": 31113,
    "rotation": [
      [
        -0.991952,
        0.09408196,
        -0.08473376
      ],
      [
        -0.0835167244,
        0.0168060232,
        0.996364653
      ],
      [
        0.09516397,
        0.9954226,
        -0.00881335
      ]
    ],
    "translation": [
      2.204304,
      0.733576655,
      -0.5487143
    ]
  },
  {
    "timeStamp": 31157,
    "rotation": [
      [
        -0.992706954,
        0.0946994,
        -0.0745988041
      ],
      [
        -0.07340086,
        0.016075775,
        0.997172952
      ],
      [
        0.09563091,
        0.99537617,
        -0.009007515
      ]
    ],
    "translation": [
      2.20421433,
      0.730726,
      -0.5481929
    ]
  },
  {
    "timeStamp": 31213,
    "rotation": [
      [
        -0.9919431,
        0.101039477,
        -0.0764191
      ],
      [
        -0.07514774,
        0.016335275,
        0.9970386
      ],
      [
        0.101988584,
        0.9947483,
        -0.008610774
      ]
    ],
    "translation": [
      2.204121,
      0.727842033,
      -0.547456563
    ]
  },
  {
    "timeStamp": 31257,
    "rotation": [
      [
        -0.990870953,
        0.1147207,
        -0.07080888
      ],
      [
        -0.0694038644,
        0.01620065,
        0.9974571
      ],
      [
        0.115576133,
        0.9932657,
        -0.0080906935
      ]
    ],
    "translation": [
      2.204158,
      0.726994038,
      -0.5468024
    ]
  }
]