[
  {
    "timeStamp": 86133,
    "rotation": [
      [
        0.996210754,
        0.00817631,
        0.08658624
      ],
      [
        -0.08635476,
        -0.0253539346,
        0.995941758
      ],
      [
        0.0103384433,
        -0.999645054,
        -0.0245518
      ]
    ],
    "translation": [
      1.61052144,
      0.699157357,
      -0.359083176
    ]
  },
  {
    "timeStamp": 86177,
    "rotation": [
      [
        0.996699333,
        0.008720073,
        0.0807118043
      ],
      [
        -0.08023463,
        -0.04559387,
        0.9957327
      ],
      [
        0.0123628015,
        -0.998922,
        -0.0447437279
      ]
    ],
    "translation": [
      1.610575,
      0.7030339,
      -0.359021336
    ]
  },
  {
    "timeStamp": 86233,
    "rotation": [
      [
        0.9977032,
        0.009102861,
        0.0671234056
      ],
      [
        -0.06673377,
        -0.0378956944,
        0.997050941
      ],
      [
        0.0116196787,
        -0.9992402,
        -0.0372011848
      ]
    ],
    "translation": [
      1.61059666,
      0.7028361,
      -0.3590111
    ]
  },
  {
    "timeStamp": 86277,
    "rotation": [
      [
        0.9979934,
        0.009463183,
        0.06260665
      ],
      [
        -0.06223946,
        -0.0350903571,
        0.9974442
      ],
      [
        0.0116358688,
        -0.999339342,
        -0.0344309621
      ]
    ],
    "translation": [
      1.61059308,
      0.702769458,
      -0.3590006
    ]
  },
  {
    "timeStamp": 86333,
    "rotation": [
      [
        0.995343745,
        -0.000129499735,
        0.09638825
      ],
      [
        -0.0932173952,
        0.253093749,
        0.962940335
      ],
      [
        -0.0245199576,
        -0.967441738,
        0.2519032
      ]
    ],
    "translation": [
      1.6116308,
      0.6995413,
      -0.358602673
    ]
  },
  {
    "timeStamp": 86377,
    "rotation": [
      [
        0.9987455,
        -0.007050835,
        0.0495757051
      ],
      [
        -0.0497511625,
        -0.0273785088,
        0.9983863
      ],
      [
        -0.005682153,
        -0.9996003,
        -0.027694948
      ]
    ],
    "translation": [
      1.61261606,
      0.698418438,
      -0.358258069
    ]
  },
  {
    "timeStamp": 86432,
    "rotation": [
      [
        0.997492552,
        -0.007311371,
        0.07039303
      ],
      [
        -0.07062915,
        -0.0397417732,
        0.996710658
      ],
      [
        -0.004489787,
        -0.999183238,
        -0.0401585177
      ]
    ],
    "translation": [
      1.61263061,
      0.702911258,
      -0.3582609
    ]
  },
  {
    "timeStamp": 86477,
    "rotation": [
      [
        0.9975345,
        -0.007607962,
        0.06976362
      ],
      [
        -0.0700106248,
        -0.0394249968,
        0.996766865
      ],
      [
        -0.004832934,
        -0.999193549,
        -0.03986043
      ]
    ],
    "translation": [
      1.61260366,
      0.702906251,
      -0.358247876
    ]
  },
  {
    "timeStamp": 86534,
    "rotation": [
      [
        0.9979877,
        0.02499115,
        0.05827557
      ],
      [
        -0.0572880358,
        -0.0385615453,
        0.9976127
      ],
      [
        0.0271786656,
        -0.9989436,
        -0.03705225
      ]
    ],
    "translation": [
      1.61333311,
      0.7038124,
      -0.35688886
    ]
  },
  {
    "timeStamp": 86578,
    "rotation": [
      [
        0.9976573,
        0.0312050059,
        0.06087845
      ],
      [
        -0.05933502,
        -0.04820606,
        0.9970735
      ],
      [
        0.0340484045,
        -0.998349845,
        -0.0462415777
      ]
    ],
    "translation": [
      1.61286747,
      0.713184357,
      -0.355141163
    ]
  },
  {
    "timeStamp": 86634,
    "rotation": [
      [
        0.997656345,
        0.0425868779,
        0.0535551272
      ],
      [
        -0.0512500256,
        -0.0534919761,
        0.9972522
      ],
      [
        0.04533465,
        -0.997659743,
        -0.05118403
      ]
    ],
    "translation": [
      1.6127305,
      0.7238686,
      -0.353146046
    ]
  },
  {
    "timeStamp": 86679,
    "rotation": [
      [
        0.996710956,
        0.0562162772,
        0.05836952
      ],
      [
        -0.05465086,
        -0.06555784,
        0.996351063
      ],
      [
        0.0598377325,
        -0.996264,
        -0.0622699521
      ]
    ],
    "translation": [
      1.61076581,
      0.732407,
      -0.350625575
    ]
  },
  {
    "timeStamp": 86734,
    "rotation": [
      [
        0.996706069,
        0.06314694,
        0.0508875847
      ],
      [
        -0.0462003425,
        -0.07358964,
        0.9962179
      ],
      [
        0.0666529,
        -0.9952874,
        -0.0704298243
      ]
    ],
    "translation": [
      1.60999858,
      0.7420116,
      -0.347382277
    ]
  },
  {
    "timeStamp": 86779,
    "rotation": [
      [
        0.9964236,
        0.06725717,
        0.0511519238
      ],
      [
        -0.0460599251,
        -0.07519587,
        0.9961044
      ],
      [
        0.07084161,
        -0.994898,
        -0.07182908
      ]
    ],
    "translation": [
      1.609118,
      0.7487936,
      -0.345398545
    ]
  },
  {
    "timeStamp": 86834,
    "rotation": [
      [
        0.996341348,
        0.07100336,
        0.0475649722
      ],
      [
        -0.04263258,
        -0.06943638,
        0.996675
      ],
      [
        0.07407,
        -0.9950564,
        -0.06615528
      ]
    ],
    "translation": [
      1.608261,
      0.7580875,
      -0.343713015
    ]
  },
  {
    "timeStamp": 86878,
    "rotation": [
      [
        0.995904863,
        0.07898023,
        0.043996077
      ],
      [
        -0.03905362,
        -0.06306859,
        0.9972448
      ],
      [
        0.0815374,
        -0.9948791,
        -0.0597258545
      ]
    ],
    "translation": [
      1.60775065,
      0.767951,
      -0.343386918
    ]
  },
  {
    "timeStamp": 86934,
    "rotation": [
      [
        0.993065655,
        0.103833683,
        0.0551287979
      ],
      [
        -0.05034396,
        -0.04815389,
        0.9975704
      ],
      [
        0.10623607,
        -0.9934283,
        -0.0425925776
      ]
    ],
    "translation": [
      1.6044066,
      0.783447146,
      -0.344764143
    ]
  },
  {
    "timeStamp": 86978,
    "rotation": [
      [
        0.98894006,
        0.13794513,
        0.05448585
      ],
      [
        -0.0494679958,
        -0.0395488963,
        0.9979924
      ],
      [
        0.139823034,
        -0.989649951,
        -0.03228762
      ]
    ],
    "translation": [
      1.60249138,
      0.7994561,
      -0.3467117
    ]
  },
  {
    "timeStamp": 87034,
    "rotation": [
      [
        0.9808419,
        0.190112054,
        0.0425028242
      ],
      [
        -0.03644969,
        -0.0352255441,
        0.998714447
      ],
      [
        0.191364855,
        -0.9811302,
        -0.0276211668
      ]
    ],
    "translation": [
      1.60105526,
      0.8220294,
      -0.349778771
    ]
  },
  {
    "timeStamp": 87078,
    "rotation": [
      [
        0.9748649,
        0.217230454,
        0.0494911447
      ],
      [
        -0.04662012,
        -0.01832476,
        0.9987446
      ],
      [
        0.217864662,
        -0.975948334,
        -0.007736856
      ]
    ],
    "translation": [
      1.60203338,
      0.840426,
      -0.355114341
    ]
  },
  {
    "timeStamp": 87134,
    "rotation": [
      [
        0.960077047,
        0.278451443,
        0.0267748944
      ],
      [
        -0.0270484854,
        -0.0028599517,
        0.999630034
      ],
      [
        0.278424978,
        -0.96044606,
        0.00478591537
      ]
    ],
    "translation": [
      1.60373437,
      0.864249468,
      -0.365071118
    ]
  },
  {
    "timeStamp": 87178,
    "rotation": [
      [
        0.9489656,
        0.313558072,
        0.03384607
      ],
      [
        -0.0366596431,
        0.00307944254,
        0.99932307
      ],
      [
        0.3132416,
        -0.949564,
        0.0144172125
      ]
    ],
    "translation": [
      1.60612786,
      0.8859797,
      -0.374037266
    ]
  },
  {
    "timeStamp": 87234,
    "rotation": [
      [
        0.929747641,
        0.368043125,
        -0.0106539391
      ],
      [
        0.0151120191,
        -0.009232875,
        0.9998432
      ],
      [
        0.36788705,
        -0.92976284,
        -0.0141461184
      ]
    ],
    "translation": [
      1.61342144,
      0.915095747,
      -0.38488096
    ]
  },
  {
    "timeStamp": 87279,
    "rotation": [
      [
        0.9079104,
        0.419159561,
        -0.00198566262
      ],
      [
        0.00387439877,
        -0.00365486764,
        0.9999858
      ],
      [
        0.419146359,
        -0.9079052,
        -0.004942284
      ]
    ],
    "translation": [
      1.61502743,
      0.935977161,
      -0.399930239
    ]
  },
  {
    "timeStamp": 87334,
    "rotation": [
      [
        0.876339436,
        0.4796389,
        -0.04444818
      ],
      [
        0.0478736535,
        0.00509355031,
        0.9988404
      ],
      [
        0.4793091,
        -0.8774512,
        -0.0184983872
      ]
    ],
    "translation": [
      1.62280691,
      0.958100557,
      -0.419022918
    ]
  },
  {
    "timeStamp": 87378,
    "rotation": [
      [
        0.84870404,
        0.5278851,
        -0.0322302319
      ],
      [
        0.0236247759,
        0.0230395552,
        0.9994554
      ],
      [
        0.528340161,
        -0.849003255,
        0.00708259735
      ]
    ],
    "translation": [
      1.62669623,
      0.9730066,
      -0.438763082
    ]
  },
  {
    "timeStamp": 87434,
    "rotation": [
      [
        0.819840431,
        0.569711268,
        -0.05736422
      ],
      [
        0.0439064838,
        0.037339177,
        0.9983376
      ],
      [
        0.5709061,
        -0.8209962,
        0.005598147
      ]
    ],
    "translation": [
      1.63862669,
      0.989789,
      -0.4599273
    ]
  },
  {
    "timeStamp": 87478,
    "rotation": [
      [
        0.796012,
        0.602771461,
        -0.0550595969
      ],
      [
        0.0250928625,
        0.0580240637,
        0.9979998
      ],
      [
        0.6047605,
        -0.795801342,
        0.0310625881
      ]
    ],
    "translation": [
      1.64818966,
      0.999770463,
      -0.479116231
    ]
  },
  {
    "timeStamp": 87534,
    "rotation": [
      [
        0.778017759,
        0.6233502,
        -0.07824933
      ],
      [
        0.040324863,
        0.0747463554,
        0.996386945
      ],
      [
        0.6269468,
        -0.7783621,
        0.0330174752
      ]
    ],
    "translation": [
      1.66536951,
      1.01137781,
      -0.4988259
    ]
  },
  {
    "timeStamp": 87578,
    "rotation": [
      [
        0.7577992,
        0.646777868,
        -0.0861322954
      ],
      [
        0.04034647,
        0.08530505,
        0.995537639
      ],
      [
        0.6512393,
        -0.7578927,
        0.03854889
      ]
    ],
    "translation": [
      1.678405,
      1.01982117,
      -0.5150872
    ]
  },
  {
    "timeStamp": 87633,
    "rotation": [
      [
        0.742154539,
        0.6628814,
        -0.09896938
      ],
      [
        0.0476215,
        0.09513791,
        0.9943244
      ],
      [
        0.6685348,
        -0.7426554,
        0.03903963
      ]
    ],
    "translation": [
      1.696892,
      1.02997863,
      -0.533792853
    ]
  },
  {
    "timeStamp": 87678,
    "rotation": [
      [
        0.715859532,
        0.6908334,
        -0.101461567
      ],
      [
        0.0505478159,
        0.09365529,
        0.9943207
      ],
      [
        0.6964123,
        -0.716922641,
        0.0321239159
      ]
    ],
    "translation": [
      1.71054733,
      1.038434,
      -0.549572647
    ]
  },
  {
    "timeStamp": 87734,
    "rotation": [
      [
        0.6964352,
        0.7081544,
        -0.116169333
      ],
      [
        0.0601895,
        0.103668846,
        0.992789
      ],
      [
        0.71509105,
        -0.698405445,
        0.0295751765
      ]
    ],
    "translation": [
      1.73104179,
      1.04661214,
      -0.56798315
    ]
  },
  {
    "timeStamp": 87778,
    "rotation": [
      [
        0.6868291,
        0.7159275,
        -0.125354171
      ],
      [
        0.06995641,
        0.1065521,
        0.9918431
      ],
      [
        0.723444462,
        -0.689996,
        0.0230993684
      ]
    ],
    "translation": [
      1.75023711,
      1.05185044,
      -0.58147496
    ]
  },
  {
    "timeStamp": 87834,
    "rotation": [
      [
        0.689094961,
        0.7116293,
        -0.136864915
      ],
      [
        0.086209,
        0.107022256,
        0.990512133
      ],
      [
        0.719525,
        -0.6943559,
        0.0123996567
      ]
    ],
    "translation": [
      1.77736342,
      1.0571022,
      -0.595573545
    ]
  },
  {
    "timeStamp": 87878,
    "rotation": [
      [
        0.699249864,
        0.7021906,
        -0.134081751
      ],
      [
        0.0884489641,
        0.1011379,
        0.9909328
      ],
      [
        0.7093845,
        -0.7047691,
        0.008612632
      ]
    ],
    "translation": [
      1.79999185,
      1.06072807,
      -0.6070692
    ]
  },
  {
    "timeStamp": 87934,
    "rotation": [
      [
        0.7092253,
        0.692823231,
        -0.130366921
      ],
      [
        0.09170234,
        0.09268802,
        0.991463363
      ],
      [
        0.6989923,
        -0.715125859,
        0.00220317184
      ]
    ],
    "translation": [
      1.82947206,
      1.06401658,
      -0.6223698
    ]
  },
  {
    "timeStamp": 87978,
    "rotation": [
      [
        0.717047632,
        0.685948849,
        -0.123760961
      ],
      [
        0.09182914,
        0.08304246,
        0.992306054
      ],
      [
        0.6909486,
        -0.7228956,
        -0.00344469841
      ]
    ],
    "translation": [
      1.85393476,
      1.06616747,
      -0.6358135
    ]
  },
  {
    "timeStamp": 88033,
    "rotation": [
      [
        0.711565554,
        0.6909443,
        -0.12755549
      ],
      [
        0.09872099,
        0.08142524,
        0.991778255
      ],
      [
        0.695649743,
        -0.7183077,
        -0.0102713089
      ]
    ],
    "translation": [
      1.88518786,
      1.06629753,
      -0.6554059
    ]
  },
  {
    "timeStamp": 88078,
    "rotation": [
      [
        0.7070721,
        0.6947776,
        -0.131655455
      ],
      [
        0.09721239,
        0.08890881,
        0.9912845
      ],
      [
        0.7004276,
        -0.713708162,
        -0.00467605237
      ]
    ],
    "translation": [
      1.91071486,
      1.06375539,
      -0.672458
    ]
  },
  {
    "timeStamp": 88133,
    "rotation": [
      [
        0.673098147,
        0.7227609,
        -0.156702414
      ],
      [
        0.127454087,
        0.0953502655,
        0.9872506
      ],
      [
        0.7284878,
        -0.6844889,
        -0.0279387515
      ]
    ],
    "translation": [
      1.94129252,
      1.05919635,
      -0.6920371
    ]
  },
  {
    "timeStamp": 88178,
    "rotation": [
      [
        0.654207,
        0.7369667,
        -0.1699799
      ],
      [
        0.135287657,
        0.107093491,
        0.9850016
      ],
      [
        0.7441172,
        -0.6673911,
        -0.0296411961
      ]
    ],
    "translation": [
      1.96430039,
      1.05481231,
      -0.7068157
    ]
  },
  {
    "timeStamp": 88234,
    "rotation": [
      [
        0.6159616,
        0.7622193,
        -0.199030057
      ],
      [
        0.158749357,
        0.127365828,
        0.979069233
      ],
      [
        0.771615148,
        -0.634665,
        -0.042549368
      ]
    ],
    "translation": [
      1.99201655,
      1.04917216,
      -0.72134316
    ]
  },
  {
    "timeStamp": 88278,
    "rotation": [
      [
        0.6071493,
        0.762418,
        -0.223804966
      ],
      [
        0.176106438,
        0.145540878,
        0.973552465
      ],
      [
        0.774826646,
        -0.630505145,
        -0.04590168
      ]
    ],
    "translation": [
      2.01354122,
      1.04318464,
      -0.727991
    ]
  },
  {
    "timeStamp": 88333,
    "rotation": [
      [
        0.5655325,
        0.7849749,
        -0.252957225
      ],
      [
        0.1948104,
        0.170890048,
        0.965839267
      ],
      [
        0.8013874,
        -0.595492244,
        -0.0562773943
      ]
    ],
    "translation": [
      2.03609467,
      1.03476107,
      -0.735204637
    ]
  },
  {
    "timeStamp": 88378,
    "rotation": [
      [
        0.5363757,
        0.792978,
        -0.2889413
      ],
      [
        0.217957944,
        0.200593963,
        0.95512116
      ],
      [
        0.8153499,
        -0.5752808,
        -0.06524213
      ]
    ],
    "translation": [
      2.05319881,
      1.02628434,
      -0.7385107
    ]
  },
  {
    "timeStamp": 88433,
    "rotation": [
      [
        0.496277481,
        0.8090939,
        -0.31476295
      ],
      [
        0.23840794,
        0.221612215,
        0.945542
      ],
      [
        0.8347876,
        -0.5442932,
        -0.08291325
      ]
    ],
    "translation": [
      2.07110381,
      1.01547194,
      -0.740184844
    ]
  },
  {
    "timeStamp": 88478,
    "rotation": [
      [
        0.472976238,
        0.813134968,
        -0.339271247
      ],
      [
        0.2657237,
        0.2354899,
        0.93484515
      ],
      [
        0.8400502,
        -0.5323119,
        -0.1046881
      ]
    ],
    "translation": [
      2.0850265,
      1.00588608,
      -0.7399866
    ]
  },
  {
    "timeStamp": 88544,
    "rotation": [
      [
        0.466703773,
        0.8158863,
        -0.341345817
      ],
      [
        0.267426282,
        0.237703979,
        0.9337987
      ],
      [
        0.843012869,
        -0.5270922,
        -0.107252106
      ]
    ],
    "translation": [
      2.09950781,
      0.9953597,
      -0.7394468
    ]
  },
  {
    "timeStamp": 88576,
    "rotation": [
      [
        0.455859721,
        0.818598032,
        -0.34941262
      ],
      [
        0.284307957,
        0.238084137,
        0.9287007
      ],
      [
        0.8434222,
        -0.522698045,
        -0.124200955
      ]
    ],
    "translation": [
      2.10959649,
      0.988564849,
      -0.7378441
    ]
  },
  {
    "timeStamp": 88628,
    "rotation": [
      [
        0.424439728,
        0.81993854,
        -0.3841245
      ],
      [
        0.310422719,
        0.266752779,
        0.912403762
      ],
      [
        0.8505813,
        -0.506501436,
        -0.141307086
      ]
    ],
    "translation": [
      2.12477446,
      0.9789424,
      -0.7371072
    ]
  },
  {
    "timeStamp": 88683,
    "rotation": [
      [
        0.4373047,
        0.8242201,
        -0.359758049
      ],
      [
        0.31061393,
        0.236989126,
        0.920519
      ],
      [
        0.843969,
        -0.514293134,
        -0.152377769
      ]
    ],
    "translation": [
      2.131441,
      0.974652767,
      -0.736368835
    ]
  },
  {
    "timeStamp": 88728,
    "rotation": [
      [
        0.386803865,
        0.8372559,
        -0.386503935
      ],
      [
        0.323225617,
        0.269443363,
        0.9071524
      ],
      [
        0.8636596,
        -0.475818,
        -0.166400835
      ]
    ],
    "translation": [
      2.13917613,
      0.9670101,
      -0.740926266
    ]
  },
  {
    "timeStamp": 88783,
    "rotation": [
      [
        0.352491528,
        0.8423961,
        -0.407576472
      ],
      [
        0.31719023,
        0.302201629,
        0.8989241
      ],
      [
        0.880420446,
        -0.4461424,
        -0.160676286
      ]
    ],
    "translation": [
      2.1489017,
      0.956928,
      -0.7466581
    ]
  },
  {
    "timeStamp": 88828,
    "rotation": [
      [
        0.3176582,
        0.851771653,
        -0.416627258
      ],
      [
        0.3337756,
        0.310817033,
        0.889936268
      ],
      [
        0.8875174,
        -0.421755582,
        -0.185567021
      ]
    ],
    "translation": [
      2.15465975,
      0.9503101,
      -0.747951
    ]
  },
  {
    "timeStamp": 88883,
    "rotation": [
      [
        0.301306635,
        0.866288543,
        -0.398445
      ],
      [
        0.332239836,
        0.296298474,
        0.8954462
      ],
      [
        0.893773437,
        -0.4021832,
        -0.19853887
      ]
    ],
    "translation": [
      2.15637541,
      0.942683,
      -0.747670352
    ]
  },
  {
    "timeStamp": 88928,
    "rotation": [
      [
        0.2652109,
        0.8712895,
        -0.412938029
      ],
      [
        0.355220973,
        0.309857279,
        0.8819334
      ],
      [
        0.8963712,
        -0.3805826,
        -0.227322757
      ]
    ],
    "translation": [
      2.159659,
      0.9349269,
      -0.745425344
    ]
  },
  {
    "timeStamp": 88983,
    "rotation": [
      [
        0.2372647,
        0.888535857,
        -0.392695159
      ],
      [
        0.3514414,
        0.298347861,
        0.887399256
      ],
      [
        0.905645847,
        -0.3485579,
        -0.241480872
      ]
    ],
    "translation": [
      2.15947318,
      0.9250065,
      -0.7433132
    ]
  },
  {
    "timeStamp": 89028,
    "rotation": [
      [
        0.207493931,
        0.8966073,
        -0.3912053
      ],
      [
        0.36119628,
        0.3014297,
        0.882427
      ],
      [
        0.9091113,
        -0.324400157,
        -0.261306375
      ]
    ],
    "translation": [
      2.16194177,
      0.914839745,
      -0.7407629
    ]
  },
  {
    "timeStamp": 89074,
    "rotation": [
      [
        0.167887,
        0.905887544,
        -0.388820916
      ],
      [
        0.3629942,
        0.309898883,
        0.8787479
      ],
      [
        0.916541934,
        -0.288670123,
        -0.2768039
      ]
    ],
    "translation": [
      2.164161,
      0.90430367,
      -0.7394898
    ]
  },
  {
    "timeStamp": 89132,
    "rotation": [
      [
        0.127595708,
        0.917213142,
        -0.377411455
      ],
      [
        0.354937851,
        0.313094616,
        0.8809034
      ],
      [
        0.9261417,
        -0.246357143,
        -0.285604119
      ]
    ],
    "translation": [
      2.165275,
      0.8915974,
      -0.739801466
    ]
  },
  {
    "timeStamp": 89177,
    "rotation": [
      [
        0.101289891,
        0.924719751,
        -0.366924584
      ],
      [
        0.359267175,
        0.309933,
        0.880266249
      ],
      [
        0.9277216,
        -0.220986009,
        -0.3008284
      ]
    ],
    "translation": [
      2.165613,
      0.88258,
      -0.73908633
    ]
  },
  {
    "timeStamp": 89233,
    "rotation": [
      [
        0.0573206656,
        0.930856049,
        -0.360862017
      ],
      [
        0.35624522,
        0.3185902,
        0.878401756
      ],
      [
        0.9326327,
        -0.178905934,
        -0.3133512
      ]
    ],
    "translation": [
      2.16753936,
      0.870920539,
      -0.739210844
    ]
  },
  {
    "timeStamp": 89277,
    "rotation": [
      [
        0.0485033356,
        0.935204446,
        -0.3507707
      ],
      [
        0.354369074,
        0.3122263,
        0.881440461
      ],
      [
        0.9338469,
        -0.1670551,
        -0.3162635
      ]
    ],
    "translation": [
      2.168759,
      0.862574935,
      -0.737658739
    ]
  },
  {
    "timeStamp": 89333,
    "rotation": [
      [
        0.0327418819,
        0.937828839,
        -0.345550328
      ],
      [
        0.353241056,
        0.312563837,
        0.881773531
      ],
      [
        0.9349592,
        -0.150933519,
        -0.321045727
      ]
    ],
    "translation": [
      2.17109919,
      0.8534815,
      -0.7352188
    ]
  },
  {
    "timeStamp": 89377,
    "rotation": [
      [
        0.01589894,
        0.9392494,
        -0.342867076
      ],
      [
        0.355656147,
        0.315171629,
        0.8798725
      ],
      [
        0.9344816,
        -0.13593179,
        -0.329038918
      ]
    ],
    "translation": [
      2.172607,
      0.8463682,
      -0.733711
    ]
  },
  {
    "timeStamp": 89433,
    "rotation": [
      [
        0.0234715454,
        0.9430705,
        -0.3317637
      ],
      [
        0.3546422,
        0.30241853,
        0.884744
      ],
      [
        0.9347074,
        -0.138423741,
        -0.327354342
      ]
    ],
    "translation": [
      2.17276073,
      0.840423167,
      -0.7299407
    ]
  },
  {
    "timeStamp": 89477,
    "rotation": [
      [
        0.028679613,
        0.9438336,
        -0.329174221
      ],
      [
        0.357244819,
        0.297882169,
        0.8852358
      ],
      [
        0.9335704,
        -0.142983988,
        -0.328636467
      ]
    ],
    "translation": [
      2.17393732,
      0.832697332,
      -0.728534341
    ]
  },
  {
    "timeStamp": 89533,
    "rotation": [
      [
        0.0463373177,
        0.946679533,
        -0.318827152
      ],
      [
        0.3556371,
        0.282623351,
        0.8908683
      ],
      [
        0.9334748,
        -0.154667184,
        -0.323578358
      ]
    ],
    "translation": [
      2.173872,
      0.825448036,
      -0.7264339
    ]
  },
  {
    "timeStamp": 89577,
    "rotation": [
      [
        0.0606144667,
        0.947166145,
        -0.3149636
      ],
      [
        0.357135117,
        0.274075657,
        0.8929373
      ],
      [
        0.932083845,
        -0.166609481,
        -0.321653366
      ]
    ],
    "translation": [
      2.174153,
      0.8199787,
      -0.7246002
    ]
  },
  {
    "timeStamp": 89633,
    "rotation": [
      [
        0.07875803,
        0.947504,
        -0.309892446
      ],
      [
        0.35338816,
        0.264135271,
        0.8974126
      ],
      [
        0.93215555,
        -0.180190772,
        -0.314033926
      ]
    ],
    "translation": [
      2.17426229,
      0.81232506,
      -0.7236087
    ]
  },
  {
    "timeStamp": 89677,
    "rotation": [
      [
        0.09088187,
        0.9489073,
        -0.302184343
      ],
      [
        0.354430377,
        0.2527516,
        0.90027535
      ],
      [
        0.9306555,
        -0.188922048,
        -0.313351035
      ]
    ],
    "translation": [
      2.173748,
      0.8072234,
      -0.722780466
    ]
  },
  {
    "timeStamp": 89733,
    "rotation": [
      [
        0.111731105,
        0.949854255,
        -0.292049766
      ],
      [
        0.3484905,
        0.237773657,
        0.9066521
      ],
      [
        0.9306291,
        -0.203077838,
        -0.304448456
      ]
    ],
    "translation": [
      2.17300344,
      0.80019486,
      -0.722104251
    ]
  },
  {
    "timeStamp": 89777,
    "rotation": [
      [
        0.122784719,
        0.9500073,
        -0.287071317
      ],
      [
        0.3437657,
        0.230639666,
        0.910291433
      ],
      [
        0.930993557,
        -0.210455149,
        -0.298260927
      ]
    ],
    "translation": [
      2.17245436,
      0.7942782,
      -0.7224821
    ]
  },
  {
    "timeStamp": 89833,
    "rotation": [
      [
        0.1203793,
        0.9520397,
        -0.2812992
      ],
      [
        0.3422282,
        0.226191774,
        0.9119853
      ],
      [
        0.9318738,
        -0.206052676,
        -0.298586041
      ]
    ],
    "translation": [
      2.17114353,
      0.7873528,
      -0.723656833
    ]
  },
  {
    "timeStamp": 89877,
    "rotation": [
      [
        0.130837232,
        0.951447368,
        -0.278621
      ],
      [
        0.333307177,
        0.222463846,
        0.9161966
      ],
      [
        0.9336959,
        -0.212738991,
        -0.28801766
      ]
    ],
    "translation": [
      2.17071414,
      0.7818088,
      -0.7248105
    ]
  },
  {
    "timeStamp": 89933,
    "rotation": [
      [
        0.1277989,
        0.9519554,
        -0.278295547
      ],
      [
        0.330674678,
        0.223643914,
        0.916862965
      ],
      [
        0.935051739,
        -0.209199354,
        -0.286206067
      ]
    ],
    "translation": [
      2.170423,
      0.776014447,
      -0.72689116
    ]
  },
  {
    "timeStamp": 89977,
    "rotation": [
      [
        0.129603118,
        0.952414155,
        -0.275880963
      ],
      [
        0.33002916,
        0.2209309,
        0.917752862
      ],
      [
        0.9350314,
        -0.209992379,
        -0.2856911
      ]
    ],
    "translation": [
      2.170283,
      0.772067666,
      -0.727770567
    ]
  },
  {
    "timeStamp": 90032,
    "rotation": [
      [
        0.122467749,
        0.950268269,
        -0.286342323
      ],
      [
        0.334196568,
        0.232180044,
        0.913457751
      ],
      [
        0.9345129,
        -0.207563758,
        -0.2891418
      ]
    ],
    "translation": [
      2.171275,
      0.767396,
      -0.7286833
    ]
  },
  {
    "timeStamp": 90077,
    "rotation": [
      [
        0.126521945,
        0.9480662,
        -0.291826546
      ],
      [
        0.337391526,
        0.235522255,
        0.911425352
      ],
      [
        0.9328232,
        -0.213775143,
        -0.290070772
      ]
    ],
    "translation": [
      2.17243,
      0.7654258,
      -0.727538347
    ]
  }
]