[
  {
    "timeStamp": 132525,
    "rotation": [
      [
        0.5240341,
        0.850479066,
        0.0455366261
      ],
      [
        -0.0149788605,
        -0.04425443,
        0.998908
      ],
      [
        0.85156554,
        -0.524143934,
        -0.0104516232
      ]
    ],
    "translation": [
      1.45169485,
      0.7016886,
      -0.6204682
    ]
  },
  {
    "timeStamp": 132580,
    "rotation": [
      [
        0.532852,
        0.844467342,
        0.05425632
      ],
      [
        -0.0404225,
        -0.038642358,
        0.9984352
      ],
      [
        0.8452425,
        -0.534211338,
        0.013544823
      ]
    ],
    "translation": [
      1.45154166,
      0.7020506,
      -0.6204296
    ]
  },
  {
    "timeStamp": 132625,
    "rotation": [
      [
        0.5315663,
        0.8455931,
        0.04908689
      ],
      [
        -0.0190955568,
        -0.0459742062,
        0.9987601
      ],
      [
        0.8468014,
        -0.5318446,
        -0.008291271
      ]
    ],
    "translation": [
      1.45155919,
      0.702071667,
      -0.6204194
    ]
  },
  {
    "timeStamp": 132680,
    "rotation": [
      [
        0.5322195,
        0.8433084,
        0.0746542439
      ],
      [
        -0.008184226,
        -0.08305149,
        0.996511638
      ],
      [
        0.8465668,
        -0.5309739,
        -0.0372997969
      ]
    ],
    "translation": [
      1.45063508,
      0.7066725,
      -0.6193138
    ]
  },
  {
    "timeStamp": 132724,
    "rotation": [
      [
        0.533154368,
        0.8427385,
        0.07441879
      ],
      [
        -0.00222491636,
        -0.08656661,
        0.9962436
      ],
      [
        0.846015036,
        -0.531317234,
        -0.044278346
      ]
    ],
    "translation": [
      1.45225692,
      0.7130624,
      -0.6195798
    ]
  },
  {
    "timeStamp": 132779,
    "rotation": [
      [
        0.5374158,
        0.8398135,
        0.07679578
      ],
      [
        0.004501541,
        -0.09391937,
        0.995569646
      ],
      [
        0.843305349,
        -0.5346892,
        -0.0542542078
      ]
    ],
    "translation": [
      1.4556241,
      0.7248281,
      -0.6205624
    ]
  },
  {
    "timeStamp": 132824,
    "rotation": [
      [
        0.538125753,
        0.8390911,
        0.07966644
      ],
      [
        0.0119381147,
        -0.102096952,
        0.9947028
      ],
      [
        0.84278,
        -0.534324169,
        -0.06495816
      ]
    ],
    "translation": [
      1.45977306,
      0.7392238,
      -0.6219975
    ]
  },
  {
    "timeStamp": 132879,
    "rotation": [
      [
        0.5382561,
        0.8380986,
        0.0887190849
      ],
      [
        0.0247790236,
        -0.120961495,
        0.9923479
      ],
      [
        0.842416942,
        -0.53193897,
        -0.08587553
      ]
    ],
    "translation": [
      1.46787643,
      0.7642542,
      -0.6257989
    ]
  },
  {
    "timeStamp": 132924,
    "rotation": [
      [
        0.54443413,
        0.833511651,
        0.0940734148
      ],
      [
        0.0444333032,
        -0.140652373,
        0.9890615
      ],
      [
        0.8376259,
        -0.5342988,
        -0.113611624
      ]
    ],
    "translation": [
      1.47878969,
      0.7894062,
      -0.629456639
    ]
  },
  {
    "timeStamp": 132979,
    "rotation": [
      [
        0.5467005,
        0.830599964,
        0.105935395
      ],
      [
        0.06510464,
        -0.1682989,
        0.9835837
      ],
      [
        0.8347934,
        -0.5308288,
        -0.146085
      ]
    ],
    "translation": [
      1.49694681,
      0.823833,
      -0.6377913
    ]
  },
  {
    "timeStamp": 133024,
    "rotation": [
      [
        0.556443334,
        0.8234566,
        0.110860765
      ],
      [
        0.0858940259,
        -0.189718813,
        0.978074133
      ],
      [
        0.826433957,
        -0.53472054,
        -0.176297769
      ]
    ],
    "translation": [
      1.51619935,
      0.8528991,
      -0.6449956
    ]
  },
  {
    "timeStamp": 133079,
    "rotation": [
      [
        0.571138859,
        0.812957346,
        0.113581829
      ],
      [
        0.106296189,
        -0.210453346,
        0.971807837
      ],
      [
        0.813942,
        -0.542963862,
        -0.206612349
      ]
    ],
    "translation": [
      1.54676235,
      0.8882968,
      -0.6573207
    ]
  },
  {
    "timeStamp": 133124,
    "rotation": [
      [
        0.5835325,
        0.8038292,
        0.115535542
      ],
      [
        0.124837853,
        -0.229368985,
        0.9653007
      ],
      [
        0.8024371,
        -0.5488611,
        -0.234192565
      ]
    ],
    "translation": [
      1.57486475,
      0.9160725,
      -0.6674651
    ]
  },
  {
    "timeStamp": 133180,
    "rotation": [
      [
        0.6105042,
        0.7851035,
        0.10438934
      ],
      [
        0.149787515,
        -0.2438768,
        0.958169
      ],
      [
        0.77772,
        -0.56933,
        -0.2664865
      ]
    ],
    "translation": [
      1.61651838,
      0.9466015,
      -0.67986083
    ]
  },
  {
    "timeStamp": 133224,
    "rotation": [
      [
        0.634380341,
        0.7663514,
        0.10132695
      ],
      [
        0.159406245,
        -0.257950068,
        0.952917337
      ],
      [
        0.7564068,
        -0.5883599,
        -0.285799652
      ]
    ],
    "translation": [
      1.65150666,
      0.9679539,
      -0.6888162
    ]
  },
  {
    "timeStamp": 133280,
    "rotation": [
      [
        0.6645122,
        0.7425171,
        0.08421289
      ],
      [
        0.1816278,
        -0.269796282,
        0.945632756
      ],
      [
        0.724868834,
        -0.613089144,
        -0.314144671
      ]
    ],
    "translation": [
      1.697712,
      0.9910099,
      -0.6984127
    ]
  },
  {
    "timeStamp": 133324,
    "rotation": [
      [
        0.687517166,
        0.722003758,
        0.07765684
      ],
      [
        0.18943733,
        -0.281563461,
        0.94065696
      ],
      [
        0.7010232,
        -0.6320067,
        -0.330354184
      ]
    ],
    "translation": [
      1.73505116,
      1.0062108,
      -0.7053003
    ]
  },
  {
    "timeStamp": 133379,
    "rotation": [
      [
        0.723461866,
        0.68736124,
        0.06432265
      ],
      [
        0.2011831,
        -0.2990392,
        0.932792
      ],
      [
        0.660400033,
        -0.661898851,
        -0.35462895
      ]
    ],
    "translation": [
      1.78400993,
      1.0215404,
      -0.7124029
    ]
  },
  {
    "timeStamp": 133424,
    "rotation": [
      [
        0.7447539,
        0.6661188,
        0.0403404981
      ],
      [
        0.2241943,
        -0.306680769,
        0.9250318
      ],
      [
        0.628552735,
        -0.6798769,
        -0.377741754
      ]
    ],
    "translation": [
      1.82506549,
      1.03051114,
      -0.716920435
    ]
  },
  {
    "timeStamp": 133479,
    "rotation": [
      [
        0.778719842,
        0.6268332,
        0.02599276
      ],
      [
        0.223368451,
        -0.3157323,
        0.922182
      ],
      [
        0.5862611,
        -0.71231544,
        -0.385881752
      ]
    ],
    "translation": [
      1.87654507,
      1.03444624,
      -0.7230105
    ]
  },
  {
    "timeStamp": 133524,
    "rotation": [
      [
        0.796022952,
        0.605227351,
        0.006868187
      ],
      [
        0.2280386,
        -0.310399473,
        0.9228492
      ],
      [
        0.5606654,
        -0.733042955,
        -0.385100335
      ]
    ],
    "translation": [
      1.91704583,
      1.03143132,
      -0.7280333
    ]
  },
  {
    "timeStamp": 133579,
    "rotation": [
      [
        0.8180942,
        0.5749795,
        -0.0109755239
      ],
      [
        0.225274727,
        -0.302849531,
        0.926031053
      ],
      [
        0.529125,
        -0.760053158,
        -0.3772878
      ]
    ],
    "translation": [
      1.96535707,
      1.02076828,
      -0.7335806
    ]
  },
  {
    "timeStamp": 133624,
    "rotation": [
      [
        0.832815766,
        0.552760243,
        -0.0295615271
      ],
      [
        0.221863464,
        -0.284390658,
        0.9326835
      ],
      [
        0.5071434,
        -0.7833122,
        -0.359482348
      ]
    ],
    "translation": [
      2.00153065,
      1.00767994,
      -0.7381319
    ]
  },
  {
    "timeStamp": 133679,
    "rotation": [
      [
        0.846281469,
        0.5312441,
        -0.0398429
      ],
      [
        0.2103543,
        -0.264511824,
        0.9411613
      ],
      [
        0.489447474,
        -0.80486846,
        -0.335600942
      ]
    ],
    "translation": [
      2.03921866,
      0.98799634,
      -0.7427245
    ]
  },
  {
    "timeStamp": 133724,
    "rotation": [
      [
        0.8578331,
        0.5124807,
        -0.03854814
      ],
      [
        0.185923532,
        -0.23953703,
        0.9529189
      ],
      [
        0.479118824,
        -0.8246124,
        -0.300765
      ]
    ],
    "translation": [
      2.062923,
      0.9696579,
      -0.746374369
    ]
  },
  {
    "timeStamp": 133789,
    "rotation": [
      [
        0.862238467,
        0.504103243,
        -0.04924149
      ],
      [
        0.176696986,
        -0.208262146,
        0.961979747
      ],
      [
        0.474681973,
        -0.83815676,
        -0.268645167
      ]
    ],
    "translation": [
      2.08533645,
      0.948113143,
      -0.749958158
    ]
  },
  {
    "timeStamp": 133830,
    "rotation": [
      [
        0.874202967,
        0.484653682,
        -0.0296652168
      ],
      [
        0.141654611,
        -0.196121275,
        0.970294
      ],
      [
        0.4644386,
        -0.852436066,
        -0.24010323
      ]
    ],
    "translation": [
      2.0973258,
      0.931617141,
      -0.7525307
    ]
  },
  {
    "timeStamp": 133874,
    "rotation": [
      [
        0.8726311,
        0.48739168,
        -0.03105502
      ],
      [
        0.127234757,
        -0.165489331,
        0.977969646
      ],
      [
        0.471515,
        -0.857358,
        -0.2064243
      ]
    ],
    "translation": [
      2.10932374,
      0.910917938,
      -0.756231964
    ]
  },
  {
    "timeStamp": 133929,
    "rotation": [
      [
        0.8814409,
        0.4720413,
        -0.01545826
      ],
      [
        0.0950681,
        -0.1452699,
        0.984814048
      ],
      [
        0.4626273,
        -0.869524956,
        -0.1729229
      ]
    ],
    "translation": [
      2.1174345,
      0.891252637,
      -0.7582436
    ]
  },
  {
    "timeStamp": 133974,
    "rotation": [
      [
        0.8700798,
        0.492024571,
        -0.029545635
      ],
      [
        0.09938454,
        -0.116406783,
        0.988216639
      ],
      [
        0.482787549,
        -0.862763762,
        -0.150182828
      ]
    ],
    "translation": [
      2.12117219,
      0.877079248,
      -0.7596172
    ]
  },
  {
    "timeStamp": 134029,
    "rotation": [
      [
        0.874122739,
        0.4856136,
        -0.009422895
      ],
      [
        0.06967357,
        -0.106168032,
        0.9919042
      ],
      [
        0.480681777,
        -0.867702544,
        -0.126638323
      ]
    ],
    "translation": [
      2.123099,
      0.8629523,
      -0.7597781
    ]
  },
  {
    "timeStamp": 134074,
    "rotation": [
      [
        0.8667121,
        0.498410076,
        -0.0199393183
      ],
      [
        0.07232672,
        -0.086020425,
        0.9936646
      ],
      [
        0.493537277,
        -0.862663269,
        -0.1106033
      ]
    ],
    "translation": [
      2.12466455,
      0.853578448,
      -0.759796
    ]
  },
  {
    "timeStamp": 134129,
    "rotation": [
      [
        0.8656835,
        0.500115752,
        -0.02182363
      ],
      [
        0.06691287,
        -0.07239933,
        0.995128632
      ],
      [
        0.4960995,
        -0.8629267,
        -0.09613909
      ]
    ],
    "translation": [
      2.12705946,
      0.8446038,
      -0.7593392
    ]
  },
  {
    "timeStamp": 134174,
    "rotation": [
      [
        0.861683369,
        0.5058072,
        -0.0407527722
      ],
      [
        0.07823934,
        -0.053078156,
        0.995520651
      ],
      [
        0.5013785,
        -0.861012042,
        -0.08531059
      ]
    ],
    "translation": [
      2.13123655,
      0.838611662,
      -0.7599395
    ]
  },
  {
    "timeStamp": 134229,
    "rotation": [
      [
        0.8657567,
        0.4982339,
        -0.0472047143
      ],
      [
        0.07437111,
        -0.0348069035,
        0.996623
      ],
      [
        0.4949083,
        -0.8663437,
        -0.0671885163
      ]
    ],
    "translation": [
      2.13648534,
      0.8312456,
      -0.7619816
    ]
  },
  {
    "timeStamp": 134274,
    "rotation": [
      [
        0.865246654,
        0.4998346,
        -0.038904123
      ],
      [
        0.06295644,
        -0.03134047,
        0.9975241
      ],
      [
        0.497377783,
        -0.8655537,
        -0.058585044
      ]
    ],
    "translation": [
      2.13852048,
      0.8264786,
      -0.763866365
    ]
  },
  {
    "timeStamp": 134330,
    "rotation": [
      [
        0.8698773,
        0.4932193,
        0.0069476096
      ],
      [
        0.02416571,
        -0.0566798821,
        0.9980999
      ],
      [
        0.49267593,
        -0.868056536,
        -0.06122353
      ]
    ],
    "translation": [
      2.13716745,
      0.8223671,
      -0.764301
    ]
  },
  {
    "timeStamp": 134376,
    "rotation": [
      [
        0.86981,
        0.4903968,
        0.0542364456
      ],
      [
        -0.0145323928,
        -0.08441469,
        0.9963247
      ],
      [
        0.493172824,
        -0.867401361,
        -0.0662981
      ]
    ],
    "translation": [
      2.13294673,
      0.819706857,
      -0.7643918
    ]
  },
  {
    "timeStamp": 134433,
    "rotation": [
      [
        0.8661799,
        0.491988838,
        0.08763162
      ],
      [
        -0.03981735,
        -0.106854081,
        0.9934771
      ],
      [
        0.498143464,
        -0.864019156,
        -0.07296517
      ]
    ],
    "translation": [
      2.12987137,
      0.818073332,
      -0.7647718
    ]
  }
]