[
  {
    "timeStamp": 0,
    "rotation": [
      [
        0.9241193,
        0.0316081159,
        0.380794555
      ],
      [
        0.211806253,
        0.7870798,
        -0.579347432
      ],
      [
        -0.3180278,
        0.6160408,
        0.720660865
      ]
    ],
    "translation": [
      1.17740226,
      1.57108593,
      -1.18962181
    ]
  },
  {
    "timeStamp": 19,
    "rotation": [
      [
        0.8385326,
        0.09952155,
        0.535685
      ],
      [
        0.244916722,
        0.809397459,
        -0.5337524
      ],
      [
        -0.486701936,
        0.578767,
        0.6543317
      ]
    ],
    "translation": [
      1.2085855,
      1.5812223,
      -1.20831227
    ]
  },
  {
    "timeStamp": 20,
    "rotation": [
      [
        0.8321935,
        0.105012983,
        0.5444504
      ],
      [
        0.244792819,
        0.811453462,
        -0.5306785
      ],
      [
        -0.497524351,
        0.57490474,
        0.6495798
      ]
    ],
    "translation": [
      1.2109257,
      1.5820663,
      -1.21028888
    ]
  },
  {
    "timeStamp": 63,
    "rotation": [
      [
        0.731893361,
        0.217436209,
        0.6457969
      ],
      [
        0.184606224,
        0.8490119,
        -0.495075166
      ],
      [
        -0.6559365,
        0.481560349,
        0.5812461
      ]
    ],
    "translation": [
      1.2472645,
      1.59282136,
      -1.23693359
    ]
  },
  {
    "timeStamp": 113,
    "rotation": [
      [
        0.719896,
        0.232811436,
        0.653871953
      ],
      [
        0.1736215,
        0.8517148,
        -0.494406223
      ],
      [
        -0.672015846,
        0.4694473,
        0.572725
      ]
    ],
    "translation": [
      1.25140142,
      1.59346819,
      -1.23993981
    ]
  },
  {
    "timeStamp": 169,
    "rotation": [
      [
        0.7161654,
        0.24118872,
        0.6549313
      ],
      [
        0.166111887,
        0.8525202,
        -0.495596766
      ],
      [
        -0.6778745,
        0.463721156,
        0.5704812
      ]
    ],
    "translation": [
      1.25282443,
      1.59337807,
      -1.240854
    ]
  },
  {
    "timeStamp": 213,
    "rotation": [
      [
        0.725603461,
        0.248022065,
        0.641860366
      ],
      [
        0.15407002,
        0.8505431,
        -0.502830863
      ],
      [
        -0.670643032,
        0.463747233,
        0.5789442
      ]
    ],
    "translation": [
      1.25245452,
      1.59218967,
      -1.23959529
    ]
  },
  {
    "timeStamp": 350,
    "rotation": [
      [
        0.7347134,
        0.248838931,
        0.6310907
      ],
      [
        0.149357125,
        0.8481303,
        -0.5082986
      ],
      [
        -0.66173166,
        0.467711657,
        0.5859668
      ]
    ],
    "translation": [
      1.25134492,
      1.59119272,
      -1.23824215
    ]
  },
  {
    "timeStamp": 352,
    "rotation": [
      [
        0.7347134,
        0.248838931,
        0.6310907
      ],
      [
        0.149357125,
        0.8481303,
        -0.5082986
      ],
      [
        -0.66173166,
        0.467711657,
        0.5859668
      ]
    ],
    "translation": [
      1.25134492,
      1.59119272,
      -1.23824215
    ]
  },
  {
    "timeStamp": 391,
    "rotation": [
      [
        0.88227576,
        0.24281995,
        0.403271526
      ],
      [
        0.057964,
        0.794129133,
        -0.604978561
      ],
      [
        -0.467150539,
        0.5571332,
        0.6865661
      ]
    ],
    "translation": [
      1.2244873,
      1.57496166,
      -1.2173425
    ]
  },
  {
    "timeStamp": 435,
    "rotation": [
      [
        0.9190151,
        0.232707486,
        0.318211317
      ],
      [
        0.0225608349,
        0.77481854,
        -0.6317809
      ],
      [
        -0.3935762,
        0.5877953,
        0.7068199
      ]
    ],
    "translation": [
      1.21300113,
      1.56967783,
      -1.21024287
    ]
  },
  {
    "timeStamp": 491,
    "rotation": [
      [
        0.948138952,
        0.2152397,
        0.233889848
      ],
      [
        -0.00919412449,
        0.7540988,
        -0.6566967
      ],
      [
        -0.317723244,
        0.6204893,
        0.7169693
      ]
    ],
    "translation": [
      1.20080507,
      1.56435609,
      -1.20246363
    ]
  },
  {
    "timeStamp": 535,
    "rotation": [
      [
        0.9611152,
        0.197083876,
        0.193430811
      ],
      [
        -0.0180110428,
        0.74370867,
        -0.6682612
      ],
      [
        -0.275559664,
        0.638792038,
        0.718339443
      ]
    ],
    "translation": [
      1.1939187,
      1.56185412,
      -1.19738126
    ]
  },
  {
    "timeStamp": 592,
    "rotation": [
      [
        0.9699243,
        0.179827,
        0.164040208
      ],
      [
        -0.0203343444,
        0.731440961,
        -0.6816015
      ],
      [
        -0.2425561,
        0.6577662,
        0.713098943
      ]
    ],
    "translation": [
      1.18765569,
      1.55960393,
      -1.19251668
    ]
  },
  {
    "timeStamp": 637,
    "rotation": [
      [
        0.9738053,
        0.166619465,
        0.154729381
      ],
      [
        -0.01422659,
        0.7237904,
        -0.689873159
      ],
      [
        -0.22693795,
        0.669600844,
        0.7072014
      ]
    ],
    "translation": [
      1.18435907,
      1.55819559,
      -1.1897912
    ]
  },
  {
    "timeStamp": 693,
    "rotation": [
      [
        0.9774364,
        0.156805828,
        0.1415275
      ],
      [
        -0.0122095,
        0.7108368,
        -0.703250945
      ],
      [
        -0.210876822,
        0.6856551,
        0.6967123
      ]
    ],
    "translation": [
      1.18107224,
      1.55578983,
      -1.18725634
    ]
  },
  {
    "timeStamp": 738,
    "rotation": [
      [
        0.979424655,
        0.151959255,
        0.132799476
      ],
      [
        -0.0116812354,
        0.699626,
        -0.7144137
      ],
      [
        -0.201471746,
        0.698163152,
        0.687006056
      ]
    ],
    "translation": [
      1.179389,
      1.55354,
      -1.18576539
    ]
  },
  {
    "timeStamp": 794,
    "rotation": [
      [
        0.981294155,
        0.145647556,
        0.125891164
      ],
      [
        -0.009724842,
        0.6905986,
        -0.723172843
      ],
      [
        -0.19226861,
        0.708421,
        0.679096758
      ]
    ],
    "translation": [
      1.17832851,
      1.55170393,
      -1.18467069
    ]
  },
  {
    "timeStamp": 839,
    "rotation": [
      [
        0.983586252,
        0.1356729,
        0.118957482
      ],
      [
        -0.00547657162,
        0.6814124,
        -0.731879234
      ],
      [
        -0.180355266,
        0.719214857,
        0.6709709
      ]
    ],
    "translation": [
      1.17774427,
      1.54969108,
      -1.18318391
    ]
  },
  {
    "timeStamp": 885,
    "rotation": [
      [
        0.9856896,
        0.128175631,
        0.109485045
      ],
      [
        -0.005873327,
        0.6752109,
        -0.73760134
      ],
      [
        -0.168468013,
        0.726402938,
        0.6663012
      ]
    ],
    "translation": [
      1.17736983,
      1.54805672,
      -1.18206418
    ]
  },
  {
    "timeStamp": 940,
    "rotation": [
      [
        0.988317132,
        0.118678205,
        0.09562866
      ],
      [
        -0.007901909,
        0.6664912,
        -0.745471
      ],
      [
        -0.152206823,
        0.7360061,
        0.659642458
      ]
    ],
    "translation": [
      1.17717874,
      1.54617429,
      -1.18061042
    ]
  },
  {
    "timeStamp": 985,
    "rotation": [
      [
        0.9905514,
        0.110291637,
        0.0815082639
      ],
      [
        -0.0116509348,
        0.6598645,
        -0.751294255
      ],
      [
        -0.136645883,
        0.743245959,
        0.654914737
      ]
    ],
    "translation": [
      1.17672622,
      1.5447731,
      -1.17923045
    ]
  },
  {
    "timeStamp": 1041,
    "rotation": [
      [
        0.9931115,
        0.0991173461,
        0.0624935031
      ],
      [
        -0.0175149273,
        0.6529212,
        -0.7572233
      ],
      [
        -0.115857296,
        0.7509126,
        0.650159538
      ]
    ],
    "translation": [
      1.17567432,
      1.54308963,
      -1.1768012
    ]
  },
  {
    "timeStamp": 1085,
    "rotation": [
      [
        0.994768858,
        0.08956783,
        0.0491164364
      ],
      [
        -0.0208475534,
        0.6487121,
        -0.760748267
      ],
      [
        -0.100001007,
        0.755744755,
        0.6471859
      ]
    ],
    "translation": [
      1.17472148,
      1.5418582,
      -1.17423832
    ]
  },
  {
    "timeStamp": 1140,
    "rotation": [
      [
        0.996020257,
        0.08097363,
        0.03723961
      ],
      [
        -0.0235132221,
        0.641758561,
        -0.7665462
      ],
      [
        -0.0859688744,
        0.7626199,
        0.6411086
      ]
    ],
    "translation": [
      1.17372,
      1.540011,
      -1.17081833
    ]
  },
  {
    "timeStamp": 1184,
    "rotation": [
      [
        0.996344149,
        0.0786548257,
        0.0333427638
      ],
      [
        -0.0243723616,
        0.635775745,
        -0.7714889
      ],
      [
        -0.08187985,
        0.7678558,
        0.635368466
      ]
    ],
    "translation": [
      1.17335856,
      1.53827786,
      -1.16829026
    ]
  },
  {
    "timeStamp": 1240,
    "rotation": [
      [
        0.9960975,
        0.079887405,
        0.03751928
      ],
      [
        -0.0212409031,
        0.6295951,
        -0.776632965
      ],
      [
        -0.08566515,
        0.7728052,
        0.628835
      ]
    ],
    "translation": [
      1.17376733,
      1.53624749,
      -1.16498435
    ]
  },
  {
    "timeStamp": 1285,
    "rotation": [
      [
        0.994818449,
        0.0882667452,
        0.0504505821
      ],
      [
        -0.01612242,
        0.6269161,
        -0.778919935
      ],
      [
        -0.100381017,
        0.7740705,
        0.6250907
      ]
    ],
    "translation": [
      1.17511225,
      1.53508854,
      -1.16255355
    ]
  },
  {
    "timeStamp": 1340,
    "rotation": [
      [
        0.9914968,
        0.10284356,
        0.07973257
      ],
      [
        -0.00286000688,
        0.6297836,
        -0.7767654
      ],
      [
        -0.13009958,
        0.7699324,
        0.62472254
      ]
    ],
    "translation": [
      1.17869127,
      1.53488839,
      -1.15964913
    ]
  },
  {
    "timeStamp": 1384,
    "rotation": [
      [
        0.9874428,
        0.1161548,
        0.107074037
      ],
      [
        0.009582269,
        0.6324956,
        -0.774504662
      ],
      [
        -0.1576863,
        0.765805066,
        0.6234402
      ]
    ],
    "translation": [
      1.18180454,
      1.53520632,
      -1.158026
    ]
  },
  {
    "timeStamp": 1440,
    "rotation": [
      [
        0.981490254,
        0.133261755,
        0.1375435
      ],
      [
        0.0217214767,
        0.6361008,
        -0.7713002
      ],
      [
        -0.190276325,
        0.7600113,
        0.6214321
      ]
    ],
    "translation": [
      1.18542969,
      1.53582191,
      -1.15687263
    ]
  },
  {
    "timeStamp": 1484,
    "rotation": [
      [
        0.9762168,
        0.1477469,
        0.158655837
      ],
      [
        0.02792954,
        0.6400118,
        -0.7678573
      ],
      [
        -0.214990154,
        0.7540264,
        0.6206637
      ]
    ],
    "translation": [
      1.18779552,
      1.5365119,
      -1.15621853
    ]
  },
  {
    "timeStamp": 1540,
    "rotation": [
      [
        0.968892157,
        0.166226819,
        0.183348075
      ],
      [
        0.0336240381,
        0.6455645,
        -0.7629652
      ],
      [
        -0.245188281,
        0.7453959,
        0.6198932
      ]
    ],
    "translation": [
      1.190098,
      1.53738022,
      -1.15599024
    ]
  },
  {
    "timeStamp": 1585,
    "rotation": [
      [
        0.962741435,
        0.180067912,
        0.201753467
      ],
      [
        0.03767428,
        0.6494786,
        -0.759445965
      ],
      [
        -0.2677864,
        0.738751,
        0.61849606
      ]
    ],
    "translation": [
      1.19105923,
      1.53801942,
      -1.15624154
    ]
  },
  {
    "timeStamp": 1640,
    "rotation": [
      [
        0.954608142,
        0.196979523,
        0.223433286
      ],
      [
        0.0422176048,
        0.653069139,
        -0.7561206
      ],
      [
        -0.294857651,
        0.7312317,
        0.6151091
      ]
    ],
    "translation": [
      1.19168878,
      1.53905654,
      -1.15678322
    ]
  },
  {
    "timeStamp": 1684,
    "rotation": [
      [
        0.948218465,
        0.208611354,
        0.239505857
      ],
      [
        0.0459748767,
        0.655977666,
        -0.753378749
      ],
      [
        -0.314273864,
        0.725378931,
        0.6124193
      ]
    ],
    "translation": [
      1.19172871,
      1.5397445,
      -1.15721262
    ]
  },
  {
    "timeStamp": 1740,
    "rotation": [
      [
        0.941041768,
        0.220070839,
        0.256922632
      ],
      [
        0.05027143,
        0.6600678,
        -0.74952203
      ],
      [
        -0.334534317,
        0.7182474,
        0.61008805
      ]
    ],
    "translation": [
      1.191709,
      1.54033422,
      -1.15726662
    ]
  },
  {
    "timeStamp": 1784,
    "rotation": [
      [
        0.937347054,
        0.224537984,
        0.266389042
      ],
      [
        0.0541482121,
        0.661430836,
        -0.7480489
      ],
      [
        -0.344163328,
        0.7156059,
        0.607831955
      ]
    ],
    "translation": [
      1.19252646,
      1.54045188,
      -1.15723753
    ]
  },
  {
    "timeStamp": 1840,
    "rotation": [
      [
        0.935683846,
        0.226990208,
        0.270131856
      ],
      [
        0.0563691519,
        0.6595944,
        -0.749505
      ],
      [
        -0.348307759,
        0.7165268,
        0.604376554
      ]
    ],
    "translation": [
      1.19528854,
      1.54049253,
      -1.15746725
    ]
  },
  {
    "timeStamp": 1885,
    "rotation": [
      [
        0.935705662,
        0.228325769,
        0.2689279
      ],
      [
        0.0555729344,
        0.6573899,
        -0.75149864
      ],
      [
        -0.348377,
        0.718126655,
        0.6024347
      ]
    ],
    "translation": [
      1.19972682,
      1.54030049,
      -1.15780413
    ]
  },
  {
    "timeStamp": 1940,
    "rotation": [
      [
        0.9364197,
        0.2323442,
        0.262933969
      ],
      [
        0.049449116,
        0.6544877,
        -0.754453838
      ],
      [
        -0.347380042,
        0.7194873,
        0.601386
      ]
    ],
    "translation": [
      1.20783448,
      1.539712,
      -1.15812135
    ]
  },
  {
    "timeStamp": 1984,
    "rotation": [
      [
        0.936783135,
        0.237672433,
        0.256805629
      ],
      [
        0.04155476,
        0.6531586,
        -0.756080031
      ],
      [
        -0.3474342,
        0.7189545,
        0.601991534
      ]
    ],
    "translation": [
      1.216217,
      1.53857565,
      -1.1584537
    ]
  },
  {
    "timeStamp": 2040,
    "rotation": [
      [
        0.938168645,
        0.243074924,
        0.246483654
      ],
      [
        0.03118211,
        0.6497816,
        -0.759481132
      ],
      [
        -0.344771355,
        0.7202073,
        0.6020251
      ]
    ],
    "translation": [
      1.22904813,
      1.53653646,
      -1.15897739
    ]
  },
  {
    "timeStamp": 2084,
    "rotation": [
      [
        0.9400748,
        0.245075911,
        0.237059489
      ],
      [
        0.0237047225,
        0.646596134,
        -0.7624641
      ],
      [
        -0.340143323,
        0.722392738,
        0.6020393
      ]
    ],
    "translation": [
      1.241184,
      1.53444791,
      -1.15910375
    ]
  },
  {
    "timeStamp": 2140,
    "rotation": [
      [
        0.943160355,
        0.245218322,
        0.2243134
      ],
      [
        0.0150239524,
        0.642805338,
        -0.765882254
      ],
      [
        -0.3319982,
        0.725719869,
        0.602584362
      ]
    ],
    "translation": [
      1.25790942,
      1.5320015,
      -1.15936792
    ]
  },
  {
    "timeStamp": 2184,
    "rotation": [
      [
        0.9462177,
        0.244394034,
        0.211999029
      ],
      [
        0.00758617464,
        0.638327241,
        -0.769727767
      ],
      [
        -0.323441625,
        0.729938269,
        0.6021425
      ]
    ],
    "translation": [
      1.2723279,
      1.53022969,
      -1.15970826
    ]
  },
  {
    "timeStamp": 2238,
    "rotation": [
      [
        0.951109469,
        0.2413932,
        0.1926658
      ],
      [
        -0.002793843,
        0.6305075,
        -0.7761781
      ],
      [
        -0.308841348,
        0.737692058,
        0.6003561
      ]
    ],
    "translation": [
      1.29072547,
      1.52962875,
      -1.15968466
    ]
  },
  {
    "timeStamp": 2294,
    "rotation": [
      [
        0.954024,
        0.240083382,
        0.1794387
      ],
      [
        -0.01195447,
        0.6286691,
        -0.7775811
      ],
      [
        -0.299491853,
        0.739685953,
        0.602635443
      ]
    ],
    "translation": [
      1.30481386,
      1.52948284,
      -1.15960407
    ]
  },
  {
    "timeStamp": 2338,
    "rotation": [
      [
        0.95784837,
        0.236592323,
        0.162943557
      ],
      [
        -0.0223129522,
        0.6267638,
        -0.7788898
      ],
      [
        -0.286406457,
        0.7424226,
        0.6056238
      ]
    ],
    "translation": [
      1.32159173,
      1.5286417,
      -1.15823352
    ]
  },
  {
    "timeStamp": 2393,
    "rotation": [
      [
        0.960876644,
        0.23252216,
        0.150497526
      ],
      [
        -0.0280088261,
        0.6221448,
        -0.782401
      ],
      [
        -0.275556833,
        0.747575641,
        0.604317069
      ]
    ],
    "translation": [
      1.33357143,
      1.52714992,
      -1.156806
    ]
  },
  {
    "timeStamp": 2438,
    "rotation": [
      [
        0.9654967,
        0.223229557,
        0.1341066
      ],
      [
        -0.0325406455,
        0.6143543,
        -0.788359
      ],
      [
        -0.258374,
        0.7567941,
        0.6004211
      ]
    ],
    "translation": [
      1.34682751,
      1.52502143,
      -1.15543985
    ]
  },
  {
    "timeStamp": 2494,
    "rotation": [
      [
        0.9700802,
        0.2117497,
        0.11877089
      ],
      [
        -0.03635964,
        0.6103941,
        -0.7912629
      ],
      [
        -0.24004674,
        0.76327,
        0.5998303
      ]
    ],
    "translation": [
      1.355274,
      1.52360952,
      -1.15389979
    ]
  },
  {
    "timeStamp": 2538,
    "rotation": [
      [
        0.976642,
        0.19323346,
        0.093974404
      ],
      [
        -0.04344302,
        0.6058889,
        -0.794362247
      ],
      [
        -0.2104354,
        0.771725,
        0.600131154
      ]
    ],
    "translation": [
      1.3637352,
      1.52181339,
      -1.1515789
    ]
  },
  {
    "timeStamp": 2597,
    "rotation": [
      [
        0.9824929,
        0.174828455,
        0.06436379
      ],
      [
        -0.05496534,
        0.6021282,
        -0.7965051
      ],
      [
        -0.178007,
        0.7790229,
        0.6011962
      ]
    ],
    "translation": [
      1.36799335,
      1.52041268,
      -1.14919817
    ]
  },
  {
    "timeStamp": 2635,
    "rotation": [
      [
        0.987455368,
        0.155295238,
        0.0285541639
      ],
      [
        -0.071084775,
        0.5986924,
        -0.7978185
      ],
      [
        -0.140992582,
        0.7857804,
        0.602221131
      ]
    ],
    "translation": [
      1.37067723,
      1.51888108,
      -1.14702678
    ]
  },
  {
    "timeStamp": 2690,
    "rotation": [
      [
        0.991245568,
        0.129593521,
        -0.0252555478
      ],
      [
        -0.0981924459,
        0.595706165,
        -0.7971778
      ],
      [
        -0.0882642,
        0.792678833,
        0.6032162
      ]
    ],
    "translation": [
      1.3728224,
      1.51715744,
      -1.14391255
    ]
  },
  {
    "timeStamp": 2734,
    "rotation": [
      [
        0.9919453,
        0.11435499,
        -0.0544733852
      ],
      [
        -0.112315938,
        0.595244467,
        -0.7956564
      ],
      [
        -0.05856229,
        0.79536587,
        0.6032939
      ]
    ],
    "translation": [
      1.37392759,
      1.51684868,
      -1.14176548
    ]
  },
  {
    "timeStamp": 2790,
    "rotation": [
      [
        0.992146,
        0.0969804749,
        -0.07900067
      ],
      [
        -0.12153095,
        0.5978803,
        -0.792319
      ],
      [
        -0.029606536,
        0.7956972,
        0.6049707
      ]
    ],
    "translation": [
      1.37551272,
      1.51749349,
      -1.13890874
    ]
  },
  {
    "timeStamp": 2834,
    "rotation": [
      [
        0.9921906,
        0.0879820958,
        -0.08841408
      ],
      [
        -0.123672985,
        0.60178405,
        -0.7890253
      ],
      [
        -0.0162139181,
        0.7937979,
        0.607965469
      ]
    ],
    "translation": [
      1.37689543,
      1.51829112,
      -1.1362921
    ]
  },
  {
    "timeStamp": 2890,
    "rotation": [
      [
        0.9927589,
        0.0811056942,
        -0.08860917
      ],
      [
        -0.119794443,
        0.613873541,
        -0.7802619
      ],
      [
        -0.008888864,
        0.7852268,
        0.61914444
      ]
    ],
    "translation": [
      1.37861347,
      1.51996517,
      -1.13233
    ]
  },
  {
    "timeStamp": 2934,
    "rotation": [
      [
        0.9933249,
        0.07983623,
        -0.0832579359
      ],
      [
        -0.114908546,
        0.621753931,
        -0.7747374
      ],
      [
        -0.0100861629,
        0.779133,
        0.6267775
      ]
    ],
    "translation": [
      1.379401,
      1.52136707,
      -1.12921214
    ]
  },
  {
    "timeStamp": 2990,
    "rotation": [
      [
        0.9940143,
        0.08073096,
        -0.07360688
      ],
      [
        -0.108083166,
        0.6285058,
        -0.7702587
      ],
      [
        -0.0159213822,
        0.7736039,
        0.633469462
      ]
    ],
    "translation": [
      1.37896657,
      1.52237988,
      -1.12521541
    ]
  },
  {
    "timeStamp": 3034,
    "rotation": [
      [
        0.9945046,
        0.08173717,
        -0.06541944
      ],
      [
        -0.10247606,
        0.6320793,
        -0.768097937
      ],
      [
        -0.0214318782,
        0.7705808,
        0.636981845
      ]
    ],
    "translation": [
      1.377492,
      1.5228107,
      -1.12206542
    ]
  },
  {
    "timeStamp": 3090,
    "rotation": [
      [
        0.995261133,
        0.08254904,
        -0.0513898656
      ],
      [
        -0.09242754,
        0.638941,
        -0.7636829
      ],
      [
        -0.0302062016,
        0.7648137,
        0.643542945
      ]
    ],
    "translation": [
      1.3743012,
      1.52341962,
      -1.11825144
    ]
  },
  {
    "timeStamp": 3136,
    "rotation": [
      [
        0.9955212,
        0.08636252,
        -0.03845809
      ],
      [
        -0.0852076262,
        0.643445849,
        -0.760734558
      ],
      [
        -0.04095325,
        0.7606043,
        0.647922754
      ]
    ],
    "translation": [
      1.37086248,
      1.52421951,
      -1.11506724
    ]
  },
  {
    "timeStamp": 3193,
    "rotation": [
      [
        0.995331049,
        0.09521928,
        -0.0157895721
      ],
      [
        -0.07453511,
        0.654332459,
        -0.752524734
      ],
      [
        -0.06132323,
        0.7501881,
        0.658374667
      ]
    ],
    "translation": [
      1.36565757,
      1.52698731,
      -1.11039388
    ]
  },
  {
    "timeStamp": 3239,
    "rotation": [
      [
        0.99526757,
        0.09694743,
        0.006603654
      ],
      [
        -0.0600476041,
        0.6670349,
        -0.742602646
      ],
      [
        -0.07639829,
        0.7386918,
        0.669699669
      ]
    ],
    "translation": [
      1.36128,
      1.530339,
      -1.1064893
    ]
  },
  {
    "timeStamp": 3284,
    "rotation": [
      [
        0.9951748,
        0.09331357,
        0.0303238463
      ],
      [
        -0.04191813,
        0.6837827,
        -0.7284807
      ],
      [
        -0.08871205,
        0.723694563,
        0.6843949
      ]
    ],
    "translation": [
      1.35644293,
      1.5342567,
      -1.102487
    ]
  },
  {
    "timeStamp": 3339,
    "rotation": [
      [
        0.9945795,
        0.08664172,
        0.0574889965
      ],
      [
        -0.0198899526,
        0.7012044,
        -0.7126828
      ],
      [
        -0.1020596,
        0.707676232,
        0.69912684
      ]
    ],
    "translation": [
      1.34960914,
      1.53903484,
      -1.09771788
    ]
  },
  {
    "timeStamp": 3384,
    "rotation": [
      [
        0.9940756,
        0.08180523,
        0.07156561
      ],
      [
        -0.008099118,
        0.712352157,
        -0.7017755
      ],
      [
        -0.108388826,
        0.6970383,
        0.7087944
      ]
    ],
    "translation": [
      1.34323609,
      1.54222846,
      -1.09407246
    ]
  },
  {
    "timeStamp": 3439,
    "rotation": [
      [
        0.993435264,
        0.07667505,
        0.08489618
      ],
      [
        0.0035678444,
        0.720997751,
        -0.692928255
      ],
      [
        -0.114340253,
        0.688682258,
        0.715991
      ]
    ],
    "translation": [
      1.3347367,
      1.54504836,
      -1.08959806
    ]
  },
  {
    "timeStamp": 3484,
    "rotation": [
      [
        0.992980838,
        0.07213042,
        0.09373438
      ],
      [
        0.0124179628,
        0.7245525,
        -0.689107656
      ],
      [
        -0.117621109,
        0.6854347,
        0.7185711
      ]
    ],
    "translation": [
      1.3280319,
      1.54637837,
      -1.08601177
    ]
  },
  {
    "timeStamp": 3539,
    "rotation": [
      [
        0.9915203,
        0.0707677,
        0.108993664
      ],
      [
        0.0234624054,
        0.727450132,
        -0.6857593
      ],
      [
        -0.127817065,
        0.6825015,
        0.7196211
      ]
    ],
    "translation": [
      1.32047331,
      1.547051,
      -1.08144522
    ]
  },
  {
    "timeStamp": 3584,
    "rotation": [
      [
        0.990314364,
        0.07018944,
        0.119795136
      ],
      [
        0.0307990666,
        0.73025924,
        -0.6824755
      ],
      [
        -0.135384083,
        0.6795549,
        0.721024454
      ]
    ],
    "translation": [
      1.31508946,
      1.54740584,
      -1.077821
    ]
  },
  {
    "timeStamp": 3639,
    "rotation": [
      [
        0.9879975,
        0.07263565,
        0.136327043
      ],
      [
        0.04007092,
        0.731818438,
        -0.6803205
      ],
      [
        -0.149182186,
        0.677617669,
        0.7201242
      ]
    ],
    "translation": [
      1.30956459,
      1.54706454,
      -1.0737493
    ]
  },
  {
    "timeStamp": 3684,
    "rotation": [
      [
        0.9857269,
        0.07448043,
        0.150980562
      ],
      [
        0.0488259234,
        0.7317915,
        -0.6797774
      ],
      [
        -0.161116391,
        0.6774466,
        0.717709959
      ]
    ],
    "translation": [
      1.30624259,
      1.546582,
      -1.07071781
    ]
  },
  {
    "timeStamp": 3739,
    "rotation": [
      [
        0.9813431,
        0.07835403,
        0.1755743
      ],
      [
        0.06277956,
        0.7325494,
        -0.6778127
      ],
      [
        -0.181726217,
        0.6761893,
        0.7139633
      ]
    ],
    "translation": [
      1.30426812,
      1.545896,
      -1.067526
    ]
  },
  {
    "timeStamp": 3784,
    "rotation": [
      [
        0.974976957,
        0.07902581,
        0.207785413
      ],
      [
        0.08431887,
        0.7333827,
        -0.6745667
      ],
      [
        -0.205694392,
        0.6752072,
        0.7083679
      ]
    ],
    "translation": [
      1.30560422,
      1.54618239,
      -1.06542718
    ]
  },
  {
    "timeStamp": 3839,
    "rotation": [
      [
        0.9626044,
        0.0684338,
        0.262125015
      ],
      [
        0.128126621,
        0.7375142,
        -0.6630659
      ],
      [
        -0.238697022,
        0.67185533,
        0.7011662
      ]
    ],
    "translation": [
      1.31057346,
      1.5483247,
      -1.0639255
    ]
  },
  {
    "timeStamp": 3884,
    "rotation": [
      [
        0.9533471,
        0.06289116,
        0.2952525
      ],
      [
        0.153771177,
        0.7404854,
        -0.6542444
      ],
      [
        -0.259776354,
        0.669123352,
        0.696268737
      ]
    ],
    "translation": [
      1.31550288,
      1.55073988,
      -1.06368423
    ]
  },
  {
    "timeStamp": 3939,
    "rotation": [
      [
        0.944913149,
        0.0620378368,
        0.321388274
      ],
      [
        0.170604423,
        0.744612157,
        -0.6453269
      ],
      [
        -0.27934432,
        0.6646082,
        0.6930099
      ]
    ],
    "translation": [
      1.323018,
      1.55336416,
      -1.06350267
    ]
  },
  {
    "timeStamp": 3995,
    "rotation": [
      [
        0.9420008,
        0.06803566,
        0.328641951
      ],
      [
        0.17012088,
        0.7473067,
        -0.642332852
      ],
      [
        -0.289297879,
        0.6609869,
        0.6923893
      ]
    ],
    "translation": [
      1.33020663,
      1.55454469,
      -1.06310809
    ]
  },
  {
    "timeStamp": 4039,
    "rotation": [
      [
        0.9409679,
        0.07580512,
        0.329898477
      ],
      [
        0.16486086,
        0.7485649,
        -0.642239451
      ],
      [
        -0.295635462,
        0.658714056,
        0.6918782
      ]
    ],
    "translation": [
      1.34058034,
      1.55506825,
      -1.06269932
    ]
  },
  {
    "timeStamp": 4095,
    "rotation": [
      [
        0.943075,
        0.0816904455,
        0.3223913
      ],
      [
        0.155181691,
        0.749287546,
        -0.643806458
      ],
      [
        -0.294156671,
        0.657187045,
        0.6939575
      ]
    ],
    "translation": [
      1.35033059,
      1.55505729,
      -1.06243765
    ]
  },
  {
    "timeStamp": 4139,
    "rotation": [
      [
        0.9467812,
        0.08948963,
        0.30918768
      ],
      [
        0.1408972,
        0.748432457,
        -0.648071647
      ],
      [
        -0.28940177,
        0.657145739,
        0.695992947
      ]
    ],
    "translation": [
      1.36399364,
      1.55468631,
      -1.06173015
    ]
  },
  {
    "timeStamp": 4195,
    "rotation": [
      [
        0.95069176,
        0.09570788,
        0.2950004
      ],
      [
        0.1275609,
        0.74634093,
        -0.6532255
      ],
      [
        -0.2826897,
        0.6586466,
        0.697331548
      ]
    ],
    "translation": [
      1.37593544,
      1.5539999,
      -1.06146729
    ]
  },
  {
    "timeStamp": 4239,
    "rotation": [
      [
        0.9555644,
        0.105272479,
        0.275344044
      ],
      [
        0.108819418,
        0.74211216,
        -0.6613833
      ],
      [
        -0.273961633,
        0.6619571,
        0.6976803
      ]
    ],
    "translation": [
      1.39160275,
      1.55351949,
      -1.06086957
    ]
  },
  {
    "timeStamp": 4294,
    "rotation": [
      [
        0.9588407,
        0.116158441,
        0.259097874
      ],
      [
        0.091578,
        0.7372242,
        -0.669413149
      ],
      [
        -0.2687712,
        0.66558826,
        0.696243048
      ]
    ],
    "translation": [
      1.40446579,
      1.552638,
      -1.060164
    ]
  },
  {
    "timeStamp": 4339,
    "rotation": [
      [
        0.9620027,
        0.129558876,
        0.240344256
      ],
      [
        0.07145372,
        0.730118036,
        -0.679574966
      ],
      [
        -0.263524622,
        0.670926452,
        0.693118036
      ]
    ],
    "translation": [
      1.4206171,
      1.55084038,
      -1.058304
    ]
  },
  {
    "timeStamp": 4395,
    "rotation": [
      [
        0.9635772,
        0.140832216,
        0.227343887
      ],
      [
        0.0571535863,
        0.7220193,
        -0.6895082
      ],
      [
        -0.261251658,
        0.6773879,
        0.687672257
      ]
    ],
    "translation": [
      1.43314457,
      1.54848456,
      -1.056047
    ]
  },
  {
    "timeStamp": 4439,
    "rotation": [
      [
        0.965199649,
        0.15294753,
        0.212124288
      ],
      [
        0.0423412137,
        0.70903945,
        -0.7038965
      ],
      [
        -0.258063734,
        0.688382268,
        0.677888632
      ]
    ],
    "translation": [
      1.44780755,
      1.54497409,
      -1.053084
    ]
  },
  {
    "timeStamp": 4494,
    "rotation": [
      [
        0.967082143,
        0.157712713,
        0.19969672
      ],
      [
        0.03345572,
        0.699157059,
        -0.71418494
      ],
      [
        -0.2522554,
        0.6973565,
        0.670865953
      ]
    ],
    "translation": [
      1.45820689,
      1.54212046,
      -1.0502373
    ]
  },
  {
    "timeStamp": 4539,
    "rotation": [
      [
        0.96987,
        0.1606698,
        0.183132
      ],
      [
        0.0234351382,
        0.6866879,
        -0.72657454
      ],
      [
        -0.242493108,
        0.7089746,
        0.662232637
      ]
    ],
    "translation": [
      1.4700681,
      1.538316,
      -1.04663837
    ]
  },
  {
    "timeStamp": 4594,
    "rotation": [
      [
        0.9718169,
        0.163599968,
        0.169725761
      ],
      [
        0.014495221,
        0.677147448,
        -0.735704541
      ],
      [
        -0.235290617,
        0.717430353,
        0.655692
      ]
    ],
    "translation": [
      1.47834063,
      1.53526568,
      -1.043694
    ]
  },
  {
    "timeStamp": 4639,
    "rotation": [
      [
        0.974209249,
        0.16566658,
        0.153202251
      ],
      [
        0.00429159356,
        0.6652218,
        -0.74663347
      ],
      [
        -0.2256057,
        0.728034735,
        0.647354245
      ]
    ],
    "translation": [
      1.4874053,
      1.531518,
      -1.040444
    ]
  },
  {
    "timeStamp": 4694,
    "rotation": [
      [
        0.975693047,
        0.166379988,
        0.1426215
      ],
      [
        -0.00171341142,
        0.65659,
        -0.7542458
      ],
      [
        -0.21913524,
        0.735668,
        0.640915334
      ]
    ],
    "translation": [
      1.49322987,
      1.52906585,
      -1.0381155
    ]
  },
  {
    "timeStamp": 4740,
    "rotation": [
      [
        0.9775952,
        0.16600962,
        0.129415721
      ],
      [
        -0.00919741,
        0.6479209,
        -0.7616521
      ],
      [
        -0.210292727,
        0.7433972,
        0.6349312
      ]
    ],
    "translation": [
      1.49955869,
      1.52608609,
      -1.03516674
    ]
  },
  {
    "timeStamp": 4793,
    "rotation": [
      [
        0.97957623,
        0.164009929,
        0.116323479
      ],
      [
        -0.01577177,
        0.6394039,
        -0.768709242
      ],
      [
        -0.200453624,
        0.7511747,
        0.6289316
      ]
    ],
    "translation": [
      1.50428653,
      1.52329969,
      -1.03245676
    ]
  },
  {
    "timeStamp": 4837,
    "rotation": [
      [
        0.98134774,
        0.161381632,
        0.104462937
      ],
      [
        -0.0214239564,
        0.6318203,
        -0.7748188
      ],
      [
        -0.191043317,
        0.758128643,
        0.6234929
      ]
    ],
    "translation": [
      1.50666,
      1.52104187,
      -1.03070629
    ]
  },
  {
    "timeStamp": 4893,
    "rotation": [
      [
        0.9839796,
        0.154997855,
        0.0880902857
      ],
      [
        -0.0280026365,
        0.622344136,
        -0.7822427
      ],
      [
        -0.17606841,
        0.7672441,
        0.616714239
      ]
    ],
    "translation": [
      1.5082109,
      1.51826584,
      -1.02873683
    ]
  },
  {
    "timeStamp": 4937,
    "rotation": [
      [
        0.9860398,
        0.149340183,
        0.0736411661
      ],
      [
        -0.03445965,
        0.6157104,
        -0.7872187
      ],
      [
        -0.162905023,
        0.773691356,
        0.6122611
      ]
    ],
    "translation": [
      1.50809932,
      1.51620781,
      -1.02728891
    ]
  },
  {
    "timeStamp": 4993,
    "rotation": [
      [
        0.988611639,
        0.139842868,
        0.0555966981
      ],
      [
        -0.0413047448,
        0.6073992,
        -0.7933222
      ],
      [
        -0.14470984,
        0.7819912,
        0.606258154
      ]
    ],
    "translation": [
      1.50673628,
      1.51426482,
      -1.02561283
    ]
  },
  {
    "timeStamp": 5037,
    "rotation": [
      [
        0.990642548,
        0.130709976,
        0.039271377
      ],
      [
        -0.0476225577,
        0.600701034,
        -0.7980541
      ],
      [
        -0.127903983,
        0.788716137,
        0.60130477
      ]
    ],
    "translation": [
      1.504134,
      1.51286924,
      -1.02450633
    ]
  },
  {
    "timeStamp": 5093,
    "rotation": [
      [
        0.99294287,
        0.116969317,
        0.01956065
      ],
      [
        -0.0539175756,
        0.592156768,
        -0.804017
      ],
      [
        -0.105628289,
        0.7972883,
        0.5942845
      ]
    ],
    "translation": [
      1.49939466,
      1.51180863,
      -1.02330363
    ]
  },
  {
    "timeStamp": 5137,
    "rotation": [
      [
        0.99444294,
        0.105186038,
        0.004387135
      ],
      [
        -0.0583631061,
        0.5854968,
        -0.8085711
      ],
      [
        -0.0876190439,
        0.803821743,
        0.5883821
      ]
    ],
    "translation": [
      1.49450541,
      1.511305,
      -1.02270412
    ]
  },
  {
    "timeStamp": 5194,
    "rotation": [
      [
        0.995752931,
        0.0916151255,
        -0.009093742
      ],
      [
        -0.06069969,
        0.579034448,
        -0.8130404
      ],
      [
        -0.069221206,
        0.8101393,
        0.5821363
      ]
    ],
    "translation": [
      1.489028,
      1.51124549,
      -1.02210259
    ]
  },
  {
    "timeStamp": 5238,
    "rotation": [
      [
        0.9969499,
        0.07443704,
        -0.02345251
      ],
      [
        -0.0622456744,
        0.5771152,
        -0.8142871
      ],
      [
        -0.04707832,
        0.8132633,
        0.5799883
      ]
    ],
    "translation": [
      1.48135424,
      1.5112555,
      -1.02115536
    ]
  },
  {
    "timeStamp": 5294,
    "rotation": [
      [
        0.997513533,
        0.06044542,
        -0.0362360477
      ],
      [
        -0.06448491,
        0.5754024,
        -0.8153243
      ],
      [
        -0.0284323115,
        0.8156337,
        0.577869534
      ]
    ],
    "translation": [
      1.4742589,
      1.51087523,
      -1.020479
    ]
  },
  {
    "timeStamp": 5338,
    "rotation": [
      [
        0.99750334,
        0.0461477339,
        -0.0534559377
      ],
      [
        -0.07025588,
        0.571734846,
        -0.817424834
      ],
      [
        -0.00715968,
        0.8191396,
        0.573549569
      ]
    ],
