[
  {
    "timeStamp": 50090,
    "rotation": [
      [
        -0.8165525,
        0.554657757,
        -0.159989983
      ],
      [
        0.5634716,
        0.826047242,
        -0.0120674521
      ],
      [
        0.125465989,
        -0.100003533,
        -0.9870449
      ]
    ],
    "translation": [
      1.13654685,
      0.707998633,
      -0.68961823
    ]
  },
  {
    "timeStamp": 50147,
    "rotation": [
      [
        -0.806773841,
        0.573818564,
        -0.140883788
      ],
      [
        0.5798618,
        0.8147117,
        -0.00227599218
      ],
      [
        0.113473654,
        -0.08352934,
        -0.990023553
      ]
    ],
    "translation": [
      1.13461077,
      0.710529447,
      -0.6947169
    ]
  },
  {
    "timeStamp": 50190,
    "rotation": [
      [
        -0.7881783,
        0.597689152,
        -0.1467739
      ],
      [
        0.602784336,
        0.7978157,
        0.011883758
      ],
      [
        0.12420132,
        -0.0791064948,
        -0.989098668
      ]
    ],
    "translation": [
      1.1376462,
      0.720122337,
      -0.698498845
    ]
  },
  {
    "timeStamp": 50246,
    "rotation": [
      [
        -0.744643152,
        0.6464852,
        -0.166022554
      ],
      [
        0.650463939,
        0.7586501,
        0.03669708
      ],
      [
        0.149677157,
        -0.08066546,
        -0.9854389
      ]
    ],
    "translation": [
      1.14699662,
      0.742649555,
      -0.7026305
    ]
  },
  {
    "timeStamp": 50291,
    "rotation": [
      [
        -0.7052368,
        0.6855131,
        -0.180867076
      ],
      [
        0.6881858,
        0.723230362,
        0.0577769838
      ],
      [
        0.170415431,
        -0.0837237,
        -0.981809
      ]
    ],
    "translation": [
      1.16055858,
      0.764237344,
      -0.7068211
    ]
  },
  {
    "timeStamp": 50346,
    "rotation": [
      [
        -0.663350165,
        0.723693848,
        -0.190351754
      ],
      [
        0.7242123,
        0.6849045,
        0.08014022
      ],
      [
        0.188369751,
        -0.08469405,
        -0.97843945
      ]
    ],
    "translation": [
      1.18722117,
      0.7906534,
      -0.71560514
    ]
  },
  {
    "timeStamp": 50390,
    "rotation": [
      [
        -0.63431114,
        0.747022569,
        -0.199014142
      ],
      [
        0.7466833,
        0.6586993,
        0.0926250443
      ],
      [
        0.200283468,
        -0.08984743,
        -0.975609541
      ]
    ],
    "translation": [
      1.2142266,
      0.809623063,
      -0.722367465
    ]
  },
  {
    "timeStamp": 50446,
    "rotation": [
      [
        -0.6053999,
        0.767596543,
        -0.21044378
      ],
      [
        0.7596429,
        0.6361586,
        0.135073721
      ],
      [
        0.237557739,
        -0.0780885,
        -0.9682296
      ]
    ],
    "translation": [
      1.255161,
      0.828641951,
      -0.732997656
    ]
  },
  {
    "timeStamp": 50490,
    "rotation": [
      [
        -0.5802893,
        0.7812986,
        -0.2298627
      ],
      [
        0.7703774,
        0.6181467,
        0.156247377
      ],
      [
        0.264164746,
        -0.08641236,
        -0.9605987
      ]
    ],
    "translation": [
      1.29250085,
      0.842241168,
      -0.7387561
    ]
  },
  {
    "timeStamp": 50546,
    "rotation": [
      [
        -0.545373,
        0.785868466,
        -0.291511774
      ],
      [
        0.7767807,
        0.604534745,
        0.176492035
      ],
      [
        0.314928532,
        -0.130186751,
        -0.94014436
      ]
    ],
    "translation": [
      1.34609568,
      0.8560812,
      -0.737963
    ]
  },
  {
    "timeStamp": 50590,
    "rotation": [
      [
        -0.5133656,
        0.778966248,
        -0.3600935
      ],
      [
        0.784041345,
        0.596332252,
        0.1722409
      ],
      [
        0.348905236,
        -0.193905652,
        -0.9168783
      ]
    ],
    "translation": [
      1.39206445,
      0.866859853,
      -0.731442451
    ]
  },
  {
    "timeStamp": 50646,
    "rotation": [
      [
        -0.4483847,
        0.7562522,
        -0.476480663
      ],
      [
        0.7923503,
        0.583002746,
        0.179691136
      ],
      [
        0.413681328,
        -0.296968818,
        -0.860626161
      ]
    ],
    "translation": [
      1.45682728,
      0.879348159,
      -0.718413353
    ]
  },
  {
    "timeStamp": 50690,
    "rotation": [
      [
        -0.3913008,
        0.7154683,
        -0.57878226
      ],
      [
        0.8055124,
        0.570417762,
        0.16054076
      ],
      [
        0.4450095,
        -0.403396577,
        -0.7995235
      ]
    ],
    "translation": [
      1.51364541,
      0.890691042,
      -0.7046159
    ]
  },
  {
    "timeStamp": 50746,
    "rotation": [
      [
        -0.3040327,
        0.646402359,
        -0.699805737
      ],
      [
        0.818740547,
        0.5528566,
        0.154962882
      ],
      [
        0.487060636,
        -0.5258456,
        -0.6973223
      ]
    ],
    "translation": [
      1.586993,
      0.9046114,
      -0.6912233
    ]
  },
  {
    "timeStamp": 50791,
    "rotation": [
      [
        -0.235492617,
        0.5681382,
        -0.7885191
      ],
      [
        0.8401588,
        0.5268515,
        0.1286884
      ],
      [
        0.488545239,
        -0.632176042,
        -0.6013959
      ]
    ],
    "translation": [
      1.65014136,
      0.919897139,
      -0.680766
    ]
  },
  {
    "timeStamp": 50846,
    "rotation": [
      [
        -0.144425631,
        0.447748154,
        -0.882418752
      ],
      [
        0.8628395,
        0.4935402,
        0.109206177
      ],
      [
        0.484406024,
        -0.745613635,
        -0.45761466
      ]
    ],
    "translation": [
      1.73108578,
      0.938558638,
      -0.676388443
    ]
  },
  {
    "timeStamp": 50890,
    "rotation": [
      [
        -0.08224108,
        0.336379,
        -0.938128769
      ],
      [
        0.8812812,
        0.464106619,
        0.08915427
      ],
      [
        0.4653814,
        -0.819423139,
        -0.334613085
      ]
    ],
    "translation": [
      1.7958827,
      0.95396626,
      -0.6760683
    ]
  },
  {
    "timeStamp": 50946,
    "rotation": [
      [
        -0.0298565887,
        0.198453367,
        -0.979655445
      ],
      [
        0.903948247,
        0.423652947,
        0.05827206
      ],
      [
        0.426598221,
        -0.8838181,
        -0.192040414
      ]
    ],
    "translation": [
      1.87313128,
      0.971145749,
      -0.684850454
    ]
  },
  {
    "timeStamp": 50990,
    "rotation": [
      [
        0.005025785,
        0.08104483,
        -0.9966978
      ],
      [
        0.9183179,
        0.394140542,
        0.0366794467
      ],
      [
        0.3958117,
        -0.9154698,
        -0.07244405
      ]
    ],
    "translation": [
      1.93471086,
      0.982067943,
      -0.6958906
    ]
  },
  {
    "timeStamp": 51046,
    "rotation": [
      [
        0.0278559979,
        -0.0527233,
        -0.998220563
      ],
      [
        0.922255158,
        0.3865451,
        0.00531987241
      ],
      [
        0.385576755,
        -0.920762241,
        0.05939194
      ]
    ],
    "translation": [
      2.00274849,
      0.984358251,
      -0.7142558
    ]
  },
  {
    "timeStamp": 51090,
    "rotation": [
      [
        0.0356083736,
        -0.1508443,
        -0.987916052
      ],
      [
        0.9100355,
        0.413419753,
        -0.030323565
      ],
      [
        0.41299814,
        -0.8979589,
        0.151994884
      ]
    ],
    "translation": [
      2.05384421,
      0.9738002,
      -0.730043769
    ]
  },
  {
    "timeStamp": 51146,
    "rotation": [
      [
        0.0790755451,
        -0.229289234,
        -0.970141
      ],
      [
        0.8800265,
        0.473227322,
        -0.0401151478
      ],
      [
        0.468295217,
        -0.850577652,
        0.2392013
      ]
    ],
    "translation": [
      2.10337281,
      0.9478037,
      -0.7460944
    ]
  },
  {
    "timeStamp": 51190,
    "rotation": [
      [
        0.0849117339,
        -0.23355554,
        -0.9686288
      ],
      [
        0.8467728,
        0.5292688,
        -0.0533875525
      ],
      [
        0.525133967,
        -0.8156753,
        0.242709637
      ]
    ],
    "translation": [
      2.12789178,
      0.9229578,
      -0.7529717
    ]
  },
  {
    "timeStamp": 51244,
    "rotation": [
      [
        0.0888477638,
        -0.248212487,
        -0.9646225
      ],
      [
        0.8251012,
        0.5608396,
        -0.0683158338
      ],
      [
        0.5579553,
        -0.7898415,
        0.254629731
      ]
    ],
    "translation": [
      2.146385,
      0.9027028,
      -0.756165
    ]
  },
  {
    "timeStamp": 51296,
    "rotation": [
      [
        0.123748511,
        -0.195318967,
        -0.9729012
      ],
      [
        0.7887124,
        0.614331543,
        -0.02301222
      ],
      [
        0.602178633,
        -0.7644915,
        0.2300731
      ]
    ],
    "translation": [
      2.155727,
      0.8730417,
      -0.7525039
    ]
  },
  {
    "timeStamp": 51341,
    "rotation": [
      [
        0.127928287,
        -0.187982276,
        -0.9738054
      ],
      [
        0.76530534,
        0.643233538,
        -0.0236313045
      ],
      [
        0.630826533,
        -0.742235363,
        0.2261516
      ]
    ],
    "translation": [
      2.15952563,
      0.856344342,
      -0.7505924
    ]
  },
  {
    "timeStamp": 51396,
    "rotation": [
      [
        0.118206851,
        -0.143546462,
        -0.982558668
      ],
      [
        0.7345655,
        0.67845273,
        -0.0107462415
      ],
      [
        0.668162167,
        -0.7204834,
        0.185642019
      ]
    ],
    "translation": [
      2.15742779,
      0.8381252,
      -0.7450558
    ]
  }
]