[
  {
    "timeStamp": 61984,
    "rotation": [
      [
        0.999346435,
        0.0315688737,
        0.0176104065
      ],
      [
        -0.031292323,
        0.999385953,
        -0.0157643389
      ],
      [
        -0.0180972554,
        0.0152029656,
        0.999720633
      ]
    ],
    "translation": [
      1.31331527,
      0.8525089,
      -0.356585741
    ]
  },
  {
    "timeStamp": 62040,
    "rotation": [
      [
        0.9997454,
        -0.0216534883,
        0.006345315
      ],
      [
        0.0220265277,
        0.9975614,
        -0.06622805
      ],
      [
        -0.004895773,
        0.06635095,
        0.9977844
      ]
    ],
    "translation": [
      1.31383622,
      0.8561438,
      -0.358149827
    ]
  },
  {
    "timeStamp": 62084,
    "rotation": [
      [
        0.9997811,
        0.01987849,
        -0.00652150856
      ],
      [
        -0.0201865248,
        0.9984858,
        -0.0511715934
      ],
      [
        0.00549442,
        0.05129204,
        0.998668551
      ]
    ],
    "translation": [
      1.32143414,
      0.8703553,
      -0.3709174
    ]
  },
  {
    "timeStamp": 62130,
    "rotation": [
      [
        0.9975217,
        0.06768902,
        -0.01920035
      ],
      [
        -0.0681681857,
        0.9973477,
        -0.0255077351
      ],
      [
        0.01742283,
        0.0267533716,
        0.9994902
      ]
    ],
    "translation": [
      1.33107793,
      0.8893444,
      -0.390024066
    ]
  },
  {
    "timeStamp": 62184,
    "rotation": [
      [
        0.9923918,
        0.108599477,
        -0.058005847
      ],
      [
        -0.108024865,
        0.9940637,
        0.01296085
      ],
      [
        0.05906905,
        -0.00659616757,
        0.9982321
      ]
    ],
    "translation": [
      1.34742188,
      0.911815047,
      -0.428032637
    ]
  },
  {
    "timeStamp": 62239,
    "rotation": [
      [
        0.9819194,
        0.160733223,
        -0.09999565
      ],
      [
        -0.159981087,
        0.9869976,
        0.015548382
      ],
      [
        0.101194613,
        0.0007301558,
        0.9948664
      ]
    ],
    "translation": [
      1.36825514,
      0.9307116,
      -0.474742085
    ]
  },
  {
    "timeStamp": 62284,
    "rotation": [
      [
        0.971488535,
        0.187312633,
        -0.145341
      ],
      [
        -0.189393,
        0.9819012,
        -0.000485952041
      ],
      [
        0.142619476,
        0.0279986635,
        0.9893815
      ]
    ],
    "translation": [
      1.38701355,
      0.9409048,
      -0.5181821
    ]
  },
  {
    "timeStamp": 62340,
    "rotation": [
      [
        0.9610723,
        0.181101948,
        -0.208667323
      ],
      [
        -0.189652354,
        0.981614769,
        -0.0215524174
      ],
      [
        0.200927734,
        0.06028768,
        0.977749169
      ]
    ],
    "translation": [
      1.41196358,
      0.9466949,
      -0.5755023
    ]
  },
  {
    "timeStamp": 62385,
    "rotation": [
      [
        0.9556149,
        0.188883543,
        -0.226104215
      ],
      [
        -0.207870483,
        0.97611773,
        -0.06311941
      ],
      [
        0.2087821,
        0.107318245,
        0.972056
      ]
    ],
    "translation": [
      1.4378686,
      0.9490143,
      -0.615263641
    ]
  },
  {
    "timeStamp": 62441,
    "rotation": [
      [
        0.9555514,
        0.189845279,
        -0.225566655
      ],
      [
        -0.216831788,
        0.9709308,
        -0.101377085
      ],
      [
        0.199763656,
        0.14578104,
        0.968938768
      ]
    ],
    "translation": [
      1.47481775,
      0.951637745,
      -0.661518
    ]
  },
  {
    "timeStamp": 62485,
    "rotation": [
      [
        0.9598254,
        0.213722259,
        -0.181818455
      ],
      [
        -0.2402819,
        0.960667849,
        -0.139218912
      ],
      [
        0.144912973,
        0.177313536,
        0.973427
      ]
    ],
    "translation": [
      1.50977981,
      0.954499066,
      -0.6880836
    ]
  },
  {
    "timeStamp": 62540,
    "rotation": [
      [
        0.964135051,
        0.235750228,
        -0.121923856
      ],
      [
        -0.253702939,
        0.9535448,
        -0.162441462
      ],
      [
        0.0779642463,
        0.187547952,
        0.979156435
      ]
    ],
    "translation": [
      1.55486572,
      0.9613606,
      -0.7160441
    ]
  },
  {
    "timeStamp": 62585,
    "rotation": [
      [
        0.9692606,
        0.2421383,
        -0.0436230376
      ],
      [
        -0.24597542,
        0.9576151,
        -0.149897873
      ],
      [
        0.0054780636,
        0.1560203,
        0.987738669
      ]
    ],
    "translation": [
      1.59471583,
      0.9701625,
      -0.7322577
    ]
  },
  {
    "timeStamp": 62640,
    "rotation": [
      [
        0.9630763,
        0.2543581,
        0.08823839
      ],
      [
        -0.242800429,
        0.9621762,
        -0.12355154
      ],
      [
        -0.116327211,
        0.09756524,
        0.9884073
      ]
    ],
    "translation": [
      1.65051472,
      0.9843781,
      -0.7428605
    ]
  },
  {
    "timeStamp": 62685,
    "rotation": [
      [
        0.9452842,
        0.254671931,
        0.20391193
      ],
      [
        -0.242338419,
        0.9665695,
        -0.08375889
      ],
      [
        -0.218426079,
        0.029760262,
        0.9753997
      ]
    ],
    "translation": [
      1.69915414,
      0.9994112,
      -0.750211358
    ]
  },
  {
    "timeStamp": 62740,
    "rotation": [
      [
        0.9048319,
        0.23722887,
        0.3535558
      ],
      [
        -0.244145,
        0.9694001,
        -0.0256239511
      ],
      [
        -0.348815769,
        -0.06313352,
        0.9350624
      ]
    ],
    "translation": [
      1.76346076,
      1.01902461,
      -0.754822552
    ]
  },
  {
    "timeStamp": 62785,
    "rotation": [
      [
        0.8623186,
        0.204647034,
        0.463169783
      ],
      [
        -0.243868232,
        0.969468355,
        0.0256780218
      ],
      [
        -0.4437735,
        -0.13509503,
        0.8858975
      ]
    ],
    "translation": [
      1.81366384,
      1.033512,
      -0.759967566
    ]
  },
  {
    "timeStamp": 62840,
    "rotation": [
      [
        0.8117644,
        0.11812713,
        0.571913
      ],
      [
        -0.2194163,
        0.969269335,
        0.111236028
      ],
      [
        -0.5411978,
        -0.21578449,
        0.812737346
      ]
    ],
    "translation": [
      1.87419534,
      1.050038,
      -0.7654524
    ]
  },
  {
    "timeStamp": 62885,
    "rotation": [
      [
        0.761720955,
        0.0502744,
        0.6459517
      ],
      [
        -0.204635337,
        0.964619339,
        0.166234359
      ],
      [
        -0.6147402,
        -0.258808732,
        0.7450587
      ]
    ],
    "translation": [
      1.92036057,
      1.05927861,
      -0.7703337
    ]
  },
  {
    "timeStamp": 62940,
    "rotation": [
      [
        0.7012107,
        -0.0447346754,
        0.7115493
      ],
      [
        -0.177051753,
        0.955839157,
        0.234572291
      ],
      [
        -0.6906202,
        -0.290465653,
        0.6623243
      ]
    ],
    "translation": [
      1.97506166,
      1.06520665,
      -0.7744306
    ]
  },
  {
    "timeStamp": 62984,
    "rotation": [
      [
        0.654819548,
        -0.100820951,
        0.7490304
      ],
      [
        -0.148285478,
        0.9546613,
        0.258133858
      ],
      [
        -0.741095662,
        -0.280101418,
        0.6101806
      ]
    ],
    "translation": [
      2.01458931,
      1.06186283,
      -0.7748694
    ]
  },
  {
    "timeStamp": 63040,
    "rotation": [
      [
        0.595939934,
        -0.134709775,
        0.7916494
      ],
      [
        -0.133281067,
        0.9555637,
        0.262933671
      ],
      [
        -0.7918912,
        -0.262204558,
        0.5515043
      ]
    ],
    "translation": [
      2.06165338,
      1.05272651,
      -0.772766
    ]
  },
  {
    "timeStamp": 63087,
    "rotation": [
      [
        0.564191461,
        -0.16044949,
        0.8099037
      ],
      [
        -0.101233378,
        0.9600911,
        0.26072377
      ],
      [
        -0.8194143,
        -0.229087412,
        0.5254324
      ]
    ],
    "translation": [
      2.09254384,
      1.03992379,
      -0.766065538
    ]
  },
  {
    "timeStamp": 63135,
    "rotation": [
      [
        0.5446752,
        -0.160989136,
        0.8230501
      ],
      [
        -0.0490947366,
        0.9735983,
        0.222926214
      ],
      [
        -0.8372088,
        -0.1618298,
        0.52239114
      ]
    ],
    "translation": [
      2.1251545,
      1.01676369,
      -0.753514946
    ]
  },
  {
    "timeStamp": 63190,
    "rotation": [
      [
        0.53939563,
        -0.130979121,
        0.8318033
      ],
      [
        -0.0449653529,
        0.98193866,
        0.183778509
      ],
      [
        -0.840851,
        -0.136531651,
        0.5237639
      ]
    ],
    "translation": [
      2.14665985,
      0.9960449,
      -0.7425062
    ]
  },
  {
    "timeStamp": 63235,
    "rotation": [
      [
        0.5453959,
        -0.131559059,
        0.8277895
      ],
      [
        -0.0148166735,
        0.985937655,
        0.166455343
      ],
      [
        -0.838047564,
        -0.103049152,
        0.5357771
      ]
    ],
    "translation": [
      2.15515518,
      0.9824254,
      -0.734080255
    ]
  },
  {
    "timeStamp": 63290,
    "rotation": [
      [
        0.556391358,
        -0.106597573,
        0.82405436
      ],
      [
        -0.008574871,
        0.9909475,
        0.133976087
      ],
      [
        -0.8308761,
        -0.0816093,
        0.55044055
      ]
    ],
    "translation": [
      2.16125,
      0.969745338,
      -0.7263017
    ]
  },
  {
    "timeStamp": 63335,
    "rotation": [
      [
        0.5680823,
        -0.100539409,
        0.816807449
      ],
      [
        -0.00230890419,
        0.99231106,
        0.123747669
      ],
      [
        -0.822968543,
        -0.0721847862,
        0.563482165
      ]
    ],
    "translation": [
      2.16209269,
      0.9628128,
      -0.71982944
    ]
  },
  {
    "timeStamp": 63390,
    "rotation": [
      [
        0.589298,
        -0.07835104,
        0.8041076
      ],
      [
        -0.0125544192,
        0.9942782,
        0.106081605
      ],
      [
        -0.807818234,
        -0.0726087838,
        0.58494246
      ]
    ],
    "translation": [
      2.16029644,
      0.956045747,
      -0.7130219
    ]
  },
  {
    "timeStamp": 63434,
    "rotation": [
      [
        0.597184,
        -0.07729199,
        0.7983716
      ],
      [
        -0.0007966639,
        0.9952888,
        0.09695184
      ],
      [
        -0.802103937,
        -0.0585341267,
        0.594309
      ]
    ],
    "translation": [
      2.15913773,
      0.950171947,
      -0.7072776
    ]
  },
  {
    "timeStamp": 63490,
    "rotation": [
      [
        0.6037653,
        -0.0555916838,
        0.7952213
      ],
      [
        -0.009748114,
        0.9969759,
        0.077096954
      ],
      [
        -0.7971025,
        -0.0543003753,
        0.6013976
      ]
    ],
    "translation": [
      2.15813065,
      0.9444095,
      -0.701531
    ]
  },
  {
    "timeStamp": 63536,
    "rotation": [
      [
        0.6061259,
        -0.06139569,
        0.7929956
      ],
      [
        0.0027820447,
        0.997173846,
        0.07507722
      ],
      [
        -0.7953639,
        -0.0433001,
        0.6045837
      ]
    ],
    "translation": [
      2.15680814,
      0.940451443,
      -0.6985408
    ]
  },
  {
    "timeStamp": 63581,
    "rotation": [
      [
        0.5998134,
        -0.0489274375,
        0.798642635
      ],
      [
        -0.000606638147,
        0.9981006,
        0.06160249
      ],
      [
        -0.8001397,
        -0.0374344848,
        0.5986444
      ]
    ],
    "translation": [
      2.157089,
      0.9374381,
      -0.697732
    ]
  },
  {
    "timeStamp": 63639,
    "rotation": [
      [
        0.594735146,
        -0.0537598357,
        0.8021221
      ],
      [
        0.0051744394,
        0.9979968,
        0.06305116
      ],
      [
        -0.803905,
        -0.0333482064,
        0.593822062
      ]
    ],
    "translation": [
      2.15650749,
      0.9355557,
      -0.69754535
    ]
  },
  {
    "timeStamp": 63684,
    "rotation": [
      [
        0.585645258,
        -0.051082138,
        0.808956265
      ],
      [
        0.0011199041,
        0.998062253,
        0.0622126237
      ],
      [
        -0.810566664,
        -0.0355285741,
        0.584567666
      ]
    ],
    "translation": [
      2.15747523,
      0.9353711,
      -0.6989748
    ]
  },
  {
    "timeStamp": 63740,
    "rotation": [
      [
        0.5815587,
        -0.03836012,
        0.8125995
      ],
      [
        -0.0118230106,
        0.9983836,
        0.05559182
      ],
      [
        -0.813418567,
        -0.04193728,
        0.5801651
      ]
    ],
    "translation": [
      2.15843868,
      0.934187353,
      -0.7000722
    ]
  },
  {
    "timeStamp": 63784,
    "rotation": [
      [
        0.5866558,
        -0.04932579,
        0.8083328
      ],
      [
        -0.000233991363,
        0.998133,
        0.0610775277
      ],
      [
        -0.8098364,
        -0.0360206254,
        0.585548937
      ]
    ],
    "translation": [
      2.15658665,
      0.9324305,
      -0.699757636
    ]
  }
]