[
  {
    "timeStamp": 27434,
    "rotation": [
      [
        0.98476547,
        0.171272069,
        0.0300468747
      ],
      [
        0.01494272,
        0.08880443,
        -0.995937
      ],
      [
        -0.173244476,
        0.981213331,
        0.0848922655
      ]
    ],
    "translation": [
      1.60987735,
      0.6964913,
      -0.488279819
    ]
  },
  {
    "timeStamp": 27490,
    "rotation": [
      [
        0.9806659,
        0.194198132,
        0.0241117664
      ],
      [
        0.0011656814,
        0.117415242,
        -0.9930822
      ],
      [
        -0.1956858,
        0.97391,
        0.114918754
      ]
    ],
    "translation": [
      1.61114514,
      0.702238441,
      -0.486547768
    ]
  },
  {
    "timeStamp": 27534,
    "rotation": [
      [
        0.9725362,
        0.226610333,
        -0.0531135425
      ],
      [
        -0.0859003142,
        0.137369528,
        -0.9867881
      ],
      [
        -0.2163202,
        0.9642496,
        0.153062731
      ]
    ],
    "translation": [
      1.60601091,
      0.7237808,
      -0.482371747
    ]
  },
  {
    "timeStamp": 27592,
    "rotation": [
      [
        0.964814961,
        0.249902084,
        -0.08173732
      ],
      [
        -0.115166955,
        0.122200169,
        -0.985801041
      ],
      [
        -0.236365423,
        0.9605291,
        0.146681011
      ]
    ],
    "translation": [
      1.60862958,
      0.7517055,
      -0.492201418
    ]
  },
  {
    "timeStamp": 27634,
    "rotation": [
      [
        0.9687578,
        0.235397935,
        -0.07807727
      ],
      [
        -0.110306062,
        0.12699835,
        -0.9857505
      ],
      [
        -0.222127959,
        0.9635659,
        0.148996457
      ]
    ],
    "translation": [
      1.61706734,
      0.7730201,
      -0.510948658
    ]
  },
  {
    "timeStamp": 27689,
    "rotation": [
      [
        0.9637108,
        0.247800261,
        -0.0992804244
      ],
      [
        -0.133507177,
        0.125346154,
        -0.9830891
      ],
      [
        -0.23116532,
        0.9606682,
        0.153880551
      ]
    ],
    "translation": [
      1.63088858,
      0.805250168,
      -0.5375686
    ]
  },
  {
    "timeStamp": 27734,
    "rotation": [
      [
        0.9682939,
        0.240367964,
        -0.068045415
      ],
      [
        -0.09923628,
        0.120130755,
        -0.9877858
      ],
      [
        -0.229257733,
        0.9632196,
        0.140175089
      ]
    ],
    "translation": [
      1.651956,
      0.824328065,
      -0.5645171
    ]
  },
  {
    "timeStamp": 27790,
    "rotation": [
      [
        0.966266334,
        0.256596923,
        -0.0220762659
      ],
      [
        -0.04989038,
        0.102397211,
        -0.9934917
      ],
      [
        -0.252666384,
        0.961079,
        0.111744694
      ]
    ],
    "translation": [
      1.68643689,
      0.846145868,
      -0.599673033
    ]
  },
  {
    "timeStamp": 27834,
    "rotation": [
      [
        0.9610969,
        0.2744563,
        0.0310885925
      ],
      [
        0.005045645,
        0.09508971,
        -0.9954559
      ],
      [
        -0.276165336,
        0.9568865,
        0.09000562
      ]
    ],
    "translation": [
      1.72071815,
      0.8657576,
      -0.6270386
    ]
  },
  {
    "timeStamp": 27889,
    "rotation": [
      [
        0.9444919,
        0.3164511,
        0.0882815346
      ],
      [
        0.0617378168,
        0.0929660052,
        -0.9937534
      ],
      [
        -0.322681546,
        0.9440424,
        0.06826864
      ]
    ],
    "translation": [
      1.76806712,
      0.892118454,
      -0.6568344
    ]
  },
  {
    "timeStamp": 27934,
    "rotation": [
      [
        0.924095154,
        0.3579391,
        0.133894578
      ],
      [
        0.106930278,
        0.09419039,
        -0.98979497
      ],
      [
        -0.366897881,
        0.928982139,
        0.04876636
      ]
    ],
    "translation": [
      1.8111068,
      0.9153912,
      -0.6778255
    ]
  },
  {
    "timeStamp": 27989,
    "rotation": [
      [
        0.890809834,
        0.410830528,
        0.194103464
      ],
      [
        0.1602254,
        0.115726575,
        -0.980273
      ],
      [
        -0.425189018,
        0.9043371,
        0.03726488
      ]
    ],
    "translation": [
      1.86635423,
      0.944900453,
      -0.6971658
    ]
  },
  {
    "timeStamp": 28034,
    "rotation": [
      [
        0.861811936,
        0.432605147,
        0.264826357
      ],
      [
        0.2293668,
        0.133300141,
        -0.964169
      ],
      [
        -0.4524059,
        0.891674757,
        0.0156544019
      ]
    ],
    "translation": [
      1.91446948,
      0.9661254,
      -0.712987363
    ]
  },
  {
    "timeStamp": 28090,
    "rotation": [
      [
        0.8160815,
        0.4368302,
        0.378404975
      ],
      [
        0.349210978,
        0.14899689,
        -0.9251225
      ],
      [
        -0.4605026,
        0.8871185,
        -0.0309522841
      ]
    ],
    "translation": [
      1.97599661,
      0.9853692,
      -0.733177364
    ]
  },
  {
    "timeStamp": 28134,
    "rotation": [
      [
        0.7763639,
        0.4141112,
        0.475153565
      ],
      [
        0.4661007,
        0.130252227,
        -0.875091136
      ],
      [
        -0.424274862,
        0.9008586,
        -0.0918943956
      ]
    ],
    "translation": [
      2.02008271,
      0.999329746,
      -0.7536017
    ]
  },
  {
    "timeStamp": 28190,
    "rotation": [
      [
        0.7227248,
        0.395321578,
        0.5669125
      ],
      [
        0.563445866,
        0.1380111,
        -0.814543843
      ],
      [
        -0.400246978,
        0.9081155,
        -0.122998267
      ]
    ],
    "translation": [
      2.06723,
      1.013807,
      -0.7648757
    ]
  },
  {
    "timeStamp": 28230,
    "rotation": [
      [
        0.689155936,
        0.37741968,
        0.6185617
      ],
      [
        0.6202942,
        0.133988678,
        -0.7728403
      ],
      [
        -0.3745654,
        0.9162977,
        -0.141772166
      ]
    ],
    "translation": [
      2.0898037,
      1.01774788,
      -0.767348
    ]
  },
  {
    "timeStamp": 28284,
    "rotation": [
      [
        0.603672,
        0.319566935,
        0.7303814
      ],
      [
        0.733865857,
        0.135195956,
        -0.665704846
      ],
      [
        -0.3114819,
        0.93786937,
        -0.152905256
      ]
    ],
    "translation": [
      2.137065,
      1.0193541,
      -0.7658646
    ]
  },
  {
    "timeStamp": 28340,
    "rotation": [
      [
        0.557454467,
        0.262159258,
        0.7877291
      ],
      [
        0.7887535,
        0.1288365,
        -0.6010567
      ],
      [
        -0.25906083,
        0.956385732,
        -0.134958565
      ]
    ],
    "translation": [
      2.16064358,
      1.01242125,
      -0.7534482
    ]
  },
  {
    "timeStamp": 28384,
    "rotation": [
      [
        0.525857747,
        0.230041817,
        0.818873763
      ],
      [
        0.8234752,
        0.103378728,
        -0.5578543
      ],
      [
        -0.212983951,
        0.967674255,
        -0.135071218
      ]
    ],
    "translation": [
      2.17283559,
      1.00128889,
      -0.743635237
    ]
  },
  {
    "timeStamp": 28440,
    "rotation": [
      [
        0.4661313,
        0.1725621,
        0.8677234
      ],
      [
        0.873523057,
        0.06574877,
        -0.4823221
      ],
      [
        -0.140282258,
        0.982801855,
        -0.120089412
      ]
    ],
    "translation": [
      2.18894339,
      0.9864963,
      -0.730749
    ]
  },
  {
    "timeStamp": 28484,
    "rotation": [
      [
        0.463295519,
        0.1390493,
        0.875227153
      ],
      [
        0.8791343,
        0.0523849763,
        -0.473686278
      ],
      [
        -0.111714505,
        0.988898933,
        -0.0979732946
      ]
    ],
    "translation": [
      2.18980718,
      0.972672462,
      -0.7144695
    ]
  },
  {
    "timeStamp": 28540,
    "rotation": [
      [
        0.3952539,
        0.08539578,
        0.9145939
      ],
      [
        0.916374147,
        0.0321771279,
        -0.399027646
      ],
      [
        -0.06350428,
        0.995827436,
        -0.06553635
      ]
    ],
    "translation": [
      2.201596,
      0.961925864,
      -0.694852948
    ]
  },
  {
    "timeStamp": 28584,
    "rotation": [
      [
        0.374151468,
        0.0652079061,
        0.925072253
      ],
      [
        0.9262686,
        0.022273168,
        -0.376205355
      ],
      [
        -0.0451358519,
        0.9976231,
        -0.0520664975
      ]
    ],
    "translation": [
      2.20445132,
      0.9517612,
      -0.681181848
    ]
  },
  {
    "timeStamp": 28639,
    "rotation": [
      [
        0.3778258,
        0.05099365,
        0.9244714
      ],
      [
        0.925025165,
        0.0220233724,
        -0.379266918
      ],
      [
        -0.039700184,
        0.9984561,
        -0.0388494134
      ]
    ],
    "translation": [
      2.19848633,
      0.94048,
      -0.6633125
    ]
  },
  {
    "timeStamp": 28684,
    "rotation": [
      [
        0.351828665,
        0.041496262,
        0.9351442
      ],
      [
        0.935946047,
        0.000290384836,
        -0.352143258
      ],
      [
        -0.01488418,
        0.9991386,
        -0.0387360975
      ]
    ],
    "translation": [
      2.200311,
      0.933012,
      -0.655371547
    ]
  },
  {
    "timeStamp": 28730,
    "rotation": [
      [
        0.328467965,
        0.0303374883,
        0.9440278
      ],
      [
        0.9444784,
        -0.0193610173,
        -0.328002572
      ],
      [
        0.008326564,
        0.999352157,
        -0.0350125767
      ]
    ],
    "translation": [
      2.20374823,
      0.925225854,
      -0.6466189
    ]
  },
  {
    "timeStamp": 28787,
    "rotation": [
      [
        0.297598541,
        0.0108899213,
        0.954628944
      ],
      [
        0.954252064,
        -0.0337141864,
        -0.297096461
      ],
      [
        0.0289491843,
        0.9993722,
        -0.0204250235
      ]
    ],
    "translation": [
      2.20645213,
      0.915886,
      -0.637885869
    ]
  },
  {
    "timeStamp": 28833,
    "rotation": [
      [
        0.2793376,
        0.004981368,
        0.96018
      ],
      [
        0.959114969,
        -0.04881911,
        -0.2787745
      ],
      [
        0.0454864539,
        0.9987952,
        -0.018414719
      ]
    ],
    "translation": [
      2.20870638,
      0.9101314,
      -0.6335181
    ]
  },
  {
    "timeStamp": 28888,
    "rotation": [
      [
        0.268931448,
        0.0122192148,
        0.9630818
      ],
      [
        0.9613096,
        -0.0653449744,
        -0.2676075
      ],
      [
        0.0596626028,
        0.9977879,
        -0.0293197669
      ]
    ],
    "translation": [
      2.209428,
      0.9010397,
      -0.630470157
    ]
  },
  {
    "timeStamp": 28933,
    "rotation": [
      [
        0.266078,
        0.0198987685,
        0.96374613
      ],
      [
        0.9614247,
        -0.07782156,
        -0.263830274
      ],
      [
        0.0697503239,
        0.9967687,
        -0.03983777
      ]
    ],
    "translation": [
      2.21013045,
      0.89620924,
      -0.6287626
    ]
  },
  {
    "timeStamp": 28988,
    "rotation": [
      [
        0.280736268,
        0.0257531554,
        0.9594394
      ],
      [
        0.957087934,
        -0.08239839,
        -0.277836531
      ],
      [
        0.07190109,
        0.9962666,
        -0.047780253
      ]
    ],
    "translation": [
      2.20521426,
      0.8875366,
      -0.6267947
    ]
  },
  {
    "timeStamp": 29033,
    "rotation": [
      [
        0.291469753,
        0.03644011,
        0.9558857
      ],
      [
        0.9533004,
        -0.09374098,
        -0.287107855
      ],
      [
        0.07914341,
        0.994929552,
        -0.06206103
      ]
    ],
    "translation": [
      2.20103,
      0.882436,
      -0.626929939
    ]
  },
  {
    "timeStamp": 29089,
    "rotation": [
      [
        0.28864637,
        0.0247013252,
        0.9571171
      ],
      [
        0.9544941,
        -0.08572671,
        -0.2856429
      ],
      [
        0.07499474,
        0.996012449,
        -0.04832197
      ]
    ],
    "translation": [
      2.19852018,
      0.8759221,
      -0.623213947
    ]
  },
  {
    "timeStamp": 29132,
    "rotation": [
      [
        0.294033557,
        0.036539346,
        0.9550964
      ],
      [
        0.95268786,
        -0.09171435,
        -0.289783329
      ],
      [
        0.0770075545,
        0.995114744,
        -0.06177769
      ]
    ],
    "translation": [
      2.19743466,
      0.8708862,
      -0.6228062
    ]
  },
  {
    "timeStamp": 29191,
    "rotation": [
      [
        0.290290356,
        0.03720289,
        0.956215143
      ],
      [
        0.9537459,
        -0.09280465,
        -0.285930067
      ],
      [
        0.07810379,
        0.994989038,
        -0.0624224
      ]
    ],
    "translation": [
      2.198747,
      0.8635627,
      -0.621780455
    ]
  },
  {
    "timeStamp": 29233,
    "rotation": [
      [
        0.288504779,
        0.04022827,
        0.956633
      ],
      [
        0.9540095,
        -0.09704942,
        -0.283632457
      ],
      [
        0.08143064,
        0.994466245,
        -0.06637737
      ]
    ],
    "translation": [
      2.20119572,
      0.8590836,
      -0.620868444
    ]
  },
  {
    "timeStamp": 29288,
    "rotation": [
      [
        0.3092436,
        0.014750855,
        0.9508685
      ],
      [
        0.9491025,
        -0.06763395,
        -0.307620049
      ],
      [
        0.0597733259,
        0.997601151,
        -0.03491544
      ]
    ],
    "translation": [
      2.19950581,
      0.848383367,
      -0.6129461
    ]
  },
  {
    "timeStamp": 29332,
    "rotation": [
      [
        0.302739,
        0.007446855,
        0.9530444
      ],
      [
        0.951015055,
        -0.06804724,
        -0.301562637
      ],
      [
        0.06260635,
        0.9976543,
        -0.0276826229
      ]
    ],
    "translation": [
      2.202505,
      0.8460561,
      -0.6111728
    ]
  }
]