[
  {
    "timeStamp": 62674,
    "rotation": [
      [
        -0.8911734,
        0.4138281,
        -0.185893252
      ],
      [
        0.443205476,
        0.8816563,
        -0.16202198
      ],
      [
        0.09684472,
        -0.2267786,
        -0.9691195
      ]
    ],
    "translation": [
      1.30927956,
      0.730221,
      -0.7531646
    ]
  },
  {
    "timeStamp": 62730,
    "rotation": [
      [
        -0.882577956,
        0.4317334,
        -0.186178431
      ],
      [
        0.457023859,
        0.8807507,
        -0.124126516
      ],
      [
        0.110387214,
        -0.19463931,
        -0.974643648
      ]
    ],
    "translation": [
      1.31002593,
      0.731997252,
      -0.752514839
    ]
  },
  {
    "timeStamp": 62774,
    "rotation": [
      [
        -0.886295855,
        0.421349943,
        -0.1922081
      ],
      [
        0.451783925,
        0.8778854,
        -0.158771828
      ],
      [
        0.101838179,
        -0.227555335,
        -0.968425333
      ]
    ],
    "translation": [
      1.315757,
      0.734245658,
      -0.754710853
    ]
  },
  {
    "timeStamp": 62830,
    "rotation": [
      [
        -0.8866773,
        0.4098142,
        -0.214139178
      ],
      [
        0.449605525,
        0.872277141,
        -0.192321
      ],
      [
        0.107972831,
        -0.266804844,
        -0.9576832
      ]
    ],
    "translation": [
      1.3272047,
      0.76082325,
      -0.7462416
    ]
  },
  {
    "timeStamp": 62874,
    "rotation": [
      [
        -0.8417076,
        0.4695769,
        -0.2665068
      ],
      [
        0.5122271,
        0.850548446,
        -0.119124815
      ],
      [
        0.170738682,
        -0.236780286,
        -0.9564431
      ]
    ],
    "translation": [
      1.33654642,
      0.7883772,
      -0.741331458
    ]
  },
  {
    "timeStamp": 62930,
    "rotation": [
      [
        -0.780574262,
        0.518072069,
        -0.3497215
      ],
      [
        0.5670155,
        0.8223443,
        -0.0473636836
      ],
      [
        0.2630537,
        -0.235268384,
        -0.935655653
      ]
    ],
    "translation": [
      1.35958672,
      0.825506151,
      -0.7263819
    ]
  },
  {
    "timeStamp": 62974,
    "rotation": [
      [
        -0.734841764,
        0.537381351,
        -0.413797915
      ],
      [
        0.601694763,
        0.7980814,
        -0.03208421
      ],
      [
        0.313002974,
        -0.272556871,
        -0.9098032
      ]
    ],
    "translation": [
      1.39040792,
      0.855222046,
      -0.7077447
    ]
  },
  {
    "timeStamp": 63030,
    "rotation": [
      [
        -0.676926136,
        0.5239472,
        -0.516962647
      ],
      [
        0.615007639,
        0.788497031,
        -0.00615902245
      ],
      [
        0.404396474,
        -0.322105169,
        -0.8559859
      ]
    ],
    "translation": [
      1.44227755,
      0.8859292,
      -0.6811516
    ]
  },
  {
    "timeStamp": 63075,
    "rotation": [
      [
        -0.6256226,
        0.487870961,
        -0.6087515
      ],
      [
        0.609899,
        0.7924359,
        0.008279054
      ],
      [
        0.486435622,
        -0.366097361,
        -0.7933178
      ]
    ],
    "translation": [
      1.49308765,
      0.9035952,
      -0.659018755
    ]
  },
  {
    "timeStamp": 63131,
    "rotation": [
      [
        -0.573922157,
        0.407550871,
        -0.7102927
      ],
      [
        0.607224464,
        0.793750048,
        -0.03520526
      ],
      [
        0.54944694,
        -0.4515122,
        -0.7030255
      ]
    ],
    "translation": [
      1.56858516,
      0.9232263,
      -0.631284058
    ]
  },
  {
    "timeStamp": 63175,
    "rotation": [
      [
        -0.5268763,
        0.3260459,
        -0.7849175
      ],
      [
        0.607260764,
        0.790540934,
        -0.079242304
      ],
      [
        0.59467274,
        -0.5184005,
        -0.614512146
      ]
    ],
    "translation": [
      1.63401282,
      0.937501967,
      -0.6125395
    ]
  },
  {
    "timeStamp": 63231,
    "rotation": [
      [
        -0.4635671,
        0.215231955,
        -0.859523535
      ],
      [
        0.610797942,
        0.7803631,
        -0.134012356
      ],
      [
        0.641896665,
        -0.5871189,
        -0.493213922
      ]
    ],
    "translation": [
      1.71872759,
      0.953504,
      -0.596694052
    ]
  },
  {
    "timeStamp": 63275,
    "rotation": [
      [
        -0.436767459,
        0.09329906,
        -0.8947232
      ],
      [
        0.6244587,
        0.747373462,
        -0.226901472
      ],
      [
        0.6475226,
        -0.6578208,
        -0.3846898
      ]
    ],
    "translation": [
      1.79017055,
      0.9691577,
      -0.5879192
    ]
  },
  {
    "timeStamp": 63331,
    "rotation": [
      [
        -0.366201282,
        -0.05313178,
        -0.929017544
      ],
      [
        0.627730548,
        0.72288245,
        -0.288782269
      ],
      [
        0.686914,
        -0.688925147,
        -0.231368065
      ]
    ],
    "translation": [
      1.87699151,
      0.9867893,
      -0.587868035
    ]
  },
  {
    "timeStamp": 63375,
    "rotation": [
      [
        -0.300764054,
        -0.181365639,
        -0.936294556
      ],
      [
        0.61326015,
        0.715082943,
        -0.335512042
      ],
      [
        0.7303786,
        -0.675102055,
        -0.103846952
      ]
    ],
    "translation": [
      1.94393218,
      0.995421,
      -0.597658336
    ]
  },
  {
    "timeStamp": 63430,
    "rotation": [
      [
        -0.297530532,
        -0.351592481,
        -0.887613833
      ],
      [
        0.58674,
        0.6660783,
        -0.4605169
      ],
      [
        0.753134668,
        -0.6578164,
        0.008114733
      ]
    ],
    "translation": [
      2.019572,
      1.00095308,
      -0.616711736
    ]
  },
  {
    "timeStamp": 63475,
    "rotation": [
      [
        -0.328101456,
        -0.445945382,
        -0.832755744
      ],
      [
        0.553595543,
        0.6235402,
        -0.5520231
      ],
      [
        0.765428841,
        -0.6421295,
        0.0422889441
      ]
    ],
    "translation": [
      2.06407475,
      1.00051248,
      -0.634591
    ]
  },
  {
    "timeStamp": 63525,
    "rotation": [
      [
        -0.394747019,
        -0.5560905,
        -0.731394649
      ],
      [
        0.4758931,
        0.5571904,
        -0.680488467
      ],
      [
        0.7859393,
        -0.6166865,
        0.0446903631
      ]
    ],
    "translation": [
      2.10323739,
      0.9980149,
      -0.657534
    ]
  },
  {
    "timeStamp": 63581,
    "rotation": [
      [
        -0.3809808,
        -0.59751457,
        -0.7055707
      ],
      [
        0.449923038,
        0.546862364,
        -0.706052959
      ],
      [
        0.807727039,
        -0.586445153,
        0.06049153
      ]
    ],
    "translation": [
      2.12463856,
      0.9935482,
      -0.6776888
    ]
  },
  {
    "timeStamp": 63625,
    "rotation": [
      [
        -0.3739393,
        -0.6311813,
        -0.6795436
      ],
      [
        0.420895368,
        0.5374132,
        -0.7307764
      ],
      [
        0.826448143,
        -0.5592828,
        0.06470139
      ]
    ],
    "translation": [
      2.1379056,
      0.9858931,
      -0.690999866
    ]
  },
  {
    "timeStamp": 63681,
    "rotation": [
      [
        -0.36453104,
        -0.655725241,
        -0.661166668
      ],
      [
        0.414661974,
        0.521432936,
        -0.7457634
      ],
      [
        0.833770037,
        -0.5460146,
        0.0818258449
      ]
    ],
    "translation": [
      2.148749,
      0.9791608,
      -0.697800636
    ]
  },
  {
    "timeStamp": 63725,
    "rotation": [
      [
        -0.3527899,
        -0.667050838,
        -0.656187832
      ],
      [
        0.4143369,
        0.517411351,
        -0.748739243
      ],
      [
        0.8389662,
        -0.5360305,
        0.09384627
      ]
    ],
    "translation": [
      2.15383554,
      0.975594,
      -0.698513269
    ]
  },
  {
    "timeStamp": 63781,
    "rotation": [
      [
        -0.325343668,
        -0.6950685,
        -0.6411173
      ],
      [
        0.41977337,
        0.501371443,
        -0.756582439
      ],
      [
        0.8473145,
        -0.5152733,
        0.1286532
      ]
    ],
    "translation": [
      2.16306734,
      0.974790931,
      -0.698125064
    ]
  },
  {
    "timeStamp": 63825,
    "rotation": [
      [
        -0.351236582,
        -0.7010019,
        -0.6206684
      ],
      [
        0.391251624,
        0.4923614,
        -0.77749753
      ],
      [
        0.8506204,
        -0.5159231,
        0.1013328
      ]
    ],
    "translation": [
      2.164845,
      0.9714446,
      -0.6968191
    ]
  },
  {
    "timeStamp": 63881,
    "rotation": [
      [
        -0.4242334,
        -0.716349542,
        -0.5539579
      ],
      [
        0.351957858,
        0.433204442,
        -0.8297347
      ],
      [
        0.8343571,
        -0.546970963,
        0.06834504
      ]
    ],
    "translation": [
      2.16572785,
      0.974134,
      -0.6919924
    ]
  },
  {
    "timeStamp": 63925,
    "rotation": [
      [
        -0.446564376,
        -0.72097826,
        -0.5298779
      ],
      [
        0.325474,
        0.420743138,
        -0.8467833
      ],
      [
        0.833454847,
        -0.5506047,
        0.04677079
      ]
    ],
    "translation": [
      2.16614628,
      0.969779849,
      -0.690920532
    ]
  },
  {
    "timeStamp": 63981,
    "rotation": [
      [
        -0.435332865,
        -0.722465,
        -0.537149549
      ],
      [
        0.2892406,
        0.4527804,
        -0.8434037
      ],
      [
        0.852540433,
        -0.5225268,
        0.0118560167
      ]
    ],
    "translation": [
      2.16593313,
      0.9529969,
      -0.696179
    ]
  },
  {
    "timeStamp": 64027,
    "rotation": [
      [
        -0.44141224,
        -0.7212003,
        -0.533877552
      ],
      [
        0.260648459,
        0.466267943,
        -0.845373631
      ],
      [
        0.8586137,
        -0.512312651,
        -0.01783664
      ]
    ],
    "translation": [
      2.16196537,
      0.9415014,
      -0.7016547
    ]
  },
  {
    "timeStamp": 64073,
    "rotation": [
      [
        -0.4666614,
        -0.714567661,
        -0.5211719
      ],
      [
        0.239905462,
        0.464906573,
        -0.8522366
      ],
      [
        0.851277,
        -0.5227379,
        -0.0455252528
      ]
    ],
    "translation": [
      2.15434813,
      0.9359043,
      -0.705815852
    ]
  },
  {
    "timeStamp": 64130,
    "rotation": [
      [
        -0.460073054,
        -0.725641,
        -0.511642337
      ],
      [
        0.2224341,
        0.4636771,
        -0.857628465
      ],
      [
        0.8595672,
        -0.508378446,
        -0.0519180335
      ]
    ],
    "translation": [
      2.148512,
      0.9319597,
      -0.7144088
    ]
  },
  {
    "timeStamp": 64175,
    "rotation": [
      [
        -0.4469259,
        -0.7388293,
        -0.5043694
      ],
      [
        0.190752,
        0.472136527,
        -0.860639751
      ],
      [
        0.8739971,
        -0.48085165,
        -0.07007689
      ]
    ],
    "translation": [
      2.14580679,
      0.9279877,
      -0.7238042
    ]
  },
  {
    "timeStamp": 64231,
    "rotation": [
      [
        -0.450250953,
        -0.7572127,
        -0.47318387
      ],
      [
        0.1445738,
        0.461123,
        -0.8754793
      ],
      [
        0.881119967,
        -0.462595373,
        -0.098147966
      ]
    ],
    "translation": [
      2.14326882,
      0.92514956,
      -0.732493937
    ]
  },
  {
    "timeStamp": 64275,
    "rotation": [
      [
        -0.445650458,
        -0.7743356,
        -0.4492216
      ],
      [
        0.118407048,
        0.446412265,
        -0.8869588
      ],
      [
        0.8873418,
        -0.448464572,
        -0.107257038
      ]
    ],
    "translation": [
      2.14268875,
      0.9240809,
      -0.7366067
    ]
  },
  {
    "timeStamp": 64330,
    "rotation": [
      [
        -0.437557727,
        -0.7973253,
        -0.415710837
      ],
      [
        0.0963564143,
        0.418078244,
        -0.9032862
      ],
      [
        0.8940127,
        -0.4352963,
        -0.106105961
      ]
    ],
    "translation": [
      2.1430707,
      0.9237038,
      -0.740782738
    ]
  },
  {
    "timeStamp": 64375,
    "rotation": [
      [
        -0.4415011,
        -0.8112416,
        -0.383358538
      ],
      [
        0.0795840546,
        0.390164882,
        -0.917299151
      ],
      [
        0.893724263,
        -0.43549782,
        -0.107696347
      ]
    ],
    "translation": [
      2.142676,
      0.9228752,
      -0.742717743
    ]
  },
  {
    "timeStamp": 64431,
    "rotation": [
      [
        -0.43841216,
        -0.848845661,
        -0.295391083
      ],
      [
        0.02095989,
        0.3189146,
        -0.947551668
      ],
      [
        0.898529649,
        -0.421609521,
        -0.122024313
      ]
    ],
    "translation": [
      2.14228487,
      0.9216075,
      -0.7460492
    ]
  },
  {
    "timeStamp": 64475,
    "rotation": [
      [
        -0.287483,
        -0.7747525,
        -0.5631271
      ],
      [
        0.06768797,
        0.570042551,
        -0.818822265
      ],
      [
        0.95539093,
        -0.27351442,
        -0.111436106
      ]
    ],
    "translation": [
      2.13854122,
      0.9040783,
      -0.7536977
    ]
  }
]