[
  {
    "timeStamp": 41074,
    "rotation": [
      [
        0.9999931,
        -0.000608762552,
        0.00366718648
      ],
      [
        -0.00366466632,
        0.004090132,
        0.9999849
      ],
      [
        -0.000623753,
        -0.9999915,
        0.00408787327
      ]
    ],
    "translation": [
      1.15399325,
      0.7047247,
      -0.7499468
    ]
  },
  {
    "timeStamp": 41130,
    "rotation": [
      [
        0.999998152,
        -0.00117823074,
        0.00152899325
      ],
      [
        -0.00152068352,
        0.00702167535,
        0.9999742
      ],
      [
        -0.00118893653,
        -0.999974668,
        0.00701987045
      ]
    ],
    "translation": [
      1.15395176,
      0.704647541,
      -0.7498876
    ]
  },
  {
    "timeStamp": 41174,
    "rotation": [
      [
        0.9992801,
        -0.0286776479,
        0.0248356853
      ],
      [
        -0.02476052,
        0.00297323149,
        0.999689
      ],
      [
        -0.0287425742,
        -0.999584258,
        0.00226101768
      ]
    ],
    "translation": [
      1.1528666,
      0.706273437,
      -0.7474342
    ]
  },
  {
    "timeStamp": 41231,
    "rotation": [
      [
        0.991619349,
        -0.08659105,
        0.0958805159
      ],
      [
        -0.09706644,
        -0.00958089251,
        0.9952318
      ],
      [
        -0.08525956,
        -0.9961979,
        -0.0179056823
      ]
    ],
    "translation": [
      1.14738488,
      0.726194,
      -0.736327469
    ]
  },
  {
    "timeStamp": 41274,
    "rotation": [
      [
        0.9793865,
        -0.10892316,
        0.170111015
      ],
      [
        -0.168173835,
        0.0267988369,
        0.985393
      ],
      [
        -0.111890905,
        -0.9936889,
        0.007928395
      ]
    ],
    "translation": [
      1.14846158,
      0.7544897,
      -0.73368454
    ]
  },
  {
    "timeStamp": 41330,
    "rotation": [
      [
        0.9523058,
        -0.162833408,
        0.258067667
      ],
      [
        -0.246949464,
        0.08553171,
        0.9652462
      ],
      [
        -0.1792473,
        -0.982939243,
        0.04124072
      ]
    ],
    "translation": [
      1.15769887,
      0.7951343,
      -0.7276289
    ]
  },
  {
    "timeStamp": 41374,
    "rotation": [
      [
        0.9273382,
        -0.18632929,
        0.324538618
      ],
      [
        -0.3115823,
        0.09588683,
        0.9453688
      ],
      [
        -0.207268879,
        -0.9777971,
        0.0308626071
      ]
    ],
    "translation": [
      1.17554665,
      0.8283968,
      -0.7195732
    ]
  },
  {
    "timeStamp": 41430,
    "rotation": [
      [
        0.8975097,
        -0.220915958,
        0.381670624
      ],
      [
        -0.365492642,
        0.1116538,
        0.924093366
      ],
      [
        -0.246761948,
        -0.9688806,
        0.0194672085
      ]
    ],
    "translation": [
      1.20963109,
      0.865502656,
      -0.708524168
    ]
  },
  {
    "timeStamp": 41474,
    "rotation": [
      [
        0.8683532,
        -0.285708278,
        0.4053808
      ],
      [
        -0.377675772,
        0.14882715,
        0.913899064
      ],
      [
        -0.3214402,
        -0.9466896,
        0.02132943
      ]
    ],
    "translation": [
      1.24503815,
      0.8892937,
      -0.6955248
    ]
  },
  {
    "timeStamp": 41530,
    "rotation": [
      [
        0.8365754,
        -0.366494,
        0.4072147
      ],
      [
        -0.374937534,
        0.158950761,
        0.9133217
      ],
      [
        -0.399454,
        -0.9167425,
        -0.004438065
      ]
    ],
    "translation": [
      1.29551017,
      0.90816313,
      -0.6775015
    ]
  },
  {
    "timeStamp": 41574,
    "rotation": [
      [
        0.820691168,
        -0.420087069,
        0.387289256
      ],
      [
        -0.368930161,
        0.12797913,
        0.9206041
      ],
      [
        -0.436298817,
        -0.8984143,
        -0.0499514565
      ]
    ],
    "translation": [
      1.34093,
      0.915848851,
      -0.662428439
    ]
  },
  {
    "timeStamp": 41630,
    "rotation": [
      [
        0.790720642,
        -0.5039434,
        0.347565681
      ],
      [
        -0.336749673,
        0.116074018,
        0.93441236
      ],
      [
        -0.5112343,
        -0.8559018,
        -0.0779206455
      ]
    ],
    "translation": [
      1.40003657,
      0.9183366,
      -0.643762231
    ]
  },
  {
    "timeStamp": 41674,
    "rotation": [
      [
        0.753958046,
        -0.5784386,
        0.3113776
      ],
      [
        -0.301395237,
        0.116575308,
        0.946346164
      ],
      [
        -0.5837021,
        -0.8073531,
        -0.08644575
      ]
    ],
    "translation": [
      1.45030284,
      0.9170031,
      -0.6301935
    ]
  },
  {
    "timeStamp": 41730,
    "rotation": [
      [
        0.7065389,
        -0.65626806,
        0.264792383
      ],
      [
        -0.284223646,
        0.07951353,
        0.9554551
      ],
      [
        -0.6480893,
        -0.7503265,
        -0.13034749
      ]
    ],
    "translation": [
      1.51195848,
      0.922791243,
      -0.613017261
    ]
  },
  {
    "timeStamp": 41774,
    "rotation": [
      [
        0.6619544,
        -0.707974434,
        0.246147335
      ],
      [
        -0.296559066,
        0.05422022,
        0.9534741
      ],
      [
        -0.6883815,
        -0.704153657,
        -0.174064934
      ]
    ],
    "translation": [
      1.55810428,
      0.9345047,
      -0.601005435
    ]
  },
  {
    "timeStamp": 41830,
    "rotation": [
      [
        0.5716392,
        -0.788442433,
        0.227128163
      ],
      [
        -0.299236834,
        0.057420332,
        0.9524496
      ],
      [
        -0.763993442,
        -0.6124226,
        -0.203107312
      ]
    ],
    "translation": [
      1.61694789,
      0.9479329,
      -0.587113738
    ]
  },
  {
    "timeStamp": 41874,
    "rotation": [
      [
        0.496599644,
        -0.843603134,
        0.2042609
      ],
      [
        -0.312995344,
        0.0454504043,
        0.9486665
      ],
      [
        -0.8095818,
        -0.5350402,
        -0.241473183
      ]
    ],
    "translation": [
      1.66557252,
      0.9588757,
      -0.5775107
    ]
  },
  {
    "timeStamp": 41930,
    "rotation": [
      [
        0.4048213,
        -0.899171352,
        0.16616419
      ],
      [
        -0.3229024,
        0.0294374265,
        0.94597435
      ],
      [
        -0.8554845,
        -0.4366054,
        -0.2784277
      ]
    ],
    "translation": [
      1.72490633,
      0.967742741,
      -0.5716777
    ]
  },
  {
    "timeStamp": 41974,
    "rotation": [
      [
        0.308523029,
        -0.940457165,
        0.142667219
      ],
      [
        -0.3159501,
        0.0401507579,
        0.947925866
      ],
      [
        -0.89721185,
        -0.3375327,
        -0.284750074
      ]
    ],
    "translation": [
      1.77248228,
      0.9716337,
      -0.5728808
    ]
  },
  {
    "timeStamp": 42030,
    "rotation": [
      [
        0.1921855,
        -0.971755564,
        0.1369522
      ],
      [
        -0.311813772,
        0.0718549863,
        0.9474223
      ],
      [
        -0.9305036,
        -0.2247844,
        -0.2891973
      ]
    ],
    "translation": [
      1.82498693,
      0.9788088,
      -0.581243753
    ]
  },
  {
    "timeStamp": 42074,
    "rotation": [
      [
        0.137978464,
        -0.982931733,
        0.121684641
      ],
      [
        -0.316202849,
        0.07271352,
        0.9459009
      ],
      [
        -0.9386041,
        -0.16899097,
        -0.300772935
      ]
    ],
    "translation": [
      1.8630935,
      0.9844121,
      -0.591550767
    ]
  },
  {
    "timeStamp": 42129,
    "rotation": [
      [
        0.0794817656,
        -0.989938438,
        0.117065966
      ],
      [
        -0.2989971,
        0.08835495,
        0.9501548
      ],
      [
        -0.9509381,
        -0.110522375,
        -0.288966119
      ]
    ],
    "translation": [
      1.90840948,
      0.9847249,
      -0.6096446
    ]
  },
  {
    "timeStamp": 42174,
    "rotation": [
      [
        0.0436527021,
        -0.9951945,
        0.087649256
      ],
      [
        -0.269979477,
        0.07271759,
        0.960116267
      ],
      [
        -0.961876035,
        -0.06557516,
        -0.2655078
      ]
    ],
    "translation": [
      1.94733226,
      0.9777775,
      -0.626452863
    ]
  },
  {
    "timeStamp": 42230,
    "rotation": [
      [
        0.0139429923,
        -0.9998737,
        0.007628173
      ],
      [
        -0.2401671,
        0.004056708,
        0.9707231
      ],
      [
        -0.9706314,
        -0.0153668206,
        -0.240080208
      ]
    ],
    "translation": [
      2.0015924,
      0.9676452,
      -0.6462935
    ]
  },
  {
    "timeStamp": 42274,
    "rotation": [
      [
        -0.0342374742,
        -0.9993751,
        -0.008786301
      ],
      [
        -0.200256228,
        -0.00175313617,
        0.979742
      ],
      [
        -0.979145169,
        0.0353034027,
        -0.200071067
      ]
    ],
    "translation": [
      2.03729558,
      0.959976435,
      -0.6635091
    ]
  },
  {
    "timeStamp": 42326,
    "rotation": [
      [
        -0.133976534,
        -0.990897357,
        0.0131404782
      ],
      [
        -0.150806814,
        0.0334921777,
        0.987995744
      ],
      [
        -0.9794425,
        0.130386576,
        -0.153921247
      ]
    ],
    "translation": [
      2.06686664,
      0.9512192,
      -0.678443432
    ]
  },
  {
    "timeStamp": 42380,
    "rotation": [
      [
        -0.2913002,
        -0.956427038,
        0.0197874941
      ],
      [
        -0.07707822,
        0.0440830626,
        0.99605
      ],
      [
        -0.95352143,
        0.288624376,
        -0.0865611061
      ]
    ],
    "translation": [
      2.10921049,
      0.9323032,
      -0.6998088
    ]
  },
  {
    "timeStamp": 42424,
    "rotation": [
      [
        -0.314002633,
        -0.9494221,
        0.00024100607
      ],
      [
        -0.0379741155,
        0.0128128305,
        0.9991966
      ],
      [
        -0.9486624,
        0.3137412,
        -0.04007673
      ]
    ],
    "translation": [
      2.12237573,
      0.917984843,
      -0.713055134
    ]
  },
  {
    "timeStamp": 42479,
    "rotation": [
      [
        -0.2841662,
        -0.9586853,
        -0.0131165506
      ],
      [
        -0.007304286,
        -0.0115154581,
        0.999907
      ],
      [
        -0.9587472,
        0.284235567,
        -0.003730208
      ]
    ],
    "translation": [
      2.12358356,
      0.902324438,
      -0.721441448
    ]
  },
  {
    "timeStamp": 42524,
    "rotation": [
      [
        -0.3175836,
        -0.948228538,
        0.00179732731
      ],
      [
        0.02342772,
        -0.005951579,
        0.9997078
      ],
      [
        -0.947940767,
        0.3175329,
        0.0241049565
      ]
    ],
    "translation": [
      2.129146,
      0.88795644,
      -0.726629853
    ]
  },
  {
    "timeStamp": 42579,
    "rotation": [
      [
        -0.353009433,
        -0.935271144,
        0.025540743
      ],
      [
        0.08137518,
        -0.00349665736,
        0.9966774
      ],
      [
        -0.9320743,
        0.353914917,
        0.0773422047
      ]
    ],
    "translation": [
      2.13574457,
      0.867080331,
      -0.7362472
    ]
  },
  {
    "timeStamp": 42624,
    "rotation": [
      [
        -0.3730133,
        -0.9273967,
        0.0282218289
      ],
      [
        0.09544716,
        -0.008099022,
        0.995401561
      ],
      [
        -0.922903538,
        0.373991668,
        0.09153843
      ]
    ],
    "translation": [
      2.1415925,
      0.855448961,
      -0.739732444
    ]
  },
  {
    "timeStamp": 42680,
    "rotation": [
      [
        -0.347609252,
        -0.937518656,
        -0.0150534967
      ],
      [
        0.110432707,
        -0.05687816,
        0.992254734
      ],
      [
        -0.931113541,
        0.343254536,
        0.1233041
      ]
    ],
    "translation": [
      2.15038872,
      0.8418875,
      -0.745312631
    ]
  },
  {
    "timeStamp": 42725,
    "rotation": [
      [
        -0.398474753,
        -0.916876137,
        0.02357989
      ],
      [
        0.14627631,
        -0.03814966,
        0.988507867
      ],
      [
        -0.905439734,
        0.397344619,
        0.149318948
      ]
    ],
    "translation": [
      2.15366364,
      0.832857132,
      -0.752044261
    ]
  },
  {
    "timeStamp": 42779,
    "rotation": [
      [
        -0.3924212,
        -0.9188299,
        0.04191845
      ],
      [
        0.159509555,
        -0.0230995063,
        0.9869261
      ],
      [
        -0.9058489,
        0.3939771,
        0.1556269
      ]
    ],
    "translation": [
      2.1504066,
      0.8273319,
      -0.7537639
    ]
  },
  {
    "timeStamp": 42825,
    "rotation": [
      [
        -0.379154921,
        -0.9249976,
        0.0249204915
      ],
      [
        0.147050753,
        -0.0336430036,
        0.9885566
      ],
      [
        -0.9135741,
        0.378480673,
        0.1487775
      ]
    ],
    "translation": [
      2.15215015,
      0.82498467,
      -0.752162755
    ]
  },
  {
    "timeStamp": 42882,
    "rotation": [
      [
        -0.404338926,
        -0.914163,
        0.0285666268
      ],
      [
        0.156666562,
        -0.03845475,
        0.986902654
      ],
      [
        -0.901091337,
        0.4035186,
        0.158767521
      ]
    ],
    "translation": [
      2.15740824,
      0.8198762,
      -0.7537865
    ]
  },
  {
    "timeStamp": 42926,
    "rotation": [
      [
        -0.409277946,
        -0.911682,
        0.0364342965
      ],
      [
        0.160940886,
        -0.03282955,
        0.9864179
      ],
      [
        -0.898103356,
        0.409582853,
        0.160163328
      ]
    ],
    "translation": [
      2.1584816,
      0.8147788,
      -0.753834
    ]
  },
  {
    "timeStamp": 42982,
    "rotation": [
      [
        -0.450811327,
        -0.891414762,
        0.0463562757
      ],
      [
        0.154111966,
        -0.02657518,
        0.987695932
      ],
      [
        -0.8792148,
        0.452408582,
        0.149358064
      ]
    ],
    "translation": [
      2.16462612,
      0.8100792,
      -0.7533791
    ]
  },
  {
    "timeStamp": 43026,
    "rotation": [
      [
        -0.455968469,
        -0.88841933,
        0.05295089
      ],
      [
        0.1512757,
        -0.0187353455,
        0.988314033
      ],
      [
        -0.8770452,
        0.458650231,
        0.142938986
      ]
    ],
    "translation": [
      2.16625977,
      0.808376551,
      -0.752144635
    ]
  },
  {
    "timeStamp": 43082,
    "rotation": [
      [
        -0.4571927,
        -0.8886037,
        0.0368555151
      ],
      [
        0.133901209,
        -0.0278070085,
        0.99060446
      ],
      [
        -0.879229963,
        0.4578321,
        0.131698266
      ]
    ],
    "translation": [
      2.170338,
      0.8073833,
      -0.7490146
    ]
  },
  {
    "timeStamp": 43127,
    "rotation": [
      [
        -0.454638422,
        -0.8898073,
        0.0393312462
      ],
      [
        0.136283338,
        -0.025858,
        0.990332365
      ],
      [
        -0.8801879,
        0.455603361,
        0.133021951
      ]
    ],
    "translation": [
      2.16962385,
      0.805855334,
      -0.74964416
    ]
  },
  {
    "timeStamp": 43172,
    "rotation": [
      [
        -0.448226869,
        -0.8925611,
        0.0492695272
      ],
      [
        0.151727319,
        -0.0216465145,
        0.988185346
      ],
      [
        -0.880949259,
        0.45040676,
        0.145128444
      ]
    ],
    "translation": [
      2.16594386,
      0.8032484,
      -0.7532387
    ]
  },
  {
    "timeStamp": 43229,
    "rotation": [
      [
        -0.450134844,
        -0.8909854,
        0.0593597256
      ],
      [
        0.140908092,
        -0.00523126731,
        0.9900089
      ],
      [
        -0.881772935,
        0.454001755,
        0.127901822
      ]
    ],
    "translation": [
      2.162656,
      0.8028774,
      -0.75308
    ]
  }
]