[
  {
    "timeStamp": 13377,
    "rotation": [
      [
        0.999174,
        -0.02481152,
        0.0321823843
      ],
      [
        -0.0322478749,
        -0.00224385271,
        0.9994774
      ],
      [
        -0.02472634,
        -0.999689639,
        -0.003042118
      ]
    ],
    "translation": [
      1.47919524,
      0.703830361,
      -0.622003257
    ]
  },
  {
    "timeStamp": 13422,
    "rotation": [
      [
        0.999307454,
        -0.0289788283,
        0.0233422834
      ],
      [
        -0.0230608787,
        0.0100072632,
        0.999684
      ],
      [
        -0.0292032622,
        -0.999529958,
        0.009332055
      ]
    ],
    "translation": [
      1.47921157,
      0.7028049,
      -0.621846437
    ]
  },
  {
    "timeStamp": 13476,
    "rotation": [
      [
        0.9939587,
        -0.0957123861,
        0.05371437
      ],
      [
        -0.0502655245,
        0.03808897,
        0.9980093
      ],
      [
        -0.09756778,
        -0.994680047,
        0.03304783
      ]
    ],
    "translation": [
      1.483433,
      0.7052786,
      -0.616779149
    ]
  },
  {
    "timeStamp": 13520,
    "rotation": [
      [
        0.9916464,
        -0.10257645,
        0.07820146
      ],
      [
        -0.07972375,
        -0.01081949,
        0.9967583
      ],
      [
        -0.101397827,
        -0.9946663,
        -0.0189068876
      ]
    ],
    "translation": [
      1.48532569,
      0.7204604,
      -0.605647266
    ]
  },
  {
    "timeStamp": 13576,
    "rotation": [
      [
        0.978214,
        -0.123909459,
        0.166564748
      ],
      [
        -0.170557961,
        -0.0222738236,
        0.985095859
      ],
      [
        -0.118352659,
        -0.9920435,
        -0.04292231
      ]
    ],
    "translation": [
      1.48391414,
      0.7524867,
      -0.598289669
    ]
  },
  {
    "timeStamp": 13620,
    "rotation": [
      [
        0.965282738,
        -0.137069941,
        0.2223532
      ],
      [
        -0.230648041,
        -0.0477357954,
        0.9718656
      ],
      [
        -0.122599341,
        -0.98941046,
        -0.0776934549
      ]
    ],
    "translation": [
      1.48990548,
      0.7813351,
      -0.5948316
    ]
  },
  {
    "timeStamp": 13676,
    "rotation": [
      [
        0.9564832,
        -0.157036886,
        0.245925575
      ],
      [
        -0.261039555,
        -0.08392979,
        0.9616726
      ],
      [
        -0.1303776,
        -0.984019935,
        -0.121270277
      ]
    ],
    "translation": [
      1.51201487,
      0.814850748,
      -0.590507269
    ]
  },
  {
    "timeStamp": 13720,
    "rotation": [
      [
        0.9378487,
        -0.1968416,
        0.285820067
      ],
      [
        -0.311001182,
        -0.111217968,
        0.943879664
      ],
      [
        -0.154006451,
        -0.9741067,
        -0.1655236
      ]
    ],
    "translation": [
      1.53573179,
      0.851382256,
      -0.5845731
    ]
  },
  {
    "timeStamp": 13775,
    "rotation": [
      [
        0.9173937,
        -0.237378135,
        0.3194378
      ],
      [
        -0.3645722,
        -0.179346442,
        0.913740635
      ],
      [
        -0.159612015,
        -0.954718,
        -0.251072735
      ]
    ],
    "translation": [
      1.57432568,
      0.90038234,
      -0.576333046
    ]
  },
  {
    "timeStamp": 13820,
    "rotation": [
      [
        0.88546896,
        -0.332642347,
        0.324489951
      ],
      [
        -0.3926322,
        -0.162035823,
        0.905308962
      ],
      [
        -0.2485651,
        -0.9290282,
        -0.2740838
      ]
    ],
    "translation": [
      1.62130666,
      0.9271593,
      -0.5704435
    ]
  },
  {
    "timeStamp": 13876,
    "rotation": [
      [
        0.8530587,
        -0.443959534,
        0.274209261
      ],
      [
        -0.3864002,
        -0.184271932,
        0.903736
      ],
      [
        -0.350693136,
        -0.876894355,
        -0.328740835
      ]
    ],
    "translation": [
      1.69646323,
      0.9523227,
      -0.5645395
    ]
  },
  {
    "timeStamp": 13920,
    "rotation": [
      [
        0.8201385,
        -0.5368766,
        0.197828889
      ],
      [
        -0.360870451,
        -0.217055067,
        0.907005847
      ],
      [
        -0.4440105,
        -0.815261,
        -0.371758133
      ]
    ],
    "translation": [
      1.76806974,
      0.9663305,
      -0.5623579
    ]
  },
  {
    "timeStamp": 13976,
    "rotation": [
      [
        0.7170199,
        -0.6868715,
        0.118701309
      ],
      [
        -0.3477278,
        -0.204875946,
        0.914937854
      ],
      [
        -0.604125738,
        -0.6973044,
        -0.385744452
      ]
    ],
    "translation": [
      1.866186,
      0.980486751,
      -0.567011
    ]
  },
  {
    "timeStamp": 14020,
    "rotation": [
      [
        0.660036266,
        -0.751214266,
        0.00539705064
      ],
      [
        -0.294379652,
        -0.252026528,
        0.9218586
      ],
      [
        -0.691153169,
        -0.6100489,
        -0.387488872
      ]
    ],
    "translation": [
      1.94159412,
      0.986936,
      -0.5785289
    ]
  },
  {
    "timeStamp": 14074,
    "rotation": [
      [
        0.515389264,
        -0.8526074,
        -0.08622383
      ],
      [
        -0.265458673,
        -0.2545088,
        0.9299231
      ],
      [
        -0.8148041,
        -0.456383556,
        -0.357503146
      ]
    ],
    "translation": [
      2.028346,
      0.9901985,
      -0.599554658
    ]
  },
  {
    "timeStamp": 14129,
    "rotation": [
      [
        0.434133649,
        -0.887046,
        -0.157090366
      ],
      [
        -0.2293182,
        -0.2774549,
        0.9329694
      ],
      [
        -0.871172249,
        -0.3690097,
        -0.3238683
      ]
    ],
    "translation": [
      2.091796,
      0.98127,
      -0.6209693
    ]
  },
  {
    "timeStamp": 14173,
    "rotation": [
      [
        0.372337162,
        -0.9076104,
        -0.193928614
      ],
      [
        -0.177116632,
        -0.2746003,
        0.9451055
      ],
      [
        -0.9110404,
        -0.3175499,
        -0.262996823
      ]
    ],
    "translation": [
      2.12951374,
      0.956526339,
      -0.640315533
    ]
  },
  {
    "timeStamp": 14224,
    "rotation": [
      [
        0.255764961,
        -0.9474735,
        -0.19203715
      ],
      [
        -0.114841938,
        -0.2270153,
        0.9670964
      ],
      [
        -0.9598936,
        -0.225295454,
        -0.166872248
      ]
    ],
    "translation": [
      2.163165,
      0.9204853,
      -0.6650898
    ]
  },
  {
    "timeStamp": 14270,
    "rotation": [
      [
        0.150167748,
        -0.976551235,
        -0.1542639
      ],
      [
        -0.0493177548,
        -0.163238108,
        0.9853533
      ],
      [
        -0.9874297,
        -0.140360355,
        -0.072674416
      ]
    ],
    "translation": [
      2.187571,
      0.881835639,
      -0.6895765
    ]
  },
  {
    "timeStamp": 14326,
    "rotation": [
      [
        0.0852723345,
        -0.9933715,
        -0.07708222
      ],
      [
        -0.03352593,
        -0.080180876,
        0.996216357
      ],
      [
        -0.995793462,
        -0.08236544,
        -0.0401409119
      ]
    ],
    "translation": [
      2.19003439,
      0.852798,
      -0.69744
    ]
  },
  {
    "timeStamp": 14370,
    "rotation": [
      [
        -0.0160790831,
        -0.9994771,
        -0.0280539468
      ],
      [
        0.0138791325,
        -0.0282779764,
        0.999503732
      ],
      [
        -0.9997744,
        0.0156817324,
        0.0143265584
      ]
    ],
    "translation": [
      2.19581842,
      0.8384749,
      -0.7073036
    ]
  },
  {
    "timeStamp": 14426,
    "rotation": [
      [
        0.0604103655,
        -0.9980488,
        -0.0157824326
      ],
      [
        0.002163623,
        -0.0156803448,
        0.9998747
      ],
      [
        -0.9981712,
        -0.0604369454,
        0.00121214613
      ]
    ],
    "translation": [
      2.182665,
      0.8358606,
      -0.6941023
    ]
  },
  {
    "timeStamp": 14470,
    "rotation": [
      [
        0.07227118,
        -0.9963386,
        -0.0456763
      ],
      [
        0.01862437,
        -0.0444399528,
        0.9988384
      ],
      [
        -0.997211158,
        -0.07303794,
        0.01534445
      ]
    ],
    "translation": [
      2.1846385,
      0.8327793,
      -0.6915177
    ]
  },
  {
    "timeStamp": 14527,
    "rotation": [
      [
        0.02395821,
        -0.9996707,
        -0.009189202
      ],
      [
        0.0403624848,
        -0.008217096,
        0.9991513
      ],
      [
        -0.9988978,
        -0.0243087858,
        0.04015233
      ]
    ],
    "translation": [
      2.19011331,
      0.8234999,
      -0.6945915
    ]
  },
  {
    "timeStamp": 14570,
    "rotation": [
      [
        -0.0266408585,
        -0.999620438,
        0.007017222
      ],
      [
        0.0648924857,
        0.00527554424,
        0.9978783
      ],
      [
        -0.9975366,
        0.0270397011,
        0.06472731
      ]
    ],
    "translation": [
      2.19569016,
      0.812115252,
      -0.698773265
    ]
  },
  {
    "timeStamp": 14626,
    "rotation": [
      [
        -0.05352151,
        -0.998240232,
        0.0255313162
      ],
      [
        0.09233818,
        0.0205108579,
        0.9955164
      ],
      [
        -0.9942882,
        0.0556390621,
        0.09107792
      ]
    ],
    "translation": [
      2.1954875,
      0.7986309,
      -0.70206666
    ]
  },
  {
    "timeStamp": 14670,
    "rotation": [
      [
        -0.0760125741,
        -0.9971062,
        0.00110356964
      ],
      [
        0.1114559,
        -0.0073967916,
        0.99374187
      ],
      [
        -0.990858,
        0.07565988,
        0.111695625
      ]
    ],
    "translation": [
      2.20149255,
      0.7934899,
      -0.703080833
    ]
  },
  {
    "timeStamp": 14728,
    "rotation": [
      [
        -0.0359953269,
        -0.996845663,
        -0.07073259
      ],
      [
        0.148052156,
        -0.0753167048,
        0.986107469
      ],
      [
        -0.9883243,
        0.0250231419,
        0.1502962
      ]
    ],
    "translation": [
      2.20975924,
      0.7884352,
      -0.7029686
    ]
  },
  {
    "timeStamp": 14773,
    "rotation": [
      [
        -0.02417082,
        -0.9991631,
        -0.0330003463
      ],
      [
        0.177108318,
        -0.03676761,
        0.983504355
      ],
      [
        -0.9838946,
        0.0179274771,
        0.177848786
      ]
    ],
    "translation": [
      2.20252442,
      0.778608263,
      -0.7059379
    ]
  },
  {
    "timeStamp": 14819,
    "rotation": [
      [
        -0.000283763657,
        -0.9997033,
        -0.0243567824
      ],
      [
        0.223716363,
        -0.0238029063,
        0.974363565
      ],
      [
        -0.9746542,
        -0.0051725274,
        0.223656729
      ]
    ],
    "translation": [
      2.19542241,
      0.768898547,
      -0.7148486
    ]
  },
  {
    "timeStamp": 14875,
    "rotation": [
      [
        0.0416330434,
        -0.9960584,
        -0.0783211
      ],
      [
        0.258420676,
        -0.06498664,
        0.9638441
      ],
      [
        -0.9651349,
        -0.0603675544,
        0.2546965
      ]
    ],
    "translation": [
      2.19861364,
      0.7671433,
      -0.7190446
    ]
  },
  {
    "timeStamp": 14920,
    "rotation": [
      [
        0.035174612,
        -0.997481,
        -0.06159873
      ],
      [
        0.271116763,
        -0.0498012528,
        0.9612573
      ],
      [
        -0.9619036,
        -0.0505122952,
        0.268682063
      ]
    ],
    "translation": [
      2.19719648,
      0.7647684,
      -0.724576831
    ]
  },
  {
    "timeStamp": 14975,
    "rotation": [
      [
        0.03946161,
        -0.9972445,
        -0.06281895
      ],
      [
        0.268973678,
        -0.0499460064,
        0.9618516
      ],
      [
        -0.9623388,
        -0.05485287,
        0.266261578
      ]
    ],
    "translation": [
      2.19615436,
      0.7642923,
      -0.7255979
    ]
  },
  {
    "timeStamp": 15020,
    "rotation": [
      [
        0.0482008755,
        -0.9969394,
        -0.0615514629
      ],
      [
        0.2729727,
        -0.046129398,
        0.960915148
      ],
      [
        -0.9608135,
        -0.06311883,
        0.269913763
      ]
    ],
    "translation": [
      2.1944747,
      0.76199913,
      -0.7263423
    ]
  },
  {
    "timeStamp": 15075,
    "rotation": [
      [
        0.0395772643,
        -0.997709,
        -0.05486687
      ],
      [
        0.286255836,
        -0.0412874036,
        0.957263231
      ],
      [
        -0.9573355,
        -0.05359183,
        0.283965975
      ]
    ],
    "translation": [
      2.19462347,
      0.7582524,
      -0.728945
    ]
  },
  {
    "timeStamp": 15120,
    "rotation": [
      [
        0.0252556354,
        -0.9983269,
        -0.0520146564
      ],
      [
        0.293492734,
        -0.0423337,
        0.955023468
      ],
      [
        -0.9556276,
        -0.0393856578,
        0.291932553
      ]
    ],
    "translation": [
      2.19624639,
      0.755271,
      -0.7303535
    ]
  },
  {
    "timeStamp": 15175,
    "rotation": [
      [
        0.02550961,
        -0.9989119,
        -0.039043285
      ],
      [
        0.2715848,
        -0.03066209,
        0.9619259
      ],
      [
        -0.962076366,
        -0.0351419263,
        0.270507127
      ]
    ],
    "translation": [
      2.19307566,
      0.7519309,
      -0.7271839
    ]
  },
  {
    "timeStamp": 15220,
    "rotation": [
      [
        0.035510242,
        -0.9979547,
        -0.0531535037
      ],
      [
        0.248664722,
        -0.0426910669,
        0.9676483
      ],
      [
        -0.9679384,
        -0.047578834,
        0.246640176
      ]
    ],
    "translation": [
      2.193088,
      0.7505556,
      -0.723130047
    ]
  },
  {
    "timeStamp": 15275,
    "rotation": [
      [
        0.0532102622,
        -0.996861935,
        -0.05860869
      ],
      [
        0.208686471,
        -0.0462950319,
        0.9768862
      ],
      [
        -0.976533949,
        -0.06421123,
        0.205568239
      ]
    ],
    "translation": [
      2.19194078,
      0.748508453,
      -0.7174046
    ]
  },
  {
    "timeStamp": 15320,
    "rotation": [
      [
        0.0670830756,
        -0.9950955,
        -0.0726967752
      ],
      [
        0.158801973,
        -0.06128352,
        0.985406637
      ],
      [
        -0.9850288,
        -0.0776485056,
        0.153912053
      ]
    ],
    "translation": [
      2.191127,
      0.7465583,
      -0.710244358
    ]
  },
  {
    "timeStamp": 15375,
    "rotation": [
      [
        0.0803432241,
        -0.993878245,
        -0.07583597
      ],
      [
        0.09553446,
        -0.06805355,
        0.9930971
      ],
      [
        -0.9921785,
        -0.08703356,
        0.08948197
      ]
    ],
    "translation": [
      2.188159,
      0.7434622,
      -0.7044674
    ]
  },
  {
    "timeStamp": 15420,
    "rotation": [
      [
        0.08632115,
        -0.9938309,
        -0.06963354
      ],
      [
        0.0282605067,
        -0.06742367,
        0.9973241
      ],
      [
        -0.9958665,
        -0.0880580544,
        0.022266075
      ]
    ],
    "translation": [
      2.185567,
      0.740380466,
      -0.6996071
    ]
  },
  {
    "timeStamp": 15475,
    "rotation": [
      [
        0.09098335,
        -0.994233966,
        -0.0567526668
      ],
      [
        -0.000106275431,
        -0.05699873,
        0.9983742
      ],
      [
        -0.9958524,
        -0.0908294,
        -0.005291598
      ]
    ],
    "translation": [
      2.185649,
      0.7383668,
      -0.7001995
    ]
  },
  {
    "timeStamp": 15520,
    "rotation": [
      [
        0.100432113,
        -0.9940715,
        -0.0416576974
      ],
      [
        -0.0193461049,
        -0.04381261,
        0.998852432
      ],
      [
        -0.994755864,
        -0.0995109454,
        -0.0236316044
      ]
    ],
    "translation": [
      2.18541551,
      0.7374793,
      -0.6992259
    ]
  },
  {
    "timeStamp": 15575,
    "rotation": [
      [
        0.06206882,
        -0.997776151,
        -0.0242961161
      ],
      [
        -0.0222722478,
        -0.0257216636,
        0.999421
      ],
      [
        -0.9978234,
        -0.06149175,
        -0.02381923
      ]
    ],
    "translation": [
      2.18378568,
      0.737000048,
      -0.6997935
    ]
  },
  {
    "timeStamp": 15620,
    "rotation": [
      [
        0.0815496147,
        -0.9964999,
        -0.0183740072
      ],
      [
        -0.009841289,
        -0.01923961,
        0.999766469
      ],
      [
        -0.996620655,
        -0.0813497454,
        -0.0113758268
      ]
    ],
    "translation": [
      2.18494582,
      0.7373548,
      -0.7017816
    ]
  },
  {
    "timeStamp": 15675,
    "rotation": [
      [
        0.101202533,
        -0.9938529,
        -0.0448817275
      ],
      [
        -0.0120687056,
        -0.04633647,
        0.998852968
      ],
      [
        -0.99479264,
        -0.10054478,
        -0.0166838858
      ]
    ],
    "translation": [
      2.18821621,
      0.73809135,
      -0.704248846
    ]
  }
]