[
  {
    "timeStamp": 58196,
    "rotation": [
      [
        0.931941867,
        -0.342748255,
        -0.118355371
      ],
      [
        0.2940253,
        0.905311465,
        -0.3065295
      ],
      [
        0.212210923,
        0.2508682,
        0.9444743
      ]
    ],
    "translation": [
      1.5621624,
      0.8424706,
      -0.5802603
    ]
  },
  {
    "timeStamp": 58242,
    "rotation": [
      [
        0.935262442,
        -0.336541742,
        -0.109652936
      ],
      [
        0.289411515,
        0.90544945,
        -0.3104871
      ],
      [
        0.20377706,
        0.2586521,
        0.944232
      ]
    ],
    "translation": [
      1.56174338,
      0.8462359,
      -0.577347457
    ]
  },
  {
    "timeStamp": 58296,
    "rotation": [
      [
        0.944207549,
        -0.299612641,
        -0.136763737
      ],
      [
        0.265906572,
        0.9385081,
        -0.220218569
      ],
      [
        0.194334149,
        0.171565652,
        0.9658154
      ]
    ],
    "translation": [
      1.56604981,
      0.857275,
      -0.5820636
    ]
  },
  {
    "timeStamp": 58354,
    "rotation": [
      [
        0.9416052,
        -0.290994942,
        -0.169415221
      ],
      [
        0.26723212,
        0.951919258,
        -0.149788916
      ],
      [
        0.204857439,
        0.09576884,
        0.9740953
      ]
    ],
    "translation": [
      1.57331908,
      0.877470136,
      -0.588474
    ]
  },
  {
    "timeStamp": 58396,
    "rotation": [
      [
        0.9581745,
        -0.239244923,
        -0.157045975
      ],
      [
        0.224529386,
        0.9687042,
        -0.105823949
      ],
      [
        0.177448943,
        0.0661363751,
        0.9819052
      ]
    ],
    "translation": [
      1.58717835,
      0.9051937,
      -0.589712441
    ]
  },
  {
    "timeStamp": 58442,
    "rotation": [
      [
        0.9743418,
        -0.173418418,
        -0.14347142
      ],
      [
        0.165700167,
        0.984084666,
        -0.06419267
      ],
      [
        0.152320221,
        0.0387723632,
        0.987570345
      ]
    ],
    "translation": [
      1.60449374,
      0.9404736,
      -0.5929444
    ]
  },
  {
    "timeStamp": 58498,
    "rotation": [
      [
        0.98508817,
        -0.11769858,
        -0.1254925
      ],
      [
        0.11614877,
        0.993038,
        -0.01962171
      ],
      [
        0.12692827,
        0.004753314,
        0.991900563
      ]
    ],
    "translation": [
      1.63352287,
      0.983436,
      -0.604390442
    ]
  },
  {
    "timeStamp": 58543,
    "rotation": [
      [
        0.994610965,
        -0.06823356,
        -0.07805874
      ],
      [
        0.06777845,
        0.9976644,
        -0.008467969
      ],
      [
        0.07845423,
        0.00313163362,
        0.9969128
      ]
    ],
    "translation": [
      1.665623,
      1.01779628,
      -0.612948835
    ]
  },
  {
    "timeStamp": 58599,
    "rotation": [
      [
        0.999585867,
        -0.0222316,
        -0.0182701666
      ],
      [
        0.0219629388,
        0.9996495,
        -0.0147761991
      ],
      [
        0.0185922626,
        0.0143688135,
        0.999723852
      ]
    ],
    "translation": [
      1.71210456,
      1.05413651,
      -0.627474666
    ]
  },
  {
    "timeStamp": 58643,
    "rotation": [
      [
        0.998852849,
        -0.0275509637,
        0.0391661972
      ],
      [
        0.0283644218,
        0.9993901,
        -0.0203676019
      ],
      [
        -0.0385811627,
        0.0214551631,
        0.999025166
      ]
    ],
    "translation": [
      1.75250554,
      1.07274139,
      -0.641313851
    ]
  },
  {
    "timeStamp": 58699,
    "rotation": [
      [
        0.986970365,
        -0.0819556639,
        0.138465777
      ],
      [
        0.08737561,
        0.99561137,
        -0.0335183553
      ],
      [
        -0.135111079,
        0.0451801531,
        0.989799857
      ]
    ],
    "translation": [
      1.80750418,
      1.08212578,
      -0.6571123
    ]
  },
  {
    "timeStamp": 58743,
    "rotation": [
      [
        0.964618146,
        -0.135305732,
        0.226283416
      ],
      [
        0.148780733,
        0.987912357,
        -0.0435135141
      ],
      [
        -0.217660561,
        0.07564054,
        0.9730891
      ]
    ],
    "translation": [
      1.85374987,
      1.08459139,
      -0.668464243
    ]
  },
  {
    "timeStamp": 58800,
    "rotation": [
      [
        0.9233981,
        -0.222326547,
        0.312900782
      ],
      [
        0.246835411,
        0.9682113,
        -0.0404865332
      ],
      [
        -0.293952852,
        0.114620186,
        0.9489225
      ]
    ],
    "translation": [
      1.90616655,
      1.079913,
      -0.683366835
    ]
  },
  {
    "timeStamp": 58844,
    "rotation": [
      [
        0.8880781,
        -0.327661067,
        0.322421223
      ],
      [
        0.3479693,
        0.937488437,
        -0.0057236664
      ],
      [
        -0.30039075,
        0.117275745,
        0.946579
      ]
    ],
    "translation": [
      1.93520117,
      1.07055962,
      -0.698132038
    ]
  },
  {
    "timeStamp": 58899,
    "rotation": [
      [
        0.8544378,
        -0.304799467,
        0.420753241
      ],
      [
        0.357513368,
        0.932543457,
        -0.05046712
      ],
      [
        -0.376988351,
        0.193545938,
        0.905770242
      ]
    ],
    "translation": [
      1.98056662,
      1.06310868,
      -0.702200055
    ]
  },
  {
    "timeStamp": 58944,
    "rotation": [
      [
        0.8111666,
        -0.27341494,
        0.5169653
      ],
      [
        0.368580163,
        0.9253312,
        -0.08894315
      ],
      [
        -0.454045743,
        0.262690872,
        0.851373
      ]
    ],
    "translation": [
      2.0173502,
      1.05116272,
      -0.7020667
    ]
  },
  {
    "timeStamp": 58997,
    "rotation": [
      [
        0.7782839,
        -0.268683881,
        0.5675237
      ],
      [
        0.417086959,
        0.8968361,
        -0.147388786
      ],
      [
        -0.469374776,
        0.351417065,
        0.81005764
      ]
    ],
    "translation": [
      2.04076838,
      1.03114283,
      -0.702189744
    ]
  },
  {
    "timeStamp": 59050,
    "rotation": [
      [
        0.7698507,
        -0.239606023,
        0.591539443
      ],
      [
        0.3982763,
        0.904597461,
        -0.151919335
      ],
      [
        -0.498704284,
        0.352551341,
        0.7918343
      ]
    ],
    "translation": [
      2.05595875,
      1.02386475,
      -0.701614
    ]
  },
  {
    "timeStamp": 59094,
    "rotation": [
      [
        0.782818,
        -0.214772671,
        0.5840108
      ],
      [
        0.402568877,
        0.890469968,
        -0.212135747
      ],
      [
        -0.4744831,
        0.401168257,
        0.783536732
      ]
    ],
    "translation": [
      2.05472374,
      1.01381612,
      -0.697352767
    ]
  },
  {
    "timeStamp": 59150,
    "rotation": [
      [
        0.784925,
        -0.172427937,
        0.595114648
      ],
      [
        0.4098661,
        0.864810169,
        -0.290022641
      ],
      [
        -0.464653164,
        0.4715633,
        0.7494835
      ]
    ],
    "translation": [
      2.056157,
      0.996650636,
      -0.6940512
    ]
  }
]