[
  {
    "timeStamp": 15798,
    "rotation": [
      [
        -0.8973676,
        0.420021325,
        -0.1353275
      ],
      [
        0.434462726,
        0.8946383,
        -0.104232952
      ],
      [
        0.0772891045,
        -0.152330026,
        -0.985303
      ]
    ],
    "translation": [
      1.31049311,
      0.730591,
      -0.614801347
    ]
  },
  {
    "timeStamp": 15843,
    "rotation": [
      [
        -0.897792935,
        0.407109678,
        -0.168016672
      ],
      [
        0.428903282,
        0.8948603,
        -0.123559311
      ],
      [
        0.10004928,
        -0.182993576,
        -0.978009939
      ]
    ],
    "translation": [
      1.30813491,
      0.73525697,
      -0.608727753
    ]
  },
  {
    "timeStamp": 15898,
    "rotation": [
      [
        -0.8453719,
        0.4631895,
        -0.266086161
      ],
      [
        0.499454856,
        0.8620407,
        -0.08620101
      ],
      [
        0.189449713,
        -0.205769941,
        -0.9600873
      ]
    ],
    "translation": [
      1.30290353,
      0.762353361,
      -0.599874258
    ]
  },
  {
    "timeStamp": 15943,
    "rotation": [
      [
        -0.7925744,
        0.5076535,
        -0.337807357
      ],
      [
        0.5573821,
        0.8278067,
        -0.06372818
      ],
      [
        0.247287348,
        -0.238797083,
        -0.9390553
      ]
    ],
    "translation": [
      1.30689,
      0.7919882,
      -0.595303953
    ]
  },
  {
    "timeStamp": 15998,
    "rotation": [
      [
        -0.700754762,
        0.560974,
        -0.440739125
      ],
      [
        0.6330163,
        0.7738393,
        -0.0215215832
      ],
      [
        0.3289882,
        -0.294076383,
        -0.8973772
      ]
    ],
    "translation": [
      1.32776046,
      0.839143634,
      -0.5909629
    ]
  },
  {
    "timeStamp": 16043,
    "rotation": [
      [
        -0.603402734,
        0.594092548,
        -0.531939
      ],
      [
        0.6777636,
        0.733547747,
        0.0504397042
      ],
      [
        0.420168579,
        -0.3300935,
        -0.845279
      ]
    ],
    "translation": [
      1.3584106,
      0.8777561,
      -0.589937031
    ]
  },
  {
    "timeStamp": 16098,
    "rotation": [
      [
        -0.481486231,
        0.591275454,
        -0.6469655
      ],
      [
        0.7045668,
        0.700167954,
        0.115543939
      ],
      [
        0.5213028,
        -0.4001976,
        -0.7537143
      ]
    ],
    "translation": [
      1.41611052,
      0.921934247,
      -0.5892756
    ]
  },
  {
    "timeStamp": 16143,
    "rotation": [
      [
        -0.386427879,
        0.5875747,
        -0.7109356
      ],
      [
        0.716365457,
        0.676719248,
        0.169916287
      ],
      [
        0.580942333,
        -0.4436293,
        -0.682421446
      ]
    ],
    "translation": [
      1.46810114,
      0.9534868,
      -0.5958386
    ]
  },
  {
    "timeStamp": 16198,
    "rotation": [
      [
        -0.3143189,
        0.5203891,
        -0.7939766
      ],
      [
        0.724122643,
        0.6722683,
        0.153953761
      ],
      [
        0.6138812,
        -0.5265458,
        -0.588132143
      ]
    ],
    "translation": [
      1.5433495,
      0.9872098,
      -0.607413948
    ]
  },
  {
    "timeStamp": 16243,
    "rotation": [
      [
        -0.231680125,
        0.446968019,
        -0.864027739
      ],
      [
        0.7160465,
        0.6795746,
        0.159548551
      ],
      [
        0.658484459,
        -0.5817198,
        -0.477493823
      ]
    ],
    "translation": [
      1.61079109,
      1.00992155,
      -0.618528843
    ]
  },
  {
    "timeStamp": 16298,
    "rotation": [
      [
        -0.10115096,
        0.31330508,
        -0.9442502
      ],
      [
        0.697300553,
        0.699298561,
        0.15733242
      ],
      [
        0.7096058,
        -0.642511845,
        -0.2892025
      ]
    ],
    "translation": [
      1.700762,
      1.03235245,
      -0.6356856
    ]
  },
  {
    "timeStamp": 16342,
    "rotation": [
      [
        0.0197357945,
        0.1517897,
        -0.9882158
      ],
      [
        0.6795718,
        0.7229475,
        0.12461637
      ],
      [
        0.733343542,
        -0.674023,
        -0.0888840556
      ]
    ],
    "translation": [
      1.77706826,
      1.04539216,
      -0.653059959
    ]
  },
  {
    "timeStamp": 16398,
    "rotation": [
      [
        0.189930409,
        -0.03218127,
        -0.98127
      ],
      [
        0.6423567,
        0.7599313,
        0.09940945
      ],
      [
        0.7424987,
        -0.6492062,
        0.165005922
      ]
    ],
    "translation": [
      1.86386681,
      1.0528146,
      -0.680793047
    ]
  },
  {
    "timeStamp": 16442,
    "rotation": [
      [
        0.3077515,
        -0.162002489,
        -0.937573552
      ],
      [
        0.6309033,
        0.7723593,
        0.07363403
      ],
      [
        0.7122148,
        -0.614179254,
        0.339902669
      ]
    ],
    "translation": [
      1.92220485,
      1.05879211,
      -0.70188266
    ]
  },
  {
    "timeStamp": 16498,
    "rotation": [
      [
        0.4576473,
        -0.301019847,
        -0.8366278
      ],
      [
        0.631128848,
        0.772762,
        0.0671955943
      ],
      [
        0.6262869,
        -0.5587718,
        0.5436348
      ]
    ],
    "translation": [
      1.98529792,
      1.06268847,
      -0.7267279
    ]
  },
  {
    "timeStamp": 16542,
    "rotation": [
      [
        0.55319,
        -0.3938235,
        -0.73408705
      ],
      [
        0.6310568,
        0.7733616,
        0.06065536
      ],
      [
        0.5438273,
        -0.4968046,
        0.676340938
      ]
    ],
    "translation": [
      2.026933,
      1.06187928,
      -0.7432849
    ]
  },
  {
    "timeStamp": 16598,
    "rotation": [
      [
        0.6743775,
        -0.4375402,
        -0.5947887
      ],
      [
        0.5988286,
        0.795356333,
        0.0938755646
      ],
      [
        0.431994617,
        -0.419484019,
        0.798382
      ]
    ],
    "translation": [
      2.06612182,
      1.04888427,
      -0.757504
    ]
  },
  {
    "timeStamp": 16642,
    "rotation": [
      [
        0.7573553,
        -0.444640577,
        -0.478233933
      ],
      [
        0.554722548,
        0.8244724,
        0.111928813
      ],
      [
        0.3445226,
        -0.350057,
        0.8710708
      ]
    ],
    "translation": [
      2.08964229,
      1.02987945,
      -0.764093459
    ]
  },
  {
    "timeStamp": 16698,
    "rotation": [
      [
        0.8417075,
        -0.4322791,
        -0.323516816
      ],
      [
        0.491422653,
        0.8615601,
        0.127349585
      ],
      [
        0.223678634,
        -0.2661746,
        0.9376134
      ]
    ],
    "translation": [
      2.11453462,
      1.00153923,
      -0.772643447
    ]
  },
  {
    "timeStamp": 16745,
    "rotation": [
      [
        0.8793865,
        -0.4162668,
        -0.231087416
      ],
      [
        0.452136546,
        0.882216632,
        0.131401733
      ],
      [
        0.14917098,
        -0.22003597,
        0.964018762
      ]
    ],
    "translation": [
      2.13101244,
      0.9773712,
      -0.773204863
    ]
  },
  {
    "timeStamp": 16793,
    "rotation": [
      [
        0.9128834,
        -0.388784349,
        -0.124461517
      ],
      [
        0.402825475,
        0.907333434,
        0.120323539
      ],
      [
        0.0661481842,
        -0.15997763,
        0.984901845
      ]
    ],
    "translation": [
      2.14829278,
      0.945802,
      -0.776295066
    ]
  },
  {
    "timeStamp": 16848,
    "rotation": [
      [
        0.909608,
        -0.396429569,
        -0.1243256
      ],
      [
        0.408290833,
        0.908314168,
        0.09090665
      ],
      [
        0.07688861,
        -0.133450419,
        0.9880684
      ]
    ],
    "translation": [
      2.16506219,
      0.9209862,
      -0.7661469
    ]
  },
  {
    "timeStamp": 16893,
    "rotation": [
      [
        0.904645741,
        -0.410232782,
        -0.115434669
      ],
      [
        0.419762,
        0.9045196,
        0.07512715
      ],
      [
        0.0735933,
        -0.11641854,
        0.99047
      ]
    ],
    "translation": [
      2.17930079,
      0.904653132,
      -0.76306057
    ]
  },
  {
    "timeStamp": 16948,
    "rotation": [
      [
        0.9231344,
        -0.369771183,
        -0.10531953
      ],
      [
        0.3784534,
        0.9222147,
        0.07932932
      ],
      [
        0.06779352,
        -0.113090158,
        0.991269231
      ]
    ],
    "translation": [
      2.18777514,
      0.8807688,
      -0.758169353
    ]
  },
  {
    "timeStamp": 16992,
    "rotation": [
      [
        0.9208568,
        -0.375249922,
        -0.10587813
      ],
      [
        0.385051459,
        0.9179271,
        0.0956305
      ],
      [
        0.061303068,
        -0.128830522,
        0.989769936
      ]
    ],
    "translation": [
      2.19673181,
      0.8670807,
      -0.7512961
    ]
  },
  {
    "timeStamp": 17048,
    "rotation": [
      [
        0.909421265,
        -0.394293964,
        -0.132231981
      ],
      [
        0.406094283,
        0.9105019,
        0.07793414
      ],
      [
        0.0896685049,
        -0.124573618,
        0.9881503
      ]
    ],
    "translation": [
      2.21102762,
      0.8547687,
      -0.7462136
    ]
  },
  {
    "timeStamp": 17092,
    "rotation": [
      [
        0.9063462,
        -0.40066117,
        -0.134190783
      ],
      [
        0.411380529,
        0.9092284,
        0.0637949556
      ],
      [
        0.0964499041,
        -0.113023788,
        0.9888999
      ]
    ],
    "translation": [
      2.21987343,
      0.8456697,
      -0.743574858
    ]
  },
  {
    "timeStamp": 17149,
    "rotation": [
      [
        0.923022866,
        -0.37305516,
        -0.094121
      ],
      [
        0.37910074,
        0.923597634,
        0.05700959
      ],
      [
        0.06566221,
        -0.08830249,
        0.9939272
      ]
    ],
    "translation": [
      2.2242918,
      0.8264356,
      -0.7493174
    ]
  },
  {
    "timeStamp": 17195,
    "rotation": [
      [
        0.9276335,
        -0.3635244,
        -0.0857095644
      ],
      [
        0.367788941,
        0.929040551,
        0.0401873253
      ],
      [
        0.06501858,
        -0.06880213,
        0.9955094
      ]
    ],
    "translation": [
      2.22743988,
      0.8134047,
      -0.751488268
    ]
  },
  {
    "timeStamp": 17240,
    "rotation": [
      [
        0.9295572,
        -0.358415067,
        -0.08638333
      ],
      [
        0.362179935,
        0.9315503,
        0.0322436877
      ],
      [
        0.0689137951,
        -0.0612586625,
        0.995740056
      ]
    ],
    "translation": [
      2.2273953,
      0.8026669,
      -0.753593266
    ]
  },
  {
    "timeStamp": 17297,
    "rotation": [
      [
        0.931007266,
        -0.354824454,
        -0.08558663
      ],
      [
        0.35791567,
        0.9334591,
        0.0234613977
      ],
      [
        0.07156694,
        -0.05247553,
        0.9960545
      ]
    ],
    "translation": [
      2.225076,
      0.7916883,
      -0.75788933
    ]
  },
  {
    "timeStamp": 17342,
    "rotation": [
      [
        0.933287263,
        -0.348815441,
        -0.08545619
      ],
      [
        0.351911545,
        0.9357295,
        0.0238441918
      ],
      [
        0.07164666,
        -0.0523265,
        0.996056557
      ]
    ],
    "translation": [
      2.22230339,
      0.7841864,
      -0.759816
    ]
  },
  {
    "timeStamp": 17397,
    "rotation": [
      [
        0.9349904,
        -0.342244,
        -0.09307025
      ],
      [
        0.345635056,
        0.9380957,
        0.0226476528
      ],
      [
        0.07955778,
        -0.053343676,
        0.995402
      ]
    ],
    "translation": [
      2.219214,
      0.776667,
      -0.760654449
    ]
  },
  {
    "timeStamp": 17441,
    "rotation": [
      [
        0.9322278,
        -0.350610673,
        -0.0895741954
      ],
      [
        0.352983117,
        0.935557067,
        0.0116591835
      ],
      [
        0.07971393,
        -0.0424871929,
        0.995911956
      ]
    ],
    "translation": [
      2.21889687,
      0.775138438,
      -0.7622003
    ]
  },
  {
    "timeStamp": 17497,
    "rotation": [
      [
        0.9302394,
        -0.356300473,
        -0.08777667
      ],
      [
        0.3588919,
        0.933255,
        0.01522274
      ],
      [
        0.07649414,
        -0.04566313,
        0.9960239
      ]
    ],
    "translation": [
      2.219348,
      0.7736409,
      -0.76048857
    ]
  },
  {
    "timeStamp": 17542,
    "rotation": [
      [
        0.932084,
        -0.353274822,
        -0.08010146
      ],
      [
        0.355938762,
        0.93426466,
        0.0213810038
      ],
      [
        0.0672825947,
        -0.0484401062,
        0.996557355
      ]
    ],
    "translation": [
      2.2193253,
      0.7709227,
      -0.758029461
    ]
  },
  {
    "timeStamp": 17597,
    "rotation": [
      [
        0.932611644,
        -0.3523158,
        -0.0781607851
      ],
      [
        0.355573356,
        0.934094,
        0.0321869738
      ],
      [
        0.06166954,
        -0.0578098372,
        0.996421039
      ]
    ],
    "translation": [
      2.220413,
      0.7680907,
      -0.7519213
    ]
  },
  {
    "timeStamp": 17642,
    "rotation": [
      [
        0.9288131,
        -0.360080183,
        -0.0874553844
      ],
      [
        0.3643293,
        0.9304845,
        0.0382461846
      ],
      [
        0.06760418,
        -0.06738611,
        0.995434
      ]
    ],
    "translation": [
      2.22270751,
      0.7674632,
      -0.745491266
    ]
  },
  {
    "timeStamp": 17697,
    "rotation": [
      [
        0.923756,
        -0.3686967,
        -0.103622288
      ],
      [
        0.375986576,
        0.924533844,
        0.0622192845
      ],
      [
        0.07286227,
        -0.09643603,
        0.992668748
      ]
    ],
    "translation": [
      2.22609138,
      0.767054558,
      -0.736729145
    ]
  }
]