[
  {
    "timeStamp": 30881,
    "rotation": [
      [
        0.47531572,
        -0.270656019,
        0.8371501
      ],
      [
        0.556769133,
        0.829278648,
        -0.04801035
      ],
      [
        -0.681236446,
        0.4889194,
        0.5448621
      ]
    ],
    "translation": [
      1.58530378,
      0.708707333,
      -0.7438507
    ]
  },
  {
    "timeStamp": 30936,
    "rotation": [
      [
        0.524536431,
        -0.258661062,
        0.8111449
      ],
      [
        0.528627038,
        0.845783532,
        -0.07213617
      ],
      [
        -0.667394161,
        0.466631174,
        0.580379546
      ]
    ],
    "translation": [
      1.58298981,
      0.7122388,
      -0.7409481
    ]
  },
  {
    "timeStamp": 30981,
    "rotation": [
      [
        0.5474859,
        -0.24506551,
        0.8001263
      ],
      [
        0.5156151,
        0.8518784,
        -0.09189297
      ],
      [
        -0.659090459,
        0.4628673,
        0.592750847
      ]
    ],
    "translation": [
      1.58202565,
      0.7196067,
      -0.739340246
    ]
  },
  {
    "timeStamp": 31038,
    "rotation": [
      [
        0.573721349,
        -0.222233132,
        0.788324952
      ],
      [
        0.485289872,
        0.8675821,
        -0.108604565
      ],
      [
        -0.659801066,
        0.444874883,
        0.6055979
      ]
    ],
    "translation": [
      1.58570218,
      0.7400705,
      -0.736986458
    ]
  },
  {
    "timeStamp": 31080,
    "rotation": [
      [
        0.5846186,
        -0.171585843,
        0.7929561
      ],
      [
        0.4463311,
        0.884204745,
        -0.137733281
      ],
      [
        -0.6775025,
        0.434442431,
        0.593506634
      ]
    ],
    "translation": [
      1.593072,
      0.7661365,
      -0.734657764
    ]
  },
  {
    "timeStamp": 31136,
    "rotation": [
      [
        0.598686337,
        -0.1046277,
        0.7941208
      ],
      [
        0.3825943,
        0.9083738,
        -0.168756336
      ],
      [
        -0.703701854,
        0.404858172,
        0.583860934
      ]
    ],
    "translation": [
      1.612068,
      0.8108922,
      -0.7360136
    ]
  },
  {
    "timeStamp": 31180,
    "rotation": [
      [
        0.6023873,
        -0.0604927763,
        0.795908332
      ],
      [
        0.325496882,
        0.9290678,
        -0.17574048
      ],
      [
        -0.7288218,
        0.364929527,
        0.579348862
      ]
    ],
    "translation": [
      1.635095,
      0.851292253,
      -0.7414658
    ]
  },
  {
    "timeStamp": 31236,
    "rotation": [
      [
        0.5929649,
        -0.007870898,
        0.805189848
      ],
      [
        0.2765881,
        0.941102266,
        -0.194487929
      ],
      [
        -0.7562352,
        0.338030428,
        0.5602176
      ]
    ],
    "translation": [
      1.67530632,
      0.896726549,
      -0.7538359
    ]
  },
  {
    "timeStamp": 31280,
    "rotation": [
      [
        0.5543908,
        0.02451326,
        0.8318954
      ],
      [
        0.248799041,
        0.9489748,
        -0.193767577
      ],
      [
        -0.7941977,
        0.314397752,
        0.520004034
      ]
    ],
    "translation": [
      1.71988738,
      0.9280419,
      -0.7625321
    ]
  },
  {
    "timeStamp": 31336,
    "rotation": [
      [
        0.473785281,
        0.04649301,
        0.879412234
      ],
      [
        0.247754022,
        0.9512346,
        -0.183768153
      ],
      [
        -0.845071256,
        0.304944545,
        0.439162135
      ]
    ],
    "translation": [
      1.7860167,
      0.9571086,
      -0.7707773
    ]
  },
  {
    "timeStamp": 31391,
    "rotation": [
      [
        0.346580833,
        0.06808868,
        0.9355457
      ],
      [
        0.262481779,
        0.9504787,
        -0.166414112
      ],
      [
        -0.9005471,
        0.303239644,
        0.31154564
      ]
    ],
    "translation": [
      1.86423516,
      0.9752832,
      -0.7746443
    ]
  },
  {
    "timeStamp": 31436,
    "rotation": [
      [
        0.226372808,
        0.0561965331,
        0.972418249
      ],
      [
        0.28250134,
        0.9516355,
        -0.12076
      ],
      [
        -0.932173967,
        0.302046239,
        0.1995488
      ]
    ],
    "translation": [
      1.93020809,
      0.9826586,
      -0.7765082
    ]
  },
  {
    "timeStamp": 31481,
    "rotation": [
      [
        0.107787274,
        0.0215787869,
        0.993939757
      ],
      [
        0.3054119,
        0.950701535,
        -0.053760305
      ],
      [
        -0.9461001,
        0.3093557,
        0.0958831161
      ]
    ],
    "translation": [
      1.99515688,
      0.9833488,
      -0.777820468
    ]
  },
  {
    "timeStamp": 31532,
    "rotation": [
      [
        -0.0141551737,
        0.027662361,
        0.9995171
      ],
      [
        0.340918869,
        0.939854,
        -0.0211830437
      ],
      [
        -0.939986169,
        0.3404544,
        -0.0227344166
      ]
    ],
    "translation": [
      2.06353164,
      0.9775397,
      -0.778980136
    ]
  },
  {
    "timeStamp": 31586,
    "rotation": [
      [
        -0.05887355,
        -0.0264892615,
        0.997913957
      ],
      [
        0.3441731,
        0.9378177,
        0.0451990739
      ],
      [
        -0.9370586,
        0.346116155,
        -0.0460957624
      ]
    ],
    "translation": [
      2.11148381,
      0.9699136,
      -0.7738986
    ]
  },
  {
    "timeStamp": 31631,
    "rotation": [
      [
        -0.0302091464,
        -0.0004982379,
        0.9995434
      ],
      [
        0.339655042,
        0.940488756,
        0.0107341772
      ],
      [
        -0.9400648,
        0.339824259,
        -0.0282421354
      ]
    ],
    "translation": [
      2.12889481,
      0.9609255,
      -0.7645763
    ]
  },
  {
    "timeStamp": 31686,
    "rotation": [
      [
        0.021607548,
        0.0105100879,
        0.9997113
      ],
      [
        0.371921033,
        0.9280938,
        -0.0177957863
      ],
      [
        -0.9280129,
        0.3721982,
        0.0161449071
      ]
    ],
    "translation": [
      2.13688421,
      0.9427822,
      -0.7499432
    ]
  },
  {
    "timeStamp": 31731,
    "rotation": [
      [
        0.0549675971,
        0.0484303944,
        0.9973129
      ],
      [
        0.3774687,
        0.9236916,
        -0.06565973
      ],
      [
        -0.9243895,
        0.380063564,
        0.03249215
      ]
    ],
    "translation": [
      2.13346028,
      0.929006,
      -0.735755146
    ]
  },
  {
    "timeStamp": 31786,
    "rotation": [
      [
        0.08412096,
        0.0947285742,
        0.991942644
      ],
      [
        0.382162333,
        0.9162821,
        -0.119912148
      ],
      [
        -0.9202584,
        0.389170259,
        0.04087684
      ]
    ],
    "translation": [
      2.12466216,
      0.910637856,
      -0.7196118
    ]
  },
  {
    "timeStamp": 31831,
    "rotation": [
      [
        0.08583053,
        0.117006041,
        0.989415348
      ],
      [
        0.4098542,
        0.9010135,
        -0.142106175
      ],
      [
        -0.9081039,
        0.4177131,
        0.0293790475
      ]
    ],
    "translation": [
      2.11592364,
      0.8963206,
      -0.7125225
    ]
  },
  {
    "timeStamp": 31887,
    "rotation": [
      [
        0.104413204,
        0.08062591,
        0.991260469
      ],
      [
        0.3963755,
        0.9107524,
        -0.115829378
      ],
      [
        -0.9121317,
        0.405005485,
        0.06313645
      ]
    ],
    "translation": [
      2.10497355,
      0.8892754,
      -0.703060865
    ]
  },
  {
    "timeStamp": 31932,
    "rotation": [
      [
        0.09766081,
        0.0965117,
        0.99052906
      ],
      [
        0.4106974,
        0.902679145,
        -0.128444627
      ],
      [
        -0.9065263,
        0.419351727,
        0.0485192761
      ]
    ],
    "translation": [
      2.10116863,
      0.8828305,
      -0.7003383
    ]
  },
  {
    "timeStamp": 31989,
    "rotation": [
      [
        0.07457301,
        0.100463279,
        0.992142141
      ],
      [
        0.427300066,
        0.895728946,
        -0.122818008
      ],
      [
        -0.90102917,
        0.433101326,
        0.02386924
      ]
    ],
    "translation": [
      2.10446548,
      0.875671268,
      -0.6989611
    ]
  },
  {
    "timeStamp": 32034,
    "rotation": [
      [
        0.0614895225,
        0.100271836,
        0.9930582
      ],
      [
        0.448147833,
        0.886238933,
        -0.117235027
      ],
      [
        -0.8918422,
        0.4522456,
        0.009557804
      ]
    ],
    "translation": [
      2.10700846,
      0.87133193,
      -0.7011341
    ]
  },
  {
    "timeStamp": 32091,
    "rotation": [
      [
        0.0622467063,
        0.100314021,
        0.993006766
      ],
      [
        0.451112747,
        0.884678543,
        -0.117648691
      ],
      [
        -0.890293539,
        0.455281228,
        0.009815391
      ]
    ],
    "translation": [
      2.10862684,
      0.87248,
      -0.7059973
    ]
  },
  {
    "timeStamp": 32135,
    "rotation": [
      [
        0.03572456,
        0.0962774158,
        0.994713247
      ],
      [
        0.450466633,
        0.8869446,
        -0.102024838
      ],
      [
        -0.8920782,
        0.451729923,
        -0.0116840564
      ]
    ],
    "translation": [
      2.1145525,
      0.877290547,
      -0.7140895
    ]
  },
  {
    "timeStamp": 32191,
    "rotation": [
      [
        -0.03820029,
        0.110858887,
        0.9931017
      ],
      [
        0.458012581,
        0.8852294,
        -0.08119947
      ],
      [
        -0.8881246,
        0.451751262,
        -0.08459078
      ]
    ],
    "translation": [
      2.13219261,
      0.8806472,
      -0.731144965
    ]
  },
  {
    "timeStamp": 32235,
    "rotation": [
      [
        -0.139562175,
        0.142799273,
        0.97986263
      ],
      [
        0.48802492,
        0.870939136,
        -0.0574158579
      ],
      [
        -0.8615997,
        0.470184326,
        -0.191239774
      ]
    ],
    "translation": [
      2.15278888,
      0.87693876,
      -0.7504055
    ]
  },
  {
    "timeStamp": 32291,
    "rotation": [
      [
        -0.222786158,
        0.185950384,
        0.956968546
      ],
      [
        0.5221764,
        0.851705253,
        -0.0439316928
      ],
      [
        -0.823224247,
        0.489919,
        -0.286847025
      ]
    ],
    "translation": [
      2.17518616,
      0.8667488,
      -0.7735251
    ]
  },
  {
    "timeStamp": 32335,
    "rotation": [
      [
        -0.281983435,
        0.226211831,
        0.9323698
      ],
      [
        0.543306231,
        0.8386212,
        -0.0391504169
      ],
      [
        -0.7907614,
        0.4955226,
        -0.359379619
      ]
    ],
    "translation": [
      2.18958545,
      0.8590825,
      -0.787458062
    ]
  },
  {
    "timeStamp": 32381,
    "rotation": [
      [
        -0.3139235,
        0.278993517,
        0.9075322
      ],
      [
        0.5464553,
        0.834755838,
        -0.06759682
      ],
      [
        -0.776426852,
        0.474705577,
        -0.414506942
      ]
    ],
    "translation": [
      2.19794941,
      0.855032861,
      -0.794359148
    ]
  },
  {
    "timeStamp": 32435,
    "rotation": [
      [
        -0.310780346,
        0.310401559,
        0.8983688
      ],
      [
        0.5374698,
        0.8369389,
        -0.103245027
      ],
      [
        -0.7839272,
        0.45075953,
        -0.4269356
      ]
    ],
    "translation": [
      2.199221,
      0.8531419,
      -0.7930611
    ]
  },
  {
    "timeStamp": 32490,
    "rotation": [
      [
        -0.31233862,
        0.352556825,
        0.882127166
      ],
      [
        0.515993655,
        0.842623,
        -0.154068217
      ],
      [
        -0.7976184,
        0.40705055,
        -0.4451008
      ]
    ],
    "translation": [
      2.20056581,
      0.852877438,
      -0.7859787
    ]
  },
  {
    "timeStamp": 32535,
    "rotation": [
      [
        -0.324212,
        0.396833569,
        0.858725548
      ],
      [
        0.511236966,
        0.8372798,
        -0.193905413
      ],
      [
        -0.79594177,
        0.3761458,
        -0.474332154
      ]
    ],
    "translation": [
      2.205758,
      0.849915,
      -0.781177
    ]
  },
  {
    "timeStamp": 32590,
    "rotation": [
      [
        -0.360962063,
        0.4322368,
        0.82636416
      ],
      [
        0.519046,
        0.829291165,
        -0.207044572
      ],
      [
        -0.7747888,
        0.35418582,
        -0.5236934
      ]
    ],
    "translation": [
      2.21793365,
      0.843326032,
      -0.777634263
    ]
  },
  {
    "timeStamp": 32635,
    "rotation": [
      [
        -0.382854283,
        0.4607221,
        0.8007233
      ],
      [
        0.532625139,
        0.8182824,
        -0.216158286
      ],
      [
        -0.754806638,
        0.343728185,
        -0.5586751
      ]
    ],
    "translation": [
      2.22583842,
      0.8379101,
      -0.776199162
    ]
  },
  {
    "timeStamp": 32690,
    "rotation": [
      [
        -0.3995773,
        0.4658868,
        0.7894856
      ],
      [
        0.5548099,
        0.808488131,
        -0.196298078
      ],
      [
        -0.7297424,
        0.359578162,
        -0.5815321
      ]
    ],
    "translation": [
      2.23030519,
      0.832044244,
      -0.777861
    ]
  }
]