[
  {
    "id": "003 cracker box(Clone)-7178",
    "pickRotation": [
      [
        -0.9416155,
        0.223224327,
        0.252053827
      ],
      [
        -0.226675823,
        0.133244157,
        -0.964813
      ],
      [
        -0.2489544,
        -0.965617359,
        -0.07486521
      ]
    ],
    "pickTranslation": [
      0.00430196524,
      0.0198922027,
      0.210757717
    ],
    "placeRotation": [
      [
        0.993489563,
        -0.109535307,
        -0.03131347
      ],
      [
        0.0280856024,
        -0.0308888517,
        0.999128163
      ],
      [
        -0.110407047,
        -0.993502855,
        -0.027611386
      ]
    ],
    "placeTranslation": [
      -0.316003323,
      0.1012545,
      0.397797167
    ]
  },
  {
    "id": "005 tomato soup can(Clone)-7032",
    "pickRotation": [
      [
        -0.9378778,
        0.295096785,
        0.1824915
      ],
      [
        -0.3466841,
        -0.8182137,
        -0.4586245
      ],
      [
        0.0139784226,
        -0.493400633,
        0.8696898
      ]
    ],
    "pickTranslation": [
      -0.004556052,
      0.106548108,
      0.08767807
    ],
    "placeRotation": [
      [
        0.988404751,
        0.139256313,
        0.06052911
      ],
      [
        -0.09157886,
        0.228743762,
        0.969169557
      ],
      [
        0.121117324,
        -0.9634749,
        0.23884435
      ]
    ],
    "placeTranslation": [
      -1.13483858,
      0.144276589,
      -0.421292156
    ]
  },
  {
    "id": "103 toothpaste(Clone)-6624",
    "pickRotation": [
      [
        -0.157485455,
        0.432867467,
        -0.8875945
      ],
      [
        -0.984652,
        -0.000363865227,
        0.174528852
      ],
      [
        0.0752249,
        0.901457548,
        0.426281124
      ]
    ],
    "pickTranslation": [
      0.03367957,
      0.0237183012,
      -0.03196779
    ],
    "placeRotation": [
      [
        0.3194868,
        -0.2071583,
        0.924669445
      ],
      [
        0.947067738,
        0.0373904929,
        -0.318848938
      ],
      [
        0.0314783528,
        0.977592647,
        0.2081387
      ]
    ],
    "placeTranslation": [
      -0.6451548,
      0.735603869,
      -0.470605016
    ]
  },
  {
    "id": "002 masterchef can(Clone)-7102",
    "pickRotation": [
      [
        -0.853860855,
        0.179613292,
        -0.488529116
      ],
      [
        0.494290531,
        -0.0142762717,
        -0.869179547
      ],
      [
        -0.163090587,
        -0.9836337,
        -0.0765912
      ]
    ],
    "pickTranslation": [
      0.0128994947,
      -0.008690617,
      0.132811069
    ],
    "placeRotation": [
      [
        0.671128035,
        -0.7365428,
        -0.08421331
      ],
      [
        -0.000116304582,
        -0.113700449,
        0.9935151
      ],
      [
        -0.7413415,
        -0.666766,
        -0.0763932243
      ]
    ],
    "placeTranslation": [
      -0.290257752,
      0.103583306,
      -0.355969518
    ]
  },
  {
    "id": "002 masterchef can(Clone)-7130",
    "pickRotation": [
      [
        -0.670327544,
        0.16396597,
        -0.7237238
      ],
      [
        0.7104935,
        -0.139639616,
        -0.6897099
      ],
      [
        -0.214149475,
        -0.976532638,
        -0.022892477
      ]
    ],
    "pickTranslation": [
      -0.004178089,
      -0.013659196,
      0.14234
    ],
    "placeRotation": [
      [
        0.505413234,
        -0.860594,
        -0.06273401
      ],
      [
        0.00355196046,
        -0.07062767,
        0.9974964
      ],
      [
        -0.862870157,
        -0.504370749,
        -0.0326393619
      ]
    ],
    "placeTranslation": [
      -0.309755117,
      0.635521948,
      -0.428672552
    ]
  },
  {
    "id": "008 pudding box(Clone)-7114",
    "pickRotation": [
      [
        0.166640177,
        -0.5635512,
        0.809099
      ],
      [
        -0.0123956325,
        -0.821704865,
        -0.569778442
      ],
      [
        0.98593986,
        0.08491869,
        -0.143914625
      ]
    ],
    "pickTranslation": [
      -0.014076489,
      0.0574519858,
      0.0187587775
    ],
    "placeRotation": [
      [
        0.922359049,
        -0.367811382,
        -0.118188582
      ],
      [
        0.377369434,
        0.9232812,
        0.07172269
      ],
      [
        0.08274088,
        -0.110754833,
        0.9903975
      ]
    ],
    "placeTranslation": [
      0.367963135,
      0.2631037,
      0.396875024
    ]
  },
  {
    "id": "007 tuna fish can(Clone)-6684",
    "pickRotation": [
      [
        -0.7055206,
        0.126703188,
        -0.6972711
      ],
      [
        0.708689,
        0.124974169,
        -0.6943641
      ],
      [
        -0.000837268133,
        -0.984036446,
        -0.177964985
      ]
    ],
    "pickTranslation": [
      0.03776559,
      -0.0176625717,
      0.0381508246
    ],
    "placeRotation": [
      [
        -0.2803302,
        -0.9569658,
        0.07504283
      ],
      [
        0.07133013,
        0.0571938232,
        0.995811641
      ],
      [
        -0.9572497,
        0.284508944,
        0.0522273369
      ]
    ],
    "placeTranslation": [
      0.418418735,
      0.166315,
      0.332736254
    ]
  },
  {
    "id": "013 apple(Clone)-7020",
    "pickRotation": [
      [
        -0.669535458,
        0.063162744,
        -0.740089655
      ],
      [
        0.7427719,
        0.0522741824,
        -0.667500734
      ],
      [
        -0.00347359735,
        -0.996633232,
        -0.08191494
      ]
    ],
    "pickTranslation": [
      0.00413122028,
      -0.007704664,
      0.03594921
    ],
    "placeRotation": [
      [
        -0.237211257,
        -0.9684319,
        0.07661932
      ],
      [
        0.03932516,
        0.06923325,
        0.9968251
      ],
      [
        -0.9706619,
        0.239471212,
        0.0216608327
      ]
    ],
    "placeTranslation": [
      0.551896632,
      0.373879433,
      0.3390272
    ]
  },
  {
    "id": "101 bread(Clone)-7190",
    "pickRotation": [
      [
        -0.9703563,
        0.0450612642,
        -0.23744078
      ],
      [
        -0.004429423,
        -0.985615134,
        -0.16894716
      ],
      [
        -0.241638213,
        -0.162887216,
        0.956597447
      ]
    ],
    "pickTranslation": [
      0.00589031959,
      0.03704222,
      -0.04838557
    ],
    "placeRotation": [
      [
        0.8563201,
        -0.513782263,
        -0.052380275
      ],
      [
        0.496316046,
        0.8467404,
        -0.191575363
      ],
      [
        0.142780513,
        0.138052657,
        0.9800792
      ]
    ],
    "placeTranslation": [
      0.457236,
      0.445750415,
      -0.457535654
    ]
  },
  {
    "id": "012 strawberry(Clone)-6660",
    "pickRotation": [
      [
        -0.394825429,
        -0.325382,
        -0.8592086
      ],
      [
        0.061459545,
        -0.942445755,
        0.328661859
      ],
      [
        -0.9166982,
        0.07695749,
        0.39209938
      ]
    ],
    "pickTranslation": [
      0.0142821111,
      0.013473738,
      0.0209547151
    ],
    "placeRotation": [
      [
        -0.3995773,
        0.4658868,
        0.7894856
      ],
      [
        0.5548099,
        0.808488131,
        -0.196298078
      ],
      [
        -0.7297424,
        0.359578162,
        -0.5815321
      ]
    ],
    "placeTranslation": [
      0.629982531,
      0.6665295,
      0.423730671
    ]
  },
  {
    "id": "015 peach(Clone)-6672",
    "pickRotation": [
      [
        -0.484930843,
        -0.233685642,
        0.842753232
      ],
      [
        -0.873076141,
        0.07338864,
        -0.4820292
      ],
      [
        0.0507947877,
        -0.9695386,
        -0.239613771
      ]
    ],
    "pickTranslation": [
      0.01298049,
      0.009297432,
      0.0610358268
    ],
    "placeRotation": [
      [
        0.915534556,
        0.402157664,
        0.00810616
      ],
      [
        -0.0185280535,
        0.0220318362,
        0.999585569
      ],
      [
        0.4018124,
        -0.9153053,
        0.0276221037
      ]
    ],
    "placeTranslation": [
      0.609109163,
      0.472931355,
      -0.37391758
    ]
  },
  {
    "id": "011 banana(Clone)-7044",
    "pickRotation": [
      [
        -0.998917162,
        0.02204101,
        0.04097166
      ],
      [
        -0.0250357948,
        0.487609327,
        -0.8727029
      ],
      [
        -0.03921342,
        -0.872783661,
        -0.486529469
      ]
    ],
    "pickTranslation": [
      0.0127608422,
      0.007900338,
      0.0384497344
    ],
    "placeRotation": [
      [
        0.473676562,
        -0.879510939,
        -0.0457270145
      ],
      [
        -0.08395243,
        -0.09677705,
        0.9917591
      ],
      [
        -0.876688361,
        -0.465934157,
        -0.1196781
      ]
    ],
    "placeTranslation": [
      0.678426147,
      0.5673519,
      0.03807809
    ]
  },
  {
    "id": "012 strawberry(Clone)-7166",
    "pickRotation": [
      [
        0.0211714059,
        -0.283951938,
        0.958604753
      ],
      [
        0.20407109,
        -0.9374059,
        -0.282179564
      ],
      [
        0.9787271,
        0.201597646,
        0.03810018
      ]
    ],
    "pickTranslation": [
      0.009463547,
      0.0407526866,
      0.01684143
    ],
    "placeRotation": [
      [
        0.5849375,
        -0.3465019,
        -0.733338
      ],
      [
        0.268635154,
        0.935885668,
        -0.22793223
      ],
      [
        0.7652995,
        -0.06367426,
        0.640517235
      ]
    ],
    "placeTranslation": [
      0.104787245,
      0.600131869,
      0.0306242555
    ]
  },
  {
    "id": "057 racquetball(Clone)-7154",
    "pickRotation": [
      [
        -0.9860183,
        -0.13023977,
        -0.103950024
      ],
      [
        0.13085033,
        -0.9914017,
        0.000953499344
      ],
      [
        -0.103180416,
        -0.0126617281,
        0.994582057
      ]
    ],
    "pickTranslation": [
      0.0140264714,
      -0.08781768,
      0.02344682
    ],
    "placeRotation": [
      [
        0.587910235,
        -0.154539838,
        0.7940271
      ],
      [
        0.170191422,
        0.9832415,
        0.06535381
      ],
      [
        -0.7908201,
        0.0967144147,
        0.6043591
      ]
    ],
    "placeTranslation": [
      0.533439159,
      1.60807264,
      0.230981648
    ]
  },
  {
    "id": "006 mustard bottle(Clone)-7202",
    "pickRotation": [
      [
        -0.8197861,
        0.134453654,
        -0.5566624
      ],
      [
        0.5496511,
        -0.08808836,
        -0.8307371
      ],
      [
        -0.1607311,
        -0.98699677,
        -0.00168897619
      ]
    ],
    "pickTranslation": [
      0.0360110626,
      0.006618603,
      0.151756182
    ],
    "placeRotation": [
      [
        0.4189521,
        -0.8778666,
        0.232011408
      ],
      [
        -0.155742824,
        0.182256326,
        0.9708382
      ],
      [
        -0.894552052,
        -0.442868829,
        -0.0603647567
      ]
    ],
    "placeTranslation": [
      -0.490854561,
      0.7406305,
      -0.9005009
    ]
  },
  {
    "id": "012 strawberry(Clone)-7142",
    "pickRotation": [
      [
        0.806093633,
        -0.305962384,
        -0.506557
      ],
      [
        -0.380442858,
        -0.9235807,
        -0.04755953
      ],
      [
        -0.453294843,
        0.231053427,
        -0.8608937
      ]
    ],
    "pickTranslation": [
      0.0104680676,
      0.0391464159,
      0.0149624255
    ],
    "placeRotation": [
      [
        -0.945343554,
        0.3235415,
        0.0405750722
      ],
      [
        0.306627423,
        0.92438215,
        -0.226930216
      ],
      [
        -0.110928208,
        -0.2020856,
        -0.973065436
      ]
    ],
    "placeTranslation": [
      -0.07495353,
      0.6686444,
      -0.0469914861
    ]
  },
  {
    "id": "012 strawberry(Clone)-7214",
    "pickRotation": [
      [
        -0.265286744,
        -0.477432281,
        -0.8376642
      ],
      [
        0.0881061852,
        -0.8771625,
        0.472041517
      ],
      [
        -0.9601355,
        0.05142295,
        0.2747643
      ]
    ],
    "pickTranslation": [
      0.0182308424,
      0.0327098,
      0.0185205042
    ],
    "placeRotation": [
      [
        -0.161233246,
        0.291867346,
        0.9427711
      ],
      [
        0.5100108,
        0.8424693,
        -0.173593119
      ],
      [
        -0.8449219,
        0.452834427,
        -0.284689516
      ]
    ],
    "placeTranslation": [
      0.088650234,
      0.6356775,
      -0.672290266
    ]
  },
  {
    "id": "016 pear(Clone)-7226",
    "pickRotation": [
      [
        -0.806922555,
        -0.387445062,
        -0.445827633
      ],
      [
        0.532094359,
        -0.149146318,
        -0.833445251
      ],
      [
        0.2564207,
        -0.909748137,
        0.326506853
      ]
    ],
    "pickTranslation": [
      0.0489401035,
      0.0130058583,
      0.05998549
    ],
    "placeRotation": [
      [
        0.6811599,
        -0.683189154,
        -0.26319924
      ],
      [
        0.490762651,
        0.15929611,
        0.8566077
      ],
      [
        -0.5432984,
        -0.7126552,
        0.44378987
      ]
    ],
    "placeTranslation": [
      0.2614299,
      0.412121147,
      -0.5363582
    ]
  }
]