[
  {
    "timeStamp": 82399,
    "rotation": [
      [
        0.9999238,
        0.0002623294,
        0.0123405186
      ],
      [
        -0.0123394849,
        -0.00363168749,
        0.999917269
      ],
      [
        0.0003071256,
        -0.9999934,
        -0.00362817384
      ]
    ],
    "translation": [
      1.76998007,
      0.7019101,
      -0.620003462
    ]
  },
  {
    "timeStamp": 82443,
    "rotation": [
      [
        0.999799132,
        -0.0190208852,
        -0.0063207536
      ],
      [
        0.00571840955,
        -0.03155694,
        0.9994856
      ],
      [
        -0.0192105584,
        -0.999321,
        -0.0314418338
      ]
    ],
    "translation": [
      1.7738483,
      0.70650506,
      -0.616409659
    ]
  },
  {
    "timeStamp": 82498,
    "rotation": [
      [
        0.9996091,
        -0.0213868823,
        0.0180032868
      ],
      [
        -0.0187684689,
        -0.03613317,
        0.9991707
      ],
      [
        -0.0207186267,
        -0.9991181,
        -0.0365204476
      ]
    ],
    "translation": [
      1.76946545,
      0.7147803,
      -0.617493451
    ]
  },
  {
    "timeStamp": 82543,
    "rotation": [
      [
        0.999333262,
        -0.0320505425,
        0.0174871832
      ],
      [
        -0.0197069086,
        -0.07030332,
        0.997330964
      ],
      [
        -0.030735584,
        -0.997010648,
        -0.0708880648
      ]
    ],
    "translation": [
      1.77209163,
      0.730130553,
      -0.6175242
    ]
  },
  {
    "timeStamp": 82598,
    "rotation": [
      [
        0.996549964,
        -0.06762482,
        0.0481155328
      ],
      [
        -0.0555559732,
        -0.112841293,
        0.992058635
      ],
      [
        -0.0616583563,
        -0.9913091,
        -0.116208948
      ]
    ],
    "translation": [
      1.77856147,
      0.758512735,
      -0.617732346
    ]
  },
  {
    "timeStamp": 82643,
    "rotation": [
      [
        0.992426038,
        -0.109646708,
        0.055390995
      ],
      [
        -0.07384227,
        -0.1721178,
        0.9823048
      ],
      [
        -0.0981727,
        -0.9789551,
        -0.178910747
      ]
    ],
    "translation": [
      1.79433429,
      0.7887058,
      -0.617716432
    ]
  },
  {
    "timeStamp": 82698,
    "rotation": [
      [
        0.980136,
        -0.1859041,
        0.06908795
      ],
      [
        -0.114978582,
        -0.248796433,
        0.961706936
      ],
      [
        -0.161596417,
        -0.950547159,
        -0.2652293
      ]
    ],
    "translation": [
      1.82533193,
      0.8309611,
      -0.614042044
    ]
  },
  {
    "timeStamp": 82743,
    "rotation": [
      [
        0.969604,
        -0.242392734,
        0.033373978
      ],
      [
        -0.11108768,
        -0.314568,
        0.9427123
      ],
      [
        -0.218008235,
        -0.9177651,
        -0.33193326
      ]
    ],
    "translation": [
      1.86125112,
      0.8629489,
      -0.611849844
    ]
  },
  {
    "timeStamp": 82798,
    "rotation": [
      [
        0.948626935,
        -0.3159266,
        -0.017244285
      ],
      [
        -0.111104466,
        -0.383651555,
        0.916770041
      ],
      [
        -0.29624784,
        -0.867756844,
        -0.399043053
      ]
    ],
    "translation": [
      1.913683,
      0.898197234,
      -0.607167363
    ]
  },
  {
    "timeStamp": 82843,
    "rotation": [
      [
        0.9314312,
        -0.359818041,
        -0.0544700474
      ],
      [
        -0.107308351,
        -0.414578944,
        0.903664351
      ],
      [
        -0.347736865,
        -0.8358561,
        -0.424763232
      ]
    ],
    "translation": [
      1.95232618,
      0.9171746,
      -0.6041132
    ]
  },
  {
    "timeStamp": 82899,
    "rotation": [
      [
        0.906085551,
        -0.407921761,
        -0.112289011
      ],
      [
        -0.0876025558,
        -0.440527081,
        0.8934549
      ],
      [
        -0.413926065,
        -0.7997098,
        -0.4348902
      ]
    ],
    "translation": [
      2.00136352,
      0.933221042,
      -0.6004127
    ]
  },
  {
    "timeStamp": 82942,
    "rotation": [
      [
        0.8868634,
        -0.435989678,
        -0.152925774
      ],
      [
        -0.0539027378,
        -0.426359057,
        0.902946532
      ],
      [
        -0.458876669,
        -0.7925471,
        -0.4016233
      ]
    ],
    "translation": [
      2.03420544,
      0.933044136,
      -0.597248435
    ]
  },
  {
    "timeStamp": 82998,
    "rotation": [
      [
        0.870817542,
        -0.481704324,
        -0.09817175
      ],
      [
        -0.07647416,
        -0.33000052,
        0.940878
      ],
      [
        -0.485621721,
        -0.811825454,
        -0.32420817
      ]
    ],
    "translation": [
      2.06127071,
      0.915838242,
      -0.5931691
    ]
  },
  {
    "timeStamp": 83042,
    "rotation": [
      [
        0.8606325,
        -0.491848,
        -0.131898984
      ],
      [
        -0.03281127,
        -0.312041044,
        0.9495019
      ],
      [
        -0.508168459,
        -0.812844336,
        -0.284690827
      ]
    ],
    "translation": [
      2.08479214,
      0.9106333,
      -0.587242961
    ]
  },
  {
    "timeStamp": 83098,
    "rotation": [
      [
        0.8758041,
        -0.467241645,
        -0.121046856
      ],
      [
        -0.0171465334,
        -0.280747682,
        0.959628463
      ],
      [
        -0.482362,
        -0.838371038,
        -0.253891557
      ]
    ],
    "translation": [
      2.095898,
      0.903586149,
      -0.5807528
    ]
  },
  {
    "timeStamp": 83148,
    "rotation": [
      [
        0.8740948,
        -0.4734815,
        -0.108505473
      ],
      [
        -0.0122587988,
        -0.244805411,
        0.9694947
      ],
      [
        -0.485600561,
        -0.846100152,
        -0.219787449
      ]
    ],
    "translation": [
      2.11128855,
      0.894258142,
      -0.5712916
    ]
  },
  {
    "timeStamp": 83193,
    "rotation": [
      [
        0.870642662,
        -0.4796451,
        -0.109187186
      ],
      [
        -0.00101471948,
        -0.223713771,
        0.9746544
      ],
      [
        -0.491914868,
        -0.8484649,
        -0.195261478
      ]
    ],
    "translation": [
      2.1201787,
      0.887170434,
      -0.566082239
    ]
  },
  {
    "timeStamp": 83248,
    "rotation": [
      [
        0.864524066,
        -0.489757359,
        -0.112853378
      ],
      [
        0.007519366,
        -0.211913824,
        0.977259457
      ],
      [
        -0.502535164,
        -0.8457129,
        -0.179521948
      ]
    ],
    "translation": [
      2.1284306,
      0.8797535,
      -0.5612254
    ]
  },
  {
    "timeStamp": 83293,
    "rotation": [
      [
        0.857836,
        -0.5005791,
        -0.116352893
      ],
      [
        0.0132705858,
        -0.204749733,
        0.9787244
      ],
      [
        -0.513752162,
        -0.8411291,
        -0.1689987
      ]
    ],
    "translation": [
      2.13155,
      0.8723683,
      -0.558234751
    ]
  },
  {
    "timeStamp": 83348,
    "rotation": [
      [
        0.851290464,
        -0.513336837,
        -0.1085808
      ],
      [
        0.00672268262,
        -0.196252823,
        0.980530262
      ],
      [
        -0.5246516,
        -0.83544606,
        -0.163617164
      ]
    ],
    "translation": [
      2.131747,
      0.8627311,
      -0.554924965
    ]
  },
  {
    "timeStamp": 83393,
    "rotation": [
      [
        0.8453072,
        -0.5237758,
        -0.1054261
      ],
      [
        -0.00166302,
        -0.1999019,
        0.9798145
      ],
      [
        -0.534278035,
        -0.8280689,
        -0.169849575
      ]
    ],
    "translation": [
      2.13036561,
      0.8566359,
      -0.55177635
    ]
  },
  {
    "timeStamp": 83448,
    "rotation": [
      [
        0.8465601,
        -0.5229693,
        -0.09919163
      ],
      [
        -0.00346354279,
        -0.191755787,
        0.981436551
      ],
      [
        -0.532281756,
        -0.8305015,
        -0.164144129
      ]
    ],
    "translation": [
      2.12685466,
      0.849453449,
      -0.548478246
    ]
  },
  {
    "timeStamp": 83493,
    "rotation": [
      [
        0.8479283,
        -0.5189315,
        -0.108294494
      ],
      [
        0.005352856,
        -0.195894569,
        0.9806104
      ],
      [
        -0.5300839,
        -0.832066953,
        -0.16332677
      ]
    ],
    "translation": [
      2.12591267,
      0.8470945,
      -0.5457744
    ]
  },
  {
    "timeStamp": 83548,
    "rotation": [
      [
        0.8462437,
        -0.52343446,
        -0.099438794
      ],
      [
        -0.00389344152,
        -0.192706078,
        0.9812488
      ],
      [
        -0.5327819,
        -0.8299884,
        -0.165114254
      ]
    ],
    "translation": [
      2.12426066,
      0.8442611,
      -0.543198347
    ]
  },
  {
    "timeStamp": 83594,
    "rotation": [
      [
        0.847747862,
        -0.519831359,
        -0.105351366
      ],
      [
        0.00503534451,
        -0.190729782,
        0.98162967
      ],
      [
        -0.5303755,
        -0.832704961,
        -0.159073234
      ]
    ],
    "translation": [
      2.124824,
      0.8426727,
      -0.5417679
    ]
  },
  {
    "timeStamp": 83639,
    "rotation": [
      [
        0.846191943,
        -0.5210447,
        -0.11167682
      ],
      [
        0.0134620667,
        -0.188603416,
        0.9819611
      ],
      [
        -0.532708168,
        -0.832430959,
        -0.152580351
      ]
    ],
    "translation": [
      2.126478,
      0.841913164,
      -0.5414875
    ]
  },
  {
    "timeStamp": 83696,
    "rotation": [
      [
        0.845532656,
        -0.5227883,
        -0.108475484
      ],
      [
        0.016264746,
        -0.177852347,
        0.9839228
      ],
      [
        -0.5336759,
        -0.83370316,
        -0.141876951
      ]
    ],
    "translation": [
      2.12751412,
      0.838848948,
      -0.541170061
    ]
  },
  {
    "timeStamp": 83741,
    "rotation": [
      [
        0.8431535,
        -0.5259385,
        -0.111717664
      ],
      [
        0.0232598167,
        -0.171906546,
        0.9848386
      ],
      [
        -0.5371696,
        -0.832968652,
        -0.132710382
      ]
    ],
    "translation": [
      2.12866187,
      0.8368417,
      -0.5407939
    ]
  }
]