[
  {
    "timeStamp": 85109,
    "rotation": [
      [
        0.997953534,
        -0.00226322142,
        0.06390332
      ],
      [
        -0.06369942,
        0.0520280153,
        0.996612
      ],
      [
        -0.0055803,
        -0.9986431,
        0.0517773777
      ]
    ],
    "translation": [
      1.46186864,
      0.704654455,
      -0.7500282
    ]
  },
  {
    "timeStamp": 85153,
    "rotation": [
      [
        0.9960767,
        -0.0146431616,
        0.0872742757
      ],
      [
        -0.08687995,
        0.0256953,
        0.995887339
      ],
      [
        -0.0168254878,
        -0.999562562,
        0.0243222918
      ]
    ],
    "translation": [
      1.46063817,
      0.712036431,
      -0.7469081
    ]
  },
  {
    "timeStamp": 85209,
    "rotation": [
      [
        0.992033958,
        -0.01095445,
        0.125493467
      ],
      [
        -0.125231624,
        0.0219910275,
        0.991883755
      ],
      [
        -0.01362528,
        -0.9996982,
        0.020444002
      ]
    ],
    "translation": [
      1.45613563,
      0.727004945,
      -0.747571945
    ]
  },
  {
    "timeStamp": 85253,
    "rotation": [
      [
        0.9863093,
        -0.0159640778,
        0.1641316
      ],
      [
        -0.164002627,
        0.009087193,
        0.986418068
      ],
      [
        -0.0172387473,
        -0.999831259,
        0.006344632
      ]
    ],
    "translation": [
      1.457016,
      0.744802,
      -0.7479888
    ]
  },
  {
    "timeStamp": 85308,
    "rotation": [
      [
        0.9755517,
        -0.0270955954,
        0.218093231
      ],
      [
        -0.218461156,
        -0.011419436,
        0.9757788
      ],
      [
        -0.0239488054,
        -0.9995676,
        -0.0170595851
      ]
    ],
    "translation": [
      1.46264458,
      0.7719299,
      -0.7495346
    ]
  },
  {
    "timeStamp": 85353,
    "rotation": [
      [
        0.9658712,
        -0.0449405834,
        0.255094469
      ],
      [
        -0.25648576,
        -0.0284347739,
        0.966129661
      ],
      [
        -0.0361648761,
        -0.9985849,
        -0.03899095
      ]
    ],
    "translation": [
      1.47569311,
      0.794855058,
      -0.751197636
    ]
  },
  {
    "timeStamp": 85408,
    "rotation": [
      [
        0.9488937,
        -0.08742573,
        0.303244829
      ],
      [
        -0.3063596,
        -0.0244100261,
        0.9516028
      ],
      [
        -0.07579236,
        -0.9958719,
        -0.04994623
      ]
    ],
    "translation": [
      1.49937737,
      0.821055532,
      -0.7537515
    ]
  },
  {
    "timeStamp": 85452,
    "rotation": [
      [
        0.931301951,
        -0.133279577,
        0.338988483
      ],
      [
        -0.3451901,
        -0.0258487854,
        0.938176751
      ],
      [
        -0.116277359,
        -0.9907413,
        -0.07007982
      ]
    ],
    "translation": [
      1.52839065,
      0.842198551,
      -0.75219
    ]
  },
  {
    "timeStamp": 85502,
    "rotation": [
      [
        0.9109579,
        -0.213725165,
        0.352813363
      ],
      [
        -0.3727462,
        -0.0601593554,
        0.925981164
      ],
      [
        -0.176680461,
        -0.975039661,
        -0.134467885
      ]
    ],
    "translation": [
      1.56886268,
      0.8666122,
      -0.7406636
    ]
  },
  {
    "timeStamp": 85549,
    "rotation": [
      [
        0.8630215,
        -0.3449521,
        0.369055569
      ],
      [
        -0.417630345,
        -0.07616731,
        0.905418932
      ],
      [
        -0.2842162,
        -0.935524762,
        -0.209796488
      ]
    ],
    "translation": [
      1.63199425,
      0.897402167,
      -0.7242702
    ]
  },
  {
    "timeStamp": 85605,
    "rotation": [
      [
        0.806329966,
        -0.483660847,
        0.340446919
      ],
      [
        -0.4506851,
        -0.129662618,
        0.883216
      ],
      [
        -0.383033782,
        -0.8655979,
        -0.322529584
      ]
    ],
    "translation": [
      1.71007276,
      0.9328836,
      -0.7031549
    ]
  },
  {
    "timeStamp": 85650,
    "rotation": [
      [
        0.75479,
        -0.5884314,
        0.289897352
      ],
      [
        -0.474386275,
        -0.184429273,
        0.8607807
      ],
      [
        -0.453044832,
        -0.787232041,
        -0.418349147
      ]
    ],
    "translation": [
      1.77809155,
      0.9616624,
      -0.6887187
    ]
  },
  {
    "timeStamp": 85705,
    "rotation": [
      [
        0.6913231,
        -0.6959747,
        0.194143072
      ],
      [
        -0.4927531,
        -0.2576054,
        0.8311642
      ],
      [
        -0.5284569,
        -0.6702676,
        -0.5210323
      ]
    ],
    "translation": [
      1.864945,
      0.994592845,
      -0.6784463
    ]
  },
  {
    "timeStamp": 85749,
    "rotation": [
      [
        0.64091,
        -0.760330439,
        0.105508149
      ],
      [
        -0.502961,
        -0.312120616,
        0.8059845
      ],
      [
        -0.5798833,
        -0.56963,
        -0.5824577
      ]
    ],
    "translation": [
      1.93244433,
      1.016112,
      -0.676151
    ]
  },
  {
    "timeStamp": 85805,
    "rotation": [
      [
        0.5796342,
        -0.814730644,
        -0.0154332481
      ],
      [
        -0.4914307,
        -0.364607066,
        0.790922
      ],
      [
        -0.6500154,
        -0.450861067,
        -0.61172235
      ]
    ],
    "translation": [
      2.010914,
      1.028412,
      -0.680294633
    ]
  },
  {
    "timeStamp": 85849,
    "rotation": [
      [
        0.5434494,
        -0.834108233,
        -0.0944785252
      ],
      [
        -0.458583266,
        -0.389267921,
        0.7988566
      ],
      [
        -0.703110337,
        -0.390811861,
        -0.5940555
      ]
    ],
    "translation": [
      2.06421876,
      1.0223217,
      -0.6857847
    ]
  },
  {
    "timeStamp": 85905,
    "rotation": [
      [
        0.490498424,
        -0.8644356,
        -0.110283047
      ],
      [
        -0.415238142,
        -0.343103021,
        0.8425305
      ],
      [
        -0.766151845,
        -0.367466152,
        -0.527238131
      ]
    ],
    "translation": [
      2.10381866,
      0.994982541,
      -0.6918466
    ]
  },
  {
    "timeStamp": 85950,
    "rotation": [
      [
        0.455846369,
        -0.889081955,
        -0.041682452
      ],
      [
        -0.3974312,
        -0.245225579,
        0.8842584
      ],
      [
        -0.7963998,
        -0.386520058,
        -0.465134084
      ]
    ],
    "translation": [
      2.126822,
      0.9557243,
      -0.688939333
    ]
  },
  {
    "timeStamp": 86003,
    "rotation": [
      [
        0.4762561,
        -0.8775774,
        -0.0551183522
      ],
      [
        -0.319787741,
        -0.2312565,
        0.91883415
      ],
      [
        -0.8190946,
        -0.419974178,
        -0.3907758
      ]
    ],
    "translation": [
      2.14108825,
      0.916839838,
      -0.684122
    ]
  },
  {
    "timeStamp": 86058,
    "rotation": [
      [
        0.47806862,
        -0.878294945,
        0.00695217773
      ],
      [
        -0.30150944,
        -0.156671345,
        0.9405031
      ],
      [
        -0.8249499,
        -0.4517212,
        -0.339713871
      ]
    ],
    "translation": [
      2.13930583,
      0.879719138,
      -0.6756697
    ]
  },
  {
    "timeStamp": 86103,
    "rotation": [
      [
        0.4899647,
        -0.8717187,
        0.0064105615
      ],
      [
        -0.283886939,
        -0.152602091,
        0.946636558
      ],
      [
        -0.824222565,
        -0.465638369,
        -0.3222392
      ]
    ],
    "translation": [
      2.13985515,
      0.858775854,
      -0.6644746
    ]
  },
  {
    "timeStamp": 86158,
    "rotation": [
      [
        0.5011299,
        -0.865094066,
        0.02193444
      ],
      [
        -0.270588964,
        -0.132569671,
        0.9535234
      ],
      [
        -0.8219796,
        -0.483774334,
        -0.300519526
      ]
    ],
    "translation": [
      2.137511,
      0.8351185,
      -0.649885952
    ]
  },
  {
    "timeStamp": 86202,
    "rotation": [
      [
        0.509602547,
        -0.8602982,
        0.0138698164
      ],
      [
        -0.270224333,
        -0.144722953,
        0.9518582
      ],
      [
        -0.8168746,
        -0.4888173,
        -0.306224674
      ]
    ],
    "translation": [
      2.136601,
      0.8227091,
      -0.6378627
    ]
  },
  {
    "timeStamp": 86258,
    "rotation": [
      [
        0.5230486,
        -0.8520534,
        0.02062046
      ],
      [
        -0.2459557,
        -0.1277315,
        0.960828
      ],
      [
        -0.8160429,
        -0.5076314,
        -0.276377171
      ]
    ],
    "translation": [
      2.1317296,
      0.8045308,
      -0.628669
    ]
  },
  {
    "timeStamp": 86302,
    "rotation": [
      [
        0.5228419,
        -0.85229,
        0.0154322255
      ],
      [
        -0.209166944,
        -0.1107222,
        0.971591353
      ],
      [
        -0.826368868,
        -0.5112166,
        -0.2361611
      ]
    ],
    "translation": [
      2.129417,
      0.7881667,
      -0.6250748
    ]
  },
  {
    "timeStamp": 86358,
    "rotation": [
      [
        0.542373359,
        -0.839996,
        0.0154235931
      ],
      [
        -0.187684953,
        -0.103250191,
        0.976787448
      ],
      [
        -0.818905056,
        -0.532678246,
        -0.213654771
      ]
    ],
    "translation": [
      2.12641025,
      0.772758543,
      -0.620012045
    ]
  },
  {
    "timeStamp": 86404,
    "rotation": [
      [
        0.54841584,
        -0.8362045,
        -0.00141966634
      ],
      [
        -0.168007582,
        -0.1118488,
        0.9794199
      ],
      [
        -0.819154143,
        -0.536890864,
        -0.201828361
      ]
    ],
    "translation": [
      2.12689447,
      0.7649108,
      -0.6163225
    ]
  },
  {
    "timeStamp": 86449,
    "rotation": [
      [
        0.5495924,
        -0.8351462,
        -0.02188829
      ],
      [
        -0.142774731,
        -0.119707093,
        0.982489467
      ],
      [
        -0.8231425,
        -0.536843657,
        -0.185027882
      ]
    ],
    "translation": [
      2.13102436,
      0.757426143,
      -0.6137933
    ]
  },
  {
    "timeStamp": 86506,
    "rotation": [
      [
        0.5489149,
        -0.835135937,
        -0.0352184623
      ],
      [
        -0.118362308,
        -0.11936754,
        0.9857696
      ],
      [
        -0.8274556,
        -0.5369351,
        -0.164371237
      ]
    ],
    "translation": [
      2.133747,
      0.7482141,
      -0.6105826
    ]
  },
  {
    "timeStamp": 86552,
    "rotation": [
      [
        0.5460787,
        -0.8371469,
        -0.0313555077
      ],
      [
        -0.112512976,
        -0.110380292,
        0.98750037
      ],
      [
        -0.830143869,
        -0.535725,
        -0.154466212
      ]
    ],
    "translation": [
      2.13637519,
      0.7387044,
      -0.610079169
    ]
  },
  {
    "timeStamp": 86608,
    "rotation": [
      [
        0.5422744,
        -0.8393233,
        -0.03840388
      ],
      [
        -0.09947694,
        -0.109522767,
        0.988994
      ],
      [
        -0.834291756,
        -0.532485843,
        -0.1428847
      ]
    ],
    "translation": [
      2.13903332,
      0.734316051,
      -0.607786536
    ]
  },
  {
    "timeStamp": 86652,
    "rotation": [
      [
        0.545652,
        -0.8373592,
        -0.03306738
      ],
      [
        -0.1054088,
        -0.107726961,
        0.9885767
      ],
      [
        -0.831356049,
        -0.5359332,
        -0.147046462
      ]
    ],
    "translation": [
      2.138393,
      0.7330067,
      -0.6046373
    ]
  },
  {
    "timeStamp": 86708,
    "rotation": [
      [
        0.55668354,
        -0.8263009,
        -0.08561715
      ],
      [
        -0.0838726461,
        -0.158441827,
        0.9837996
      ],
      [
        -0.826479852,
        -0.5404841,
        -0.157506
      ]
    ],
    "translation": [
      2.14457726,
      0.736017466,
      -0.600309968
    ]
  }
]