[
  {
    "timeStamp": 67016,
    "rotation": [
      [
        0.9995739,
        -0.0245313533,
        0.0158203412
      ],
      [
        -0.01419807,
        0.0649502948,
        0.9977875
      ],
      [
        -0.0255046189,
        -0.9975869,
        0.0645743161
      ]
    ],
    "translation": [
      1.15131438,
      0.703622758,
      -0.4930327
    ]
  },
  {
    "timeStamp": 67063,
    "rotation": [
      [
        0.999591947,
        -0.0105294213,
        -0.0265540443
      ],
      [
        0.02763526,
        0.1211648,
        0.992247641
      ],
      [
        -0.00723037776,
        -0.99257654,
        0.121406339
      ]
    ],
    "translation": [
      1.15468252,
      0.7108958,
      -0.5009957
    ]
  },
  {
    "timeStamp": 67116,
    "rotation": [
      [
        0.99863106,
        -0.0159598067,
        0.0498128571
      ],
      [
        -0.0459725335,
        0.186467454,
        0.981384933
      ],
      [
        -0.0249511972,
        -0.9823315,
        0.185478479
      ]
    ],
    "translation": [
      1.14931774,
      0.74195987,
      -0.5234719
    ]
  },
  {
    "timeStamp": 67161,
    "rotation": [
      [
        0.991667747,
        -0.0146972034,
        0.127980664
      ],
      [
        -0.1230476,
        0.18603535,
        0.974807739
      ],
      [
        -0.03813588,
        -0.98243314,
        0.182676822
      ]
    ],
    "translation": [
      1.14190912,
      0.773121655,
      -0.529674
    ]
  },
  {
    "timeStamp": 67216,
    "rotation": [
      [
        0.976726651,
        -0.00258430839,
        0.214472085
      ],
      [
        -0.211123466,
        0.164821818,
        0.9634628
      ],
      [
        -0.0378395729,
        -0.986319959,
        0.160440251
      ]
    ],
    "translation": [
      1.14358675,
      0.813686848,
      -0.5450245
    ]
  },
  {
    "timeStamp": 67261,
    "rotation": [
      [
        0.96778965,
        0.0211770181,
        0.250867784
      ],
      [
        -0.251485139,
        0.1278691,
        0.9593772
      ],
      [
        -0.011761507,
        -0.9915649,
        0.1290761
      ]
    ],
    "translation": [
      1.15765476,
      0.8385109,
      -0.5633404
    ]
  },
  {
    "timeStamp": 67316,
    "rotation": [
      [
        0.954755366,
        0.0428349338,
        0.2942914
      ],
      [
        -0.297278255,
        0.110048153,
        0.9484277
      ],
      [
        0.008239617,
        -0.993002832,
        0.117802955
      ]
    ],
    "translation": [
      1.18388712,
      0.8655541,
      -0.596565545
    ]
  },
  {
    "timeStamp": 67361,
    "rotation": [
      [
        0.9554731,
        0.04756885,
        0.291218847
      ],
      [
        -0.293979526,
        0.06836509,
        0.953363657
      ],
      [
        0.02544121,
        -0.9965257,
        0.07930527
      ]
    ],
    "translation": [
      1.21555173,
      0.876849949,
      -0.6188612
    ]
  },
  {
    "timeStamp": 67416,
    "rotation": [
      [
        0.94600594,
        0.0282164831,
        0.3229188
      ],
      [
        -0.3241387,
        0.07431796,
        0.943085849
      ],
      [
        0.00261189276,
        -0.996835351,
        0.07945129
      ]
    ],
    "translation": [
      1.25658607,
      0.895094931,
      -0.6495313
    ]
  },
  {
    "timeStamp": 67461,
    "rotation": [
      [
        0.943226337,
        -0.01872514,
        0.3316224
      ],
      [
        -0.330749124,
        0.0386712253,
        0.942926049
      ],
      [
        -0.03048067,
        -0.999076545,
        0.0302823931
      ]
    ],
    "translation": [
      1.29639554,
      0.907679558,
      -0.661013246
    ]
  },
  {
    "timeStamp": 67516,
    "rotation": [
      [
        0.92905885,
        -0.10167028,
        0.355686426
      ],
      [
        -0.354922324,
        0.02612525,
        0.9345307
      ],
      [
        -0.104306392,
        -0.994475067,
        -0.0118131544
      ]
    ],
    "translation": [
      1.34777093,
      0.9264717,
      -0.6704819
    ]
  },
  {
    "timeStamp": 67561,
    "rotation": [
      [
        0.910342753,
        -0.194134161,
        0.365496933
      ],
      [
        -0.373783231,
        -0.006567871,
        0.927492857
      ],
      [
        -0.177657515,
        -0.980953,
        -0.07854311
      ]
    ],
    "translation": [
      1.3939358,
      0.942409158,
      -0.664559
    ]
  },
  {
    "timeStamp": 67616,
    "rotation": [
      [
        0.88538903,
        -0.317683458,
        0.339357525
      ],
      [
        -0.3814206,
        -0.07918591,
        0.921003759
      ],
      [
        -0.265715331,
        -0.9448846,
        -0.191281348
      ]
    ],
    "translation": [
      1.46265352,
      0.961033165,
      -0.646535337
    ]
  },
  {
    "timeStamp": 67661,
    "rotation": [
      [
        0.842970431,
        -0.435121715,
        0.31633842
      ],
      [
        -0.3994752,
        -0.1124624,
        0.909819663
      ],
      [
        -0.3603061,
        -0.8933204,
        -0.268622816
      ]
    ],
    "translation": [
      1.52272892,
      0.979617059,
      -0.6281459
    ]
  },
  {
    "timeStamp": 67716,
    "rotation": [
      [
        0.774795651,
        -0.568453,
        0.276682079
      ],
      [
        -0.428786546,
        -0.150895745,
        0.890714645
      ],
      [
        -0.464579254,
        -0.8087594,
        -0.360658348
      ]
    ],
    "translation": [
      1.60464919,
      1.00535059,
      -0.6061876
    ]
  },
  {
    "timeStamp": 67761,
    "rotation": [
      [
        0.6981362,
        -0.6778164,
        0.23058781
      ],
      [
        -0.4562787,
        -0.173019126,
        0.872854
      ],
      [
        -0.5517386,
        -0.7145833,
        -0.4300641
      ]
    ],
    "translation": [
      1.67534924,
      1.02650118,
      -0.5905427
    ]
  },
  {
    "timeStamp": 67816,
    "rotation": [
      [
        0.6036379,
        -0.7788365,
        0.17039676
      ],
      [
        -0.496387452,
        -0.199903354,
        0.8447711
      ],
      [
        -0.6238757,
        -0.594518661,
        -0.5072739
      ]
    ],
    "translation": [
      1.75916207,
      1.0512718,
      -0.5816712
    ]
  },
  {
    "timeStamp": 67861,
    "rotation": [
      [
        0.5389632,
        -0.8361207,
        0.102082565
      ],
      [
        -0.5130914,
        -0.22976847,
        0.827008843
      ],
      [
        -0.6680239,
        -0.498105019,
        -0.5528431
      ]
    ],
    "translation": [
      1.826235,
      1.06644034,
      -0.5797229
    ]
  },
  {
    "timeStamp": 67916,
    "rotation": [
      [
        0.4696694,
        -0.881739259,
        0.04411903
      ],
      [
        -0.5225072,
        -0.237343431,
        0.8189349
      ],
      [
        -0.711615741,
        -0.407681167,
        -0.572188
      ]
    ],
    "translation": [
      1.89745045,
      1.07474887,
      -0.5860604
    ]
  },
  {
    "timeStamp": 67961,
    "rotation": [
      [
        0.4187062,
        -0.908115149,
        -0.003452738
      ],
      [
        -0.527762651,
        -0.246427,
        0.812859356
      ],
      [
        -0.739020765,
        -0.338527024,
        -0.5824498
      ]
    ],
    "translation": [
      1.94983041,
      1.07573926,
      -0.5924074
    ]
  },
  {
    "timeStamp": 68016,
    "rotation": [
      [
        0.369461834,
        -0.9289832,
        -0.0220930185
      ],
      [
        -0.5151218,
        -0.224538833,
        0.827183068
      ],
      [
        -0.773399949,
        -0.294231981,
        -0.561498046
      ]
    ],
    "translation": [
      2.00010467,
      1.06406438,
      -0.6024952
    ]
  },
  {
    "timeStamp": 68061,
    "rotation": [
      [
        0.338432938,
        -0.9405032,
        -0.0302824676
      ],
      [
        -0.498225957,
        -0.206397638,
        0.842122853
      ],
      [
        -0.798269451,
        -0.2699146,
        -0.538434863
      ]
    ],
    "translation": [
      2.03403831,
      1.04983032,
      -0.6096997
    ]
  },
  {
    "timeStamp": 68115,
    "rotation": [
      [
        0.318892241,
        -0.946358442,
        -0.05209021
      ],
      [
        -0.4618723,
        -0.203158125,
        0.863365948
      ],
      [
        -0.827636242,
        -0.251261681,
        -0.5018823
      ]
    ],
    "translation": [
      2.071077,
      1.03030026,
      -0.619016
    ]
  },
  {
    "timeStamp": 68160,
    "rotation": [
      [
        0.317201853,
        -0.9468797,
        -0.0529330932
      ],
      [
        -0.428589761,
        -0.192919463,
        0.8826624
      ],
      [
        -0.8459869,
        -0.257295579,
        -0.467017323
      ]
    ],
    "translation": [
      2.087461,
      1.01324487,
      -0.627905
    ]
  },
  {
    "timeStamp": 68211,
    "rotation": [
      [
        0.3126224,
        -0.9482978,
        -0.0547581
      ],
      [
        -0.360527128,
        -0.171792716,
        0.9167919
      ],
      [
        -0.878798842,
        -0.2668679,
        -0.395593345
      ]
    ],
    "translation": [
      2.11617565,
      0.9780952,
      -0.642022967
    ]
  },
  {
    "timeStamp": 68267,
    "rotation": [
      [
        0.324729621,
        -0.9436879,
        -0.0632749051
      ],
      [
        -0.298208445,
        -0.165644437,
        0.9400179
      ],
      [
        -0.89756465,
        -0.286382526,
        -0.335205376
      ]
    ],
    "translation": [
      2.13437581,
      0.9441466,
      -0.65607816
    ]
  },
  {
    "timeStamp": 68311,
    "rotation": [
      [
        0.334811151,
        -0.940559447,
        -0.0570047423
      ],
      [
        -0.252564281,
        -0.147859,
        0.956216
      ],
      [
        -0.907806635,
        -0.3057544,
        -0.287056565
      ]
    ],
    "translation": [
      2.14431262,
      0.915864468,
      -0.666964233
    ]
  },
  {
    "timeStamp": 68367,
    "rotation": [
      [
        0.3300376,
        -0.941845238,
        -0.0632679239
      ],
      [
        -0.207842976,
        -0.1378829,
        0.968395352
      ],
      [
        -0.9208021,
        -0.306457072,
        -0.241262451
      ]
    ],
    "translation": [
      2.16068649,
      0.883223951,
      -0.6768433
    ]
  },
  {
    "timeStamp": 68411,
    "rotation": [
      [
        0.3268698,
        -0.943658531,
        -0.0516212881
      ],
      [
        -0.174579814,
        -0.113973171,
        0.978024542
      ],
      [
        -0.928804636,
        -0.310674638,
        -0.201998115
      ]
    ],
    "translation": [
      2.17061162,
      0.85803473,
      -0.6833387
    ]
  },
  {
    "timeStamp": 68466,
    "rotation": [
      [
        0.32046327,
        -0.9461207,
        -0.046463877
      ],
      [
        -0.14321354,
        -0.0968785,
        0.9849388
      ],
      [
        -0.93637234,
        -0.308982432,
        -0.16654329
      ]
    ],
    "translation": [
      2.18451786,
      0.8307863,
      -0.6874109
    ]
  },
  {
    "timeStamp": 68511,
    "rotation": [
      [
        0.315915227,
        -0.9481295,
        -0.035327293
      ],
      [
        -0.130093485,
        -0.08016932,
        0.9882553
      ],
      [
        -0.9398262,
        -0.307609051,
        -0.148672178
      ]
    ],
    "translation": [
      2.1912117,
      0.814787745,
      -0.6866591
    ]
  },
  {
    "timeStamp": 68566,
    "rotation": [
      [
        0.3137189,
        -0.9490515,
        -0.0296952073
      ],
      [
        -0.111128859,
        -0.0677579939,
        0.991493464
      ],
      [
        -0.9429904,
        -0.307750225,
        -0.126723975
      ]
    ],
    "translation": [
      2.20046353,
      0.799480557,
      -0.6845595
    ]
  },
  {
    "timeStamp": 68611,
    "rotation": [
      [
        0.305852652,
        -0.9515916,
        -0.0304558575
      ],
      [
        -0.08945156,
        -0.060568653,
        0.9941478
      ],
      [
        -0.947867334,
        -0.3013384,
        -0.103646435
      ]
    ],
    "translation": [
      2.20626783,
      0.7888939,
      -0.6815264
    ]
  },
  {
    "timeStamp": 68667,
    "rotation": [
      [
        0.318263829,
        -0.9473202,
        -0.0359520726
      ],
      [
        -0.04851607,
        -0.05415047,
        0.997353435
      ],
      [
        -0.9467599,
        -0.315677255,
        -0.06319439
      ]
    ],
    "translation": [
      2.21115875,
      0.77209574,
      -0.681813657
    ]
  },
  {
    "timeStamp": 68713,
    "rotation": [
      [
        0.313195854,
        -0.949107468,
        -0.0332170166
      ],
      [
        -0.0408945233,
        -0.048422575,
        0.9979894
      ],
      [
        -0.948807657,
        -0.311207741,
        -0.0539790466
      ]
    ],
    "translation": [
      2.21557665,
      0.7641351,
      -0.6784201
    ]
  },
  {
    "timeStamp": 68759,
    "rotation": [
      [
        0.318814456,
        -0.946837366,
        -0.04308558
      ],
      [
        -0.0208848882,
        -0.05246438,
        0.9984044
      ],
      [
        -0.947587,
        -0.3174059,
        -0.0365009978
      ]
    ],
    "translation": [
      2.21921444,
      0.7554623,
      -0.6779188
    ]
  },
  {
    "timeStamp": 68816,
    "rotation": [
      [
        0.316532344,
        -0.9476326,
        -0.0424230024
      ],
      [
        -0.0220622662,
        -0.0520650558,
        0.9984
      ],
      [
        -0.9483251,
        -0.315089941,
        -0.037387196
      ]
    ],
    "translation": [
      2.22109914,
      0.7504196,
      -0.6730915
    ]
  },
  {
    "timeStamp": 68860,
    "rotation": [
      [
        0.319704562,
        -0.9463677,
        -0.0466612838
      ],
      [
        -0.0171826873,
        -0.0550283678,
        0.9983369
      ],
      [
        -0.9473615,
        -0.3183711,
        -0.0338539556
      ]
    ],
    "translation": [
      2.223409,
      0.746785164,
      -0.670473158
    ]
  },
  {
    "timeStamp": 68916,
    "rotation": [
      [
        0.321410924,
        -0.945921957,
        -0.04389486
      ],
      [
        -0.0195896719,
        -0.0529865064,
        0.9984031
      ],
      [
        -0.9467372,
        -0.320037782,
        -0.035560742
      ]
    ],
    "translation": [
      2.22468638,
      0.7447143,
      -0.6660736
    ]
  },
  {
    "timeStamp": 68960,
    "rotation": [
      [
        0.325245231,
        -0.94426775,
        -0.0507346839
      ],
      [
        -0.0154666323,
        -0.05895659,
        0.998140752
      ],
      [
        -0.945503235,
        -0.323855817,
        -0.03377999
      ]
    ],
    "translation": [
      2.226954,
      0.7430849,
      -0.663023055
    ]
  },
  {
    "timeStamp": 69016,
    "rotation": [
      [
        0.3268727,
        -0.9436861,
        -0.05109389
      ],
      [
        -0.0157717634,
        -0.0595032,
        0.9981035
      ],
      [
        -0.9449367,
        -0.325446934,
        -0.0343335681
      ]
    ],
    "translation": [
      2.228353,
      0.742579341,
      -0.6588605
    ]
  },
  {
    "timeStamp": 69060,
    "rotation": [
      [
        0.333254725,
        -0.9415423,
        -0.0493894
      ],
      [
        -0.0110346247,
        -0.056275174,
        0.9983543
      ],
      [
        -0.9427722,
        -0.3321613,
        -0.0291435365
      ]
    ],
    "translation": [
      2.22828817,
      0.741491556,
      -0.6568694
    ]
  },
  {
    "timeStamp": 69116,
    "rotation": [
      [
        0.340498537,
        -0.9384205,
        -0.0585469157
      ],
      [
        -0.003863841,
        -0.06366372,
        0.9979639
      ],
      [
        -0.9402371,
        -0.339579016,
        -0.0253033116
      ]
    ],
    "translation": [
      2.229529,
      0.739408255,
      -0.6544381
    ]
  },
  {
    "timeStamp": 69160,
    "rotation": [
      [
        0.342065275,
        -0.9376901,
        -0.06106259
      ],
      [
        -0.00150434277,
        -0.06552897,
        0.9978495
      ],
      [
        -0.939675,
        -0.3412378,
        -0.02382579
      ]
    ],
    "translation": [
      2.231157,
      0.737622857,
      -0.652549148
    ]
  },
  {
    "timeStamp": 69215,
    "rotation": [
      [
        0.34609133,
        -0.9356316,
        -0.06938509
      ],
      [
        0.008192173,
        -0.07093894,
        0.997447
      ],
      [
        -0.938165,
        -0.34577617,
        -0.0168864951
      ]
    ],
    "translation": [
      2.23308587,
      0.7344672,
      -0.6520731
    ]
  },
  {
    "timeStamp": 69260,
    "rotation": [
      [
        0.3469209,
        -0.9355919,
        -0.06567847
      ],
      [
        0.0125883454,
        -0.06537635,
        0.9977813
      ],
      [
        -0.9378099,
        -0.346977949,
        -0.0109028695
      ]
    ],
    "translation": [
      2.23399067,
      0.731652,
      -0.65258193
    ]
  },
  {
    "timeStamp": 69316,
    "rotation": [
      [
        0.351189524,
        -0.9342519,
        -0.0619623177
      ],
      [
        0.0109354863,
        -0.0620803274,
        0.998011231
      ],
      [
        -0.936240554,
        -0.3511687,
        -0.011585461
      ]
    ],
    "translation": [
      2.23354864,
      0.7293234,
      -0.6513377
    ]
  },
  {
    "timeStamp": 69360,
    "rotation": [
      [
        0.349874824,
        -0.9346531,
        -0.06333396
      ],
      [
        0.009110768,
        -0.06420885,
        0.9978949
      ],
      [
        -0.936752141,
        -0.349715322,
        -0.0139496522
      ]
    ],
    "translation": [
      2.23412752,
      0.727562666,
      -0.6498377
    ]
  }
]