[
  {
    "timeStamp": 103211,
    "rotation": [
      [
        0.9175449,
        -0.381322354,
        -0.112714559
      ],
      [
        0.133565992,
        0.028570585,
        0.990628
      ],
      [
        -0.3745283,
        -0.9240005,
        0.0771465
      ]
    ],
    "translation": [
      1.76848066,
      0.696311057,
      -0.4958193
    ]
  },
  {
    "timeStamp": 103267,
    "rotation": [
      [
        0.922858834,
        -0.3729178,
        -0.0962488055
      ],
      [
        0.09482513,
        -0.0222061034,
        0.995246232
      ],
      [
        -0.373282343,
        -0.9275986,
        0.0148688816
      ]
    ],
    "translation": [
      1.76469779,
      0.7105395,
      -0.4917879
    ]
  },
  {
    "timeStamp": 103313,
    "rotation": [
      [
        0.9312861,
        -0.362987369,
        -0.0307645909
      ],
      [
        0.0213159,
        -0.030008046,
        0.999322355
      ],
      [
        -0.363664567,
        -0.9313108,
        -0.0202086736
      ]
    ],
    "translation": [
      1.75647688,
      0.7261623,
      -0.4948998
    ]
  },
  {
    "timeStamp": 103367,
    "rotation": [
      [
        0.943925738,
        -0.3286749,
        -0.0312555842
      ],
      [
        0.00386794982,
        -0.08365329,
        0.996487439
      ],
      [
        -0.330135047,
        -0.940731049,
        -0.0776912048
      ]
    ],
    "translation": [
      1.75218606,
      0.7507481,
      -0.5035041
    ]
  },
  {
    "timeStamp": 103411,
    "rotation": [
      [
        0.9500142,
        -0.311996937,
        0.0114432089
      ],
      [
        -0.0449430235,
        -0.100394383,
        0.9939321
      ],
      [
        -0.308954924,
        -0.944763958,
        -0.109398179
      ]
    ],
    "translation": [
      1.751215,
      0.7746286,
      -0.5160917
    ]
  },
  {
    "timeStamp": 103467,
    "rotation": [
      [
        0.9492627,
        -0.313003063,
        0.0304864366
      ],
      [
        -0.08315029,
        -0.156313747,
        0.9842012
      ],
      [
        -0.303292543,
        -0.9368004,
        -0.174409091
      ]
    ],
    "translation": [
      1.76462615,
      0.815709531,
      -0.5365068
    ]
  },
  {
    "timeStamp": 103511,
    "rotation": [
      [
        0.939678669,
        -0.341997921,
        0.00642644
      ],
      [
        -0.083764255,
        -0.211855158,
        0.973704755
      ],
      [
        -0.331643552,
        -0.9155079,
        -0.227723
      ]
    ],
    "translation": [
      1.79318631,
      0.853928566,
      -0.5564109
    ]
  },
  {
    "timeStamp": 103566,
    "rotation": [
      [
        0.930334032,
        -0.3618994,
        -0.0592233464
      ],
      [
        -0.0582442172,
        -0.305270851,
        0.950482666
      ],
      [
        -0.362058282,
        -0.880816936,
        -0.3050824
      ]
    ],
    "translation": [
      1.84026814,
      0.901270747,
      -0.581349432
    ]
  },
  {
    "timeStamp": 103611,
    "rotation": [
      [
        0.9063976,
        -0.388327062,
        -0.166269735
      ],
      [
        0.00455676951,
        -0.3845959,
        0.923073769
      ],
      [
        -0.4224012,
        -0.837429464,
        -0.346827239
      ]
    ],
    "translation": [
      1.89364028,
      0.9322282,
      -0.6005045
    ]
  },
  {
    "timeStamp": 103666,
    "rotation": [
      [
        0.8529559,
        -0.454961479,
        -0.255883574
      ],
      [
        0.0391800031,
        -0.433029056,
        0.9005281
      ],
      [
        -0.5205106,
        -0.7781362,
        -0.35152927
      ]
    ],
    "translation": [
      1.96798372,
      0.959382355,
      -0.6231253
    ]
  },
  {
    "timeStamp": 103711,
    "rotation": [
      [
        0.8020435,
        -0.499403268,
        -0.327601254
      ],
      [
        0.08430149,
        -0.448354363,
        0.8898717
      ],
      [
        -0.591286242,
        -0.7413331,
        -0.31749928
      ]
    ],
    "translation": [
      2.02575874,
      0.9714179,
      -0.6407882
    ]
  },
  {
    "timeStamp": 103759,
    "rotation": [
      [
        0.765013933,
        -0.5385697,
        -0.353123754
      ],
      [
        0.116415,
        -0.4236385,
        0.898319542
      ],
      [
        -0.6334045,
        -0.728335857,
        -0.261391759
      ]
    ],
    "translation": [
      2.07272148,
      0.9692036,
      -0.656183
    ]
  },
  {
    "timeStamp": 103814,
    "rotation": [
      [
        0.750854,
        -0.567722,
        -0.337505281
      ],
      [
        0.138638511,
        -0.3641455,
        0.9209655
      ],
      [
        -0.645753443,
        -0.7383019,
        -0.194711983
      ]
    ],
    "translation": [
      2.11076164,
      0.952987432,
      -0.66833
    ]
  },
  {
    "timeStamp": 103861,
    "rotation": [
      [
        0.7307497,
        -0.5717795,
        -0.372924924
      ],
      [
        0.197079048,
        -0.3463281,
        0.917178631
      ],
      [
        -0.653578341,
        -0.7437237,
        -0.1403934
      ]
    ],
    "translation": [
      2.139915,
      0.9321238,
      -0.6755782
    ]
  },
  {
    "timeStamp": 103917,
    "rotation": [
      [
        0.737725735,
        -0.5719285,
        -0.358690023
      ],
      [
        0.217549041,
        -0.3015721,
        0.928292334
      ],
      [
        -0.639087737,
        -0.762857854,
        -0.09805501
      ]
    ],
    "translation": [
      2.15490437,
      0.9030275,
      -0.6748499
    ]
  },
  {
    "timeStamp": 103961,
    "rotation": [
      [
        0.732988238,
        -0.5705399,
        -0.370421976
      ],
      [
        0.249809057,
        -0.2807269,
        0.926708043
      ],
      [
        -0.632711351,
        -0.771800935,
        -0.0632435
      ]
    ],
    "translation": [
      2.16444564,
      0.877120256,
      -0.6704485
    ]
  },
  {
    "timeStamp": 104017,
    "rotation": [
      [
        0.7448825,
        -0.5574241,
        -0.36664474
      ],
      [
        0.277276963,
        -0.24119696,
        0.9300223
      ],
      [
        -0.6068505,
        -0.7944195,
        -0.0251025371
      ]
    ],
    "translation": [
      2.17032743,
      0.845963061,
      -0.6646463
    ]
  },
  {
    "timeStamp": 104061,
    "rotation": [
      [
        0.746108055,
        -0.569641054,
        -0.344719827
      ],
      [
        0.2755846,
        -0.207101315,
        0.9387024
      ],
      [
        -0.606115341,
        -0.7953729,
        0.00246435963
      ]
    ],
    "translation": [
      2.172544,
      0.8257932,
      -0.660278857
    ]
  },
  {
    "timeStamp": 104116,
    "rotation": [
      [
        0.7489655,
        -0.5493433,
        -0.370503277
      ],
      [
        0.3021797,
        -0.214450672,
        0.928815544
      ],
      [
        -0.589693248,
        -0.8076094,
        0.00538421655
      ]
    ],
    "translation": [
      2.17472124,
      0.811227739,
      -0.654025137
    ]
  },
  {
    "timeStamp": 104161,
    "rotation": [
      [
        0.753488,
        -0.546715856,
        -0.365181625
      ],
      [
        0.305181,
        -0.201136917,
        0.9308107
      ],
      [
        -0.5823405,
        -0.8128012,
        0.0152930375
      ]
    ],
    "translation": [
      2.17581248,
      0.800604641,
      -0.6506949
    ]
  },
  {
    "timeStamp": 104216,
    "rotation": [
      [
        0.7404942,
        -0.549415,
        -0.387054861
      ],
      [
        0.3253275,
        -0.210908949,
        0.9217806
      ],
      [
        -0.588073432,
        -0.8084927,
        0.0225629471
      ]
    ],
    "translation": [
      2.180417,
      0.792287469,
      -0.647080064
    ]
  },
  {
    "timeStamp": 104261,
    "rotation": [
      [
        0.7418145,
        -0.5420931,
        -0.394773662
      ],
      [
        0.335068822,
        -0.210313514,
        0.918421
      ],
      [
        -0.5808959,
        -0.8135744,
        0.0256248713
      ]
    ],
    "translation": [
      2.1828866,
      0.785318,
      -0.644931555
    ]
  },
  {
    "timeStamp": 104318,
    "rotation": [
      [
        0.7477772,
        -0.54542774,
        -0.378599882
      ],
      [
        0.315362036,
        -0.21002008,
        0.925439537
      ],
      [
        -0.584274,
        -0.811418653,
        0.0149589553
      ]
    ],
    "translation": [
      2.18309331,
      0.7794969,
      -0.6411223
    ]
  },
  {
    "timeStamp": 104364,
    "rotation": [
      [
        0.7341123,
        -0.539477944,
        -0.412362278
      ],
      [
        0.341122478,
        -0.232087046,
        0.9109177
      ],
      [
        -0.58712393,
        -0.809381962,
        0.0136501016
      ]
    ],
    "translation": [
      2.187232,
      0.777831435,
      -0.639678359
    ]
  }
]