[
  {
    "timeStamp": 106765,
    "rotation": [
      [
        -0.999875665,
        0.0146517539,
        -0.00582719361
      ],
      [
        0.0144606,
        0.9993962,
        0.0315940864
      ],
      [
        0.006286584,
        0.0315058939,
        -0.9994838
      ]
    ],
    "translation": [
      1.31243873,
      0.734883,
      -0.482921422
    ]
  },
  {
    "timeStamp": 106810,
    "rotation": [
      [
        -0.9997139,
        0.0204897858,
        -0.0123421662
      ],
      [
        0.01981147,
        0.998409748,
        0.05277833
      ],
      [
        0.0134039549,
        0.0525187142,
        -0.99853003
      ]
    ],
    "translation": [
      1.31273448,
      0.7372776,
      -0.481510073
    ]
  },
  {
    "timeStamp": 106865,
    "rotation": [
      [
        -0.99778384,
        0.05685272,
        -0.03457225
      ],
      [
        0.0539599769,
        0.995371759,
        0.0795204043
      ],
      [
        0.03893319,
        0.0774786547,
        -0.9962336
      ]
    ],
    "translation": [
      1.312373,
      0.747456,
      -0.481822431
    ]
  },
  {
    "timeStamp": 106911,
    "rotation": [
      [
        -0.9958656,
        0.0810835958,
        -0.0409541
      ],
      [
        0.07799174,
        0.994339049,
        0.07216119
      ],
      [
        0.04657335,
        0.06866877,
        -0.9965519
      ]
    ],
    "translation": [
      1.31300032,
      0.758497655,
      -0.484225422
    ]
  },
  {
    "timeStamp": 106965,
    "rotation": [
      [
        -0.992630064,
        0.110304438,
        -0.0501851253
      ],
      [
        0.1072395,
        0.9924124,
        0.06014417
      ],
      [
        0.05643851,
        0.0543190837,
        -0.9969273
      ]
    ],
    "translation": [
      1.31823349,
      0.7757121,
      -0.492611438
    ]
  },
  {
    "timeStamp": 107009,
    "rotation": [
      [
        -0.9899624,
        0.128380671,
        -0.0591000058
      ],
      [
        0.126215115,
        0.9912344,
        0.0390376225
      ],
      [
        0.06359364,
        0.0311864652,
        -0.997488439
      ]
    ],
    "translation": [
      1.32593513,
      0.792007,
      -0.5063643
    ]
  },
  {
    "timeStamp": 107065,
    "rotation": [
      [
        -0.988263965,
        0.141548946,
        -0.05743011
      ],
      [
        0.142493621,
        0.9897145,
        -0.012681
      ],
      [
        0.05504443,
        -0.0207156,
        -0.998268962
      ]
    ],
    "translation": [
      1.34185994,
      0.814475,
      -0.5311327
    ]
  },
  {
    "timeStamp": 107109,
    "rotation": [
      [
        -0.9742412,
        0.199705854,
        -0.104745775
      ],
      [
        0.199344859,
        0.9798292,
        0.0140117034
      ],
      [
        0.105431184,
        -0.00722975237,
        -0.9944003
      ]
    ],
    "translation": [
      1.35842419,
      0.839423239,
      -0.5543192
    ]
  },
  {
    "timeStamp": 107165,
    "rotation": [
      [
        -0.9709587,
        0.20849745,
        -0.117336825
      ],
      [
        0.212106884,
        0.9770613,
        -0.0190242268
      ],
      [
        0.110678755,
        -0.0433596857,
        -0.992909968
      ]
    ],
    "translation": [
      1.38636875,
      0.8599962,
      -0.5927403
    ]
  },
  {
    "timeStamp": 107209,
    "rotation": [
      [
        -0.96432817,
        0.217431918,
        -0.150978535
      ],
      [
        0.223810673,
        0.9742745,
        -0.0264180526
      ],
      [
        0.141350418,
        -0.05926628,
        -0.9881839
      ]
    ],
    "translation": [
      1.41317415,
      0.874102235,
      -0.61984545
    ]
  },
  {
    "timeStamp": 107265,
    "rotation": [
      [
        -0.9464411,
        0.242736474,
        -0.212904125
      ],
      [
        0.24848637,
        0.9686353,
        -0.000256462023
      ],
      [
        0.206164211,
        -0.0531465039,
        -0.977073
      ]
    ],
    "translation": [
      1.45171261,
      0.8905559,
      -0.6497826
    ]
  },
  {
    "timeStamp": 107310,
    "rotation": [
      [
        -0.935592353,
        0.235761866,
        -0.262836784
      ],
      [
        0.2490926,
        0.9683104,
        -0.0181042217
      ],
      [
        0.2502393,
        -0.08240887,
        -0.9646704
      ]
    ],
    "translation": [
      1.48497248,
      0.9015704,
      -0.6681322
    ]
  },
  {
    "timeStamp": 107365,
    "rotation": [
      [
        -0.9090646,
        0.2335944,
        -0.3450148
      ],
      [
        0.255509377,
        0.9666243,
        -0.01877169
      ],
      [
        0.329114735,
        -0.105219193,
        -0.938409567
      ]
    ],
    "translation": [
      1.53061712,
      0.9181875,
      -0.6831806
    ]
  },
  {
    "timeStamp": 107409,
    "rotation": [
      [
        -0.8837102,
        0.240346715,
        -0.401608974
      ],
      [
        0.273263723,
        0.961592555,
        -0.0258219074
      ],
      [
        0.379978,
        -0.132564247,
        -0.9154471
      ]
    ],
    "translation": [
      1.5689261,
      0.936147451,
      -0.693065643
    ]
  },
  {
    "timeStamp": 107465,
    "rotation": [
      [
        -0.8412563,
        0.2278215,
        -0.4902909
      ],
      [
        0.2862046,
        0.9570458,
        -0.04637213
      ],
      [
        0.458666265,
        -0.179334357,
        -0.8703243
      ]
    ],
    "translation": [
      1.62547576,
      0.957088649,
      -0.6956544
    ]
  },
  {
    "timeStamp": 107509,
    "rotation": [
      [
        -0.8006849,
        0.212900653,
        -0.5599794
      ],
      [
        0.299543053,
        0.951766253,
        -0.0664451942
      ],
      [
        0.518823266,
        -0.220939592,
        -0.8258378
      ]
    ],
    "translation": [
      1.67511058,
      0.974331439,
      -0.6946338
    ]
  },
  {
    "timeStamp": 107564,
    "rotation": [
      [
        -0.756283462,
        0.1757976,
        -0.630183
      ],
      [
        0.3095693,
        0.944727,
        -0.107970864
      ],
      [
        0.5763699,
        -0.2767419,
        -0.7689029
      ]
    ],
    "translation": [
      1.74021447,
      0.996467233,
      -0.692814231
    ]
  },
  {
    "timeStamp": 107609,
    "rotation": [
      [
        -0.716256738,
        0.149171829,
        -0.6817067
      ],
      [
        0.31980136,
        0.9384321,
        -0.130660653
      ],
      [
        0.6202446,
        -0.311597317,
        -0.719863653
      ]
    ],
    "translation": [
      1.79295015,
      1.01408756,
      -0.691807449
    ]
  },
  {
    "timeStamp": 107665,
    "rotation": [
      [
        -0.6806721,
        0.118944779,
        -0.722867668
      ],
      [
        0.3333048,
        0.928972542,
        -0.1609905
      ],
      [
        0.6523752,
        -0.350517,
        -0.6719705
      ]
    ],
    "translation": [
      1.85557389,
      1.03605735,
      -0.693360746
    ]
  },
  {
    "timeStamp": 107709,
    "rotation": [
      [
        -0.671885252,
        0.06948798,
        -0.7373884
      ],
      [
        0.323354334,
        0.923218,
        -0.207630679
      ],
      [
        0.6663424,
        -0.377941728,
        -0.6427658
      ]
    ],
    "translation": [
      1.90325546,
      1.04807711,
      -0.6955163
    ]
  },
  {
    "timeStamp": 107765,
    "rotation": [
      [
        -0.665833652,
        0.0236355625,
        -0.745725751
      ],
      [
        0.3101819,
        0.9177972,
        -0.247861758
      ],
      [
        0.678566635,
        -0.396345317,
        -0.6184316
      ]
    ],
    "translation": [
      1.96096945,
      1.05633974,
      -0.698428631
    ]
  },
  {
    "timeStamp": 107809,
    "rotation": [
      [
        -0.6680688,
        0.0239573773,
        -0.7437137
      ],
      [
        0.308712453,
        0.918328,
        -0.24773033
      ],
      [
        0.677038133,
        -0.395094573,
        -0.6209023
      ]
    ],
    "translation": [
      2.0003686,
      1.05535424,
      -0.7010991
    ]
  },
  {
    "timeStamp": 107860,
    "rotation": [
      [
        -0.7003709,
        -0.0121634128,
        -0.7136755
      ],
      [
        0.256659031,
        0.9286881,
        -0.267702252
      ],
      [
        0.6660381,
        -0.370662123,
        -0.6473043
      ]
    ],
    "translation": [
      2.03228617,
      1.03822815,
      -0.704999447
    ]
  },
  {
    "timeStamp": 107915,
    "rotation": [
      [
        -0.778820157,
        -0.0262975618,
        -0.626695752
      ],
      [
        0.17757085,
        0.949004769,
        -0.260496855
      ],
      [
        0.601587653,
        -0.3141631,
        -0.734434366
      ]
    ],
    "translation": [
      2.062414,
      1.00469792,
      -0.7161339
    ]
  },
  {
    "timeStamp": 107960,
    "rotation": [
      [
        -0.791581154,
        0.02907675,
        -0.6103719
      ],
      [
        0.188189372,
        0.9619186,
        -0.198236018
      ],
      [
        0.581364,
        -0.2717854,
        -0.7669085
      ]
    ],
    "translation": [
      2.075796,
      0.9860144,
      -0.7184518
    ]
  },
  {
    "timeStamp": 108015,
    "rotation": [
      [
        -0.844064355,
        0.0155838486,
        -0.5360154
      ],
      [
        0.135417417,
        0.9733748,
        -0.1849426
      ],
      [
        0.5188618,
        -0.228689283,
        -0.8237012
      ]
    ],
    "translation": [
      2.08494115,
      0.955827951,
      -0.7240605
    ]
  },
  {
    "timeStamp": 108059,
    "rotation": [
      [
        -0.871287763,
        0.0191410948,
        -0.490398943
      ],
      [
        0.118002243,
        0.978095651,
        -0.1714769
      ],
      [
        0.476374835,
        -0.2072739,
        -0.8544615
      ]
    ],
    "translation": [
      2.08868814,
      0.9358454,
      -0.7259605
    ]
  },
  {
    "timeStamp": 108115,
    "rotation": [
      [
        -0.8940146,
        0.015840074,
        -0.44775787
      ],
      [
        0.103464693,
        0.9796615,
        -0.171925575
      ],
      [
        0.435927868,
        -0.2000311,
        -0.8774705
      ]
    ],
    "translation": [
      2.09294748,
      0.914763331,
      -0.724743545
    ]
  },
  {
    "timeStamp": 108159,
    "rotation": [
      [
        -0.9125008,
        0.00766809471,
        -0.409003
      ],
      [
        0.0827135444,
        0.9826314,
        -0.166114345
      ],
      [
        0.4006254,
        -0.185409561,
        -0.897286236
      ]
    ],
    "translation": [
      2.095058,
      0.897277057,
      -0.725325167
    ]
  },
  {
    "timeStamp": 108214,
    "rotation": [
      [
        -0.933964252,
        -0.0115195671,
        -0.357180774
      ],
      [
        0.05516574,
        0.9828527,
        -0.175946951
      ],
      [
        0.353082925,
        -0.1840323,
        -0.9173138
      ]
    ],
    "translation": [
      2.09677982,
      0.8785201,
      -0.726296
    ]
  },
  {
    "timeStamp": 108259,
    "rotation": [
      [
        -0.9420415,
        -0.0102522727,
        -0.335339546
      ],
      [
        0.0456916876,
        0.9862993,
        -0.1585118
      ],
      [
        0.332370251,
        -0.164646938,
        -0.9286664
      ]
    ],
    "translation": [
      2.09770179,
      0.866336644,
      -0.7271641
    ]
  },
  {
    "timeStamp": 108315,
    "rotation": [
      [
        -0.94894284,
        0.00735950749,
        -0.315362424
      ],
      [
        0.0456194468,
        0.99242,
        -0.114111632
      ],
      [
        0.31213218,
        -0.122672074,
        -0.9420855
      ]
    ],
    "translation": [
      2.0966773,
      0.856218755,
      -0.730572462
    ]
  },
  {
    "timeStamp": 108361,
    "rotation": [
      [
        -0.9539867,
        0.0183837619,
        -0.299284756
      ],
      [
        0.047525458,
        0.9947722,
        -0.09038549
      ],
      [
        0.296058565,
        -0.1004502,
        -0.949873149
      ]
    ],
    "translation": [
      2.09467649,
      0.8508893,
      -0.7330073
    ]
  },
  {
    "timeStamp": 108418,
    "rotation": [
      [
        -0.957050264,
        0.0361105464,
        -0.287664354
      ],
      [
        0.0485674143,
        0.99816066,
        -0.0362830162
      ],
      [
        0.285825044,
        -0.0486957841,
        -0.957043767
      ]
    ],
    "translation": [
      2.09292078,
      0.8435609,
      -0.7368413
    ]
  },
  {
    "timeStamp": 108463,
    "rotation": [
      [
        -0.9600621,
        0.036995817,
        -0.277330339
      ],
      [
        0.0425080881,
        0.9989996,
        -0.01388813
      ],
      [
        0.276539117,
        -0.0251222514,
        -0.9606742
      ]
    ],
    "translation": [
      2.09234047,
      0.8374513,
      -0.73835516
    ]
  },
  {
    "timeStamp": 108508,
    "rotation": [
      [
        -0.96144706,
        0.0430923551,
        -0.271592736
      ],
      [
        0.0396093167,
        0.999047756,
        0.018296
      ],
      [
        0.272122532,
        0.006833032,
        -0.9622384
      ]
    ],
    "translation": [
      2.09116387,
      0.8319981,
      -0.7412853
    ]
  },
  {
    "timeStamp": 108568,
    "rotation": [
      [
        -0.96819973,
        0.03765725,
        -0.2473281
      ],
      [
        0.03308697,
        0.999196649,
        0.02261047
      ],
      [
        0.247980863,
        0.0137081137,
        -0.9686679
      ]
    ],
    "translation": [
      2.08896351,
      0.826144338,
      -0.745065868
    ]
  },
  {
    "timeStamp": 108618,
    "rotation": [
      [
        -0.9717676,
        0.0378577262,
        -0.232882887
      ],
      [
        0.0312561169,
        0.998999834,
        0.0319739357
      ],
      [
        0.233860433,
        0.02379222,
        -0.971979
      ]
    ],
    "translation": [
      2.087064,
      0.820534,
      -0.7479866
    ]
  },
  {
    "timeStamp": 108662,
    "rotation": [
      [
        -0.9748258,
        0.03364147,
        -0.220415547
      ],
      [
        0.0244612321,
        0.998721063,
        0.04424826
      ],
      [
        0.221622229,
        0.0377427079,
        -0.974401951
      ]
    ],
    "translation": [
      2.08653879,
      0.814544261,
      -0.750840664
    ]
  },
  {
    "timeStamp": 108718,
    "rotation": [
      [
        -0.9762258,
        0.0383937657,
        -0.213328913
      ],
      [
        0.0246417057,
        0.997465134,
        0.06675408
      ],
      [
        0.21535109,
        0.0599102639,
        -0.974697232
      ]
    ],
    "translation": [
      2.08440328,
      0.809586,
      -0.75390923
    ]
  },
  {
    "timeStamp": 108763,
    "rotation": [
      [
        -0.9787446,
        0.03483256,
        -0.202103242
      ],
      [
        0.0203443989,
        0.9971004,
        0.0733268261
      ],
      [
        0.2040714,
        0.06765657,
        -0.9766153
      ]
    ],
    "translation": [
      2.08337355,
      0.805543542,
      -0.7566601
    ]
  },
  {
    "timeStamp": 108818,
    "rotation": [
      [
        -0.981184065,
        0.0328618959,
        -0.190257177
      ],
      [
        0.0175246224,
        0.9964995,
        0.0817418844
      ],
      [
        0.192277357,
        0.07686965,
        -0.9783253
      ]
    ],
    "translation": [
      2.08261728,
      0.800665,
      -0.7599069
    ]
  },
  {
    "timeStamp": 108863,
    "rotation": [
      [
        -0.9834418,
        0.0254880339,
        -0.179422766
      ],
      [
        0.0109780366,
        0.9966207,
        0.08140351
      ],
      [
        0.180891275,
        0.07808591,
        -0.980398357
      ]
    ],
    "translation": [
      2.08303976,
      0.795799255,
      -0.7623542
    ]
  },
  {
    "timeStamp": 108918,
    "rotation": [
      [
        -0.982160866,
        0.0246417876,
        -0.186421067
      ],
      [
        -0.003931285,
        0.9884692,
        0.151371315
      ],
      [
        0.188001528,
        0.149403855,
        -0.9707389
      ]
    ],
    "translation": [
      2.08403254,
      0.789138854,
      -0.767513335
    ]
  },
  {
    "timeStamp": 108963,
    "rotation": [
      [
        -0.980971158,
        0.0248451084,
        -0.192557231
      ],
      [
        -0.016831506,
        0.9771621,
        0.211827517
      ],
      [
        0.193422511,
        0.21103771,
        -0.9581497
      ]
    ],
    "translation": [
      2.084551,
      0.784495056,
      -0.7719306
    ]
  },
  {
    "timeStamp": 109008,
    "rotation": [
      [
        -0.982993066,
        0.0156908389,
        -0.182970941
      ],
      [
        -0.03246341,
        0.9658048,
        0.2572299
      ],
      [
        0.180750355,
        0.258795053,
        -0.948870063
      ]
    ],
    "translation": [
      2.08427262,
      0.7804751,
      -0.7755314
    ]
  },
  {
    "timeStamp": 109064,
    "rotation": [
      [
        -0.984805465,
        0.00233462383,
        -0.173645467
      ],
      [
        -0.0463232473,
        0.9601485,
        0.275624663
      ],
      [
        0.167368919,
        0.2794805,
        -0.9454514
      ]
    ],
    "translation": [
      2.085551,
      0.7776097,
      -0.777404964
    ]
  },
  {
    "timeStamp": 109109,
    "rotation": [
      [
        -0.985660136,
        0.0128014544,
        -0.168256372
      ],
      [
        -0.03419075,
        0.9612841,
        0.273429751
      ],
      [
        0.165242478,
        0.2752616,
        -0.9470617
      ]
    ],
    "translation": [
      2.08597779,
      0.7762458,
      -0.7775084
    ]
  },
  {
    "timeStamp": 109164,
    "rotation": [
      [
        -0.9877712,
        0.0202904027,
        -0.1545845
      ],
      [
        -0.0102366274,
        0.980915844,
        0.1941632
      ],
      [
        0.155574039,
        0.193371251,
        -0.9687127
      ]
    ],
    "translation": [
      2.08366251,
      0.775738239,
      -0.7719859
    ]
  },
  {
    "timeStamp": 109209,
    "rotation": [
      [
        -0.9917463,
        0.0149741359,
        -0.127338439
      ],
      [
        0.0124273393,
        0.999707,
        0.020771265
      ],
      [
        0.127612159,
        0.0190173481,
        -0.99164176
      ]
    ],
    "translation": [
      2.08125257,
      0.779920638,
      -0.7565905
    ]
  },
  {
    "timeStamp": 109264,
    "rotation": [
      [
        -0.9924865,
        0.02267999,
        -0.120234124
      ],
      [
        0.0220175646,
        0.9997342,
        0.00683523249
      ],
      [
        0.120357193,
        0.004136613,
        -0.992722034
      ]
    ],
    "translation": [
      2.07818675,
      0.7834337,
      -0.7536768
    ]
  },
  {
    "timeStamp": 109308,
    "rotation": [
      [
        -0.9913802,
        0.03087007,
        -0.127327174
      ],
      [
        0.028320251,
        0.9993614,
        0.0217881277
      ],
      [
        0.127918467,
        0.0179943815,
        -0.9916214
      ]
    ],
    "translation": [
      2.07676744,
      0.783379853,
      -0.7526889
    ]
  },
  {
    "timeStamp": 109364,
    "rotation": [
      [
        -0.991612852,
        0.0316718966,
        -0.12530303
      ],
      [
        0.0272549633,
        0.998950541,
        0.036809057
      ],
      [
        0.126337349,
        0.0330852047,
        -0.991435468
      ]
    ],
    "translation": [
      2.0757854,
      0.7822179,
      -0.752886236
    ]
  },
  {
    "timeStamp": 109408,
    "rotation": [
      [
        -0.9922121,
        0.03654494,
        -0.119078122
      ],
      [
        0.0313464552,
        0.998484135,
        0.0452409945
      ],
      [
        0.120550945,
        0.0411559865,
        -0.991853654
      ]
    ],
    "translation": [
      2.07534266,
      0.7818666,
      -0.7529396
    ]
  },
  {
    "timeStamp": 109464,
    "rotation": [
      [
        -0.991602838,
        0.04191613,
        -0.122338973
      ],
      [
        0.03606381,
        0.9981146,
        0.049666293
      ],
      [
        0.124190122,
        0.04483723,
        -0.9912449
      ]
    ],
    "translation": [
      2.075334,
      0.7817267,
      -0.7529313
    ]
  },
  {
    "timeStamp": 109508,
    "rotation": [
      [
        -0.990129948,
        0.0369015038,
        -0.135207266
      ],
      [
        0.0306681935,
        0.998381257,
        0.0478988551
      ],
      [
        0.136755943,
        0.04327953,
        -0.9896589
      ]
    ],
    "translation": [
      2.07587457,
      0.781789958,
      -0.753031135
    ]
  },
  {
    "timeStamp": 109564,
    "rotation": [
      [
        -0.990402162,
        0.0308074,
        -0.134738177
      ],
      [
        0.0242741313,
        0.9984609,
        0.04986584
      ],
      [
        0.136067033,
        0.046116583,
        -0.9896257
      ]
    ],
    "translation": [
      2.07545352,
      0.781875134,
      -0.755343139
    ]
  },
  {
    "timeStamp": 109609,
    "rotation": [
      [
        -0.9915737,
        0.03235529,
        -0.125438273
      ],
      [
        0.023544129,
        0.9971913,
        0.0711001
      ],
      [
        0.1273864,
        0.06754766,
        -0.9895504
      ]
    ],
    "translation": [
      2.07522082,
      0.7810128,
      -0.7589994
    ]
  },
  {
    "timeStamp": 109664,
    "rotation": [
      [
        -0.992220044,
        0.03584299,
        -0.119225435
      ],
      [
        0.0270853527,
        0.9968695,
        0.07428075
      ],
      [
        0.121514641,
        0.07047358,
        -0.990084648
      ]
    ],
    "translation": [
      2.07485271,
      0.781031847,
      -0.7607585
    ]
  },
  {
    "timeStamp": 109709,
    "rotation": [
      [
        -0.9918709,
        0.041330114,
        -0.120349176
      ],
      [
        0.0320629,
        0.9964418,
        0.0779465
      ],
      [
        0.123142488,
        0.07345412,
        -0.9896668
      ]
    ],
    "translation": [
      2.07459545,
      0.7807804,
      -0.7616346
    ]
  },
  {
    "timeStamp": 109764,
    "rotation": [
      [
        -0.9925325,
        0.0471134856,
        -0.112514526
      ],
      [
        0.0366784446,
        0.994983,
        0.09307751
      ],
      [
        0.11633525,
        0.0882556,
        -0.9892811
      ]
    ],
    "translation": [
      2.07428885,
      0.7798071,
      -0.764354765
    ]
  },
  {
    "timeStamp": 109808,
    "rotation": [
      [
        -0.9928853,
        0.0559538,
        -0.105108932
      ],
      [
        0.04557858,
        0.994078636,
        0.09864219
      ],
      [
        0.110005952,
        0.09314967,
        -0.9895564
      ]
    ],
    "translation": [
      2.07411575,
      0.779561162,
      -0.7647024
    ]
  },
  {
    "timeStamp": 109863,
    "rotation": [
      [
        -0.995558739,
        0.0331094861,
        -0.08812852
      ],
      [
        0.0220116023,
        0.9920325,
        0.124044344
      ],
      [
        0.09153341,
        0.121553585,
        -0.9883554
      ]
    ],
    "translation": [
      2.07378554,
      0.776328444,
      -0.7691918
    ]
  },
  {
    "timeStamp": 109908,
    "rotation": [
      [
        -0.9957319,
        0.01398336,
        -0.09122746
      ],
      [
        0.00265622535,
        0.99238807,
        0.123121165
      ],
      [
        0.09225469,
        0.122353353,
        -0.9881896
      ]
    ],
    "translation": [
      2.07570028,
      0.7748453,
      -0.7693024
    ]
  },
  {
    "timeStamp": 109963,
    "rotation": [
      [
        -0.996378064,
        0.0117200278,
        -0.08422203
      ],
      [
        0.002538854,
        0.9941148,
        0.108301766
      ],
      [
        0.0849956647,
        0.107695676,
        -0.990544
      ]
    ],
    "translation": [
      2.07640576,
      0.7738231,
      -0.768603444
    ]
  },
  {
    "timeStamp": 110008,
    "rotation": [
      [
        -0.9968479,
        0.003981749,
        -0.07923564
      ],
      [
        -0.0045538866,
        0.9942213,
        0.107253149
      ],
      [
        0.07920482,
        0.107275911,
        -0.9910694
      ]
    ],
    "translation": [
      2.07675052,
      0.772180438,
      -0.768847466
    ]
  },
  {
    "timeStamp": 110064,
    "rotation": [
      [
        -0.996406436,
        0.00403775228,
        -0.08460412
      ],
      [
        -0.00552772544,
        0.993633747,
        0.11252299
      ],
      [
        0.08451985,
        0.1125863,
        -0.9900408
      ]
    ],
    "translation": [
      2.07703161,
      0.772470653,
      -0.767901957
    ]
  }
]