[
  {
    "timeStamp": 36757,
    "rotation": [
      [
        0.9981165,
        -0.0609226525,
        -0.007206702
      ],
      [
        0.00499385549,
        -0.0363967754,
        0.9993249
      ],
      [
        -0.0611438341,
        -0.997478664,
        -0.03602398
      ]
    ],
    "translation": [
      1.31232381,
      0.7051813,
      -0.6094015
    ]
  },
  {
    "timeStamp": 36801,
    "rotation": [
      [
        0.998091638,
        -0.061719235,
        0.00196735165
      ],
      [
        -0.00503526628,
        -0.0495915264,
        0.9987569
      ],
      [
        -0.0615449473,
        -0.9968608,
        -0.049807664
      ]
    ],
    "translation": [
      1.31315219,
      0.7084023,
      -0.610148549
    ]
  },
  {
    "timeStamp": 36857,
    "rotation": [
      [
        0.9948832,
        -0.07765515,
        0.06463141
      ],
      [
        -0.06880821,
        -0.0523700044,
        0.9962544
      ],
      [
        -0.0739795342,
        -0.995603859,
        -0.0574453436
      ]
    ],
    "translation": [
      1.31393921,
      0.7282778,
      -0.6098
    ]
  },
  {
    "timeStamp": 36901,
    "rotation": [
      [
        0.984768152,
        -0.106389441,
        0.137523979
      ],
      [
        -0.14305675,
        -0.046214547,
        0.9886349
      ],
      [
        -0.0988246948,
        -0.993249953,
        -0.06073034
      ]
    ],
    "translation": [
      1.31863737,
      0.7545342,
      -0.6070436
    ]
  },
  {
    "timeStamp": 36957,
    "rotation": [
      [
        0.9607297,
        -0.154688865,
        0.230368674
      ],
      [
        -0.23827298,
        -0.0344095267,
        0.970588446
      ],
      [
        -0.142212346,
        -0.9873638,
        -0.0699164346
      ]
    ],
    "translation": [
      1.34114194,
      0.7946618,
      -0.602654934
    ]
  },
  {
    "timeStamp": 37002,
    "rotation": [
      [
        0.942155242,
        -0.1729979,
        0.287080437
      ],
      [
        -0.2957874,
        -0.026282277,
        0.954892159
      ],
      [
        -0.157649219,
        -0.984571457,
        -0.0759325847
      ]
    ],
    "translation": [
      1.36520684,
      0.825168967,
      -0.6033931
    ]
  },
  {
    "timeStamp": 37057,
    "rotation": [
      [
        0.923131,
        -0.184424639,
        0.337367356
      ],
      [
        -0.348172665,
        -0.0287334174,
        0.936989963
      ],
      [
        -0.163110316,
        -0.9824266,
        -0.09073632
      ]
    ],
    "translation": [
      1.40764451,
      0.858221531,
      -0.606082559
    ]
  },
  {
    "timeStamp": 37101,
    "rotation": [
      [
        0.9161648,
        -0.181384727,
        0.357409537
      ],
      [
        -0.3656341,
        -0.012963484,
        0.930668354
      ],
      [
        -0.164175749,
        -0.9833268,
        -0.07819713
      ]
    ],
    "translation": [
      1.44678092,
      0.873584747,
      -0.611829162
    ]
  },
  {
    "timeStamp": 37157,
    "rotation": [
      [
        0.9120278,
        -0.187723532,
        0.364643961
      ],
      [
        -0.373205334,
        -0.0111878375,
        0.9276813
      ],
      [
        -0.17006804,
        -0.9821582,
        -0.08026304
      ]
    ],
    "translation": [
      1.50518453,
      0.8870161,
      -0.6170858
    ]
  },
  {
    "timeStamp": 37201,
    "rotation": [
      [
        0.9045909,
        -0.217913643,
        0.366372824
      ],
      [
        -0.3753777,
        8.001481E-05,
        0.926871955
      ],
      [
        -0.202007353,
        -0.975968063,
        -0.08172754
      ]
    ],
    "translation": [
      1.55916655,
      0.8932021,
      -0.6199814
    ]
  },
  {
    "timeStamp": 37257,
    "rotation": [
      [
        0.892972946,
        -0.29089126,
        0.343484461
      ],
      [
        -0.362045258,
        -0.0107784662,
        0.9320982
      ],
      [
        -0.267436981,
        -0.9566954,
        -0.114940673
      ]
    ],
    "translation": [
      1.63692379,
      0.9012698,
      -0.6183931
    ]
  },
  {
    "timeStamp": 37302,
    "rotation": [
      [
        0.865705252,
        -0.3674178,
        0.339938849
      ],
      [
        -0.366255283,
        -0.00204649684,
        0.93051213
      ],
      [
        -0.341191053,
        -0.9300537,
        -0.13634038
      ]
    ],
    "translation": [
      1.70176017,
      0.9081703,
      -0.618344247
    ]
  },
  {
    "timeStamp": 37357,
    "rotation": [
      [
        0.82122606,
        -0.470641255,
        0.322621256
      ],
      [
        -0.369345576,
        -0.00747175142,
        0.9292621
      ],
      [
        -0.43493855,
        -0.882293,
        -0.179965273
      ]
    ],
    "translation": [
      1.78519487,
      0.9188589,
      -0.6192878
    ]
  },
  {
    "timeStamp": 37401,
    "rotation": [
      [
        0.775413036,
        -0.552201152,
        0.306281775
      ],
      [
        -0.37424016,
        -0.0112034995,
        0.927264154
      ],
      [
        -0.5086049,
        -0.8336356,
        -0.215343192
      ]
    ],
    "translation": [
      1.85090685,
      0.926831663,
      -0.622730732
    ]
  },
  {
    "timeStamp": 37457,
    "rotation": [
      [
        0.7057715,
        -0.6268031,
        0.3301582
      ],
      [
        -0.395077974,
        0.0386028253,
        0.9178361
      ],
      [
        -0.588047564,
        -0.778220832,
        -0.220391318
      ]
    ],
    "translation": [
      1.91504586,
      0.928982437,
      -0.6384289
    ]
  },
  {
    "timeStamp": 37501,
    "rotation": [
      [
        0.7003126,
        -0.630604744,
        0.3345144
      ],
      [
        -0.3803093,
        0.06696941,
        0.9224315
      ],
      [
        -0.604091942,
        -0.7732094,
        -0.192925349
      ]
    ],
    "translation": [
      1.94180584,
      0.921423435,
      -0.657362342
    ]
  },
  {
    "timeStamp": 37557,
    "rotation": [
      [
        0.7280284,
        -0.5992681,
        0.332945049
      ],
      [
        -0.360640228,
        0.07824307,
        0.9294174
      ],
      [
        -0.583020747,
        -0.7967156,
        -0.159157
      ]
    ],
    "translation": [
      1.95581818,
      0.9087761,
      -0.679699361
    ]
  },
  {
    "timeStamp": 37601,
    "rotation": [
      [
        0.742154956,
        -0.5597585,
        0.3686144
      ],
      [
        -0.356841922,
        0.135541812,
        0.924279332
      ],
      [
        -0.567335844,
        -0.8174955,
        -0.0991522744
      ]
    ],
    "translation": [
      1.95041287,
      0.890623748,
      -0.699939966
    ]
  },
  {
    "timeStamp": 37656,
    "rotation": [
      [
        0.7889681,
        -0.505359,
        0.349487662
      ],
      [
        -0.3138544,
        0.157528445,
        0.936312
      ],
      [
        -0.5282279,
        -0.8484086,
        -0.03432422
      ]
    ],
    "translation": [
      1.94251788,
      0.867869258,
      -0.718512356
    ]
  },
  {
    "timeStamp": 37712,
    "rotation": [
      [
        0.8205231,
        -0.43495065,
        0.3708906
      ],
      [
        -0.314839035,
        0.197671458,
        0.9283331
      ],
      [
        -0.4770936,
        -0.8784896,
        0.025254542
      ]
    ],
    "translation": [
      1.92020392,
      0.8564694,
      -0.734266758
    ]
  },
  {
    "timeStamp": 37756,
    "rotation": [
      [
        0.8402579,
        -0.374723941,
        0.391852945
      ],
      [
        -0.322813839,
        0.234901443,
        0.916849256
      ],
      [
        -0.435612172,
        -0.896885335,
        0.07641171
      ]
    ],
    "translation": [
      1.89789462,
      0.8517197,
      -0.7445317
    ]
  },
  {
    "timeStamp": 37812,
    "rotation": [
      [
        0.8780152,
        -0.27908057,
        0.388848722
      ],
      [
        -0.328867018,
        0.2385129,
        0.9137604
      ],
      [
        -0.3477582,
        -0.930175066,
        0.117637575
      ]
    ],
    "translation": [
      1.86665559,
      0.853008866,
      -0.7563421
    ]
  },
  {
    "timeStamp": 37856,
    "rotation": [
      [
        0.8990157,
        -0.199907318,
        0.3896252
      ],
      [
        -0.337692946,
        0.249989659,
        0.907451749
      ],
      [
        -0.2788085,
        -0.94738704,
        0.157237351
      ]
    ],
    "translation": [
      1.83999181,
      0.853915,
      -0.766505837
    ]
  },
  {
    "timeStamp": 37912,
    "rotation": [
      [
        0.920650959,
        -0.110228762,
        0.374501646
      ],
      [
        -0.340437651,
        0.242805764,
        0.908376336
      ],
      [
        -0.191060349,
        -0.963791966,
        0.186013341
      ]
    ],
    "translation": [
      1.81097627,
      0.855525732,
      -0.776268244
    ]
  },
  {
    "timeStamp": 37956,
    "rotation": [
      [
        0.92705214,
        -0.05706336,
        0.37056455
      ],
      [
        -0.3471144,
        0.24297142,
        0.905801535
      ],
      [
        -0.141724691,
        -0.96835357,
        0.205439657
      ]
    ],
    "translation": [
      1.7895509,
      0.8568652,
      -0.7811695
    ]
  },
  {
    "timeStamp": 38012,
    "rotation": [
      [
        0.9322504,
        -0.00186387647,
        0.361809
      ],
      [
        -0.351734519,
        0.2297192,
        0.9074756
      ],
      [
        -0.084805876,
        -0.973255157,
        0.213500246
      ]
    ],
    "translation": [
      1.7614758,
      0.8600981,
      -0.7852258
    ]
  },
  {
    "timeStamp": 38056,
    "rotation": [
      [
        0.9386857,
        0.0465050861,
        0.341623157
      ],
      [
        -0.34366554,
        0.20559898,
        0.9163095
      ],
      [
        -0.0276243184,
        -0.9775307,
        0.208975017
      ]
    ],
    "translation": [
      1.73194361,
      0.861867249,
      -0.7903286
    ]
  },
  {
    "timeStamp": 38112,
    "rotation": [
      [
        0.9205987,
        0.154101282,
        0.35881874
      ],
      [
        -0.383909,
        0.188911,
        0.9038399
      ],
      [
        0.07149809,
        -0.969827533,
        0.233072087
      ]
    ],
    "translation": [
      1.67550731,
      0.870877147,
      -0.809733033
    ]
  },
  {
    "timeStamp": 38156,
    "rotation": [
      [
        0.8922979,
        0.232955262,
        0.38669917
      ],
      [
        -0.427949935,
        0.163731083,
        0.8888481
      ],
      [
        0.143747181,
        -0.95860523,
        0.245790109
      ]
    ],
    "translation": [
      1.62537742,
      0.882244468,
      -0.824150443
    ]
  },
  {
    "timeStamp": 38211,
    "rotation": [
      [
        0.862528861,
        0.296029419,
        0.4103786
      ],
      [
        -0.462797523,
        0.1335831,
        0.8763413
      ],
      [
        0.204603165,
        -0.945791841,
        0.252220958
      ]
    ],
    "translation": [
      1.561805,
      0.8906158,
      -0.838582635
    ]
  },
  {
    "timeStamp": 38256,
    "rotation": [
      [
        0.842857957,
        0.329747975,
        0.4252726
      ],
      [
        -0.477287441,
        0.09303718,
        0.8738082
      ],
      [
        0.248570323,
        -0.9394735,
        0.235801682
      ]
    ],
    "translation": [
      1.50946271,
      0.8917851,
      -0.8457285
    ]
  },
  {
    "timeStamp": 38312,
    "rotation": [
      [
        0.8414844,
        0.338966131,
        0.420720845
      ],
      [
        -0.466291666,
        0.0623030923,
        0.882434368
      ],
      [
        0.272903144,
        -0.9387334,
        0.210484162
      ]
    ],
    "translation": [
      1.44764233,
      0.879568458,
      -0.8496281
    ]
  },
  {
    "timeStamp": 38356,
    "rotation": [
      [
        0.844967544,
        0.3456876,
        0.4080807
      ],
      [
        -0.432415217,
        -0.007424861,
        0.901644
      ],
      [
        0.314717084,
        -0.9383203,
        0.1432068
      ]
    ],
    "translation": [
      1.40166068,
      0.8688037,
      -0.8493371
    ]
  },
  {
    "timeStamp": 38412,
    "rotation": [
      [
        0.846290231,
        0.365835458,
        0.3872431
      ],
      [
        -0.370896757,
        -0.1171641,
        0.921253562
      ],
      [
        0.382398218,
        -0.9232751,
        0.0365323573
      ]
    ],
    "translation": [
      1.35146308,
      0.8574114,
      -0.845601261
    ]
  },
  {
    "timeStamp": 38456,
    "rotation": [
      [
        0.852152765,
        0.370225579,
        0.369822621
      ],
      [
        -0.348518,
        -0.125643611,
        0.9288428
      ],
      [
        0.390347183,
        -0.920405746,
        0.0219627339
      ]
    ],
    "translation": [
      1.31995654,
      0.8441181,
      -0.8469305
    ]
  },
  {
    "timeStamp": 38511,
    "rotation": [
      [
        0.861797869,
        0.3707489,
        0.346193165
      ],
      [
        -0.3119054,
        -0.150905222,
        0.9380526
      ],
      [
        0.400024325,
        -0.9163912,
        -0.0144112
      ]
    ],
    "translation": [
      1.291166,
      0.831735134,
      -0.84333
    ]
  },
  {
    "timeStamp": 38556,
    "rotation": [
      [
        0.874974847,
        0.3586675,
        0.325233221
      ],
      [
        -0.302301645,
        -0.120008662,
        0.9456276
      ],
      [
        0.378196716,
        -0.925718963,
        0.00342121068
      ]
    ],
    "translation": [
      1.27488816,
      0.817442954,
      -0.840110362
    ]
  },
  {
    "timeStamp": 38611,
    "rotation": [
      [
        0.901336551,
        0.32946226,
        0.281152844
      ],
      [
        -0.264784336,
        -0.09455282,
        0.9596609
      ],
      [
        0.342755854,
        -0.9394223,
        0.00201252569
      ]
    ],
    "translation": [
      1.2658515,
      0.7965546,
      -0.829215348
    ]
  },
  {
    "timeStamp": 38656,
    "rotation": [
      [
        0.9237212,
        0.299259156,
        0.23913011
      ],
      [
        -0.23119621,
        -0.0622022226,
        0.9709167
      ],
      [
        0.305430144,
        -0.9521423,
        0.0117300721
      ]
    ],
    "translation": [
      1.263905,
      0.778434455,
      -0.819652855
    ]
  },
  {
    "timeStamp": 38712,
    "rotation": [
      [
        0.9367089,
        0.273187041,
        0.218963891
      ],
      [
        -0.213113874,
        -0.0512945242,
        0.975679934
      ],
      [
        0.277774751,
        -0.9605924,
        0.01017191
      ]
    ],
    "translation": [
      1.26155531,
      0.767231643,
      -0.8098967
    ]
  },
  {
    "timeStamp": 38756,
    "rotation": [
      [
        0.9409897,
        0.2655613,
        0.209798858
      ],
      [
        -0.209401488,
        -0.03014524,
        0.977364957
      ],
      [
        0.265874773,
        -0.96362257,
        0.0272425786
      ]
    ],
    "translation": [
      1.25826347,
      0.76032,
      -0.8079059
    ]
  },
  {
    "timeStamp": 38810,
    "rotation": [
      [
        0.9368549,
        0.277049929,
        0.213415474
      ],
      [
        -0.218373358,
        -0.0132159516,
        0.9757758
      ],
      [
        0.273159117,
        -0.9607646,
        0.0481189
      ]
    ],
    "translation": [
      1.25095153,
      0.758117855,
      -0.811816335
    ]
  },
  {
    "timeStamp": 38854,
    "rotation": [
      [
        0.9333709,
        0.288985223,
        0.212852627
      ],
      [
        -0.218824565,
        -0.011883257,
        0.975691855
      ],
      [
        0.2844899,
        -0.9572598,
        0.05214558
      ]
    ],
    "translation": [
      1.2447356,
      0.758615851,
      -0.8151718
    ]
  },
  {
    "timeStamp": 38910,
    "rotation": [
      [
        0.942136645,
        0.2707625,
        0.197651669
      ],
      [
        -0.2050619,
        -0.0009416365,
        0.97874856
      ],
      [
        0.265194535,
        -0.9626457,
        0.0546359234
      ]
    ],
    "translation": [
      1.244117,
      0.7537141,
      -0.812229633
    ]
  },
  {
    "timeStamp": 38954,
    "rotation": [
      [
        0.950809836,
        0.253344029,
        0.178262517
      ],
      [
        -0.184484139,
        0.000815743057,
        0.9828352
      ],
      [
        0.248850018,
        -0.9673759,
        0.0475135744
      ]
    ],
    "translation": [
      1.24741066,
      0.748012364,
      -0.8068439
    ]
  },
  {
    "timeStamp": 39009,
    "rotation": [
      [
        0.9605351,
        0.230205327,
        0.156133756
      ],
      [
        -0.159873292,
        -0.002437449,
        0.9871345
      ],
      [
        0.2276242,
        -0.973139,
        0.03446243
      ]
    ],
    "translation": [
      1.25458694,
      0.741819263,
      -0.797482133
    ]
  },
  {
    "timeStamp": 39054,
    "rotation": [
      [
        0.965191066,
        0.214606971,
        0.149499282
      ],
      [
        -0.149894223,
        -0.0145275937,
        0.9885953
      ],
      [
        0.214331314,
        -0.9765924,
        0.0181464422
      ]
    ],
    "translation": [
      1.25937426,
      0.739782631,
      -0.7892581
    ]
  },
  {
    "timeStamp": 39110,
    "rotation": [
      [
        0.9686903,
        0.191299126,
        0.158252314
      ],
      [
        -0.165184259,
        0.0207453724,
        0.9860445
      ],
      [
        0.185346454,
        -0.9813125,
        0.0516954474
      ]
    ],
    "translation": [
      1.264206,
      0.735776544,
      -0.7866077
    ]
  },
  {
    "timeStamp": 39154,
    "rotation": [
      [
        0.9659085,
        0.20285745,
        0.160840333
      ],
      [
        -0.168570891,
        0.02130796,
        0.9854592
      ],
      [
        0.196480572,
        -0.9789764,
        0.0547774024
      ]
    ],
    "translation": [
      1.26471794,
      0.738140941,
      -0.7898147
    ]
  },
  {
    "timeStamp": 39211,
    "rotation": [
      [
        0.9571185,
        0.229150712,
        0.177240282
      ],
      [
        -0.186292976,
        0.0183162019,
        0.982323468
      ],
      [
        0.221853748,
        -0.9732186,
        0.0602199435
      ]
    ],
    "translation": [
      1.26181209,
      0.747002363,
      -0.800579
    ]
  },
  {
    "timeStamp": 39255,
    "rotation": [
      [
        0.9468314,
        0.251027972,
        0.201234192
      ],
      [
        -0.210001886,
        0.008352399,
        0.9776653
      ],
      [
        0.243740544,
        -0.9679438,
        0.06062466
      ]
    ],
    "translation": [
      1.26027966,
      0.757919431,
      -0.8107361
    ]
  },
  {
    "timeStamp": 39311,
    "rotation": [
      [
        0.9342627,
        0.278135717,
        0.223144978
      ],
      [
        -0.232463613,
        0.0005399409,
        0.97260493
      ],
      [
        0.2703957,
        -0.960541666,
        0.06516088
      ]
    ],
    "translation": [
      1.26113665,
      0.769525,
      -0.8245457
    ]
  },
  {
    "timeStamp": 39355,
    "rotation": [
      [
        0.9265247,
        0.293117553,
        0.235868573
      ],
      [
        -0.246272191,
        -0.0014548758,
        0.9691996
      ],
      [
        0.2844326,
        -0.956075251,
        0.0708387345
      ]
    ],
    "translation": [
      1.26564622,
      0.776708543,
      -0.833515167
    ]
  },
  {
    "timeStamp": 39411,
    "rotation": [
      [
        0.921909869,
        0.293392628,
        0.25298807
      ],
      [
        -0.266223371,
        0.005384229,
        0.963896334
      ],
      [
        0.281437933,
        -0.9559769,
        0.08307175
      ]
    ],
    "translation": [
      1.27433562,
      0.783930063,
      -0.8407892
    ]
  },
  {
    "timeStamp": 39456,
    "rotation": [
      [
        0.9189157,
        0.294598818,
        0.2623081
      ],
      [
        -0.2786233,
        0.014044336,
        0.960297763
      ],
      [
        0.279218644,
        -0.9555178,
        0.09498765
      ]
    ],
    "translation": [
      1.28372848,
      0.788684,
      -0.8459706
    ]
  },
  {
    "timeStamp": 39511,
    "rotation": [
      [
        0.916009545,
        0.296183735,
        0.270558119
      ],
      [
        -0.292300552,
        0.0308694039,
        0.9558282
      ],
      [
        0.2747488,
        -0.954632,
        0.114851333
      ]
    ],
    "translation": [
      1.29739141,
      0.7933443,
      -0.8540124
    ]
  },
  {
    "timeStamp": 39556,
    "rotation": [
      [
        0.91413945,
        0.295749635,
        0.2772747
      ],
      [
        -0.301653147,
        0.03928639,
        0.952608
      ],
      [
        0.270840347,
        -0.9544573,
        0.125127047
      ]
    ],
    "translation": [
      1.30972087,
      0.7971981,
      -0.858901262
    ]
  },
  {
    "timeStamp": 39611,
    "rotation": [
      [
        0.913977563,
        0.286472023,
        0.287365139
      ],
      [
        -0.315547556,
        0.0565665253,
        0.947222233
      ],
      [
        0.255097419,
        -0.956417263,
        0.142096087
      ]
    ],
    "translation": [
      1.32721937,
      0.8021109,
      -0.8639781
    ]
  },
  {
    "timeStamp": 39655,
    "rotation": [
      [
        0.9150663,
        0.276834249,
        0.2932855
      ],
      [
        -0.3250556,
        0.0757889152,
        0.9426531
      ],
      [
        0.238730893,
        -0.9579242,
        0.159338415
      ]
    ],
    "translation": [
      1.34415925,
      0.806365848,
      -0.86732316
    ]
  },
  {
    "timeStamp": 39711,
    "rotation": [
      [
        0.9141995,
        0.259346038,
        0.311414361
      ],
      [
        -0.348091722,
        0.108991027,
        0.93110317
      ],
      [
        0.207536533,
        -0.9596148,
        0.189915746
      ]
    ],
    "translation": [
      1.36796272,
      0.815579653,
      -0.871517539
    ]
  },
  {
    "timeStamp": 39756,
    "rotation": [
      [
        0.910263,
        0.245499238,
        0.3333938
      ],
      [
        -0.369051933,
        0.116099022,
        0.9221289
      ],
      [
        0.187675267,
        -0.9624194,
        0.19628261
      ]
    ],
    "translation": [
      1.39021075,
      0.8277367,
      -0.869893849
    ]
  },
  {
    "timeStamp": 39811,
    "rotation": [
      [
        0.910900533,
        0.2113319,
        0.3543994
      ],
      [
        -0.386312336,
        0.134974,
        0.9124389
      ],
      [
        0.144992754,
        -0.96805,
        0.204588026
      ]
    ],
    "translation": [
      1.42324471,
      0.8404352,
      -0.8630332
    ]
  },
  {
    "timeStamp": 39855,
    "rotation": [
      [
        0.912297,
        0.175600827,
        0.369971037
      ],
      [
        -0.3952485,
        0.141050681,
        0.9076802
      ],
      [
        0.107204743,
        -0.974304438,
        0.198086068
      ]
    ],
    "translation": [
      1.45460653,
      0.848795533,
      -0.852165
    ]
  },
  {
    "timeStamp": 39911,
    "rotation": [
      [
        0.919705749,
        0.126616269,
        0.371631145
      ],
      [
        -0.387738675,
        0.14430207,
        0.9104041
      ],
      [
        0.06164481,
        -0.981399655,
        0.181809455
      ]
    ],
    "translation": [
      1.49853683,
      0.8509346,
      -0.834998965
    ]
  },
  {
    "timeStamp": 39956,
    "rotation": [
      [
        0.9348302,
        0.08249319,
        0.345380068
      ],
      [
        -0.353521615,
        0.124748223,
        0.927070856
      ],
      [
        0.03339149,
        -0.98875314,
        0.145781532
      ]
    ],
    "translation": [
      1.5387367,
      0.846453547,
      -0.8179567
    ]
  },
  {
    "timeStamp": 40011,
    "rotation": [
      [
        0.9460453,
        0.00169785973,
        0.32403
      ],
      [
        -0.321883857,
        0.1199438,
        0.9391508
      ],
      [
        -0.0372708552,
        -0.992779255,
        0.114018776
      ]
    ],
    "translation": [
      1.59427845,
      0.84312135,
      -0.7927494
    ]
  },
  {
    "timeStamp": 40055,
    "rotation": [
      [
        0.9430526,
        -0.07208908,
        0.324738026
      ],
      [
        -0.316597342,
        0.105029173,
        0.9427274
      ],
      [
        -0.102067336,
        -0.99185276,
        0.07622483
      ]
    ],
    "translation": [
      1.638608,
      0.8507993,
      -0.770811737
    ]
  },
  {
    "timeStamp": 40111,
    "rotation": [
      [
        0.9298169,
        -0.1552488,
        0.333673954
      ],
      [
        -0.325815976,
        0.07433614,
        0.942506254
      ],
      [
        -0.171127021,
        -0.9850746,
        0.0185364615
      ]
    ],
    "translation": [
      1.69213343,
      0.8702139,
      -0.7430693
    ]
  },
  {
    "timeStamp": 40155,
    "rotation": [
      [
        0.905637145,
        -0.231204018,
        0.3554802
      ],
      [
        -0.3530844,
        0.0531195253,
        0.9340823
      ],
      [
        -0.234846517,
        -0.9714541,
        -0.0335275121
      ]
    ],
    "translation": [
      1.73639309,
      0.8923458,
      -0.7231458
    ]
  },
  {
    "timeStamp": 40211,
    "rotation": [
      [
        0.8627024,
        -0.3299437,
        0.383251429
      ],
      [
        -0.3987821,
        0.0222030524,
        0.9167769
      ],
      [
        -0.3109941,
        -0.9437395,
        -0.112421006
      ]
    ],
    "translation": [
      1.79312313,
      0.9251245,
      -0.700156748
    ]
  },
  {
    "timeStamp": 40255,
    "rotation": [
      [
        0.8129994,
        -0.41182068,
        0.411625743
      ],
      [
        -0.447128922,
        0.0112716975,
        0.8943985
      ],
      [
        -0.3729715,
        -0.9111952,
        -0.174973041
      ]
    ],
    "translation": [
      1.84021986,
      0.952876449,
      -0.6861227
    ]
  },
  {
    "timeStamp": 40311,
    "rotation": [
      [
        0.7421301,
        -0.5098062,
        0.435132772
      ],
      [
        -0.506218135,
        -0.000821905851,
        0.862405062
      ],
      [
        -0.439301819,
        -0.8602889,
        -0.258683115
      ]
    ],
    "translation": [
      1.90029812,
      0.987137258,
      -0.6737034
    ]
  },
  {
    "timeStamp": 40355,
    "rotation": [
      [
        0.67896,
        -0.58703506,
        0.44091174
      ],
      [
        -0.551951051,
        -0.0121384654,
        0.833788157
      ],
      [
        -0.4841109,
        -0.809470534,
        -0.332256138
      ]
    ],
    "translation": [
      1.95056844,
      1.01291537,
      -0.66745317
    ]
  },
  {
    "timeStamp": 40411,
    "rotation": [
      [
        0.6010224,
        -0.6738075,
        0.429831952
      ],
      [
        -0.6019391,
        -0.0278246589,
        0.7980571
      ],
      [
        -0.5257769,
        -0.7383828,
        -0.422314316
      ]
    ],
    "translation": [
      2.014774,
      1.04118145,
      -0.6645018
    ]
  },
  {
    "timeStamp": 40455,
    "rotation": [
      [
        0.583918452,
        -0.7372026,
        0.339958072
      ],
      [
        -0.6028892,
        -0.1133507,
        0.789731741
      ],
      [
        -0.5436578,
        -0.666096,
        -0.510639
      ]
    ],
    "translation": [
      2.07528186,
      1.06263423,
      -0.6629527
    ]
  },
  {
    "timeStamp": 40511,
    "rotation": [
      [
        0.5436782,
        -0.8245853,
        0.156438679
      ],
      [
        -0.566526234,
        -0.223029748,
        0.793287933
      ],
      [
        -0.619243145,
        -0.51992,
        -0.588405669
      ]
    ],
    "translation": [
      2.17045879,
      1.07765746,
      -0.666644335
    ]
  },
  {
    "timeStamp": 40555,
    "rotation": [
      [
        0.451907516,
        -0.8853357,
        0.109363116
      ],
      [
        -0.549410343,
        -0.179639056,
        0.8160136
      ],
      [
        -0.702800035,
        -0.428847879,
        -0.5675928
      ]
    ],
    "translation": [
      2.23729086,
      1.0664537,
      -0.6765114
    ]
  },
  {
    "timeStamp": 40611,
    "rotation": [
      [
        0.361709356,
        -0.924871743,
        0.117382534
      ],
      [
        -0.544358969,
        -0.107303545,
        0.8319611
      ],
      [
        -0.756861746,
        -0.364826351,
        -0.5422749
      ]
    ],
    "translation": [
      2.292073,
      1.04783082,
      -0.6882473
    ]
  },
  {
    "timeStamp": 40665,
    "rotation": [
      [
        0.3522529,
        -0.9313393,
        0.09233054
      ],
      [
        -0.5070899,
        -0.107007764,
        0.8552246
      ],
      [
        -0.786624253,
        -0.348075241,
        -0.509966552
      ]
    ],
    "translation": [
      2.321889,
      1.03297234,
      -0.695898831
    ]
  },
  {
    "timeStamp": 40707,
    "rotation": [
      [
        0.3996255,
        -0.913818,
        0.07236078
      ],
      [
        -0.467899024,
        -0.135463446,
        0.8733385
      ],
      [
        -0.788270235,
        -0.3828659,
        -0.4817092
      ]
    ],
    "translation": [
      2.336816,
      1.01865387,
      -0.6956786
    ]
  },
  {
    "timeStamp": 40761,
    "rotation": [
      [
        0.4208796,
        -0.9047876,
        0.0649588853
      ],
      [
        -0.445914,
        -0.144001037,
        0.8834163
      ],
      [
        -0.789949954,
        -0.400777966,
        -0.464064568
      ]
    ],
    "translation": [
      2.34380221,
      1.00269389,
      -0.691948652
    ]
  },
  {
    "timeStamp": 40806,
    "rotation": [
      [
        0.439207524,
        -0.8951684,
        0.0759626254
      ],
      [
        -0.433234841,
        -0.136970386,
        0.8908124
      ],
      [
        -0.7870225,
        -0.424161166,
        -0.447976559
      ]
    ],
    "translation": [
      2.342844,
      0.9870964,
      -0.684347451
    ]
  },
  {
    "timeStamp": 40861,
    "rotation": [
      [
        0.468277425,
        -0.8794027,
        0.08583198
      ],
      [
        -0.429529548,
        -0.141673416,
        0.8918705
      ],
      [
        -0.7721532,
        -0.4545102,
        -0.444071919
      ]
    ],
    "translation": [
      2.33581543,
      0.971013844,
      -0.6711602
    ]
  },
  {
    "timeStamp": 40905,
    "rotation": [
      [
        0.530320764,
        -0.844545543,
        0.07418036
      ],
      [
        -0.4080495,
        -0.177571,
        0.8955245
      ],
      [
        -0.743138969,
        -0.505184531,
        -0.43878597
      ]
    ],
    "translation": [
      2.324552,
      0.9609156,
      -0.658339739
    ]
  },
  {
    "timeStamp": 40961,
    "rotation": [
      [
        0.6146003,
        -0.787365258,
        0.0481918827
      ],
      [
        -0.3833736,
        -0.244744122,
        0.890575647
      ],
      [
        -0.6894136,
        -0.565823555,
        -0.452274829
      ]
    ],
    "translation": [
      2.31252456,
      0.9511922,
      -0.6404643
    ]
  },
  {
    "timeStamp": 41005,
    "rotation": [
      [
        0.687246144,
        -0.726202846,
        0.0179521535
      ],
      [
        -0.347078025,
        -0.3065489,
        0.8863208
      ],
      [
        -0.638145447,
        -0.6153514,
        -0.462723553
      ]
    ],
    "translation": [
      2.30316949,
      0.942974865,
      -0.62702626
    ]
  },
  {
    "timeStamp": 41061,
    "rotation": [
      [
        0.779729843,
        -0.625646651,
        -0.0242393371
      ],
      [
        -0.286306739,
        -0.390712261,
        0.874855638
      ],
      [
        -0.5568211,
        -0.6752112,
        -0.4837769
      ]
    ],
    "translation": [
      2.29292417,
      0.934078038,
      -0.6095858
    ]
  },
  {
    "timeStamp": 41106,
    "rotation": [
      [
        0.83229053,
        -0.550955534,
        -0.061159268
      ],
      [
        -0.22978279,
        -0.443295032,
        0.8664233
      ],
      [
        -0.5044723,
        -0.707062542,
        -0.495550334
      ]
    ],
    "translation": [
      2.28863168,
      0.9248102,
      -0.5982251
    ]
  },
  {
    "timeStamp": 41152,
    "rotation": [
      [
        0.8712055,
        -0.4871552,
        -0.0606695674
      ],
      [
        -0.202491313,
        -0.469176233,
        0.859576
      ],
      [
        -0.447211653,
        -0.7365823,
        -0.5073936
      ]
    ],
    "translation": [
      2.282807,
      0.9170157,
      -0.586747766
    ]
  },
  {
    "timeStamp": 41209,
    "rotation": [
      [
        0.929041564,
        -0.3561451,
        -0.100211844
      ],
      [
        -0.109943405,
        -0.52438277,
        0.844354868
      ],
      [
        -0.353262216,
        -0.773423135,
        -0.52632916
      ]
    ],
    "translation": [
      2.27282214,
      0.9074954,
      -0.5756819
    ]
  },
  {
    "timeStamp": 41254,
    "rotation": [
      [
        0.9605004,
        -0.263219565,
        -0.09030112
      ],
      [
        -0.07314835,
        -0.551902831,
        0.830694
      ],
      [
        -0.268492371,
        -0.7912766,
        -0.549357
      ]
    ],
    "translation": [
      2.26093388,
      0.901635647,
      -0.5682621
    ]
  },
  {
    "timeStamp": 41311,
    "rotation": [
      [
        0.993601,
        -0.09272174,
        -0.06449554
      ],
      [
        0.00162512518,
        -0.55923,
        0.8290109
      ],
      [
        -0.112935178,
        -0.8238109,
        -0.555500865
      ]
    ],
    "translation": [
      2.2364018,
      0.886854649,
      -0.565953
    ]
  },
  {
    "timeStamp": 41355,
    "rotation": [
      [
        0.9985235,
        0.00927053951,
        -0.0535242744
      ],
      [
        0.0496444926,
        -0.555707753,
        0.8298941
      ],
      [
        -0.0220502913,
        -0.831325948,
        -0.5553475
      ]
    ],
    "translation": [
      2.22488785,
      0.877559662,
      -0.5626989
    ]
  },
  {
    "timeStamp": 41411,
    "rotation": [
      [
        0.9962973,
        0.07227501,
        -0.0465610735
      ],
      [
        0.07925691,
        -0.5622397,
        0.8231676
      ],
      [
        0.03331597,
        -0.82381,
        -0.5658862
      ]
    ],
    "translation": [
      2.22067,
      0.869553864,
      -0.5552069
    ]
  },
  {
    "timeStamp": 41455,
    "rotation": [
      [
        0.988859832,
        0.142705619,
        -0.04232367
      ],
      [
        0.115065463,
        -0.552493036,
        0.825537
      ],
      [
        0.09442523,
        -0.821210444,
        -0.5627587
      ]
    ],
    "translation": [
      2.21660542,
      0.861662745,
      -0.549023867
    ]
  },
  {
    "timeStamp": 41510,
    "rotation": [
      [
        0.98266387,
        0.174638823,
        -0.06223381
      ],
      [
        0.148799777,
        -0.5426899,
        0.8266476
      ],
      [
        0.1105911,
        -0.8215771,
        -0.559268
      ]
    ],
    "translation": [
      2.2212286,
      0.85087657,
      -0.540148139
    ]
  },
  {
    "timeStamp": 41555,
    "rotation": [
      [
        0.978574336,
        0.186327517,
        -0.0876027346
      ],
      [
        0.17443952,
        -0.5242684,
        0.8334948
      ],
      [
        0.109375671,
        -0.830917954,
        -0.5455385
      ]
    ],
    "translation": [
      2.22806478,
      0.8419508,
      -0.532204866
    ]
  },
  {
    "timeStamp": 41610,
    "rotation": [
      [
        0.977567554,
        0.192343265,
        -0.0858237743
      ],
      [
        0.174077809,
        -0.5084475,
        0.843313754
      ],
      [
        0.118568845,
        -0.8393362,
        -0.5305245
      ]
    ],
    "translation": [
      2.23159432,
      0.8352953,
      -0.524191737
    ]
  },
  {
    "timeStamp": 41655,
    "rotation": [
      [
        0.976752758,
        0.199370191,
        -0.0787751451
      ],
      [
        0.1682649,
        -0.48536104,
        0.857969463
      ],
      [
        0.132819146,
        -0.85127914,
        -0.507624745
      ]
    ],
    "translation": [
      2.23168373,
      0.8288389,
      -0.5195958
    ]
  },
  {
    "timeStamp": 41710,
    "rotation": [
      [
        0.9705559,
        0.228466123,
        -0.07631766
      ],
      [
        0.175612941,
        -0.4542821,
        0.873377264
      ],
      [
        0.164867356,
        -0.861063838,
        -0.481027782
      ]
    ],
    "translation": [
      2.22983432,
      0.819071352,
      -0.5157864
    ]
  },
  {
    "timeStamp": 41755,
    "rotation": [
      [
        0.9690142,
        0.238422379,
        -0.0645459
      ],
      [
        0.166891634,
        -0.439332128,
        0.882685959
      ],
      [
        0.182095,
        -0.866107464,
        -0.4655098
      ]
    ],
    "translation": [
      2.2270956,
      0.8140731,
      -0.511484146
    ]
  },
  {
    "timeStamp": 41810,
    "rotation": [
      [
        0.962076843,
        0.265207171,
        -0.06382213
      ],
      [
        0.1750611,
        -0.4208633,
        0.89007175
      ],
      [
        0.209193036,
        -0.867490232,
        -0.4513303
      ]
    ],
    "translation": [
      2.22481132,
      0.8075919,
      -0.5062921
    ]
  },
  {
    "timeStamp": 41855,
    "rotation": [
      [
        0.955035269,
        0.289579839,
        -0.06364836
      ],
      [
        0.184556112,
        -0.412605077,
        0.892017961
      ],
      [
        0.23204878,
        -0.8636553,
        -0.447496146
      ]
    ],
    "translation": [
      2.22261643,
      0.802893043,
      -0.5030563
    ]
  },
  {
    "timeStamp": 41910,
    "rotation": [
      [
        0.948283434,
        0.311343253,
        -0.06183805
      ],
      [
        0.191792846,
        -0.406759262,
        0.8931755
      ],
      [
        0.252930969,
        -0.8588436,
        -0.445436478
      ]
    ],
    "translation": [
      2.2217288,
      0.7986576,
      -0.49933356
    ]
  },
  {
    "timeStamp": 41955,
    "rotation": [
      [
        0.9450562,
        0.32117188,
        -0.0609698
      ],
      [
        0.194548011,
        -0.4026673,
        0.894432843
      ],
      [
        0.262716144,
        -0.857150853,
        -0.4430266
      ]
    ],
    "translation": [
      2.222758,
      0.796646953,
      -0.495138854
    ]
  },
  {
    "timeStamp": 42010,
    "rotation": [
      [
        0.9452683,
        0.320861161,
        -0.0592954159
      ],
      [
        0.19156763,
        -0.398619741,
        0.8968858
      ],
      [
        0.2641395,
        -0.8591568,
        -0.438269228
      ]
    ],
    "translation": [
      2.22482634,
      0.7945746,
      -0.489016116
    ]
  },
  {
    "timeStamp": 42055,
    "rotation": [
      [
        0.9416168,
        0.331919253,
        -0.0564587079
      ],
      [
        0.191755429,
        -0.3908566,
        0.9002561
      ],
      [
        0.276745081,
        -0.8585225,
        -0.4316844
      ]
    ],
    "translation": [
      2.22518158,
      0.792608142,
      -0.485688984
    ]
  },
  {
    "timeStamp": 42110,
    "rotation": [
      [
        0.9384406,
        0.341876,
        -0.0494971722
      ],
      [
        0.181425571,
        -0.3658495,
