[
  {
    "timeStamp": 17799,
    "rotation": [
      [
        0.999633968,
        0.0209423,
        -0.0171289872
      ],
      [
        0.0158108678,
        0.0615631342,
        0.997978
      ],
      [
        0.02195446,
        -0.9978835,
        0.06120948
      ]
    ],
    "translation": [
      1.767689,
      0.7074177,
      -0.6227663
    ]
  },
  {
    "timeStamp": 17843,
    "rotation": [
      [
        0.9997909,
        0.0202313922,
        0.00297537283
      ],
      [
        -0.00353576778,
        0.0277201645,
        0.9996095
      ],
      [
        0.0201410148,
        -0.999411,
        0.0277859028
      ]
    ],
    "translation": [
      1.76735616,
      0.7080182,
      -0.6221816
    ]
  },
  {
    "timeStamp": 17899,
    "rotation": [
      [
        0.999234438,
        0.014378923,
        0.0363837779
      ],
      [
        -0.03635107,
        -0.00252979412,
        0.9993359
      ],
      [
        0.0144614168,
        -0.9998934,
        -0.002005168
      ]
    ],
    "translation": [
      1.76724184,
      0.7243065,
      -0.6228885
    ]
  },
  {
    "timeStamp": 17946,
    "rotation": [
      [
        0.99689883,
        0.003848637,
        0.07860025
      ],
      [
        -0.07843157,
        -0.0329752564,
        0.996374
      ],
      [
        0.006426528,
        -0.9994488,
        -0.03257114
      ]
    ],
    "translation": [
      1.77040219,
      0.7477668,
      -0.623473048
    ]
  },
  {
    "timeStamp": 17999,
    "rotation": [
      [
        0.991037846,
        -0.01419329,
        0.132825091
      ],
      [
        -0.133539781,
        -0.0804893449,
        0.9877695
      ],
      [
        -0.003328678,
        -0.996654451,
        -0.0816633552
      ]
    ],
    "translation": [
      1.782611,
      0.78251636,
      -0.6261668
    ]
  },
  {
    "timeStamp": 18043,
    "rotation": [
      [
        0.9851763,
        -0.0409432873,
        0.166587248
      ],
      [
        -0.170433313,
        -0.123239271,
        0.9776321
      ],
      [
        -0.0194973666,
        -0.991532,
        -0.128390521
      ]
    ],
    "translation": [
      1.80083048,
      0.812567651,
      -0.626491368
    ]
  },
  {
    "timeStamp": 18099,
    "rotation": [
      [
        0.9759832,
        -0.09539594,
        0.195848092
      ],
      [
        -0.210035577,
        -0.1734938,
        0.9621772
      ],
      [
        -0.0578093864,
        -0.9802038,
        -0.189363569
      ]
    ],
    "translation": [
      1.8358897,
      0.850605249,
      -0.6240871
    ]
  },
  {
    "timeStamp": 18144,
    "rotation": [
      [
        0.9683058,
        -0.152413473,
        0.197873592
      ],
      [
        -0.227597177,
        -0.212124214,
        0.950369835
      ],
      [
        -0.102875382,
        -0.965284169,
        -0.240089983
      ]
    ],
    "translation": [
      1.873061,
      0.8787435,
      -0.61938566
    ]
  },
  {
    "timeStamp": 18199,
    "rotation": [
      [
        0.9542844,
        -0.239836812,
        0.178380236
      ],
      [
        -0.240722358,
        -0.262910336,
        0.9343077
      ],
      [
        -0.17718336,
        -0.9345354,
        -0.30862534
      ]
    ],
    "translation": [
      1.92872941,
      0.909487069,
      -0.611059248
    ]
  },
  {
    "timeStamp": 18243,
    "rotation": [
      [
        0.9408805,
        -0.309411049,
        0.137871936
      ],
      [
        -0.233839944,
        -0.298804343,
        0.9252215
      ],
      [
        -0.245077029,
        -0.90276283,
        -0.353491843
      ]
    ],
    "translation": [
      1.97755992,
      0.9270659,
      -0.6037144
    ]
  },
  {
    "timeStamp": 18299,
    "rotation": [
      [
        0.918061,
        -0.3877388,
        0.08259901
      ],
      [
        -0.218158588,
        -0.320149451,
        0.921906233
      ],
      [
        -0.331014782,
        -0.864385843,
        -0.3785053
      ]
    ],
    "translation": [
      2.0366137,
      0.936303556,
      -0.594595551
    ]
  },
  {
    "timeStamp": 18343,
    "rotation": [
      [
        0.902487457,
        -0.428598851,
        0.04265407
      ],
      [
        -0.191783831,
        -0.311201125,
        0.9307915
      ],
      [
        -0.385662168,
        -0.848208,
        -0.363053441
      ]
    ],
    "translation": [
      2.077257,
      0.93005836,
      -0.5887276
    ]
  },
  {
    "timeStamp": 18399,
    "rotation": [
      [
        0.8988841,
        -0.4377138,
        0.0203474816
      ],
      [
        -0.134702653,
        -0.231840253,
        0.9633822
      ],
      [
        -0.416968316,
        -0.8687098,
        -0.26735872
      ]
    ],
    "translation": [
      2.11035037,
      0.898421168,
      -0.584194839
    ]
  },
  {
    "timeStamp": 18444,
    "rotation": [
      [
        0.9056947,
        -0.423915774,
        0.00354919233
      ],
      [
        -0.08853127,
        -0.180946022,
        0.979500234
      ],
      [
        -0.414583385,
        -0.8874424,
        -0.20141165
      ]
    ],
    "translation": [
      2.125379,
      0.871609032,
      -0.5817412
    ]
  },
  {
    "timeStamp": 18493,
    "rotation": [
      [
        0.9192213,
        -0.393640816,
        -0.008897523
      ],
      [
        -0.0496957637,
        -0.138405845,
        0.989128
      ],
      [
        -0.390592635,
        -0.908785343,
        -0.146787882
      ]
    ],
    "translation": [
      2.13337183,
      0.8426942,
      -0.578088641
    ]
  },
  {
    "timeStamp": 18549,
    "rotation": [
      [
        0.933092,
        -0.359445,
        -0.0117671723
      ],
      [
        -0.0222085528,
        -0.09024709,
        0.995671749
      ],
      [
        -0.358951181,
        -0.928792059,
        -0.09219159
      ]
    ],
    "translation": [
      2.13109851,
      0.8180969,
      -0.574687362
    ]
  },
  {
    "timeStamp": 18593,
    "rotation": [
      [
        0.941125453,
        -0.3380495,
        0.0023283523
      ],
      [
        -0.027448589,
        -0.06954819,
        0.9972009
      ],
      [
        -0.336941332,
        -0.938555062,
        -0.07473255
      ]
    ],
    "translation": [
      2.12559986,
      0.8064896,
      -0.5717257
    ]
  },
  {
    "timeStamp": 18649,
    "rotation": [
      [
        0.9506744,
        -0.310136169,
        0.00580060342
      ],
      [
        -0.0229916833,
        -0.0518041067,
        0.9983926
      ],
      [
        -0.309337139,
        -0.949279666,
        -0.0563793927
      ]
    ],
    "translation": [
      2.11829877,
      0.7972229,
      -0.569607258
    ]
  },
  {
    "timeStamp": 18694,
    "rotation": [
      [
        0.954708159,
        -0.2970219,
        0.0176187083
      ],
      [
        -0.0347808376,
        -0.05259511,
        0.998010039
      ],
      [
        -0.295504183,
        -0.9534211,
        -0.0605436452
      ]
    ],
    "translation": [
      2.11339712,
      0.7949643,
      -0.5667783
    ]
  },
  {
    "timeStamp": 18749,
    "rotation": [
      [
        0.9620006,
        -0.2721722,
        0.0218410641
      ],
      [
        -0.03560734,
        -0.0457429029,
        0.998318434
      ],
      [
        -0.270715475,
        -0.96116066,
        -0.0536960326
      ]
    ],
    "translation": [
      2.10682774,
      0.7917129,
      -0.5651813
    ]
  },
  {
    "timeStamp": 18794,
    "rotation": [
      [
        0.965189636,
        -0.260358423,
        0.0249497648
      ],
      [
        -0.03694314,
        -0.0412726328,
        0.9984647
      ],
      [
        -0.258928925,
        -0.9646295,
        -0.0494543724
      ]
    ],
    "translation": [
      2.10215235,
      0.788594544,
      -0.5638478
    ]
  },
  {
    "timeStamp": 18850,
    "rotation": [
      [
        0.9667415,
        -0.2534011,
        0.034622997
      ],
      [
        -0.0448160544,
        -0.0345619544,
        0.998397231
      ],
      [
        -0.251798362,
        -0.9667437,
        -0.04476892
      ]
    ],
    "translation": [
      2.097165,
      0.785058558,
      -0.562500536
    ]
  },
  {
    "timeStamp": 18895,
    "rotation": [
      [
        0.968106449,
        -0.247677371,
        0.0377596542
      ],
      [
        -0.04723729,
        -0.0324337557,
        0.998357
      ],
      [
        -0.246045753,
        -0.9682995,
        -0.043098934
      ]
    ],
    "translation": [
      2.09348249,
      0.782695,
      -0.5616784
    ]
  },
  {
    "timeStamp": 18952,
    "rotation": [
      [
        0.9702058,
        -0.23925367,
        0.0381897353
      ],
      [
        -0.0448056161,
        -0.0222724583,
        0.9987474
      ],
      [
        -0.2381034,
        -0.970701635,
        -0.032328777
      ]
    ],
    "translation": [
      2.089339,
      0.778629541,
      -0.5624399
    ]
  },
  {
    "timeStamp": 18997,
    "rotation": [
      [
        0.9702394,
        -0.238894165,
        0.0395600423
      ],
      [
        -0.0454795249,
        -0.0193152856,
        0.9987785
      ],
      [
        -0.237838238,
        -0.970853448,
        -0.0296052434
      ]
    ],
    "translation": [
      2.08665085,
      0.7756775,
      -0.5627825
    ]
  },
  {
    "timeStamp": 19043,
    "rotation": [
      [
        0.9697127,
        -0.240163893,
        0.04448159
      ],
      [
        -0.0497116335,
        -0.01575981,
        0.9986393
      ],
      [
        -0.239136085,
        -0.9706044,
        -0.0272214282
      ]
    ],
    "translation": [
      2.084505,
      0.7734535,
      -0.5625968
    ]
  },
  {
    "timeStamp": 19098,
    "rotation": [
      [
        0.9695153,
        -0.241341874,
        0.0423566326
      ],
      [
        -0.0478937477,
        -0.0171205848,
        0.9987057
      ],
      [
        -0.240304321,
        -0.9702891,
        -0.0281574354
      ]
    ],
    "translation": [
      2.082336,
      0.7711354,
      -0.5626731
    ]
  },
  {
    "timeStamp": 19143,
    "rotation": [
      [
        0.9701579,
        -0.239042923,
        0.040646445
      ],
      [
        -0.0458019078,
        -0.0160495639,
        0.9988216
      ],
      [
        -0.238108888,
        -0.9708764,
        -0.0265192334
      ]
    ],
    "translation": [
      2.080461,
      0.7697993,
      -0.5623702
    ]
  },
  {
    "timeStamp": 19199,
    "rotation": [
      [
        0.9705817,
        -0.237647131,
        0.0386649
      ],
      [
        -0.042985145,
        -0.0130223185,
        0.998990834
      ],
      [
        -0.2369038,
        -0.971264243,
        -0.0228545219
      ]
    ],
    "translation": [
      2.0800364,
      0.7696923,
      -0.562389433
    ]
  },
  {
    "timeStamp": 19243,
    "rotation": [
      [
        0.970991969,
        -0.233155727,
        0.05303742
      ],
      [
        -0.05577276,
        -0.00514993723,
        0.9984302
      ],
      [
        -0.232516587,
        -0.9724258,
        -0.0180042852
      ]
    ],
    "translation": [
      2.08009648,
      0.769613147,
      -0.5624409
    ]
  },
  {
    "timeStamp": 19298,
    "rotation": [
      [
        0.969019353,
        -0.236495167,
        0.07121465
      ],
      [
        -0.07227839,
        0.004180262,
        0.9973757
      ],
      [
        -0.236172229,
        -0.971623659,
        -0.013042734
      ]
    ],
    "translation": [
      2.07951784,
      0.7694683,
      -0.562592268
    ]
  },
  {
    "timeStamp": 19343,
    "rotation": [
      [
        0.9691103,
        -0.2323465,
        0.08270583
      ],
      [
        -0.08442323,
        0.00256027048,
        0.9964267
      ],
      [
        -0.231728,
        -0.972629666,
        -0.0171342585
      ]
    ],
    "translation": [
      2.07945013,
      0.769197941,
      -0.5624369
    ]
  },
  {
    "timeStamp": 19398,
    "rotation": [
      [
        0.975824058,
        -0.203180864,
        0.0805286
      ],
      [
        -0.079218246,
        0.0145872654,
        0.996750534
      ],
      [
        -0.203695342,
        -0.9790326,
        -0.001861027
      ]
    ],
    "translation": [
      2.078636,
      0.7691919,
      -0.562335849
    ]
  },
  {
    "timeStamp": 19443,
    "rotation": [
      [
        0.9779049,
        -0.192024574,
        0.08263483
      ],
      [
        -0.08172802,
        0.0126521485,
        0.996574342
      ],
      [
        -0.192412272,
        -0.9813086,
        -0.003321188
      ]
    ],
    "translation": [
      2.07999349,
      0.769329,
      -0.5622142
    ]
  },
  {
    "timeStamp": 19502,
    "rotation": [
      [
        0.9820648,
        -0.17332539,
        0.07420963
      ],
      [
        -0.07253193,
        0.0160021782,
        0.9972377
      ],
      [
        -0.174034134,
        -0.9847346,
        0.00314355083
      ]
    ],
    "translation": [
      2.080471,
      0.7694053,
      -0.5620987
    ]
  }
]