[
  {
    "timeStamp": 14390,
    "rotation": [
      [
        0.999868631,
        0.014965306,
        -0.00622255355
      ],
      [
        0.00634460151,
        -0.008121794,
        0.9999469
      ],
      [
        0.0149139753,
        -0.999855,
        -0.008215676
      ]
    ],
    "translation": [
      1.76657081,
      0.704563856,
      -0.7517713
    ]
  },
  {
    "timeStamp": 14434,
    "rotation": [
      [
        0.9982381,
        -0.0526083745,
        -0.02744015
      ],
      [
        0.0283887889,
        0.017370306,
        0.999446034
      ],
      [
        -0.0521026,
        -0.9984641,
        0.01883319
      ]
    ],
    "translation": [
      1.7693845,
      0.70540303,
      -0.750854433
    ]
  },
  {
    "timeStamp": 14489,
    "rotation": [
      [
        0.9983149,
        -0.0543185323,
        -0.0204162654
      ],
      [
        0.0221280959,
        0.0311021358,
        0.9992712
      ],
      [
        -0.05364394,
        -0.9980391,
        0.03225169
      ]
    ],
    "translation": [
      1.76990092,
      0.7114053,
      -0.753399551
    ]
  },
  {
    "timeStamp": 14535,
    "rotation": [
      [
        0.99863,
        -0.05195516,
        -0.006227814
      ],
      [
        0.00712882634,
        0.0171748586,
        0.9998271
      ],
      [
        -0.0518392138,
        -0.9985017,
        0.01752171
      ]
    ],
    "translation": [
      1.77144,
      0.7211112,
      -0.754021645
    ]
  },
  {
    "timeStamp": 14589,
    "rotation": [
      [
        0.9972475,
        -0.06628514,
        0.0332206972
      ],
      [
        -0.032712467,
        0.008738317,
        0.9994266
      ],
      [
        -0.06653743,
        -0.997762442,
        0.006545915
      ]
    ],
    "translation": [
      1.77533793,
      0.741878033,
      -0.753517747
    ]
  },
  {
    "timeStamp": 14634,
    "rotation": [
      [
        0.994206,
        -0.0795503,
        0.07229155
      ],
      [
        -0.07366392,
        -0.01445048,
        0.997178435
      ],
      [
        -0.0782812,
        -0.9967261,
        -0.0202267412
      ]
    ],
    "translation": [
      1.78063977,
      0.7658377,
      -0.7522136
    ]
  },
  {
    "timeStamp": 14689,
    "rotation": [
      [
        0.986707449,
        -0.102617711,
        0.12600787
      ],
      [
        -0.1315583,
        -0.04922115,
        0.9900857
      ],
      [
        -0.09539809,
        -0.9935023,
        -0.0620670877
      ]
    ],
    "translation": [
      1.79297328,
      0.803296864,
      -0.7503347
    ]
  },
  {
    "timeStamp": 14734,
    "rotation": [
      [
        0.97735703,
        -0.134404942,
        0.1634274
      ],
      [
        -0.174769834,
        -0.0773622245,
        0.981565356
      ],
      [
        -0.119284116,
        -0.987902045,
        -0.09910045
      ]
    ],
    "translation": [
      1.80940151,
      0.836378455,
      -0.7463925
    ]
  },
  {
    "timeStamp": 14789,
    "rotation": [
      [
        0.963611662,
        -0.181670934,
        0.196082219
      ],
      [
        -0.22090669,
        -0.12819612,
        0.966833
      ],
      [
        -0.1505085,
        -0.97496736,
        -0.163663611
      ]
    ],
    "translation": [
      1.83878791,
      0.8796678,
      -0.7375988
    ]
  },
  {
    "timeStamp": 14834,
    "rotation": [
      [
        0.94556576,
        -0.2439788,
        0.2153595
      ],
      [
        -0.2591149,
        -0.164067328,
        0.9518095
      ],
      [
        -0.196887881,
        -0.955801368,
        -0.218355
      ]
    ],
    "translation": [
      1.87067747,
      0.9128471,
      -0.7264607
    ]
  },
  {
    "timeStamp": 14889,
    "rotation": [
      [
        0.9232806,
        -0.32424444,
        0.205957741
      ],
      [
        -0.284370065,
        -0.216501176,
        0.9339491
      ],
      [
        -0.25823772,
        -0.9208653,
        -0.292096734
      ]
    ],
    "translation": [
      1.91786981,
      0.9478457,
      -0.709481955
    ]
  },
  {
    "timeStamp": 14934,
    "rotation": [
      [
        0.9008122,
        -0.389857978,
        0.191175729
      ],
      [
        -0.301999152,
        -0.246184483,
        0.920972168
      ],
      [
        -0.311983854,
        -0.8873579,
        -0.339502752
      ]
    ],
    "translation": [
      1.95838773,
      0.9681145,
      -0.6953495
    ]
  },
  {
    "timeStamp": 14999,
    "rotation": [
      [
        0.8610244,
        -0.473340064,
        0.1859733
      ],
      [
        -0.330474257,
        -0.242805973,
        0.9120482
      ],
      [
        -0.386553526,
        -0.8467552,
        -0.3654886
      ]
    ],
    "translation": [
      2.0093956,
      0.978981137,
      -0.677297235
    ]
  },
  {
    "timeStamp": 15033,
    "rotation": [
      [
        0.8400318,
        -0.5195495,
        0.156252488
      ],
      [
        -0.319162041,
        -0.240336314,
        0.9167192
      ],
      [
        -0.438727856,
        -0.81994313,
        -0.36771062
      ]
    ],
    "translation": [
      2.04776573,
      0.9749129,
      -0.664090335
    ]
  },
  {
    "timeStamp": 15084,
    "rotation": [
      [
        0.823977053,
        -0.555448234,
        0.111977585
      ],
      [
        -0.277133435,
        -0.222684041,
        0.934670448
      ],
      [
        -0.494225442,
        -0.8011797,
        -0.337419838
      ]
    ],
    "translation": [
      2.08849168,
      0.953146636,
      -0.648244
    ]
  },
  {
    "timeStamp": 15139,
    "rotation": [
      [
        0.820481956,
        -0.5638139,
        0.09446319
      ],
      [
        -0.219505027,
        -0.158135936,
        0.96271
      ],
      [
        -0.5278513,
        -0.8106213,
        -0.253507644
      ]
    ],
    "translation": [
      2.11516452,
      0.9146572,
      -0.6355447
    ]
  },
  {
    "timeStamp": 15184,
    "rotation": [
      [
        0.828268468,
        -0.5542964,
        0.08201755
      ],
      [
        -0.1909286,
        -0.14157249,
        0.9713411
      ],
      [
        -0.5267994,
        -0.8201907,
        -0.223091051
      ]
    ],
    "translation": [
      2.128666,
      0.8847534,
      -0.6248018
    ]
  },
  {
    "timeStamp": 15239,
    "rotation": [
      [
        0.822226048,
        -0.5572984,
        0.11559727
      ],
      [
        -0.192371964,
        -0.08096533,
        0.9779763
      ],
      [
        -0.5356653,
        -0.8263553,
        -0.1737804
      ]
    ],
    "translation": [
      2.13863277,
      0.8480269,
      -0.612833261
    ]
  },
  {
    "timeStamp": 15284,
    "rotation": [
      [
        0.821734667,
        -0.5622552,
        0.0928510353
      ],
      [
        -0.15389581,
        -0.06206755,
        0.9861357
      ],
      [
        -0.5486969,
        -0.824631333,
        -0.137531772
      ]
    ],
    "translation": [
      2.145901,
      0.8204,
      -0.604379237
    ]
  },
  {
    "timeStamp": 15339,
    "rotation": [
      [
        0.804162562,
        -0.5750134,
        0.15060626
      ],
      [
        -0.186682925,
        -0.00376665522,
        0.982413
      ],
      [
        -0.5643333,
        -0.8181354,
        -0.110374182
      ]
    ],
    "translation": [
      2.14511728,
      0.7967073,
      -0.5948118
    ]
  },
  {
    "timeStamp": 15384,
    "rotation": [
      [
        0.806372643,
        -0.5745696,
        0.1401174
      ],
      [
        -0.17243655,
        -0.00179230236,
        0.985018969
      ],
      [
        -0.565710843,
        -0.8184537,
        -0.100522064
      ]
    ],
    "translation": [
      2.1436944,
      0.782285154,
      -0.5886488
    ]
  },
  {
    "timeStamp": 15440,
    "rotation": [
      [
        0.7964186,
        -0.577284157,
        0.180167347
      ],
      [
        -0.209015548,
        0.0167993233,
        0.977768
      ],
      [
        -0.5674767,
        -0.8163704,
        -0.107282072
      ]
    ],
    "translation": [
      2.1361506,
      0.774430752,
      -0.580432951
    ]
  },
  {
    "timeStamp": 15485,
    "rotation": [
      [
        0.812178731,
        -0.5584991,
        0.168655
      ],
      [
        -0.205643743,
        -0.00352770649,
        0.9786206
      ],
      [
        -0.545963764,
        -0.829497635,
        -0.117716976
      ]
    ],
    "translation": [
      2.12921786,
      0.770929,
      -0.574571967
    ]
  },
  {
    "timeStamp": 15537,
    "rotation": [
      [
        0.8322529,
        -0.5324958,
        0.154283077
      ],
      [
        -0.195445761,
        -0.0213872679,
        0.980481267
      ],
      [
        -0.518802464,
        -0.8461624,
        -0.121873662
      ]
    ],
    "translation": [
      2.12125278,
      0.7677867,
      -0.5700358
    ]
  },
  {
    "timeStamp": 15586,
    "rotation": [
      [
        0.847619355,
        -0.5146981,
        0.128946766
      ],
      [
        -0.169565439,
        -0.0324782655,
        0.9849836
      ],
      [
        -0.5027813,
        -0.8567561,
        -0.114804216
      ]
    ],
    "translation": [
      2.11465168,
      0.763241649,
      -0.565053463
    ]
  },
  {
    "timeStamp": 15642,
    "rotation": [
      [
        0.8542042,
        -0.5045472,
        0.125568539
      ],
      [
        -0.159473211,
        -0.0243761986,
        0.9869013
      ],
      [
        -0.494877368,
        -0.86304,
        -0.101284012
      ]
    ],
    "translation": [
      2.10937047,
      0.7591428,
      -0.5611311
    ]
  },
  {
    "timeStamp": 15686,
    "rotation": [
      [
        0.86596024,
        -0.487259448,
        0.1126548
      ],
      [
        -0.142146289,
        -0.0238363985,
        0.989558637
      ],
      [
        -0.4794865,
        -0.8729319,
        -0.0899034962
      ]
    ],
    "translation": [
      2.10452986,
      0.7556091,
      -0.5592001
    ]
  },
  {
    "timeStamp": 15742,
    "rotation": [
      [
        0.8742697,
        -0.474957973,
        0.100336418
      ],
      [
        -0.13232182,
        -0.0342985764,
        0.9906132
      ],
      [
        -0.467058271,
        -0.8793398,
        -0.09283351
      ]
    ],
    "translation": [
      2.10045552,
      0.753386736,
      -0.5563018
    ]
  },
  {
    "timeStamp": 15786,
    "rotation": [
      [
        0.875721931,
        -0.471437633,
        0.104199819
      ],
      [
        -0.13110806,
        -0.024489658,
        0.991065562
      ],
      [
        -0.4646738,
        -0.881559253,
        -0.0832554
      ]
    ],
    "translation": [
      2.09799862,
      0.750788331,
      -0.5543596
    ]
  },
  {
    "timeStamp": 15842,
    "rotation": [
      [
        0.881226659,
        -0.461094677,
        0.104073711
      ],
      [
        -0.128549263,
        -0.0218956452,
        0.9914614
      ],
      [
        -0.4548788,
        -0.8870808,
        -0.07856841
      ]
    ],
    "translation": [
      2.09482765,
      0.747767031,
      -0.552776933
    ]
  },
  {
    "timeStamp": 15886,
    "rotation": [
      [
        0.882747,
        -0.45767644,
        0.106254824
      ],
      [
        -0.127390742,
        -0.015463911,
        0.991732061
      ],
      [
        -0.452249259,
        -0.8889843,
        -0.07195445
      ]
    ],
    "translation": [
      2.093111,
      0.744824648,
      -0.5511636
    ]
  },
  {
    "timeStamp": 15931,
    "rotation": [
      [
        0.888228953,
        -0.448469162,
        0.09962321
      ],
      [
        -0.115928717,
        -0.008972237,
        0.993217
      ],
      [
        -0.444533348,
        -0.8937533,
        -0.0599598549
      ]
    ],
    "translation": [
      2.091537,
      0.7407926,
      -0.550425351
    ]
  },
  {
    "timeStamp": 15987,
    "rotation": [
      [
        0.891799,
        -0.441999257,
        0.0965986
      ],
      [
        -0.111585528,
        -0.007962928,
        0.9937229
      ],
      [
        -0.438455582,
        -0.8969801,
        -0.05642205
      ]
    ],
    "translation": [
      2.08945847,
      0.73845,
      -0.549115658
    ]
  },
  {
    "timeStamp": 16033,
    "rotation": [
      [
        0.8936593,
        -0.439169556,
        0.09221303
      ],
      [
        -0.108209245,
        -0.0114687644,
        0.994062
      ],
      [
        -0.4355042,
        -0.898331,
        -0.0577713773
      ]
    ],
    "translation": [
      2.08862972,
      0.7385968,
      -0.547800541
    ]
  },
  {
    "timeStamp": 16089,
    "rotation": [
      [
        0.887705147,
        -0.451533645,
        0.08998299
      ],
      [
        -0.105464213,
        -0.009177109,
        0.9943808
      ],
      [
        -0.448170573,
        -0.8922069,
        -0.0557672046
      ]
    ],
    "translation": [
      2.087665,
      0.738598943,
      -0.547044337
    ]
  },
  {
    "timeStamp": 16133,
    "rotation": [
      [
        0.8855973,
        -0.456987739,
        0.08294418
      ],
      [
        -0.0977215245,
        -0.00874840748,
        0.995175362
      ],
      [
        -0.4540573,
        -0.88943,
        -0.052405104
      ]
    ],
    "translation": [
      2.08673835,
      0.7386502,
      -0.546758831
    ]
  },
  {
    "timeStamp": 16189,
    "rotation": [
      [
        0.882432,
        -0.465063453,
        0.0709203
      ],
      [
        -0.08519749,
        -0.00972322747,
        0.9963166
      ],
      [
        -0.462660849,
        -0.8852239,
        -0.04820233
      ]
    ],
    "translation": [
      2.0861156,
      0.738168061,
      -0.546322167
    ]
  },
  {
    "timeStamp": 16233,
    "rotation": [
      [
        0.8984432,
        -0.4324036,
        0.07633474
      ],
      [
        -0.08165537,
        0.006280269,
        0.996640861
      ],
      [
        -0.4314305,
        -0.9016583,
        -0.0296656061
      ]
    ],
    "translation": [
      2.08454,
      0.7383958,
      -0.5478101
    ]
  },
  {
    "timeStamp": 16289,
    "rotation": [
      [
        0.9042166,
        -0.420074821,
        0.07700349
      ],
      [
        -0.08544171,
        -0.00127588189,
        0.996342361
      ],
      [
        -0.418440074,
        -0.9074886,
        -0.03704558
      ]
    ],
    "translation": [
      2.08269668,
      0.7392146,
      -0.5485974
    ]
  },
  {
    "timeStamp": 16333,
    "rotation": [
      [
        0.904917,
        -0.419834316,
        0.069745414
      ],
      [
        -0.0776286349,
        -0.00169738906,
        0.9969809
      ],
      [
        -0.4184484,
        -0.9075992,
        -0.0341271572
      ]
    ],
    "translation": [
      2.08248639,
      0.73979044,
      -0.54829216
    ]
  },
  {
    "timeStamp": 16388,
    "rotation": [
      [
        0.903709769,
        -0.422892481,
        0.06686333
      ],
      [
        -0.07782674,
        -0.008689644,
        0.996929049
      ],
      [
        -0.4210128,
        -0.906138241,
        -0.0407652557
      ]
    ],
    "translation": [
      2.08220625,
      0.739182532,
      -0.548054636
    ]
  },
  {
    "timeStamp": 16433,
    "rotation": [
      [
        0.9034241,
        -0.4235679,
        0.06644662
      ],
      [
        -0.07033299,
        0.00646923576,
        0.997502565
      ],
      [
        -0.422939926,
        -0.905841231,
        -0.0239463318
      ]
    ],
    "translation": [
      2.08159781,
      0.7379997,
      -0.5492312
    ]
  },
  {
    "timeStamp": 16489,
    "rotation": [
      [
        0.9048433,
        -0.420000076,
        0.0697038
      ],
      [
        -0.07248296,
        0.009361133,
        0.9973257
      ],
      [
        -0.419529378,
        -0.9074758,
        -0.0219724886
      ]
    ],
    "translation": [
      2.08017063,
      0.738483846,
      -0.549146056
    ]
  },
  {
    "timeStamp": 16533,
    "rotation": [
      [
        0.9089337,
        -0.4101297,
        0.0750544742
      ],
      [
        -0.0739755,
        0.01852362,
        0.997088
      ],
      [
        -0.410325676,
        -0.911839068,
        -0.0135028083
      ]
    ],
    "translation": [
      2.0780468,
      0.7394215,
      -0.549043
    ]
  }
]