[
  {
    "timeStamp": 71718,
    "rotation": [
      [
        0.9997993,
        0.008076868,
        -0.0183319356
      ],
      [
        0.0192173421,
        -0.1283363,
        0.9915445
      ],
      [
        0.005655918,
        -0.9916978,
        -0.128465757
      ]
    ],
    "translation": [
      1.46030021,
      0.699127436,
      -0.62417084
    ]
  },
  {
    "timeStamp": 71763,
    "rotation": [
      [
        0.9999487,
        -0.008969183,
        0.00472002244
      ],
      [
        -0.00596946152,
        -0.144827127,
        0.989438951
      ],
      [
        -0.008190871,
        -0.989416361,
        -0.144873232
      ]
    ],
    "translation": [
      1.460341,
      0.702852964,
      -0.624442935
    ]
  },
  {
    "timeStamp": 71819,
    "rotation": [
      [
        0.9998404,
        0.01406409,
        0.01101743
      ],
      [
        -0.008570328,
        -0.163520321,
        0.986502767
      ],
      [
        0.0156758334,
        -0.9864397,
        -0.1633737
      ]
    ],
    "translation": [
      1.46129394,
      0.707332134,
      -0.6236226
    ]
  },
  {
    "timeStamp": 71863,
    "rotation": [
      [
        0.998755455,
        0.00387581973,
        0.04972448
      ],
      [
        -0.0483373255,
        -0.170452878,
        0.9841795
      ],
      [
        0.0122901928,
        -0.9853582,
        -0.1700534
      ]
    ],
    "translation": [
      1.46194792,
      0.722293,
      -0.627372742
    ]
  },
  {
    "timeStamp": 71919,
    "rotation": [
      [
        0.993527651,
        -0.008849745,
        0.113245085
      ],
      [
        -0.113131888,
        -0.166575238,
        0.979517162
      ],
      [
        0.0101953484,
        -0.985989,
        -0.166498289
      ]
    ],
    "translation": [
      1.46494484,
      0.7456475,
      -0.6384088
    ]
  },
  {
    "timeStamp": 71963,
    "rotation": [
      [
        0.9866305,
        -0.00234989938,
        0.162956044
      ],
      [
        -0.161093146,
        -0.165493384,
        0.972965
      ],
      [
        0.0246817973,
        -0.9862081,
        -0.163659379
      ]
    ],
    "translation": [
      1.47137356,
      0.7650479,
      -0.652449369
    ]
  },
  {
    "timeStamp": 72019,
    "rotation": [
      [
        0.9754639,
        0.00120936125,
        0.220156118
      ],
      [
        -0.217341483,
        -0.1541923,
        0.963839948
      ],
      [
        0.0351119936,
        -0.988040149,
        -0.150146186
      ]
    ],
    "translation": [
      1.48715782,
      0.7882159,
      -0.6739118
    ]
  },
  {
    "timeStamp": 72063,
    "rotation": [
      [
        0.9654234,
        -0.00156366709,
        0.260681927
      ],
      [
        -0.258410573,
        -0.137593046,
        0.956186235
      ],
      [
        0.03437287,
        -0.9904876,
        -0.133239627
      ]
    ],
    "translation": [
      1.50498414,
      0.8055181,
      -0.692682862
    ]
  },
  {
    "timeStamp": 72118,
    "rotation": [
      [
        0.9510843,
        -0.0219731536,
        0.30814907
      ],
      [
        -0.3082051,
        -0.13584958,
        0.9415702
      ],
      [
        0.0211726651,
        -0.9904858,
        -0.135976642
      ]
    ],
    "translation": [
      1.53477991,
      0.8273493,
      -0.7128611
    ]
  },
  {
    "timeStamp": 72163,
    "rotation": [
      [
        0.93965286,
        -0.0574674532,
        0.337268323
      ],
      [
        -0.342010379,
        -0.1317933,
        0.9304082
      ],
      [
        -0.009018467,
        -0.98961,
        -0.143494427
      ]
    ],
    "translation": [
      1.56447268,
      0.842971444,
      -0.7248438
    ]
  },
  {
    "timeStamp": 72219,
    "rotation": [
      [
        0.9214587,
        -0.133627638,
        0.364770472
      ],
      [
        -0.3802776,
        -0.118380986,
        0.9172649
      ],
      [
        -0.07939005,
        -0.9839358,
        -0.159898788
      ]
    ],
    "translation": [
      1.609482,
      0.859646261,
      -0.733796
    ]
  },
  {
    "timeStamp": 72263,
    "rotation": [
      [
        0.898514867,
        -0.221113712,
        0.379183024
      ],
      [
        -0.410140127,
        -0.115148529,
        0.90472424
      ],
      [
        -0.156384587,
        -0.968426347,
        -0.194150269
      ]
    ],
    "translation": [
      1.65052128,
      0.872637033,
      -0.7340978
    ]
  },
  {
    "timeStamp": 72318,
    "rotation": [
      [
        0.8564334,
        -0.347103655,
        0.382153064
      ],
      [
        -0.440311968,
        -0.104643174,
        0.891725957
      ],
      [
        -0.269531637,
        -0.9319704,
        -0.2424538
      ]
    ],
    "translation": [
      1.70805323,
      0.8867538,
      -0.7303378
    ]
  },
  {
    "timeStamp": 72363,
    "rotation": [
      [
        0.8113666,
        -0.4503117,
        0.3726979
      ],
      [
        -0.462899029,
        -0.10564211,
        0.880093336
      ],
      [
        -0.356943727,
        -0.8865998,
        -0.294163316
      ]
    ],
    "translation": [
      1.75663316,
      0.8981818,
      -0.7245611
    ]
  },
  {
    "timeStamp": 72418,
    "rotation": [
      [
        0.7430617,
        -0.5711628,
        0.3487583
      ],
      [
        -0.493210226,
        -0.115145318,
        0.8622559
      ],
      [
        -0.452330619,
        -0.8127205,
        -0.367263436
      ]
    ],
    "translation": [
      1.81979156,
      0.9130365,
      -0.717282832
    ]
  },
  {
    "timeStamp": 72463,
    "rotation": [
      [
        0.6826816,
        -0.658759832,
        0.316198379
      ],
      [
        -0.5162811,
        -0.12861824,
        0.846706033
      ],
      [
        -0.517107,
        -0.741277933,
        -0.427910537
      ]
    ],
    "translation": [
      1.87187934,
      0.924183249,
      -0.7110901
    ]
  },
  {
    "timeStamp": 72518,
    "rotation": [
      [
        0.6022546,
        -0.755878747,
        0.256781518
      ],
      [
        -0.5428312,
        -0.151907653,
        0.825989366
      ],
      [
        -0.585340738,
        -0.636844933,
        -0.5018016
      ]
    ],
    "translation": [
      1.938039,
      0.9359302,
      -0.704088032
    ]
  },
  {
    "timeStamp": 72563,
    "rotation": [
      [
        0.5359615,
        -0.816277146,
        0.2154923
      ],
      [
        -0.566422462,
        -0.1584041,
        0.808748245
      ],
      [
        -0.6260278,
        -0.5555176,
        -0.547256231
      ]
    ],
    "translation": [
      1.98813236,
      0.9416934,
      -0.7010543
    ]
  },
  {
    "timeStamp": 72618,
    "rotation": [
      [
        0.455194384,
        -0.875399053,
        0.16271013
      ],
      [
        -0.5887674,
        -0.158840746,
        0.7925418
      ],
      [
        -0.6679453,
        -0.456559,
        -0.587709844
      ]
    ],
    "translation": [
      2.04639816,
      0.9417921,
      -0.7002083
    ]
  },
  {
    "timeStamp": 72663,
    "rotation": [
      [
        0.4124335,
        -0.903224766,
        0.118674457
      ],
      [
        -0.578076,
        -0.1588011,
        0.800381362
      ],
      [
        -0.7040787,
        -0.398706973,
        -0.5876274
      ]
    ],
    "translation": [
      2.087264,
      0.9318021,
      -0.7020976
    ]
  },
  {
    "timeStamp": 72716,
    "rotation": [
      [
        0.390399456,
        -0.9140023,
        0.110399522
      ],
      [
        -0.5391086,
        -0.129753783,
        0.8321814
      ],
      [
        -0.746291,
        -0.3844005,
        -0.543402255
      ]
    ],
    "translation": [
      2.11604786,
      0.9110313,
      -0.707637966
    ]
  },
  {
    "timeStamp": 72769,
    "rotation": [
      [
        0.41152066,
        -0.903549135,
        0.119372331
      ],
      [
        -0.438609421,
        -0.08152506,
        0.8949723
      ],
      [
        -0.7989196,
        -0.420657426,
        -0.429854363
      ]
    ],
    "translation": [
      2.14103484,
      0.8703408,
      -0.7172962
    ]
  },
  {
    "timeStamp": 72813,
    "rotation": [
      [
        0.3938461,
        -0.902922034,
        0.172096327
      ],
      [
        -0.434212029,
        -0.01773858,
        0.900636
      ],
      [
        -0.810151339,
        -0.4294383,
        -0.399045855
      ]
    ],
    "translation": [
      2.1449573,
      0.8481977,
      -0.7229707
    ]
  },
  {
    "timeStamp": 72868,
    "rotation": [
      [
        0.381306738,
        -0.8907826,
        0.247207507
      ],
      [
        -0.435780466,
        0.06263529,
        0.897870958
      ],
      [
        -0.815291762,
        -0.4500924,
        -0.3643024
      ]
    ],
    "translation": [
      2.140639,
      0.8266219,
      -0.7276585
    ]
  },
  {
    "timeStamp": 72913,
    "rotation": [
      [
        0.368686765,
        -0.8819727,
        0.293588668
      ],
      [
        -0.4491258,
        0.107508563,
        0.886976838
      ],
      [
        -0.8138526,
        -0.458874851,
        -0.356479675
      ]
    ],
    "translation": [
      2.13237476,
      0.8144728,
      -0.7279702
    ]
  },
  {
    "timeStamp": 72968,
    "rotation": [
      [
        0.4248629,
        -0.8617522,
        0.277262747
      ],
      [
        -0.435242385,
        0.07410253,
        0.8972585
      ],
      [
        -0.7937604,
        -0.501888335,
        -0.3435877
      ]
    ],
    "translation": [
      2.12532735,
      0.8002165,
      -0.727545857
    ]
  },
  {
    "timeStamp": 73013,
    "rotation": [
      [
        0.4506987,
        -0.8499867,
        0.2727512
      ],
      [
        -0.433954835,
        0.0583908856,
        0.8990404
      ],
      [
        -0.780098557,
        -0.5235581,
        -0.342539132
      ]
    ],
    "translation": [
      2.11599159,
      0.793210268,
      -0.7248034
    ]
  },
  {
    "timeStamp": 73068,
    "rotation": [
      [
        0.461393952,
        -0.838752,
        0.289155126
      ],
      [
        -0.442256927,
        0.06509814,
        0.8945228
      ],
      [
        -0.769106269,
        -0.5406083,
        -0.340908
      ]
    ],
    "translation": [
      2.10752726,
      0.784063,
      -0.721797645
    ]
  },
  {
    "timeStamp": 73113,
    "rotation": [
      [
        0.483065456,
        -0.8384302,
        0.252353847
      ],
      [
        -0.41542238,
        0.0342418179,
        0.9089839
      ],
      [
        -0.7707606,
        -0.5439322,
        -0.331761658
      ]
    ],
    "translation": [
      2.10585046,
      0.7744591,
      -0.720108032
    ]
  },
  {
    "timeStamp": 73169,
    "rotation": [
      [
        0.503215849,
        -0.8262138,
        0.253267825
      ],
      [
        -0.402669221,
        0.0351328328,
        0.914671063
      ],
      [
        -0.76461184,
        -0.562260151,
        -0.315011442
      ]
    ],
    "translation": [
      2.09986115,
      0.7635421,
      -0.7185867
    ]
  },
  {
    "timeStamp": 73213,
    "rotation": [
      [
        0.5024114,
        -0.8288394,
        0.246186838
      ],
      [
        -0.399620563,
        0.0298980623,
        0.916192949
      ],
      [
        -0.766737342,
        -0.55868715,
        -0.316200137
      ]
    ],
    "translation": [
      2.098652,
      0.7583367,
      -0.7171049
    ]
  },
  {
    "timeStamp": 73270,
    "rotation": [
      [
        0.522397,
        -0.825688064,
        0.212933376
      ],
      [
        -0.386582,
        -0.00675274944,
        0.9222303
      ],
      [
        -0.760036647,
        -0.564086556,
        -0.322723746
      ]
    ],
    "translation": [
      2.099945,
      0.7521826,
      -0.714682
    ]
  },
  {
    "timeStamp": 73316,
    "rotation": [
      [
        0.5142851,
        -0.829746246,
        0.216868863
      ],
      [
        -0.387123674,
        0.00104499911,
        0.92202723
      ],
      [
        -0.76527524,
        -0.558139861,
        -0.320676982
      ]
    ],
    "translation": [
      2.09880853,
      0.747406065,
      -0.713769555
    ]
  },
  {
    "timeStamp": 73363,
    "rotation": [
      [
        0.516810834,
        -0.8280683,
        0.217277423
      ],
      [
        -0.384607524,
        0.00216720812,
        0.923077643
      ],
      [
        -0.7648422,
        -0.5606231,
        -0.317361265
      ]
    ],
    "translation": [
      2.09771347,
      0.7431537,
      -0.712377
    ]
  },
  {
    "timeStamp": 73418,
    "rotation": [
      [
        0.518241763,
        -0.8275306,
        0.215913072
      ],
      [
        -0.388361633,
        -0.002780229,
        0.9215028
      ],
      [
        -0.761971533,
        -0.561413646,
        -0.322821975
      ]
    ],
    "translation": [
      2.09633231,
      0.7402241,
      -0.7104659
    ]
  },
  {
    "timeStamp": 73463,
    "rotation": [
      [
        0.520347,
        -0.8280158,
        0.208875209
      ],
      [
        -0.3914895,
        -0.0139237335,
        0.9200772
      ],
      [
        -0.758930147,
        -0.560531855,
        -0.3314047
      ]
    ],
    "translation": [
      2.09623623,
      0.7388882,
      -0.707631052
    ]
  },
  {
    "timeStamp": 73518,
    "rotation": [
      [
        0.520758,
        -0.8275733,
        0.209603474
      ],
      [
        -0.3893502,
        -0.0117322179,
        0.9210151
      ],
      [
        -0.75974834,
        -0.5612351,
        -0.32832548
      ]
    ],
    "translation": [
      2.09580612,
      0.7368863,
      -0.70585
    ]
  },
  {
    "timeStamp": 73562,
    "rotation": [
      [
        0.5194204,
        -0.8302766,
        0.2020971
      ],
      [
        -0.382619679,
        -0.0145069389,
        0.923792064
      ],
      [
        -0.7640711,
        -0.5571627,
        -0.325215369
      ]
    ],
    "translation": [
      2.09603953,
      0.7346139,
      -0.70307976
    ]
  },
  {
    "timeStamp": 73618,
    "rotation": [
      [
        0.528331339,
        -0.8208301,
        0.217034489
      ],
      [
        -0.3838686,
        -0.002928554,
        0.923383057
      ],
      [
        -0.757304966,
        -0.571164966,
        -0.316638142
      ]
    ],
    "translation": [
      2.09536338,
      0.734202743,
      -0.7026357
    ]
  }
]