[
  {
    "timeStamp": 75639,
    "rotation": [
      [
        0.935117066,
        -0.28408426,
        -0.211783469
      ],
      [
        0.343445063,
        0.5795981,
        0.7389935
      ],
      [
        -0.08718711,
        -0.7637814,
        0.639559448
      ]
    ],
    "translation": [
      1.14972329,
      0.696483254,
      -0.633515954
    ]
  },
  {
    "timeStamp": 75683,
    "rotation": [
      [
        0.926233947,
        -0.3060701,
        -0.220026627
      ],
      [
        0.3575647,
        0.528624356,
        0.769872546
      ],
      [
        -0.119323514,
        -0.791755855,
        0.5990697
      ]
    ],
    "translation": [
      1.151274,
      0.6954183,
      -0.6308477
    ]
  },
  {
    "timeStamp": 75739,
    "rotation": [
      [
        0.938889146,
        -0.282104075,
        -0.197242349
      ],
      [
        0.319387168,
        0.5002574,
        0.804819465
      ],
      [
        -0.128370911,
        -0.8186329,
        0.5597866
      ]
    ],
    "translation": [
      1.15918779,
      0.709464431,
      -0.6248451
    ]
  },
  {
    "timeStamp": 75783,
    "rotation": [
      [
        0.9626968,
        -0.243133,
        -0.118748963
      ],
      [
        0.230526343,
        0.507187,
        0.830433
      ],
      [
        -0.141677737,
        -0.82682997,
        0.5443159
      ]
    ],
    "translation": [
      1.16532981,
      0.739241362,
      -0.622131467
    ]
  },
  {
    "timeStamp": 75839,
    "rotation": [
      [
        0.982448161,
        -0.1799369,
        -0.04917642
      ],
      [
        0.130075157,
        0.4718859,
        0.872011542
      ],
      [
        -0.1337014,
        -0.863102734,
        0.48700875
      ]
    ],
    "translation": [
      1.18593919,
      0.7818568,
      -0.62177515
    ]
  },
  {
    "timeStamp": 75883,
    "rotation": [
      [
        0.9899182,
        -0.140863329,
        -0.0148165738
      ],
      [
        0.07362937,
        0.4224066,
        0.903411
      ],
      [
        -0.120998852,
        -0.895393848,
        0.428519636
      ]
    ],
    "translation": [
      1.2151165,
      0.8128314,
      -0.6242548
    ]
  },
  {
    "timeStamp": 75939,
    "rotation": [
      [
        0.994875968,
        -0.0993411243,
        0.0187922772
      ],
      [
        0.02003735,
        0.3759218,
        0.926434755
      ],
      [
        -0.0990975,
        -0.92131114,
        0.375986069
      ]
    ],
    "translation": [
      1.26252675,
      0.843109548,
      -0.6337226
    ]
  },
  {
    "timeStamp": 75983,
    "rotation": [
      [
        0.997587562,
        -0.06907818,
        0.00687394
      ],
      [
        0.0165706389,
        0.333115369,
        0.94274044
      ],
      [
        -0.06741261,
        -0.9403522,
        0.333456427
      ]
    ],
    "translation": [
      1.30838668,
      0.855571032,
      -0.644835234
    ]
  },
  {
    "timeStamp": 76039,
    "rotation": [
      [
        0.997999966,
        -0.054112073,
        -0.0326792151
      ],
      [
        0.0463234633,
        0.27426824,
        0.9605369
      ],
      [
        -0.0430137776,
        -0.9601296,
        0.276226342
      ]
    ],
    "translation": [
      1.37361038,
      0.8594763,
      -0.6590627
    ]
  },
  {
    "timeStamp": 76083,
    "rotation": [
      [
        0.992505968,
        -0.07992645,
        -0.09243205
      ],
      [
        0.108143158,
        0.222332492,
        0.968954742
      ],
      [
        -0.05689446,
        -0.9716893,
        0.229309812
      ]
    ],
    "translation": [
      1.43362951,
      0.853198647,
      -0.666184664
    ]
  },
  {
    "timeStamp": 76139,
    "rotation": [
      [
        0.983066142,
        -0.137263611,
        -0.121406786
      ],
      [
        0.150973663,
        0.231155083,
        0.961131752
      ],
      [
        -0.1038646,
        -0.9631853,
        0.24796392
      ]
    ],
    "translation": [
      1.50842714,
      0.84626615,
      -0.6776194
    ]
  },
  {
    "timeStamp": 76183,
    "rotation": [
      [
        0.970843256,
        -0.202255547,
        -0.128670588
      ],
      [
        0.1743527,
        0.227407739,
        0.958064139
      ],
      [
        -0.164513111,
        -0.9525642,
        0.25604108
      ]
    ],
    "translation": [
      1.56793654,
      0.845552444,
      -0.6842609
    ]
  },
  {
    "timeStamp": 76239,
    "rotation": [
      [
        0.952218354,
        -0.2786287,
        -0.125084892
      ],
      [
        0.1870937,
        0.208434209,
        0.9599745
      ],
      [
        -0.241404489,
        -0.937508,
        0.25060457
      ]
    ],
    "translation": [
      1.63848686,
      0.851317167,
      -0.692136765
    ]
  },
  {
    "timeStamp": 76283,
    "rotation": [
      [
        0.9309408,
        -0.34534198,
        -0.118693553
      ],
      [
        0.190405235,
        0.181695282,
        0.964744866
      ],
      [
        -0.311600834,
        -0.9207202,
        0.234902471
      ]
    ],
    "translation": [
      1.69269,
      0.8586446,
      -0.6975203
    ]
  },
  {
    "timeStamp": 76339,
    "rotation": [
      [
        0.8958231,
        -0.430739343,
        -0.109382138
      ],
      [
        0.189338714,
        0.147246554,
        0.970808566
      ],
      [
        -0.4020593,
        -0.890383065,
        0.2134625
      ]
    ],
    "translation": [
      1.7574861,
      0.869925559,
      -0.703552365
    ]
  },
  {
    "timeStamp": 76383,
    "rotation": [
      [
        0.8589183,
        -0.499409556,
        -0.113354787
      ],
      [
        0.189597353,
        0.104487196,
        0.9762865
      ],
      [
        -0.475722671,
        -0.8600421,
        0.1844327
      ]
    ],
    "translation": [
      1.80771852,
      0.8801508,
      -0.7066807
    ]
  },
  {
    "timeStamp": 76439,
    "rotation": [
      [
        0.8078195,
        -0.5807201,
        -0.100954629
      ],
      [
        0.165801346,
        0.0595152266,
        0.984361649
      ],
      [
        -0.5656303,
        -0.811924934,
        0.144361749
      ]
    ],
    "translation": [
      1.86499333,
      0.8960574,
      -0.709593236
    ]
  },
  {
    "timeStamp": 76483,
    "rotation": [
      [
        0.7630015,
        -0.63761276,
        -0.10620138
      ],
      [
        0.1409198,
        0.00373450131,
        0.990013957
      ],
      [
        -0.6308489,
        -0.770348,
        0.09270169
      ]
    ],
    "translation": [
      1.9091475,
      0.9105337,
      -0.7095554
    ]
  },
  {
    "timeStamp": 76539,
    "rotation": [
      [
        0.7093309,
        -0.695563734,
        -0.114196226
      ],
      [
        0.09616622,
        -0.06499861,
        0.9932408
      ],
      [
        -0.698284864,
        -0.715518236,
        0.0207842086
      ]
    ],
    "translation": [
      1.9606185,
      0.9290811,
      -0.7069657
    ]
  },
  {
    "timeStamp": 76583,
    "rotation": [
      [
        0.6555067,
        -0.7416236,
        -0.14249742
      ],
      [
        0.0670444,
        -0.130796552,
        0.9891397
      ],
      [
        -0.752207458,
        -0.6579413,
        -0.0360163
      ]
    ],
    "translation": [
      2.00355577,
      0.940823257,
      -0.7015094
    ]
  },
  {
    "timeStamp": 76637,
    "rotation": [
      [
        0.586029053,
        -0.783932447,
        -0.204987481
      ],
      [
        0.0563429259,
        -0.212944478,
        0.9754384
      ],
      [
        -0.808328748,
        -0.583184838,
        -0.0806226
      ]
    ],
    "translation": [
      2.054964,
      0.9489761,
      -0.695176959
    ]
  },
  {
    "timeStamp": 76689,
    "rotation": [
      [
        0.5297642,
        -0.804319561,
        -0.269109577
      ],
      [
        0.0538696274,
        -0.284742177,
        0.9570893
      ],
      [
        -0.8464325,
        -0.5215285,
        -0.107517809
      ]
    ],
    "translation": [
      2.10181212,
      0.951027632,
      -0.6846595
    ]
  },
  {
    "timeStamp": 76733,
    "rotation": [
      [
        0.518461764,
        -0.7887569,
        -0.330242276
      ],
      [
        0.0755530447,
        -0.342437357,
        0.9364979
      ],
      [
        -0.8517565,
        -0.510489166,
        -0.117947683
      ]
    ],
    "translation": [
      2.12794352,
      0.944984257,
      -0.675089359
    ]
  },
  {
    "timeStamp": 76789,
    "rotation": [
      [
        0.5523579,
        -0.7384011,
        -0.38686502
      ],
      [
        0.104236342,
        -0.399263144,
        0.9108917
      ],
      [
        -0.827064455,
        -0.543463647,
        -0.143567935
      ]
    ],
    "translation": [
      2.144223,
      0.9310201,
      -0.6611728
    ]
  },
  {
    "timeStamp": 76834,
    "rotation": [
      [
        0.5984298,
        -0.6946745,
        -0.3991354
      ],
      [
        0.112892836,
        -0.420101851,
        0.900427461
      ],
      [
        -0.793181539,
        -0.5839021,
        -0.172977686
      ]
    ],
    "translation": [
      2.14752817,
      0.9188705,
      -0.650224
    ]
  },
  {
    "timeStamp": 76889,
    "rotation": [
      [
        0.659686744,
        -0.631110549,
        -0.408059984
      ],
      [
        0.128952473,
        -0.439858675,
        0.8887607
      ],
      [
        -0.740395,
        -0.638924,
        -0.208785668
      ]
    ],
    "translation": [
      2.14378047,
      0.904588342,
      -0.638537347
    ]
  },
  {
    "timeStamp": 76933,
    "rotation": [
      [
        0.7080244,
        -0.5614595,
        -0.4283279
      ],
      [
        0.146897152,
        -0.476172537,
        0.8669954
      ],
      [
        -0.6907407,
        -0.676774,
        -0.254664958
      ]
    ],
    "translation": [
      2.13636065,
      0.897367656,
      -0.629819453
    ]
  },
  {
    "timeStamp": 76989,
    "rotation": [
      [
        0.7729589,
        -0.482088149,
        -0.41246295
      ],
      [
        0.158817,
        -0.482387424,
        0.8614404
      ],
      [
        -0.6142571,
        -0.731364131,
        -0.296301842
      ]
    ],
    "translation": [
      2.123583,
      0.885654449,
      -0.6216924
    ]
  },
  {
    "timeStamp": 77034,
    "rotation": [
      [
        0.794860542,
        -0.442862,
        -0.4148132
      ],
      [
        0.17919834,
        -0.4818039,
        0.8577604
      ],
      [
        -0.5797281,
        -0.756133735,
        -0.303606778
      ]
    ],
    "translation": [
      2.11727571,
      0.874699354,
      -0.6149569
    ]
  },
  {
    "timeStamp": 77091,
    "rotation": [
      [
        0.8257414,
        -0.3947403,
        -0.402903527
      ],
      [
        0.196638,
        -0.468033522,
        0.861555636
      ],
      [
        -0.5286631,
        -0.7906483,
        -0.3088537
      ]
    ],
    "translation": [
      2.110673,
      0.8606987,
      -0.608298
    ]
  },
  {
    "timeStamp": 77136,
    "rotation": [
      [
        0.8422706,
        -0.363810182,
        -0.397771746
      ],
      [
        0.212450609,
        -0.4541436,
        0.865227342
      ],
      [
        -0.495423973,
        -0.8132624,
        -0.305220127
      ]
    ],
    "translation": [
      2.1055522,
      0.8493646,
      -0.6063603
    ]
  },
  {
    "timeStamp": 77182,
    "rotation": [
      [
        0.859722555,
        -0.3260888,
        -0.393119961
      ],
      [
        0.223079532,
        -0.452655226,
        0.863330066
      ],
      [
        -0.459470063,
        -0.829921365,
        -0.316414148
      ]
    ],
    "translation": [
      2.10028052,
      0.842919946,
      -0.604087234
    ]
  },
  {
    "timeStamp": 77238,
    "rotation": [
      [
        0.8686606,
        -0.2894724,
        -0.40203777
      ],
      [
        0.2495069,
        -0.445459753,
        0.859832466
      ],
      [
        -0.427989423,
        -0.8472138,
        -0.314728
      ]
    ],
    "translation": [
      2.09731627,
      0.83307153,
      -0.600888968
    ]
  },
  {
    "timeStamp": 77283,
    "rotation": [
      [
        0.8747822,
        -0.267722279,
        -0.403832734
      ],
      [
        0.262466073,
        -0.4387496,
        0.8594244
      ],
      [
        -0.407268524,
        -0.857801557,
        -0.313542366
      ]
    ],
    "translation": [
      2.09542918,
      0.827124,
      -0.598424435
    ]
  },
  {
    "timeStamp": 77339,
    "rotation": [
      [
        0.88314563,
        -0.243981153,
        -0.4006582
      ],
      [
        0.277570963,
        -0.416744053,
        0.8656089
      ],
      [
        -0.378164172,
        -0.8756698,
        -0.3003236
      ]
    ],
    "translation": [
      2.09190726,
      0.81883657,
      -0.597946048
    ]
  },
  {
    "timeStamp": 77383,
    "rotation": [
      [
        0.8878579,
        -0.224240035,
        -0.40177694
      ],
      [
        0.28993395,
        -0.405376673,
        0.8669533
      ],
      [
        -0.357276648,
        -0.886220157,
        -0.294902116
      ]
    ],
    "translation": [
      2.08956861,
      0.8132614,
      -0.597751141
    ]
  },
  {
    "timeStamp": 77438,
    "rotation": [
      [
        0.895306945,
        -0.211267725,
        -0.3921624
      ],
      [
        0.293688416,
        -0.381970584,
        0.87626797
      ],
      [
        -0.334921658,
        -0.89970237,
        -0.279934049
      ]
    ],
    "translation": [
      2.0858674,
      0.8080249,
      -0.599275768
    ]
  },
  {
    "timeStamp": 77483,
    "rotation": [
      [
        0.8981363,
        -0.231364846,
        -0.373927027
      ],
      [
        0.277248681,
        -0.3620823,
        0.8899604
      ],
      [
        -0.341297925,
        -0.9029765,
        -0.261053681
      ]
    ],
    "translation": [
      2.085245,
      0.8071499,
      -0.6000025
    ]
  },
  {
    "timeStamp": 77538,
    "rotation": [
      [
        0.889758646,
        -0.265923351,
        -0.37096405
      ],
      [
        0.270080656,
        -0.3484502,
        0.8975739
      ],
      [
        -0.367948353,
        -0.8988143,
        -0.238215834
      ]
    ],
    "translation": [
      2.08569217,
      0.8065755,
      -0.600952864
    ]
  },
  {
    "timeStamp": 77583,
    "rotation": [
      [
        0.8859237,
        -0.240779147,
        -0.396440029
      ],
      [
        0.300821543,
        -0.3523071,
        0.8862201
      ],
      [
        -0.353052,
        -0.9043811,
        -0.239685625
      ]
    ],
    "translation": [
      2.08636665,
      0.807025731,
      -0.600832939
    ]
  }
]