[
  {
    "id": "007 tuna fish can(Clone)-3970",
    "pickRotation": [
      [
        -0.930584431,
        -0.0291861873,
        -0.364912033
      ],
      [
        0.365258336,
        -0.007384993,
        -0.9308769
      ],
      [
        0.0244738758,
        -0.9995467,
        0.0175328571
      ]
    ],
    "pickTranslation": [
      0.0222262852,
      -0.032055866,
      0.0245615561
    ],
    "placeRotation": [
      [
        0.9096673,
        -0.409911215,
        0.06691978
      ],
      [
        -0.06503948,
        0.0185461584,
        0.997710347
      ],
      [
        -0.410213768,
        -0.9119369,
        -0.009789576
      ]
    ],
    "placeTranslation": [
      -0.6937832,
      0.101085812,
      -0.91595
    ]
  },
  {
    "id": "007 tuna fish can(Clone)-4354",
    "pickRotation": [
      [
        -0.951654136,
        0.049725946,
        -0.303120017
      ],
      [
        0.304226547,
        0.0162588283,
        -0.952460945
      ],
      [
        -0.0424336456,
        -0.9986305,
        -0.0306007359
      ]
    ],
    "pickTranslation": [
      0.023295356,
      -0.0268279854,
      0.0232586768
    ],
    "placeRotation": [
      [
        0.982257,
        -0.173280463,
        0.07172872
      ],
      [
        -0.07149207,
        0.00761487242,
        0.9974121
      ],
      [
        -0.173378244,
        -0.9848431,
        -0.00490841735
      ]
    ],
    "placeTranslation": [
      -0.61993897,
      0.282486141,
      -0.889659166
    ]
  },
  {
    "id": "007 tuna fish can(Clone)-5272",
    "pickRotation": [
      [
        -0.9310986,
        0.0423227623,
        -0.3623041
      ],
      [
        0.361132175,
        -0.03292661,
        -0.931933165
      ],
      [
        -0.05137143,
        -0.9985613,
        0.0153738093
      ]
    ],
    "pickTranslation": [
      0.0233249441,
      -0.0177642573,
      0.0341379978
    ],
    "placeRotation": [
      [
        0.9457228,
        0.323464066,
        0.0312951468
      ],
      [
        -0.0211537443,
        -0.034821745,
        0.999169648
      ],
      [
        0.3242852,
        -0.9455995,
        -0.0260892436
      ]
    ],
    "placeTranslation": [
      -0.575039268,
      0.4382481,
      -0.7784243
    ]
  },
  {
    "id": "013 apple(Clone)-4318",
    "pickRotation": [
      [
        -0.534590244,
        0.160247669,
        -0.829779446
      ],
      [
        0.8443728,
        0.0602385141,
        -0.5323588
      ],
      [
        -0.0353245772,
        -0.985237,
        -0.167511687
      ]
    ],
    "pickTranslation": [
      -0.00120573945,
      -0.013992561,
      0.07081303
    ],
    "placeRotation": [
      [
        0.9137032,
        -0.39577958,
        -0.09222185
      ],
      [
        0.03098128,
        -0.158432961,
        0.9868836
      ],
      [
        -0.405199349,
        -0.9045759,
        -0.13249895
      ]
    ],
    "placeTranslation": [
      -0.768656731,
      0.571047664,
      -0.605462134
    ]
  },
  {
    "id": "021 bleach cleanser(Clone)-5620",
    "pickRotation": [
      [
        0.523901343,
        0.204932377,
        0.8267588
      ],
      [
        -0.8467922,
        0.230184764,
        0.479539216
      ],
      [
        -0.092034176,
        -0.9513242,
        0.294129252
      ]
    ],
    "pickTranslation": [
      -0.000473156571,
      0.00351253152,
      0.232417762
    ],
    "placeRotation": [
      [
        0.115863696,
        0.9932473,
        -0.00596063165
      ],
      [
        -0.0529352,
        0.0121672638,
        0.998523831
      ],
      [
        0.9918536,
        -0.115377136,
        0.05398749
      ]
    ],
    "placeTranslation": [
      -0.5739369,
      0.0121532083,
      -0.0389146432
    ]
  },
  {
    "id": "005 tomato soup can(Clone)-4714",
    "pickRotation": [
      [
        -0.509679556,
        0.05049674,
        -0.8588812
      ],
      [
        0.8586272,
        -0.03355016,
        -0.5115014
      ],
      [
        -0.0546447523,
        -0.998160541,
        -0.0262580458
      ]
    ],
    "pickTranslation": [
      -0.000377234071,
      0.0821816847,
      0.08922481
    ],
    "placeRotation": [
      [
        0.930262268,
        0.365987241,
        -0.0257969834
      ],
      [
        0.09492574,
        -0.172170863,
        0.9804827
      ],
      [
        0.354402661,
        -0.914554834,
        -0.194905668
      ]
    ],
    "placeTranslation": [
      -1.19857883,
      0.148623437,
      0.367570072
    ]
  },
  {
    "id": "025 mug(Clone)-5000",
    "pickRotation": [
      [
        -0.02396108,
        0.2480115,
        0.968460739
      ],
      [
        -0.997065961,
        -0.07637679,
        -0.005109608
      ],
      [
        0.07270068,
        -0.965741634,
        0.249113888
      ]
    ],
    "pickTranslation": [
      -0.032769002,
      0.01750872,
      0.076118134
    ],
    "placeRotation": [
      [
        0.7799596,
        0.6258239,
        -0.00272402749
      ],
      [
        0.009367775,
        -0.00732258847,
        0.9999293
      ],
      [
        0.6257598,
        -0.77993,
        -0.0115739005
      ]
    ],
    "placeTranslation": [
      -0.228333071,
      -0.00019581,
      0.3411916
    ]
  },
  {
    "id": "016 pear(Clone)-4738",
    "pickRotation": [
      [
        -0.814043164,
        -0.261787444,
        -0.5184602
      ],
      [
        0.537269,
        -0.000325448636,
        -0.84341085
      ],
      [
        0.220625639,
        -0.9651255,
        0.140915215
      ]
    ],
    "pickTranslation": [
      0.04633538,
      -0.00130543858,
      0.06509151
    ],
    "placeRotation": [
      [
        -0.447502226,
        -0.57814765,
        0.6822662
      ],
      [
        -0.415289372,
        0.8100175,
        0.414012581
      ],
      [
        -0.7920079,
        -0.09806633,
        -0.60258317
      ]
    ],
    "placeTranslation": [
      -0.470960915,
      0.7662427,
      0.487890124
    ]
  },
  {
    "id": "057 racquetball(Clone)-4690",
    "pickRotation": [
      [
        -0.8494751,
        0.07942076,
        -0.5216171
      ],
      [
        0.1748296,
        -0.890389562,
        -0.420286864
      ],
      [
        -0.4978219,
        -0.448217332,
        0.742478669
      ]
    ],
    "pickTranslation": [
      0.008877017,
      -0.0945001245,
      0.0348376259
    ],
    "placeRotation": [
      [
        0.9360407,
        -0.3509473,
        -0.0257669035
      ],
      [
        0.250421375,
        0.6128956,
        0.749431849
      ],
      [
        -0.247218639,
        -0.7079513,
        0.6615799
      ]
    ],
    "placeTranslation": [
      0.504373252,
      0.9958299,
      0.208060011
    ]
  },
  {
    "id": "057 racquetball(Clone)-4330",
    "pickRotation": [
      [
        -0.386338919,
        -0.707381964,
        0.59190625
      ],
      [
        0.30342257,
        0.5085447,
        0.8058021
      ],
      [
        -0.8710207,
        0.490910441,
        0.01816504
      ]
    ],
    "pickTranslation": [
      0.0269819982,
      -0.137722909,
      0.0290563181
    ],
    "placeRotation": [
      [
        -0.5737451,
        -0.299190819,
        0.7624312
      ],
      [
        0.7206507,
        -0.6267691,
        0.296349645
      ],
      [
        0.38920325,
        0.719475746,
        0.5752177
      ]
    ],
    "placeTranslation": [
      -0.780904353,
      0.250504017,
      0.19085604
    ]
  },
  {
    "id": "025 mug(Clone)-4774",
    "pickRotation": [
      [
        0.0019506372,
        0.1478613,
        0.989006162
      ],
      [
        -0.9997082,
        0.024101764,
        -0.00163158774
      ],
      [
        -0.0240780413,
        -0.988714337,
        0.147865176
      ]
    ],
    "pickTranslation": [
      -0.03018304,
      0.004056663,
      0.0596000552
    ],
    "placeRotation": [
      [
        -0.0112797227,
        0.9999266,
        0.004425762
      ],
      [
        0.0057404777,
        -0.00436121644,
        0.999974
      ],
      [
        0.999919951,
        0.0113048358,
        -0.005690863
      ]
    ],
    "placeTranslation": [
      -0.0328042656,
      0.0205914918,
      -0.390197128
    ]
  },
  {
    "id": "017 orange(Clone)-4750",
    "pickRotation": [
      [
        -0.9125421,
        0.146726742,
        -0.381756574
      ],
      [
        -0.3558772,
        -0.7448521,
        0.5643994
      ],
      [
        -0.20153971,
        0.650896668,
        0.731925666
      ]
    ],
    "pickTranslation": [
      -0.00273443223,
      0.00156010746,
      -0.00183231186
    ],
    "placeRotation": [
      [
        0.912074149,
        0.370085627,
        0.17651467
      ],
      [
        -0.223426357,
        0.8095553,
        -0.542863548
      ],
      [
        -0.3438044,
        0.455693781,
        0.8210614
      ]
    ],
    "placeTranslation": [
      -0.104770333,
      0.7542988,
      -0.271301568
    ]
  },
  {
    "id": "013 apple(Clone)-4702",
    "pickRotation": [
      [
        -0.7206337,
        -0.0237663463,
        -0.6929086
      ],
      [
        0.6809794,
        0.163431957,
        -0.713832736
      ],
      [
        0.1302086,
        -0.986268342,
        -0.101590186
      ]
    ],
    "pickTranslation": [
      -0.0009367848,
      -0.009173356,
      0.07144438
    ],
    "placeRotation": [
      [
        0.5462486,
        -0.812710643,
        0.202765539
      ],
      [
        -0.3721523,
        -0.0186096821,
        0.9279851
      ],
      [
        -0.750409961,
        -0.5823703,
        -0.31261766
      ]
    ],
    "placeTranslation": [
      0.19250685,
      0.07188901,
      -0.756309748
    ]
  },
  {
    "id": "016 pear(Clone)-4726",
    "pickRotation": [
      [
        -0.5832976,
        -0.626100063,
        -0.517457843
      ],
      [
        0.634524465,
        0.04648466,
        -0.7715037
      ],
      [
        0.507092357,
        -0.7783559,
        0.370161384
      ]
    ],
    "pickTranslation": [
      0.05287201,
      0.00363238249,
      0.05686427
    ],
    "placeRotation": [
      [
        0.89055413,
        -0.234125271,
        -0.389998257
      ],
      [
        0.296082646,
        -0.35252437,
        0.887728333
      ],
      [
        -0.345323533,
        -0.906041861,
        -0.24462162
      ]
    ],
    "placeTranslation": [
      -0.395718217,
      0.5133193,
      -0.842360258
    ]
  },
  {
    "id": "017 orange(Clone)-5608",
    "pickRotation": [
      [
        -0.3554045,
        0.8061533,
        0.473079771
      ],
      [
        0.6137052,
        0.583004534,
        -0.5324206
      ],
      [
        -0.705020249,
        0.10110686,
        -0.701942861
      ]
    ],
    "pickTranslation": [
      -0.0281906463,
      -0.0394113548,
      0.0284243077
    ],
    "placeRotation": [
      [
        0.390624136,
        -0.66430676,
        0.637267053
      ],
      [
        -0.7363161,
        -0.640959263,
        -0.216817632
      ],
      [
        0.5524956,
        -0.38453576,
        -0.739513934
      ]
    ],
    "placeTranslation": [
      0.186423555,
      0.252403647,
      -0.163912743
    ]
  },
  {
    "id": "015 peach(Clone)-4988",
    "pickRotation": [
      [
        -0.7249632,
        -0.0980827957,
        0.6817684
      ],
      [
        -0.675079167,
        -0.09531324,
        -0.7315624
      ],
      [
        0.136735246,
        -0.990603447,
        0.00288493955
      ]
    ],
    "pickTranslation": [
      0.0181850679,
      0.009456577,
      0.04858505
    ],
    "placeRotation": [
      [
        -0.237227008,
        0.5579129,
        -0.795271337
      ],
      [
        0.260934681,
        0.825150669,
        0.5010384
      ],
      [
        0.9357545,
        -0.08865404,
        -0.341326833
      ]
    ],
    "placeTranslation": [
      0.412234724,
      0.17637457,
      0.933042943
    ]
  },
  {
    "id": "102 toothbrush(Clone)-4306",
    "pickRotation": [
      [
        -0.0962358043,
        -0.0134582249,
        -0.99526757
      ],
      [
        -0.06856732,
        -0.9974437,
        0.0201176573
      ],
      [
        -0.99299407,
        0.0701788738,
        0.0950669944
      ]
    ],
    "pickTranslation": [
      -0.002392165,
      0.0149524538,
      0.0311616473
    ],
    "placeRotation": [
      [
        0.970450342,
        -0.237850428,
        -0.0406607278
      ],
      [
        0.234653175,
        0.890939951,
        0.388798028
      ],
      [
        -0.0562495068,
        -0.386850357,
        0.9204253
      ]
    ],
    "placeTranslation": [
      0.710316658,
      0.241080955,
      0.057410907
    ]
  },
  {
    "id": "011 banana(Clone)-5214",
    "pickRotation": [
      [
        -0.992367864,
        0.0593993366,
        0.108063474
      ],
      [
        -0.0989145041,
        0.1398459,
        -0.9852203
      ],
      [
        -0.0736336559,
        -0.98839,
        -0.132903114
      ]
    ],
    "pickTranslation": [
      0.0137207769,
      0.0118909124,
      0.033388935
    ],
    "placeRotation": [
      [
        0.229444817,
        -0.9713057,
        0.062611714
      ],
      [
        -0.527881444,
        -0.07013654,
        0.8464172
      ],
      [
        -0.817738533,
        -0.2272576,
        -0.5288267
      ]
    ],
    "placeTranslation": [
      0.6700459,
      0.250012547,
      -0.009639091
    ]
  },
  {
    "id": "101 bread(Clone)-4762",
    "pickRotation": [
      [
        -0.987274647,
        0.10797,
        -0.116752692
      ],
      [
        -0.109695934,
        -0.9939293,
        0.008440697
      ],
      [
        -0.115132585,
        0.0211405829,
        0.993125141
      ]
    ],
    "pickTranslation": [
      -0.00493304757,
      0.0583213344,
      -0.00219046138
    ],
    "placeRotation": [
      [
        -0.0238782167,
        0.112046167,
        0.993416
      ],
      [
        -0.464865774,
        0.8784891,
        -0.110257432
      ],
      [
        -0.8850591,
        -0.4644379,
        0.0311096776
      ]
    ],
    "placeTranslation": [
      0.626319,
      0.29396075,
      -0.075890176
    ]
  },
  {
    "id": "101 bread(Clone)-4342",
    "pickRotation": [
      [
        -0.9807879,
        -0.0850163251,
        -0.175577119
      ],
      [
        0.114708409,
        -0.979335368,
        -0.166565716
      ],
      [
        -0.157788083,
        -0.183505818,
        0.9702724
      ]
    ],
    "pickTranslation": [
      0.00333295064,
      0.05336692,
      -0.006496243
    ],
    "placeRotation": [
      [
        0.103616558,
        -0.0103235347,
        0.994563758
      ],
      [
        -0.232647792,
        0.9719551,
        0.0343267843
      ],
      [
        -0.967025638,
        -0.234939873,
        0.0983089
      ]
    ],
    "placeTranslation": [
      0.2364773,
      0.6323585,
      0.00440450246
    ]
  }
]