[
  {
    "timeStamp": 15355,
    "rotation": [
      [
        -0.8563506,
        0.364626855,
        -0.365665138
      ],
      [
        0.457603961,
        0.8639651,
        -0.21015
      ],
      [
        0.239295557,
        -0.3472919,
        -0.906711638
      ]
    ],
    "translation": [
      1.46689224,
      0.73167783,
      -0.492548883
    ]
  },
  {
    "timeStamp": 15399,
    "rotation": [
      [
        -0.873094261,
        0.359831631,
        -0.328979582
      ],
      [
        0.463856,
        0.8208587,
        -0.333209485
      ],
      [
        0.150146469,
        -0.443522483,
        -0.8835971
      ]
    ],
    "translation": [
      1.47124517,
      0.742893159,
      -0.478450269
    ]
  },
  {
    "timeStamp": 15455,
    "rotation": [
      [
        -0.8513195,
        0.366536826,
        -0.3753744
      ],
      [
        0.5120267,
        0.736443,
        -0.442131579
      ],
      [
        0.114384353,
        -0.568596959,
        -0.8146249
      ]
    ],
    "translation": [
      1.47391522,
      0.766819835,
      -0.462475717
    ]
  },
  {
    "timeStamp": 15499,
    "rotation": [
      [
        -0.822358131,
        0.3712571,
        -0.431155652
      ],
      [
        0.550687134,
        0.709907353,
        -0.439061642
      ],
      [
        0.143075824,
        -0.5984978,
        -0.788244665
      ]
    ],
    "translation": [
      1.48018277,
      0.789126158,
      -0.459557861
    ]
  },
  {
    "timeStamp": 15544,
    "rotation": [
      [
        -0.78665626,
        0.361091822,
        -0.5007841
      ],
      [
        0.5885484,
        0.6836208,
        -0.431594
      ],
      [
        0.186501354,
        -0.6342518,
        -0.750294566
      ]
    ],
    "translation": [
      1.49301326,
      0.814641356,
      -0.4565434
    ]
  },
  {
    "timeStamp": 15599,
    "rotation": [
      [
        -0.7433608,
        0.339193851,
        -0.576508641
      ],
      [
        0.627501845,
        0.652105749,
        -0.425440371
      ],
      [
        0.23163785,
        -0.678015947,
        -0.697594643
      ]
    ],
    "translation": [
      1.51578391,
      0.846560061,
      -0.457118928
    ]
  },
  {
    "timeStamp": 15654,
    "rotation": [
      [
        -0.6811354,
        0.299098641,
        -0.6682773
      ],
      [
        0.6694594,
        0.6239909,
        -0.4030627
      ],
      [
        0.296443433,
        -0.7219248,
        -0.6252567
      ]
    ],
    "translation": [
      1.549493,
      0.8796955,
      -0.462320477
    ]
  },
  {
    "timeStamp": 15699,
    "rotation": [
      [
        -0.6396806,
        0.2564967,
        -0.724581361
      ],
      [
        0.693518162,
        0.5990649,
        -0.40019235
      ],
      [
        0.3314232,
        -0.7585056,
        -0.5610953
      ]
    ],
    "translation": [
      1.5836935,
      0.907895446,
      -0.470673382
    ]
  },
  {
    "timeStamp": 15754,
    "rotation": [
      [
        -0.5860822,
        0.185336187,
        -0.78876996
      ],
      [
        0.7117608,
        0.582940161,
        -0.391889274
      ],
      [
        0.387174457,
        -0.7910949,
        -0.473565936
      ]
    ],
    "translation": [
      1.63389218,
      0.9383427,
      -0.48643145
    ]
  },
  {
    "timeStamp": 15799,
    "rotation": [
      [
        -0.5434124,
        0.130146936,
        -0.829315841
      ],
      [
        0.72336334,
        0.5738878,
        -0.383924723
      ],
      [
        0.425967634,
        -0.8085261,
        -0.4060013
      ]
    ],
    "translation": [
      1.67782724,
      0.9614069,
      -0.5045293
    ]
  },
  {
    "timeStamp": 15854,
    "rotation": [
      [
        -0.4958971,
        0.0451735631,
        -0.8672055
      ],
      [
        0.728559,
        0.5650607,
        -0.387179852
      ],
      [
        0.472533435,
        -0.8238117,
        -0.313123554
      ]
    ],
    "translation": [
      1.737717,
      0.985924,
      -0.52992475
    ]
  },
  {
    "timeStamp": 15899,
    "rotation": [
      [
        -0.458238482,
        -0.03565486,
        -0.8881139
      ],
      [
        0.727400541,
        0.5591708,
        -0.397764385
      ],
      [
        0.5107896,
        -0.828285456,
        -0.2302982
      ]
    ],
    "translation": [
      1.78893614,
      1.00368237,
      -0.5529508
    ]
  },
  {
    "timeStamp": 15955,
    "rotation": [
      [
        -0.4189778,
        -0.137110114,
        -0.8975848
      ],
      [
        0.7208774,
        0.5508201,
        -0.420633972
      ],
      [
        0.5520809,
        -0.8232849,
        -0.131941825
      ]
    ],
    "translation": [
      1.85256112,
      1.0240165,
      -0.5825762
    ]
  },
  {
    "timeStamp": 15999,
    "rotation": [
      [
        -0.370260984,
        -0.218717411,
        -0.902812
      ],
      [
        0.7230149,
        0.5423468,
        -0.4279129
      ],
      [
        0.5832292,
        -0.811185956,
        -0.0426739119
      ]
    ],
    "translation": [
      1.902005,
      1.03896415,
      -0.606898248
    ]
  },
  {
    "timeStamp": 16055,
    "rotation": [
      [
        -0.3119362,
        -0.306651622,
        -0.8992556
      ],
      [
        0.720084,
        0.5411512,
        -0.434320569
      ],
      [
        0.61981833,
        -0.783019841,
        0.0520102531
      ]
    ],
    "translation": [
      1.95970988,
      1.05006957,
      -0.6356511
    ]
  },
  {
    "timeStamp": 16099,
    "rotation": [
      [
        -0.255030274,
        -0.362659156,
        -0.8963469
      ],
      [
        0.7225945,
        0.5444922,
        -0.425893724
      ],
      [
        0.6425082,
        -0.7563112,
        0.12319351
      ]
    ],
    "translation": [
      1.99913383,
      1.05367136,
      -0.653556347
    ]
  },
  {
    "timeStamp": 16154,
    "rotation": [
      [
        -0.165033415,
        -0.4169683,
        -0.893812954
      ],
      [
        0.7247427,
        0.563400745,
        -0.3966456
      ],
      [
        0.668963432,
        -0.71324414,
        0.209214762
      ]
    ],
    "translation": [
      2.04539466,
      1.04957211,
      -0.672865868
    ]
  },
  {
    "timeStamp": 16199,
    "rotation": [
      [
        -0.06805737,
        -0.4611478,
        -0.884709537
      ],
      [
        0.7251625,
        0.586164534,
        -0.361317635
      ],
      [
        0.6852062,
        -0.6661485,
        0.294514269
      ]
    ],
    "translation": [
      2.078887,
      1.04069054,
      -0.684305966
    ]
  },
  {
    "timeStamp": 16253,
    "rotation": [
      [
        0.0115972171,
        -0.487668484,
        -0.872951865
      ],
      [
        0.7287602,
        0.601887167,
        -0.326558471
      ],
      [
        0.6846708,
        -0.6323854,
        0.3623736
      ]
    ],
    "translation": [
      2.10603142,
      1.02925575,
      -0.691149056
    ]
  },
  {
    "timeStamp": 16295,
    "rotation": [
      [
        -0.003001869,
        -0.505479634,
        -0.8628333
      ],
      [
        0.715787232,
        0.6014461,
        -0.354839623
      ],
      [
        0.698312,
        -0.6186703,
        0.3600104
      ]
    ],
    "translation": [
      2.12873578,
      1.01525414,
      -0.6891306
    ]
  },
  {
    "timeStamp": 16349,
    "rotation": [
      [
        0.06123881,
        -0.490389049,
        -0.8693494
      ],
      [
        0.695730746,
        0.645496547,
        -0.315107733
      ],
      [
        0.715687454,
        -0.5855363,
        0.3807082
      ]
    ],
    "translation": [
      2.14943743,
      0.9899544,
      -0.6879755
    ]
  },
  {
    "timeStamp": 16405,
    "rotation": [
      [
        0.0757106841,
        -0.4221758,
        -0.903346837
      ],
      [
        0.6535153,
        0.7052572,
        -0.274827361
      ],
      [
        0.753117263,
        -0.5695436,
        0.329293847
      ]
    ],
    "translation": [
      2.1613822,
      0.959812164,
      -0.6835392
    ]
  },
  {
    "timeStamp": 16449,
    "rotation": [
      [
        0.0459557921,
        -0.407902062,
        -0.9118684
      ],
      [
        0.6332702,
        0.7178648,
        -0.289204121
      ],
      [
        0.7725651,
        -0.564168453,
        0.291302264
      ]
    ],
    "translation": [
      2.17555,
      0.9424247,
      -0.6782466
    ]
  },
  {
    "timeStamp": 16504,
    "rotation": [
      [
        0.05463307,
        -0.3327309,
        -0.94143796
      ],
      [
        0.6004894,
        0.7642424,
        -0.235257626
      ],
      [
        0.797764242,
        -0.5524706,
        0.24155426
      ]
    ],
    "translation": [
      2.18545842,
      0.9163883,
      -0.6750027
    ]
  },
  {
    "timeStamp": 16549,
    "rotation": [
      [
        0.007879793,
        -0.286145419,
        -0.9581538
      ],
      [
        0.5655343,
        0.7915014,
        -0.231725022
      ],
      [
        0.8246872,
        -0.5400429,
        0.1680619
      ]
    ],
    "translation": [
      2.1927228,
      0.897623241,
      -0.670744538
    ]
  },
  {
    "timeStamp": 16604,
    "rotation": [
      [
        -0.0372853242,
        -0.2500866,
        -0.967505336
      ],
      [
        0.516801059,
        0.8238271,
        -0.232864037
      ],
      [
        0.8552933,
        -0.5086902,
        0.09852835
      ]
    ],
    "translation": [
      2.20498061,
      0.8772053,
      -0.669081032
    ]
  },
  {
    "timeStamp": 16649,
    "rotation": [
      [
        -0.09312548,
        -0.202024385,
        -0.974943
      ],
      [
        0.481186658,
        0.8481188,
        -0.221706733
      ],
      [
        0.8716576,
        -0.4897761,
        0.01822997
      ]
    ],
    "translation": [
      2.21019721,
      0.862065256,
      -0.667190433
    ]
  },
  {
    "timeStamp": 16694,
    "rotation": [
      [
        -0.114500955,
        -0.1879795,
        -0.9754759
      ],
      [
        0.467794836,
        0.8560508,
        -0.219875187
      ],
      [
        0.876388967,
        -0.4814985,
        -0.0100827906
      ]
    ],
    "translation": [
      2.22056866,
      0.8525449,
      -0.6646312
    ]
  },
  {
    "timeStamp": 16751,
    "rotation": [
      [
        -0.142174155,
        -0.185675412,
        -0.972271144
      ],
      [
        0.434280574,
        0.870963335,
        -0.229832962
      ],
      [
        0.889486849,
        -0.4549148,
        -0.0431932434
      ]
    ],
    "translation": [
      2.23455644,
      0.8405227,
      -0.664868
    ]
  },
  {
    "timeStamp": 16796,
    "rotation": [
      [
        -0.1578481,
        -0.170808539,
        -0.972578168
      ],
      [
        0.4281606,
        0.875684738,
        -0.223281562
      ],
      [
        0.8898103,
        -0.451664269,
        -0.06509169
      ]
    ],
    "translation": [
      2.24114776,
      0.8324185,
      -0.6643464
    ]
  },
  {
    "timeStamp": 16853,
    "rotation": [
      [
        -0.169602677,
        -0.154377654,
        -0.973346055
      ],
      [
        0.439473778,
        0.8721683,
        -0.214907378
      ],
      [
        0.8820985,
        -0.464208931,
        -0.08007716
      ]
    ],
    "translation": [
      2.24574113,
      0.8258636,
      -0.662028968
    ]
  },
  {
    "timeStamp": 16898,
    "rotation": [
      [
        -0.167413965,
        -0.141378224,
        -0.975697041
      ],
      [
        0.446156174,
        0.871661544,
        -0.202856749
      ],
      [
        0.8791571,
        -0.4692743,
        -0.082851544
      ]
    ],
    "translation": [
      2.24851584,
      0.8199159,
      -0.662260234
    ]
  },
  {
    "timeStamp": 16954,
    "rotation": [
      [
        -0.1678305,
        -0.126844168,
        -0.9776214
      ],
      [
        0.4697576,
        0.861567259,
        -0.192430779
      ],
      [
        0.8666953,
        -0.491540819,
        -0.08501126
      ]
    ],
    "translation": [
      2.25003457,
      0.815079331,
      -0.660604835
    ]
  },
  {
    "timeStamp": 16998,
    "rotation": [
      [
        -0.174093887,
        -0.123215139,
        -0.9769899
      ],
      [
        0.456162453,
        0.869178653,
        -0.190903783
      ],
      [
        0.872701,
        -0.478901327,
        -0.09511256
      ]
    ],
    "translation": [
      2.25088739,
      0.806938052,
      -0.6642749
    ]
  },
  {
    "timeStamp": 17054,
    "rotation": [
      [
        -0.171004027,
        -0.103915066,
        -0.9797751
      ],
      [
        0.4604761,
        0.870707154,
        -0.172716022
      ],
      [
        0.871045,
        -0.480698168,
        -0.101044014
      ]
    ],
    "translation": [
      2.24913716,
      0.8000736,
      -0.666457
    ]
  },
  {
    "timeStamp": 17098,
    "rotation": [
      [
        -0.179655716,
        -0.09095915,
        -0.9795153
      ],
      [
        0.4722943,
        0.8654773,
        -0.166994274
      ],
      [
        0.862938,
        -0.492620975,
        -0.112528466
      ]
    ],
    "translation": [
      2.24763966,
      0.797143161,
      -0.666955233
    ]
  },
  {
    "timeStamp": 17154,
    "rotation": [
      [
        -0.174491763,
        -0.09419413,
        -0.9801429
      ],
      [
        0.466786355,
        0.868541956,
        -0.166569516
      ],
      [
        0.8669851,
        -0.4865823,
        -0.107584886
      ]
    ],
    "translation": [
      2.25056314,
      0.792907357,
      -0.669893861
    ]
  },
  {
    "timeStamp": 17198,
    "rotation": [
      [
        -0.164246663,
        -0.08343078,
        -0.982884765
      ],
      [
        0.4756332,
        0.866233766,
        -0.153010532
      ],
      [
        0.8641737,
        -0.4926241,
        -0.102593549
      ]
    ],
    "translation": [
      2.25186729,
      0.7918662,
      -0.671014965
    ]
  },
  {
    "timeStamp": 17254,
    "rotation": [
      [
        -0.155920163,
        -0.07831751,
        -0.98465997
      ],
      [
        0.4811383,
        0.8645775,
        -0.144954324
      ],
      [
        0.862667263,
        -0.4963589,
        -0.09712351
      ]
    ],
    "translation": [
      2.254246,
      0.790444136,
      -0.6720478
    ]
  },
  {
    "timeStamp": 17298,
    "rotation": [
      [
        -0.155355886,
        -0.07778429,
        -0.9847914
      ],
      [
        0.477928281,
        0.866541743,
        -0.143839911
      ],
      [
        0.864551365,
        -0.493006051,
        -0.0974470451
      ]
    ],
    "translation": [
      2.25715876,
      0.788271,
      -0.6734271
    ]
  },
  {
    "timeStamp": 17353,
    "rotation": [
      [
        -0.148446262,
        -0.0724678338,
        -0.986261666
      ],
      [
        0.4802755,
        0.8665166,
        -0.135957509
      ],
      [
        0.864464641,
        -0.4938597,
        -0.09382662
      ]
    ],
    "translation": [
      2.26000428,
      0.786093533,
      -0.6737658
    ]
  },
  {
    "timeStamp": 17397,
    "rotation": [
      [
        -0.144362211,
        -0.07557301,
        -0.986634851
      ],
      [
        0.482809782,
        0.864959,
        -0.136896685
      ],
      [
        0.8637444,
        -0.496119648,
        -0.088379994
      ]
    ],
    "translation": [
      2.26320148,
      0.784836,
      -0.6729236
    ]
  },
  {
    "timeStamp": 17453,
    "rotation": [
      [
        -0.144370228,
        -0.07722107,
        -0.986506045
      ],
      [
        0.48564446,
        0.8630936,
        -0.138632312
      ],
      [
        0.8621524,
        -0.499105573,
        -0.0871030241
      ]
    ],
    "translation": [
      2.26646423,
      0.784661531,
      -0.670445
    ]
  },
  {
    "timeStamp": 17497,
    "rotation": [
      [
        -0.1371997,
        -0.07909568,
        -0.987380445
      ],
      [
        0.486693978,
        0.8628036,
        -0.136743948
      ],
      [
        0.8627313,
        -0.499313354,
        -0.079881
      ]
    ],
    "translation": [
      2.26889563,
      0.7836725,
      -0.669203043
    ]
  },
  {
    "timeStamp": 17553,
    "rotation": [
      [
        -0.1296441,
        -0.0881827,
        -0.9876316
      ],
      [
        0.479778171,
        0.866098046,
        -0.14031069
      ],
      [
        0.8677588,
        -0.492034525,
        -0.06997637
      ]
    ],
    "translation": [
      2.272416,
      0.780401766,
      -0.668566942
    ]
  }
]