[
  {
    "timeStamp": 115297,
    "rotation": [
      [
        0.9569616,
        0.2819543,
        0.0687485337
      ],
      [
        -0.0556974635,
        -0.0540542267,
        0.9969834
      ],
      [
        0.2848199,
        -0.957904,
        -0.0360236764
      ]
    ],
    "translation": [
      1.15269375,
      0.703864932,
      -0.49906975
    ]
  },
  {
    "timeStamp": 115353,
    "rotation": [
      [
        0.937008739,
        0.341588378,
        0.07302068
      ],
      [
        -0.04578111,
        -0.0871479,
        0.9951429
      ],
      [
        0.346292824,
        -0.935800552,
        -0.06602005
      ]
    ],
    "translation": [
      1.14795852,
      0.7085096,
      -0.503210247
    ]
  },
  {
    "timeStamp": 115399,
    "rotation": [
      [
        0.940704942,
        0.323783129,
        0.10118638
      ],
      [
        -0.0734820142,
        -0.09670782,
        0.992596567
      ],
      [
        0.331171572,
        -0.941175938,
        -0.06718129
      ]
    ],
    "translation": [
      1.15305662,
      0.7190489,
      -0.50677824
    ]
  },
  {
    "timeStamp": 115453,
    "rotation": [
      [
        0.9457878,
        0.298241735,
        0.128597409
      ],
      [
        -0.0969209448,
        -0.1187336,
        0.9881845
      ],
      [
        0.3099867,
        -0.9470766,
        -0.0833909139
      ]
    ],
    "translation": [
      1.17129147,
      0.7362776,
      -0.509786844
    ]
  },
  {
    "timeStamp": 115497,
    "rotation": [
      [
        0.9497903,
        0.2794562,
        0.1407219
      ],
      [
        -0.107162133,
        -0.132010832,
        0.9854387
      ],
      [
        0.29396376,
        -0.951040149,
        -0.09543549
      ]
    ],
    "translation": [
      1.19217145,
      0.7511879,
      -0.513603568
    ]
  },
  {
    "timeStamp": 115553,
    "rotation": [
      [
        0.949062467,
        0.2588634,
        0.179639235
      ],
      [
        -0.141582161,
        -0.158969581,
        0.9770789
      ],
      [
        0.2814871,
        -0.952742636,
        -0.114221618
      ]
    ],
    "translation": [
      1.22525454,
      0.777458251,
      -0.519678831
    ]
  },
  {
    "timeStamp": 115597,
    "rotation": [
      [
        0.9513834,
        0.2382371,
        0.1952247
      ],
      [
        -0.149135858,
        -0.198271275,
        0.968734741
      ],
      [
        0.269496,
        -0.950753152,
        -0.153102309
      ]
    ],
    "translation": [
      1.26032674,
      0.802168,
      -0.522022247
    ]
  },
  {
    "timeStamp": 115653,
    "rotation": [
      [
        0.955078542,
        0.2344701,
        0.18124266
      ],
      [
        -0.120296605,
        -0.252191037,
        0.960171044
      ],
      [
        0.270839155,
        -0.938841641,
        -0.21265626
      ]
    ],
    "translation": [
      1.31373334,
      0.8308679,
      -0.5234473
    ]
  },
  {
    "timeStamp": 115697,
    "rotation": [
      [
        0.9615371,
        0.226560578,
        0.155295208
      ],
      [
        -0.08166398,
        -0.304012567,
        0.9491614
      ],
      [
        0.262254238,
        -0.925335944,
        -0.273817539
      ]
    ],
    "translation": [
      1.36575186,
      0.853220344,
      -0.5203924
    ]
  },
  {
    "timeStamp": 115753,
    "rotation": [
      [
        0.97905755,
        0.184103668,
        0.08690313
      ],
      [
        -0.0159693565,
        -0.356101632,
        0.9343108
      ],
      [
        0.202956378,
        -0.916131854,
        -0.345704
      ]
    ],
    "translation": [
      1.44338584,
      0.875658,
      -0.5106242
    ]
  },
  {
    "timeStamp": 115797,
    "rotation": [
      [
        0.986630738,
        0.162960812,
        0.0018772881
      ],
      [
        0.0617443845,
        -0.38443628,
        0.921084344
      ],
      [
        0.150822356,
        -0.9086542,
        -0.38935858
      ]
    ],
    "translation": [
      1.51321566,
      0.889666259,
      -0.5047599
    ]
  },
  {
    "timeStamp": 115853,
    "rotation": [
      [
        0.981200159,
        0.1466913,
        -0.125410974
      ],
      [
        0.175506577,
        -0.407939345,
        0.89598155
      ],
      [
        0.08027264,
        -0.901147664,
        -0.426015437
      ]
    ],
    "translation": [
      1.60354638,
      0.9050552,
      -0.501575
    ]
  },
  {
    "timeStamp": 115897,
    "rotation": [
      [
        0.969243765,
        0.115950108,
        -0.217076108
      ],
      [
        0.2457367,
        -0.407899082,
        0.879336
      ],
      [
        0.0134139555,
        -0.9056345,
        -0.423846841
      ]
    ],
    "translation": [
      1.67647016,
      0.9186414,
      -0.5059046
    ]
  },
  {
    "timeStamp": 115952,
    "rotation": [
      [
        0.9367885,
        0.0700876,
        -0.34280467
      ],
      [
        0.3395443,
        -0.4186477,
        0.842284858
      ],
      [
        -0.08448066,
        -0.9054401,
        -0.415982217
      ]
    ],
    "translation": [
      1.76594973,
      0.939050555,
      -0.516879261
    ]
  },
  {
    "timeStamp": 115997,
    "rotation": [
      [
        0.900239766,
        0.04301906,
        -0.433264047
      ],
      [
        0.409088,
        -0.424227923,
        0.8078847
      ],
      [
        -0.149048269,
        -0.904533,
        -0.3995054
      ]
    ],
    "translation": [
      1.83326852,
      0.9546008,
      -0.53138274
    ]
  },
  {
    "timeStamp": 116053,
    "rotation": [
      [
        0.8211064,
        0.0219116285,
        -0.5703544
      ],
      [
        0.517798,
        -0.4490202,
        0.7281937
      ],
      [
        -0.240144745,
        -0.89325285,
        -0.380039155
      ]
    ],
    "translation": [
      1.91601,
      0.9753448,
      -0.5538365
    ]
  },
  {
    "timeStamp": 116097,
    "rotation": [
      [
        0.7376935,
        0.0566095077,
        -0.6727583
      ],
      [
        0.6278151,
        -0.424012959,
        0.6527336
      ],
      [
        -0.248307317,
        -0.9038852,
        -0.348331928
      ]
    ],
    "translation": [
      1.97016859,
      0.983153164,
      -0.575285852
    ]
  },
  {
    "timeStamp": 116152,
    "rotation": [
      [
        0.6578796,
        0.06010177,
        -0.750721157
      ],
      [
        0.7074819,
        -0.391056061,
        0.5886803
      ],
      [
        -0.2581933,
        -0.9184024,
        -0.2997887
      ]
    ],
    "translation": [
      2.02819252,
      0.987871945,
      -0.6040623
    ]
  },
  {
    "timeStamp": 116197,
    "rotation": [
      [
        0.5914849,
        0.0671110451,
        -0.803518355
      ],
      [
        0.772218,
        -0.33388114,
        0.540557861
      ],
      [
        -0.232002214,
        -0.9402231,
        -0.24931
      ]
    ],
    "translation": [
      2.06352377,
      0.9848291,
      -0.6263188
    ]
  },
  {
    "timeStamp": 116253,
    "rotation": [
      [
        0.5378516,
        0.08961904,
        -0.8382625
      ],
      [
        0.8195865,
        -0.288491517,
        0.4950258
      ],
      [
        -0.1974679,
        -0.9532791,
        -0.228616178
      ]
    ],
    "translation": [
      2.09464884,
      0.9837265,
      -0.645664752
    ]
  },
  {
    "timeStamp": 116297,
    "rotation": [
      [
        0.412356824,
        0.147129014,
        -0.899063349
      ],
      [
        0.9018795,
        -0.205390841,
        0.380036861
      ],
      [
        -0.12874493,
        -0.9675576,
        -0.217386961
      ]
    ],
    "translation": [
      2.11736178,
      0.981602848,
      -0.657814562
    ]
  },
  {
    "timeStamp": 116353,
    "rotation": [
      [
        0.370589137,
        0.161983788,
        -0.914562643
      ],
      [
        0.9260575,
        -0.140011191,
        0.350448728
      ],
      [
        -0.071282,
        -0.976810157,
        -0.201892942
      ]
    ],
    "translation": [
      2.138345,
      0.978864253,
      -0.664202034
    ]
  },
  {
    "timeStamp": 116397,
    "rotation": [
      [
        0.3590023,
        0.12295302,
        -0.9252026
      ],
      [
        0.9332232,
        -0.06274648,
        0.3537759
      ],
      [
        -0.0145553937,
        -0.9904269,
        -0.137268722
      ]
    ],
    "translation": [
      2.15427971,
      0.9660021,
      -0.672763467
    ]
  },
  {
    "timeStamp": 116453,
    "rotation": [
      [
        0.371397585,
        0.10166584,
        -0.922891
      ],
      [
        0.9284096,
        -0.0289662331,
        0.3704275
      ],
      [
        0.0109271426,
        -0.9943968,
        -0.105145529
      ]
    ],
    "translation": [
      2.16452146,
      0.953429341,
      -0.6760345
    ]
  },
  {
    "timeStamp": 116497,
    "rotation": [
      [
        0.386262447,
        0.0727733,
        -0.919513643
      ],
      [
        0.9212815,
        0.0183970463,
        0.388461053
      ],
      [
        0.0451859273,
        -0.9971788,
        -0.05993861
      ]
    ],
    "translation": [
      2.1717844,
      0.93925947,
      -0.679289937
    ]
  }
]