[
  {
    "timeStamp": 86922,
    "rotation": [
      [
        0.994203,
        0.0864865556,
        0.06387878
      ],
      [
        0.0602102354,
        0.0443840921,
        -0.997198462
      ],
      [
        -0.08907946,
        0.9952638,
        0.0389194228
      ]
    ],
    "translation": [
      1.45896041,
      0.6996932,
      -0.225039288
    ]
  },
  {
    "timeStamp": 86966,
    "rotation": [
      [
        0.994011641,
        0.106774151,
        0.0232394878
      ],
      [
        0.0232583322,
        0.00106892618,
        -0.9997289
      ],
      [
        -0.106770046,
        0.994282663,
        -0.00142086379
      ]
    ],
    "translation": [
      1.45354486,
      0.703556836,
      -0.233944952
    ]
  },
  {
    "timeStamp": 87021,
    "rotation": [
      [
        0.99053067,
        0.13728559,
        -0.00127884571
      ],
      [
        -0.000153777379,
        -0.008205387,
        -0.9999663
      ],
      [
        -0.137291461,
        0.9904975,
        -0.008106576
      ]
    ],
    "translation": [
      1.45064163,
      0.7109365,
      -0.241327971
    ]
  },
  {
    "timeStamp": 87068,
    "rotation": [
      [
        0.9807077,
        0.190051675,
        -0.04574665
      ],
      [
        -0.04296633,
        -0.018726306,
        -0.998901
      ],
      [
        -0.190699473,
        0.9815955,
        -0.01019921
      ]
    ],
    "translation": [
      1.45152962,
      0.7212397,
      -0.243442357
    ]
  },
  {
    "timeStamp": 87122,
    "rotation": [
      [
        0.9585274,
        0.258677065,
        -0.11963056
      ],
      [
        -0.121303588,
        -0.009544124,
        -0.992569566
      ],
      [
        -0.257896751,
        0.9659167,
        0.022230152
      ]
    ],
    "translation": [
      1.455307,
      0.7490041,
      -0.245223492
    ]
  },
  {
    "timeStamp": 87166,
    "rotation": [
      [
        0.9393282,
        0.2991043,
        -0.167925909
      ],
      [
        -0.179840192,
        0.0125521421,
        -0.983615756
      ],
      [
        -0.29209587,
        0.954137862,
        0.06558156
      ]
    ],
    "translation": [
      1.460443,
      0.778408945,
      -0.251366317
    ]
  },
  {
    "timeStamp": 87221,
    "rotation": [
      [
        0.918792367,
        0.335831344,
        -0.20745571
      ],
      [
        -0.237410128,
        0.05025139,
        -0.970108867
      ],
      [
        -0.315368026,
        0.9405807,
        0.125900358
      ]
    ],
    "translation": [
      1.4712671,
      0.818251431,
      -0.267293572
    ]
  },
  {
    "timeStamp": 87266,
    "rotation": [
      [
        0.891496956,
        0.3806929,
        -0.245572835
      ],
      [
        -0.298931777,
        0.08702384,
        -0.9502982
      ],
      [
        -0.340401083,
        0.9205975,
        0.1913827
      ]
    ],
    "translation": [
      1.48752487,
      0.859113753,
      -0.2852425
    ]
  },
  {
    "timeStamp": 87325,
    "rotation": [
      [
        0.8603915,
        0.428607285,
        -0.275721163
      ],
      [
        -0.351037145,
        0.106206313,
        -0.930318832
      ],
      [
        -0.3694581,
        0.8972268,
        0.241836086
      ]
    ],
    "translation": [
      1.5165838,
      0.90553844,
      -0.3183014
    ]
  },
  {
    "timeStamp": 87365,
    "rotation": [
      [
        0.8322249,
        0.473550171,
        -0.288360834
      ],
      [
        -0.3738816,
        0.09528195,
        -0.922569156
      ],
      [
        -0.4094072,
        0.875597835,
        0.256347716
      ]
    ],
    "translation": [
      1.5461545,
      0.9335748,
      -0.351251662
    ]
  },
  {
    "timeStamp": 87421,
    "rotation": [
      [
        0.803377748,
        0.520659268,
        -0.2889604
      ],
      [
        -0.380625129,
        0.07581769,
        -0.9216161
      ],
      [
        -0.457939655,
        0.8503914,
        0.259086251
      ]
    ],
    "translation": [
      1.58524156,
      0.955976665,
      -0.395305455
    ]
  },
  {
    "timeStamp": 87465,
    "rotation": [
      [
        0.782478333,
        0.554128945,
        -0.284022629
      ],
      [
        -0.388930827,
        0.07872987,
        -0.917896748
      ],
      [
        -0.486272067,
        0.8286994,
        0.277122229
      ]
    ],
    "translation": [
      1.61943519,
      0.9721093,
      -0.431569457
    ]
  },
  {
    "timeStamp": 87521,
    "rotation": [
      [
        0.7544273,
        0.595974147,
        -0.275052935
      ],
      [
        -0.378087133,
        0.05202566,
        -0.924307
      ],
      [
        -0.536553264,
        0.80131644,
        0.264579773
      ]
    ],
    "translation": [
      1.6627214,
      0.9825407,
      -0.474978566
    ]
  },
  {
    "timeStamp": 87565,
    "rotation": [
      [
        0.73789984,
        0.638464451,
        -0.218785
      ],
      [
        -0.33192,
        0.06104455,
        -0.941330254
      ],
      [
        -0.5876503,
        0.7672266,
        0.256963879
      ]
    ],
    "translation": [
      1.70507967,
      0.983706832,
      -0.5065114
    ]
  },
  {
    "timeStamp": 87621,
    "rotation": [
      [
        0.6971849,
        0.6952664,
        -0.1747505
      ],
      [
        -0.299346924,
        0.06084331,
        -0.952202439
      ],
      [
        -0.651402,
        0.7161723,
        0.2505449
      ]
    ],
    "translation": [
      1.75859928,
      0.984580159,
      -0.5419171
    ]
  },
  {
    "timeStamp": 87665,
    "rotation": [
      [
        0.663008,
        0.7388265,
        -0.12064793
      ],
      [
        -0.2701499,
        0.08582792,
        -0.9589852
      ],
      [
        -0.6981687,
        0.668407857,
        0.2564985
      ]
    ],
    "translation": [
      1.802582,
      0.9845713,
      -0.563982546
    ]
  },
  {
    "timeStamp": 87721,
    "rotation": [
      [
        0.575827062,
        0.8153486,
        -0.0602488741
      ],
      [
        -0.238851085,
        0.09729122,
        -0.9661701
      ],
      [
        -0.781903744,
        0.570737362,
        0.250769824
      ]
    ],
    "translation": [
      1.86373591,
      0.9833035,
      -0.5890689
    ]
  },
  {
    "timeStamp": 87766,
    "rotation": [
      [
        0.4907411,
        0.870770931,
        -0.03051446
      ],
      [
        -0.245756149,
        0.104731515,
        -0.9636572
      ],
      [
        -0.835928857,
        0.480405331,
        0.265393347
      ]
    ],
    "translation": [
      1.91046,
      0.985897839,
      -0.605532169
    ]
  },
  {
    "timeStamp": 87821,
    "rotation": [
      [
        0.3703187,
        0.9288658,
        0.008508551
      ],
      [
        -0.286657572,
        0.122987293,
        -0.9501061
      ],
      [
        -0.883567452,
        0.349403024,
        0.311810881
      ]
    ],
    "translation": [
      1.96507883,
      0.9924655,
      -0.6212356
    ]
  },
  {
    "timeStamp": 87866,
    "rotation": [
      [
        0.254912138,
        0.96645695,
        0.03131562
      ],
      [
        -0.322418571,
        0.11548394,
        -0.9395263
      ],
      [
        -0.9116282,
        0.22939992,
        0.341041952
      ]
    ],
    "translation": [
      2.00699544,
      0.9932509,
      -0.6325653
    ]
  },
  {
    "timeStamp": 87921,
    "rotation": [
      [
        0.131680772,
        0.9892673,
        0.0633276552
      ],
      [
        -0.349431,
        0.106106058,
        -0.9309347
      ],
      [
        -0.92766273,
        0.100457557,
        0.359652817
      ]
    ],
    "translation": [
      2.051862,
      0.9877431,
      -0.641620159
    ]
  },
  {
    "timeStamp": 87966,
    "rotation": [
      [
        0.03598969,
        0.9967281,
        0.07237173
      ],
      [
        -0.382566541,
        0.08064337,
        -0.9204018
      ],
      [
        -0.9232267,
        0.005437976,
        0.384217173
      ]
    ],
    "translation": [
      2.08182263,
      0.980122,
      -0.643409669
    ]
  },
  {
    "timeStamp": 88017,
    "rotation": [
      [
        -0.0412881561,
        0.9964402,
        0.0735006556
      ],
      [
        -0.431209445,
        0.04858899,
        -0.900942564
      ],
      [
        -0.9013067,
        -0.06889244,
        0.427668244
      ]
    ],
    "translation": [
      2.10621142,
      0.9714932,
      -0.637899637
    ]
  },
  {
    "timeStamp": 88072,
    "rotation": [
      [
        -0.148895487,
        0.9878427,
        0.04468695
      ],
      [
        -0.471898615,
        -0.03127015,
        -0.8810981
      ],
      [
        -0.868988931,
        -0.152279243,
        0.470817566
      ]
    ],
    "translation": [
      2.13559031,
      0.955894649,
      -0.6261656
    ]
  },
  {
    "timeStamp": 88116,
    "rotation": [
      [
        -0.2469994,
        0.969013035,
        0.00223192642
      ],
      [
        -0.474573821,
        -0.118959077,
        -0.872140169
      ],
      [
        -0.844849646,
        -0.21647732,
        0.489251047
      ]
    ],
    "translation": [
      2.15186667,
      0.9412576,
      -0.6180454
    ]
  },
  {
    "timeStamp": 88172,
    "rotation": [
      [
        -0.3037567,
        0.952548862,
        -0.0195588451
      ],
      [
        -0.499595582,
        -0.176728129,
        -0.848039746
      ],
      [
        -0.8112559,
        -0.247826248,
        0.529571533
      ]
    ],
    "translation": [
      2.16745973,
      0.9357326,
      -0.6066391
    ]
  },
  {
    "timeStamp": 88216,
    "rotation": [
      [
        -0.3201299,
        0.9471801,
        -0.019152835
      ],
      [
        -0.508576155,
        -0.188876092,
        -0.840045333
      ],
      [
        -0.79929173,
        -0.25918296,
        0.542178035
      ]
    ],
    "translation": [
      2.1749382,
      0.935186565,
      -0.5998362
    ]
  },
  {
    "timeStamp": 88271,
    "rotation": [
      [
        -0.34892574,
        0.9354973,
        -0.0556376651
      ],
      [
        -0.491181,
        -0.233118221,
        -0.8392837
      ],
      [
        -0.7981178,
        -0.2655195,
        0.540839434
      ]
    ],
    "translation": [
      2.17844248,
      0.9328192,
      -0.5939618
    ]
  },
  {
    "timeStamp": 88316,
    "rotation": [
      [
        -0.330394059,
        0.94270885,
        -0.0462575555
      ],
      [
        -0.494467,
        -0.214627057,
        -0.8422812
      ],
      [
        -0.8039541,
        -0.2554119,
        0.5370499
      ]
    ],
    "translation": [
      2.17708182,
      0.935749531,
      -0.5927847
    ]
  },
  {
    "timeStamp": 88371,
    "rotation": [
      [
        -0.2685028,
        0.961421669,
        -0.0597882569
      ],
      [
        -0.4815438,
        -0.187721491,
        -0.856081843
      ],
      [
        -0.8342792,
        -0.2010697,
        0.5133704
      ]
    ],
    "translation": [
      2.16674447,
      0.942106664,
      -0.594485
    ]
  },
  {
    "timeStamp": 88416,
    "rotation": [
      [
        -0.1915394,
        0.9786994,
        -0.0738930851
      ],
      [
        -0.4223888,
        -0.150154859,
        -0.893891037
      ],
      [
        -0.885946,
        -0.140003741,
        0.442152232
      ]
    ],
    "translation": [
      2.15300274,
      0.940549,
      -0.6016898
    ]
  },
  {
    "timeStamp": 88473,
    "rotation": [
      [
        -0.06317085,
        0.9956456,
        -0.0685520545
      ],
      [
        -0.3660698,
        -0.08701801,
        -0.92651
      ],
      [
        -0.9284408,
        -0.03343358,
        0.369972765
      ]
    ],
    "translation": [
      2.138111,
      0.943248868,
      -0.6167244
    ]
  },
  {
    "timeStamp": 88518,
    "rotation": [
      [
        0.09425113,
        0.9955172,
        0.00788569
      ],
      [
        -0.2511574,
        0.03144171,
        -0.9674355
      ],
      [
        -0.9633466,
        0.08920134,
        0.252994925
      ]
    ],
    "translation": [
      2.12784219,
      0.937708437,
      -0.6341637
    ]
  },
  {
    "timeStamp": 88575,
    "rotation": [
      [
        0.08427501,
        0.99641037,
        0.008006623
      ],
      [
        -0.15841265,
        0.0213304739,
        -0.987142563
      ],
      [
        -0.9837699,
        0.0819231,
        0.159641623
      ]
    ],
    "translation": [
      2.13181281,
      0.930373251,
      -0.66226244
    ]
  },
  {
    "timeStamp": 88620,
    "rotation": [
      [
        0.03813244,
        0.9981312,
        -0.0477481224
      ],
      [
        -0.1136296,
        -0.0431417674,
        -0.9925861
      ],
      [
        -0.9927911,
        0.0432753228,
        0.111772157
      ]
    ],
    "translation": [
      2.13497782,
      0.925434,
      -0.6824145
    ]
  },
  {
    "timeStamp": 88665,
    "rotation": [
      [
        0.08969098,
        0.995013833,
        -0.04362347
      ],
      [
        -0.05143494,
        -0.03911408,
        -0.9979101
      ],
      [
        -0.9946406,
        0.09174731,
        0.0476702973
      ]
    ],
    "translation": [
      2.12824965,
      0.916657865,
      -0.699411869
    ]
  },
  {
    "timeStamp": 88721,
    "rotation": [
      [
        0.0286277849,
        0.9924823,
        -0.118993349
      ],
      [
        0.004225711,
        -0.119161241,
        -0.9928659
      ],
      [
        -0.9995812,
        0.02792072,
        -0.00760526536
      ]
    ],
    "translation": [
      2.124289,
      0.9052049,
      -0.720005035
    ]
  },
  {
    "timeStamp": 88765,
    "rotation": [
      [
        0.040676076,
        0.98258847,
        -0.181287885
      ],
      [
        0.05551375,
        -0.183380231,
        -0.9814733
      ],
      [
        -0.997629046,
        0.0298585072,
        -0.0620063581
      ]
    ],
    "translation": [
      2.113788,
      0.893814445,
      -0.7341696
    ]
  },
  {
    "timeStamp": 88821,
    "rotation": [
      [
        0.02002278,
        0.961253166,
        -0.274938762
      ],
      [
        0.06400623,
        -0.275662184,
        -0.9591212
      ],
      [
        -0.997748554,
        0.00160647475,
        -0.0670457259
      ]
    ],
    "translation": [
      2.10104752,
      0.8854077,
      -0.740525067
    ]
  },
  {
    "timeStamp": 88865,
    "rotation": [
      [
        0.0343926251,
        0.9649075,
        -0.260327816
      ],
      [
        0.092828624,
        -0.262440056,
        -0.9604728
      ],
      [
        -0.9950879,
        0.008867303,
        -0.09859705
      ]
    ],
    "translation": [
      2.09958315,
      0.8763095,
      -0.743508339
    ]
  },
  {
    "timeStamp": 88921,
    "rotation": [
      [
        0.0229769368,
        0.9502022,
        -0.310785741
      ],
      [
        0.0900123,
        -0.311571449,
        -0.9459498
      ],
      [
        -0.995675564,
        -0.006239507,
        -0.09268884
      ]
    ],
    "translation": [
      2.09534454,
      0.8681078,
      -0.7405282
    ]
  },
  {
    "timeStamp": 88965,
    "rotation": [
      [
        0.0228585228,
        0.9288958,
        -0.3696353
      ],
      [
        0.08161135,
        -0.370231718,
        -0.925347567
      ],
      [
        -0.9964021,
        -0.0090143485,
        -0.08427138
      ]
    ],
    "translation": [
      2.08689117,
      0.862191439,
      -0.736008465
    ]
  },
  {
    "timeStamp": 89021,
    "rotation": [
      [
        0.05332513,
        0.907673061,
        -0.416276366
      ],
      [
        0.105620593,
        -0.4196579,
        -0.901516259
      ],
      [
        -0.992975652,
        0.00410611928,
        -0.118247285
      ]
    ],
    "translation": [
      2.0750823,
      0.8510867,
      -0.7372472
    ]
  },
  {
    "timeStamp": 89065,
    "rotation": [
      [
        0.0682241,
        0.88326174,
        -0.463890254
      ],
      [
        0.156201586,
        -0.468695968,
        -0.869439542
      ],
      [
        -0.985366166,
        -0.0131436661,
        -0.169943243
      ]
    ],
    "translation": [
      2.06701374,
      0.842733562,
      -0.7439791
    ]
  }
]