[
  {
    "timeStamp": 43976,
    "rotation": [
      [
        0.932193458,
        -0.288407654,
        -0.2187152
      ],
      [
        0.214141652,
        -0.0477274321,
        0.975635946
      ],
      [
        -0.291819572,
        -0.9563174,
        0.0172688887
      ]
    ],
    "translation": [
      1.45540106,
      0.695766747,
      -0.7625308
    ]
  },
  {
    "timeStamp": 44021,
    "rotation": [
      [
        0.925539255,
        -0.2949579,
        -0.237438068
      ],
      [
        0.225820258,
        -0.073374,
        0.9714018
      ],
      [
        -0.3039444,
        -0.9526889,
        -0.00130305113
      ]
    ],
    "translation": [
      1.45839918,
      0.6994842,
      -0.757618
    ]
  },
  {
    "timeStamp": 44066,
    "rotation": [
      [
        0.9268504,
        -0.3107017,
        -0.210743472
      ],
      [
        0.179215446,
        -0.127093777,
        0.97556597
      ],
      [
        -0.329894185,
        -0.9419722,
        -0.0621143728
      ]
    ],
    "translation": [
      1.45909047,
      0.7112193,
      -0.7481682
    ]
  },
  {
    "timeStamp": 44121,
    "rotation": [
      [
        0.935013235,
        -0.3252274,
        -0.141341314
      ],
      [
        0.09850133,
        -0.144696,
        0.9845611
      ],
      [
        -0.3406578,
        -0.9345,
        -0.103257328
      ]
    ],
    "translation": [
      1.46427417,
      0.7408056,
      -0.7393379
    ]
  },
  {
    "timeStamp": 44166,
    "rotation": [
      [
        0.928160965,
        -0.363244742,
        -0.08105907
      ],
      [
        0.0236653481,
        -0.1597539,
        0.98687315
      ],
      [
        -0.371426016,
        -0.917895436,
        -0.139681011
      ]
    ],
    "translation": [
      1.47713113,
      0.769628346,
      -0.7276517
    ]
  },
  {
    "timeStamp": 44221,
    "rotation": [
      [
        0.9024152,
        -0.430561423,
        -0.0162395369
      ],
      [
        -0.07175189,
        -0.187335446,
        0.979671955
      ],
      [
        -0.4248512,
        -0.882905662,
        -0.199947938
      ]
    ],
    "translation": [
      1.50920844,
      0.810484767,
      -0.710657835
    ]
  },
  {
    "timeStamp": 44277,
    "rotation": [
      [
        0.866981447,
        -0.4981284,
        0.0145374956
      ],
      [
        -0.150560588,
        -0.234015778,
        0.9605041
      ],
      [
        -0.475052416,
        -0.834928036,
        -0.277885824
      ]
    ],
    "translation": [
      1.5541625,
      0.8500944,
      -0.690951
    ]
  },
  {
    "timeStamp": 44321,
    "rotation": [
      [
        0.824612558,
        -0.5656892,
        -0.00312226824
      ],
      [
        -0.182695165,
        -0.2715326,
        0.9449299
      ],
      [
        -0.5353844,
        -0.7786306,
        -0.3272579
      ]
    ],
    "translation": [
      1.60402894,
      0.875329733,
      -0.676684439
    ]
  },
  {
    "timeStamp": 44376,
    "rotation": [
      [
        0.747698367,
        -0.6609559,
        -0.063909404
      ],
      [
        -0.21365045,
        -0.3305767,
        0.919278264
      ],
      [
        -0.6287294,
        -0.6736886,
        -0.3883852
      ]
    ],
    "translation": [
      1.679414,
      0.906354845,
      -0.6571133
    ]
  },
  {
    "timeStamp": 44420,
    "rotation": [
      [
        0.6656423,
        -0.7340673,
        -0.13440825
      ],
      [
        -0.2369301,
        -0.378664166,
        0.894694149
      ],
      [
        -0.7076613,
        -0.563701,
        -0.425977528
      ]
    ],
    "translation": [
      1.7466141,
      0.930311441,
      -0.6455994
    ]
  },
  {
    "timeStamp": 44475,
    "rotation": [
      [
        0.545528,
        -0.8008821,
        -0.246955812
      ],
      [
        -0.272093117,
        -0.4479489,
        0.851649642
      ],
      [
        -0.7926945,
        -0.397403717,
        -0.462283134
      ]
    ],
    "translation": [
      1.83566117,
      0.9611768,
      -0.640098453
    ]
  },
  {
    "timeStamp": 44520,
    "rotation": [
      [
        0.44322595,
        -0.818340659,
        -0.3658814
      ],
      [
        -0.294503,
        -0.5184404,
        0.802799761
      ],
      [
        -0.846651435,
        -0.248068511,
        -0.470790058
      ]
    ],
    "translation": [
      1.9114393,
      0.985967,
      -0.6462231
    ]
  },
  {
    "timeStamp": 44576,
    "rotation": [
      [
        0.2999883,
        -0.814390957,
        -0.496763974
      ],
      [
        -0.3509244,
        -0.578444362,
        0.736379147
      ],
      [
        -0.8870508,
        -0.0465785563,
        -0.4593162
      ]
    ],
    "translation": [
      2.00108838,
      1.01746833,
      -0.6637837
    ]
  },
  {
    "timeStamp": 44620,
    "rotation": [
      [
        0.208465025,
        -0.7814768,
        -0.588078439
      ],
      [
        -0.3888815,
        -0.6179446,
        0.683312237
      ],
      [
        -0.8973926,
        0.08624614,
        -0.432721734
      ]
    ],
    "translation": [
      2.058225,
      1.03790092,
      -0.685820937
    ]
  },
  {
    "timeStamp": 44675,
    "rotation": [
      [
        0.113371082,
        -0.7377497,
        -0.6654865
      ],
      [
        -0.385637015,
        -0.649967134,
        0.6548487
      ],
      [
        -0.9156588,
        0.182395324,
        -0.358191073
      ]
    ],
    "translation": [
      2.11488318,
      1.0466404,
      -0.7135372
    ]
  },
  {
    "timeStamp": 44721,
    "rotation": [
      [
        0.0450711548,
        -0.7226533,
        -0.6897396
      ],
      [
        -0.322844028,
        -0.6639289,
        0.6745147
      ],
      [
        -0.945378363,
        0.192277163,
        -0.263228357
      ]
    ],
    "translation": [
      2.14572573,
      1.0350585,
      -0.7331645
    ]
  },
  {
    "timeStamp": 44786,
    "rotation": [
      [
        0.012564159,
        -0.7457662,
        -0.6660893
      ],
      [
        -0.254264355,
        -0.646628261,
        0.7191812
      ],
      [
        -0.9670531,
        0.160326838,
        -0.1977461
      ]
    ],
    "translation": [
      2.16003776,
      1.01503909,
      -0.749461055
    ]
  },
  {
    "timeStamp": 44820,
    "rotation": [
      [
        0.0136938328,
        -0.737883747,
        -0.674788952
      ],
      [
        -0.2115999,
        -0.661706746,
        0.7192842
      ],
      [
        -0.9772605,
        0.132935509,
        -0.165197432
      ]
    ],
    "translation": [
      2.16251349,
      1.00610471,
      -0.757623553
    ]
  },
  {
    "timeStamp": 44871,
    "rotation": [
      [
        0.04155302,
        -0.76659286,
        -0.6407876
      ],
      [
        -0.152866483,
        -0.638668537,
        0.7541448
      ],
      [
        -0.9873729,
        0.06661795,
        -0.143724948
      ]
    ],
    "translation": [
      2.151279,
      0.985196233,
      -0.7614752
    ]
  },
  {
    "timeStamp": 44916,
    "rotation": [
      [
        0.04110071,
        -0.7801495,
        -0.624241531
      ],
      [
        -0.157194272,
        -0.6220378,
        0.767045557
      ],
      [
        -0.9867121,
        0.06660108,
        -0.148201242
      ]
    ],
    "translation": [
      2.14555454,
      0.9742962,
      -0.7614389
    ]
  },
  {
    "timeStamp": 44971,
    "rotation": [
      [
        0.0293780677,
        -0.814186037,
        -0.5798603
      ],
      [
        -0.150890112,
        -0.5770753,
        0.802630842
      ],
      [
        -0.98811394,
        0.0639154539,
        -0.139805973
      ]
    ],
    "translation": [
      2.14091468,
      0.952945232,
      -0.761162639
    ]
  },
  {
    "timeStamp": 45027,
    "rotation": [
      [
        -0.0223893225,
        -0.8447421,
        -0.534705
      ],
      [
        -0.12251012,
        -0.52849,
        0.8400533
      ],
      [
        -0.9922147,
        0.0843149945,
        -0.09165692
      ]
    ],
    "translation": [
      2.14114976,
      0.9296241,
      -0.7646391
    ]
  },
  {
    "timeStamp": 45071,
    "rotation": [
      [
        -0.0172283184,
        -0.831818342,
        -0.5547805
      ],
      [
        -0.09763353,
        -0.5508116,
        0.828899443
      ],
      [
        -0.9950733,
        0.06844573,
        -0.07172381
      ]
    ],
    "translation": [
      2.14028573,
      0.919771254,
      -0.7650834
    ]
  },
  {
    "timeStamp": 45116,
    "rotation": [
      [
        -0.017625628,
        -0.839505434,
        -0.543065369
      ],
      [
        -0.07337726,
        -0.540599048,
        0.838074267
      ],
      [
        -0.9971485,
        0.05462023,
        -0.0520722046
      ]
    ],
    "translation": [
      2.13766265,
      0.909548163,
      -0.767474651
    ]
  },
  {
    "timeStamp": 45171,
    "rotation": [
      [
        -0.01398686,
        -0.8303856,
        -0.5570135
      ],
      [
        -0.0504791364,
        -0.555771232,
        0.829801261
      ],
      [
        -0.9986272,
        0.0397238769,
        -0.0341436528
      ]
    ],
    "translation": [
      2.13762832,
      0.9022319,
      -0.769390643
    ]
  },
  {
    "timeStamp": 45216,
    "rotation": [
      [
        -0.0145410355,
        -0.8320152,
        -0.5545622
      ],
      [
        -0.03083872,
        -0.5539838,
        0.8319561
      ],
      [
        -0.9994186,
        0.02919949,
        -0.0176027883
      ]
    ],
    "translation": [
      2.138566,
      0.8940155,
      -0.7720449
    ]
  },
  {
    "timeStamp": 45273,
    "rotation": [
      [
        -0.0111344056,
        -0.8277299,
        -0.561016262
      ],
      [
        -0.00573478872,
        -0.560988963,
        0.827803433
      ],
      [
        -0.99992156,
        0.012434409,
        0.001499423
      ]
    ],
    "translation": [
      2.1401453,
      0.882461846,
      -0.773208737
    ]
  },
  {
    "timeStamp": 45318,
    "rotation": [
      [
        -0.00542385736,
        -0.8198752,
        -0.5725166
      ],
      [
        0.016514007,
        -0.572520435,
        0.819724143
      ],
      [
        -0.9998489,
        -0.005008476,
        0.0166446939
      ]
    ],
    "translation": [
      2.14225984,
      0.872784734,
      -0.7747544
    ]
  },
  {
    "timeStamp": 45375,
    "rotation": [
      [
        -0.0012291657,
        -0.8165834,
        -0.5772261
      ],
      [
        0.03813137,
        -0.576845,
        0.8159631
      ],
      [
        -0.9992719,
        -0.02100747,
        0.0318464823
      ]
    ],
    "translation": [
      2.143117,
      0.861695349,
      -0.7755037
    ]
  },
  {
    "timeStamp": 45421,
    "rotation": [
      [
        0.0153277582,
        -0.80980885,
        -0.5864935
      ],
      [
        0.06797138,
        -0.5843616,
        0.8086417
      ],
      [
        -0.9975695,
        -0.0522594377,
        0.0460868739
      ]
    ],
    "translation": [
      2.14167833,
      0.8507695,
      -0.775978
    ]
  },
  {
    "timeStamp": 45476,
    "rotation": [
      [
        0.0362393335,
        -0.8121997,
        -0.5822528
      ],
      [
        0.1475409,
        -0.5719023,
        0.8069445
      ],
      [
        -0.9883918,
        -0.115149237,
        0.09910732
      ]
    ],
    "translation": [
      2.138865,
      0.8319022,
      -0.778501749
    ]
  }
]