[
  {
    "timeStamp": 47331,
    "rotation": [
      [
        0.997805,
        -0.002480108,
        0.06617461
      ],
      [
        0.06581019,
        0.148284391,
        -0.9867526
      ],
      [
        -0.007365412,
        0.988941669,
        0.148122117
      ]
    ],
    "translation": [
      1.14569676,
      0.6970086,
      -0.6192731
    ]
  },
  {
    "timeStamp": 47386,
    "rotation": [
      [
        0.998425961,
        -0.005687082,
        0.0557976179
      ],
      [
        0.0559684634,
        0.165587112,
        -0.9846057
      ],
      [
        -0.0036398326,
        0.9861788,
        0.16564475
      ]
    ],
    "translation": [
      1.14930058,
      0.6977469,
      -0.616280437
    ]
  },
  {
    "timeStamp": 47433,
    "rotation": [
      [
        0.9990221,
        0.004357848,
        0.0439971834
      ],
      [
        0.0426086448,
        0.170702085,
        -0.984401
      ],
      [
        -0.0118002808,
        0.985313058,
        0.170349479
      ]
    ],
    "translation": [
      1.15332091,
      0.702910662,
      -0.6148269
    ]
  },
  {
    "timeStamp": 47486,
    "rotation": [
      [
        0.999675751,
        0.0245927013,
        0.00659456
      ],
      [
        0.00244740583,
        0.164990038,
        -0.9862922
      ],
      [
        -0.0253436267,
        0.9859885,
        0.164876357
      ]
    ],
    "translation": [
      1.157651,
      0.7175323,
      -0.6158055
    ]
  },
  {
    "timeStamp": 47531,
    "rotation": [
      [
        0.9984385,
        0.04910373,
        -0.0266362187
      ],
      [
        -0.0338010229,
        0.151403651,
        -0.987893939
      ],
      [
        -0.0444764569,
        0.987251639,
        0.152827
      ]
    ],
    "translation": [
      1.16530263,
      0.73153913,
      -0.6181654
    ]
  },
  {
    "timeStamp": 47586,
    "rotation": [
      [
        0.9951464,
        0.0787421241,
        -0.0590200946
      ],
      [
        -0.06924929,
        0.134238958,
        -0.9885264
      ],
      [
        -0.0699158758,
        0.9878156,
        0.139040262
      ]
    ],
    "translation": [
      1.18133616,
      0.74759,
      -0.6238214
    ]
  },
  {
    "timeStamp": 47631,
    "rotation": [
      [
        0.9932949,
        0.08932848,
        -0.07338691
      ],
      [
        -0.08380876,
        0.119140632,
        -0.9893339
      ],
      [
        -0.07963234,
        0.9888508,
        0.1258283
      ]
    ],
    "translation": [
      1.20149791,
      0.756168962,
      -0.6324972
    ]
  },
  {
    "timeStamp": 47686,
    "rotation": [
      [
        0.9916955,
        0.101762891,
        -0.0786401853
      ],
      [
        -0.08919885,
        0.103745572,
        -0.990596
      ],
      [
        -0.0926473439,
        0.989384234,
        0.111961156
      ]
    ],
    "translation": [
      1.23462594,
      0.7628459,
      -0.6461711
    ]
  },
  {
    "timeStamp": 47731,
    "rotation": [
      [
        0.9907399,
        0.1139865,
        -0.0737677142
      ],
      [
        -0.08468729,
        0.09412569,
        -0.9919518
      ],
      [
        -0.106125683,
        0.9890134,
        0.102907278
      ]
    ],
    "translation": [
      1.26643777,
      0.7651021,
      -0.658321261
    ]
  },
  {
    "timeStamp": 47786,
    "rotation": [
      [
        0.9880728,
        0.141368657,
        -0.0610490777
      ],
      [
        -0.0723480955,
        0.07621296,
        -0.9944633
      ],
      [
        -0.1359332,
        0.987019,
        0.08553171
      ]
    ],
    "translation": [
      1.3083744,
      0.76663357,
      -0.674508
    ]
  },
  {
    "timeStamp": 47831,
    "rotation": [
      [
        0.9821233,
        0.1792237,
        -0.05755617
      ],
      [
        -0.06879426,
        0.05712891,
        -0.9959938
      ],
      [
        -0.175217569,
        0.98214823,
        0.0684372
      ]
    ],
    "translation": [
      1.34288728,
      0.771227539,
      -0.6880485
    ]
  },
  {
    "timeStamp": 47886,
    "rotation": [
      [
        0.9708723,
        0.231563017,
        -0.0615270846
      ],
      [
        -0.07381079,
        0.0447542034,
        -0.996267557
      ],
      [
        -0.227945134,
        0.971789956,
        0.060542468
      ]
    ],
    "translation": [
      1.38452017,
      0.7802155,
      -0.7025314
    ]
  },
  {
    "timeStamp": 47931,
    "rotation": [
      [
        0.957634568,
        0.279376358,
        -0.0698923
      ],
      [
        -0.08317591,
        0.0359636,
        -0.9958857
      ],
      [
        -0.275713354,
        0.959507942,
        0.0576773658
      ]
    ],
    "translation": [
      1.415743,
      0.790269256,
      -0.7123612
    ]
  },
  {
    "timeStamp": 47987,
    "rotation": [
      [
        0.9339527,
        0.3488294,
        -0.07778452
      ],
      [
        -0.0950196162,
        0.0325449519,
        -0.994943261
      ],
      [
        -0.34453398,
        0.936620951,
        0.0635410845
      ]
    ],
    "translation": [
      1.45361936,
      0.806424737,
      -0.719501138
    ]
  },
  {
    "timeStamp": 48031,
    "rotation": [
      [
        0.910706162,
        0.402409047,
        -0.09317274
      ],
      [
        -0.114796564,
        0.0298976935,
        -0.992939
      ],
      [
        -0.396781981,
        0.9149716,
        0.07342319
      ]
    ],
    "translation": [
      1.48264873,
      0.8227023,
      -0.723482549
    ]
  },
  {
    "timeStamp": 48086,
    "rotation": [
      [
        0.8714649,
        0.4767192,
        -0.115272485
      ],
      [
        -0.150112987,
        0.0355039276,
        -0.988031149
      ],
      [
        -0.4669208,
        0.878338337,
        0.102502175
      ]
    ],
    "translation": [
      1.5161643,
      0.8476103,
      -0.7203078
    ]
  },
  {
    "timeStamp": 48131,
    "rotation": [
      [
        0.8316069,
        0.5373796,
        -0.140189409
      ],
      [
        -0.188547686,
        0.0357547328,
        -0.981412947
      ],
      [
        -0.5223789,
        0.8425822,
        0.131055564
      ]
    ],
    "translation": [
      1.54181767,
      0.8691832,
      -0.715079
    ]
  },
  {
    "timeStamp": 48186,
    "rotation": [
      [
        0.7614114,
        0.626509249,
        -0.166549563
      ],
      [
        -0.246015251,
        0.04155798,
        -0.9683746
      ],
      [
        -0.5997742,
        0.778305233,
        0.185773551
      ]
    ],
    "translation": [
      1.57676768,
      0.899926662,
      -0.6992535
    ]
  },
  {
    "timeStamp": 48231,
    "rotation": [
      [
        0.687090039,
        0.7040462,
        -0.179516658
      ],
      [
        -0.3021853,
        0.05221433,
        -0.9518181
      ],
      [
        -0.660750568,
        0.708232045,
        0.248628363
      ]
    ],
    "translation": [
      1.608392,
      0.925833,
      -0.684624732
    ]
  },
  {
    "timeStamp": 48286,
    "rotation": [
      [
        0.5800396,
        0.794058442,
        -0.181728438
      ],
      [
        -0.3761407,
        0.0632018,
        -0.9244045
      ],
      [
        -0.7225456,
        0.6045467,
        0.335337251
      ]
    ],
    "translation": [
      1.65333772,
      0.961013734,
      -0.6637517
    ]
  },
  {
    "timeStamp": 48331,
    "rotation": [
      [
        0.479684174,
        0.862156332,
        -0.163063258
      ],
      [
        -0.4466318,
        0.07995099,
        -0.891138554
      ],
      [
        -0.7552637,
        0.500294268,
        0.423417628
      ]
    ],
    "translation": [
      1.69385,
      0.9900387,
      -0.651053667
    ]
  },
  {
    "timeStamp": 48386,
    "rotation": [
      [
        0.365166932,
        0.924761355,
        -0.107096471
      ],
      [
        -0.530810833,
        0.112323083,
        -0.8400139
      ],
      [
        -0.764783,
        0.36359328,
        0.531890035
      ]
    ],
    "translation": [
      1.75001872,
      1.02604973,
      -0.638533831
    ]
  },
  {
    "timeStamp": 48430,
    "rotation": [
      [
        0.298649043,
        0.9540505,
        -0.02442068
      ],
      [
        -0.5775716,
        0.160309955,
        -0.8004447
      ],
      [
        -0.75974977,
        0.253156751,
        0.598908842
      ]
    ],
    "translation": [
      1.79443419,
      1.0469321,
      -0.6368306
    ]
  },
  {
    "timeStamp": 48486,
    "rotation": [
      [
        0.254681528,
        0.9619551,
        0.09889256
      ],
      [
        -0.6112322,
        0.23937954,
        -0.754382253
      ],
      [
        -0.749354661,
        0.1316809,
        0.6489435
      ]
    ],
    "translation": [
      1.85215831,
      1.06764436,
      -0.6399019
    ]
  },
  {
    "timeStamp": 48531,
    "rotation": [
      [
        0.210758477,
        0.9617577,
        0.174936816
      ],
      [
        -0.622996449,
        0.2700555,
        -0.734129
      ],
      [
        -0.7532969,
        0.04573889,
        0.6560881
      ]
    ],
    "translation": [
      1.89573312,
      1.07931077,
      -0.6476579
    ]
  },
  {
    "timeStamp": 48586,
    "rotation": [
      [
        0.145833775,
        0.9589745,
        0.24310568
      ],
      [
        -0.623686552,
        0.279868275,
        -0.729855359
      ],
      [
        -0.767950237,
        -0.0451841764,
        0.638913751
      ]
    ],
    "translation": [
      1.95138681,
      1.08663356,
      -0.661603153
    ]
  },
  {
    "timeStamp": 48630,
    "rotation": [
      [
        0.09787472,
        0.950708866,
        0.2942333
      ],
      [
        -0.608911633,
        0.291061252,
        -0.7379092
      ],
      [
        -0.7871767,
        -0.106939405,
        0.6073852
      ]
    ],
    "translation": [
      1.99141634,
      1.08473587,
      -0.6754878
    ]
  },
  {
    "timeStamp": 48686,
    "rotation": [
      [
        0.0159999654,
        0.947246,
        0.3201077
      ],
      [
        -0.6094075,
        0.26305145,
        -0.74794817
      ],
      [
        -0.7926957,
        -0.183108866,
        0.5814676
      ]
    ],
    "translation": [
      2.036819,
      1.07895339,
      -0.694588244
    ]
  },
  {
    "timeStamp": 48730,
    "rotation": [
      [
        -0.0422068536,
        0.938720167,
        0.342086345
      ],
      [
        -0.594129,
        0.251693547,
        -0.7639771
      ],
      [
        -0.803261638,
        -0.2354885,
        0.547097743
      ]
    ],
    "translation": [
      2.06650615,
      1.06973934,
      -0.7109677
    ]
  },
  {
    "timeStamp": 48786,
    "rotation": [
      [
        -0.0985840559,
        0.9052124,
        0.413366169
      ],
      [
        -0.5991293,
        0.277676821,
        -0.750959158
      ],
      [
        -0.7945598,
        -0.321692377,
        0.5149648
      ]
    ],
    "translation": [
      2.10495353,
      1.0640161,
      -0.73333323
    ]
  },
  {
    "timeStamp": 48830,
    "rotation": [
      [
        -0.196507052,
        0.874829948,
        0.442783922
      ],
      [
        -0.616384268,
        0.240979686,
        -0.7496661
      ],
      [
        -0.7625323,
        -0.420239717,
        0.491877168
      ]
    ],
    "translation": [
      2.135341,
      1.06214559,
      -0.752266765
    ]
  },
  {
    "timeStamp": 48886,
    "rotation": [
      [
        -0.306854218,
        0.8417611,
        0.44416067
      ],
      [
        -0.613388956,
        0.181922734,
        -0.7685428
      ],
      [
        -0.7277324,
        -0.50827384,
        0.46050325
      ]
    ],
    "translation": [
      2.16932249,
      1.05488551,
      -0.7737905
    ]
  },
  {
    "timeStamp": 48931,
    "rotation": [
      [
        -0.364452928,
        0.8212235,
        0.439051241
      ],
      [
        -0.601949155,
        0.151977181,
        -0.7839389
      ],
      [
        -0.710514843,
        -0.549995363,
        0.438946247
      ]
    ],
    "translation": [
      2.18947768,
      1.04818237,
      -0.7870402
    ]
  },
  {
    "timeStamp": 48984,
    "rotation": [
      [
        -0.3722558,
        0.8143671,
        0.445232362
      ],
      [
        -0.574806333,
        0.17435357,
        -0.7994989
      ],
      [
        -0.728713453,
        -0.553540468,
        0.403199255
      ]
    ],
    "translation": [
      2.20387244,
      1.039116,
      -0.796205163
    ]
  },
  {
    "timeStamp": 49035,
    "rotation": [
      [
        -0.376982957,
        0.8112169,
        0.447002321
      ],
      [
        -0.5752266,
        0.17320165,
        -0.79944706
      ],
      [
        -0.7259465,
        -0.558505535,
        0.4013394
      ]
    ],
    "translation": [
      2.219964,
      1.03781533,
      -0.804919839
    ]
  },
  {
    "timeStamp": 49081,
    "rotation": [
      [
        -0.363656729,
        0.822936058,
        0.43649742
      ],
      [
        -0.5784904,
        0.167767689,
        -0.7982499
      ],
      [
        -0.7301388,
        -0.54279846,
        0.415050775
      ]
    ],
    "translation": [
      2.23193741,
      1.03921163,
      -0.8099919
    ]
  },
  {
    "timeStamp": 49134,
    "rotation": [
      [
        -0.347119868,
        0.834811151,
        0.427315
      ],
      [
        -0.578061163,
        0.168336689,
        -0.798441052
      ],
      [
        -0.73848027,
        -0.5241689,
        0.424138874
      ]
    ],
    "translation": [
      2.23940587,
      1.0404197,
      -0.8111944
    ]
  },
  {
    "timeStamp": 49181,
    "rotation": [
      [
        -0.3481175,
        0.8179891,
        0.45793888
      ],
      [
        -0.563796,
        0.207592949,
        -0.7993993
      ],
      [
        -0.7489648,
        -0.536469,
        0.388912231
      ]
    ],
    "translation": [
      2.25265312,
      1.03845644,
      -0.8144474
    ]
  },
  {
    "timeStamp": 49236,
    "rotation": [
      [
        -0.346899539,
        0.829709053,
        0.4373141
      ],
      [
        -0.562951267,
        0.188738272,
        -0.8046513
      ],
      [
        -0.7501644,
        -0.5253197,
        0.40161252
      ]
    ],
    "translation": [
      2.25849533,
      1.03835,
      -0.815279067
    ]
  },
  {
    "timeStamp": 49281,
    "rotation": [
      [
        -0.330800056,
        0.834286034,
        0.441064715
      ],
      [
        -0.5635558,
        0.200246274,
        -0.8014401
      ],
      [
        -0.756951869,
        -0.513681054,
        0.40392524
      ]
    ],
    "translation": [
      2.25976753,
      1.03791535,
      -0.8158462
    ]
  },
  {
    "timeStamp": 49336,
    "rotation": [
      [
        -0.300064325,
        0.837120831,
        0.457373023
      ],
      [
        -0.5436754,
        0.2438934,
        -0.8030772
      ],
      [
        -0.783822954,
        -0.489637315,
        0.381938338
      ]
    ],
    "translation": [
      2.258709,
      1.03282952,
      -0.816364348
    ]
  },
  {
    "timeStamp": 49380,
    "rotation": [
      [
        -0.2616471,
        0.848820269,
        0.459396422
      ],
      [
        -0.52680254,
        0.273227423,
        -0.8048763
      ],
      [
        -0.808715,
        -0.452604741,
        0.3756715
      ]
    ],
    "translation": [
      2.25432348,
      1.02932465,
      -0.816143
    ]
  },
  {
    "timeStamp": 49445,
    "rotation": [
      [
        -0.161664471,
        0.8475673,
        0.5054644
      ],
      [
        -0.492771566,
        0.374442637,
        -0.7854737
      ],
      [
        -0.855009258,
        -0.376061648,
        0.357123017
      ]
    ],
    "translation": [
      2.24734879,
      1.02594173,
      -0.815131366
    ]
  },
  {
    "timeStamp": 49480,
    "rotation": [
      [
        -0.0961583,
        0.827595055,
        0.553028047
      ],
      [
        -0.472814441,
        0.450939953,
        -0.757033467
      ],
      [
        -0.8758996,
        -0.334274679,
        0.3479373
      ]
    ],
    "translation": [
      2.245216,
      1.02963936,
      -0.815406144
    ]
  },
  {
    "timeStamp": 49536,
    "rotation": [
      [
        -0.00340290437,
        0.7929876,
        0.609228253
      ],
      [
        -0.429862559,
        0.5489112,
        -0.7168784
      ],
      [
        -0.9028879,
        -0.2643239,
        0.3390078
      ]
    ],
    "translation": [
      2.24242568,
      1.03728509,
      -0.816000938
    ]
  },
  {
    "timeStamp": 49580,
    "rotation": [
      [
        0.07515975,
        0.7510958,
        0.6559011
      ],
      [
        -0.349580944,
        0.635863841,
        -0.6880919
      ],
      [
        -0.9338866,
        -0.177573681,
        0.310360134
      ]
    ],
    "translation": [
      2.2405405,
      1.03984082,
      -0.8165588
    ]
  },
  {
    "timeStamp": 49636,
    "rotation": [
      [
        0.179938331,
        0.7187509,
        0.6715797
      ],
      [
        -0.272988617,
        0.6923933,
        -0.667883754
      ],
      [
        -0.945039332,
        -0.0631557256,
        0.3207989
      ]
    ],
    "translation": [
      2.23156357,
      1.046272,
      -0.8167271
    ]
  },
  {
    "timeStamp": 49680,
    "rotation": [
      [
        0.255723834,
        0.6572247,
        0.708985865
      ],
      [
        -0.159019843,
        0.7519774,
        -0.6397208
      ],
      [
        -0.953581631,
        0.0508490354,
        0.296810329
      ]
    ],
    "translation": [
      2.22514582,
      1.046909,
      -0.818178
    ]
  },
  {
    "timeStamp": 49736,
    "rotation": [
      [
        0.322020322,
        0.5551125,
        0.7669113
      ],
      [
        -0.0101165576,
        0.812032461,
        -0.5835246
      ],
      [
        -0.9466787,
        0.180148259,
        0.267106771
      ]
    ],
    "translation": [
      2.21935129,
      1.04741049,
      -0.8228827
    ]
  },
  {
    "timeStamp": 49780,
    "rotation": [
      [
        0.370740026,
        0.5198159,
        0.7696384
      ],
      [
        0.09950745,
        0.801691055,
        -0.5893978
      ],
      [
        -0.923390567,
        0.2950981,
        0.2454934
      ]
    ],
    "translation": [
      2.206098,
      1.047561,
      -0.82676506
    ]
  },
  {
    "timeStamp": 49835,
    "rotation": [
      [
        0.432207465,
        0.39337492,
        0.8114511
      ],
      [
        0.266160548,
        0.804103255,
        -0.5315793
      ],
      [
        -0.8616004,
        0.4457288,
        0.242838547
      ]
    ],
    "translation": [
      2.1905117,
      1.04660392,
      -0.831832767
    ]
  },
  {
    "timeStamp": 49880,
    "rotation": [
      [
        0.492752016,
        0.3079915,
        0.8138407
      ],
      [
        0.361765,
        0.7781012,
        -0.51350224
      ],
      [
        -0.7914047,
        0.547448337,
        0.2719904
      ]
    ],
    "translation": [
      2.17486143,
      1.04804432,
      -0.833764255
    ]
  },
  {
    "timeStamp": 49935,
    "rotation": [
      [
        0.524663746,
        0.124053314,
        0.8422225
      ],
      [
        0.5310665,
        0.725529,
        -0.4376939
      ],
      [
        -0.665354252,
        0.6769183,
        0.314778239
      ]
    ],
    "translation": [
      2.16220546,
      1.04428124,
      -0.839049935
    ]
  },
  {
    "timeStamp": 49980,
    "rotation": [
      [
        0.5073493,
        -0.0014783761,
        0.8617392
      ],
      [
        0.6560137,
        0.6491013,
        -0.385114759
      ],
      [
        -0.55878675,
        0.760700464,
        0.330290943
      ]
    ],
    "translation": [
      2.15641737,
      1.04015541,
      -0.846304357
    ]
  },
  {
    "timeStamp": 50026,
    "rotation": [
      [
        0.498133481,
        -0.0688237548,
        0.8643647
      ],
      [
        0.7306537,
        0.570094347,
        -0.3756829
      ],
      [
        -0.466913521,
        0.8186915,
        0.3342694
      ]
    ],
    "translation": [
      2.14886665,
      1.03536618,
      -0.8526743
    ]
  },
  {
    "timeStamp": 50078,
    "rotation": [
      [
        0.441078365,
        -0.132264256,
        0.8876689
      ],
      [
        0.8161065,
        0.4706158,
        -0.335396737
      ],
      [
        -0.373390019,
        0.8723686,
        0.315520167
      ]
    ],
    "translation": [
      2.14801741,
      1.03101242,
      -0.8581993
    ]
  },
  {
    "timeStamp": 50136,
    "rotation": [
      [
        0.386313081,
        -0.178248912,
        0.9049804
      ],
      [
        0.8794505,
        0.3669847,
        -0.3031321
      ],
      [
        -0.278081,
        0.9129894,
        0.298532069
      ]
    ],
    "translation": [
      2.14542341,
      1.02736092,
      -0.8570929
    ]
  },
  {
    "timeStamp": 50180,
    "rotation": [
      [
        0.36912334,
        -0.184397161,
        0.9109037
      ],
      [
        0.900756,
        0.31235832,
        -0.3017795
      ],
      [
        -0.228881076,
        0.9318959,
        0.281395584
      ]
    ],
    "translation": [
      2.140769,
      1.02168608,
      -0.854423165
    ]
  },
  {
    "timeStamp": 50235,
    "rotation": [
      [
        0.333382249,
        -0.193452582,
        0.922731
      ],
      [
        0.9232698,
        0.265128881,
        -0.27799207
      ],
      [
        -0.190864339,
        0.944607258,
        0.266998172
      ]
    ],
    "translation": [
      2.13799262,
      1.0159148,
      -0.8457939
    ]
  },
  {
    "timeStamp": 50280,
    "rotation": [
      [
        0.3265829,
        -0.179915383,
        0.927886844
      ],
      [
        0.9313947,
        0.228248268,
        -0.283560663
      ],
      [
        -0.160771653,
        0.956835,
        0.2421142
      ]
    ],
    "translation": [
      2.13286066,
      1.00924337,
      -0.843027651
    ]
  },
  {
    "timeStamp": 50335,
    "rotation": [
      [
        0.3037884,
        -0.185295373,
        0.934547
      ],
      [
        0.94546026,
        0.179654509,
        -0.271715254
      ],
      [
        -0.117548019,
        0.966121,
        0.229766354
      ]
    ],
    "translation": [
      2.12941051,
      1.00177908,
      -0.840422153
    ]
  },
  {
    "timeStamp": 50380,
    "rotation": [
      [
        0.284118474,
        -0.199255228,
        0.9378561
      ],
      [
        0.9547938,
        0.148004875,
        -0.2578048
      ],
      [
        -0.0874383152,
        0.9687063,
        0.232298568
      ]
    ],
    "translation": [
      2.1271565,
      0.99638927,
      -0.839438856
    ]
  },
  {
    "timeStamp": 50435,
    "rotation": [
      [
        0.2597957,
        -0.210566357,
        0.9424266
      ],
      [
        0.9639456,
        0.114737,
        -0.2400921
      ],
      [
        -0.0575758852,
        0.97082293,
        0.232782692
      ]
    ],
    "translation": [
      2.12623978,
      0.9906548,
      -0.8365258
    ]
  },
  {
    "timeStamp": 50480,
    "rotation": [
      [
        0.229121566,
        -0.212762833,
        0.949860632
      ],
      [
        0.972863138,
        0.08239243,
        -0.216214746
      ],
      [
        -0.03225887,
        0.9736239,
        0.225867
      ]
    ],
    "translation": [
      2.12862635,
      0.987519741,
      -0.8345172
    ]
  },
  {
    "timeStamp": 50537,
    "rotation": [
      [
        0.2049453,
        -0.216336116,
        0.954565942
      ],
      [
        0.9785045,
        0.06814805,
        -0.194640309
      ],
      [
        -0.0229440741,
        0.973937631,
        0.225652486
      ]
    ],
    "translation": [
      2.13084984,
      0.9847612,
      -0.825981438
    ]
  },
  {
    "timeStamp": 50582,
    "rotation": [
      [
        0.184473678,
        -0.221586123,
        0.9575328
      ],
      [
        0.982810736,
        0.0487694219,
        -0.1780577
      ],
      [
        -0.007243205,
        0.973920465,
        0.2267739
      ]
    ],
    "translation": [
      2.132171,
      0.981660664,
      -0.8212493
    ]
  },
  {
    "timeStamp": 50628,
    "rotation": [
      [
        0.17766583,
        -0.2124346,
        0.9608883
      ],
      [
        0.9840729,
        0.0442458726,
        -0.172170669
      ],
      [
        -0.00594033627,
        0.976173043,
        0.216912135
      ]
    ],
    "translation": [
      2.130402,
      0.9780516,
      -0.8170504
    ]
  },
  {
    "timeStamp": 50685,
    "rotation": [
      [
        0.178247914,
        -0.205168724,
        0.962358356
      ],
      [
        0.9839803,
        0.0339414924,
        -0.175016612
      ],
      [
        0.00324405637,
        0.97813797,
        0.207931966
      ]
    ],
    "translation": [
      2.12662625,
      0.9736394,
      -0.813390434
    ]
  },
  {
    "timeStamp": 50730,
    "rotation": [
      [
        0.181308866,
        -0.201645046,
        0.9625312
      ],
      [
        0.983359754,
        0.0257951561,
        -0.179828316
      ],
      [
        0.0114328479,
        0.979118943,
        0.202966511
      ]
    ],
    "translation": [
      2.12321568,
      0.970302939,
      -0.8106583
    ]
  },
  {
    "timeStamp": 50785,
    "rotation": [
      [
        0.171509862,
        -0.201147184,
        0.9644295
      ],
      [
        0.984775066,
        0.006854253,
        -0.173698455
      ],
      [
        0.0283285119,
        0.97953707,
        0.1992603
      ]
    ],
    "translation": [
      2.1207335,
      0.96735096,
      -0.8101194
    ]
  },
  {
    "timeStamp": 50829,
    "rotation": [
      [
        0.174046367,
        -0.203282,
        0.963526964
      ],
      [
        0.9841286,
        0.00150549074,
        -0.17745012
      ],
      [
        0.0346218348,
        0.979119,
        0.200317666
      ]
    ],
    "translation": [
      2.1188817,
      0.963966548,
      -0.808368742
    ]
  },
  {
    "timeStamp": 50885,
    "rotation": [
      [
        0.165612459,
        -0.208358213,
        0.9639291
      ],
      [
        0.9850356,
        -0.012349966,
        -0.171908259
      ],
      [
        0.0477229878,
        0.9779746,
        0.203194931
      ]
    ],
    "translation": [
      2.119181,
      0.960903645,
      -0.8074915
    ]
  },
  {
    "timeStamp": 50930,
    "rotation": [
      [
        0.161533311,
        -0.202723533,
        0.965820968
      ],
      [
        0.9851026,
        -0.025377959,
        -0.170084924
      ],
      [
        0.058990784,
        0.978907168,
        0.195604086
      ]
    ],
    "translation": [
      2.12001348,
      0.9579332,
      -0.808994
    ]
  },
  {
    "timeStamp": 50985,
    "rotation": [
      [
        0.151776582,
        -0.197581947,
        0.968465447
      ],
      [
        0.986331761,
        -0.0333033279,
        -0.161370963
      ],
      [
        0.06413711,
        0.979720533,
        0.189826682
      ]
    ],
    "translation": [
      2.12243056,
      0.954752147,
      -0.8084684
    ]
  },
  {
    "timeStamp": 51029,
    "rotation": [
      [
        0.150330111,
        -0.192626014,
        0.9696886
      ],
      [
        0.986469746,
        -0.0356660821,
        -0.160016656
      ],
      [
        0.0654083639,
        0.980623841,
        0.184658065
      ]
    ],
    "translation": [
      2.12296176,
      0.951109052,
      -0.808723152
    ]
  },
  {
    "timeStamp": 51085,
    "rotation": [
      [
        0.1472291,
        -0.189244822,
        0.970829546
      ],
      [
        0.986645162,
        -0.041043777,
        -0.1576283
      ],
      [
        0.06967685,
        0.98107177,
        0.180674657
      ]
    ],
    "translation": [
      2.12413955,
      0.9468515,
      -0.808836341
    ]
  },
  {
    "timeStamp": 51130,
    "rotation": [
      [
        0.146301389,
        -0.1822802,
        0.9723013
      ],
      [
        0.9861185,
        -0.051147595,
        -0.157969236
      ],
      [
        0.0785255358,
        0.9819154,
        0.1722669
      ]
    ],
    "translation": [
      2.12455845,
      0.9417317,
      -0.8114212
    ]
  },
  {
    "timeStamp": 51185,
    "rotation": [
      [
        0.146965772,
        -0.1853856,
        0.9716137
      ],
      [
        0.9858811,
        -0.05223552,
        -0.159090489
      ],
      [
        0.08024584,
        0.9812765,
        0.175091341
      ]
    ],
    "translation": [
      2.12549567,
      0.934954643,
      -0.8113666
    ]
  },
  {
    "timeStamp": 51229,
    "rotation": [
      [
        0.1528972,
        -0.182355359,
        0.9712718
      ],
      [
        0.9849673,
        -0.0518255122,
        -0.164783329
      ],
      [
        0.08038578,
        0.9818659,
        0.171690091
      ]
    ],
    "translation": [
      2.12505317,
      0.9281289,
      -0.812021136
    ]
  },
  {
    "timeStamp": 51285,
    "rotation": [
      [
        0.1523327,
        -0.1984025,
        0.9682103
      ],
      [
        0.9858668,
        -0.03860763,
        -0.163022012
      ],
      [
        0.06972428,
        0.9793599,
        0.189717233
      ]
    ],
    "translation": [
      2.12454176,
      0.9203238,
      -0.807733953
    ]
  }
]