[
  {
    "timeStamp": 2704,
    "rotation": [
      [
        -0.0027001705,
        0.999995947,
        -0.0009025285
      ],
      [
        -0.0104872435,
        0.0008741647,
        0.9999446
      ],
      [
        0.999941349,
        0.00270948582,
        0.0104848407
      ]
    ],
    "translation": [
      1.15396583,
      0.704885542,
      -0.7501031
    ]
  },
  {
    "timeStamp": 2759,
    "rotation": [
      [
        -0.0024824678,
        0.9999951,
        -0.00190112088
      ],
      [
        -0.0123023316,
        0.00187044276,
        0.9999226
      ],
      [
        0.999921262,
        0.002505664,
        0.0122976284
      ]
    ],
    "translation": [
      1.15391684,
      0.7048602,
      -0.7499567
    ]
  },
  {
    "timeStamp": 2803,
    "rotation": [
      [
        -0.002483697,
        0.999993861,
        -0.00247938931
      ],
      [
        -0.009570897,
        0.002455512,
        0.9999512
      ],
      [
        0.9999511,
        0.00250730547,
        0.00956474
      ]
    ],
    "translation": [
      1.15389287,
      0.7048613,
      -0.74999696
    ]
  },
  {
    "timeStamp": 2849,
    "rotation": [
      [
        -0.00251815352,
        0.9999963,
        -0.00104583474
      ],
      [
        -0.0115407677,
        0.00101670693,
        0.9999329
      ],
      [
        0.9999302,
        0.00253005442,
        0.0115381647
      ]
    ],
    "translation": [
      1.15392649,
      0.704836369,
      -0.749971032
    ]
  },
  {
    "timeStamp": 2903,
    "rotation": [
      [
        -0.00255454564,
        0.9999837,
        -0.0050997776
      ],
      [
        -0.0152114443,
        0.00506034633,
        0.9998715
      ],
      [
        0.999881,
        0.0026317935,
        0.01519827
      ]
    ],
    "translation": [
      1.15382421,
      0.7049028,
      -0.7499179
    ]
  },
  {
    "timeStamp": 2958,
    "rotation": [
      [
        -0.00236114743,
        0.999989748,
        -0.00386199215
      ],
      [
        -0.0145299239,
        0.003827288,
        0.9998871
      ],
      [
        0.999891639,
        0.00241699582,
        0.0145207392
      ]
    ],
    "translation": [
      1.15384483,
      0.7048823,
      -0.749924839
    ]
  },
  {
    "timeStamp": 3003,
    "rotation": [
      [
        -0.00271609984,
        0.9995411,
        0.0301691666
      ],
      [
        0.0164150018,
        -0.0301206466,
        0.999411464
      ],
      [
        0.9998616,
        0.003209737,
        -0.0163256582
      ]
    ],
    "translation": [
      1.154923,
      0.709117353,
      -0.744765341
    ]
  },
  {
    "timeStamp": 3059,
    "rotation": [
      [
        -0.02366281,
        0.9987892,
        -0.0431312434
      ],
      [
        0.0544875,
        0.0443676822,
        0.997528255
      ],
      [
        0.998234034,
        0.0212542061,
        -0.05547139
      ]
    ],
    "translation": [
      1.1904496,
      0.7393662,
      -0.7263753
    ]
  },
  {
    "timeStamp": 3103,
    "rotation": [
      [
        -0.0343851522,
        0.992983,
        -0.113147818
      ],
      [
        0.08287244,
        0.1156578,
        0.989825964
      ],
      [
        0.9959668,
        0.0246584825,
        -0.08626784
      ]
    ],
    "translation": [
      1.224159,
      0.7713376,
      -0.7150809
    ]
  },
  {
    "timeStamp": 3159,
    "rotation": [
      [
        -0.0201898627,
        0.9846821,
        -0.173186511
      ],
      [
        0.147746339,
        0.174258456,
        0.973552763
      ],
      [
        0.9888192,
        -0.00593178859,
        -0.149001434
      ]
    ],
    "translation": [
      1.266213,
      0.8140963,
      -0.6936746
    ]
  },
  {
    "timeStamp": 3203,
    "rotation": [
      [
        -0.01809838,
        0.9716641,
        -0.235672385
      ],
      [
        0.192671433,
        0.234682441,
        0.9527864
      ],
      [
        0.981096447,
        -0.0281634349,
        -0.191459268
      ]
    ],
    "translation": [
      1.2998035,
      0.8539866,
      -0.678467751
    ]
  },
  {
    "timeStamp": 3252,
    "rotation": [
      [
        -0.017365275,
        0.955708742,
        -0.2938014
      ],
      [
        0.262494773,
        0.287896127,
        0.920984447
      ],
      [
        0.9647772,
        -0.061128173,
        -0.255867928
      ]
    ],
    "translation": [
      1.33536589,
      0.8979636,
      -0.6534495
    ]
  },
  {
    "timeStamp": 3301,
    "rotation": [
      [
        -0.07363824,
        0.915706,
        -0.3950442
      ],
      [
        0.321106941,
        0.396795332,
        0.8599092
      ],
      [
        0.944175661,
        -0.06352923,
        -0.323258877
      ]
    ],
    "translation": [
      1.38373709,
      0.9593593,
      -0.623332262
    ]
  },
  {
    "timeStamp": 3356,
    "rotation": [
      [
        -0.1203856,
        0.862556,
        -0.491431117
      ],
      [
        0.342708737,
        0.5007078,
        0.794885159
      ],
      [
        0.931696355,
        -0.07272501,
        -0.355883479
      ]
    ],
    "translation": [
      1.438669,
      1.01837349,
      -0.5990029
    ]
  },
  {
    "timeStamp": 3401,
    "rotation": [
      [
        -0.1572484,
        0.817505956,
        -0.554037035
      ],
      [
        0.3328978,
        0.5720609,
        0.749616861
      ],
      [
        0.929759145,
        -0.06656167,
        -0.362101585
      ]
    ],
    "translation": [
      1.48601854,
      1.05995023,
      -0.5834531
    ]
  },
  {
    "timeStamp": 3457,
    "rotation": [
      [
        -0.15584226,
        0.762186,
        -0.6283197
      ],
      [
        0.3505581,
        0.637362063,
        0.6862059
      ],
      [
        0.9234837,
        -0.11332269,
        -0.366518438
      ]
    ],
    "translation": [
      1.55412889,
      1.10980737,
      -0.571036935
    ]
  },
  {
    "timeStamp": 3501,
    "rotation": [
      [
        -0.148560911,
        0.759496868,
        -0.63332
      ],
      [
        0.3285677,
        0.64195323,
        0.6927765
      ],
      [
        0.9327234,
        -0.105168983,
        -0.34491533
      ]
    ],
    "translation": [
      1.60669327,
      1.12888265,
      -0.568801463
    ]
  },
  {
    "timeStamp": 3556,
    "rotation": [
      [
        -0.205908909,
        0.746597,
        -0.632609248
      ],
      [
        0.269187331,
        0.6647368,
        0.696895361
      ],
      [
        0.940818667,
        -0.0267934315,
        -0.337849677
      ]
    ],
    "translation": [
      1.66822839,
      1.14908278,
      -0.5511556
    ]
  },
  {
    "timeStamp": 3601,
    "rotation": [
      [
        -0.103788272,
        0.710345268,
        -0.6961592
      ],
      [
        0.211691275,
        0.6996785,
        0.682375848
      ],
      [
        0.971810043,
        -0.07654821,
        -0.2229923
      ]
    ],
    "translation": [
      1.7361207,
      1.168729,
      -0.5800698
    ]
  },
  {
    "timeStamp": 3657,
    "rotation": [
      [
        -0.0435988456,
        0.741081059,
        -0.6699985
      ],
      [
        0.229532152,
        0.6601268,
        0.7152256
      ],
      [
        0.972324133,
        -0.122603193,
        -0.198882684
      ]
    ],
    "translation": [
      1.80415845,
      1.1690284,
      -0.5869682
    ]
  },
  {
    "timeStamp": 3702,
    "rotation": [
      [
        0.01290632,
        0.761223435,
        -0.6483612
      ],
      [
        0.1995171,
        0.6334157,
        0.747647941
      ],
      [
        0.979809344,
        -0.139008537,
        -0.14370203
      ]
    ],
    "translation": [
      1.854485,
      1.16274977,
      -0.591790557
    ]
  },
  {
    "timeStamp": 3758,
    "rotation": [
      [
        0.0425893553,
        0.780872345,
        -0.6232372
      ],
      [
        0.157395929,
        0.6107696,
        0.7760071
      ],
      [
        0.9866168,
        -0.131144628,
        -0.09689385
      ]
    ],
    "translation": [
      1.91752815,
      1.15374386,
      -0.598826468
    ]
  },
  {
    "timeStamp": 3803,
    "rotation": [
      [
        0.0750971958,
        0.813257039,
        -0.577038467
      ],
      [
        0.180860892,
        0.5579664,
        0.8099153
      ],
      [
        0.980637431,
        -0.165186062,
        -0.105184682
      ]
    ],
    "translation": [
      1.96306217,
      1.13805759,
      -0.595895
    ]
  },
  {
    "timeStamp": 3858,
    "rotation": [
      [
        0.09167968,
        0.8282038,
        -0.552877367
      ],
      [
        0.1412895,
        0.5387795,
        0.8305143
      ],
      [
        0.985714,
        -0.154257044,
        -0.06762137
      ]
    ],
    "translation": [
      2.024761,
      1.12343574,
      -0.6014453
    ]
  },
  {
    "timeStamp": 3902,
    "rotation": [
      [
        0.1067956,
        0.853630245,
        -0.5098137
      ],
      [
        0.153675452,
        0.492413431,
        0.8566871
      ],
      [
        0.9823332,
        -0.169836283,
        -0.07859443
      ]
    ],
    "translation": [
      2.06863284,
      1.10246015,
      -0.597403646
    ]
  },
  {
    "timeStamp": 3958,
    "rotation": [
      [
        0.118858263,
        0.8788684,
        -0.462020576
      ],
      [
        0.09108261,
        0.453706264,
        0.8864844
      ],
      [
        0.988724768,
        -0.147448033,
        -0.0261228886
      ]
    ],
    "translation": [
      2.116476,
      1.06998539,
      -0.6074081
    ]
  },
  {
    "timeStamp": 4003,
    "rotation": [
      [
        0.129041687,
        0.904373169,
        -0.406764567
      ],
      [
        0.100545704,
        0.3961476,
        0.9126651
      ],
      [
        0.986528635,
        -0.158670276,
        -0.03981128
      ]
    ],
    "translation": [
      2.14734364,
      1.0392158,
      -0.6036999
    ]
  },
  {
    "timeStamp": 4058,
    "rotation": [
      [
        0.120221153,
        0.931771457,
        -0.342562079
      ],
      [
        0.06032612,
        0.337570369,
        0.9393652
      ],
      [
        0.9909125,
        -0.133597016,
        -0.0156270582
      ]
    ],
    "translation": [
      2.17156625,
      0.9985671,
      -0.6050852
    ]
  },
  {
    "timeStamp": 4101,
    "rotation": [
      [
        0.115321,
        0.9474363,
        -0.298438638
      ],
      [
        0.0500261635,
        0.294522345,
        0.9543343
      ],
      [
        0.992067754,
        -0.124984525,
        -0.0134319859
      ]
    ],
    "translation": [
      2.179842,
      0.9741698,
      -0.603296459
    ]
  },
  {
    "timeStamp": 4153,
    "rotation": [
      [
        0.1061219,
        0.9684618,
        -0.225432515
      ],
      [
        0.0647118762,
        0.219505608,
        0.9734627
      ],
      [
        0.9922452,
        -0.117893882,
        -0.03937663
      ]
    ],
    "translation": [
      2.19240928,
      0.9329476,
      -0.5920996
    ]
  },
  {
    "timeStamp": 4208,
    "rotation": [
      [
        0.0853205845,
        0.9791207,
        -0.184507817
      ],
      [
        0.0307698883,
        0.182505414,
        0.982723236
      ],
      [
        0.995878339,
        -0.0895238146,
        -0.0145559628
      ]
    ],
    "translation": [
      2.198365,
      0.9053504,
      -0.5954473
    ]
  },
  {
    "timeStamp": 4253,
    "rotation": [
      [
        0.107233308,
        0.984501243,
        -0.138774276
      ],
      [
        0.0738965,
        0.131300941,
        0.9885845
      ],
      [
        0.9914839,
        -0.116264135,
        -0.05867136
      ]
    ],
    "translation": [
      2.19812322,
      0.8830811,
      -0.585585952
    ]
  },
  {
    "timeStamp": 4308,
    "rotation": [
      [
        0.07952822,
        0.992135465,
        -0.09665637
      ],
      [
        0.01170209,
        0.0960276,
        0.9953099
      ],
      [
        0.996763945,
        -0.0802863,
        -0.00397315435
      ]
    ],
    "translation": [
      2.19481087,
      0.858628452,
      -0.595987
    ]
  },
  {
    "timeStamp": 4352,
    "rotation": [
      [
        0.101346835,
        0.993191,
        -0.05744897
      ],
      [
        0.0523933172,
        0.0523376875,
        0.9972541
      ],
      [
        0.99347055,
        -0.1040785,
        -0.0467323139
      ]
    ],
    "translation": [
      2.189628,
      0.839506567,
      -0.587071657
    ]
  },
  {
    "timeStamp": 4408,
    "rotation": [
      [
        0.0809791461,
        0.9963437,
        -0.0272331946
      ],
      [
        0.0137060219,
        0.0262072012,
        0.999562562
      ],
      [
        0.9966216,
        -0.0813169852,
        -0.011533672
      ]
    ],
    "translation": [
      2.18199039,
      0.818919539,
      -0.589580536
    ]
  },
  {
    "timeStamp": 4452,
    "rotation": [
      [
        0.08423724,
        0.996441,
        0.00305579277
      ],
      [
        0.0272392,
        -0.00536827557,
        0.999614537
      ],
      [
        0.9960733,
        -0.08412153,
        -0.0275944658
      ]
    ],
    "translation": [
      2.173778,
      0.80248785,
      -0.584251463
    ]
  },
  {
    "timeStamp": 4508,
    "rotation": [
      [
        0.0795863,
        0.9965753,
        0.0224443618
      ],
      [
        0.0400140174,
        -0.025691526,
        0.998868763
      ],
      [
        0.996024549,
        -0.07859817,
        -0.0419216752
      ]
    ],
    "translation": [
      2.166771,
      0.7863175,
      -0.5736586
    ]
  },
  {
    "timeStamp": 4552,
    "rotation": [
      [
        0.06997817,
        0.9971696,
        0.0274914447
      ],
      [
        0.01286691,
        -0.0284589846,
        0.999512136
      ],
      [
        0.997465551,
        -0.06959029,
        -0.014822
      ]
    ],
    "translation": [
      2.16485739,
      0.7757653,
      -0.5768872
    ]
  },
  {
    "timeStamp": 4598,
    "rotation": [
      [
        0.03996792,
        0.998782635,
        0.0289120954
      ],
      [
        0.0254194215,
        -0.0299422,
        0.999228358
      ],
      [
        0.9988776,
        -0.0392021462,
        -0.0265852045
      ]
    ],
    "translation": [
      2.16425514,
      0.768010557,
      -0.573910236
    ]
  },
  {
    "timeStamp": 4655,
    "rotation": [
      [
        0.0327306427,
        0.9990699,
        0.0280697588
      ],
      [
        0.0176648274,
        -0.02865868,
        0.99943316
      ],
      [
        0.9993081,
        -0.0322162472,
        -0.0185864158
      ]
    ],
    "translation": [
      2.1639998,
      0.7581465,
      -0.573535442
    ]
  },
  {
    "timeStamp": 4701,
    "rotation": [
      [
        0.0338013954,
        0.9988933,
        0.0327048
      ],
      [
        0.0131797455,
        -0.0331661664,
        0.999362946
      ],
      [
        0.999341667,
        -0.0333488174,
        -0.0142862229
      ]
    ],
    "translation": [
      2.16391659,
      0.752341747,
      -0.5734411
    ]
  },
  {
    "timeStamp": 4757,
    "rotation": [
      [
        0.03007472,
        0.999104,
        0.0297761448
      ],
      [
        0.0238634851,
        -0.0304988213,
        0.9992499
      ],
      [
        0.99926275,
        -0.0293415766,
        -0.0247593485
      ]
    ],
    "translation": [
      2.16484523,
      0.7440843,
      -0.57034874
    ]
  },
  {
    "timeStamp": 4802,
    "rotation": [
      [
        0.0441853926,
        0.998454034,
        0.0337225944
      ],
      [
        0.0189836286,
        -0.03458861,
        0.9992213
      ],
      [
        0.998842955,
        -0.0435108133,
        -0.0204825923
      ]
    ],
    "translation": [
      2.16498876,
      0.7394826,
      -0.5698281
    ]
  },
  {
    "timeStamp": 4857,
    "rotation": [
      [
        0.0365321934,
        0.998385,
        0.0435073525
      ],
      [
        0.0277258977,
        -0.0445322581,
        0.998623133
      ],
      [
        0.998947859,
        -0.0352756158,
        -0.02930798
      ]
    ],
    "translation": [
      2.16482019,
      0.732469141,
      -0.5690784
    ]
  },
  {
    "timeStamp": 4902,
    "rotation": [
      [
        0.0354462937,
        0.9984704,
        0.0424311
      ],
      [
        0.02550621,
        -0.0433478057,
        0.9987344
      ],
      [
        0.999046,
        -0.03431919,
        -0.0270037148
      ]
    ],
    "translation": [
      2.16498232,
      0.728374,
      -0.569828451
    ]
  },
  {
    "timeStamp": 4958,
    "rotation": [
      [
        0.0417613834,
        0.9980487,
        0.0464195237
      ],
      [
        0.02602592,
        -0.04753094,
        0.9985306
      ],
      [
        0.998788655,
        -0.04049189,
        -0.0279600918
      ]
    ],
    "translation": [
      2.16512966,
      0.7277185,
      -0.569645
    ]
  },
  {
    "timeStamp": 5002,
    "rotation": [
      [
        0.0293014869,
        0.9986481,
        0.0429343656
      ],
      [
        0.0304048266,
        -0.0438234,
        0.9985765
      ],
      [
        0.9991081,
        -0.0279543716,
        -0.0316478126
      ]
    ],
    "translation": [
      2.16515,
      0.7256855,
      -0.5700134
    ]
  },
  {
    "timeStamp": 5057,
    "rotation": [
      [
        0.0259341057,
        0.9987433,
        0.04288689
      ],
      [
        0.0375114754,
        -0.0438433625,
        0.998333931
      ],
      [
        0.998959661,
        -0.0242821425,
        -0.0386013724
      ]
    ],
    "translation": [
      2.16524172,
      0.7252971,
      -0.5701656
    ]
  },
  {
    "timeStamp": 5102,
    "rotation": [
      [
        0.0228704568,
        0.9989722,
        0.0391349345
      ],
      [
        0.03969277,
        -0.04002164,
        0.9984101
      ],
      [
        0.9989501,
        -0.0212807152,
        -0.0405672863
      ]
    ],
    "translation": [
      2.16518116,
      0.7253549,
      -0.5702796
    ]
  }
]