[
  {
    "timeStamp": 23849,
    "rotation": [
      [
        0.00524648931,
        0.999977767,
        0.00412675133
      ],
      [
        -0.0135795306,
        -0.00405518245,
        0.999899566
      ],
      [
        0.999894,
        -0.00530200452,
        0.0135579538
      ]
    ],
    "translation": [
      1.15405166,
      0.7010177,
      -0.490202665
    ]
  },
  {
    "timeStamp": 23893,
    "rotation": [
      [
        0.00464618672,
        0.9999052,
        0.0129577573
      ],
      [
        -0.009549857,
        -0.0129129384,
        0.999871
      ],
      [
        0.999943554,
        -0.00476933643,
        0.009488957
      ]
    ],
    "translation": [
      1.15410388,
      0.7008972,
      -0.4902162
    ]
  },
  {
    "timeStamp": 23948,
    "rotation": [
      [
        0.004129119,
        0.999715745,
        0.0234807581
      ],
      [
        0.0010211129,
        -0.0234851614,
        0.9997237
      ],
      [
        0.99999094,
        -0.00410400238,
        -0.00111779571
      ]
    ],
    "translation": [
      1.15410006,
      0.7008432,
      -0.490265965
    ]
  },
  {
    "timeStamp": 23995,
    "rotation": [
      [
        0.008865057,
        0.999614,
        0.0263307765
      ],
      [
        0.00471120654,
        -0.0263732728,
        0.999641061
      ],
      [
        0.999949634,
        -0.008737824,
        -0.00494318828
      ]
    ],
    "translation": [
      1.156928,
      0.7012122,
      -0.4909454
    ]
  },
  {
    "timeStamp": 24048,
    "rotation": [
      [
        0.03472561,
        0.998878837,
        0.0321741253
      ],
      [
        -0.011090681,
        -0.0318064,
        0.9994325
      ],
      [
        0.999335349,
        -0.03506274,
        0.00997374952
      ]
    ],
    "translation": [
      1.16361678,
      0.715184867,
      -0.493544728
    ]
  },
  {
    "timeStamp": 24093,
    "rotation": [
      [
        0.07678592,
        0.9952039,
        0.06060515
      ],
      [
        0.0164664928,
        -0.0620421134,
        0.9979377
      ],
      [
        0.9969116,
        -0.07562961,
        -0.0211514812
      ]
    ],
    "translation": [
      1.1670301,
      0.7328773,
      -0.485443175
    ]
  },
  {
    "timeStamp": 24148,
    "rotation": [
      [
        0.1552248,
        0.983461,
        0.0933257043
      ],
      [
        0.0708263144,
        -0.105306767,
        0.9919144
      ],
      [
        0.985336959,
        -0.1473598,
        -0.08600114
      ]
    ],
    "translation": [
      1.17760062,
      0.7656287,
      -0.466252983
    ]
  },
  {
    "timeStamp": 24193,
    "rotation": [
      [
        0.226871982,
        0.966818333,
        0.117436752
      ],
      [
        0.125407785,
        -0.148577228,
        0.980916739
      ],
      [
        0.965816736,
        -0.207815021,
        -0.154954553
      ]
    ],
    "translation": [
      1.194866,
      0.7996585,
      -0.4517115
    ]
  },
  {
    "timeStamp": 24249,
    "rotation": [
      [
        0.3835278,
        0.920300364,
        0.07715995
      ],
      [
        0.22559306,
        -0.174375847,
        0.9584888
      ],
      [
        0.895552456,
        -0.350200355,
        -0.27449134
      ]
    ],
    "translation": [
      1.24468422,
      0.848051548,
      -0.419840544
    ]
  },
  {
    "timeStamp": 24293,
    "rotation": [
      [
        0.5302357,
        0.847736537,
        -0.01388802
      ],
      [
        0.334500849,
        -0.194113314,
        0.92218715
      ],
      [
        0.779075861,
        -0.493622124,
        -0.3864944
      ]
    ],
    "translation": [
      1.30984712,
      0.8920217,
      -0.394371629
    ]
  },
  {
    "timeStamp": 24349,
    "rotation": [
      [
        0.78306216,
        0.612782538,
        -0.106354155
      ],
      [
        0.360201985,
        -0.307430267,
        0.8807617
      ],
      [
        0.507018864,
        -0.728000164,
        -0.461462528
      ]
    ],
    "translation": [
      1.41489732,
      0.9571844,
      -0.367820859
    ]
  },
  {
    "timeStamp": 24393,
    "rotation": [
      [
        0.8692626,
        0.418319046,
        -0.263423055
      ],
      [
        0.4223718,
        -0.351579815,
        0.8354602
      ],
      [
        0.256874681,
        -0.837496758,
        -0.482301384
      ]
    ],
    "translation": [
      1.52353,
      1.01182687,
      -0.363762051
    ]
  },
  {
    "timeStamp": 24449,
    "rotation": [
      [
        0.893551469,
        0.09355366,
        -0.4391053
      ],
      [
        0.422004223,
        -0.508815467,
        0.750346065
      ],
      [
        -0.153225958,
        -0.855777144,
        -0.494132847
      ]
    ],
    "translation": [
      1.66373563,
      1.09027314,
      -0.384399682
    ]
  },
  {
    "timeStamp": 24493,
    "rotation": [
      [
        0.856205761,
        -0.167640626,
        -0.488680124
      ],
      [
        0.325782925,
        -0.558930159,
        0.7625369
      ],
      [
        -0.40097025,
        -0.8120921,
        -0.423944771
      ]
    ],
    "translation": [
      1.76071489,
      1.12347925,
      -0.412763178
    ]
  },
  {
    "timeStamp": 24549,
    "rotation": [
      [
        0.6983122,
        -0.422989756,
        -0.577442348
      ],
      [
        0.281047225,
        -0.5799064,
        0.764670551
      ],
      [
        -0.6583103,
        -0.696267366,
        -0.286075622
      ]
    ],
    "translation": [
      1.87288356,
      1.156395,
      -0.4624408
    ]
  },
  {
    "timeStamp": 24593,
    "rotation": [
      [
        0.570454836,
        -0.5848437,
        -0.576662064
      ],
      [
        0.212753981,
        -0.572922349,
        0.7915148
      ],
      [
        -0.793295,
        -0.5742106,
        -0.2023985
      ]
    ],
    "translation": [
      1.9474355,
      1.16696739,
      -0.503098845
    ]
  },
  {
    "timeStamp": 24648,
    "rotation": [
      [
        0.395415,
        -0.714347243,
        -0.5773691
      ],
      [
        0.1921365,
        -0.5503615,
        0.8125182
      ],
      [
        -0.8981818,
        -0.432215542,
        -0.08036902
      ]
    ],
    "translation": [
      2.03426385,
      1.16707289,
      -0.5600971
    ]
  },
  {
    "timeStamp": 24693,
    "rotation": [
      [
        0.2807785,
        -0.7789071,
        -0.5607736
      ],
      [
        0.190816849,
        -0.527310431,
        0.827968955
      ],
      [
        -0.940612733,
        -0.339480937,
        0.0005711684
      ]
    ],
    "translation": [
      2.09093952,
      1.15733826,
      -0.5959308
    ]
  },
  {
    "timeStamp": 24748,
    "rotation": [
      [
        0.2103001,
        -0.8455371,
        -0.490755439
      ],
      [
        0.129556075,
        -0.4734508,
        0.871240258
      ],
      [
        -0.9690145,
        -0.246802256,
        0.009977713
      ]
    ],
    "translation": [
      2.14260721,
      1.12789559,
      -0.624001443
    ]
  },
  {
    "timeStamp": 24793,
    "rotation": [
      [
        0.160009176,
        -0.8790267,
        -0.449120373
      ],
      [
        0.124272823,
        -0.433424,
        0.89258045
      ],
      [
        -0.979261637,
        -0.198634535,
        0.03988731
      ]
    ],
    "translation": [
      2.178825,
      1.10228646,
      -0.645996869
    ]
  },
  {
    "timeStamp": 24848,
    "rotation": [
      [
        0.162475929,
        -0.90955466,
        -0.382507175
      ],
      [
        0.05708768,
        -0.3783436,
        0.923903167
      ],
      [
        -0.9850596,
        -0.171948478,
        -0.009547366
      ]
    ],
    "translation": [
      2.207997,
      1.05780017,
      -0.652421355
    ]
  },
  {
    "timeStamp": 24893,
    "rotation": [
      [
        0.11595577,
        -0.9471237,
        -0.299183846
      ],
      [
        0.0111994147,
        -0.299949855,
        0.953889251
      ],
      [
        -0.993191242,
        -0.11395964,
        -0.0241736826
      ]
    ],
    "translation": [
      2.21955,
      1.01624322,
      -0.6628127
    ]
  },
  {
    "timeStamp": 24953,
    "rotation": [
      [
        0.125882238,
        -0.957983851,
        -0.25772208
      ],
      [
        0.00227611279,
        -0.259509057,
        0.965738
      ],
      [
        -0.9920426,
        -0.122155868,
        -0.0304871034
      ]
    ],
    "translation": [
      2.22983742,
      0.9806931,
      -0.669331968
    ]
  },
  {
    "timeStamp": 24991,
    "rotation": [
      [
        0.126413271,
        -0.9772951,
        -0.170041218
      ],
      [
        -0.0194748174,
        -0.173828378,
        0.9845834
      ],
      [
        -0.9917865,
        -0.121152885,
        -0.04100686
      ]
    ],
    "translation": [
      2.23124933,
      0.9350431,
      -0.672112167
    ]
  },
  {
    "timeStamp": 25046,
    "rotation": [
      [
        0.140834332,
        -0.9797899,
        -0.1420473
      ],
      [
        -0.04553415,
        -0.1497358,
        0.987677
      ],
      [
        -0.9889855,
        -0.132630825,
        -0.06570184
      ]
    ],
    "translation": [
      2.234991,
      0.9029314,
      -0.6682894
    ]
  },
  {
    "timeStamp": 25091,
    "rotation": [
      [
        0.176254347,
        -0.9787465,
        -0.104832277
      ],
      [
        -0.0147309825,
        -0.109110333,
        0.9939205
      ],
      [
        -0.984234452,
        -0.173638538,
        -0.03364907
      ]
    ],
    "translation": [
      2.23336554,
      0.877700031,
      -0.669024169
    ]
  },
  {
    "timeStamp": 25146,
    "rotation": [
      [
        0.210986927,
        -0.9752208,
        -0.0665505752
      ],
      [
        -0.0493100658,
        -0.078615196,
        0.9956848
      ],
      [
        -0.97624433,
        -0.206794873,
        -0.06467497
      ]
    ],
    "translation": [
      2.22894025,
      0.8526461,
      -0.6582019
    ]
  },
  {
    "timeStamp": 25191,
    "rotation": [
      [
        0.235363811,
        -0.970098257,
        -0.059273202
      ],
      [
        -0.0223546159,
        -0.06637381,
        0.9975444
      ],
      [
        -0.971650243,
        -0.233460844,
        -0.0373081639
      ]
    ],
    "translation": [
      2.22688818,
      0.839876,
      -0.6564043
    ]
  },
  {
    "timeStamp": 25246,
    "rotation": [
      [
        0.241332486,
        -0.9687673,
        -0.0569954179
      ],
      [
        -0.0122121247,
        -0.0617584251,
        0.9980164
      ],
      [
        -0.970365644,
        -0.240157738,
        -0.02673502
      ]
    ],
    "translation": [
      2.227789,
      0.825508833,
      -0.656153
    ]
  },
  {
    "timeStamp": 25291,
    "rotation": [
      [
        0.218657061,
        -0.9744188,
        -0.0519336425
      ],
      [
        -0.0258809868,
        -0.0589939654,
        0.9979228
      ],
      [
        -0.9754585,
        -0.21685876,
        -0.0381183624
      ]
    ],
    "translation": [
      2.228579,
      0.8137842,
      -0.6514194
    ]
  },
  {
    "timeStamp": 25347,
    "rotation": [
      [
        0.198172316,
        -0.9793728,
        -0.0394544862
      ],
      [
        -0.008529227,
        -0.0419743471,
        0.999082267
      ],
      [
        -0.9801301,
        -0.197653919,
        -0.0166714471
      ]
    ],
    "translation": [
      2.2276926,
      0.795887,
      -0.6535969
    ]
  },
  {
    "timeStamp": 25392,
    "rotation": [
      [
        0.15263541,
        -0.988008142,
        -0.0232880637
      ],
      [
        -0.01701593,
        -0.0261879787,
        0.9995122
      ],
      [
        -0.988136053,
        -0.152164683,
        -0.02080909
      ]
    ],
    "translation": [
      2.21976113,
      0.7852605,
      -0.6507828
    ]
  },
  {
    "timeStamp": 25448,
    "rotation": [
      [
        0.154700622,
        -0.987606645,
        -0.02647366
      ],
      [
        0.0139597105,
        -0.0246084686,
        0.9995997
      ],
      [
        -0.987862766,
        -0.155008271,
        0.009979757
      ]
    ],
    "translation": [
      2.21474051,
      0.7783582,
      -0.651484
    ]
  },
  {
    "timeStamp": 25492,
    "rotation": [
      [
        0.117807537,
        -0.9928968,
        -0.0166573953
      ],
      [
        -0.0407493338,
        -0.0215936359,
        0.998936057
      ],
      [
        -0.9922001,
        -0.117003426,
        -0.04300377
      ]
    ],
    "translation": [
      2.21122336,
      0.7688093,
      -0.641396642
    ]
  },
  {
    "timeStamp": 25548,
    "rotation": [
      [
        0.120780051,
        -0.992573857,
        -0.0144699859
      ],
      [
        -0.009923607,
        -0.0157832522,
        0.9998262
      ],
      [
        -0.9926297,
        -0.120615467,
        -0.0117562152
      ]
    ],
    "translation": [
      2.21352053,
      0.7583253,
      -0.640356839
    ]
  },
  {
    "timeStamp": 25592,
    "rotation": [
      [
        0.111390233,
        -0.993773043,
        0.00272826455
      ],
      [
        -0.0271728057,
        -0.000301404885,
        0.9996307
      ],
      [
        -0.993405163,
        -0.111423232,
        -0.0270371735
      ]
    ],
    "translation": [
      2.21388245,
      0.7476282,
      -0.632313
    ]
  },
  {
    "timeStamp": 25648,
    "rotation": [
      [
        0.120407581,
        -0.992638946,
        0.0130352592
      ],
      [
        -0.00287789851,
        0.0127817066,
        0.999914169
      ],
      [
        -0.992720366,
        -0.120434761,
        -0.00131769991
      ]
    ],
    "translation": [
      2.21621752,
      0.7369413,
      -0.630267143
    ]
  },
  {
    "timeStamp": 25692,
    "rotation": [
      [
        0.117427684,
        -0.9928822,
        0.0198921412
      ],
      [
        0.0005812076,
        0.0200994313,
        0.9997978
      ],
      [
        -0.9930813,
        -0.117392384,
        0.0029373006
      ]
    ],
    "translation": [
      2.2178123,
      0.731190145,
      -0.6282513
    ]
  },
  {
    "timeStamp": 25748,
    "rotation": [
      [
        0.110497549,
        -0.9934698,
        0.0284280721
      ],
      [
        0.00228603743,
        0.0288572051,
        0.9995809
      ],
      [
        -0.9938738,
        -0.110386252,
        0.00545975938
      ]
    ],
    "translation": [
      2.21753335,
      0.7250474,
      -0.6270144
    ]
  },
  {
    "timeStamp": 25792,
    "rotation": [
      [
        0.102891028,
        -0.9944082,
        0.02378609
      ],
      [
        0.000958551071,
        0.0240121186,
        0.9997112
      ],
      [
        -0.994692147,
        -0.102838516,
        0.00342382281
      ]
    ],
    "translation": [
      2.21748137,
      0.7230773,
      -0.626925647
    ]
  },
  {
    "timeStamp": 25848,
    "rotation": [
      [
        0.09367326,
        -0.9954672,
        0.016441619
      ],
      [
        0.003023532,
        0.0167985931,
        0.9998543
      ],
      [
        -0.9955984,
        -0.09360991,
        0.004583406
      ]
    ],
    "translation": [
      2.21744323,
      0.7219217,
      -0.6264074
    ]
  },
  {
    "timeStamp": 25892,
    "rotation": [
      [
        0.09361835,
        -0.9955381,
        0.0118068159
      ],
      [
        0.0120997857,
        0.0129957013,
        0.999842346
      ],
      [
        -0.9955346,
        -0.09346073,
        0.0132624349
      ]
    ],
    "translation": [
      2.217484,
      0.7219441,
      -0.6264147
    ]
  },
  {
    "timeStamp": 25948,
    "rotation": [
      [
        0.09679545,
        -0.995286465,
        0.0059631085
      ],
      [
        0.0123707363,
        0.00719383731,
        0.9998976
      ],
      [
        -0.995227456,
        -0.09671176,
        0.0130087566
      ]
    ],
    "translation": [
      2.217504,
      0.7218356,
      -0.6265712
    ]
  },
  {
    "timeStamp": 25992,
    "rotation": [
      [
        0.102387317,
        -0.9947428,
        -0.00189749245
      ],
      [
        0.0114170583,
        -0.000732256,
        0.999934554
      ],
      [
        -0.9946791,
        -0.102402277,
        0.0112820631
      ]
    ],
    "translation": [
      2.2174542,
      0.7216802,
      -0.6268843
    ]
  }
]